interpolatedSpi/06-09|23_2.tif
NCOLS 53
NROWS 52
XLLCORNER -116.03883
YLLCORNER 28.596182
DX 0.49850594
DY 0.49788537
NODATA_VALUE -9999
[rows 0 to 37 of 52, columns 0 to 52 of 53]
0.7 0.7 0.8534765 1.155 0.9775 0.935 0.9275 0.8775 -0.14343578 -0.165 0.2675 0.045 -0.37997077 -0.025 -0.06 -0.06 -0.06 -0.725 -0.21 -0.21 -0.21 -0.21000077 -0.29 -0.44 -0.44 -0.44 -0.97000593 -0.97 -0.97 -1.235 -1.235 -1.235 -1.235 -0.95750006 -0.9575 -0.9575 -0.9575 -0.9575 -0.9575 -0.95749996 0.45478836 0.46979361 -0.34 -0.34 -0.34 -0.34 -0.33959983 -0.095 -0.095 -0.095 0.33499911 0.335 0.335
0.69998023 0.255 0.94249929 0.85108158 1.0698127 0.4075 0.355 0.025366018 -0.425 -0.1275 0.0875 -0.38 -0.38 -0.57067438 -0.025006922 -0.06 -0.725 -0.725 -0.21067149 -0.21 -0.21 -0.21 -0.48474153 -0.44 -0.44 -0.44 0.067499965 0.0675 -1.235 -1.235 -1.235 -1.235 -1.235 -0.95750004 -0.9575 -0.9575 -0.9575 -0.9575 -0.95749998 -0.74997061 0.37487751 -0.25324117 -0.34 -0.34 -0.34 -0.34 -0.34 -0.095 -0.095 -0.095 -0.059343988 0.335 0.335
0.93999 0.94 0.325 0.4625 0.4175 1.075 0.52 0.81 -0.0825 -0.335 -0.2975 0.1125 -0.225 -1.0875 -0.5725 -1.0975 -0.725 -0.725 -0.725 -0.16001454 -0.16 -0.16 -1.29 -0.44 -0.44 -0.44 0.0675 0.0675 0.0675 -1.235 -1.235 -1.235 -1.177232 -0.95708892 -0.95496361 -0.68749705 -0.685 -0.685 -0.55167994 0.37499999 0.375 0.37408569 -0.34 -0.34 -0.34 -0.34 -0.34 -0.095 -0.095 -0.095 -0.094999999 0.335 0.335
0.9725 0.93999985 0.18483111 0.255 -0.605 -0.2075 0.0675 -0.3525 0.25 -0.38040756 -0.48 -0.9375 -0.605 -1.0875 -0.6675 -1.0975 -0.8072379 -0.80494395 -0.5025 -0.16 -0.16 -0.575 -1.29 -1.29 -0.44 -0.43999747 0.0675 0.0675 0.0675 -1.195 -1.1511058 -1.115 -1.115 -1.1149997 -0.685 -0.685 -0.685 -0.685 0.375 0.375 0.375 0.37499997 -0.34 -0.34 -0.34 -0.34 -0.34 -0.095003091 -0.095 -0.095 -0.095 0.33490985 0.335
0.9725 -0.10999946 0.185 -0.3433432 -0.605 -0.6675 -0.70499506 -0.865 -1.0675 -0.45250032 -0.76291644 -0.89740081 -0.205 -0.6675 -0.6675 -0.95061667 -0.805 -0.805 -0.5025 -0.5025 -0.16000082 -0.575 -0.4425 -0.0225 -0.25 -0.24997536 0.0675 0.0675 -1.195 -1.195 -1.115 -1.115 -1.115 -1.0287277 -0.685 -0.685 -0.685 0.375 0.375 0.375 0.375 0.37479729 -0.34000002 -0.34 -0.34 -0.34 -0.34 -0.3378192 -0.095 -0.095104477 -2.425 -2.425 -2.425
-0.9175 -0.3625 -0.35749999 -0.0775 -0.2 -1.1425 -1.3475 -1.2857262 -0.905 -1.2275 -1.625 -1.055 -1.0549994 -1.4675 -1.4675 -0.82987023 -0.83 -1.2375 -1.2375 -0.50250022 -0.5275 -0.5275 -0.0225 -0.25 -0.25 -0.145 -0.815 -0.815 -0.94752277 -1.195 -1.115 -1.115 -0.6575 -0.65749216 -0.58250531 -0.2675 -0.2675 0.17622796 0.375 0.375 -1.7223808 -1.725 -1.7249977 -0.95396704 -0.96493092 -0.96499983 -0.96499998 -0.96499978 -1.9673501 -2.425 -2.425 -2.425 -2.425
-0.049994325 -0.5425 0.060518464 -0.5625 -0.7325 -1.54 -1.09 -1.1875 -1.5225 -1.5225 -1.625 -1.8625 -1.5774999 -1.4675 -0.29250352 -0.2925 -0.83 -0.2375 -0.7575 -0.7575 -0.25534453 0.05 0.05 -0.2325 -0.145 -0.145 -0.815 -0.815 -0.94751311 -0.94774141 -0.69398071 -0.6575 -0.6575 -0.5825 -0.5825 -0.75086804 -0.2675 -0.2675 -0.78248215 -1.7249987 -1.725 -1.725 -1.7249872 -0.96500226 -0.965 -0.965 -0.965 -0.96500059 -1.955 -2.4249069 -2.425 -2.425 -2.425
-0.05 -0.6925 -0.46 -0.8525 -0.19003798 -1.365 -1.98 -1.75 -1.9475 -1.995 -1.995 -0.9725 -1.5775 -1.5775 -0.30131629 -0.71144821 -0.7525 -0.4375 -0.69250007 -0.7575 -0.69681133 -0.6325 -0.7 -0.465 -0.46500983 -1.2275 -0.95 -0.94999995 -1.1717116 -1.1725 -0.6925 -0.93660978 -0.665 -0.5825 -0.60175181 -1.155 -1.155 -0.7825 -0.7825 -1.725 -1.725 -1.725 -1.3674811 -1.37 -0.965 -0.965 -0.965 -1.9549623 -1.955 -1.955 -2.425 -2.425 -2.425
-0.70577511 -0.6925 -0.2925 -0.9225 -0.3625 -1.335 -0.8775 -0.82 -1.8325 -1.1945499 -0.2525 -1.05 -1.05 -0.635 -0.63500242 -0.16913044 -0.1675 -0.1675 -0.47642614 -1.1975 -1.39 -1.39 -1.0425 -0.83497362 -1.1506601 -1.2275 -0.79 -0.95 -1.1836344 -1.185 -1.0125 -1.0875 -0.80923057 -1.3125 -1.2575 -1.5975 -1.2875 -0.3725 -0.63987648 -1.7208822 -0.8025 -0.9175 -1.3699381 -1.37 -1.3677204 -0.965 -1.055 -1.955 -1.955 -1.955 -1.955 -2.3574547 -0.6425
-0.78 -0.78 -0.015 -0.095 -0.645 0.11 -0.8575 -1.77 -1.4175 -1.0325729 -1.5175 -0.46 -0.635 -0.635 -0.8925 -0.8825563 -0.1675 -0.1675169 -0.205 -1.1975 -1.1975 -1.2223004 -1.0425 -1.357494 -1.3575 -1.3575 -0.79 -0.71 -0.71 -1.185 -1.185 -1.0864521 -0.535 -1.3125 -1.1925 -1.5975 -1.2875 -1.42 -0.64 -0.70640607 -0.91749999 -0.94413211 -0.99 -1.37 -1.37 -1.055 -1.055 -1.055 -1.955 -1.955 -1.8825 -1.8825 -1.8824995
-0.78 -0.78 -0.305 -0.6725 -0.4975 0.07 -1.04 -0.43139178 0.02 0.04 -0.28 -0.2675 -0.45974399 -0.8925 -0.8925 -0.89246308 -0.5725 -0.55321188 -0.205 -0.5 -0.5 -0.435 -0.435 -1.3575 -1.3575 -1.3575 -0.71 -0.71 -0.71 -1.02 -1.02 -1.0199992 -1.3375 -1.3375 -2.135 -1.39 -1.4925 -0.89500736 -1.09 -0.7075 -0.7075 -0.99999997 -0.99 -1.37 -0.80000003 -0.695 -1.055 -1.055 -1.965 -1.965 -1.8825 -1.8825 -1.8825
-0.78 -0.57498316 -0.46182536 -0.1549971 -0.29 -0.22 -1.04 -0.43 0.019996242 0.039778424 -0.2674996 -0.2675 -0.29 -0.8925 -0.8925 -0.57250001 -0.5725 -0.57247908 -0.205 -0.5 -0.48723532 -0.435 -0.435 -1.3574623 -1.3575 -1.1364361 -0.685 -0.685 -0.685 -1.02 -1.02 -0.64 -0.64 -1.3375022 -2.135 -1.3975005 -1.5353946 -0.895 -0.895 -0.70750001 -1 -1 -0.99999855 -0.8 -0.8 -0.695 -1.055 -1.055 -1.965 -1.965 -1.8825 -1.8825 -1.8825
-0.18 0.0011556672 0.032474343 0.031139309 -0.28999975 -0.22000165 -1.04 -0.43750874 -0.011009602 0.020522252 -0.29 -0.29 -0.29 -0.29 -0.89241465 -0.5725 -0.5725 -0.56775499 -0.205 -0.49982311 0.105 0.105 0.105 0.105 -1.3321958 -0.685 -0.685 -0.685 -0.685 -0.68498728 -0.64 -0.64 -0.64 -0.64 -1.3975 -1.3975 -1.3975 -0.92023806 -0.89779768 -1.2675 -1.2675 -1.0000144 -1.1849868 -0.80003708 -0.8 -0.695 -1.055 -1.055 -1.965 -1.965 -1.8827993 -1.8825 -1.6418852
-0.18 0.0325 0.0325 0.0325 0.0325 0.032499893 -1.0379009 -0.75131227 -0.09374034 -0.28966554 -0.29 -0.29 -0.29 -0.29 -0.28999939 -0.5725 -0.57249994 -0.54729201 -0.20500412 0.105 0.105 0.105 0.105 0.105 0.12477625 -0.080455924 0.067499845 0.0675 0.0675 0.0675 -0.63999998 -0.64 -0.63999912 0.0875 0.0875 -1.3975 -0.48363978 -0.4575 -1.2674995 -1.2675 -1.2675 -1.2675 -1.185 -1.185 -1.185 -1.18159 -0.98538068 -0.985 -0.985 -0.985 -0.98500002 -1.4600001 -1.46
-0.31 0.0325 0.0325 0.0325 0.0325 0.0325 0.032499935 -0.36554395 0.55394697 0.5575 0.5575 0.5575 0.5575 0.5575 0.55749999 1.2039914 -0.54406089 -0.52217658 0.1049609 0.105 0.105 0.105 0.105 0.10500101 1.02 1.02 1.0199987 0.0675 0.0675 0.06933724 0.985 0.985 0.0875 0.0875 0.0875 -0.37019658 -0.4575 -0.4575 -0.4575 -1.2675 -1.2675 -1.2675 -1.185 -1.185 -1.185 -1.185 -0.98500001 -0.985 -0.985 -0.985 -0.985 -1.46 -1.46
-0.31 -0.18249114 0.0325 0.0325 0.0325 0.0325 0.95731845 0.9575 0.95749999 0.5575 0.5575 0.5575 0.5575 0.5575 0.70310062 1.2175 1.2175 1.2175 0.96985896 0.97249911 0.9725 0.9725 0.9725 0.9725 1.02 1.02 1.02 1.02 0.0675 0.985 0.985 0.985 0.087500081 0.0875 0.0875 0.34 -0.45644409 -0.4575 -0.4575 -1.2674308 -1.1298815 -0.80887484 -1.185 -1.185 -1.5912424 -1.5925 -1.5925 -0.98584434 -1.495709 -1.4975 -1.4974999 -1.4175065 -1.4599999
-0.31 0.53176855 0.29690905 0.0325 0.0325 0.95695347 0.9575 0.9575 0.9575 0.95461749 0.5575 0.5575 0.5575 0.55750008 1.2175 1.2175 1.2175 1.2175 0.97271885 0.9725 0.9725 0.9725 0.9725 0.9725 1.02 1.02 1.02 1.02 1.0198727 0.985 0.985 0.985 1.33 0.087555679 0.34 0.34 0.34 0.33961086 -0.78530745 -0.8075 -0.8075 -0.8075 -1.7275 -1.7275 -1.5925 -1.5925 -1.5925 -1.4975 -1.4975 -1.4975 -1.4975 -1.4175 -1.4175
0.5545211 0.555 0.555 0.55500001 1.0925 0.95750348 0.9575 0.9575 0.9575 0.9575 0.57794136 0.55750352 0.55750001 1.2175 1.2175 1.2175 1.2175 1.2175 1.2158115 0.9725 0.9725 0.9725 0.9725 0.9725 1.1365617 1.3649981 1.365 1.365 1.365 0.98500002 1.33 1.33 1.33 1.33 0.34 0.33999921 0.31 0.31 -0.79354635 -0.8075 -0.8075 -0.8075 -1.7275 -1.7275 -1.6134026 -1.5925 -1.5925 -1.4975 -1.4975 -1.4975 -1.4966422 -1.4175 -1.4175
0.555 0.555 0.555 0.80811677 1.0925 1.0925 0.9575 0.9575 0.9575 0.9575 0.8275 0.8275 0.8275 1.2175 1.2175 1.2175 1.2175 1.2175603 1.495 1.495 0.97250021 0.9725 0.97657792 1.14 1.1420256 1.365 1.365 1.365 1.365 1.3300036 1.33 1.33 1.33 1.33 0.31000011 0.31 0.31 0.31 0.30605483 -0.8075 -0.8075 -0.8075 -1.7275 -1.7275 -1.7275 -1.5925 -1.5925 -1.4975 -1.4975 -1.4975 -1.4175 -1.4175 -1.4175
0.555 0.555 0.555 1.0925 1.0925 1.0925 1.0924998 0.9575 0.9575 0.8276342 0.8275 0.8275 0.8275 0.82774299 1.5129392 1.5825 1.5825 1.5825 1.495 1.495 1.495 1.14 1.14 1.14 1.1398844 1.0306158 1.365 1.365 1.365 0.8814915 0.77755434 0.7775 0.7775 0.7775 0.2036942 0.052500585 0.0525 0.0525 0.0525 -1.1324555 -1.1325 -1.1325 -1.7275 -1.7275 -1.3275017 -1.3275 -1.3875 -1.3875 -1.1775 -1.1775 -1.1775 -1.4175 -1.0553241
0.55500057 0.555 0.55500002 1.0925 1.0925 1.0925 1.0925 0.57500011 0.95597062 0.82754534 0.8275 0.8275 0.8275 0.82898152 1.5825 1.5825 1.5825 1.5825 1.495 1.495 1.495 1.14 1.14 1.14 0.7275 0.7275 1 1 1 0.99878619 0.7775 0.7775 0.7775 0.7775 0.41519905 0.0525 0.0525 0.0525 0.0525 -1.1325 -1.1325 -1.1325 -1.1386354 -1.3275 -1.3275 -1.3275 -1.3875 -1.3875 -1.1775 -1.1775 -1.1775 -1.055 -1.055
0.74 0.65476353 0.7175 0.71760879 1.0925 0.57799424 0.575 0.575 0.63694437 0.8775 0.8775 0.8775 0.8775 1.6424751 1.6425 1.5825 1.5825 1.5801945 1.495 1.495 1.495 0.9 0.9 0.9 0.7275 0.7275 1 1 1 0.99999999 0.97999871 0.97999943 0.78258953 0.77771709 0.0058821939 0.005 0.005 0.005 0.005 -1.1325 -1.1325 -1.1325 -1.3167622 -1.3275 -1.3275 -1.3275 -1.3875 -1.3875 -1.3874924 -1.1775 -1.1775025 -1.2325 -1.055
0.64501804 0.64500001 0.7175 0.7175 0.7175 0.575 0.575 0.575 0.745 0.745 0.8775 0.8775 0.8775 1.6425 1.6425 1.6425 1.6425 1.6424834 1.495 1.495 1.495 0.9 0.9 0.9 0.7275 0.7275 1 1 1 0.9802255 0.98 0.98 0.98 0.98 0.0054811039 0.005 0.005 0.005 0.005 -0.42000019 -0.42 -0.42 -0.42 -1.3274994 -1.255 -1.255 -1.255 -1.32 -1.32 -1.32 -1.2325 -1.2325 -1.2325
0.645 0.645 0.7175 0.7175 0.7175 0.57574901 0.575 0.745 0.745 0.745 0.87748369 0.8775 0.94491279 1.6424998 1.6425 1.6425 1.6425 0.9275 0.9275 0.9275 1.25 1.2499997 0.9000017 0.9 0.90009533 1.1425 1.1425 1.1424997 1.000023 0.90001594 0.90000043 0.90001397 0.97986327 0.97993096 0.1785977 0.004999972 0.0047570362 -0.0675 -0.0675 -0.42 -0.42 -0.42 -0.42 -1.255 -1.255 -1.255 -1.255 -1.32 -1.32 -1.32 -1.2325 -1.2325 -1.2325
0.645 0.645 0.7175 0.7175 0.7175 0.7175 0.63862603 0.745 0.745 0.745 0.74511876 0.96 0.96 0.96 1.6384779 1.6425 0.93226458 0.9275 0.9275 0.9275 1.25 1.25 1.25 1.25 1.1425 1.1425 1.1425 1.1425 1.1425 0.9 0.9 0.9 0.9 0.89999838 0.13 -0.0675 -0.0675 -0.0675 -0.0675 -0.067502405 -0.7725 -0.7725 -0.7725 -0.8205007 -0.92 -0.92 -0.92 -1.32 -1.32 -1.3625 -1.3625 -0.75511616 -0.755
0.645 0.645 0.69133259 0.7175 0.7175 0.7175 0.63269963 0.74464546 0.745 0.745 0.95999988 0.96 0.96 0.96 0.96 1.0159375 0.9275 0.9275 0.9275 0.9275 1.2499975 1.25 1.25 1.25 1.1425 1.1425 1.1425 1.1425 1.1425 0.45293137 0.9 0.9 0.9 0.13 0.13 0.12984664 -0.0675 -0.0675 -0.32637812 -0.52749996 -0.7725 -0.7725 -0.7725 -0.81934735 -0.92 -0.92 -0.92 -0.8675 -1.3563323 -1.3625 -1.3625 -0.755 -0.755
0.87 0.87 0.87 0.75573594 0.71720135 0.6325 0.6325 0.6325 0.6325 0.4 0.4 0.95999996 0.96 0.96 0.96 0.9599979 0.9275 0.9275 0.9275 0.9275 1.1092715 1.25 1.25 1.2577857 1.5294658 1.1425 1.1425 1.1425 0.295 0.295 0.295 0.29500254 0.13 0.13 0.13 0.13 -0.5275 -0.5275 -0.5275 -0.5275 -0.615 -0.615 -0.615 -0.76749693 -0.7675 -0.7675 -0.76750005 -0.8675 -0.8675 -1.3618969 -1.3625 -0.75499894 -0.755
0.87 0.87 0.87 0.86998075 0.5125 0.52994997 0.6325 0.6325 0.6325 0.4 0.4 0.4 -0.14499995 -0.145 -0.145 -0.14499999 0.92460114 0.9275 0.9275 0.9275 0.93240649 1.5474992 1.5475 1.5475 1.5475 1.5475 0.6275 0.6275 0.295 0.295 0.295 0.295 0.1300001 0.13 0.13 0.13001181 -0.5275 -0.5275 -0.5275 -0.52680907 -0.615 -0.615 -0.615 -0.76749293 -0.7675 -0.7675 -0.7675 -0.8675 -0.8675 -0.86749996 -0.545 -0.545 -0.3175
0.87 0.87 0.87 0.51250082 0.5125 0.5125 0.63249995 0.6325 0.6325 0.4 0.4 0.4 -0.145 -0.145 -0.145 -0.18384137 -0.655 -0.655 -0.65499591 0.91856163 1.5475 1.5475 1.5475 1.5475 1.5475 1.5468077 0.6275 0.6275 0.6275 0.295 0.295 0.29516896 0.275 0.275 0.275 -0.084999998 -0.085000002 -0.37 -0.37 -0.37 -0.575 -0.61498745 -0.61499802 -0.35 -0.35 -0.36582278 -0.76749907 -0.8675 -0.8675 -0.545 -0.545 -0.545 -0.3175
0.87 0.87 0.87 0.5125 0.5125 0.5125 0.5125 0.6325 0.6325 0.4 0.4 -0.12320786 -0.145 -0.145 -0.145 -0.655 -0.655 -0.655 -0.655 -0.655 1.5475 1.5475 1.5475 1.5475 1.5475 0.62750314 0.6275 0.6275 0.6275 0.5575 0.5575 0.5575 0.275 0.275 0.275 -0.085 -0.085 -0.37 -0.37 -0.575 -0.575 -0.575 -0.35 -0.35 -0.35 -0.35 -0.3454819 -0.295 -0.295 -0.295 -0.545 -0.42 -0.42
0.87 0.87 0.86950217 0.5125 0.5125 0.5125 0.5125 0.35779809 0.35 0.35008584 0.39999997 -0.14501633 -0.145 -0.145 -0.14500176 -0.655 -0.655 -0.655 -0.655 -0.655 -0.87888495 1.5475 1.5475 1.5475 1.5473481 0.62751027 0.6275 0.6275 0.6275 0.5575 0.5575 0.5575 0.55745896 0.275 -0.085 -0.085 -0.085 -0.085011707 -0.37001398 -0.575 -0.575 -0.575 -0.35001366 -0.35 -0.35 -0.35 -0.29500173 -0.295 -0.295 -0.295 -0.42 -0.42 -0.42
1.03 1.0299997 0.51270629 0.5125 0.5125 0.5125 0.35003458 0.35 0.35 0.35 -0.33999998 -0.34 -0.34 -0.34 -0.65354612 -0.655 -0.655 -0.655 -0.655 -0.9824998 -0.9825 -0.9825 0.81000012 0.81 0.81 0.81 0.7942479 0.6275 0.5250042 0.525 0.525 0.525 0.525 -0.0575 -0.0575 -0.0575 -0.0575 -0.0575 -0.93 -0.93 -0.93 -0.93 -0.93 -0.46732288 -0.4675 -0.4675 -0.4675 -0.295 -0.295 -0.295 -0.41998031 -0.42 -0.42
1.03 1.03 1.0250601 0.44000015 0.44000002 0.43991232 0.35 0.35 0.35 0.35 -0.34 -0.34 -0.34 -0.34 -0.34 -0.655 -0.655 -0.655 -0.98249992 -0.9825 -0.9825 -0.9825 0.80999999 0.81 0.81 0.81 0.81 0.80996111 0.52521239 0.525 0.525 0.525 0.52508532 0.27413745 -0.057156603 -0.0575 -0.0575 -0.057499992 -0.93 -0.93 -0.93 -0.93 -0.93 -0.4675 -0.4675 -0.4675 -0.4675 -0.38683563 -0.295 -0.087342955 -0.085 -0.025 -0.025
1.03 1.03 0.44007473 0.44 0.44 0.44 0.41714038 0.35 0.35 0.35 -0.34 -0.34 -0.34 -0.34 -0.34 -0.65476421 -0.655 -0.98240398 -0.9825 -0.9825 -0.9825 -0.9825 0.14595676 0.81 0.81 0.81 0.81 0.81018789 1.075 1.075 1.075 1.075 1.075 0.5275 0.5275 0.5275 0.5275 0.5275 -0.535 -0.535 -0.535 -0.535 -0.535 -0.46629748 -0.46749975 -0.4675 -0.46741652 -0.45739975 -0.085 -0.085 -0.085 -0.025000336 -0.025
1.0299994 0.72849501 0.44000004 0.44 0.44 0.44 0.44 0.35003832 0.35 0.35 -0.34 -0.34 -0.34 -0.34 -1.0488968 -1.065 -1.065 -0.98250212 -0.9825 -0.9825 -0.9825 -0.9825 -0.98249983 0.81 0.81 0.81 0.81 1.6149995 1.6149998 1.5000749 1.075 1.075 1.075 0.5275 0.5275 0.5275 0.5275 0.52758127 -0.535 -0.535 -0.535 -0.535 -0.53494522 0.025 0.025 0.025 0.025 0.024991129 -0.085 -0.085 -0.085 -0.085 -0.084116354
0.7225 0.7225 0.57177168 0.44 0.44 0.44 0.44 0.44 0.35003613 -0.57749999 -0.5775 -0.5775 -0.57693636 -1.064999 -1.065 -1.065 -1.065 -1.065 -0.98249754 -0.96147264 -0.7775 -0.7775 -0.7775 -0.37703531 0.74677126 0.40844629 0.12387776 1.615 1.615 1.615 1.615 1.615 1.5907186 0.65372899 0.6475 0.6475 0.6475 0.6475 -0.40068448 0.17999872 0.18 0.18 0.18 0.059999897 0.025000009 0.025 0.025 0.3075 -0.084993713 -0.085 -0.085 -0.085 -0.085
0.7225 0.7225 0.057500005 0.0575 0.0575 0.43987259 0.44 0.44 -0.5775 -0.5775 -0.5775 -0.5775 -0.5775 -1.065 -1.065 -1.065 -1.065 -1.065 -0.7775 -0.7775 -0.7775 -0.7775 -0.7775 0.019999959 0.02 0.02 0.02 1.615 1.615 1.615 1.615 1.615 1.2025 1.2025 0.6475 0.6475 0.6475 0.42003874 0.42 0.18 0.18 0.18 0.17999998 0.06 0.06 0.06 0.3075 0.3075 0.3075 0.2475 0.2475 -0.085 -0.085
0.7225 0.7225 0.0575 0.0575 0.0575 0.0575 0.057495348 -0.79 -0.57770008 -0.5775 -0.5775 -0.5775 -0.5775 -1.0589189 -1.065 -1.065 -1.065 -1.065 -0.77750001 -0.7775 -0.7775 -0.7775 -0.7775 0.02 0.02 0.02 0.02 0.02000645 1.615 1.615 1.615 1.2025216 1.2025 1.2025 1.2025 0.6475 0.42 0.42 0.42 0.41368515 0.097806674 0.0825 0.0825 0.06 0.06 0.06 0.3075 0.3075 0.3075 0.2475 0.2475 0.2475 0.67580174
