interpolatedSpi/06-08|22_3.tif
NCOLS 53
NROWS 52
XLLCORNER -116.03883
YLLCORNER 28.596182
DX 0.49850594
DY 0.49788537
NODATA_VALUE -9999
[rows 0 to 29 of 52, columns 0 to 52 of 53]
0.20666667 0.20666667 -0.53846153 -0.87 -0.63333333 -0.32 -0.08 -0.39 -0.70354335 0.1 0.026666667 1.5233333 0.77000274 0.80333333 0.72666667 0.72666667 0.72666667 1.0766667 0.98666667 0.98666667 0.98666667 0.98666185 0.48666666 0.21666667 0.21666667 0.21666667 -0.34666495 -0.34666667 -0.34666667 -0.41666667 -0.41666667 -0.41666667 -0.41666667 0.50666648 0.50666667 0.50666667 0.50666667 0.50666667 0.50666667 0.50666668 0.82325743 0.8267702 1.2333333 1.2333333 1.2333333 1.2333333 1.2332571 1.1866667 1.1866667 1.1866667 0.71000099 0.71 0.71
0.20662979 -0.62333333 -0.30999913 -0.077978984 0.013397618 0.053333333 -0.34333333 0.79217228 0.42666667 0.66666667 0.88666667 0.77 0.77 1.2784106 0.80333841 0.72666667 1.0766667 1.0766667 0.98678401 0.98666667 0.98666667 0.98666667 0.21631575 0.21666667 0.21666667 0.21666667 -0.38666663 -0.38666667 -0.41666667 -0.41666667 -0.41666667 -0.41666667 -0.41666667 0.50666653 0.50666667 0.50666667 0.50666667 0.50666667 0.50666667 0.69230036 1.7165446 1.2919812 1.2333333 1.2333333 1.2333333 1.2333333 1.2333333 1.1866667 1.1866667 1.1866667 1.147141 0.71 0.71
0.5499785 0.55 0.44333333 0.79 0.56333333 0.13333333 0.33666667 0.95666667 0.26333333 1.0466667 0.57666667 0.74333333 0.13 1.01 1.28 1.01 1.0766667 1.0766667 1.0766667 0.39017345 0.39 0.39 0.21 0.21666667 0.21666667 0.21666667 -0.38666667 -0.38666667 -0.38666667 -0.41666667 -0.41666667 -0.41666662 0.067942734 0.50688321 0.50734924 0.57932801 0.58 0.58 0.72296271 1.7166667 1.7166667 1.7160486 1.2333333 1.2333333 1.2333333 1.2333333 1.2333333 1.1866667 1.1866667 1.1866667 1.1866667 0.71 0.71
0.44333333 0.55000018 1.4632894 2.1 0.8 1.14 1.37 0.86333333 0.87 1.0197894 1.1533333 0.98 0.86333333 1.01 -0.32666667 1.01 -0.93500414 -0.94858 -1.4133333 0.39 0.39 -0.54 0.21 0.21 0.21666667 0.21666365 -0.38666667 -0.38666667 -0.38666667 -0.20666667 0.23044659 0.59 0.59 0.59 0.58 0.58 0.58 0.58 1.7166667 1.7166667 1.7166667 1.7166666 1.2333333 1.2333333 1.2333333 1.2333333 1.2333333 1.1866673 1.1866667 1.1866667 1.1866667 0.71000631 0.71
0.44333333 2.009999 1.4633333 1.6021669 0.8 1.02 0.74671818 2.1466667 0.85666667 1.7899996 1.3261375 1.1031715 -0.026666667 -0.32666667 -0.32666667 0.53690041 -0.95 -0.95 -1.4133333 -1.4133333 0.38999809 -0.54 0.44333333 0.06 0.15 0.15027973 -0.38666667 -0.38666667 -0.20666667 -0.20666667 0.59 0.59 0.59 0.6264578 0.58 0.58 0.58 1.7166667 1.7166667 1.7166667 1.7166667 1.7165804 1.2333333 1.2333333 1.2333333 1.2333333 1.2333333 1.2329179 1.1866667 1.186654 0.90333333 0.90333333 0.90333333
-1.53 1.1433333 0.94999997 0.80666667 0.74333333 1.1866667 1.2133333 1.3328267 0.97333333 0.016666667 -1.14 0.06 0.059999943 0.41 0.41 -0.12011347 -0.12 -0.49666667 -0.49666667 -1.4133325 -1.0133333 -1.0133333 0.06 0.15 0.15 1.3466667 0.64 0.64 1.1965387 -0.20666667 0.59 0.59 0.78333333 0.78347718 2.1599013 1.82 1.82 1.7486352 1.7166667 1.7166667 0.82444751 0.82333334 0.82333611 0.58498414 0.57340628 0.57333351 0.57333336 0.57333359 0.93058148 0.90333333 0.90333333 0.90333333 0.90333333
-1.4499987 0.22666667 0.99028098 0.30333333 0.37333333 0.68333333 1.2333333 1.2533333 0.9 0.9 -1.14 -0.1 -0.87333313 0.41 -0.589997 -0.59 -0.12 -0.56333333 -0.48333333 -0.48333333 -0.87509563 -0.72 -0.72 1.05 1.3466667 1.3466667 0.64 0.64 1.1966412 1.1961982 1.3614729 0.78333333 0.78333333 2.16 2.16 1.8272619 1.82 1.82 2.0766578 0.82333508 0.82333333 0.82333333 0.82334888 0.57333688 0.57333333 0.57333333 0.57333333 0.57333354 0.92666667 0.90333796 0.90333333 0.90333333 0.90333333
-1.45 0.61333333 1.07 -0.033333333 0.0166638 0.29666667 0.77333333 1.04 0.13 0.70666667 0.70666667 -0.1 -0.87333333 -0.87333333 -0.59194393 -1.1728845 -1.23 -0.31666667 -0.60999987 -0.48333333 0.097206825 0.17333333 -0.69333333 0.49666666 0.49666189 0.12666667 0.57 0.57000002 0.76153014 0.76000001 1.3633333 0.90175626 1.3733333 2.16 2.1446936 1.8333333 1.8333333 2.0766667 2.0766667 0.82333333 0.82333333 0.82333336 1.2097782 1.21 0.57333333 0.57333333 0.57333333 0.92665322 0.92666667 0.92666667 0.90333333 0.90333333 0.90333333
0.40295445 0.61333333 0.67666667 0.0033333333 0.46333333 0.24666667 0.82333333 0.79333333 1.29 0.70787054 0.37666667 0.11 0.11 0.98333333 0.98332377 -1.3330453 -1.3333333 -1.3333333 -0.36144446 -0.55000004 -0.72333333 -0.72333332 0.38666667 -0.26772308 0.1639529 0.12666667 0.74333333 0.57 1.1400017 1.1433333 0.77 1.9966667 1.4376104 1.33 1.6233333 1.5766667 1.7933333 0.86333333 2.1860556 0.82846667 1.9733333 1.22 1.2100505 1.21 1.2064165 0.57333333 1.5566666 0.92666667 0.92666667 0.92666667 0.92666666 0.84024956 0.33
-0.77333333 -0.77333333 0.91333333 0.06 -0.026666667 0.46666667 0.18666667 0.32333333 0.50666667 0.5600107 1.0966667 1.2666667 0.98333333 0.98333333 -0.033333333 -0.051163421 -1.3333333 -1.3331264 -0.4 -0.55 -0.55 -0.57233116 0.38666667 1.1199861 1.12 1.12 0.74333333 1.4266667 1.4266667 1.1433333 1.1433333 1.9945614 0.88666667 1.33 1.2333333 1.5766667 1.7933333 2.0166667 2.1866667 0.25187365 1.22 1.3302018 1.52 1.21 1.21 1.5566667 1.5566667 1.5566667 0.92666667 0.92666667 0.39666667 0.39666667 0.39666664
-0.77333333 -0.77333333 -0.02 -0.21333333 -0.19666667 -0.18333333 -0.043333328 0.5437661 0.93 0.24666667 0.82666667 0.14 1.2651663 -0.033333333 -0.033333333 -0.033403703 -0.64333333 -0.63056206 -0.4 -0.52333333 -0.52333333 -0.76333333 -0.76333333 1.12 1.12 1.12 1.4266667 1.4266667 1.4266667 -0.16 -0.16 -0.15999827 0.88333333 0.88333333 0.7 0.36 1.3933333 0.81667007 1.2233333 0.22 0.22 0.25000417 1.52 1.21 1.1366664 0.79666667 0.9924405 0.99 0.70666667 0.70666667 0.39666667 0.39666667 0.39666667
-0.77333333 -0.44806477 -0.10250223 -0.2433234 0.60333333 -0.23666667 -0.043333333 0.54333333 0.92999677 0.25423717 0.14000014 0.14 -0.25 -0.033333334 -0.033333333 -0.64333331 -0.64333333 -0.64331948 -0.4 -0.52333333 -0.57046445 -0.76333333 -0.76333333 1.1199249 1.12 0.9205768 0.51333333 0.51333333 0.51333345 -0.16 -0.16 -0.056666667 -0.056666667 0.88333283 0.7 0.93666663 1.3650038 0.81666667 0.81666667 0.22 0.25 0.25 0.25000661 1.1366667 1.1366667 0.79666667 0.99 0.99 0.70666667 0.70666667 0.39666667 0.39666667 0.39666667
1.1966667 0.55536736 0.60663634 0.60051885 0.60332892 -0.23664683 -0.043333339 0.53611182 0.90335471 0.91215635 -0.25 -0.25 -0.25 -0.25 -0.033364026 -0.64333333 -0.64333333 -0.64019151 -0.4 -0.52316767 0.046666667 0.046666667 0.046666667 0.046666667 1.1013335 0.51333333 0.51333333 0.51333333 0.51333333 0.5128244 -0.056666667 -0.056666667 -0.056666667 -0.056666667 0.93666667 0.93666667 0.93666667 0.82291933 0.81208524 0.20666667 0.20666667 0.24999767 0.43669063 1.1365992 1.1366667 0.79666667 0.99 0.99 0.70666667 0.70666667 0.39779131 0.39666667 0.14234676
1.1966667 0.60666667 0.60666667 0.60666667 0.60666667 0.60666632 -0.043828134 0.23430568 0.83226745 -0.24874626 -0.25 -0.25 -0.25 -0.25 -0.24999991 -0.64333332 -0.64333329 -0.62664233 -0.40000194 0.046666667 0.046666667 0.046666667 0.046666667 0.046666667 0.055387191 0.26070911 0.09333342 0.093333333 0.093333333 0.093333333 -0.056666668 -0.056666667 -0.056666454 0.12 0.12 0.93666667 0.41492378 0.4 0.20666678 0.20666667 0.20666667 0.20666667 0.43666667 0.43666667 0.43666667 0.43917194 0.80119605 0.8 0.8 0.8 0.8 0.83666658 0.83666667
1.4833333 0.60666667 0.60666667 0.60666667 0.60666667 0.60666667 0.60666662 0.091225095 -0.1316431 -0.13666667 -0.13666667 -0.13666667 -0.13666667 -0.13666667 -0.13666667 0.50990007 -0.62479726 -0.61001259 0.046610425 0.046666667 0.046666667 0.046666667 0.046666667 0.04666702 0.45 0.45 0.4499995 0.093333333 0.093333333 0.092846073 -0.15 -0.15 0.12 0.12 0.12 0.35514695 0.4 0.4 0.4 0.20666667 0.20666667 0.20666667 0.43666667 0.43666667 0.43666667 0.43666667 0.79999998 0.8 0.8 0.8 0.8 0.83666667 0.83666667
1.4833333 1.1569603 0.60666667 0.60666667 0.60666667 0.60666667 0.080103367 0.08 0.079999995 -0.13666667 -0.13666667 -0.13666667 -0.13666667 -0.13666667 0.0089339509 0.52333333 0.52333333 0.52333333 0.34907666 0.34999969 0.35 0.35 0.35 0.35 0.45 0.45 0.45 0.45 0.093333333 -0.15 -0.15 -0.15 0.11999998 0.12 0.12 0.17666667 0.3997043 0.4 0.4 0.20660634 0.086001149 -0.19546119 0.43666667 0.43666667 -0.254527 -0.25666667 -0.25666667 0.7972972 -0.83759063 -0.84333319 -0.84333302 -0.54979018 0.83666385
1.4833333 0.80537724 0.69775495 0.60666667 0.60666667 0.08031118 0.08 0.08 0.08 0.078438638 -0.13666667 -0.13666667 -0.13666667 -0.13666659 0.52333333 0.52333333 0.52333333 0.52333333 0.35015484 0.35 0.35 0.35 0.35 0.35 0.45 0.45 0.45 0.45 0.44781759 -0.15 -0.15 -0.15 0.28999999 0.12000987 0.17666667 0.17666667 0.17666667 0.17441149 -0.15888894 -0.19666667 -0.19666667 -0.19666667 -0.56333333 -0.56333333 -0.25666667 -0.25666667 -0.25666667 -0.84333333 -0.84333333 -0.84333333 -0.84333333 -0.55 -0.55
0.78712073 0.78666667 0.78666667 0.78666666 -0.093333333 0.079995529 0.08 0.08 0.08 0.08 -0.010233914 -0.13664491 -0.13666662 0.52333333 0.52333333 0.52333333 0.52333333 0.52333333 0.46808013 0.35 0.35 0.35 0.35 0.35 0.12794577 -0.30666257 -0.30666667 -0.30666667 -0.30666667 -0.14999998 0.28999999 0.29 0.29 0.29 0.17666667 0.17666122 -0.03 -0.03 -0.19458559 -0.19666667 -0.19666667 -0.19666667 -0.56333333 -0.56333333 -0.30414923 -0.25666667 -0.25666667 -0.84333333 -0.84333333 -0.84333333 -0.84018804 -0.55 -0.55
0.78666667 0.78666667 0.78666667 0.37226154 -0.093333333 -0.093333333 0.08 0.08 0.08 0.08 1.5333333 1.5333333 1.5333333 0.52333333 0.52333333 0.52333333 0.52333333 0.52322316 -0.13666667 -0.13666667 0.3499998 0.35 0.34034284 -0.046666666 -0.049007334 -0.30666667 -0.30666667 -0.30666667 -0.30666667 0.28993924 0.29 0.29 0.29 0.29 -0.029999273 -0.03 -0.03 -0.03 -0.030586376 -0.19666667 -0.19666667 -0.19666667 -0.56333333 -0.56333333 -0.56333333 -0.25666667 -0.25666667 -0.84333331 -0.84333333 -0.84333333 -0.55 -0.55 -0.55
0.78666667 0.78666667 0.78666667 -0.093333333 -0.093333333 -0.093333333 -0.093333068 0.08 0.08 1.5318331 1.5333333 1.5333333 1.5333333 1.532704 -0.016281608 -0.14333333 -0.14333333 -0.14333333 -0.13666667 -0.13666667 -0.13666667 -0.046666667 -0.046666667 -0.046666667 -0.046731096 -0.29093094 -0.30666667 -0.30666667 -0.30666667 0.13527783 0.11668371 0.11666667 0.11666667 0.11666667 -0.031190924 -0.033333326 -0.033333333 -0.033333333 -0.033333333 -0.84991061 -0.85 -0.85 -0.56333333 -0.56333333 -0.68333283 -0.68333304 0.14666667 0.14666667 -0.24333333 -0.24333333 -0.24333333 -0.55 0.076106351
0.78666585 0.78666667 0.78666663 -0.093333333 -0.093333333 -0.093333333 -0.093333336 -0.35333321 0.078267364 1.5321062 1.5333333 1.5333333 1.5333333 1.5300432 -0.14333333 -0.14333333 -0.14333333 -0.14333333 -0.13666667 -0.13666667 -0.13666667 -0.046666667 -0.046666667 -0.046666667 -0.27666667 -0.27666667 -0.24 -0.24 -0.24 -0.23805427 0.11666667 0.11666667 0.11666667 0.11666667 0.041707711 -0.033333333 -0.033333333 -0.033333333 -0.033333333 -0.85 -0.85 -0.85 -0.84475603 -0.68333333 -0.68333333 -0.68333333 0.14666667 0.14666667 -0.24333333 -0.24333333 -0.24333333 0.076666656 0.076666667
0.52333333 0.6212572 0.073333333 0.07328498 -0.093333333 -0.35182898 -0.35333333 -0.35333333 -0.3083933 0.17999999 0.18 0.18 0.18 -0.23331988 -0.23333333 -0.1433334 -0.14333333 -0.14315768 -0.13666667 -0.13666667 -0.13666667 -0.49333333 -0.49333333 -0.49333333 -0.27666667 -0.27666667 -0.24 -0.24 -0.24 -0.24000012 -0.40999665 -0.40999852 0.10342969 0.11610204 -0.89217718 -0.89333333 -0.89333333 -0.89333333 -0.89333333 -0.85 -0.85 -0.85 -0.69251061 -0.68333333 -0.68333333 -0.68333329 0.14666667 0.14666667 0.14665263 -0.24333333 -0.24332618 -0.083333333 0.076666667
-0.25985124 -0.25999994 0.073333333 0.073333333 0.073333333 -0.35333333 -0.35333333 -0.35333333 -0.23 -0.23 0.18 0.18 0.18 -0.23333333 -0.23333333 -0.23333333 -0.23333333 -0.23332226 -0.13666667 -0.13666667 -0.13666668 -0.49333333 -0.49333333 -0.49333333 -0.27666667 -0.27666667 -0.24 -0.24 -0.24 -0.40808324 -0.41 -0.41 -0.41 -0.41 -0.89309484 -0.89333333 -0.89333333 -0.89333333 -0.89333333 -0.98666663 -0.98666667 -0.98666667 -0.98666667 -0.68333129 -0.41666667 -0.41666667 -0.41666667 0.04 0.04 0.04 -0.083333333 -0.083333333 -0.083333333
-0.26 -0.26 0.073333333 0.073333333 0.073333333 -0.3510907 -0.35333333 -0.23 -0.23 -0.23 0.17994953 0.18 -0.15774489 -0.23333333 -0.23333333 -0.23333333 -0.23333333 -0.41666667 -0.41666667 -0.41666667 -1.24 -1.2399994 -0.49333697 -0.49333333 -0.4936124 -1.0666667 -1.0666667 -1.0666647 -0.2401336 -1.1365219 -1.1366628 -1.1365398 -0.41124195 -0.41062711 -0.80772128 -0.89333357 -0.89536641 -1.5 -1.5 -0.98666667 -0.98666667 -0.98666667 -0.98666667 -0.41666667 -0.41666667 -0.41666667 -0.41666667 0.04 0.04 0.04 -0.083333333 -0.083333333 -0.083333333
-0.26 -0.26 0.073333333 0.073333333 0.073333333 0.073333332 -0.30717327 -0.23 -0.23 -0.23 -0.23000184 -0.23333333 -0.23333333 -0.23333333 -0.23333333 -0.23333333 -0.41544498 -0.41666667 -0.41666667 -0.41666667 -1.24 -1.24 -1.24 -1.24 -1.0666667 -1.0666667 -1.0666667 -1.0666667 -1.0666667 -1.1366667 -1.1366667 -1.1366667 -1.1366667 -1.1366661 -0.85333333 -1.5 -1.5 -1.5 -1.5 -1.4999975 -0.8 -0.8 -0.8 -0.69044364 -0.46333333 -0.46333333 -0.46333333 0.039999986 0.039999732 -0.23666667 -0.23666667 -0.0066853178 -0.0066666667
-0.26 -0.26 -0.046976593 0.073333333 0.073333333 0.073333323 -0.38971608 -0.23050423 -0.23 -0.23 -0.23333329 -0.23333333 -0.23333333 -0.23333333 -0.23333333 -0.23336061 -0.41666667 -0.41666667 -0.41666667 -0.41666667 -1.2399936 -1.24 -1.24 -1.24 -1.0666667 -1.0666667 -1.0666667 -1.0666667 -1.0666667 -1.3657432 -1.1366667 -1.1366667 -1.1366667 -0.85333333 -0.85333333 -0.85383549 -1.5 -1.5 -1.1266903 -0.83666672 -0.8 -0.8 -0.8 -0.69417358 -0.46333333 -0.46333333 -0.46333333 -1.35 -0.25053869 -0.23666667 -0.23666667 -0.0066666667 -0.0066666667
-0.76666667 -0.76666667 -0.76666667 -0.13727776 0.07238687 -0.39 -0.39 -0.39 -0.39 -0.033333336 -0.033333333 -0.23333332 -0.23333333 -0.23333333 -0.23333333 -0.23334497 -0.41666667 -0.41666667 -0.41666667 -0.41666667 -0.88072404 -1.24 -1.24 -1.2251701 -0.69084803 -1.0666667 -1.0666667 -1.0666667 -1.4466667 -1.4466667 -1.4466667 -1.4466654 -0.85333333 -0.85333333 -0.85333333 -0.85333333 -0.83666667 -0.83666667 -0.83666667 -0.83666667 -0.93666667 -0.93666667 -0.93666667 -1.1233296 -1.1233333 -1.1233333 -1.1233331 -1.35 -1.35 -0.2380232 -0.23666667 -0.0066687339 -0.0066666667
-0.76666667 -0.76666667 -0.76666667 -0.76665626 -0.57333333 -0.54667365 -0.39 -0.39 -0.39 -0.033333333 -0.033333333 -0.033333333 -0.56333332 -0.56333333 -0.56333333 -0.56333331 -0.41550651 -0.41666667 -0.41666667 -0.41666667 -0.42912039 -0.67333489 -0.67333333 -0.67333333 -0.67333333 -0.67333334 -0.93666667 -0.93666667 -1.4466667 -1.4466667 -1.4466667 -1.4466667 -0.85333336 -0.85333333 -0.85333333 -0.85333632 -0.83666665 -0.83666667 -0.83666667 -0.8343124 -0.93666667 -0.93666667 -0.93666667 -1.1233247 -1.1233333 -1.1233333 -1.1233333 -1.35 -1.35 -1.3499999 -0.41666667 -0.41666667 -0.61666667
-0.76666667 -0.76666667 -0.76666667 -0.57333378 -0.57333333 -0.57333333 -0.39000007 -0.39 -0.39 -0.033333333 -0.033333333 -0.033333333 -0.56333333 -0.56333333 -0.56333333 -0.50392888 0.21666667 0.21666667 0.21666503 -0.41308944 -0.67333333 -0.67333333 -0.67333333 -0.67333333 -0.67333333 -0.67353151 -0.93666667 -0.93666667 -0.93666667 -1.4466667 -1.4466667 -1.4464714 -0.89 -0.89 -0.89 -0.27333334 -0.27333333 -0.3 -0.3 -0.3 0.066666667 -0.93635195 -0.93666226 -0.34666667 -0.34666667 -0.37610145 -1.1233317 -1.35 -1.35 -0.41666667 -0.41666667 -0.41666667 -0.61666667
-0.76666667 -0.76666667 -0.76666667 -0.57333333 -0.57333333 -0.57333333 -0.57333333 -0.39 -0.39 -0.033333333 -0.033333333 -0.54214098 -0.56333333 -0.56333333 -0.56333333 0.21666667 0.21666667 0.21666667 0.21666667 0.21666667 -0.67333333 -0.67333333 -0.67333333 -0.67333333 -0.67333333 -0.93666577 -0.93666667 -0.93666667 -0.93666667 -1.1433333 -1.1433333 -1.1433333 -0.89 -0.89 -0.89 -0.27333333 -0.27333333 -0.3 -0.3 0.066666667 0.066666667 0.066666667 -0.34666667 -0.34666667 -0.34666667 -0.34666667 -0.3179151 0.0033333333 0.0033333333 0.0033333333 -0.41666665 0.32333333 0.32333333
