interpolatedSpi/06-06|21_1.tif
NCOLS 53
NROWS 52
XLLCORNER -116.03883
YLLCORNER 28.596182
DX 0.49850594
DY 0.49788537
NODATA_VALUE -9999
-0.285 -0.285 -0.4256624 -0.24 -0.22 -0.67 -0.625 -0.39 0.081459778 0.245 -0.005 0.5 0.23500288 0.27 -0.415 -0.415 -0.415 0.68 0.16 0.16 0.16 0.16000173 0.33999999 -0.485 -0.485 -0.485 0.84999533 0.85 0.85 0.03 0.03 0.03 0.03 0.35499993 0.355 0.355 0.355 0.355 0.355 0.35499999 0.028515135 0.024792471 -0.79 -0.79 -0.79 -0.79 -0.78905266 -0.21 -0.21 -0.21 0.59999832 0.6 0.6 
-0.285004 -0.375 -0.52499965 -0.43678925 -0.65987051 0.115 -0.11 0.29965073 0.13 -0.025 0.33 0.235 0.235 0.52414971 0.26999703 -0.415 0.68 0.68 0.16067801 0.16 0.16 0.16 -0.48552637 -0.485 -0.485 -0.485 -0.15500002 -0.155 0.03 0.03 0.03 0.03 0.03 0.35499995 0.355 0.355 0.355 0.355 0.35499987 0.034691402 -1.5599088 -0.88343316 -0.79 -0.79 -0.79 -0.79 -0.79 -0.21 -0.21 -0.21 -0.14283402 0.6 0.6 
-0.78998121 -0.79 -0.22 -0.61 -0.355 0.015 0.185 0.53 0.155 0.305 0.44 0.395 0.6 -0.045 0.525 -0.04 0.68 0.68 0.68 0.005045059 0.005 0.005 -0.495 -0.485 -0.485 -0.485 -0.155 -0.155 -0.155 0.03 0.03 0.029999995 -0.022954007 0.3511159 0.3386647 -1.3839181 -1.4 -1.4 -1.4201238 -1.56 -1.56 -1.5590154 -0.79 -0.79 -0.79 -0.79 -0.79 -0.21 -0.21 -0.21 -0.21 0.6 0.6 
0.21 -0.78999992 -0.37499464 -0.035 0.035 -0.235 0.335 0.45 0.42 0.33915979 0.125 0.36 0.29 -0.045 0.07 -0.04 -0.52625103 -0.5291522 -0.465 0.005 0.005 -0.505 -0.495 -0.495 -0.485 -0.48499835 -0.155 -0.155 -0.155 -0.22 -0.14318512 -0.08 -0.08 -0.080001037 -1.4 -1.4 -1.4 -1.4 -1.56 -1.56 -1.56 -1.56 -0.79 -0.79 -0.79 -0.79 -0.79 -0.21000732 -0.21 -0.21 -0.21 0.59996734 0.6 
0.21 1.0499974 -0.375 -0.46523217 0.035 -0.055 -0.024994771 0.52 0.115 0.31499982 0.21139086 0.16491764 -0.41 0.07 0.07 -0.011299353 -0.53 -0.53 -0.465 -0.465 0.0049989669 -0.505 -0.415 -0.41 -0.41 -0.40992744 -0.155 -0.155 -0.22 -0.22 -0.08 -0.08 -0.08 -0.1450577 -1.4 -1.4 -1.4 -1.56 -1.56 -1.56 -1.56 -1.5599546 -0.79 -0.79 -0.79 -0.79 -0.79 -0.78483728 -0.21 -0.21000852 -0.4 -0.4 -0.4 
-0.825 0.36 -0.31 -0.38 -0.875 -0.305 -0.015 0.053495322 -0.02 0.315 -0.04 -0.045 -0.045000241 -0.54 -0.54 -0.9299167 -0.93 -0.84 -0.84 -0.4649997 -0.65 -0.65 -0.41 -0.41 -0.41 -0.1 0.115 0.115 -1.9876767e-05 -0.22 -0.08 -0.08 -0.425 -0.42497283 -0.16501894 -1.325 -1.325 -1.4872974 -1.56 -1.56 -1.0905862 -1.09 -1.0899988 -1.3499379 -1.359937 -1.3599998 -1.36 -1.3599998 -0.76828667 -0.4 -0.4 -0.4 -0.4 
-0.12999161 -0.23 -0.050391165 -0.645 -1.245 -1.015 -1.015 -0.315 -0.08 -0.08 -0.04 -0.56 -0.52000002 -0.54 -0.58499987 -0.585 -0.93 -0.82 -0.12 -0.12 -0.68298854 -0.72 -0.72 0.039999994 -0.1 -0.1 0.115 0.115 4.3707767e-06 8.0468905e-05 0.00023116787 -0.425 -0.425 -0.165 -0.165 -1.2269648 -1.325 -1.325 -1.2150038 -1.0900002 -1.09 -1.09 -1.0899934 -1.3599977 -1.36 -1.36 -1.36 -1.3599997 -0.85 -0.40008918 -0.4 -0.4 -0.4 
-0.13 0.09 0.11 -0.905 -1.1749845 -0.645 -0.545 -0.79499999 -0.755 -0.46 -0.46 -0.605 -0.52 -0.52 -0.58455404 -0.70339841 -0.715 -0.345 -0.7049994 -0.12 0.45245302 0.455 0.51 0.165 0.16500361 0.445 0.11 0.11 0.07473719 0.074999998 -2.2862534e-141 -0.89142976 -1.165 -0.165 -0.16785212 -1.145 -1.145 -1.215 -1.215 -1.09 -1.09 -1.09 -0.94034259 -0.94000002 -1.36 -1.36 -1.36 -0.85001941 -0.85 -0.85 -0.4 -0.4 -0.4 
-0.013925145 0.089999996 0.14 -0.36 -0.665 -0.86 -0.69 -0.995 -0.865 -0.78126905 -0.35 -0.085000002 -0.085 -0.585 -0.58500531 -0.61029264 -0.61 -0.61 -0.39995455 -0.40999983 0.425 0.425 0.42 0.47453248 0.41678339 0.445 0.055 0.11 -0.32247221 -0.325 -0.815 0.01 -0.060515882 -0.245 -0.265 -0.125 -0.675 -0.89 -0.98495613 -1.0877904 -0.595 -0.98 -0.93994384 -0.94 -0.94236399 -1.36 -0.48500005 -0.85 -0.85 -0.85 -0.85 -0.50334117 -0.29 
-0.595 -0.595 0.285 -0.035 -0.345 -0.875 -1.06 -1.03 -1.25 -0.76008027 -0.665 0.1 -0.585 -0.585 -1.15 -1.1425937 -0.61 -0.61000125 -0.595 -0.41 -0.41 -0.30242396 0.42 0.30500218 0.305 0.305 0.055 0.78 0.78 -0.325 -0.325 0.0097344739 -0.13 -0.245 0.43 -0.125 -0.675 -0.56 -0.985 -0.70953797 -0.97999998 -0.83857433 -0.595 -0.94 -0.94 -0.485 -0.485 -0.485 -0.85 -0.85 -1.23 -1.23 -1.2299996 
-0.595 -0.595 -0.14 -0.85 -0.86 -0.505 -1.13 -1.509543 -1.235 -0.985 -0.6 -0.75 0.098867385 -1.15 -1.15 -1.1499596 -0.8 -0.78924064 -0.595 -0.795 -0.795 -0.045 -0.045 0.305 0.305 0.305 0.78 0.78 0.78 -0.045 -0.045 -0.04500014 -0.18 -0.18 -0.185 -0.865 -0.705 -1.6799832 -1.195 -0.705 -0.705 -0.53000021 -0.595 -0.94 -1.4799999 -1.42 -0.56963392 -0.57 -1.195 -1.195 -1.23 -1.23 -1.23 
-0.595 -0.39872588 -0.44298232 -0.82999126 -0.225 -0.75 -1.13 -1.51 -1.2350023 -0.9877697 -0.75000031 -0.75 -0.695 -1.15 -1.15 -0.80000001 -0.8 -0.79998833 -0.595 -0.795 -0.64771526 -0.045 -0.045 0.30498534 0.305 0.25076127 0.14 0.14 0.14000008 -0.045 -0.045 -0.72 -0.72 -0.18000001 -0.185 -0.54500022 -0.54384425 -1.68 -1.68 -0.70499999 -0.53 -0.53 -0.53000688 -1.48 -1.48 -1.42 -0.57 -0.57 -1.195 -1.195 -1.23 -1.23 -1.23 
-1.545 -0.43541546 -0.45001406 -0.45274472 -0.22500282 -0.7499876 -1.13 -1.5053224 -1.2539503 -1.2284718 -0.695 -0.695 -0.695 -0.695 -1.1499355 -0.8 -0.8 -0.79735312 -0.595 -0.79495531 -0.645 -0.645 -0.645 -0.645 0.28879309 0.14 0.14 0.14 0.14 0.13979113 -0.72 -0.72 -0.72 -0.72 -0.545 -0.545 -0.545 -1.622964 -1.6779346 -1.405 -1.405 -0.53004706 -1.8699866 -1.4800376 -1.48 -1.42 -0.57 -0.57 -1.195 -1.195 -1.229873 -1.23 0.20351784 
-1.545 -0.45 -0.45 -0.45 -0.45 -0.45000012 -1.1290272 -1.3097662 -1.3045079 -0.69557537 -0.695 -0.695 -0.695 -0.695 -0.69500019 -0.80000001 -0.79999997 -0.7859384 -0.59500302 -0.645 -0.645 -0.645 -0.645 -0.645 -0.64024125 -0.12822279 -0.22499992 -0.225 -0.225 -0.225 -0.71999999 -0.72 -0.71999954 -0.34 -0.34 -0.545 -0.72485547 -0.73 -1.4049996 -1.405 -1.405 -1.405 -1.87 -1.87 -1.87 -1.8668684 -1.3550365 -1.36 -1.36 -1.36 -1.36 -0.23500021 -0.235 
-2.015 -0.45 -0.45 -0.45 -0.45 -0.45 -0.45000004 -1.1545582 -0.94708227 -0.945 -0.945 -0.945 -0.945 -0.945 -0.945 -2.0814798 -0.82069148 -0.77192889 -0.64499378 -0.645 -0.645 -0.645 -0.645 -0.64500061 -0.425 -0.425 -0.42499972 -0.225 -0.225 -0.22522027 -0.335 -0.335 -0.34 -0.34 -0.34 -0.66752629 -0.73 -0.73 -0.73 -1.405 -1.405 -1.405 -1.87 -1.87 -1.87 -1.87 -1.36 -1.36 -1.36 -1.36 -1.36 -0.235 -0.235 
-2.015 -1.4323683 -0.45 -0.45 -0.45 -0.45 -0.99489304 -0.995 -0.995 -0.945 -0.945 -0.945 -0.945 -0.945 -1.2009041 -2.105 -2.105 -2.105 -1.1684029 -1.1699995 -1.17 -1.17 -1.17 -1.17 -0.425 -0.425 -0.425 -0.425 -0.225 -0.335 -0.335 -0.335 -0.34 -0.34 -0.34 -0.84 -0.73014564 -0.73 -0.73 -1.4050199 -1.445388 -1.5395965 -1.87 -1.87 -1.5160956 -1.515 -1.515 -1.3594181 -1.0062406 -1.005 -1.0050001 -0.10002066 -0.23499973 
-2.015 -1.489503 -0.96869719 -0.45 -0.45 -0.99467799 -0.995 -0.995 -0.995 -0.99463969 -0.945 -0.945 -0.945 -0.94500014 -2.105 -2.105 -2.105 -2.105 -1.1708352 -1.17 -1.17 -1.17 -1.17 -1.17 -0.42500002 -0.425 -0.425 -0.425 -0.42467264 -0.335 -0.335 -0.335 -0.89499999 -0.34006426 -0.84 -0.84 -0.84 -0.8459278 -1.4887173 -1.54 -1.54 -1.54 -1.935 -1.935 -1.515 -1.515 -1.515 -1.005 -1.005 -1.005 -1.005 -0.1 -0.1 
-1.475376 -1.475 -1.475 -1.475 -1.175 -0.99500464 -0.995 -0.995 -0.995 -0.995 -0.97225497 -0.94500469 -0.94500001 -2.105 -2.105 -2.105 -2.105 -2.105 -1.9764636 -1.17 -1.17 -1.17 -1.17 -1.17 -0.76487618 -0.67999862 -0.68 -0.68 -0.68 -0.33500003 -0.89499999 -0.895 -0.895 -0.895 -0.84 -0.84001422 -1.38 -1.38 -1.5380022 -1.54 -1.54 -1.54 -1.935 -1.935 -1.5800305 -1.515 -1.515 -1.005 -1.005 -1.005 -0.99529605 -0.1 -0.1 
-1.475 -1.475 -1.475 -1.3337255 -1.175 -1.175 -0.995 -0.995 -0.995 -0.995 -1.305 -1.305 -1.305 -2.105 -2.105 -2.105 -2.105 -2.1048067 -1.23 -1.23 -1.17 -1.17 -1.1714607 -1.23 -1.2250486 -0.68 -0.68 -0.68 -0.68 -0.89497811 -0.895 -0.895 -0.895 -0.895 -1.3799981 -1.38 -1.38 -1.38 -1.3805754 -1.54 -1.54 -1.54 -1.935 -1.935 -1.935 -1.515 -1.515 -1.005 -1.005 -1.005 -0.1 -0.1 -0.1 
-1.475 -1.475 -1.475 -1.175 -1.175 -1.175 -1.1749997 -0.995 -0.995 -1.30468 -1.305 -1.305 -1.305 -1.3054984 -1.1579758 -0.935 -0.935 -0.935 -1.23 -1.23 -1.23 -1.23 -1.23 -1.23 -1.2297563 -0.51215222 -0.68 -0.68 -0.68 -1.2600263 -1.3499552 -1.35 -1.35 -1.35 -1.4713109 -1.5999995 -1.6 -1.6 -1.6 -1.4800082 -1.48 -1.48 -1.935 -1.935 -0.96500405 -0.96499974 -0.24 -0.24 -0.04 -0.04 -0.04 -0.1 0.37457529 
-1.4749964 -1.475 -1.475 -1.175 -1.175 -1.175 -1.175 -1.1949999 -0.99579968 -1.30466 -1.305 -1.305 -1.305 -1.304274 -0.935 -0.935 -0.935 -0.93500008 -1.23 -1.23 -1.23 -1.23 -1.23 -1.23 -0.36 -0.36 -0.66 -0.66 -0.66 -0.66376417 -1.35 -1.35 -1.35 -1.35 -1.4749314 -1.6 -1.6 -1.6 -1.6 -1.48 -1.48 -1.48 -1.4637961 -0.965 -0.965 -0.965 -0.24 -0.24 -0.04 -0.04 -0.04 0.37499999 0.375 
-0.3 -0.87414349 -2.07 -2.0697403 -1.175 -1.1948843 -1.195 -1.195 -1.2751633 -0.93000001 -0.93 -0.93 -0.93 -0.29002083 -0.29 -0.9349995 -0.935 -0.94277282 -1.23 -1.23 -1.23 -0.69 -0.69 -0.69 -0.36 -0.36 -0.66 -0.66 -0.66 -0.66000034 -1.1300014 -1.1300006 -1.3444706 -1.3497641 -1.6746279 -1.675 -1.675 -1.675 -1.675 -1.48 -1.48 -1.48 -0.99335743 -0.965 -0.965 -0.96499995 -0.24 -0.24 -0.2399928 -0.04 -0.040019228 -0.47 0.375 
-0.87988986 -0.88000021 -2.07 -2.07 -2.07 -1.195 -1.195 -1.195 -1.415 -1.415 -0.93 -0.93 -0.93 -0.29 -0.29 -0.29 -0.29 -0.29010677 -1.23 -1.23 -1.23 -0.69 -0.69 -0.69 -0.36 -0.36 -0.66 -0.66 -0.66 -1.1247007 -1.13 -1.13 -1.13 -1.13 -1.6747311 -1.675 -1.675 -1.675 -1.675 -1.36 -1.36 -1.36 -1.36 -0.96499797 -0.7 -0.7 -0.7 -0.73 -0.73 -0.73 -0.47 -0.47 -0.47 
-0.88 -0.88 -2.07 -2.07 -2.07 -1.1995992 -1.195 -1.415 -1.415 -1.415 -0.9300597 -0.93 -0.65626322 -0.29000007 -0.29 -0.29 -0.29 -0.255 -0.255 -0.255 -0.465 -0.46500017 -0.6899989 -0.69 -0.68982731 -0.555 -0.555 -0.55500025 -0.65998303 -0.45013551 -0.45000362 -0.45011872 -1.1288378 -1.1294132 -1.5774924 -1.6749996 -1.6717996 -0.72 -0.72 -1.36 -1.36 -1.36 -1.36 -0.7 -0.7 -0.7 -0.7 -0.73 -0.73 -0.73 -0.47 -0.47 -0.47 
-0.88 -0.88 -2.07 -2.07 -2.07 -2.07 -1.2773396 -1.415 -1.415 -1.415 -1.414547 -0.595 -0.595 -0.595 -0.29179744 -0.29 -0.25523323 -0.255 -0.255 -0.255 -0.465 -0.465 -0.465 -0.465 -0.555 -0.555 -0.555 -0.555 -0.555 -0.45 -0.45 -0.45 -0.45 -0.45000133 -1.08 -0.72 -0.72 -0.72 -0.72 -0.7199994 -0.43 -0.43 -0.43 -0.51623476 -0.695 -0.695 -0.695 -0.73 -0.72999944 -0.155 -0.155 0.049873496 0.05 
-0.88 -0.88 -1.6404936 -2.07 -2.07 -2.07 -1.3800621 -1.4148897 -1.415 -1.415 -0.59500007 -0.595 -0.595 -0.595 -0.595 -0.56994955 -0.255 -0.255 -0.255 -0.255 -0.46499838 -0.465 -0.465 -0.465 -0.555 -0.555 -0.555 -0.555 -0.555 -0.24678699 -0.45 -0.45 -0.45 -1.08 -1.08 -1.0797205 -0.72 -0.72 -0.46956356 -0.27500004 -0.43 -0.43 -0.43 -0.51260736 -0.695 -0.695 -0.695 0.585 -0.14577967 -0.155 -0.155 0.05 0.05 
-0.72 -0.72 -0.72 -1.7315179 -2.0692607 -1.38 -1.38 -1.38 -1.38 -0.935 -0.935 -0.59500002 -0.595 -0.595 -0.595 -0.59497845 -0.255 -0.255 -0.255 -0.255 -0.37336281 -0.465 -0.465 -0.44851264 0.13293921 -0.555 -0.555 -0.555 -0.175 -0.175 -0.175 -0.17500115 -1.08 -1.08 -1.08 -1.08 -0.275 -0.275 -0.275 -0.275 -0.27 -0.27 -0.27 0.019994169 0.02 0.02 0.019999774 0.585 0.585 -0.15409835 -0.155 0.050003908 0.05 
-0.72 -0.72 -0.72 -0.72004577 -1.57 -1.5423709 -1.38 -1.38 -1.38 -0.935 -0.935 -0.935 -0.58 -0.58 -0.58 -0.57999999 -0.25478018 -0.255 -0.255 -0.255 -0.25814995 0.16499827 0.165 0.165 0.165 0.16499999 0.18999999 0.19 -0.175 -0.175 -0.175 -0.175 -1.0799994 -1.08 -1.08 -1.0799271 -0.275 -0.275 -0.275 -0.27462712 -0.27 -0.27 -0.27 0.019986552 0.02 0.02 0.02 0.585 0.585 0.58500003 0.825 0.825 0.785 
-0.72 -0.72 -0.72 -1.569998 -1.57 -1.57 -1.3800001 -1.38 -1.38 -0.935 -0.935 -0.935 -0.58 -0.58 -0.58 -0.546109 -0.135 -0.135 -0.13500031 -0.25432221 0.165 0.165 0.165 0.165 0.165 0.16501881 0.19 0.19 0.19 -0.175 -0.175 -0.1748938 -0.185 -0.185 -0.185 -1.225 -1.225 -0.19 -0.19 -0.19 0.05 -0.26989963 -0.2699925 0.735 0.735 0.70790231 0.020002846 0.585 0.585 0.825 0.825 0.825 0.785 
-0.72 -0.72 -0.72 -1.57 -1.57 -1.57 -1.57 -1.38 -1.38 -0.935 -0.935 -0.59419488 -0.58 -0.58 -0.58 -0.135 -0.135 -0.135 -0.135 -0.135 0.165 0.165 0.165 0.165 0.165 0.18999991 0.19 0.19 0.19 -0.01 -0.01 -0.01 -0.185 -0.185 -0.185 -1.225 -1.225 -0.19 -0.19 0.05 0.05 0.05 0.735 0.735 0.735 0.735 0.72226716 0.58 0.58 0.58 0.82499999 0.565 0.565 
-0.72 -0.72 -0.72118366 -1.57 -1.57 -1.57 -1.57 -1.3319971 -1.32 -1.319339 -0.93499998 -0.57999833 -0.58 -0.58 -0.57999846 -0.135 -0.135 -0.135 -0.135 -0.135 0.89380805 0.165 0.165 0.165 0.16515036 0.19003967 0.19 0.19 0.19 -0.01 -0.01 -0.01 -0.010023337 -0.185 -1.225 -1.225 -1.225 -1.2249565 -0.18998363 0.05 0.05 0.05 0.73495841 0.735 0.735 0.735 0.57999956 0.58 0.58 0.58 0.565 0.565 0.565 
-0.705 -0.70500003 -1.5695224 -1.57 -1.57 -1.57 -1.3200532 -1.32 -1.32 -1.32 -0.56000002 -0.56 -0.56 -0.56 -0.13696154 -0.135 -0.135 -0.135 -0.135 0.92499937 0.925 0.925 0.89499988 0.895 0.895 0.895 0.83414943 0.19 0.22499857 0.225 0.225 0.225 0.225 -0.020000005 -0.02 -0.02 -0.02 -0.02 0.51 0.51 0.51 0.51 0.51 0.53530149 0.535 0.535 0.535 0.58 0.58 0.58 0.56500236 0.565 0.565 
-0.705 -0.705 -0.70700964 -0.94500126 -0.94500014 -0.945366 -1.32 -1.32 -1.32 -1.32 -0.56 -0.56 -0.56 -0.56 -0.56 -0.135 -0.135 -0.135 0.92499973 0.925 0.925 0.925 0.895 0.895 0.895 0.895 0.895 0.89485015 0.225 0.225 0.225 0.225 0.225 -0.02 -0.02 -0.02 -0.02 -0.02 0.51 0.51 0.51 0.51 0.51 0.535 0.535 0.535 0.535 0.55604288 0.58 -0.25557239 -0.265 -0.565 -0.565 
-0.705 -0.705 -0.9449696 -0.945 -0.945 -0.945 -1.0402484 -1.32 -1.32 -1.32 -0.56 -0.56 -0.56 -0.56 -0.56 -0.1353217 -0.135 0.92468921 0.925 0.925 0.925 0.925 0.90611369 0.895 0.895 0.895 0.895 0.89452547 0.225 0.225 0.225 0.225 0.225 -0.02 -0.02 -0.02 -0.02 -0.02 0.27 0.27 0.27 0.27 0.27 0.53493896 0.53499999 0.535 0.53499576 0.53437488 -0.265 -0.265 -0.265 -0.56499832 -0.565 
-0.70499871 -0.018647185 -0.94499987 -0.945 -0.945 -0.945 -0.945 -1.3198403 -1.32 -1.32 -0.56 -0.56 -0.56 -0.56 0.012006356 0.025 0.025 0.92497684 0.925 0.925 0.925 0.925 0.92499994 0.895 0.895 0.895 0.895 0.18000006 0.18000002 0.18957709 0.225 0.225 0.225 -0.019999999 -0.02 -0.02 -0.02 -0.019911953 0.27 0.27 0.27 0.27 0.27001762 0.51 0.51 0.51 0.51 0.5099375 -0.265 -0.265 -0.265 -0.26499998 -0.23493369 
-0.005 -0.005 -0.25279014 -0.945 -0.945 -0.945 -0.945 -0.945 -1.3198381 -0.51000001 -0.51 -0.51 -0.51011866 0.024999157 0.025 0.025 0.025 0.025 0.92499736 0.90243405 0.705 0.705 0.705 0.75169572 0.86458618 0.70184758 0.56433676 0.18 0.18 0.18 0.18 0.18 0.18547215 0.11448936 0.11 0.11 0.11 0.11 0.31320639 0.49999959 0.5 0.5 0.5 0.23500081 0.50999993 0.51 0.51 0.355 -0.26499007 -0.265 -0.265 -0.23 -0.23 
-0.005 -0.005 -0.505 -0.505 -0.505 -0.94485343 -0.945 -0.945 -0.51 -0.51 -0.51 -0.51 -0.51 0.024999976 0.025 0.025 0.025 0.025 0.705 0.705 0.705 0.705 0.705 0.51500001 0.515 0.515 0.515 0.18 0.18 0.18 0.18 0.18 0.51 0.51 0.11 0.11 0.11 0.81487994 0.815 0.5 0.5 0.5 0.49999997 0.235 0.235 0.235 0.355 0.355 0.355 0.195 0.195 -0.23 -0.23 
-0.005 -0.005 -0.505 -0.505 -0.505 -0.505 -0.50499852 -0.235 -0.50974108 -0.51 -0.51 -0.51 -0.51 0.018326361 0.025 0.025 0.025 0.025 0.70499999 0.705 0.705 0.705 0.705 0.515 0.515 0.515 0.515 0.51499868 0.18 0.18 0.18 0.5099827 0.51 0.51 0.51 0.11 0.81499999 0.815 0.815 0.80671176 0.33139831 0.3 0.3 0.235 0.235 0.235 0.355 0.355 0.355 0.195 0.195 0.195 -0.1303712 
-0.515 -0.514996 -0.505 -0.505 -0.505 -0.505 -0.235 -0.235 -0.235 -0.51 -0.51 -0.51 -0.51 -0.50983368 0.025 0.025 0.025 0.025 0.70498801 0.705 0.705 0.705 0.54847212 0.515 0.515 0.515 0.515 0.91999967 0.92 0.91999999 0.18795452 0.51 0.51 0.51 0.51000021 0.73 0.815 0.815 0.815 0.815 0.3 0.3 0.3 0.46 0.46 0.46 0.59997614 0.355 0.355 0.195 0.195 0.195 -0.11999724 
-0.515 -0.515 -0.505 -0.505 -0.505 -0.235 -0.235 -0.235 -0.235 -0.47984433 -0.51 -0.51 -0.51 -0.50999838 -0.36995454 -0.37 -0.37 -0.37 0.45314359 0.7 0.7 0.7 0.7 0.515 0.515 0.515 0.51502671 0.92 0.92 0.92 0.92 0.51007542 0.63374364 0.73 0.73 0.73 0.81307722 0.30001072 0.3 0.3 0.30029765 0.67999999 0.68 0.46 0.46 0.46000059 0.6 0.6 0.455 0.455 0.455 0.79 0.87 
-0.515 -0.51499999 0.885 0.885 0.885 -0.235 -0.235 -0.235 -0.235 -0.14 -0.14 -0.14 -0.14 -0.15620864 -0.37 -0.37 -0.37 -0.37 0.445 0.7 0.7 0.7 0.7 1.145 1.1449998 0.51500093 0.92 0.92 0.92 0.92 0.99340991 1.065 0.76986041 0.73 0.73 0.73 0.3 0.3 0.3 0.3 0.68 0.68 0.68 0.77497004 0.775 0.60078661 0.6 0.6 0.45500203 0.455 0.79 0.79 0.87 
-0.515 0.88499999 0.885 0.885 0.885 0.885 -0.23449541 -0.17 -0.17 -0.14 -0.14 -0.14 -0.14 -0.14005447 -0.37 -0.37 -0.37 -0.33317571 0.445 0.445 0.7 0.7 1.145 1.145 1.145 1.145 0.92 0.92 0.92 0.92 1.065 1.065 1.065 0.73033899 0.73 0.73 0.3 0.3 0.3 0.3 0.68 0.68 0.68 0.775 0.775 0.77499603 0.705 0.705 0.88 0.88 0.79 0.79 0.87 
0.87185226 0.885 0.885 0.885 0.885 0.885 -0.17 -0.17 -0.17 -0.15394275 -0.14 -0.14 -0.14 -0.14000573 -0.37 -0.37 -0.37 0.445 0.445 0.445 0.69998726 0.70000272 1.145 1.145 1.145 1.145 0.92001599 0.92 0.92 1.0649667 1.065 1.065 1.065 1.065 0.73095102 0.83 0.83 0.82082743 0.3 0.3 0.67999966 0.68 0.77223786 0.775 0.775 0.70500003 0.705 0.705 0.88 0.88 0.865 0.865 0.855 
0.885 0.885 0.885 0.885 0.885 0.885 -0.17 -0.17 -0.17 -0.17 -0.38499294 -0.385 -0.385 -0.385 -0.36999819 0.046656434 0.28 0.28 0.44469582 0.445 0.44500005 1.1449994 1.145 1.145 1.145 1.145 1.1448364 0.92 0.92000496 1.065 1.065 1.065 1.065 1.065 0.83 0.83 0.83 0.83 0.83 0.82999922 1.315 1.315 1.3149999 1.15 1.15 1.15 0.72 0.72 0.65 0.65 0.865 0.86499998 0.855 
0.885 0.885 0.885 0.885 0.885 0.885 -0.17 -0.17 -0.17 -0.385 -0.385 -0.385 -0.385 -0.385 -0.2097076 0.28 0.28 0.28 0.28 0.28 0.28787821 1.145 1.145 1.145 1.145 1.1374638 0.90537608 0.91795849 1.0642849 1.065 1.065 1.065 1.065 1.0649995 0.83 0.83 0.83 0.83 0.83 1.0556209 1.315 1.315 1.315 1.15 1.15 1.15 0.72 0.72 0.65 0.65 0.82 0.85306926 0.855 
0.885 0.885 0.885 0.885 0.885 0.88499968 -0.16999976 -0.17 -0.1789237 -0.385 -0.385 -0.385 -0.385 -0.385 -0.3531025 0.28 0.28 0.28 0.28 0.28 0.28 0.93972879 0.90500034 0.905 0.905 0.905 0.905 0.905 0.54553749 0.54000622 0.54000001 0.54 0.54 0.54000021 0.83 0.83 0.83 0.83 0.83 1.3149999 1.315 1.315 1.315 1.3149999 1.1501844 1.265 0.72000006 0.90179952 0.65022343 0.82 0.82 0.82197473 0.915 
0.885 0.885 0.885 0.885 0.885 0.8849326 -0.1699431 -0.17001301 -0.38499973 -0.385 -0.385 -0.385 -0.385 -0.385 -0.37234646 0.28 0.28 0.28 0.28 0.28 0.28 0.905 0.905 0.905 0.905 0.905 0.905 0.905 0.54010076 0.54 0.54 0.54 0.54 0.54 0.61945997 0.83 0.83 0.83 0.83 1.315 1.315 1.315 1.315 1.3149872 1.265 1.265 1.2627437 0.905 0.905 0.82 0.82 0.915 0.915 
0.885 0.885 0.885 0.885 0.88499999 0.88359301 -0.16875372 -0.36073865 -0.385 -0.385 -0.385 -0.385 -0.385 -0.385 -0.37335803 0.28 0.28 0.28 0.28 0.28 0.36898864 0.905 0.905 0.905 0.905 0.905 0.905 0.905 0.54000146 0.54 0.54 0.54 0.54 0.54 0.54 0.99379695 1.2484431 1.3876749 1.4088742 1.3413543 1.315 1.315 1.315 1.265004 1.265 1.2655969 1.3649978 0.905 0.905 1.5649902 1.565 1.565 0.91500029 
0.885 0.885 0.885 0.885 0.88499893 0.87620161 -0.18119699 -0.38494088 -0.385 -0.385 -0.385 -0.385 -0.385 -0.385 -0.36947123 0.28 0.28 0.28 0.28 0.28 0.9049973 0.905 0.905 0.905 0.905 0.905 0.905 0.905 0.5400001 0.54 0.54 0.54 0.54 0.54 0.54000018 1.42 1.42 1.42 1.42 1.725 1.725 1.725 1.725 1.3649997 1.365 1.365 1.365 1.3650016 1.52 1.52 1.565 1.565 1.6267207 
0.885 0.885 0.885 0.88499992 0.88497054 0.85626069 -0.36843357 -0.38499719 -0.385 -0.385 -0.385 -0.385 -0.385 -0.385 -0.3624258 0.27999973 0.28 0.28 0.28 0.2837616 0.905 0.905 0.905 0.905 0.905 0.905 0.905 0.905 0.54000008 0.54 0.54 0.54 0.54 0.54 1.4199992 1.42 1.42 1.42 1.42 1.725 1.725 1.725 1.725 1.6278375 1.365 1.365 1.365 1.5199983 1.52 1.52 1.655 1.655 1.655 
0.885 0.885 0.88499995 0.88499761 0.8847107 0.76761375 -0.38398472 -0.3849993 -0.385 -0.385 -0.385 -0.385 -0.385 -0.38499996 -0.35288195 0.27998436 0.28 0.28 0.28000072 0.89233651 0.905 0.905 0.905 0.905 0.905 0.905 0.905 0.905 0.54000034 0.54 0.54 0.54 0.54 1.0048468 1.4199999 1.42 1.42 1.42 1.42 1.725 1.725 1.725 1.725 1.725 1.365 1.365 1.365 1.52 1.52 1.52 1.655 1.655 1.655 
0.88499999 0.88499993 0.884999 0.88497169 0.8832103 0.15566448 -0.3847961 -0.38499957 -0.385 -0.385 -0.385 -0.385 -0.385 -0.38499875 -0.3415351 0.27975714 0.27999999 0.28000002 0.28323593 0.90494686 0.905 0.905 0.905 0.905 0.905 0.905 0.905 0.90499979 0.54000229 0.54 0.54000045 1.1191758 1.175 1.175 1.175 1.42 1.42 1.42 1.42 1.725 1.725 1.725 1.725 1.725 1.3650064 1.365 1.3650001 1.52 1.52 1.5200001 1.655 1.655 1.655 
