interpolatedSpi/06-06|21_3.tif
NCOLS 53
NROWS 52
XLLCORNER -116.03883
YLLCORNER 28.596182
DX 0.49850594
DY 0.49788537
NODATA_VALUE -9999
-0.25 -0.25 -0.50948291 -0.72 -0.4 -1.09 -1.15 -0.76 -0.49805676 -0.67 -0.93 -0.365 -0.59495512 -0.05 -0.88 -0.88 -0.88 -0.1 -0.39 -0.39 -0.39 -0.38999812 -0.19500001 -0.705 -0.705 -0.705 0.66498582 0.665 0.665 -0.475 -0.475 -0.475 -0.475 -0.70999995 -0.71 -0.71 -0.71 -0.71 -0.71 -0.70999998 0.032006592 0.039687934 -1.185 -1.185 -1.185 -1.185 -1.1838648 -0.49 -0.49 -0.49 1.0099969 1.01 1.01 
-0.25002088 -0.72 -1.0549987 -0.91065513 -0.76492837 -0.085 -0.34 -0.065717683 -0.36 -0.88 -0.58 -0.595 -0.595 -0.064949983 -0.050007513 -0.88 -0.1 -0.1 -0.38962188 -0.39 -0.39 -0.39 -0.72368617 -0.705 -0.705 -0.705 -0.23500003 -0.235 -0.475 -0.475 -0.475 -0.475 -0.475 -0.70999997 -0.71 -0.71 -0.71 -0.71 -0.71000005 -0.85273097 -1.5799478 -1.2329299 -1.185 -1.185 -1.185 -1.185 -1.185 -0.49 -0.49 -0.49 -0.36561856 1.01 1.01 
-0.97497953 -0.975 0.035 -0.185 -0.075 -0.245 0.53 0.705 -0.125 -0.09 -0.04 -0.16 0.095 -0.655 -0.065 -0.86 -0.1 -0.1 -0.1 -0.67491715 -0.675 -0.675 -1.06 -0.705 -0.705 -0.705 -0.235 -0.235 -0.235 -0.475 -0.475 -0.47499999 -0.41723199 -0.71094868 -0.71581742 -1.3292728 -1.335 -1.335 -1.3658145 -1.58 -1.58 -1.5794949 -1.185 -1.185 -1.185 -1.185 -1.185 -0.49 -0.49 -0.49 -0.49 1.01 1.01 
0.39 -0.97499998 -0.87502604 0.115 -0.585 -0.25 0.29 0.305 0.14 -0.27527468 -0.51 -0.31 -0.42 -0.655 -0.62 -0.86 -1.1973987 -1.1992293 -1.08 -0.675 -0.675 -1.08 -1.06 -1.06 -0.705 -0.70499765 -0.235 -0.235 -0.235 -1 -0.64610287 -0.355 -0.355 -0.35500077 -1.335 -1.335 -1.335 -1.335 -1.58 -1.58 -1.58 -1.58 -1.185 -1.185 -1.185 -1.185 -1.185 -0.49000877 -0.49 -0.49 -0.49 1.0099579 1.01 
0.39 1.2299961 -0.875 -1.0931047 -0.585 0.015 -0.48500349 -0.01 -0.105 -0.31500006 -0.36250787 -0.38502507 -0.56 -0.62 -0.62 -0.78592542 -1.2 -1.2 -1.08 -1.08 -0.67500081 -1.08 -0.875 -0.445 -0.265 -0.26493217 -0.235 -0.235 -1 -1 -0.355 -0.355 -0.355 -0.40968624 -1.335 -1.335 -1.335 -1.58 -1.58 -1.58 -1.58 -1.5798986 -1.185 -1.185 -1.185 -1.185 -1.185 -1.1788136 -0.49 -0.48999058 -0.28 -0.28 -0.28 
-1.505 -0.02 -0.95999999 -0.74 -1.485 -1.11 -0.845 -0.73809609 -0.49 0.085 -0.18 0.13 0.12999955 -0.83 -0.83 -1.0200181 -1.02 -0.945 -0.945 -1.0799993 -1.055 -1.055 -0.445 -0.265 -0.265 0.025 -0.24 -0.24 -0.34005972 -1 -0.355 -0.355 -0.645 -0.64500313 -0.6749981 -1.58 -1.58 -1.58 -1.58 -1.58 -0.53130958 -0.53 -0.52999959 -0.89029582 -0.88503316 -0.88500008 -0.88500001 -0.88500011 -0.35693757 -0.28 -0.28 -0.28 -0.28 
0.050013703 -0.275 0.77386973 -0.95 -1.83 -1.615 -1.27 -0.595 -0.18 -0.18 -0.18 -0.565 -0.71000005 -0.83 -1.0949992 -1.095 -1.02 -0.89 -0.285 -0.285 -0.95603437 -0.845 -0.845 0.20499999 0.025 0.025 -0.24 -0.24 -0.33999097 -0.3398337 -0.48905919 -0.645 -0.645 -0.675 -0.675 -1.5228128 -1.58 -1.58 -1.320009 -0.5300011 -0.53 -0.53 -0.5299985 -0.88500014 -0.885 -0.885 -0.885 -0.88499969 -0.365 -0.28001684 -0.28 -0.28 -0.28 
0.05 0.365 0.855 -1.27 -1.4849877 -1.285 -0.935 -1.19 -0.92 -0.48 -0.48 -0.905 -0.71 -0.71 -1.0923585 -1.3317968 -1.355 -0.815 -0.85999941 -0.285 0.29099159 0.305 0.09 0.615 0.6149991 0.545 -0.044999999 -0.045000069 -0.18554314 -0.18500001 -0.49 -1.5518304 -1.63 -0.675 -0.6819877 -1.475 -1.475 -1.32 -1.32 -0.53 -0.53 -0.53 -0.90813222 -0.91 -0.885 -0.885 -0.885 -0.36501979 -0.365 -0.365 -0.28 -0.28 -0.28 
0.08811914 0.365 0.64 0.16 -0.79 -1.44 -1.195 -1.335 -0.925 -0.79342279 -0.59 -0.31 -0.31 -0.615 -0.61500324 -1.3300697 -1.33 -1.33 -0.82186931 -0.7999998 0.14 0.14 0.185 0.12743794 0.55205415 0.545 0.09 -0.045 -0.71110663 -0.715 -1.53 -0.63 -0.80628214 -1.24 -0.92 -0.905 -1.01 -1.26 -0.95014315 -0.52919652 -0.35 -0.665 -0.90989663 -0.91 -0.90985929 -0.885 -0.50500002 -0.365 -0.365 -0.365 -0.365 -0.19533494 0.415 
-1.46 -1.46 1.185 0.135 -0.89 -1.26 -1.43 -1.455 -1.325 -0.76007904 -0.79 0.45 -0.615 -0.615 -0.96 -0.96507472 -1.33 -1.3299743 -1.17 -0.8 -0.8 -0.67889645 0.185 0.055002462 0.055 0.055 0.09 0.655 0.655 -0.715 -0.715 -0.63066382 -0.98 -1.24 -0.2 -0.905 -1.01 -0.745 -0.95 -0.41875179 -0.66499999 -0.52173764 -0.275 -0.91 -0.91 -0.505 -0.505 -0.505 -0.365 -0.365 0.4 0.4 0.40000001 
-1.46 -1.46 0.17 -1.04 -1.05 -0.415 -1.24 -1.2099481 -0.98 -0.815 -0.355 -0.15 0.44919965 -0.96 -0.96 -0.96007845 -1.64 -1.6153322 -1.17 -1.19 -1.19 -0.64 -0.64 0.055 0.055 0.055 0.655 0.655 0.655 -1.21 -1.21 -1.2099996 -1.015 -1.015 -1.265 -2.025 -1.145 -2.0549858 -1.2 -0.41 -0.41 -0.47999933 -0.275 -0.91 -1.0899997 -0.675 -0.1813997 -0.18 -0.35 -0.35 0.4 0.4 0.4 
-1.46 -0.75645321 -0.34635016 -1.1199834 0.27 -1.285 -1.24 -1.21 -0.98000192 -0.816828 -0.15000087 -0.15 -0.815 -0.96 -0.96 -1.64 -1.64 -1.6399733 -1.17 -1.19 -1.0819912 -0.64 -0.64 0.054971653 0.055 -0.10442899 -0.43 -0.43 -0.42999986 -1.21 -1.21 -1.635 -1.635 -1.0150007 -1.265 -1.2850003 -1.0239329 -2.055 -2.055 -0.41 -0.48 -0.48 -0.48000438 -1.09 -1.09 -0.675 -0.18 -0.18 -0.35 -0.35 0.4 0.4 0.4 
-2.695 -1.1916577 -1.2899893 -1.2887462 0.2699919 -1.2849633 -1.24 -1.2103693 -0.99584935 -0.97569141 -0.815 -0.815 -0.815 -0.815 -0.95997946 -1.64 -1.64 -1.6339316 -1.17 -1.1899521 -1.025 -1.025 -1.025 -1.025 0.036323681 -0.43 -0.43 -0.43 -0.43 -0.43049509 -1.635 -1.635 -1.635 -1.635 -1.285 -1.285 -1.285 -2.0159306 -2.0502684 -1.425 -1.425 -0.48005083 -1.0250022 -1.0899937 -1.09 -0.675 -0.18 -0.18 -0.35 -0.35 0.39727908 0.4 0.21937682 
-2.695 -1.29 -1.29 -1.29 -1.29 -1.29 -1.240115 -1.2257753 -1.0381339 -0.81517366 -0.815 -0.815 -0.815 -0.815 -0.81500032 -1.64 -1.6399999 -1.6077612 -1.1700061 -1.025 -1.025 -1.025 -1.025 -1.025 -1.0140812 -0.5237196 -0.57499997 -0.575 -0.575 -0.575 -1.635 -1.635 -1.6349995 -1.26 -1.26 -1.285 -1.3579144 -1.36 -1.425 -1.425 -1.425 -1.425 -1.025 -1.025 -1.025 -1.0225643 -0.58246773 -0.585 -0.585 -0.585 -0.585 0.035000075 0.035 
-2.725 -1.29 -1.29 -1.29 -1.29 -1.29 -1.29 -1.3803869 -1.2541749 -1.255 -1.255 -1.255 -1.255 -1.255 -1.255 -1.9408636 -1.6449571 -1.5756413 -1.0250184 -1.025 -1.025 -1.025 -1.025 -1.0250002 -0.52 -0.52 -0.52000008 -0.575 -0.575 -0.57545055 -0.8 -0.8 -1.26 -1.26 -1.26 -1.343981 -1.36 -1.36 -1.36 -1.425 -1.425 -1.425 -1.025 -1.025 -1.025 -1.025 -0.585 -0.585 -0.585 -0.585 -0.585 0.035 0.035 
-2.725 -2.1907658 -1.29 -1.29 -1.29 -1.29 -1.7499097 -1.75 -1.75 -1.255 -1.255 -1.255 -1.255 -1.255 -1.4094249 -1.955 -1.955 -1.955 -1.1745445 -1.1749998 -1.175 -1.175 -1.175 -1.175 -0.52 -0.52 -0.52 -0.52 -0.575 -0.8 -0.8 -0.8 -1.26 -1.26 -1.26 -1.23 -1.3598279 -1.36 -1.36 -1.4248989 -1.2230598 -0.75201743 -1.025 -1.025 -0.72094125 -0.72 -0.72 -0.58461497 -0.35082122 -0.35000002 -0.35000004 0.11998702 0.035000173 
-2.725 -2.2578913 -1.773274 -1.29 -1.29 -1.7497282 -1.75 -1.75 -1.75 -1.7464329 -1.255 -1.255 -1.255 -1.2550001 -1.955 -1.955 -1.955 -1.955 -1.1756968 -1.175 -1.175 -1.175 -1.175 -1.175 -0.52000002 -0.52 -0.52 -0.52 -0.52101846 -0.8 -0.8 -0.8 -1.11 -1.2599933 -1.23 -1.23 -1.23 -1.2272066 -0.78862365 -0.75 -0.75 -0.75 -1.16 -1.16 -0.72 -0.72 -0.72 -0.35 -0.35 -0.35 -0.35 0.12 0.12 
-2.2451916 -2.245 -2.245 -2.245 -1.725 -1.7499994 -1.75 -1.75 -1.75 -1.75 -1.2909616 -1.2550062 -1.255 -1.955 -1.955 -1.955 -1.955 -1.955 -1.852503 -1.175 -1.175 -1.175 -1.175 -1.175 -0.79999352 -0.69499905 -0.695 -0.695 -0.695 -0.80000002 -1.11 -1.11 -1.11 -1.11 -1.23 -1.2299933 -0.975 -0.975 -0.75280946 -0.75 -0.75 -0.75 -1.16 -1.16 -0.78812715 -0.72 -0.72 -0.35 -0.35 -0.35 -0.34496038 0.12 0.12 
-2.245 -2.245 -2.245 -2.0001242 -1.725 -1.725 -1.75 -1.75 -1.75 -1.75 -1.73 -1.73 -1.73 -1.955 -1.955 -1.955 -1.955 -1.9547934 -1.3 -1.3 -1.1750001 -1.175 -1.1905813 -1.815 -1.8049171 -0.695 -0.695 -0.695 -0.695 -1.1099577 -1.11 -1.11 -1.11 -1.11 -0.9750009 -0.975 -0.975 -0.975 -0.97421325 -0.75 -0.75 -0.75 -1.16 -1.16 -1.16 -0.72 -0.72 -0.35000001 -0.35 -0.35 0.12 0.12 0.12 
-2.245 -2.245 -2.245 -1.725 -1.725 -1.725 -1.725 -1.75 -1.75 -1.7300206 -1.73 -1.73 -1.73 -1.7301402 -0.94322199 -0.705 -0.705 -0.705 -1.3 -1.3 -1.3 -1.815 -1.815 -1.815 -1.8145224 -0.38815328 -0.695 -0.695 -0.695 -1.2711877 -1.3199793 -1.32 -1.32 -1.32 -1.0086727 -1.0549998 -1.055 -1.055 -1.055 -0.97496921 -0.975 -0.975 -1.16 -1.16 -1.2149998 -1.2149999 -0.915 -0.915 -0.59 -0.59 -0.59 0.12 -0.36956188 
-2.2449974 -2.245 -2.245 -1.725 -1.725 -1.725 -1.725 -1.2700001 -1.7480808 -1.7297416 -1.73 -1.73 -1.73 -1.7279887 -0.705 -0.705 -0.705 -0.70500017 -1.3 -1.3 -1.3 -1.815 -1.815 -1.815 -0.11 -0.11 -0.74499999 -0.745 -0.745 -0.74813681 -1.32 -1.32 -1.32 -1.32 -1.1875728 -1.055 -1.055 -1.055 -1.055 -0.975 -0.975 -0.975 -0.98255132 -1.215 -1.215 -1.215 -0.915 -0.915 -0.59 -0.59 -0.59 -0.37000001 -0.37 
-1.4 -1.7869066 -1.525 -1.525058 -1.725 -1.2726326 -1.27 -1.27 -1.3592728 -1.445 -1.445 -1.445 -1.445 -0.065044924 -0.065000003 -0.70499951 -0.705 -0.72067738 -1.3 -1.3 -1.3 -0.82 -0.82 -0.82 -0.11 -0.11 -0.745 -0.745 -0.745 -0.74500015 -0.95500232 -0.95500103 -1.3108263 -1.3196087 -1.1851516 -1.185 -1.185 -1.185 -1.185 -0.975 -0.975 -0.975 -1.2017848 -1.215 -1.215 -1.215 -0.915 -0.915 -0.9149883 -0.59 -0.59003466 -1.365 -0.37 
-1.6399544 -1.64 -1.525 -1.525 -1.525 -1.27 -1.27 -1.27 -1.515 -1.515 -1.445 -1.445 -1.445 -0.065 -0.065 -0.065 -0.065 -0.065139487 -1.3 -1.3 -1.3 -0.82 -0.82 -0.82 -0.11 -0.11 -0.745 -0.745 -0.745 -0.95263223 -0.955 -0.955 -0.955 -0.955 -1.1848865 -1.185 -1.185 -1.185 -1.185 -0.86500003 -0.865 -0.865 -0.865 -1.2150008 -1.32 -1.32 -1.32 -1.6 -1.6 -1.6 -1.365 -1.365 -1.365 
-1.64 -1.64 -1.525 -1.525 -1.525 -1.2713403 -1.27 -1.515 -1.515 -1.515 -1.4450086 -1.445 -1.0241808 -0.065000198 -0.065 -0.065 -0.065 -0.715 -0.715 -0.715 -0.49500001 -0.49500024 -0.81999842 -0.82 -0.81956943 -0.43 -0.43 -0.43000075 -0.74494909 -0.38511359 -0.38500303 -0.38509951 -0.95402581 -0.9545081 -1.1436649 -1.1849998 -1.1831401 -0.63 -0.63 -0.865 -0.865 -0.865 -0.865 -1.32 -1.32 -1.32 -1.32 -1.6 -1.6 -1.6 -1.365 -1.365 -1.365 
-1.64 -1.64 -1.525 -1.525 -1.525 -1.525 -1.3616963 -1.515 -1.515 -1.515 -1.5146769 -0.93 -0.93 -0.93 -0.070097644 -0.065 -0.71066856 -0.715 -0.715 -0.715 -0.495 -0.495 -0.495 -0.495 -0.43 -0.43 -0.43 -0.43 -0.43 -0.385 -0.385 -0.385 -0.385 -0.38499967 -0.23 -0.63 -0.63 -0.63 -0.63 -0.63000077 -0.835 -0.835 -0.835 -0.97167432 -1.255 -1.255 -1.255 -1.6 -1.599999 -0.55 -0.55 -0.27026639 -0.27 
-1.64 -1.64 -1.5665069 -1.525 -1.525 -1.525 -1.8593878 -1.5160872 -1.515 -1.515 -0.9300001 -0.93 -0.93 -0.93 -0.93 -0.85906675 -0.715 -0.715 -0.715 -0.715 -0.4950017 -0.495 -0.495 -0.495 -0.43 -0.43 -0.43 -0.43 -0.43 0.22463904 -0.385 -0.385 -0.385 -0.23 -0.23 -0.23031061 -0.63 -0.63 -0.21917168 0.099999933 -0.835 -0.835 -0.835 -0.96740377 -1.255 -1.255 -1.255 0.37 -0.53853689 -0.55 -0.55 -0.27 -0.27 
-0.83 -0.83 -0.83 -1.3507444 -1.5248411 -1.86 -1.86 -1.86 -1.86 -1.4 -1.4 -0.93000003 -0.93 -0.93 -0.93 -0.92998636 -0.715 -0.715 -0.715 -0.715 -0.59100086 -0.495 -0.495 -0.45940823 0.8073351 -0.43 -0.43 -0.43 0.44 0.44 0.44 0.43999654 -0.23 -0.23 -0.23 -0.23 0.1 0.1 0.1 0.1 -0.555 -0.555 -0.555 -0.5400003 -0.54 -0.54 -0.54000023 0.37 0.37 -0.54887903 -0.55 -0.26999362 -0.27 
-0.83 -0.83 -0.83 -0.83003123 -1.41 -1.4754374 -1.86 -1.86 -1.86 -1.4 -1.4 -1.4 -0.57500002 -0.575 -0.575 -0.57500002 -0.71573273 -0.715 -0.715 -0.715 -0.71158977 0.86499627 0.865 0.865 0.865 0.865 1.235 1.235 0.44 0.44 0.44 0.44 -0.22999931 -0.23 -0.23 -0.22992181 0.099999996 0.1 0.1 0.099407778 -0.555 -0.555 -0.555 -0.5400007 -0.54 -0.54 -0.54 0.37 0.37 0.37000008 0.995 0.995 0.56 
-0.83 -0.83 -0.83 -1.4099987 -1.41 -1.41 -1.8599998 -1.86 -1.86 -1.4 -1.4 -1.4 -0.575 -0.575 -0.575 -0.61612616 -1.115 -1.115 -1.114999 -0.71725929 0.865 0.865 0.865 0.865 0.865 0.86527844 1.235 1.235 1.235 0.44 0.44 0.4400708 0.73 0.73 0.73 0.025000003 0.025 -0.035 -0.035 -0.035 0.13 -0.55478514 -0.55499295 0.39 0.39 0.35475406 -0.539996 0.37 0.37 0.995 0.995 0.995 0.56 
-0.83 -0.83 -0.83 -1.41 -1.41 -1.41 -1.41 -1.86 -1.86 -1.4 -1.4 -0.6079881 -0.575 -0.575 -0.575 -1.115 -1.115 -1.115 -1.115 -1.115 0.865 0.865 0.865 0.865 0.865 1.2349987 1.235 1.235 1.235 0.55 0.55 0.55 0.73 0.73 0.73 0.025 0.025 -0.035 -0.035 0.13 0.13 0.13 0.39 0.39 0.39 0.39 0.41546567 0.7 0.7 0.7 0.99499999 0.47 0.47 
-0.83 -0.83 -0.83080768 -1.41 -1.41 -1.41 -1.41 -1.6289627 -1.64 -1.639588 -1.4 -0.57502597 -0.575 -0.575 -0.57500187 -1.115 -1.115 -1.115 -1.115 -1.115 0.31824153 0.865 0.865 0.865 0.86505149 1.2349932 1.235 1.235 1.235 0.55 0.55 0.55 0.55002954 0.73 0.025 0.025 0.025 0.024997905 -0.034988747 0.13 0.13 0.13 0.38998422 0.39 0.39 0.39 0.70000178 0.7 0.7 0.7 0.47 0.47 0.47 
-1.01 -1.0099997 -1.4096808 -1.41 -1.41 -1.41 -1.6399511 -1.64 -1.64 -1.64 -0.88500002 -0.885 -0.885 -0.885 -1.1139384 -1.115 -1.115 -1.115 -1.115 0.29499916 0.295 0.295 1.115 1.115 1.115 1.115 1.1253575 1.235 0.98501024 0.985 0.985 0.985 0.985 0.54 0.54 0.54 0.54 0.54 0.92 0.92 0.92 0.92 0.92 0.87926136 0.88 0.88 0.88 0.7 0.7 0.7 0.47003623 0.47 0.47 
-1.01 -1.01 -1.0056883 -0.49500184 -0.4950002 -0.49611682 -1.64 -1.64 -1.64 -1.64 -0.885 -0.885 -0.885 -0.885 -0.885 -1.115 -1.115 -1.115 0.29499965 0.295 0.295 0.295 1.115 1.115 1.115 1.115 1.115 1.1150253 0.98484361 0.985 0.985 0.985 0.98493717 0.20552804 0.53965367 0.54 0.54 0.53999999 0.92 0.92 0.92 0.92 0.92 0.88 0.88 0.88 0.88 0.79582848 0.7 0.1215268 0.115 -0.335 -0.335 
-1.01 -1.01 -0.49506523 -0.495 -0.495 -0.495 -0.78582517 -1.64 -1.64 -1.64 -0.885 -0.885 -0.885 -0.885 -0.885 -1.1148216 -1.115 0.2945866 0.295 0.295 0.295 0.295 0.81122569 1.115 1.115 1.115 1.115 1.114621 0.58 0.58 0.58 0.58 0.58 -0.05 -0.05 -0.05 -0.05 -0.05 0.17 0.17 0.17 0.17 0.17000001 0.87990233 0.87999998 0.88 0.87999322 0.87907398 0.115 0.115 0.115 -0.33499748 -0.335 
-1.0099995 -0.74526391 -0.49500003 -0.495 -0.495 -0.495 -0.495 -1.6395125 -1.64 -1.64 -0.885 -0.885 -0.885 -0.885 -0.73344276 -0.73 -0.73 0.29497362 0.295 0.295 0.295 0.295 0.29500003 1.115 1.115 1.115 1.115 0.22000037 0.22000017 0.29661675 0.58 0.58 0.58 -0.050000001 -0.05 -0.05 -0.05 -0.05009482 0.17 0.17 0.17 0.17 0.17002145 0.84 0.84 0.84 0.84 0.83994153 0.115 0.115 0.115 0.11499995 0.029550851 
-0.74 -0.74 -0.70657585 -0.495 -0.495 -0.495 -0.495 -0.495 -1.6395101 -0.93000001 -0.93 -0.93 -0.92989321 -0.73000022 -0.73 -0.73 -0.73 -0.73 0.2949988 0.28474275 0.195 0.195 0.195 0.42564444 1.0517713 0.71344629 0.42790646 0.22 0.22 0.22 0.22 0.22 0.23169624 -0.18663296 -0.19 -0.19 -0.19 -0.19 0.22259901 0.4499995 0.45 0.45 0.45 0.8749999 0.84000001 0.84 0.84 0.99 0.11501402 0.115 0.115 0.035 0.035 
-0.74 -0.74 -0.82 -0.82 -0.82 -0.49510826 -0.495 -0.495 -0.93 -0.93 -0.93 -0.93 -0.93 -0.73000001 -0.73 -0.73 -0.73 -0.73 0.195 0.195 0.195 0.195 0.195 0.32499999 0.325 0.325 0.325 0.22 0.22 0.22 0.22 0.22 0.11 0.11 -0.19 -0.19 -0.19 0.64985695 0.65 0.45 0.45 0.45 0.45000006 0.875 0.875 0.875 0.99 0.99 0.99 0.38 0.38 0.035 0.035 
-0.74 -0.74 -0.82 -0.82 -0.82 -0.82 -0.82000005 -0.83 -0.92990585 -0.93 -0.93 -0.93 -0.93 -0.73249482 -0.73 -0.73 -0.73 -0.73 0.19499998 0.195 0.195 0.195 0.195 0.325 0.325 0.325 0.325 0.32499961 0.22 0.22 0.22 0.11000577 0.11 0.11 0.11 -0.19 0.64999999 0.65 0.65 0.64473763 0.77455826 0.835 0.835 0.875 0.875 0.875 0.99 0.99 0.99 0.38 0.38 0.38 0.062171491 
-1.455 -1.4549944 -0.82 -0.82 -0.82 -0.82 -0.83 -0.83 -0.83 -0.93 -0.93 -0.93 -0.93 -0.92993783 -0.73 -0.73 -0.73 -0.73 0.19498371 0.195 0.195 0.195 0.30209854 0.325 0.325 0.325 0.325 0.74499966 0.745 0.74499999 0.22563055 0.11 0.11 0.11 0.11000021 0.335 0.65 0.65 0.65 0.65 0.835 0.835 0.835 0.845 0.845 0.845 0.51504626 0.99 0.99 0.38 0.38 0.38 0.06500124 
-1.455 -1.455 -0.82 -0.82 -0.82 -0.83 -0.83 -0.83 -0.83 -0.91903189 -0.93 -0.93 -0.93 -0.92999912 -0.80999079 -0.81 -0.81 -0.81 -0.031658074 0.22 0.22 0.22 0.22 0.325 0.325 0.325 0.3250277 0.745 0.745 0.745 0.745 0.11012521 0.23655599 0.335 0.335 0.335 0.64998028 0.6450001 0.645 0.645 0.83515274 1.03 1.03 0.845 0.845 0.8449986 0.515 0.515 0.215 0.215 0.215 0.435 0.51 
-1.455 -1.455 -0.83 -0.83 -0.83 -0.83 -0.83 -0.83 -0.83 -0.715 -0.715 -0.715 -0.715 -0.72169487 -0.81 -0.81 -0.81 -0.81 -0.04 0.22 0.22 0.22 0.22 1.005 1.0049997 0.325001 0.745 0.745 0.745 0.745 0.90700808 1.065 0.42185999 0.335 0.335 0.335 0.645 0.645 0.645 0.645 1.03 1.03 1.03 0.97001892 0.97 0.51704519 0.515 0.515 0.21500126 0.215 0.435 0.435 0.51 
-1.455 -0.83 -0.83 -0.83 -0.83 -0.83 -0.83209598 -1.1 -1.1 -0.715 -0.715 -0.715 -0.715 -0.7150225 -0.81 -0.81 -0.81 -0.77520896 -0.04 -0.04 0.22 0.22 1.005 1.005 1.005 1.005 0.745 0.745 0.745 0.745 1.065 1.065 1.065 0.3357387 0.335 0.335 0.645 0.645 0.645 0.645 1.03 1.03 1.03 0.97 0.97 0.96998499 0.705 0.705 0.46 0.46 0.435 0.435 0.51 
-0.83586953 -0.83 -0.83 -0.83 -0.83 -0.83 -1.1 -1.1 -1.1 -0.89393191 -0.715 -0.715 -0.715 -0.71500254 -0.81 -0.81 -0.81 -0.04 -0.04 -0.04 0.21998701 0.2200048 1.005 1.005 1.005 1.005 0.74501848 0.745 0.745 1.0649264 1.065 1.065 1.065 1.065 0.33762468 0.935 0.935 0.92998105 0.645 0.645 1.0299997 1.03 0.97174451 0.97 0.97 0.7050001 0.705 0.705 0.46 0.46 0.41 0.41 0.645 
-0.83 -0.83 -0.83 -0.83 -0.83 -0.83 -1.1 -1.1 -1.1 -1.1 -0.82499683 -0.825 -0.825 -0.825 -0.8099977 -0.28116683 0.015 0.015 -0.039898608 -0.04 -0.039999949 1.0049989 1.005 1.005 1.005 1.005 1.004811 0.745 0.74501094 1.065 1.065 1.065 1.065 1.065 0.935 0.935 0.935 0.935 0.935 0.93500023 1.48 1.48 1.4799999 1.285 1.285 1.285 0.82 0.82 0.415 0.415 0.41 0.41000051 0.645 
-0.83 -0.83 -0.83 -0.83 -0.83 -0.83 -1.1 -1.1 -1.1 -0.825 -0.825 -0.825 -0.825 -0.825 -0.60357802 0.015 0.015 0.015 0.015 0.015 0.012373931 1.005 1.005 1.005 1.005 0.9863164 0.41093236 0.69938645 1.0634219 1.065 1.065 1.065 1.065 1.0649997 0.935 0.935 0.935 0.935 0.935 1.1885327 1.48 1.48 1.48 1.285 1.285 1.285 0.82 0.82 0.415 0.415 1.33 0.68278738 0.645 
-0.83 -0.83 -0.83 -0.83 -0.83 -0.83000008 -1.0999999 -1.1 -1.088586 -0.825 -0.825 -0.825 -0.825 -0.825 -0.78470843 0.015 0.015 0.015 0.015 0.015 0.015 0.49972523 0.41000083 0.41 0.41 0.41 0.41 0.41 0.26780691 0.26500947 0.26500002 0.265 0.265 0.26500048 0.935 0.935 0.935 0.935 0.935 1.4799999 1.48 1.48 1.48 1.4799999 1.2857134 1.73 0.82000009 1.4391011 0.41590687 1.33 1.33 1.3314551 1.4 
-0.83 -0.83 -0.83 -0.83 -0.83 -0.83001725 -1.0999854 -1.0999834 -0.82500035 -0.825 -0.825 -0.825 -0.825 -0.825 -0.80901659 0.015 0.015 0.015 0.015 0.015 0.015 0.41 0.41 0.41 0.41 0.41 0.41 0.41 0.26504003 0.265 0.265 0.265 0.265 0.265 0.44857993 0.935 0.935 0.935 0.935 1.48 1.48 1.48 1.48 1.480064 1.73 1.73 1.7282451 1.45 1.45 1.33 1.33 1.4 1.4 
-0.83 -0.83 -0.83 -0.83 -0.83 -0.83036008 -1.0996718 -0.85603195 -0.825 -0.825 -0.825 -0.825 -0.825 -0.825 -0.81029436 0.015 0.015 0.015 0.015 0.015 0.071240822 0.41 0.41 0.41 0.41 0.41 0.41 0.41 0.26500058 0.265 0.265 0.265 0.265 0.265 0.265 1.0168842 1.1442215 1.2138375 1.2244401 1.4803214 1.48 1.48 1.48 1.72998 1.73 1.7291046 1.5799994 1.45 1.45 2.2249793 2.225 2.225 1.4000004 
-0.83 -0.83 -0.83 -0.83 -0.83000027 -0.83225157 -1.0743327 -0.82507562 -0.825 -0.825 -0.825 -0.825 -0.825 -0.825 -0.80538471 0.014999999 0.015 0.015 0.015 0.015000002 0.40999829 0.41 0.41 0.41 0.41 0.41 0.41 0.41 0.26500004 0.265 0.265 0.265 0.265 0.265 0.26500019 1.23 1.23 1.23 1.23 1.485 1.485 1.485 1.485 1.5800004 1.58 1.58 1.58 1.580006 2.13 2.13 2.225 2.225 2.3413182 
-0.83 -0.83 -0.83 -0.83000002 -0.83000754 -0.83720522 -0.84340112 -0.82500359 -0.825 -0.825 -0.825 -0.825 -0.825 -0.825 -0.79648522 0.014999655 0.015 0.015 0.015 0.017377332 0.41 0.41 0.41 0.41 0.41 0.41 0.41 0.41 0.26500003 0.265 0.265 0.265 0.265 0.265 1.2299991 1.23 1.23 1.23 1.23 1.485 1.485 1.485 1.485 1.5106401 1.58 1.58 1.58 2.1299938 2.13 2.13 2.395 2.395 2.395 
-0.83 -0.83 -0.83000001 -0.83000061 -0.83007323 -0.84456598 -0.82596797 -0.8250009 -0.825 -0.825 -0.825 -0.825 -0.825 -0.82499995 -0.78442983 0.014980246 0.015 0.015 0.015000453 0.40199667 0.41 0.41 0.41 0.41 0.41 0.41 0.41 0.41 0.26500014 0.265 0.265 0.265 0.265 0.62004061 1.2299999 1.23 1.23 1.23 1.23 1.485 1.485 1.485 1.485 1.485 1.58 1.58 1.58 2.13 2.13 2.13 2.395 2.395 2.395 
-0.83 -0.83000002 -0.83000026 -0.83000718 -0.83036815 -0.83941236 -0.82516246 -0.82500055 -0.825 -0.825 -0.825 -0.825 -0.825 -0.82499842 -0.77009697 0.014693223 0.014999982 0.015000014 0.017045107 0.40996641 0.41 0.41 0.41 0.41 0.41 0.41 0.41 0.40999992 0.26500091 0.265 0.26500034 0.70736259 0.75 0.75 0.75 1.23 1.23 1.23 1.23 1.485 1.485 1.485 1.485 1.485 1.5799983 1.58 1.5800003 2.13 2.13 2.1300001 2.395 2.395 2.395 
