interpolatedSpi/06-09|20_1.tif
NCOLS 53
NROWS 52
XLLCORNER -116.03883
YLLCORNER 28.596182
DX 0.49850594
DY 0.49788537
NODATA_VALUE -9999
[rows 0 to 39 of 52, columns 0 to 52 of 53]
0.012 0.012 -0.02032991 -0.302 0.18 0.334 0.538 0.578 0.19157705 -0.034 -0.102 0.174 0.14801268 0.302 0.202 0.202 0.202 0.116 0.316 0.316 0.316 0.31600144 0.466 0.178 0.178 0.178 0.54599989 0.546 0.546 -0.08 -0.08 -0.08 -0.08 0.71999984 0.72 0.72 0.72 0.72 0.72 0.72000001 1.0880352 1.091896 0.684 0.684 0.684 0.684 0.684784 1.164 1.164 1.164 0.96800041 0.968 0.968
0.011993158 -0.142 0.18200038 0.28592831 0.39993939 0.456 0.35 0.39614928 0.152 0.14 0.246 0.148 0.148 0.45947315 0.30200103 0.202 0.116 0.116 0.31573923 0.316 0.316 0.316 0.15641879 0.178 0.178 0.178 0.076000007 0.076 -0.08 -0.08 -0.08 -0.08 -0.08 0.71999988 0.72 0.72 0.72 0.72 0.71999997 0.63517643 0.20602891 0.62599859 0.684 0.684 0.684 0.684 0.684 1.164 1.164 1.164 1.1477475 0.968 0.968
0.27999478 0.28 0.514 0.684 0.632 0.458 0.576 0.266 0.496 0.374 0.478 0.122 -0.41 -0.016 0.46 0.896 0.116 0.116 0.116 0.19403547 0.194 0.194 -0.232 0.178 0.178 0.178 0.076 0.076 0.076 -0.08 -0.08 -0.080000013 -0.21190362 0.71828389 0.71627685 0.32366539 0.32 0.32 0.3056618 0.206 0.206 0.20661124 0.684 0.684 0.684 0.684 0.684 1.164 1.164 1.164 1.164 0.968 0.968
0.138 0.27999998 0.16201072 0.462 0.222 0.524 0.966 0.196 0.456 0.43041364 0.71 0.574 0.21 -0.016 0.528 0.896 -0.17573697 -0.1837898 0.074 0.194 0.194 -0.23 -0.232 -0.232 0.178 0.17799949 0.076 0.076 0.076 -0.454 -0.39913223 -0.354 -0.354 -0.35399947 0.32 0.32 0.32 0.32 0.206 0.206 0.206 0.20600002 0.684 0.684 0.684 0.684 0.684 1.1639939 1.164 1.164 1.164 0.96795434 0.968
0.138 0.026000249 0.162 0.41856227 0.222 0.686 0.50400558 0.228 0.114 0.37399997 0.5120807 0.57600745 0.628 0.528 0.528 0.75725991 -0.184 -0.184 0.074 0.074 0.19399911 -0.23 -0.314 -0.218 -0.362 -0.36196341 0.076 0.076 -0.454 -0.454 -0.354 -0.354 -0.354 -0.25669627 0.32 0.32 0.32 0.206 0.206 0.206 0.206 0.20600367 0.68399999 0.684 0.684 0.684 0.684 0.68827259 1.164 1.1639285 -0.43 -0.43 -0.43
-0.72 0.04 0.186 0.352 0.624 0.642 0.452 0.42332158 0.444 0.31 0.63 -0.244 -0.24399943 0.096 0.096 -0.14198407 -0.142 -0.156 -0.156 0.073999741 -0.648 -0.648 -0.218 -0.362 -0.362 -0.206 -0.384 -0.384 0.0099578207 -0.454 -0.354 -0.354 0.162 0.16197576 -0.069983407 -0.088 -0.088 0.11504439 0.206 0.206 0.24395261 0.244 0.2440005 -0.05472514 -0.067916888 -0.0679998 -0.067999974 -0.067999718 -0.18828258 -0.43 -0.43 -0.43 -0.43
-0.60200029 -0.35 -0.50872497 0.036 0.404 0.202 0.276 0.598 0.228 0.228 0.63 -0.024 0.039999894 0.096 -0.075999485 -0.076 -0.142 -0.212 -0.22 -0.22 -0.67627589 -0.708 -0.708 -0.468 -0.206 -0.206 -0.384 -0.384 0.0099980186 0.0099635208 0.15544449 0.162 0.162 -0.07 -0.07 -0.37448066 -0.088 -0.088 -0.73797747 0.24399863 0.244 0.244 0.24400196 -0.067999944 -0.068 -0.068 -0.068 -0.068000075 -0.194 -0.42995323 -0.43 -0.43 -0.43
-0.602 -0.756 -0.438 -0.852 -0.9059969 -0.248 0.098 -0.14999999 -0.124 -0.034 -0.034 -0.38 0.04 0.04 -0.075204132 0.0041466134 0.012 -0.144 -0.34799987 -0.22 -0.48924168 -0.44 -0.66 -0.762 -0.7619993 -0.708 -0.636 -0.63599991 -0.023880859 -0.023999996 0.156 0.030323194 0.01 -0.07 -0.077985937 -0.614 -0.614 -0.738 -0.738 0.244 0.244 0.244 -0.058139788 -0.058000001 -0.068 -0.068 -0.068 -0.1939952 -0.194 -0.194 -0.43 -0.43 -0.43
-0.75933774 -0.756 -0.788 -0.766 -0.184 -0.24 -0.024 0.188 0.436 0.22707135 -0.026 -0.122 -0.122 -0.378 -0.37799603 -0.23331438 -0.234 -0.234 -0.17514091 -0.93200002 -1.02 -1.02 -0.556 -0.61901531 -0.71344177 -0.708 -0.494 -0.636 -0.54055786 -0.54 0.036 0.334 0.09929686 -0.458 -0.35 -0.48 -0.452 -0.528 -0.77388641 0.24495525 0.458 -0.124 -0.058000327 -0.058 -0.058056285 -0.068 -0.31999999 -0.194 -0.194 -0.194 -0.194 -0.50072022 -0.22
-0.778 -0.778 -0.674 -0.646 -0.144 0.058 -0.006 0.104 0.318 0.17399259 -0.052 -0.02 -0.378 -0.378 0.044 0.040187104 -0.234 -0.23405477 -0.5 -0.932 -0.932 -0.94333734 -0.556 -0.61199894 -0.612 -0.612 -0.494 -0.266 -0.266 -0.54 -0.54 0.33311618 -0.132 -0.458 -0.308 -0.48 -0.452 -0.592 -0.774 0.018937193 -0.12399997 -0.10049028 -0.06 -0.058 -0.058 -0.32 -0.32 -0.32 -0.194 -0.194 -0.998 -0.998 -0.99799971
-0.778 -0.778 -0.75 -0.604 -0.884 -0.378 -0.38 0.19180473 0.144 0.096 0.212 -0.28 -0.020346667 0.044 0.044 0.043966545 -0.246 -0.25933111 -0.5 -0.576 -0.576 -0.636 -0.636 -0.612 -0.612 -0.612 -0.266 -0.266 -0.266 -0.592 -0.592 -0.59199924 -0.658 -0.658 -0.474 -0.712 -0.62 -0.14599988 -0.718 0.032 0.032 -0.016000145 -0.06 -0.058 -0.31600015 -0.578 -0.59680272 -0.598 -0.73 -0.73 -0.998 -0.998 -0.998
-0.778 -0.76586308 -0.68769659 -0.84999651 -0.746 -0.824 -0.38 0.192 0.1440004 0.096531782 -0.27999951 -0.28 -0.192 0.044 0.044 -0.24599999 -0.246 -0.24601446 -0.5 -0.576 -0.58778278 -0.636 -0.636 -0.61200053 -0.612 -0.63501037 -0.682 -0.682 -0.68199995 -0.592 -0.592 -0.506 -0.506 -0.6579995 -0.474 -0.17600028 -0.54174698 -0.146 -0.146 0.031999998 -0.016 -0.016 -0.016002177 -0.316 -0.316 -0.578 -0.598 -0.598 -0.73 -0.73 -0.998 -0.998 -0.998
0.05 -0.047910963 0.0099768721 0.0037685062 -0.74600044 -0.82399816 -0.38000001 0.18495901 0.14730769 0.14274659 -0.192 -0.192 -0.192 -0.192 0.043966569 -0.246 -0.246 -0.24927954 -0.5 -0.57588323 -0.174 -0.174 -0.174 -0.174 -0.60465134 -0.682 -0.682 -0.682 -0.682 -0.68190214 -0.506 -0.506 -0.506 -0.506 -0.176 -0.176 -0.176 -0.14743017 -0.14331123 0.212 0.212 -0.015987736 -0.026009927 -0.31597207 -0.316 -0.578 -0.598 -0.598 -0.73 -0.73 -0.99702772 -0.998 -0.15779115
0.05 0.01 0.01 0.01 0.01 0.009999649 -0.38113653 -0.10935712 0.15613228 -0.19163935 -0.192 -0.192 -0.192 -0.192 -0.19200006 -0.246 -0.24600004 -0.26342267 -0.49999541 -0.174 -0.174 -0.174 -0.174 -0.174 -0.17482344 -0.54085123 -0.51800003 -0.518 -0.518 -0.518 -0.506 -0.506 -0.50600028 -0.742 -0.742 -0.176 0.090380532 0.098 0.21199993 0.212 0.212 0.212 -0.026 -0.026 -0.026 -0.029841417 -0.55428213 -0.554 -0.554 -0.554 -0.554 -0.096000186 -0.096
0.038 0.01 0.01 0.01 0.01 0.01 0.0099999726 -0.30052236 -0.2717539 -0.274 -0.274 -0.274 -0.274 -0.274 -0.274 -0.30534825 -0.24697476 -0.28078109 -0.1740409 -0.174 -0.174 -0.174 -0.174 -0.17400013 -0.212 -0.212 -0.21200043 -0.518 -0.518 -0.5178358 -0.436 -0.436 -0.742 -0.742 -0.742 -0.036558846 0.098 0.098 0.098 0.212 0.212 0.212 -0.026 -0.026 -0.026 -0.026 -0.554 -0.554 -0.554 -0.554 -0.554 -0.096 -0.096
0.038 0.027575918 0.01 0.01 0.01 0.01 -0.43791207 -0.438 -0.438 -0.274 -0.274 -0.274 -0.274 -0.274 -0.28105942 -0.306 -0.306 -0.306 -0.28167119 -0.28199989 -0.282 -0.282 -0.282 -0.282 -0.212 -0.212 -0.212 -0.212 -0.518 -0.436 -0.436 -0.436 -0.74199997 -0.742 -0.742 0.124 0.098034425 0.098 0.098 0.21196371 0.13960069 -0.029276715 -0.026 -0.026 -0.31709887 -0.318 -0.318 -0.55322733 -0.085642437 -0.084000041 -0.084000089 0.061976049 -0.095999679
0.038 0.0010206403 0.0049395396 0.01 0.01 -0.4377353 -0.438 -0.438 -0.438 -0.43681817 -0.274 -0.274 -0.274 -0.274 -0.306 -0.306 -0.306 -0.306 -0.28202144 -0.282 -0.282 -0.282 -0.282 -0.282 -0.212 -0.212 -0.212 -0.212 -0.21281476 -0.436 -0.436 -0.436 -0.02800001 -0.74189468 0.124 0.124 0.124 0.12160168 -0.021898901 -0.03 -0.03 -0.03 -0.144 -0.144 -0.318 -0.318 -0.318 -0.084000003 -0.084 -0.084 -0.084 0.062 0.062
7.5204461e-05 -3.3306691e-17 -3.3306691e-17 -2.6178261e-09 -0.264 -0.43799551 -0.438 -0.438 -0.438 -0.438 -0.28793037 -0.2740024 -0.27400001 -0.306 -0.306 -0.306 -0.306 -0.306 -0.3364403 -0.282 -0.282 -0.282 -0.282 -0.282 -0.17584031 -0.058000834 -0.058 -0.058 -0.058 -0.43599998 -0.028000007 -0.028 -0.028 -0.028 0.124 0.12399426 -0.094 -0.094 -0.030799135 -0.03 -0.03 -0.03 -0.144 -0.144 -0.29105881 -0.318 -0.318 -0.084 -0.084 -0.084 -0.0824345 0.062 0.062
-3.3306691e-17 -3.3306691e-17 -3.3306691e-17 -0.12432154 -0.264 -0.264 -0.438 -0.438 -0.438 -0.438 -0.458 -0.458 -0.458 -0.306 -0.306 -0.306 -0.306 -0.30606676 -0.818 -0.818 -0.28200022 -0.282 -0.28672308 -0.476 -0.47223693 -0.058 -0.058 -0.058 -0.058 -0.028003055 -0.028 -0.028 -0.028 -0.028 -0.093999234 -0.094 -0.094 -0.094 -0.093765246 -0.03 -0.03 -0.03 -0.144 -0.144 -0.144 -0.318 -0.318 -0.083999999 -0.084 -0.083999999 0.062 0.062 0.062
-3.3306691e-17 -3.3306691e-17 -3.3306691e-17 -0.264 -0.264 -0.264 -0.26400027 -0.438 -0.438 -0.45797935 -0.458 -0.458 -0.458 -0.4579053 -0.63300665 -0.71 -0.71 -0.71 -0.818 -0.818 -0.818 -0.476 -0.476 -0.476 -0.47598319 -0.2457797 -0.058 -0.058 -0.058000001 0.15180582 0.19397817 0.194 0.194 0.194 -0.023862161 0.073999618 0.074 0.074 0.074 -0.16398166 -0.164 -0.164 -0.144 -0.144 0.24599837 0.24599998 0.192 0.192 0.138 0.138 0.138 0.062 0.32576395
4.7172909e-07 -3.3306686e-17 -9.5236832e-09 -0.264 -0.264 -0.264 -0.264 -0.37800002 -0.4377601 -0.45808886 -0.458 -0.458 -0.458 -0.45849449 -0.71 -0.71 -0.71 -0.71000003 -0.818 -0.818 -0.818 -0.476 -0.476 -0.476 -0.416 -0.416 -0.3 -0.3 -0.3 -0.29730507 0.194 0.194 0.194 0.194 0.13403287 0.074 0.074 0.074 0.074 -0.164 -0.164 -0.164 -0.15109983 0.246 0.246 0.246 0.192 0.192 0.138 0.138 0.138 0.32599999 0.326
0.152 0.072500775 -0.24 -0.24000696 -0.264 -0.3773404 -0.378 -0.378 -0.35540853 -0.55599999 -0.556 -0.556 -0.556 -0.95598698 -0.956 -0.71000019 -0.71 -0.71284564 -0.818 -0.818 -0.818 -0.678 -0.678 -0.678 -0.416 -0.416 -0.3 -0.3 -0.3 -0.29999973 0.078000737 0.078000326 0.19108451 0.19387564 -0.39532411 -0.396 -0.396 -0.396 -0.396 -0.164 -0.164 -0.164 0.2234238 0.246 0.246 0.24599994 0.192 0.192 0.19199806 0.138 0.13800903 0.34 0.326
-0.05196126 -0.052000033 -0.24 -0.24 -0.24 -0.378 -0.378 -0.378 -0.316 -0.316 -0.556 -0.556 -0.556 -0.956 -0.956 -0.956 -0.956 -0.95598375 -0.818 -0.818 -0.81799999 -0.678 -0.678 -0.678 -0.416 -0.416 -0.3 -0.3 -0.3 0.073738022 0.078 0.078 0.078 0.078 -0.39576611 -0.396 -0.396 -0.396 -0.396 -0.64199988 -0.642 -0.642 -0.642 0.24599751 -0.078 -0.078 -0.078 0.166 0.166 0.166 0.34 0.34 0.34
-0.052 -0.052 -0.24 -0.24 -0.24 -0.37727465 -0.378 -0.316 -0.316 -0.316 -0.55597046 -0.556 -0.85506765 -0.95599999 -0.956 -0.956 -0.956 -1.144 -1.144 -1.144 -0.88 -0.87999985 -0.67800098 -0.678 -0.67803196 -0.856 -0.856 -0.85599867 -0.30008985 -0.15195416 -0.15199878 -0.15195985 0.077606906 0.077801512 -0.31172879 -0.39600008 -0.39666354 -0.594 -0.594 -0.642 -0.642 -0.642 -0.642 -0.078 -0.078 -0.078 -0.078 0.166 0.166 0.166 0.34 0.34 0.34
-0.052 -0.052 -0.24 -0.24 -0.24 -0.24 -0.35479521 -0.316 -0.316 -0.316 -0.31633474 -0.922 -0.922 -0.922 -0.95579963 -0.956 -1.1427472 -1.144 -1.144 -1.144 -0.88 -0.88 -0.88 -0.88 -0.856 -0.856 -0.856 -0.856 -0.856 -0.152 -0.152 -0.152 -0.152 -0.15200057 -0.422 -0.594 -0.594 -0.594 -0.594 -0.59400045 -0.728 -0.728 -0.728 -0.60173768 -0.34 -0.34 -0.34 0.16599999 0.16599996 0.126 0.126 0.042072496 0.042
-0.052 -0.052 -0.1721452 -0.24 -0.24 -0.24000002 -0.97682526 -0.31808626 -0.316 -0.316 -0.92200002 -0.922 -0.922 -0.922 -0.922 -0.92481989 -1.144 -1.144 -1.144 -1.144 -0.88000204 -0.88 -0.88 -0.88 -0.856 -0.856 -0.856 -0.856 -0.856 -0.49339786 -0.152 -0.152 -0.152 -0.422 -0.422 -0.42213356 -0.594 -0.594 -0.46230983 -0.36000002 -0.728 -0.728 -0.728 -0.6030353 -0.34 -0.34 -0.34 -0.112 0.12303454 0.126 0.126 0.042 0.042
-0.822 -0.822 -0.822 -0.3859234 -0.24137434 -0.978 -0.978 -0.978 -0.978 -0.996 -0.996 -0.92200001 -0.922 -0.922 -0.922 -0.92201407 -1.144 -1.144 -1.144 -1.144 -0.99520104 -0.88 -0.88 -0.87963361 -0.86555471 -0.856 -0.856 -0.856 -0.614 -0.614 -0.614 -0.61399806 -0.422 -0.422 -0.422 -0.422 -0.36 -0.36 -0.36 -0.36 -0.666 -0.666 -0.666 -0.25200832 -0.252 -0.252 -0.25200003 -0.112 -0.112 0.12571001 0.126 0.041999082 0.042
-0.822 -0.822 -0.822 -0.82201917 -1.178 -1.1489167 -0.978 -0.978 -0.978 -0.996 -0.996 -0.996 -1.05 -1.05 -1.05 -1.05 -1.1435091 -1.144 -1.144 -1.144 -1.1399961 -0.86600004 -0.866 -0.866 -0.866 -0.86599999 -0.57 -0.57 -0.614 -0.614 -0.614 -0.614 -0.422 -0.422 -0.422 -0.42200033 -0.35999999 -0.36 -0.36 -0.35895593 -0.666 -0.666 -0.666 -0.2520192 -0.252 -0.252 -0.252 -0.112 -0.112 -0.112 -0.14 -0.14 -0.152
-0.822 -0.822 -0.822 -1.1779992 -1.178 -1.178 -0.97800008 -0.978 -0.978 -0.996 -0.996 -0.996 -1.05 -1.05 -1.05 -1.0367482 -0.876 -0.876 -0.87600069 -1.1424863 -0.866 -0.866 -0.866 -0.866 -0.866 -0.86577724 -0.57 -0.57 -0.57 -0.614 -0.614 -0.61381978 -0.426 -0.426 -0.426 -0.142 -0.142 -0.122 -0.122 -0.122 -0.186 -0.66584944 -0.66599458 0.06 0.06 0.048175555 -0.25199894 -0.112 -0.112 -0.14 -0.14 -0.14 -0.152
-0.822 -0.822 -0.822 -1.178 -1.178 -1.178 -1.178 -0.978 -0.978 -0.996 -0.996 -1.0478408 -1.05 -1.05 -1.05 -0.876 -0.876 -0.876 -0.876 -0.876 -0.866 -0.866 -0.866 -0.866 -0.866 -0.57000101 -0.57 -0.57 -0.57 -0.334 -0.334 -0.334 -0.426 -0.426 -0.426 -0.142 -0.142 -0.122 -0.122 -0.186 -0.186 -0.186 0.06 0.06 0.06 0.06 0.072979279 0.218 0.218 0.218 -0.14 -0.012 -0.012
-0.822 -0.822 -0.82249575 -1.178 -1.178 -1.178 -1.178 -1.2122724 -1.214 -1.2136257 -0.99599999 -1.0499827 -1.05 -1.05 -1.0499994 -0.876 -0.876 -0.876 -0.876 -0.876 -0.45939094 -0.866 -0.866 -0.866 -0.86594233 -0.5700009 -0.57 -0.57 -0.57 -0.334 -0.334 -0.334 -0.33401105 -0.426 -0.142 -0.142 -0.142 -0.14199908 -0.12200436 -0.186 -0.186 -0.186 0.059985066 0.06 0.06 0.06 0.2179986 0.218 0.218 0.218 -0.011999999 -0.012 -0.012
-1.03 -1.0299996 -1.1778075 -1.178 -1.178 -1.178 -1.2139923 -1.214 -1.214 -1.214 -0.84400001 -0.844 -0.844 -0.844 -0.87585234 -0.876 -0.876 -0.876 -0.876 -0.44200026 -0.442 -0.442 -0.58600005 -0.586 -0.586 -0.586 -0.58461899 -0.57 -0.062020806 -0.062 -0.062 -0.062 -0.062 -0.0060000012 -0.006 -0.006 -0.006 -0.006 -0.202 -0.202 -0.202 -0.202 -0.202 0.079969851 0.08 0.08 0.08 0.218 0.218 0.218 -0.011963765 -0.012 -0.012
-1.03 -1.03 -1.030921 -1.1400001 -1.14 -1.1400722 -1.214 -1.214 -1.214 -1.214 -0.844 -0.844 -0.844 -0.844 -0.844 -0.876 -0.876 -0.876 -0.44200011 -0.442 -0.442 -0.442 -0.586 -0.586 -0.586 -0.586 -0.586 -0.58599609 -0.062026259 -0.062 -0.062 -0.062 -0.062010549 0.037084523 -0.0059553878 -0.006 -0.006 -0.0059999989 -0.202 -0.202 -0.202 -0.202 -0.202 0.08 0.08 0.08 0.08 0.1445315 0.218 0.35050497 0.352 0.14 0.14
-1.03 -1.03 -1.1399861 -1.14 -1.14 -1.14 -1.1587957 -1.214 -1.214 -1.214 -0.844 -0.844 -0.844 -0.844 -0.844 -0.87597669 -0.876 -0.44212725 -0.442 -0.442 -0.442 -0.442 -0.53265427 -0.586 -0.586 -0.586 -0.586 -0.58567715 -0.13 -0.13 -0.13 -0.13 -0.13 0.07 0.07 0.07 0.07 0.07 -0.304 -0.304 -0.304 -0.304 -0.304 0.079511667 0.079999898 0.079999999 0.079966098 0.075959916 0.352 0.352 0.352 0.14000119 0.14
-1.0300001 -1.0868692 -1.14 -1.14 -1.14 -1.14 -1.14 -1.2139685 -1.214 -1.214 -0.844 -0.844 -0.844 -0.844 -0.98480156 -0.988 -0.988 -0.44201405 -0.442 -0.442 -0.442 -0.442 -0.44200013 -0.586 -0.586 -0.586 -0.586 -0.38599977 -0.38599988 -0.33151698 -0.13 -0.13 -0.13 0.07 0.07 0.07 0.07 0.069962072 -0.304 -0.304 -0.304 -0.304 -0.30398728 -0.12 -0.12 -0.12 -0.12 -0.11996193 0.352 0.352 0.352 0.35200006 0.45331668
-1.088 -1.088 -1.1150918 -1.14 -1.14 -1.14 -1.14 -1.14 -1.2139685 -1.246 -1.246 -1.246 -1.245046 -0.98799979 -0.988 -0.988 -0.988 -0.988 -0.44200578 -0.49143994 -0.924 -0.924 -0.924 -0.83971176 -0.61753433 -0.78626856 -0.92830773 -0.386 -0.386 -0.386 -0.386 -0.386 -0.37446032 0.011732873 0.014 0.014 0.014 0.014 -0.27281619 -0.1380003 -0.138 -0.138 -0.138 0.025999572 -0.11999996 -0.12 -0.12 0.464 0.35200179 0.352 0.352 0.458 0.458
-1.088 -1.088 -1.206 -1.206 -1.206 -1.140022 -1.14 -1.14 -1.246 -1.246 -1.246 -1.246 -1.246 -0.98800001 -0.988 -0.988 -0.988 -0.988 -0.924 -0.924 -0.924 -0.924 -0.924 -0.98 -0.98 -0.98 -0.98 -0.386 -0.386 -0.386 -0.386 -0.386 -0.188 -0.188 0.013999999 0.014 0.014 0.11198331 0.112 -0.138 -0.138 -0.138 -0.13799992 0.026 0.026 0.026 0.464 0.464 0.464 0.442 0.442 0.458 0.458
-1.088 -1.088 -1.206 -1.206 -1.206 -1.206 -1.2059996 -1.13 -1.2458908 -1.246 -1.246 -1.246 -1.246 -0.99121832 -0.988 -0.988 -0.988 -0.988 -0.924 -0.924 -0.924 -0.924 -0.924 -0.98 -0.98 -0.98 -0.98 -0.9799976 -0.386 -0.386 -0.386 -0.18801038 -0.188 -0.188 -0.188 0.014 0.112 0.112 0.112 0.10542203 0.3003644 0.382 0.382 0.026 0.026 0.026 0.464 0.464 0.464 0.442 0.442 0.442 0.35474834
-1.048 -1.0480003 -1.206 -1.206 -1.206 -1.206 -1.13 -1.13 -1.13 -1.246 -1.246 -1.246 -1.246 -1.2459198 -0.988 -0.988 -0.988 -0.988 -0.92400114 -0.924 -0.924 -0.924 -0.97013507 -0.98 -0.98 -0.98 -0.98 -0.99999998 -1 -0.99999999 -0.39258247 -0.188 -0.188 -0.188 -0.18799964 0.19399999 0.112 0.112 0.112 0.112 0.382 0.382 0.382 0.928 0.928 0.928 0.9239552 0.464 0.464 0.442 0.442 0.442 0.34399935
-1.048 -1.048 -1.206 -1.206 -1.206 -1.13 -1.13 -1.13 -1.13 -1.2332815 -1.246 -1.246 -1.246 -1.2459989 -1.0579919 -1.058 -1.058 -1.058 -0.89207627 -0.948 -0.948 -0.948 -0.948 -0.98 -0.98 -0.98 -0.98000132 -1 -1 -1 -1 -0.18798643 0.02686395 0.194 0.194 0.194 0.11298579 0.3759945 0.376 0.376 0.38226788 0.72399999 0.724 0.928 0.928 0.92799998 0.924 0.924 0.498 0.498 0.498 0.264 0.112
