interpolatedSpi/06-05|22_2.tif
NCOLS 53
NROWS 52
XLLCORNER -116.03883
YLLCORNER 28.596182
DX 0.49850594
DY 0.49788537
NODATA_VALUE -9999
-0.17 -0.17 -0.4858718 -0.08 0.19 0.42 0.39 -0.15 -0.78519028 -1.82 -0.72 -0.22 -0.24002223 -0.51 -1.09 -1.09 -1.09 -0.09 -1.11 -1.11 -1.11 -1.1100116 -2.31 0.39 0.39 0.39 1.8499896 1.85 1.85 1.08 1.08 1.08 1.08 2.6099997 2.61 2.61 2.61 2.61 2.61 2.61 2.1549023 2.1500129 2.2 2.2 2.2 2.2 2.1997877 2.07 2.07 2.07 2.539999 2.54 2.54 
-0.17006842 -1.71 -0.36999997 -0.29622373 -0.36982368 -0.21 -0.3 -0.27015311 -0.56 -0.45 0.02 -0.24 -0.24 0.18766587 -0.50999667 -1.09 -0.09 -0.09 -1.1086701 -1.11 -1.11 -1.11 0.42526685 0.39 0.39 0.39 1.4599999 1.46 1.08 1.08 1.08 1.08 1.08 2.6099998 2.61 2.61 2.61 2.61 2.6099999 2.6379844 2.869928 2.2812986 2.2 2.2 2.2 2.2 2.2 2.07 2.07 2.07 2.1089728 2.54 2.54 
-0.47002383 -0.47 -0.34 -0.04 -0.55 -1.04 -0.37 -0.76 -0.83 -0.28 -0.09 0.53 0.24 0.46 0.19 -0.98 -0.09 -0.09 -0.09 -0.37021512 -0.37 -0.37 1.06 0.39 0.39 0.39 1.46 1.46 1.46 1.08 1.08 1.0800001 1.7587741 2.6084545 2.6032983 1.8965977 1.89 1.89 2.0132582 2.87 2.87 2.8691432 2.2 2.2 2.2 2.2 2.2 2.07 2.07 2.07 2.07 2.54 2.54 
-0.71 -0.47000012 -1.0599433 0.16 -1.2 -0.53 0.13 -0.65 -1.08 0.47738243 0.09 -0.24 -0.01 0.46 -1.45 -0.98 -1.2777047 -1.2791662 -0.4 -0.37 -0.37 0.29 1.06 1.06 0.39 0.39000534 1.46 1.46 1.46 1.47 2.0296513 2.49 2.49 2.4899995 1.89 1.89 1.89 1.89 2.87 2.87 2.87 2.87 2.2 2.2 2.2 2.2 2.2 2.0700016 2.07 2.07 2.07 2.5399602 2.54 
-0.71 -0.26000147 -1.06 -0.94114822 -1.2 -0.77 0.090008134 0.14 -0.05 0.7499995 -0.11233361 -0.52004011 -0.8 -1.45 -1.45 -1.1402372 -1.28 -1.28 -0.4 -0.4 -0.36999865 0.29 0.46 0.89 2.09 2.0899484 1.46 1.46 1.47 1.47 2.49 2.49 2.49 2.3485703 1.89 1.89 1.89 2.87 2.87 2.87 2.87 2.8699826 2.2 2.2 2.2 2.2 2.2 2.1988428 2.07 2.0699664 1.32 1.32 1.32 
-3.5 -1.02 -1.32 -0.17 -1.71 -0.68 -0.65 -0.54885737 0.12 -0.5 -0.49 -0.95 -0.9499999 -1 -1 -1.5897248 -1.59 -0.33 -0.33 -0.39999992 0.6 0.6 0.89 2.09 2.09 1.87 2.06 2.06 2.0499471 1.47 2.49 2.49 1.74 1.7400909 2.6099376 2.27 2.27 2.6843763 2.87 2.87 2.6902245 2.69 2.6900014 2.7697614 2.7799359 2.7799998 2.78 2.7799998 2.1799075 1.32 1.32 1.32 1.32 
-1.1400348 -2.63 -2.2081233 -1.2 -1.19 -1.34 -1.1 -1.11 -0.99 -0.99 -0.49 -0.74 -0.44999999 -1 -0.45000165 -0.45 -1.59 -0.21 -0.31 -0.31 0.44448259 0.27 0.27 1.77 1.87 1.87 2.06 2.06 2.0499901 2.0498176 2.4582103 1.74 1.74 2.61 2.61 2.378928 2.27 2.27 2.9499764 2.6900004 2.69 2.69 2.6900075 2.7800004 2.78 2.78 2.78 2.7799997 2.33 1.3202002 1.32 1.32 1.32 
-1.14 -0.35 -0.66 -3.1 -3.0000057 -1.87 -2.34 -1.89 -1.98 -0.96 -0.96 -0.38 -0.45 -0.45 -0.45 -1.105745 -1.17 -0.06 -0.77999952 -0.31 0.55141938 0.61 0.05 0.61 0.61000593 1.07 1.71 1.7100001 1.8805957 1.88 2.46 1.4275835 1.92 2.61 2.6082887 2.47 2.47 2.95 2.95 2.69 2.69 2.69 2.8580089 2.86 2.78 2.78 2.78 2.3300171 2.33 2.33 1.32 1.32 1.32 
-0.58060762 -0.35 0.14 -1.98 -2.02 -2.28 -2.44 -1.71 -1.44 -1.2725381 -0.55 -0.06000001 -0.06 0.12 0.11999304 -0.12292644 -0.12 -0.12 -0.1699091 0.29999992 -0.08 -0.079999992 0.38 0.18004758 1.0236441 1.07 1.47 1.71 2.1971526 2.2 1.29 2.11 1.8632097 1.64 2.55 2.28 2.73 2.48 2.9297922 2.6925444 3.26 2.56 2.8599365 2.86 2.8595497 2.78 2.44 2.33 2.33 2.33 2.33 1.3909692 1.26 
-1.87 -1.87 -5.8799574e-27 -1.49 -2.55 -2.55 -2.75 -2.3 -1.45 -1.2301161 -0.98 -0.95 0.12 0.12 -0.62 -0.61314227 -0.12 -0.1201425 -0.78 0.3 0.3 0.25104325 0.38 0.96998883 0.97 0.97 1.47 1.94 1.94 2.2 2.2 2.1090707 1.62 1.64 2.35 2.28 2.73 2.75 2.93 1.8281518 2.56 2.5269395 2.47 2.86 2.86 2.44 2.44 2.44 2.33 2.33 1.89 1.89 1.8899998 
-1.87 -1.87 -0.38 -0.86 -1.5 -1.63 -2.21 -1.2503116 -1.71 -1.4 -1.31 -1.71 -0.9510102 -0.62 -0.62 -0.61997924 -0.44 -0.45784479 -0.78 0.23 0.23 0.34 0.34 0.97 0.97 0.97 1.94 1.94 1.94 1.03 1.03 1.030001 2.44 2.44 2.12 1.97 2.73 2.0900021 2.64 1.81 1.81 2.170001 2.47 2.86 2.4700002 2.67 2.4897847 2.49 2.89 2.89 1.89 1.89 1.89 
-1.87 -1.2266889 -0.58483312 -0.7699865 0.42 -1.83 -2.21 -1.25 -1.7099962 -1.4034344 -1.7099996 -1.71 -1.62 -0.62 -0.62 -0.44000001 -0.44 -0.44001935 -0.78 0.23 0.25160176 0.34 0.34 0.96997466 0.97 1.2921452 1.95 1.95 1.95 1.03 1.03 1.5 1.5 2.4399991 2.12 2.6399999 2.6674619 2.09 2.09 1.81 2.17 2.17 2.1700022 2.47 2.47 2.67 2.49 2.49 2.89 2.89 1.89 1.89 1.89 
0.37 -0.13702755 -0.11002734 -0.1147661 0.41998828 -1.8299469 -2.21 -1.2618171 -1.6783013 -1.7019051 -1.62 -1.62 -1.62 -1.62 -0.62014166 -0.44 -0.44 -0.44438994 -0.78 0.23003123 0.36 0.36 0.36 0.36 0.96051218 1.95 1.95 1.95 1.95 1.9494329 1.5 1.5 1.5 1.5 2.64 2.64 2.64 2.1168109 2.0918025 2.33 2.33 2.1700086 2.2800065 2.4699817 2.47 2.67 2.49 2.49 2.89 2.89 1.8936279 1.89 2.1290231 
0.37 -0.11 -0.11 -0.11 -0.11 -0.11000071 -2.209027 -1.7558234 -1.5937321 -1.620089 -1.62 -1.62 -1.62 -1.62 -1.6199993 -0.44 -0.44000005 -0.46332168 -0.77999157 0.36 0.36 0.36 0.36 0.36 0.37708354 1.8090527 1.84 1.84 1.84 1.84 1.5 1.5 1.5000006 1.99 1.99 2.64 2.7663849 2.77 2.3300003 2.33 2.33 2.33 2.28 2.28 2.28 2.282714 2.5297771 2.53 2.53 2.53 2.53 1.84 1.84 
1.57 -0.11 -0.11 -0.11 -0.11 -0.11 -0.11000013 -1.0542086 -0.62415247 -0.62 -0.62 -0.62 -0.62 -0.62 -0.62000001 0.94760394 -0.41749553 -0.48655701 0.35985678 0.36 0.36 0.36 0.36 0.3600006 1.15 1.15 1.150001 1.84 1.84 1.8386784 1.18 1.18 1.99 1.99 1.99 2.6450523 2.77 2.77 2.77 2.33 2.33 2.33 2.28 2.28 2.28 2.28 2.53 2.53 2.53 2.53 2.53 1.84 1.84 
1.57 0.94455509 -0.11 -0.11 -0.11 -0.11 1.2697292 1.27 1.27 -0.62 -0.62 -0.62 -0.62 -0.62 -0.26702881 0.98 0.98 0.98 0.87841682 0.87999947 0.88 0.88 0.88 0.88 1.15 1.15 1.15 1.15 1.84 1.18 1.18 1.18 1.9899999 1.99 1.99 2.28 2.7693512 2.77 2.77 2.3299582 2.2462322 2.0508369 2.28 2.28 1.3229626 1.32 1.32 2.5268751 0.63663964 0.63000017 0.63000036 0.83015283 1.8399979 
1.57 1.589463 0.75027826 -0.11 -0.11 1.2691846 1.27 1.27 1.27 1.2563801 -0.62 -0.62 -0.62 -0.61999981 0.98 0.98 0.98 0.98 0.88008933 0.88 0.88 0.88 0.88 0.88 1.15 1.15 1.15 1.15 1.1501091 1.18 1.18 1.18 1.25 1.9900116 2.28 2.28 2.28 2.2742104 2.0955706 2.05 2.05 2.05 1.27 1.27 1.32 1.32 1.32 0.63000001 0.63 0.63 0.63 0.83 0.83 
1.5901419 1.59 1.59 1.59 0.78 1.2699874 1.27 1.27 1.27 1.27 -0.42240091 -0.61996599 -0.61999993 0.98 0.98 0.98 0.98 0.98 0.97026668 0.88 0.88 0.88 0.88 0.88 0.72546294 0.27000477 0.27 0.27 0.27 1.18 1.25 1.25 1.25 1.25 2.28 2.279986 1.75 1.75 2.0462541 2.05 2.05 2.05 1.27 1.27 1.3122583 1.32 1.32 0.63 0.63 0.63 0.63214452 0.83 0.83 
1.59 1.59 1.59 1.2085589 0.78 0.78 1.27 1.27 1.27 1.27 1.99 1.99 1.99 0.98 0.98 0.98 0.98 0.98000992 0.95 0.95 0.88000003 0.88 0.87586122 0.71 0.70603887 0.27 0.27 0.27 0.27 1.2499002 1.25 1.25 1.25 1.25 1.7500019 1.75 1.75 1.75 1.7510224 2.05 2.05 2.05 1.27 1.27 1.27 1.32 1.32 0.63000001 0.63 0.63 0.83 0.83 0.83 
1.59 1.59 1.59 0.78 0.78 0.78 0.78000075 1.27 1.27 1.9892568 1.99 1.99 1.99 1.9893707 1.0285653 1.04 1.04 1.04 0.95 0.95 0.95 0.71 0.71 0.71 0.70980951 0.14411417 0.27 0.27 0.27 0.5117069 0.37008655 0.37 0.37 0.37 1.5115017 1.1800013 1.18 1.18 1.18 0.57020251 0.57 0.57 1.27 1.27 0.42000355 0.42000006 0.58 0.58 0.65 0.65 0.65 0.83 -0.14912376 
1.5899984 1.59 1.59 0.78 0.78 0.78 0.77999999 -0.079999607 1.2646022 1.9891114 1.99 1.99 1.99 1.9881358 1.04 1.04 1.04 1.04 0.95 0.95 0.95 0.71 0.71 0.71 0.03 0.03 -0.37999999 -0.38 -0.38 -0.37590851 0.37 0.37 0.37 0.37 0.77477743 1.18 1.18 1.18 1.18 0.57 0.57 0.57 0.56528043 0.42 0.42 0.42 0.58 0.58 0.65 0.65 0.65 -0.14999997 -0.15 
1.09 1.2957564 0.47 0.47008994 0.78 -0.075024069 -0.08 -0.08 0.022026016 1.01 1.01 1.01 1.01 0.85000521 0.85 1.0399999 1.04 1.0376286 0.95 0.95 0.95 0.02 0.02 0.02 0.03 0.03 -0.38 -0.38 -0.38 -0.37999972 0.010002288 0.010001011 0.36095194 0.36961406 0.060360332 0.06 0.06 0.06 0.06 0.57 0.57 0.57 0.4282588 0.42 0.42 0.41999993 0.58 0.58 0.58000252 0.65 0.64994902 -0.49 -0.15 
0.62008925 0.61999997 0.47 0.47 0.47 -0.08 -0.08 -0.08 0.2 0.2 1.01 1.01 1.01 0.85 0.85 0.85 0.85 0.85001182 0.95 0.95 0.94999996 0.02 0.02 0.02 0.03 0.03 -0.38 -0.38 -0.38 0.0056027214 0.01 0.01 0.01 0.01 0.059975328 0.06 0.06 0.06 0.06 -0.42999974 -0.43 -0.43 -0.43 0.41999708 0.04 0.04 0.04 -0.13 -0.13 -0.13 -0.49 -0.49 -0.49 
0.62 0.62 0.47 0.47 0.47 -0.077109102 -0.08 0.2 0.2 0.2 1.0099003 1.01 0.32361523 0.84999984 0.85 0.85 0.85 0.020000002 0.02 0.02 -0.66999998 -0.66999949 0.019996639 0.02 0.019759739 -0.39 -0.39 -0.38999998 -0.38000162 -0.14996811 -0.14999915 -0.14997207 0.0097265434 0.0098619216 0.050990004 0.059999803 0.058290875 -0.45 -0.45 -0.43 -0.43 -0.43 -0.43 0.04 0.04 0.04 0.04 -0.13 -0.13 -0.13 -0.49 -0.49 -0.49 
0.62 0.62 0.47 0.47 0.47 0.47 0.024795821 0.2 0.2 0.2 0.19998343 0.17 0.17 0.17 0.8459926 0.85 0.025530915 0.02 0.02 0.02 -0.67 -0.67 -0.67 -0.67 -0.39 -0.39 -0.39 -0.39 -0.39 -0.15 -0.15 -0.15 -0.15 -0.15000038 -0.33 -0.45 -0.45 -0.45 -0.45 -0.44999892 -0.11 -0.11 -0.11 -0.10674497 -0.1 -0.1 -0.1 -0.13 -0.13000016 -0.29 -0.29 -0.010116773 -0.01 
0.62 0.62 0.52413947 0.47 0.47 0.46999997 -0.69840293 0.1971637 0.2 0.2 0.16999989 0.17 0.17 0.17 0.17 0.2257151 0.02 0.02 0.02 0.02 -0.66999466 -0.67 -0.67 -0.67 -0.39 -0.39 -0.39 -0.39 -0.39 -0.75594426 -0.15 -0.15 -0.15 -0.33 -0.33 -0.33009318 -0.45 -0.45 -0.23051638 -0.060000034 -0.11 -0.11 -0.11 -0.10813084 -0.1 -0.1 -0.1 -0.64 -0.29436097 -0.29 -0.29 -0.01 -0.01 
-0.55 -0.55 -0.55 0.21425796 0.46836698 -0.7 -0.7 -0.7 -0.7 -0.35 -0.35 0.16999996 0.17 0.17 0.17 0.16999044 0.02 0.02 0.02 0.02 -0.36890638 -0.67 -0.67 -0.68020646 -1.0301657 -0.39 -0.39 -0.39 -0.97 -0.97 -0.97 -0.96999656 -0.33 -0.33 -0.33 -0.33 -0.06 -0.06 -0.06 -0.06 -0.04 -0.04 -0.04 -0.47999115 -0.48 -0.48 -0.47999988 -0.64 -0.64 -0.29042646 -0.29 -0.010000353 -0.01 
-0.55 -0.55 -0.55 -0.55000485 -0.64 -0.64872499 -0.7 -0.7 -0.7 -0.35 -0.35 -0.35 -1.0499999 -1.05 -1.05 -1.05 0.018314722 0.02 0.02 0.02 0.0095158549 -1.0599989 -1.06 -1.06 -1.06 -1.06 -1.48 -1.48 -0.97 -0.97 -0.97 -0.97 -0.33000015 -0.33 -0.33 -0.3300171 -0.059999992 -0.06 -0.06 -0.058771688 -0.04 -0.04 -0.04 -0.4799796 -0.48 -0.48 -0.48 -0.64 -0.64 -0.63999993 -0.08 -0.08 -0.51 
-0.55 -0.55 -0.55 -0.63999979 -0.64 -0.64 -0.69999998 -0.7 -0.7 -0.35 -0.35 -0.35 -1.05 -1.05 -1.05 -1.0385761 -0.9 -0.9 -0.89999762 0.014803591 -1.06 -1.06 -1.06 -1.06 -1.06 -1.0603161 -1.48 -1.48 -1.48 -0.97 -0.97 -0.97011586 -0.54 -0.54 -0.54 -0.040000002 -0.039999999 0.22 0.22 0.22 0.57 -0.039808661 -0.040001866 -0.29 -0.29 -0.29720078 -0.47999977 -0.64 -0.64 -0.08 -0.08 -0.08 -0.51 
-0.55 -0.55 -0.55 -0.64 -0.64 -0.64 -0.64 -0.7 -0.7 -0.35 -0.35 -1.0220101 -1.05 -1.05 -1.05 -0.9 -0.9 -0.9 -0.9 -0.9 -1.06 -1.06 -1.06 -1.06 -1.06 -1.4799986 -1.48 -1.48 -1.48 -1.15 -1.15 -1.15 -0.54 -0.54 -0.54 -0.04 -0.04 0.22 0.22 0.57 0.57 0.57 -0.29 -0.29 -0.29 -0.29 -0.23578276 0.37 0.37 0.37 -0.079999997 0.06 0.06 
-0.55 -0.55 -0.55012533 -0.64 -0.64 -0.64 -0.64 -1.8300147 -1.89 -1.887356 -0.35000005 -1.0500427 -1.05 -1.05 -1.0499995 -0.9 -0.9 -0.9 -0.9 -0.9 -1.1558875 -1.06 -1.06 -1.06 -1.0599362 -1.4799589 -1.48 -1.48 -1.48 -1.15 -1.15 -1.15 -1.1499143 -0.54 -0.04 -0.04 -0.04 -0.039989069 0.22002387 0.57 0.57 0.57 -0.28994779 -0.29 -0.29 -0.29 0.37000294 0.37 0.37 0.37 0.060000001 0.06 0.06 
-1.85 -1.8499977 -0.63999538 -0.64 -0.64 -0.64 -1.889734 -1.89 -1.89 -1.89 -1.56 -1.56 -1.56 -1.56 -0.90304607 -0.9 -0.9 -0.9 -0.9 -1.1599998 -1.16 -1.16 -0.75000005 -0.75 -0.75 -0.75 -0.81300839 -1.48 -1.4400016 -1.44 -1.44 -1.44 -1.44 0.28 0.28 0.28 0.28 0.28 0.9 0.9 0.9 0.9 0.9 0.66855287 0.67 0.67 0.67 0.37 0.37 0.37 0.060048838 0.06 0.06 
-1.85 -1.85 -1.8474879 -1.5499982 -1.5499998 -1.5503308 -1.89 -1.89 -1.89 -1.89 -1.56 -1.56 -1.56 -1.56 -1.56 -0.9 -0.9 -0.9 -1.1599999 -1.16 -1.16 -1.16 -0.75 -0.75 -0.75 -0.75 -0.75 -0.75015516 -1.4399884 -1.44 -1.44 -1.44 -1.4399953 0.21197181 0.27992956 0.28 0.28 0.28 0.9 0.9 0.9 0.9 0.9 0.67 0.67 0.67 0.67 0.52971414 0.37 0.73587194 0.74 0.21 0.21 
-1.85 -1.85 -1.550038 -1.55 -1.55 -1.55 -1.6363586 -1.89 -1.89 -1.89 -1.56 -1.56 -1.56 -1.56 -1.56 -0.90050865 -0.9 -1.1599238 -1.16 -1.16 -1.16 -1.16 -0.90188716 -0.75 -0.75 -0.75 -0.75 -0.7504672 -1.41 -1.41 -1.41 -1.41 -1.41 0.16 0.16 0.16 0.16 0.16 0.71 0.71 0.71 0.71 0.71 0.67168475 0.67000035 0.67 0.67011696 0.68408351 0.74 0.74 0.74 0.21000297 0.21 
-1.8499993 -1.4970186 -1.55 -1.55 -1.55 -1.55 -1.55 -1.8898552 -1.89 -1.89 -1.56 -1.56 -1.56 -1.56 -1.648001 -1.65 -1.65 -1.1600126 -1.16 -1.16 -1.16 -1.16 -1.1600001 -0.75 -0.75 -0.75 -0.75 -0.80000057 -0.80000028 -0.92982282 -1.41 -1.41 -1.41 0.16 0.16 0.16 0.16 0.16005418 0.71 0.71 0.71 0.71 0.71001839 1.36 1.36 1.36 1.36 1.35995 0.74 0.74 0.74 0.7399999 0.57455085 
-1.49 -1.49 -1.5751647 -1.55 -1.55 -1.55 -1.55 -1.55 -1.8898551 -1.94 -1.94 -1.94 -1.9390982 -1.6499999 -1.65 -1.65 -1.65 -1.65 -1.1600078 -1.2266721 -1.81 -1.81 -1.81 -1.543392 -0.80682583 -1.11089 -1.3670834 -0.8 -0.8 -0.8 -0.8 -0.8 -0.81464355 0.23539839 0.24 0.24 0.24 0.24 0.75508472 0.94999957 0.95 0.95 0.95 1.1100007 1.3599999 1.36 1.36 1.17 0.74000689 0.74 0.74 0.58 0.58 
-1.49 -1.49 -1.99 -1.99 -1.99 -1.5501466 -1.55 -1.55 -1.94 -1.94 -1.94 -1.94 -1.94 -1.65 -1.65 -1.65 -1.65 -1.65 -1.81 -1.81 -1.81 -1.81 -1.81 -1.46 -1.46 -1.46 -1.46 -0.8 -0.8 -0.8 -0.8 -0.8 -0.17 -0.17 0.24 0.24 0.24 0.75991144 0.76 0.95 0.95 0.95 0.95000002 1.11 1.11 1.11 1.17 1.17 1.17 0.88 0.88 0.58 0.58 
-1.49 -1.49 -1.99 -1.99 -1.99 -1.99 -1.9899989 -1.79 -1.9398588 -1.94 -1.94 -1.94 -1.94 -1.6536175 -1.65 -1.65 -1.65 -1.65 -1.81 -1.81 -1.81 -1.81 -1.81 -1.46 -1.46 -1.46 -1.46 -1.4599973 -0.8 -0.8 -0.8 -0.17003303 -0.17 -0.17 -0.17 0.24 0.75999999 0.76 0.76 0.76499926 1.0595911 1.08 1.08 1.11 1.11 1.11 1.17 1.17 1.17 0.88 0.88 0.88 0.36262808 
-1.41 -1.4100006 -1.99 -1.99 -1.99 -1.99 -1.79 -1.79 -1.79 -1.94 -1.94 -1.94 -1.94 -1.9399098 -1.65 -1.65 -1.65 -1.65 -1.8099972 -1.81 -1.81 -1.81 -1.5216596 -1.46 -1.46 -1.46 -1.46 -1.0000004 -1 -1 -0.802123 -0.17 -0.17 -0.17 -0.17000003 -0.2 0.76 0.76 0.76 0.76 1.08 1.08 1.08 0.71 0.71 0.71 0.55006038 1.17 1.17 0.88 0.88 0.88 0.33999969 
-1.41 -1.41 -1.99 -1.99 -1.99 -1.79 -1.79 -1.79 -1.79 -1.9235521 -1.94 -1.94 -1.94 -1.9399995 -1.979962 -1.98 -1.98 -1.98 -1.6656367 -1.82 -1.82 -1.82 -1.82 -1.46 -1.46 -1.46 -1.4599697 -1 -1 -1 -1 -0.17012749 -0.18687413 -0.2 -0.2 -0.2 0.75775698 0.16001249 0.16 0.16 1.0793342 0.23000003 0.23 0.71 0.71 0.70999932 0.55 0.55 0.46 0.46 0.46 0.14 0.23 
-1.41 -1.41 -1.17 -1.17 -1.17 -1.79 -1.79 -1.79 -1.79 -1.76 -1.76 -1.76 -1.76 -1.7755039 -1.98 -1.98 -1.98 -1.98 -1.66 -1.82 -1.82 -1.82 -1.82 -1.66 -1.6599999 -1.4600003 -1 -1 -1 -1 -1.0961923 -1.19 -0.31779642 -0.2 -0.2 -0.2 0.16 0.16 0.16 0.16 0.23 0.23 0.23 0.44993063 0.45 0.54955051 0.55 0.55 0.45999953 0.46 0.14 0.14 0.23 
-1.41 -1.17 -1.17 -1.17 -1.17 -1.17 -1.786662 -1.36 -1.36 -1.76 -1.76 -1.76 -1.76 -1.7600521 -1.98 -1.98 -1.98 -1.9655414 -1.66 -1.66 -1.82 -1.82 -1.66 -1.66 -1.66 -1.66 -1 -1 -1 -1 -1.19 -1.19 -1.19 -0.2010018 -0.2 -0.2 0.16 0.16 0.16 0.16 0.23 0.23 0.23 0.45 0.45 0.45000567 0.55 0.55 0.35 0.35 0.14 0.14 0.23 
-1.1722539 -1.17 -1.17 -1.17 -1.17 -1.17 -1.36 -1.36 -1.36 -1.5740967 -1.76 -1.76 -1.76 -1.7600026 -1.98 -1.98 -1.98 -1.66 -1.66 -1.66 -1.819992 -1.819999 -1.66 -1.66 -1.66 -1.66 -1.0000469 -1 -1 -1.1899563 -1.19 -1.19 -1.19 -1.19 -0.2026435 -0.38 -0.38 -0.37065436 0.16 0.16 0.22999994 0.23 0.44360345 0.45 0.45 0.54999996 0.55 0.55 0.35 0.35 0.46 0.46 0.24 
-1.17 -1.17 -1.17 -1.17 -1.17 -1.17 -1.36 -1.36 -1.36 -1.36 -1.8399977 -1.84 -1.84 -1.84 -1.9799991 -1.8005172 -1.7 -1.7 -1.6600737 -1.66 -1.66 -1.6600002 -1.66 -1.66 -1.66 -1.66 -1.6595201 -1 -1.0000065 -1.19 -1.19 -1.19 -1.19 -1.19 -0.38 -0.38 -0.38 -0.38 -0.38 -0.37999778 -0.26 -0.26 -0.26000006 -0.43 -0.43 -0.43 -0.39 -0.39 -0.22 -0.22 0.46 0.45999952 0.24 
-1.17 -1.17 -1.17 -1.17 -1.17 -1.17 -1.36 -1.36 -1.36 -1.84 -1.84 -1.84 -1.84 -1.84 -1.8030963 -1.7 -1.7 -1.7 -1.7 -1.7 -1.6980901 -1.66 -1.66 -1.66 -1.66 -1.6640821 -1.7897963 -1.107572 -1.189063 -1.19 -1.19 -1.19 -1.19 -1.1899982 -0.38 -0.38 -0.38 -0.38 -0.38 -0.32417628 -0.26 -0.26 -0.26 -0.43 -0.43 -0.43 -0.39 -0.39 -0.22 -0.22 0.11999999 0.23338038 0.24 
-1.17 -1.17 -1.17 -1.17 -1.17 -1.1700001 -1.36 -1.36 -1.3799227 -1.84 -1.84 -1.84 -1.84 -1.84 -1.8332847 -1.7 -1.7 -1.7 -1.7 -1.7 -1.7 -1.7698423 -1.7899998 -1.79 -1.79 -1.79 -1.79 -1.79 -1.4543893 -1.4499969 -1.45 -1.45 -1.45 -1.4499992 -0.38 -0.38 -0.38 -0.38 -0.38 -0.26000001 -0.26 -0.26 -0.26 -0.26000008 -0.42987174 -0.35 -0.39 -0.29172999 -0.22006133 0.12 0.12 0.12145507 0.19 
-1.17 -1.17 -1.17 -1.17 -1.17 -1.1700121 -1.3599898 -1.360029 -1.8399994 -1.84 -1.84 -1.84 -1.84 -1.84 -1.8373361 -1.7 -1.7 -1.7 -1.7 -1.7 -1.7 -1.79 -1.79 -1.79 -1.79 -1.79 -1.79 -1.79 -1.4500939 -1.45 -1.45 -1.45 -1.45 -1.45 -1.1568201 -0.38 -0.38 -0.38 -0.38 -0.26 -0.26 -0.26 -0.26 -0.26002306 -0.35 -0.35 -0.34962395 -0.29 -0.29 0.12 0.12 0.19 0.19 
-1.17 -1.17 -1.17 -1.17 -1.17 -1.1702534 -1.359788 -1.7858351 -1.84 -1.84 -1.84 -1.84 -1.84 -1.84 -1.8375491 -1.7 -1.7 -1.7 -1.7 -1.7 -1.7128144 -1.79 -1.79 -1.79 -1.79 -1.79 -1.79 -1.79 -1.4500014 -1.45 -1.45 -1.45 -1.45 -1.45 -1.45 -0.64655897 -1.0608565 -1.2874033 -1.3218746 -0.31142293 -0.26000002 -0.26 -0.26 -0.34999281 -0.35 -0.35232799 -0.73999785 -0.29 -0.29 0.069986915 0.07 0.07 0.18999995 
-1.17 -1.17 -1.17 -1.17 -1.1700002 -1.1715847 -1.4001683 -1.839868 -1.84 -1.84 -1.84 -1.84 -1.84 -1.84 -1.8367308 -1.7 -1.7 -1.7 -1.7 -1.7 -1.7899996 -1.79 -1.79 -1.79 -1.79 -1.79 -1.79 -1.79 -1.4500001 -1.45 -1.45 -1.45 -1.45 -1.45 -1.45 -1.34 -1.34 -1.34 -1.34 -1.06 -1.06 -1.06 -1.06 -0.73999887 -0.74 -0.74 -0.74 -0.7399917 0.01 0.01 0.07 0.07 0.30578656 
-1.17 -1.17 -1.17 -1.17 -1.1700053 -1.1753762 -1.806743 -1.8399937 -1.84 -1.84 -1.84 -1.84 -1.84 -1.84 -1.8352475 -1.7000001 -1.7 -1.7 -1.7 -1.7005417 -1.79 -1.79 -1.79 -1.79 -1.79 -1.79 -1.79 -1.79 -1.4500001 -1.45 -1.45 -1.45 -1.45 -1.45 -1.3400001 -1.34 -1.34 -1.34 -1.34 -1.06 -1.06 -1.06 -1.06 -0.97363338 -0.74 -0.74 -0.74 0.0099916104 0.01 0.01 0.41 0.41 0.41 
-1.17 -1.17 -1.17 -1.1700004 -1.1700532 -1.2118338 -1.8381754 -1.8399984 -1.84 -1.84 -1.84 -1.84 -1.84 -1.84 -1.8332383 -1.7000033 -1.7 -1.7 -1.7000001 -1.7881765 -1.79 -1.79 -1.79 -1.79 -1.79 -1.79 -1.79 -1.79 -1.4500003 -1.45 -1.45 -1.45 -1.45 -0.4471032 -1.3399996 -1.34 -1.34 -1.34 -1.34 -1.06 -1.06 -1.06 -1.06 -1.06 -0.74 -0.74 -0.74 0.0099999925 0.01 0.01 0.41 0.41 0.41 
-1.17 -1.17 -1.1700002 -1.1700052 -1.1704425 -1.5383428 -1.8396763 -1.839999 -1.84 -1.84 -1.84 -1.84 -1.84 -1.8399997 -1.8308495 -1.7000511 -1.7 -1.7 -1.700466 -1.7899923 -1.79 -1.79 -1.79 -1.79 -1.79 -1.79 -1.79 -1.7899998 -1.4500021 -1.45 -1.449999 -0.20043968 -0.08 -0.08 -0.08 -1.34 -1.34 -1.34 -1.34 -1.06 -1.06 -1.06 -1.06 -1.06 -0.74000567 -0.74 -0.73999963 0.0099999464 0.01 0.010000217 0.41 0.41 0.41 
