interpolatedSpi/06-07|23_3.tif
NCOLS 53
NROWS 52
XLLCORNER -116.03883
YLLCORNER 28.596182
DX 0.49850594
DY 0.49788537
NODATA_VALUE -9999
1.445 1.445 1.1382308 1.585 1.035 1.585 1.075 0.635 -0.52137872 -0.62 -0.53 0.02 -0.45503541 -0.885 -0.81 -0.81 -0.81 -1.03 -0.335 -0.335 -0.335 -0.33499422 0.26499999 -1.015 -1.015 -1.015 -0.78000182 -0.78 -0.78 -1.48 -1.48 -1.48 -1.48 -2.2099999 -2.21 -2.21 -2.21 -2.21 -2.21 -2.2099999 0.13969236 0.16510522 0.58 0.58 0.58 0.58 0.57704365 -1.23 -1.23 -1.23 -0.72000106 -0.72 -0.72 
1.4449649 0.655 1.0449998 0.94556242 1.2198622 0.985 0.995 0.17544018 -0.535 -0.65 0.38 -0.455 -0.455 -0.32188398 -0.88499251 -0.81 -1.03 -1.03 -0.33590619 -0.335 -0.335 -0.335 -1.0465823 -1.015 -1.015 -1.015 -0.35000005 -0.35 -1.48 -1.48 -1.48 -1.48 -1.48 -2.2099999 -2.21 -2.21 -2.21 -2.21 -2.2099999 -1.7287555 0.85972974 0.6139741 0.58 0.58 0.58 0.58 0.58 -1.23 -1.23 -1.23 -1.1877103 -0.72 -0.72 
1.4450013 1.445 0.9 0.685 1.17 1.5 0.615 1.025 -0.605 -1.43 -0.885 0.125 -0.155 -1.635 -0.32 -1.095 -1.03 -1.03 -1.03 -9.7385498e-05 -2.2527054e-27 -2.5327965e-14 -1.615 -1.015 -1.015 -1.015 -0.35 -0.35 -0.35 -1.48 -1.48 -1.48 -1.244114 -2.2073189 -2.2023676 -1.397514 -1.39 -1.39 -1.1070093 0.85999998 0.86 0.85964195 0.58 0.58 0.58 0.58 0.58 -1.23 -1.23 -1.23 -1.23 -0.72 -0.72 
1.75 1.4449998 0.51975337 0.63 -0.165 0.15 0.11 -0.44 0.485 -0.66676844 -0.67 -1.105 -0.765 -1.635 -0.505 -1.095 -0.99080335 -0.99002803 -0.56 -1.6700518e-11 -1.8765082e-81 -1.275 -1.615 -1.615 -1.015 -1.0149967 -0.35 -0.35 -0.35 -1.41 -1.1795554 -0.99 -0.99 -0.99000031 -1.39 -1.39 -1.39 -1.39 0.86 0.86 0.86 0.85999999 0.58 0.58 0.58 0.58 0.58 -1.2299772 -1.23 -1.23 -1.23 -0.72006026 -0.72 
1.75 0.14500069 0.52 -0.26569651 -0.165 -0.66 -0.66003254 -1.35 -1.67 -0.33000058 -0.62819132 -0.7548718 0.14 -0.505 -0.505 -0.89811825 -0.99 -0.99 -0.56 -0.56 -2.5111307e-06 -1.275 -0.485 0.205 -0.43 -0.42996958 -0.35 -0.35 -1.41 -1.41 -0.99 -0.99 -0.99 -0.9767998 -1.39 -1.39 -1.39 0.86 0.86 0.86 0.86 0.85977557 0.57999997 0.58 0.58 0.58 0.58 0.56388876 -1.23 -1.2300599 -2.565 -2.565 -2.565 
-0.88 -0.275 -0.55499997 -0.01 -0.605 -1.53 -1.565 -1.5374738 -0.69 -1.145 -2.55 -1.125 -1.1249992 -2.06 -2.06 -0.64002294 -0.64 -1.93 -1.93 -0.56000066 -0.95 -0.95 0.205 -0.43 -0.43 -0.3 -0.87 -0.87 -0.75006156 -1.41 -0.99 -0.99 -0.92 -0.919965 -0.58502404 -0.6 -0.6 0.40831567 0.86 0.86 -1.4621002 -1.465 -1.4649982 -1.0654317 -1.0948149 -1.0949996 -1.0949999 -1.0949994 -2.1939689 -2.565 -2.565 -2.565 -2.565 
0.36501391 -0.7 -0.33751057 -0.99 -1.345 -1.57 -1.145 -1.57 -2.34 -2.34 -2.55 -2.265 -2.0499998 -2.06 -0.73500397 -0.735 -0.64 -0.665 -1.305 -1.305 -0.49051673 0.025 0.025 -0.41 -0.3 -0.3 -0.87 -0.87 -0.75007081 -0.7513036 -0.52943951 -0.92 -0.92 -0.585 -0.585 -1.199104 -0.6 -0.6 -1.1599806 -1.4649996 -1.465 -1.465 -1.4649903 -1.0950017 -1.095 -1.095 -1.095 -1.0950006 -2.165 -2.5649207 -2.565 -2.565 -2.565 
0.365 -0.875 -0.46 -2.16 -1.4900384 -1.915 -2.615 -3.12 -2.42 -2.405 -2.405 -1.345 -2.05 -2.05 -0.74402212 -1.1994861 -1.245 -0.87 -1.4349999 -1.305 -0.70744644 -0.62 -0.33 -0.15 -0.15001341 -1.19 -1.335 -1.3349998 -1.9607425 -1.965 -0.525 -0.80804505 -0.98 -0.585 -0.60795957 -1.7 -1.7 -1.16 -1.16 -1.465 -1.465 -1.465 -1.3924894 -1.395 -1.095 -1.095 -1.095 -2.1649593 -2.165 -2.165 -2.565 -2.565 -2.565 
-0.95616781 -0.875 -0.415 -1.875 -1.505 -2.665 -1.64 -1.83 -2.735 -1.8897161 -0.07 -1.425 -1.425 -0.965 -0.96500259 -0.66163044 -0.66 -0.66 -0.95624812 -0.81000018 -1.65 -1.65 -0.785 -0.50930802 -1.0851955 -1.19 -1.37 -1.335 -1.2057554 -1.205 -0.76 -0.42 -0.18580396 -1.5 -1.39 -1.82 -1.31 -0.6 -0.59500231 -1.4617191 -0.73 -0.985 -1.3948958 -1.395 -1.3933114 -1.095 -1.595 -2.165 -2.165 -2.165 -2.165 -2.431777 -0.76 
-1.41 -1.41 -0.215 -0.56 -2.635 -0.925 -1.545 -2.655 -2.295 -1.6750333 -2.245 -0.76 -0.965 -0.965 -1.24 -1.232045 -0.66 -0.65996187 -0.46 -0.81 -0.81 -0.91822015 -0.785 -0.54500454 -0.545 -0.545 -1.37 -1.525 -1.525 -1.205 -1.205 -0.41911807 0.045 -1.5 -1.53 -1.82 -1.31 -1.885 -0.595 -0.52613451 -0.98499999 -0.90051194 -0.755 -1.395 -1.395 -1.595 -1.595 -1.595 -2.165 -2.165 -1.495 -1.495 -1.4949997 
-1.41 -1.41 -1.525 -1.835 -1.8 -0.485 -1.87 -0.75673453 -0.535 -0.415 -1.11 -0.055 -0.75906174 -1.24 -1.24 -1.2399475 -0.785 -0.76794248 -0.46 -0.28 -0.28 0.46 0.46 -0.545 -0.545 -0.545 -1.525 -1.525 -1.525 -0.995 -0.995 -0.99499829 -1.255 -1.255 -2.605 -1.83 -1.51 -0.95001085 -0.82 -0.525 -0.525 -0.63500039 -0.755 -1.395 -0.96999994 -0.775 -0.932864 -0.93 -1.595 -1.595 -1.495 -1.495 -1.495 
-1.41 -1.4597577 -1.6572881 -1.4599922 -1.355 -1.095 -1.87 -0.755 -0.53500184 -0.41632945 -0.055000469 -0.055 -0.17 -1.24 -1.24 -0.78500002 -0.785 -0.7849815 -0.46 -0.28 -0.13467905 0.46 0.46 -0.54495945 -0.545 -0.50719725 -0.43 -0.43 -0.43000014 -0.995 -0.995 -0.42 -0.42 -1.2550037 -2.605 -0.83500092 -1.6246525 -0.95 -0.95 -0.525 -0.635 -0.635 -0.63500244 -0.97 -0.97 -0.775 -0.93 -0.93 -1.595 -1.595 -1.495 -1.495 -1.495 
-0.45 -0.52913024 -0.44005148 -0.44739076 -1.3549989 -1.0950061 -1.87 -0.768725 -0.55016025 -0.53186648 -0.17 -0.17 -0.17 -0.17 -1.2398484 -0.785 -0.785 -0.78080373 -0.46 -0.27976099 0.55 0.55 0.55 0.55 -0.52638301 -0.43 -0.43 -0.43 -0.43 -0.43031436 -0.42 -0.42 -0.42 -0.42 -0.835 -0.835 -0.835 -0.94594252 -0.951427 -1.14 -1.14 -0.63502716 -1.2849892 -0.97003034 -0.97 -0.775 -0.93 -0.93 -1.595 -1.595 -1.4953628 -1.495 -1.6545284 
-0.45 -0.44 -0.44 -0.44 -0.44 -0.44000028 -1.8680161 -1.3423949 -0.59060638 -0.17038993 -0.17 -0.17 -0.17 -0.17 -0.16999922 -0.78500001 -0.78499995 -0.76270722 -0.46000126 0.55 0.55 0.55 0.55 0.55 0.5505365 -0.30177365 -0.37500001 -0.375 -0.375 -0.375 -0.41999998 -0.42 -0.41999904 0.375 0.375 -0.835 -0.11557812 -0.095 -1.1399994 -1.14 -1.14 -1.14 -1.285 -1.285 -1.285 -1.2814509 -1.2776906 -1.28 -1.28 -1.28 -1.28 -1.515 -1.515 
-1.06 -0.44 -0.44 -0.44 -0.44 -0.44 -0.44000009 -1.0517096 0.9165725 0.925 0.925 0.925 0.925 0.925 0.92499999 1.3019932 -0.75172447 -0.74049613 0.5498729 0.55 0.55 0.55 0.55 0.55000038 0.575 0.575 0.57499866 -0.375 -0.375 -0.37261709 0.815 0.815 0.375 0.375 0.375 -0.019711086 -0.095 -0.095 -0.095 -1.14 -1.14 -1.14 -1.285 -1.285 -1.285 -1.285 -1.28 -1.28 -1.28 -1.28 -1.28 -1.515 -1.515 
-1.06 -0.82918104 -0.44 -0.44 -0.44 -0.44 0.33484789 0.335 0.33500001 0.925 0.925 0.925 0.925 0.925 1.0099337 1.31 1.31 1.31 0.87899587 0.87999966 0.88 0.88 0.88 0.88 0.575 0.575 0.575 0.575 -0.375 0.815 0.815 0.815 0.37500004 0.375 0.375 -0.03 -0.094913938 -0.095 -0.095 -1.1400737 -1.2880895 -1.6335206 -1.285 -1.285 -2.1323768 -2.135 -2.135 -1.2807923 -1.7583226 -1.76 -1.7599999 -1.3250289 -1.5149996 
-1.06 -0.038200089 -0.2224002 -0.44 -0.44 0.33454209 0.335 0.335 0.335 0.33925171 0.925 0.925 0.925 0.92500005 1.31 1.31 1.31 1.31 0.88038411 0.88 0.88 0.88 0.88 0.88 0.57500001 0.575 0.575 0.575 0.57587296 0.815 0.815 0.815 0.85 0.37497027 -0.03 -0.03 -0.03 -0.038414158 -1.5374825 -1.635 -1.635 -1.635 -1.795 -1.795 -2.135 -2.135 -2.135 -1.76 -1.76 -1.76 -1.76 -1.325 -1.325 
-0.010634981 -0.01 -0.01 -0.009999996 0.39 0.33500142 0.335 0.335 0.335 0.335 0.84891305 0.9249869 0.92499997 1.31 1.31 1.31 1.31 1.31 1.263349 0.88 0.88 0.88 0.88 0.88 0.91908702 1.2149965 1.215 1.215 1.215 0.815 0.85 0.85 0.85 0.85 -0.03 -0.030020146 -0.795 -0.795 -1.6245113 -1.635 -1.635 -1.635 -1.795 -1.795 -2.0823563 -2.135 -2.135 -1.76 -1.76 -1.76 -1.7553357 -1.325 -1.325 
-0.01 -0.01 -0.01 0.17836597 0.39 0.39 0.335 0.335 0.335 0.335 -0.08 -0.08 -0.08 1.31 1.31 1.31 1.31 1.3100289 1.105 1.105 0.88000009 0.88 0.88292149 1 1.0019355 1.215 1.215 1.215 1.215 0.85003717 0.85 0.85 0.85 0.85 -0.79499731 -0.795 -0.795 -0.795 -0.79796184 -1.635 -1.635 -1.635 -1.795 -1.795 -1.795 -2.135 -2.135 -1.76 -1.76 -1.76 -1.325 -1.325 -1.325 
-0.01 -0.01 -0.01 0.39 0.39 0.39 0.38999992 0.335 0.335 -0.079571601 -0.08 -0.08 -0.08 -0.079133964 1.4516489 1.485 1.485 1.485 1.105 1.105 1.105 1 1 1 0.99996078 1.0287939 1.215 1.215 1.215 0.1915983 0.03008065 0.03 0.03 0.03 -0.84789321 -0.9249997 -0.925 -0.925 -0.925 -0.66013341 -0.66 -0.66 -1.795 -1.795 -0.80000415 -0.80000019 -1.34 -1.34 -1.385 -1.385 -1.385 -1.325 -1.4249106 
-0.01000014 -0.01 -0.0099999856 0.39 0.39 0.39 0.38999999 -0.20999984 0.33282088 -0.079809577 -0.08 -0.08 -0.08 -0.076929038 1.485 1.485 1.485 1.4849999 1.105 1.105 1.105 1 1 1 0.86 0.86 0.94 0.94 0.94 0.93503566 0.03 0.03 0.03 0.03 -0.44723783 -0.925 -0.925 -0.925 -0.925 -0.66 -0.66 -0.66 -0.66440494 -0.8 -0.8 -0.8 -1.34 -1.34 -1.385 -1.385 -1.385 -1.425 -1.425 
-0.055 -0.02686678 0.12 0.12007833 0.39 -0.20652842 -0.21 -0.21 -0.13894617 0.13 0.13 0.13 0.13 1.4849559 1.485 1.485 1.485 1.4749876 1.105 1.105 1.105 0.765 0.765 0.765 0.86 0.86 0.94 0.94 0.94 0.93999971 0.54499673 0.54499855 0.042943752 0.030552116 -1.1086964 -1.11 -1.11 -1.11 -1.11 -0.66 -0.66 -0.66 -0.79229131 -0.8 -0.8 -0.80000005 -1.34 -1.34 -1.3400016 -1.385 -1.3850186 -1.8 -1.425 
0.23494493 0.23499998 0.12 0.12 0.12 -0.21 -0.21 -0.21 -0.015 -0.015 0.13 0.13 0.13 1.485 1.485 1.485 1.485 1.4849578 1.105 1.105 1.105 0.765 0.765 0.765 0.86 0.86 0.94 0.94 0.94 0.54945365 0.545 0.545 0.545 0.545 -1.1091834 -1.11 -1.11 -1.11 -1.11 -0.87499994 -0.875 -0.875 -0.875 -0.8000023 -1.1 -1.1 -1.1 -1.625 -1.625 -1.625 -1.8 -1.8 -1.8 
0.235 0.235 0.12 0.12 0.12 -0.20826546 -0.21 -0.015 -0.015 -0.015 0.12998215 0.13 0.4936205 1.4849998 1.485 1.485 1.485 0.65 0.65 0.65 0.99999999 0.99999983 0.76500114 0.765 0.76533199 1.28 1.28 1.2799992 0.94005495 0.71996512 0.71999907 0.71996945 0.54529909 0.54515102 -0.81512533 -1.1099999 -1.1093465 -0.915 -0.915 -0.875 -0.875 -0.875 -0.875 -1.1 -1.1 -1.1 -1.1 -1.625 -1.625 -1.625 -1.8 -1.8 -1.8 
0.235 0.235 0.12 0.12 0.12 0.12 -0.1370172 -0.015 -0.015 -0.015 -0.014674095 0.575 0.575 0.575 1.4796372 1.485 0.65556423 0.65 0.65 0.65 1 1 1 1 1.28 1.28 1.28 1.28 1.28 0.72 0.72 0.72 0.72 0.7199985 0.01 -0.915 -0.915 -0.915 -0.915 -0.91500185 -1.505 -1.505 -1.505 -1.4138833 -1.225 -1.225 -1.225 -1.625 -1.6250001 -1.74 -1.74 -1.3101192 -1.31 
0.235 0.235 0.16150692 0.12 0.12 0.11999999 -0.35439666 -0.016071492 -0.015 -0.015 0.57499981 0.575 0.575 0.575 0.575 0.64960093 0.65 0.65 0.65 0.65 0.99999729 1 1 1 1.28 1.28 1.28 1.28 1.28 0.71630522 0.72 0.72 0.72 0.01 0.01 0.0092817145 -0.915 -0.915 -1.3202005 -1.6349999 -1.505 -1.505 -1.505 -1.4161224 -1.225 -1.225 -1.225 -1.51 -1.7371342 -1.74 -1.74 -1.31 -1.31 
-0.035 -0.035 -0.035 0.081137239 0.11932348 -0.355 -0.355 -0.355 -0.355 -0.345 -0.345 0.57499993 0.575 0.575 0.575 0.5750047 0.65 0.65 0.65 0.65 0.84727135 1 1 1.0263013 1.9727166 1.28 1.28 1.28 0.715 0.715 0.715 0.71500002 0.01 0.01 0.01 0.01 -1.635 -1.635 -1.635 -1.635 -1.435 -1.435 -1.435 -1.5299981 -1.53 -1.53 -1.5299999 -1.51 -1.51 -1.7397198 -1.74 -1.3100009 -1.31 
-0.035 -0.035 -0.035 -0.035016424 -0.34 -0.34218125 -0.355 -0.355 -0.355 -0.345 -0.345 -0.345 -0.75999994 -0.76 -0.76 -0.75999998 0.64738965 0.65 0.65 0.65 0.65536211 2.0049972 2.005 2.005 2.005 2.005 1.5 1.5 0.715 0.715 0.715 0.715 0.009999852 0.01 0.01 0.0099833025 -1.635 -1.635 -1.635 -1.6342104 -1.435 -1.435 -1.435 -1.5299956 -1.53 -1.53 -1.53 -1.51 -1.51 -1.51 -1.495 -1.495 -1.5 
-0.035 -0.035 -0.035 -0.3399993 -0.34 -0.34 -0.35499999 -0.355 -0.355 -0.345 -0.345 -0.345 -0.76 -0.76 -0.76 -0.76114239 -0.775 -0.775 -0.77499632 0.64195124 2.005 2.005 2.005 2.005 2.005 2.00462 1.5 1.5 1.5 0.715 0.715 0.71511264 -0.195 -0.195 -0.195 -0.84 -0.84 -1.455 -1.455 -1.455 -0.825 -1.4348087 -1.4350012 -1.595 -1.595 -1.5925366 -1.5300001 -1.51 -1.51 -1.495 -1.495 -1.495 -1.5 
-0.035 -0.035 -0.035 -0.34 -0.34 -0.34 -0.34 -0.355 -0.355 -0.345 -0.345 -0.74340599 -0.76 -0.76 -0.76 -0.775 -0.775 -0.775 -0.775 -0.775 2.005 2.005 2.005 2.005 2.005 1.5000017 1.5 1.5 1.5 0.89 0.89 0.89 -0.195 -0.195 -0.195 -0.84 -0.84 -1.455 -1.455 -0.825 -0.825 -0.825 -1.595 -1.595 -1.595 -1.595 -1.6019825 -1.68 -1.68 -1.68 -1.495 -1.1 -1.1 
-0.035 -0.035 -0.035424726 -0.34 -0.34 -0.34 -0.34 -0.37808047 -0.38 -0.37993991 -0.34500003 -0.76002094 -0.76 -0.76 -0.76000005 -0.775 -0.775 -0.775 -0.775 -0.775 -0.22962783 2.005 2.005 2.005 2.00493 1.5000093 1.5 1.5 1.5 0.89 0.89 0.89 0.88984211 -0.195 -0.84 -0.84 -0.84 -0.84002488 -1.454957 -0.825 -0.825 -0.825 -1.5949533 -1.595 -1.595 -1.595 -1.68 -1.68 -1.68 -1.68 -1.1 -1.1 -1.1 
-0.355 -0.35499944 -0.33984012 -0.34 -0.34 -0.34 -0.37999149 -0.38 -0.38 -0.38 -1.01 -1.01 -1.01 -1.01 -0.77608458 -0.775 -0.775 -0.775 -0.775 -0.32500027 -0.325 -0.325 1.6650001 1.665 1.665 1.665 1.6507584 1.5 0.73503133 0.735 0.735 0.735 0.735 -0.25 -0.25 -0.25 -0.25 -0.25 -1.19 -1.19 -1.19 -1.19 -1.19 -1.6798719 -1.68 -1.68 -1.68 -1.68 -1.68 -1.68 -1.1000914 -1.1 -1.1 
-0.355 -0.355 -0.35763733 -0.66999934 -0.66999993 -0.66971707 -0.38 -0.38 -0.38 -0.38 -1.01 -1.01 -1.01 -1.01 -1.01 -0.775 -0.775 -0.775 -0.32500011 -0.325 -0.325 -0.325 1.665 1.665 1.665 1.665 1.665 1.6649642 0.73532051 0.735 0.735 0.735 0.73512876 0.084471957 -0.24965367 -0.25 -0.25 -0.24999999 -1.19 -1.19 -1.19 -1.19 -1.19 -1.68 -1.68 -1.68 -1.68 -1.68 -1.68 -1.5613388 -1.56 -1.185 -1.185 
-0.355 -0.355 -0.6699601 -0.67 -0.67 -0.67 -0.59634122 -0.38 -0.38 -0.38 -1.01 -1.01 -1.01 -1.01 -1.01 -0.77518146 -0.775 -0.32513194 -0.325 -0.325 -0.325 -0.325 0.92779161 1.665 1.665 1.665 1.665 1.6649293 1.565 1.565 1.565 1.565 1.565 0.34 0.34 0.34 0.34 0.34 -1.205 -1.205 -1.205 -1.205 -1.205 -1.6790478 -1.6799998 -1.68 -1.6799339 -1.6720282 -1.56 -1.56 -1.56 -1.1850021 -1.185 
-0.35500061 -0.67856633 -0.67 -0.67 -0.67 -0.67 -0.67 -0.38012348 -0.38 -0.38 -1.01 -1.01 -1.01 -1.01 -1.0784452 -1.08 -1.08 -0.32501943 -0.325 -0.325 -0.325 -0.325 -0.32499977 1.665 1.665 1.665 1.665 1.9999996 1.9999998 1.9074214 1.565 1.565 1.565 0.34 0.34 0.34 0.34 0.34015578 -1.205 -1.205 -1.205 -1.205 -1.2049701 -1.29 -1.29 -1.29 -1.29 -1.2900218 -1.56 -1.56 -1.56 -1.5600002 -1.8796172 
-0.685 -0.685 -0.70667325 -0.67 -0.67 -0.67 -0.67 -0.67 -0.38012583 -1.28 -1.28 -1.28 -1.2793592 -1.0799999 -1.08 -1.08 -1.08 -1.08 -0.3249952 -0.283971 0.075 0.075 0.075 0.4770301 1.6189791 1.3727299 1.1654639 2 2 2 2 2 1.9766754 0.57869813 0.57 0.57 0.57 0.57 -1.1317365 -0.8150007 -0.815 -0.815 -0.815 -0.97500092 -1.2899999 -1.29 -1.29 -0.67 -1.5599857 -1.56 -1.56 -1.89 -1.89 
-0.685 -0.685 -0.85 -0.85 -0.85 -0.67005996 -0.67 -0.67 -1.28 -1.28 -1.28 -1.28 -1.28 -1.08 -1.08 -1.08 -1.08 -1.08 0.075 0.075 0.075 0.075 0.075 1.0899999 1.09 1.09 1.09 2 2 2 2 2 1.345 1.345 0.57000001 0.57 0.57 0.45002044 0.45 -0.815 -0.815 -0.815 -0.81499999 -0.975 -0.975 -0.975 -0.67 -0.67 -0.67 -0.555 -0.555 -1.89 -1.89 
-0.685 -0.685 -0.85 -0.85 -0.85 -0.85 -0.84999824 -0.53 -1.2792939 -1.28 -1.28 -1.28 -1.28 -1.0824948 -1.08 -1.08 -1.08 -1.08 0.074999977 0.075 0.075 0.075 0.075 1.09 1.09 1.09 1.09 1.0900037 2 2 2 1.3450343 1.345 1.345 1.345 0.57 0.45 0.45 0.45 0.41671548 -0.77284958 -0.765 -0.765 -0.975 -0.975 -0.975 -0.67 -0.67 -0.67 -0.555 -0.555 -0.555 -0.41368234 
-0.705 -0.70499984 -0.85 -0.85 -0.85 -0.85 -0.53 -0.53 -0.53 -1.28 -1.28 -1.28 -1.28 -1.2799378 -1.08 -1.08 -1.08 -1.08 0.074979305 0.074999999 0.075 0.074999987 0.91116674 1.09 1.09 1.09 1.09 1.2699999 1.27 1.27 1.9921407 1.345 1.345 1.345 1.344999 0.30000002 0.45 0.45 0.45 0.44999999 -0.765 -0.765 -0.765 -0.695 -0.695 -0.695 0.019932803 -0.67 -0.67 -0.555 -0.555 -0.555 -0.26000018 
-0.705 -0.705 -0.85 -0.85 -0.85 -0.53 -0.53 -0.53 -0.53 -1.1977764 -1.28 -1.28 -1.28 -1.2799988 -1.0899988 -1.09 -1.09 -1.09 -0.87741619 -0.8 -0.8 -0.8 -0.8 1.09 1.09 1.09 1.0900119 1.27 1.27 1.27 1.27 1.3448635 0.75721773 0.3 0.3 0.3 0.44787168 -0.11998813 -0.12 -0.12 -0.76467885 -0.35500001 -0.355 -0.695 -0.695 -0.69499697 0.02 0.02 -0.34 -0.34 -0.34 0.095 -0.325 
-0.705 -0.705 -0.71 -0.71 -0.71 -0.53 -0.53 -0.53 -0.53 -0.91 -0.91 -0.91 -0.91 -0.92268502 -1.09 -1.09 -1.09 -1.09 -0.88 -0.8 -0.8 -0.8 -0.8 -0.36 -0.35999943 1.0899979 1.27 1.27 1.27 1.27 0.87763669 0.495 0.32320233 0.3 0.3 0.3 -0.12 -0.12 -0.12 -0.12 -0.355 -0.355 -0.355 0.46973985 0.47 0.022022718 0.02 0.02 -0.33999647 -0.34 0.095 0.095 -0.325 
-0.705 -0.71 -0.71 -0.71 -0.71 -0.71 -0.53710305 -1.445 -1.445 -0.91 -0.91 -0.91 -0.91 -0.91004263 -1.09 -1.09 -1.09 -1.0805115 -0.88 -0.88 -0.8 -0.8 -0.36 -0.36 -0.36 -0.36 1.27 1.27 1.27 1.27 0.495 0.495 0.495 0.30019732 0.3 0.3 -0.12 -0.12 -0.12 -0.12 -0.355 -0.355 -0.355 0.47 0.47 0.4700238 0.89 0.89 0.39 0.39 0.095 0.095 -0.325 
-0.70995304 -0.71 -0.71 -0.71 -0.71 -0.71 -1.445 -1.445 -1.445 -1.1586456 -0.91 -0.91 -0.91 -0.91000854 -1.09 -1.09 -1.09 -0.88 -0.88 -0.88 -0.800004 -0.79999731 -0.36 -0.36 -0.36 -0.36 1.2698841 1.27 1.27 0.49517823 0.495 0.495 0.495 0.495 0.29944315 -0.41 -0.41 -0.40498105 -0.12 -0.12 -0.35499979 -0.355 0.44601295 0.47 0.47 0.88999985 0.89 0.89 0.39 0.39 0.02 0.02 0.29 
-0.71 -0.71 -0.71 -0.71 -0.71 -0.71 -1.445 -1.445 -1.445 -1.445 -1.3149883 -1.315 -1.315 -1.315 -1.0900004 -1.1188454 -1.135 -1.135 -0.88047009 -0.88 -0.87999998 -0.36000064 -0.36 -0.36 -0.36 -0.36 -0.3588149 1.27 1.2699735 0.495 0.495 0.495 0.495 0.495 -0.41 -0.41 -0.41 -0.41 -0.41 -0.4099984 -0.17 -0.17 -0.16999987 0.215 0.215 0.215 -0.2 -0.2 -0.115 -0.115 0.02 0.020000588 0.29 
-0.71 -0.71 -0.71 -0.71 -0.71 -0.71 -1.445 -1.445 -1.445 -1.315 -1.315 -1.315 -1.315 -1.315 -1.2675524 -1.135 -1.135 -1.135 -1.135 -1.135 -1.1228246 -0.36 -0.36 -0.36 -0.36 -0.38763289 -1.238621 0.92822146 0.4988219 0.495 0.495 0.495 0.495 0.49499802 -0.41 -0.41 -0.41 -0.41 -0.41 -0.29835256 -0.17 -0.17 -0.17 0.215 0.215 0.215 -0.2 -0.2 -0.115 -0.115 -0.56499999 0.24283453 0.29 
-0.71 -0.71 -0.71 -0.71 -0.71 -0.71000022 -1.4449998 -1.445 -1.4396043 -1.315 -1.315 -1.315 -1.315 -1.315 -1.3063661 -1.135 -1.135 -1.135 -1.135 -1.135 -1.135 -1.1051318 -1.2399988 -1.24 -1.24 -1.24 -1.24 -1.24 -0.19875001 -0.18499195 -0.18499998 -0.185 -0.185 -0.18500016 -0.41 -0.41 -0.41 -0.41 -0.41 -0.17000003 -0.17 -0.17 -0.17 -0.16999983 0.21293184 -1.075 -0.20000009 -1.0352951 -0.11581925 -0.565 -0.565 -0.55938761 -0.295 
-0.71 -0.71 -0.71 -0.71 -0.71 -0.71004695 -1.4449604 -1.4449921 -1.3150002 -1.315 -1.315 -1.315 -1.315 -1.315 -1.311575 -1.135 -1.135 -1.135 -1.135 -1.135 -1.135 -1.24 -1.24 -1.24 -1.24 -1.24 -1.24 -1.24 -0.18529123 -0.185 -0.185 -0.185 -0.185 -0.185 -0.24664998 -0.41 -0.41 -0.41 -0.41 -0.17 -0.17 -0.17 -0.17 -0.17023184 -1.075 -1.075 -1.0748433 -1.05 -1.05 -0.565 -0.565 -0.295 -0.295 
-0.71 -0.71 -0.71 -0.71 -0.71 -0.71098022 -1.4441239 -1.3296697 -1.315 -1.315 -1.315 -1.315 -1.315 -1.315 -1.3118488 -1.135 -1.135 -1.135 -1.135 -1.135 -1.1499501 -1.24 -1.24 -1.24 -1.24 -1.24 -1.24 -1.24 -0.18500423 -0.185 -0.185 -0.185 -0.185 -0.185 -0.185 -0.29338706 -0.11212528 -0.013011067 0.0020658436 -0.17610647 -0.17 -0.17 -0.17 -1.0749277 -1.075 -1.0740449 -0.91500065 -1.05 -1.05 -0.94498037 -0.945 -0.945 -0.29500028 
-0.71 -0.71 -0.71 -0.71 -0.71000075 -0.71612956 -1.4286112 -1.3150357 -1.315 -1.315 -1.315 -1.315 -1.315 -1.315 -1.3107967 -1.135 -1.135 -1.135 -1.135 -1.135 -1.2399995 -1.24 -1.24 -1.24 -1.24 -1.24 -1.24 -1.24 -0.18500029 -0.185 -0.185 -0.185 -0.185 -0.185 -0.18499996 0.01 0.01 0.01 0.0099999989 -0.265 -0.265 -0.265 -0.265 -0.91500046 -0.915 -0.915 -0.915 -0.91499938 -0.855 -0.855 -0.945 -0.945 -1.218648 
-0.71 -0.71 -0.71 -0.71000006 -0.71002053 -0.72989512 -1.3226529 -1.3150017 -1.315 -1.315 -1.315 -1.315 -1.315 -1.315 -1.3088897 -1.1350001 -1.135 -1.135 -1.135 -1.1356319 -1.24 -1.24 -1.24 -1.24 -1.24 -1.24 -1.24 -1.24 -0.18500024 -0.185 -0.185 -0.185 -0.185 -0.185 0.0099998211 0.01 0.01 0.01 0.01 -0.265 -0.265 -0.265 -0.265 -0.44043221 -0.915 -0.915 -0.915 -0.85500067 -0.855 -0.855 -1.35 -1.35 -1.35 
-0.71 -0.71 -0.71000003 -0.71000167 -0.71020087 -0.77866073 -1.3153336 -1.3150004 -1.315 -1.315 -1.315 -1.315 -1.315 -1.315 -1.3063064 -1.1350042 -1.135 -1.135 -1.1350001 -1.2378725 -1.24 -1.24 -1.24 -1.24 -1.24 -1.24 -1.24 -1.24 -0.18500099 -0.185 -0.185 -0.185 -0.185 -0.133757 0.009999962 0.01 0.01 0.01 0.01 -0.265 -0.265 -0.265 -0.265 -0.265 -0.915 -0.915 -0.915 -0.855 -0.855 -0.855 -1.35 -1.35 -1.35 
-0.71000001 -0.71000005 -0.7100007 -0.71001967 -0.71117065 -1.0678533 -1.3150399 -1.3150003 -1.315 -1.315 -1.315 -1.315 -1.315 -1.3149997 -1.3032351 -1.1350657 -1.135 -1.135 -1.1355436 -1.2399911 -1.24 -1.24 -1.24 -1.24 -1.24 -1.24 -1.24 -1.2399994 -0.18500661 -0.185 -0.18499995 -0.12115385 -0.115 -0.115 -0.115 0.01 0.01 0.01 0.01 -0.265 -0.265 -0.265 -0.265 -0.265 -0.91498848 -0.915 -0.91499997 -0.855 -0.855 -0.85500027 -1.35 -1.35 -1.35 
