interpolatedSpi/06-09|21_2.tif
NCOLS 53
NROWS 52
XLLCORNER -116.03883
YLLCORNER 28.596182
DX 0.49850594
DY 0.49788537
NODATA_VALUE -9999
[rows 0 to 39 of 52, columns 0 to 52 of 53]
-1.2275 -1.2275 -1.5075491 -1.2525 -1.315 -1.535 -1.1075 -1.06 -1.0771694 -0.92 -1.255 -0.795 -1.4125235 -1.6975 -1.51 -1.51 -1.51 -0.2625 -0.7675 -0.7675 -0.7675 -0.76749073 0.19499999 -1.275 -1.275 -1.275 -0.9824938 -0.9825 -0.9825 -0.2975 -0.2975 -0.2975 -0.2975 -0.36249999 -0.3625 -0.3625 -0.3625 -0.3625 -0.3625 -0.36250003 -1.5991794 -1.6121008 -0.045 -0.045 -0.045 -0.045 -0.044514081 0.2525 0.2525 0.2525 0.29249992 0.2925 0.2925
-1.2275255 -1.8025 -1.2749994 -1.2886326 -1.7023912 -0.915 -1.185 -1.1871412 -1.4475 -1.185 -1.1575 -1.4125 -1.4125 -0.90764257 -1.6974888 -1.51 -0.2625 -0.2625 -0.76684155 -0.7675 -0.7675 -0.7675 -1.2647358 -1.275 -1.275 -1.275 -1.3575 -1.3575 -0.2975 -0.2975 -0.2975 -0.2975 -0.2975 -0.36249999 -0.3625 -0.3625 -0.3625 -0.3625 -0.36250005 -0.46216347 -0.93748602 -0.1532979 -0.045 -0.045 -0.045 -0.045 -0.045 0.2525 0.2525 0.2525 0.25581684 0.2925 0.2925
-1.5299765 -1.53 -0.7375 -0.98 -0.7525 -1.0675 -0.585 -0.905 -1.31 -1.1225 -1.17 -1.485 -1.08 -1.225 -0.905 -1.485 -0.2625 -0.2625 -0.2625 -0.78499491 -0.785 -0.785 -1.08 -1.275 -1.275 -1.275 -1.3575 -1.3575 -1.3575 -0.2975 -0.2975 -0.2975 -0.268616 -0.36387992 -0.36941109 -1.0981961 -1.105 -1.105 -1.0839329 -0.9375 -0.9375 -0.93635872 -0.045 -0.045 -0.045 -0.045 -0.045 0.2525 0.2525 0.2525 0.2525 0.2925 0.2925
0.04 -1.5299998 -0.49992953 -0.145 -0.345 -0.67 -0.4975 -0.7625 -0.45 -0.81279084 -0.985 -1.1175 -1.1225 -1.225 -0.995 -1.485 -1.7306064 -1.73147 -1.385 -0.785 -0.785 -1.1575 -1.08 -1.08 -1.275 -1.2750004 -1.3575 -1.3575 -1.3575 -0.43 -0.32437954 -0.2375 -0.2375 -0.23750068 -1.105 -1.105 -1.105 -1.105 -0.9375 -0.9375 -0.9375 -0.93749997 -0.045 -0.045 -0.045 -0.045 -0.045 0.25249625 0.2525 0.2525 0.2525 0.29245664 0.2925
0.04 0.16999877 -0.5 -0.72875898 -0.345 -0.4375 -1.0874541 -0.89 -1.175 -0.63000039 -1.0843793 -1.3000036 -1.325 -0.995 -0.995 -1.3267467 -1.7325 -1.7325 -1.385 -1.385 -0.7850007 -1.1575 -1.105 -0.9025 -1.035 -1.0348522 -1.3575 -1.3575 -0.43 -0.43 -0.2375 -0.2375 -0.2375 -0.27380021 -1.105 -1.105 -1.105 -0.9375 -0.9375 -0.9375 -0.9375 -0.93752606 -0.045000017 -0.045 -0.045 -0.045 -0.045 -0.042351881 0.2525 0.25244227 -1.035 -1.035 -1.035
-1.345 -0.38 -0.40250001 -0.5725 -0.735 -0.485 -0.985 -0.97283728 -0.895 -0.61 -0.4425 -0.3725 -0.37250063 -1.15 -1.15 -1.6298177 -1.63 -1.61 -1.61 -1.3849994 -0.7025 -0.7025 -0.9025 -1.035 -1.035 -0.4025 -0.24 -0.24 -0.20502031 -0.43 -0.2375 -0.2375 -0.43 -0.42993966 0.14745838 -0.735 -0.735 -0.874852 -0.9375 -0.9375 -1.2071633 -1.2075 -1.2074987 -1.7100786 -1.7398127 -1.7399995 -1.7399999 -1.7399994 -0.78710982 -1.035 -1.035 -1.035 -1.035
-0.39000286 -0.6125 -0.50761121 -0.53 -0.6825 -1.085 -0.565 -0.5525 -0.6525 -0.6525 -0.4425 -0.93 -1.1425 -1.15 -0.87500082 -0.875 -1.63 -0.695 -0.7175 -0.7175 -0.81206909 -0.935 -0.935 -0.29250001 -0.4025 -0.4025 -0.24 -0.24 -0.20499461 -0.20490076 0.28626471 -0.43 -0.43 0.1475 0.1475 -0.84120481 -0.735 -0.735 -1.0649886 -1.2074998 -1.2075 -1.2075 -1.207492 -1.7399942 -1.74 -1.74 -1.74 -1.7399994 -0.78 -1.0349495 -1.035 -1.035 -1.035
-0.39 -0.1275 -0.04 -0.8675 -0.87749943 -0.775 -0.38 -1.265 -1.12 -0.7075 -0.7075 -0.99 -1.1425 -1.1425 -0.8768353 -0.87955378 -0.88 -0.51 -0.84499987 -0.7175 0.030895978 0.0275 0.395 0.235 0.23500152 0.3525 -0.59 -0.58999988 -0.11282413 -0.11249999 0.2875 -0.3604877 -0.4875 0.1475 0.12225874 -0.93 -0.93 -1.065 -1.065 -1.2075 -1.2075 -1.2075 -0.70166025 -0.70250005 -1.74 -1.74 -1.74 -0.78003654 -0.78 -0.78 -1.035 -1.035 -1.035
-0.06150374 -0.1275 0.325 -0.25 -0.1575 -0.6075 -0.7125 -0.865 -1.14 -1.0423139 -1 -1.0725 -1.0725 -1.0825 -1.0824975 -0.48859393 -0.4875 -0.4875 -0.56113826 -0.012499983 0.0675 0.0675 -0.0075 0.23638137 0.3406591 0.3525 -0.695 -0.59 -0.038225106 -0.035 -0.325 0.2925 0.41463259 -0.35 -0.7375 -0.7225 -0.9 -0.8275 -0.91745844 -1.2051565 -0.6825 -0.5 -0.70245157 -0.7025 -0.70833961 -1.74 -1.48 -0.78000001 -0.78 -0.78 -0.78 -1.106903 -0.57
0.3075 0.3075 0.31 0.13 -0.0025 -0.725 -1.2425 -0.8025 -0.78 -1.0175247 -1.305 -0.6425 -1.0825 -1.0825 -0.8175 -0.8129739 -0.4875 -0.48746096 -0.325 -0.0125 -0.0125 -0.0021933157 -0.0075 -0.069998817 -0.07 -0.07 -0.695 0.052499999 0.0525 -0.035 -0.035 0.29295993 0.535 -0.35 -0.1475 -0.7225 -0.9 -0.6725 -0.9175 -1.2372328 -0.50000001 -0.46510276 -0.405 -0.7025 -0.7025 -1.48 -1.48 -1.48 -0.78 -0.78 -1.6125 -1.6125 -1.6124996
0.3075 0.3075 -0.2125 -0.375 -0.7575 -0.0725 -0.47500001 -1.0800052 -1.105 -1.0075 -1.065 -1.23 -0.64328279 -0.8175 -0.8175 -0.8174328 -0.235 -0.23972362 -0.325 -0.88 -0.88 -0.03 -0.03 -0.07 -0.07 -0.07 0.0525 0.0525 0.0525 0.44 0.44 0.44000016 -0.225 -0.225 -0.63 -0.8025 -0.64 -1.4199851 -1.2925 -1.2425 -1.2425 -0.94749822 -0.405 -0.7025 -1.2775002 -1.665 -1.0244703 -1.0225 -1.0675 -1.0675 -1.6125 -1.6125 -1.6125
0.3075 0.082886871 -0.28184455 -0.81499005 -0.475 -0.505 -0.475 -1.08 -1.1049998 -1.0085802 -1.2299997 -1.23 -0.7425 -0.8175 -0.8175 -0.23500002 -0.235 -0.23500512 -0.325 -0.88 -0.71307729 -0.03 -0.03 -0.069999273 -0.07 -0.15300169 -0.3225 -0.3225 -0.32249995 0.44 0.44 -0.2575 -0.2575 -0.22500111 -0.63 -0.74250006 -0.48365506 -1.42 -1.42 -1.2425 -0.9475 -0.9475 -0.9475023 -1.2775 -1.2775 -1.665 -1.0225 -1.0225 -1.0675 -1.0675 -1.6125 -1.6125 -1.6125
-1.33 -0.50302828 -0.52499437 -0.52709574 -0.47500027 -0.50499929 -0.475 -1.0725528 -1.1032772 -1.102454 -0.7425 -0.7425 -0.7425 -0.7425 -0.81748938 -0.235 -0.235 -0.23616204 -0.325 -0.88001888 -0.9575 -0.9575 -0.9575 -0.9575 -0.085223875 -0.3225 -0.3225 -0.3225 -0.3225 -0.32216309 -0.2575 -0.2575 -0.2575 -0.2575 -0.7425 -0.7425 -0.7425 -1.3852857 -1.4202253 -1.45 -1.45 -0.94752703 -1.774983 -1.2775479 -1.2775 -1.665 -1.0225 -1.0225 -1.0675 -1.0675 -1.6105228 -1.6125 -0.70286212
-1.33 -0.525 -0.525 -0.525 -0.525 -0.52499999 -0.47507676 -0.76126674 -1.0986811 -0.74288799 -0.7425 -0.7425 -0.7425 -0.7425 -0.74250014 -0.23500001 -0.23500001 -0.24117339 -0.3250008 -0.9575 -0.9575 -0.9575 -0.9575 -0.9575 -0.95371461 -0.59537688 -0.71249992 -0.7125 -0.7125 -0.7125 -0.2575 -0.2575 -0.25750042 -0.6075 -0.6075 -0.7425 -0.84944109 -0.8525 -1.4499997 -1.45 -1.45 -1.45 -1.775 -1.775 -1.775 -1.7742345 -1.7155953 -1.72 -1.72 -1.72 -1.72 -0.81000017 -0.81
-1.5375 -0.525 -0.525 -0.525 -0.525 -0.525 -0.525 -0.71526938 -0.93089363 -0.93 -0.93 -0.93 -0.93 -0.93 -0.93 -1.0964718 -0.24873513 -0.24732424 -0.95742044 -0.9575 -0.9575 -0.9575 -0.9575 -0.95750031 -0.7825 -0.7825 -0.7824999 -0.7125 -0.7125 -0.71187424 -0.4 -0.4 -0.6075 -0.6075 -0.6075 -0.8132535 -0.8525 -0.8525 -0.8525 -1.45 -1.45 -1.45 -1.775 -1.775 -1.775 -1.775 -1.72 -1.72 -1.72 -1.72 -1.72 -0.81 -0.81
-1.5375 -1.1605578 -0.525 -0.525 -0.525 -0.525 -0.95991462 -0.96 -0.96 -0.93 -0.93 -0.93 -0.93 -0.93 -0.96750319 -1.1 -1.1 -1.1 -1.2192005 -1.2199997 -1.22 -1.22 -1.22 -1.22 -0.7825 -0.7825 -0.7825 -0.7825 -0.7125 -0.4 -0.4 -0.4 -0.60749998 -0.6075 -0.6075 -0.47 -0.85199356 -0.8525 -0.8525 -1.4498897 -1.2301095 -0.71719675 -1.775 -1.775 -1.3837113 -1.3825 -1.3825 -1.7184553 -0.78328487 -0.78000008 -0.78000018 0.26483703 -0.80999781
-1.5375 -1.0460629 -0.78181836 -0.525 -0.525 -0.95974298 -0.96 -0.96 -0.96 -0.95978381 -0.93 -0.93 -0.93 -0.93000002 -1.1 -1.1 -1.1 -1.1 -1.2198928 -1.22 -1.22 -1.22 -1.22 -1.22 -0.78250001 -0.7825 -0.7825 -0.7825 -0.78110872 -0.4 -0.4 -0.4 -0.3975 -0.60748094 -0.47 -0.47 -0.47 -0.46623603 -0.72368578 -0.715 -0.715 -0.715 -1.09 -1.09 -1.3825 -1.3825 -1.3825 -0.78000001 -0.78 -0.78 -0.78 0.265 0.265
-1.0328157 -1.0325 -1.0325 -1.0325 -0.775 -0.95999523 -0.96 -0.96 -0.96 -0.96 -0.91239786 -0.92999697 -0.92999999 -1.1 -1.1 -1.1 -1.1 -1.1 -1.1086182 -1.22 -1.22 -1.22 -1.22 -1.22 -0.90948657 -0.74250022 -0.7425 -0.7425 -0.7425 -0.4 -0.3975 -0.3975 -0.3975 -0.3975 -0.47 -0.46999091 -0.125 -0.125 -0.70763297 -0.715 -0.715 -0.715 -1.09 -1.09 -1.3372109 -1.3825 -1.3825 -0.78 -0.78 -0.78 -0.76879488 0.265 0.265
-1.0325 -1.0325 -1.0325 -0.91123941 -0.775 -0.775 -0.96 -0.96 -0.96 -0.96 -0.6975 -0.6975 -0.6975 -1.1 -1.1 -1.1 -1.1 -1.0999178 -1.0875 -1.0875 -1.2199999 -1.22 -1.2108095 -0.8425 -0.84159974 -0.7425 -0.7425 -0.7425 -0.7425 -0.39753513 -0.3975 -0.3975 -0.3975 -0.3975 -0.12500121 -0.125 -0.125 -0.125 -0.12710844 -0.715 -0.715 -0.715 -1.09 -1.09 -1.09 -1.3825 -1.3825 -0.78 -0.78 -0.78 0.265 0.265 0.265
-1.0325 -1.0325 -1.0325 -0.775 -0.775 -0.775 -0.77500028 -0.96 -0.96 -0.69777098 -0.6975 -0.6975 -0.6975 -0.69775077 -0.69731235 -0.6025 -0.6025 -0.6025 -1.0875 -1.0875 -1.0875 -0.8425 -0.8425 -0.8425 -0.84240896 -0.62448203 -0.7425 -0.7425 -0.7425 -0.41358607 -0.40749902 -0.4075 -0.4075 -0.4075 -0.36620506 -0.70499868 -0.705 -0.705 -0.705 -0.50752839 -0.5075 -0.5075 -1.09 -1.09 -0.61250199 -0.61249977 0.025 0.025 0.435 0.435 0.435 0.265 1.0667825
-1.0324963 -1.0325 -1.0325 -0.775 -0.775 -0.775 -0.775 -0.32750018 -0.95747102 -0.69703754 -0.6975 -0.6975 -0.6975 -0.69731358 -0.6025 -0.6025 -0.6025 -0.60250014 -1.0875 -1.0875 -1.0875 -0.8425 -0.8425 -0.8425 -0.5175 -0.5175 -0.62 -0.62 -0.62 -0.61884075 -0.4075 -0.4075 -0.4075 -0.4075 -0.55616832 -0.705 -0.705 -0.705 -0.705 -0.5075 -0.5075 -0.5075 -0.5108037 -0.6125 -0.6125 -0.6125 0.025 0.025 0.435 0.435 0.435 1.0675 1.0675
0.17 -0.39318736 -0.5275 -0.5275718 -0.775 -0.33008922 -0.3275 -0.3275 -0.31565769 -0.1875 -0.1875 -0.1875 -0.1875 0.022493163 0.022499997 -0.60249952 -0.6025 -0.61527904 -1.0875 -1.0875 -1.0875 0.14 0.14 0.14 -0.5175 -0.5175 -0.62 -0.62 -0.62 -0.61999985 -0.40999998 -0.40999999 -0.40756283 -0.40750268 -0.68967792 -0.69 -0.69 -0.69 -0.69 -0.5075 -0.5075 -0.5075 -0.60671824 -0.6125 -0.6125 -0.61249993 0.025 0.025 0.025014759 0.435 0.43497552 -0.1125 1.0675
-0.30740932 -0.30750004 -0.5275 -0.5275 -0.5275 -0.3275 -0.3275 -0.3275 -0.295 -0.295 -0.1875 -0.1875 -0.1875 0.0225 0.0225 0.0225 0.0225 0.022374442 -1.0875 -1.0875 -1.0875 0.14 0.14 0.14 -0.5175 -0.5175 -0.62 -0.62 -0.62 -0.41236777 -0.41 -0.41 -0.41 -0.41 -0.68986184 -0.69 -0.69 -0.69 -0.69 -0.31000005 -0.31 -0.31 -0.31 -0.61249691 -0.21 -0.21 -0.21 -0.2 -0.2 -0.2 -0.1125 -0.1125 -0.1125
-0.3075 -0.3075 -0.5275 -0.5275 -0.5275 -0.32855124 -0.3275 -0.295 -0.295 -0.295 -0.18751323 -0.1875 -0.1017019 0.022499976 0.0225 0.0225 0.0225 0.0575 0.0575 0.0575 -0.61249998 -0.61249944 0.13999633 0.14 0.13921957 -0.865 -0.865 -0.86499942 -0.62003959 -0.23253537 -0.23250094 -0.23253099 -0.40969663 -0.40984682 -0.64001589 -0.68999985 -0.68872653 -0.31 -0.31 -0.31 -0.31 -0.31 -0.31 -0.21 -0.21 -0.21 -0.21 -0.2 -0.2 -0.2 -0.1125 -0.1125 -0.1125
-0.3075 -0.3075 -0.5275 -0.5275 -0.5275 -0.5275 -0.3153362 -0.295 -0.295 -0.295 -0.29488262 -0.0825 -0.0825 -0.0825 0.021881211 0.0225 0.057266769 0.0575 0.0575 0.0575 -0.6125 -0.6125 -0.6125 -0.6125 -0.865 -0.865 -0.865 -0.865 -0.865 -0.2325 -0.2325 -0.2325 -0.2325 -0.23250055 -0.4925 -0.31 -0.31 -0.31 -0.31 -0.31000006 -0.3275 -0.3275 -0.3275 -0.46254346 -0.7425 -0.7425 -0.7425 -0.20000002 -0.20000046 -0.67 -0.67 -0.6298741 -0.63
-0.3075 -0.3075 -0.44809545 -0.5275 -0.5275 -0.52749999 0.06436117 -0.29386548 -0.295 -0.295 -0.082499889 -0.0825 -0.0825 -0.0825 -0.0825 -0.073872662 0.0575 0.0575 0.0575 0.0575 -0.61249482 -0.6125 -0.6125 -0.6125 -0.865 -0.865 -0.865 -0.865 -0.865 -0.51699822 -0.2325 -0.2325 -0.2325 -0.4925 -0.4925 -0.49235828 -0.31 -0.31 -0.21432765 -0.14000002 -0.3275 -0.3275 -0.3275 -0.45820108 -0.7425 -0.7425 -0.7425 0.155 -0.65972058 -0.67 -0.67 -0.63 -0.63
-0.3175 -0.3175 -0.3175 -0.47484723 -0.5265639 0.065 0.065 0.065 0.065 0.4475 0.4475 -0.082499963 -0.0825 -0.0825 -0.0825 -0.082491112 0.0575 0.0575 0.0575 0.0575 -0.32013373 -0.6125 -0.6125 -0.6140048 -0.67868313 -0.865 -0.865 -0.865 -0.6175 -0.6175 -0.6175 -0.61749838 -0.4925 -0.4925 -0.4925 -0.4925 -0.14 -0.14 -0.14 -0.14 -0.23 -0.23 -0.23 -4.6242352e-06 -1.7569114e-42 -1.9926327e-36 -2.3498915e-07 0.155 0.155 -0.66899478 -0.67 -0.62999515 -0.63
-0.3175 -0.3175 -0.3175 -0.31747698 0.11 0.10345626 0.065 0.065 0.065 0.4475 0.4475 0.4475 0.28749999 0.2875 0.2875 0.28749999 0.057664864 0.0575 0.0575 0.0575 0.047337278 -0.66999984 -0.67 -0.67 -0.67 -0.67000001 -1.0625 -1.0625 -0.6175 -0.6175 -0.6175 -0.6175 -0.49249958 -0.4925 -0.4925 -0.49245255 -0.14000001 -0.14 -0.14 -0.14144765 -0.23 -0.23 -0.23 -1.0665724e-05 6.028118e-42 -1.6483319e-49 2.9052152e-11 0.155 0.155 0.15500002 0.3325 0.3325 0.5275
-0.3175 -0.3175 -0.3175 0.10999901 0.11 0.11 0.065000017 0.065 0.065 0.4475 0.4475 0.4475 0.2875 0.2875 0.2875 0.27683766 0.1475 0.1475 0.14749977 0.058008337 -0.67 -0.67 -0.67 -0.67 -0.67 -0.67029538 -1.0625 -1.0625 -1.0625 -0.6175 -0.6175 -0.61777838 0.09 0.09 0.09 -0.6825 -0.6825 -0.47 -0.47 -0.47 -0.2975 -0.23002117 -0.229998 0.0375 0.0375 0.036078793 3.6161054e-07 0.155 0.155 0.3325 0.3325 0.3325 0.5275
-0.3175 -0.3175 -0.3175 0.11 0.11 0.11 0.11 0.065 0.065 0.4475 0.4475 0.29389769 0.2875 0.2875 0.2875 0.1475 0.1475 0.1475 0.1475 0.1475 -0.67 -0.67 -0.67 -0.67 -0.67 -1.0624987 -1.0625 -1.0625 -1.0625 -1.05 -1.05 -1.05 0.09 0.09 0.09 -0.6825 -0.6825 -0.47 -0.47 -0.2975 -0.2975 -0.2975 0.0375 0.0375 0.0375 0.0375 0.063787147 0.3575 0.3575 0.3575 0.33250001 0.83 0.83
-0.3175 -0.3175 -0.31690469 0.11 0.11 0.11 0.11 0.63836653 0.665 0.66462658 0.4475 0.28750607 0.2875 0.2875 0.28749952 0.1475 0.1475 0.1475 0.1475 0.1475 0.073270087 -0.67 -0.67 -0.67 -0.66986149 -1.0624401 -1.0625 -1.0625 -1.0625 -1.05 -1.05 -1.05 -1.0498302 0.09 -0.6825 -0.6825 -0.6825 -0.682491 -0.46998824 -0.2975 -0.2975 -0.2975 0.037479663 0.0375 0.0375 0.0375 0.35749847 0.3575 0.3575 0.3575 0.83 0.83 0.83
-0.36 -0.35999993 0.10975857 0.11 0.11 0.11 0.6648819 0.665 0.665 0.665 0.36000001 0.36 0.36 0.36 0.14848076 0.1475 0.1475 0.1475 0.1475 0.10500003 0.105 0.105 0.002499888 0.0025 0.0025 0.0025 -0.089423198 -1.0625 -0.41502652 -0.415 -0.415 -0.415 -0.415 -0.325 -0.325 -0.325 -0.325 -0.325 0.1325 0.1325 0.1325 0.1325 0.1325 0.20724374 0.2075 0.2075 0.2075 0.3575 0.3575 0.3575 0.82992556 0.83 0.83
-0.36 -0.36 -0.35455775 0.28999964 0.28999996 0.29036542 0.665 0.665 0.665 0.665 0.36 0.36 0.36 0.36 0.36 0.1475 0.1475 0.1475 0.10500001 0.105 0.105 0.105 0.0025000004 0.0025 0.0025 0.0025 0.0025 0.0022742323 -0.41498745 -0.415 -0.415 -0.415 -0.41499496 -0.37176938 -0.32504843 -0.325 -0.325 -0.325 0.1325 0.1325 0.1325 0.1325 0.1325 0.2075 0.2075 0.2075 0.2075 0.27764293 0.3575 -0.21602898 -0.2225 0.15 0.15
-0.36 -0.36 0.28991767 0.29 0.29 0.29 0.38524842 0.665 0.665 0.665 0.36 0.36 0.36 0.36 0.36 0.14765965 0.1475 0.10501246 0.105 0.105 0.105 0.105 0.040471789 0.0025 0.0025 0.0025 0.0025 0.002227273 -0.3825 -0.3825 -0.3825 -0.3825 -0.3825 -0.4075 -0.4075 -0.4075 -0.4075 -0.4075 0.1025 0.1025 0.1025 0.1025 0.1025 0.20726194 0.20749995 0.2075 0.20748347 0.20544944 -0.2225 -0.2225 -0.2225 0.14999791 0.15
-0.35999945 -0.065848794 0.28999995 0.29 0.29 0.29 0.29 0.66484033 0.665 0.665 0.36 0.36 0.36 0.36 -0.055560173 -0.065 -0.065 0.10499562 0.105 0.105 0.105 0.105 0.10499997 0.0025 0.0025 0.0025 0.0025 -0.53749984 -0.53749993 -0.50451223 -0.3825 -0.3825 -0.3825 -0.4075 -0.4075 -0.4075 -0.4075 -0.40751016 0.1025 0.1025 0.1025 0.1025 0.10249176 0.11 0.11 0.11 0.11 0.10997318 -0.2225 -0.2225 -0.2225 -0.22249962 0.39878132
-0.06 -0.06 0.044311552 0.29 0.29 0.29 0.29 0.29 0.66483957 0.445 0.445 0.445 0.44479828 -0.064999388 -0.065 -0.065 -0.065 -0.065 0.10499874 0.094229888 5.9245654e-13 1.3684998e-17 8.2198702e-14 0.0009494266 0.0083026371 0.039351449 0.065200595 -0.5375 -0.5375 -0.5375 -0.5375 -0.5375 -0.52289977 -0.4151206 -0.4225 -0.4225 -0.4225 -0.4225 0.082305738 -0.0049998069 -0.005 -0.005 -0.005 -0.099999384 0.10999995 0.11 0.11 -0.0375 -0.22249704 -0.2225 -0.2225 0.4025 0.4025
-0.06 -0.06 0.2075 0.2075 0.2075 0.28997252 0.29 0.29 0.445 0.445 0.445 0.445 0.445 -0.064999977 -0.065 -0.065 -0.065 -0.065 -2.0266019e-11 8.4975239e-34 1.6727188e-90 1.0906231e-57 2.7758319e-25 0.074999996 0.075 0.075 0.075 -0.5375 -0.5375 -0.5375 -0.5375 -0.5375 0.235 0.235 -0.4225 -0.4225 -0.4225 0.19489484 0.195 -0.005 -0.005 -0.005 -0.0049999686 -0.1 -0.1 -0.1 -0.0375 -0.0375 -0.0375 0.0175 0.0175 0.4025 0.4025
-0.06 -0.06 0.2075 0.2075 0.2075 0.2075 0.2075014 0.4625 0.44501648 0.445 0.445 0.445 0.445 -0.058638214 -0.065 -0.065 -0.065 -0.065 -1.2905766e-09 3.2923119e-39 3.4275034e-61 8.1738668e-49 1.1167803e-14 0.075 0.075 0.075 0.075 0.074997541 -0.5375 -0.5375 -0.5375 0.2349595 0.235 0.235 0.235 -0.4225 0.19499999 0.195 0.195 0.18973763 0.17203178 0.205 0.205 -0.1 -0.1 -0.1 -0.0375 -0.0375 -0.0375 0.0175 0.0175 0.0175 0.4274072
0.05 0.049999137 0.2075 0.2075 0.2075 0.2075 0.4625 0.4625 0.4625 0.445 0.445 0.445 0.445 0.44484146 -0.065 -0.065 -0.065 -0.065 -9.6570922e-07 4.5463809e-10 1.2081182e-11 7.0092411e-09 0.061798452 0.075 0.075 0.075 0.075 0.28749983 0.2875 0.28749999 -0.52861667 0.235 0.235 0.235 0.23500032 0.5675 0.195 0.195 0.195 0.195 0.205 0.205 0.205 0.1675 0.1675 0.1675 -0.054998296 -0.0375 -0.0375 0.017500002 0.0175 0.0175 0.43000363
0.05 0.05 0.2075 0.2075 0.2075 0.4625 0.4625 0.4625 0.4625 0.44694779 0.445 0.445 0.445 0.44499965 0.38994764 0.39 0.39 0.39 0.43599032 0.465 0.465 0.465 0.465 0.075 0.075 0.075 0.075014017 0.2875 0.2875 0.2875 0.2875 0.23503966 0.42202163 0.5675 0.5675 0.5675 0.19516923 0.23999906 0.24 0.24 0.2050842 0.3125 0.3125 0.1675 0.1675 0.16749906 -0.055 -0.055 0.38 0.38 0.38 1.26 1.7325
