interpolatedSpi/06-06|21_2.tif
NCOLS 53
NROWS 52
XLLCORNER -116.03883
YLLCORNER 28.596182
DX 0.49850594
DY 0.49788537
NODATA_VALUE -9999
-0.39 -0.39 -0.7085983 -0.58 -0.52 -1.14 -1.08 -0.81 -0.052158434 0.25 -0.14 0.63 0.17000823 0.27 -0.83 -0.83 -0.83 0.85 0.22 0.22 0.22 0.22000125 0.34999999 -0.76 -0.76 -0.76 1.1299938 1.13 1.13 -0.08 -0.08 -0.08 -0.08 0.48999989 0.49 0.49 0.49 0.49 0.49 0.48999999 0.054686717 0.049768217 -0.86 -0.86 -0.86 -0.86 -0.859069 -0.29 -0.29 -0.29 0.70999792 0.71 0.71 
-0.39000889 -0.59 -0.88999935 -0.76810878 -0.94985674 -3.6510208e-26 -0.35 0.21953111 -0.01 -0.23 0.34 0.17 0.17 0.53909969 0.26999354 -0.83 0.85 0.85 0.22082144 0.22 0.22 0.22 -0.76315823 -0.76 -0.76 -0.76 -0.34000003 -0.34 -0.079999999 -0.08 -0.08 -0.08 -0.08 0.48999992 0.49 0.49 0.49 0.49 0.48999984 0.0385802 -2.2398499 -1.0274515 -0.86 -0.86 -0.86 -0.86 -0.86 -0.29 -0.29 -0.29 -0.20707904 0.71 0.71 
-1.2199762 -1.22 -0.33 -0.79 -0.36 -0.15 0.31 0.72 0.1 0.25 0.45 0.31 0.63 -0.28 0.54 -0.29 0.85 0.85 0.85 -0.12989825 -0.13 -0.13 -0.82 -0.76 -0.76 -0.76 -0.34 -0.34 -0.34 -0.08 -0.08 -0.080000009 -0.16665201 0.4849966 0.46970886 -1.6700236 -1.69 -1.69 -1.7591755 -2.24 -2.24 -2.2382353 -0.86 -0.86 -0.86 -0.86 -0.86 -0.29 -0.29 -0.29 -0.29 0.71 0.71 
0.09 -1.2199999 -0.76997702 -0.14 -0.09 -0.39 0.38 0.5 0.4 0.22922442 -0.01 0.33 0.19 -0.28 -0.19 -0.29 -0.88540943 -0.88878086 -0.8 -0.13 -0.13 -0.86 -0.82 -0.82 -0.76 -0.7599979 -0.34 -0.34 -0.34 -0.41 -0.32769834 -0.26 -0.26 -0.26000112 -1.69 -1.69 -1.69 -1.69 -2.24 -2.24 -2.24 -2.2399999 -0.86 -0.86 -0.86 -0.86 -0.86 -0.29000719 -0.29 -0.29 -0.29 0.70995786 0.71 
0.09 1.2899962 -0.77 -0.75410724 -0.09 -0.13 -0.22998722 0.61 -0.02 0.25999973 0.10742267 0.039878247 -0.81 -0.19 -0.19 -0.26633662 -0.89 -0.89 -0.8 -0.8 -0.13000148 -0.86 -0.86 -0.68 -0.72 -0.71989232 -0.34 -0.34 -0.41 -0.41 -0.26 -0.26 -0.26 -0.33354343 -1.69 -1.69 -1.69 -2.24 -2.24 -2.24 -2.24 -2.2399469 -0.86000001 -0.86 -0.86 -0.86 -0.86 -0.85492629 -0.29 -0.290013 -0.58 -0.58 -0.58 
-1.26 0.26 -0.61999999 -0.47 -1.38 -0.55 -0.14 -0.04397852 -0.25 0.21 -0.21 -0.28 -0.28000035 -1 -1 -1.1799155 -1.18 -1.15 -1.15 -0.79999952 -1.07 -1.07 -0.68 -0.72 -0.72 -0.26 0.01 0.01 -0.13002532 -0.41 -0.26 -0.26 -0.65 -0.64994044 -0.080041323 -1.86 -1.86 -2.1224383 -2.24 -2.24 -1.690686 -1.69 -1.6899981 -1.9111116 -1.9298817 -1.9299997 -1.93 -1.9299996 -0.97056448 -0.58 -0.58 -0.58 -0.58 
-0.04999141 -0.48 -0.10083121 -1.07 -1.9 -1.59 -1.58 -0.62 -0.25 -0.25 -0.21 -0.88 -0.91000001 -1 -0.83000051 -0.83 -1.18 -1.07 -0.25 -0.25 -1.07 -1.07 -1.07 -0.01000001 -0.26 -0.26 0.01 0.01 -0.12999534 -0.12991417 -0.069938646 -0.65 -0.65 -0.08 -0.08 -1.7565184 -1.86 -1.86 -1.8100017 -1.6900002 -1.69 -1.69 -1.689989 -1.9299967 -1.93 -1.93 -1.93 -1.9299995 -1.06 -0.58009512 -0.58 -0.58 -0.58 
-0.05 -0.12 0.24 -1.36 -1.5899868 -1.07 -0.86 -1.33 -0.92 -0.53 -0.53 -0.95 -0.91 -0.91 -0.83054887 -1.085012 -1.11 -0.65 -1.0399992 -0.25 0.47405704 0.48 0.55 0.27 0.27000245 0.46 0.0099999996 0.01 -0.050280331 -0.050000001 -0.07 -1.345391 -1.83 -0.08 -0.093119757 -1.67 -1.67 -1.81 -1.81 -1.69 -1.69 -1.69 -1.3303256 -1.33 -1.93 -1.93 -1.93 -1.0600331 -1.06 -1.06 -0.58 -0.58 -0.58 
-0.22620088 -0.12 0.14 -0.48 -1.08 -1.33 -1.1 -1.4 -1.06 -1.0520256 -0.69 -0.21 -0.21 -0.73 -0.7300063 -0.95044593 -0.95 -0.95 -0.70953409 -0.75999975 0.41 0.41 0.5 0.53029582 0.44085302 0.46 -0.09 0.01 -0.39761749 -0.4 -1.21 0.04 -0.020445554 -0.5 -0.54 -0.3 -1.07 -1.31 -1.4299446 -1.686429 -0.89 -1.34 -1.32993 -1.33 -1.3333771 -1.93 -0.71000006 -1.06 -1.06 -1.06 -1.06 -0.7157131 -0.51 
-0.82 -0.82 0.32 -0.19 -0.6 -1.35 -1.61 -1.51 -1.64 -1.0501087 -0.98 0.25 -0.73 -0.73 -1.4 -1.393828 -0.95 -0.95000409 -0.93 -0.76 -0.76 -0.60926471 0.5 0.30000379 0.3 0.3 -0.09 1 1 -0.4 -0.4 0.039772406 -0.08 -0.5 0.5 -0.3 -1.07 -0.84 -1.43 -1.016807 -1.34 -1.1783707 -0.9 -1.33 -1.33 -0.71 -0.71 -0.71 -1.06 -1.06 -1.67 -1.67 -1.6699996 
-0.82 -0.82 -0.25 -1.22 -1.35 -0.77 -1.56 -1.7896469 -1.24 -1.24 -0.62 -0.48 0.2490267 -1.4 -1.4 -1.3999896 -1.31 -1.2900558 -0.93 -1.09 -1.09 -0.21 -0.21 0.3 0.3 0.3 1 1 1 -0.09 -0.09 -0.089999984 -0.27 -0.27 -0.3 -1.3 -1.09 -2.289978 -1.76 -1.01 -1.01 -0.83000023 -0.9 -1.33 -2.14 -2.37 -1.0784065 -1.08 -1.89 -1.89 -1.67 -1.67 -1.67 
-0.82 -0.574143 -0.6639336 -1.3199866 -0.46 -1.12 -1.56 -1.79 -1.2400046 -1.24 -0.48000099 -0.48 -1.02 -1.4 -1.4 -1.31 -1.31 -1.3099784 -0.93 -1.09 -0.9171859 -0.21 -0.21 0.29997887 0.3 0.22110731 0.06 0.06 0.060000118 -0.09 -0.09 -0.98 -0.98 -0.27000008 -0.3 -0.8900003 -0.86710798 -2.29 -2.29 -1.01 -0.83 -0.83 -0.83000949 -2.14 -2.14 -2.37 -1.08 -1.08 -1.89 -1.89 -1.67 -1.67 -1.67 
-3.72 -0.77130669 -0.80001454 -0.80375526 -0.46000358 -1.1199844 -1.56 -1.7871688 -1.2779006 -1.24 -1.02 -1.02 -1.02 -1.02 -1.3999462 -1.31 -1.31 -1.3050936 -0.93 -1.0899266 -0.84 -0.84 -0.84 -0.84 0.28051618 0.06 0.06 0.06 0.06 0.059826759 -0.98 -0.98 -0.98 -0.98 -0.89 -0.89 -0.89 -2.2194749 -2.2873713 -1.94 -1.94 -0.8300597 -2.5999843 -2.1400443 -2.14 -2.37 -1.08 -1.08 -1.89 -1.89 -1.6707981 -1.67 0.24774307 
-3.72 -0.8 -0.8 -0.8 -0.8 -0.80000013 -1.5588736 -1.6687561 -1.379016 -1.020237 -1.02 -1.02 -1.02 -1.02 -1.0200003 -1.31 -1.3099999 -1.2839346 -0.930005 -0.84 -0.84 -0.84 -0.84 -0.84 -0.83199827 -0.17259168 -0.24999994 -0.25 -0.25 -0.25 -0.97999999 -0.98 -0.97999957 -0.62 -0.62 -0.89 -1.0941603 -1.1 -1.9399995 -1.94 -1.94 -1.94 -2.6 -2.6 -2.6 -2.5983994 -2.0638266 -2.07 -2.07 -2.07 -2.07 -0.42000026 -0.42 
-3.72 -0.8 -0.8 -0.8 -0.8 -0.8 -0.80000005 -1.6432266 -1.4301504 -1.43 -1.43 -1.43 -1.43 -1.43 -1.43 -2.3313454 -1.3264705 -1.2579655 -0.84001144 -0.84 -0.84 -0.84 -0.84 -0.84000086 -0.47 -0.47 -0.46999969 -0.25 -0.25 -0.25048059 -0.49 -0.49 -0.62 -0.62 -0.62 -1.0231093 -1.1 -1.1 -1.1 -1.94 -1.94 -1.94 -2.6 -2.6 -2.6 -2.6 -2.07 -2.07 -2.07 -2.07 -2.07 -0.42 -0.42 
-3.72 -2.6329172 -0.8 -0.8 -0.8 -0.8 -1.7198194 -1.72 -1.72 -1.43 -1.43 -1.43 -1.43 -1.43 -1.6329584 -2.35 -2.35 -2.35 -1.577748 -1.5799992 -1.58 -1.58 -1.58 -1.58 -0.47 -0.47 -0.47 -0.47 -0.25 -0.49 -0.49 -0.49 -0.61999999 -0.62 -0.62 -1.23 -1.1001721 -1.1 -1.1 -1.9400416 -2.0237678 -2.2191631 -2.6 -2.6 -2.1414196 -2.14 -2.14 -2.0689006 -1.4023413 -1.4000001 -1.4000001 -0.14004269 -0.41999943 
-3.72 -2.4646456 -1.624855 -0.8 -0.8 -1.7194564 -1.72 -1.72 -1.72 -1.7179102 -1.43 -1.43 -1.43 -1.4300001 -2.35 -2.35 -2.35 -2.35 -1.5806878 -1.58 -1.58 -1.58 -1.58 -1.58 -0.47000003 -0.47 -0.47 -0.47 -0.47007275 -0.49 -0.49 -0.49 -1.17 -0.62007533 -1.23 -1.23 -1.23 -1.2403233 -2.149096 -2.22 -2.22 -2.22 -2.28 -2.28 -2.14 -2.14 -2.14 -1.4 -1.4 -1.4 -1.4 -0.14 -0.14 
-2.430596 -2.43 -2.43 -2.43 -1.53 -1.7199951 -1.72 -1.72 -1.72 -1.72 -1.438328 -1.4300014 -1.43 -2.35 -2.35 -2.35 -2.35 -2.35 -2.2454462 -1.58 -1.58 -1.58 -1.58 -1.58 -0.86927941 -0.56999946 -0.57 -0.57 -0.57 -0.49000003 -1.17 -1.17 -1.17 -1.17 -1.23 -1.2300248 -2.17 -2.17 -2.2193757 -2.22 -2.22 -2.22 -2.28 -2.28 -2.1616768 -2.14 -2.14 -1.4 -1.4 -1.4 -1.3864895 -0.14 -0.14 
-2.43 -2.43 -2.43 -2.0061766 -1.53 -1.53 -1.72 -1.72 -1.72 -1.72 -1.54 -1.54 -1.54 -2.35 -2.35 -2.35 -2.35 -2.3498199 -1.65 -1.65 -1.58 -1.58 -1.5824346 -1.68 -1.6700072 -0.57 -0.57 -0.57 -0.57 -1.1699389 -1.17 -1.17 -1.17 -1.17 -2.1699967 -2.17 -2.17 -2.17 -2.1701793 -2.22 -2.22 -2.22 -2.28 -2.28 -2.28 -2.14 -2.14 -1.4 -1.4 -1.4 -0.14 -0.14 -0.14 
-2.43 -2.43 -2.43 -1.53 -1.53 -1.53 -1.5300003 -1.72 -1.72 -1.5401858 -1.54 -1.54 -1.54 -1.5405047 -1.4677296 -1.26 -1.26 -1.26 -1.65 -1.65 -1.65 -1.68 -1.68 -1.68 -1.6796722 -0.53852854 -0.57 -0.57 -0.57 -1.5871604 -1.6999479 -1.7 -1.7 -1.7 -2.1942947 -2.2299999 -2.23 -2.23 -2.23 -1.6300807 -1.63 -1.63 -2.28 -2.28 -1.320004 -1.3199997 -0.46 -0.46 -0.19 -0.19 -0.19 -0.14 0.44947247 
-2.4299944 -2.43 -2.43 -1.53 -1.53 -1.53 -1.53 -1.4300001 -1.7188405 -1.5392111 -1.54 -1.54 -1.54 -1.5394506 -1.26 -1.26 -1.26 -1.2600001 -1.65 -1.65 -1.65 -1.68 -1.68 -1.68 -0.51 -0.51 -0.89999999 -0.9 -0.9 -0.90436425 -1.7 -1.7 -1.7 -1.7 -1.9648544 -2.23 -2.23 -2.23 -2.23 -1.63 -1.63 -1.63 -1.6202462 -1.32 -1.32 -1.32 -0.46 -0.46 -0.19 -0.19 -0.19 0.44999998 0.45 
-0.61 -1.4527429 -1.23 -1.230087 -1.53 -1.4305786 -1.43 -1.43 -1.4482189 -0.67000002 -0.67 -0.67 -0.67 -0.48000619 -0.48 -1.2599994 -1.26 -1.2702759 -1.65 -1.65 -1.65 -0.96 -0.96 -0.96 -0.51 -0.51 -0.9 -0.9 -0.9 -0.90000042 -1.4800014 -1.4800006 -1.6944706 -1.6997641 -1.929739 -1.93 -1.93 -1.93 -1.93 -1.63 -1.63 -1.63 -1.3370694 -1.32 -1.32 -1.3199999 -0.46 -0.46 -0.45999028 -0.19 -0.19002146 -0.67 0.45 
-1.2798728 -1.28 -1.23 -1.23 -1.23 -1.43 -1.43 -1.43 -1.48 -1.48 -0.67 -0.67 -0.67 -0.48 -0.48 -0.48 -0.48 -0.48013281 -1.65 -1.65 -1.65 -0.96 -0.96 -0.96 -0.51 -0.51 -0.9 -0.9 -0.9 -1.4734605 -1.48 -1.48 -1.48 -1.48 -1.929778 -1.93 -1.93 -1.93 -1.93 -1.3700001 -1.37 -1.37 -1.37 -1.3199977 -1.02 -1.02 -1.02 -1 -1 -1 -0.67 -0.67 -0.67 
-1.28 -1.28 -1.23 -1.23 -1.23 -1.4289488 -1.43 -1.48 -1.48 -1.48 -0.67009971 -0.67 -0.84976744 -0.48000009 -0.48 -0.48 -0.48 -0.51 -0.51 -0.51 -0.68000001 -0.68000021 -0.95999864 -0.96 -0.95977286 -0.79 -0.79 -0.79000026 -0.89998222 -0.63016939 -0.63000452 -0.6301484 -1.4785473 -1.4792665 -1.8493021 -1.9299997 -1.9276877 -1.24 -1.24 -1.37 -1.37 -1.37 -1.37 -1.02 -1.02 -1.02 -1.02 -1 -1 -1 -0.67 -0.67 -0.67 
-1.28 -1.28 -1.23 -1.23 -1.23 -1.23 -1.4487135 -1.48 -1.48 -1.48 -1.4796741 -0.89 -0.89 -0.89 -0.48241622 -0.48 -0.50980009 -0.51 -0.51 -0.51 -0.68 -0.68 -0.68 -0.68 -0.79 -0.79 -0.79 -0.79 -0.79 -0.63 -0.63 -0.63 -0.63 -0.63000135 -1.27 -1.24 -1.24 -1.24 -1.24 -1.2399986 -0.78 -0.78 -0.78 -0.84508307 -0.98 -0.98 -0.98 -1 -0.99999935 -0.33 -0.33 -0.040153264 -0.04 
-1.28 -1.28 -1.2480465 -1.23 -1.23 -1.23 -1.8094144 -1.48104 -1.48 -1.48 -0.89000009 -0.89 -0.89 -0.89 -0.89 -0.85633709 -0.51 -0.51 -0.51 -0.51 -0.67999868 -0.68 -0.68 -0.68 -0.79 -0.79 -0.79 -0.79 -0.79 -0.21618441 -0.63 -0.63 -0.63 -1.27 -1.27 -1.2699767 -1.24 -1.24 -0.85731061 -0.56000006 -0.78 -0.78 -0.78 -0.84124695 -0.98 -0.98 -0.98 0.6 -0.31841229 -0.33 -0.33 -0.04 -0.04 
-0.82 -0.82 -0.82 -1.1272017 -1.2311276 -1.81 -1.81 -1.81 -1.81 -1.3 -1.3 -0.89000003 -0.89 -0.89 -0.89 -0.88997592 -0.51 -0.51 -0.51 -0.51 -0.60581751 -0.68 -0.68 -0.65095084 0.37567477 -0.79 -0.79 -0.79 -0.07 -0.07 -0.07 -0.070002351 -1.27 -1.27 -1.27 -1.27 -0.56 -0.56 -0.56 -0.56 -0.55 -0.55 -0.55 -0.13000844 -0.13 -0.13 -0.13000027 0.6 0.6 -0.32886685 -0.33 -0.039995109 -0.04 
-0.82 -0.82 -0.82 -0.82006354 -2 -1.9723709 -1.81 -1.81 -1.81 -1.3 -1.3 -1.3 -0.95 -0.95 -0.95 -0.94999998 -0.50957868 -0.51 -0.51 -0.51 -0.51251721 0.42999695 0.43 0.43 0.43 0.42999999 0.40999999 0.41 -0.07 -0.07 -0.07 -0.07 -1.2699991 -1.27 -1.27 -1.2698982 -0.55999999 -0.56 -0.56 -0.55925424 -0.55 -0.55 -0.55 -0.13001948 -0.13 -0.13 -0.13 0.6 0.6 0.60000004 0.93 0.93 0.95 
-0.82 -0.82 -0.82 -1.9999973 -2 -2 -1.8100001 -1.81 -1.81 -1.3 -1.3 -1.3 -0.95 -0.95 -0.95 -0.8989731 -0.28 -0.28 -0.28000059 -0.50870089 0.43 0.43 0.43 0.43 0.43 0.42998495 0.41 0.41 0.41 -0.07 -0.07 -0.069858395 -0.02 -0.02 -0.02 -0.65 -0.65 -0.39 -0.39 -0.39 -0.01 -0.54983062 -0.54998888 0.94 0.94 0.89944822 -0.12999594 0.6 0.6 0.93 0.93 0.93 0.95 
-0.82 -0.82 -0.82 -2 -2 -2 -2 -1.81 -1.81 -1.3 -1.3 -0.96399495 -0.95 -0.95 -0.95 -0.28 -0.28 -0.28 -0.28 -0.28 0.43 0.43 0.43 0.43 0.43 0.41000007 0.41 0.41 0.41 0.15 0.15 0.15 -0.02 -0.02 -0.02 -0.65 -0.65 -0.39 -0.39 -0.01 -0.01 -0.01 0.94 0.94 0.94 0.94 0.92110611 0.71 0.71 0.71 0.92999999 0.66 0.66 
-0.82 -0.82 -0.8216432 -2 -2 -2 -2 -1.838158 -1.83 -1.8290901 -1.3 -0.95000335 -0.95 -0.95 -0.94999768 -0.28 -0.28 -0.28 -0.28 -0.28 1.0916507 0.43 0.43 0.43 0.43021832 0.41006076 0.41 0.41 0.41 0.15 0.15 0.15 0.14997914 -0.02 -0.65 -0.65 -0.65 -0.6499887 -0.38997408 -0.01 -0.01 -0.01 0.93994233 0.94 0.94 0.94 0.70999882 0.71 0.71 0.71 0.66 0.66 0.66 
-1.09 -1.0899995 -1.9993473 -2 -2 -2 -1.8300362 -1.83 -1.83 -1.83 -0.99000002 -0.99 -0.99 -0.99 -0.28327692 -0.28 -0.28 -0.28 -0.28 1.1199992 1.12 1.12 1.4899998 1.49 1.49 1.49 1.3967821 0.41 0.59999222 0.6 0.6 0.6 0.6 0.18 0.18 0.18 0.18 0.18 0.64 0.64 0.64 0.64 0.64 0.5905276 0.59 0.59 0.59 0.71 0.71 0.71 0.66000788 0.66 0.66 
-1.09 -1.09 -1.0933493 -1.490001 -1.4900001 -1.4903318 -1.83 -1.83 -1.83 -1.83 -0.99 -0.99 -0.99 -0.99 -0.99 -0.28 -0.28 -0.28 1.1199996 1.12 1.12 1.12 1.49 1.49 1.49 1.49 1.49 1.4897706 0.59996138 0.6 0.6 0.6 0.59998449 0.038274594 0.17985325 0.18 0.18 0.18 0.64 0.64 0.64 0.64 0.64 0.59 0.59 0.59 0.59 0.64611434 0.71 -0.48650011 -0.5 -0.83 -0.83 
-1.09 -1.09 -1.4899493 -1.49 -1.49 -1.49 -1.5763586 -1.83 -1.83 -1.83 -0.99 -0.99 -0.99 -0.99 -0.99 -0.28053877 -0.28 1.1195895 1.12 1.12 1.12 1.12 1.3529311 1.49 1.49 1.49 1.49 1.4892988 0.5 0.5 0.5 0.5 0.5 -0.07 -0.07 -0.07 -0.07 -0.07 0.22 0.22 0.22 0.22 0.22 0.59002442 0.59000001 0.59 0.5900017 0.59004699 -0.5 -0.5 -0.5 -0.82999815 -0.83 
-1.0899987 -0.37423206 -1.4899998 -1.49 -1.49 -1.49 -1.49 -1.8298552 -1.83 -1.83 -0.99 -0.99 -0.99 -0.99 -0.17843543 -0.16 -0.16 1.1199671 1.12 1.12 1.12 1.12 1.12 1.49 1.49 1.49 1.49 0.30000023 0.30000009 0.34256486 0.5 0.5 0.5 -0.07 -0.07 -0.07 -0.07 -0.069959363 0.22 0.22 0.22 0.22 0.22002605 0.6 0.6 0.6 0.6 0.59991129 -0.5 -0.5 -0.5 -0.49999998 -0.46544915 
-0.36 -0.36 -0.64290246 -1.49 -1.49 -1.49 -1.49 -1.49 -1.8298525 -0.80000002 -0.8 -0.8 -0.80045091 -0.1600012 -0.16 -0.16 -0.16 -0.16 1.119997 1.0943569 0.87 0.87 0.87 1.0241046 1.4227694 1.0630315 0.75928334 0.3 0.3 0.3 0.3 0.3 0.30942733 -0.004388294 -0.01 -0.01 -0.01 -0.01 0.2838703 0.55999939 0.56 0.56 0.56 0.25000103 0.59999991 0.6 0.6 0.57 -0.49998286 -0.5 -0.5 -0.46 -0.46 
-0.36 -0.36 -0.86 -0.86 -0.86 -1.4897901 -1.49 -1.49 -0.8 -0.8 -0.8 -0.8 -0.8 -0.16000003 -0.16 -0.16 -0.16 -0.16 0.87 0.87 0.87 0.87 0.87 0.65000001 0.65 0.65 0.65 0.3 0.3 0.3 0.3 0.3 0.49 0.49 -0.0099999967 -0.01 -0.01 0.95983481 0.96 0.56 0.56 0.56 0.55999997 0.25 0.25 0.25 0.57 0.57 0.57 0.12 0.12 -0.46 -0.46 
-0.36 -0.36 -0.86 -0.86 -0.86 -0.86 -0.8599983 -0.55 -0.79976462 -0.8 -0.8 -0.8 -0.8 -0.16798342 -0.16 -0.16 -0.16 -0.16 0.86999998 0.87 0.87 0.87 0.87 0.65 0.65 0.65 0.65 0.64999863 0.3 0.3 0.3 0.48999004 0.49 0.49 0.49 -0.0099999995 0.95999999 0.96 0.96 0.94947525 0.41668856 0.39 0.39 0.25 0.25 0.25 0.57 0.57 0.57 0.12 0.12 0.12 -0.32414255 
-1.08 -1.0799943 -0.86 -0.86 -0.86 -0.86 -0.55 -0.55 -0.55 -0.8 -0.8 -0.8 -0.8 -0.79980104 -0.16 -0.16 -0.16 -0.16 0.86998188 0.87 0.87 0.87 0.68875973 0.65 0.65 0.65 0.65 1.2199995 1.22 1.22 0.30988117 0.49 0.49 0.49 0.49000031 0.81 0.96 0.96 0.96 0.96 0.39 0.39 0.39 0.68 0.68 0.68 0.77997955 0.57 0.57 0.12 0.12 0.12 -0.30999526 
-1.08 -1.08 -0.86 -0.86 -0.86 -0.55 -0.55 -0.55 -0.55 -0.77258265 -0.8 -0.8 -0.8 -0.79999757 -0.47996317 -0.48 -0.48 -0.48 0.83392422 0.97 0.97 0.97 0.97 0.65 0.65 0.65 0.6500376 1.22 1.22 1.22 1.22 0.49011128 0.66999074 0.81 0.81 0.81 0.95783435 0.38001208 0.38 0.38 0.39044647 0.95999998 0.96 0.68 0.68 0.68000042 0.78 0.78 0.45 0.45 0.45 1.26 1.39 
-1.08 -1.08 0.86 0.86 0.86 -0.55 -0.55 -0.55 -0.55 -0.36 -0.36 -0.36 -0.36 -0.36845668 -0.48 -0.48 -0.48 -0.48 0.83 0.97 0.97 0.97 0.97 1.43 1.4299997 0.65000115 1.22 1.22 1.22 1.22 1.2655648 1.31 0.86949314 0.81 0.81 0.81 0.38 0.38 0.38 0.38 0.96 0.96 0.96 1.1499401 1.15 0.78166312 0.78 0.78 0.45000328 0.45 1.26 1.26 1.39 
-1.08 0.85999999 0.86 0.86 0.86 0.86 -0.54930134 -0.46 -0.46 -0.36 -0.36 -0.36 -0.36 -0.36002842 -0.48 -0.48 -0.48 -0.42081004 0.83 0.83 0.97 0.97 1.43 1.43 1.43 1.43 1.22 1.22 1.22 1.22 1.31 1.31 1.31 0.81050596 0.81 0.81 0.38 0.38 0.38 0.38 0.96 0.96 0.96 1.15 1.15 1.1499847 0.88 0.88 1.13 1.13 1.26 1.26 1.39 
0.84178099 0.86 0.86 0.86 0.86 0.86 -0.46 -0.46 -0.46 -0.40647582 -0.36 -0.36 -0.36 -0.36000512 -0.48 -0.48 -0.48 0.83 0.83 0.83 0.96999301 0.97000281 1.43 1.43 1.43 1.43 1.2200149 1.22 1.22 1.3099793 1.31 1.31 1.31 1.31 0.8115217 1.03 1.03 1.0187506 0.38 0.38 0.95999949 0.96 1.1444757 1.15 1.15 0.8800001 0.88 0.88 1.13 1.13 1.08 1.08 1.22 
0.86 0.86 0.86 0.86 0.86 0.86 -0.46 -0.46 -0.46 -0.46 -0.59999309 -0.6 -0.6 -0.6 -0.47999668 0.30844217 0.75 0.75 0.82985252 0.83 0.83000003 1.4299993 1.43 1.43 1.43 1.43 1.4298473 1.22 1.2200031 1.31 1.31 1.31 1.31 1.31 1.03 1.03 1.03 1.03 1.03 1.0299991 1.65 1.65 1.6499999 1.48 1.48 1.48 0.92 0.92 0.71 0.71 1.08 1.0800003 1.22 
0.86 0.86 0.86 0.86 0.86 0.86 -0.46 -0.46 -0.46 -0.6 -0.6 -0.6 -0.6 -0.6 -0.24414324 0.75 0.75 0.75 0.75 0.75 0.75381974 1.43 1.43 1.43 1.43 1.4221497 1.1803917 1.2145542 1.3095562 1.31 1.31 1.31 1.31 1.3099994 1.03 1.03 1.03 1.03 1.03 1.3184226 1.65 1.65 1.65 1.48 1.48 1.48 0.92 0.92 0.71 0.71 0.97999999 1.2067606 1.22 
0.86 0.86 0.86 0.86 0.86 0.8599996 -0.4599997 -0.46 -0.46581078 -0.6 -0.6 -0.6 -0.6 -0.6 -0.53524569 0.75 0.75 0.75 0.75 0.75 0.75 1.2168702 1.1800004 1.18 1.18 1.18 1.18 1.18 0.62837734 0.62000817 0.62000002 0.62 0.62 0.6200003 1.03 1.03 1.03 1.03 1.03 1.6499999 1.65 1.65 1.65 1.6499999 1.4802245 1.62 0.92000007 1.11654 0.71035924 0.98 0.98 0.98519666 1.23 
0.86 0.86 0.86 0.86 0.86 0.85991568 -0.45992881 -0.46000847 -0.59999982 -0.6 -0.6 -0.6 -0.6 -0.6 -0.57431237 0.75 0.75 0.75 0.75 0.75 0.75 1.18 1.18 1.18 1.18 1.18 1.18 1.18 0.62015459 0.62 0.62 0.62 0.62 0.62 0.73233996 1.03 1.03 1.03 1.03 1.65 1.65 1.65 1.65 1.6499923 1.62 1.62 1.6168662 1.12 1.12 0.98 0.98 1.23 1.23 
0.86 0.86 0.86 0.86 0.85999999 0.8582396 -0.45843704 -0.58420191 -0.6 -0.6 -0.6 -0.6 -0.6 -0.6 -0.57636593 0.75 0.75 0.75 0.75 0.75 0.81122419 1.18 1.18 1.18 1.18 1.18 1.18 1.18 0.62000225 0.62 0.62 0.62 0.62 0.62 0.62 1.2298863 1.5406424 1.7105525 1.7364173 1.667998 1.65 1.65 1.65 1.6200024 1.62 1.6204178 1.6899973 1.12 1.12 1.8700305 1.87 1.87 1.2300003 
0.86 0.86 0.86 0.86 0.85999866 0.84899165 -0.46285613 -0.5999615 -0.6 -0.6 -0.6 -0.6 -0.6 -0.6 -0.56847542 0.75 0.75 0.75 0.75 0.75 1.1799981 1.18 1.18 1.18 1.18 1.18 1.18 1.18 0.62000015 0.62 0.62 0.62 0.62 0.62 0.62000023 1.75 1.75 1.75 1.75 1.93 1.93 1.93 1.93 1.6899998 1.69 1.69 1.69 1.6900033 2.01 2.01 1.87 1.87 2.0423332 
0.86 0.86 0.86 0.8599999 0.85996314 0.8241004 -0.58812254 -0.59999817 -0.6 -0.6 -0.6 -0.6 -0.6 -0.6 -0.55417267 0.74999945 0.75 0.75 0.75 0.75258798 1.18 1.18 1.18 1.18 1.18 1.18 1.18 1.18 0.62000013 0.62 0.62 0.62 0.62 0.62 1.749999 1.75 1.75 1.75 1.75 1.93 1.93 1.93 1.93 1.865225 1.69 1.69 1.69 2.0099964 2.01 2.01 2.12 2.12 2.12 
0.86 0.86 0.85999994 0.85999701 0.85963834 0.7191776 -0.59920964 -0.59999954 -0.6 -0.6 -0.6 -0.6 -0.6 -0.59999991 -0.53479795 0.74996825 0.75 0.75 0.75000049 1.1712875 1.18 1.18 1.18 1.18 1.18 1.18 1.18 1.18 0.62000052 0.62 0.62 0.62 0.62 1.227595 1.7499999 1.75 1.75 1.75 1.75 1.93 1.93 1.93 1.93 1.93 1.69 1.69 1.69 2.01 2.01 2.01 2.12 2.12 2.12 
0.85999999 0.85999991 0.85999875 0.8599646 0.85779589 0.016749625 -0.59982878 -0.59999972 -0.6 -0.6 -0.6 -0.6 -0.6 -0.59999746 -0.51176298 0.74950697 0.74999997 0.75000001 0.75222632 1.1799634 1.18 1.18 1.18 1.18 1.18 1.18 1.18 1.1799997 0.62000351 0.62 0.62000059 1.3770329 1.45 1.45 1.45 1.75 1.75 1.75 1.75 1.93 1.93 1.93 1.93 1.93 1.6900043 1.69 1.6900002 2.01 2.01 2.0100001 2.12 2.12 2.12 
