interpolatedSpi/06-05|23_3.tif
NCOLS 53
NROWS 52
XLLCORNER -116.03883
YLLCORNER 28.596182
DX 0.49850594
DY 0.49788537
NODATA_VALUE -9999
-0.51 -0.51 -0.58176923 -0.62 -1 -0.12 -1.18 -0.31 -1.5735496 -1.22 -1.52 -1.36 -1.6100124 -1.76 -1.25 -1.25 -1.25 -0.79 -0.51 -0.51 -0.51 -0.50999162 0.35999999 -1.01 -1.01 -1.01 -1.5299928 -1.53 -1.53 -0.87 -0.87 -0.87 -0.87 -2.1999997 -2.2 -2.2 -2.2 -2.2 -2.2 -2.1999999 -0.20152692 -0.18031874 -1.43 -1.43 -1.43 -1.43 -1.4298857 -1.36 -1.36 -1.36 -1.4299999 -1.43 -1.43 
-0.51002844 -1.15 -1.4099989 -1.2271632 -1.4001873 -0.95 -0.73 -0.65955025 -0.44 -1.33 -1.5 -1.61 -1.61 -0.41450153 -1.7599792 -1.25 -0.79 -0.79 -0.51036508 -0.51 -0.51 -0.51 -0.99789347 -1.01 -1.01 -1.01 -0.86000001 -0.86 -0.87 -0.87 -0.87 -0.87 -0.87 -2.1999998 -2.2 -2.2 -2.2 -2.2 -2.2 -2.1974114 -2.19999 -1.5234333 -1.43 -1.43 -1.43 -1.43 -1.43 -1.36 -1.36 -1.36 -1.3658045 -1.43 -1.43 
-0.41999964 -0.42 -0.43 -1.12 -1.67 -0.52 -1.27 0.02 -1.29 -1.36 -1.64 -1.67 -2.52 -1.61 -0.41 -0.98 -0.79 -0.79 -0.79 -0.32005523 -0.32 -0.32 -0.78 -1.01 -1.01 -1.01 -0.86 -0.86 -0.86 -0.87 -0.87 -0.87 -0.91814001 -2.1986309 -2.1985107 -2.0414662 -2.04 -2.04 -2.0601238 -2.2 -2.2 -2.1990154 -1.43 -1.43 -1.43 -1.43 -1.43 -1.36 -1.36 -1.36 -1.36 -1.43 -1.43 
0.38 -0.41999999 -0.37025429 -1.08 -1.57 -1.03 -0.88 -1 -0.95 -1.4297415 -1.53 -0.91 -1.42 -1.61 -1.57 -0.98 -0.75175972 -0.75002803 -0.28 -0.32 -0.32 -1.41 -0.78 -0.78 -1.01 -1.0099993 -0.86 -0.86 -0.86 -1.09 -1.0241587 -0.97 -0.97 -0.97000084 -2.04 -2.04 -2.04 -2.04 -2.2 -2.2 -2.2 -2.2 -1.43 -1.43 -1.43 -1.43 -1.43 -1.3600009 -1.36 -1.36 -1.36 -1.4299915 -1.43 
0.38 -0.50999974 -0.37 -1.8910511 -1.57 -1.67 -1.9600848 -2.58 -2.94 -2.0600003 -1.7710351 -1.629851 -0.59 -1.57 -1.57 -1.1716185 -0.75 -0.75 -0.28 -0.28 -0.3200021 -1.41 -0.45 0.35 -0.57 -0.57004451 -0.86 -0.86 -1.09 -1.09 -0.97 -0.97 -0.97 -0.9907432 -2.04 -2.04 -2.04 -2.2 -2.2 -2.2 -2.2 -2.1997905 -1.43 -1.43 -1.43 -1.43 -1.43 -1.4293769 -1.36 -1.3599915 -1.17 -1.17 -1.17 
-1.06 -1.8 -1.74 -1.68 -1.37 -1.35 -1.33 -1.4900358 -2.2 -2.93 -2.46 -1.72 -1.7199993 -1.6 -1.6 0.099942055 0.1 -0.83 -0.83 -0.27999984 -0.64 -0.64 0.35 -0.57 -0.57 -0.76 -1.32 -1.32 -0.69003851 -1.09 -0.97 -0.97 -1.08 -1.0800669 -1.7199541 -1.48 -1.48 -1.9772516 -2.2 -2.2 -0.032706457 -0.030000001 -0.030001028 -1.8720563 -1.8799503 -1.8799999 -1.88 -1.8799998 -1.5490271 -1.17 -1.17 -1.17 -1.17 
-0.31999448 -1.12 -1.2370377 -2.24 -1.99 -1.54 -1.4 -2.13 -2.49 -2.49 -2.46 -1.02 -1.12 -1.6 -0.14000437 -0.14 0.1 0.18 -0.1 -0.1 -0.39965491 -0.13 -0.13 -0.78 -0.76 -0.76 -1.32 -1.32 -0.69009557 -0.69175959 -0.62527097 -1.08 -1.08 -1.72 -1.72 -1.5671424 -1.48 -1.48 -1.4100024 -0.030001921 -0.03 -0.03 -0.030007072 -1.8799953 -1.88 -1.88 -1.88 -1.8799998 -1.62 -1.1700892 -1.17 -1.17 -1.17 
-0.32 -1.4 -0.39 -2.85 -2.5500172 -2.47 -2.6 -2.46 -1.48 -1.58 -1.58 -1.01 -1.12 -1.12 -0.14672371 -0.16732271 -0.17 0.33 -0.44999964 -0.1 -0.39244973 -0.35 -0.28 0.69 0.68998078 -0.8 -0.38 -0.38000033 -2.3242532 -2.33 -0.62 -1.6188483 -1.4 -1.72 -1.7043133 -1.64 -1.64 -1.41 -1.41 -0.03 -0.03 -0.030000008 -1.0271375 -1.03 -1.88 -1.88 -1.88 -1.6200099 -1.62 -1.62 -1.17 -1.17 -1.17 
-1.3863456 -1.4 -0.01 -2.52 -2.21 -2.9 -2.7 -1.52 -2.12 -1.3624343 -1.48 -0.79 -0.79 -0.56 -0.55999408 -0.63869007 -0.64 -0.64 0.2109318 -0.10000016 -0.85 -0.84999999 -0.4 -0.32729002 -0.64984734 -0.8 -0.84 -0.38 -0.49930268 -0.5 -1.68 -1.44 -1.228466 -1.82 -1.17 -1.3 -1.48 -1.71 -1.2702032 -0.031696234 -0.41 -0.71 -1.0298388 -1.03 -1.0347843 -1.88 -1.58 -1.62 -1.62 -1.62 -1.62 -0.9608275 0.58 
-1.31 -1.31 0.07 -0.64 -2.76 -2.79 -1.61 -1.88 -1.01 -1.1699481 -1.34 -0.53 -0.56 -0.56 0.07 0.060262029 -0.64 -0.63993421 -0.35 -0.1 -0.1 -0.19662517 -0.4 -0.46999867 -0.47 -0.47 -0.84 -0.5 -0.5 -0.5 -0.5 -1.4392034 -1.02 -1.82 -0.98 -1.3 -1.48 -1.94 -1.27 -0.1288 -0.70999999 -0.46388261 -0.04 -1.03 -1.03 -1.58 -1.58 -1.58 -1.62 -1.62 0.51 0.51 0.51000003 
-1.31 -1.31 -1.15 -1.86 -2.18 -0.52 -1.86 -1.1709659 -1.73 -2.15 -0.67 -0.53 -0.53000004 0.07 0.07 0.069950395 -0.36 -0.35947515 -0.35 0.25 0.25 0.04 0.04 -0.47 -0.47 -0.47 -0.5 -0.5 -0.5 -0.6 -0.6 -0.60000069 -0.59 -0.59 -1.25 -1.24 -0.35 -1.0900058 -0.23 -0.11 -0.11 -0.57999823 -0.04 -1.03 0.10999963 -0.09 0.29190328 0.3 0.41 0.41 0.51 0.51 0.51 
-1.31 -1.2411221 -1.4529823 -2.6199741 -1.46 -1.67 -1.86 -1.17 -1.7299953 -2.1453469 -0.53000211 -0.53 0.17 0.07 0.07 -0.35999999 -0.36 -0.35999943 -0.35 0.25 0.20876027 0.04 0.04 -0.46997901 -0.47 -0.13799324 0.54 0.54 0.53999987 -0.6 -0.6 0.05 0.05 -0.59000181 -1.25 -0.61000022 -0.57770268 -1.09 -1.09 -0.11000002 -0.58 -0.58 -0.57999493 0.11 0.11 -0.09 0.3 0.3 0.41 0.41 0.51 0.51 0.51 
-0.24 -0.87269929 -0.84003742 -0.85288153 -1.4600013 -1.669995 -1.86 -1.1784935 -1.6914103 -1.7409673 0.17 0.17 0.17 0.17 0.070014166 -0.36 -0.36 -0.35987088 -0.35 0.25007431 0.52 0.52 0.52 0.52 -0.45240169 0.54 0.54 0.54 0.54 0.53920779 0.05 0.05 0.05 0.05 -0.61 -0.61 -0.61 -1.0676493 -1.0826397 -0.11 -0.11 -0.57997472 -0.23998802 0.10996629 0.11 -0.09 0.3 0.3 0.41 0.41 0.50963721 0.51 -0.19828204 
-0.24 -0.84 -0.84 -0.84 -0.84 -0.84000035 -1.8595135 -1.5335903 -1.5884566 0.16794337 0.17 0.17 0.17 0.17 0.17000006 -0.35999999 -0.36 -0.35931407 -0.34999732 0.52 0.52 0.52 0.52 0.52 0.50508448 0.20216195 0.080000095 0.08 0.08 0.08 0.050000004 0.05 0.050000902 0.8 0.8 -0.61 0.5177424 0.55 -0.10999962 -0.11 -0.11 -0.11 -0.24 -0.24 -0.24 -0.23895614 -0.0080640305 -0.01 -0.01 -0.01 -0.0099999924 0.31000004 0.31 
-1 -0.84 -0.84 -0.84 -0.84 -0.84 -0.84000006 -1.2073667 0.25038611 0.26 0.26 0.26 0.26 0.26 0.26 -0.47487907 -0.36206215 -0.35863061 0.51989061 0.52 0.52 0.52 0.52 0.51999933 -0.17 -0.17 -0.16999965 0.08 0.08 0.08050061 0.33 0.33 0.8 0.8 0.8 0.59004727 0.55 0.55 0.55 -0.11 -0.11 -0.11 -0.24 -0.24 -0.24 -0.24 -0.010000004 -0.01 -0.01 -0.01 -0.01 0.31 0.31 
-1 -0.94043382 -0.84 -0.84 -0.84 -0.84 0.019831211 0.02 0.020000006 0.26 0.26 0.26 0.26 0.26 0.094544753 -0.49 -0.49 -0.49 -0.058234655 -0.059999408 -0.06 -0.06 -0.06 -0.06 -0.17 -0.17 -0.17 -0.17 0.08 0.33 0.33 0.33 0.79999996 0.8 0.8 0.54 0.54998676 0.55 0.55 -0.11009558 -0.30146925 -0.74808718 -0.24 -0.24 -0.24996914 -0.25 -0.25 -0.010231031 -0.14951076 -0.14999999 -0.14999997 0.50996956 0.31000041 
-1 0.2066972 -0.29347028 -0.84 -0.84 0.019491871 0.02 0.02 0.02 0.021729509 0.26 0.26 0.26 0.25999991 -0.49 -0.49 -0.49 -0.49 -0.06038411 -0.06 -0.06 -0.06 -0.06 -0.06 -0.17 -0.17 -0.17 -0.17 -0.16818133 0.33 0.33 0.33 0.080000006 0.79995617 0.54 0.54 0.54 0.53439453 -0.66767774 -0.75 -0.75 -0.75 -0.43 -0.43 -0.25 -0.25 -0.25 -0.15 -0.15 -0.15 -0.15 0.51 0.51 
0.23938276 0.24 0.24 0.24000001 0.79 0.020019863 0.02 0.02 0.02 0.02 0.20170461 0.25998997 0.25999998 -0.49 -0.49 -0.49 -0.49 -0.49 -0.45502773 -0.06 -0.06 -0.06 -0.06 -0.06 0.041790332 0.28999751 0.29 0.29 0.29 0.32999999 0.080000004 0.08 0.08 0.08 0.54 0.53998657 0.03 0.03 -0.74026054 -0.75 -0.75 -0.75 -0.43 -0.43 -0.2778702 -0.25 -0.25 -0.15 -0.15 -0.15 -0.14292308 0.51 0.51 
0.24 0.24 0.24 0.4990032 0.79 0.79 0.02 0.02 0.02 0.02 -0.51 -0.51 -0.51 -0.49 -0.49 -0.49 -0.49 -0.49004131 -0.47 -0.47 -0.060000166 -0.06 -0.057565421 0.04 0.042250644 0.29 0.29 0.29 0.29 0.080021383 0.08 0.08 0.08 0.08 0.030001793 0.03 0.03 0.03 0.027185942 -0.75 -0.75 -0.75 -0.43 -0.43 -0.43 -0.25 -0.25 -0.15 -0.15 -0.15 0.51 0.51 0.51 
0.24 0.24 0.24 0.79 0.79 0.79 0.78999882 0.02 0.02 -0.50945289 -0.51 -0.51 -0.51 -0.50998754 -0.6923556 -0.74 -0.74 -0.74 -0.47 -0.47 -0.47 0.04 0.04 0.04 0.040145667 0.43162156 0.29 0.29 0.29 -0.42742259 -0.54993804 -0.55 -0.55 -0.55 -0.48149592 -1.1999972 -1.2 -1.2 -1.2 -0.030098517 -0.03 -0.03 -0.43 -0.43 0.48999616 0.48999983 -7.7758681e-24 -1.1034682e-21 -0.05 -0.05 -0.05 0.51 -0.10944564 
0.24000155 0.24 0.24000002 0.79 0.79 0.79 0.79 0.3599999 0.021359453 -0.50953754 -0.51 -0.51 -0.51 -0.51045132 -0.74 -0.74 -0.74 -0.73999992 -0.47 -0.47 -0.47 0.04 0.04 0.04 0.56 0.56 0.54 0.54 0.54 0.53405371 -0.55 -0.55 -0.55 -0.55 -0.87482162 -1.2 -1.2 -1.2 -1.2 -0.03 -0.03 -0.03 -0.013638811 0.49 0.49 0.49 1.8407198e-38 -4.7260617e-73 -0.05 -0.05 -0.05 -0.11 -0.11 
0.74 0.50041923 0.12 0.12019438 0.79 0.36248797 0.36 0.36 0.45109466 1.3876409e-08 -2.7529233e-34 -1.2537909e-60 -1.2918317e-19 -0.43998568 -0.44 -0.73999977 -0.74 -0.7328859 -0.47 -0.47 -0.47 -0.13 -0.13 -0.13 0.56 0.56 0.54 0.54 0.54 0.5399993 -0.42000083 -0.42000037 -0.54673265 -0.54986063 -1.7386383 -1.74 -1.74 -1.74 -1.74 -0.03 -0.03 -0.03 0.46136669 0.49 0.49 0.48999978 -1.9736066e-26 -9.2921798e-48 -1.8001521e-06 -0.05 -0.050036667 -0.87 -0.11 
0.63002089 0.62999991 0.12 0.12 0.12 0.36 0.36 0.36 0.61 0.61 5.7496975e-34 -1.6241257e-60 -8.1535906e-30 -0.44 -0.44 -0.44 -0.44 -0.44000447 -0.47 -0.47 -0.46999999 -0.13 -0.13 -0.13 0.56 0.56 0.54 0.54 0.54 -0.40917593 -0.42 -0.42 -0.42 -0.42 -1.7393487 -1.74 -1.74 -1.74 -1.74 -0.74999981 -0.75 -0.75 -0.75 0.48999064 -0.73 -0.73 -0.73 -1.43 -1.43 -1.43 -0.87 -0.87 -0.87 
0.63 0.63 0.12 0.12 0.12 0.35873852 0.36 0.61 0.61 0.61 7.5091484e-05 2.8967711e-17 0.016342494 -0.43999989 -0.44 -0.44 -0.44 -0.49 -0.49 -0.49 -0.31 -0.30999987 -0.13000088 -0.13 -0.12936755 0.61 0.61 0.60999983 0.54001131 -0.29002591 -0.29000069 -0.2900227 -0.41977782 -0.41988781 -1.5048186 -1.7399999 -1.7389611 -1.43 -1.43 -0.75 -0.75 -0.75 -0.75 -0.73 -0.73 -0.73 -0.73 -1.43 -1.43 -1.43 -0.87 -0.87 -0.87 
0.63 0.63 0.12 0.12 0.12 0.12 0.4535677 0.61 0.61 0.61 0.60967409 0.02 0.02 0.02 -0.43728911 -0.44 -0.48966681 -0.49 -0.49 -0.49 -0.31 -0.31 -0.31 -0.31 0.61 0.61 0.61 0.61 0.61 -0.29 -0.29 -0.29 -0.29 -0.29000086 -0.7 -1.43 -1.43 -1.43 -1.43 -1.429999 -1.21 -1.21 -1.21 -1.1774562 -1.11 -1.11 -1.11 -1.43 -1.4300002 -1.65 -1.65 -0.93998297 -0.94 
0.63 0.63 0.30407419 0.12 0.12 0.12000001 0.56008872 0.60984243 0.61 0.61 0.020000181 0.02 0.02 0.02 0.02 -0.017780585 -0.49 -0.49 -0.49 -0.49 -0.31000139 -0.31 -0.31 -0.31 0.61 0.61 0.61 0.61 0.61 0.50807293 -0.29 -0.29 -0.29 -0.7 -0.7 -0.70056686 -1.43 -1.43 -1.6551114 -1.83 -1.21 -1.21 -1.21 -1.1791109 -1.11 -1.11 -1.11 -1.41 -1.6470096 -1.65 -1.65 -0.94 -0.94 
0.4 0.4 0.4 0.1902037 0.12042966 0.56 0.56 0.56 0.56 0.88 0.88 0.020000061 0.02 0.02 0.02 0.019967663 -0.49 -0.49 -0.49 -0.49 -0.38854616 -0.31 -0.31 -0.28330617 0.7055471 0.61 0.61 0.61 0.79 0.79 0.79 0.78999547 -0.7 -0.7 -0.7 -0.7 -1.83 -1.83 -1.83 -1.83 -1.24 -1.24 -1.24 -1.4599956 -1.46 -1.46 -1.4599999 -1.41 -1.41 -1.6497076 -1.65 -0.94000061 -0.94 
0.4 0.4 0.4 0.40000054 0.41 0.43181246 0.56 0.56 0.56 0.88 0.88 0.88 -0.34999998 -0.35 -0.35 -0.34999998 -0.48816818 -0.49 -0.49 -0.49 -0.48721487 0.7099972 0.71 0.71 0.71 0.70999999 0.33 0.33 0.79 0.79 0.79 0.79 -0.70000021 -0.7 -0.7 -0.70002362 -1.83 -1.83 -1.83 -1.8292104 -1.24 -1.24 -1.24 -1.4599898 -1.46 -1.46 -1.46 -1.41 -1.41 -1.41 -1.06 -1.06 -1.08 
0.4 0.4 0.4 0.40999998 0.41 0.41 0.55999994 0.56 0.56 0.88 0.88 0.88 -0.35 -0.35 -0.35 -0.28450279 0.51 0.51 0.50999742 -0.48435173 0.71 0.71 0.71 0.71 0.71 0.70971403 0.33 0.33 0.33 0.79 0.79 0.78951726 -0.99 -0.99 -0.99 -1.46 -1.46 -1.65 -1.65 -1.65 -0.79 -1.2398588 -1.2400031 -1.65 -1.65 -1.6427992 -1.4600004 -1.41 -1.41 -1.06 -1.06 -1.06 -1.08 
0.4 0.4 0.4 0.41 0.41 0.41 0.41 0.56 0.56 0.88 0.88 -0.30081774 -0.35 -0.35 -0.35 0.51 0.51 0.51 0.51 0.51 0.71 0.71 0.71 0.71 0.71 0.3300013 0.33 0.33 0.33 0.04 0.04 0.04 -0.99 -0.99 -0.99 -1.46 -1.46 -1.65 -1.65 -0.79 -0.79 -0.79 -1.65 -1.65 -1.65 -1.65 -1.6549288 -1.71 -1.71 -1.71 -1.06 -0.64 -0.64 
0.4 0.4 0.40001393 0.41 0.41 0.41 0.41 0.733684 0.75 0.75022319 0.87999999 -0.34991876 -0.35 -0.35 -0.34999702 0.51 0.51 0.51 0.51 0.51 0.38393119 0.71 0.71 0.71 0.70996293 0.33001125 0.33 0.33 0.33 0.04 0.04 0.04 0.03984641 -0.99 -1.46 -1.46 -1.46 -1.460008 -1.6499413 -0.79 -0.79 -0.79 -1.6499478 -1.65 -1.65 -1.65 -1.710002 -1.71 -1.71 -1.71 -0.64 -0.64 -0.64 
0.65 0.64999956 0.41000321 0.41 0.41 0.41 0.74992765 0.75 0.75 0.75 0.62 0.62 0.62 0.62 0.51050754 0.51 0.51 0.51 0.51 0.37000008 0.37 0.37 0.53000003 0.53 0.53 0.53 0.51273743 0.33 -0.55996355 -0.56 -0.56 -0.56 -0.56 -1.67 -1.67 -1.67 -1.67 -1.67 -1.18 -1.18 -1.18 -1.18 -1.18 -1.9096081 -1.91 -1.91 -1.91 -1.71 -1.71 -1.71 -0.64016857 -0.64 -0.64 
0.65 0.65 0.65468852 1.2099984 1.2099998 1.209551 0.75 0.75 0.75 0.75 0.62 0.62 0.62 0.62 0.62 0.51 0.51 0.51 0.37000004 0.37 0.37 0.37 0.53 0.53 0.53 0.53 0.53 0.5299566 -0.55980306 -0.56 -0.56 -0.56 -0.55992088 -1.6076408 -1.6699354 -1.67 -1.67 -1.67 -1.18 -1.18 -1.18 -1.18 -1.18 -1.91 -1.91 -1.91 -1.91 -1.8164761 -1.71 0.10947125 0.13 0.02 0.02 
0.65 0.65 1.2099291 1.21 1.21 1.21 1.0931619 0.75 0.75 0.75 0.62 0.62 0.62 0.62 0.62 0.51008446 0.51 0.37004105 0.37 0.37 0.37 0.37 0.47072696 0.53 0.53 0.53 0.53 0.5295893 -0.05 -0.05 -0.05 -0.05 -0.05 -1.56 -1.56 -1.56 -1.56 -1.56 -1.66 -1.66 -1.66 -1.66 -1.66 -1.9052143 -1.909999 -1.91 -1.9096678 -1.8697295 0.13 0.13 0.13 0.020000616 0.02 
0.64999972 0.5029244 1.2099999 1.21 1.21 1.21 1.21 0.75019586 0.75 0.75 0.62 0.62 0.62 0.62 0.60044423 0.6 0.6 0.37000592 0.37 0.37 0.37 0.37 0.37000002 0.53 0.53 0.53 0.53 0.13999983 0.13999991 0.099563383 -0.05 -0.05 -0.05 -1.56 -1.56 -1.56 -1.56 -1.5594717 -1.66 -1.66 -1.66 -1.66 -1.6599379 0.05 0.05 0.05 0.05 0.050006452 0.13 0.13 0.13 0.1299999 -0.039116354 
0.5 0.5 0.67269206 1.21 1.21 1.21 1.21 1.21 0.75019679 1.02 1.02 1.02 1.0190507 0.60000003 0.6 0.6 0.6 0.6 0.37000036 0.37307717 0.4 0.4 0.4 0.43277102 0.52439745 0.49441929 0.46894078 0.14 0.14 0.14 0.14 0.14 0.12463367 -0.77786761 -0.78 -0.78 -0.78 -0.78 -1.5078382 -0.85000146 -0.85 -0.85 -0.85 0.17999962 0.050000034 0.05 0.05 0.34 0.13000336 0.13 0.13 -0.04 -0.04 
0.5 0.5 0.78 0.78 0.78 1.2098568 1.21 1.21 1.02 1.02 1.02 1.02 1.02 0.60000002 0.6 0.6 0.6 0.6 0.4 0.4 0.4 0.4 0.4 0.46 0.46 0.46 0.46 0.14 0.14 0.14 0.14 0.14 -0.59 -0.59 -0.78 -0.78 -0.78 0.11984673 0.12 -0.85 -0.85 -0.85 -0.84999987 0.18 0.18 0.18 0.34 0.34 0.34 0.13 0.13 -0.04 -0.04 
0.5 0.5 0.78 0.78 0.78 0.78 0.78000252 1.24 1.0202071 1.02 1.02 1.02 1.02 0.60523912 0.6 0.6 0.6 0.6 0.4 0.4 0.4 0.4 0.4 0.46 0.46 0.46 0.46 0.45999873 0.14 0.14 0.14 -0.58996173 -0.59 -0.59 -0.59 -0.78 0.11999999 0.12 0.12 0.094477482 -0.14187288 -0.01 -0.01 0.18 0.18 0.18 0.34 0.34 0.34 0.13 0.13 0.13 0.21360058 
0.81 0.80999757 0.78 0.78 0.78 0.78 1.24 1.24 1.24 1.02 1.02 1.02 1.02 1.0198694 0.6 0.6 0.6 0.6 0.40000335 0.4 0.4 0.39999999 0.44941876 0.46 0.46 0.46 0.46 0.74999976 0.75 0.74999999 0.14651966 -0.59 -0.59 -0.59 -0.59000015 -0.75 0.12 0.12 0.12 0.12 -0.01 -0.01 -0.01 0.45 0.45 0.45 0.68996591 0.34 0.34 0.13 0.13 0.13 0.2400007 
0.81 0.81 0.78 0.78 0.78 1.24 1.24 1.24 1.24 1.0441148 1.02 1.02 1.02 1.0199969 0.29003568 0.29 0.29 0.29 0.21053511 -0.06 -0.06 -0.06 -0.06 0.46 0.46 0.46 0.46001913 0.75 0.75 0.75 0.75 -0.58988435 -0.67999537 -0.75 -0.75 -0.75 0.11906383 -0.1299948 -0.13 -0.13 -0.0097493476 0.30999999 0.31 0.45 0.45 0.45000102 0.69 0.69 0.52 0.52 0.52 0.53 0.49 
0.81 0.81 0.37 0.37 0.37 1.24 1.24 1.24 1.24 0.99 0.99 0.99 0.99 0.94066936 0.29 0.29 0.29 0.29 0.22 -0.06 -0.06 -0.06 -0.06 -0.33 -0.32999969 0.45999883 0.75 0.75 0.75 0.75 0.56267816 0.38 -0.6155455 -0.75 -0.75 -0.75 -0.13 -0.13 -0.13 -0.13 0.31 0.31 0.31 0.52993063 0.53 0.68928081 0.69 0.69 0.52000021 0.52 0.53 0.53 0.49 
0.81 0.37 0.37 0.37 0.37 0.37 1.2323147 0.25 0.25 0.99 0.99 0.99 0.99 0.98983422 0.29 0.29 0.29 0.28683718 0.22 0.22 -0.06 -0.06 -0.33 -0.33 -0.33 -0.33 0.75 0.75 0.75 0.75 0.38 0.38 0.38 -0.74885653 -0.75 -0.75 -0.13 -0.13 -0.13 -0.13 0.31 0.31 0.31 0.53 0.53 0.530017 0.83 0.83 0.55 0.55 0.53 0.53 0.49 
0.37413215 0.37 0.37 0.37 0.37 0.37 0.25 0.25 0.25 0.64607893 0.99 0.99 0.99 0.9899762 0.29 0.29 0.29 0.22 0.22 0.22 -0.059986012 -0.060001649 -0.33 -0.33 -0.33 -0.33 0.74992323 0.75 0.75 0.38008509 0.38 0.38 0.38 0.38 -0.74623891 -0.03 -0.03 -0.031730674 -0.13 -0.13 0.30999961 0.31 0.52360345 0.53 0.53 0.82999989 0.83 0.83 0.55 0.55 -0.3 -0.3 -0.57 
0.37 0.37 0.37 0.37 0.37 0.37 0.25 0.25 0.25 0.25000001 -0.089968886 -0.09 -0.09 -0.09 0.28999885 0.11692733 0.02 0.02 0.2196313 0.22 0.21999994 -0.32999961 -0.33 -0.33 -0.33 -0.33 -0.32921478 0.75 0.74998735 0.38 0.38 0.38 0.38 0.38 -0.03 -0.03 -0.03 -0.03 -0.03 -0.029999475 0.35 0.35 0.35000011 0.66 0.66 0.66 0.11 0.11 -0.23 -0.23 -0.3 -0.30000059 -0.57 
0.37 0.37 0.37 0.37 0.37 0.37 0.25 0.25 0.25 -0.09 -0.09 -0.09 -0.09 -0.09 -0.061004263 0.02 0.02 0.02 0.02 0.02 0.029549342 -0.33 -0.33 -0.33 -0.33 -0.32497584 -0.17025072 0.62472507 0.38182465 0.38 0.38 0.38 0.38 0.3799991 -0.03 -0.03 -0.03 -0.03 -0.03 0.14677512 0.35 0.35 0.35 0.66 0.66 0.66 0.11 0.11 -0.23 -0.23 -0.70999999 -0.57772286 -0.57 
0.37 0.37 0.37 0.37 0.37 0.36999996 0.25000003 0.25 0.2358881 -0.09 -0.09 -0.09 -0.09 -0.09 -0.084723723 0.02 0.02 0.02 0.02 0.02 0.02 -0.19386452 -0.17000022 -0.17 -0.17 -0.17 -0.17 -0.17 0.1852649 0.19000225 0.19 0.19 0.19 0.18999984 -0.03 -0.03 -0.03 -0.03 -0.03 0.34999995 0.35 0.35 0.35 0.35000014 0.65881362 -0.08 0.10999998 -0.55823607 -0.23029791 -0.71 -0.71 -0.70085388 -0.27 
0.37 0.37 0.37 0.37 0.37 0.36999233 0.25000647 0.24997943 -0.089999572 -0.09 -0.09 -0.09 -0.09 -0.09 -0.087906934 0.02 0.02 0.02 0.02 0.02 0.02 -0.17 -0.17 -0.17 -0.17 -0.17 -0.17 -0.17 0.18990062 0.19 0.19 0.19 0.19 0.19 0.12972002 -0.03 -0.03 -0.03 -0.03 0.35 0.35 0.35 0.35 0.34988984 -0.08 -0.08 -0.083071083 -0.57 -0.57 -0.71 -0.71 -0.27 -0.27 
0.37 0.37 0.37 0.37 0.37 0.36983996 0.25013288 -0.051633221 -0.089999999 -0.09 -0.09 -0.09 -0.09 -0.09 -0.088074261 0.02 0.02 0.02 0.02 0.02 -0.0070525475 -0.17 -0.17 -0.17 -0.17 -0.17 -0.17 -0.17 0.18999856 0.19 0.19 0.19 0.19 0.19 0.19 0.2642994 0.72177907 0.97192445 1.0099818 0.36285573 0.35 0.35 0.35 -0.079965664 -0.08 -0.078746469 0.12999665 -0.57 -0.57 -0.61989314 -0.62 -0.62 -0.27000015 
0.37 0.37 0.37 0.37 0.36999988 0.3689991 0.2214453 -0.089906508 -0.09 -0.09 -0.09 -0.09 -0.09 -0.09 -0.087431331 0.02 0.02 0.02 0.02 0.019999999 -0.16999918 -0.17 -0.17 -0.17 -0.17 -0.17 -0.17 -0.17 0.1899999 0.19 0.19 0.19 0.19 0.19 0.19000017 1.03 1.03 1.03 1.03 0.55 0.55 0.55 0.55 0.12999939 0.13 0.13 0.13 0.12999697 -0.13 -0.13 -0.62 -0.62 -0.7343493 
0.37 0.37 0.37 0.36999999 0.36999665 0.36658778 -0.066468086 -0.08999556 -0.09 -0.09 -0.09 -0.09 -0.09 -0.09 -0.086265921 0.019999955 0.02 0.02 0.02 0.018856473 -0.17 -0.17 -0.17 -0.17 -0.17 -0.17 -0.17 -0.17 0.18999992 0.19 0.19 0.19 0.19 0.19 1.0299992 1.03 1.03 1.03 1.03 0.55 0.55 0.55 0.55 0.43664381 0.13 0.13 0.13 -0.12999709 -0.13 -0.13 -0.79 -0.79 -0.79 
0.37 0.37 0.36999999 0.36999973 0.36996632 0.34185096 -0.088710581 -0.089998887 -0.09 -0.09 -0.09 -0.09 -0.09 -0.089999993 -0.08468724 0.019997413 0.02 0.02 0.019999782 -0.1661503 -0.17 -0.17 -0.17 -0.17 -0.17 -0.17 -0.17 -0.17 0.18999966 0.19 0.19 0.19 0.19 0.77563359 1.03 1.03 1.03 1.03 1.03 0.55 0.55 0.55 0.55 0.55 0.13 0.13 0.13 -0.13 -0.13 -0.13 -0.79 -0.79 -0.79 
0.37 0.36999999 0.36999989 0.36999672 0.3697105 0.11757609 -0.089771577 -0.089999318 -0.089999999 -0.09 -0.09 -0.09 -0.09 -0.089999793 -0.082810317 0.019959827 0.019999998 0.019999993 0.019016278 -0.16998384 -0.17 -0.17 -0.17 -0.17 -0.17 -0.17 -0.17 -0.16999979 0.18999774 0.19 0.19000057 0.91967026 0.99 0.99 0.99 1.03 1.03 1.03 1.03 0.55 0.55 0.55 0.55 0.55 0.13000745 0.13 0.12999987 -0.12999998 -0.13 -0.13000036 -0.79 -0.79 -0.79 
