interpolatedSpi/06-09|19_2.tif
NCOLS 53
NROWS 52
XLLCORNER -116.03883
YLLCORNER 28.596182
DX 0.49850594
DY 0.49788537
NODATA_VALUE -9999
[rows 0 to 37 of 52, columns 0 to 52 of 53]
0.8225 0.8225 0.53923931 0.0875 0.2825 0.2625 0.78 0.69 0.074708351 -0.24 -0.2675 0.425 0.069966856 -0.3325 0.1975 0.1975 0.1975 0.11 0.53 0.53 0.53 0.52999981 0.51 0.6625 0.6625 0.6625 -0.2524949 -0.2525 -0.2525 -0.075 -0.075 -0.075 -0.075 -0.49499992 -0.495 -0.495 -0.495 -0.495 -0.495 -0.49499999 0.051612826 0.05740708 -0.3075 -0.3075 -0.3075 -0.3075 -0.30810025 -0.675 -0.675 -0.675 1.1474962 1.1475 1.1475
0.82250278 0.885 0.85250027 0.79396014 0.59014051 0.645 0.8325 0.29786841 0.3125 0.2525 0.5975 0.070000001 0.07 0.43991579 -0.33248596 0.1975 0.11 0.11 0.52945238 0.53 0.53 0.53 0.63091774 0.6625 0.6625 0.6625 0.32500002 0.325 -0.075 -0.075 -0.075 -0.075 -0.075 -0.49499994 -0.495 -0.495 -0.495 -0.495 -0.49499998 -0.34783819 0.4374217 -0.2171006 -0.3075 -0.3075 -0.3075 -0.3075 -0.3075 -0.675 -0.675 -0.675 -0.52387656 1.1475 1.1475
0.40751675 0.4075 1.0875 0.78 0.5825 0.8775 0.9325 1.275 0.3475 0.23 0.32 0.4 0.7225 -0.0725 0.4425 -0.3075 0.11 0.11 0.11 0.2875705 0.2875 0.2875 0.0625 0.6625 0.6625 0.6625 0.325 0.325 0.325 -0.075 -0.075 -0.075 -0.078610501 -0.49402769 -0.49211456 -0.18784068 -0.185 -0.185 -0.10670591 0.4375 0.4375 0.43654733 -0.3075 -0.3075 -0.3075 -0.3075 -0.3075 -0.675 -0.675 -0.675 -0.675 1.1475 1.1475
0.505 0.40749979 -0.62998736 0.6 0.01 0.8425 0.6925 0.6775 0.1525 0.019156177 -0.02 -0.1425 0.575 -0.0725 0.485 -0.3075 0.18867452 0.1924422 0.25 0.2875 0.2875 0.4575 0.0625 0.0625 0.6625 0.66249831 0.325 0.325 0.325 -0.8225 -0.41647848 -0.0825 -0.0825 -0.082500081 -0.185 -0.185 -0.185 -0.185 0.4375 0.4375 0.4375 0.43749997 -0.3075 -0.3075 -0.3075 -0.3075 -0.3075 -0.67499536 -0.675 -0.675 -0.675 1.147437 1.1475
0.505 0.76249745 -0.63 -0.53452302 0.01 0.4 0.39250349 0.4625 0.3925 0.12249976 0.016149349 -0.032501074 -0.04 0.485 0.485 -0.037404667 0.1925 0.1925 0.25 0.25 0.28750032 0.4575 0.59 0.4275 0.685 0.68511567 0.325 0.325 -0.8225 -0.8225 -0.0825 -0.0825 -0.0825 -0.099000335 -0.185 -0.185 -0.185 0.4375 0.4375 0.4375 0.4375 0.43745005 -0.3075 -0.3075 -0.3075 -0.3075 -0.3075 -0.31077121 -0.675 -0.67500471 -0.78 -0.78 -0.78
-0.8325 0.835 -0.039999942 -0.36 0.3975 0.765 -0.3475 -0.2437968 -0.3125 -0.4625 -0.4 -0.4025 -0.40249976 -0.4125 -0.4125 0.59254829 0.5925 0.4175 0.4175 0.25000041 0.2475 0.2475 0.4275 0.685 0.685 1.18 -0.415 -0.415 -0.15006102 -0.8225 -0.0825 -0.0825 -0.17 -0.17008202 -0.95494372 -0.85 -0.85 0.039182484 0.4375 0.4375 -0.079354566 -0.079999998 -0.07999865 -0.025075162 -0.020031775 -0.020000077 -0.02000001 -0.020000098 0.65568023 -0.78 -0.78 -0.78 -0.78
0.74249305 0.7625 1.2416521 0.65 0.885 -0.305 0.2775 0.155 -0.635 -0.635 -0.4 -0.2075 0.10999995 -0.4125 0.79249639 0.7925 0.5925 0.745 0.715 0.715 0.29344833 0.345 0.345 1.18 1.18 1.18 -0.415 -0.415 -0.14999796 -0.14996245 -0.00035518531 -0.17 -0.17 -0.955 -0.955 -0.42790397 -0.85 -0.85 -0.37751638 -0.080000414 -0.08 -0.08 -0.079990992 -0.019995817 -0.02 -0.02 -0.02 -0.019999422 0.9475 -0.77965766 -0.78 -0.78 -0.78
0.7425 0.8525 1.5675 -0.1575 0.2174785 -0.3875 -0.9975 -0.26500001 -0.5775 -0.23 -0.23 -0.0625 0.11 0.11 0.78781742 0.82437649 0.8275 0.3725 0.38250034 0.715 0.65073071 0.645 0.6025 0.075000002 0.075003934 0.38 0.725 0.7249996 -0.11512264 -0.115 1.2623485e-142 -0.11168974 -0.6725 -0.955 -0.91435729 -0.075 -0.075 -0.3775 -0.3775 -0.08 -0.08 -0.079999988 0.72942484 0.72999996 -0.02 -0.02 -0.02 0.94746317 0.9475 0.9475 -0.78 -0.78 -0.78
0.79598596 0.85250001 1.5025 0.7525 0.465 0.0625 0.115 0.145 -0.855 -0.36058868 -0.515 -0.28 -0.28 0.0275 0.027502351 0.40119148 0.4 0.4 0.37402652 0.79749998 0.7125 0.7125 0.965 0.74535529 0.34926405 0.38 0.4775 0.725 0.58829901 0.5875 0.045 0.76 0.64415442 0.6475 0.47 0.2625 0.235 -0.2625 0.26225758 -0.077522606 0.475 0.75 0.72994099 0.73 0.72577859 -0.02 0.76749996 0.9475 0.9475 0.9475 0.9475 -0.66327427 0.3625
0.48 0.48 1.075 0.945 0.215 -0.275 -0.345 0.0875 -0.1775 -0.23505743 -0.5125 -0.1825 0.0275 0.0275 0.2775 0.27918014 0.4 0.39993119 0.0325 0.7975 0.7975 0.78654918 0.965 0.4525097 0.4525 0.4525 0.4775 0.775 0.775 0.5875 0.5875 0.75956378 0.53 0.6475 0.5475 0.2625 0.235 -0.05 0.2625 0.6363414 0.74999999 0.60949268 0.3675 0.73 0.73 0.7675 0.7675 0.7675 0.9475 0.9475 0.1575 0.1575 0.15750008
0.48 0.48 0.695 0.165 -0.415 -0.15 -0.635 -0.45003635 -0.4375 -0.4725 -0.1175 -0.6425 -0.18311208 0.2775 0.2775 0.27754701 0.685 0.65075374 0.0325 0.94 0.94 1.59 1.59 0.4525 0.4525 0.4525 0.775 0.775 0.775 0.87 0.87 0.86999944 0.7325 0.7325 0.1425 0.315 0.365 -0.28749996 0.905 0.6425 0.6425 0.48749961 0.3675 0.73 0.62249992 0.485 0.29205648 0.29 1.1425 1.1425 0.1575 0.1575 0.1575
0.48 0.57268442 0.4688301 0.017516605 0.26 0.1425 -0.635 -0.45 -0.4375001 -0.47211224 -0.64249978 -0.6425 0.3075 0.2775 0.2775 0.68499999 0.685 0.68496286 0.0325 0.94 1.0676468 1.59 1.59 0.45254542 0.4525 0.59795841 0.895 0.895 0.89499998 0.87 0.87 0.5525 0.5525 0.73249838 0.1425 0.28499996 0.26117081 -0.2875 -0.2875 0.64249999 0.4875 0.4875 0.48750096 0.6225 0.6225 0.485 0.29 0.29 1.1425 1.1425 0.1575 0.1575 0.1575
-0.48 -0.092749693 -0.15248759 -0.15126228 0.25999914 0.14250277 -0.63499998 -0.45227724 -0.43836138 -0.43841394 0.3075 0.3075 0.3075 0.3075 0.27750425 0.685 0.685 0.67657519 0.0325 0.94006879 1.1975 1.1975 1.1975 1.1975 0.46547452 0.895 0.895 0.895 0.895 0.89495153 0.5525 0.5525 0.5525 0.5525 0.285 0.285 0.285 -0.25989006 -0.28119115 0.5525 0.5525 0.4875035 0.12251712 0.62245184 0.6225 0.485 0.29 0.29 1.1425 1.1425 0.16107347 0.1575 -0.37733884
-0.48 -0.1525 -0.1525 -0.1525 -0.1525 -0.15249987 -0.63300972 -0.54746324 -0.44065946 0.30669681 0.3075 0.3075 0.3075 0.3075 0.30750009 0.68499999 0.6849999 0.64024295 0.032512865 1.1975 1.1975 1.1975 1.1975 1.1975 1.1960937 0.84575279 0.77250003 0.7725 0.7725 0.7725 0.55250001 0.5525 0.55250047 0.945 0.945 0.285 1.0943496 1.1175 0.55250033 0.5525 0.5525 0.5525 0.1225 0.1225 0.1225 0.12502267 -0.29860449 -0.3025 -0.3025 -0.3025 -0.30249997 0.40999995 0.41
-0.1425 -0.1525 -0.1525 -0.1525 -0.1525 -0.1525 -0.15250003 -0.43652666 0.42765315 0.4325 0.4325 0.4325 0.4325 0.4325 0.4325 1.0448673 0.69085336 0.59565108 1.1973537 1.1975 1.1975 1.1975 1.1975 1.1975006 1.1325 1.1325 1.1324995 0.7725 0.7725 0.77282039 0.9325 0.9325 0.945 0.945 0.945 1.0898673 1.1175 1.1175 1.1175 0.5525 0.5525 0.5525 0.1225 0.1225 0.1225 0.1225 -0.30249999 -0.3025 -0.3025 -0.3025 -0.3025 0.41 0.41
-0.1425 -0.14622289 -0.1525 -0.1525 -0.1525 -0.1525 -0.050020117 -0.05 -0.049999988 0.4325 0.4325 0.4325 0.4325 0.4325 0.57037937 1.0575 1.0575 1.0575 1.6710527 1.6724995 1.6725 1.6725 1.6725 1.6725 1.1325 1.1325 1.1325 1.1325 0.7725 0.9325 0.9325 0.9325 0.945 0.945 0.945 0.9575 1.1172882 1.1175 1.1175 0.55253655 0.6250489 0.79427522 0.1225 0.1225 0.43652789 0.4375 0.4375 -0.30158111 0.25305179 0.25499995 0.25499989 0.47499011 0.41000013
-0.1425 -0.31036718 -0.23473248 -0.1525 -0.1525 -0.050060562 -0.05 -0.05 -0.05 -0.046522967 0.4325 0.4325 0.4325 0.43250008 1.0575 1.0575 1.0575 1.0575 1.6719506 1.6725 1.6725 1.6725 1.6725 1.6725 1.1325 1.1325 1.1325 1.1325 1.1317725 0.9325 0.9325 0.9325 1.5975 0.94501702 0.9575 0.9575 0.9575 0.96171657 0.81543343 0.795 0.795 0.795 0.5925 0.5925 0.4375 0.4375 0.4375 0.255 0.255 0.255 0.255 0.475 0.475
-0.31493792 -0.315 -0.315 -0.315 -0.1825 -0.050003418 -0.05 -0.05 -0.05 -0.05 0.41168006 0.43249642 0.43249999 1.0575 1.0575 1.0575 1.0575 1.0575 1.1136038 1.6725 1.6725 1.6725 1.6725 1.6725 1.5405825 1.7399967 1.74 1.74 1.74 0.93250003 1.5975 1.5975 1.5975 1.5975 0.9575 0.95751007 1.34 1.34 0.80180514 0.795 0.795 0.795 0.5925 0.5925 0.46149934 0.4375 0.4375 0.255 0.255 0.255 0.25735897 0.475 0.475
-0.315 -0.315 -0.315 -0.25260377 -0.1825 -0.1825 -0.05 -0.05 -0.05 -0.05 0.1575 0.1575 0.1575 1.0575 1.0575 1.0575 1.0575 1.0574806 1.1825 1.1825 1.6724998 1.6725 1.6717088 1.64 1.6409003 1.74 1.74 1.74 1.74 1.5975145 1.5975 1.5975 1.5975 1.5975 1.3399987 1.34 1.34 1.34 1.3381065 0.795 0.795 0.795 0.5925 0.5925 0.5925 0.4375 0.4375 0.25500001 0.255 0.255 0.475 0.475 0.475
-0.315 -0.315 -0.315 -0.1825 -0.1825 -0.1825 -0.1824998 -0.05 -0.05 0.1572858 0.1575 0.1575 0.1575 0.15806074 0.96239287 0.94 0.94 0.94 1.1825 1.1825 1.1825 1.64 1.64 1.64 1.6399706 1.6324725 1.74 1.74 1.74 1.8528619 1.9074695 1.9075 1.9075 1.9075 1.5089153 1.7449991 1.745 1.745 1.745 0.700013 0.7 0.7 0.5925 0.5925 0.63499982 0.63500011 0.9425 0.9425 0.7775 0.7775 0.7775 0.475 0.86964682
-0.3149994 -0.315 -0.315 -0.1825 -0.1825 -0.1825 -0.1825 -0.13999997 -0.050359855 0.15731411 0.1575 0.1575 0.1575 0.15903548 0.94 0.94 0.94 0.94000007 1.1825 1.1825 1.1825 1.64 1.64 1.64 1.535 1.535 1.6225 1.6225 1.6225 1.6240548 1.9075 1.9075 1.9075 1.9075 1.8262945 1.745 1.745 1.745 1.745 0.7 0.7 0.7 0.69795485 0.635 0.635 0.635 0.9425 0.9425 0.7775 0.7775 0.7775 0.87 0.87
-0.1225 -0.19545146 0.1975 0.19738976 -0.1825 -0.1402459 -0.14 -0.14 -0.057103862 -0.047499997 -0.0475 -0.0475 -0.0475 0.15249349 0.1525 0.9399994 0.94 0.94638952 1.1825 1.1825 1.1825 1.305 1.305 1.305 1.535 1.535 1.6225 1.6225 1.6225 1.6225001 1.7750008 1.7750004 1.9041698 1.907358 1.3156784 1.315 1.315 1.315 1.315 0.7 0.7 0.7 0.63857883 0.635 0.635 0.63499988 0.9425 0.9425 0.94249406 0.7775 0.77750581 0.9075 0.87
0.36990647 0.36999997 0.1975 0.1975 0.1975 -0.14 -0.14 -0.14 0.0875 0.0875 -0.0475 -0.0475 -0.0475 0.1525 0.1525 0.1525 0.1525 0.1526173 1.1825 1.1825 1.1825 1.305 1.305 1.305 1.535 1.535 1.6225 1.6225 1.6225 1.7732806 1.775 1.775 1.775 1.775 1.315227 1.315 1.315 1.315 1.315 0.28500011 0.285 0.285 0.285 0.63499463 -0.065 -0.065 -0.065 0.44 0.44 0.44 0.9075 0.9075 0.9075
0.37 0.37 0.1975 0.1975 0.1975 -0.13822604 -0.14 0.0875 0.0875 0.0875 -0.047483381 -0.0475 -0.49487579 0.15249983 0.1525 0.1525 0.1525 -0.3275 -0.3275 -0.3275 0.28000002 0.28000076 1.304995 1.305 1.3050512 1.2825 1.2825 1.2825008 1.6224451 1.6825184 1.6825005 1.6825161 1.7748419 1.7749202 1.3968673 1.3149996 1.3111964 0.18 0.18 0.285 0.285 0.285 0.285 -0.065 -0.065 -0.065 -0.065 0.44 0.44 0.44 0.9075 0.9075 0.9075
0.37 0.37 0.1975 0.1975 0.1975 0.1975 -0.054853396 0.0875 0.0875 0.0875 0.087122999 -0.595 -0.595 -0.595 0.14809481 0.1525 -0.3243014 -0.3275 -0.3275 -0.3275 0.28 0.28 0.28 0.28 1.2825 1.2825 1.2825 1.2825 1.2825 1.6825 1.6825 1.6825 1.6825 1.6825002 1.765 0.18 0.18 0.18 0.18 0.1799998 0.1 0.1 0.1 0.12684509 0.1825 0.1825 0.1825 0.43999999 0.43999979 0.2225 0.2225 0.62506873 0.625
0.37 0.37 0.25976039 0.1975 0.1975 0.19749999 -0.21196764 0.086554566 0.0875 0.0875 -0.59499993 -0.595 -0.595 -0.595 -0.595 -0.53369004 -0.3275 -0.3275 -0.3275 -0.3275 0.2799953 0.28 0.28 0.28 1.2825 1.2825 1.2825 1.2825 1.2825 1.3204114 1.6825 1.6825 1.6825 1.765 1.765 1.7637692 0.18 0.18 0.52329489 0.78999994 0.1 0.1 0.1 0.12781417 0.1825 0.1825 0.1825 0.35 0.22408864 0.2225 0.2225 0.625 0.625
0.045 0.045 0.045 0.15926406 0.19720853 -0.2125 -0.2125 -0.2125 -0.2125 -0.2825 -0.2825 -0.59499998 -0.595 -0.595 -0.595 -0.59498305 -0.3275 -0.3275 -0.3275 -0.3275 0.014906707 0.28 0.28 0.27077493 -0.012163386 1.2825 1.2825 1.2825 1.1925 1.1925 1.1925 1.1925021 1.765 1.765 1.765 1.765 0.79 0.79 0.79 0.79 0.2525 0.2525 0.2525 0.55249397 0.5525 0.5525 0.55249988 0.35 0.35 0.22265535 0.2225 0.62499912 0.625
0.045 0.045 0.045 0.044997711 0.0025 -0.028764533 -0.2125 -0.2125 -0.2125 -0.2825 -0.2825 -0.2825 -0.78249999 -0.7825 -0.7825 -0.78249999 -0.32805871 -0.3275 -0.3275 -0.3275 -0.31830738 -0.072499032 -0.0725 -0.0725 -0.0725 -0.072499973 0.41500001 0.415 1.1925 1.1925 1.1925 1.1925 1.7649996 1.765 1.765 1.764957 0.79000001 0.79 0.79 0.79190827 0.2525 0.2525 0.2525 0.55248609 0.5525 0.5525 0.5525 0.35 0.35 0.35000001 0.45 0.45 0.3275
0.045 0.045 0.045 0.0025000979 0.0025 0.0025 -0.21249992 -0.2125 -0.2125 -0.2825 -0.2825 -0.2825 -0.7825 -0.7825 -0.7825 -0.77107607 -0.6325 -0.6325 -0.63249921 -0.32922272 -0.0725 -0.0725 -0.0725 -0.0725 -0.0725 -0.072133131 0.415 0.415 0.415 1.1925 1.1925 1.1924115 1.2375 1.2375 1.2375 1.1675 1.1675 1.225 1.225 1.225 1.2675 0.25281838 0.25250632 1.1 1.1 1.0792504 0.5525011 0.35 0.35 0.45 0.45 0.45 0.3275
0.045 0.045 0.045 0.0025 0.0025 0.0025 0.0025 -0.2125 -0.2125 -0.2825 -0.2825 -0.76250721 -0.7825 -0.7825 -0.7825 -0.6325 -0.6325 -0.6325 -0.6325 -0.6325 -0.0725 -0.0725 -0.0725 -0.0725 -0.0725 0.41499834 0.415 0.415 0.415 1.055 1.055 1.055 1.2375 1.2375 1.2375 1.1675 1.1675 1.225 1.225 1.2675 1.2675 1.2675 1.1 1.1 1.1 1.1 1.0889101 0.965 0.965 0.965 0.45000001 0.715 0.715
0.045 0.045 0.044940817 0.0025 0.0025 0.0025 0.0025 -0.37116462 -0.39 -0.38981544 -0.28250003 -0.78251151 -0.7825 -0.7825 -0.78249948 -0.6325 -0.6325 -0.6325 -0.6325 -0.6325 -0.49688969 -0.0725 -0.0725 -0.0725 -0.072546857 0.41495977 0.415 0.415 0.415 1.055 1.055 1.055 1.0550213 1.2375 1.1675 1.1675 1.1675 1.1675022 1.2250029 1.2675 1.2675 1.2675 1.1000102 1.1 1.1 1.1 0.96500207 0.965 0.965 0.965 0.715 0.715 0.715
-0.4725 -0.4724991 0.0025055832 0.0025 0.0025 0.0025 -0.38991648 -0.39 -0.39 -0.39 -0.91999999 -0.92 -0.92 -0.92 -0.6338269 -0.6325 -0.6325 -0.6325 -0.6325 -0.51500007 -0.515 -0.515 -0.29999996 -0.3 -0.3 -0.3 -0.2382863 0.415 0.43499918 0.435 0.435 0.435 0.435 0.99 0.99 0.99 0.99 0.99 1.365 1.365 1.365 1.365 1.365 1.1698945 1.17 1.17 1.17 0.965 0.965 0.965 0.71503939 0.715 0.715
-0.4725 -0.4725 -0.47930251 -1.2849974 -1.2849997 -1.2841266 -0.39 -0.39 -0.39 -0.39 -0.92 -0.92 -0.92 -0.92 -0.92 -0.6325 -0.6325 -0.6325 -0.51500003 -0.515 -0.515 -0.515 -0.3 -0.3 -0.3 -0.3 -0.3 -0.29984798 0.43481271 0.435 0.435 0.435 0.43492476 0.82418128 0.9898283 0.99 0.99 0.99 1.365 1.365 1.365 1.365 1.365 1.17 1.17 1.17 1.17 1.074138 0.965 1.1306312 1.1325 0.395 0.395
-0.4725 -0.4725 -1.2848971 -1.285 -1.285 -1.285 -1.0576738 -0.39 -0.39 -0.39 -0.92 -0.92 -0.92 -0.92 -0.92 -0.63272044 -0.6325 -0.51503445 -0.515 -0.515 -0.515 -0.515 -0.37964814 -0.3 -0.3 -0.3 -0.3 -0.29982283 -0.05 -0.05 -0.05 -0.05 -0.05 0.6975 0.6975 0.6975 0.6975 0.6975 1.585 1.585 1.585 1.585 1.585 1.1701953 1.17 1.17 1.1700136 1.1716263 1.1325 1.1325 1.1325 0.39500413 0.395
-0.47250058 -0.78381003 -1.2849999 -1.285 -1.285 -1.285 -1.285 -0.39038108 -0.39 -0.39 -0.92 -0.92 -0.92 -0.92 -0.83688797 -0.835 -0.835 -0.51500824 -0.515 -0.515 -0.515 -0.515 -0.51500003 -0.3 -0.3 -0.3 -0.3 0.23249972 0.23249987 0.17237713 -0.05 -0.05 -0.05 0.6975 0.6975 0.6975 0.6975 0.69752878 1.585 1.585 1.585 1.585 1.5850144 1.25 1.25 1.25 1.25 1.2499905 1.1325 1.1325 1.1325 1.1325 1.1364176
-0.79 -0.79 -0.90592209 -1.285 -1.285 -1.285 -1.285 -1.285 -0.39038289 -0.91499999 -0.915 -0.915 -0.91501187 -0.83500012 -0.835 -0.835 -0.835 -0.835 -0.51500228 -0.53448877 -0.705 -0.705 -0.705 -0.60221155 -0.30460209 -0.32922701 -0.34966851 0.2325 0.2325 0.2325 0.2325 0.2325 0.2247062 0.73660491 0.74 0.74 0.74 0.74 1.6202221 1.7724997 1.7725 1.7725 1.7725 1.2974999 1.25 1.25 1.25 1.3175 1.132503 1.1325 1.1325 1.1475 1.1475
-0.79 -0.79 -0.955 -0.955 -0.955 -1.2848901 -1.285 -1.285 -0.915 -0.915 -0.915 -0.915 -0.915 -0.835 -0.835 -0.835 -0.835 -0.835 -0.705 -0.705 -0.705 -0.705 -0.705 -0.35750002 -0.3575 -0.3575 -0.3575 0.2325 0.2325 0.2325 0.2325 0.2325 0.4375 0.4375 0.74 0.74 0.74 0.84248254 0.8425 1.7725 1.7725 1.7725 1.7724999 1.2975 1.2975 1.2975 1.3175 1.3175 1.3175 1.1375 1.1375 1.1475 1.1475
-0.79 -0.79 -0.955 -0.955 -0.955 -0.955 -0.95499885 -0.745 -0.91483994 -0.915 -0.915 -0.915 -0.915 -0.83599793 -0.835 -0.835 -0.835 -0.835 -0.705 -0.705 -0.705 -0.705 -0.705 -0.3575 -0.3575 -0.3575 -0.3575 -0.3574976 0.2325 0.2325 0.2325 0.43748925 0.4375 0.4375 0.4375 0.74 0.8425 0.8425 0.8425 0.86697004 1.0685879 0.9375 0.9375 1.2975 1.2975 1.2975 1.3175 1.3175 1.3175 1.1375 1.1375 1.1375 0.60859877
