interpolatedSpi/06-08|19_2.tif
NCOLS 53
NROWS 52
XLLCORNER -116.03883
YLLCORNER 28.596182
DX 0.49850594
DY 0.49788537
NODATA_VALUE -9999
[rows 0 to 31 of 52, columns 0 to 52 of 53]
1.0766667 1.0766667 0.83125356 0.39 0.76666667 1.0033333 1.42 1.4866667 0.63269702 -0.05 -0.036666667 0.9 0.23331439 0.0033333333 0.68666667 0.68666667 0.68666667 0.29333333 0.63333333 0.63333333 0.63333333 0.6333316 0.45333334 0.82 0.82 0.82 0.036671982 0.036666667 0.036666667 -0.03 -0.03 -0.03 -0.03 -0.88333316 -0.88333333 -0.88333333 -0.88333333 -0.88333333 -0.88333333 -0.88333331 -0.07536899 -0.066846601 -0.77333333 -0.77333333 -0.77333333 -0.77333333 -0.77363278 -0.95666667 -0.95666667 -0.95666667 1.1033291 1.1033333 1.1033333
1.0766677 1.1 1.4233335 1.27685 0.92027918 1.1033333 1.3833333 0.59376713 0.84666667 0.81 0.82 0.23333333 0.23333333 0.68438811 0.0033476237 0.68666667 0.29333333 0.29333333 0.63289002 0.63333333 0.63333333 0.63333333 0.78525952 0.82 0.82 0.82 -0.046666607 -0.046666667 -0.03 -0.03 -0.03 -0.03 -0.03 -0.88333321 -0.88333333 -0.88333333 -0.88333333 -0.88333333 -0.8833333 -0.72675087 0.099922808 -0.66736166 -0.77333333 -0.77333333 -0.77333333 -0.77333333 -0.77333333 -0.95666667 -0.95666667 -0.95666667 -0.78584949 1.1033333 1.1033333
0.84667179 0.84666667 1.5666667 1.2366667 0.95333333 1.1133333 1.19 1.78 0.38333333 0.36666667 0.50666667 0.72333333 1.1166667 0.24 0.68666667 -0.23 0.29333333 0.29333333 0.29333333 0.22012016 0.22 0.22 0.16 0.82 0.82 0.82 -0.046666667 -0.046666667 -0.046666667 -0.03 -0.03 -0.03000001 -0.13109401 -0.88195709 -0.87948608 -0.47378757 -0.47 -0.47 -0.39830902 0.099999996 0.1 0.098883226 -0.77333333 -0.77333333 -0.77333333 -0.77333333 -0.77333333 -0.95666667 -0.95666667 -0.95666667 -0.95666666 1.1033333 1.1033333
0.48666667 0.84666641 -0.42670445 0.79 0.20666667 1.1133333 1.0266667 0.92666667 0.30666667 0.11543385 0.046666667 -0.016666664 0.81333333 0.24 0.73333333 -0.23 0.27279019 0.27667834 0.29 0.22 0.22 0.82666667 0.16 0.16 0.82 0.81999567 -0.046666667 -0.046666667 -0.046666667 -1.1366667 -0.64468564 -0.24 -0.24 -0.24000018 -0.47 -0.47 -0.47 -0.47 0.1 0.1 0.1 0.099999967 -0.77333333 -0.77333333 -0.77333333 -0.77333333 -0.77333333 -0.95666435 -0.95666667 -0.95666667 -0.95666667 1.103259 1.1033333
0.48666667 0.87666428 -0.42666667 -0.45583511 0.20666667 0.71666667 0.75000775 0.7 0.56333333 0.12333305 -0.026938309 -0.096668577 -0.11 0.73333333 0.73333333 0.096729132 0.27666667 0.27666667 0.29 0.29 0.22000114 0.82666667 0.75333333 0.51666667 0.92666667 0.92667967 -0.046666667 -0.046666667 -1.1366667 -1.1366667 -0.24 -0.24 -0.24 -0.28462923 -0.47 -0.47 -0.47 0.1 0.1 0.1 0.1 0.099932108 -0.77333333 -0.77333333 -0.77333333 -0.77333333 -0.77333333 -0.77496523 -0.95666667 -0.95667638 -1.1733333 -1.1733333 -1.1733333
-0.77 0.93333333 -0.039999939 -0.23666667 0.60333333 1.0433333 -0.42 -0.27660792 -0.39666667 -0.74333333 -0.5 -0.48666667 -0.48666642 -0.68666667 -0.68666667 0.47333977 0.47333333 0.33333333 0.33333333 0.29000021 0.17666667 0.17666667 0.51666667 0.92666667 0.92666667 0.98333333 -0.48666667 -0.48666667 -0.21008415 -1.1366667 -0.24 -0.24 -0.47666667 -0.47677707 -1.5332575 -1.1766667 -1.1766667 -0.29496598 0.1 0.1 -0.60245613 -0.60333333 -0.60333245 -0.41968832 -0.41337312 -0.41333343 -0.41333335 -0.41333346 0.30078899 -1.1733333 -1.1733333 -1.1733333 -1.1733333
0.83999625 0.91 1.3326106 0.56333333 0.94333333 -0.30333333 0.22333333 -0.01 -0.80333333 -0.80333333 -0.5 -0.40666667 -0.020000096 -0.68666667 0.49999644 0.5 0.47333333 0.57 0.52666667 0.52666667 0.15938695 0.14 0.14 0.91333333 0.98333333 0.98333333 -0.48666667 -0.48666667 -0.21 -0.21 -0.45590518 -0.47666667 -0.47666667 -1.5333333 -1.5333333 -0.86440638 -1.1766667 -1.1766667 -0.91334246 -0.60333376 -0.60333333 -0.60333333 -0.6033266 -0.41332898 -0.41333333 -0.41333333 -0.41333333 -0.41333273 0.59666667 -1.1729826 -1.1733333 -1.1733333 -1.1733333
0.84 1.0433333 1.62 -0.39 0.10330505 -0.63666667 -1.37 -0.45333334 -0.8 -0.48 -0.48 -0.37666667 -0.02 -0.02 0.49643232 0.61839841 0.63 -0.026666667 0.12000042 0.52666667 0.36518903 0.37 0.20666667 -0.58333333 -0.58332826 -0.19 0.51 0.50999965 -0.21 -0.21 -0.45666667 -0.50037467 -1.2533333 -1.5333333 -1.4901713 -0.60333333 -0.60333333 -0.91333333 -0.91333333 -0.60333333 -0.60333333 -0.60333333 0.36421878 0.36666663 -0.41333333 -0.41333333 -0.41333333 0.59662822 0.59666667 0.59666667 -1.1733333 -1.1733333 -1.1733333
0.96090122 1.0433333 1.55 0.50666667 0.24 -0.12666667 0.01 -0.15666667 -1.1366667 -0.71668286 -0.90333333 -0.63 -0.63 -0.19666667 -0.19666422 0.064912681 0.063333333 0.063333333 -0.0042777663 0.56666661 0.31333333 0.31333333 0.57333333 0.35116397 -0.22963761 -0.19 0.093333333 0.51 0.11563836 0.11333333 -0.29 0.13333333 0.00069953365 -0.23 -0.02 -0.10666667 -0.34333333 -0.92 -0.24697759 -0.60174125 -0.24666667 0.10666667 0.36657333 0.36666667 0.3622764 -0.41333333 0.31333329 0.59666666 0.59666667 0.59666667 0.59666666 -1.050071 0.51666667
0.5 0.5 1.1933333 0.99 0.083333333 -0.54666667 -0.56 -0.18666667 -0.41 -0.6100601 -0.96666667 -0.45 -0.19666667 -0.19666667 0.063333333 0.063333333 0.063333333 0.063248034 -0.39 0.56666667 0.56666667 0.53402886 0.57333333 0.10334223 0.10333333 0.10333333 0.093333333 0.23 0.23 0.11333333 0.11333333 0.13283389 -0.13 -0.23 0.063333333 -0.10666667 -0.34333333 -0.65666667 -0.24666667 0.16324715 0.10666665 -0.0084330094 -0.20666667 0.36666667 0.36666667 0.31333333 0.31333333 0.31333333 0.59666667 0.59666667 -0.18333333 -0.18333333 -0.18333307
0.5 0.5 0.68 0.093333333 -0.63333333 -0.47333333 -0.92999999 -0.8133368 -0.67666667 -0.99666667 -0.34 -1.1533333 -0.45093597 0.063333333 0.063333333 0.063371787 0.39666667 0.35537871 -0.39 0.43 0.43 1.4366667 1.4366667 0.10333333 0.10333333 0.10333333 0.23 0.23 0.23 0.42333333 0.42333333 0.42333242 0.31333333 0.31333333 -0.32333333 -0.29 -0.25 -1.1399982 0.39333333 0.17 0.17 0.059999124 -0.20666667 0.36666667 0.21666647 -0.083333333 -0.33718625 -0.34 0.78666667 0.78666667 -0.18333333 -0.18333333 -0.18333333
0.5 0.5775521 0.42964841 -0.23664878 -0.10666667 0.016666667 -0.93 -0.81333333 -0.67666781 -0.99312145 -1.1533331 -1.1533333 -0.0033333333 0.063333333 0.063333333 0.39666666 0.39666667 0.39662189 -0.39 0.43 0.62768885 1.4366667 1.4366667 0.10338634 0.10333333 0.16250285 0.28333333 0.28333333 0.28333333 0.42333333 0.42333333 0.06 0.06 0.31333159 -0.32333333 -0.18666674 -0.35850606 -1.14 -1.14 0.17 0.06 0.06 0.060001091 0.21666667 0.21666667 -0.083333333 -0.34 -0.34 0.78666667 0.78666667 -0.18333333 -0.18333333 -0.18333333
-0.78 -0.45465708 -0.54330903 -0.54110633 -0.10666629 0.016663754 -0.92999997 -0.81476943 -0.6860844 -0.68502272 -0.0033333333 -0.0033333333 -0.0033333333 -0.0033333333 0.06332389 0.39666667 0.39666667 0.38650955 -0.39 0.43008165 0.73 0.73 0.73 0.73 0.11408441 0.28333333 0.28333333 0.28333333 0.28333333 0.28335876 0.06 0.06 0.06 0.06 -0.18666667 -0.18666667 -0.18666667 -1.0937845 -1.1312627 0.023333333 0.023333333 0.059998028 -0.32331485 0.21661466 0.21666667 -0.083333333 -0.34 -0.34 0.78666666 0.78666667 -0.17981428 -0.18333333 -0.50499362
-0.78 -0.54333333 -0.54333333 -0.54333333 -0.54333333 -0.5433331 -0.92757672 -0.87477991 -0.71121008 -0.0040664631 -0.0033333333 -0.0033333333 -0.0033333333 -0.0033333333 -0.0033332549 0.39666666 0.39666654 0.3427067 -0.38998541 0.73 0.73 0.73 0.73 0.73 0.72927761 0.20341443 0.080000042 0.08 0.08 0.08 0.060000006 0.06 0.060000425 0.41333333 0.41333333 -0.18666667 0.59756799 0.62 0.023333678 0.023333333 0.023333333 0.023333333 -0.32333333 -0.32333333 -0.32333333 -0.32166315 -0.65124137 -0.65333333 -0.65333333 -0.65333333 -0.65333331 -0.010000036 -0.01
-0.31666667 -0.54333333 -0.54333333 -0.54333333 -0.54333333 -0.54333333 -0.54333335 -0.72614641 0.098767163 0.10333333 0.10333333 0.10333333 0.10333333 0.10333333 0.10333333 0.82510979 0.40363219 0.28894585 0.72985944 0.73 0.73 0.73 0.73 0.73000082 0.69666667 0.69666667 0.6966658 0.08 0.08 0.080800977 0.48 0.48 0.41333333 0.41333333 0.41333333 0.58689426 0.62 0.62 0.62 0.023333333 0.023333333 0.023333333 -0.32333333 -0.32333333 -0.32333333 -0.32333333 -0.65333332 -0.65333333 -0.65333333 -0.65333333 -0.65333333 -0.01 -0.01
-0.31666667 -0.40105209 -0.54333333 -0.54333333 -0.54333333 -0.54333333 -0.28671704 -0.28666667 -0.28666666 0.10333333 0.10333333 0.10333333 0.10333333 0.10333333 0.26584715 0.84 0.84 0.84 1.434514 1.4366659 1.4366667 1.4366667 1.4366667 1.4366667 0.69666667 0.69666667 0.69666667 0.69666667 0.08 0.48 0.48 0.48 0.41333334 0.41333333 0.41333333 0.63333333 0.62001765 0.62 0.62 0.023406969 0.16992698 0.51186883 -0.32333333 -0.32333333 0.058817011 0.06 0.06 -0.65210409 0.090724071 0.093333268 0.093333192 0.38660655 -0.0099991935
-0.31666667 -0.58914672 -0.57032246 -0.54333333 -0.54333333 -0.28681832 -0.28666667 -0.28666667 -0.28666667 -0.28385621 0.10333333 0.10333333 0.10333333 0.10333342 0.84 0.84 0.84 0.84 1.4361337 1.4366667 1.4366667 1.4366667 1.4366667 1.4366667 0.69666668 0.69666667 0.69666667 0.69666667 0.69587858 0.48 0.48 0.48 1.3833333 0.41337913 0.63333333 0.63333333 0.63333333 0.63864542 0.52010513 0.51333333 0.51333333 0.51333333 0.31666667 0.31666667 0.06 0.06 0.06 0.093333333 0.093333333 0.093333333 0.093333333 0.38666667 0.38666667
-0.59655788 -0.59666667 -0.59666667 -0.59666666 -0.39 -0.28666933 -0.28666667 -0.28666667 -0.28666667 -0.28666667 0.085920301 0.10333034 0.10333333 0.84 0.84 0.84 0.84 0.84 0.90760786 1.4366667 1.4366667 1.4366667 1.4366667 1.4366667 1.3276356 1.7166611 1.7166667 1.7166667 1.7166667 0.48000005 1.3833333 1.3833333 1.3833333 1.3833333 0.63333333 0.63334606 1.1166667 1.1166667 0.52086685 0.51333333 0.51333333 0.51333333 0.31666667 0.31666667 0.099740838 0.06 0.06 0.093333333 0.093333333 0.093333333 0.096478629 0.38666667 0.38666667
-0.59666667 -0.59666667 -0.59666667 -0.49934425 -0.39 -0.39 -0.28666667 -0.28666667 -0.28666667 -0.28666667 -0.12666667 -0.12666667 -0.12666667 0.84 0.84 0.84 0.84 0.83997191 1.17 1.17 1.4366666 1.4366667 1.4444573 1.7566667 1.7563066 1.7166667 1.7166667 1.7166667 1.7166667 1.3833673 1.3833333 1.3833333 1.3833333 1.3833333 1.116665 1.1166667 1.1166667 1.1166667 1.1145721 0.51333333 0.51333333 0.51333333 0.31666667 0.31666667 0.31666667 0.06 0.06 0.093333346 0.093333333 0.093333335 0.38666667 0.38666667 0.38666667
-0.59666667 -0.59666667 -0.59666667 -0.39 -0.39 -0.39 -0.38999984 -0.28666667 -0.28666667 -0.12683183 -0.12666667 -0.12666667 -0.12666667 -0.12606439 0.70239819 0.67 0.67 0.67 1.17 1.17 1.17 1.7566667 1.7566667 1.7566667 1.7565873 1.5890324 1.7166667 1.7166667 1.7166667 1.6702082 1.7266329 1.7266667 1.7266667 1.7266667 1.315396 1.5933323 1.5933333 1.5933333 1.5933333 0.64664842 0.64666667 0.64666667 0.31666667 0.31666667 0.56666562 0.56666682 0.99 0.99 0.80333333 0.80333333 0.80333333 0.38666667 0.91286243
-0.59666593 -0.59666667 -0.59666666 -0.39 -0.39 -0.39 -0.39 -0.46666661 -0.28738638 -0.12694777 -0.12666667 -0.12666667 -0.12666667 -0.12510339 0.67 0.67 0.67 0.67000014 1.17 1.17 1.17 1.7566667 1.7566667 1.7566667 1.4733333 1.4733333 1.6 1.6 1.6 1.600691 1.7266667 1.7266667 1.7266667 1.7266667 1.6600365 1.5933333 1.5933333 1.5933333 1.5933333 0.64666667 0.64666667 0.64666667 0.64414956 0.56666667 0.56666667 0.56666667 0.99 0.99 0.80333333 0.80333333 0.80333333 0.91333333 0.91333333
-0.36 -0.44977767 0.10333333 0.10319021 -0.39 -0.46622308 -0.46666667 -0.46666667 -0.38650337 -0.43666666 -0.43666667 -0.43666667 -0.43666667 -0.11667708 -0.11666666 0.6699994 0.67 0.68317426 1.17 1.17 1.17 1.1433333 1.1433333 1.1433333 1.4733333 1.4733333 1.6 1.6 1.6 1.6 1.6133341 1.6133337 1.7238182 1.7265452 1.0707523 1.07 1.07 1.07 1.07 0.64666667 0.64666667 0.64666667 0.57107153 0.56666667 0.56666667 0.56666653 0.99 0.99 0.98999328 0.80333333 0.80332946 0.71666667 0.91333333
0.14323775 0.14333333 0.10333333 0.10333333 0.10333333 -0.46666667 -0.46666667 -0.46666667 -0.24666667 -0.24666667 -0.43666667 -0.43666667 -0.43666667 -0.11666667 -0.11666667 -0.11666667 -0.11666667 -0.11652089 1.17 1.17 1.17 1.1433333 1.1433333 1.1433333 1.4733333 1.4733333 1.6 1.6 1.6 1.613183 1.6133333 1.6133333 1.6133333 1.6133333 1.0702681 1.07 1.07 1.07 1.07 0.36333341 0.36333333 0.36333333 0.36333333 0.56666078 -0.2 -0.2 -0.2 0.27 0.27 0.27 0.71666667 0.71666667 0.71666667
0.14333333 0.14333333 0.10333333 0.10333333 0.10333333 -0.46367064 -0.46666667 -0.24666667 -0.24666667 -0.24666667 -0.43664328 -0.43666667 -0.83705778 -0.11666685 -0.11666667 -0.11666667 -0.11666667 -0.29333333 -0.29333333 -0.29333333 0.40000002 0.40000055 1.1433297 1.1433333 1.1434695 1.2166667 1.2166667 1.2166676 1.5999381 1.4200385 1.420001 1.4200338 1.6130029 1.6131665 1.1666447 1.0699996 1.0666153 0.06 0.06 0.36333333 0.36333333 0.36333333 0.36333333 -0.2 -0.2 -0.2 -0.2 0.27 0.27 0.27 0.71666667 0.71666667 0.71666667
0.14333333 0.14333333 0.10333333 0.10333333 0.10333333 0.10333333 -0.38432709 -0.24666667 -0.24666667 -0.24666667 -0.24704229 -0.92666667 -0.92666667 -0.92666667 -0.12144018 -0.11666667 -0.29215607 -0.29333333 -0.29333333 -0.29333333 0.4 0.4 0.4 0.4 1.2166667 1.2166667 1.2166667 1.2166667 1.2166667 1.42 1.42 1.42 1.42 1.4200008 1.7866667 0.06 0.06 0.06 0.06 0.059999509 -0.14333333 -0.14333333 -0.14333333 -0.066320532 0.093333333 0.093333333 0.093333333 0.26999999 0.26999965 -0.093333333 -0.093333333 0.20679074 0.20666667
0.14333333 0.14333333 0.11777052 0.10333333 0.10333333 0.10333332 -0.3797634 -0.24708686 -0.24666667 -0.24666667 -0.92666655 -0.92666667 -0.92666667 -0.92666667 -0.92666667 -0.86017936 -0.29333333 -0.29333333 -0.29333333 -0.29333333 0.39999464 0.4 0.4 0.4 1.2166667 1.2166667 1.2166667 1.2166667 1.2166667 1.3042302 1.42 1.42 1.42 1.7866667 1.7866667 1.7853259 0.06 0.06 0.43330975 0.72333327 -0.14333333 -0.14333333 -0.14333333 -0.066190342 0.093333333 0.093333333 0.093333333 0.12333333 -0.090633688 -0.093333333 -0.093333333 0.20666667 0.20666667
-0.14 -0.14 -0.14 0.042322978 0.10321632 -0.38 -0.38 -0.38 -0.38 -0.35666667 -0.35666667 -0.92666663 -0.92666667 -0.92666667 -0.92666667 -0.92662651 -0.29333333 -0.29333333 -0.29333333 -0.29333333 0.097451824 0.4 0.4 0.39110206 0.11150506 1.2166667 1.2166667 1.2166667 1.2633333 1.2633333 1.2633333 1.263334 1.7866667 1.7866667 1.7866667 1.7866667 0.72333333 0.72333333 0.72333333 0.72333333 -0.0033333333 -0.0033333333 -0.0033333333 0.40665842 0.40666667 0.40666667 0.40666657 0.12333333 0.12333333 -0.093069337 -0.093333333 0.20666663 0.20666667
-0.14 -0.14 -0.14 -0.13999085 0.03 -0.029620737 -0.38 -0.38 -0.38 -0.35666667 -0.35666667 -0.35666667 -0.52333335 -0.52333333 -0.52333333 -0.52333333 -0.29318679 -0.29333333 -0.29333333 -0.29333333 -0.2828385 0.060000933 0.06 0.06 0.06 0.060000019 0.32666667 0.32666667 1.2633333 1.2633333 1.2633333 1.2633333 1.7866665 1.7866667 1.7866667 1.786649 0.72333335 0.72333333 0.72333333 0.72521967 -0.0033333333 -0.0033333333 -0.0033333333 0.40664765 0.40666667 0.40666667 0.40666667 0.12333333 0.12333333 0.12333334 0.2 0.2 0.043333333
-0.14 -0.14 -0.14 0.029999608 0.03 0.03 -0.37999985 -0.38 -0.38 -0.35666667 -0.35666667 -0.35666667 -0.52333333 -0.52333333 -0.52333333 -0.49972387 -0.21333333 -0.21333333 -0.21333354 -0.29288147 0.06 0.06 0.06 0.06 0.06 0.060200681 0.32666667 0.32666667 0.32666667 1.2633333 1.2633333 1.263033 1.57 1.57 1.57 1.0266667 1.0266667 1.1533333 1.1533333 1.1533333 1.16 -0.0029684296 -0.0033260447 0.97333333 0.97333333 0.95185731 0.40666768 0.12333333 0.12333333 0.2 0.2 0.2 0.043333333
-0.14 -0.14 -0.14 0.03 0.03 0.03 0.03 -0.38 -0.38 -0.35666667 -0.35666667 -0.51666907 -0.52333333 -0.52333333 -0.52333333 -0.21333333 -0.21333333 -0.21333333 -0.21333333 -0.21333333 0.06 0.06 0.06 0.06 0.06 0.32666576 0.32666667 0.32666667 0.32666667 0.79666667 0.79666667 0.79666667 1.57 1.57 1.57 1.0266667 1.0266667 1.1533333 1.1533333 1.16 1.16 1.16 0.97333333 0.97333333 0.97333333 0.97333333 0.97935747 1.0466667 1.0466667 1.0466667 0.20000001 0.70333333 0.70333333
-0.14 -0.14 -0.13976327 0.03 0.03 0.03 0.03 0.15376153 0.16 0.15911295 -0.35666667 -0.52332272 -0.52333333 -0.52333333 -0.52333226 -0.21333333 -0.21333333 -0.21333333 -0.21333333 -0.21333333 -0.27246712 0.06 0.06 0.06 0.059986955 0.3266481 0.32666667 0.32666667 0.32666667 0.79666667 0.79666667 0.79666667 0.79677415 1.57 1.0266667 1.0266667 1.0266667 1.0266718 1.1533338 1.16 1.16 1.16 0.97334467 0.97333333 0.97333333 0.97333333 1.0466681 1.0466667 1.0466667 1.0466667 0.70333333 0.70333333 0.70333333
-0.21 -0.20999988 0.029902119 0.03 0.03 0.03 0.15997234 0.16 0.16 0.16 -0.39666665 -0.39666667 -0.39666667 -0.39666667 -0.21417951 -0.21333333 -0.21333333 -0.21333333 -0.21333333 -0.28666662 -0.28666667 -0.28666667 -0.0033333228 -0.0033333333 -0.0033333333 -0.0033333333 0.025149911 0.32666667 0.2900015 0.29 0.29 0.29 0.29 0.90333333 0.90333333 0.90333333 0.90333333 0.90333333 1.28 1.28 1.28 1.28 1.28 1.1863451 1.1866667 1.1866667 1.1866667 1.0466667 1.0466667 1.0466667 0.70338742 0.70333333 0.70333333
