interpolatedSpi/06-05|20_2.tif
NCOLS 53
NROWS 52
XLLCORNER -116.03883
YLLCORNER 28.596182
DX 0.49850594
DY 0.49788537
NODATA_VALUE -9999
1.86 1.86 0.75975215 0.27 0.19 0.61 1.07 0.47 -0.051572068 -0.64 -0.77 -0.72 -0.83993577 -0.06 -0.76 -0.76 -0.76 0.69 0.66 0.66 0.66 0.66000713 1.4 -0.49 -0.49 -0.49 0.49000403 0.49 0.49 -0.15 -0.15 -0.15 -0.15 1.2099997 1.21 1.21 1.21 1.21 1.21 1.21 1.7541376 1.7593279 -0.88 -0.88 -0.88 -0.88 -0.88169867 -1.92 -1.92 -1.92 -0.74000245 -0.74 -0.74 
1.859944 0.6 1.2400009 1.1630161 1.0999229 1.36 0.92 0.44123441 -0.35 -0.18 -0.64 -0.84 -0.84 0.1193998 -0.060004009 -0.76 0.69 0.69 0.66003912 0.66 0.66 0.66 -0.49947468 -0.49 -0.49 -0.49 -1.1 -1.1 -0.15 -0.15 -0.15 -0.15 -0.15 1.2099998 1.21 1.21 1.21 1.21 1.2099999 0.99888269 -0.019962108 -0.77564581 -0.88 -0.88 -0.88 -0.88 -0.88 -1.92 -1.92 -1.92 -1.8221533 -0.74 -0.74 
2.0399691 2.04 2 1.93 1.4 1.27 0.9 0.1 -0.51 -0.03 -0.24 -1.8 -0.89 -0.86 0.12 0.8 0.69 0.69 0.69 0.90992732 0.91 0.91 -0.67 -0.49 -0.49 -0.49 -1.1 -1.1 -1.1 -0.15 -0.15 -0.15000005 -0.60251606 1.2051174 1.1964105 -0.23662133 -0.25 -0.25 -0.22107206 -0.020000002 -0.02 -0.021099723 -0.88 -0.88 -0.88 -0.88 -0.88 -1.92 -1.92 -1.92 -1.92 -0.74 -0.74 
1.89 2.0399999 1.3300444 1.29 0.57 0.87 1.88 0.19 0.45 -0.34831959 -0.75 -0.73 -0.89 -0.86 0.42 0.8 -0.48013027 -0.48917322 -0.07 0.91 0.91 -1.04 -0.67 -0.67 -0.49 -0.49000305 -1.1 -1.1 -1.1 -1.44 -1.2479628 -1.09 -1.09 -1.0899993 -0.25 -0.25 -0.25 -0.25 -0.02 -0.02 -0.02 -0.020000032 -0.88 -0.88 -0.88 -0.88 -0.88 -1.9199869 -1.92 -1.92 -1.92 -0.74003005 -0.74 
1.89 0.77000103 1.33 1.6450359 0.57 1.05 0.4899756 0.75 0.4 -0.19999973 -0.54573706 -0.7099957 -0.68 0.42 0.42 0.65398971 -0.49 -0.49 -0.07 -0.07 0.90999597 -1.04 -1.35 -0.58 -0.57 -0.57012175 -1.1 -1.1 -1.44 -1.44 -1.09 -1.09 -1.09 -1.025885 -0.25 -0.25 -0.25 -0.02 -0.02 -0.02 -0.02 -0.020053091 -0.88 -0.88 -0.88 -0.88 -0.88 -0.88925729 -1.92 -1.9199883 -1.66 -1.66 -1.66 
-0.69 1.19 1.31 1.02 0.56 0.56 1.01 0.97671255 0.91 0.16 0.34 -0.21 -0.21000031 -0.69 -0.69 0.019913083 0.02 -0.43 -0.43 -0.070000837 -2.4 -2.4 -0.58 -0.57 -0.57 -1.09 -1.34 -1.34 -1.1100299 -1.44 -1.09 -1.09 -0.75 -0.74995089 -0.28003395 -1.25 -1.25 -0.40052858 -0.02 -0.02 -0.56931403 -0.57 -0.56999918 -1.0568225 -1.0599801 -1.06 -1.06 -1.0599999 -2.4960489 -1.66 -1.66 -1.66 -1.66 
-0.080002045 0.61 0.31496643 1 1.52 0.86 0.43 0.91 0.46 0.46 0.34 0.66 -1.0899998 -0.69 -0.34000105 -0.34 0.02 -1.03 -1.02 -1.02 -2.0889652 -1.74 -1.74 -1.14 -1.09 -1.09 -1.34 -1.34 -1.1099983 -1.1099678 -0.10302549 -0.75 -0.75 -0.28 -0.28 -1.4896416 -1.25 -1.25 -1.3099979 -0.57000103 -0.57 -0.57 -0.56999661 -1.0600007 -1.06 -1.06 -1.06 -1.060001 -2.66 -1.6601982 -1.66 -1.66 -1.66 
-0.08 -0.6 0.61 -0.4 -0.50999369 0.14 -0.13 -0.079999996 0.32 0.82 0.82 -0.39 -1.09 -1.09 -0.3451457 -0.53125896 -0.55 -0.59 -1.2199998 -1.02 -2.1117952 -2.15 -1.88 -0.94 -0.93999549 -0.59 -1.61 -1.6099999 -1.0801051 -1.08 -0.1 0.43998978 0.44 -0.28 -0.28313734 -1.69 -1.69 -1.31 -1.31 -0.57 -0.57 -0.56999999 -1.1743281 -1.18 -1.06 -1.06 -1.06 -2.6599391 -2.66 -2.66 -1.66 -1.66 -1.66 
-0.47559326 -0.59999999 -0.09 0.15 -0.19 0.06 0.64 1.67 0.93 0.81835873 -0.4 -0.01 -0.01 -0.64 -0.63999285 -0.54002787 -0.54 -0.54 -0.68617047 -2.1499999 -1.7 -1.7 -2.32 -2.0533968 -0.62527076 -0.59 -1.14 -1.61 -1.0930217 -1.09 0.44 -0.56 -0.79671258 -1.24 -0.39 -0.5 -0.7 -0.81 -0.83998615 -0.56843768 -0.22 -0.35 -1.1798632 -1.18 -1.1793246 -1.06 -1.84 -2.66 -2.66 -2.66 -2.66 -1.6911269 -1.79 
0.22 0.22 -0.06 -0.62 -0.21 0.38 0.28 1.27 1.15 0.79005434 0.34 -0.13 -0.64 -0.64 0.12 0.1109478 -0.54 -0.54004212 -0.77 -2.15 -2.15 -2.0920249 -2.32 -1.5700142 -1.57 -1.57 -1.14 -1.02 -1.02 -1.09 -1.09 -0.56089141 -1.03 -1.24 -0.23 -0.5 -0.7 -1.13 -0.84 -0.23988632 -0.34999999 -0.34632661 -0.34 -1.18 -1.18 -1.84 -1.84 -1.84 -2.66 -2.66 -1.91 -1.91 -1.91 
0.22 0.22 -0.68 -1.02 -0.88 6.6669981e-12 -0.13999999 0.91990652 1.03 0.96 0.49 -0.29 -0.13021376 0.12 0.12 0.11994924 -0.32 -0.34361811 -0.77 -1.25 -1.25 -1.25 -1.25 -1.57 -1.57 -1.57 -1.02 -1.02 -1.02 -1.65 -1.65 -1.649999 -0.07 -0.07 -0.29 -0.6 -0.37 -1.8899989 -1.64 -0.23 -0.23 -0.4299997 -0.34 -1.18 -1.3100002 -1.55 -1.1529717 -1.15 -1.74 -1.74 -1.91 -1.91 -1.91 
0.22 -0.16877216 -0.82509013 -1.3899796 -0.61 -0.93 -0.14 0.92 1.0299991 0.96077552 -0.28999837 -0.29 -0.31 0.12 0.12 -0.31999999 -0.32 -0.32002561 -0.77 -1.25 -1.25 -1.25 -1.25 -1.5699865 -1.57 -1.5009689 -1.36 -1.36 -1.36 -1.65 -1.65 -0.88 -0.88 -0.070000603 -0.29 -0.65999984 -0.59289209 -1.89 -1.89 -0.23000001 -0.43 -0.43 -0.43000635 -1.31 -1.31 -1.55 -1.15 -1.15 -1.74 -1.74 -1.91 -1.91 -1.91 
0.47 0.7437474 0.86992987 0.85363339 -0.61000167 -0.92999244 -0.14000002 0.90695202 1.0224199 1.0281721 -0.31 -0.31 -0.31 -0.31 0.11993909 -0.32 -0.32 -0.32581022 -0.77 -1.2498031 -0.58 -0.58 -0.58 -0.58 -1.5530785 -1.36 -1.36 -1.36 -1.36 -1.3602107 -0.88 -0.88 -0.88 -0.88 -0.66 -0.66 -0.66 -1.8305417 -1.8843671 -1.14 -1.14 -0.43003819 -1.5899904 -1.310027 -1.31 -1.55 -1.15 -1.15 -1.74 -1.74 -1.9093833 -1.91 -1.427642 
0.47 0.87 0.87 0.87 0.87 0.86999924 -0.14202216 0.36156682 1.0021968 -0.30855861 -0.31 -0.31 -0.31 -0.31 -0.30999982 -0.31999999 -0.32000007 -0.35086693 -0.76999312 -0.58 -0.58 -0.58 -0.58 -0.58 -0.59491867 -1.4394724 -1.51 -1.51 -1.51 -1.51 -0.88000001 -0.88 -0.8800001 -0.96 -0.96 -0.66 -0.58222466 -0.58 -1.1399997 -1.14 -1.14 -1.14 -1.59 -1.59 -1.59 -1.5897216 -1.8852684 -1.89 -1.89 -1.89 -1.89 -0.73000024 -0.73 
0.24 0.87 0.87 0.87 0.87 0.87 0.86999993 -0.36747941 -0.064974544 -0.07 -0.07 -0.07 -0.07 -0.07 -0.070000002 -1.1771354 -0.33400519 -0.38162022 -0.58002374 -0.58 -0.58 -0.58 -0.58 -0.57999998 -1.27 -1.27 -1.2700003 -1.51 -1.51 -1.5101201 -1.57 -1.57 -0.96 -0.96 -0.96 -0.64087185 -0.58 -0.58 -0.58 -1.14 -1.14 -1.14 -1.59 -1.59 -1.59 -1.59 -1.89 -1.89 -1.89 -1.89 -1.89 -0.73 -0.73 
0.24 0.47454184 0.87 0.87 0.87 0.87 -1.5595231 -1.56 -1.56 -0.07 -0.07 -0.07 -0.07 -0.07 -0.31928591 -1.2 -1.2 -1.2 -0.56006191 -0.56000002 -0.56 -0.56 -0.56 -0.56 -1.27 -1.27 -1.27 -1.27 -1.51 -1.57 -1.57 -1.57 -0.96000005 -0.96 -0.96 -0.55 -0.57996028 -0.58 -0.58 -1.1400402 -1.2207761 -1.409193 -1.59 -1.59 -1.1513579 -1.15 -1.15 -1.8874028 -0.31552138 -0.31000014 -0.3100003 -0.4800378 -0.72999949 
0.24 -0.12979409 0.3588935 0.87 0.87 -1.5585642 -1.56 -1.56 -1.56 -1.5492626 -0.07 -0.07 -0.07 -0.070000137 -1.2 -1.2 -1.2 -1.2 -0.5605717 -0.56 -0.56 -0.56 -0.56 -0.56 -1.27 -1.27 -1.27 -1.27 -1.2710912 -1.57 -1.57 -1.57 -0.56000002 -0.95994864 -0.55 -0.55 -0.55 -0.54758387 -1.3574219 -1.41 -1.41 -1.41 -1.44 -1.44 -1.15 -1.15 -1.15 -0.31000001 -0.31 -0.31 -0.31 -0.48 -0.48 
-0.13963817 -0.14 -0.14 -0.14000001 -1.03 -1.5599863 -1.56 -1.56 -1.56 -1.56 -0.07000057 -0.07 -0.07 -1.2 -1.2 -1.2 -1.2 -1.2 -1.1712911 -0.56 -0.56 -0.56 -0.56 -0.56 -0.80567028 -0.66000331 -0.66 -0.66 -0.66 -1.5699999 -0.56000002 -0.56 -0.56 -0.56 -0.55 -0.54999421 -0.33 -0.33 -1.3965146 -1.41 -1.41 -1.41 -1.44 -1.44 -1.194902 -1.15 -1.15 -0.31 -0.31 -0.31 -0.31182284 -0.48 -0.48 
-0.14 -0.14 -0.14 -0.55911428 -1.03 -1.03 -1.56 -1.56 -1.56 -1.56 -0.07 -0.07 -0.07 -1.2 -1.2 -1.2 -1.2 -1.2000066 -1.54 -1.54 -0.5600004 -0.56 -0.57095561 -1.01 -1.0068491 -0.66 -0.66 -0.66 -0.66 -0.56001018 -0.56 -0.56 -0.56 -0.56 -0.33000077 -0.33 -0.33 -0.33 -0.33382837 -1.41 -1.41 -1.41 -1.44 -1.44 -1.44 -1.15 -1.15 -0.31000001 -0.31 -0.31 -0.48 -0.48 -0.48 
-0.14 -0.14 -0.14 -1.03 -1.03 -1.03 -1.0300008 -1.56 -1.56 -0.071538109 -0.07 -0.07 -0.07 -0.070704042 -1.2323769 -1.24 -1.24 -1.24 -1.54 -1.54 -1.54 -1.01 -1.01 -1.01 -1.0099888 -0.82260254 -0.66 -0.66 -0.66 -0.36716385 -0.3200236 -0.32 -0.32 -0.32 -0.54590605 -0.84999882 -0.85 -0.85 -0.85 -0.65010399 -0.65 -0.65 -1.44 -1.44 -0.32000468 -0.31999986 0.08 0.08 -0.07 -0.07 -0.07 -0.48 -0.24021459 
-0.13999901 -0.14 -0.14000003 -1.03 -1.03 -1.03 -1.03 -0.5400003 -1.5559216 -0.069854916 -0.07 -0.07 -0.07 -0.072295862 -1.24 -1.24 -1.24 -1.2400001 -1.54 -1.54 -1.54 -1.01 -1.01 -1.01 -0.97 -0.97 -0.81 -0.81 -0.81 -0.8073269 -0.32 -0.32 -0.32 -0.32 -0.58485451 -0.85 -0.85 -0.85 -0.85 -0.65 -0.65 -0.65 -0.63961694 -0.32 -0.32 -0.32 0.08 0.08 -0.07 -0.07 -0.07 -0.23999999 -0.24 
0.18 0.01082695 -0.69 -0.69009864 -1.03 -0.54283512 -0.54 -0.54 -0.52178107 0.089999987 0.09 0.09 0.09 -1.0599626 -1.06 -1.2399999 -1.24 -1.2479046 -1.54 -1.54 -1.54 -1.46 -1.46 -1.46 -0.97 -0.97 -0.81 -0.81 -0.81 -0.80999993 -0.70999752 -0.7099989 -0.32980206 -0.32041811 -0.99922487 -1 -1 -1 -1 -0.65 -0.65 -0.65 -0.33817079 -0.32 -0.32 -0.32000002 0.08 0.08 0.0799946 -0.07 -0.070024147 -0.61 -0.24 
-0.30990695 -0.31000007 -0.69 -0.69 -0.69 -0.54 -0.54 -0.54 -0.49 -0.49 0.09 0.09 0.09 -1.06 -1.06 -1.06 -1.06 -1.060054 -1.54 -1.54 -1.54 -1.46 -1.46 -1.46 -0.97 -0.97 -0.81 -0.81 -0.81 -0.71112751 -0.71 -0.71 -0.71 -0.71 -0.9998569 -1 -1 -1 -1 -0.59000002 -0.59 -0.59 -0.59 -0.32000107 -0.46 -0.46 -0.46 -0.45 -0.45 -0.45 -0.61 -0.61 -0.61 
-0.31 -0.31 -0.69 -0.69 -0.69 -0.54078843 -0.54 -0.49 -0.49 -0.49 0.089928602 0.09 -1.0131184 -1.06 -1.06 -1.06 -1.06 -0.99 -0.99 -0.99 -1.16 -1.1600002 -1.4599985 -1.46 -1.4594296 -0.73 -0.73 -0.73000019 -0.80998707 -0.4300558 -0.43000149 -0.43004888 -0.70952145 -0.70975836 -0.94816636 -0.99999996 -0.99966488 -0.9 -0.9 -0.59 -0.59 -0.59 -0.59 -0.46 -0.46 -0.46 -0.46 -0.45 -0.45 -0.45 -0.61 -0.61 -0.61 
-0.31 -0.31 -0.69 -0.69 -0.69 -0.69 -0.52128646 -0.49 -0.49 -0.49 -0.49042533 -1.26 -1.26 -1.26 -1.0611786 -1.06 -0.99046646 -0.99 -0.99 -0.99 -1.16 -1.16 -1.16 -1.16 -0.73 -0.73 -0.73 -0.73 -0.73 -0.43 -0.43 -0.43 -0.43 -0.42999888 0.1 -0.9 -0.9 -0.9 -0.9 -0.90000098 -1.26 -1.26 -1.26 -1.0029228 -0.47 -0.47 -0.47 -0.45 -0.44999991 -0.36 -0.36 0.39975429 0.4 
-0.31 -0.31 -0.55284668 -0.69 -0.69 -0.69000003 -2.2468768 -0.49554655 -0.49 -0.49 -1.2600002 -1.26 -1.26 -1.26 -1.26 -1.2435665 -0.99 -0.99 -0.99 -0.99 -1.1599987 -1.16 -1.16 -1.16 -0.73 -0.73 -0.73 -0.73 -0.73 -0.6147391 -0.43 -0.43 -0.43 0.1 0.1 0.099223475 -0.9 -0.9 -0.73116645 -0.60000003 -1.26 -1.26 -1.26 -1.0050598 -0.47 -0.47 -0.47 -0.25 -0.35862941 -0.36 -0.36 0.4 0.4 
-0.88 -0.88 -0.88 -0.73763822 -0.69129438 -2.25 -2.25 -2.25 -2.25 -2.32 -2.32 -1.2600001 -1.26 -1.26 -1.26 -1.2599829 -0.99 -0.99 -0.99 -0.99 -1.0858175 -1.16 -1.16 -1.1560744 -0.99753192 -0.73 -0.73 -0.73 -0.68 -0.68 -0.68 -0.67999895 0.1 0.1 0.1 0.1 -0.6 -0.6 -0.6 -0.6 -0.4 -0.4 -0.4 -0.15000503 -0.15 -0.15 -0.1500001 -0.25 -0.25 -0.35986597 -0.36 0.39999914 0.4 
-0.88 -0.88 -0.88 -0.88003662 -1.56 -1.6603373 -2.25 -2.25 -2.25 -2.32 -2.32 -2.32 -1.37 -1.37 -1.37 -1.37 -0.99131891 -0.99 -0.99 -0.99 -0.99256962 -1.0100004 -1.01 -1.01 -1.01 -1.01 -1.31 -1.31 -0.68 -0.68 -0.68 -0.68 0.099999726 0.1 0.1 0.099969049 -0.6 -0.6 -0.6 -0.60061416 -0.4 -0.4 -0.4 -0.15001159 -0.15 -0.15 -0.15 -0.25 -0.25 -0.24999994 0.23 0.23 1.1 
-0.88 -0.88 -0.88 -1.5599984 -1.56 -1.56 -2.2499997 -2.25 -2.25 -2.32 -2.32 -2.32 -1.37 -1.37 -1.37 -1.3958942 -1.71 -1.71 -1.7099981 -0.99406675 -1.01 -1.01 -1.01 -1.01 -1.01 -1.0102258 -1.31 -1.31 -1.31 -0.68 -0.68 -0.68023172 -0.28 -0.28 -0.28 -0.91 -0.91 -0.74 -0.74 -0.74 0.01 -0.39987139 -0.39999619 0.11 0.11 0.1001463 -0.14999948 -0.25 -0.25 0.23 0.23 0.23 1.1 
-0.88 -0.88 -0.88 -1.56 -1.56 -1.56 -1.56 -2.25 -2.25 -2.32 -2.32 -1.4079863 -1.37 -1.37 -1.37 -1.71 -1.71 -1.71 -1.71 -1.71 -1.01 -1.01 -1.01 -1.01 -1.01 -1.309999 -1.31 -1.31 -1.31 -1.04 -1.04 -1.04 -0.28 -0.28 -0.28 -0.91 -0.91 -0.74 -0.74 0.01 0.01 0.01 0.11 0.11 0.11 0.11 0.10178527 0.01 0.01 0.01 0.23000001 0.73 0.73 
-0.88 -0.88 -0.88094693 -1.56 -1.56 -1.56 -1.56 -1.3695976 -1.36 -1.3616482 -2.32 -1.3700343 -1.37 -1.37 -1.3700012 -1.71 -1.71 -1.71 -1.71 -1.71 -1.815596 -1.01 -1.01 -1.01 -1.0101462 -1.3100231 -1.31 -1.31 -1.31 -1.04 -1.04 -1.04 -1.0398959 -0.28 -0.91 -0.91 -0.91 -0.90999269 -0.73994885 0.01 0.01 0.01 0.10999393 0.11 0.11 0.11 0.010002716 0.01 0.01 0.01 0.73 0.73 0.73 
0.01 0.0099984448 -1.5595869 -1.56 -1.56 -1.56 -1.3600426 -1.36 -1.36 -1.36 -1.78 -1.78 -1.78 -1.78 -1.710323 -1.71 -1.71 -1.71 -1.71 -1.8499999 -1.85 -1.85 -1.7199999 -1.72 -1.72 -1.72 -1.6846117 -1.31 -1.7299828 -1.73 -1.73 -1.73 -1.73 -0.47 -0.47 -0.47 -0.47 -0.47 0.21 0.21 0.21 0.21 0.21 0.27974374 0.28 0.28 0.28 0.01 0.01 0.01 0.72988657 0.73 0.73 
0.01 0.01 0.0078227035 -0.25000263 -0.25000029 -0.25108298 -1.36 -1.36 -1.36 -1.36 -1.78 -1.78 -1.78 -1.78 -1.78 -1.71 -1.71 -1.71 -1.85 -1.85 -1.85 -1.85 -1.72 -1.72 -1.72 -1.72 -1.72 -1.7199132 -1.7298069 -1.73 -1.73 -1.73 -1.7299224 -0.42464787 -0.46995304 -0.47 -0.47 -0.47 0.21 0.21 0.21 0.21 0.21 0.28 0.28 0.28 0.28 0.15374272 0.01 0.63297113 0.64 0.16 0.16 
0.01 0.01 -0.24996707 -0.25 -0.25 -0.25 -0.53193532 -1.36 -1.36 -1.36 -1.78 -1.78 -1.78 -1.78 -1.78 -1.7100501 -1.71 -1.849959 -1.85 -1.85 -1.85 -1.85 -1.7681593 -1.72 -1.72 -1.72 -1.72 -1.719653 -1.23 -1.23 -1.23 -1.23 -1.23 -0.39 -0.39 -0.39 -0.39 -0.39 0.71 0.71 0.71 0.71 0.70999999 0.28217308 0.28000045 0.28 0.28015086 0.29820453 0.64 0.64 0.64 0.16000269 0.16 
0.010000718 0.39239657 -0.24999991 -0.25 -0.25 -0.25 -0.25 -1.3595274 -1.36 -1.36 -1.78 -1.78 -1.78 -1.78 -1.3791067 -1.37 -1.37 -1.8499876 -1.85 -1.85 -1.85 -1.85 -1.8499999 -1.72 -1.72 -1.72 -1.72 -1.3499999 -1.3499999 -1.3244611 -1.23 -1.23 -1.23 -0.39 -0.39 -0.39 -0.39 -0.39031155 0.71 0.71 0.71 0.71 0.70999847 1.17 1.17 1.17 1.17 1.1699573 0.64 0.64 0.64 0.63999974 0.21911635 
0.4 0.4 0.26061901 -0.25 -0.25 -0.25 -0.25 -0.25 -1.3595245 -0.47000001 -0.47 -0.47 -0.4731089 -1.3700006 -1.37 -1.37 -1.37 -1.37 -1.8499956 -1.8120482 -1.48 -1.48 -1.48 -1.5400215 -1.7007913 -1.598009 -1.5112067 -1.35 -1.35 -1.35 -1.35 -1.35 -1.343807 -0.85381593 -0.85 -0.85 -0.85 -0.85 0.70624231 0.69000004 0.69 0.69 0.69 0.84000097 1.1699999 1.17 1.17 0.97 0.64000529 0.64 0.64 0.22 0.22 
0.4 0.4 0.27 0.27 0.27 -0.24982678 -0.25 -0.25 -0.47 -0.47 -0.47 -0.47 -0.47 -1.37 -1.37 -1.37 -1.37 -1.37 -1.48 -1.48 -1.48 -1.48 -1.48 -1.48 -1.48 -1.48 -1.48 -1.35 -1.35 -1.35 -1.35 -1.35 -1.19 -1.19 -0.85 -0.85 -0.85 -0.56004939 -0.56 0.69 0.69 0.69 0.69000004 0.84 0.84 0.84 0.97 0.97 0.97 0.37 0.37 0.22 0.22 
0.4 0.4 0.27 0.27 0.27 0.27 0.26999643 -0.38 -0.46991526 -0.47 -0.47 -0.47 -0.47 -1.3587733 -1.37 -1.37 -1.37 -1.37 -1.48 -1.48 -1.48 -1.48 -1.48 -1.48 -1.48 -1.48 -1.48 -1.4799995 -1.35 -1.35 -1.35 -1.1900084 -1.19 -1.19 -1.19 -0.85 -0.56 -0.56 -0.56 -0.52711016 0.89232203 0.93 0.93 0.84 0.84 0.84 0.97 0.97 0.97 0.37 0.37 0.37 0.06602822 
1.54 1.5399911 0.27 0.27 0.27 0.27 -0.38 -0.38 -0.38 -0.47 -0.47 -0.47 -0.47 -0.47027978 -1.37 -1.37 -1.37 -1.37 -1.4799979 -1.48 -1.48 -1.48 -1.4799899 -1.48 -1.48 -1.48 -1.48 -1.8299997 -1.83 -1.83 -1.3551457 -1.19 -1.19 -1.19 -1.1899991 -0.27000001 -0.56 -0.56 -0.56 -0.55999999 0.93 0.93 0.93 1.21 1.21 1.21 0.86001071 0.97 0.97 0.37 0.37 0.37 0.049999331 
1.54 1.54 0.27 0.27 0.27 -0.38 -0.38 -0.38 -0.38 -0.46014678 -0.47 -0.47 -0.47 -0.47000379 -1.0800334 -1.08 -1.08 -1.08 -1.1758612 -1.06 -1.06 -1.06 -1.06 -1.48 -1.48 -1.48 -1.4800231 -1.83 -1.83 -1.83 -1.83 -1.189933 -0.67252661 -0.27 -0.27 -0.27 -0.55671398 0.31998168 0.32 0.32 0.93015666 1.13 1.13 1.21 1.21 1.2099985 0.86 0.86 0.03 0.03 0.03 0.16 -0.19 
1.54 1.54 0.3 0.3 0.3 -0.38 -0.38 -0.38 -0.38 -0.88 -0.88 -0.88 -0.88 -0.89409447 -1.08 -1.08 -1.08 -1.08 -1.18 -1.06 -1.06 -1.06 -1.06 -1.62 -1.6199999 -1.4800002 -1.83 -1.83 -1.83 -1.83 -1.3439758 -0.87 -0.34139177 -0.27 -0.27 -0.27 0.32 0.32 0.32 0.32 1.13 1.13 1.13 1.1999779 1.2 0.86152828 0.86 0.86 0.030000994 0.03 0.16 0.16 -0.19 
1.54 0.30000001 0.3 0.3 0.3 0.3 -0.38411433 -0.91 -0.91 -0.88 -0.88 -0.88 -0.88 -0.88004737 -1.08 -1.08 -1.08 -1.0845183 -1.18 -1.18 -1.06 -1.06 -1.62 -1.62 -1.62 -1.62 -1.83 -1.83 -1.83 -1.83 -0.87 -0.87 -0.87 -0.27060715 -0.27 -0.27 0.32 0.32 0.32 0.32 1.13 1.13 1.13 1.2 1.2 1.19997 0.67 0.67 0.17 0.17 0.16 0.16 -0.19 
0.31164514 0.3 0.3 0.3 0.3 0.3 -0.91 -0.91 -0.91 -0.89394275 -0.88 -0.88 -0.88 -0.88000056 -1.08 -1.08 -1.08 -1.18 -1.18 -1.18 -1.060006 -1.0600034 -1.62 -1.62 -1.62 -1.62 -1.8299851 -1.83 -1.83 -0.87022077 -0.87 -0.87 -0.87 -0.87 -0.27079396 0.18 0.18 0.18242294 0.32 0.32 1.1299993 1.13 1.1979647 1.2 1.2 0.67000019 0.67 0.67 0.17 0.17 0.33 0.33 0.31 
0.3 0.3 0.3 0.3 0.3 0.3 -0.91 -0.91 -0.91 -0.91 -0.86000058 -0.86 -0.86 -0.86 -1.0800006 -1.2658929 -1.37 -1.37 -1.1803503 -1.18 -1.18 -1.6199992 -1.62 -1.62 -1.62 -1.62 -1.6201527 -1.83 -1.8299672 -0.87 -0.87 -0.87 -0.87 -0.87 0.18 0.18 0.18 0.18 0.18 0.18000113 0.45 0.45 0.4500002 1.04 1.04 1.04 0.8 0.8 0.41 0.41 0.33 0.32999996 0.31 
0.3 0.3 0.3 0.3 0.3 0.3 -0.91 -0.91 -0.91 -0.86 -0.86 -0.86 -0.86 -0.86 -0.99443478 -1.37 -1.37 -1.37 -1.37 -1.37 -1.3609281 -1.62 -1.62 -1.62 -1.62 -1.5964492 -0.87117524 -1.6992795 -0.87473422 -0.87 -0.87 -0.87 -0.87 -0.8699977 0.18 0.18 0.18 0.18 0.18 0.30560337 0.45 0.45 0.45 1.04 1.04 1.04 0.8 0.8 0.41 0.41 0.38 0.31386151 0.31 
0.3 0.3 0.3 0.3 0.3 0.29999964 -0.90999972 -0.91 -0.90792472 -0.86 -0.86 -0.86 -0.86 -0.86 -0.88446274 -1.37 -1.37 -1.37 -1.37 -1.37 -1.37 -0.986234 -0.87000105 -0.87 -0.87 -0.87 -0.87 -0.87 0.13498432 0.14998792 0.14999998 0.15 0.15 0.15000002 0.18 0.18 0.18 0.18 0.18 0.44999997 0.45 0.45 0.45 0.45000026 1.0396473 0.82 0.8 0.39709296 0.40998248 0.38 0.38 0.38270226 0.51 
0.3 0.3 0.3 0.3 0.3 0.2999227 -0.90993474 -0.90999697 -0.86000006 -0.86 -0.86 -0.86 -0.86 -0.86 -0.86970422 -1.37 -1.37 -1.37 -1.37 -1.37 -1.37 -0.87 -0.87 -0.87 -0.87 -0.87 -0.87 -0.87 0.14971843 0.15 0.15 0.15 0.15 0.15 0.15822 0.18 0.18 0.18 0.18 0.45 0.45 0.45 0.45 0.45009478 0.82 0.82 0.81730497 0.39 0.39 0.38 0.38 0.51 0.51 
0.3 0.3 0.3 0.3 0.29999999 0.2983863 -0.90856227 -0.86564217 -0.86 -0.86 -0.86 -0.86 -0.86 -0.86 -0.86892843 -1.37 -1.37 -1.37 -1.37 -1.37 -1.2988091 -0.87 -0.87 -0.87 -0.87 -0.87 -0.87 -0.87 0.14999591 0.15 0.15 0.15 0.15 0.15 0.15 0.33825131 0.58425855 0.7187707 0.73923372 0.44871443 0.45 0.45 0.45 0.81997045 0.82 0.81755263 0.4099999 0.39 0.39 0.49998473 0.5 0.5 0.50999999 
0.3 0.3 0.3 0.3 0.29999877 0.28990909 -0.89719994 -0.86001375 -0.86 -0.86 -0.86 -0.86 -0.86 -0.86 -0.87190929 -1.37 -1.37 -1.37 -1.37 -1.37 -0.87000216 -0.87 -0.87 -0.87 -0.87 -0.87 -0.87 -0.87 0.14999972 0.15 0.15 0.15 0.15 0.15 0.15000012 0.75 0.75 0.75 0.75 0.43 0.43 0.43 0.43 0.41000119 0.41 0.41 0.41 0.41000021 0.43 0.43 0.5 0.5 0.37893026 
0.3 0.3 0.3 0.29999991 0.29996621 0.26717301 -0.86134667 -0.86000065 -0.86 -0.86 -0.86 -0.86 -0.86 -0.86 -0.87731255 -1.3699998 -1.37 -1.37 -1.37 -1.3669907 -0.87 -0.87 -0.87 -0.87 -0.87 -0.87 -0.87 -0.87 0.14999977 0.15 0.15 0.15 0.15 0.15 0.74999945 0.75 0.75 0.75 0.75 0.43 0.43 0.43 0.43 0.42460209 0.41 0.41 0.41 0.42999978 0.43 0.43 0.33 0.33 0.33 
0.3 0.3 0.29999994 0.29999726 0.29966892 0.17927549 -0.85993896 -0.86000016 -0.86 -0.86 -0.86 -0.86 -0.86 -0.86000003 -0.88463189 -1.369988 -1.37 -1.37 -1.3699994 -0.88013079 -0.87 -0.87 -0.87 -0.87 -0.87 -0.87 -0.87 -0.87 0.14999904 0.15 0.15 0.15 0.15 0.54530269 0.74999998 0.75 0.75 0.75 0.75 0.43 0.43 0.43 0.43 0.43 0.41 0.41 0.41 0.43 0.43 0.43 0.33 0.33 0.33 
0.29999999 0.29999992 0.29999885 0.29996759 0.29802813 -0.37720397 -0.85995904 -0.8600001 -0.86 -0.86 -0.86 -0.86 -0.86 -0.86000096 -0.89333399 -1.3698137 -1.37 -1.37 -1.3674113 -0.87004252 -0.87 -0.87 -0.87 -0.87 -0.87 -0.87 -0.87 -0.86999941 0.14999361 0.15 0.15000038 0.64252742 0.69 0.69 0.69 0.75 0.75 0.75 0.75 0.43 0.43 0.43 0.43 0.43 0.41000035 0.41 0.41000001 0.43 0.43 0.42999995 0.33 0.33 0.33 
