interpolatedSpi/06-09|22_3.tif
NCOLS 53
NROWS 52
XLLCORNER -116.03883
YLLCORNER 28.596182
DX 0.49850594
DY 0.49788537
NODATA_VALUE -9999
[rows 0 to 36 of 52, columns 0 to 52 of 53]
-0.38 -0.38 -0.91811538 -1.235 -0.9925 -0.655 -0.625 -0.8925 -1.1827979 -0.4275 -0.755 0.41 -0.030006176 -0.105 -0.09 -0.09 -0.09 0.6375 0.4425 0.4425 0.4425 0.44249721 0.1525 0.0425 0.0425 0.0425 -0.43999946 -0.44 -0.44 -0.645 -0.645 -0.645 -0.645 -0.10250011 -0.1025 -0.1025 -0.1025 -0.1025 -0.1025 -0.10249998 0.64692837 0.65495157 0.465 0.465 0.465 0.465 0.46507758 0.5125 0.5125 0.5125 0.15500074 0.155 0.155
-0.38002733 -0.995 -0.75999942 -0.55150185 -0.37755235 -0.6075 -0.965 -0.05091385 -0.2525 -0.185 0.13 -0.03 -0.03 0.6250575 -0.10499102 -0.09 0.6375 0.6375 0.44275425 0.4425 0.4425 0.4425 0.031577803 0.0425 0.0425 0.0425 -0.67749995 -0.6775 -0.645 -0.645 -0.645 -0.645 -0.645 -0.10250008 -0.1025 -0.1025 -0.1025 -0.1025 -0.10249997 0.084776061 1.077405 0.53932149 0.465 0.465 0.465 0.465 0.465 0.5125 0.5125 0.5125 0.48285576 0.155 0.155
-0.10249747 -0.1025 -0.255 0.0925 -0.1 -0.39 -0.1375 0.3725 -0.4025 0.5575 0.01 0.1825 -0.41 0.7175 0.6275 0.4125 0.6375 0.6375 0.6375 0.20506904 0.205 0.205 -0.165 0.0425 0.0425 0.0425 -0.6775 -0.6775 -0.6775 -0.645 -0.645 -0.64499998 -0.40429997 -0.10162102 -0.098241652 0.35080771 0.355 0.355 0.44587146 1.0775 1.0775 1.0767168 0.465 0.465 0.465 0.465 0.465 0.5125 0.5125 0.5125 0.5125 0.155 0.155
-0.215 -0.10249985 0.65994141 1.33 0.1225 0.555 0.465 0.06 0.2975 0.48881602 0.47 0.7625 0.63 0.7175 -0.3 0.4125 -0.98175041 -0.99135793 -1.475 0.205 0.205 -0.7425 -0.165 -0.165 0.0425 0.042496404 -0.6775 -0.6775 -0.6775 -0.6675 -0.38081589 -0.145 -0.145 -0.1449996 0.355 0.355 0.355 0.355 1.0775 1.0775 1.0775 1.0775 0.465 0.465 0.465 0.465 0.465 0.5124994 0.5125 0.5125 0.5125 0.15501429 0.155
-0.215 1.1624991 0.66 0.9552375 0.1225 0.1775 -0.022462236 1.42 0.2675 1.3824995 1.0052645 0.82736894 -0.0875 -0.3 -0.3 0.15465806 -0.9925 -0.9925 -1.475 -1.475 0.20499807 -0.7425 0.705 -0.085 -0.3175 -0.31717326 -0.6775 -0.6775 -0.6675 -0.6675 -0.145 -0.145 -0.145 -0.033270103 0.355 0.355 0.355 1.0775 1.0775 1.0775 1.0775 1.0774402 0.465 0.465 0.465 0.465 0.465 0.46542281 0.5125 0.51250359 0.5925 0.5925 0.5925
-1.8925 0.375 0.33999997 0.2125 0.1925 0.2275 0.1875 0.3452953 0.465 -0.3525 -1.3925 -0.0375 -0.037500033 0.0175 0.0175 -0.31508088 -0.315 -0.68 -0.68 -1.4749991 -1.1375 -1.1375 -0.085 -0.3175 -0.3175 1.08 0.43 0.43 0.76486918 -0.6675 -0.145 -0.145 0.4475 0.44762147 1.6099167 1.415 1.415 1.1819133 1.0775 1.0775 0.45827327 0.4575 0.45750322 0.14819301 0.14253564 0.14250009 0.14250001 0.14250013 0.65826947 0.5925 0.5925 0.5925 0.5925
-1.7600009 -0.105 0.43392304 -0.030000001 -0.1075 -0.13 0.54 0.825 0.6625 0.6625 -1.3925 -0.245 -1.1449998 0.0175 -0.649998 -0.65 -0.315 -0.6825 -0.4775 -0.4775 -1.0196838 -0.8875 -0.8875 0.80249998 1.08 1.08 0.43 0.43 0.76496751 0.76440185 1.0174944 0.4475 0.4475 1.61 1.61 1.442232 1.415 1.415 1.559995 0.45750153 0.4575 0.4575 0.45751826 0.14250467 0.1425 0.1425 0.1425 0.14250032 0.675 0.59251635 0.5925 0.5925 0.5925
-1.76 0.08 0.6175 -0.44 -0.2325119 -0.1225 0.365 0.925 0.1475 0.6525 0.6525 -0.255 -1.145 -1.145 -0.65339616 -1.1486394 -1.1975 -0.2875 -0.65249982 -0.4775 0.15828428 0.24 -0.575 0.49 0.48999529 0.125 0.2975 0.29750005 0.20945356 0.20750002 1.02 0.55154497 1.085 1.61 1.600588 1.465 1.465 1.56 1.56 0.4575 0.4575 0.45750003 0.98016225 0.97999996 0.1425 0.1425 0.1425 0.67497973 0.675 0.675 0.5925 0.5925 0.5925
-0.093335004 0.08 0.49 0.03 0.1 0.11 0.6125 0.8025 1.145 0.44923568 -0.06 -0.2325 -0.2325 0.5425 0.5424917 -1.3645332 -1.365 -1.365 -0.34321782 -0.54500004 -0.7225 -0.72249999 0.48 -0.15924184 0.16178236 0.125 0.3825 0.2975 0.67529182 0.6775 0.4025 1.4875 0.99266025 0.865 1.28 1.3125 1.575 0.6675 1.9668997 0.46345914 1.7925 1.07 0.98006389 0.98 0.9752861 0.1425 1.4624999 0.67500001 0.675 0.675 0.675 0.53771673 0.145
-1.0625 -1.0625 0.5525 0.09 0.0125 0.5225 0.2275 0.335 0.365 0.27251482 0.5325 0.7425 0.5425 0.5425 -0.34 -0.35405834 -1.365 -1.3647828 -0.385 -0.545 -0.545 -0.56786796 0.48 0.67499631 0.675 0.675 0.3825 1.265 1.265 0.6775 0.6775 1.4856366 0.505 0.865 0.91 1.3125 1.575 1.7 1.9675 0.29259231 1.07 1.1811202 1.3725 0.98 0.98 1.4625 1.4625 1.4625 0.675 0.675 0.1525 0.1525 0.1525
-1.0625 -1.0625 -0.22 -0.3725 -0.2925 -0.08 -0.049999996 0.3104596 0.8025 0.2075 0.465 -0.11 0.74136478 -0.34 -0.34 -0.34003518 -0.645 -0.63135398 -0.385 -0.635 -0.635 -0.745 -0.745 0.675 0.675 0.675 1.265 1.265 1.265 -0.4525 -0.4525 -0.45249842 0.555 0.555 0.5425 0.085 1.2525 0.84750325 1.005 0.265 0.265 0.17750393 1.3725 0.98 0.89499967 0.4275 0.8451702 0.8425 0.62 0.62 0.1525 0.1525 0.1525
-1.0625 -0.69871182 -0.28507719 -0.36249191 0.4075 0.0325 -0.05 0.31 0.80249589 0.21409188 -0.10999959 -0.11 -0.285 -0.34 -0.34 -0.64499999 -0.645 -0.6449852 -0.385 -0.635 -0.65660176 -0.745 -0.745 0.6749435 0.675 0.54762117 0.2875 0.2875 0.28750012 -0.4525 -0.4525 -0.2825 -0.2825 0.55499997 0.5425 0.59250001 1.2488915 0.8475 0.8475 0.265 0.1775 0.1775 0.17750538 0.895 0.895 0.4275 0.8425 0.8425 0.62 0.62 0.1525 0.1525 0.1525
0.67 0.26890178 0.31247467 0.3076193 0.40749788 0.032508854 -0.049999998 0.30556862 0.76856171 0.78696296 -0.285 -0.285 -0.285 -0.285 -0.33999221 -0.645 -0.645 -0.64164299 -0.385 -0.63482846 -0.0475 -0.0475 -0.0475 -0.0475 0.66245255 0.2875 0.2875 0.2875 0.2875 0.2869418 -0.2825 -0.2825 -0.2825 -0.2825 0.5925 0.5925 0.5925 0.83565096 0.84105971 -0.01 -0.01 0.17748991 0.17252473 0.89493041 0.895 0.4275 0.8425 0.8425 0.62 0.62 0.15419604 0.1525 -0.040310438
0.67 0.3125 0.3125 0.3125 0.3125 0.31249988 -0.049788774 0.12040252 0.67801742 -0.28384364 -0.285 -0.285 -0.285 -0.285 -0.28499976 -0.64499999 -0.64499996 -0.62716577 -0.38500253 -0.0475 -0.0475 -0.0475 -0.0475 -0.0475 -0.041932445 0.011507508 -0.16999991 -0.17 -0.17 -0.17 -0.2825 -0.2825 -0.28250009 -0.355 -0.355 0.5925 0.0043240074 -0.0125 -0.010000001 -0.01 -0.01 -0.01 0.1725 0.1725 0.1725 0.17427457 0.63626388 0.635 0.635 0.635 0.635 0.60749991 0.6075
0.995 0.3125 0.3125 0.3125 0.3125 0.3125 0.31249998 -0.0029454375 0.053001038 0.05 0.05 0.05 0.05 0.05 0.049999997 0.32914179 -0.62942475 -0.60939708 -0.047542522 -0.0475 -0.0475 -0.0475 -0.0475 -0.047499631 0.21 0.21 0.20999947 -0.17 -0.17 -0.17017521 -0.2575 -0.2575 -0.355 -0.355 -0.355 -0.067364819 -0.0125 -0.0125 -0.0125 -0.01 -0.01 -0.01 0.1725 0.1725 0.1725 0.1725 0.63499998 0.635 0.635 0.635 0.635 0.6075 0.6075
0.995 0.740913 0.3125 0.3125 0.3125 0.3125 -0.09991904 -0.1 -0.099999996 0.05 0.05 0.05 0.05 0.05 0.11287299 0.335 0.335 0.335 0.26903336 0.26999968 0.27 0.27 0.27 0.27 0.21 0.21 0.21 0.21 -0.17 -0.2575 -0.2575 -0.2575 -0.35499999 -0.355 -0.355 -0.1175 -0.012639023 -0.0125 -0.0125 -0.010073391 -0.15659365 -0.4985355 0.1725 0.1725 -0.4032178 -0.405 -0.405 0.63262693 -0.80245912 -0.80749987 -0.80749973 -0.5548241 0.60749764
0.995 0.36245725 0.3289465 0.3125 0.3125 -0.099756275 -0.1 -0.1 -0.1 -0.098919057 0.05 0.05 0.05 0.050000034 0.335 0.335 0.335 0.335 0.27005806 0.27 0.27 0.27 0.27 0.27 0.21 0.21 0.21 0.21 0.20829954 -0.2575 -0.2575 -0.2575 0.17749999 -0.35496299 -0.1175 -0.1175 -0.1175 -0.11834411 -0.46912875 -0.5 -0.5 -0.5 -0.7325 -0.7325 -0.405 -0.405 -0.405 -0.8075 -0.8075 -0.8075 -0.8075 -0.555 -0.555
0.34543455 0.345 0.345 0.34499999 -0.31 -0.10000542 -0.1 -0.1 -0.1 -0.1 0.13043989 0.050013845 0.05000003 0.335 0.335 0.335 0.335 0.335 0.3041795 0.27 0.27 0.27 0.27 0.27 -0.047899054 -0.51499607 -0.515 -0.515 -0.515 -0.25749998 0.17749999 0.1775 0.1775 0.1775 -0.1175 -0.11750204 -0.195 -0.195 -0.49619162 -0.5 -0.5 -0.5 -0.7325 -0.7325 -0.45570828 -0.405 -0.405 -0.8075 -0.8075 -0.8075 -0.80479254 -0.555 -0.555
0.345 0.345 0.345 0.036550729 -0.31 -0.31 -0.1 -0.1 -0.1 -0.1 1.1125 1.1125 1.1125 0.335 0.335 0.335 0.335 0.33494051 -0.0725 -0.0725 0.26999986 0.27 0.26111379 -0.095 -0.098781077 -0.515 -0.515 -0.515 -0.515 0.17742949 0.1775 0.1775 0.1775 0.1775 -0.19499973 -0.195 -0.195 -0.195 -0.19607056 -0.5 -0.5 -0.5 -0.7325 -0.7325 -0.7325 -0.405 -0.405 -0.80749998 -0.8075 -0.8075 -0.555 -0.555 -0.555
0.345 0.345 0.345 -0.31 -0.31 -0.31 -0.30999968 -0.1 -0.1 1.1112484 1.1125 1.1125 1.1125 1.1120156 0.043607932 -0.025 -0.025 -0.025 -0.0725 -0.0725 -0.0725 -0.095 -0.095 -0.095 -0.09506443 -0.41534038 -0.515 -0.515 -0.515 0.011097148 -0.0074818045 -0.0075 -0.0075 -0.0075 -0.17918195 -0.15750009 -0.1575 -0.1575 -0.1575 -0.94743877 -0.9475 -0.9475 -0.7325 -0.7325 -0.66500028 -0.66499973 0.09 0.09 -0.31 -0.31 -0.31 -0.555 0.166854
0.34499931 0.345 0.34499998 -0.31 -0.31 -0.31 -0.31 -0.26999995 -0.10067973 1.1117043 1.1125 1.1125 1.1125 1.1102679 -0.025 -0.025 -0.025 -0.025000014 -0.0725 -0.0725 -0.0725 -0.095 -0.095 -0.095 -0.325 -0.325 -0.265 -0.265 -0.265 -0.26359526 -0.0075 -0.0075 -0.0075 -0.0075 -0.082458945 -0.1575 -0.1575 -0.1575 -0.1575 -0.9475 -0.9475 -0.9475 -0.93861147 -0.665 -0.665 -0.665 0.09 0.09 -0.31 -0.31 -0.31 0.16749998 0.1675
0.1225 0.21237124 -0.085 -0.085065276 -0.31 -0.27023144 -0.27 -0.27 -0.22627456 0.23499999 0.235 0.235 0.235 -0.0024922687 -0.0025000001 -0.024999983 -0.025 -0.026251555 -0.0725 -0.0725 -0.0725 -0.45 -0.45 -0.45 -0.325 -0.325 -0.265 -0.265 -0.265 -0.26500018 -0.50999681 -0.50999859 -0.020129583 -0.0080387147 -0.9464241 -0.9475 -0.9475 -0.9475 -0.9475 -0.9475 -0.9475 -0.9475 -0.68055536 -0.665 -0.665 -0.66499996 0.09 0.09 0.089985601 -0.31 -0.30998513 0.0225 0.1675
-0.29492072 -0.29499996 -0.085 -0.085 -0.085 -0.27 -0.27 -0.27 -0.15 -0.15 0.235 0.235 0.235 -0.0025 -0.0025 -0.0025 -0.0025 -0.0025078537 -0.0725 -0.0725 -0.072500014 -0.45 -0.45 -0.45 -0.325 -0.325 -0.265 -0.265 -0.265 -0.50723761 -0.51 -0.51 -0.51 -0.51 -0.94728412 -0.9475 -0.9475 -0.9475 -0.9475 -0.97999999 -0.98 -0.98 -0.98 -0.6649982 -0.43 -0.43 -0.43 0.065 0.065 0.065 0.0225 0.0225 0.0225
-0.295 -0.295 -0.085 -0.085 -0.085 -0.26902761 -0.27 -0.15 -0.15 -0.15 0.23495261 0.235 -0.012180229 -0.0025000148 -0.0025 -0.0025 -0.0025 -0.1825 -0.1825 -0.1825 -0.96749999 -0.96749962 -0.45000252 -0.45 -0.45030135 -1.0175 -1.0175 -1.0174982 -0.26512161 -1.1023819 -1.1024968 -1.1023966 -0.51101264 -0.51051132 -0.86996378 -0.94750019 -0.94912534 -1.4325 -1.4325 -0.98 -0.98 -0.98 -0.98 -0.43 -0.43 -0.43 -0.43 0.065 0.065 0.065 0.0225 0.0225 0.0225
-0.295 -0.295 -0.085 -0.085 -0.085 -0.085000001 -0.22508751 -0.15 -0.15 -0.15 -0.14995443 -0.0675 -0.0675 -0.0675 -0.00288306 -0.0025 -0.18130052 -0.1825 -0.1825 -0.1825 -0.9675 -0.9675 -0.9675 -0.9675 -1.0175 -1.0175 -1.0175 -1.0175 -1.0175 -1.1025 -1.1025 -1.1025 -1.1025 -1.1024994 -0.805 -1.4325 -1.4325 -1.4325 -1.4325 -1.4324979 -0.835 -0.835 -0.835 -0.73981567 -0.5425 -0.5425 -0.5425 0.064999983 0.064999661 -0.285 -0.285 0.17996168 0.18
-0.295 -0.295 -0.16079525 -0.085 -0.085 -0.085000002 -0.15249556 -0.15000788 -0.15 -0.15 -0.067499961 -0.0675 -0.0675 -0.0675 -0.0675 -0.062189266 -0.1825 -0.1825 -0.1825 -0.1825 -0.96749393 -0.9675 -0.9675 -0.9675 -1.0175 -1.0175 -1.0175 -1.0175 -1.0175 -1.2872391 -1.1025 -1.1025 -1.1025 -0.805 -0.805 -0.80548727 -1.4325 -1.4325 -1.1679941 -0.96250004 -0.835 -0.835 -0.835 -0.74297391 -0.5425 -0.5425 -0.5425 -1.2625 -0.29717955 -0.285 -0.285 0.18 0.18
-0.35 -0.35 -0.35 -0.15144278 -0.085280161 -0.1525 -0.1525 -0.1525 -0.1525 0.1175 0.1175 -0.067499987 -0.0675 -0.0675 -0.0675 -0.067507301 -0.1825 -0.1825 -0.1825 -0.1825 -0.62495146 -0.9675 -0.9675 -0.95578874 -0.54215312 -1.0175 -1.0175 -1.0175 -1.3525 -1.3525 -1.3525 -1.352499 -0.805 -0.805 -0.805 -0.805 -0.9625 -0.9625 -0.9625 -0.9625 -0.9475 -0.9475 -0.9475 -1.0924971 -1.0925 -1.0925 -1.0924998 -1.2625 -1.2625 -0.28619103 -0.285 0.17999705 0.18
-0.35 -0.35 -0.35 -0.3499961 -0.2775 -0.25932295 -0.1525 -0.1525 -0.1525 0.1175 0.1175 0.1175 -0.37249999 -0.3725 -0.3725 -0.37249998 -0.18163446 -0.1825 -0.1825 -0.1825 -0.19437896 -0.52000123 -0.52 -0.52 -0.52 -0.52000001 -0.7575 -0.7575 -1.3525 -1.3525 -1.3525 -1.3525 -0.80499998 -0.805 -0.805 -0.80499796 -0.96249999 -0.9625 -0.9625 -0.96055883 -0.9475 -0.9475 -0.9475 -1.0924933 -1.0925 -1.0925 -1.0925 -1.2625 -1.2625 -1.2624999 -0.405 -0.405 -0.475
-0.35 -0.35 -0.35 -0.27750017 -0.2775 -0.2775 -0.15250005 -0.1525 -0.1525 0.1175 0.1175 0.1175 -0.3725 -0.3725 -0.3725 -0.3220443 0.29 0.29 0.28999878 -0.1798312 -0.52 -0.52 -0.52 -0.52 -0.52 -0.52017873 -0.7575 -0.7575 -0.7575 -1.3525 -1.3525 -1.3522908 -0.78 -0.78 -0.78 -0.34 -0.34 -0.52 -0.52 -0.52 -0.12 -0.94724044 -0.94749659 -0.49 -0.49 -0.51283407 -1.0924987 -1.2625 -1.2625 -0.405 -0.405 -0.405 -0.475
-0.35 -0.35 -0.35 -0.2775 -0.2775 -0.2775 -0.2775 -0.1525 -0.1525 0.1175 0.1175 -0.35290707 -0.3725 -0.3725 -0.3725 0.29 0.29 0.29 0.29 0.29 -0.52 -0.52 -0.52 -0.52 -0.52 -0.75749919 -0.7575 -0.7575 -0.7575 -1.0275 -1.0275 -1.0275 -0.78 -0.78 -0.78 -0.34 -0.34 -0.52 -0.52 -0.12 -0.12 -0.12 -0.49 -0.49 -0.49 -0.49 -0.45241759 -0.0325 -0.0325 -0.0325 -0.40499998 0.4225 0.4225
-0.35 -0.35 -0.34989904 -0.2775 -0.2775 -0.2775 -0.2775 -0.38460132 -0.39 -0.38912869 0.11749999 -0.37248178 -0.3725 -0.3725 -0.37249771 0.29 0.29 0.29 0.29 0.29 1.1558827 -0.52 -0.52 -0.52 -0.51984089 -0.75744317 -0.7575 -0.7575 -0.7575 -1.0275 -1.0275 -1.0275 -1.0274672 -0.78 -0.34 -0.34 -0.34 -0.34000738 -0.51997272 -0.12 -0.12 -0.12 -0.48997754 -0.49 -0.49 -0.49 -0.03250057 -0.0325 -0.0325 -0.0325 0.4225 0.4225 0.4225
-0.0925 -0.09250045 -0.2775316 -0.2775 -0.2775 -0.2775 -0.38997606 -0.39 -0.39 -0.39 -0.15500001 -0.155 -0.155 -0.155 0.28794612 0.29 0.29 0.29 0.29 1.2274994 1.2275 1.2275 0.25249987 0.2525 0.2525 0.2525 0.16532401 -0.7575 -1.3824744 -1.3825 -1.3825 -1.3825 -1.3825 -0.305 -0.305 -0.305 -0.305 -0.305 -0.065 -0.065 -0.065 -0.065 -0.065000001 -0.085610509 -0.085 -0.085 -0.085 -0.0325 -0.0325 -0.0325 0.42242832 0.4225 0.4225
-0.0925 -0.0925 -0.091767461 -0.0050005477 -0.0050000606 -0.0053754983 -0.39 -0.39 -0.39 -0.39 -0.155 -0.155 -0.155 -0.155 -0.155 0.29 0.29 0.29 1.2274998 1.2275 1.2275 1.2275 0.2525 0.2525 0.2525 0.2525 0.2525 0.25228466 -1.3822963 -1.3825 -1.3825 -1.3825 -1.3824182 -0.54451594 -0.30524801 -0.305 -0.305 -0.30500001 -0.065 -0.065 -0.065 -0.065 -0.065000002 -0.085 -0.085 -0.085 -0.085 -0.060449974 -0.0325 -0.13138431 -0.1325 -0.2925 -0.2925
-0.0925 -0.0925 -0.0050110835 -0.005 -0.005 -0.005 -0.10278838 -0.39 -0.39 -0.39 -0.155 -0.155 -0.155 -0.155 -0.155 0.28967081 0.29 1.2272251 1.2275 1.2275 1.2275 1.2275 0.61369507 0.2525 0.2525 0.2525 0.2525 0.25171575 -0.855 -0.855 -0.855 -0.855 -0.855 -0.7275 -0.7275 -0.7275 -0.7275 -0.7275 -0.505 -0.505 -0.505 -0.505 -0.505 -0.085103771 -0.085000022 -0.085 -0.085007204 -0.085873682 -0.1325 -0.1325 -0.1325 -0.2924991 -0.2925
-0.092499263 0.29970161 -0.0049999564 -0.005 -0.005 -0.005 -0.005 -0.38983607 -0.39 -0.39 -0.155 -0.155 -0.155 -0.155 1.2676825 1.3 1.3 1.2275019 1.2275 1.2275 1.2275 1.2275 1.2274998 0.2525 0.2525 0.2525 0.2525 -0.55250026 -0.55250014 -0.61687935 -0.855 -0.855 -0.855 -0.7275 -0.7275 -0.7275 -0.7275 -0.72731544 -0.505 -0.505 -0.505 -0.505 -0.50500019 -0.1275 -0.1275 -0.1275 -0.1275 -0.1275004 -0.1325 -0.1325 -0.1325 -0.13250014 -0.35654272
0.3075 0.3075 0.28604701 -0.0049999999 -0.005 -0.005 -0.005 -0.005 -0.38983286 0.83749998 0.8375 0.8375 0.83514459 1.2999979 1.3 1.3 1.3 1.3 1.2274959 1.1921125 0.8825 0.8825 0.8825 0.71884851 0.19007163 -0.14397076 -0.42585121 -0.5525 -0.5525 -0.5525 -0.5525 -0.5525 -0.56148151 -0.45424244 -0.455 -0.455 -0.455 -0.455 -0.5054696 -0.5075 -0.5075 -0.5075 -0.5075 -0.31749944 -0.12750005 -0.1275 -0.1275 -0.0175 -0.13249816 -0.1325 -0.1325 -0.3575 -0.3575
0.3075 0.3075 0.5525 0.5525 0.5525 -0.0048142927 -0.005 -0.005 0.8375 0.8375 0.8375 0.8375 0.8375 1.3 1.3 1.3 1.3 1.3 0.8825 0.8825 0.8825 0.8825 0.8825 -0.52749993 -0.5275 -0.5275 -0.5275 -0.5525 -0.5525 -0.5525 -0.5525 -0.5525 -0.3875 -0.3875 -0.455 -0.455 -0.455 -0.43500341 -0.435 -0.5075 -0.5075 -0.5075 -0.50749995 -0.3175 -0.3175 -0.3175 -0.0175 -0.0175 -0.0175 0.295 0.295 -0.3575 -0.3575
