interpolatedSpi/06-07|19_3.tif
NCOLS 53
NROWS 52
XLLCORNER -116.03883
YLLCORNER 28.596182
DX 0.49850594
DY 0.49788537
NODATA_VALUE -9999
1.245 1.245 1.3098889 0.35 0.435 0.81 1.175 1.16 0.20424827 0.02 0.03 0.845 0.18496953 -0.185 0.37 0.37 0.37 0.27 0.26 0.26 0.26 0.25999538 -0.21999999 0.435 0.435 0.435 -0.0099877178 -0.01 -0.01 -0.095 -0.095 -0.095 -0.095 -1.3199998 -1.32 -1.32 -1.32 -1.32 -1.32 -1.32 -0.70166008 -0.6952622 -1.725 -1.725 -1.725 -1.725 -1.7242732 -1.28 -1.28 -1.28 0.40999649 0.41 0.41 
1.2449904 1.03 1.6100002 1.3678214 0.76528377 1.495 1.755 0.55554544 0.61 0.56 0.805 0.185 0.185 0.64223239 -0.18498507 0.37 0.27 0.27 0.26001304 0.26 0.26 0.26 0.41131331 0.435 0.435 0.435 -0.79499992 -0.795 -0.095 -0.095 -0.095 -0.095 -0.095 -1.3199998 -1.32 -1.32 -1.32 -1.32 -1.32 -1.2256099 -0.76502044 -1.6085116 -1.725 -1.725 -1.725 -1.725 -1.725 -1.28 -1.28 -1.28 -1.1398636 0.41 0.41 
1.3049758 1.305 1.825 1.14 0.755 0.48 0.735 1.615 0.21 -0.064999999 0.23 0.36 0.91 -0.14 0.645 -0.46 0.27 0.27 0.27 -0.02491715 -0.025 -0.025 -0.015 0.435 0.435 0.435 -0.795 -0.795 -0.795 -0.095 -0.095 -0.095000034 -0.43198005 -1.3183403 -1.3143687 -0.7205439 -0.715 -0.715 -0.72128868 -0.765 -0.765 -0.7662276 -1.725 -1.725 -1.725 -1.725 -1.725 -1.28 -1.28 -1.28 -1.28 0.41 0.41 
0.55 1.3049998 0.089893535 0.65 0.18 0.675 0.895 0.5 0.46 0.20548473 -0.145 -0.16 0.135 -0.14 0.435 -0.46 0.13540943 0.14009109 -0.205 -0.025 -0.025 0.61 -0.015 -0.015 0.435 0.43499386 -0.795 -0.795 -0.795 -1.725 -1.2147297 -0.795 -0.795 -0.79499994 -0.715 -0.715 -0.715 -0.715 -0.765 -0.765 -0.765 -0.76500004 -1.725 -1.725 -1.725 -1.725 -1.725 -1.2800056 -1.28 -1.28 -1.28 0.40992814 0.41 
0.55 1.0349983 0.09 0.048642895 0.18 1.065 0.81003718 0.595 0.2 -0.34000033 -0.51623993 -0.60004798 -0.935 0.435 0.435 -0.1544161 0.14 0.14 -0.205 -0.205 -0.024998816 0.61 0.505 0.16 0.57 0.5699447 -0.795 -0.795 -1.725 -1.725 -0.795 -0.795 -0.795 -0.85722941 -0.715 -0.715 -0.715 -0.765 -0.765 -0.765 -0.765 -0.76506371 -1.725 -1.725 -1.725 -1.725 -1.725 -1.7210389 -1.28 -1.2800229 -1.79 -1.79 -1.79 
-1.21 0.78 5.3510542e-08 -0.065 0.97 1.225 -0.675 -0.51240363 -0.71 -0.885 -0.925 -1.045 -1.0449999 -1.28 -1.28 -0.17000121 -0.17 0.03 0.029999999 -0.20499983 -0.19 -0.19 0.16 0.57 0.57 0.335 -0.62 -0.62 -0.40512042 -1.725 -0.795 -0.795 -1.125 -1.1251118 -2.1949232 -1.65 -1.65 -1.038795 -0.765 -0.765 -1.4241768 -1.425 -1.4249998 -0.65424149 -0.63512047 -0.63500029 -0.63500004 -0.63500041 -0.48954469 -1.79 -1.79 -1.79 -1.79 
0.2400001 0.78 0.98879024 0.49 0.75 -0.56 -0.5 -0.71 -1.49 -1.49 -0.925 -0.93 -0.55500008 -1.28 -0.17500331 -0.175 -0.17 0.045 -0.015 -0.015 -0.30074725 -0.425 -0.425 0.055000007 0.335 0.335 -0.62 -0.62 -0.40502418 -0.40544526 -0.64553823 -1.125 -1.125 -2.195 -2.195 -1.4076352 -1.65 -1.65 -1.5150047 -1.4250001 -1.425 -1.425 -1.4249972 -0.63499967 -0.635 -0.635 -0.635 -0.63499976 -0.24 -1.7896928 -1.79 -1.79 -1.79 
0.24 0.26 1.515 -0.98 -0.49002809 -1.675 -1.865 -1.115 -1.585 -0.8 -0.8 -0.85 -0.555 -0.555 -0.17760715 0.48074502 0.545 -0.23 -0.10499991 -0.015 -0.076273492 -0.075 -0.465 -1.11 -1.1099956 -0.765 0.044999999 0.044999765 -0.81854578 -0.82 -0.645 -1.0243022 -1.845 -2.195 -2.1540721 -1.205 -1.205 -1.515 -1.515 -1.425 -1.425 -1.425 -0.57853859 -0.575 -0.635 -0.635 -0.635 -0.24001504 -0.24 -0.24 -1.79 -1.79 -1.79 
0.24710418 0.26000001 0.99 0.355 -0.085 -0.665 -0.645 -1.08 -1.78 -1.4331146 -1.22 -0.73000001 -0.73 -0.255 -0.25499685 0.18101729 0.18 0.18 -0.21091855 0.43999989 -0.09 -0.09 0.04 -0.26598781 -0.79976689 -0.765 -0.24 0.045 -0.2979952 -0.3 -0.795 -0.38 -0.42281615 -1.06 -0.76 -0.75 -1.04 -1.855 -0.97540635 -1.4246429 -1.345 -1.03 -0.57505699 -0.575 -0.57533771 -0.635 -0.81999999 -0.24000001 -0.24 -0.24 -0.24 -1.6212924 0.48 
0.175 0.175 0.745 0.8 0.04 -0.94 -0.965 -0.81 -0.725 -1.3450099 -1.295 -0.845 -0.255 -0.255 0.08 0.081371545 0.18 0.17981332 -0.74 0.44 0.44 0.37171825 0.04 -0.38499195 -0.385 -0.385 -0.24 -0.235 -0.235 -0.3 -0.3 -0.38016121 -0.465 -1.06 -0.625 -0.75 -1.04 -1.53 -0.975 -0.3650483 -1.03 -0.99142936 -0.925 -0.575 -0.575 -0.82 -0.82 -0.82 -0.24 -0.24 -0.435 -0.435 -0.43499966 
0.175 0.175 0.44 -0.25 -0.32 -0.59 -1.105 -1.264865 -1.23 -1.48 -0.775 -1.75 -0.84620395 0.08 0.08 0.080020765 0.26 0.20751531 -0.74 -0.06 -0.06 1.605 1.605 -0.385 -0.385 -0.385 -0.235 -0.235 -0.235 -0.345 -0.345 -0.3450002 -0.11 -0.11 -0.99 -0.885 -0.58 -1.4349973 -0.57 -0.355 -0.355 -0.64000094 -0.925 -0.575 -0.67500018 -0.94 -0.97433245 -0.975 0.33 0.33 -0.435 -0.435 -0.435 
0.175 0.28922791 0.14555239 -0.78496317 0.135 -0.11 -1.105 -1.265 -1.2300003 -1.4772303 -1.7499996 -1.75 0.075 0.08 0.08 0.25999999 0.26 0.25994309 -0.74 -0.06 0.26697213 1.605 1.605 -0.384921 -0.385 -0.41951555 -0.49 -0.49 -0.48999997 -0.345 -0.345 -0.25 -0.25 -0.11000241 -0.99 -0.55000014 -0.66578929 -1.435 -1.435 -0.35500001 -0.64 -0.64 -0.6400003 -0.675 -0.675 -0.94 -0.975 -0.975 0.33 0.33 -0.435 -0.435 -0.435 
-0.85 -0.40737118 -0.46999116 -0.47226448 0.13499861 -0.10999422 -1.105 -1.2630305 -1.2324119 -1.2365282 0.075 0.075 0.075 0.075 0.079999292 0.26 0.26 0.24708841 -0.74 -0.059861027 0.435 0.435 0.435 0.435 -0.3712202 -0.49 -0.49 -0.49 -0.49 -0.48990159 -0.25 -0.25 -0.25 -0.25 -0.55 -0.55 -0.55 -1.3919548 -1.4279776 -0.5 -0.5 -0.63999247 -0.44000804 -0.67497737 -0.675 -0.94 -0.975 -0.975 0.32999999 0.33 -0.43222466 -0.435 -0.7518504 
-0.85 -0.47 -0.47 -0.47 -0.47 -0.46999985 -1.1024529 -1.1807015 -1.2388465 0.073588361 0.075 0.075 0.075 0.075 0.075000142 0.26 0.25999984 0.19140683 -0.73998226 0.435 0.435 0.435 0.435 0.435 0.4349963 -0.37234582 -0.44000001 -0.44 -0.44 -0.44 -0.24999999 -0.25 -0.24999966 0.035 0.035 -0.55 0.154839 0.175 -0.49999961 -0.5 -0.5 -0.5 -0.44 -0.44 -0.44 -0.44347954 -0.70178198 -0.7 -0.7 -0.7 -0.69999998 0.17999987 0.18 
0.47 -0.47 -0.47 -0.47 -0.47 -0.47 -0.47000004 -0.92005805 0.26169879 0.27 0.27 0.27 0.27 0.27 0.27 0.90682916 0.27038494 0.12306675 0.4348526 0.435 0.435 0.435 0.435 0.43500066 0.435 0.435 0.43499877 -0.44 -0.44 -0.43859829 0.26 0.26 0.035 0.035 0.035 0.15257365 0.175 0.175 0.175 -0.5 -0.5 -0.5 -0.44 -0.44 -0.44 -0.44 -0.69999998 -0.7 -0.7 -0.7 -0.7 0.18 0.18 
0.47 0.12004868 -0.47 -0.47 -0.47 -0.47 -0.36502061 -0.365 -0.36499998 0.27 0.27 0.27 0.27 0.27 0.41339455 0.92 0.92 0.92 0.99827952 0.99999942 1 1 1 1 0.435 0.435 0.435 0.435 -0.44 0.26 0.26 0.26 0.03500002 0.035 0.035 0.46 0.17537735 0.175 0.175 -0.49985519 -0.21130027 0.46211583 -0.44 -0.44 0.42731513 0.43 0.43 -0.69776188 0.65524742 0.65999988 0.65999974 0.91488869 0.18000149 
0.47 -0.060362926 -0.27011182 -0.47 -0.47 -0.36506204 -0.365 -0.365 -0.365 -0.36042401 0.27 0.27 0.27 0.27000008 0.92 0.92 0.92 0.92 0.99992854 1 1 1 1 1 0.43500001 0.435 0.435 0.435 0.43436347 0.26 0.26 0.26 1.05 0.035067733 0.46 0.46 0.46 0.46498041 0.44665565 0.465 0.465 0.465 0.665 0.665 0.43 0.43 0.43 0.66 0.66 0.66 0.66 0.915 0.915 
-0.074762325 -0.075 -0.075 -0.075000001 -0.19 -0.36499549 -0.365 -0.365 -0.365 -0.365 0.27605641 0.27000104 0.27 0.92 0.92 0.92 0.92 0.92 0.95246989 1 1 1 1 1 1.0913195 1.6699933 1.67 1.67 1.67 0.26000004 1.05 1.05 1.05 1.05 0.46 0.46001198 0.915 0.915 0.47061892 0.465 0.465 0.465 0.665 0.665 0.46638609 0.43 0.43 0.66 0.66 0.66 0.66273426 0.915 0.915 
-0.075 -0.075 -0.075 -0.12915522 -0.19 -0.19 -0.365 -0.365 -0.365 -0.365 0.35 0.35 0.35 0.92 0.92 0.92 0.92 0.92008511 1.335 1.335 1.0000001 1 1.0053561 1.22 1.2240512 1.67 1.67 1.67 1.67 1.0500631 1.05 1.05 1.05 1.05 0.9149984 0.915 0.915 0.915 0.91344174 0.465 0.465 0.465 0.665 0.665 0.665 0.43 0.43 0.66000001 0.66 0.66 0.915 0.915 0.915 
-0.075 -0.075 -0.075 -0.19 -0.19 -0.19 -0.19000027 -0.365 -0.365 0.34926191 0.35 0.35 0.35 0.35035514 1.3368525 1.435 1.435 1.435 1.335 1.335 1.335 1.22 1.22 1.22 1.2199622 1.3631533 1.67 1.67 1.67 1.5522048 1.649941 1.65 1.65 1.65 1.0924405 1.339999 1.34 1.34 1.34 1.3148837 1.315 1.315 0.665 0.665 1.1849978 1.1850001 1.515 1.515 1.245 1.245 1.245 0.915 1.2297184 
-0.074997176 -0.075 -0.075000004 -0.19 -0.19 -0.19 -0.19 0.099999865 -0.36314075 0.34987305 0.35 0.35 0.35 0.35212907 1.435 1.435 1.435 1.435 1.335 1.335 1.335 1.22 1.22 1.22 1.085 1.085 1.51 1.51 1.51 1.5107637 1.65 1.65 1.65 1.65 1.4950851 1.34 1.34 1.34 1.34 1.315 1.315 1.315 1.3109097 1.185 1.185 1.185 1.515 1.515 1.245 1.245 1.245 1.23 1.23 
0.835 0.42569833 0.66 0.6597534 -0.19 0.09832207 0.1 0.1 0.28036742 0.21000001 0.21 0.21 0.21 1.009974 1.01 1.4349997 1.435 1.4323651 1.335 1.335 1.335 0.685 0.685 0.685 1.085 1.085 1.51 1.51 1.51 1.51 1.5350007 1.5350003 1.6471096 1.6498767 1.2854162 1.285 1.285 1.285 1.285 1.315 1.315 1.315 1.1921581 1.185 1.185 1.1849999 1.515 1.515 1.5149903 1.245 1.2449841 0.89 1.23 
1.129944 1.1299999 0.66 0.66 0.66 0.1 0.1 0.1 0.595 0.595 0.21 0.21 0.21 1.01 1.01 1.01 1.01 1.0100377 1.335 1.335 1.335 0.685 0.685 0.685 1.085 1.085 1.51 1.51 1.51 1.5347181 1.535 1.535 1.535 1.535 1.2851234 1.285 1.285 1.285 1.285 1.17 1.17 1.17 1.17 1.1849941 0.42 0.42 0.42 0.83 0.83 0.83 0.89 0.89 0.89 
1.13 1.13 0.66 0.66 0.66 0.10294346 0.1 0.595 0.595 0.595 0.21004739 0.21 0.36933932 1.0099999 1.01 1.01 1.01 0.71 0.71 0.71 0.82 0.8199999 0.68500066 0.685 0.68523385 0.89 0.89 0.89000148 1.5098998 1.3800309 1.3800008 1.3800271 1.5347351 1.5348662 1.329425 1.2849996 1.2817326 0.31 0.31 1.17 1.17 1.17 1.17 0.42 0.42 0.42 0.42 0.83 0.83 0.83 0.89 0.89 0.89 
1.13 1.13 0.66 0.66 0.66 0.66 0.28526404 0.595 0.595 0.595 0.59489505 0.405 0.405 0.405 1.0064346 1.01 0.71199913 0.71 0.71 0.71 0.82 0.82 0.82 0.82 0.89 0.89 0.89 0.89 0.89 1.38 1.38 1.38 1.38 1.3800002 1.48 0.31 0.31 0.31 0.31 0.30999989 0.14 0.14 0.14 0.3010786 0.635 0.635 0.635 0.82999999 0.82999992 0.75 0.75 1.3248942 1.325 
1.13 1.13 0.829637 0.66 0.66 0.66 0.85952975 0.59583513 0.595 0.595 0.40500013 0.405 0.405 0.405 0.405 0.45463527 0.71 0.71 0.71 0.71 0.81999915 0.82 0.82 0.82 0.89 0.89 0.89 0.89 0.89 1.091807 1.38 1.38 1.38 1.48 1.48 1.4790915 0.31 0.31 0.62796986 0.87499995 0.14 0.14 0.14 0.30010978 0.635 0.635 0.635 1.265 0.75641685 0.75 0.75 1.325 1.325 
1.31 1.31 1.31 0.82297287 0.66099603 0.86 0.86 0.86 0.86 1.045 1.045 0.40500005 0.405 0.405 0.405 0.40501935 0.71 0.71 0.71 0.71 0.77199957 0.82 0.82 0.80927013 0.43137386 0.89 0.89 0.89 0.99 0.99 0.99 0.99000164 1.48 1.48 1.48 1.48 0.875 0.875 0.875 0.875 0.525 0.525 0.525 0.93999166 0.94 0.94 0.9399999 1.265 1.265 0.7506275 0.75 1.3250001 1.325 
1.31 1.31 1.31 1.3100019 1.345 1.274473 0.86 0.86 0.86 1.045 1.045 1.045 0.94499998 0.945 0.945 0.94499999 0.71049459 0.71 0.71 0.71 0.71164561 0.41000113 0.41 0.41 0.41 0.40999999 0.030000007 0.03 0.99 0.99 0.99 0.99 1.48 1.48 1.48 1.4800045 0.87500001 0.875 0.875 0.87703988 0.525 0.525 0.525 0.93998076 0.94 0.94 0.94 1.265 1.265 1.265 1.34 1.34 1.095 
1.31 1.31 1.31 1.3449999 1.345 1.345 0.86000018 0.86 0.86 1.045 1.045 1.045 0.945 0.945 0.945 0.94766558 0.98 0.98 0.9799993 0.71152503 0.41 0.41 0.41 0.41 0.41 0.40971403 0.03 0.03 0.030000002 0.99 0.99 0.98983587 1.535 1.535 1.535 1.225 1.225 1.34 1.34 1.34 1.52 0.5253121 0.52500746 1.525 1.525 1.5028292 0.9400021 1.265 1.265 1.34 1.34 1.34 1.095 
1.31 1.31 1.31 1.345 1.345 1.345 1.345 0.86 0.86 1.045 1.045 0.94899856 0.945 0.945 0.945 0.98 0.98 0.98 0.98 0.98 0.41 0.41 0.41 0.41 0.41 0.030001296 0.03 0.03 0.03 0.735 0.735 0.735 1.535 1.535 1.535 1.225 1.225 1.34 1.34 1.52 1.52 1.52 1.525 1.525 1.525 1.525 1.5147316 1.4 1.4 1.4 1.34 1.07 1.07 
1.31 1.31 1.3100487 1.345 1.345 1.345 1.345 1.6163234 1.63 1.6289956 1.045 0.94500084 0.945 0.945 0.94500012 0.98 0.98 0.98 0.98 0.98 0.52032271 0.41 0.41 0.41 0.40997425 0.030014347 0.03 0.03 0.03 0.735 0.735 0.735 0.73511388 1.535 1.225 1.225 1.225 1.225005 1.3400123 1.52 1.52 1.52 1.5249997 1.525 1.525 1.525 1.3999983 1.4 1.4 1.4 1.07 1.07 1.07 
1.41 1.4099998 1.3449839 1.345 1.345 1.345 1.6299394 1.63 1.63 1.63 0.95500002 0.955 0.955 0.955 0.97988461 0.98 0.98 0.98 0.98 0.52500027 0.525 0.525 0.28500002 0.285 0.285 0.285 0.26299022 0.03 0.53997911 0.54 0.54 0.54 0.54 1.56 1.56 1.56 1.56 1.56 1.89 1.89 1.89 1.89 1.89 1.2304447 1.23 1.23 1.23 1.4 1.4 1.4 1.070052 1.07 1.07 
1.41 1.41 1.4087022 1.2550002 1.255 1.2553656 1.63 1.63 1.63 1.63 0.955 0.955 0.955 0.955 0.955 0.98 0.98 0.98 0.52500011 0.525 0.525 0.525 0.285 0.285 0.285 0.285 0.285 0.28494631 0.54019694 0.54 0.54 0.54 0.54007912 1.7754226 1.5602231 1.56 1.56 1.56 1.89 1.89 1.89 1.89 1.89 1.23 1.23 1.23 1.23 1.3094953 1.4 1.4939401 1.495 1.14 1.14 
1.41 1.41 1.2550196 1.255 1.255 1.255 1.3502484 1.63 1.63 1.63 0.955 0.955 0.955 0.955 0.955 0.97997509 0.98 0.5251334 0.525 0.525 0.525 0.525 0.37390956 0.285 0.285 0.285 0.285 0.28554187 1.05 1.05 1.05 1.05 1.05 1.94 1.94 1.94 1.94 1.94 2.4 2.4 2.4 2.4 2.4 1.2319167 1.2300004 1.23 1.2301331 1.2460492 1.495 1.495 1.495 1.140002 1.14 
1.4099995 1.155069 1.255 1.255 1.255 1.255 1.255 1.6298403 1.63 1.63 0.955 0.955 0.955 0.955 0.3438821 0.33 0.33 0.52499498 0.525 0.525 0.525 0.525 0.52499988 0.285 0.285 0.285 0.285 1.2599998 1.2599999 1.2153069 1.05 1.05 1.05 1.94 1.94 1.94 1.94 1.940061 2.4 2.4 2.4 2.4 2.3999897 2.015 2.015 2.015 2.015 2.0149581 1.495 1.495 1.495 1.4950001 1.6227836 
1.15 1.15 1.1101429 1.255 1.255 1.255 1.255 1.255 1.6298367 0.23500002 0.235 0.235 0.23670871 0.3300009 0.33 0.33 0.33 0.33 0.52499496 0.48191955 0.105 0.105 0.105 0.14900031 0.2517849 0.074057226 -0.075115851 1.26 1.26 1.26 1.26 1.26 1.2584949 2.0271941 2.03 2.03 2.03 2.03 2.3746395 2.2650002 2.265 2.265 2.265 1.4200017 2.0149998 2.015 2.015 2.035 1.4950087 1.495 1.495 1.63 1.63 
1.15 1.15 0.75 0.75 0.75 1.2548318 1.255 1.255 0.235 0.235 0.235 0.235 0.235 0.33 0.33 0.33 0.33 0.33 0.105 0.105 0.105 0.105 0.105 -0.12999999 -0.13 -0.13 -0.13 1.26 1.26 1.26 1.26 1.26 1.78 1.78 2.03 2.03 2.03 1.6750605 1.675 2.265 2.265 2.265 2.2649998 1.42 1.42 1.42 2.035 2.035 2.035 1.655 1.655 1.63 1.63 
1.15 1.15 0.75 0.75 0.75 0.75 0.74999522 -0.12 0.23466576 0.235 0.235 0.235 0.235 0.32881496 0.33 0.33 0.33 0.33 0.105 0.105 0.105 0.105 0.105 -0.13 -0.13 -0.13 -0.13 -0.12999432 1.26 1.26 1.26 1.7799727 1.78 1.78 1.78 2.03 1.675 1.675 1.675 1.690524 1.3756261 1.21 1.21 1.42 1.42 1.42 2.035 2.035 2.035 1.655 1.655 1.655 0.84202677 
0.875 0.87500216 0.75 0.75 0.75 0.75 -0.12 -0.12 -0.12 0.235 0.235 0.235 0.235 0.23502953 0.33 0.33 0.33 0.33 0.10500389 0.105 0.105 0.105 -0.088604932 -0.13 -0.13 -0.13 -0.13 0.57999942 0.58 0.58000001 1.2527212 1.78 1.78 1.78 1.7799993 1.04 1.675 1.675 1.675 1.675 1.21 1.21 1.21 1.855 1.855 1.855 1.8200209 2.035 2.035 1.655 1.655 1.655 0.7600017 
0.875 0.875 0.75 0.75 0.75 -0.12 -0.12 -0.12 -0.12 0.19606242 0.235 0.235 0.235 0.23499792 -0.28492922 -0.285 -0.285 -0.285 -0.22545004 -0.095 -0.095 -0.095 -0.095 -0.13 -0.13 -0.13 -0.12995317 0.58 0.58 0.58 0.58 1.77988 1.3637714 1.04 1.04 1.04 1.6727207 1.0650127 1.065 1.065 1.2104347 1.765 1.765 1.855 1.855 1.8549999 1.82 1.82 1.315 1.315 1.315 1.325 1.37 
0.875 0.87499999 -0.555 -0.555 -0.555 -0.12 -0.12 -0.12 -0.12 -0.555 -0.555 -0.555 -0.555 -0.53597247 -0.285 -0.285 -0.285 -0.285 -0.23 -0.095 -0.095 -0.095 -0.095 -0.285 -0.28499994 -0.13000023 0.58 0.58 0.58 0.58 0.78757285 0.99 1.0340507 1.04 1.04 1.04 1.065 1.065 1.065 1.065 1.765 1.765 1.765 2.1148896 2.115 1.821326 1.82 1.82 1.3150013 1.315 1.325 1.325 1.37 
0.875 -0.55499999 -0.555 -0.555 -0.555 -0.555 -0.12236768 -0.425 -0.425 -0.555 -0.555 -0.555 -0.555 -0.55493606 -0.285 -0.285 -0.285 -0.28251493 -0.23 -0.23 -0.095 -0.095 -0.285 -0.285 -0.285 -0.285 0.58 0.58 0.58 0.58 0.99 0.99 0.99 1.0399494 1.04 1.04 1.065 1.065 1.065 1.065 1.765 1.765 1.765 2.115 2.115 2.1149807 1.775 1.775 1.55 1.55 1.325 1.325 1.37 
-0.54157052 -0.555 -0.555 -0.555 -0.555 -0.555 -0.425 -0.425 -0.425 -0.49458143 -0.555 -0.555 -0.555 -0.55500643 -0.285 -0.285 -0.285 -0.23 -0.23 -0.23 -0.095006744 -0.095001161 -0.285 -0.285 -0.285 -0.285 0.57993852 0.58 0.58 0.98990571 0.99 0.99 0.99 0.99 1.0403783 1.385 1.385 1.3794618 1.065 1.065 1.7649994 1.765 2.1048237 2.115 2.115 1.7750001 1.775 1.775 1.55 1.55 1.36 1.36 1.285 
-0.555 -0.555 -0.555 -0.555 -0.555 -0.555 -0.425 -0.425 -0.425 -0.425 -0.95998833 -0.96 -0.96 -0.96 -0.28500136 -0.43884238 -0.525 -0.525 -0.23054383 -0.23 -0.22999997 -0.28499972 -0.285 -0.285 -0.285 -0.285 -0.2843711 0.58 0.58001401 0.99 0.99 0.99 0.99 0.99 1.385 1.385 1.385 1.385 1.385 1.3849997 1.77 1.77 1.7699999 1.395 1.395 1.395 1.24 1.24 1.205 1.205 1.36 1.3599998 1.285 
-0.555 -0.555 -0.555 -0.555 -0.555 -0.555 -0.425 -0.425 -0.425 -0.96 -0.96 -0.96 -0.96 -0.96 -0.84533504 -0.525 -0.525 -0.525 -0.525 -0.525 -0.51091472 -0.285 -0.285 -0.285 -0.285 -0.26207726 0.4438561 0.56161643 0.98797809 0.99 0.99 0.99 0.99 0.99000087 1.385 1.385 1.385 1.385 1.385 1.5641011 1.77 1.77 1.77 1.395 1.395 1.395 1.24 1.24 1.205 1.205 1.28 1.2847242 1.285 
-0.555 -0.555 -0.555 -0.555 -0.555 -0.55499996 -0.42500003 -0.425 -0.44720548 -0.96 -0.96 -0.96 -0.96 -0.96 -0.93913472 -0.525 -0.525 -0.525 -0.525 -0.525 -0.525 0.33034717 0.44499898 0.445 0.445 0.445 0.445 0.445 0.99238912 0.99999988 1 1 1 1.0000003 1.385 1.385 1.385 1.385 1.385 1.77 1.77 1.77 1.77 1.7699998 1.3951764 1.505 1.24 1.446367 1.2052147 1.28 1.28 1.2669044 0.65 
-0.555 -0.555 -0.555 -0.555 -0.555 -0.5549917 -0.42500701 -0.42503237 -0.95999933 -0.96 -0.96 -0.96 -0.96 -0.96 -0.95172287 -0.525 -0.525 -0.525 -0.525 -0.525 -0.525 0.445 0.445 0.445 0.445 0.445 0.445 0.445 0.99984679 1 1 1 1 1 1.10549 1.385 1.385 1.385 1.385 1.77 1.77 1.77 1.77 1.7699321 1.505 1.505 1.5046553 1.45 1.45 1.28 1.28 0.65 0.65 
-0.555 -0.555 -0.555 -0.555 -0.555 -0.55482663 -0.42516937 -0.89962875 -0.96 -0.96 -0.96 -0.96 -0.96 -0.96 -0.95238458 -0.525 -0.525 -0.525 -0.525 -0.525 -0.38688963 0.445 0.445 0.445 0.445 0.445 0.445 0.445 0.99999777 1 1 1 1 1 1 1.1406705 0.76088153 0.55321366 0.521626 1.7298258 1.77 1.77 1.77 1.5050212 1.505 1.5069997 1.8399981 1.45 1.45 1.0650284 1.065 1.065 0.65000018 
-0.555 -0.555 -0.555 -0.555 -0.55499987 -0.55391609 -0.47216532 -0.95985289 -0.96 -0.96 -0.96 -0.96 -0.96 -0.96 -0.94984208 -0.525 -0.525 -0.525 -0.525 -0.52499999 0.44499581 0.445 0.445 0.445 0.445 0.445 0.445 0.445 0.99999985 1 1 1 1 1 0.9999999 0.505 0.505 0.505 0.505 1.145 1.145 1.145 1.145 1.839999 1.84 1.84 1.84 1.8399929 1.195 1.195 1.065 1.065 0.52035179 
-0.555 -0.555 -0.555 -0.55499999 -0.55499637 -0.55171364 -0.92352083 -0.95999301 -0.96 -0.96 -0.96 -0.96 -0.96 -0.96 -0.94523342 -0.52500018 -0.525 -0.525 -0.525 -0.51916199 0.445 0.445 0.445 0.445 0.445 0.445 0.445 0.445 0.99999988 1 1 1 1 1 0.50500045 0.505 0.505 0.505 0.505 1.145 1.145 1.145 1.145 1.3325775 1.84 1.84 1.84 1.1950072 1.195 1.195 0.28 0.28 0.28 
-0.555 -0.555 -0.55499999 -0.55499971 -0.55496573 -0.56686577 -0.95803616 -0.95999825 -0.96 -0.96 -0.96 -0.96 -0.96 -0.95999997 -0.93899045 -0.52501023 -0.525 -0.525 -0.52499889 0.42534626 0.445 0.445 0.445 0.445 0.445 0.445 0.445 0.445 0.99999948 1 1 1 1 0.19475418 0.50499982 0.505 0.505 0.505 0.505 1.145 1.145 1.145 1.145 1.145 1.84 1.84 1.84 1.195 1.195 1.195 0.28 0.28 0.28 
-0.555 -0.55499999 -0.55499988 -0.55499663 -0.55493239 -0.76668413 -0.95965993 -0.95999893 -0.96 -0.96 -0.96 -0.96 -0.96 -0.95999918 -0.93156807 -0.52515887 -0.52500001 -0.52499997 -0.51997784 0.44491752 0.445 0.445 0.445 0.445 0.445 0.445 0.445 0.44500032 0.99999652 1 0.99999922 -0.0032966049 -0.1 -0.1 -0.1 0.505 0.505 0.505 0.505 1.145 1.145 1.145 1.145 1.145 1.8399877 1.84 1.8399997 1.195 1.195 1.1949995 0.28 0.28 0.28 
