interpolatedSpi/06-05|20_1.tif
NCOLS 53
NROWS 52
XLLCORNER -116.03883
YLLCORNER 28.596182
DX 0.49850594
DY 0.49788537
NODATA_VALUE -9999
2.43 2.43 1.433094 1.02 1 1.19 1.61 1.08 0.70611352 0.22 -0.06 -0.09 -0.36992754 0.51 -0.21 -0.21 -0.21 1.1 1.02 1.02 1.02 1.0200081 1.86 -0.22 -0.22 -0.22 0.23000148 0.23 0.23 -1.09 -1.09 -1.09 -1.09 1.1699995 1.17 1.17 1.17 1.17 1.17 1.17 0.77426166 0.76960304 -0.79 -0.79 -0.79 -0.79 -0.790245 -0.94 -0.94 -0.94 -0.74000042 -0.74 -0.74 
2.4299436 1.16 1.8900007 1.8450927 1.7499835 1.99 1.62 1.1810717 0.46 0.53 -0.02 -0.37 -0.37 0.52993331 0.50999388 -0.21 1.1 1.1 1.0201043 1.02 1.02 1.02 -0.22473734 -0.22 -0.22 -0.22 -0.85999996 -0.86 -1.09 -1.09 -1.09 -1.09 -1.09 1.1699997 1.17 1.17 1.17 1.17 1.1699999 0.95528036 -0.089955236 -0.7050605 -0.79 -0.79 -0.79 -0.79 -0.79 -0.94 -0.94 -0.94 -0.92341581 -0.74 -0.74 
2.1299906 2.13 2.46 2.41 2.01 1.96 1.54 0.86 0.29 0.65 0.37 -1.24 -0.31 -0.39 0.53 1.13 1.1 1.1 1.1 1.2099448 1.21 1.21 -0.31 -0.22 -0.22 -0.22 -0.86 -0.86 -0.86 -1.09 -1.09 -1.09 -0.95520798 1.1655088 1.156969 -0.21717114 -0.23 -0.23 -0.21239169 -0.090000001 -0.09 -0.090895124 -0.79 -0.79 -0.79 -0.79 -0.79 -0.94 -0.94 -0.94 -0.94 -0.74 -0.74 
1.74 2.1299998 1.3800858 1.87 1.18 1.53 2.59 1.02 1.24 0.23222978 -0.4 -0.57 -0.42 -0.39 0.82 1.13 -0.16997725 -0.17910316 0.27 1.21 1.21 -0.63 -0.31 -0.31 -0.22 -0.2200032 -0.86 -0.86 -0.86 -1.58 -1.1575181 -0.81 -0.81 -0.80999954 -0.23 -0.23 -0.23 -0.23 -0.09 -0.09 -0.09 -0.090000026 -0.79 -0.79 -0.79 -0.79 -0.79 -0.93999811 -0.94 -0.94 -0.94 -0.74000653 -0.74 
1.74 1.36 1.38 2.0088012 1.18 1.84 1.1899744 1.45 1.11 0.38000027 0.074234471 -0.070034377 -0.31 0.82 0.82 1.0068386 -0.18 -0.18 0.27 0.27 1.2099962 -0.63 -0.73 -0.45 -0.5 -0.50010533 -0.86 -0.86 -1.58 -1.58 -0.81 -0.81 -0.81 -0.75908523 -0.23 -0.23 -0.23 -0.09 -0.09 -0.09 -0.09 -0.090111009 -0.79000001 -0.79 -0.79 -0.79 -0.79 -0.79133519 -0.94 -0.94 -0.94 -0.94 -0.94 
0.03 1.78 1.46 1.4 1.01 1.3 1.57 1.5546366 1.52 0.76 0.89 0.2 0.19999966 -0.57 -0.57 0.10989377 0.11 -0.1 -0.099999999 0.26999913 -1.96 -1.96 -0.45 -0.5 -0.5 -0.95 -0.99 -0.99 -0.73007761 -1.58 -0.81 -0.81 -0.54 -0.53999896 -0.53000085 -0.92 -0.92 -0.34677945 -0.09 -0.09 -1.2385657 -1.24 -1.2399997 -0.69176527 -0.69001105 -0.69000003 -0.69 -0.69000005 -1.8517303 -0.94 -0.94 -0.94 -0.94 
0.97000143 1.22 0.94858225 1.36 1.77 1.51 1.11 1.58 1.15 1.15 0.89 1.15 -0.71999979 -0.57 -0.33000072 -0.33 0.11 -0.63 -0.72 -0.72 -1.5641375 -1.12 -1.12 -0.82 -0.95 -0.95 -0.99 -0.99 -0.73001865 -0.73034333 -0.23252986 -0.54 -0.54 -0.53 -0.53 -1.2849088 -0.92 -0.92 -1.3099865 -1.2400001 -1.24 -1.24 -1.2399984 -0.69000323 -0.69 -0.69 -0.69 -0.69000081 -2.04 -0.94021799 -0.94 -0.94 -0.94 
0.97 0.72 1.03 0.15 -0.019990254 0.62 0.42 0.55 0.95 1.43 1.43 1.0640058e-19 -0.72 -0.72 -0.33267576 -0.18427888 -0.17 -0.35 -1.1199996 -0.72 -1.3694362 -1.4 -1.38 -1.19 -1.1899917 -0.55 -1.16 -1.1599999 -1.0488787 -1.05 -0.23 0.3105662 0.42 -0.53 -0.53912679 -1.59 -1.59 -1.31 -1.31 -1.24 -1.24 -1.24 -1.2661243 -1.27 -0.69 -0.69 -0.69 -2.0399486 -2.04 -2.04 -0.94 -0.94 -0.94 
0.73820586 0.72 0.42 0.27 0.2 0.62 1.15 1.85 1.52 1.4083587 0.06 0.58 0.58 -0.09 -0.089992948 -0.080250838 -0.08 -0.08 -0.46754168 -1.26 -1.04 -1.04 -1.93 -1.596746 -0.6144951 -0.55 -0.92 -1.16 -1.0009298 -1 0.28 -0.92 -1.2876608 -2.05 -0.85 -1.15 -0.96 -1.03 -1.3098707 -1.239509 -1.13 -0.65 -1.2698698 -1.27 -1.2667354 -0.69 -1.62 -2.04 -2.04 -2.04 -2.04 -1.0333806 -1.4 
0.84 0.84 0.59 -0.04 0.37 0.76 0.72 1.87 1.66 1.3800346 0.95 0.35 -0.09 -0.09 0.66 0.64985057 -0.08 -0.080022544 -0.23 -1.26 -1.26 -1.2316566 -1.93 -0.66002405 -0.66 -0.66 -0.92 -0.42 -0.42 -1 -1 -0.92138453 -1.65 -2.05 -0.97 -1.15 -0.96 -1.05 -1.31 -1.2706483 -0.65000002 -0.58387891 -0.47 -1.27 -1.27 -1.62 -1.62 -1.62 -2.04 -2.04 -1.69 -1.69 -1.6899999 
0.84 0.84 0.19 -0.1 -0.69 0.16 0.36 1.2898442 1.57 1.4 1.01 0.09 0.34965321 0.66 0.66 0.65995616 0.28 0.25323281 -0.23 -0.51 -0.51 -0.42 -0.42 -0.66 -0.66 -0.66 -0.42 -0.42 -0.42 -1.03 -1.03 -1.030001 -0.36 -0.36 -0.39 -1.1 -0.83 -1.6100015 -2.07 -1.27 -1.27 -0.71999918 -0.47 -1.27 -0.98000026 -1.26 -0.90310087 -0.9 -1.32 -1.32 -1.69 -1.69 -1.69 
0.84 0.55920604 0.066246656 -1.069977 -0.38 -0.47 0.36 1.29 1.5699977 1.4018834 0.090001705 0.09 0.05 0.66 0.66 0.28000001 0.28 0.27997097 -0.23 -0.51 -0.49232583 -0.42 -0.42 -0.65998992 -0.66 -0.70930793 -0.81 -0.81 -0.80999995 -1.03 -1.03 -0.55 -0.55 -0.36000008 -0.39 -0.67999993 -0.98393959 -1.61 -1.61 -1.27 -0.72 -0.72 -0.72000184 -0.98 -0.98 -1.26 -0.9 -0.9 -1.32 -1.32 -1.69 -1.69 -1.69 
1.48 1.163371 1.2499497 1.2331976 -0.38000058 -0.46999787 0.35999998 1.2785522 1.5507051 1.5655608 0.05 0.05 0.05 0.05 0.65991359 0.28 0.28 0.27341509 -0.23 -0.5098449 0.02 0.02 0.02 0.02 -0.64862608 -0.81 -0.81 -0.81 -0.81 -0.81018918 -0.55 -0.55 -0.55 -0.55 -0.68 -0.68 -0.68 -1.5653684 -1.6072962 -1.25 -1.25 -0.72002851 -1.4399843 -0.98004431 -0.98 -1.26 -0.9 -0.9 -1.32 -1.32 -1.6886577 -1.69 -0.55407595 
1.48 1.25 1.25 1.25 1.25 1.2499993 0.35787539 0.80007771 1.4992282 0.051632723 0.05 0.05 0.05 0.05 0.050000111 0.28000001 0.27999992 0.24501748 -0.22999209 0.02 0.02 0.02 0.02 0.02 0.0046487792 -0.92770507 -1.03 -1.03 -1.03 -1.03 -0.55000001 -0.55 -0.55000002 -0.57 -0.57 -0.68 -0.52444932 -0.52 -1.2499996 -1.25 -1.25 -1.25 -1.44 -1.44 -1.44 -1.4387474 -1.6153902 -1.62 -1.62 -1.62 -1.62 -1.76 -1.76 
1.19 1.25 1.25 1.25 1.25 1.25 1.2499999 0.16523929 0.196368 0.19 0.19 0.19 0.19 0.19 0.19 -0.4762118 0.26773512 0.2101638 0.019968737 0.02 0.02 0.02 0.02 0.019999919 -0.69 -0.69 -0.69000048 -1.03 -1.03 -1.0304005 -1.23 -1.23 -0.57 -0.57 -0.57 -0.52800956 -0.52 -0.52 -0.52 -1.25 -1.25 -1.25 -1.44 -1.44 -1.44 -1.44 -1.62 -1.62 -1.62 -1.62 -1.62 -1.76 -1.76 
1.19 1.2123373 1.25 1.25 1.25 1.25 -0.86958392 -0.87 -0.86999997 0.19 0.19 0.19 0.19 0.19 0.039987242 -0.49 -0.49 -0.49 -0.049787556 -0.049999929 -0.05 -0.05 -0.05 -0.05 -0.69 -0.69 -0.69 -0.69 -1.03 -1.23 -1.23 -1.23 -0.57000006 -0.57 -0.57 -0.75 -0.52030453 -0.52 -0.52 -1.2500117 -1.2739337 -1.3297609 -1.44 -1.44 -1.0611727 -1.06 -1.06 -1.6178469 -0.31457786 -0.31000011 -0.31000025 -0.68016338 -1.7599978 
1.19 0.59638298 0.91094916 1.25 1.25 -0.8687474 -0.87 -0.87 -0.87 -0.86236134 0.19 0.19 0.19 0.18999992 -0.49 -0.49 -0.49 -0.49 -0.050393043 -0.05 -0.05 -0.05 -0.05 -0.05 -0.68999999 -0.69 -0.69 -0.69 -0.69196416 -1.23 -1.23 -1.23 -0.11000003 -0.5700072 -0.75 -0.75 -0.75 -0.74316748 -1.2786842 -1.33 -1.33 -1.33 -1.18 -1.18 -1.06 -1.06 -1.06 -0.31000001 -0.31 -0.31 -0.31 -0.68 -0.68 
0.58042569 0.58 0.58 0.57999999 -0.46 -0.86998942 -0.87 -0.87 -0.87 -0.87 0.18999959 0.19 0.19 -0.49 -0.49 -0.49 -0.49 -0.49 -0.49148957 -0.05 -0.05 -0.05 -0.05 -0.05 -0.2599162 -0.11000314 -0.11 -0.11 -0.11 -1.2299999 -0.11000002 -0.11 -0.11 -0.11 -0.75 -0.74998367 -0.13 -0.13 -1.3150162 -1.33 -1.33 -1.33 -1.18 -1.18 -1.0785801 -1.06 -1.06 -0.31 -0.31 -0.31 -0.31396736 -0.68 -0.68 
0.58 0.58 0.58 0.090248486 -0.46 -0.46 -0.87 -0.87 -0.87 -0.87 0.19 0.19 0.19 -0.49 -0.49 -0.49 -0.49 -0.49008924 -1.06 -1.06 -0.05000041 -0.05 -0.061929437 -0.54 -0.5361289 -0.11 -0.11 -0.11 -0.11 -0.11 -0.11 -0.11 -0.11 -0.11 -0.13000218 -0.13 -0.13 -0.13 -0.1342211 -1.33 -1.33 -1.33 -1.18 -1.18 -1.18 -1.06 -1.06 -0.30999999 -0.31 -0.31 -0.68 -0.68 -0.68 
0.58 0.58 0.58 -0.46 -0.46 -0.46 -0.46000063 -0.87 -0.87 0.18890578 0.19 0.19 0.19 0.18957632 -0.9270881 -1.03 -1.03 -1.03 -1.06 -1.06 -1.06 -0.54 -0.54 -0.54 -0.5399916 -0.31980972 -0.11 -0.11 -0.11 0.39415864 0.50993902 0.51 0.51 0.51 -0.13330936 -0.13999998 -0.14 -0.14 -0.14 0.10980297 0.11 0.11 -1.18 -1.18 0.47999307 0.48000017 0.95 0.95 0.57 0.57 0.57 -0.68 0.53890917 
0.58000062 0.58 0.57999996 -0.46 -0.46 -0.46 -0.46 -0.30000017 -0.86772092 0.18939246 0.19 0.19 0.19 0.18760602 -1.03 -1.03 -1.03 -1.03 -1.06 -1.06 -1.06 -0.54 -0.54 -0.54 -0.51 -0.51 -0.19 -0.19 -0.19 -0.18618128 0.51 0.51 0.51 0.51 0.18517846 -0.14 -0.14 -0.14 -0.14 0.11 0.11 0.11 0.12164162 0.48 0.48 0.48 0.95 0.95 0.57 0.57 0.57 0.54 0.54 
0.78 0.66279645 -0.23 -0.23006673 -0.46 -0.30092575 -0.3 -0.3 -0.28542485 -0.47999999 -0.48 -0.48 -0.48 -1.4499684 -1.45 -1.0300003 -1.03 -1.0307905 -1.06 -1.06 -1.06 -0.98 -0.98 -0.98 -0.51 -0.51 -0.19 -0.19 -0.19 -0.18999976 0.14000235 0.14000104 0.50070061 0.50960333 -0.15923715 -0.16 -0.16 -0.16 -0.16 0.11 0.11 0.11 0.45962676 0.48 0.48 0.48000002 0.95 0.95 0.94998632 0.57 0.56998748 0.29 0.54 
0.34008356 0.3399999 -0.23 -0.23 -0.23 -0.3 -0.3 -0.3 -0.26 -0.26 -0.48 -0.48 -0.48 -1.45 -1.45 -1.45 -1.45 -1.4499551 -1.06 -1.06 -1.06 -0.98 -0.98 -0.98 -0.51 -0.51 -0.19 -0.19 -0.19 0.13627923 0.14 0.14 0.14 0.14 -0.15985197 -0.16 -0.16 -0.16 -0.16 0.28999995 0.29 0.29 0.29 0.48000069 0.57 0.57 0.57 0.5 0.5 0.5 0.29 0.29 0.29 
0.34 0.34 -0.23 -0.23 -0.23 -0.29963207 -0.3 -0.26 -0.26 -0.26 -0.47997292 -0.48 -1.1173573 -1.45 -1.45 -1.45 -1.45 -0.96 -0.96 -0.96 -0.76000001 -0.76000016 -0.97999893 -0.98 -0.97930482 -0.03 -0.03 -0.030000381 -0.18997414 0.45993623 0.4599983 0.45994413 0.14054691 0.14027616 -0.10635943 -0.15999991 -0.15922922 0.07 0.07 0.29 0.29 0.29 0.29 0.57 0.57 0.57 0.57 0.5 0.5 0.5 0.29 0.29 0.29 
0.34 0.34 -0.23 -0.23 -0.23 -0.23 -0.28502917 -0.26 -0.26 -0.26 -0.26055238 -1.26 -1.26 -1.26 -1.4488803 -1.45 -0.96326524 -0.96 -0.96 -0.96 -0.76 -0.76 -0.76 -0.76 -0.03 -0.03 -0.03 -0.03 -0.03 0.46 0.46 0.46 0.46 0.46000097 0.92 0.07 0.07 0.07 0.07 0.069998751 -0.36 -0.36 -0.36 -0.15824131 0.26 0.26 0.26 0.49999999 0.4999998 0.29 0.29 0.91984674 0.92 
0.34 0.34 -0.024270025 -0.23 -0.23 -0.23000002 -1.2582255 -0.26315145 -0.26 -0.26 -1.26 -1.26 -1.26 -1.26 -1.26 -1.2755291 -0.96 -0.96 -0.96 -0.96 -0.76000155 -0.76 -0.76 -0.76 -0.03 -0.03 -0.03 -0.03 -0.03 0.18658613 0.46 0.46 0.46 0.92 0.92 0.91933995 0.07 0.07 0.1825557 0.26999998 -0.36 -0.36 -0.36 -0.16034956 0.26 0.26 0.26 0.47 0.29224278 0.29 0.29 0.92 0.92 
-0.18 -0.18 -0.18 -0.21746363 -0.231268 -1.26 -1.26 -1.26 -1.26 -1.46 -1.46 -1.26 -1.26 -1.26 -1.26 -1.259981 -0.96 -0.96 -0.96 -0.96 -0.84727351 -0.76 -0.76 -0.76 -0.72749393 -0.03 -0.03 -0.03 0.09 0.09 0.09 0.090001553 0.92 0.92 0.92 0.92 0.27 0.27 0.27 0.27 0.16 0.16 0.16 0.38999538 0.39 0.39 0.38999996 0.47 0.47 0.29021932 0.29 0.91999713 0.92 
-0.18 -0.18 -0.18 -0.180049 -1.09 -1.1147208 -1.26 -1.26 -1.26 -1.46 -1.46 -1.46 -0.80000002 -0.8 -0.8 -0.80000002 -0.96038468 -0.96 -0.96 -0.96 -0.95696729 -0.76 -0.76 -0.76 -0.76 -0.75999999 -0.71999999 -0.72 0.09 0.09 0.09 0.09 0.91999981 0.92 0.92 0.91997801 0.26999999 0.27 0.27 0.26872782 0.16 0.16 0.16 0.38998933 0.39 0.39 0.39 0.47 0.47 0.46999998 0.35 0.35 0.6 
-0.18 -0.18 -0.18 -1.0899979 -1.09 -1.09 -1.2599999 -1.26 -1.26 -1.46 -1.46 -1.46 -0.8 -0.8 -0.8 -0.82817903 -1.17 -1.17 -1.1699995 -0.96118613 -0.76 -0.76 -0.76 -0.76 -0.76 -0.7599699 -0.72 -0.72 -0.72 0.09 0.09 0.089845522 0.65 0.65 0.65 -0.22 -0.22 -0.02 -0.02 -0.02 0.15 0.15999686 0.16000269 0.52 0.52 0.51507315 0.39000048 0.47 0.47 0.35 0.35 0.35 0.6 
-0.18 -0.18 -0.18 -1.09 -1.09 -1.09 -1.09 -1.26 -1.26 -1.46 -1.46 -0.82639048 -0.8 -0.8 -0.8 -1.17 -1.17 -1.17 -1.17 -1.17 -0.76 -0.76 -0.76 -0.76 -0.76 -0.72000014 -0.72 -0.72 -0.72 -0.15 -0.15 -0.15 0.65 0.65 0.65 -0.22 -0.22 -0.02 -0.02 0.15 0.15 0.15 0.52 0.52 0.52 0.52 0.49371285 0.2 0.2 0.2 0.35 0.5 0.5 
-0.18 -0.18 -0.18126722 -1.09 -1.09 -1.09 -1.09 -1.89921 -1.94 -1.9391759 -1.46 -0.80005528 -0.8 -0.8 -0.80000128 -1.17 -1.17 -1.17 -1.17 -1.17 -1.0669036 -0.76 -0.76 -0.76 -0.76004531 -0.72001463 -0.72 -0.72 -0.72 -0.15 -0.15 -0.15 -0.14989042 0.65 -0.22 -0.22 -0.22 -0.21999146 -0.019988406 0.15 0.15 0.15 0.51997754 0.52 0.52 0.52 0.19999993 0.2 0.2 0.2 0.5 0.5 0.5 
-0.6 -0.59999927 -1.0895041 -1.09 -1.09 -1.09 -1.9398191 -1.94 -1.94 -1.94 -1.46 -1.46 -1.46 -1.46 -1.1713384 -1.17 -1.17 -1.17 -1.17 -1.0800001 -1.08 -1.08 -0.97999996 -0.98 -0.98 -0.98 -0.95755866 -0.72 -0.86999386 -0.87 -0.87 -0.87 -0.87 0.21 0.21 0.21 0.21 0.21 0.59 0.59 0.59 0.59 0.59 0.19049745 0.19 0.19 0.19 0.2 0.2 0.2 0.49995274 0.5 0.5 
-0.6 -0.6 -0.60535853 -1.2399997 -1.24 -1.2406823 -1.94 -1.94 -1.94 -1.94 -1.46 -1.46 -1.46 -1.46 -1.46 -1.17 -1.17 -1.17 -1.08 -1.08 -1.08 -1.08 -0.98 -0.98 -0.98 -0.98 -0.98 -0.97994487 -0.86992277 -0.87 -0.87 -0.87 -0.86996897 0.14197181 0.20992956 0.21 0.21 0.21 0.59 0.59 0.59 0.59 0.59 0.19 0.19 0.19 0.19 0.1946762 0.2 1.0405166 1.05 0.39 0.39 
-0.6 -0.6 -1.2399189 -1.24 -1.24 -1.24 -1.417797 -1.94 -1.94 -1.94 -1.46 -1.46 -1.46 -1.46 -1.46 -1.1702191 -1.17 -1.0800264 -1.08 -1.08 -1.08 -1.08 -1.0170456 -0.98 -0.98 -0.98 -0.98 -0.97978061 -0.67 -0.67 -0.67 -0.67 -0.67 0.09 0.09 0.09 0.09 0.09 1.07 1.07 1.07 1.07 1.07 0.19280792 0.19000059 0.19 0.19019493 0.21357957 1.05 1.05 1.05 0.3900037 0.39 
-0.60000068 -0.96278649 -1.24 -1.24 -1.24 -1.24 -1.24 -1.9397019 -1.94 -1.94 -1.46 -1.46 -1.46 -1.46 -1.0199951 -1.01 -1.01 -1.0799982 -1.08 -1.08 -1.08 -1.08 -1.08 -0.98 -0.98 -0.98 -0.98 -1.0899996 -1.0899998 -1.0006138 -0.67 -0.67 -0.67 0.089999996 0.09 0.09 0.09 0.089586857 1.07 1.07 1.07 1.07 1.0699671 1.34 1.34 1.34 1.34 1.3399766 1.05 1.05 1.05 1.0499997 0.60675997 
-0.97 -0.97 -0.95767212 -1.24 -1.24 -1.24 -1.24 -1.24 -1.939698 -0.47000002 -0.47 -0.47 -0.47234947 -1.0100006 -1.01 -1.01 -1.01 -1.01 -1.0800016 -1.0933344 -1.21 -1.21 -1.21 -1.1526955 -1.0024102 -1.1223228 -1.2234084 -1.09 -1.09 -1.09 -1.09 -1.09 -1.0680911 -0.51988772 -0.52 -0.52 -0.52 -0.52 0.98922249 0.64000077 0.64 0.64 0.64 1.0400009 1.3399999 1.34 1.34 1.28 1.0500037 1.05 1.05 0.61 0.61 
-0.97 -0.97 -0.55 -0.55 -0.55 -1.2397702 -1.24 -1.24 -0.47 -0.47 -0.47 -0.47 -0.47 -1.01 -1.01 -1.01 -1.01 -1.01 -1.21 -1.21 -1.21 -1.21 -1.21 -1.26 -1.26 -1.26 -1.26 -1.09 -1.09 -1.09 -1.09 -1.09 -0.51 -0.51 -0.52 -0.52 -0.52 -0.1800579 -0.18 0.64 0.64 0.64 0.64000006 1.04 1.04 1.04 1.28 1.28 1.28 0.43 0.43 0.61 0.61 
-0.97 -0.97 -0.55 -0.55 -0.55 -0.55 -0.5500006 -0.66 -0.47017889 -0.47 -0.47 -0.47 -0.47 -1.003264 -1.01 -1.01 -1.01 -1.01 -1.21 -1.21 -1.21 -1.21 -1.21 -1.26 -1.26 -1.26 -1.26 -1.2599993 -1.09 -1.09 -1.09 -0.51003041 -0.51 -0.51 -0.51 -0.52 -0.18 -0.18 -0.18 -0.15842426 0.96034322 1.02 1.02 1.04 1.04 1.04 1.28 1.28 1.28 0.43 0.43 0.43 -0.060230101 
-1.04 -1.0399995 -0.55 -0.55 -0.55 -0.55 -0.66 -0.66 -0.66 -0.47 -0.47 -0.47 -0.47 -0.47016787 -1.01 -1.01 -1.01 -1.01 -1.2099965 -1.21 -1.21 -1.21 -1.2511942 -1.26 -1.26 -1.26 -1.26 -1.3399999 -1.34 -1.34 -1.0926615 -0.51 -0.51 -0.51 -0.5099994 0.11999999 -0.18 -0.18 -0.18 -0.17999999 1.02 1.02 1.02 1.17 1.17 1.17 0.8200448 1.28 1.28 0.43 0.43 0.43 -0.13000156 
-1.04 -1.04 -0.55 -0.55 -0.55 -0.66 -0.66 -0.66 -0.66 -0.49082208 -0.47 -0.47 -0.47 -0.47000209 -0.87001611 -0.87 -0.87 -0.87 -1.0783636 -1.32 -1.32 -1.32 -1.32 -1.26 -1.26 -1.26 -1.2600053 -1.34 -1.34 -1.34 -1.34 -0.50994655 -0.15564322 0.12 0.12 0.12 -0.17768453 0.43998709 0.44 0.44 1.0200705 1.11 1.11 1.17 1.17 1.1699985 0.82 0.82 -0.15 -0.15 -0.15 -0.84 -0.69 
-1.04 -1.04 -0.23 -0.23 -0.23 -0.66 -0.66 -0.66 -0.66 -0.3 -0.3 -0.3 -0.3 -0.34016923 -0.87 -0.87 -0.87 -0.87 -1.07 -1.32 -1.32 -1.32 -1.32 -1.64 -1.6399998 -1.2600006 -1.34 -1.34 -1.34 -1.34 -0.77803448 -0.23 0.0783548 0.12 0.12 0.12 0.44 0.44 0.44 0.44 1.11 1.11 1.11 1.2099685 1.21 0.82175302 0.82 0.82 -0.15000168 -0.15 -0.84 -0.84 -0.69 
-1.04 -0.23 -0.23 -0.23 -0.23 -0.23 -0.65736062 -0.32 -0.32 -0.3 -0.3 -0.3 -0.3 -0.30013499 -0.87 -0.87 -0.87 -0.87903663 -1.07 -1.07 -1.32 -1.32 -1.64 -1.64 -1.64 -1.64 -1.34 -1.34 -1.34 -1.34 -0.23 -0.23 -0.23 0.11964583 0.12 0.12 0.44 0.44 0.44 0.44 1.11 1.11 1.11 1.21 1.21 1.2099558 0.43 0.43 -0.6 -0.6 -0.84 -0.84 -0.69 
-0.23760691 -0.23 -0.23 -0.23 -0.23 -0.23 -0.32 -0.32 -0.32 -0.30929516 -0.3 -0.3 -0.3 -0.30000324 -0.87 -0.87 -0.87 -1.07 -1.07 -1.07 -1.3199875 -1.320002 -1.64 -1.64 -1.64 -1.64 -1.3400213 -1.34 -1.34 -0.23025527 -0.23 -0.23 -0.23 -0.23 0.11985125 0.6 0.6 0.59723092 0.44 0.44 1.1099994 1.11 1.2070925 1.21 1.21 0.43000028 0.43 0.43 -0.6 -0.6 -0.99 -0.99 -0.65 
-0.23 -0.23 -0.23 -0.23 -0.23 -0.23 -0.32 -0.32 -0.32 -0.32 -0.32999914 -0.33 -0.33 -0.33 -0.86999948 -0.8764101 -0.88 -0.88 -1.0696497 -1.07 -1.07 -1.6399995 -1.64 -1.64 -1.64 -1.64 -1.6397819 -1.34 -1.3399621 -0.23 -0.23 -0.23 -0.23 -0.23 0.6 0.6 0.6 0.6 0.6 0.59999859 0.24 0.24 0.24000011 0.55 0.55 0.55 0.19 0.19 -0.4 -0.4 -0.99 -0.98999926 -0.65 
-0.23 -0.23 -0.23 -0.23 -0.23 -0.23 -0.32 -0.32 -0.32 -0.33 -0.33 -0.33 -0.33 -0.33 -0.47497868 -0.88 -0.88 -0.88 -0.88 -0.88 -0.88907187 -1.64 -1.64 -1.64 -1.64 -1.6020048 -0.43189606 -1.2160887 -0.23547394 -0.23 -0.23 -0.23 -0.23 -0.22999818 0.6 0.6 0.6 0.6 0.6 0.43252884 0.24 0.24 0.24 0.55 0.55 0.55 0.19 0.19 -0.4 -0.4 -0.040000007 -0.61634997 -0.65 
-0.23 -0.23 -0.23 -0.23 -0.23 -0.23000003 -0.31999998 -0.32 -0.32041506 -0.33 -0.33 -0.33 -0.33 -0.33 -0.35638139 -0.88 -0.88 -0.88 -0.88 -0.88 -0.88 -0.61640385 -0.4300017 -0.43 -0.43 -0.43 -0.43 -0.43 0.37813386 0.38999266 0.38999999 0.39 0.39 0.39000015 0.6 0.6 0.6 0.6 0.6 0.24000004 0.24 0.24 0.24 0.24000014 0.54959919 0.3 0.19000001 0.229308 -0.39944799 -0.04 -0.04 -0.036674137 0.12 
-0.23 -0.23 -0.23 -0.23 -0.23 -0.23000575 -0.31999515 -0.32000061 -0.32999999 -0.33 -0.33 -0.33 -0.33 -0.33 -0.34046533 -0.88 -0.88 -0.88 -0.88 -0.88 -0.88 -0.43 -0.43 -0.43 -0.43 -0.43 -0.43 -0.43 0.38977364 0.39 0.39 0.39 0.39 0.39 0.44753998 0.6 0.6 0.6 0.6 0.24 0.24 0.24 0.24 0.24001537 0.3 0.3 0.29956127 0.23 0.23 -0.04 -0.04 0.12 0.12 
-0.23 -0.23 -0.23 -0.23 -0.23 -0.23012003 -0.31989345 -0.32887157 -0.33 -0.33 -0.33 -0.33 -0.33 -0.33 -0.33962869 -0.88 -0.88 -0.88 -0.88 -0.88 -0.81592818 -0.43 -0.43 -0.43 -0.43 -0.43 -0.43 -0.43 0.38999671 0.39 0.39 0.39 0.39 0.39 0.39 0.68328488 0.81276766 0.88356352 0.89432736 0.25799803 0.24000001 0.24 0.24 0.29999521 0.3 0.30035815 0.35999938 0.23 0.23 0.4500458 0.45 0.45 0.12000014 
-0.23 -0.23 -0.23 -0.23 -0.23000009 -0.23075057 -0.32023403 -0.32999725 -0.33 -0.33 -0.33 -0.33 -0.33 -0.33 -0.34284335 -0.88 -0.88 -0.88 -0.88 -0.88 -0.43000194 -0.43 -0.43 -0.43 -0.43 -0.43 -0.43 -0.43 0.38999978 0.39 0.39 0.39 0.39 0.39 0.3900001 0.9 0.9 0.9 0.9 0.52 0.52 0.52 0.52 0.35999983 0.36 0.36 0.36 0.36000323 0.66 0.66 0.45 0.45 0.5081505 
-0.23 -0.23 -0.23 -0.23000001 -0.23000251 -0.23244791 -0.32915899 -0.32999987 -0.33 -0.33 -0.33 -0.33 -0.33 -0.33 -0.34867039 -0.87999977 -0.88 -0.88 -0.88 -0.87729165 -0.43 -0.43 -0.43 -0.43 -0.43 -0.43 -0.43 -0.43 0.38999982 0.39 0.39 0.39 0.39 0.39 0.89999953 0.9 0.9 0.9 0.9 0.52 0.52 0.52 0.52 0.47681669 0.36 0.36 0.36 0.65999664 0.66 0.66 0.54 0.54 0.54 
-0.23 -0.23 -0.23 -0.2300002 -0.23002466 -0.23962284 -0.32994442 -0.32999997 -0.33 -0.33 -0.33 -0.33 -0.33 -0.33000004 -0.3565638 -0.87998707 -0.88 -0.88 -0.87999948 -0.43911771 -0.43 -0.43 -0.43 -0.43 -0.43 -0.43 -0.43 -0.43 0.38999923 0.39 0.39 0.39 0.39 0.68281684 0.89999997 0.9 0.9 0.9 0.9 0.52 0.52 0.52 0.52 0.52 0.36 0.36 0.36 0.66 0.66 0.66 0.54 0.54 0.54 
-0.23 -0.23000001 -0.23000009 -0.23000241 -0.2301504 -0.28773846 -0.32998803 -0.32999998 -0.33 -0.33 -0.33 -0.33 -0.33 -0.33000103 -0.36594842 -0.87979913 -0.87999999 -0.87999998 -0.87767013 -0.43003826 -0.43 -0.43 -0.43 -0.43 -0.43 -0.43 -0.43 -0.42999952 0.38999486 0.39 0.39000028 0.75483513 0.79 0.79 0.79 0.9 0.9 0.9 0.9 0.52 0.52 0.52 0.52 0.52 0.36000284 0.36 0.36000015 0.65999998 0.66 0.65999993 0.54 0.54 0.54 
