interpolatedSpi/06-09|22_2.tif
NCOLS 53
NROWS 52
XLLCORNER -116.03883
YLLCORNER 28.596182
DX 0.49850594
DY 0.49788537
NODATA_VALUE -9999
[rows 0 to 38 of 52, columns 0 to 52 of 53]
-0.5175 -0.5175 -1.0185449 -1.1975 -0.915 -0.5375 -0.7325 -0.89 -1.0655115 -0.405 -0.9075 -0.1375 -0.37749506 -0.3175 -0.24 -0.24 -0.24 0.455 0.405 0.405 0.405 0.40500012 0.4175 0.19 0.19 0.19 -0.41999854 -0.42 -0.42 -0.5975 -0.5975 -0.5975 -0.5975 -0.5875 -0.5875 -0.5875 -0.5875 -0.5875 -0.5875 -0.58749997 0.39195055 0.40238659 -0.0425 -0.0425 -0.0425 -0.0425 -0.042312166 0.0725 0.0725 0.0725 -0.25749931 -0.2575 -0.2575
-0.51751988 -0.965 -0.85749973 -0.7468356 -0.41272591 -0.7875 -1.02 -0.35061242 -0.3 -0.6 -0.3175 -0.3775 -0.3775 0.18332443 -0.31749325 -0.24 0.455 0.455 0.40506519 0.405 0.405 0.405 0.16605012 0.19 0.19 0.19 -0.73749994 -0.7375 -0.5975 -0.5975 -0.5975 -0.5975 -0.5975 -0.5875 -0.5875 -0.5875 -0.5875 -0.5875 -0.58749994 -0.41592567 0.45493958 0.017867452 -0.0425 -0.0425 -0.0425 -0.0425 -0.0425 0.0725 0.0725 0.0725 0.045136084 -0.2575 -0.2575
-0.40997547 -0.41 -0.6275 -0.3775 -0.38 -0.5825 -0.5275 -0.1925 -0.915 -0.11 -0.485 -0.325 -0.7175 0.3475 0.185 0.18 0.455 0.455 0.455 0.21005669 0.21 0.21 -0.265 0.19 0.19 0.19 -0.7375 -0.7375 -0.7375 -0.5975 -0.5975 -0.59750001 -0.65165751 -0.5860378 -0.5802166 0.18782958 0.195 0.195 0.22770115 0.455 0.455 0.45436382 -0.0425 -0.0425 -0.0425 -0.0425 -0.0425 0.0725 0.0725 0.0725 0.072499999 -0.2575 -0.2575
-0.4475 -0.4099999 0.094929534 0.475 -0.5975 -0.1475 -0.3625 -0.4725 -0.2925 -0.11800535 -0.135 0.2675 0.1 0.3475 -0.3025 0.18 -0.86444737 -0.87156988 -1.2375 0.21 0.21 -0.7 -0.265 -0.265 0.19 0.18999537 -0.7375 -0.7375 -0.7375 -0.975 -0.8296004 -0.71 -0.71 -0.70999928 0.195 0.195 0.195 0.195 0.455 0.455 0.455 0.45499998 -0.0425 -0.0425 -0.0425 -0.0425 -0.0425 0.072498549 0.0725 0.0725 0.0725 -0.25748628 -0.2575
-0.4475 0.71999885 0.095 0.32521321 -0.5975 -0.505 -0.51748809 0.6725 -0.26 0.6399996 0.30215442 0.14245989 -0.1375 -0.3025 -0.3025 0.0038037146 -0.8725 -0.8725 -1.2375 -1.2375 0.20999814 -0.7 0.8875 -0.0575 -0.57 -0.56968666 -0.7375 -0.7375 -0.975 -0.975 -0.71 -0.71 -0.71 -0.56291269 0.195 0.195 0.195 0.455 0.455 0.455 0.455 0.45495825 -0.042499999 -0.0425 -0.0425 -0.0425 -0.0425 -0.041476358 0.0725 0.072504036 0.1625 0.1625 0.1625
-1.5975 -0.01 -0.19000002 -0.2775 -0.1925 -0.3275 -0.315 -0.18857172 -0.1275 -0.785 -1.385 -0.2975 -0.29749989 -0.2475 -0.2475 -0.41006881 -0.41 -0.85 -0.85 -1.2374994 -1.1025 -1.1025 -0.0575 -0.57 -0.57 0.77 0.315 0.315 0.19489313 -0.975 -0.71 -0.71 0.07 0.070091426 0.9449373 0.8125 0.8125 0.56560079 0.455 0.455 0.023039421 0.022500004 0.022503042 -0.31510136 -0.31996933 -0.31999993 -0.31999999 -0.31999989 0.20308834 0.1625 0.1625 0.1625 0.1625
-1.4624993 -0.06 0.3458191 -0.015000001 -0.265 -0.4775 0.24 0.635 0.3475 0.3475 -1.385 -0.4525 -1.1849998 -0.2475 -0.69499866 -0.695 -0.41 -0.6525 -0.5075 -0.5075 -0.96818951 -0.8175 -0.8175 0.50749999 0.77 0.77 0.315 0.315 0.19497261 0.19449573 0.39293393 0.07 0.07 0.945 0.945 0.8615176 0.8125 0.8125 0.65500546 0.022500881 0.0225 0.0225 0.022516984 -0.31999615 -0.32 -0.32 -0.32 -0.31999968 0.215 0.1625104 0.1625 0.1625 0.1625
-1.4625 0.055 0.3575 -0.4475 -0.13501791 -0.3225 0.1075 0.93499999 -0.0025 0.11 0.11 -0.4825 -1.185 -1.185 -0.69836185 -1.0934562 -1.1325 -0.355 -0.75749974 -0.5075 -0.044052103 0.0175 -0.65 0.31 0.30999587 -0.01 -0.045 -0.044999873 -0.27335305 -0.27499999 0.395 0.23651688 0.6625 0.945 0.940294 0.9025 0.9025 0.655 0.655 0.0225 0.0225 0.022500027 0.37072222 0.36999996 -0.32 -0.32 -0.32 0.21497964 0.215 0.215 0.1625 0.1625 0.1625
-0.11416283 0.054999999 0.4075 0.25 -0.0225 0.195 0.385 0.74 0.545 0.14628119 -0.28 -0.5425 -0.5425 0.2475 0.24749212 -1.3543799 -1.355 -1.355 -0.41644225 -0.7025 -0.7075 -0.70749999 0.2625 -0.29039875 0.022247551 -0.01 -0.035 -0.045 0.10661382 0.1075 0.1175 0.9025 0.46684 0.2925 0.78 0.8375 1.0625 0.3075 1.2670567 0.028146674 1.2875 0.5275 0.37005535 0.37 0.36611631 -0.32 0.78499994 0.21500001 0.215 0.215 0.215 0.082503971 -0.0875
-1.06 -1.06 0.3475 0.2025 0.245 0.7775 0.31 0.3975 0.1425 0.045018525 0.1575 0.49 0.2475 0.2475 -0.59 -0.60049232 -1.355 -1.3547867 -0.4 -0.7025 -0.7025 -0.70314417 0.2625 0.33999853 0.34 0.34 -0.035 0.685 0.685 0.1075 0.1075 0.90085943 0.0375 0.2925 0.245 0.8375 1.0625 1.17 1.2675 0.025461251 0.52750003 0.59453944 0.71 0.37 0.37 0.785 0.785 0.785 0.215 0.215 -0.48 -0.48 -0.47999985
-1.06 -1.06 -0.2625 -0.3275 -0.2225 0.16 0.1125 0.185457 0.8175 0.18 0.3925 -0.1425 0.4891576 -0.59 -0.59 -0.58999885 -0.58 -0.57055276 -0.4 -0.7425 -0.7425 -0.755 -0.755 0.34 0.34 0.34 0.685 0.685 0.685 -0.78 -0.78 -0.77999865 -0.09 -0.09 0.0525 -0.4475 0.6425 0.51250272 0.4825 0.005 0.005 -0.11749728 0.71 0.37 0.39999957 -0.17 0.27968568 0.2775 0.095 0.095 -0.48 -0.48 -0.48
-1.06 -0.71561795 -0.29023782 -0.30249545 0.285 0.37 0.1125 0.185 0.81749472 0.18706273 -0.14249958 -0.1425 -0.22 -0.59 -0.59 -0.58 -0.58 -0.57998976 -0.4 -0.7425 -0.74495475 -0.755 -0.755 0.33995626 0.34 0.17399662 -0.165 -0.165 -0.16499989 -0.78 -0.78 -0.545 -0.545 -0.089999609 0.0525 0.015000043 0.67296675 0.5125 0.5125 0.004999996 -0.1175 -0.1175 -0.11749613 0.4 0.4 -0.17 0.2775 0.2775 0.095 0.095 -0.48 -0.48 -0.48
0.38 0.16054826 0.19748053 0.1938847 0.28500019 0.36999799 0.11250001 0.18410758 0.77391428 0.80085318 -0.22 -0.22 -0.22 -0.22 -0.58994759 -0.58 -0.58 -0.57767591 -0.4 -0.74239803 -0.3975 -0.3975 -0.3975 -0.3975 0.32709945 -0.165 -0.165 -0.165 -0.165 -0.16549773 -0.545 -0.545 -0.545 -0.545 0.015 0.015 0.015 0.48888547 0.50592828 -0.3625 -0.3625 -0.11751318 -0.1374816 0.39994823 0.4 -0.17 0.2775 0.2775 0.095000001 0.095 -0.47791396 -0.48 -0.4978357
0.38 0.1975 0.1975 0.1975 0.1975 0.19750007 0.11315914 0.14688639 0.65763154 -0.21889857 -0.22 -0.22 -0.22 -0.22 -0.21999979 -0.58 -0.57999997 -0.56765323 -0.4000025 -0.3975 -0.3975 -0.3975 -0.3975 -0.3975 -0.39409453 -0.46717297 -0.6674999 -0.6675 -0.6675 -0.6675 -0.545 -0.545 -0.54500026 -0.7625 -0.7625 0.015 -0.4783873 -0.4925 -0.36250008 -0.3625 -0.3625 -0.3625 -0.1375 -0.1375 -0.1375 -0.13772617 0.29230946 0.2925 0.2925 0.2925 0.2925 0.14249987 0.1425
0.4725 0.1975 0.1975 0.1975 0.1975 0.1975 0.1975 0.020681417 0.08506566 0.0825 0.0825 0.0825 0.0825 0.0825 0.082499997 0.15834985 -0.56824055 -0.55535183 -0.39750037 -0.3975 -0.3975 -0.3975 -0.3975 -0.39749946 -0.24 -0.24 -0.2400006 -0.6675 -0.6675 -0.66735482 -0.595 -0.595 -0.7625 -0.7625 -0.7625 -0.53575105 -0.4925 -0.4925 -0.4925 -0.3625 -0.3625 -0.3625 -0.1375 -0.1375 -0.1375 -0.1375 0.29249999 0.2925 0.2925 0.2925 0.2925 0.1425 0.1425
0.4725 0.37012062 0.1975 0.1975 0.1975 0.1975 -0.25491119 -0.255 -0.25499999 0.0825 0.0825 0.0825 0.0825 0.0825 0.099597042 0.16 0.16 0.16 0.063591897 0.064999528 0.065 0.065 0.065 0.065 -0.24 -0.24 -0.24 -0.24 -0.6675 -0.595 -0.595 -0.595 -0.76249998 -0.7625 -0.7625 -0.475 -0.49247683 -0.4925 -0.4925 -0.36255809 -0.47842865 -0.74884185 -0.1375 -0.1375 -0.47395846 -0.475 -0.475 0.29073565 -0.7762521 -0.77999991 -0.7799998 -0.57989069 0.14249853
0.4725 -0.02866852 0.076048951 0.1975 0.1975 -0.25473264 -0.255 -0.255 -0.255 -0.25256788 0.0825 0.0825 0.0825 0.082500009 0.16 0.16 0.16 0.16 0.065084862 0.065 0.065 0.065 0.065 0.065 -0.23999999 -0.24 -0.24 -0.24 -0.24129126 -0.595 -0.595 -0.595 -0.15500001 -0.76245609 -0.475 -0.475 -0.475 -0.47502878 -0.73369011 -0.75 -0.75 -0.75 -0.785 -0.785 -0.475 -0.475 -0.475 -0.78 -0.78 -0.78 -0.78 -0.58 -0.58
-0.042182509 -0.0425 -0.0425 -0.042500003 -0.39 -0.25500348 -0.255 -0.255 -0.255 -0.255 0.13246727 0.0825086 0.082500019 0.16 0.16 0.16 0.16 0.16 0.13550782 0.065 0.065 0.065 0.065 0.065 -0.25368061 -0.5349984 -0.535 -0.535 -0.535 -0.59499998 -0.15500001 -0.155 -0.155 -0.155 -0.475 -0.47500007 -0.4775 -0.4775 -0.74659743 -0.75 -0.75 -0.75 -0.785 -0.785 -0.52299867 -0.475 -0.475 -0.78 -0.78 -0.78 -0.77785548 -0.58 -0.58
-0.0425 -0.0425 -0.0425 -0.20614293 -0.39 -0.39 -0.255 -0.255 -0.255 -0.255 0.7425 0.7425 0.7425 0.16 0.16 0.16 0.16 0.1599653 -0.11 -0.11 0.064999929 0.065 0.057696263 -0.235 -0.23770077 -0.535 -0.535 -0.535 -0.535 -0.15503869 -0.155 -0.155 -0.155 -0.155 -0.47749999 -0.4775 -0.4775 -0.4775 -0.47845554 -0.75 -0.75 -0.75 -0.785 -0.785 -0.785 -0.475 -0.475 -0.77999998 -0.78 -0.78 -0.58 -0.58 -0.58
-0.0425 -0.0425 -0.0425 -0.39 -0.39 -0.39 -0.38999979 -0.255 -0.255 0.74147029 0.7425 0.7425 0.7425 0.74213707 -0.0099787065 -0.05 -0.05 -0.05 -0.11 -0.11 -0.11 -0.235 -0.235 -0.235 -0.23501401 -0.40386892 -0.535 -0.535 -0.535 -0.12105059 -0.10250516 -0.1025 -0.1025 -0.1025 -0.45624463 -0.42750011 -0.4275 -0.4275 -0.4275 -0.87748255 -0.8775 -0.8775 -0.785 -0.785 -0.62250068 -0.62249977 0.0375 0.0375 -0.2775 -0.2775 -0.2775 -0.58 0.28672435
-0.042500241 -0.0425 -0.042500013 -0.39 -0.39 -0.39 -0.39 -0.11500004 -0.25444023 0.74204434 0.7425 0.7425 0.7425 0.7409449 -0.05 -0.05 -0.05 -0.050000017 -0.11 -0.11 -0.11 -0.235 -0.235 -0.235 -0.285 -0.285 -0.22 -0.22 -0.22 -0.219359 -0.1025 -0.1025 -0.1025 -0.1025 -0.26491083 -0.4275 -0.4275 -0.4275 -0.4275 -0.8775 -0.8775 -0.8775 -0.86947672 -0.6225 -0.6225 -0.6225 0.0375 0.0375 -0.2775 -0.2775 -0.2775 0.28749998 0.2875
-0.12 -0.088148475 -0.1275 -0.12757616 -0.39 -0.11659114 -0.115 -0.115 -0.088582549 0.23999999 0.24 0.24 0.24 0.032506755 0.0325 -0.049999937 -0.05 -0.051580912 -0.11 -0.11 -0.11 -0.2925 -0.2925 -0.2925 -0.285 -0.285 -0.22 -0.22 -0.22 -0.22000019 -0.47749762 -0.47749895 -0.11192506 -0.10290203 -0.82916879 -0.83 -0.83 -0.83 -0.83 -0.8775 -0.8775 -0.8775 -0.63654103 -0.6225 -0.6225 -0.62249995 0.0375 0.0375 0.037488661 -0.2775 -0.27748144 0.1375 0.2875
-0.31746249 -0.31749997 -0.1275 -0.1275 -0.1275 -0.115 -0.115 -0.115 -0.0425 -0.0425 0.24 0.24 0.24 0.0325 0.0325 0.0325 0.0325 0.032483872 -0.11 -0.11 -0.11000001 -0.2925 -0.2925 -0.2925 -0.285 -0.285 -0.22 -0.22 -0.22 -0.47459667 -0.4775 -0.4775 -0.4775 -0.4775 -0.82982606 -0.83 -0.83 -0.83 -0.83 -0.78250002 -0.7825 -0.7825 -0.7825 -0.62249768 -0.32 -0.32 -0.32 0.0975 0.0975 0.0975 0.1375 0.1375 0.1375
-0.3175 -0.3175 -0.1275 -0.1275 -0.1275 -0.1150657 -0.115 -0.0425 -0.0425 -0.0425 0.23996522 0.24 0.07044662 0.0325 0.0325 0.0325 0.0325 -0.03 -0.03 -0.03 -0.62499999 -0.62499975 -0.29250162 -0.2925 -0.29286694 -0.915 -0.915 -0.91499834 -0.22011232 -1.0648829 -1.0649969 -1.0648974 -0.4785041 -0.47800701 -0.76759949 -0.83000014 -0.83124833 -1.2025 -1.2025 -0.7825 -0.7825 -0.7825 -0.7825 -0.32 -0.32 -0.32 -0.32 0.0975 0.0975 0.0975 0.1375 0.1375 0.1375
-0.3175 -0.3175 -0.1275 -0.1275 -0.1275 -0.1275 -0.087865368 -0.0425 -0.0425 -0.0425 -0.042458571 0.0325 0.0325 0.0325 0.0325 0.0325 -0.029583515 -0.03 -0.03 -0.03 -0.625 -0.625 -0.625 -0.625 -0.915 -0.915 -0.915 -0.915 -0.915 -1.065 -1.065 -1.065 -1.065 -1.0649995 -0.8275 -1.2025 -1.2025 -1.2025 -1.2025 -1.2024984 -0.77 -0.77 -0.77 -0.68213706 -0.5 -0.5 -0.5 0.097499983 0.097499687 -0.225 -0.225 0.27496655 0.275
-0.3175 -0.3175 -0.19607666 -0.1275 -0.1275 -0.12749999 0.11971164 -0.04198789 -0.0425 -0.0425 0.032500052 0.0325 0.0325 0.0325 0.0325 0.032490703 -0.03 -0.03 -0.03 -0.03 -0.6249954 -0.625 -0.625 -0.625 -0.915 -0.915 -0.915 -0.915 -0.915 -1.1666065 -1.065 -1.065 -1.065 -0.8275 -0.8275 -0.8277912 -1.2025 -1.2025 -1.0688401 -0.96500002 -0.77 -0.77 -0.77 -0.68472495 -0.5 -0.5 -0.5 -1.0625 -0.23543517 -0.225 -0.225 0.275 0.275
-0.17 -0.17 -0.17 -0.13815592 -0.12733883 0.12 0.12 0.12 0.12 0.28 0.28 0.032500018 0.0325 0.0325 0.0325 0.032496033 -0.03 -0.03 -0.03 -0.03 -0.3653613 -0.625 -0.625 -0.6157095 -0.29872112 -0.915 -0.915 -0.915 -1.2025 -1.2025 -1.2025 -1.2024994 -0.8275 -0.8275 -0.8275 -0.8275 -0.965 -0.965 -0.965 -0.965 -0.86 -0.86 -0.86 -0.91499889 -0.915 -0.915 -0.91499987 -1.0625 -1.0625 -0.22602045 -0.225 0.27499677 0.275
-0.17 -0.17 -0.17 -0.16999192 -0.02 0.00035830032 0.12 0.12 0.12 0.28 0.28 0.28 -0.11999999 -0.12 -0.12 -0.11999999 -0.029143623 -0.03 -0.03 -0.03 -0.039002935 -0.27000097 -0.27 -0.27 -0.27 -0.27000002 -0.6225 -0.6225 -1.2025 -1.2025 -1.2025 -1.2025 -0.82749994 -0.8275 -0.8275 -0.82749267 -0.96499999 -0.965 -0.965 -0.96360718 -0.86 -0.86 -0.86 -0.91499745 -0.915 -0.915 -0.915 -1.0625 -1.0625 -1.0624999 -0.365 -0.365 -0.2275
-0.17 -0.17 -0.17 -0.020000346 -0.02 -0.02 0.11999995 0.12 0.12 0.28 0.28 0.28 -0.12 -0.12 -0.12 -0.077541051 0.4375 0.4375 0.43749879 -0.02735944 -0.27 -0.27 -0.27 -0.27 -0.27 -0.27026527 -0.6225 -0.6225 -0.6225 -1.2025 -1.2025 -1.2022876 -0.7375 -0.7375 -0.7375 -0.41 -0.41 -0.6475 -0.6475 -0.6475 -0.27 -0.85981493 -0.85999769 -0.55 -0.55 -0.56383309 -0.91499929 -1.0625 -1.0625 -0.365 -0.365 -0.365 -0.2275
-0.17 -0.17 -0.17 -0.02 -0.02 -0.02 -0.02 0.12 0.12 0.28 0.28 -0.10400577 -0.12 -0.12 -0.12 0.4375 0.4375 0.4375 0.4375 0.4375 -0.27 -0.27 -0.27 -0.27 -0.27 -0.6224988 -0.6225 -0.6225 -0.6225 -0.8725 -0.8725 -0.8725 -0.7375 -0.7375 -0.7375 -0.41 -0.41 -0.6475 -0.6475 -0.27 -0.27 -0.27 -0.55 -0.55 -0.55 -0.55 -0.51960549 -0.18 -0.18 -0.18 -0.36499999 0.3825 0.3825
-0.17 -0.17 -0.16979112 -0.02 -0.02 -0.02 -0.02 0.02284053 0.025 0.025437801 0.27999999 -0.11998178 -0.12 -0.12 -0.11999807 0.4375 0.4375 0.4375 0.4375 0.4375 1.1565395 -0.27 -0.27 -0.27 -0.2698826 -0.6224481 -0.6225 -0.6225 -0.6225 -0.8725 -0.8725 -0.8725 -0.87248315 -0.7375 -0.41 -0.41 -0.41 -0.41000977 -0.64747426 -0.27 -0.27 -0.27 -0.549983 -0.55 -0.55 -0.55 -0.17999961 -0.18 -0.18 -0.18 0.3825 0.3825 0.3825
0.28 0.27999921 -0.020068299 -0.02 -0.02 -0.02 0.024990425 0.025 0.025 0.025 0.097499998 0.0975 0.0975 0.0975 0.43593073 0.4375 0.4375 0.4375 0.4375 1.2174995 1.2175 1.2175 0.29999991 0.3 0.3 0.3 0.22037638 -0.6225 -1.1949766 -1.195 -1.195 -1.195 -1.195 -0.41 -0.41 -0.41 -0.41 -0.41 -0.225 -0.225 -0.225 -0.225 -0.225 -0.13812181 -0.1375 -0.1375 -0.1375 -0.18 -0.18 -0.18 0.38241138 0.3825 0.3825
0.28 0.28 0.28002085 0.28249939 0.28249993 0.28224877 0.025 0.025 0.025 0.025 0.0975 0.0975 0.0975 0.0975 0.0975 0.4375 0.4375 0.4375 1.2174998 1.2175 1.2175 1.2175 0.3 0.3 0.3 0.3 0.3 0.29980331 -1.1948533 -1.195 -1.195 -1.195 -1.1949411 -0.65518495 -0.41025388 -0.41 -0.41 -0.41000001 -0.225 -0.225 -0.225 -0.225 -0.225 -0.1375 -0.1375 -0.1375 -0.1375 -0.15737383 -0.18 -0.19483265 -0.195 -0.2975 -0.2975
0.28 0.28 0.28249968 0.2825 0.2825 0.2825 0.21709609 0.025 0.025 0.025 0.0975 0.0975 0.0975 0.0975 0.0975 0.43725008 0.4375 1.2172713 1.2175 1.2175 1.2175 1.2175 0.63989382 0.3 0.3 0.3 0.3 0.29921042 -0.815 -0.815 -0.815 -0.815 -0.815 -0.8425 -0.8425 -0.8425 -0.8425 -0.8425 -0.76 -0.76 -0.76 -0.76 -0.75999999 -0.13786015 -0.13750008 -0.1375 -0.137525 -0.14051673 -0.195 -0.195 -0.195 -0.29749943 -0.2975
0.28000052 0.55699239 0.28250004 0.2825 0.2825 0.2825 0.2825 0.025109641 0.025 0.025 0.0975 0.0975 0.0975 0.0975 1.3564029 1.385 1.385 1.2175043 1.2175 1.2175 1.2175 1.2175 1.2174999 0.3 0.3 0.3 0.3 -0.5775002 -0.57750011 -0.62804577 -0.815 -0.815 -0.815 -0.8425 -0.8425 -0.8425 -0.8425 -0.84235946 -0.76 -0.76 -0.76 -0.76 -0.76000153 -0.285 -0.285 -0.285 -0.285 -0.28499274 -0.195 -0.195 -0.195 -0.19500015 -0.4305118
0.5625 0.5625 0.53779349 0.2825 0.2825 0.2825 0.2825 0.2825 0.025112371 1.0875 1.0875 1.0875 1.0851505 1.3849981 1.385 1.385 1.385 1.385 1.2174972 1.1933955 0.9825 0.9825 0.9825 0.80622672 0.25117781 -0.010060463 -0.2306471 -0.5775 -0.5775 -0.5775 -0.5775 -0.5775 -0.58375885 -0.63213804 -0.635 -0.635 -0.635 -0.635 -0.763757 -0.77999996 -0.78 -0.78 -0.78 -0.40499965 -0.28500003 -0.285 -0.285 -0.1925 -0.19499996 -0.195 -0.195 -0.4325 -0.4325
0.5625 0.5625 0.745 0.745 0.745 0.28265406 0.2825 0.2825 1.0875 1.0875 1.0875 1.0875 1.0875 1.385 1.385 1.385 1.385 1.385 0.9825 0.9825 0.9825 0.9825 0.9825 -0.30999993 -0.31 -0.31 -0.31 -0.5775 -0.5775 -0.5775 -0.5775 -0.5775 -0.38 -0.38 -0.635 -0.635 -0.635 -0.61000426 -0.61 -0.78 -0.78 -0.78 -0.77999995 -0.405 -0.405 -0.405 -0.1925 -0.1925 -0.1925 0.1375 0.1375 -0.4325 -0.4325
0.5625 0.5625 0.745 0.745 0.745 0.745 0.74499901 0.565 1.0870081 1.0875 1.0875 1.0875 1.0875 1.381289 1.385 1.385 1.385 1.385 0.98250001 0.9825 0.9825 0.9825 0.9825 -0.31 -0.31 -0.31 -0.31 -0.3100011 -0.5775 -0.5775 -0.5775 -0.38001035 -0.38 -0.38 -0.38 -0.635 -0.61 -0.61 -0.61 -0.61447302 -0.48073199 -0.425 -0.425 -0.405 -0.405 -0.405 -0.1925 -0.1925 -0.1925 0.1375 0.1375 0.1375 -0.36683556
0.3725 0.37250149 0.745 0.745 0.745 0.745 0.565 0.565 0.565 1.0875 1.0875 1.0875 1.0875 1.0875925 1.385 1.385 1.385 1.385 0.98250702 0.9825 0.9825 0.9825 -0.08230531 -0.31 -0.31 -0.31 -0.31 -0.57249979 -0.5725 -0.5725 -0.57743896 -0.38 -0.38 -0.38 -0.37999995 -0.3225 -0.61 -0.61 -0.61 -0.61 -0.425 -0.425 -0.425 -0.27 -0.27 -0.27 -0.51996811 -0.1925 -0.1925 0.1375 0.1375 0.1375 -0.35999928
