interpolatedSpi/06-08|23_3.tif
NCOLS 53
NROWS 52
XLLCORNER -116.03883
YLLCORNER 28.596182
DX 0.49850594
DY 0.49788537
NODATA_VALUE -9999
[rows 0 to 28 of 52, columns 0 to 52 of 53]
1.4366667 1.4366667 1.241302 1.6566667 1.2533333 1.6233333 1.27 0.93333333 -0.28740492 -0.36666667 -0.1 0.14666667 -0.38334431 -0.51666667 -0.55666667 -0.55666667 -0.55666667 -0.99666667 -0.29 -0.29 -0.29 -0.2899974 -0.020000008 -0.85333333 -0.85333333 -0.85333333 -0.80333806 -0.80333333 -0.80333333 -1.44 -1.44 -1.44 -1.44 -1.7966666 -1.7966667 -1.7966667 -1.7966667 -1.7966667 -1.7966667 -1.7966666 0.33042318 0.35335334 0.43333333 0.43333333 0.43333333 0.43333333 0.43160744 -0.62333333 -0.62333333 -0.62333333 -0.033334559 -0.033333333 -0.033333333
1.4366323 0.66333333 1.2533329 1.1228883 1.4264995 0.98333333 0.98333333 0.2537767 -0.51333333 -0.39 0.43333333 -0.38333333 -0.38333333 -0.51998889 -0.51666706 -0.55666667 -0.99666667 -0.99666667 -0.2909214 -0.29 -0.29 -0.29 -0.89596938 -0.85333333 -0.85333333 -0.85333333 -0.14000005 -0.14 -1.44 -1.44 -1.44 -1.44 -1.44 -1.7966666 -1.7966667 -1.7966667 -1.7966667 -1.7966667 -1.7966666 -1.3766206 0.87976613 0.48753136 0.43333333 0.43333333 0.43333333 0.43333333 0.43333333 -0.62333333 -0.62333333 -0.62333333 -0.57440997 -0.033333333 -0.033333333
1.4433315 1.4433333 0.86666667 0.75333333 1.1533333 1.58 0.73666667 1.1266667 -0.37666667 -1.0533333 -0.64 0.23333333 -0.073333333 -1.5666667 -0.52 -1.3133333 -0.99666667 -0.99666667 -0.99666667 -0.063399226 -0.063333333 -0.063333333 -1.6633333 -0.85333333 -0.85333333 -0.85333333 -0.14 -0.14 -0.14 -1.44 -1.44 -1.44 -1.261882 -1.7945595 -1.7897478 -1.0601448 -1.0533333 -1.0533333 -0.81017095 0.87999999 0.88 0.87942882 0.43333333 0.43333333 0.43333333 0.43333333 0.43333333 -0.62333333 -0.62333333 -0.62333333 -0.62333333 -0.033333333 -0.033333333
1.6833333 1.4433331 0.44310304 0.6 -0.32666667 0.043333333 0.16666667 -0.36333333 0.56 -0.58339201 -0.61 -1.1966667 -0.74 -1.5666667 -0.59 -1.3133333 -1.0685539 -1.0666176 -0.70666667 -0.063333333 -0.063333333 -1.0266667 -1.6633333 -1.6633333 -0.85333333 -0.85332977 -0.14 -0.14 -0.14 -1.36 -1.2008835 -1.07 -1.07 -1.07 -1.0533333 -1.0533333 -1.0533333 -1.0533333 0.88 0.88 0.88 0.87999998 0.43333333 0.43333333 0.43333333 0.43333333 0.43333333 -0.62332 -0.62333333 -0.62333333 -0.62333333 -0.033420327 -0.033333334
1.6833333 0.16000052 0.44333333 -0.19810892 -0.32666667 -0.76 -0.70669029 -1.22 -1.53 -0.32666721 -0.67169496 -0.81988111 0.01 -0.59 -0.59 -1.0701056 -1.0666667 -1.0666667 -0.70666667 -0.70666667 -0.063335235 -1.0266667 -0.54 0.15333333 -0.33333333 -0.3333021 -0.14 -0.14 -1.36 -1.36 -1.07 -1.07 -1.07 -1.0423425 -1.0533333 -1.0533333 -1.0533333 0.88 0.88 0.88 0.88 0.87973487 0.4333333 0.43333333 0.43333333 0.43333333 0.43333333 0.42392769 -0.62333333 -0.6234263 -2.6966667 -2.6966667 -2.6966667
-0.91333333 -0.19333333 -0.45333331 0.04 -0.4 -1.5533333 -1.7466667 -1.6792382 -0.70666667 -1.2133333 -2.3966667 -1.1733333 -1.1733326 -2.0333333 -2.0333333 -0.93327378 -0.93333333 -1.8333333 -1.8333333 -0.7066671 -0.82 -0.82 0.15333333 -0.33333333 -0.33333333 -0.2 -0.87666667 -0.87666667 -0.87671169 -1.36 -1.07 -1.07 -0.92333333 -0.92329154 -0.523362 -0.46 -0.46 0.46544041 0.88 0.88 -1.863241 -1.8666667 -1.866664 -1.0008937 -1.0265053 -1.0266663 -1.0266666 -1.0266661 -2.2932188 -2.6966667 -2.6966667 -2.6966667 -2.6966667
0.28667594 -0.57333333 -0.20722478 -0.78 -1.1833333 -1.74 -1.2366667 -1.5266667 -2.1733333 -2.1733333 -2.3966667 -2.4066667 -2.1333331 -2.0333333 -0.6866707 -0.68666667 -0.93333333 -0.61666667 -1.1966667 -1.1966667 -0.40999955 0.05 0.05 -0.30666667 -0.2 -0.2 -0.87666667 -0.87666667 -0.87671601 -0.87757507 -0.63669415 -0.92333333 -0.92333333 -0.52333333 -0.52333333 -1.0536576 -0.46 -0.46 -1.0766453 -1.8666656 -1.8666667 -1.8666667 -1.8666522 -1.0266695 -1.0266667 -1.0266667 -1.0266667 -1.0266674 -2.2833333 -2.6965848 -2.6966667 -2.6966667 -2.6966667
0.28666667 -0.8 -0.56666667 -1.7433333 -0.96337805 -1.8433333 -2.57 -2.7666667 -2.4366667 -2.4133333 -2.4133333 -1.32 -2.1333333 -2.1333333 -0.69659214 -1.1572244 -1.2033333 -0.83666667 -1.2633333 -1.1966667 -0.76574845 -0.68 -0.53 -0.34 -0.34001212 -1.28 -1.3533333 -1.3533332 -1.7203665 -1.7233333 -0.63333333 -0.84655212 -0.87 -0.52333333 -0.54814678 -1.55 -1.55 -1.0766667 -1.0766667 -1.8666667 -1.8666667 -1.8666666 -1.5274476 -1.53 -1.0266667 -1.0266667 -1.0266667 -2.2832855 -2.2833333 -2.2833333 -2.6966667 -2.6966667 -2.6966667
-0.87080059 -0.8 -0.38333333 -1.5966667 -1.1233333 -2.3 -1.3666667 -1.54 -2.49 -1.7510411 -0.0066666667 -1.48 -1.48 -0.98 -0.98000389 -0.56844111 -0.56666667 -0.56666667 -0.90179799 -1.1500001 -1.69 -1.69 -1.01 -0.71916011 -1.1852728 -1.28 -1.21 -1.3533333 -1.3400775 -1.34 -0.84 -0.6 -0.35489037 -1.49 -1.3933333 -1.95 -1.39 -0.51333333 -0.59662819 -1.8619351 -0.80666667 -1.0766667 -1.5299105 -1.53 -1.527167 -1.0266667 -1.46 -2.2833333 -2.2833333 -2.2833333 -2.2833333 -2.5700841 -0.64666667
-1.2666667 -1.2666667 -0.14 -0.45 -1.8633333 -0.45333333 -1.3933333 -2.5766667 -2.1266667 -1.5633868 -2.1033333 -0.70333333 -0.98 -0.98 -1.3933333 -1.3819952 -0.56666667 -0.56663699 -0.4 -1.15 -1.15 -1.2195701 -1.01 -0.83666995 -0.83666667 -0.83666667 -1.21 -1.2766667 -1.2766667 -1.34 -1.34 -0.59907698 -0.11333333 -1.49 -1.4333333 -1.95 -1.39 -1.82 -0.59666667 -0.71800118 -1.0766667 -1.0411572 -0.98 -1.53 -1.53 -1.46 -1.46 -1.46 -2.2833333 -2.2833333 -1.68 -1.68 -1.6799996
-1.2666667 -1.2666667 -1.0233333 -1.4 -1.3366667 -0.31666667 -1.7466667 -0.66178301 -0.22666667 -0.11333333 -0.82 -0.13333333 -0.70257491 -1.3933333 -1.3933333 -1.3932607 -0.76333333 -0.7442639 -0.4 -0.39 -0.39 0.25 0.25 -0.83666667 -0.83666667 -0.83666667 -1.2766667 -1.2766667 -1.2766667 -1.18 -1.18 -1.1799982 -1.37 -1.37 -2.66 -1.8166667 -1.7166667 -1.0766772 -1.07 -0.72 -0.72 -0.84000046 -0.98 -1.53 -1.1033333 -0.94 -1.1513351 -1.15 -1.8666667 -1.8666667 -1.68 -1.68 -1.68
-1.2666667 -1.1616981 -1.1840704 -0.8666607 -0.99666667 -0.84333333 -1.7466667 -0.66 -0.22667029 -0.11458893 -0.13333331 -0.13333333 -0.30666667 -1.3933333 -1.3933333 -0.76333335 -0.76333333 -0.76331265 -0.4 -0.39 -0.26431702 0.25 0.25 -0.83662282 -0.83666667 -0.80160325 -0.73 -0.73 -0.73000007 -1.18 -1.18 -0.68 -0.68 -1.3700035 -2.66 -1.0833342 -1.8118095 -1.0766667 -1.0766667 -0.72 -0.84 -0.84 -0.84000193 -1.1033333 -1.1033333 -0.94 -1.15 -1.15 -1.8666667 -1.8666667 -1.68 -1.68 -1.68
-0.45333333 -0.39545628 -0.33670566 -0.34050941 -0.99666607 -0.84333695 -1.7466666 -0.67337623 -0.25652777 -0.22370723 -0.30666667 -0.30666667 -0.30666667 -0.30666667 -1.3931794 -0.76333333 -0.76333333 -0.75864212 -0.4 -0.38978596 0.35 0.35 0.35 0.35 -0.81650637 -0.73 -0.73 -0.73 -0.73 -0.73014725 -0.68 -0.68 -0.68 -0.68 -1.0833333 -1.0833333 -1.0833333 -1.078427 -1.0794205 -1.4433333 -1.4433333 -0.84003245 -1.4866535 -1.1033703 -1.1033333 -0.94 -1.15 -1.15 -1.8666667 -1.8666667 -1.6806772 -1.68 -1.6658245
-0.45333333 -0.33666667 -0.33666667 -0.33666667 -0.33666667 -0.33666688 -1.7443542 -1.2324402 -0.3361944 -0.30657752 -0.30666667 -0.30666667 -0.30666667 -0.30666667 -0.30666585 -0.76333334 -0.76333328 -0.73841115 -0.40000263 0.35 0.35 0.35 0.35 0.35 0.36087615 -0.33423504 -0.31333342 -0.31333333 -0.31333333 -0.31333333 -0.67999998 -0.68 -0.67999907 0.096666667 0.096666667 -1.0833333 -0.35743018 -0.33666667 -1.4433327 -1.4433333 -1.4433333 -1.4433333 -1.4866667 -1.4866667 -1.4866667 -1.4828624 -1.4049531 -1.4066667 -1.4066667 -1.4066667 -1.4066667 -1.4166667 -1.4166667
-0.83 -0.33666667 -0.33666667 -0.33666667 -0.33666667 -0.33666667 -0.33666675 -0.86657099 0.83675253 0.84333333 0.84333333 0.84333333 0.84333333 0.84333333 0.84333332 1.493033 -0.72727723 -0.71358033 0.34990558 0.35 0.35 0.35 0.35 0.35000078 0.85333333 0.85333333 0.85333169 -0.31333333 -0.31333333 -0.3109037 0.9 0.9 0.096666667 0.096666667 0.096666667 -0.26725119 -0.33666667 -0.33666667 -0.33666667 -1.4433333 -1.4433333 -1.4433333 -1.4866667 -1.4866667 -1.4866667 -1.4866667 -1.4066667 -1.4066667 -1.4066667 -1.4066667 -1.4066667 -1.4166667 -1.4166667
-0.83 -0.6463376 -0.33666667 -0.33666667 -0.33666667 -0.33666667 0.6897985 0.69 0.69 0.84333333 0.84333333 0.84333333 0.84333333 0.84333333 0.98966931 1.5066667 1.5066667 1.5066667 1.0179607 1.0199993 1.02 1.02 1.02 1.02 0.85333333 0.85333333 0.85333333 0.85333333 -0.31333333 0.9 0.9 0.9 0.096666739 0.096666667 0.096666667 0.086666667 -0.33610616 -0.33666667 -0.33666667 -1.4433349 -1.4473223 -1.4566268 -1.4866667 -1.4866667 -2.2742287 -2.2766667 -2.2766667 -1.407459 -1.8849893 -1.8866666 -1.8866666 -1.4966547 -1.4166668
-0.83 0.2858704 -0.006049923 -0.33666667 -0.33666667 0.6893934 0.69 0.69 0.69 0.69110496 0.84333333 0.84333333 0.84333333 0.84333341 1.5066667 1.5066667 1.5066667 1.5066667 1.0204347 1.02 1.02 1.02 1.02 1.02 0.85333334 0.85333333 0.85333333 0.85333333 0.85350308 0.9 0.9 0.9 1.1466667 0.096690997 0.086666667 0.086666667 0.086666667 0.082018273 -1.3857285 -1.4566667 -1.4566667 -1.4566667 -2.0766667 -2.0766667 -2.2766667 -2.2766667 -2.2766667 -1.8866667 -1.8866667 -1.8866667 -1.8866667 -1.4966667 -1.4966667
0.31598793 0.31666667 0.31666667 0.31666667 0.76666667 0.69000198 0.69 0.69 0.69 0.69 0.81355472 0.84332821 0.84333332 1.5066667 1.5066667 1.5066667 1.5066667 1.5066667 1.4634643 1.02 1.02 1.02 1.02 1.02 1.1039613 1.3666639 1.3666667 1.3666667 1.3666667 0.90000001 1.1466667 1.1466667 1.1466667 1.1466667 0.086666667 0.086655606 -0.33333333 -0.33333333 -1.4426402 -1.4566667 -1.4566667 -1.4566667 -2.0766667 -2.0766667 -2.2456998 -2.2766667 -2.2766667 -1.8866667 -1.8866667 -1.8866667 -1.8824849 -1.4966667 -1.4966667
0.31666667 0.31666667 0.31666667 0.52857838 0.76666667 0.76666667 0.69 0.69 0.69 0.69 0.45 0.45 0.45 1.5066667 1.5066667 1.5066667 1.5066667 1.5067124 1.4266667 1.4266667 1.0200002 1.02 1.0229215 1.14 1.1420406 1.3666667 1.3666667 1.3666667 1.3666667 1.1466891 1.1466667 1.1466667 1.1466667 1.1466667 -0.33333186 -0.33333333 -0.33333333 -0.33333333 -0.33729456 -1.4566667 -1.4566667 -1.4566667 -2.0766667 -2.0766667 -2.0766667 -2.2766667 -2.2766667 -1.8866667 -1.8866667 -1.8866667 -1.4966667 -1.4966667 -1.4966667
0.31666667 0.31666667 0.31666667 0.76666667 0.76666667 0.76666667 0.76666655 0.69 0.69 0.45024775 0.45 0.45 0.45 0.45065836 1.7306069 1.7833333 1.7833333 1.7833333 1.4266667 1.4266667 1.4266667 1.14 1.14 1.14 1.1399225 1.1026561 1.3666667 1.3666667 1.3666667 0.53369805 0.38674142 0.38666667 0.38666667 0.38666667 -0.4071263 -0.51333292 -0.51333333 -0.51333333 -0.51333333 -1.0867173 -1.0866667 -1.0866667 -2.0766667 -2.0766667 -1.5200023 -1.52 -1.6166667 -1.6166667 -1.44 -1.44 -1.44 -1.4966667 -1.4600328
0.31666676 0.31666667 0.31666668 0.76666667 0.76666667 0.76666667 0.76666666 0.040000189 0.68740105 0.45009672 0.45 0.45 0.45 0.45261637 1.7833333 1.7833333 1.7833333 1.7833332 1.4266667 1.4266667 1.4266667 1.14 1.14 1.14 0.86333333 0.86333333 1.01 1.01 1.01 1.0065995 0.38666667 0.38666667 0.38666667 0.38666667 -0.06308625 -0.51333333 -0.51333333 -0.51333333 -0.51333333 -1.0866667 -1.0866667 -1.0866667 -1.100301 -1.52 -1.52 -1.52 -1.6166667 -1.6166667 -1.44 -1.44 -1.44 -1.46 -1.46
0.34666667 0.33375117 0.36666667 0.36678271 0.76666667 0.044204469 0.04 0.04 0.13838223 0.55666666 0.55666667 0.55666667 0.55666667 1.9099559 1.91 1.7833334 1.7833333 1.7739357 1.4266667 1.4266667 1.4266667 0.95333333 0.95333333 0.95333333 0.86333333 0.86333333 1.01 1.01 1.01 1.0099998 0.77333088 0.77333225 0.39638495 0.3870812 -0.6288381 -0.63 -0.63 -0.63 -0.63 -1.0866667 -1.0866667 -1.0866667 -1.4961391 -1.52 -1.52 -1.52 -1.6166667 -1.6166667 -1.6166603 -1.44 -1.4400155 -1.7866667 -1.46
0.35999747 0.36 0.36666667 0.36666667 0.36666667 0.04 0.04 0.04 0.31 0.31 0.55666667 0.55666667 0.55666667 1.91 1.91 1.91 1.91 1.9099459 1.4266667 1.4266667 1.4266666 0.95333333 0.95333333 0.95333333 0.86333333 0.86333333 1.01 1.01 1.01 0.77600177 0.77333333 0.77333333 0.77333333 0.77333333 -0.62930754 -0.63 -0.63 -0.63 -0.63 -0.73000009 -0.73 -0.73 -0.73 -1.519999 -1.3833333 -1.3833333 -1.3833333 -1.7833333 -1.7833333 -1.7833333 -1.7866667 -1.7866667 -1.7866667
0.36 0.36 0.36666667 0.36666667 0.36666667 0.041717018 0.04 0.31 0.31 0.31 0.5566363 0.55666667 0.85900281 1.9099998 1.91 1.91 1.91 1.15 1.15 1.15 1.3566667 1.3566664 0.9533353 0.95333333 0.95348394 1.25 1.25 1.2499994 1.0100388 0.78666401 0.7866666 0.78666434 0.77335612 0.77334484 -0.3800536 -0.62999998 -0.62986595 -0.59 -0.59 -0.73 -0.73 -0.73 -0.73 -1.3833333 -1.3833333 -1.3833333 -1.3833333 -1.7833333 -1.7833333 -1.7833333 -1.7866667 -1.7866667 -1.7866667
0.36 0.36 0.36666667 0.36666667 0.36666667 0.36666667 0.14105311 0.31 0.31 0.31 0.31034064 0.92666667 0.92666667 0.92666667 1.904205 1.91 1.1550645 1.15 1.15 1.15 1.3566667 1.3566667 1.3566667 1.3566667 1.25 1.25 1.25 1.25 1.25 0.78666667 0.78666667 0.78666667 0.78666667 0.78666501 3.0864134e-11 -0.59 -0.59 -0.59 -0.59 -0.59000225 -1.28 -1.28 -1.28 -1.2593915 -1.2166667 -1.2166667 -1.2166667 -1.7833333 -1.7833333 -1.7866667 -1.7866667 -1.2134728 -1.2133333
0.36 0.36 0.36426047 0.36666667 0.36666667 0.36666666 0.14030167 0.30946425 0.31 0.31 0.92666648 0.92666667 0.92666667 0.92666667 0.92666667 1.0073006 1.15 1.15 1.15 1.15 1.3566651 1.3566667 1.3566667 1.3566667 1.25 1.25 1.25 1.25 1.25 0.49847366 0.78666667 0.78666667 0.78666667 -1.2721305e-17 -1.2721305e-17 -0.00045814969 -0.59 -0.59 -0.86388554 -1.0766666 -1.28 -1.28 -1.28 -1.259923 -1.2166667 -1.2166667 -1.2166667 -1.2966667 -1.7805613 -1.7866667 -1.7866667 -1.2133333 -1.2133333
0.31333333 0.31333333 0.31333333 0.35329453 0.36617425 0.14 0.14 0.14 0.14 0.020000001 0.02 0.9266666 0.92666667 0.92666667 0.92666667 0.92668076 1.15 1.15 1.15 1.15 1.266484 1.3566667 1.3566667 1.3770796 2.0971844 1.25 1.25 1.25 0.39666667 0.39666667 0.39666667 0.3966683 -1.2721302e-17 -1.2721305e-17 -1.2721305e-17 -1.281536e-17 -1.0766667 -1.0766667 -1.0766667 -1.0766667 -1.09 -1.09 -1.09 -1.2933292 -1.2933333 -1.2933333 -1.2933333 -1.2966667 -1.2966667 -1.7860696 -1.7866667 -1.2133329 -1.2133333
0.31333333 0.31333333 0.31333333 0.31331808 0.03 0.045995807 0.14 0.14 0.14 0.02 0.02 0.02 -0.47999994 -0.48 -0.48 -0.47999998 1.1465623 1.15 1.15 1.15 1.1531764 2.1366645 2.1366667 2.1366667 2.1366667 2.1366666 1.3233333 1.3233333 0.39666667 0.39666667 0.39666667 0.39666667 -3.6088874e-08 -4.5211017e-17 -1.0817747e-12 -4.0725892e-06 -1.0766667 -1.0766667 -1.0766667 -1.0760964 -1.09 -1.09 -1.09 -1.2933239 -1.2933333 -1.2933333 -1.2933333 -1.2966667 -1.2966667 -1.2966666 -1.1266667 -1.1266667 -1.13
0.31333333 0.31333333 0.31333333 0.030000653 0.03 0.03 0.13999996 0.14 0.14 0.02 0.02 0.02 -0.48 -0.48 -0.48 -0.49878602 -0.72666667 -0.72666667 -0.72666182 1.1394001 2.1366667 2.1366667 2.1366667 2.1366667 2.1366667 2.1360546 1.3233333 1.3233333 1.3233333 0.39666667 0.39666667 0.39694344 -0.05 -0.05 -0.05 -0.49666666 -0.49666667 -0.94666667 -0.94666667 -0.94666667 -0.74666667 -1.0898923 -1.0899995 -1.0266667 -1.0266667 -1.036773 -1.2933326 -1.2966667 -1.2966667 -1.1266667 -1.1266667 -1.1266667 -1.13
