interpolatedSpi/06-06|20_2.tif
NCOLS 53
NROWS 52
XLLCORNER -116.03883
YLLCORNER 28.596182
DX 0.49850594
DY 0.49788537
NODATA_VALUE -9999
1.67 1.67 0.9944701 0.52 1.37 1.25 2.16 1.58 1.0388085 1.17 1.14 1.01 0.34006999 1.19 0.71 0.71 0.71 0.75 1.08 1.08 1.08 1.0800027 1.36 0.47 0.47 0.47 1.8799949 1.88 1.88 0.83 0.83 0.83 0.83 1.7399998 1.74 1.74 1.74 1.74 1.74 1.74 1.9774409 1.979875 1.49 1.49 1.49 1.49 1.4908003 1.98 1.98 1.98 2.2499994 2.25 2.25 
1.6699631 0.84 1.4000008 1.4962299 1.5299394 1.82 1.62 1.9102871 1.45 0.9 0.49 0.34 0.34 0.99066689 1.1899933 0.71 0.75 0.75 1.0795697 1.08 1.08 1.08 0.47842193 0.47 0.47 0.47 0.39000001 0.39 0.83 0.83 0.83 0.83 0.83 1.7399999 1.74 1.74 1.74 1.74 1.7399999 1.4510216 0.030070083 1.3128406 1.49 1.49 1.49 1.49 1.49 1.98 1.98 1.98 2.0023887 2.25 2.25 
2.0899714 2.09 2.12 2 1.74 1.72 1.41 1.21 1.14 0.6 0.76 -0.46 0.1 -0.3 0.99 0.93 0.75 0.75 0.75 1.2799419 1.28 1.28 0.63 0.47 0.47 0.47 0.39 0.39 0.39 0.83 0.83 0.82999997 0.48820595 1.7351164 1.7237112 0.0060360737 -0.01 -0.01 -0.0049690542 0.03 0.03 0.031866971 1.49 1.49 1.49 1.49 1.49 1.98 1.98 1.98 1.98 2.25 2.25 
1.17 2.0899999 1.4600199 1.63 0.93 1.69 2.44 0.5 1.23 0.47151884 0.31 3.4199605e-11 -0.33 -0.3 0.82 0.93 0.67198925 0.67005605 0.94 1.28 1.28 0.37 0.63 0.63 0.47 0.4699996 0.39 0.39 0.39 -1.01 -0.38999417 0.12 0.12 0.1199999 -0.01 -0.01 -0.01 -0.01 0.03 0.03 0.03 0.030000055 1.49 1.49 1.49 1.49 1.49 1.9799938 1.98 1.98 1.98 2.2499451 2.25 
1.17 0.79000123 1.46 1.5122246 0.93 1.93 1.2200546 1.36 0.63 0.9800003 0.68223225 0.54010886 1.3 0.82 0.82 0.88951586 0.67 0.67 0.94 0.94 1.2799981 0.37 0.76 0.52 -0.13 -0.12998116 0.39 0.39 -1.01 -1.01 0.12 0.12 0.12 0.14451462 -0.0099999996 -0.01 -0.01 0.03 0.03 0.03 0.03 0.030031855 1.49 1.49 1.49 1.49 1.49 1.4943616 1.98 1.9799368 0.57 0.57 0.57 
-0.27 0.96 0.75000001 1.22 1.88 2.44 1.85 1.787266 1.79 1.52 1.18 0.55 0.55000049 0.34 0.34 0.23006277 0.23 0.56 0.56 0.93999922 -0.25 -0.25 0.52 -0.13 -0.13 -0.05 -1.55 -1.55 0.32987824 -1.01 0.12 0.12 0.25 0.25004806 0.70996675 -0.28 -0.28 -0.065905577 0.03 0.03 0.35958842 0.36 0.35999886 0.41924149 0.40012047 0.40000029 0.40000004 0.4000004 -0.54192419 0.57 0.57 0.57 0.57 
0.29999959 0.58 0.41851848 1.21 2.3 1.48 1.19 1.63 2.3 2.3 1.18 0.93 0.079999928 0.34 0.48999955 0.49 0.23 0.44 0.06 0.06 -0.16045967 -0.06 -0.06 -1.49 -0.05 -0.05 -1.55 -1.55 0.3299965 0.32993562 0.76845675 0.25 0.25 0.71 0.71 -0.59044482 -0.28 -0.28 -1.0799723 0.359998 0.36 0.36 0.35999486 0.40000312 0.4 0.4 0.4 0.39999927 -0.82 0.56972454 0.57 0.57 0.57 
0.3 0.3 0.64 0.31 -0.25996732 0.72 1.04 1.43 1.34 1.08 1.08 -0.27 0.08 0.08 0.48718702 0.17123506 0.14 0.54 -0.029999908 0.06 -1.2903759 -1.27 -1.39 -1.87 -1.8699929 -1.32 -1.91 -1.9099999 0.27021025 0.27000001 0.77 0.92838386 1.03 0.71 0.66607735 -0.85 -0.85 -1.08 -1.08 0.36 0.36 0.35999999 0.95342884 0.95999997 0.4 0.4 0.4 -0.81995356 -0.82 -0.82 0.57 0.57 0.57 
0.28482845 0.30000001 0.32 0.01 1.07 0.71 0.84 1.89 1.84 1.6246918 0.3 0.35 0.35 -0.5 -0.4999922 -0.049470454 -0.05 -0.05 0.45298862 -0.79000015 -1.51 -1.51 -1.29 -1.3505916 -1.3754255 -1.32 -1.43 -1.91 -0.74679887 -0.74 0.9 2.56 2.0110132 -0.69 -0.83 -1.19 -0.84 -0.63 -0.95984762 0.35785739 -0.12 -0.02 0.95991695 0.96 0.95684802 0.4 -0.85999993 -0.82 -0.82 -0.82 -0.82000001 0.18278187 -0.16 
0.2 0.2 0.58 0.28 1.21 1.79 1.06 1.56 2.15 1.5700296 0.95 0.21 -0.5 -0.5 0.33 0.32478813 -0.05 -0.050070805 -0.43 -0.79 -0.79 -0.88276014 -1.29 -1.1200032 -1.12 -1.12 -1.43 0.3 0.3 -0.74 -0.74 2.5579327 1.47 -0.69 -0.63 -1.19 -0.84 -0.72 -0.96 0.87969288 -0.020000004 0.15264951 0.45 0.96 0.96 -0.86 -0.86 -0.86 -0.82 -0.82 -2.54 -2.54 -2.5399991 
0.2 0.2 0.22 0.2 0.43 0.64 0.65000001 0.94027005 1.22 1.1 0.57 -0.48 0.20908036 0.33 0.33 0.32999192 0.26 0.22378556 -0.43 0.61 0.61 -0.22 -0.22 -1.12 -1.12 -1.12 0.3 0.3 0.3 -0.96 -0.96 -0.95999599 -0.54 -0.54 -0.62 -1.18 -0.76 0.35999285 -1.69 0.91 0.91 0.66999928 0.45 0.96 -0.92999953 -0.78 -0.62103362 -0.62 -1.65 -1.65 -2.54 -2.54 -2.54 
0.2 0.20863047 0.21146529 -0.059993448 0.27 0.3 0.65 0.94 1.2199977 1.1013295 -0.47999794 -0.48 0.52 0.33 0.33 0.26 0.26 0.25996073 -0.43 0.61 0.44700489 -0.22 -0.22 -1.1199635 -1.12 -0.98193778 -0.7 -0.7 -0.69999987 -0.96 -0.96 -1.29 -1.29 -0.54000022 -0.62 -0.75999991 -0.71510092 0.36 0.36 0.90999999 0.67 0.67 0.66998839 -0.93 -0.93 -0.78 -0.62 -0.62 -1.65 -1.65 -2.54 -2.54 -2.54 
1.12 1.463241 1.5699489 1.5581914 0.27000021 0.29999929 0.64999999 0.93643027 1.2007051 1.2168665 0.52 0.52 0.52 0.52 0.33002691 0.26 0.26 0.251091 -0.43 0.60984007 0.08 0.08 0.08 0.08 -1.0993491 -0.7 -0.7 -0.7 -0.7 -0.70029826 -1.29 -1.29 -1.29 -1.29 -0.76 -0.76 -0.76 0.30501724 0.35631984 -0.13 -0.13 0.66995697 -1.0099973 -0.93000771 -0.93 -0.78 -0.62 -0.62 -1.65 -1.65 -2.5367712 -2.54 -1.3208421 
1.12 1.57 1.57 1.57 1.57 1.5699995 0.64910409 0.78725354 1.1492282 0.5207509 0.52 0.52 0.52 0.52 0.52000024 0.26 0.25999989 0.21267071 -0.42998873 0.08 0.08 0.08 0.08 0.08 0.051246571 -1.063661 -1.2299999 -1.23 -1.23 -1.23 -1.29 -1.29 -1.2900005 -1.69 -1.69 -0.76 -0.67250274 -0.67 -0.13000031 -0.13 -0.13 -0.13 -1.01 -1.01 -1.01 -1.0083994 -2.1301436 -2.14 -2.14 -2.14 -2.14 -1.5700002 -1.57 
1.35 1.57 1.57 1.57 1.57 1.57 1.5699999 0.65651729 0.86123211 0.86 0.86 0.86 0.86 0.86 0.86 0.12512325 0.25755821 0.16551592 0.079936108 0.08 0.08 0.08 0.08 0.079999314 -1.25 -1.25 -1.25 -1.23 -1.23 -1.2301201 -1.29 -1.29 -1.69 -1.69 -1.69 -0.83339282 -0.67 -0.67 -0.67 -0.13 -0.13 -0.13 -1.01 -1.01 -1.01 -1.01 -2.14 -2.14 -2.14 -2.14 -2.14 -1.57 -1.57 
1.35 1.4319035 1.57 1.57 1.57 1.57 0.50021 0.5 0.50000001 0.86 0.86 0.86 0.86 0.86 0.69454475 0.11 0.11 0.11 -0.50820254 -0.5099994 -0.51 -0.51 -0.51 -0.51 -1.25 -1.25 -1.25 -1.25 -1.23 -1.29 -1.29 -1.29 -1.69 -1.69 -1.69 -0.49 -0.66976167 -0.67 -0.67 -0.13010656 -0.3424112 -0.83787797 -1.01 -1.01 -1.3090742 -1.31 -1.31 -2.1373038 -0.50573106 -0.50000014 -0.50000031 -0.27019683 -1.5699974 
1.35 1.2624174 1.4131257 1.57 1.57 0.50063221 0.5 0.5 0.5 0.50259426 0.86 0.86 0.86 0.85999991 0.11 0.11 0.11 0.11 -0.50944617 -0.51 -0.51 -0.51 -0.51 -0.51 -1.25 -1.25 -1.25 -1.25 -1.2501455 -1.29 -1.29 -1.29 -0.81000001 -1.6898567 -0.49 -0.49 -0.49 -0.48671563 -0.82921735 -0.84 -0.84 -0.84 -0.97 -0.97 -1.31 -1.31 -1.31 -0.50000001 -0.5 -0.5 -0.5 -0.27 -0.27 
1.260227 1.26 1.26 1.26 0.42 0.49999794 0.5 0.5 0.5 0.5 0.81381787 0.85999205 0.85999998 0.11 0.11 0.11 0.11 0.11 -0.022565536 -0.51 -0.51 -0.51 -0.51 -0.51 -0.71469084 -0.48000417 -0.48 -0.48 -0.48 -1.29 -0.81000001 -0.81 -0.81 -0.81 -0.49 -0.4899921 -0.19 -0.19 -0.83188378 -0.84 -0.84 -0.84 -0.97 -0.97 -1.2573563 -1.31 -1.31 -0.5 -0.5 -0.5 -0.4975338 -0.27 -0.27 
1.26 1.26 1.26 0.86443147 0.42 0.42 0.5 0.5 0.5 0.5 0.25 0.25 0.25 0.11 0.11 0.11 0.11 0.10989919 -1.22 -1.22 -0.51000029 -0.51 -0.51608645 -0.76 -0.75747928 -0.48 -0.48 -0.48 -0.48 -0.8099664 -0.81 -0.81 -0.81 -0.81 -0.19000105 -0.19 -0.19 -0.19 -0.19225335 -0.84 -0.84 -0.84 -0.97 -0.97 -0.97 -1.31 -1.31 -0.49999999 -0.5 -0.5 -0.27 -0.27 -0.27 
1.26 1.26 1.26 0.42 0.42 0.42 0.42000012 0.5 0.5 0.25025807 0.25 0.25 0.25 0.24991276 -0.38374767 -0.5 -0.5 -0.5 -1.22 -1.22 -1.22 -0.76 -0.76 -0.76 -0.76006723 -0.75275264 -0.48 -0.48 -0.48 -0.021759726 0.14990558 0.15 0.15 0.15 0.047128495 0.37999871 0.38 0.38 0.38 -0.070105358 -0.07 -0.07 -0.97 -0.97 0.52999374 0.53000021 1.13 1.13 1.15 1.15 1.15 -0.27 0.89895388 
1.2600013 1.26 1.26 0.42 0.42 0.42 0.42 0.21000008 0.49884047 0.25005441 0.25 0.25 0.25 0.24852829 -0.5 -0.5 -0.5 -0.50000021 -1.22 -1.22 -1.22 -0.76 -0.76 -0.76 -1 -1 -0.73 -0.73 -0.73 -0.72519932 0.15 0.15 0.15 0.15 0.26493677 0.38 0.38 0.38 0.38 -0.07 -0.07 -0.07 -0.051121704 0.53 0.53 0.53 1.13 1.13 1.15 1.15 1.15 0.90000001 0.9 
1.67 1.4415031 -0.02 -0.019872348 0.42 0.21121505 0.21 0.21 0.37397038 0.31000001 0.31 0.31 0.31 -1.0299564 -1.03 -0.50000041 -0.5 -0.51897094 -1.22 -1.22 -1.22 -1.05 -1.05 -1.05 -1 -1 -0.73 -0.73 -0.73 -0.72999942 0.070000508 0.070000225 0.14798932 0.14991423 -0.1097002 -0.11 -0.11 -0.11 -0.11 -0.07 -0.07 -0.07 0.49696206 0.53 0.53 0.52999999 1.13 1.13 1.1300007 1.15 1.1499799 0.7 0.9 
1.0401196 1.0399998 -0.02 -0.02 -0.02 0.21 0.21 0.21 0.66 0.66 0.31 0.31 0.31 -1.03 -1.03 -1.03 -1.03 -1.0300191 -1.22 -1.22 -1.22 -1.05 -1.05 -1.05 -1 -1 -0.73 -0.73 -0.73 0.060979941 0.07 0.07 0.07 0.07 -0.10991118 -0.11 -0.11 -0.11 -0.11 -0.16999997 -0.17 -0.17 -0.17 0.52999977 0.5 0.5 0.5 1.39 1.39 1.39 0.7 0.7 0.7 
1.04 1.04 -0.02 -0.02 -0.02 0.20879108 0.21 0.66 0.66 0.66 0.31004309 0.31 0.0158351 -1.0299998 -1.03 -1.03 -1.03 -1.02 -1.02 -1.02 -0.98 -0.98000005 -1.0499997 -1.05 -1.0497429 -0.64 -0.64 -0.64000021 -0.72998546 0.24996413 0.24999904 0.24996857 0.070307639 0.070155338 -0.077825468 -0.11000031 -0.11271449 -0.92 -0.92 -0.17 -0.17 -0.17 -0.17 0.5 0.5 0.5 0.5 1.39 1.39 1.39 0.7 0.7 0.7 
1.04 1.04 -0.02 -0.02 -0.02 -0.019999999 0.37842186 0.66 0.66 0.66 0.65960781 -0.05 -0.05 -0.05 -1.0242246 -1.03 -1.0200666 -1.02 -1.02 -1.02 -0.98 -0.98 -0.98 -0.98 -0.64 -0.64 -0.64 -0.64 -0.64 0.25 0.25 0.25 0.25 0.24999952 0.02 -0.92 -0.92 -0.92 -0.92 -0.9199995 -0.88 -0.88 -0.88 -0.5155346 0.24 0.24 0.24 1.39 1.389999 0.41 0.41 0.41007055 0.41 
1.04 1.04 0.36258557 -0.02 -0.02 -0.020000002 -0.098651362 0.6576049 0.66 0.66 -0.05 -0.05 -0.05 -0.05 -0.05 -0.13047174 -1.02 -1.02 -1.02 -1.02 -0.98000031 -0.98 -0.98 -0.98 -0.64 -0.64 -0.64 -0.64 -0.64 -0.48156685 0.25 0.25 0.25 0.02 0.02 0.019270067 -0.92 -0.92 -0.63861074 -0.42000004 -0.88 -0.88 -0.88 -0.52102469 0.24 0.24 0.24 0.66 0.41311498 0.41 0.41 0.41 0.41 
-0.2 -0.2 -0.2 -0.065130948 -0.020957151 -0.1 -0.1 -0.1 -0.1 -0.05 -0.05 -0.05 -0.05 -0.05 -0.05 -0.050061468 -1.02 -1.02 -1.02 -1.02 -0.9974547 -0.98 -0.98 -0.97555103 -0.8024301 -0.64 -0.64 -0.64 -0.74 -0.74 -0.74 -0.73999584 0.02 0.02 0.02 0.02 -0.42 -0.42 -0.42 -0.42 -0.78 -0.78 -0.78 -1.5682189e-05 5.6789055e-43 6.4408331e-37 7.5980345e-08 0.66 0.66 0.41030461 0.41 0.40999889 0.41 
-0.2 -0.2 -0.2 -0.20002585 -0.68 -0.59565847 -0.1 -0.1 -0.1 -0.05 -0.05 -0.05 0.15999999 0.16 0.16 0.15999997 -1.0197069 -1.02 -1.02 -1.02 -1.0193842 -0.81000047 -0.81 -0.81 -0.81 -0.81 -1.04 -1.04 -0.74 -0.74 -0.74 -0.74 0.019999913 0.02 0.02 0.019990226 -0.41999998 -0.42 -0.42 -0.41776272 -0.78 -0.78 -0.78 -3.6170718e-05 -6.4299925e-42 -3.3245499e-51 1.2370594e-10 0.66 0.66 0.65999994 0.19 0.19 -0.29 
-0.2 -0.2 -0.2 -0.67999889 -0.68 -0.68 -0.10000022 -0.1 -0.1 -0.05 -0.05 -0.05 0.16 0.16 0.16 0.082317259 -0.86 -0.86 -0.86000041 -1.0190963 -0.81 -0.81 -0.81 -0.81 -0.81 -0.81017309 -1.04 -1.04 -1.04 -0.74 -0.74 -0.73978759 -0.1 -0.1 -0.1 -0.14 -0.14 0.09 0.09 0.09 -0.16 -0.77980552 -0.77999448 -0.04 -0.04 -0.038484045 1.0120564e-06 0.66 0.66 0.19 0.19 0.19 -0.29 
-0.2 -0.2 -0.2 -0.68 -0.68 -0.68 -0.68 -0.1 -0.1 -0.05 -0.05 0.15160303 0.16 0.16 0.16 -0.86 -0.86 -0.86 -0.86 -0.86 -0.81 -0.81 -0.81 -0.81 -0.81 -1.0399992 -1.04 -1.04 -1.04 -0.41 -0.41 -0.41 -0.1 -0.1 -0.1 -0.14 -0.14 0.09 0.09 -0.16 -0.16 -0.16 -0.04 -0.04 -0.04 -0.04 -0.026034953 0.13 0.13 0.13 0.18999999 -0.11 -0.11 
-0.2 -0.2 -0.20066842 -0.68 -0.68 -0.68 -0.68 -1.3464082 -1.38 -1.3777166 -0.050000012 0.15995561 0.16 0.16 0.15999647 -0.86 -0.86 -0.86 -0.86 -0.86 -0.84836287 -0.81 -0.81 -0.81 -0.81005767 -1.0400028 -1.04 -1.04 -1.04 -0.41 -0.41 -0.41 -0.40995681 -0.1 -0.14 -0.14 -0.14 -0.13999051 0.089982951 -0.16 -0.16 -0.16 -0.040007285 -0.04 -0.04 -0.04 0.12999718 0.13 0.13 0.13 -0.11 -0.11 -0.11 
-0.68 -0.67999916 -0.67974755 -0.68 -0.68 -0.68 -1.379851 -1.38 -1.38 -1.38 -0.37000003 -0.37 -0.37 -0.37 -0.85773838 -0.86 -0.86 -0.86 -0.86 -0.85000001 -0.85 -0.85 -1.09 -1.09 -1.09 -1.09 -1.0856844 -1.04 -0.60001802 -0.6 -0.6 -0.6 -0.6 -0.11 -0.11 -0.11 -0.11 -0.11 -0.29 -0.29 -0.29 -0.29 -0.29 -0.14983418 -0.15 -0.15 -0.15 0.13 0.13 0.13 -0.10996219 -0.11 -0.11 
-0.68 -0.68 -0.68812131 -1.6499981 -1.6499998 -1.6497361 -1.38 -1.38 -1.38 -1.38 -0.37 -0.37 -0.37 -0.37 -0.37 -0.86 -0.86 -0.86 -0.85 -0.85 -0.85 -0.85 -1.09 -1.09 -1.09 -1.09 -1.09 -1.0899889 -0.60014674 -0.6 -0.6 -0.6 -0.60005895 -0.21771131 -0.11011153 -0.11 -0.11 -0.11 -0.29 -0.29 -0.29 -0.29 -0.29 -0.15 -0.15 -0.15 -0.15 -0.019066529 0.13 0.62442153 0.63 -0.08 -0.08 
-0.68 -0.68 -1.6498771 -1.65 -1.65 -1.65 -1.5814211 -1.38 -1.38 -1.38 -0.37 -0.37 -0.37 -0.37 -0.37 -0.85963105 -0.86 -0.85000293 -0.85 -0.85 -0.85 -0.85 -1.0010904 -1.09 -1.09 -1.09 -1.09 -1.0899223 -0.98 -0.98 -0.98 -0.98 -0.98 -0.3 -0.3 -0.3 -0.3 -0.3 -0.21 -0.21 -0.21 -0.21 -0.21 -0.14833967 -0.14999965 -0.15 -0.14988473 -0.1360182 0.63 0.63 0.63 -0.079996023 -0.08 
-0.68000116 -1.2977175 -1.65 -1.65 -1.65 -1.65 -1.65 -1.380115 -1.38 -1.38 -0.37 -0.37 -0.37 -0.37 -1.2402319 -1.26 -1.26 -0.85001055 -0.85 -0.85 -0.85 -0.85 -0.85000018 -1.09 -1.09 -1.09 -1.09 -1.4899995 -1.4899998 -1.3814596 -0.98 -0.98 -0.98 -0.30000001 -0.3 -0.3 -0.3 -0.30052151 -0.21 -0.21 -0.21 -0.21 -0.21001532 0.53 0.53 0.53 0.53 0.53000807 0.63 0.63 0.63 0.62999986 0.39293083 
-1.31 -1.31 -1.346165 -1.65 -1.65 -1.65 -1.65 -1.65 -1.3801145 -1.12 -1.12 -1.12 -1.1182201 -1.2599987 -1.26 -1.26 -1.26 -1.26 -0.85000791 -0.91769785 -1.51 -1.51 -1.51 -1.4058269 -1.1396226 -1.4051434 -1.6290652 -1.49 -1.49 -1.49 -1.49 -1.49 -1.4653129 -1.0686531 -1.07 -1.07 -1.07 -1.07 -0.24757096 -0.40999964 -0.41 -0.41 -0.41 0.18000103 0.52999991 0.53 0.53 1.21 0.63000929 0.63 0.63 0.4 0.4 
-1.31 -1.31 -1.13 -1.13 -1.13 -1.6498268 -1.65 -1.65 -1.12 -1.12 -1.12 -1.12 -1.12 -1.26 -1.26 -1.26 -1.26 -1.26 -1.51 -1.51 -1.51 -1.51 -1.51 -1.71 -1.71 -1.71 -1.71 -1.49 -1.49 -1.49 -1.49 -1.49 -0.95 -0.95 -1.07 -1.07 -1.07 -0.81004428 -0.81 -0.41 -0.41 -0.41 -0.40999994 0.18 0.18 0.18 1.21 1.21 1.21 0.47 0.47 0.4 0.4 
-1.31 -1.31 -1.13 -1.13 -1.13 -1.13 -1.1300004 -1.21 -1.1200847 -1.12 -1.12 -1.12 -1.12 -1.2582536 -1.26 -1.26 -1.26 -1.26 -1.51 -1.51 -1.51 -1.51 -1.51 -1.71 -1.71 -1.71 -1.71 -1.7099991 -1.49 -1.49 -1.49 -0.95002831 -0.95 -0.95 -0.95 -1.07 -0.81 -0.81 -0.81 -0.79947525 -0.072796612 -0.01 -0.01 0.18 0.18 0.18 1.21 1.21 1.21 0.47 0.47 0.47 -0.22494428 
-1.08 -1.0800018 -1.13 -1.13 -1.13 -1.13 -1.21 -1.21 -1.21 -1.12 -1.12 -1.12 -1.12 -1.1200435 -1.26 -1.26 -1.26 -1.26 -1.5099955 -1.51 -1.51 -1.51 -1.6747572 -1.71 -1.71 -1.71 -1.71 -1.5700001 -1.57 -1.57 -1.4908384 -0.95 -0.95 -0.95 -0.94999917 -0.080000013 -0.81 -0.81 -0.81 -0.80999999 -0.01 -0.01 -0.01 0.6 0.6 0.6 1.2899922 1.21 1.21 0.47 0.47 0.47 -0.28999824 
-1.08 -1.08 -1.13 -1.13 -1.13 -1.21 -1.21 -1.21 -1.21 -1.1298565 -1.12 -1.12 -1.12 -1.1199996 -0.99003107 -0.99 -0.99 -0.99 -0.60893246 -1.14 -1.14 -1.14 -1.14 -1.71 -1.71 -1.71 -1.7099908 -1.57 -1.57 -1.57 -1.57 -0.94991956 -0.46065017 -0.08 -0.08 -0.08 -0.80697382 -1.6864128e-05 -9.9088389e-16 -2.402555e-12 -0.009584857 0.51999998 0.52 0.6 0.6 0.60000292 1.29 1.29 0.09 0.09 0.09 -0.02 0.34 
-1.08 -1.08 -0.91 -0.91 -0.91 -1.21 -1.21 -1.21 -1.21 -0.82 -0.82 -0.82 -0.82 -0.8319803 -0.99 -0.99 -0.99 -0.99 -0.59 -1.14 -1.14 -1.14 -1.14 -2.89 -2.8899995 -1.7100017 -1.57 -1.57 -1.57 -1.57 -1.0333482 -0.51 -0.1311641 -0.08 -0.08 -0.08 -4.3004815e-14 -7.0767613e-54 -8.0049071e-90 5.7154252e-29 0.52 0.52 0.52 1.109814 1.11 1.2891909 1.29 1.29 0.090000824 0.09 -0.02 -0.02 0.34 
-1.08 -0.91 -0.91 -0.91 -0.91 -0.91 -1.2082145 -0.98 -0.98 -0.82 -0.82 -0.82 -0.82 -0.82004026 -0.99 -0.99 -0.99 -0.97192673 -0.59 -0.59 -1.14 -1.14 -2.89 -2.89 -2.89 -2.89 -1.57 -1.57 -1.57 -1.57 -0.51 -0.51 -0.51 -0.080435124 -0.08 -0.08 -7.5028388e-17 1.6927921e-40 8.7335869e-53 7.0086451e-24 0.52 0.52 0.52 1.11 1.11 1.1099915 0.96 0.96 0.16 0.16 -0.02 -0.02 0.34 
-0.91159651 -0.91 -0.91 -0.91 -0.91 -0.91 -0.98 -0.98 -0.98 -0.89436131 -0.82 -0.82 -0.82 -0.8200008 -0.99 -0.99 -0.99 -0.59 -0.59 -0.59 -1.1399725 -1.1400107 -2.89 -2.89 -2.89 -2.89 -1.5700938 -1.57 -1.57 -0.51024377 -0.51 -0.51 -0.51 -0.51 -0.080384707 0.37 0.37 0.36359651 1.0963561e-11 2.7114918e-15 0.51999954 0.52 1.0928456 1.11 1.11 0.96000005 0.96 0.96 0.16 0.16 0.04 0.04 0.19 
-0.91 -0.91 -0.91 -0.91 -0.91 -0.91 -0.98 -0.98 -0.98 -0.98 -0.82 -0.82 -0.82 -0.82 -0.98999969 -0.95794951 -0.94 -0.94 -0.59064522 -0.59 -0.59000011 -2.8899975 -2.89 -2.89 -2.89 -2.89 -2.8890403 -1.57 -1.5699638 -0.51 -0.51 -0.51 -0.51 -0.51 0.37 0.37 0.37 0.37 0.37 0.36999753 -0.12 -0.12 -0.11999995 0.04 0.04 0.04 0.12 0.12 0.08 0.08 0.04 0.040000327 0.19 
-0.91 -0.91 -0.91 -0.91 -0.91 -0.91 -0.98 -0.98 -0.98 -0.82 -0.82 -0.82 -0.82 -0.82 -0.85163171 -0.94 -0.94 -0.94 -0.94 -0.94 -0.92328865 -2.89 -2.89 -2.89 -2.89 -2.827826 -0.91310264 -1.4801327 -0.51522737 -0.51 -0.51 -0.51 -0.51 -0.50999807 0.37 0.37 0.37 0.37 0.37 0.14205314 -0.12 -0.12 -0.12 0.04 0.04 0.04 0.12 0.12 0.08 0.08 0.37999999 0.20048115 0.19 
-0.91 -0.91 -0.91 -0.91 -0.91 -0.91000002 -0.97999998 -0.98 -0.97335911 -0.82 -0.82 -0.82 -0.82 -0.82 -0.82575594 -0.94 -0.94 -0.94 -0.94 -0.94 -0.94 -1.2128051 -0.91000277 -0.91 -0.91 -0.91 -0.91 -0.91 -0.47606678 -0.47000047 -0.47 -0.47 -0.47 -0.4699994 0.37 0.37 0.37 0.37 0.37 -0.11999994 -0.12 -0.12 -0.12 -0.11999993 0.04 0.04 0.11999999 0.18878901 0.080096382 0.38 0.38 0.3843652 0.59 
-0.91 -0.91 -0.91 -0.91 -0.91 -0.91000447 -0.97999622 -0.97999032 -0.8200002 -0.82 -0.82 -0.82 -0.82 -0.82 -0.82228334 -0.94 -0.94 -0.94 -0.94 -0.94 -0.94 -0.91 -0.91 -0.91 -0.91 -0.91 -0.91 -0.91 -0.47012146 -0.47 -0.47 -0.47 -0.47 -0.47 -0.23984008 0.37 0.37 0.37 0.37 -0.12 -0.12 -0.12 -0.12 -0.11995901 0.04 0.04 0.040940127 0.19 0.19 0.38 0.38 0.59 0.59 
-0.91 -0.91 -0.91 -0.91 -0.91 -0.91009335 -0.9799124 -0.83805495 -0.82 -0.82 -0.82 -0.82 -0.82 -0.82 -0.82210081 -0.94 -0.94 -0.94 -0.94 -0.94 -0.93572855 -0.91 -0.91 -0.91 -0.91 -0.91 -0.91 -0.91 -0.47000176 -0.47 -0.47 -0.47 -0.47 -0.47 -0.47 0.40051705 0.44801481 0.47397329 0.47792364 -0.082075588 -0.11999999 -0.12 -0.12 0.039987224 0.04 0.039880616 0.020000813 0.19 0.19 0.71997601 0.72 0.72 0.59000006 
-0.91 -0.91 -0.91 -0.91 -0.91000007 -0.9105837 -0.96567645 -0.820044 -0.82 -0.82 -0.82 -0.82 -0.82 -0.82 -0.82280218 -0.94 -0.94 -0.94 -0.94 -0.94 -0.91000013 -0.91 -0.91 -0.91 -0.91 -0.91 -0.91 -0.91 -0.47000012 -0.47 -0.47 -0.47 -0.47 -0.47 -0.46999981 0.48 0.48 0.48 0.48 0.47 0.47 0.47 0.47 0.020000058 0.02 0.02 0.02 0.02000648 0.61 0.61 0.72 0.72 0.87750909 
-0.91 -0.91 -0.91 -0.91000001 -0.91000195 -0.91182774 -0.83085607 -0.82000209 -0.82 -0.82 -0.82 -0.82 -0.82 -0.82 -0.82407354 -0.93999995 -0.94 -0.94 -0.94 -0.93981944 -0.91 -0.91 -0.91 -0.91 -0.91 -0.91 -0.91 -0.91 -0.4700001 -0.47 -0.47 -0.47 -0.47 -0.47 0.47999913 0.48 0.48 0.48 0.48 0.47 0.47 0.47 0.47 0.34854693 0.02 0.02 0.02 0.6099934 0.61 0.61 0.95 0.95 0.95 
-0.91 -0.91 -0.91 -0.91000016 -0.91001877 -0.90961673 -0.82058096 -0.82000052 -0.82 -0.82 -0.82 -0.82 -0.82 -0.82000001 -0.82579574 -0.93999718 -0.94 -0.94 -0.93999997 -0.91060785 -0.91 -0.91 -0.91 -0.91 -0.91 -0.91 -0.91 -0.91 -0.47000041 -0.47 -0.47 -0.47 -0.47 0.24008069 0.48000001 0.48 0.48 0.48 0.48 0.47 0.47 0.47 0.47 0.47 0.02 0.02 0.02 0.60999999 0.61 0.61 0.95 0.95 0.95 
-0.91 -0.91 -0.91000007 -0.91000184 -0.91007129 -0.86480111 -0.82009981 -0.82000032 -0.82 -0.82 -0.82 -0.82 -0.82 -0.82000023 -0.82784329 -0.93995617 -0.94 -0.94 -0.93984468 -0.91000255 -0.91 -0.91 -0.91 -0.91 -0.91 -0.91 -0.91 -0.90999974 -0.47000276 -0.47 -0.46999931 0.41472519 0.5 0.5 0.5 0.48 0.48 0.48 0.48 0.47 0.47 0.47 0.47 0.47 0.020007977 0.02 0.020000289 0.60999996 0.61 0.61000018 0.95 0.95 0.95 
