interpolatedSpi/06-05|21_3.tif
NCOLS 53
NROWS 52
XLLCORNER -116.03883
YLLCORNER 28.596182
DX 0.49850594
DY 0.49788537
NODATA_VALUE -9999
0.25 0.25 -0.038598299 -0.38 0.15 -0.59 -0.91 -0.46 -0.5262695 -1.1 -1.25 -0.87 -0.77992177 0.17 -0.56 -0.56 -0.56 -0.67 -0.61 -0.61 -0.61 -0.6099975 -0.35 -0.68 -0.68 -0.68 0.49997975 0.5 0.5 -0.48 -0.48 -0.48 -0.48 -1.4399998 -1.44 -1.44 -1.44 -1.44 -1.44 -1.44 -0.11427995 -0.10035917 -1.51 -1.51 -1.51 -1.51 -1.5085953 -0.65 -0.65 -0.65 1.2499961 1.25 1.25 
0.24997201 -0.38 -0.7799985 -0.63244746 -0.030077141 0.23 -0.02 0.039100504 -0.24 -0.96 -0.97 -0.78 -0.78 -0.15889963 0.16998957 -0.56 -0.67 -0.67 -0.61007823 -0.61 -0.61 -0.61 -0.70052847 -0.68 -0.68 -0.68 -0.060000043 -0.06 -0.48 -0.48 -0.48 -0.48 -0.48 -1.4399999 -1.44 -1.44 -1.44 -1.44 -1.4399999 -1.3807725 -1.1299864 -1.4638897 -1.51 -1.51 -1.51 -1.51 -1.51 -0.65 -0.65 -0.65 -0.49245018 1.25 1.25 
-0.52998029 -0.53 0.52 0.44 0.49 -0.05 0.95 1.11 0.12 0.03 -0.03 -0.11 0.07 -0.41 -0.16 -1.01 -0.67 -0.67 -0.67 -0.8999157 -0.9 -0.9 -1.07 -0.68 -0.68 -0.68 -0.06 -0.06 -0.06 -0.48 -0.48 -0.48 -0.465558 -1.4376745 -1.4331122 -0.70678097 -0.7 -0.7 -0.75408267 -1.13 -1.13 -1.1304859 -1.51 -1.51 -1.51 -1.51 -1.51 -0.65 -0.65 -0.65 -0.65 1.25 1.25 
0.63 -0.53000005 -0.78005668 0.44 -0.82 0.14 0.48 0.46 0.33 -0.28970916 -0.51 -0.39 -0.44 -0.41 -0.53 -1.01 -1.01 -1.0097618 -1.02 -0.9 -0.9 -0.97 -1.07 -1.07 -0.68 -0.6799969 -0.06 -0.06 -0.06 -1.23 -0.80203137 -0.45 -0.45 -0.4500002 -0.7 -0.7 -0.7 -0.7 -1.13 -1.13 -1.13 -1.13 -1.51 -1.51 -1.51 -1.51 -1.51 -0.65001085 -0.65 -0.65 -0.65 1.2499631 1.25 
0.63 1.3699961 -0.78 -1.1216378 -0.82 0.44 -0.41002092 -0.32 -0.01 -0.42999996 -0.38841017 -0.36995846 -0.08 -0.53 -0.53 -0.85116714 -1.01 -1.01 -1.02 -1.02 -0.90000012 -0.97 -0.72 -0.17 0.02 0.020063124 -0.06 -0.06 -1.23 -1.23 -0.45 -0.45 -0.45 -0.4669717 -0.7 -0.7 -0.7 -1.13 -1.13 -1.13 -1.13 -1.1299044 -1.51 -1.51 -1.51 -1.51 -1.51 -1.5023449 -0.65 -0.64996547 0.12 0.12 0.12 
-1.46 0.03 -0.92999999 -0.87 -1.33 -1.28 -1.1 -1.0001377 -0.46 0.06 -0.04 0.41 0.40999968 -0.34 -0.34 -0.50007485 -0.5 -0.52 -0.52 -1.0199991 -0.76 -0.76 -0.17 0.02 0.02 0.29 -0.34 -0.34 -0.32008233 -1.23 -0.45 -0.45 -0.54 -0.54005224 -1.0399643 -1.26 -1.26 -1.1702185 -1.13 -1.13 -0.14123474 -0.14 -0.14000019 -0.5767701 -0.56010499 -0.56000025 -0.56000003 -0.56000035 -0.043551335 0.12 0.12 0.12 0.12 
0.11001207 -0.09 1.4897548 -0.69 -1.48 -1.39 -0.84999999 -0.36 0.04 0.04 -0.04 -0.14 -0.17000012 -0.34 -0.80999859 -0.81 -0.5 -0.54 -0.05 -0.05 -0.64218378 -0.51 -0.51 0.50999999 0.29 0.29 -0.34 -0.34 -0.3199866 -0.31975323 -0.65824147 -0.54 -0.54 -1.04 -1.04 -1.2545536 -1.26 -1.26 -0.98000971 -0.14000117 -0.14 -0.14 -0.1400021 -0.56000134 -0.56 -0.56 -0.56 -0.5599997 -0.05 0.11996631 0.12 0.12 0.12 
0.11 0.69 1.58 -0.82 -0.92999369 -1.19 -0.74 -0.91999999 -0.52 -0.1 -0.1 -0.66 -0.17 -0.17 -0.80560901 -1.1196574 -1.15 -0.69 -0.48999955 -0.05 0.24726508 0.26 -0.05 0.96 0.95999639 0.68 -0.059999999 -0.060000099 -0.090805952 -0.090000012 -0.66 -1.4488452 -1.23 -1.04 -1.0391444 -1.25 -1.25 -0.98 -0.98 -0.14 -0.14 -0.14 -0.79631981 -0.79999999 -0.56 -0.56 -0.56 -0.050019413 -0.05 -0.05 0.12 0.12 0.12 
0.28491951 0.69 0.76 0.82 -0.46 -1.25 -0.94 -1.08 -0.5 -0.36443561 -0.24 -0.099999999 -0.1 -0.08 -0.08000141 -1.2896098 -1.29 -1.29 -0.65946969 -0.56999986 0.11 0.11 0.18 0.040639225 0.70821661 0.68 0.14 -0.06 -0.98459577 -0.99 -1.51 -1.05 -1.3169363 -1.49 -1.01 -1.1 -0.99 -1.12 -0.75017085 -0.14026783 -0.2 -0.3 -0.79985348 -0.8 -0.79864915 -0.56 -0.74999999 -0.050000006 -0.05 -0.05 -0.049999997 0.20591013 0.81 
-1.98 -1.98 1.29 0.46 -1.02 -1.02 -1.11 -1.23 -0.88 -0.33006175 -0.37 0.87 -0.08 -0.08 -0.23 -0.24453838 -1.29 -1.2899026 -0.79 -0.57 -0.57 -0.48239318 0.18 0.02000303 0.02 0.02 0.14 0.28 0.28 -0.99 -0.99 -1.0510052 -1.58 -1.49 -0.47 -1.1 -0.99 -0.55 -0.75 -0.22858972 -0.3 -0.15306424 0.1 -0.8 -0.8 -0.75 -0.75 -0.75 -0.05 -0.05 0.81 0.81 0.81 
-1.98 -1.98 0.19 -1.23 -0.9 -0.11 -0.9 -0.67003116 -0.46 -0.27 0.23 0.38 0.86934626 -0.23 -0.23 -0.23014766 -1.51 -1.472211 -0.79 -1 -1 -0.72 -0.72 0.02 0.02 0.02 0.28 0.28 0.28 -1.86 -1.86 -1.8599995 -1.46 -1.46 -1.83 -2.24 -1.13 -1.8799898 -1.02 -0.22 -0.22 -0.31999862 0.1 -0.8 -0.90999955 -0.33 -0.12271326 -0.12 0.22 0.22 0.81 0.81 0.81 
-1.98 -1.0433176 -0.41596465 -1.019983 0.58 -1.31 -0.9 -0.67 -0.46000175 -0.27210497 0.37999915 0.38 -0.32 -0.23 -0.23 -1.51 -1.51 -1.509959 -0.79 -1 -0.9450137 -0.72 -0.72 0.019970132 0.02 -0.2068165 -0.67 -0.67 -0.66999988 -1.86 -1.86 -1.88 -1.88 -1.460001 -1.83 -1.4600002 -1.057841 -1.88 -1.88 -0.22 -0.32 -0.32 -0.3200042 -0.91 -0.91 -0.33 -0.12 -0.12 0.22 0.22 0.81 0.81 0.81 
-2.81 -1.2389018 -1.3399942 -1.337656 0.57999021 -1.3099554 -0.90000001 -0.67283116 -0.47447115 -0.45503859 -0.32 -0.32 -0.32 -0.32 -0.23001275 -1.51 -1.51 -1.5007037 -0.79 -0.9999408 -0.8 -0.8 -0.8 -0.8 0.00554762 -0.67 -0.67 -0.67 -0.67 -0.670625 -1.88 -1.88 -1.88 -1.88 -1.46 -1.46 -1.46 -1.858349 -1.8758692 -1.33 -1.33 -0.32005433 -0.57001164 -0.90996725 -0.91 -0.33 -0.12 -0.12 0.22 0.22 0.80785954 0.81 0.16114531 
-2.81 -1.34 -1.34 -1.34 -1.34 -1.34 -0.90104925 -0.79114532 -0.5130788 -0.32014613 -0.32 -0.32 -0.32 -0.32 -0.32000038 -1.51 -1.5099999 -1.4606129 -0.79001006 -0.8 -0.8 -0.8 -0.8 -0.8 -0.78638092 -0.47549758 -0.42000005 -0.42 -0.42 -0.42 -1.88 -1.88 -1.8799995 -1.47 -1.47 -1.46 -1.5863849 -1.59 -1.3300002 -1.33 -1.33 -1.33 -0.57 -0.57 -0.57 -0.56832982 -0.040564124 -0.04 -0.04 -0.04 -0.039999995 0.50000006 0.5 
-2.68 -1.34 -1.34 -1.34 -1.34 -1.34 -1.34 -1.0155433 -0.84856412 -0.85 -0.85 -0.85 -0.85 -0.85 -0.84999999 -1.3791385 -1.5080316 -1.4114079 -0.79999898 -0.8 -0.8 -0.8 -0.8 -0.79999999 -0.17 -0.17 -0.17000035 -0.42 -0.42 -0.42070085 -0.77 -0.77 -1.47 -1.47 -1.47 -1.5707772 -1.59 -1.59 -1.59 -1.33 -1.33 -1.33 -0.57 -0.57 -0.57 -0.57 -0.040000001 -0.04 -0.04 -0.04 -0.04 0.5 0.5 
-2.68 -2.1811332 -1.34 -1.34 -1.34 -1.34 -1.4399804 -1.44 -1.44 -0.85 -0.85 -0.85 -0.85 -0.85 -0.96912778 -1.39 -1.39 -1.39 -0.7900314 -0.79000001 -0.79 -0.79 -0.79 -0.79 -0.17 -0.17 -0.17 -0.17 -0.42 -0.77 -0.77 -0.77 -1.4699999 -1.47 -1.47 -1.36 -1.5896955 -1.59 -1.59 -1.3298339 -0.99792052 -0.22331755 -0.57 -0.57 -0.081512169 -0.08 -0.08 -0.039655512 0.16926615 0.16999998 0.16999996 0.050068143 0.49999909 
-2.68 -2.1155771 -1.724595 -1.34 -1.34 -1.4399409 -1.44 -1.44 -1.44 -1.4357483 -0.85 -0.85 -0.85 -0.85000007 -1.39 -1.39 -1.39 -1.39 -0.79053597 -0.79 -0.79 -0.79 -0.79 -0.79 -0.17000001 -0.17 -0.17 -0.17 -0.17218241 -0.77 -0.77 -0.77 -0.9 -1.4699751 -1.36 -1.36 -1.36 -1.3505635 -0.30673776 -0.22 -0.22 -0.22 -0.57 -0.57 -0.08 -0.08 -0.08 0.17 0.17 0.17 0.17 0.05 0.05 
-2.1003051 -2.1 -2.1 -2.1 -1.56 -1.4400031 -1.44 -1.44 -1.44 -1.44 -0.86741311 -0.850003 -0.85000001 -1.39 -1.39 -1.39 -1.39 -1.39 -1.3196056 -0.79 -0.79 -0.79 -0.79 -0.79 -0.48261366 -0.45999843 -0.46 -0.46 -0.46 -0.77000001 -0.9 -0.9 -0.9 -0.9 -1.36 -1.3599774 -0.5 -0.5 -0.22349622 -0.22 -0.22 -0.22 -0.57 -0.57 -0.15586887 -0.08 -0.08 0.17 0.17 0.17 0.16871329 0.05 0.05 
-2.1 -2.1 -2.1 -1.8457059 -1.56 -1.56 -1.44 -1.44 -1.44 -1.44 -1.08 -1.08 -1.08 -1.39 -1.39 -1.39 -1.39 -1.3898281 -1.02 -1.02 -0.79000009 -0.79 -0.81702383 -1.9 -1.8870363 -0.46 -0.46 -0.46 -0.46 -0.8999552 -0.9 -0.9 -0.9 -0.9 -0.50000302 -0.5 -0.5 -0.5 -0.49900544 -0.22 -0.22 -0.22 -0.57 -0.57 -0.57 -0.08 -0.08 0.16999998 0.17 0.17 0.05 0.05 0.05 
-2.1 -2.1 -2.1 -1.56 -1.56 -1.56 -1.5599998 -1.44 -1.44 -1.0803716 -1.08 -1.08 -1.08 -1.0801931 -0.54820069 -0.35 -0.35 -0.35 -1.02 -1.02 -1.02 -1.9 -1.9 -1.9 -1.8994173 -0.12430444 -0.46 -0.46 -0.46 -0.96301577 -0.98999115 -0.99 -0.99 -0.99 -0.4300564 -0.33000039 -0.33 -0.33 -0.33 -0.34998221 -0.35 -0.35 -0.57 -0.57 -0.77999912 -0.78 -0.78 -0.78 -0.6 -0.6 -0.6 0.05 -0.7492847 
-2.0999987 -2.1 -2.1 -1.56 -1.56 -1.56 -1.56 -0.97000014 -1.4381208 -1.0803355 -1.08 -1.08 -1.08 -1.0785675 -0.35 -0.35 -0.35 -0.35000019 -1.02 -1.02 -1.02 -1.9 -1.9 -1.9 0.18 0.18 -0.37999999 -0.38 -0.38 -0.38332774 -0.99 -0.99 -0.99 -0.99 -0.66018123 -0.33 -0.33 -0.33 -0.33 -0.35 -0.35 -0.35 -0.36352945 -0.78 -0.78 -0.78 -0.78 -0.78 -0.6 -0.6 -0.6 -0.74999999 -0.75 
-1.67 -1.8577896 -1.39 -1.3900493 -1.56 -0.97341372 -0.97 -0.97 -1.1121077 -1.45 -1.45 -1.45 -1.45 0.25994433 0.26 -0.34999953 -0.35 -0.36765352 -1.02 -1.02 -1.02 -0.57 -0.57 -0.57 0.18 0.18 -0.38 -0.38 -0.38 -0.38000006 -0.46000337 -0.46000149 -0.97667925 -0.9894318 -0.49056702 -0.49 -0.49 -0.49 -0.49 -0.35 -0.35 -0.35 -0.75632281 -0.78 -0.78 -0.78000002 -0.78 -0.78 -0.77999352 -0.6 -0.60003846 -1.46 -0.75 
-1.6500038 -1.65 -1.39 -1.39 -1.39 -0.97 -0.97 -0.97 -1.36 -1.36 -1.45 -1.45 -1.45 0.26 0.26 0.26 0.26 0.25985563 -1.02 -1.02 -1.02 -0.57 -0.57 -0.57 0.18 0.18 -0.38 -0.38 -0.38 -0.45909799 -0.46 -0.46 -0.46 -0.46 -0.4899852 -0.49 -0.49 -0.49 -0.49 -0.29000002 -0.29 -0.29 -0.29 -0.78000107 -0.92 -0.92 -0.92 -1.47 -1.47 -1.47 -1.46 -1.46 -1.46 
-1.65 -1.65 -1.39 -1.39 -1.39 -0.97220759 -0.97 -1.36 -1.36 -1.36 -1.4499889 -1.45 -0.90252644 0.25999976 0.26 0.26 0.26 -0.56 -0.56 -0.56 -0.040000012 -0.040000394 -0.56999742 -0.57 -0.56930921 0.24 0.24 0.23999852 -0.3798998 0.27985253 0.27999606 0.27987081 -0.45873526 -0.45936139 -0.48417372 -0.48999976 -0.48788873 0.14 0.14 -0.29 -0.29 -0.29 -0.29 -0.92 -0.92 -0.92 -0.92 -1.47 -1.47 -1.47 -1.46 -1.46 -1.46 
-1.65 -1.65 -1.39 -1.39 -1.39 -1.39 -1.1159656 -1.36 -1.36 -1.36 -1.3596796 -0.78 -0.78 -0.78 0.25387104 0.26 -0.55453572 -0.56 -0.56 -0.56 -0.04 -0.04 -0.04 -0.04 0.24 0.24 0.24 0.24 0.24 0.28 0.28 0.28 0.28 0.28000158 1.03 0.14 0.14 0.14 0.14 0.13999814 -0.38 -0.38 -0.38 -0.5687399 -0.96 -0.96 -0.96 -1.47 -1.469999 -0.47 -0.47 -0.2702895 -0.27 
-1.65 -1.65 -1.4838417 -1.39 -1.39 -1.39 -1.6594676 -1.3609454 -1.36 -1.36 -0.78000011 -0.78 -0.78 -0.78 -0.78 -0.69472182 -0.56 -0.56 -0.56 -0.56 -0.040004022 -0.04 -0.04 -0.04 0.24 0.24 0.24 0.24 0.24 0.96722947 0.28 0.28 0.28 1.03 1.03 1.0293089 0.14 0.14 0.62398952 0.99999992 -0.38 -0.38 -0.38 -0.56449713 -0.96 -0.96 -0.96 0.37 -0.45953368 -0.47 -0.47 -0.27 -0.27 
-0.51 -0.51 -0.51 -1.1693598 -1.3893692 -1.66 -1.66 -1.66 -1.66 -1.28 -1.28 -0.78000004 -0.78 -0.78 -0.78 -0.77998604 -0.56 -0.56 -0.56 -0.56 -0.26691113 -0.04 -0.04 -0.0041465271 1.2814635 0.24 0.24 0.24 1.21 1.21 1.21 1.2099961 1.03 1.03 1.03 1.03 1 1 1 1 -0.17 -0.17 -0.17 -0.43999457 -0.44 -0.44 -0.44000016 0.37 0.37 -0.46897651 -0.47 -0.26999339 -0.27 
-0.51 -0.51 -0.51 -0.51002369 -0.95 -1.0532457 -1.66 -1.66 -1.66 -1.28 -1.28 -1.28 -0.35000002 -0.35 -0.35 -0.35000002 -0.56078768 -0.56 -0.56 -0.56 -0.55204016 1.3299962 1.33 1.33 1.33 1.33 1.96 1.96 1.21 1.21 1.21 1.21 1.0300006 1.03 1.03 1.0300643 0.99999999 1 1 0.998333 -0.17 -0.17 -0.17 -0.43998748 -0.44 -0.44 -0.44 0.37 0.37 0.37000009 1.04 1.04 0.5 
-0.51 -0.51 -0.51 -0.94999899 -0.95 -0.95 -1.6599997 -1.66 -1.66 -1.28 -1.28 -1.28 -0.35 -0.35 -0.35 -0.39874211 -0.99 -0.99 -0.98999889 -0.56242874 1.33 1.33 1.33 1.33 1.33 1.3304741 1.96 1.96 1.96 1.21 1.21 1.2100965 1.82 1.82 1.82 0.88 0.88 0.62 0.62 0.62 0.46 -0.16980239 -0.16999746 0.17 0.17 0.14688169 -0.43999702 0.37 0.37 1.04 1.04 1.04 0.5 
-0.51 -0.51 -0.51 -0.95 -0.95 -0.95 -0.95 -1.66 -1.66 -1.28 -1.28 -0.38718659 -0.35 -0.35 -0.35 -0.99 -0.99 -0.99 -0.99 -0.99 1.33 1.33 1.33 1.33 1.33 1.9599979 1.96 1.96 1.96 1.36 1.36 1.36 1.82 1.82 1.82 0.88 0.88 0.62 0.62 0.46 0.46 0.46 0.17 0.17 0.17 0.17 0.20614483 0.61 0.61 0.61 1.04 0.51 0.51 
-0.51 -0.51 -0.51061272 -0.95 -0.95 -0.95 -0.95 -1.2070432 -1.22 -1.220103 -1.28 -0.35003602 -0.35 -0.35 -0.35000221 -0.99 -0.99 -0.99 -0.99 -0.99 0.24618628 1.33 1.33 1.33 1.3300021 1.9599651 1.96 1.96 1.96 1.36 1.36 1.36 1.3600702 1.82 0.88 0.88 0.88 0.87998948 0.61998909 0.46 0.46 0.46 0.17001761 0.17 0.17 0.17 0.61000567 0.61 0.61 0.61 0.51 0.51 0.51 
-0.74 -0.7399996 -0.94976118 -0.95 -0.95 -0.95 -1.2199425 -1.22 -1.22 -1.22 -0.78000001 -0.78 -0.78 -0.78 -0.9890307 -0.99 -0.99 -0.99 -0.99 0.19999929 0.2 0.2 1.34 1.34 1.34 1.34 1.393514 1.96 1.8200057 1.82 1.82 1.82 1.82 1.12 1.12 1.12 1.12 1.12 1.3 1.3 1.3 1.3 1.3 1.1784775 1.18 1.18 1.18 0.61 0.61 0.61 0.51001575 0.51 0.51 
-0.74 -0.74 -0.73489285 -0.13000165 -0.13000018 -0.13106313 -1.22 -1.22 -1.22 -1.22 -0.78 -0.78 -0.78 -0.78 -0.78 -0.99 -0.99 -0.99 0.1999997 0.2 0.2 0.2 1.34 1.34 1.34 1.34 1.34 1.3401317 1.819776 1.82 1.82 1.82 1.81991 0.77985903 1.1196478 1.12 1.12 1.12 1.3 1.3 1.3 1.3 1.3 1.18 1.18 1.18 1.18 0.91345686 0.61 0.43200825 0.43 0.09 0.09 
-0.74 -0.74 -0.13007727 -0.13 -0.13 -0.13 -0.4068554 -1.22 -1.22 -1.22 -0.78 -0.78 -0.78 -0.78 -0.78 -0.98983869 -0.99 0.1996511 0.2 0.2 0.2 0.2 0.91767961 1.34 1.34 1.34 1.34 1.339929 1.24 1.24 1.24 1.24 1.24 0.52 0.52 0.52 0.52 0.52 0.41 0.41 0.41 0.41 0.41000001 1.1797314 1.1799999 1.18 1.1799814 1.1776484 0.43 0.43 0.43 0.090001904 0.09 
-0.73999969 -0.57331432 -0.13000006 -0.13 -0.13 -0.13 -0.13 -1.2195359 -1.22 -1.22 -0.78 -0.78 -0.78 -0.78 -0.80933366 -0.81 -0.81 0.19997401 0.2 0.2 0.2 0.2 0.20000005 1.34 1.34 1.34 1.34 0.74000049 0.74000023 0.84641215 1.24 1.24 1.24 0.52 0.52 0.52 0.52 0.51963427 0.41 0.41 0.41 0.41 0.40999847 1.07 1.07 1.07 1.07 1.0699484 0.43 0.43 0.43 0.42999988 0.23779089 
-0.57 -0.57 -0.46942736 -0.13 -0.13 -0.13 -0.13 -0.13 -1.2195341 -0.76000001 -0.76 -0.76 -0.76004746 -0.80999996 -0.81 -0.81 -0.81 -0.81 0.19999856 0.1876913 0.08 0.08 0.08 0.39653946 1.2655662 0.86728487 0.53140222 0.74 0.74 0.74 0.74 0.74 0.75079425 -0.018428681 -0.02 -0.02 -0.02 -0.02 0.40624282 0.39000004 0.39 0.39 0.39 0.99000023 1.07 1.07 1.07 1.02 0.43000945 0.43 0.43 0.24 0.24 
-0.57 -0.57 -0.44 -0.44 -0.44 -0.13010326 -0.13 -0.13 -0.76 -0.76 -0.76 -0.76 -0.76 -0.81 -0.81 -0.81 -0.81 -0.81 0.08 0.08 0.08 0.08 0.08 0.40999998 0.41 0.41 0.41 0.74 0.74 0.74 0.74 0.74 0.12 0.12 -0.019999999 -0.02 -0.02 0.22995743 0.23 0.39 0.39 0.39 0.39000007 0.99 0.99 0.99 1.02 1.02 1.02 0.51 0.51 0.24 0.24 
-0.57 -0.57 -0.44 -0.44 -0.44 -0.44 -0.4400017 -0.75 -0.75999058 -0.76 -0.76 -0.76 -0.76 -0.8093763 -0.81 -0.81 -0.81 -0.81 0.079999982 0.08 0.08 0.08 0.08 0.41 0.41 0.41 0.41 0.41000136 0.74 0.74 0.74 0.12003251 0.12 0.12 0.12 -0.02 0.23 0.23 0.23 0.2342099 0.76935381 0.84 0.84 0.99 0.99 0.99 1.02 1.02 1.02 0.51 0.51 0.51 0.65662952 
-1.31 -1.3099942 -0.44 -0.44 -0.44 -0.44 -0.75 -0.75 -0.75 -0.76 -0.76 -0.76 -0.76 -0.76001554 -0.81 -0.81 -0.81 -0.81 0.079984159 0.08 0.08 0.079999994 0.35185439 0.41 0.41 0.41 0.41 0.6599998 0.66 0.66 0.73911822 0.12 0.12 0.12 0.11999987 -0.019999998 0.23 0.23 0.23 0.23000001 0.84 0.84 0.84 0.82 0.82 0.82 0.46005454 1.02 1.02 0.51 0.51 0.51 0.69999897 
-1.31 -1.31 -0.44 -0.44 -0.44 -0.75 -0.75 -0.75 -0.75 -0.75890353 -0.76 -0.76 -0.76 -0.76000076 -0.96998159 -0.97 -0.97 -0.97 -0.70657382 -0.32 -0.32 -0.32 -0.32 0.41 0.41 0.41 0.41001649 0.66 0.66 0.66 0.66 0.12009018 0.04125405 -0.02 -0.02 -0.02 0.23141771 0.60999209 0.61 0.61 0.84010966 0.98 0.98 0.82 0.82 0.81999848 0.46 0.46 0.34 0.34 0.34 0.21 0.33 
-1.31 -1.31 -1.65 -1.65 -1.65 -0.75 -0.75 -0.75 -0.75 -0.75 -0.75 -0.75 -0.75 -0.76550392 -0.97 -0.97 -0.97 -0.97 -0.72 -0.32 -0.32 -0.32 -0.32 0.58 0.57999993 0.41000025 0.66 0.66 0.66 0.66 0.77138055 0.88 0.087087656 -0.02 -0.02 -0.02 0.61 0.61 0.61 0.61 0.98 0.98 0.98 0.97000315 0.97 0.46229241 0.46 0.46 0.33999912 0.34 0.21 0.21 0.33 
-1.31 -1.65 -1.65 -1.65 -1.65 -1.65 -0.75388145 -1.25 -1.25 -0.75 -0.75 -0.75 -0.75 -0.7500521 -0.97 -0.97 -0.97 -0.95870421 -0.72 -0.72 -0.32 -0.32 0.58 0.58 0.58 0.58 0.66 0.66 0.66 0.66 0.88 0.88 0.88 -0.019089275 -0.02 -0.02 0.61 0.61 0.61 0.61 0.98 0.98 0.98 0.97 0.97 0.9699864 0.73 0.73 0.14 0.14 0.21 0.21 0.33 
-1.646807 -1.65 -1.65 -1.65 -1.65 -1.65 -1.25 -1.25 -1.25 -0.9823791 -0.75 -0.75 -0.75 -0.75000255 -0.97 -0.97 -0.97 -0.72 -0.72 -0.72 -0.32001998 -0.3199945 0.58 0.58 0.58 0.58 0.65999431 0.66 0.66 0.87994941 0.88 0.88 0.88 0.88 -0.016575785 0.85 0.85 0.84584638 0.61 0.61 0.97999967 0.98 0.97029075 0.97 0.97 0.73000009 0.73 0.73 0.14 0.14 0.08 0.08 0.3 
-1.65 -1.65 -1.65 -1.65 -1.65 -1.65 -1.25 -1.25 -1.25 -1.25 -0.8299977 -0.83 -0.83 -0.83 -0.9699989 -0.75205663 -0.63 -0.63 -0.71983409 -0.72 -0.71999992 0.57999869 0.58 0.58 0.58 0.58 0.58005816 0.66 0.66000752 0.88 0.88 0.88 0.88 0.88 0.85 0.85 0.85 0.85 0.85 0.85000046 1.42 1.42 1.4199999 1.21 1.21 1.21 0.71 0.71 0.11 0.11 0.08 0.080000479 0.3 
-1.65 -1.65 -1.65 -1.65 -1.65 -1.65 -1.25 -1.25 -1.25 -0.83 -0.83 -0.83 -0.83 -0.83 -0.77728048 -0.63 -0.63 -0.63 -0.63 -0.63 -0.6342972 0.57999999 0.58 0.58 0.58 0.55676325 -0.15884043 0.54834562 0.87891507 0.88 0.88 0.88 0.88 0.87999993 0.85 0.85 0.85 0.85 0.85 1.1151627 1.42 1.42 1.42 1.21 1.21 1.21 0.71 0.71 0.11 0.11 1.25 0.35240589 0.3 
-1.65 -1.65 -1.65 -1.65 -1.65 -1.6499999 -1.2500001 -1.25 -1.2325677 -0.83 -0.83 -0.83 -0.83 -0.83 -0.82040677 -0.63 -0.63 -0.63 -0.63 -0.63 -0.63 -0.048342177 -0.15999896 -0.16 -0.16 -0.16 -0.16 -0.16 0.1662095 0.17000841 0.17000002 0.17 0.17 0.17000049 0.85 0.85 0.85 0.85 0.85 1.4199999 1.42 1.42 1.42 1.4199999 1.2106894 1.64 0.7100001 1.3487551 0.11109525 1.25 1.25 1.2493764 1.22 
-1.65 -1.65 -1.65 -1.65 -1.65 -1.6499744 -1.2500216 -1.2499746 -0.83000053 -0.83 -0.83 -0.83 -0.83 -0.83 -0.82619443 -0.63 -0.63 -0.63 -0.63 -0.63 -0.63 -0.16 -0.16 -0.16 -0.16 -0.16 -0.16 -0.16 0.1699089 0.17 0.17 0.17 0.17 0.17 0.35631993 0.85 0.85 0.85 0.85 1.42 1.42 1.42 1.42 1.4200564 1.64 1.64 1.6382451 1.36 1.36 1.25 1.25 1.22 1.22 
-1.65 -1.65 -1.65 -1.65 -1.65 -1.6494665 -1.250463 -0.87739426 -0.83 -0.83 -0.83 -0.83 -0.83 -0.83 -0.82649866 -0.63 -0.63 -0.63 -0.63 -0.63 -0.56308054 -0.16 -0.16 -0.16 -0.16 -0.16 -0.16 -0.16 0.16999868 0.17 0.17 0.17 0.17 0.17 0.17 0.90828493 0.99893736 1.0484945 1.0560438 1.4122866 1.42 1.42 1.42 1.6399824 1.64 1.6396418 1.5799989 1.36 1.36 2.13 2.13 2.13 1.2200004 
-1.65 -1.65 -1.65 -1.65 -1.6499996 -1.646664 -1.2164904 -0.83011549 -0.83 -0.83 -0.83 -0.83 -0.83 -0.83 -0.82532969 -0.63 -0.63 -0.63 -0.63 -0.63 -0.16000203 -0.16 -0.16 -0.16 -0.16 -0.16 -0.16 -0.16 0.16999991 0.17 0.17 0.17 0.17 0.17 0.17000018 1.06 1.06 1.06 1.06 1.3 1.3 1.3 1.3 1.5800002 1.58 1.58 1.58 1.5800059 2.13 2.13 2.13 2.13 2.3625838 
-1.65 -1.65 -1.65 -1.65 -1.6499888 -1.6389499 -0.85950235 -0.83000548 -0.83 -0.83 -0.83 -0.83 -0.83 -0.83 -0.82321077 -0.63000008 -0.63 -0.63 -0.63 -0.62717128 -0.16 -0.16 -0.16 -0.16 -0.16 -0.16 -0.16 -0.16 0.16999993 0.17 0.17 0.17 0.17 0.17 1.0599992 1.06 1.06 1.06 1.06 1.3 1.3 1.3 1.3 1.3755708 1.58 1.58 1.58 2.1299938 2.13 2.13 2.47 2.47 2.47 
-1.65 -1.65 -1.65 -1.6499991 -1.6498895 -1.5896207 -0.83164422 -0.83000137 -0.83 -0.83 -0.83 -0.83 -0.83 -0.82999999 -0.82034044 -0.6300047 -0.63 -0.63 -0.62999946 -0.16952294 -0.16 -0.16 -0.16 -0.16 -0.16 -0.16 -0.16 -0.16 0.16999969 0.17 0.17 0.17 0.17 0.41889456 1.0599998 1.06 1.06 1.06 1.06 1.3 1.3 1.3 1.3 1.3 1.58 1.58 1.58 2.13 2.13 2.13 2.47 2.47 2.47 
-1.65 -1.65 -1.6499996 -1.6499892 -1.6492293 -1.1916891 -0.83029746 -0.83000084 -0.83 -0.83 -0.83 -0.83 -0.83 -0.82999962 -0.81692785 -0.63007304 -0.63 -0.62999998 -0.62756658 -0.16003996 -0.16 -0.16 -0.16 -0.16 -0.16 -0.16 -0.16 -0.15999981 0.16999793 0.17 0.17000024 0.48010986 0.51 0.51 0.51 1.06 1.06 1.06 1.06 1.3 1.3 1.3 1.3 1.3 1.579995 1.58 1.5800003 2.13 2.13 2.1300002 2.47 2.47 2.47 
