interpolatedSpi/06-08|19_1.tif
NCOLS 53
NROWS 52
XLLCORNER -116.03883
YLLCORNER 28.596182
DX 0.49850594
DY 0.49788537
NODATA_VALUE -9999
[rows 0 to 38 of 52, columns 0 to 52 of 53]
0.405 0.405 0.19573718 -0.1375 -0.2325 -0.3275 0.3525 0.0275 -0.41047723 -0.5325 -0.5025 -0.21 -0.6474825 -0.435 -0.255 -0.255 -0.255 0.0625 0.315 0.315 0.315 0.31500012 0.3275 0.415 0.415 0.415 -0.12999561 -0.13 -0.13 -0.1775 -0.1775 -0.1775 -0.1775 -0.40749995 -0.4075 -0.4075 -0.4075 -0.4075 -0.4075 -0.40749999 -0.041442524 -0.037597351 -0.42 -0.42 -0.42 -0.42 -0.4201715 -0.525 -0.525 -0.525 0.6799975 0.68 0.68
0.40500544 0.5275 0.49750032 0.47504635 0.19762398 0.5475 0.52 -0.12244259 -0.4425 -0.43 -0.375 -0.6475 -0.6475 0.12064103 -0.43499168 -0.255 0.0625 0.0625 0.31467077 0.315 0.315 0.315 0.38433889 0.415 0.415 0.415 0.045000025 0.045 -0.1775 -0.1775 -0.1775 -0.1775 -0.1775 -0.40749997 -0.4075 -0.4075 -0.4075 -0.4075 -0.40749999 -0.30574724 0.24244224 -0.33961121 -0.42 -0.42 -0.42 -0.42 -0.42 -0.525 -0.525 -0.525 -0.42508025 0.68 0.68
0.21500729 0.215 0.7775 0.3975 0.24 0.41 0.3775 0.74 -0.1375 -0.2075 -0.0375 -0.095 0.1625 -0.42 0.1225 -0.62 0.0625 0.0625 0.0625 0.16254433 0.1625 0.1625 -0.1675 0.415 0.415 0.415 0.045 0.045 0.045 -0.1775 -0.1775 -0.17750001 -0.23647151 -0.40707787 -0.4059642 -0.24401197 -0.2425 -0.2425 -0.18149978 0.2425 0.2425 0.24165283 -0.42 -0.42 -0.42 -0.42 -0.42 -0.525 -0.525 -0.525 -0.525 0.68 0.68
0.005 0.21499987 -0.41502183 0.245 -0.085 0.36 0.4925 0.245 0.1175 -0.18368314 -0.2825 -0.395 0.045 -0.42 -0.075 -0.62 -0.084131513 -0.079900156 -0.1625 0.1625 0.1625 -0.01 -0.1675 -0.1675 0.415 0.41499815 0.045 0.045 0.045 -0.615 -0.44216652 -0.3 -0.3 -0.29999996 -0.2425 -0.2425 -0.2425 -0.2425 0.2425 0.2425 0.2425 0.24249998 -0.42 -0.42 -0.42 -0.42 -0.42 -0.52499868 -0.525 -0.525 -0.525 0.67995117 0.68
0.005 0.44499842 -0.415 -0.49034826 -0.085 0.185 0.28999477 0.0925 0.2 -0.15500011 -0.1787344 -0.19000788 -0.245 -0.075 -0.075 -0.43117441 -0.08 -0.08 -0.1625 -0.1625 0.16249965 -0.01 -0.05 -0.0275 0.155 0.15505084 0.045 0.045 -0.615 -0.615 -0.3 -0.3 -0.3 -0.33017184 -0.2425 -0.2425 -0.2425 0.2425 0.2425 0.2425 0.2425 0.24244208 -0.42 -0.42 -0.42 -0.42 -0.42 -0.42093463 -0.525 -0.525013 -0.815 -0.815 -0.815
-0.8625 0.535 -0.10249996 -0.3625 0.1575 0.615 -0.4725 -0.40016382 -0.4075 -0.4975 -0.89 -0.755 -0.75499966 -0.8975 -0.8975 0.14000724 0.14 0.03 0.029999999 -0.16249985 -0.095 -0.095 -0.0275 0.155 0.155 0.3725 -0.61 -0.61 -0.51750874 -0.615 -0.3 -0.3 -0.46 -0.46005721 -1.0074607 -0.8025 -0.8025 -0.080794605 0.2425 0.2425 -0.35675167 -0.3575 -0.35749938 -0.29966246 -0.29751354 -0.29750003 -0.2975 -0.29750004 0.30250818 -0.815 -0.815 -0.815 -0.815
0.59999504 0.645 0.83619056 0.2975 0.5425 -0.46 -0.155 -0.3125 -0.79 -0.79 -0.89 -0.62 -0.30750005 -0.8975 0.1699968 0.17 0.14 0.105 0.0075 0.0075 -0.064367782 -0.03 -0.03 0.36 0.3725 0.3725 -0.61 -0.61 -0.51749519 -0.51741148 -0.45244638 -0.46 -0.46 -1.0075 -1.0075 -0.61868399 -0.8025 -0.8025 -0.69500373 -0.35750047 -0.3575 -0.3575 -0.35749535 -0.29749674 -0.2975 -0.2975 -0.2975 -0.29749951 0.5225 -0.81473494 -0.815 -0.815 -0.815
0.6 0.565 1.185 -0.125 0.15248409 -0.34 -1.0375 -0.4225 -0.6725 -0.8475 -0.8475 -0.49 -0.3075 -0.3075 0.16672391 0.015171315 -4.1173927e-51 -0.365 -0.40499958 0.0075 -0.2595755 -0.26 0.05 -0.3275 -0.32749771 -0.15 0.059999999 0.059999763 -0.43528909 -0.435 -0.4525 -0.39654828 -0.76 -1.0075 -0.97997704 -0.465 -0.465 -0.695 -0.695 -0.3575 -0.3575 -0.35749999 0.28557062 0.28749997 -0.2975 -0.2975 -0.2975 0.52246879 0.5225 0.5225 -0.815 -0.815 -0.815
0.48876294 0.56500001 1.1675 0.5375 0.49 0.125 0.085 -0.0275 -0.84 -0.36353103 -0.7925 -0.7575 -0.7575 -0.4725 -0.47249685 -0.47616917 -0.4775 -0.4775 -0.37110606 -0.12000003 -0.255 -0.255 0.0175 0.037192282 -0.16788731 -0.15 -0.1275 0.06 0.012776023 0.0125 -0.295 0.0625 0.054942006 0.0125 -0.0425 -0.1925 -0.2275 -0.585 -0.16769279 -0.3563729 -0.105 0.065 0.28744587 0.2875 0.2842073 -0.2975 0.19499997 0.5225 0.5225 0.5225 0.5225 -0.73251382 0.275
0.0625 0.0625 0.6975 0.77 0.32 -0.2525 -0.21 0.06 -0.2775 -0.24252161 -0.5225 -0.3325 -0.4725 -0.4725 -0.1375 -0.14216325 -0.4775 -0.47746045 -0.345 -0.12 -0.12 -0.13739252 0.0175 -0.16499654 -0.165 -0.165 -0.1275 0.16 0.16 0.0125 0.0125 0.062471551 0.0475 0.0125 -3.1225023e-17 -0.1925 -0.2275 -0.4275 -0.1675 0.066150863 0.064999992 0.024592667 -0.045 0.2875 0.2875 0.195 0.195 0.195 0.5225 0.5225 -0.1525 -0.1525 -0.15249984
0.0625 0.0625 0.5625 0.165 -0.1025 -0.065 -0.425 -0.26516618 -0.285 -0.4025 -0.1275 -0.5375 -0.33277312 -0.1375 -0.1375 -0.13747635 0.0675 0.045850065 -0.345 -0.0775 -0.0775 0.235 0.235 -0.165 -0.165 -0.165 0.16 0.16 0.16 0.2 0.2 0.19999975 0.165 0.165 -0.2525 -0.1425 -0.1275 -0.83999798 0.0725 0.07 0.07 -0.15249965 -0.045 0.2875 0.3124999 0.18 0.053113714 0.0525 0.6675 0.6675 -0.1525 -0.1525 -0.1525
0.0625 0.27830332 0.39287257 0.060013616 0.28 0.2325 -0.425 -0.265 -0.28499983 -0.40119824 -0.53749982 -0.5375 0.1 -0.1375 -0.1375 0.067499993 0.0675 0.067476523 -0.345 -0.0775 -0.016131357 0.235 0.235 -0.16498361 -0.165 -0.050769952 0.1825 0.1825 0.1825 0.2 0.2 -0.04 -0.04 0.16499886 -0.2525 -0.082500062 -0.20366805 -0.84 -0.84 0.069999993 -0.1525 -0.1525 -0.15249662 0.3125 0.3125 0.18 0.0525 0.0525 0.6675 0.6675 -0.1525 -0.1525 -0.1525
-0.4225 -0.18207236 -0.23998448 -0.23782056 0.27999961 0.23250112 -0.42499998 -0.26696951 -0.2836218 -0.28806824 0.1 0.1 0.1 0.1 -0.13746636 0.0675 0.0675 0.062173968 -0.345 -0.077323037 0.54 0.54 0.54 0.54 -0.15278237 0.1825 0.1825 0.1825 0.1825 0.18252127 -0.04 -0.04 -0.04 -0.04 -0.0825 -0.0825 -0.0825 -0.80319871 -0.83278988 0.12 0.12 -0.15248534 -0.12748494 0.31245762 0.3125 0.18 0.0525 0.0525 0.66749999 0.6675 -0.14952513 -0.1525 -0.35572309
-0.4225 -0.24 -0.24 -0.24 -0.24 -0.2399998 -0.42331691 -0.34929653 -0.2799449 0.099582455 0.1 0.1 0.1 0.1 0.10000006 0.067499997 0.067499935 0.039205315 -0.34499139 0.54 0.54 0.54 0.54 0.54 0.54064708 0.24297404 0.22249999 0.2225 0.2225 0.2225 -0.039999992 -0.04 -0.039999471 0.4 0.4 -0.0825 0.5518551 0.57 0.12000026 0.12 0.12 0.12 -0.1275 -0.1275 -0.1275 -0.12536008 -0.34487098 -0.3475 -0.3475 -0.3475 -0.34749998 0.16999993 0.17
-0.0775 -0.24 -0.24 -0.24 -0.24 -0.24 -0.24000001 -0.33305553 0.18983929 0.1925 0.1925 0.1925 0.1925 0.1925 0.1925 0.55743773 0.075358398 0.011015114 0.53988887 0.54 0.54 0.54 0.54 0.54000045 0.57 0.57 0.56999951 0.2225 0.2225 0.22305568 0.5 0.5 0.4 0.4 0.4 0.54276783 0.57 0.57 0.57 0.12 0.12 0.12 -0.1275 -0.1275 -0.1275 -0.1275 -0.34749999 -0.3475 -0.3475 -0.3475 -0.3475 0.17 0.17
-0.0775 -0.1379969 -0.24 -0.24 -0.24 -0.24 -0.19750834 -0.1975 -0.19749999 0.1925 0.1925 0.1925 0.1925 0.1925 0.27467611 0.565 0.565 0.565 0.92881192 0.9299996 0.93 0.93 0.93 0.93 0.57 0.57 0.57 0.57 0.2225 0.5 0.5 0.5 0.40000001 0.4 0.4 0.525 0.56994042 0.57 0.57 0.12005336 0.2262056 0.47393898 -0.1275 -0.1275 0.11425163 0.115 0.115 -0.34668102 0.14826146 0.14999996 0.14999991 0.33997422 0.17000035
-0.0775 -0.27212861 -0.25897673 -0.24 -0.24 -0.19752511 -0.1975 -0.1975 -0.1975 -0.19468955 0.1925 0.1925 0.1925 0.19250005 0.565 0.565 0.565 0.565 0.92967395 0.93 0.93 0.93 0.93 0.93 0.57000001 0.57 0.57 0.57 0.56974539 0.5 0.5 0.5 0.94249999 0.40002581 0.525 0.525 0.525 0.52794386 0.48102414 0.475 0.475 0.475 0.335 0.335 0.115 0.115 0.115 0.15 0.15 0.15 0.15 0.34 0.34
-0.27742373 -0.2775 -0.2775 -0.2775 -0.19 -0.19749981 -0.1975 -0.1975 -0.1975 -0.1975 0.17792603 0.19249749 0.19249999 0.565 0.565 0.565 0.565 0.565 0.61823414 0.93 0.93 0.93 0.93 0.93 0.88510188 1.0874972 1.0875 1.0875 1.0875 0.50000002 0.94249999 0.9425 0.9425 0.9425 0.525 0.52500704 0.7925 0.7925 0.47896446 0.475 0.475 0.475 0.335 0.335 0.14906358 0.115 0.115 0.15 0.15 0.15 0.15203729 0.34 0.34
-0.2775 -0.2775 -0.2775 -0.23629494 -0.19 -0.19 -0.1975 -0.1975 -0.1975 -0.1975 -2.8382454e-23 7.6891049e-37 7.7495659e-21 0.565 0.565 0.565 0.565 0.56500289 0.955 0.955 0.93000001 0.93 0.93718201 1.225 1.2237621 1.0875 1.0875 1.0875 1.0875 0.94251476 0.9425 0.9425 0.9425 0.9425 0.79249906 0.7925 0.7925 0.7925 0.7914043 0.475 0.475 0.475 0.335 0.335 0.335 0.115 0.115 0.15000001 0.15 0.15 0.34 0.34 0.34
-0.2775 -0.2775 -0.2775 -0.19 -0.19 -0.19 -0.19000001 -0.1975 -0.1975 -0.00020387681 -1.2750995e-37 -9.1217229e-83 -5.3915604e-41 0.00035202108 0.57916489 0.5825 0.5825 0.5825 0.955 0.955 0.955 1.225 1.225 1.225 1.2249916 1.1438864 1.0875 1.0875 1.0875 1.2325104 1.2949653 1.295 1.295 1.295 0.94472052 1.1574992 1.1575 1.1575 1.1575 0.43250582 0.4325 0.4325 0.335 0.335 0.48249938 0.48250006 0.645 0.645 0.6275 0.6275 0.6275 0.34 0.64722506
-0.27749931 -0.2775 -0.2775 -0.19 -0.19 -0.19 -0.19 -0.2025 -0.19751999 -0.00024709684 -2.4749011e-13 -5.1485886e-34 -1.0605799e-19 0.0011430253 0.5825 0.5825 0.5825 0.58250011 0.955 0.955 0.955 1.225 1.225 1.225 1.195 1.195 1.26 1.26 1.26 1.2601909 1.295 1.295 1.295 1.295 1.2262877 1.1575 1.1575 1.1575 1.1575 0.4325 0.4325 0.4325 0.43407319 0.4825 0.4825 0.4825 0.645 0.645 0.6275 0.6275 0.6275 0.6475 0.6475
-0.055 -0.14257166 0.28 0.27986364 -0.19 -0.20242768 -0.2025 -0.2025 -0.14328847 -0.27249999 -0.2725 -0.2725 -0.2725 -0.0075086257 -0.0074999974 0.58249955 0.5825 0.59231483 0.955 0.955 0.955 1.04 1.04 1.04 1.195 1.195 1.26 1.26 1.26 1.26 1.2875 1.2875 1.2948115 1.294992 0.92292653 0.9225 0.9225 0.9225 0.9225 0.4325 0.4325 0.4325 0.47974683 0.4825 0.4825 0.48249993 0.645 0.645 0.64499937 0.6275 0.6274981 0.585 0.6475
0.34242451 0.34249999 0.28 0.28 0.28 -0.2025 -0.2025 -0.2025 -0.04 -0.04 -0.2725 -0.2725 -0.2725 -0.0075 -0.0075 -0.0075 -0.0075 -0.0073909433 0.955 0.955 0.955 1.04 1.04 1.04 1.195 1.195 1.26 1.26 1.26 1.2871899 1.2875 1.2875 1.2875 1.2875 0.92268011 0.9225 0.9225 0.9225 0.9225 0.40750001 0.4075 0.4075 0.4075 0.48249689 0.0775 0.0775 0.0775 0.3225 0.3225 0.3225 0.585 0.585 0.585
0.3425 0.3425 0.28 0.28 0.28 -0.19996389 -0.2025 -0.04 -0.04 -0.04 -0.27247138 -0.2725 -0.45635306 -0.0075001119 -0.0075 -0.0075 -0.0075 -0.28 -0.28 -0.28 0.44000001 0.44000045 1.0399971 1.04 1.0400672 1.08 1.08 1.0800004 1.2599709 1.3449885 1.3449997 1.34499 1.2875983 1.2875496 0.98754568 0.92249975 0.92033008 0.275 0.275 0.4075 0.4075 0.4075 0.4075 0.0775 0.0775 0.0775 0.0775 0.3225 0.3225 0.3225 0.585 0.585 0.585
0.3425 0.3425 0.28 0.28 0.28 0.28 -0.141681 -0.04 -0.04 -0.04 -0.040252715 -0.4975 -0.4975 -0.4975 -0.010387683 -0.0075 -0.27818413 -0.28 -0.28 -0.28 0.44 0.44 0.44 0.44 1.08 1.08 1.08 1.08 1.08 1.345 1.345 1.345 1.345 1.3450005 1.605 0.275 0.275 0.275 0.275 0.27499968 0.1525 0.1525 0.1525 0.20293772 0.3075 0.3075 0.3075 0.3225 0.32249986 0.175 0.175 0.43503649 0.435
0.3425 0.3425 0.30255811 0.28 0.28 0.27999999 -0.14730924 -0.040338781 -0.04 -0.04 -0.49749992 -0.4975 -0.4975 -0.4975 -0.4975 -0.45730392 -0.28 -0.28 -0.28 -0.28 0.43999443 0.44 0.44 0.44 1.08 1.08 1.08 1.08 1.08 1.1380922 1.345 1.345 1.345 1.605 1.605 1.6039672 0.275 0.275 0.53528506 0.73749996 0.1525 0.1525 0.1525 0.20335001 0.3075 0.3075 0.3075 0.315 0.17674439 0.175 0.175 0.435 0.435
0.065 0.065 0.065 0.22609359 0.27972261 -0.1475 -0.1475 -0.1475 -0.1475 -0.14 -0.14 -0.49749997 -0.4975 -0.4975 -0.4975 -0.49748621 -0.28 -0.28 -0.28 -0.28 0.12581536 0.44 0.44 0.4304478 0.11975151 1.08 1.08 1.08 1.065 1.065 1.065 1.0650012 1.605 1.605 1.605 1.605 0.7375 0.7375 0.7375 0.7375 0.3225 0.3225 0.3225 0.60499432 0.605 0.605 0.60499991 0.315 0.315 0.17517058 0.175 0.43499948 0.435
0.065 0.065 0.065 0.065001616 0.095 0.059736516 -0.1475 -0.1475 -0.1475 -0.14 -0.14 -0.14 -0.30000001 -0.3 -0.3 -0.3 -0.27977102 -0.28 -0.28 -0.28 -0.26910217 0.075001002 0.075 0.075 0.075 0.075000019 0.42000001 0.42 1.065 1.065 1.065 1.065 1.6049997 1.605 1.605 1.6049695 0.73750001 0.7375 0.7375 0.73895862 0.3225 0.3225 0.3225 0.6049869 0.605 0.605 0.605 0.315 0.315 0.315 0.3325 0.3325 0.33
0.065 0.065 0.065 0.094999931 0.095 0.095 -0.14749991 -0.1475 -0.1475 -0.14 -0.14 -0.14 -0.3 -0.3 -0.3 -0.28895687 -0.155 -0.155 -0.15500032 -0.27929396 0.075 0.075 0.075 0.075 0.075 0.075259631 0.42 0.42 0.42 1.065 1.065 1.0648632 1.23 1.23 1.23 1.1775 1.1775 1.07 1.07 1.07 1.27 0.3227972 0.32250526 1.0275 1.0275 1.0114877 0.60500063 0.315 0.315 0.3325 0.3325 0.3325 0.33
0.065 0.065 0.065 0.095 0.095 0.095 0.095 -0.1475 -0.1475 -0.14 -0.14 -0.29360231 -0.3 -0.3 -0.3 -0.155 -0.155 -0.155 -0.155 -0.155 0.075 0.075 0.075 0.075 0.075 0.41999882 0.42 0.42 0.42 0.8525 0.8525 0.8525 1.23 1.23 1.23 1.1775 1.1775 1.07 1.07 1.27 1.27 1.27 1.0275 1.0275 1.0275 1.0275 1.0262678 1.0125 1.0125 1.0125 0.33250001 0.8675 0.8675
0.065 0.065 0.065041776 0.095 0.095 0.095 0.095 0.17830103 0.1825 0.18194631 -0.14 -0.29999141 -0.3 -0.3 -0.2999995 -0.155 -0.155 -0.155 -0.155 -0.155 -0.049683983 0.075 0.075 0.075 0.074995366 0.41997932 0.42 0.42 0.42 0.8525 0.8525 0.8525 0.85255236 1.23 1.1775 1.1775 1.1775 1.1774955 1.0700136 1.27 1.27 1.27 1.0275147 1.0275 1.0275 1.0275 1.0125019 1.0125 1.0125 1.0125 0.8675 0.8675 0.8675
0.06 0.060000009 0.094982986 0.095 0.095 0.095 0.18248138 0.1825 0.1825 0.1825 -0.19749999 -0.1975 -0.1975 -0.1975 -0.15519617 -0.155 -0.155 -0.155 -0.155 -0.05500006 -0.055 -0.055 0.052500004 0.0525 0.0525 0.0525 0.084219977 0.42 0.59249294 0.5925 0.5925 0.5925 0.5925 1.0925 1.0925 1.0925 1.0925 1.0925 1.32 1.32 1.32 1.32 1.32 1.1972437 1.1975 1.1975 1.1975 1.0125 1.0125 1.0125 0.86752284 0.8675 0.8675
0.06 0.06 0.057739439 -0.20999939 -0.20999993 -0.20961717 0.1825 0.1825 0.1825 0.1825 -0.1975 -0.1975 -0.1975 -0.1975 -0.1975 -0.155 -0.155 -0.155 -0.055000025 -0.055 -0.055 -0.055 0.0525 0.0525 0.0525 0.0525 0.0525 0.052578299 0.5923967 0.5925 0.5925 0.5925 0.5924585 0.93801931 1.09234 1.0925 1.0925 1.0925 1.32 1.32 1.32 1.32 1.32 1.1975 1.1975 1.1975 1.1975 1.1109904 1.0125 1.195436 1.1975 0.645 0.645
0.06 0.06 -0.2099658 -0.21 -0.21 -0.21 -0.11030666 0.1825 0.1825 0.1825 -0.1975 -0.1975 -0.1975 -0.1975 -0.1975 -0.15503427 -0.155 -0.055029319 -0.055 -0.055 -0.055 -0.055 0.012675928 0.0525 0.0525 0.0525 0.0525 0.05269305 0.325 0.325 0.325 0.325 0.325 0.82 0.82 0.82 0.82 0.82 1.405 1.405 1.405 1.405 1.405 1.197677 1.1975 1.1975 1.1975123 1.1989787 1.1975 1.1975 1.1975 0.64500309 0.645
0.059999705 -0.096880643 -0.20999998 -0.21 -0.21 -0.21 -0.21 0.18233288 0.1825 0.1825 -0.1975 -0.1975 -0.1975 -0.1975 -0.36616854 -0.37 -0.37 -0.055008107 -0.055 -0.055 -0.055 -0.055 -0.05500006 0.0525 0.0525 0.0525 0.0525 0.47499985 0.47499993 0.44307635 0.325 0.325 0.325 0.82 0.82 0.82 0.82 0.81995936 1.405 1.405 1.405 1.405 1.4050132 1.27 1.27 1.27 1.27 1.2699942 1.1975 1.1975 1.1975 1.1975 1.1548786
-0.1 -0.1 -0.1655149 -0.21 -0.21 -0.21 -0.21 -0.21 0.18233105 -0.47249999 -0.4725 -0.4725 -0.47184737 -0.36999975 -0.37 -0.37 -0.37 -0.37 -0.055003238 -0.082694574 -0.325 -0.325 -0.325 -0.23005082 0.032290816 -0.0758447 -0.16670417 0.475 0.475 0.475 0.475 0.475 0.4702335 0.75741862 0.76 0.76 0.76 0.76 1.4374044 1.5774997 1.5775 1.5775 1.5775 1.0450007 1.2699999 1.27 1.27 1.2475 1.1975008 1.1975 1.1975 1.1625 1.1625
-0.1 -0.1 -0.405 -0.405 -0.405 -0.21006496 -0.21 -0.21 -0.4725 -0.4725 -0.4725 -0.4725 -0.4725 -0.37 -0.37 -0.37 -0.37 -0.37 -0.325 -0.325 -0.325 -0.325 -0.325 -0.20000001 -0.2 -0.2 -0.2 0.475 0.475 0.475 0.475 0.475 0.53 0.53 0.76 0.76 0.76 0.82998808 0.83 1.5775 1.5775 1.5775 1.5774999 1.045 1.045 1.045 1.2475 1.2475 1.2475 1.08 1.08 1.1625 1.1625
-0.1 -0.1 -0.405 -0.405 -0.405 -0.405 -0.40500056 -0.5075 -0.47253295 -0.4725 -0.4725 -0.4725 -0.4725 -0.37127859 -0.37 -0.37 -0.37 -0.37 -0.325 -0.325 -0.325 -0.325 -0.325 -0.2 -0.2 -0.2 -0.2 -0.19999726 0.475 0.475 0.475 0.52999712 0.53 0.53 0.53 0.76 0.83 0.83 0.83 0.84966813 1.0948777 1.005 1.005 1.045 1.045 1.045 1.2475 1.2475 1.2475 1.08 1.08 1.08 0.67567746
0.11 0.10999835 -0.405 -0.405 -0.405 -0.405 -0.5075 -0.5075 -0.5075 -0.4725 -0.4725 -0.4725 -0.4725 -0.47246814 -0.37 -0.37 -0.37 -0.37 -0.32500079 -0.325 -0.325 -0.325 -0.22202115 -0.2 -0.2 -0.2 -0.2 -0.047500125 -0.0475 -0.047499994 0.46939423 0.53 0.53 0.53 0.5299996 0.11500001 0.83 0.83 0.83 0.83 1.005 1.005 1.005 1.0925 1.0925 1.0925 0.91003287 1.2475 1.2475 1.08 1.08 1.08 0.62500056
