interpolatedSpi/06-09|23_1.tif
NCOLS 53
NROWS 52
XLLCORNER -116.03883
YLLCORNER 28.596182
DX 0.49850594
DY 0.49788537
NODATA_VALUE -9999
0.12 0.12 0.3027812 0.59 0.29 0.26 0.236 0.244 -0.41183658 -0.492 -0.228 -0.246 -0.5379669 -0.136 -0.078 -0.078 -0.078 -0.576 -0.21 -0.21 -0.21 -0.20999854 -0.058000002 -0.294 -0.294 -0.294 -0.84600461 -0.846 -0.846 -1.088 -1.088 -1.088 -1.088 -0.75800007 -0.758 -0.758 -0.758 -0.758 -0.758 -0.75799997 0.26102382 0.27178804 -0.56 -0.56 -0.56 -0.56 -0.55983013 -0.456 -0.456 -0.456 -0.51999987 -0.52 -0.52 
0.11999334 -0.03 0.37999968 0.37294314 0.28995372 0.08 0.062 -0.17980862 -0.306 -0.358 -0.354 -0.538 -0.538 -0.29347315 -0.1360014 -0.078 -0.576 -0.576 -0.21047721 -0.21 -0.21 -0.21 -0.32221348 -0.294 -0.294 -0.294 -0.056000016 -0.056 -1.088 -1.088 -1.088 -1.088 -1.088 -0.75800005 -0.758 -0.758 -0.758 -0.758 -0.758 -0.6768956 -0.22005979 -0.5187441 -0.56 -0.56 -0.56 -0.56 -0.56 -0.456 -0.456 -0.456 -0.46130694 -0.52 -0.52 
0.54798778 0.548 0.1 0.11 -0.012 0.582 0.212 0.374 -0.17 -0.294 -0.354 -0.252 -0.626 -0.842 -0.294 -0.55 -0.576 -0.576 -0.576 -0.15401628 -0.154 -0.154 -0.83 -0.294 -0.294 -0.294 -0.056 -0.056 -0.056 -1.088 -1.088 -1.088 -0.93587758 -0.75812446 -0.75852124 -0.81348685 -0.814 -0.814 -0.73929045 -0.22 -0.22 -0.22043478 -0.56 -0.56 -0.56 -0.56 -0.56 -0.456 -0.456 -0.456 -0.456 -0.52 -0.52 
0.516 0.54799991 0.11186979 0.1 -0.444 -0.114 -0.036 -0.388 -0.008 -0.37846178 -0.346 -0.492 -0.546 -0.842 -0.514 -0.55 -0.41900993 -0.4181107 -0.194 -0.154 -0.154 -0.49 -0.83 -0.83 -0.294 -0.29399881 -0.056 -0.056 -0.056 -0.832 -0.79907934 -0.772 -0.772 -0.77200003 -0.814 -0.814 -0.814 -0.814 -0.22 -0.22 -0.22 -0.22000001 -0.56 -0.56 -0.56 -0.56 -0.56 -0.45600131 -0.456 -0.456 -0.456 -0.52003671 -0.52 
0.516 -0.20399942 0.112 -0.5321562 -0.444 -0.448 -0.56999698 -0.632 -0.872 -0.41000022 -0.57286297 -0.64191492 -0.048 -0.514 -0.514 -0.53601364 -0.418 -0.418 -0.194 -0.194 -0.15400067 -0.49 -0.314 -0.222 -0.48 -0.47996575 -0.056 -0.056 -0.832 -0.832 -0.772 -0.772 -0.772 -0.70637658 -0.814 -0.814 -0.814 -0.22 -0.22 -0.22 -0.22 -0.22007433 -0.56000001 -0.56 -0.56 -0.56 -0.56 -0.55907427 -0.456 -0.45605327 -1.644 -1.644 -1.644 
-0.864 -0.55 -0.39999998 -0.3 -0.298 -0.748 -0.758 -0.74186839 -0.792 -1.036 -1.122 -0.648 -0.6479996 -0.9 -0.9 -0.36393868 -0.364 -0.898 -0.898 -0.19400026 -0.472 -0.472 -0.222 -0.48 -0.48 -0.334 -0.704 -0.704 -0.60602105 -0.832 -0.772 -0.772 -0.424 -0.424028 -0.69198069 -0.228 -0.228 -0.22247498 -0.22 -0.22 -0.98903964 -0.99 -0.98999889 -0.8822099 -0.88796375 -0.88799991 -0.88799999 -0.88799988 -1.3490035 -1.644 -1.644 -1.644 -1.644 
-0.12599284 -0.556 0.099309262 -0.584 -0.548 -1.048 -0.68 -0.848 -1.098 -1.098 -1.122 -1.118 -0.95399993 -0.9 -0.11000237 -0.11 -0.364 -0.102 -0.494 -0.494 -0.31836765 -0.146 -0.146 -0.37 -0.334 -0.334 -0.704 -0.704 -0.60602296 -0.60642273 -0.46764659 -0.424 -0.424 -0.692 -0.692 -0.56458754 -0.228 -0.228 -0.57398801 -0.98999942 -0.99 -0.99 -0.98999397 -0.88800047 -0.888 -0.888 -0.888 -0.88800026 -1.33 -1.6439378 -1.644 -1.644 -1.644 
-0.126 -0.57 -0.172 -0.724 -0.38201961 -1.048 -1.442 -1.148 -1.302 -1.362 -1.362 -0.65 -0.954 -0.954 -0.11579062 -0.37594104 -0.402 -0.202 -0.51199998 -0.494 -0.42675174 -0.386 -0.422 -0.23 -0.23000825 -0.87 -0.56 -0.56000005 -0.99861937 -0.99999999 -0.466 -0.75319426 -0.6 -0.692 -0.69513733 -0.846 -0.846 -0.574 -0.574 -0.99 -0.99 -0.98999999 -0.96953757 -0.972 -0.888 -0.888 -0.888 -1.3299832 -1.33 -1.33 -1.644 -1.644 -1.644 
-0.60064654 -0.57 -0.228 -0.744 -0.282 -0.996 -0.89 -0.562 -1.362 -0.8021988 -0.394 -0.604 -0.604 -0.264 -0.26400098 0.030790406 0.032 0.032 -0.24932198 -0.69400004 -0.866 -0.86599999 -0.648 -0.51106288 -0.8055049 -0.87 -0.526 -0.56 -0.723047 -0.724 -0.796 -0.77 -0.55040702 -0.954 -0.802 -0.91 -0.796 -0.248 -0.43391411 -0.98796452 -0.534 -0.574 -0.9719313 -0.972 -0.9715272 -0.888 -0.72000001 -1.33 -1.33 -1.33 -1.33 -1.6203436 -0.548 
-0.772 -0.772 -0.01 2.220446e-17 -0.726 -0.348 -0.58 -1.166 -0.966 -0.660041 -0.992 -0.322 -0.264 -0.264 -0.368 -0.36251382 0.032 0.031976968 -0.04 -0.694 -0.694 -0.71615936 -0.648 -0.90399515 -0.904 -0.904 -0.526 -0.472 -0.472 -0.724 -0.724 -0.76917308 -0.334 -0.954 -0.916 -0.91 -0.796 -1.002 -0.434 -0.44974071 -0.574 -0.56518385 -0.55 -0.972 -0.972 -0.72 -0.72 -0.72 -1.33 -1.33 -1.454 -1.454 -1.4539997 
-0.772 -0.772 -0.338 -0.52 -0.402 0.154 -0.682 -0.2969971 -0.174 -0.208 -0.216 -0.098 -0.3217017 -0.368 -0.368 -0.36799585 -0.332 -0.31667447 -0.04 -0.334 -0.334 -0.314 -0.314 -0.904 -0.904 -0.904 -0.472 -0.472 -0.472 -0.558 -0.558 -0.55799963 -0.854 -0.854 -1.358 -0.834 -0.902 -0.550005 -0.63 -0.45 -0.45 -0.65799965 -0.55 -0.972 -0.40600004 -0.312 -0.55471492 -0.554 -1.262 -1.262 -1.454 -1.454 -1.454 
-0.772 -0.58463185 -0.41566589 -0.39199477 -0.224 -0.096 -0.682 -0.296 -0.17400102 -0.20762332 -0.098000143 -0.098 -0.096 -0.368 -0.368 -0.332 -0.332 -0.33198338 -0.04 -0.334 -0.33007241 -0.314 -0.314 -0.90397572 -0.904 -0.71662985 -0.334 -0.334 -0.33400002 -0.558 -0.558 -0.276 -0.276 -0.85400138 -1.358 -0.69600038 -0.93984335 -0.55 -0.55 -0.45000001 -0.658 -0.658 -0.65799816 -0.406 -0.406 -0.312 -0.554 -0.554 -1.262 -1.262 -1.454 -1.454 -1.454 
-0.124 -0.032686268 -0.0040189646 -0.0068091841 -0.22399946 -0.096003022 -0.68199998 -0.30075143 -0.18240705 -0.17488783 -0.096 -0.096 -0.096 -0.096 -0.36796147 -0.332 -0.332 -0.32822981 -0.04 -0.33383151 0.242 0.242 0.242 0.242 -0.88413551 -0.334 -0.334 -0.334 -0.334 -0.33398462 -0.276 -0.276 -0.276 -0.276 -0.696 -0.696 -0.696 -0.55772563 -0.55157721 -0.76 -0.76 -0.65800549 -0.65599144 -0.40602408 -0.406 -0.312 -0.554 -0.554 -1.262 -1.262 -1.4533034 -1.454 -1.2818383 
-0.124 -0.004 -0.004 -0.004 -0.004 -0.0040000397 -0.68049991 -0.49934331 -0.20483628 -0.096084767 -0.096 -0.096 -0.096 -0.096 -0.095999594 -0.332 -0.33199995 -0.31197079 -0.040003155 0.242 0.242 0.242 0.242 0.242 0.25254674 0.077552775 0.19399989 0.194 0.194 0.194 -0.27599998 -0.276 -0.27599932 0.292 0.292 -0.696 -0.21379291 -0.2 -0.75999968 -0.76 -0.76 -0.76 -0.656 -0.656 -0.656 -0.65360607 -0.55593673 -0.556 -0.556 -0.556 -0.55600001 -1.234 -1.234 
-0.258 -0.004 -0.004 -0.004 -0.004 -0.004 -0.0040000407 -0.28748357 0.46634145 0.47 0.47 0.47 0.47 0.47 0.46999999 0.73051378 -0.31502539 -0.29201519 0.24196445 0.242 0.242 0.242 0.242 0.24200058 0.73 0.73 0.72999925 0.194 0.194 0.1953096 0.848 0.848 0.292 0.292 0.292 -0.12118672 -0.2 -0.2 -0.2 -0.76 -0.76 -0.76 -0.656 -0.656 -0.656 -0.656 -0.55600001 -0.556 -0.556 -0.556 -0.556 -1.234 -1.234 
-0.258 -0.16343869 -0.004 -0.004 -0.004 -0.004 0.46990697 0.47 0.47 0.47 0.47 0.47 0.47 0.47 0.52868146 0.736 0.736 0.736 0.73848365 0.73999949 0.74 0.74 0.74 0.74 0.73 0.73 0.73 0.73 0.194 0.848 0.848 0.848 0.29200005 0.292 0.292 0.328 -0.19930091 -0.2 -0.2 -0.75996262 -0.68580567 -0.51274122 -0.656 -0.656 -1.0806853 -1.082 -1.082 -0.55674462 -1.0064205 -1.008 -1.0079999 -0.97603906 -1.2339995 
-0.258 0.030050314 0.017253934 -0.004 -0.004 0.46971994 0.47 0.47 0.47 0.47 0.47 0.47 0.47 0.47000003 0.736 0.736 0.736 0.736 0.73999643 0.74 0.74 0.74 0.74 0.74 0.73 0.73 0.73 0.73 0.73042921 0.848 0.848 0.848 0.884 0.29201795 0.328 0.328 0.328 0.32666357 -0.49222565 -0.512 -0.512 -0.512 -1.272 -1.272 -1.082 -1.082 -1.082 -1.008 -1.008 -1.008 -1.008 -0.976 -0.976 
0.037863781 0.038 0.038 0.038000005 0.56 0.47000232 0.47 0.47 0.47 0.47 0.46030935 0.46999833 0.47 0.736 0.736 0.736 0.736 0.736 0.75701971 0.74 0.74 0.74 0.74 0.74 0.81743301 0.94999881 0.95 0.95 0.95 0.848 0.884 0.884 0.884 0.884 0.328 0.32799689 0.21 0.21 -0.50298475 -0.512 -0.512 -0.512 -1.272 -1.272 -1.1114185 -1.082 -1.082 -1.008 -1.008 -1.008 -1.0076569 -0.976 -0.976 
0.038 0.038 0.038 0.28381759 0.56 0.56 0.47 0.47 0.47 0.47 0.342 0.342 0.342 0.736 0.736 0.736 0.736 0.73603867 1.064 1.064 0.74000013 0.74 0.74282411 0.856 0.85684624 0.95 0.95 0.95 0.95 0.88400672 0.884 0.884 0.884 0.884 0.21000041 0.21 0.21 0.21 0.20744984 -0.512 -0.512 -0.512 -1.272 -1.272 -1.272 -1.082 -1.082 -1.008 -1.008 -1.008 -0.976 -0.976 -0.976 
0.038 0.038 0.038 0.56 0.56 0.56 0.55999986 0.47 0.47 0.34213213 0.342 0.342 0.342 0.34224548 0.92540484 0.97 0.97 0.97 1.064 1.064 1.064 0.856 0.856 0.856 0.85593501 0.77900507 0.95 0.95 0.95 0.63342638 0.57403049 0.574 0.574 0.574 0.13241632 0.022000427 0.022 0.022 0.022 -0.65398057 -0.654 -0.654 -1.272 -1.272 -0.66400254 -0.66400007 -0.868 -0.868 -0.838 -0.838 -0.838 -0.976 -0.68026466 
0.038000658 0.038 0.038000019 0.56 0.56 0.56 0.56 0.36200003 0.46956817 0.34208342 0.342 0.342 0.342 0.34323231 0.97 0.97 0.97 0.97000003 1.064 1.064 1.064 0.856 0.856 0.856 0.624 0.624 0.816 0.816 0.816 0.81467981 0.574 0.574 0.574 0.574 0.29815154 0.022 0.022 0.022 0.022 -0.654 -0.654 -0.654 -0.65431464 -0.664 -0.664 -0.664 -0.868 -0.868 -0.838 -0.838 -0.838 -0.68000001 -0.68 
0.25 0.15483188 0.168 0.16811373 0.56 0.36314562 0.362 0.362 0.39843786 0.434 0.434 0.434 0.434 0.90198477 0.902 0.96999995 0.97 0.97247676 1.064 1.064 1.064 0.696 0.696 0.696 0.624 0.624 0.816 0.816 0.816 0.81599995 0.74999888 0.74999951 0.5784235 0.57418868 -0.053282508 -0.054 -0.054 -0.054 -0.054 -0.654 -0.654 -0.654 -0.6634491 -0.664 -0.664 -0.664 -0.868 -0.868 -0.86799892 -0.838 -0.83800322 -0.91 -0.68 
0.38797379 0.38799996 0.168 0.168 0.168 0.362 0.362 0.362 0.462 0.462 0.434 0.434 0.434 0.902 0.902 0.902 0.902 0.90201824 1.064 1.064 1.064 0.696 0.696 0.696 0.624 0.624 0.816 0.816 0.816 0.75074415 0.75 0.75 0.75 0.75 -0.053603274 -0.054 -0.054 -0.054 -0.054 -0.24600011 -0.246 -0.246 -0.246 -0.66400011 -0.678 -0.678 -0.678 -0.924 -0.924 -0.924 -0.91 -0.91 -0.91 
0.388 0.388 0.168 0.168 0.168 0.3609803 0.362 0.462 0.462 0.462 0.43400345 0.434 0.50590698 0.90199991 0.902 0.902 0.902 0.428 0.428 0.428 0.886 0.88599986 0.69600093 0.696 0.69610547 0.908 0.908 0.90799978 0.81601487 0.73800239 0.73800006 0.7380021 0.74997949 0.74998964 0.089186788 -0.053999974 -0.053772117 0.014 0.014 -0.246 -0.246 -0.246 -0.246 -0.678 -0.678 -0.678 -0.678 -0.924 -0.924 -0.924 -0.91 -0.91 -0.91 
0.388 0.388 0.168 0.168 0.168 0.168 0.39942708 0.462 0.462 0.462 0.46203314 0.522 0.522 0.522 0.89976057 0.902 0.43115862 0.428 0.428 0.428 0.886 0.886 0.886 0.886 0.908 0.908 0.908 0.908 0.908 0.738 0.738 0.738 0.738 0.7379989 0.218 0.014 0.014 0.014 0.014 0.013998194 -0.516 -0.516 -0.516 -0.55635158 -0.64 -0.64 -0.64 -0.92399999 -0.92400002 -0.944 -0.944 -0.51209682 -0.512 
0.388 0.388 0.24740455 0.168 0.168 0.168 0.31226618 0.46152728 0.462 0.462 0.52199993 0.522 0.522 0.522 0.522 0.55313339 0.428 0.428 0.428 0.428 0.88599646 0.886 0.886 0.886 0.908 0.908 0.908 0.908 0.908 0.50892351 0.738 0.738 0.738 0.218 0.218 0.21784159 0.014 0.014 -0.27076593 -0.49199996 -0.516 -0.516 -0.516 -0.55550525 -0.64 -0.64 -0.64 -0.712 -0.9411093 -0.944 -0.944 -0.512 -0.512 
0.552 0.552 0.552 0.26427936 0.16825221 0.312 0.312 0.312 0.312 0.2 0.2 0.52199998 0.522 0.522 0.522 0.52199401 0.428 0.428 0.428 0.428 0.68614366 0.886 0.886 0.89081536 1.0627863 0.908 0.908 0.908 0.428 0.428 0.428 0.4280013 0.218 0.218 0.218 0.218 -0.492 -0.492 -0.492 -0.492 -0.532 -0.532 -0.532 -0.54599972 -0.546 -0.546 -0.54600003 -0.712 -0.712 -0.94371732 -0.944 -0.51200029 -0.512 
0.552 0.552 0.552 0.55198858 0.34 0.33592834 0.312 0.312 0.312 0.2 0.2 0.2 -0.19999997 -0.2 -0.2 -0.2 0.42633304 0.428 0.428 0.428 0.43495495 1.0699995 1.07 1.07 1.07 1.07 0.43 0.43 0.428 0.428 0.428 0.428 0.21800004 0.218 0.218 0.21800424 -0.492 -0.492 -0.492 -0.4913332 -0.532 -0.532 -0.532 -0.54599935 -0.546 -0.546 -0.546 -0.712 -0.712 -0.71199998 -0.57 -0.57 -0.252 
0.552 0.552 0.552 0.34000049 0.34 0.34 0.31200001 0.312 0.312 0.2 0.2 0.2 -0.2 -0.2 -0.2 -0.22147699 -0.482 -0.482 -0.48199765 0.42286009 1.07 1.07 1.07 1.07 1.07 1.0695184 0.43 0.43 0.43 0.428 0.428 0.42795623 0.27 0.27 0.27 -0.116 -0.116 -0.34 -0.34 -0.34 -0.498 -0.53198934 -0.53200027 -0.568 -0.568 -0.56716623 -0.54600034 -0.712 -0.712 -0.57 -0.57 -0.57 -0.252 
0.552 0.552 0.552 0.34 0.34 0.34 0.34 0.312 0.312 0.2 0.2 -0.18400577 -0.2 -0.2 -0.2 -0.482 -0.482 -0.482 -0.482 -0.482 1.07 1.07 1.07 1.07 1.07 0.43000218 0.43 0.43 0.43 0.36 0.36 0.36 0.27 0.27 0.27 -0.116 -0.116 -0.34 -0.34 -0.498 -0.498 -0.498 -0.568 -0.568 -0.568 -0.568 -0.60299476 -0.994 -0.994 -0.994 -0.57 -0.398 -0.398 
0.552 0.552 0.55170478 0.34 0.34 0.34 0.34 0.29239941 0.29 0.28984548 0.19999998 -0.20000352 -0.2 -0.2 -0.20000098 -0.482 -0.482 -0.482 -0.482 -0.482 -0.36091329 1.07 1.07 1.07 1.0699098 0.43001137 0.43 0.43 0.43 0.36 0.36 0.36 0.35998727 0.27 -0.116 -0.116 -0.116 -0.11600925 -0.34001078 -0.498 -0.498 -0.498 -0.56799575 -0.568 -0.568 -0.568 -0.99399459 -0.994 -0.994 -0.994 -0.398 -0.398 -0.398 
0.666 0.6659998 0.34012301 0.34 0.34 0.34 0.29001064 0.29 0.29 0.29 -0.24199999 -0.242 -0.242 -0.242 -0.4808923 -0.482 -0.482 -0.482 -0.482 -0.42200004 -0.422 -0.422 0.63200007 0.632 0.632 0.632 0.6145648 0.43 0.39200156 0.392 0.392 0.392 0.392 -0.156 -0.156 -0.156 -0.156 -0.156 -0.582 -0.582 -0.582 -0.582 -0.582 -0.45816582 -0.458 -0.458 -0.458 -0.994 -0.994 -0.994 -0.3980939 -0.398 -0.398 
0.666 0.666 0.66437564 0.47199973 0.47199997 0.47182249 0.29 0.29 0.29 0.29 -0.242 -0.242 -0.242 -0.242 -0.242 -0.482 -0.482 -0.482 -0.42200002 -0.422 -0.422 -0.422 0.632 0.632 0.632 0.632 0.632 0.63195702 0.39212589 0.392 0.392 0.392 0.39205057 0.094570517 -0.15574054 -0.156 -0.156 -0.15599999 -0.582 -0.582 -0.582 -0.582 -0.582 -0.458 -0.458 -0.458 -0.458 -0.70864407 -0.994 -0.33147514 -0.324 -0.278 -0.278 
0.666 0.666 0.47202457 0.472 0.472 0.472 0.42577277 0.29 0.29 0.29 -0.242 -0.242 -0.242 -0.242 -0.242 -0.48181815 -0.482 -0.42201759 -0.422 -0.422 -0.422 -0.422 0.24153887 0.632 0.632 0.632 0.632 0.63206103 0.718 0.718 0.718 0.718 0.718 0.286 0.286 0.286 0.286 0.286 -0.352 -0.352 -0.352 -0.352 -0.352 -0.45673033 -0.45799973 -0.458 -0.45791186 -0.44737464 -0.324 -0.324 -0.324 -0.27800026 -0.278 
0.66599978 0.55030053 0.47200001 0.472 0.472 0.472 0.472 0.29007749 0.29 0.29 -0.242 -0.242 -0.242 -0.242 -0.54511448 -0.552 -0.552 -0.42200335 -0.422 -0.422 -0.422 -0.422 -0.42199989 0.632 0.632 0.632 0.632 1.0519997 1.0519998 0.98091668 0.718 0.718 0.718 0.286 0.286 0.286 0.286 0.28610972 -0.352 -0.352 -0.352 -0.352 -0.35196537 0.062 0.062 0.062 0.062 0.061968869 -0.324 -0.324 -0.324 -0.32399998 -0.28391164 
0.548 0.548 0.48299038 0.472 0.472 0.472 0.472 0.472 0.29007617 -0.29999999 -0.3 -0.3 -0.29986235 -0.55199955 -0.552 -0.552 -0.552 -0.552 -0.4219982 -0.40661413 -0.272 -0.272 -0.272 -0.04405154 0.59422283 0.39208436 0.22202884 1.052 1.052 1.052 1.052 1.052 1.0353849 0.45037935 0.448 0.448 0.448 0.448 -0.26709004 0.099999188 0.1 0.1 0.1 0.065999988 0.062000001 0.062 0.062 0.174 -0.32399202 -0.324 -0.324 -0.284 -0.284 
0.548 0.548 0.204 0.204 0.204 0.47191073 0.472 0.472 -0.3 -0.3 -0.3 -0.3 -0.3 -0.55199999 -0.552 -0.552 -0.552 -0.552 -0.272 -0.272 -0.272 -0.272 -0.272 0.15999998 0.16 0.16 0.16 1.052 1.052 1.052 1.052 1.052 0.66 0.66 0.448 0.448 0.448 0.24803406 0.248 0.1 0.1 0.1 0.099999994 0.066 0.066 0.066 0.174 0.174 0.174 -0.014 -0.014 -0.284 -0.284 
0.548 0.548 0.204 0.204 0.204 0.204 0.20399723 -0.3 -0.3 -0.3 -0.3 -0.3 -0.3 -0.54885653 -0.552 -0.552 -0.552 -0.552 -0.27200001 -0.272 -0.272 -0.272 -0.272 0.16 0.16 0.16 0.16 0.1600036 1.052 1.052 1.052 0.66002055 0.66 0.66 0.66 0.448 0.248 0.248 0.248 0.24410584 0.064593644 0.058 0.058 0.066 0.066 0.066 0.174 0.174 0.174 -0.014 -0.014 -0.014 0.1924068 
0.526 0.52600017 0.204 0.204 0.204 0.204 -0.3 -0.3 -0.3 -0.3 -0.3 -0.3 -0.3 -0.30007834 -0.552 -0.552 -0.552 -0.552 -0.27200505 -0.272 -0.272 -0.272 0.083887388 0.16 0.16 0.16 0.16 0.12000003 0.12 0.12000001 1.0419825 0.66 0.66 0.66 0.65999946 0.098000008 0.248 0.248 0.248 0.248 0.058 0.058 0.058 -0.19 -0.19 -0.19 -0.30195364 0.174 0.174 -0.014000002 -0.014 -0.014 0.24199882 
0.526 0.526 0.204 0.204 0.204 -0.3 -0.3 -0.3 -0.3 -0.30001024 -0.3 -0.3 -0.3 -0.3000018 -0.64998872 -0.65 -0.65 -0.65 -0.55480801 -0.576 -0.576 -0.576 -0.576 0.16 0.16 0.16 0.15999736 0.12 0.12 0.12 0.12 0.65988824 0.34389126 0.098 0.098 0.098 0.244483 -0.69398039 -0.694 -0.694 0.057953003 -0.0019999982 -0.002 -0.19 -0.19 -0.19000047 -0.302 -0.302 -0.464 -0.464 -0.464 -0.24 -0.182 
0.526 0.526 0.194 0.194 0.194 -0.3 -0.3 -0.3 -0.3 -0.642 -0.642 -0.642 -0.642 -0.64256378 -0.65 -0.65 -0.65 -0.65 -0.554 -0.576 -0.576 -0.576 -0.576 -0.23 -0.22999985 0.15999942 0.12 0.12 0.12 0.12 0.0055817952 -0.106 0.073726798 0.098 0.098 0.098 -0.694 -0.694 -0.694 -0.694 -0.002 -0.002 -0.002 0.30590288 0.306 -0.29926708 -0.302 -0.302 -0.4639984 -0.464 -0.24 -0.24 -0.182 
0.526 0.194 0.194 0.194 0.194 0.194 -0.30315173 -0.706 -0.706 -0.642 -0.642 -0.642 -0.642 -0.64200189 -0.65 -0.65 -0.65 -0.64566242 -0.554 -0.554 -0.576 -0.576 -0.23 -0.23 -0.23 -0.23 0.12 0.12 0.12 0.12 -0.106 -0.106 -0.106 0.097793569 0.098 0.098 -0.694 -0.694 -0.694 -0.694 -0.002 -0.002 -0.002 0.306 0.306 0.30600079 0.32 0.32 -0.132 -0.132 -0.24 -0.24 -0.182 
0.19711789 0.194 0.194 0.194 0.194 0.194 -0.706 -0.706 -0.706 -0.67174453 -0.642 -0.642 -0.642 -0.6420016 -0.65 -0.65 -0.65 -0.554 -0.554 -0.554 -0.5759989 -0.57599789 -0.23 -0.23 -0.23 -0.23 0.11997512 0.12 0.12 -0.10594803 -0.106 -0.106 -0.106 -0.106 0.096499946 -0.6 -0.6 -0.60162683 -0.694 -0.694 -0.0020006114 -0.002 0.29704484 0.306 0.306 0.31999999 0.32 0.32 -0.132 -0.132 -0.376 -0.376 -0.778 
0.194 0.194 0.194 0.194 0.194 0.194 -0.706 -0.706 -0.706 -0.706 -0.72399764 -0.724 -0.724 -0.724 -0.65000017 -0.67179434 -0.684 -0.684 -0.55423965 -0.554 -0.554 -0.2300005 -0.23 -0.23 -0.23 -0.23 -0.22974553 0.12 0.11999228 -0.106 -0.106 -0.106 -0.106 -0.106 -0.6 -0.6 -0.6 -0.6 -0.6 -0.60000141 -1.06 -1.06 -1.0599998 -0.328 -0.328 -0.328 -0.498 -0.498 -0.472 -0.472 -0.376 -0.37600088 -0.778 
0.194 0.194 0.194 0.194 0.194 0.194 -0.706 -0.706 -0.706 -0.724 -0.724 -0.724 -0.724 -0.724 -0.7134561 -0.684 -0.684 -0.684 -0.684 -0.684 -0.67779293 -0.23 -0.23 -0.23 -0.23 -0.24978264 -0.8590128 -0.01344245 -0.10488549 -0.106 -0.106 -0.106 -0.106 -0.10600108 -0.6 -0.6 -0.6 -0.6 -0.6 -0.81399093 -1.06 -1.06 -1.06 -0.328 -0.328 -0.328 -0.498 -0.498 -0.472 -0.472 -1.376 -0.81098803 -0.778 
0.194 0.194 0.194 0.194 0.194 0.19399973 -0.70599979 -0.706 -0.7067471 -0.724 -0.724 -0.724 -0.724 -0.724 -0.72208135 -0.684 -0.684 -0.684 -0.684 -0.684 -0.684 -0.76312989 -0.85999912 -0.86 -0.86 -0.86 -0.86 -0.86 -0.34096943 -0.3339973 -0.33399999 -0.334 -0.334 -0.33400019 -0.6 -0.6 -0.6 -0.6 -0.6 -1.0599999 -1.06 -1.06 -1.06 -1.0599997 -0.32892987 -0.908 -0.49800004 -1.0050732 -0.4724749 -1.376 -1.376 -1.3752933 -1.342 
0.194 0.194 0.194 0.194 0.194 0.19394251 -0.70595146 -0.70600109 -0.72399998 -0.724 -0.724 -0.724 -0.724 -0.724 -0.72323889 -0.684 -0.684 -0.684 -0.684 -0.684 -0.684 -0.86 -0.86 -0.86 -0.86 -0.86 -0.86 -0.86 -0.3341452 -0.334 -0.334 -0.334 -0.334 -0.334 -0.40688397 -0.6 -0.6 -0.6 -0.6 -1.06 -1.06 -1.06 -1.06 -1.0599611 -0.908 -0.908 -0.90866436 -1.014 -1.014 -1.376 -1.376 -1.342 -1.342 
0.194 0.194 0.194 0.194 0.19399999 0.19279973 -0.70493217 -0.72196882 -0.724 -0.724 -0.724 -0.724 -0.724 -0.724 -0.72329973 -0.684 -0.684 -0.684 -0.684 -0.684 -0.7090592 -0.86 -0.86 -0.86 -0.86 -0.86 -0.86 -0.86 -0.33400211 -0.334 -0.334 -0.334 -0.334 -0.334 -0.334 -0.65774091 -0.74751891 -0.79660404 -0.80408549 -1.0680991 -1.06 -1.06 -1.06 -0.90801214 -0.908 -0.91079358 -1.3759983 -1.014 -1.014 -1.4399956 -1.44 -1.44 -1.342 
0.194 0.194 0.194 0.194 0.19399909 0.18649434 -0.70125087 -0.72399505 -0.724 -0.724 -0.724 -0.724 -0.724 -0.724 -0.72306594 -0.684 -0.684 -0.684 -0.684 -0.684 -0.85999924 -0.86 -0.86 -0.86 -0.86 -0.86 -0.86 -0.86 -0.33400014 -0.334 -0.334 -0.334 -0.334 -0.334 -0.33400009 -0.808 -0.808 -0.808 -0.808 -1.186 -1.186 -1.186 -1.186 -1.3759986 -1.376 -1.376 -1.376 -1.3760004 -1.42 -1.42 -1.44 -1.44 -1.3932997 
0.194 0.194 0.194 0.19399993 0.19397487 0.16955817 -0.72121541 -0.72399976 -0.724 -0.724 -0.724 -0.724 -0.724 -0.724 -0.72264215 -0.68400002 -0.684 -0.684 -0.684 -0.68505927 -0.86 -0.86 -0.86 -0.86 -0.86 -0.86 -0.86 -0.86 -0.33400012 -0.334 -0.334 -0.334 -0.334 -0.334 -0.80799957 -0.808 -0.808 -0.808 -0.808 -1.186 -1.186 -1.186 -1.186 -1.2372802 -1.376 -1.376 -1.376 -1.4199995 -1.42 -1.42 -1.378 -1.378 -1.378 
0.194 0.194 0.19399996 0.19399796 0.19375361 0.10161685 -0.72374927 -0.72399994 -0.724 -0.724 -0.724 -0.724 -0.724 -0.724 -0.72206809 -0.68400094 -0.684 -0.684 -0.6840002 -0.85643396 -0.86 -0.86 -0.86 -0.86 -0.86 -0.86 -0.86 -0.86 -0.33400049 -0.334 -0.334 -0.334 -0.334 -0.52725919 -0.80799994 -0.808 -0.808 -0.808 -0.808 -1.186 -1.186 -1.186 -1.186 -1.186 -1.376 -1.376 -1.376 -1.42 -1.42 -1.42 -1.378 -1.378 -1.378 
0.19399999 0.19399994 0.19399915 0.19397588 0.19251829 -0.33934577 -0.72393364 -0.72399996 -0.724 -0.724 -0.724 -0.724 -0.724 -0.72399992 -0.72138557 -0.68401461 -0.684 -0.68400001 -0.68491124 -0.85998503 -0.86 -0.86 -0.86 -0.86 -0.86 -0.86 -0.86 -0.85999969 -0.3340033 -0.334 -0.33400019 -0.57479119 -0.598 -0.598 -0.598 -0.808 -0.808 -0.808 -0.808 -1.186 -1.186 -1.186 -1.186 -1.186 -1.3759966 -1.376 -1.376 -1.42 -1.42 -1.42 -1.378 -1.378 -1.378 
