interpolatedSpi/06-07|21_2.tif
NCOLS 53
NROWS 52
XLLCORNER -116.03883
YLLCORNER 28.596182
DX 0.49850594
DY 0.49788537
NODATA_VALUE -9999
-1.45 -1.45 -1.5746795 -1.34 -1.005 -1.765 -1.435 -1.495 -0.72357452 -0.37 -0.955 -0.135 -0.86002347 -1.145 -1.765 -1.765 -1.765 0.305 -0.365 -0.365 -0.365 -0.36499971 -0.33500001 -1.355 -1.355 -1.355 0.30499634 0.305 0.305 0.16 0.16 0.16 0.16 0.13000001 0.13 0.13 0.13 0.13 0.13 0.12999997 -0.82966482 -0.84002419 -0.935 -0.935 -0.935 -0.935 -0.93456716 -0.67 -0.67 -0.67 0.53999749 0.54 0.54 
-1.450002 -1.495 -1.4799997 -1.5746261 -2.2647879 -1.21 -1.375 -0.93949284 -1.095 -1 -0.56 -0.86 -0.86 -0.42241749 -1.1449967 -1.765 0.305 0.305 -0.36412641 -0.365 -0.365 -0.365 -1.3705279 -1.355 -1.355 -1.355 -1.36 -1.36 0.16 0.16 0.16 0.16 0.16 0.13 0.13 0.13 0.13 0.13 0.12999987 -0.26096118 -2.2398661 -1.0933509 -0.935 -0.935 -0.935 -0.935 -0.935 -0.67 -0.67 -0.67 -0.56966564 0.54 0.54 
-2.1749608 -2.175 -1.245 -1.875 -1.12 -1.07 -0.74 -0.72 -0.84 -0.5 -0.73 -0.7 -0.26 -1.265 -0.42 -1.275 0.305 0.305 0.305 -0.80487209 -0.805 -0.805 -1.65 -1.355 -1.355 -1.355 -1.36 -1.36 -1.36 0.16 0.16 0.15999995 -0.29733006 0.12554333 0.11292007 -1.688185 -1.705 -1.705 -1.7722889 -2.24 -2.24 -2.2383312 -0.935 -0.935 -0.935 -0.935 -0.935 -0.67 -0.67 -0.67 -0.67 0.54 0.54 
-0.53 -2.1749998 -1.0648928 -0.43 -0.335 -1.01 -0.355 -0.3 -0.325 -0.34588868 -0.49 -0.42 -0.6 -1.265 -1.05 -1.275 -1.8356772 -1.8384971 -1.605 -0.805 -0.805 -1.915 -1.65 -1.65 -1.355 -1.355 -1.36 -1.36 -1.36 -0.55 -0.68168265 -0.79 -0.79 -0.79000071 -1.705 -1.705 -1.705 -1.705 -2.24 -2.24 -2.24 -2.24 -0.935 -0.935 -0.935 -0.935 -0.935 -0.67000334 -0.67 -0.67 -0.67 0.53992324 0.54 
-0.53 0.29499751 -1.065 -1.0665154 -0.335 -0.865 -0.70499942 -0.135 -0.645 -0.36500029 -0.65661968 -0.79011602 -1.6 -1.05 -1.05 -1.209424 -1.84 -1.84 -1.605 -1.605 -0.8050022 -1.915 -1.62 -1.135 -1.31 -1.3098375 -1.36 -1.36 -0.55 -0.55 -0.79 -0.79 -0.79 -0.76831396 -1.705 -1.705 -1.705 -2.24 -2.24 -2.24 -2.24 -2.2399981 -0.93500002 -0.935 -0.935 -0.935 -0.935 -0.93264117 -0.67 -0.67005112 -1.81 -1.81 -1.81 
-1.67 -0.355 -0.71 -0.685 -1.79 -0.835 -0.75 -0.67126239 -0.725 -0.135 -0.8 -0.765 -0.76500055 -1.72 -1.72 -2.2347887 -2.235 -2.205 -2.205 -1.6049994 -1.785 -1.785 -1.135 -1.31 -1.31 -0.615 -0.295 -0.295 -0.47500678 -0.55 -0.79 -0.79 -0.675 -0.6749441 -0.14003891 -2.265 -2.265 -2.2477343 -2.24 -2.24 -2.2200249 -2.22 -2.2199987 -2.3937857 -2.4198359 -2.4199996 -2.4199999 -2.4199994 -1.6906317 -1.81 -1.81 -1.81 -1.81 
-0.58999949 -0.655 -0.47461435 -1.005 -1.67 -1.665 -1.41 -1.015 -0.77 -0.77 -0.8 -1.615 -1.26 -1.72 -1.3600011 -1.36 -2.235 -1.355 -0.9 -0.9 -1.7708621 -1.755 -1.755 -0.54500001 -0.615 -0.615 -0.295 -0.295 -0.47499883 -0.47497854 -0.23567926 -0.675 -0.675 -0.14 -0.14 -2.1397328 -2.265 -2.265 -2.1650035 -2.2199999 -2.22 -2.22 -2.2199915 -2.4199945 -2.42 -2.42 -2.42 -2.4199996 -1.705 -1.8099792 -1.81 -1.81 -1.81 
-0.59 -0.49 -0.345 -1.44 -1.684986 -1.265 -0.785 -1.76 -1.645 -1.24 -1.24 -1.21 -1.26 -1.26 -1.3593139 -1.2370478 -1.225 -0.925 -1.6949992 -0.9 -0.2645755 -0.265 0.09 -0.235 -0.23499529 0.13 -0.35 -0.34999998 -0.45507008 -0.455 -0.235 -1.411773 -1.615 -0.14 -0.16823599 -2.035 -2.035 -2.165 -2.165 -2.22 -2.22 -2.22 -1.4311277 -1.4300001 -2.42 -2.42 -2.42 -1.7050272 -1.705 -1.705 -1.81 -1.81 -1.81 
-0.54537617 -0.49 -0.24 -0.72 -0.825 -1.21 -1.135 -1.455 -1.735 -1.5834869 -1.29 -1.035 -1.035 -1.255 -1.2550028 -0.97071071 -0.97 -0.97 -1.0425417 -0.92499986 -0.26 -0.26 -0.3 -0.063692589 0.093217637 0.13 -0.605 -0.35 -0.36988378 -0.37 -1.355 -0.115 -0.14522498 -0.895 -1.13 -0.99 -1.485 -1.485 -1.8498315 -2.2176565 -1.695 -1.505 -1.430013 -1.43 -1.4355723 -2.42 -1.2250001 -1.705 -1.705 -1.705 -1.705 -1.9102285 -1.155 
-0.855 -0.855 -0.19 -0.63 -0.545 -1.41 -1.945 -1.76 -1.785 -1.5450469 -1.73 -0.675 -1.255 -1.255 -1.555 -1.5469765 -0.97 -0.97006545 -1.29 -0.925 -0.925 -0.83932567 -0.3 -0.095003882 -0.095 -0.095 -0.605 0.665 0.665 -0.37 -0.37 -0.1151138 -0.175 -0.895 -0.17 -0.99 -1.485 -1.58 -1.85 -1.569619 -1.505 -1.5068367 -1.51 -1.43 -1.43 -1.225 -1.225 -1.225 -1.705 -1.705 -2.615 -2.615 -2.6149995 
-0.855 -0.855 -0.815 -1.34 -1.655 -0.675 -1.365 -2.0149221 -1.965 -1.895 -1.4 -1.645 -0.67629221 -1.555 -1.555 -1.5549319 -0.965 -0.98205752 -1.29 -1.83 -1.83 -0.595 -0.595 -0.095 -0.095 -0.095 0.665 0.665 0.665 -0.055 -0.055 -0.055000198 -0.455 -0.455 -0.58 -1.465 -1.465 -2.2149827 -2.36 -1.565 -1.565 -1.6049997 -1.51 -1.43 -2.44 -2.755 -1.2897201 -1.29 -1.795 -1.795 -2.615 -2.615 -2.615 
-0.855 -0.83788761 -1.0390362 -1.5799932 -1 -1.345 -1.365 -2.015 -1.9650004 -1.8957755 -1.6450003 -1.645 -1.555 -1.555 -1.555 -0.96500002 -0.965 -0.9650185 -1.29 -1.83 -1.5874711 -0.595 -0.595 -0.095020854 -0.095 -0.11143598 -0.145 -0.145 -0.1449999 -0.055 -0.055 -1.03 -1.03 -0.45500034 -0.58 -1.2500002 -1.2597469 -2.215 -2.215 -1.565 -1.605 -1.605 -1.605006 -2.44 -2.44 -2.755 -1.29 -1.29 -1.795 -1.795 -2.615 -2.615 -2.615 
-3.06 -1.2928617 -1.325 -1.3268394 -1.000002 -1.3449919 -1.365 -2.0069989 -1.9684455 -1.9631721 -1.555 -1.555 -1.555 -1.555 -1.555 -0.965 -0.965 -0.96919627 -1.29 -1.8298591 -1.355 -1.355 -1.355 -1.355 -0.11635264 -0.145 -0.145 -0.145 -0.145 -0.14509824 -1.03 -1.03 -1.03 -1.03 -1.25 -1.25 -1.25 -2.1661026 -2.2148498 -2.195 -2.195 -1.6050317 -2.6699921 -2.4400222 -2.44 -2.755 -1.29 -1.29 -1.795 -1.795 -2.6120251 -2.615 -0.22178533 
-3.06 -1.325 -1.325 -1.325 -1.325 -1.325 -1.3649487 -1.6725493 -1.9776378 -1.5554398 -1.555 -1.555 -1.555 -1.555 -1.5550002 -0.96500001 -0.96500005 -0.98729278 -1.2899957 -1.355 -1.355 -1.355 -1.355 -1.355 -1.3511042 -0.56328773 -0.68999989 -0.69 -0.69 -0.69 -1.03 -1.03 -1.03 -1.025 -1.025 -1.25 -1.2743048 -1.275 -2.1949995 -2.195 -2.195 -2.195 -2.67 -2.67 -2.67 -2.6705915 -2.2539931 -2.26 -2.26 -2.26 -2.26 -0.75000038 -0.75 
-2.885 -1.325 -1.325 -1.325 -1.325 -1.325 -1.325 -1.6141052 -1.7860787 -1.785 -1.785 -1.785 -1.785 -1.785 -1.785 -2.4021368 -0.9880397 -1.0095037 -1.3549917 -1.355 -1.355 -1.355 -1.355 -1.355001 -1.175 -1.175 -1.1749993 -0.69 -0.69 -0.69027033 -0.825 -0.825 -1.025 -1.025 -1.025 -1.2349527 -1.275 -1.275 -1.275 -2.195 -2.195 -2.195 -2.67 -2.67 -2.67 -2.67 -2.26 -2.26 -2.26 -2.26 -2.26 -0.75 -0.75 
-2.885 -2.3042297 -1.325 -1.325 -1.325 -1.325 -1.854896 -1.855 -1.855 -1.785 -1.785 -1.785 -1.785 -1.785 -1.9239824 -2.415 -2.415 -2.415 -2.1725036 -2.1749992 -2.175 -2.175 -2.175 -2.175 -1.175 -1.175 -1.175 -1.175 -0.69 -0.825 -0.825 -0.825 -1.025 -1.025 -1.025 -1.32 -1.2750596 -1.275 -1.275 -2.1949846 -2.1650829 -2.0952989 -2.67 -2.67 -2.1815122 -2.18 -2.18 -2.2580956 -1.1040537 -1.1000001 -1.1000002 0.21485361 -0.74999804 
-2.885 -2.10162 -1.7070648 -1.325 -1.325 -1.8546869 -1.855 -1.855 -1.855 -1.8544956 -1.785 -1.785 -1.785 -1.7850001 -2.415 -2.415 -2.415 -2.415 -2.1752144 -2.175 -2.175 -2.175 -2.175 -2.175 -1.175 -1.175 -1.175 -1.175 -1.1737269 -0.825 -0.825 -0.825 -1.355 -1.025038 -1.32 -1.32 -1.32 -1.3269769 -2.0430848 -2.095 -2.095 -2.095 -2.175 -2.175 -2.18 -2.18 -2.18 -1.1 -1.1 -1.1 -1.1 0.215 0.215 
-2.0804221 -2.08 -2.08 -2.08 -1.405 -1.8549884 -1.855 -1.855 -1.855 -1.855 -1.7887854 -1.7850007 -1.785 -2.415 -2.415 -2.415 -2.415 -2.415 -2.3412635 -2.175 -2.175 -2.175 -2.175 -2.175 -1.4122322 -0.94500125 -0.945 -0.945 -0.945 -0.82500003 -1.355 -1.355 -1.355 -1.355 -1.32 -1.3200167 -1.955 -1.955 -2.0932519 -2.095 -2.095 -2.095 -2.175 -2.175 -2.1792258 -2.18 -2.18 -1.1 -1.1 -1.1 -1.0858998 0.215 0.215 
-2.08 -2.08 -2.08 -1.7621324 -1.405 -1.405 -1.855 -1.855 -1.855 -1.855 -1.835 -1.835 -1.835 -2.415 -2.415 -2.415 -2.415 -2.4148265 -1.545 -1.545 -2.1749997 -2.175 -2.1560103 -1.395 -1.3909488 -0.945 -0.945 -0.945 -0.945 -1.3549583 -1.355 -1.355 -1.355 -1.355 -1.9549978 -1.955 -1.955 -1.955 -1.9554841 -2.095 -2.095 -2.095 -2.175 -2.175 -2.175 -2.18 -2.18 -1.1 -1.1 -1.1 0.215 0.215 0.215 
-2.08 -2.08 -2.08 -1.405 -1.405 -1.405 -1.4050007 -1.855 -1.855 -1.8350206 -1.835 -1.835 -1.835 -1.8353614 -1.5651065 -1.365 -1.365 -1.365 -1.545 -1.545 -1.545 -1.395 -1.395 -1.395 -1.3947675 -0.74568076 -0.945 -0.945 -0.945 -1.4634384 -1.4999857 -1.5 -1.5 -1.5 -1.8941925 -1.8100003 -1.81 -1.81 -1.81 -1.5950684 -1.595 -1.595 -2.175 -2.175 -1.460003 -1.4599997 -0.715 -0.715 -0.155 -0.155 -0.155 0.215 0.75451717 
-2.0799945 -2.08 -2.08 -1.405 -1.405 -1.405 -1.405 -1.2550002 -1.852601 -1.8344151 -1.835 -1.835 -1.835 -1.8340777 -1.365 -1.365 -1.365 -1.3650001 -1.545 -1.545 -1.545 -1.395 -1.395 -1.395 -0.565 -0.565 -0.91499999 -0.915 -0.915 -0.91819136 -1.5 -1.5 -1.5 -1.5 -1.6549148 -1.81 -1.81 -1.81 -1.81 -1.595 -1.595 -1.595 -1.5907524 -1.46 -1.46 -1.46 -0.715 -0.715 -0.155 -0.155 -0.155 0.75499997 0.755 
-0.32 -1.1375173 -1.08 -1.0800943 -1.405 -1.2558679 -1.255 -1.255 -1.289616 -1.19 -1.19 -1.19 -1.19 -0.5050223 -0.505 -1.3649993 -1.365 -1.3697427 -1.545 -1.545 -1.545 -0.43 -0.43 -0.43 -0.565 -0.565 -0.915 -0.915 -0.915 -0.91500019 -1.180002 -1.1800009 -1.4919573 -1.4996569 -1.5449494 -1.545 -1.545 -1.545 -1.545 -1.595 -1.595 -1.595 -1.4674332 -1.46 -1.46 -1.4599999 -0.715 -0.715 -0.71497984 -0.155 -0.15501543 -0.5 0.755 
-0.91988606 -0.92000003 -1.08 -1.08 -1.08 -1.255 -1.255 -1.255 -1.35 -1.35 -1.19 -1.19 -1.19 -0.505 -0.505 -0.505 -0.505 -0.50511869 -1.545 -1.545 -1.545 -0.43 -0.43 -0.43 -0.565 -0.565 -0.915 -0.915 -0.915 -1.1770121 -1.18 -1.18 -1.18 -1.18 -1.5448199 -1.545 -1.545 -1.545 -1.545 -1.1150001 -1.115 -1.115 -1.115 -1.4599977 -1.165 -1.165 -1.165 -1.155 -1.155 -1.155 -0.5 -0.5 -0.5 
-0.92 -0.92 -1.08 -1.08 -1.08 -1.2540802 -1.255 -1.35 -1.35 -1.35 -1.1900197 -1.19 -1.0224894 -0.50500011 -0.505 -0.505 -0.505 -0.375 -0.375 -0.375 -0.64 -0.63999984 -0.43000102 -0.43 -0.43035508 -0.965 -0.965 -0.96499988 -0.91500808 -0.57012156 -0.57000325 -0.5701065 -1.1789574 -1.1794736 -1.4795971 -1.5449997 -1.5424698 -0.79 -0.79 -1.115 -1.115 -1.115 -1.115 -1.165 -1.165 -1.165 -1.165 -1.155 -1.155 -1.155 -0.5 -0.5 -0.5 
-0.92 -0.92 -1.08 -1.08 -1.08 -1.08 -1.2905557 -1.35 -1.35 -1.35 -1.3497984 -0.985 -0.985 -0.985 -0.50782875 -0.505 -0.37586629 -0.375 -0.375 -0.375 -0.64 -0.64 -0.64 -0.64 -0.965 -0.965 -0.965 -0.965 -0.965 -0.57 -0.57 -0.57 -0.57 -0.57000157 -1.315 -0.79 -0.79 -0.79 -0.79 -0.7899995 -0.58 -0.58 -0.58 -0.75735092 -1.125 -1.125 -1.125 -1.155 -1.1549993 -0.445 -0.445 -0.21007055 -0.21 
-0.92 -0.92 -1.0222512 -1.08 -1.08 -1.08 -1.1803017 -1.3494643 -1.35 -1.35 -0.98499993 -0.985 -0.985 -0.985 -0.985 -0.9455652 -0.375 -0.375 -0.375 -0.375 -0.63999795 -0.64 -0.64 -0.64 -0.965 -0.965 -0.965 -0.965 -0.965 -0.91361473 -0.57 -0.57 -0.57 -1.315 -1.315 -1.3145923 -0.79 -0.79 -0.6380498 -0.52000002 -0.58 -0.58 -0.58 -0.74973292 -1.125 -1.125 -1.125 0.645 -0.43141871 -0.445 -0.445 -0.21 -0.21 
-0.485 -0.485 -0.485 -0.93081714 -1.0797272 -1.18 -1.18 -1.18 -1.18 -0.65 -0.65 -0.98499998 -0.985 -0.985 -0.985 -0.98496131 -0.375 -0.375 -0.375 -0.375 -0.5243626 -0.64 -0.64 -0.62678394 -0.17195896 -0.965 -0.965 -0.965 -1.035 -1.035 -1.035 -1.034998 -1.315 -1.315 -1.315 -1.315 -0.52 -0.52 -0.52 -0.52 -0.21 -0.21 -0.21 0.38998794 0.39 0.39 0.38999952 0.645 0.645 -0.44367189 -0.445 -0.2099944 -0.21 
-0.485 -0.485 -0.485 -0.48502181 -0.89 -0.93217076 -1.18 -1.18 -1.18 -0.65 -0.65 -0.65 -0.29000003 -0.29 -0.29 -0.29 -0.37410241 -0.375 -0.375 -0.375 -0.37899077 -0.13500139 -0.135 -0.135 -0.135 -0.13500002 -0.68 -0.68 -1.035 -1.035 -1.035 -1.035 -1.3149993 -1.315 -1.315 -1.3149218 -0.52 -0.52 -0.52 -0.51989033 -0.21 -0.21 -0.21 0.38997218 0.39 0.39 0.39 0.645 0.645 0.64500003 0.9 0.9 0.87 
-0.485 -0.485 -0.485 -0.88999907 -0.89 -0.89 -1.1799999 -1.18 -1.18 -0.65 -0.65 -0.65 -0.29 -0.29 -0.29 -0.25915538 0.115 0.115 0.11499873 -0.37223235 -0.135 -0.135 -0.135 -0.135 -0.135 -0.13541014 -0.68 -0.68 -0.68 -1.035 -1.035 -1.0349549 -0.355 -0.355 -0.355 -1.015 -1.015 -0.495 -0.495 -0.495 -0.195 -0.20999529 -0.2099919 0.875 0.875 0.85661905 0.39000171 0.645 0.645 0.9 0.9 0.9 0.87 
-0.485 -0.485 -0.485 -0.89 -0.89 -0.89 -0.89 -1.18 -1.18 -0.65 -0.65 -0.30439481 -0.29 -0.29 -0.29 0.115 0.115 0.115 0.115 0.115 -0.135 -0.135 -0.135 -0.135 -0.135 -0.67999814 -0.68 -0.68 -0.68 -0.965 -0.965 -0.965 -0.355 -0.355 -0.355 -1.015 -1.015 -0.495 -0.495 -0.195 -0.195 -0.195 0.875 0.875 0.875 0.875 0.88116105 0.95 0.95 0.95 0.9 0.97 0.97 
-0.485 -0.485 -0.48556398 -0.89 -0.89 -0.89 -0.89 -0.24739205 -0.215 -0.21574684 -0.64999998 -0.2899954 -0.29 -0.29 -0.2899986 0.115 0.115 0.115 0.115 0.115 0.91510614 -0.135 -0.135 -0.135 -0.13482905 -0.67992264 -0.68 -0.68 -0.68 -0.965 -0.965 -0.965 -0.96490646 -0.355 -1.015 -1.015 -1.015 -1.0149782 -0.49497954 -0.195 -0.195 -0.195 0.87493504 0.875 0.875 0.875 0.94999679 0.95 0.95 0.95 0.97 0.97 0.97 
-0.33 -0.33000027 -0.88976723 -0.89 -0.89 -0.89 -0.21514363 -0.215 -0.215 -0.215 -0.235 -0.235 -0.235 -0.235 0.11338461 0.115 0.115 0.115 0.115 0.9599995 0.96 0.96 0.69499986 0.695 0.695 0.695 0.57631981 -0.68 -0.29501577 -0.295 -0.295 -0.295 -0.295 -0.48 -0.48 -0.48 -0.48 -0.48 0.32 0.32 0.32 0.32 0.32 0.63036932 0.63 0.63 0.63 0.95 0.95 0.95 0.96999685 0.97 0.97 
-0.33 -0.33 -0.32832566 -0.13000153 -0.13000017 -0.13008341 -0.215 -0.215 -0.215 -0.215 -0.235 -0.235 -0.235 -0.235 -0.235 0.115 0.115 0.115 0.95999979 0.96 0.96 0.96 0.695 0.695 0.695 0.695 0.695 0.69470806 -0.29496911 -0.295 -0.295 -0.295 -0.29498759 -0.46582746 -0.47998532 -0.48 -0.48 -0.48 0.32 0.32 0.32 0.32 0.32 0.63 0.63 0.63 0.63 0.77963825 0.95 -0.20200218 -0.215 -0.25 -0.25 
-0.33 -0.33 -0.13002533 -0.13 -0.13 -0.13 -0.15158964 -0.215 -0.215 -0.215 -0.235 -0.235 -0.235 -0.235 -0.235 0.11473546 0.115 0.95975225 0.96 0.96 0.96 0.96 0.79317097 0.695 0.695 0.695 0.695 0.69435556 -0.215 -0.215 -0.215 -0.215 -0.215 -0.455 -0.455 -0.455 -0.455 -0.455 0.365 0.365 0.365 0.365 0.365 0.62978025 0.62999995 0.63 0.62998474 0.62804264 -0.215 -0.215 -0.215 -0.2499998 -0.25 
-0.32999878 0.32203517 -0.12999994 -0.13 -0.13 -0.13 -0.13 -0.21496381 -0.215 -0.215 -0.235 -0.235 -0.235 -0.235 0.27833904 0.29 0.29 0.95998276 0.96 0.96 0.96 0.96 0.95999996 0.695 0.695 0.695 0.695 -0.085000098 -0.08500006 -0.11266716 -0.215 -0.215 -0.215 -0.455 -0.455 -0.455 -0.455 -0.45469184 0.365 0.365 0.365 0.365 0.36503294 0.54 0.54 0.54 0.54 0.53993911 -0.215 -0.215 -0.215 -0.21499976 0.17366721 
0.335 0.335 0.23202961 -0.13 -0.13 -0.13 -0.13 -0.13 -0.21496176 0.60999999 0.61 0.61 0.60799464 0.28999924 0.29 0.29 0.29 0.29 0.95999898 0.95128134 0.875 0.875 0.875 0.82894641 0.69019782 0.66450225 0.64240886 -0.085 -0.085 -0.085 -0.085 -0.085 -0.080937674 0.0074635413 -1.0616666e-19 -7.0173047e-55 -6.7944142e-39 -1.2294298e-18 0.44577707 0.79499923 0.795 0.795 0.795 0.12500122 0.53999989 0.54 0.54 0.25 -0.21499255 -0.215 -0.215 0.18 0.18 
0.335 0.335 0.22 0.22 0.22 -0.12988341 -0.13 -0.13 0.61 0.61 0.61 0.61 0.61 0.29000001 0.29 0.29 0.29 0.29 0.875 0.875 0.875 0.875 0.875 0.63500001 0.635 0.635 0.635 -0.084999997 -0.085 -0.085 -0.085 -0.085 0.665 0.665 4.3687854e-09 1.4465036e-57 7.0927811e-36 1.0848152 1.085 0.795 0.795 0.795 0.79499995 0.125 0.125 0.125 0.25 0.25 0.25 0.32 0.32 0.18 0.18 
0.335 0.335 0.22 0.22 0.22 0.22 0.22000154 0.5 0.60989643 0.61 0.61 0.61 0.61 0.29399171 0.29 0.29 0.29 0.29 0.87499999 0.875 0.875 0.875 0.875 0.635 0.635 0.635 0.635 0.63499712 -0.085 -0.085 -0.085 0.66496068 0.665 0.665 0.665 7.1774498e-10 1.085 1.085 1.085 1.0773696 0.51259216 0.46 0.46 0.125 0.125 0.125 0.25 0.25 0.25 0.32 0.32 0.32 0.11659986 
0.085 0.085001962 0.22 0.22 0.22 0.22 0.5 0.5 0.5 0.61 0.61 0.61 0.61 0.60990052 0.29 0.29 0.29 0.29 0.8749897 0.875 0.875 0.875 0.67728121 0.635 0.635 0.635 0.635 1.0349997 1.035 1.035 -0.072951365 0.665 0.665 0.665 0.66500049 1.175 1.085 1.085 1.085 1.085 0.46 0.46 0.46 0.695 0.695 0.695 0.62996299 0.25 0.25 0.32 0.32 0.32 0.11000435 
0.085 0.085 0.22 0.22 0.22 0.5 0.5 0.5 0.5 0.59796193 0.61 0.61 0.61 0.60999898 0.31999655 0.32 0.32 0.32 0.92842466 0.895 0.895 0.895 0.895 0.635 0.635 0.635 0.63502638 1.035 1.035 1.035 1.035 0.66509085 0.95186025 1.175 1.175 1.175 1.0823312 0.37001489 0.37 0.37 0.46011358 0.605 0.605 0.695 0.695 0.69499972 0.63 0.63 0.92 0.92 0.92 1.47 1.67 
0.085 0.085000004 1.17 1.17 1.17 0.5 0.5 0.5 0.5 1.27 1.27 1.27 1.27 1.2030513 0.32 0.32 0.32 0.32 0.93 0.895 0.895 0.895 0.895 1.345 1.3449997 0.63500105 1.035 1.035 1.035 1.035 1.1565061 1.275 1.1868986 1.175 1.175 1.175 0.37 0.37 0.37 0.37 0.605 0.605 0.605 0.78494324 0.785 0.63069671 0.63 0.63 0.92000185 0.92 1.47 1.47 1.67 
0.085 1.17 1.17 1.17 1.17 1.17 0.50345449 0.945 0.945 1.27 1.27 1.27 1.27 1.269775 0.32 0.32 0.32 0.34756174 0.93 0.93 0.895 0.895 1.345 1.345 1.345 1.345 1.035 1.035 1.035 1.035 1.275 1.275 1.275 1.1751012 1.175 1.175 0.37 0.37 0.37 0.37 0.605 0.605 0.605 0.785 0.785 0.785 0.785 0.785 1.345 1.345 1.47 1.47 1.67 
1.1598105 1.17 1.17 1.17 1.17 1.17 0.945 0.945 0.945 1.1189536 1.27 1.27 1.27 1.2699883 0.32 0.32 0.32 0.93 0.93 0.93 0.89500175 0.89500275 1.345 1.345 1.345 1.345 1.035022 1.035 1.035 1.2749448 1.275 1.275 1.275 1.275 1.1747782 0.855 0.855 0.84660623 0.37 0.37 0.60499979 0.605 0.77976646 0.785 0.785 0.785 0.785 0.785 1.345 1.345 1.4 1.4 1.63 
1.17 1.17 1.17 1.17 1.17 1.17 0.945 0.945 0.945 0.945 0.89001095 0.89 0.89 0.89 0.32000217 0.68217059 0.885 0.885 0.92991704 0.93 0.92999999 1.3449993 1.345 1.345 1.345 1.345 1.3447746 1.035 1.0350082 1.275 1.275 1.275 1.275 1.275 0.855 0.855 0.855 0.855 0.855 0.85499944 1.365 1.365 1.3649999 1.005 1.005 1.005 0.63 0.63 0.995 0.995 1.4 1.4000005 1.63 
1.17 1.17 1.17 1.17 1.17 1.17 0.945 0.945 0.945 0.89 0.89 0.89 0.89 0.89 0.88868201 0.885 0.885 0.885 0.885 0.885 0.8871486 1.345 1.345 1.345 1.345 1.3380918 1.1253447 1.0472562 1.2738164 1.275 1.275 1.275 1.275 1.2749991 0.855 0.855 0.855 0.855 0.855 1.0922508 1.365 1.365 1.365 1.005 1.005 1.005 0.63 0.63 0.995 0.995 1.21 1.606831 1.63 
1.17 1.17 1.17 1.17 1.17 1.1699999 0.94500005 0.945 0.94271719 0.89 0.89 0.89 0.89 0.89 0.88976017 0.885 0.885 0.885 0.885 0.885 0.885 1.1578806 1.1250003 1.125 1.125 1.125 1.125 1.125 0.69655771 0.69000693 0.69000001 0.69 0.69 0.69000012 0.855 0.855 0.855 0.855 0.855 1.3649999 1.365 1.365 1.365 1.3649998 1.0052565 1.165 0.63000006 1.091869 0.995092 1.21 1.21 1.2195619 1.67 
1.17 1.17 1.17 1.17 1.17 1.1699856 0.94501214 0.94499667 0.89000007 0.89 0.89 0.89 0.89 0.89 0.88990486 0.885 0.885 0.885 0.885 0.885 0.885 1.125 1.125 1.125 1.125 1.125 1.125 1.125 0.69012008 0.69 0.69 0.69 0.69 0.69 0.73520998 0.855 0.855 0.855 0.855 1.365 1.365 1.365 1.365 1.3649488 1.165 1.165 1.1645926 1.1 1.1 1.21 1.21 1.67 1.67 
1.17 1.17 1.17 1.17 1.17 1.1696999 0.94526554 0.89620639 0.89 0.89 0.89 0.89 0.89 0.89 0.88991247 0.885 0.885 0.885 0.885 0.885 0.91917164 1.125 1.125 1.125 1.125 1.125 1.125 1.125 0.69000174 0.69 0.69 0.69 0.69 0.69 0.69 1.0784919 1.4259266 1.6158955 1.6448088 1.3858906 1.365 1.365 1.365 1.165016 1.165 1.1656865 1.2799991 1.1 1.1 1.7299182 1.73 1.73 1.67 
1.17 1.17 1.17 1.17 1.1699998 1.1681236 0.9418212 0.89001512 0.89 0.89 0.89 0.89 0.89 0.89 0.88988324 0.885 0.885 0.885 0.885 0.885 1.124999 1.125 1.125 1.125 1.125 1.125 1.125 1.125 0.69000012 0.69 0.69 0.69 0.69 0.69 0.69000019 1.66 1.66 1.66 1.66 1.69 1.69 1.69 1.69 1.2799997 1.28 1.28 1.28 1.2800008 1.355 1.355 1.73 1.73 1.7036857 
1.17 1.17 1.17 1.17 1.1699937 1.1638666 0.89416064 0.89000072 0.89 0.89 0.89 0.89 0.89 0.89 0.88983027 0.885 0.885 0.885 0.885 0.88644445 1.125 1.125 1.125 1.125 1.125 1.125 1.125 1.125 0.6900001 0.69 0.69 0.69 0.69 0.69 1.6599991 1.66 1.66 1.66 1.66 1.69 1.69 1.69 1.69 1.5793428 1.28 1.28 1.28 1.3549992 1.355 1.355 1.69 1.69 1.69 
1.17 1.17 1.17 1.1699995 1.1699383 1.1445361 0.89025056 0.89000018 0.89 0.89 0.89 0.89 0.89 0.89 0.88975851 0.88500012 0.885 0.885 0.88500028 1.1201372 1.125 1.125 1.125 1.125 1.125 1.125 1.125 1.125 0.69000041 0.69 0.69 0.69 0.69 1.3158959 1.66 1.66 1.66 1.66 1.66 1.69 1.69 1.69 1.69 1.69 1.28 1.28 1.28 1.355 1.355 1.355 1.69 1.69 1.69 
1.17 1.17 1.1699998 1.169994 1.1696158 1.0095421 0.89004944 0.89000011 0.89 0.89 0.89 0.89 0.89 0.88999999 0.8896732 0.88500183 0.885 0.88500001 0.8862426 1.1249796 1.125 1.125 1.125 1.125 1.125 1.125 1.125 1.1249997 0.69000273 0.69 0.69000061 1.4698351 1.545 1.545 1.545 1.66 1.66 1.66 1.66 1.69 1.69 1.69 1.69 1.69 1.2800073 1.28 1.28 1.355 1.355 1.3550002 1.69 1.69 1.69 
