interpolatedSpi/06-08|20_3.tif
NCOLS 53
NROWS 52
XLLCORNER -116.03883
YLLCORNER 28.596182
DX 0.49850594
DY 0.49788537
NODATA_VALUE -9999
[rows 0 to 29 of 52, columns 0 to 52 of 53]
0.97666667 0.97666667 0.57003989 -0.0033333333 0.92333333 0.98333333 1.7266667 1.7933333 0.84498026 0.71 0.69333333 0.93666667 0.5734047 1.44 1.2833333 1.2833333 1.2833333 0.61666667 0.76 0.76 0.76 0.76000414 1.19 0.62 0.62 0.62 1.9166654 1.9166667 1.9166667 0.89666667 0.89666667 0.89666667 0.89666667 1.3766666 1.3766667 1.3766667 1.3766667 1.3766667 1.3766667 1.3766667 2.0527168 2.0600004 2.0633333 2.0633333 2.0633333 2.0633333 2.0638887 2.4033333 2.4033333 2.4033333 2.236667 2.2366667 2.2366667
0.97664741 0.54333333 0.93333407 1.0520169 1.1699633 1.57 1.3733333 1.596925 1.1333333 0.84 0.56333333 0.57333333 0.57333333 1.3702334 1.4399978 1.2833333 0.61666667 0.61666667 0.75981311 0.76 0.76 0.76 0.59824334 0.62 0.62 0.62 0.67333333 0.67333333 0.89666667 0.89666667 0.89666667 0.89666667 0.89666667 1.3766666 1.3766667 1.3766667 1.3766667 1.3766667 1.3766666 1.1835914 0.2300497 1.8408729 2.0633333 2.0633333 2.0633333 2.0633333 2.0633333 2.4033333 2.4033333 2.4033333 2.3895132 2.2366667 2.2366667
1.6966348 1.6966667 1.5733333 1.7933333 1.5566667 1.2333333 1.2433333 1.1066667 1.4933333 0.86 0.98333333 0.36666667 -0.21666667 0.53 1.37 1.6633333 0.61666667 0.61666667 0.61666667 0.60004651 0.6 0.6 0.20666667 0.62 0.62 0.62 0.67333333 0.67333333 0.67333333 0.89666667 0.89666667 0.89666662 0.46822061 1.3732376 1.3661488 0.25702139 0.24666667 0.24666667 0.24457044 0.23 0.23 0.23234437 2.0633333 2.0633333 2.0633333 2.0633333 2.0633333 2.4033333 2.4033333 2.4033333 2.4033333 2.2366667 2.2366667
0.56333333 1.6966665 0.96998621 1.26 0.61333333 1.4966667 2.12 0.42 1.2733333 0.94383961 1.2366667 1.16 0.7 0.53 1.1 1.6633333 0.12850014 0.117017 0.64 0.6 0.6 -0.16 0.20666667 0.20666667 0.62 0.62000027 0.67333333 0.67333333 0.67333333 -0.25 -0.10917272 0.0066666667 0.0066666667 0.0066668632 0.24666667 0.24666667 0.24666667 0.24666667 0.23 0.23 0.23 0.23000007 2.0633333 2.0633333 2.0633333 2.0633333 2.0633333 2.403329 2.4033333 2.4033333 2.4033333 2.2365842 2.2366667
0.56333333 0.24000134 0.97 1.0704235 0.61333333 1.78 1.3633856 1.1066667 0.44666667 1.0766667 0.92733783 0.85679224 1.7333333 1.1 1.1 1.4526251 0.11666667 0.11666667 0.64 0.64 0.59999844 -0.16 0.26333333 0.27 -0.24666667 -0.24665942 0.67333333 0.67333333 -0.25 -0.25 0.0066666667 0.0066666667 0.0066666667 0.12043918 0.24666667 0.24666667 0.24666667 0.23 0.23 0.23 0.23 0.23006114 2.0633333 2.0633333 2.0633333 2.0633333 2.0633333 2.0663598 2.4033333 2.4032127 -0.28666667 -0.28666667 -0.28666667
-0.60333333 0.37666667 0.68333333 0.85666667 1.8433333 2 1.28 1.2578084 1.3233333 1.1933333 1.2766667 0.25666667 0.25666764 0.56666667 0.56666667 0.10003622 0.1 0.1 0.1 0.63999947 -0.55333333 -0.55333333 0.27 -0.24666667 -0.24666667 -0.21666667 -0.99333333 -0.99333333 0.43327157 -0.25 0.0066666667 0.0066666667 0.61 0.61000139 0.62333227 0.39333333 0.39333333 0.2805309 0.23 0.23 0.86254343 0.86333333 0.86333305 0.21324599 0.18020815 0.1800005 0.18000006 0.1800007 -0.45219827 -0.28666667 -0.28666667 -0.28666667 -0.28666667
-0.69666735 -0.1 -0.22736467 0.77333333 1.89 1.0633333 1.1033333 1.3833333 1.5633333 1.5633333 1.2766667 0.41666667 0.12666649 0.56666667 0.25000095 0.25 0.1 0.31 0.036666667 0.036666667 -0.53605362 -0.51666667 -0.51666667 -1.3466667 -0.21666667 -0.21666667 -0.99333333 -0.99333333 0.43334577 0.43356222 0.86266343 0.61 0.61 0.62333333 0.62333333 -0.37460912 0.39333333 0.39333333 -1.2066112 0.86333045 0.86333333 0.86333333 0.86333139 0.1800034 0.18 0.18 0.18 0.17999955 -0.58 -0.2867248 -0.28666667 -0.28666667 -0.28666667
-0.69666667 -0.82333333 -0.13666667 -0.38333333 -1.0066309 0.20666667 0.73666667 0.76000002 0.66 0.26666667 0.26666667 -0.61666667 0.12666667 0.12666667 0.24915382 0.19231873 0.18666667 0.25666667 -0.049999911 0.036666667 -0.65766898 -0.60333333 -0.96666667 -1.4266667 -1.4266657 -1.35 -1.61 -1.6099998 0.64591912 0.64666667 0.86333333 0.79283422 0.74333333 0.62333333 0.58996353 -1.0166667 -1.0166667 -1.2066667 -1.2066667 0.86333333 0.86333333 0.86333333 0.78547701 0.78999997 0.18 0.18 0.18 -0.57997107 -0.58 -0.58 -0.28666667 -0.28666667 -0.28666667
-0.80917322 -0.82333333 -0.56 -0.63666667 0.61333333 0.12666667 0.2 1.1833333 1.31 0.90596494 0.093333333 0.013333335 0.013333333 -0.96666667 -0.96665845 -0.22219063 -0.22333333 -0.22333333 0.20985352 -0.96333339 -1.2433333 -1.2433333 -0.50333333 -0.78407462 -1.357726 -1.35 -1.2466667 -1.61 -0.7152299 -0.71 0.80666667 2.6266667 2.0071672 -0.25666667 -0.54666667 -0.88666667 -0.69666667 -0.71333333 -1.0964897 0.86284232 0.75333333 0.046666669 0.78993758 0.79 0.78656659 0.18 -0.64333329 -0.58 -0.58 -0.58 -0.58 -0.49251896 -0.30333333
-0.73 -0.73 -0.47666667 -0.51 0.62666667 1.1766667 0.57666667 0.79333333 1.44 0.80334321 0.26333333 -0.13333333 -0.96666667 -0.96666667 -0.093333333 -0.095116342 -0.22333333 -0.22345149 -0.80333333 -0.96333333 -0.96333333 -0.9994067 -0.50333333 -0.82332727 -0.82333333 -0.82333333 -1.2466667 0.086666665 0.086666666 -0.71 -0.71 2.6243338 1.3966667 -0.25666667 0.0066666667 -0.88666667 -0.69666667 -0.94666667 -1.0966667 1.2382021 0.046666698 0.17890885 0.40666667 0.79 0.79 -0.64333333 -0.64333333 -0.64333333 -0.58 -0.58 -1.94 -1.94 -1.9399994
-0.73 -0.73 -0.68333333 -0.65666667 -0.073333333 0.11333333 0.03666668 0.36687093 0.46 0.24666667 0.21 -0.22333333 -0.13345438 -0.093333333 -0.093333333 -0.093344869 -0.19333333 -0.22534899 -0.80333333 0.35 0.35 -0.10666667 -0.10666667 -0.82333333 -0.82333333 -0.82333333 0.086666667 0.086666667 0.086666667 -0.83 -0.83 -0.82999633 -0.24 -0.24 -0.09 -0.82666667 -0.5 0.56999586 -1.0966667 1.2766667 1.2766667 0.98999808 0.40666667 0.79 -0.75333325 -1.0333333 -1.0382916 -1.04 -1.65 -1.65 -1.94 -1.94 -1.94
-0.73 -0.70983902 -0.67195372 -0.64999712 -0.33 -0.24666667 0.036666667 0.36666667 0.45999922 0.24903014 -0.22333272 -0.22333333 -0.04 -0.093333333 -0.093333333 -0.19333333 -0.19333333 -0.19336805 -0.80333333 0.35 0.26031996 -0.10666667 -0.10666667 -0.82330455 -0.82333333 -0.78936565 -0.72 -0.72 -0.7199999 -0.83 -0.83 -0.77666667 -0.77666667 -0.23999959 -0.09 0.3966662 -0.40645956 0.57 0.57 1.2766667 0.99 0.99 0.9899873 -0.75333333 -0.75333333 -1.0333333 -1.04 -1.04 -1.65 -1.65 -1.94 -1.94 -1.94
0.24666667 0.62187673 0.73328152 0.72331201 -0.32999949 -0.24666863 0.036666659 0.36260456 0.45356838 0.4544293 -0.04 -0.04 -0.04 -0.04 -0.093325778 -0.19333333 -0.19333333 -0.20120941 -0.80333333 0.34983937 -0.18 -0.18 -0.18 -0.18 -0.81236524 -0.72 -0.72 -0.72 -0.72 -0.72009736 -0.77666667 -0.77666667 -0.77666667 -0.77666667 0.39666667 0.39666667 0.39666667 0.56107467 0.57177749 0.80666667 0.80666667 0.98999014 -0.10002236 -0.75327041 -0.75333333 -1.0333333 -1.04 -1.04 -1.65 -1.65 -1.9389479 -1.94 -1.1932083
0.24666667 0.73333333 0.73333333 0.73333333 0.73333333 0.73333292 0.035941403 0.19282249 0.43640937 -0.039466803 -0.04 -0.04 -0.04 -0.04 -0.039999759 -0.19333333 -0.19333343 -0.23517517 -0.80332281 -0.18 -0.18 -0.18 -0.18 -0.18 -0.19635882 -0.81113378 -0.83999998 -0.84 -0.84 -0.84 -0.77666667 -0.77666667 -0.77666681 -0.89666667 -0.89666667 0.39666667 0.47120137 0.47333333 0.80666647 0.80666667 0.80666667 0.80666667 -0.1 -0.1 -0.1 -0.10649515 -1.2618789 -1.2633333 -1.2633333 -1.2633333 -1.2633333 -0.17000037 -0.17
0.41333333 0.73333333 0.73333333 0.73333333 0.73333333 0.73333333 0.73333329 0.086697135 0.29392634 0.29333333 0.29333333 0.29333333 0.29333333 0.29333333 0.29333333 -0.15740541 -0.1929644 -0.27686269 -0.18007817 -0.18 -0.18 -0.18 -0.18 -0.18000054 -0.93666667 -0.93666667 -0.93666653 -0.84 -0.84 -0.84034709 -1.0133333 -1.0133333 -0.89666667 -0.89666667 -0.89666667 0.25387422 0.47333333 0.47333333 0.47333333 0.80666667 0.80666667 0.80666667 -0.1 -0.1 -0.1 -0.1 -1.2633333 -1.2633333 -1.2633333 -1.2633333 -1.2633333 -0.17 -0.17
0.41333333 0.5324657 0.73333333 0.73333333 0.73333333 0.73333333 0.016807324 0.016666667 0.016666673 0.29333333 0.29333333 0.29333333 0.29333333 0.29333333 0.19185412 -0.16666667 -0.16666667 -0.16666667 -0.64524497 -0.64666619 -0.64666667 -0.64666667 -0.64666667 -0.64666667 -0.93666667 -0.93666667 -0.93666667 -0.93666667 -0.84 -1.0133333 -1.0133333 -1.0133333 -0.89666668 -0.89666667 -0.89666667 0.41333333 0.47325389 0.47333333 0.47333333 0.80654621 0.56633287 0.005734319 -0.1 -0.1 -0.49544253 -0.49666667 -0.49666667 -1.2609439 0.18492126 0.18999987 0.18999972 0.43324195 -0.16999877
0.41333333 0.65337549 0.69622329 0.73333333 0.73333333 0.017090107 0.016666667 0.016666667 0.016666667 0.018660406 0.29333333 0.29333333 0.29333333 0.29333328 -0.16666667 -0.16666667 -0.16666667 -0.16666667 -0.64623789 -0.64666667 -0.64666667 -0.64666667 -0.64666667 -0.64666667 -0.93666666 -0.93666667 -0.93666667 -0.93666667 -0.93694553 -1.0133333 -1.0133333 -1.0133333 -0.37666668 -0.89652086 0.41333333 0.41333333 0.41333333 0.40751173 0.033083214 0.0033333333 0.0033333333 0.0033333333 -0.33 -0.33 -0.49666667 -0.49666667 -0.49666667 0.18999999 0.19 0.19 0.19 0.43333333 0.43333333
0.66007095 0.66 0.66 0.65999999 0.086666667 0.016668472 0.016666667 0.016666667 0.016666667 0.016666667 0.24538471 0.29332508 0.29333332 -0.16666667 -0.16666667 -0.16666667 -0.16666667 -0.16666667 -0.28089196 -0.64666667 -0.64666667 -0.64666667 -0.64666667 -0.64666667 -0.62296751 -0.36333644 -0.36333333 -0.36333333 -0.36333333 -1.0133333 -0.37666668 -0.37666667 -0.37666667 -0.37666667 0.41333333 0.41331938 -0.11666667 -0.11666667 0.0018349546 0.0033333333 0.0033333333 0.0033333333 -0.33 -0.33 -0.47086093 -0.49666667 -0.49666667 0.19 0.19 0.19 0.19260917 0.43333333 0.43333333
0.66 0.66 0.66 0.39000878 0.086666667 0.086666667 0.016666667 0.016666667 0.016666667 0.016666667 -0.34 -0.34 -0.34 -0.16666667 -0.16666667 -0.16666667 -0.16666667 -0.16675315 -1.38 -1.38 -0.64666696 -0.64666667 -0.65056199 -0.80666667 -0.80267553 -0.36333333 -0.36333333 -0.36333333 -0.36333333 -0.37666531 -0.37666667 -0.37666667 -0.37666667 -0.37666667 -0.1166648 -0.11666667 -0.11666667 -0.11666667 -0.11621759 0.0033333333 0.0033333333 0.0033333331 -0.33 -0.33 -0.33 -0.49666667 -0.49666667 0.18999999 0.19 0.19 0.43333333 0.43333333 0.43333333
0.66 0.66 0.66 0.086666667 0.086666667 0.086666667 0.08666656 0.016666667 0.016666667 -0.33963182 -0.34 -0.34 -0.34 -0.33989201 -0.5902644 -0.69 -0.69 -0.69 -1.38 -1.38 -1.38 -0.80666667 -0.80666667 -0.80666667 -0.80667227 -0.60636293 -0.36333333 -0.36333333 -0.36333333 0.23620096 0.37659257 0.37666667 0.37666667 0.37666667 0.079140854 0.35333227 0.35333333 0.35333333 0.35333333 -0.1533119 -0.15333333 -0.15333333 -0.33 -0.33 0.35999712 0.35999999 0.34 0.34 0.53333333 0.53333333 0.53333333 0.43333333 0.59652063
0.66000215 0.66 0.65999998 0.086666667 0.086666667 0.086666667 0.086666665 -0.099999966 0.016200188 -0.33957986 -0.34 -0.34 -0.34 -0.3406868 -0.69 -0.69 -0.69 -0.6900002 -1.38 -1.38 -1.38 -0.80666667 -0.80666667 -0.80666667 -0.82666667 -0.82666667 -0.65 -0.65 -0.65 -0.64439921 0.37666667 0.37666667 0.37666667 0.37666667 0.3650063 0.35333333 0.35333333 0.35333333 0.35333333 -0.15333333 -0.15333333 -0.15333333 -0.1371819 0.36 0.36 0.36 0.34 0.34 0.53333333 0.53333333 0.53333333 0.59666666 0.59666667
1.3533333 1.0005223 -0.2 -0.19991683 0.086666667 -0.098919953 -0.1 -0.1 0.067614169 0.12333334 0.12333333 0.12333333 0.12333333 -1.0832941 -1.0833333 -0.6900003 -0.69 -0.70818049 -1.38 -1.38 -1.38 -1.3066667 -1.3066667 -1.3066667 -0.82666667 -0.82666667 -0.65 -0.65 -0.65 -0.64999936 0.23666756 0.23666706 0.37314798 0.37651658 -0.28590599 -0.28666667 -0.28666667 -0.28666667 -0.28666667 -0.15333333 -0.15333333 -0.15333333 0.33173364 0.36 0.36 0.35999988 0.34 0.34 0.34000696 0.53333333 0.53332543 0.35666667 0.59666667
0.76344538 0.76333317 -0.2 -0.2 -0.2 -0.1 -0.1 -0.1 0.36 0.36 0.12333333 0.12333333 0.12333333 -1.0833333 -1.0833333 -1.0833333 -1.0833333 -1.0833648 -1.38 -1.38 -1.38 -1.3066667 -1.3066667 -1.3066667 -0.82666667 -0.82666667 -0.65 -0.65 -0.65 0.22666944 0.23666667 0.23666667 0.23666667 0.23666667 -0.28640843 -0.28666667 -0.28666667 -0.28666667 -0.28666667 -1.0833331 -1.0833333 -1.0833333 -1.0833333 0.35999486 -0.31 -0.31 -0.31 0.52333333 0.52333333 0.52333333 0.35666667 0.35666667 0.35666667
0.76333333 0.76333333 -0.2 -0.2 -0.2 -0.10052562 -0.1 0.36 0.36 0.36 0.12336247 0.12333333 -0.29067653 -1.0833332 -1.0833333 -1.0833333 -1.0833333 -1.4466667 -1.4466667 -1.4466667 -1.46 -1.4599999 -1.3066674 -1.3066667 -1.3065141 -1.2766667 -1.2766667 -1.2766652 -0.65010127 0.15001727 0.15000046 0.15001513 0.23651854 0.23659187 -0.19351684 -0.286667 -0.28958223 -1.1566667 -1.1566667 -1.0833333 -1.0833333 -1.0833333 -1.0833333 -0.31 -0.31 -0.31 -0.31 0.52333333 0.52333333 0.52333333 0.35666667 0.35666667 0.35666667
0.76333333 0.76333333 -0.2 -0.2 -0.2 -0.2 0.072164563 0.36 0.36 0.36 0.3595894 -0.38333333 -0.38333333 -0.38333333 -1.0792081 -1.0833333 -1.4442455 -1.4466667 -1.4466667 -1.4466667 -1.46 -1.46 -1.46 -1.46 -1.2766667 -1.2766667 -1.2766667 -1.2766667 -1.2766667 0.15 0.15 0.15 0.15 0.14999904 -0.30666667 -1.1566667 -1.1566667 -1.1566667 -1.1566667 -1.1566683 -1.6866667 -1.6866667 -1.6866667 -1.3384717 -0.61666667 -0.61666667 -0.61666667 0.5233333 0.52333274 -0.083333333 -0.083333333 -0.16653935 -0.16666667
0.76333333 0.76333333 0.14769569 -0.2 -0.2 -0.20000001 -0.52509325 0.35720572 0.36 0.36 -0.38333339 -0.38333333 -0.38333333 -0.38333333 -0.38333333 -0.44086826 -1.4466667 -1.4466667 -1.4466667 -1.4466667 -1.4599999 -1.46 -1.46 -1.46 -1.2766667 -1.2766667 -1.2766667 -1.2766667 -1.2766667 -0.5520086 0.15 0.15 0.15 -0.30666667 -0.30666667 -0.30732671 -1.1566667 -1.1566667 -0.91842376 -0.73333337 -1.6866667 -1.6866667 -1.6866667 -1.342291 -0.61666667 -0.61666667 -0.61666667 0.016666667 -0.082087343 -0.083333333 -0.083333333 -0.16666667 -0.16666667
-0.77333333 -0.77333333 -0.77333333 -0.34375043 -0.20169127 -0.52666667 -0.52666667 -0.52666667 -0.52666667 -0.63 -0.63 -0.38333335 -0.38333333 -0.38333333 -0.38333333 -0.38340073 -1.4466667 -1.4466667 -1.4466667 -1.4466667 -1.4541818 -1.46 -1.46 -1.4563361 -1.3180704 -1.2766667 -1.2766667 -1.2766667 -0.8 -0.8 -0.8 -0.79999601 -0.30666667 -0.30666667 -0.30666667 -0.30666667 -0.73333333 -0.73333333 -0.73333333 -0.73333333 -1.17 -1.17 -1.17 -0.44334794 -0.44333333 -0.44333333 -0.44333339 0.016666667 0.016666667 -0.083211489 -0.083333333 -0.16666576 -0.16666667
-0.77333333 -0.77333333 -0.77333333 -0.7733651 -1.3633333 -1.2416683 -0.52666667 -0.52666667 -0.52666667 -0.63 -0.63 -0.63 -0.52666666 -0.52666667 -0.52666667 -0.52666668 -1.4464774 -1.4466667 -1.4466667 -1.4466667 -1.4468612 -1.3200004 -1.32 -1.32 -1.32 -1.32 -1.1 -1.1 -0.8 -0.8 -0.8 -0.8 -0.30666674 -0.30666667 -0.30666667 -0.30667535 -0.7333333 -0.73333333 -0.73333333 -0.72878565 -1.17 -1.17 -1.17 -0.44336703 -0.44333333 -0.44333333 -0.44333333 0.016666667 0.016666667 0.016666666 0.013333333 0.013333333 -0.14333333
-0.77333333 -0.77333333 -0.77333333 -1.363332 -1.3633333 -1.3633333 -0.52666698 -0.52666667 -0.52666667 -0.63 -0.63 -0.63 -0.52666667 -0.52666667 -0.52666667 -0.58886363 -1.3433333 -1.3433333 -1.3433336 -1.446083 -1.32 -1.32 -1.32 -1.32 -1.32 -1.3198344 -1.1 -1.1 -1.1 -0.8 -0.8 -0.79982836 -0.41333333 -0.41333333 -0.41333333 0.42 0.42 0.30333333 0.30333333 0.30333333 0.40666667 -1.1695054 -1.1699895 0.23666667 0.23666667 0.21089544 -0.44333076 0.016666667 0.016666667 0.013333333 0.013333333 0.013333333 -0.14333333
-0.77333333 -0.77333333 -0.77333333 -1.3633333 -1.3633333 -1.3633333 -1.3633333 -0.52666667 -0.52666667 -0.63 -0.63 -0.53079851 -0.52666667 -0.52666667 -0.52666667 -1.3433333 -1.3433333 -1.3433333 -1.3433333 -1.3433333 -1.32 -1.32 -1.32 -1.32 -1.32 -1.1000008 -1.1 -1.1 -1.1 -0.53333333 -0.53333333 -0.53333333 -0.41333333 -0.41333333 -0.41333333 0.42 0.42 0.30333333 0.30333333 0.40666667 0.40666667 0.40666667 0.23666667 0.23666667 0.23666667 0.23666667 0.2437861 0.32333333 0.32333333 0.32333333 0.013333337 0.21333333 0.21333333
