interpolatedSpi/06-05|20_3.tif
NCOLS 53
NROWS 52
XLLCORNER -116.03883
YLLCORNER 28.596182
DX 0.49850594
DY 0.49788537
NODATA_VALUE -9999
1.9 1.9 0.71171796 0.21 0.12 0.4 0.98 0.36 -0.14332503 -0.64 -0.52 -0.43 -0.57993248 0.24 -0.77 -0.77 -0.77 0.81 0.75 0.75 0.75 0.75000405 1.17 -0.3 -0.3 -0.3 0.32000566 0.32 0.32 0.06 0.06 0.06 0.06 1.2399998 1.24 1.24 1.24 1.24 1.24 1.24 1.4774413 1.4793713 -0.99 -0.99 -0.99 -0.99 -0.98996733 -0.97 -0.97 -0.97 0.19999757 0.2 0.2 
1.8999374 0.49 1.1600011 1.1086774 1.0998567 1.4 0.87 0.38128226 -0.28 -0.03 -0.47 -0.58 -0.58 0.20013338 0.23999059 -0.77 0.81 0.81 0.75007823 0.75 0.75 0.75 -0.32158121 -0.3 -0.3 -0.3 -0.53999998 -0.54 0.06 0.06 0.06 0.06 0.06 1.2399998 1.24 1.24 1.24 1.24 1.2399999 1.036598 0.050039927 -0.8638042 -0.99 -0.99 -0.99 -0.99 -0.99 -0.97 -0.97 -0.97 -0.87298248 0.2 0.2 
2.3799544 2.38 2.14 2.24 1.43 1.15 0.9 -0.03 -0.51 -0.07 -0.01 -1.67 -0.74 -0.6 0.2 0.58 0.81 0.81 0.81 0.92994767 0.93 0.93 -0.71 -0.3 -0.3 -0.3 -0.54 -0.54 -0.54 0.06 0.06 0.059999942 -0.52249408 1.2352412 1.2273413 -0.10753768 -0.12 -0.12 -0.09861848 0.049999999 0.05 0.048670102 -0.99 -0.99 -0.99 -0.99 -0.99 -0.97 -0.97 -0.97 -0.97 0.2 0.2 
1.91 2.3799998 1.1700551 1.35 0.44 0.81 1.84 -0.03 0.4 -0.18925674 -0.75 -0.9 -0.75 -0.6 0.33 0.58 -0.39250207 -0.3991522 -0.22 0.93 0.93 -1.46 -0.71 -0.71 -0.3 -0.3000012 -0.54 -0.54 -0.54 -1.58 -1.3440686 -1.15 -1.15 -1.1499992 -0.12 -0.12 -0.12 -0.12 0.05 0.05 0.05 0.049999961 -0.99 -0.99 -0.99 -0.99 -0.99 -0.97000025 -0.97 -0.97 -0.97 0.1999252 0.2 
1.91 0.91000048 1.17 1.5756227 0.44 0.94 0.30998954 0.58 0.58 -0.20999973 -0.47432469 -0.59998424 -0.49 0.33 0.33 0.48187745 -0.4 -0.4 -0.22 -0.22 0.92999514 -1.46 -1.74 -0.63 -0.39 -0.39021052 -0.54 -0.54 -1.58 -1.58 -1.15 -1.15 -1.15 -1.1367997 -0.12 -0.12 -0.12 0.05 0.05 0.05 0.05 0.049918915 -0.99 -0.99 -0.99 -0.99 -0.99 -0.98982198 -0.97 -0.97005022 -2.09 -2.09 -2.09 
-0.93 1.29 1.35 0.91 0.44 0.51 0.89 0.85031112 0.99 0.03 0.42 -0.09 -0.090000264 -0.75 -0.75 -0.23006519 -0.23 -0.65 -0.65 -0.22000098 -2.36 -2.36 -0.63 -0.39 -0.39 -1.29 -1.59 -1.59 -0.95005753 -1.58 -1.15 -1.15 -1.08 -1.0799384 -0.49004258 -1.61 -1.61 -0.46355889 0.05 0.05 -0.78895234 -0.79 -0.78999908 -1.5695849 -1.5799348 -1.5799998 -1.58 -1.5799998 -3.3175391 -2.09 -2.09 -2.09 -2.09 
0.060002863 0.84 0.24411156 0.95 1.59 0.69 0.33 0.73 0.28 0.28 0.42 0.69 -1.4399997 -0.75 -0.50000075 -0.5 -0.23 -1.24 -1.33 -1.33 -2.091379 -1.79 -1.79 -1.23 -1.29 -1.29 -1.59 -1.59 -0.95001399 -0.9502575 0.2256175 -1.08 -1.08 -0.49 -0.49 -1.7134816 -1.61 -1.61 -1.7599948 -0.79000135 -0.79 -0.79 -0.7899961 -1.5799994 -1.58 -1.58 -1.58 -1.5800012 -3.61 -2.0903012 -2.09 -2.09 -2.09 
0.06 -0.64 0.6 -0.39 -0.57998911 -0.04 -0.32 -0.24999999 2.5975881e-11 0.65 0.65 -0.53 -1.44 -1.44 -0.50644927 -0.75501195 -0.78 -0.67 -1.4299999 -1.33 -2.4109463 -2.45 -2.36 -0.81000001 -0.80999884 -0.72 -1.64 -1.64 -1.189159 -1.19 0.23 0.18378328 0.09 -0.49 -0.49684509 -1.8 -1.8 -1.76 -1.76 -0.79 -0.79 -0.78999999 -1.4638348 -1.47 -1.58 -1.58 -1.58 -3.6099227 -3.61 -3.61 -2.09 -2.09 -2.09 
-0.53683343 -0.63999999 0.09 0.33 -0.12 -0.18 0.47 1.48 0.68 0.67202562 -0.62 -0.39 -0.39 -0.86 -0.85999379 -0.91960981 -0.92 -0.92 -0.78601517 -2.6099999 -1.99 -1.99 -2.55 -2.4348759 -0.72906962 -0.72 -1.25 -1.64 -0.95400959 -0.95 0.21 -0.55 -0.91766353 -1.49 -0.73 -0.91 -1.08 -0.88 -0.81003232 -0.78821449 -0.39 -0.57 -1.4698567 -1.47 -1.4706191 -1.58 -2.47 -3.61 -3.61 -3.61 -3.61 -2.0638534 -2.23 
0.04 0.04 0.07 -0.24 -0.09 0.05 0.03 0.99 0.96 0.67004199 0.08 -0.41 -0.86 -0.86 -0.2 -0.20987513 -0.92 -0.92000251 -0.97 -2.61 -2.61 -2.5301231 -2.55 -1.7500151 -1.75 -1.75 -1.25 -0.93 -0.93 -0.95 -0.95 -0.55138453 -1.28 -1.49 -0.6 -0.91 -1.08 -1.61 -0.81 0.065575705 -0.56999999 -0.57734679 -0.59 -1.47 -1.47 -2.47 -2.47 -2.47 -3.61 -3.61 -1.88 -1.88 -1.8800001 
0.04 0.04 -0.79 -1.09 -0.82 -0.04 -0.31999999 0.69988575 0.69 0.71 0.35 -0.34 -0.40990748 -0.2 -0.2 -0.20004384 -0.58 -0.60046903 -0.97 -1.3 -1.3 -1.41 -1.41 -1.75 -1.75 -1.75 -0.93 -0.93 -0.93 -1.24 -1.24 -1.2400001 -0.28 -0.28 -0.68 -1.04 -0.61 -2.0999997 -1.77 0.08 0.08 -0.72999954 -0.59 -1.47 -1.5400001 -1.64 -1.2054696 -1.2 -1.65 -1.65 -1.88 -1.88 -1.88 
0.04 -0.31852938 -0.9180207 -1.509976 -0.83 -1.09 -0.32 0.7 0.69000008 0.70977842 -0.33999863 -0.34 -0.31 -0.2 -0.2 -0.57999999 -0.58 -0.5800222 -0.97 -1.3 -1.3216018 -1.41 -1.41 -1.7499856 -1.75 -1.6480969 -1.44 -1.44 -1.4399999 -1.24 -1.24 -1.1 -1.1 -0.2800011 -0.68 -1.0099999 -0.8425134 -2.1 -2.1 0.079999974 -0.73 -0.73 -0.73000584 -1.54 -1.54 -1.64 -1.2 -1.2 -1.65 -1.65 -1.88 -1.88 -1.88 
-0.21 -0.10268298 -0.040038899 -0.050641201 -0.83000126 -1.0899939 -0.32000002 0.68744439 0.6906891 0.69052225 -0.31 -0.31 -0.31 -0.31 -0.20001558 -0.58 -0.58 -0.58503552 -0.97 -1.2998186 -0.68 -0.68 -0.68 -0.68 -1.7316409 -1.44 -1.44 -1.44 -1.44 -1.4399165 -1.1 -1.1 -1.1 -1.1 -1.01 -1.01 -1.01 -2.047397 -2.0954186 -1.49 -1.49 -0.73004088 -1.9299866 -1.5400376 -1.54 -1.64 -1.2 -1.2 -1.65 -1.65 -1.8791656 -1.88 -1.6631281 
-0.21 -0.04 -0.04 -0.04 -0.04 -0.040000441 -0.32197097 0.16262474 0.69252755 -0.30892254 -0.31 -0.31 -0.31 -0.31 -0.30999992 -0.57999999 -0.58000006 -0.60675134 -0.96999363 -0.68 -0.68 -0.68 -0.68 -0.68 -0.69794492 -1.5171331 -1.56 -1.56 -1.56 -1.56 -1.1 -1.1 -1.1000003 -1.31 -1.31 -1.01 -1.0683315 -1.07 -1.4899998 -1.49 -1.49 -1.49 -1.93 -1.93 -1.93 -1.9279819 -1.8160574 -1.82 -1.82 -1.82 -1.82 0.36999954 0.37 
-0.41 -0.04 -0.04 -0.04 -0.04 -0.04 -0.040000022 -0.48885637 -0.19578832 -0.2 -0.2 -0.2 -0.2 -0.2 -0.2 -1.1112032 -0.58876292 -0.63340414 -0.68003633 -0.68 -0.68 -0.68 -0.68 -0.68000009 -1.51 -1.51 -1.5100001 -1.56 -1.56 -1.5604405 -1.78 -1.78 -1.31 -1.31 -1.31 -1.1084454 -1.07 -1.07 -1.07 -1.49 -1.49 -1.49 -1.93 -1.93 -1.93 -1.93 -1.82 -1.82 -1.82 -1.82 -1.82 0.37 0.37 
-0.41 -0.2722532 -0.04 -0.04 -0.04 -0.04 -1.5097115 -1.51 -1.51 -0.2 -0.2 -0.2 -0.2 -0.2 -0.40516451 -1.13 -1.13 -1.13 -0.759757 -0.75999992 -0.76 -0.76 -0.76 -0.76 -1.51 -1.51 -1.51 -1.51 -1.56 -1.78 -1.78 -1.78 -1.31 -1.31 -1.31 -1.08 -1.0700132 -1.07 -1.07 -1.4900478 -1.5857346 -1.8090436 -1.93 -1.93 -1.0826232 -1.08 -1.08 -1.8173207 -0.19569611 -0.19000014 -0.19000031 0.040049892 0.36999933 
-0.41 -0.5559711 -0.30314394 -0.04 -0.04 -1.5091315 -1.51 -1.51 -1.51 -1.5005598 -0.2 -0.2 -0.2 -0.20000011 -1.13 -1.13 -1.13 -1.13 -0.76033051 -0.76 -0.76 -0.76 -0.76 -0.76 -1.51 -1.51 -1.51 -1.51 -1.5109821 -1.78 -1.78 -1.78 -0.91000002 -1.3099669 -1.08 -1.08 -1.08 -1.0776908 -1.7631239 -1.81 -1.81 -1.81 -1.4 -1.4 -1.08 -1.08 -1.08 -0.19000001 -0.19 -0.19 -0.19 0.04 0.04 
-0.55965945 -0.56 -0.56 -0.56 -0.65 -1.5099778 -1.51 -1.51 -1.51 -1.51 -0.1500331 -0.1999914 -0.19999998 -1.13 -1.13 -1.13 -1.13 -1.13 -1.1540219 -0.76 -0.76 -0.76 -0.76 -0.76 -1.0135288 -0.85000358 -0.85 -0.85 -0.85 -1.78 -0.91000001 -0.91 -0.91 -0.91 -1.08 -1.0799945 -0.87 -0.87 -1.7982627 -1.81 -1.81 -1.81 -1.4 -1.4 -1.129547 -1.08 -1.08 -0.19 -0.19 -0.19 -0.1875338 0.04 0.04 
-0.56 -0.56 -0.56 -0.60238234 -0.65 -0.65 -1.51 -1.51 -1.51 -1.51 0.46 0.46 0.46 -1.13 -1.13 -1.13 -1.13 -1.1300711 -1.97 -1.97 -0.76000049 -0.76 -0.77606822 -1.42 -1.4148685 -0.85 -0.85 -0.85 -0.85 -0.90999389 -0.91 -0.91 -0.91 -0.91 -0.87000074 -0.87 -0.87 -0.87 -0.87331815 -1.81 -1.81 -1.81 -1.4 -1.4 -1.4 -1.08 -1.08 -0.19 -0.19 -0.19 0.04 0.04 0.04 
-0.56 -0.56 -0.56 -0.65 -0.65 -0.65 -0.65000131 -1.51 -1.51 0.45796639 0.46 0.46 0.46 0.45900935 -1.4780516 -1.56 -1.56 -1.56 -1.97 -1.97 -1.97 -1.42 -1.42 -1.42 -1.4198795 -0.9234334 -0.85 -0.85 -0.85 -0.57521777 -0.50004033 -0.5 -0.5 -0.5 -0.95671083 -1.0799995 -1.08 -1.08 -1.08 -0.42019019 -0.42 -0.42 -1.4 -1.4 0.049993947 0.050000096 0.32 0.32 0.3 0.3 0.3 0.04 0.6694367 
-0.55999836 -0.56 -0.56 -0.65 -0.65 -0.65 -0.65 -0.19000038 -1.5047221 0.45987305 0.46 0.46 0.46 0.4560362 -1.56 -1.56 -1.56 -1.5600001 -1.97 -1.97 -1.97 -1.42 -1.42 -1.42 -0.99 -0.99 -0.89 -0.89 -0.89 -0.88787243 -0.5 -0.5 -0.5 -0.5 -0.7898407 -1.08 -1.08 -1.08 -1.08 -0.42 -0.42 -0.42 -0.405212 0.05 0.05 0.05 0.32 0.32 0.3 0.3 0.3 0.66999999 0.67 
-0.03 -0.28498452 -0.43 -0.43006383 -0.65 -0.19266154 -0.19 -0.19 -0.20821893 0.31999999 0.32 0.32 0.32 -1.2899476 -1.29 -1.5599998 -1.56 -1.5708029 -1.97 -1.97 -1.97 -1.6 -1.6 -1.6 -0.99 -0.99 -0.89 -0.89 -0.89 -0.88999978 -0.58999943 -0.58999975 -0.50226201 -0.50009649 -0.75970615 -0.76 -0.76 -0.76 -0.76 -0.42 -0.42 -0.42 0.024120477 0.05 0.05 0.049999988 0.32 0.32 0.31999928 0.3 0.29998927 0.06 0.67 
-0.56989745 -0.56999998 -0.43 -0.43 -0.43 -0.19 -0.19 -0.19 -0.24 -0.24 0.32 0.32 0.32 -1.29 -1.29 -1.29 -1.29 -1.2900765 -1.97 -1.97 -1.97 -1.6 -1.6 -1.6 -0.99 -0.99 -0.89 -0.89 -0.89 -0.59338252 -0.59 -0.59 -0.59 -0.59 -0.75991612 -0.76 -0.76 -0.76 -0.76 -0.20000006 -0.2 -0.2 -0.2 0.049999463 -0.02 -0.02 -0.02 0.08 0.08 0.08 0.06 0.06 0.06 
-0.57 -0.57 -0.43 -0.43 -0.43 -0.19126148 -0.19 -0.24 -0.24 -0.24 0.31993106 0.32 -0.77494713 -1.2899999 -1.29 -1.29 -1.29 -1.11 -1.11 -1.11 -1.24 -1.2400003 -1.5999982 -1.6 -1.5992122 -0.56 -0.56 -0.56000079 -0.88994667 0.03987445 0.039996647 0.03989001 -0.58892326 -0.58945632 -0.7293118 -0.75999984 -0.75859249 -0.34 -0.34 -0.2 -0.2 -0.2 -0.2 -0.02 -0.02 -0.02 -0.02 0.08 0.08 0.08 0.06 0.06 0.06 
-0.57 -0.57 -0.43 -0.43 -0.43 -0.43 -0.20871354 -0.24 -0.24 -0.24 -0.24043086 -1.02 -1.02 -1.02 -1.2884088 -1.29 -1.1111995 -1.11 -1.11 -1.11 -1.24 -1.24 -1.24 -1.24 -0.56 -0.56 -0.56 -0.56 -0.56 0.04 0.04 0.04 0.04 0.040000716 0.38 -0.34 -0.34 -0.34 -0.34 -0.34000116 -0.73 -0.73 -0.73 -0.52498863 -0.1 -0.1 -0.1 0.079999995 0.079999942 0.02 0.02 0.82981268 0.83 
-0.57 -0.57 -0.48053017 -0.43 -0.43 -0.43000003 -1.8571253 -0.24510535 -0.24 -0.24 -1.0200001 -1.02 -1.02 -1.02 -1.02 -1.0421444 -1.11 -1.11 -1.11 -1.11 -1.239999 -1.24 -1.24 -1.24 -0.56 -0.56 -0.56 -0.56 -0.56 -0.26297213 0.04 0.04 0.04 0.38 0.38 0.3794409 -0.34 -0.34 -0.35125557 -0.36 -0.73 -0.73 -0.73 -0.52706667 -0.1 -0.1 -0.1 -0.03 0.019377005 0.02 0.02 0.83 0.83 
-0.83 -0.83 -0.83 -0.530291 -0.43082826 -1.86 -1.86 -1.86 -1.86 -1.37 -1.37 -1.02 -1.02 -1.02 -1.02 -1.0200057 -1.11 -1.11 -1.11 -1.11 -1.1832722 -1.24 -1.24 -1.2274382 -0.75109424 -0.56 -0.56 -0.56 -0.37 -0.37 -0.37 -0.36999828 0.38 0.38 0.38 0.38 -0.36 -0.36 -0.36 -0.36 -0.32 -0.32 -0.32 0.049992561 0.05 0.05 0.049999953 -0.03 -0.03 0.019939078 0.02 0.82999677 0.83 
-0.83 -0.83 -0.83 -0.83000808 -0.98 -1.1079665 -1.86 -1.86 -1.86 -1.37 -1.37 -1.37 -0.55000002 -0.55 -0.55 -0.55000002 -1.1099817 -1.11 -1.11 -1.11 -1.1119451 -0.76000132 -0.76 -0.76 -0.76 -0.76000001 -1.17 -1.17 -0.37 -0.37 -0.37 -0.37 0.37999962 0.38 0.38 0.37995683 -0.36000001 -0.36 -0.36 -0.3617986 -0.32 -0.32 -0.32 0.049982842 0.05 0.05 0.05 -0.03 -0.03 -0.029999971 0.19 0.19 0.99 
-0.83 -0.83 -0.83 -0.97999965 -0.98 -0.98 -1.8599997 -1.86 -1.86 -1.37 -1.37 -1.37 -0.55 -0.55 -0.55 -0.59188775 -1.1 -1.1 -1.1 -1.1099435 -0.76 -0.76 -0.76 -0.76 -0.76 -0.76030855 -1.17 -1.17 -1.17 -0.37 -0.37 -0.37028965 -0.15 -0.15 -0.15 -1 -1 -0.77 -0.77 -0.77 0.16 -0.31984944 -0.31999463 0.4 0.4 0.3867354 0.050000789 -0.03 -0.03 0.19 0.19 0.19 0.99 
-0.83 -0.83 -0.83 -0.98 -0.98 -0.98 -0.98 -1.86 -1.86 -1.37 -1.37 -0.58278817 -0.55 -0.55 -0.55 -1.1 -1.1 -1.1 -1.1 -1.1 -0.76 -0.76 -0.76 -0.76 -0.76 -1.1699986 -1.17 -1.17 -1.17 -0.82 -0.82 -0.82 -0.15 -0.15 -0.15 -1 -1 -0.77 -0.77 0.16 0.16 0.16 0.4 0.4 0.4 0.4 0.40328589 0.44 0.44 0.44 0.19000001 0.79 0.79 
-0.83 -0.83 -0.83020888 -0.98 -0.98 -0.98 -0.98 -0.63727576 -0.62 -0.62128765 -1.37 -0.55001675 -0.55 -0.55 -0.5500019 -1.1 -1.1 -1.1 -1.1 -1.1 -1.5272117 -0.76 -0.76 -0.76 -0.76019979 -1.1700315 -1.17 -1.17 -1.17 -0.82 -0.82 -0.82 -0.81990975 -0.15 -1 -1 -1 -0.99999028 -0.76993658 0.16 0.16 0.16 0.39998543 0.4 0.4 0.4 0.4400034 0.44 0.44 0.44 0.79 0.79 0.79 
0.33 0.32999797 -0.97987486 -0.98 -0.98 -0.98 -0.6200766 -0.62 -0.62 -0.62 -0.75 -0.75 -0.75 -0.75 -1.0983846 -1.1 -1.1 -1.1 -1.1 -1.5599997 -1.56 -1.56 -1.7299998 -1.73 -1.73 -1.73 -1.6816648 -1.17 -1.609982 -1.61 -1.61 -1.61 -1.61 -0.65 -0.65 -0.65 -0.65 -0.65 0.45 0.45 0.45 0.45 0.45 0.77942718 0.78 0.78 0.78 0.44 0.44 0.44 0.78994486 0.79 0.79 
0.33 0.33 0.33519056 0.94999612 0.94999957 0.94846816 -0.62 -0.62 -0.62 -0.62 -0.75 -0.75 -0.75 -0.75 -0.75 -1.1 -1.1 -1.1 -1.5599999 -1.56 -1.56 -1.56 -1.73 -1.73 -1.73 -1.73 -1.73 -1.7298814 -1.6098108 -1.61 -1.61 -1.61 -1.609924 -0.4742605 -0.64981803 -0.65 -0.65 -0.65 0.45 0.45 0.45 0.45 0.45 0.78 0.78 0.78 0.78 0.62100936 0.44 1.0431943 1.05 0.35 0.35 
0.33 0.33 0.94992147 0.95 0.95 0.95 0.55122662 -0.62 -0.62 -0.62 -0.75 -0.75 -0.75 -0.75 -0.75 -1.0997322 -1.1 -1.5598651 -1.56 -1.56 -1.56 -1.56 -1.6670224 -1.73 -1.73 -1.73 -1.73 -1.7295679 -1.12 -1.12 -1.12 -1.12 -1.12 -0.34 -0.34 -0.34 -0.34 -0.34 1.23 1.23 1.23 1.23 1.23 0.78192892 0.7800004 0.78 0.78013391 0.79615194 1.05 1.05 1.05 0.35000392 0.35 
0.33000228 1.545825 0.95000009 0.95 0.95 0.95 0.95 -0.61933151 -0.62 -0.62 -0.75 -0.75 -0.75 -0.75 -0.91622407 -0.92 -0.92 -1.5599835 -1.56 -1.56 -1.56 -1.56 -1.5599999 -1.73 -1.73 -1.73 -1.73 -1.0300001 -1.03 -1.0491542 -1.12 -1.12 -1.12 -0.34 -0.34 -0.34 -0.34 -0.34002032 1.23 1.23 1.23 1.23 1.2299992 1.57 1.57 1.57 1.57 1.5699581 1.05 1.05 1.05 1.0499997 0.62587632 
1.57 1.57 1.4672752 0.95 0.95 0.95 0.95 0.95 -0.61932831 0.30999999 0.31 0.31 0.3074844 -0.91999975 -0.92 -0.92 -0.92 -0.92 -1.5599964 -1.5292283 -1.26 -1.26 -1.26 -1.3766776 -1.6763756 -1.3894418 -1.1473088 -1.03 -1.03 -1.03 -1.03 -1.03 -1.027062 -0.37145904 -0.37 -0.37 -0.37 -0.37 1.228121 1.22 1.22 1.22 1.22 1.2500009 1.5699999 1.57 1.57 1.09 1.0500006 1.05 1.05 0.63 0.63 
1.57 1.57 1.65 1.65 1.65 0.95023318 0.95 0.95 0.31 0.31 0.31 0.31 0.31 -0.91999994 -0.92 -0.92 -0.92 -0.92 -1.26 -1.26 -1.26 -1.26 -1.26 -1.06 -1.06 -1.06 -1.06 -1.03 -1.03 -1.03 -1.03 -1.03 -0.5 -0.5 -0.37 -0.37 -0.37 0.35987568 0.36 1.22 1.22 1.22 1.22 1.25 1.25 1.25 1.09 1.09 1.09 0.68 0.68 0.63 0.63 
1.57 1.57 1.65 1.65 1.65 1.65 1.649998 1.28 0.31091329 0.31 0.31 0.31 0.31 -0.90465687 -0.92 -0.92 -0.92 -0.92 -1.26 -1.26 -1.26 -1.26 -1.26 -1.06 -1.06 -1.06 -1.06 -1.0599998 -1.03 -1.03 -1.03 -0.50002779 -0.5 -0.5 -0.5 -0.37 0.35999999 0.36 0.36 0.38262821 1.3970318 1.43 1.43 1.25 1.25 1.25 1.09 1.09 1.09 0.68 0.68 0.68 0.67528582 
1.71 1.7099989 1.65 1.65 1.65 1.65 1.28 1.28 1.28 0.31 0.31 0.31 0.31 0.30961763 -0.92 -0.92 -0.92 -0.92 -1.2599936 -1.26 -1.26 -1.26 -1.0952063 -1.06 -1.06 -1.06 -1.06 -0.70000029 -0.7 -0.7 -1.0264384 -0.5 -0.5 -0.5 -0.49999899 0.55999998 0.36 0.36 0.36 0.36000001 1.43 1.43 1.43 1.38 1.38 1.38 0.96001266 1.09 1.09 0.68 0.68 0.68 0.67999994 
1.71 1.71 1.65 1.65 1.65 1.28 1.28 1.28 1.28 0.41633058 0.31 0.31 0.31 0.30999593 -0.32006905 -0.32 -0.32 -0.32 -0.21632761 -0.11 -0.11 -0.11 -0.11 -1.06 -1.06 -1.06 -1.0599763 -0.7 -0.7 -0.7 -0.7 -0.49987669 0.096219337 0.56 0.56 0.56 0.36261378 1.0599854 1.06 1.06 1.4300157 1.45 1.45 1.38 1.38 1.3799982 0.96 0.96 0.63 0.63 0.63 0.78 0.66 
1.71 1.71 2.11 2.11 2.11 1.28 1.28 1.28 1.28 0.39 0.39 0.39 0.39 0.33996464 -0.32 -0.32 -0.32 -0.32 -0.22 -0.11 -0.11 -0.11 -0.11 0.01 0.0099995774 -1.0599984 -0.7 -0.7 -0.7 -0.7 -0.22410127 0.24 0.52192439 0.56 0.56 0.56 1.06 1.06 1.06 1.06 1.45 1.45 1.45 1.4799905 1.48 0.96233736 0.96 0.96 0.62999986 0.63 0.78 0.78 0.66 
1.71 2.11 2.11 2.11 2.11 2.11 1.2770501 0.9 0.9 0.39 0.39 0.39 0.39 0.38983185 -0.32 -0.32 -0.32 -0.31548168 -0.22 -0.22 -0.11 -0.11 0.01 0.01 0.01 0.01 -0.7 -0.7 -0.7 -0.7 0.24 0.24 0.24 0.55967619 0.56 0.56 1.06 1.06 1.06 1.06 1.45 1.45 1.45 1.48 1.48 1.4799688 0.93 0.93 0.57 0.57 0.78 0.78 0.66 
2.1062435 2.11 2.11 2.11 2.11 2.11 0.9 0.9 0.9 0.62702669 0.39 0.39 0.39 0.39000294 -0.32 -0.32 -0.32 -0.22 -0.22 -0.22 -0.1100055 -0.10999927 0.01 0.01 0.01 0.01 -0.69994953 -0.7 -0.7 0.23978382 0.24 0.24 0.24 0.24 0.55989456 1.02 1.02 1.0206923 1.06 1.06 1.4499997 1.45 1.4791277 1.48 1.48 0.9300002 0.93 0.93 0.57 0.57 0.57 0.57 0.59 
2.11 2.11 2.11 2.11 2.11 2.11 0.9 0.9 0.9 0.9 0.71999049 0.72 0.72 0.72 -0.31999541 0.48767247 0.94 0.94 -0.21786155 -0.22 -0.21999998 0.0099998257 0.01 0.01 0.01 0.01 0.0094837905 -0.7 -0.69996787 0.24 0.24 0.24 0.24 0.24 1.02 1.02 1.02 1.02 1.02 1.0199994 0.71 0.71 0.71000015 1.15 1.15 1.15 0.87 0.87 0.55 0.55 0.57 0.57000004 0.59 
2.11 2.11 2.11 2.11 2.11 2.11 0.9 0.9 0.9 0.72 0.72 0.72 0.72 0.72 0.77799147 0.94 0.94 0.94 0.94 0.94 0.88461382 0.0099999986 0.01 0.01 0.010000001 0.016280202 0.2096866 -0.57608637 0.23536441 0.24 0.24 0.24 0.24 0.24000171 1.02 1.02 1.02 1.02 1.02 0.87578872 0.71 0.71 0.71 1.15 1.15 1.15 0.87 0.87 0.55 0.55 0.26000001 0.57179581 0.59 
2.11 2.11 2.11 2.11 2.11 2.1099996 0.90000028 0.9 0.892529 0.72 0.72 0.72 0.72 0.72 0.73055255 0.94 0.94 0.94 0.94 0.94 0.94 0.1817161 0.20999972 0.21 0.21 0.21 0.21 0.21 0.82090361 0.82999301 0.82999999 0.83 0.83 0.83000014 1.02 1.02 1.02 1.02 1.02 0.71000004 0.71 0.71 0.71 0.7100002 1.1497755 1.01 0.87000001 0.28037994 0.54975466 0.26 0.26 0.25771347 0.15 
2.11 2.11 2.11 2.11 2.11 2.1099227 0.90006526 0.89998911 0.72000023 0.72 0.72 0.72 0.72 0.72 0.72418613 0.94 0.94 0.94 0.94 0.94 0.94 0.21 0.21 0.21 0.21 0.21 0.21 0.21 0.82982885 0.83 0.83 0.83 0.83 0.83 0.88205998 1.02 1.02 1.02 1.02 0.71 0.71 0.71 0.71 0.71007685 1.01 1.01 1.005362 0.27 0.27 0.26 0.26 0.15 0.15 
2.11 2.11 2.11 2.11 2.11 2.1083863 0.90143126 0.74031182 0.72 0.72 0.72 0.72 0.72 0.72 0.72385148 0.94 0.94 0.94 0.94 0.94 0.83606127 0.21 0.21 0.21 0.21 0.21 0.21 0.21 0.82999751 0.83 0.83 0.83 0.83 0.83 0.83 0.92004613 0.76467881 0.67972377 0.66677593 0.66629051 0.70999998 0.71 0.71 1.009976 1.01 1.0046277 0.11000076 0.27 0.27 -0.019997819 -0.02 -0.02 0.14999992 
2.11 2.11 2.11 2.11 2.1099988 2.099909 0.89291493 0.7200495 0.72 0.72 0.72 0.72 0.72 0.72 0.72513734 0.94 0.94 0.94 0.94 0.94 0.21000315 0.21 0.21 0.21 0.21 0.21 0.21 0.21 0.82999983 0.83 0.83 0.83 0.83 0.83 0.82999997 0.66 0.66 0.66 0.66 0.03 0.03 0.03 0.030000001 0.11000261 0.11 0.11 0.11 0.10999874 -0.01 -0.01 -0.02 -0.02 -0.24673781 
2.11 2.11 2.11 2.1099999 2.1099662 2.0770686 0.7344322 0.72000235 0.72 0.72 0.72 0.72 0.72 0.72 0.72746816 0.93999991 0.94 0.94 0.94 0.93560645 0.21 0.21 0.21 0.21 0.21 0.21 0.21 0.21 0.82999986 0.83 0.83 0.83 0.83 0.83 0.66000016 0.66 0.66 0.66 0.66 0.03 0.03 0.03 0.03 0.051591656 0.11 0.11 0.11 -0.0099986577 -0.01 -0.01 -0.34 -0.34 -0.34 
2.11 2.11 2.1099999 2.1099973 2.1096684 1.97849 0.72091672 0.72000059 0.72 0.72 0.72 0.72 0.72 0.72000001 0.73062552 0.93999483 0.94 0.94 0.93999916 0.22479096 0.21 0.21 0.21 0.21 0.21 0.21 0.21 0.21 0.82999942 0.83 0.83 0.83 0.83 0.6689508 0.65999998 0.66 0.66 0.66 0.66 0.03 0.03 0.03 0.03 0.03 0.11 0.11 0.11 -0.0099999988 -0.01 -0.01 -0.34 -0.34 -0.34 
2.11 2.1099999 2.1099989 2.1099675 2.1079655 1.3092724 0.72019055 0.72000036 0.72 0.72 0.72 0.72 0.72 0.72000041 0.73437937 0.93991965 0.94 0.93999997 0.93622044 0.21006207 0.21 0.21 0.21 0.21 0.21 0.21 0.21 0.21000036 0.82999612 0.83 0.82999984 0.62934068 0.61 0.61 0.61 0.66 0.66 0.66 0.66 0.03 0.03 0.03 0.03 0.03 0.10999858 0.11 0.10999994 -0.0099999914 -0.01 -0.010000179 -0.34 -0.34 -0.34 
