interpolatedSpi/06-08|21_2.tif
NCOLS 53
NROWS 52
XLLCORNER -116.03883
YLLCORNER 28.596182
DX 0.49850594
DY 0.49788537
NODATA_VALUE -9999
[rows 0 to 30 of 52, columns 0 to 52 of 53]
-1.4066667 -1.4066667 -1.6148234 -1.39 -1.07 -1.71 -1.2466667 -1.3033333 -1.0109524 -0.85 -1.3166667 -0.72666667 -1.4200299 -1.7833333 -1.8066667 -1.8066667 -1.8066667 -0.1 -0.80666667 -0.80666667 -0.80666667 -0.80665947 -0.060000014 -1.4333333 -1.4333333 -1.4333333 -0.60999781 -0.61 -0.61 0.15666667 0.15666667 0.15666667 0.15666667 -0.16333327 -0.16333333 -0.16333333 -0.16333333 -0.16333333 -0.16333333 -0.16333337 -1.5418191 -1.5563526 -0.32333333 -0.32333333 -0.32333333 -0.32333333 -0.32291955 -0.07 -0.07 -0.07 0.51333212 0.51333333 0.51333333
-1.4066821 -1.7533333 -1.5166661 -1.5883045 -2.1764775 -1.23 -1.45 -1.3159777 -1.53 -1.2833333 -1.2 -1.42 -1.42 -0.89630101 -1.7833228 -1.8066667 -0.1 -0.1 -0.80574527 -0.80666667 -0.80666667 -0.80666667 -1.4322806 -1.4333333 -1.4333333 -1.4333333 -1.4133333 -1.4133333 0.15666667 0.15666667 0.15666667 0.15666667 0.15666667 -0.16333329 -0.16333333 -0.16333333 -0.16333333 -0.16333333 -0.16333342 -0.37181396 -1.4099405 -0.4551916 -0.32333333 -0.32333333 -0.32333333 -0.32333333 -0.32333333 -0.07 -0.07 -0.07 -0.021629442 0.51333333 0.51333333
-1.9166322 -1.9166667 -1.0466667 -1.4266667 -0.89666667 -1.2233333 -0.69333333 -0.99333333 -1.2666667 -0.97666667 -1.3033333 -1.37 -0.92333333 -1.3666667 -0.89333333 -1.6533333 -0.1 -0.1 -0.1 -0.92663178 -0.92666667 -0.92666667 -1.4133333 -1.4333333 -1.4333333 -1.4333333 -1.4133333 -1.4133333 -1.4133333 0.15666667 0.15666667 0.15666664 -0.12735937 -0.16584495 -0.1739443 -1.292887 -1.3033333 -1.3033333 -1.3167492 -1.41 -1.41 -1.4086104 -0.32333333 -0.32333333 -0.32333333 -0.32333333 -0.32333333 -0.07 -0.07 -0.07 -0.069999999 0.51333333 0.51333333
-0.15333333 -1.9166664 -0.67322815 -0.16 -0.32 -0.79333333 -0.43666667 -0.60333333 -0.43666667 -0.7004201 -0.87 -0.94 -1.0533333 -1.3666667 -1.1466667 -1.6533333 -1.9245754 -1.9253868 -1.5966667 -0.92666667 -0.92666667 -1.51 -1.4133333 -1.4133333 -1.4333333 -1.4333332 -1.4133333 -1.4133333 -1.4133333 -0.39333333 -0.41528044 -0.43333333 -0.43333333 -0.43333401 -1.3033333 -1.3033333 -1.3033333 -1.3033333 -1.41 -1.41 -1.41 -1.41 -0.32333333 -0.32333333 -0.32333333 -0.32333333 -0.32333333 -0.070003196 -0.07 -0.07 -0.07 0.51326714 0.51333333
-0.15333333 0.15333182 -0.67333333 -0.88955961 -0.32 -0.60333333 -1.0033101 -0.82 -1.09 -0.68000037 -1.0883227 -1.2800501 -1.63 -1.1466667 -1.1466667 -1.4899709 -1.9266667 -1.9266667 -1.5966667 -1.5966667 -0.92666779 -1.51 -1.37 -0.91666667 -1.14 -1.1398325 -1.4133333 -1.4133333 -0.39333333 -0.39333333 -0.43333333 -0.43333333 -0.43333333 -0.43521895 -1.3033333 -1.3033333 -1.3033333 -1.41 -1.41 -1.41 -1.41 -1.4100209 -0.32333335 -0.32333333 -0.32333333 -0.32333333 -0.32333333 -0.32107835 -0.07 -0.070064719 -1.5133333 -1.5133333 -1.5133333
-1.5566667 -0.40666667 -0.46000001 -0.64333333 -1.1466667 -0.65666667 -1.08 -1.0467126 -0.89666667 -0.43666667 -0.65333333 -0.57666667 -0.57666736 -1.4633333 -1.4633333 -1.8964695 -1.8966667 -1.9066667 -1.9066667 -1.596666 -1.1166667 -1.1166667 -0.91666667 -1.14 -1.14 -0.42333333 -0.20666667 -0.20666667 -0.27001108 -0.39333333 -0.43333333 -0.43333333 -0.44333333 -0.44327865 0.079962115 -1.3333333 -1.3333333 -1.3862814 -1.41 -1.41 -1.6263964 -1.6266667 -1.6266654 -2.0227941 -2.0531421 -2.0533329 -2.0533333 -2.0533327 -1.350655 -1.5133333 -1.5133333 -1.5133333 -1.5133333
-0.64000082 -0.61 -0.27470555 -0.62333333 -0.93666667 -1.2966667 -0.79 -0.74666667 -0.68333333 -0.68333333 -0.65333333 -1.24 -1.2033333 -1.4633333 -1.0800011 -1.08 -1.8966667 -0.87333333 -0.79666667 -0.79666667 -1.179502 -1.25 -1.25 -0.33000001 -0.42333333 -0.42333333 -0.20666667 -0.20666667 -0.26999495 -0.26990701 0.14897055 -0.44333333 -0.44333333 0.08 0.08 -1.37872 -1.3333333 -1.3333333 -1.449996 -1.6266664 -1.6266667 -1.6266667 -1.6266587 -2.0533275 -2.0533333 -2.0533333 -2.0533333 -2.0533329 -1.3666667 -1.5133043 -1.5133333 -1.5133333 -1.5133333
-0.64 -0.23666667 0.01 -0.92 -0.99666227 -0.91333333 -0.41 -1.5433333 -1.3633333 -0.9 -0.9 -1.02 -1.2033333 -1.2033333 -1.0808462 -0.94945817 -0.93666667 -0.63666667 -1.2733328 -0.79666667 -0.11915101 -0.12 0.29 0.13333333 0.13333613 0.35 -0.48333333 -0.48333324 -0.18363703 -0.18333333 0.15 -0.70444137 -0.78 0.08 0.049767527 -1.4166667 -1.4166667 -1.45 -1.45 -1.6266667 -1.6266667 -1.6266667 -1.0058241 -1.0066667 -2.0533333 -2.0533333 -2.0533333 -1.3666928 -1.3666667 -1.3666667 -1.5133333 -1.5133333 -1.5133333
-0.2184608 -0.23666666 0.24333333 -0.23 -0.2 -0.72666667 -0.75666667 -0.96666667 -1.36 -1.2510169 -1.13 -1.1666667 -1.1666667 -1.0866667 -1.0866657 -0.59096619 -0.59 -0.59 -0.73385481 -0.30333329 -0.11 -0.11 -0.16333333 0.11134879 0.32816572 0.35 -0.69 -0.48333333 -0.092285661 -0.09 -0.68333333 0.17666667 0.21527626 -0.6 -0.98 -0.93 -1.1733333 -1.05 -1.2665666 -1.6244199 -1.1233333 -0.78666667 -1.0066352 -1.0066667 -1.0125579 -2.0533333 -1.72 -1.3666667 -1.3666667 -1.3666667 -1.3666667 -1.6150144 -0.94
-0.11666667 -0.11666667 0.20666667 -0.05 -0.11333333 -0.9 -1.4866667 -1.16 -1.0866667 -1.2233531 -1.5466667 -0.71 -1.0866667 -1.0866667 -0.98666667 -0.9812262 -0.59 -0.59001116 -0.66333333 -0.30333333 -0.30333333 -0.27842551 -0.16333333 -0.066668497 -0.066666667 -0.066666667 -0.69 0.25 0.25 -0.09 -0.09 0.17681207 0.25333333 -0.6 -0.27333333 -0.93 -1.1733333 -1.0633333 -1.2666667 -1.417515 -0.78666668 -0.79646238 -0.81333333 -1.0066667 -1.0066667 -1.72 -1.72 -1.72 -1.3666667 -1.3666667 -2.33 -2.33 -2.3299995
-0.11666667 -0.11666667 -0.45 -0.70666667 -1.0266667 -0.14333333 -0.66333334 -1.3333818 -1.3633333 -1.3366667 -1.1866667 -1.39 -0.71090584 -0.98666667 -0.98666667 -0.9866013 -0.42 -0.43277127 -0.66333333 -1.3033333 -1.3033333 -0.25 -0.25 -0.066666667 -0.066666667 -0.066666667 0.25 0.25 0.25 0.29333333 0.29333333 0.29333327 -0.39666667 -0.39666667 -0.78666667 -1.1733333 -1 -1.6366515 -1.7766667 -1.42 -1.42 -1.3033317 -0.81333333 -1.0066667 -2.0233334 -2.3533333 -1.2321103 -1.23 -1.4633333 -1.4633333 -2.33 -2.33 -2.33
-0.11666667 -0.26069632 -0.55952882 -1.0766573 -0.62333333 -0.79333333 -0.66333333 -1.3333333 -1.3633331 -1.3369621 -1.3899999 -1.39 -1.0166667 -0.98666667 -0.98666667 -0.42000002 -0.42 -0.42001385 -0.66333333 -1.3033333 -1.0964801 -0.25 -0.25 -0.06667487 -0.066666667 -0.12254899 -0.23666667 -0.23666667 -0.23666661 0.29333333 0.29333333 -0.58666667 -0.58666667 -0.39666774 -0.78666667 -1.0600001 -0.81559311 -1.6366667 -1.6366667 -1.42 -1.3033333 -1.3033333 -1.3033385 -2.0233333 -2.0233333 -2.3533333 -1.23 -1.23 -1.4633333 -1.4633333 -2.33 -2.33 -2.33
-2.11 -0.82886302 -0.8566609 -0.85825359 -0.62333433 -0.79332932 -0.66333334 -1.325086 -1.361266 -1.362637 -1.0166667 -1.0166667 -1.0166667 -1.0166667 -0.98667092 -0.42 -0.42 -0.42314182 -0.66333333 -1.3032743 -1.1133333 -1.1133333 -1.1133333 -1.1133333 -0.084512727 -0.23666667 -0.23666667 -0.23666667 -0.23666667 -0.23647829 -0.58666667 -0.58666667 -0.58666667 -0.58666667 -1.06 -1.06 -1.06 -1.6067773 -1.6387947 -1.92 -1.92 -1.3033665 -2.2899909 -2.023359 -2.0233333 -2.3533333 -1.23 -1.23 -1.4633333 -1.4633333 -2.3268558 -2.33 -0.77436636
-2.11 -0.85666667 -0.85666667 -0.85666667 -0.85666667 -0.85666664 -0.66366605 -0.98035631 -1.3557506 -1.0170394 -1.0166667 -1.0166667 -1.0166667 -1.0166667 -1.0166668 -0.42000001 -0.42000004 -0.43669101 -0.66333141 -1.1133333 -1.1133333 -1.1133333 -1.1133333 -1.1133333 -1.1089345 -0.55730575 -0.67333324 -0.67333333 -0.67333333 -0.67333333 -0.58666667 -0.58666667 -0.58666714 -0.98333333 -0.98333333 -1.06 -1.1961068 -1.2 -1.9199996 -1.92 -1.92 -1.92 -2.29 -2.29 -2.29 -2.2904407 -2.1011961 -2.1066667 -2.1066667 -2.1066667 -2.1066667 -1.0800003 -1.08
-2.08 -0.85666667 -0.85666667 -0.85666667 -0.85666667 -0.85666667 -0.85666665 -0.91123582 -1.1610132 -1.16 -1.16 -1.16 -1.16 -1.16 -1.16 -1.4375035 -0.43626144 -0.45332072 -1.1132767 -1.1133333 -1.1133333 -1.1133333 -1.1133333 -1.1133338 -0.91 -0.91 -0.90999967 -0.67333333 -0.67333333 -0.67319316 -0.60333333 -0.60333333 -0.98333333 -0.98333333 -0.98333333 -1.1652922 -1.2 -1.2 -1.2 -1.92 -1.92 -1.92 -2.29 -2.29 -2.29 -2.29 -2.1066667 -2.1066667 -2.1066667 -2.1066667 -2.1066667 -1.08 -1.08
-2.08 -1.6245669 -0.85666667 -0.85666667 -0.85666667 -0.85666667 -1.1366117 -1.1366667 -1.1366667 -1.16 -1.16 -1.16 -1.16 -1.16 -1.2225053 -1.4433333 -1.4433333 -1.4433333 -1.5121153 -1.5133329 -1.5133333 -1.5133333 -1.5133333 -1.5133333 -0.91 -0.91 -0.91 -0.91 -0.67333333 -0.60333333 -0.60333333 -0.60333333 -0.9833333 -0.98333333 -0.98333333 -0.92666667 -1.1996381 -1.2 -1.2 -1.9199168 -1.7544589 -1.3683205 -2.29 -2.29 -1.791543 -1.79 -1.79 -2.1046023 -0.85439148 -0.85000011 -0.85000024 0.39644285 -1.079997
-2.08 -1.3890686 -1.116437 -0.85666667 -0.85666667 -1.1365012 -1.1366667 -1.1366667 -1.1366667 -1.1368348 -1.16 -1.16 -1.16 -1.16 -1.4433333 -1.4433333 -1.4433333 -1.4433333 -1.5132708 -1.5133333 -1.5133333 -1.5133333 -1.5133333 -1.5133333 -0.91000001 -0.91 -0.91 -0.91 -0.90888455 -0.60333333 -0.60333333 -0.60333333 -0.78666666 -0.98332282 -0.92666667 -0.92666667 -0.92666667 -0.92591753 -1.3560995 -1.3666667 -1.3666667 -1.3666667 -1.5966667 -1.5966667 -1.79 -1.79 -1.79 -0.85000001 -0.85 -0.85 -0.85 0.39666667 0.39666667
-1.3704351 -1.37 -1.37 -1.37 -0.83 -1.1366588 -1.1366667 -1.1366667 -1.1366667 -1.1366667 -1.1478867 -1.1599979 -1.16 -1.4433333 -1.4433333 -1.4433333 -1.4433333 -1.4433333 -1.4330388 -1.5133333 -1.5133333 -1.5133333 -1.5133333 -1.5133333 -1.041179 -0.74000092 -0.74 -0.74 -0.74 -0.60333334 -0.78666666 -0.78666667 -0.78666667 -0.78666667 -0.92666667 -0.92666482 -0.85666667 -0.85666667 -1.3602986 -1.3666667 -1.3666667 -1.3666667 -1.5966667 -1.5966667 -1.7600653 -1.79 -1.79 -0.85 -0.85 -0.85 -0.83663249 0.39666667 0.39666667
-1.37 -1.37 -1.37 -1.1157059 -0.83 -0.83 -1.1366667 -1.1366667 -1.1366667 -1.1366667 -1 -1 -1 -1.4433333 -1.4433333 -1.4433333 -1.4433333 -1.4432143 -1.1933333 -1.1933333 -1.5133332 -1.5133333 -1.4996997 -0.95333333 -0.95141278 -0.74 -0.74 -0.74 -0.74 -0.78666191 -0.78666667 -0.78666667 -0.78666667 -0.78666667 -0.85666691 -0.85666667 -0.85666667 -0.85666667 -0.8584786 -1.3666667 -1.3666667 -1.3666667 -1.5966667 -1.5966667 -1.5966667 -1.79 -1.79 -0.85 -0.85 -0.85 0.39666667 0.39666667 0.39666667
-1.37 -1.37 -1.37 -0.83 -0.83 -0.83 -0.83000047 -1.1366667 -1.1366667 -1.0001411 -1 -1 -1 -1.0002762 -0.8605492 -0.72333333 -0.72333333 -0.72333334 -1.1933333 -1.1933333 -1.1933333 -0.95333333 -0.95333333 -0.95333333 -0.95320634 -0.61411417 -0.74 -0.74 -0.74 -0.87504115 -0.89665585 -0.89666667 -0.89666667 -0.89666667 -0.98820862 -1.1733326 -1.1733333 -1.1733333 -1.1733333 -0.98005291 -0.98 -0.98 -1.5966667 -1.5966667 -0.92000282 -0.91999974 -0.18666667 -0.18666667 0.39333333 0.39333333 0.39333333 0.39666667 1.2026121
-1.3699956 -1.37 -1.37 -0.83 -0.83 -0.83 -0.83 -0.54000017 -1.134281 -0.99948314 -1 -1 -1 -0.9994571 -0.72333333 -0.72333333 -0.72333333 -0.72333347 -1.1933333 -1.1933333 -1.1933333 -0.95333333 -0.95333333 -0.95333333 -0.5 -0.5 -0.77 -0.77 -0.77 -0.77069101 -0.89666667 -0.89666667 -0.89666667 -0.89666667 -1.034924 -1.1733333 -1.1733333 -1.1733333 -1.1733333 -0.98 -0.98 -0.98 -0.97811217 -0.92 -0.92 -0.92 -0.18666667 -0.18666667 0.39333333 0.39333333 0.39333333 1.2033333 1.2033333
0.046666667 -0.6136312 -0.64666667 -0.64671985 -0.83 -0.54167793 -0.54 -0.54 -0.53757081 -0.43 -0.43 -0.43 -0.43 -0.050012371 -0.050000003 -0.72333282 -0.72333333 -0.73571714 -1.1933333 -1.1933333 -1.1933333 0.043333333 0.043333333 0.043333333 -0.5 -0.5 -0.77 -0.77 -0.77 -0.77000001 -0.78000074 -0.78000033 -0.89373443 -0.89654159 -0.91664527 -0.91666667 -0.91666667 -0.91666667 -0.91666667 -0.98 -0.98 -0.98 -0.9233035 -0.92 -0.92 -0.91999992 -0.18666667 -0.18666667 -0.18664579 0.39333333 0.39330814 -0.17 1.2033333
-0.47656728 -0.4766667 -0.64666667 -0.64666667 -0.64666667 -0.54 -0.54 -0.54 -0.53333333 -0.53333333 -0.43 -0.43 -0.43 -0.05 -0.05 -0.05 -0.05 -0.050129441 -1.1933333 -1.1933333 -1.1933333 0.043333333 0.043333333 0.043333333 -0.5 -0.5 -0.77 -0.77 -0.77 -0.77988725 -0.78 -0.78 -0.78 -0.78 -0.91659923 -0.91666667 -0.91666667 -0.91666667 -0.91666667 -0.54333345 -0.54333333 -0.54333333 -0.54333333 -0.91999675 -0.49666667 -0.49666667 -0.49666667 -0.51 -0.51 -0.51 -0.17 -0.17 -0.17
-0.47666667 -0.47666667 -0.64666667 -0.64666667 -0.64666667 -0.54056066 -0.54 -0.53333333 -0.53333333 -0.53333333 -0.43001272 -0.43 -0.37280127 -0.050000071 -0.05 -0.05 -0.05 -0.13333333 -0.13333333 -0.13333333 -0.59666665 -0.59666619 0.043330216 0.043333333 0.042548402 -1.0233333 -1.0233333 -1.0233327 -0.77004094 -0.43673509 -0.43666849 -0.43672661 -0.77941321 -0.77970371 -0.8921033 -0.91666646 -0.91489052 -0.38666667 -0.38666667 -0.54333333 -0.54333333 -0.54333333 -0.54333333 -0.49666667 -0.49666667 -0.49666667 -0.49666667 -0.51 -0.51 -0.51 -0.17 -0.17 -0.17
-0.47666667 -0.47666667 -0.64666667 -0.64666667 -0.64666667 -0.64666667 -0.53750486 -0.53333333 -0.53333333 -0.53333333 -0.53323759 -0.36 -0.36 -0.36 -0.051826901 -0.05 -0.13277802 -0.13333333 -0.13333333 -0.13333333 -0.59666667 -0.59666667 -0.59666667 -0.59666667 -1.0233333 -1.0233333 -1.0233333 -1.0233333 -1.0233333 -0.43666667 -0.43666667 -0.43666667 -0.43666667 -0.43666744 -0.80333333 -0.38666667 -0.38666667 -0.38666667 -0.38666667 -0.38666658 -0.33333333 -0.33333333 -0.33333333 -0.48844538 -0.81 -0.81 -0.81 -0.51000001 -0.50999999 -0.5 -0.5 -0.36661882 -0.36666667
-0.47666667 -0.47666667 -0.5853086 -0.64666667 -0.64666667 -0.64666666 -0.21390118 -0.53232487 -0.53333333 -0.53333333 -0.35999987 -0.36 -0.36 -0.36 -0.36 -0.33455658 -0.13333333 -0.13333333 -0.13333333 -0.13333333 -0.59666308 -0.59666667 -0.59666667 -0.59666667 -1.0233333 -1.0233333 -1.0233333 -1.0233333 -1.0233333 -0.86526139 -0.43666667 -0.43666667 -0.43666667 -0.80333333 -0.80333333 -0.80300978 -0.38666667 -0.38666667 -0.28911839 -0.21333335 -0.33333333 -0.33333333 -0.33333333 -0.48207415 -0.81 -0.81 -0.81 0.47 -0.48791389 -0.5 -0.5 -0.36666667 -0.36666667
-0.16333333 -0.16333333 -0.16333333 -0.52548171 -0.64578843 -0.21333333 -0.21333333 -0.21333333 -0.21333333 0.26 0.26 -0.35999996 -0.36 -0.36 -0.36 -0.35998561 -0.13333333 -0.13333333 -0.13333333 -0.13333333 -0.39448303 -0.59666667 -0.59666667 -0.59343898 -0.49782421 -1.0233333 -1.0233333 -1.0233333 -1.0166667 -1.0166667 -1.0166667 -1.0166642 -0.80333333 -0.80333333 -0.80333333 -0.80333333 -0.21333333 -0.21333333 -0.21333333 -0.21333333 -0.09 -0.09 -0.09 0.43332281 0.43333333 0.43333333 0.43333294 0.47 0.47 -0.49881811 -0.5 -0.36666137 -0.36666667
-0.16333333 -0.16333333 -0.16333333 -0.16332705 -0.046666667 -0.070902738 -0.21333333 -0.21333333 -0.21333333 0.26 0.26 0.26 0.14999998 0.15 0.15 0.14999999 -0.13272883 -0.13333333 -0.13333333 -0.13333333 -0.14035238 -0.47333367 -0.47333333 -0.47333333 -0.47333333 -0.47333335 -1.0466667 -1.0466667 -1.0166667 -1.0166667 -1.0166667 -1.0166667 -0.80333282 -0.80333333 -0.80333333 -0.80327523 -0.21333334 -0.21333333 -0.21333333 -0.2143423 -0.09 -0.09 -0.09 0.43330906 0.43333333 0.43333333 0.43333333 0.47 0.47 0.47000003 0.68333333 0.68333333 0.73
-0.16333333 -0.16333333 -0.16333333 -0.046666936 -0.046666667 -0.046666667 -0.21333327 -0.21333333 -0.21333333 0.26 0.26 0.26 0.15 0.15 0.15 0.15355411 0.19666667 0.19666667 0.19666581 -0.13146941 -0.47333333 -0.47333333 -0.47333333 -0.47333333 -0.47333333 -0.4737648 -1.0466667 -1.0466667 -1.0466667 -1.0166667 -1.0166667 -1.0167954 -0.09 -0.09 -0.09 -0.79333333 -0.79333333 -0.44333333 -0.44333333 -0.44333333 -0.22 -0.090040777 -0.089995995 0.44666667 0.44666667 0.44616135 0.43333343 0.47 0.47 0.68333333 0.68333333 0.68333333 0.73
-0.16333333 -0.16333333 -0.16333333 -0.046666667 -0.046666667 -0.046666667 -0.046666667 -0.21333333 -0.21333333 0.26 0.26 0.15439841 0.15 0.15 0.15 0.19666667 0.19666667 0.19666667 0.19666667 0.19666667 -0.47333333 -0.47333333 -0.47333333 -0.47333333 -0.47333333 -1.0466647 -1.0466667 -1.0466667 -1.0466667 -1.2166667 -1.2166667 -1.2166667 -0.09 -0.09 -0.09 -0.79333333 -0.79333333 -0.44333333 -0.44333333 -0.22 -0.22 -0.22 0.44666667 0.44666667 0.44666667 0.44666667 0.47350146 0.77333333 0.77333333 0.77333333 0.68333334 1.0566667 1.0566667
-0.16333333 -0.16333333 -0.16317087 -0.046666667 -0.046666667 -0.046666667 -0.046666667 0.5816611 0.61333333 0.61272671 0.26 0.15000391 0.15 0.15 0.15000016 0.19666667 0.19666667 0.19666667 0.19666667 0.19666667 0.53684412 -0.47333333 -0.47333333 -0.47333333 -0.47317611 -1.0465915 -1.0466667 -1.0466667 -1.0466667 -1.2166667 -1.2166667 -1.2166667 -1.2164984 -0.09 -0.79333333 -0.79333333 -0.79333333 -0.79331874 -0.4433181 -0.22 -0.22 -0.22 0.44662619 0.44666667 0.44666667 0.44666667 0.77332986 0.77333333 0.77333333 0.77333333 1.0566667 1.0566667 1.0566667
