interpolatedSpi/06-09|23_1.tif
NCOLS 53
NROWS 52
XLLCORNER -116.03883
YLLCORNER 28.596182
DX 0.49850594
DY 0.49788537
NODATA_VALUE -9999
[rows 0 to 37 of 52, columns 0 to 52 of 53]
0.1825 0.1825 0.21901709 0.5375 0.32 0.0775 0.32 0.2525 -0.3213974 -0.4575 -0.0825 -0.11 -0.40996253 0.045 0.025 0.025 0.025 -0.57 -0.3625 -0.3625 -0.3625 -0.36249964 -0.325 -0.3725 -0.3725 -0.3725 -0.75000553 -0.75 -0.75 -1.4425 -1.4425 -1.4425 -1.4425 -0.81750013 -0.8175 -0.8175 -0.8175 -0.8175 -0.8175 -0.81749997 0.23615114 0.24728287 -0.605 -0.605 -0.605 -0.605 -0.60477133 -0.465 -0.465 -0.465 -0.17250061 -0.1725 -0.1725
0.18249222 0.0075 0.53499947 0.50372528 0.37756061 0.075 0.085 -0.084935409 -0.395 -0.315 -0.19 -0.41 -0.41 -0.48821606 0.044993361 0.025 -0.57 -0.57 -0.36277055 -0.3625 -0.3625 -0.3625 -0.4068457 -0.3725 -0.3725 -0.3725 -0.12250002 -0.1225 -1.4425 -1.4425 -1.4425 -1.4425 -1.4425 -0.81750009 -0.8175 -0.8175 -0.8175 -0.8175 -0.81749999 -0.67558372 0.10490844 -0.51884771 -0.605 -0.605 -0.605 -0.605 -0.605 -0.465 -0.465 -0.465 -0.44074562 -0.1725 -0.1725
0.74247743 0.7425 0.0775 0.24 0.2575 0.78 0.4625 0.5575 -0.0775 -0.21 -0.1175 0.025 -0.295 -0.6875 -0.49 -0.73 -0.57 -0.57 -0.57 -0.26252907 -0.2625 -0.2625 -1.025 -0.3725 -0.3725 -0.3725 -0.1225 -0.1225 -0.1225 -1.4425 -1.4425 -1.4425 -1.158474 -0.81737046 -0.81675537 -0.73823308 -0.7375 -0.7375 -0.6315357 0.10499999 0.105 0.10409209 -0.605 -0.605 -0.605 -0.605 -0.605 -0.465 -0.465 -0.465 -0.465 -0.1725 -0.1725
0.365 0.74249984 -0.062599954 0.2175 -0.3575 0.01 0.09 -0.17 0.045 -0.22344885 -0.195 -0.56 -0.4375 -0.6875 -0.5625 -0.73 -0.52904932 -0.52752978 -0.385 -0.2625 -0.2625 -0.4475 -1.025 -1.025 -0.3725 -0.37249875 -0.1225 -0.1225 -0.1225 -0.78 -0.81977914 -0.8525 -0.8525 -0.85249991 -0.7375 -0.7375 -0.7375 -0.7375 0.105 0.105 0.105 0.10499997 -0.605 -0.605 -0.605 -0.605 -0.605 -0.46500177 -0.465 -0.465 -0.465 -0.17254728 -0.1725
0.365 -0.24749966 -0.0625 -0.45034194 -0.3575 -0.4275 -0.36499564 -0.4675 -0.52 -0.19750021 -0.4802552 -0.60492766 -0.1 -0.5625 -0.5625 -0.67139241 -0.5275 -0.5275 -0.385 -0.385 -0.26250038 -0.4475 -0.52 -0.385 -0.5925 -0.59244141 -0.1225 -0.1225 -0.78 -0.78 -0.8525 -0.8525 -0.8525 -0.79121368 -0.7375 -0.7375 -0.7375 0.105 0.105 0.105 0.105 0.10487162 -0.60500001 -0.605 -0.605 -0.605 -0.605 -0.60375383 -0.465 -0.46505179 -1.62 -1.62 -1.62
-1.035 -0.4575 -0.32249999 -0.15 -0.2275 -0.8375 -0.9075 -0.8511674 -0.675 -0.8125 -0.9225 -0.675 -0.67499962 -0.905 -0.905 -0.64988653 -0.65 -0.9325 -0.9325 -0.38500018 -0.5575 -0.5575 -0.385 -0.5925 -0.5925 -0.3425 -0.795 -0.795 -0.70750666 -0.78 -0.8525 -0.8525 -0.5275 -0.52749007 -0.43250672 -0.050000001 -0.05 0.057047212 0.105 0.105 -1.2233412 -1.225 -1.224998 -0.52641222 -0.52500884 -0.52500002 -0.525 -0.52500004 -1.3352409 -1.62 -1.62 -1.62 -1.62
0.0075005624 -0.365 0.21201973 -0.3425 -0.4525 -1.175 -0.7175 -0.64 -0.8725 -0.8725 -0.9225 -1.3425 -1.1049999 -0.905 -0.18000217 -0.18 -0.65 -0.1825 -0.59 -0.59 -0.43732745 -0.3025 -0.3025 -0.3575 -0.3425 -0.3425 -0.795 -0.795 -0.70750335 -0.70756169 -0.59053996 -0.5275 -0.5275 -0.4325 -0.4325 -0.36997602 -0.05 -0.05 -0.46998544 -1.2249989 -1.225 -1.225 -1.2249889 -0.52500237 -0.525 -0.525 -0.525 -0.52500047 -1.3175 -1.6199401 -1.62 -1.62 -1.62
0.0075 -0.4075 -0.21 -0.38 0.052475206 -0.795 -1.23 -0.985 -1.2775 -1.4125 -1.4125 -0.745 -1.105 -1.105 -0.18634636 -0.47144223 -0.5 -0.325 -0.54500005 -0.59 -0.44273327 -0.4075 -0.6 -0.375 -0.37500597 -0.8375 -0.6425 -0.64250005 -0.76479851 -0.765 -0.59 -0.71189735 -0.495 -0.4325 -0.44169809 -0.6375 -0.6375 -0.47 -0.47 -1.225 -1.225 -1.225 -0.94724504 -0.94999998 -0.525 -0.525 -0.525 -1.3174698 -1.3175 -1.3175 -1.62 -1.62 -1.62
-0.46932408 -0.4075 -0.025 -0.3375 0.0125 -0.65 -0.395 -0.3425 -1.11 -0.65944775 -0.16 -0.80999999 -0.81 -0.365 -0.36500256 0.0060855549 0.0075 0.0075 -0.35858334 -0.96999997 -0.8225 -0.8225 -0.8325 -0.69162443 -0.79089221 -0.8375 -0.495 -0.6425 -0.79411382 -0.795 -0.7725 -0.69 -0.49609318 -0.7775 -0.755 -0.915 -0.6975 -0.1675 -0.31243304 -1.221429 -0.425 -0.47 -0.94993162 -0.95 -0.94760787 -0.525 -0.72249999 -1.3175 -1.3175 -1.3175 -1.3175 -1.6007013 -0.46
-0.815 -0.815 0.165 0.1175 -0.145 0.3175 -0.405 -1.045 -0.875 -0.54506051 -0.9675 -0.355 -0.365 -0.365 -0.6375 -0.62865353 0.0075 0.0074911278 0.005 -0.97 -0.97 -0.95099703 -0.8325 -1.0749954 -1.075 -1.075 -0.495 -0.495 -0.495 -0.795 -0.795 -0.6892698 -0.305 -0.7775 -0.7 -0.915 -0.6975 -0.9375 -0.3125 -0.35923021 -0.47 -0.49204036 -0.53 -0.95 -0.95 -0.7225 -0.7225 -0.7225 -1.3175 -1.3175 -1.465 -1.465 -1.4649996
-0.815 -0.815 -0.0625 -0.2575 -0.08 0.125 -0.5775 -0.23100489 0.11 0.0975 -0.1975 -0.1275 -0.35469715 -0.6375 -0.6375 -0.63746799 -0.36 -0.34084309 0.005 -0.3875 -0.3875 -0.4525 -0.4525 -1.075 -1.075 -1.075 -0.495 -0.495 -0.495 -0.665 -0.665 -0.66499941 -0.81 -0.81 -1.3675 -0.71 -0.795 -0.44250398 -0.7475 -0.36 -0.36 -0.68499949 -0.53 -0.95 -0.47500008 -0.4625 -0.70258614 -0.7025 -1.23 -1.23 -1.465 -1.465 -1.465
-0.815 -0.49009089 -0.14571346 -0.027496416 0.0325 0.075 -0.5775 -0.23 0.10999716 0.097638485 -0.12749971 -0.1275 -0.17 -0.6375 -0.6375 -0.36000001 -0.36 -0.35997923 0.005 -0.3875 -0.40026468 -0.4525 -0.4525 -1.0749744 -1.075 -0.927898 -0.6275 -0.6275 -0.62749998 -0.665 -0.665 -0.4175 -0.4175 -0.81000153 -1.3675 -0.59000041 -0.81344054 -0.4425 -0.4425 -0.36000001 -0.685 -0.685 -0.68499846 -0.475 -0.475 -0.4625 -0.7025 -0.7025 -1.23 -1.23 -1.465 -1.465 -1.465
-0.2825 -0.11125338 -0.11250509 -0.11188256 0.032500157 0.074998996 -0.57749998 -0.23427752 0.086570523 0.10967359 -0.17 -0.17 -0.17 -0.17 -0.63743378 -0.36 -0.36 -0.35528727 0.005 -0.38735722 0.0975 0.0975 0.0975 0.0975 -1.054791 -0.6275 -0.6275 -0.6275 -0.6275 -0.62731581 -0.4175 -0.4175 -0.4175 -0.4175 -0.59 -0.59 -0.59 -0.45015737 -0.44539156 -0.8275 -0.8275 -0.68500766 -0.71499178 -0.47502312 -0.475 -0.4625 -0.7025 -0.7025 -1.23 -1.23 -1.4641474 -1.465 -1.1380558
-0.2825 -0.1125 -0.1125 -0.1125 -0.1125 -0.11249992 -0.57582969 -0.41303179 0.024062851 -0.16969868 -0.17 -0.17 -0.17 -0.17 -0.1699995 -0.36 -0.35999994 -0.33496349 0.0049952137 0.0975 0.0975 0.0975 0.0975 0.0975 0.112737 -0.053610341 0.11749985 0.1175 0.1175 0.1175 -0.41749998 -0.4175 -0.41749933 0.14 0.14 -0.59 -0.31049488 -0.3025 -0.8274997 -0.8275 -0.8275 -0.8275 -0.715 -0.715 -0.715 -0.71324283 -0.36217858 -0.36 -0.36 -0.36 -0.36000002 -1.3025 -1.3025
-0.18 -0.1125 -0.1125 -0.1125 -0.1125 -0.1125 -0.11250003 -0.14685172 0.52968199 0.5325 0.5325 0.5325 0.5325 0.5325 0.53249999 0.93163592 -0.33933717 -0.31001902 0.097488248 0.0975 0.0975 0.0975 0.0975 0.097500771 0.8025 0.8025 0.80249904 0.1175 0.1175 0.11903187 0.8825 0.8825 0.14 0.14 0.14 -0.23161599 -0.3025 -0.3025 -0.3025 -0.8275 -0.8275 -0.8275 -0.715 -0.715 -0.715 -0.715 -0.36000001 -0.36 -0.36 -0.36 -0.36 -1.3025 -1.3025
-0.18 -0.15487052 -0.1125 -0.1125 -0.1125 -0.1125 0.72233612 0.7225 0.7225 0.5325 0.5325 0.5325 0.5325 0.5325 0.62239735 0.94 0.94 0.94 0.75798306 0.75999932 0.76 0.76 0.76 0.76 0.8025 0.8025 0.8025 0.8025 0.1175 0.8825 0.8825 0.8825 0.14000007 0.14 0.14 0.4375 -0.30152022 -0.3025 -0.3025 -0.82743426 -0.69661282 -0.39130759 -0.715 -0.715 -0.88447537 -0.885 -0.885 -0.36063054 -0.74116334 -0.74249997 -0.74249993 -0.79757642 -1.302499
-0.18 0.06571859 -0.018881483 -0.1125 -0.1125 0.72200664 0.7225 0.7225 0.7225 0.72113081 0.5325 0.5325 0.5325 0.53250005 0.94 0.94 0.94 0.94 0.76016079 0.76 0.76 0.76 0.76 0.76 0.8025 0.8025 0.8025 0.8025 0.80279099 0.8825 0.8825 0.8825 1.0325 0.14005181 0.4375 0.4375 0.4375 0.43774721 -0.38443356 -0.39 -0.39 -0.39 -1.2075 -1.2075 -0.885 -0.885 -0.885 -0.7425 -0.7425 -0.7425 -0.7425 -0.7975 -0.7975
0.072379389 0.0725 0.0725 0.072500006 0.7 0.72249942 0.7225 0.7225 0.7225 0.7225 0.55445545 0.53250378 0.53250001 0.94 0.94 0.94 0.94 0.94 0.94719482 0.76 0.76 0.76 0.76 0.76 0.8518128 0.96749911 0.9675 0.9675 0.9675 0.88250001 1.0325 1.0325 1.0325 1.0325 0.4375 0.43750072 0.465 0.465 -0.37932405 -0.39 -0.39 -0.39 -1.2075 -1.2075 -0.9349341 -0.885 -0.885 -0.7425 -0.7425 -0.7425 -0.74308974 -0.7975 -0.7975
0.0725 0.0725 0.0725 0.36799911 0.7 0.7 0.7225 0.7225 0.7225 0.7225 0.8225 0.8225 0.8225 0.94 0.94 0.94 0.94 0.9400628 1.2775 1.2775 0.76000021 0.76 0.76286063 0.8775 0.87831023 0.9675 0.9675 0.9675 0.9675 1.0324934 1.0325 1.0325 1.0325 1.0325 0.4649999 0.465 0.465 0.465 0.46198224 -0.39 -0.39 -0.39 -1.2075 -1.2075 -1.2075 -0.885 -0.885 -0.7425 -0.7425 -0.7425 -0.7975 -0.7975 -0.7975
0.0725 0.0725 0.0725 0.7 0.7 0.7 0.70000003 0.7225 0.7225 0.82239677 0.8225 0.8225 0.8225 0.82257321 1.2475805 1.32 1.32 1.32 1.2775 1.2775 1.2775 0.8775 0.8775 0.8775 0.87741106 0.75375634 0.9675 0.9675 0.9675 0.81548818 0.76752606 0.7675 0.7675 0.7675 0.388581 0.28000042 0.28 0.28 0.28 -0.8949309 -0.895 -0.895 -1.2075 -1.2075 -1.0700006 -1.0699999 -0.9025 -0.9025 -0.69 -0.69 -0.69 -0.7975 -0.52524365
0.072500729 0.0725 0.072500023 0.7 0.7 0.7 0.7 0.3900001 0.72117054 0.82245693 0.8225 0.8225 0.8225 0.82347623 1.32 1.32 1.32 1.32 1.2775 1.2775 1.2775 0.8775 0.8775 0.8775 0.56 0.56 0.78 0.78 0.78 0.77993181 0.7675 0.7675 0.7675 0.7675 0.52388384 0.28 0.28 0.28 0.28 -0.895 -0.895 -0.895 -0.90050617 -1.07 -1.07 -1.07 -0.9025 -0.9025 -0.69 -0.69 -0.69 -0.52500001 -0.525
0.3075 0.19990911 0.1575 0.15765739 0.7 0.39179365 0.39 0.39 0.47380708 0.775 0.775 0.775 0.775 1.2724838 1.2725 1.32 1.32 1.3188802 1.2775 1.2775 1.2775 0.75 0.75 0.75 0.56 0.56 0.78 0.78 0.78 0.78000002 0.80999973 0.80999988 0.76856817 0.76754556 0.2256193 0.225 0.225 0.225 0.225 -0.895 -0.895 -0.895 -1.0603635 -1.07 -1.07 -1.0699999 -0.9025 -0.9025 -0.90249235 -0.69 -0.69000335 -0.765 -0.525
0.39998243 0.39999996 0.1575 0.1575 0.1575 0.39 0.39 0.39 0.62 0.62 0.775 0.775 0.775 1.2725 1.2725 1.2725 1.2725 1.2725007 1.2775 1.2775 1.2775 0.75 0.75 0.75 0.56 0.56 0.78 0.78 0.78 0.80966175 0.81 0.81 0.81 0.81 0.22528866 0.225 0.225 0.225 0.225 -0.26750016 -0.2675 -0.2675 -0.2675 -1.0699976 -0.76 -0.76 -0.76 -0.86 -0.86 -0.86 -0.765 -0.765 -0.765
0.4 0.4 0.1575 0.1575 0.1575 0.38877794 0.39 0.62 0.62 0.62 0.77498092 0.775 0.78112844 1.2724999 1.2725 1.2725 1.2725 0.715 0.715 0.715 0.97249999 0.97249983 0.75000108 0.75 0.74996147 0.775 0.775 0.77500001 0.77999919 0.66002989 0.6600008 0.66002619 0.80974363 0.80987055 0.32909217 0.22499999 0.22489109 0.1925 0.1925 -0.2675 -0.2675 -0.2675 -0.2675 -0.76 -0.76 -0.76 -0.76 -0.86 -0.86 -0.86 -0.765 -0.765 -0.765
0.4 0.4 0.1575 0.1575 0.1575 0.1575 0.47608228 0.62 0.62 0.62 0.62008976 0.7825 0.7825 0.7825 1.2696123 1.2725 0.71871504 0.715 0.715 0.715 0.9725 0.9725 0.9725 0.9725 0.775 0.775 0.775 0.775 0.775 0.66 0.66 0.66 0.66 0.65999887 0.125 0.1925 0.1925 0.1925 0.1925 0.19249788 -0.405 -0.405 -0.405 -0.47333787 -0.615 -0.615 -0.615 -0.85999999 -0.86000005 -0.915 -0.915 -0.39259062 -0.3925
0.4 0.4 0.24502547 0.1575 0.1575 0.15750001 0.52516858 0.61970061 0.62 0.62 0.78249992 0.7825 0.7825 0.7825 0.7825 0.82265368 0.715 0.715 0.715 0.715 0.97249801 0.9725 0.9725 0.9725 0.775 0.775 0.775 0.775 0.775 0.15935703 0.66 0.66 0.66 0.125 0.125 0.12505242 0.1925 0.1925 0.016631714 -0.11999997 -0.405 -0.405 -0.405 -0.4717324 -0.615 -0.615 -0.615 -0.5825 -0.91085708 -0.915 -0.915 -0.3925 -0.3925
0.6225 0.6225 0.6225 0.27408828 0.15791718 0.525 0.525 0.525 0.525 0.4175 0.4175 0.78249997 0.7825 0.7825 0.7825 0.78249569 0.715 0.715 0.715 0.715 0.86013535 0.9725 0.9725 0.97230372 0.95653952 0.775 0.775 0.775 -0.0175 -0.0175 -0.0175 -0.017497156 0.125 0.125 0.125 0.125 -0.12 -0.12 -0.12 -0.12 -0.27 -0.27 -0.27 -0.40749724 -0.4075 -0.4075 -0.40750007 -0.5825 -0.5825 -0.91459487 -0.915 -0.39250038 -0.3925
0.6225 0.6225 0.6225 0.62249017 0.44 0.4523604 0.525 0.525 0.525 0.4175 0.4175 0.4175 -0.029999964 -0.03 -0.03 -0.029999997 0.71286593 0.715 0.715 0.715 0.71890421 0.96500002 0.965 0.965 0.965 0.96499998 0.2 0.2 -0.0175 -0.0175 -0.0175 -0.0175 0.12500015 0.125 0.125 0.1250167 -0.12 -0.12 -0.12 -0.11978066 -0.27 -0.27 -0.27 -0.40749362 -0.4075 -0.4075 -0.4075 -0.5825 -0.5825 -0.58249998 -0.4675 -0.4675 -0.0375
0.6225 0.6225 0.6225 0.44000042 0.44 0.44 0.52499997 0.525 0.525 0.4175 0.4175 0.4175 -0.03 -0.03 -0.03 -0.061987011 -0.45 -0.45 -0.44999699 0.70841978 0.965 0.965 0.965 0.965 0.965 0.9644243 0.2 0.2 0.2 -0.0175 -0.0175 -0.017390578 0.33 0.33 0.33 -0.0024999986 -0.0025000004 -0.07 -0.07 -0.07 -0.565 -0.27009253 -0.27000043 -0.3275 -0.3275 -0.33053191 -0.40750008 -0.5825 -0.5825 -0.4675 -0.4675 -0.4675 -0.0375
0.6225 0.6225 0.6225 0.44 0.44 0.44 0.44 0.525 0.525 0.4175 0.4175 -0.012106454 -0.03 -0.03 -0.03 -0.45 -0.45 -0.45 -0.45 -0.45 0.965 0.965 0.965 0.965 0.965 0.20000261 0.2 0.2 0.2 0.1525 0.1525 0.1525 0.33 0.33 0.33 -0.0025 -0.0025 -0.07 -0.07 -0.565 -0.565 -0.565 -0.3275 -0.3275 -0.3275 -0.3275 -0.37021661 -0.8475 -0.8475 -0.8475 -0.4675 -0.3575 -0.3575
0.6225 0.6225 0.62224586 0.44 0.44 0.44 0.44 0.39477944 0.3925 0.39254292 0.41749998 -0.030014236 -0.03 -0.03 -0.030001453 -0.45 -0.45 -0.45 -0.45 -0.45 -0.65338544 0.965 0.965 0.965 0.96490937 0.20001829 0.2 0.2 0.2 0.1525 0.1525 0.1525 0.15252726 0.33 -0.0025 -0.0025 -0.0025 -0.0025028119 -0.070033758 -0.565 -0.565 -0.565 -0.32751442 -0.3275 -0.3275 -0.3275 -0.84749434 -0.8475 -0.8475 -0.8475 -0.3575 -0.3575 -0.3575
0.8325 0.83249963 0.44010984 0.44 0.44 0.44 0.39251011 0.3925 0.3925 0.3925 -0.19999998 -0.2 -0.2 -0.2 -0.44884613 -0.45 -0.45 -0.45 -0.45 -0.72249984 -0.7225 -0.7225 0.52500007 0.525 0.525 0.525 0.49694832 0.2 0.35249375 0.3525 0.3525 0.3525 0.3525 -0.049999999 -0.05 -0.05 -0.05 -0.05 -0.67 -0.67 -0.67 -0.67 -0.67 -0.2875603 -0.2875 -0.2875 -0.2875 -0.8475 -0.8475 -0.8475 -0.3575772 -0.3575 -0.3575
0.8325 0.8325 0.83067887 0.61499965 0.61499996 0.61478298 0.3925 0.3925 0.3925 0.3925 -0.2 -0.2 -0.2 -0.2 -0.2 -0.45 -0.45 -0.45 -0.72249993 -0.7225 -0.7225 -0.7225 0.525 0.525 0.525 0.525 0.525 0.52493107 0.35266508 0.3525 0.3525 0.3525 0.35256632 0.24904061 -0.049690356 -0.05 -0.05 -0.049999993 -0.67 -0.67 -0.67 -0.67 -0.67 -0.2875 -0.2875 -0.2875 -0.2875 -0.54936694 -0.8475 -0.17755882 -0.17 -0.0425 -0.0425
0.8325 0.8325 0.61502755 0.615 0.615 0.615 0.55848594 0.3925 0.3925 0.3925 -0.2 -0.2 -0.2 -0.2 -0.2 -0.44981311 -0.45 -0.7224201 -0.7225 -0.7225 -0.7225 -0.7225 0.062855542 0.525 0.525 0.525 0.525 0.52518072 0.78 0.78 0.78 0.78 0.78 0.4775 0.4775 0.4775 0.4775 0.4775 -0.335 -0.335 -0.335 -0.335 -0.335 -0.28643177 -0.28749978 -0.2875 -0.28742584 -0.27855971 -0.17 -0.17 -0.17 -0.042500714 -0.0425
0.83249991 0.7834748 0.61500002 0.615 0.615 0.615 0.615 0.39259474 0.3925 0.3925 -0.2 -0.2 -0.2 -0.2 -0.78911766 -0.8025 -0.8025 -0.72250206 -0.7225 -0.7225 -0.7225 -0.7225 -0.72249987 0.525 0.525 0.525 0.525 1.1049997 1.1049998 1.0358321 0.78 0.78 0.78 0.4775 0.4775 0.4775 0.4775 0.47757619 -0.335 -0.335 -0.335 -0.335 -0.33495671 0.15 0.15 0.15 0.15 0.14997419 -0.17 -0.17 -0.17 -0.16999991 -0.020331367
0.7825 0.7825 0.67746914 0.615 0.615 0.615 0.615 0.615 0.39259277 -0.47249999 -0.4725 -0.4725 -0.4718533 -0.80249913 -0.8025 -0.8025 -0.8025 -0.8025 -0.72249787 -0.70429338 -0.545 -0.545 -0.545 -0.27561014 0.47257618 0.19206622 -0.043923463 1.105 1.105 1.105 1.105 1.105 1.0896368 0.59227273 0.59 0.59 0.59 0.59 -0.22886262 0.22999898 0.23 0.23 0.23 0.20749983 0.15000001 0.15 0.15 0.4025 -0.16999083 -0.17 -0.17 -0.02 -0.02
0.7825 0.7825 0.2825 0.2825 0.2825 0.61488924 0.615 0.615 -0.4725 -0.4725 -0.4725 -0.4725 -0.4725 -0.80249999 -0.8025 -0.8025 -0.8025 -0.8025 -0.545 -0.545 -0.545 -0.545 -0.545 -0.13000002 -0.13 -0.13 -0.13 1.105 1.105 1.105 1.105 1.105 0.7925 0.7925 0.59 0.59 0.59 0.25505705 0.255 0.23 0.23 0.23 0.23 0.2075 0.2075 0.2075 0.4025 0.4025 0.4025 0.3025 0.3025 -0.02 -0.02
0.7825 0.7825 0.2825 0.2825 0.2825 0.2825 0.28249454 -0.7125 -0.47272597 -0.4725 -0.4725 -0.4725 -0.4725 -0.79838355 -0.8025 -0.8025 -0.8025 -0.8025 -0.54500001 -0.545 -0.545 -0.545 -0.545 -0.13 -0.13 -0.13 -0.13 -0.12999502 1.105 1.105 1.105 0.79251638 0.7925 0.7925 0.7925 0.59 0.255 0.255 0.255 0.2543422 0.23210752 0.2325 0.2325 0.2075 0.2075 0.2075 0.4025 0.4025 0.4025 0.3025 0.3025 0.3025 0.31511505
