interpolatedSpi/06-08|20_1.tif
NCOLS 53
NROWS 52
XLLCORNER -116.03883
YLLCORNER 28.596182
DX 0.49850594
DY 0.49788537
NODATA_VALUE -9999
[rows 0 to 37 of 52, columns 0 to 52 of 53]
0.5475 0.5475 0.42850642 0.1125 0.545 0.7375 0.955 1.105 0.59800531 0.2975 0.2075 0.5775 0.46502882 0.815 0.5875 0.5875 0.5875 0.185 0.3275 0.3275 0.3275 0.32750474 0.82 0.38 0.38 0.38 0.87999945 0.88 0.88 0.1775 0.1775 0.1775 0.1775 0.81249987 0.8125 0.8125 0.8125 0.8125 0.8125 0.81250001 1.037575 1.0399509 0.8475 0.8475 0.8475 0.8475 0.84827584 1.3225 1.3225 1.3225 1.1500004 1.15 1.15
0.54748978 0.3175 0.68000029 0.7505686 0.89745454 1.0175 0.9525 0.94270334 0.565 0.6925 0.545 0.465 0.465 0.95204151 0.81499965 0.5875 0.185 0.185 0.3273142 0.3275 0.3275 0.3275 0.35197075 0.38 0.38 0.38 0.35 0.35 0.1775 0.1775 0.1775 0.1775 0.1775 0.81249991 0.8125 0.8125 0.8125 0.8125 0.81249995 0.71054559 0.21002417 0.77014444 0.8475 0.8475 0.8475 0.8475 0.8475 1.3225 1.3225 1.3225 1.3081961 1.15 1.15
0.71749164 0.7175 0.9275 1.175 1.1375 0.9175 1.0025 0.77 1.0125 0.81 0.8275 0.305 -0.1725 0.3075 0.9525 0.915 0.185 0.185 0.185 0.22253052 0.2225 0.2225 -0.1525 0.38 0.38 0.38 0.35 0.35 0.35 0.1775 0.1775 0.17749999 0.058353483 0.8104967 0.80668258 0.19322717 0.1875 0.1875 0.19032991 0.21 0.21 0.2108152 0.8475 0.8475 0.8475 0.8475 0.8475 1.3225 1.3225 1.3225 1.3225 1.15 1.15
0.1875 0.71749991 0.29002183 0.8475 0.4825 1.0275 1.48 0.5925 0.9775 0.79528276 0.9275 0.8025 0.54 0.3075 0.5675 0.915 -0.19891181 -0.20722499 0.1175 0.2225 0.2225 -0.38 -0.1525 -0.1525 0.38 0.37999985 0.35 0.35 0.35 -0.3275 -0.18621549 -0.07 -0.07 -0.069999791 0.1875 0.1875 0.1875 0.1875 0.21 0.21 0.21 0.21000002 0.8475 0.8475 0.8475 0.8475 0.8475 1.322494 1.3225 1.3225 1.3225 1.1499448 1.15
0.1875 0.052500436 0.29 0.68276277 0.4825 1.105 1.0899875 0.73 0.46 0.63750002 0.70040379 0.73001576 0.84 0.5675 0.5675 0.78237566 -0.2075 -0.2075 0.1175 0.1175 0.22249875 -0.38 -0.25 -0.11 -0.3 -0.29998347 0.35 0.35 -0.3275 -0.3275 -0.07 -0.07 -0.07 0.033715204 0.1875 0.1875 0.1875 0.21 0.21 0.21 0.21 0.21002462 0.84749999 0.8475 0.8475 0.8475 0.8475 0.85172809 1.3225 1.3224165 -0.54 -0.54 -0.54
-0.4075 0.1775 0.395 0.63 0.9625 0.9825 0.7275 0.72782007 0.8075 0.6075 0.72 -0.1825 -0.18249933 0.0725 0.0725 -1.9314892e-05 -3.5119603e-45 -0.1075 -0.1075 0.11749978 -0.7875 -0.7875 -0.11 -0.3 -0.3 -0.23 -0.4175 -0.4175 0.19495257 -0.3275 -0.07 -0.07 0.48 0.47996839 0.17752161 0.0775 0.0775 0.1690081 0.21 0.21 0.46468196 0.465 0.4650003 -0.031700798 -0.047401084 -0.047499761 -0.04749997 -0.047499665 -0.22083519 -0.54 -0.54 -0.54 -0.54
-0.56999632 -0.19 -0.4444641 0.2325 0.68 0.52 0.55 0.865 0.37 0.37 0.72 0.075 -0.24500005 0.0725 -0.079999543 -0.08 -1.9465905e-23 -0.1875 -0.1275 -0.1275 -0.76158043 -0.7325 -0.7325 -0.605 -0.23 -0.23 -0.4175 -0.4175 0.19500058 0.19501073 0.42681307 0.48 0.48 0.1775 0.1775 -0.34595763 0.0775 0.0775 -0.77747036 0.46499827 0.465 0.465 0.46500082 -0.047499094 -0.0475 -0.0475 -0.0475 -0.047500103 -0.22 -0.53993658 -0.54 -0.54 -0.54
-0.57 -0.805 -0.4975 -0.78 -0.92249183 -0.115 0.2325 -0.032499992 -0.15 -0.0275 -0.0275 -0.4475 -0.245 -0.245 -0.081132053 0.10670518 0.125 -0.13 -0.23499989 -0.1275 -0.45487843 -0.405 -0.61 -0.8025 -0.80249871 -0.7025 -0.6325 -0.63249992 0.20496496 0.205 0.4275 0.38152476 0.2975 0.1775 0.16523588 -0.7 -0.7 -0.7775 -0.7775 0.465 0.465 0.465 0.11501212 0.11499999 -0.0475 -0.0475 -0.0475 -0.21999343 -0.22 -0.22 -0.54 -0.54 -0.54
-0.77503618 -0.805 -0.915 -0.8175 -0.075 -0.1425 0.0325 0.2275 0.5 0.14514026 -0.1 -0.1325 -0.1325 -0.565 -0.56499582 -0.2688991 -0.27 -0.27 -0.14602841 -0.79750004 -0.9925 -0.99249999 -0.525 -0.5765029 -0.71257736 -0.7025 -0.4475 -0.6325 -0.45354598 -0.4525 0.405 0.67 0.42069076 -0.2775 -0.2525 -0.4275 -0.34 -0.4 -0.71985224 0.46559145 0.5975 0.067500002 0.11499796 0.115 0.11408536 -0.0475 -0.25999999 -0.22 -0.22 -0.22 -0.22 -0.59384946 -0.3325
-0.6075 -0.6075 -0.715 -0.7325 -0.005 0.0825 0.025 0.0375 0.28 0.054987033 -0.1 -0.2 -0.565 -0.565 -0.12 -0.12205732 -0.27 -0.27003216 -0.4325 -0.7975 -0.7975 -0.82262253 -0.525 -0.39000256 -0.39 -0.39 -0.4475 -0.035 -0.035 -0.4525 -0.4525 0.66906118 0.175 -0.2775 -0.095 -0.4275 -0.34 -0.4925 -0.72 0.25641459 0.067500023 0.080356879 0.1025 0.115 0.115 -0.26 -0.26 -0.26 -0.22 -0.22 -0.9725 -0.9725 -0.97249976
-0.6075 -0.6075 -0.7275 -0.69 -0.74 -0.3525 -0.40749999 0.11981564 0.0975 -0.15 0.0375 -0.54 -0.20045318 -0.12 -0.12 -0.12001154 -0.22 -0.231153 -0.4325 -0.33 -0.33 -0.285 -0.285 -0.39 -0.39 -0.39 -0.035 -0.035 -0.035 -0.3625 -0.3625 -0.36249911 -0.165 -0.165 -0.07 -0.5325 -0.4225 0.15749957 -0.625 0.2725 0.2725 0.23749956 0.1025 0.115 -0.20250016 -0.495 -0.54875104 -0.55 -0.6625 -0.6625 -0.9725 -0.9725 -0.9725
-0.6075 -0.65931101 -0.71149741 -0.96749532 -0.8175 -0.85 -0.4075 0.12 0.097500188 -0.147258 -0.53999949 -0.54 -0.2925 -0.12 -0.12 -0.22 -0.22 -0.22001209 -0.4325 -0.33 -0.32116292 -0.285 -0.285 -0.38999568 -0.39 -0.39821799 -0.415 -0.415 -0.41499995 -0.3625 -0.3625 -0.2625 -0.2625 -0.16499974 -0.07 0.18749967 -0.33751199 0.1575 0.1575 0.2725 0.2375 0.2375 0.2374968 -0.2025 -0.2025 -0.495 -0.55 -0.55 -0.6625 -0.6625 -0.9725 -0.9725 -0.9725
0.1525 0.065390471 0.13246922 0.12452998 -0.81750013 -0.84999923 -0.40750001 0.11350678 0.09905048 0.091037116 -0.2925 -0.2925 -0.2925 -0.2925 -0.12002444 -0.22 -0.22 -0.22274371 -0.4325 -0.32996014 -0.19 -0.19 -0.19 -0.19 -0.38663856 -0.415 -0.415 -0.415 -0.415 -0.41493134 -0.2625 -0.2625 -0.2625 -0.2625 0.1875 0.1875 0.1875 0.15888817 0.16061687 0.5725 0.5725 0.23751802 0.20998588 -0.20246027 -0.2025 -0.495 -0.55 -0.55 -0.6625 -0.6625 -0.97137535 -0.9725 -0.39967157
0.1525 0.1325 0.1325 0.1325 0.1325 0.13249959 -0.40863268 -0.15790956 0.10318697 -0.29208615 -0.2925 -0.2925 -0.2925 -0.2925 -0.2924999 -0.22 -0.22000003 -0.23457605 -0.43249625 -0.19 -0.19 -0.19 -0.19 -0.19 -0.19108171 -0.31756957 -0.27750003 -0.2775 -0.2775 -0.2775 -0.2625 -0.2625 -0.26250008 -0.33 -0.33 0.1875 0.45242224 0.46 0.57249993 0.5725 0.5725 0.5725 0.21 0.21 0.21 0.20509384 -0.38854586 -0.3875 -0.3875 -0.3875 -0.38750001 -0.30250014 -0.3025
0.085 0.1325 0.1325 0.1325 0.1325 0.1325 0.13249996 -0.31740168 -0.16366037 -0.165 -0.165 -0.165 -0.165 -0.165 -0.165 -0.21644297 -0.21997922 -0.24909834 -0.19003042 -0.19 -0.19 -0.19 -0.19 -0.19000009 -0.24 -0.24 -0.24000005 -0.2775 -0.2775 -0.27776532 -0.41 -0.41 -0.33 -0.33 -0.33 0.33345055 0.46 0.46 0.46 0.5725 0.5725 0.5725 0.21 0.21 0.21 0.21 -0.38749999 -0.3875 -0.3875 -0.3875 -0.3875 -0.3025 -0.3025
0.085 0.10268371 0.1325 0.1325 0.1325 0.1325 -0.402395 -0.4025 -0.40249999 -0.165 -0.165 -0.165 -0.165 -0.165 -0.17658187 -0.2175 -0.2175 -0.2175 -0.26726394 -0.26749992 -0.2675 -0.2675 -0.2675 -0.2675 -0.24 -0.24 -0.24 -0.24 -0.2775 -0.41 -0.41 -0.41 -0.33000001 -0.33 -0.33 0.36 0.4598676 0.46 0.46 0.57244678 0.4662944 0.21856102 0.21 0.21 -0.066643619 -0.0675 -0.0675 -0.38656686 0.17801684 0.17999995 0.17999989 0.1474319 -0.30249909
0.085 0.072835806 0.10213724 0.1325 0.1325 -0.4021839 -0.4025 -0.4025 -0.4025 -0.40078851 -0.165 -0.165 -0.165 -0.16500001 -0.2175 -0.2175 -0.2175 -0.2175 -0.26745534 -0.2675 -0.2675 -0.2675 -0.2675 -0.2675 -0.24 -0.24 -0.24 -0.24 -0.24061835 -0.41 -0.41 -0.41 0.039999989 -0.32992088 0.36 0.36 0.36 0.35637989 0.23284568 0.2175 0.2175 0.2175 0.12 0.12 -0.0675 -0.0675 -0.0675 0.18 0.18 0.18 0.18 0.1475 0.1475
0.072579816 0.0725 0.0725 0.072499998 -0.1625 -0.40249381 -0.4025 -0.4025 -0.4025 -0.4025 -0.18525203 -0.16500349 -0.16500001 -0.2175 -0.2175 -0.2175 -0.2175 -0.2175 -0.26560966 -0.2675 -0.2675 -0.2675 -0.2675 -0.2675 -0.15615408 0.002498686 0.0025 0.0025 0.0025 -0.40999998 0.039999992 0.04 0.04 0.04 0.36 0.35999131 0.03 0.03 0.21515878 0.2175 0.2175 0.2175 0.12 0.12 -0.038468544 -0.0675 -0.0675 0.18 0.18 0.18 0.17965152 0.1475 0.1475
0.0725 0.0725 0.0725 -0.038165006 -0.1625 -0.1625 -0.4025 -0.4025 -0.4025 -0.4025 -0.4325 -0.4325 -0.4325 -0.2175 -0.2175 -0.2175 -0.2175 -0.21759585 -0.9175 -0.9175 -0.26750026 -0.2675 -0.27328213 -0.505 -0.5004312 0.0025 0.0025 0.0025 0.0025 0.039996181 0.04 0.04 0.04 0.04 0.03000116 0.03 0.03 0.03 0.030677424 0.2175 0.2175 0.2175 0.12 0.12 0.12 -0.0675 -0.0675 0.18 0.18 0.18 0.1475 0.1475 0.1475
0.0725 0.0725 0.0725 -0.1625 -0.1625 -0.1625 -0.16250037 -0.4025 -0.4025 -0.43246903 -0.4325 -0.4325 -0.4325 -0.43236605 -0.686965 -0.7975 -0.7975 -0.7975 -0.9175 -0.9175 -0.9175 -0.505 -0.505 -0.505 -0.50497899 -0.22435676 0.0025 0.0025 0.002499999 0.40706518 0.49245549 0.4925 0.4925 0.4925 0.1603683 0.34249929 0.3425 0.3425 0.3425 0.035024971 0.035 0.035 0.12 0.12 0.37999891 0.37999995 0.2525 0.2525 0.2775 0.2775 0.2775 0.1475 0.42475188
0.0725009 0.0725 0.072499992 -0.1625 -0.1625 -0.1625 -0.1625 -0.34000002 -0.4022501 -0.43263148 -0.4325 -0.4325 -0.4325 -0.43321623 -0.7975 -0.7975 -0.7975 -0.79750003 -0.9175 -0.9175 -0.9175 -0.505 -0.505 -0.505 -0.43 -0.43 -0.275 -0.275 -0.275 -0.27081305 0.4925 0.4925 0.4925 0.4925 0.41754112 0.3425 0.3425 0.3425 0.3425 0.035 0.035 0.035 0.04585502 0.38 0.38 0.38 0.2525 0.2525 0.2775 0.2775 0.2775 0.425 0.425
0.3625 0.21967351 -0.11 -0.11001523 -0.1625 -0.33897299 -0.34 -0.34 -0.30720592 -0.57749999 -0.5775 -0.5775 -0.5775 -1.1949799 -1.195 -0.79750031 -0.7975 -0.80066182 -0.9175 -0.9175 -0.9175 -0.8475 -0.8475 -0.8475 -0.43 -0.43 -0.275 -0.275 -0.275 -0.27499953 0.37750073 0.37750032 0.48960965 0.49237671 -0.074350153 -0.075 -0.075 -0.075 -0.075 0.035 0.035 0.035 0.36100282 0.38 0.38 0.3799999 0.2525 0.2525 0.2525009 0.2775 0.27749564 0.18 0.425
0.19253228 0.19249995 -0.11 -0.11 -0.11 -0.34 -0.34 -0.34 -0.25 -0.25 -0.5775 -0.5775 -0.5775 -1.195 -1.195 -1.195 -1.195 -1.1949677 -0.9175 -0.9175 -0.9175 -0.8475 -0.8475 -0.8475 -0.43 -0.43 -0.275 -0.275 -0.275 0.37014301 0.3775 0.3775 0.3775 0.3775 -0.074776718 -0.075 -0.075 -0.075 -0.075 -0.56999984 -0.57 -0.57 -0.57 0.3799957 -0.18 -0.18 -0.18 -0.0825 -0.0825 -0.0825 0.18 0.18 0.18
0.1925 0.1925 -0.11 -0.11 -0.11 -0.33879108 -0.34 -0.25 -0.25 -0.25 -0.57745968 -0.5775 -0.87779334 -1.1949999 -1.195 -1.195 -1.195 -1.34 -1.34 -1.34 -1.0925 -1.0924998 -0.84750119 -0.8475 -0.84741983 -0.91 -0.91 -0.90999849 -0.27510262 0.0975558 0.09750149 0.097548884 0.37702145 0.37725836 0.0054089974 -0.075000166 -0.076441027 -0.505 -0.505 -0.57 -0.57 -0.57 -0.57 -0.18 -0.18 -0.18 -0.18 -0.0825 -0.0825 -0.0825 0.18 0.18 0.18
0.1925 0.1925 -0.11 -0.11 -0.11 -0.11 -0.30631563 -0.25 -0.25 -0.25 -0.25038391 -0.945 -0.945 -0.945 -1.1935267 -1.195 -1.3390338 -1.34 -1.34 -1.34 -1.0925 -1.0925 -1.0925 -1.0925 -0.91 -0.91 -0.91 -0.91 -0.91 0.0975 0.0975 0.0975 0.0975 0.097499179 -0.2925 -0.505 -0.505 -0.505 -0.505 -0.50500127 -0.8975 -0.8975 -0.8975 -0.79661906 -0.5875 -0.5875 -0.5875 -0.082500014 -0.082500119 -0.205 -0.205 -0.28738627 -0.2875
0.1925 0.1925 -0.00081874149 -0.11 -0.11 -0.11000002 -0.95374896 -0.25222177 -0.25 -0.25 -0.94500001 -0.945 -0.945 -0.945 -0.945 -0.96555045 -1.34 -1.34 -1.34 -1.34 -1.0925019 -1.0925 -1.0925 -1.0925 -0.91 -0.91 -0.91 -0.91 -0.91 -0.42161688 0.0975 0.0975 0.0975 -0.2925 -0.2925 -0.29266501 -0.505 -0.505 -0.40369987 -0.32500002 -0.8975 -0.8975 -0.8975 -0.79725113 -0.5875 -0.5875 -0.5875 -0.325 -0.20649519 -0.205 -0.205 -0.2875 -0.2875
-0.6875 -0.6875 -0.6875 -0.25479512 -0.11146649 -0.955 -0.955 -0.955 -0.955 -0.97 -0.97 -0.945 -0.945 -0.945 -0.945 -0.94502504 -1.34 -1.34 -1.34 -1.34 -1.200501 -1.0925 -1.0925 -1.0892287 -0.96493959 -0.91 -0.91 -0.91 -0.605 -0.605 -0.605 -0.60499705 -0.2925 -0.2925 -0.2925 -0.2925 -0.325 -0.325 -0.325 -0.325 -0.785 -0.785 -0.785 -0.40250769 -0.4025 -0.4025 -0.40250006 -0.325 -0.325 -0.20514621 -0.205 -0.28750011 -0.2875
-0.6875 -0.6875 -0.6875 -0.68752275 -1.11 -1.0874605 -0.955 -0.955 -0.955 -0.97 -0.97 -0.97 -1.0725 -1.0725 -1.0725 -1.0725 -1.3392719 -1.34 -1.34 -1.34 -1.3362402 -0.96750034 -0.9675 -0.9675 -0.9675 -0.96749999 -0.65 -0.65 -0.605 -0.605 -0.605 -0.605 -0.29250003 -0.2925 -0.2925 -0.29250346 -0.32499999 -0.325 -0.325 -0.32351944 -0.785 -0.785 -0.785 -0.40251774 -0.4025 -0.4025 -0.4025 -0.325 -0.325 -0.325 -0.31 -0.31 -0.325
-0.6875 -0.6875 -0.6875 -1.109999 -1.11 -1.11 -0.95500006 -0.955 -0.955 -0.97 -0.97 -0.97 -1.0725 -1.0725 -1.0725 -1.0625993 -0.9425 -0.9425 -0.94250103 -1.3377548 -0.9675 -0.9675 -0.9675 -0.9675 -0.9675 -0.96726106 -0.65 -0.65 -0.65 -0.605 -0.605 -0.60476506 -0.335 -0.335 -0.335 0.064999998 0.065 0.0125 0.0125 0.0125 -0.09 -0.784782 -0.78499382 0.0425 0.0425 0.025635006 -0.40249869 -0.325 -0.325 -0.31 -0.31 -0.31 -0.325
-0.6875 -0.6875 -0.6875 -1.11 -1.11 -1.11 -1.11 -0.955 -0.955 -0.97 -0.97 -1.0684015 -1.0725 -1.0725 -1.0725 -0.9425 -0.9425 -0.9425 -0.9425 -0.9425 -0.9675 -0.9675 -0.9675 -0.9675 -0.9675 -0.65000108 -0.65 -0.65 -0.65 -0.24 -0.24 -0.24 -0.335 -0.335 -0.335 0.065 0.065 0.0125 0.0125 -0.09 -0.09 -0.09 0.0425 0.0425 0.0425 0.0425 0.055027468 0.195 0.195 0.195 -0.30999999 0.085 0.085
-0.6875 -0.6875 -0.68808835 -1.11 -1.11 -1.11 -1.11 -1.1457004 -1.1475 -1.1471953 -0.96999999 -1.0724763 -1.0725 -1.0725 -1.0724996 -0.9425 -0.9425 -0.9425 -0.9425 -0.9425 -0.59828895 -0.9675 -0.9675 -0.9675 -0.96743461 -0.65 -0.65 -0.65 -0.65 -0.24 -0.24 -0.24 -0.24001097 -0.335 0.065 0.065 0.065 0.064997914 0.01249301 -0.09 -0.09 -0.09 0.042491956 0.0425 0.0425 0.0425 0.19499923 0.195 0.195 0.195 0.085000001 0.085 0.085
-0.9425 -0.94249955 -1.1097719 -1.11 -1.11 -1.11 -1.147492 -1.1475 -1.1475 -1.1475 -0.79000001 -0.79 -0.79 -0.79 -0.9417962 -0.9425 -0.9425 -0.9425 -0.9425 -0.58250021 -0.5825 -0.5825 -0.65000005 -0.65 -0.65 -0.65 -0.65 -0.65 0.094969488 0.095 0.095 0.095 0.095 0.1675 0.1675 0.1675 0.1675 0.1675 -0.115 -0.115 -0.115 -0.115 -0.115 0.11988317 0.12 0.12 0.12 0.195 0.195 0.195 0.08501733 0.085 0.085
-0.9425 -0.9425 -0.94413268 -1.1374999 -1.1375 -1.1375097 -1.1475 -1.1475 -1.1475 -1.1475 -0.79 -0.79 -0.79 -0.79 -0.79 -0.9425 -0.9425 -0.9425 -0.58250009 -0.5825 -0.5825 -0.5825 -0.65 -0.65 -0.65 -0.65 -0.65 -0.64999925 0.094944972 0.094999999 0.095 0.095 0.094977894 0.17600352 0.16750881 0.1675 0.1675 0.1675 -0.115 -0.115 -0.115 -0.115 -0.115 0.12 0.12 0.12 0.12 0.15507147 0.195 0.54356718 0.5475 0.445 0.445
-0.9425 -0.9425 -1.1374753 -1.1375 -1.1375 -1.1375 -1.14004 -1.1475 -1.1475 -1.1475 -0.79 -0.79 -0.79 -0.79 -0.79 -0.94238441 -0.9425 -0.58260555 -0.5825 -0.5825 -0.5825 -0.5825 -0.62499419 -0.65 -0.65 -0.65 -0.65 -0.64957343 -0.0475 -0.0475 -0.0475 -0.0475 -0.0475 0.1825 0.1825 0.1825 0.1825 0.1825 -0.3225 -0.3225 -0.3225 -0.3225 -0.3225 0.11975583 0.11999995 0.12 0.11998305 0.11802194 0.5475 0.5475 0.5475 0.44500057 0.445
-0.94250028 -1.0895756 -1.1375 -1.1375 -1.1375 -1.1375 -1.1375 -1.1474957 -1.1475 -1.1475 -0.79 -0.79 -0.79 -0.79 -0.97822431 -0.9825 -0.9825 -0.58251029 -0.5825 -0.5825 -0.5825 -0.5825 -0.58250012 -0.65 -0.65 -0.65 -0.65 -0.41249966 -0.41249983 -0.33481913 -0.0475 -0.0475 -0.0475 0.1825 0.1825 0.1825 0.1825 0.18245598 -0.3225 -0.3225 -0.3225 -0.3225 -0.32248985 0.02 0.02 0.02 0.02 0.020042543 0.5475 0.5475 0.5475 0.54749999 0.53121135
-1.0925 -1.0925 -1.1111868 -1.1375 -1.1375 -1.1375 -1.1375 -1.1375 -1.1474958 -1.19 -1.19 -1.19 -1.1890507 -0.98249972 -0.9825 -0.9825 -0.9825 -0.9825 -0.58250552 -0.62968335 -1.0425 -1.0425 -1.0425 -0.94411287 -0.67721237 -0.82282059 -0.94535537 -0.4125 -0.4125 -0.4125 -0.4125 -0.4125 -0.39715291 0.11365598 0.1175 0.1175 0.1175 0.1175 -0.29760929 -0.19000024 -0.19 -0.19 -0.19 0.089999795 0.020000018 0.02 0.02 0.4525 0.54749848 0.5475 0.5475 0.5325 0.5325
-1.0925 -1.0925 -1.1625 -1.1625 -1.1625 -1.1375083 -1.1375 -1.1375 -1.19 -1.19 -1.19 -1.19 -1.19 -0.98250001 -0.9825 -0.9825 -0.9825 -0.9825 -1.0425 -1.0425 -1.0425 -1.0425 -1.0425 -0.99 -0.99 -0.99 -0.99 -0.4125 -0.4125 -0.4125 -0.4125 -0.4125 -0.225 -0.225 0.1175 0.1175 0.1175 -0.024975732 -0.025 -0.19 -0.19 -0.19 -0.18999994 0.09 0.09 0.09 0.4525 0.4525 0.4525 0.42 0.42 0.5325 0.5325
-1.0925 -1.0925 -1.1625 -1.1625 -1.1625 -1.1625 -1.1624995 -1.075 -1.1898917 -1.19 -1.19 -1.19 -1.19 -0.98508837 -0.9825 -0.9825 -0.9825 -0.9825 -1.0425 -1.0425 -1.0425 -1.0425 -1.0425 -0.99 -0.99 -0.99 -0.99 -0.98999767 -0.4125 -0.4125 -0.4125 -0.22500983 -0.225 -0.225 -0.225 0.1175 -0.024999998 -0.025 -0.025 -0.029341459 0.15984852 0.225 0.225 0.09 0.09 0.09 0.4525 0.4525 0.4525 0.42 0.42 0.42 0.41249258
