interpolatedSpi/06-06|20_1.tif
NCOLS 53
NROWS 52
XLLCORNER -116.03883
YLLCORNER 28.596182
DX 0.49850594
DY 0.49788537
NODATA_VALUE -9999
1.36 1.36 0.9225171 0.56 1.065 1.04 1.68 1.185 0.78533687 0.765 0.665 0.59 0.18505641 0.87 0.39 0.39 0.39 0.665 0.87 0.87 0.87 0.87000135 1.01 0.3 0.3 0.3 1.1249988 1.125 1.125 0.165 0.165 0.165 0.165 1.3149998 1.315 1.315 1.315 1.315 1.315 1.315 1.6167486 1.6197758 0.74 0.74 0.74 0.74 0.74043284 1.005 1.005 1.005 1.1099998 1.11 1.11 
1.359972 0.73 1.2450005 1.3059456 1.2999559 1.51 1.31 1.3953541 0.965 0.68 0.335 0.185 0.185 0.77531677 0.86999461 0.39 0.665 0.665 0.86973271 0.87 0.87 0.87 0.3036846 0.3 0.3 0.3 0.085000015 0.085 0.165 0.165 0.165 0.165 0.165 1.3149998 1.315 1.315 1.315 1.315 1.3149999 1.1038612 0.070048171 0.65870084 0.74 0.74 0.74 0.74 0.74 1.005 1.005 1.005 1.0137067 1.11 1.11 
1.604981 1.605 1.695 1.61 1.37 1.36 1.135 0.92 0.77 0.53 0.565 -0.53 0.05 -0.185 0.775 0.78 0.665 0.665 0.665 1.0249549 1.025 1.025 0.37 0.3 0.3 0.3 0.085 0.085 0.085 0.165 0.165 0.16499999 0.049463983 1.3111727 1.3027136 0.0070957813 -0.005 -0.005 0.0044330234 0.069999999 0.07 0.070856761 0.74 0.74 0.74 0.74 0.74 1.005 1.005 1.005 1.005 1.11 1.11 
1.01 1.6049999 1.1200169 1.285 0.775 1.305 1.875 0.48 1.005 0.39116336 0.14 -0.065 -0.215 -0.185 0.685 0.78 0.44756307 0.44515414 0.705 1.025 1.025 0.12 0.37 0.37 0.3 0.29999893 0.085 0.085 0.085 -0.875 -0.43605782 -0.075 -0.075 -0.074999943 -0.005 -0.005 -0.005 -0.005 0.07 0.07 0.07 0.070000025 0.74 0.74 0.74 0.74 0.74 1.0049967 1.005 1.005 1.005 1.1099701 1.11 
1.01 0.69500078 1.12 1.1996454 0.775 1.47 0.97002905 1.08 0.58 0.67000023 0.44970725 0.34504798 0.68 0.685 0.685 0.74330104 0.445 0.445 0.705 0.705 1.0249981 0.12 0.23 0.255 -0.1 -0.10002334 0.085 0.085 -0.875 -0.875 -0.075 -0.075 -0.075 -0.042942492 -0.0049999998 -0.005 -0.005 0.07 0.07 0.07 0.07 0.069986969 0.73999999 0.74 0.74 0.74 0.74 0.74235883 1.005 1.0049637 0.195 0.195 0.195 
-0.13 0.88 0.705 1.155 1.37 1.755 1.34 1.3067126 1.38 1.09 0.945 0.395 0.39500019 0.14 0.14 0.23501569 0.235 0.385 0.385 0.70499934 -0.675 -0.675 0.255 -0.1 -0.1 -0.2 -1.075 -1.075 0.054915383 -0.875 -0.075 -0.075 0.095 0.095027689 0.35998083 -0.255 -0.255 -0.030546169 0.07 0.07 -0.064831626 -0.065 -0.065000384 0.21444422 0.20505913 0.20500014 0.20500002 0.20500019 -0.64802934 0.195 0.195 0.195 0.195 
0.18000123 0.535 0.4672963 1.06 1.745 1.125 0.915 1.21 1.645 1.645 0.945 0.76 -0.055 0.14 0.29999952 0.3 0.235 0.225 -0.04 -0.04 -0.47942507 -0.26 -0.26 -1.015 -0.2 -0.2 -1.075 -1.075 0.054992715 0.054865885 0.47331814 0.095 0.095 0.36 0.36 -0.53548962 -0.255 -0.255 -0.82498024 -0.065001058 -0.065 -0.065 -0.065001368 0.20500075 0.205 0.205 0.205 0.20499937 -0.85 0.19479291 0.195 0.195 0.195 
0.18 0.34 0.595 0.27 -0.079979935 0.6 0.765 0.98500001 1.07 0.86 0.86 -0.115 -0.055 -0.055 0.29756437 0.13606375 0.12 0.285 -0.24499979 -0.04 -0.96848995 -0.96 -1.005 -1.265 -1.2649952 -0.89 -1.33 -1.3299999 -0.069561983 -0.069999989 0.475 0.68637359 0.745 0.36 0.33490134 -0.77 -0.77 -0.825 -0.825 -0.065 -0.065 -0.065000004 0.33740152 0.33999999 0.205 0.205 0.205 -0.84995984 -0.85 -0.85 0.195 0.195 0.195 
0.32255271 0.34 0.32 0.115 0.705 0.605 0.71 1.505 1.46 1.2566534 0.245 0.345 0.345 -0.235 -0.2349945 0.010306579 0.01 0.01 0.20409468 -0.5900001 -1.06 -1.06 -1.09 -1.0384971 -0.9277901 -0.89 -0.905 -1.33 -0.59430014 -0.59 0.67 1.21 0.75419304 -0.765 -0.52 -0.805 -0.585 -0.495 -0.73988687 -0.065758842 -0.235 -0.025000001 0.33998371 0.34 0.33924015 0.205 -0.76499995 -0.85 -0.85 -0.85 -0.85 -0.05712756 -0.41 
0.225 0.225 0.505 0.22 0.855 1.255 0.83 1.345 1.65 1.2050284 0.75 0.235 -0.235 -0.235 0.35 0.34533675 0.01 0.0099618638 -0.205 -0.59 -0.59 -0.65055176 -1.09 -0.77000606 -0.77 -0.77 -0.905 0.195 0.195 -0.59 -0.59 1.2082836 0.305 -0.765 -0.445 -0.805 -0.585 -0.535 -0.74 0.28314469 -0.025000009 0.072344939 0.24 0.34 0.34 -0.765 -0.765 -0.765 -0.85 -0.85 -1.83 -1.83 -1.8299995 
0.225 0.225 0.23 0.17 0.125 0.48 0.52000001 0.84013502 1 0.895 0.535 -0.185 0.23444016 0.35 0.35 0.34999077 0.27 0.24506977 -0.205 0.415 0.415 -0.105 -0.105 -0.77 -0.77 -0.77 0.195 0.195 0.195 -0.69 -0.69 -0.68999836 -0.3 -0.3 -0.36 -0.775 -0.475 -0.11500447 -1.34 0.3 0.3 0.2699999 0.24 0.34 -0.66999974 -0.575 -0.3965935 -0.395 -1.075 -1.075 -1.83 -1.83 -1.83 
0.225 0.22714045 0.20439586 -0.20999131 0.135 0.14 0.52 0.84 0.99999866 0.89616327 -0.18499859 -0.185 0.37 0.35 0.35 0.27 0.27 0.26997297 -0.205 0.415 0.31288258 -0.105 -0.105 -0.76997304 -0.77 -0.67631492 -0.485 -0.485 -0.48499991 -0.69 -0.69 -0.885 -0.885 -0.30000016 -0.36 -0.43499994 -0.50145836 -0.115 -0.115 0.3 0.27 0.27 0.2699932 -0.67 -0.67 -0.575 -0.395 -0.395 -1.075 -1.075 -1.83 -1.83 -1.83 
0.78 1.1180445 1.1949618 1.1848227 0.13500002 0.13999988 0.51999999 0.83606099 0.98897436 0.99725817 0.37 0.37 0.37 0.37 0.35000283 0.27 0.27 0.26386699 -0.205 0.41490349 0.095 0.095 0.095 0.095 -0.75512917 -0.485 -0.485 -0.485 -0.485 -0.48521086 -0.885 -0.885 -0.885 -0.885 -0.435 -0.435 -0.435 -0.13104185 -0.11582616 -0.225 -0.225 0.26997337 -0.76499675 -0.67000915 -0.67 -0.575 -0.395 -0.395 -1.075 -1.075 -1.8272609 -1.83 -0.8558253 
0.78 1.195 1.195 1.195 1.195 1.1949996 0.51902729 0.67143285 0.95955897 0.37067589 0.37 0.37 0.37 0.37 0.37000022 0.27 0.26999992 0.23741824 -0.20499241 0.095 0.095 0.095 0.095 0.095 0.075434505 -0.70976442 -0.81499993 -0.815 -0.815 -0.815 -0.885 -0.885 -0.88500046 -1.27 -1.27 -0.435 -0.39611233 -0.395 -0.2250001 -0.225 -0.225 -0.225 -0.765 -0.765 -0.765 -0.76367777 -1.4183358 -1.425 -1.425 -1.425 -1.425 -1.1000002 -1.1 
1.055 1.195 1.195 1.195 1.195 1.195 1.195 0.48126723 0.67125357 0.67 0.67 0.67 0.67 0.67 0.67 0.13599388 0.26765668 0.2049566 0.09496244 0.095 0.095 0.095 0.095 0.094999552 -0.81 -0.81 -0.81000001 -0.815 -0.815 -0.8153304 -0.98 -0.98 -1.27 -1.27 -1.27 -0.53516546 -0.395 -0.395 -0.395 -0.225 -0.225 -0.225 -0.765 -0.765 -0.765 -0.765 -1.425 -1.425 -1.425 -1.425 -1.425 -1.1 -1.1 
1.055 1.1071204 1.195 1.195 1.195 1.195 0.19519627 0.195 0.19500001 0.67 0.67 0.67 0.67 0.67 0.54976919 0.125 0.125 0.125 -0.28882707 -0.28999961 -0.29 -0.29 -0.29 -0.29 -0.81 -0.81 -0.81 -0.81 -0.815 -0.98 -0.98 -0.98 -1.27 -1.27 -1.27 -0.365 -0.39496028 -0.395 -0.395 -0.22505998 -0.34466828 -0.62380449 -0.765 -0.765 -0.90456795 -0.905 -0.905 -1.4231261 -0.28898378 -0.2850001 -0.28500022 -0.18013928 -1.0999981 
1.055 1.0014773 1.096321 1.195 1.195 0.19559085 0.195 0.195 0.195 0.19842299 0.67 0.67 0.67 0.66999993 0.125 0.125 0.125 0.125 -0.28962929 -0.29 -0.29 -0.29 -0.29 -0.29 -0.80999999 -0.81 -0.81 -0.81 -0.81061834 -0.98 -0.98 -0.98 -0.52000001 -1.2698898 -0.365 -0.365 -0.365 -0.36142965 -0.61042108 -0.625 -0.625 -0.625 -0.68 -0.68 -0.905 -0.905 -0.905 -0.28500001 -0.285 -0.285 -0.285 -0.18 -0.18 
1.0001703 1 1 0.99999999 0.27 0.19500193 0.195 0.195 0.195 0.195 0.63858092 0.66999459 0.66999999 0.125 0.125 0.125 0.125 0.125 0.030284689 -0.29 -0.29 -0.29 -0.29 -0.29 -0.42277129 -0.24000309 -0.24 -0.24 -0.24 -0.97999998 -0.52000001 -0.52 -0.52 -0.52 -0.365 -0.36499144 -0.04 -0.04 -0.6176954 -0.625 -0.625 -0.625 -0.68 -0.68 -0.87016225 -0.905 -0.905 -0.285 -0.285 -0.285 -0.28387413 -0.18 -0.18 
1 1 1 0.65623211 0.27 0.27 0.195 0.195 0.195 0.195 0.255 0.255 0.255 0.125 0.125 0.125 0.125 0.12493142 -0.86 -0.86 -0.29000023 -0.29 -0.29523434 -0.505 -0.50261432 -0.24 -0.24 -0.24 -0.24 -0.51997149 -0.52 -0.52 -0.52 -0.52 -0.040001143 -0.04 -0.04 -0.04 -0.042035946 -0.625 -0.625 -0.625 -0.68 -0.68 -0.68 -0.905 -0.905 -0.28499999 -0.285 -0.285 -0.18 -0.18 -0.18 
1 1 1 0.27 0.27 0.27 0.26999989 0.195 0.195 0.25493806 0.255 0.255 0.255 0.254919 -0.2109103 -0.29 -0.29 -0.29 -0.86 -0.86 -0.86 -0.505 -0.505 -0.505 -0.50505743 -0.48652643 -0.24 -0.24 -0.24 0.055657995 0.17993115 0.18 0.18 0.18 0.11600074 0.33499915 0.335 0.335 0.335 0.079903536 0.08 0.08 -0.68 -0.68 0.4449953 0.44500017 0.915 0.915 0.86 0.86 0.86 -0.18 0.69921317 
1.0000009 1 0.99999997 0.27 0.27 0.27 0.27 0.2 0.19501999 0.2549592 0.255 0.255 0.255 0.25393056 -0.29 -0.29 -0.29 -0.29000016 -0.86 -0.86 -0.86 -0.505 -0.505 -0.505 -0.71 -0.71 -0.515 -0.515 -0.515 -0.51120856 0.18 0.18 0.18 0.18 0.2574574 0.335 0.335 0.335 0.335 0.08 0.08 0.08 0.091484296 0.445 0.445 0.445 0.915 0.915 0.86 0.86 0.86 0.70000001 0.7 
1.305 1.1361189 0.11 0.11004642 0.27 0.20040502 0.2 0.2 0.31113548 0.21000001 0.21 0.21 0.21 -0.649972 -0.65 -0.29000028 -0.29 -0.30501866 -0.86 -0.86 -0.86 -0.775 -0.775 -0.775 -0.71 -0.71 -0.515 -0.515 -0.515 -0.51499953 0.13000032 0.13000014 0.17874333 0.1799464 0.060138675 0.06 0.06 0.06 0.06 0.08 0.08 0.08 0.42490196 0.445 0.445 0.44500002 0.915 0.915 0.91499802 0.86 0.85998703 0.57 0.7 
0.82509115 0.82499988 0.11 0.11 0.11 0.2 0.2 0.2 0.505 0.505 0.21 0.21 0.21 -0.65 -0.65 -0.65 -0.65 -0.65002193 -0.86 -0.86 -0.86 -0.775 -0.775 -0.775 -0.71 -0.71 -0.515 -0.515 -0.515 0.12272758 0.13 0.13 0.13 0.13 0.060034541 0.06 0.06 0.06 0.06 0.075000001 0.075 0.075 0.075 0.44500065 0.53 0.53 0.53 1.025 1.025 1.025 0.57 0.57 0.57 
0.825 0.825 0.11 0.11 0.11 0.19952694 0.2 0.505 0.505 0.505 0.21003631 0.21 -0.067822406 -0.64999988 -0.65 -0.65 -0.65 -0.63 -0.63 -0.63 -0.685 -0.68500007 -0.77499956 -0.775 -0.774795 -0.46 -0.46 -0.46000013 -0.51499111 0.20998406 0.20999957 0.20998603 0.13013673 0.13006904 0.072518182 0.059999766 0.057972509 -0.545 -0.545 0.075 0.075 0.075 0.075 0.53 0.53 0.53 0.53 1.025 1.025 1.025 0.57 0.57 0.57 
0.825 0.825 0.11 0.11 0.11 0.11 0.31415259 0.505 0.505 0.505 0.50464924 -0.13 -0.13 -0.13 -0.64693552 -0.65 -0.63013328 -0.63 -0.63 -0.63 -0.685 -0.685 -0.685 -0.685 -0.46 -0.46 -0.46 -0.46 -0.46 0.21 0.21 0.21 0.21 0.20999947 -0.04 -0.545 -0.545 -0.545 -0.545 -0.54499955 -0.5 -0.5 -0.5 -0.23966729 0.3 0.3 0.3 1.025 1.0249994 0.41 0.41 0.39504257 0.395 
0.825 0.825 0.36806479 0.11 0.11 0.11 -0.098926413 0.50309337 0.505 0.505 -0.13 -0.13 -0.13 -0.13 -0.13 -0.1726971 -0.63 -0.63 -0.63 -0.63 -0.68499957 -0.685 -0.685 -0.685 -0.46 -0.46 -0.46 -0.46 -0.46 -0.38485992 0.21 0.21 0.21 -0.04 -0.04 -0.040392145 -0.545 -0.545 -0.36491088 -0.22500003 -0.5 -0.5 -0.5 -0.24360211 0.3 0.3 0.3 0.63 0.41274118 0.41 0.41 0.395 0.395 
0.015 0.015 0.015 0.086180889 0.10919192 -0.1 -0.1 -0.1 -0.1 -0.15 -0.15 -0.13 -0.13 -0.13 -0.13 -0.13003168 -0.63 -0.63 -0.63 -0.63 -0.66099978 -0.685 -0.685 -0.68120529 -0.53643769 -0.46 -0.46 -0.46 -0.595 -0.595 -0.595 -0.59499662 -0.04 -0.04 -0.04 -0.04 -0.225 -0.225 -0.225 -0.225 -0.51 -0.51 -0.51 0.12498723 0.125 0.125 0.12500006 0.63 0.63 0.41026806 0.41 0.39499922 0.395 
0.015 0.015 0.015 0.014975229 -0.445 -0.39483133 -0.1 -0.1 -0.1 -0.15 -0.15 -0.15 0.099999989 0.1 0.1 0.099999983 -0.6297985 -0.63 -0.63 -0.63 -0.63082608 -0.5400004 -0.54 -0.54 -0.54 -0.54000001 -0.77 -0.77 -0.595 -0.595 -0.595 -0.595 -0.040000072 -0.04 -0.04 -0.040008145 -0.22499999 -0.225 -0.225 -0.22346461 -0.51 -0.51 -0.51 0.12497055 0.125 0.125 0.125 0.63 0.63 0.62999995 0.24 0.24 -0.19 
0.015 0.015 0.015 -0.44499894 -0.445 -0.445 -0.10000013 -0.1 -0.1 -0.15 -0.15 -0.15 0.1 0.1 0.1 0.052781079 -0.52 -0.52 -0.52000028 -0.62937869 -0.54 -0.54 -0.54 -0.54 -0.54 -0.54017309 -0.77 -0.77 -0.77 -0.595 -0.595 -0.59478759 -0.14 -0.14 -0.14 0.014999999 0.015000001 0.125 0.125 0.125 -0.045 -0.50985414 -0.50999586 0.045 0.045 0.048031909 0.12500064 0.63 0.63 0.24 0.24 0.24 -0.19 
0.015 0.015 0.015 -0.445 -0.445 -0.445 -0.445 -0.1 -0.1 -0.15 -0.15 0.090003606 0.1 0.1 0.1 -0.52 -0.52 -0.52 -0.52 -0.52 -0.54 -0.54 -0.54 -0.54 -0.54 -0.76999922 -0.77 -0.77 -0.77 -0.265 -0.265 -0.265 -0.14 -0.14 -0.14 0.015 0.015 0.125 0.125 -0.045 -0.045 -0.045 0.045 0.045 0.045 0.045 0.056911363 0.19 0.19 0.19 0.23999999 -0.025 -0.025 
0.015 0.015 0.014359429 -0.445 -0.445 -0.445 -0.445 -0.96384641 -0.99 -0.98855783 -0.15000001 0.099964823 0.1 0.1 0.099997855 -0.52 -0.52 -0.52 -0.52 -0.52 -0.52561384 -0.54 -0.54 -0.54 -0.54003604 -0.76999691 -0.77 -0.77 -0.77 -0.265 -0.265 -0.265 -0.26498294 -0.14 0.015 0.015 0.015 0.015004537 0.12498841 -0.045 -0.045 -0.045 0.044994536 0.045 0.045 0.045 0.18999778 0.19 0.19 0.19 -0.024999999 -0.025 -0.025 
-0.34 -0.33999938 -0.44475436 -0.445 -0.445 -0.445 -0.98988403 -0.99 -0.99 -0.99 -0.32000002 -0.32 -0.32 -0.32 -0.51907686 -0.52 -0.52 -0.52 -0.52 -0.525 -0.525 -0.525 -0.71499997 -0.715 -0.715 -0.715 -0.71974721 -0.77 -0.38501577 -0.385 -0.385 -0.385 -0.385 0.03 0.03 0.03 0.03 0.03 -0.195 -0.195 -0.195 -0.195 -0.195 -0.029886943 -0.03 -0.03 -0.03 0.19 0.19 0.19 -0.024966128 -0.025 -0.025 
-0.34 -0.34 -0.34590263 -1.0449988 -1.0449999 -1.044946 -0.99 -0.99 -0.99 -0.99 -0.32 -0.32 -0.32 -0.32 -0.32 -0.52 -0.52 -0.52 -0.525 -0.525 -0.525 -0.525 -0.715 -0.715 -0.715 -0.715 -0.715 -0.71501131 -0.38510619 -0.385 -0.385 -0.385 -0.38504266 -0.086214833 0.029879664 0.03 0.03 0.029999997 -0.195 -0.195 -0.195 -0.195 -0.195 -0.03 -0.03 -0.03 -0.03 0.072876299 0.19 0.46687606 0.47 -0.025 -0.025 
-0.34 -0.34 -1.0449107 -1.045 -1.045 -1.045 -1.0310302 -0.99 -0.99 -0.99 -0.32 -0.32 -0.32 -0.32 -0.32 -0.51985101 -0.52 -0.52499853 -0.525 -0.525 -0.525 -0.525 -0.64461327 -0.715 -0.715 -0.715 -0.715 -0.71496122 -0.66 -0.66 -0.66 -0.66 -0.66 -0.175 -0.175 -0.175 -0.175 -0.175 -0.55 -0.55 -0.55 -0.55 -0.55 -0.029365167 -0.029999867 -0.029999999 -0.029955928 -0.024624962 0.47 0.47 0.47 -0.024997227 -0.025 
-0.34000067 -0.69788397 -1.045 -1.045 -1.045 -1.045 -1.045 -0.99002342 -0.99 -0.99 -0.32 -0.32 -0.32 -0.32 -0.84800587 -0.86 -0.86 -0.52500862 -0.525 -0.525 -0.525 -0.525 -0.52500012 -0.715 -0.715 -0.715 -0.715 -1.1199996 -1.1199998 -1.0221008 -0.66 -0.66 -0.66 -0.175 -0.175 -0.175 -0.175 -0.17537928 -0.55 -0.55 -0.55 -0.55 -0.55001456 0.23 0.23 0.23 0.23 0.23001936 0.47 0.47 0.47 0.46999991 0.31491904 
-0.705 -0.705 -0.76190644 -1.045 -1.045 -1.045 -1.045 -1.045 -0.99002308 -0.835 -0.835 -0.835 -0.8337778 -0.85999922 -0.86 -0.86 -0.86 -0.86 -0.5250054 -0.57115762 -0.975 -0.975 -0.975 -0.91140318 -0.76222146 -1.0148945 -1.2279953 -1.12 -1.12 -1.12 -1.12 -1.12 -1.0972322 -0.73337256 -0.735 -0.735 -0.735 -0.735 -0.58569215 -0.73999966 -0.74 -0.74 -0.74 0.075000455 0.22999996 0.23 0.23 0.795 0.47000521 0.47 0.47 0.32 0.32 
-0.705 -0.705 -0.665 -0.665 -0.665 -1.0448734 -1.045 -1.045 -0.835 -0.835 -0.835 -0.835 -0.835 -0.86 -0.86 -0.86 -0.86 -0.86 -0.975 -0.975 -0.975 -0.975 -0.975 -1.305 -1.305 -1.305 -1.305 -1.12 -1.12 -1.12 -1.12 -1.12 -0.59 -0.59 -0.735 -0.735 -0.735 -0.59002469 -0.59 -0.74 -0.74 -0.74 -0.73999993 0.075 0.075 0.075 0.795 0.795 0.795 0.395 0.395 0.32 0.32 
-0.705 -0.705 -0.665 -0.665 -0.665 -0.665 -0.66500003 -0.67 -0.83484465 -0.835 -0.835 -0.835 -0.835 -0.85968815 -0.86 -0.86 -0.86 -0.86 -0.975 -0.975 -0.975 -0.975 -0.975 -1.305 -1.305 -1.305 -1.305 -1.3049992 -1.12 -1.12 -1.12 -0.59002779 -0.59 -0.59 -0.59 -0.735 -0.59 -0.59 -0.59 -0.59394678 -0.35643115 -0.285 -0.285 0.075 0.075 0.075 0.795 0.795 0.795 0.395 0.395 0.395 -0.037757959 
-0.525 -0.52500141 -0.665 -0.665 -0.665 -0.665 -0.67 -0.67 -0.67 -0.835 -0.835 -0.835 -0.835 -0.83500777 -0.86 -0.86 -0.86 -0.86 -0.97499794 -0.975 -0.975 -0.975 -1.246862 -1.305 -1.305 -1.305 -1.305 -1.28 -1.28 -1.28 -1.1216974 -0.59 -0.59 -0.59 -0.58999945 -0.010000008 -0.59 -0.59 -0.59 -0.59 -0.285 -0.285 -0.285 0.265 0.265 0.265 1.0449757 0.795 0.795 0.395 0.395 0.395 -0.07499915 
-0.525 -0.525 -0.665 -0.665 -0.665 -0.67 -0.67 -0.67 -0.67 -0.81690337 -0.835 -0.835 -0.835 -0.83499931 -0.68002071 -0.68 -0.68 -0.68 -0.5037051 -0.89 -0.89 -0.89 -0.89 -1.305 -1.305 -1.305 -1.3049984 -1.28 -1.28 -1.28 -1.28 -0.58995237 -0.26376678 -0.01 -0.01 -0.01 -0.58818755 -0.1050101 -0.105 -0.105 -0.28461227 0.20999999 0.21 0.265 0.265 0.2650033 1.045 1.045 0.225 0.225 0.225 -0.005 0.23 
-0.525 -0.525 -0.22 -0.22 -0.22 -0.67 -0.67 -0.67 -0.67 -0.505 -0.505 -0.505 -0.505 -0.51733266 -0.68 -0.68 -0.68 -0.68 -0.49 -0.89 -0.89 -0.89 -0.89 -1.415 -1.415 -1.3050002 -1.28 -1.28 -1.28 -1.28 -0.80663265 -0.345 -0.049860405 -0.01 -0.01 -0.01 -0.105 -0.105 -0.105 -0.105 0.21 0.21 0.21 0.80481238 0.805 1.0439212 1.045 1.045 0.22500023 0.225 -0.005 -0.005 0.23 
-0.525 -0.22 -0.22 -0.22 -0.22 -0.22 -0.66887438 -0.525 -0.525 -0.505 -0.505 -0.505 -0.505 -0.50504144 -0.68 -0.68 -0.68 -0.6714152 -0.49 -0.49 -0.89 -0.89 -1.415 -1.415 -1.415 -1.415 -1.28 -1.28 -1.28 -1.28 -0.345 -0.345 -0.345 -0.010338992 -0.01 -0.01 -0.105 -0.105 -0.105 -0.105 0.21 0.21 0.21 0.805 0.805 0.80499915 0.79 0.79 0.2 0.2 -0.0049999999 -0.005 0.23 
-0.22286433 -0.22 -0.22 -0.22 -0.22 -0.22 -0.525 -0.525 -0.525 -0.51429516 -0.505 -0.505 -0.505 -0.50499959 -0.68 -0.68 -0.68 -0.49 -0.49 -0.49 -0.88998002 -0.89000321 -1.415 -1.415 -1.415 -1.415 -1.2800096 -1.28 -1.28 -0.34521503 -0.345 -0.345 -0.345 -0.345 -0.010343918 0.31 0.31 0.3028177 -0.105 -0.105 0.20999972 0.21 0.78770025 0.805 0.805 0.79000001 0.79 0.79 0.2 0.2 0.045 0.045 0.155 
-0.22 -0.22 -0.22 -0.22 -0.22 -0.22 -0.525 -0.525 -0.525 -0.525 -0.44000187 -0.44 -0.44 -0.44 -0.6799997 -0.6671798 -0.66 -0.66 -0.49031339 -0.49 -0.49000008 -1.4149992 -1.415 -1.415 -1.415 -1.415 -1.4149018 -1.28 -1.279968 -0.345 -0.345 -0.345 -0.345 -0.345 0.31 0.31 0.31 0.31 0.31 0.30999754 -0.105 -0.105 -0.10499994 0.085 0.085 0.085 0.18 0.18 0.17 0.17 0.045 0.045000239 0.155 
-0.22 -0.22 -0.22 -0.22 -0.22 -0.22 -0.525 -0.525 -0.525 -0.44 -0.44 -0.44 -0.44 -0.44 -0.49799147 -0.66 -0.66 -0.66 -0.66 -0.66 -0.65188306 -1.415 -1.415 -1.415 -1.415 -1.3903502 -0.63123009 -1.1914914 -0.34961093 -0.345 -0.345 -0.345 -0.345 -0.34499857 0.31 0.31 0.31 0.31 0.31 0.11694296 -0.105 -0.105 -0.105 0.085 0.085 0.085 0.18 0.18 0.17 0.17 0.35 0.16575698 0.155 
-0.22 -0.22 -0.22 -0.22 -0.22 -0.22000009 -0.52499993 -0.525 -0.52147203 -0.44 -0.44 -0.44 -0.44 -0.44 -0.45055255 -0.66 -0.66 -0.66 -0.66 -0.66 -0.66 -0.7501084 -0.6300011 -0.63 -0.63 -0.63 -0.63 -0.63 -0.38831417 -0.38499953 -0.385 -0.385 -0.385 -0.3849995 0.31 0.31 0.31 0.31 0.31 -0.10499995 -0.105 -0.105 -0.105 -0.10499992 0.084911823 0.03 0.17999998 0.23404851 0.17005695 0.35 0.35 0.35239046 0.465 
-0.22 -0.22 -0.22 -0.22 -0.22 -0.22001948 -0.52498355 -0.52499486 -0.44000011 -0.44 -0.44 -0.44 -0.44 -0.44 -0.44418613 -0.66 -0.66 -0.66 -0.66 -0.66 -0.66 -0.63 -0.63 -0.63 -0.63 -0.63 -0.63 -0.63 -0.38506763 -0.385 -0.385 -0.385 -0.385 -0.385 -0.19457007 0.31 0.31 0.31 0.31 -0.105 -0.105 -0.105 -0.105 -0.10496542 0.03 0.03 0.031284841 0.235 0.235 0.35 0.35 0.465 0.465 
-0.22 -0.22 -0.22 -0.22 -0.22 -0.22040676 -0.52463556 -0.44959169 -0.44 -0.44 -0.44 -0.44 -0.44 -0.44 -0.44385148 -0.66 -0.66 -0.66 -0.66 -0.66 -0.65572855 -0.63 -0.63 -0.63 -0.63 -0.63 -0.63 -0.63 -0.38500098 -0.385 -0.385 -0.385 -0.385 -0.385 -0.385 0.32525105 0.3490074 0.36198665 0.36396335 -0.071575094 -0.10499999 -0.105 -0.105 0.02998922 0.03 0.029970154 0.025001004 0.235 0.235 0.61997819 0.62 0.62 0.46500007 
-0.22 -0.22 -0.22 -0.22 -0.22000031 -0.22254354 -0.51551433 -0.44002337 -0.44 -0.44 -0.44 -0.44 -0.44 -0.44 -0.44513734 -0.66 -0.66 -0.66 -0.66 -0.66 -0.63000013 -0.63 -0.63 -0.63 -0.63 -0.63 -0.63 -0.63 -0.38500007 -0.385 -0.385 -0.385 -0.385 -0.385 -0.38499985 0.365 0.365 0.365 0.365 0.415 0.415 0.415 0.415 0.025000015 0.025 0.025 0.025 0.025005456 0.52 0.52 0.62 0.62 0.70814002 
-0.22 -0.22 -0.22 -0.22000002 -0.22000852 -0.22824169 -0.44530614 -0.44000111 -0.44 -0.44 -0.44 -0.44 -0.44 -0.44 -0.44746816 -0.65999991 -0.66 -0.66 -0.66 -0.65981944 -0.63 -0.63 -0.63 -0.63 -0.63 -0.63 -0.63 -0.63 -0.38500005 -0.385 -0.385 -0.385 -0.385 -0.385 0.36499931 0.365 0.365 0.365 0.365 0.415 0.415 0.415 0.415 0.30974068 0.025 0.025 0.025 0.51999446 0.52 0.52 0.75 0.75 0.75 
-0.22 -0.22 -0.22000001 -0.22000069 -0.22008328 -0.24703562 -0.44025396 -0.44000028 -0.44 -0.44 -0.44 -0.44 -0.44 -0.44000001 -0.45062552 -0.65999483 -0.66 -0.66 -0.65999997 -0.63060785 -0.63 -0.63 -0.63 -0.63 -0.63 -0.63 -0.63 -0.63 -0.38500023 -0.385 -0.385 -0.385 -0.385 0.21161416 0.36500002 0.365 0.365 0.365 0.365 0.415 0.415 0.415 0.415 0.415 0.025 0.025 0.025 0.52 0.52 0.52 0.75 0.75 0.75 
-0.22 -0.22000002 -0.22000029 -0.22000815 -0.22047732 -0.35181887 -0.44003676 -0.44000017 -0.44 -0.44 -0.44 -0.44 -0.44 -0.44000041 -0.45437937 -0.65991965 -0.66 -0.66 -0.65984468 -0.63000255 -0.63 -0.63 -0.63 -0.63 -0.63 -0.63 -0.63 -0.62999986 -0.38500153 -0.385 -0.38499942 0.35835158 0.43 0.43 0.43 0.365 0.365 0.365 0.365 0.415 0.415 0.415 0.415 0.415 0.025006914 0.025 0.025000243 0.51999996 0.52 0.52000012 0.75 0.75 0.75 
