interpolatedSpi/06-07|20_3.tif
NCOLS 53
NROWS 52
XLLCORNER -116.03883
YLLCORNER 28.596182
DX 0.49850594
DY 0.49788537
NODATA_VALUE -9999
1.49 1.49 0.80761539 0.205 1.04 1.025 1.91 1.695 0.79013413 0.74 0.71 0.65 0.25009264 1.375 1.125 1.125 1.125 0.865 1 1 1 1.0000039 1.41 0.505 0.505 0.505 1.9399979 1.94 1.94 0.9 0.9 0.9 0.9 1.5549999 1.555 1.555 1.555 1.555 1.555 1.555 2.1139777 2.1199271 1.835 1.835 1.835 1.835 1.835147 1.925 1.925 1.925 2.0199998 2.02 2.02 
1.4899673 0.755 1.2150009 1.3016069 1.3049807 1.76 1.465 1.605488 1.155 0.6 0.27 0.25 0.25 1.1407836 1.374995 1.125 0.865 0.865 0.99982398 1 1 1 0.49526214 0.505 0.505 0.505 0.475 0.475 0.9 0.9 0.9 0.9 0.9 1.5549999 1.555 1.555 1.555 1.555 1.5549999 1.3279705 0.21005615 1.6378192 1.835 1.835 1.835 1.835 1.835 1.925 1.925 1.925 1.9328775 2.02 2.02 
2.164964 2.165 1.995 2.05 1.68 1.425 1.23 1.075 1.22 0.555 0.635 -0.125 -0.16 0.255 1.14 1.64 0.865 0.865 0.865 0.95501308 0.955 0.955 0.32 0.505 0.505 0.505 0.475 0.475 0.475 0.9 0.9 0.89999995 0.41859993 1.5508676 1.5423413 0.20746232 0.195 0.195 0.1968866 0.21 0.21 0.21207796 1.835 1.835 1.835 1.835 1.835 1.925 1.925 1.925 1.925 2.02 2.02 
1.085 2.1649998 1.3999985 1.485 0.76 1.54 2.255 0.3 1.17 0.61105026 0.715 0.645 0.255 0.255 1.105 1.64 0.26559657 0.2554274 0.76 0.955 0.955 -0.055 0.32 0.32 0.505 0.50499985 0.475 0.475 0.475 -0.5 -0.28052891 -0.1 -0.1 -0.099999764 0.195 0.195 0.195 0.195 0.21 0.21 0.21 0.21000006 1.835 1.835 1.835 1.835 1.835 1.9249989 1.925 1.925 1.925 2.0199272 2.02 
1.085 0.61500144 1.4 1.4396328 0.76 1.935 1.1750715 1.3 0.54 1.0400001 0.65672481 0.47514968 1.52 1.105 1.105 1.4412074 0.255 0.255 0.76 0.76 0.95499793 -0.055 0.32 0.35 -0.18 -0.18002322 0.475 0.475 -0.5 -0.5 -0.1 -0.1 -0.1 -0.029284969 0.195 0.195 0.195 0.21 0.21 0.21 0.21 0.2100222 1.835 1.835 1.835 1.835 1.835 1.8358011 1.925 1.9249043 -0.21 -0.21 -0.21 
-0.465 0.81 0.99 1.05 1.915 2.19 1.6 1.5615914 1.555 1.295 1.335 0.45 0.45000071 0.52 0.52 0.20003139 0.2 0.215 0.215 0.75999931 -0.59 -0.59 0.35 -0.18 -0.18 -0.28 -1.26 -1.26 0.29492806 -0.5 -0.1 -0.1 0.275 0.27503344 0.59497692 0.2 0.2 0.20690627 0.21 0.21 0.43971314 0.44 0.43999893 0.19448008 0.16518457 0.16500045 0.16500006 0.16500061 -1.0395571 -0.21 -0.21 -0.21 -0.21 
-0.22000245 0.37 0.19186217 1.1 2.27 1.4 1.295 1.62 1.915 1.915 1.335 0.75 0.094999878 0.52 0.33000057 0.33 0.2 0.29 -0.02 -0.02 -0.52637924 -0.455 -0.455 -1.495 -0.28 -0.28 -1.26 -1.26 0.29501078 0.29519849 0.80898036 0.275 0.275 0.595 0.595 -0.51892485 0.2 0.2 -1.1699525 0.43999776 0.44 0.44 0.43999439 0.16500257 0.165 0.165 0.165 0.16499913 -1.285 -0.21021304 -0.21 -0.21 -0.21 
-0.22 -0.395 0.385 -0.035 -0.63996532 0.475 0.86 1.035 0.965 0.705 0.705 -0.44 0.095 0.095 0.32838768 0.16150996 0.145 0.32 -0.13499988 -0.02 -0.91320475 -0.875 -1.155 -1.51 -1.509997 -1.275 -1.995 -1.9949997 0.47935173 0.48000001 0.81 0.89936228 0.915 0.595 0.55863547 -1.12 -1.12 -1.17 -1.17 0.44 0.44 0.43999999 0.61993663 0.62499998 0.165 0.165 0.165 -1.2849448 -1.285 -1.285 -0.21 -0.21 -0.21 
-0.3745184 -0.39499999 -0.1 -0.24 0.79 0.385 0.555 1.72 1.61 1.271089 0.175 0.215 0.215 -0.84 -0.83999093 -0.12923355 -0.13 -0.13 0.25054355 -1.0500001 -1.325 -1.325 -0.815 -1.0210116 -1.2986818 -1.275 -1.525 -1.995 -0.78706037 -0.78 0.895 2.55 1.9279833 -0.565 -0.68 -1.08 -0.865 -0.87 -1.1898522 0.43801362 -0.005 -0.17 0.62496417 0.625 0.62241087 0.165 -1.0399999 -1.285 -1.285 -1.285 -1.285 -0.47208815 -0.47 
-0.26 -0.26 -1.9096057e-27 -0.215 0.815 1.43 0.795 1.265 1.845 1.1850222 0.57 0.005 -0.84 -0.84 0.125 0.12150256 -0.13 -0.13011963 -0.725 -1.05 -1.05 -1.0854292 -0.815 -0.97999688 -0.98 -0.98 -1.525 0.084999999 0.085 -0.78 -0.78 2.5476577 1.315 -0.565 -0.08 -1.08 -0.865 -1.02 -1.19 1.0727239 -0.16999999 0.04122015 0.405 0.625 0.625 -1.04 -1.04 -1.04 -1.285 -1.285 -2.315 -2.315 -2.3149993 
-0.26 -0.26 -0.365 -0.435 0.05 0.35 0.27500001 0.74021292 0.905 0.715 0.465 -0.205 0.0047191765 0.125 0.125 0.12498212 -0.03 -0.06647686 -0.725 0.345 0.345 -0.18 -0.18 -0.98 -0.98 -0.98 0.085 0.085 0.085 -1.055 -1.055 -1.0549961 -0.205 -0.205 -0.165 -0.885 -0.455 0.23499464 -1.425 1.11 1.11 0.89999837 0.405 0.625 -1.0899999 -1.37 -1.1744186 -1.175 -2.045 -2.045 -2.315 -2.315 -2.315 
-0.26 -0.30536644 -0.3948715 -0.57499258 -0.115 -0.095 0.275 0.74 0.90499862 0.71710497 -0.2049988 -0.205 0.15 0.125 0.125 -0.029999995 -0.03 -0.030039555 -0.725 0.345 0.24190068 -0.18 -0.18 -0.97996772 -0.98 -0.92247408 -0.805 -0.805 -0.80499989 -1.055 -1.055 -0.98 -0.98 -0.20499989 -0.165 0.024999777 -0.4453784 0.235 0.235 1.11 0.9 0.9 0.89998553 -1.09 -1.09 -1.37 -1.175 -1.175 -2.045 -2.045 -2.315 -2.315 -2.315 
0.665 1.0848744 1.2099388 1.19707 -0.11499984 -0.095000472 0.27499999 0.73427612 0.89362981 0.90003859 0.15 0.15 0.15 0.15 0.12500354 -0.03 -0.03 -0.038973557 -0.725 0.34486448 -0.1 -0.1 -0.1 -0.1 -0.96496854 -0.805 -0.805 -0.805 -0.805 -0.8052371 -0.98 -0.98 -0.98 -0.98 0.025 0.025 0.025 0.2241395 0.23518776 0.26 0.26 0.89996558 -0.83500873 -1.0899754 -1.09 -1.37 -1.175 -1.175 -2.045 -2.045 -2.3140205 -2.315 -1.5413956 
0.665 1.21 1.21 1.21 1.21 1.2099994 0.2740529 0.4950421 0.86329517 0.1508084 0.15 0.15 0.15 0.15 0.15000027 -0.029999998 -0.03000011 -0.077672257 -0.72498829 -0.1 -0.1 -0.1 -0.1 -0.1 -0.12367317 -1.0359693 -1.1349999 -1.135 -1.135 -1.135 -0.98 -0.98 -0.98000032 -1.25 -1.25 0.025 -0.033331503 -0.035 0.25999983 0.26 0.26 0.26 -0.835 -0.835 -0.835 -0.83872311 -1.8506162 -1.855 -1.855 -1.855 -1.855 -0.47500038 -0.475 
0.77 1.21 1.21 1.21 1.21 1.21 1.2099999 0.27213065 0.52151337 0.52 0.52 0.52 0.52 0.52 0.52 -0.22466813 -0.033394406 -0.12516875 -0.10007835 -0.1 -0.1 -0.1 -0.1 -0.10000059 -1.195 -1.195 -1.1949999 -1.135 -1.135 -1.1353404 -1.305 -1.305 -1.25 -1.25 -1.25 -0.22962975 -0.035 -0.035 -0.035 0.26 0.26 0.26 -0.835 -0.835 -0.835 -0.835 -1.855 -1.855 -1.855 -1.855 -1.855 -0.475 -0.475 
0.77 0.933807 1.21 1.21 1.21 1.21 -0.0097605556 -0.01 -0.0099999869 0.52 0.52 0.52 0.52 0.52 0.35233868 -0.24 -0.24 -0.24 -0.60844653 -0.60999948 -0.61 -0.61 -0.61 -0.61 -1.195 -1.195 -1.195 -1.195 -1.135 -1.305 -1.305 -1.305 -1.25 -1.25 -1.25 0.03 -0.034913938 -0.035 -0.035 0.25987556 0.011688315 -0.56751931 -0.835 -0.835 -0.95462967 -0.955 -0.955 -1.8519588 -0.011464912 -0.0050001612 -0.0050003507 0.28488489 -0.47499845 
0.77 0.79919458 1.0025211 1.21 1.21 -0.009279166 -0.01 -0.01 -0.01 -0.0061806681 0.52 0.52 0.52 0.51999991 -0.24 -0.24 -0.24 -0.24 -0.60966949 -0.61 -0.61 -0.61 -0.61 -0.61 -1.195 -1.195 -1.195 -1.195 -1.1954001 -1.305 -1.305 -1.305 -0.57000002 -1.2498534 0.03 0.03 0.03 0.027961535 -0.53611823 -0.57 -0.57 -0.57 -0.865 -0.865 -0.955 -0.955 -0.955 -0.0050000116 -0.005 -0.005 -0.005 0.285 0.285 
0.80021639 0.8 0.8 0.79999999 0.035 -0.0099988392 -0.01 -0.01 -0.01 -0.01 0.4719251 0.51999173 0.51999998 -0.24 -0.24 -0.24 -0.24 -0.24 -0.34255067 -0.61 -0.61 -0.61 -0.61 -0.61 -0.74071405 -0.50500374 -0.505 -0.505 -0.505 -1.305 -0.57000001 -0.57 -0.57 -0.57 0.03 0.029995128 -0.155 -0.155 -0.56481811 -0.57 -0.57 -0.57 -0.865 -0.865 -0.9410649 -0.955 -0.955 -0.005 -0.005 -0.005 -0.0018904459 0.285 0.285 
0.8 0.8 0.8 0.43975009 0.035 0.035 -0.01 -0.01 -0.01 -0.01 -0.115 -0.115 -0.115 -0.24 -0.24 -0.24 -0.24 -0.24009006 -1.405 -1.405 -0.61000032 -0.61 -0.61450397 -0.795 -0.79238926 -0.505 -0.505 -0.505 -0.505 -0.56999338 -0.57 -0.57 -0.57 -0.57 -0.15499935 -0.155 -0.155 -0.155 -0.15644264 -0.57 -0.57 -0.57 -0.865 -0.865 -0.865 -0.955 -0.955 -0.0050000044 -0.005 -0.0049999982 0.285 0.285 0.285 
0.8 0.8 0.8 0.035 0.035 0.035 0.034999931 -0.01 -0.01 -0.11489161 -0.115 -0.115 -0.115 -0.11507789 -0.68113521 -0.785 -0.785 -0.785 -1.405 -1.405 -1.405 -0.795 -0.795 -0.795 -0.79502521 -0.70431924 -0.505 -0.505 -0.505 0.041359441 0.17992623 0.18 0.18 0.18 -0.032066141 0.13999933 0.14 0.14 0.14 -0.20005063 -0.2 -0.2 -0.865 -0.865 0.27499524 0.2750001 0.545 0.545 0.715 0.715 0.715 0.285 0.63468706 
0.80000178 0.8 0.79999997 0.035 0.035 0.035 0.034999999 -0.064999984 -0.010219911 -0.11461462 -0.115 -0.115 -0.115 -0.11631472 -0.785 -0.785 -0.785 -0.78500018 -1.405 -1.405 -1.405 -0.795 -0.795 -0.795 -0.885 -0.885 -0.705 -0.705 -0.705 -0.70017205 0.18 0.18 0.18 0.18 0.1600109 0.14 0.14 0.14 0.14 -0.2 -0.2 -0.2 -0.18505468 0.275 0.275 0.275 0.545 0.545 0.715 0.715 0.715 0.635 0.635 
1.375 1.0725045 -0.29 -0.28990571 0.035 -0.064421403 -0.065 -0.065 0.10990174 0.31 0.31 0.31 0.31 -1.1299531 -1.13 -0.78500026 -0.785 -0.80133609 -1.405 -1.405 -1.405 -1.25 -1.25 -1.25 -0.885 -0.885 -0.705 -0.705 -0.705 -0.70499948 0.015001049 0.015000463 0.17585297 0.17982311 -0.36936963 -0.37 -0.37 -0.37 -0.37 -0.2 -0.2 -0.2 0.24884467 0.275 0.275 0.27499994 0.545 0.545 0.54500612 0.715 0.71498815 0.45 0.635 
0.73512154 0.73499982 -0.29 -0.29 -0.29 -0.065 -0.065 -0.065 0.415 0.415 0.31 0.31 0.31 -1.13 -1.13 -1.13 -1.13 -1.1300292 -1.405 -1.405 -1.405 -1.25 -1.25 -1.25 -0.885 -0.885 -0.705 -0.705 -0.705 0.0068819473 0.015 0.015 0.015 0.015 -0.36981003 -0.37 -0.37 -0.37 -0.37 -0.71499987 -0.715 -0.715 -0.715 0.27499735 -0.07 -0.07 -0.07 0.785 0.785 0.785 0.45 0.45 0.45 
0.735 0.735 -0.29 -0.29 -0.29 -0.06618264 -0.065 0.415 0.415 0.415 0.31001293 0.31 -0.22930232 -1.1299998 -1.13 -1.13 -1.13 -1.355 -1.355 -1.355 -1.33 -1.3299999 -1.2500004 -1.25 -1.2497641 -1.025 -1.025 -1.0249992 -0.70505171 0.1499731 0.14999928 0.14997643 0.015230729 0.015116504 -0.30134309 -0.37000027 -0.37234586 -1.07 -1.07 -0.715 -0.715 -0.715 -0.715 -0.07 -0.07 -0.07 -0.07 0.785 0.785 0.785 0.45 0.45 0.45 
0.735 0.735 -0.29 -0.29 -0.29 -0.29 0.11464998 0.415 0.415 0.415 0.41457743 -0.35 -0.35 -0.35 -1.1254033 -1.13 -1.3535007 -1.355 -1.355 -1.355 -1.33 -1.33 -1.33 -1.33 -1.025 -1.025 -1.025 -1.025 -1.025 0.15 0.15 0.15 0.15 0.14999962 -0.03 -1.07 -1.07 -1.07 -1.07 -1.070001 -1.435 -1.435 -1.435 -1.0510102 -0.255 -0.255 -0.255 0.78499997 0.78499935 0.115 0.115 0.22005595 0.22 
0.735 0.735 0.079953025 -0.29 -0.29 -0.29000001 -0.63812788 0.41167522 0.415 0.415 -0.35000006 -0.35 -0.35 -0.35 -0.35 -0.41408359 -1.355 -1.355 -1.355 -1.355 -1.3300002 -1.33 -1.33 -1.33 -1.025 -1.025 -1.025 -1.025 -1.025 -0.49289208 0.15 0.15 0.15 -0.03 -0.03 -0.030807586 -1.07 -1.07 -0.79986631 -0.59000004 -1.435 -1.435 -1.435 -1.0554021 -0.255 -0.255 -0.255 0.29 0.11718048 0.115 0.115 0.22 0.22 
-0.665 -0.665 -0.665 -0.38402281 -0.29129614 -0.64 -0.64 -0.64 -0.64 -0.645 -0.645 -0.35000002 -0.35 -0.35 -0.35 -0.3500637 -1.355 -1.355 -1.355 -1.355 -1.3409092 -1.33 -1.33 -1.3260744 -1.173098 -1.025 -1.025 -1.025 -0.72 -0.72 -0.72 -0.71999635 -0.03 -0.03 -0.03 -0.03 -0.59 -0.59 -0.59 -0.59 -0.85 -0.85 -0.85 -0.11501478 -0.115 -0.115 -0.11500004 0.29 0.29 0.11521323 0.115 0.22000015 0.22 
-0.665 -0.665 -0.665 -0.66502773 -1.18 -1.1014751 -0.64 -0.64 -0.64 -0.645 -0.645 -0.645 -0.365 -0.365 -0.365 -0.36500002 -1.3548077 -1.355 -1.355 -1.355 -1.3546127 -1.1800004 -1.18 -1.18 -1.18 -1.18 -1.16 -1.16 -0.72 -0.72 -0.72 -0.72 -0.030000141 -0.03 -0.03 -0.030015883 -0.58999998 -0.59 -0.59 -0.58629313 -0.85 -0.85 -0.85 -0.11503408 -0.115 -0.115 -0.115 0.29 0.29 0.28999999 0.25 0.25 0.22 
-0.665 -0.665 -0.665 -1.1799988 -1.18 -1.18 -0.6400002 -0.64 -0.64 -0.645 -0.645 -0.645 -0.365 -0.365 -0.365 -0.4324012 -1.25 -1.25 -1.2500003 -1.3544069 -1.18 -1.18 -1.18 -1.18 -1.18 -1.1799849 -1.16 -1.16 -1.16 -0.72 -0.72 -0.71993563 -0.225 -0.225 -0.225 0.21 0.21 0.255 0.255 0.255 0.405 -0.84960634 -0.84999146 0.295 0.295 0.27946147 -0.11499823 0.29 0.29 0.25 0.25 0.25 0.22 
-0.665 -0.665 -0.665 -1.18 -1.18 -1.18 -1.18 -0.64 -0.64 -0.645 -0.645 -0.37619596 -0.365 -0.365 -0.365 -1.25 -1.25 -1.25 -1.25 -1.25 -1.18 -1.18 -1.18 -1.18 -1.18 -1.1600001 -1.16 -1.16 -1.16 -0.62 -0.62 -0.62 -0.225 -0.225 -0.225 0.21 0.21 0.255 0.255 0.405 0.405 0.405 0.295 0.295 0.295 0.295 0.29417853 0.285 0.285 0.285 0.25 0.305 0.305 
-0.665 -0.665 -0.66571716 -1.18 -1.18 -1.18 -1.18 -1.4846438 -1.5 -1.4985321 -0.64500001 -0.36504606 -0.365 -0.365 -0.36500306 -1.25 -1.25 -1.25 -1.25 -1.25 -0.96423316 -1.18 -1.18 -1.18 -1.18 -1.1600011 -1.16 -1.16 -1.16 -0.62 -0.62 -0.62 -0.6199436 -0.225 0.21 0.21 0.21 0.21000178 0.25501023 0.405 0.405 0.405 0.29500668 0.295 0.295 0.295 0.28499855 0.285 0.285 0.285 0.305 0.305 0.305 
-1.065 -1.0649993 -1.1797251 -1.18 -1.18 -1.18 -1.4999319 -1.5 -1.5 -1.5 -0.91500001 -0.915 -0.915 -0.915 -1.2484538 -1.25 -1.25 -1.25 -1.25 -0.95500018 -0.955 -0.955 -1.18 -1.18 -1.18 -1.18 -1.1782737 -1.16 -0.69501904 -0.695 -0.695 -0.695 -0.695 0.115 0.115 0.115 0.115 0.115 -0.01 -0.01 -0.01 -0.01 -0.0099999992 0.14023365 0.14 0.14 0.14 0.285 0.285 0.285 0.30499685 0.305 0.305 
-1.065 -1.065 -1.0674699 -1.3599996 -1.36 -1.3601363 -1.5 -1.5 -1.5 -1.5 -0.915 -0.915 -0.915 -0.915 -0.915 -1.25 -1.25 -1.25 -0.95500007 -0.955 -0.955 -0.955 -1.18 -1.18 -1.18 -1.18 -1.18 -1.1799953 -0.69498842 -0.695 -0.695 -0.695 -0.69499535 0.018626724 0.11490021 0.115 0.115 0.115 -0.01 -0.01 -0.01 -0.01 -0.010000001 0.14 0.14 0.14 0.14 0.20780483 0.285 0.61131821 0.615 0.19 0.19 
-1.065 -1.065 -1.3599626 -1.36 -1.36 -1.36 -1.3955594 -1.5 -1.5 -1.5 -0.915 -0.915 -0.915 -0.915 -0.915 -1.249746 -1.25 -0.95508649 -0.955 -0.955 -0.955 -0.955 -1.0966473 -1.18 -1.18 -1.18 -1.18 -1.1796355 -0.665 -0.665 -0.665 -0.665 -0.665 -0.055 -0.055 -0.055 -0.055 -0.055 -0.155 -0.155 -0.155 -0.155 -0.155 0.14098887 0.14000021 0.14 0.14006865 0.1483289 0.615 0.615 0.615 0.19000238 0.19 
-1.0650001 -1.1042202 -1.36 -1.36 -1.36 -1.36 -1.36 -1.4999404 -1.5 -1.5 -0.915 -0.915 -0.915 -0.915 -1.3256712 -1.335 -1.335 -0.95500978 -0.955 -0.955 -0.955 -0.955 -0.95500016 -1.18 -1.18 -1.18 -1.18 -1.2349995 -1.2349997 -1.1136901 -0.665 -0.665 -0.665 -0.055000005 -0.055 -0.055 -0.055 -0.055433461 -0.155 -0.155 -0.155 -0.155 -0.15498698 0.545 0.545 0.545 0.545 0.54500565 0.615 0.615 0.615 0.61499983 0.34271725 
-1.105 -1.105 -1.153606 -1.36 -1.36 -1.36 -1.36 -1.36 -1.4999397 -1.265 -1.265 -1.265 -1.2641694 -1.3349994 -1.335 -1.335 -1.335 -1.335 -0.95500713 -1.0160306 -1.55 -1.55 -1.55 -1.4570778 -1.2024102 -1.3223228 -1.423377 -1.235 -1.235 -1.235 -1.235 -1.235 -1.212466 -0.69915262 -0.695 -0.695 -0.695 -0.695 -0.12306517 0.014999695 0.015 0.015 0.015 0.27000081 0.54499993 0.545 0.545 0.83 0.61500344 0.615 0.615 0.345 0.345 
-1.105 -1.105 -1.115 -1.115 -1.115 -1.3599184 -1.36 -1.36 -1.265 -1.265 -1.265 -1.265 -1.265 -1.335 -1.335 -1.335 -1.335 -1.335 -1.55 -1.55 -1.55 -1.55 -1.55 -1.46 -1.46 -1.46 -1.46 -1.235 -1.235 -1.235 -1.235 -1.235 -1.065 -1.065 -0.695 -0.695 -0.695 -0.59001788 -0.59 0.015 0.015 0.015 0.015000041 0.27 0.27 0.27 0.83 0.83 0.83 0.275 0.275 0.345 0.345 
-1.105 -1.105 -1.115 -1.115 -1.115 -1.115 -1.1150016 -1.41 -1.2651365 -1.265 -1.265 -1.265 -1.265 -1.3341268 -1.335 -1.335 -1.335 -1.335 -1.55 -1.55 -1.55 -1.55 -1.55 -1.46 -1.46 -1.46 -1.46 -1.4599991 -1.235 -1.235 -1.235 -1.0650089 -1.065 -1.065 -1.065 -0.695 -0.59 -0.59 -0.59 -0.57408132 0.23839724 0.28 0.28 0.27 0.27 0.27 0.83 0.83 0.83 0.275 0.275 0.275 -0.0082293777 
-0.345 -0.34500597 -1.115 -1.115 -1.115 -1.115 -1.41 -1.41 -1.41 -1.265 -1.265 -1.265 -1.265 -1.2650218 -1.335 -1.335 -1.335 -1.335 -1.5499961 -1.55 -1.55 -1.55 -1.4758463 -1.46 -1.46 -1.46 -1.46 -1.6049999 -1.605 -1.605 -1.2389647 -1.065 -1.065 -1.065 -1.0649991 -0.11000001 -0.59 -0.59 -0.59 -0.58999999 0.28 0.28 0.28 0.805 0.805 0.805 1.1849654 0.83 0.83 0.275 0.275 0.275 -0.044999039 
-0.345 -0.345 -1.115 -1.115 -1.115 -1.41 -1.41 -1.41 -1.41 -1.2809001 -1.265 -1.265 -1.265 -1.2649989 -0.83505754 -0.835 -0.835 -0.835 -0.51348242 -1.175 -1.175 -1.175 -1.175 -1.46 -1.46 -1.46 -1.4600096 -1.605 -1.605 -1.605 -1.605 -1.064935 -0.52784013 -0.11 -0.11 -0.11 -0.5875906 0.054986571 0.055 0.055 0.28021932 0.55999999 0.56 0.805 0.805 0.80500161 1.185 1.185 0.08 0.08 0.08 0.3 0.3 
-0.345 -0.345 -0.845 -0.845 -0.845 -1.41 -1.41 -1.41 -1.41 -1.455 -1.455 -1.455 -1.455 -1.4113071 -0.835 -0.835 -0.835 -0.835 -0.49 -1.175 -1.175 -1.175 -1.175 -2.075 -2.0749998 -1.4600009 -1.605 -1.605 -1.605 -1.605 -1.1822602 -0.77 -0.18853095 -0.11 -0.11 -0.11 0.055 0.055 0.055 0.055 0.56 0.56 0.56 1.0948313 1.095 1.1845955 1.185 1.185 0.080002173 0.08 0.3 0.3 0.3 
-0.345 -0.845 -0.845 -0.845 -0.845 -0.845 -1.4185004 -2.505 -2.505 -1.455 -1.455 -1.455 -1.455 -1.4548532 -0.835 -0.835 -0.835 -0.81941181 -0.49 -0.49 -1.175 -1.175 -2.075 -2.075 -2.075 -2.075 -1.605 -1.605 -1.605 -1.605 -0.77 -0.77 -0.77 -0.11066787 -0.11 -0.11 0.055 0.055 0.055 0.055 0.56 0.56 0.56 1.095 1.095 1.0949892 0.905 0.905 0.45 0.45 0.3 0.3 0.3 
-0.84030438 -0.845 -0.845 -0.845 -0.845 -0.845 -2.505 -2.505 -2.505 -1.9429961 -1.455 -1.455 -1.455 -1.4549989 -0.835 -0.835 -0.835 -0.49 -0.49 -0.49 -1.1749658 -1.1750055 -2.075 -2.075 -2.075 -2.075 -1.6050334 -1.605 -1.605 -0.77019203 -0.77 -0.77 -0.77 -0.77 -0.11122027 0.145 0.145 0.14344239 0.055 0.055 0.55999955 0.56 1.0794448 1.095 1.095 0.90500007 0.905 0.905 0.45 0.45 0.425 0.425 0.435 
-0.845 -0.845 -0.845 -0.845 -0.845 -0.845 -2.505 -2.505 -2.505 -2.505 -1.5499973 -1.55 -1.55 -1.55 -0.83500156 -1.0240979 -1.13 -1.13 -0.49117984 -0.49 -0.49000013 -2.0749987 -2.075 -2.075 -2.075 -2.075 -2.0746583 -1.605 -1.6049715 -0.77 -0.77 -0.77 -0.77 -0.77 0.145 0.145 0.145 0.145 0.145 0.14499966 0.14 0.14 0.14000017 0.64 0.64 0.64 0.47 0.47 0.33 0.33 0.425 0.42500002 0.435 
-0.845 -0.845 -0.845 -0.845 -0.845 -0.845 -2.505 -2.505 -2.505 -1.55 -1.55 -1.55 -1.55 -1.55 -1.439289 -1.13 -1.13 -1.13 -1.13 -1.13 -1.0994421 -2.075 -2.075 -2.075 -2.075 -2.0517633 -1.3361596 -1.568235 -0.77411778 -0.77 -0.77 -0.77 -0.77 -0.769998 0.145 0.145 0.145 0.145 0.145 0.14267401 0.14 0.14 0.14 0.64 0.64 0.64 0.47 0.47 0.33 0.33 0.69499999 0.44934269 0.435 
-0.845 -0.845 -0.845 -0.845 -0.845 -0.8450005 -2.5049996 -2.505 -2.4653622 -1.55 -1.55 -1.55 -1.55 -1.55 -1.5298542 -1.13 -1.13 -1.13 -1.13 -1.13 -1.13 -1.4474902 -1.335001 -1.335 -1.335 -1.335 -1.335 -1.335 -0.62009297 -0.61000189 -0.61 -0.61 -0.61 -0.60999946 0.145 0.145 0.145 0.145 0.145 0.14 0.14 0.14 0.14 0.14000022 0.63991182 0.585 0.47000001 0.34716249 0.33001314 0.695 0.695 0.6987416 0.875 
-0.845 -0.845 -0.845 -0.845 -0.845 -0.84510604 -2.5049105 -2.5049422 -1.5500012 -1.55 -1.55 -1.55 -1.55 -1.55 -1.5420083 -1.13 -1.13 -1.13 -1.13 -1.13 -1.13 -1.335 -1.335 -1.335 -1.335 -1.335 -1.335 -1.335 -0.61020013 -0.61 -0.61 -0.61 -0.61 -0.61 -0.40313007 0.145 0.145 0.145 0.145 0.14 0.14 0.14 0.14 0.140114 0.585 0.585 0.5834958 0.345 0.345 0.695 0.695 0.875 0.875 
-0.845 -0.845 -0.845 -0.845 -0.84500001 -0.84721384 -2.5030026 -1.6577655 -1.55 -1.55 -1.55 -1.55 -1.55 -1.55 -1.5426472 -1.13 -1.13 -1.13 -1.13 -1.13 -1.1591883 -1.335 -1.335 -1.335 -1.335 -1.335 -1.335 -1.335 -0.61000291 -0.61 -0.61 -0.61 -0.61 -0.61 -0.61 0.21855283 0.33294477 0.39548111 0.40500242 0.16539007 0.14000001 0.14 0.14 0.58496447 0.585 0.58165725 0.02500153 0.345 0.345 0.9449204 0.945 0.945 0.87500003 
-0.845 -0.845 -0.845 -0.845 -0.84500168 -0.85884333 -2.4108036 -1.5502626 -1.55 -1.55 -1.55 -1.55 -1.55 -1.55 -1.5401924 -1.13 -1.13 -1.13 -1.13 -1.13 -1.3349991 -1.335 -1.335 -1.335 -1.335 -1.335 -1.335 -1.335 -0.6100002 -0.61 -0.61 -0.61 -0.61 -0.61 -0.6099998 0.41 0.41 0.41 0.41 0.535 0.535 0.535 0.535 0.025001622 0.025 0.025 0.025 0.025006141 0.58 0.58 0.945 0.945 1.0297228 
-0.845 -0.845 -0.845 -0.84500013 -0.84504635 -0.88963284 -1.6126582 -1.5500125 -1.55 -1.55 -1.55 -1.55 -1.55 -1.55 -1.5357426 -1.1300002 -1.13 -1.13 -1.13 -1.1312338 -1.335 -1.335 -1.335 -1.335 -1.335 -1.335 -1.335 -1.335 -0.61000016 -0.61 -0.61 -0.61 -0.61 -0.61 0.40999906 0.41 0.41 0.41 0.41 0.535 0.535 0.535 0.535 0.39735319 0.025 0.025 0.025 0.57999379 0.58 0.58 1.07 1.07 1.07 
-0.845 -0.845 -0.84500008 -0.84500376 -0.84545204 -0.96905532 -1.553214 -1.5500031 -1.55 -1.55 -1.55 -1.55 -1.55 -1.55 -1.5297149 -1.1300099 -1.13 -1.13 -1.1300002 -1.3308464 -1.335 -1.335 -1.335 -1.335 -1.335 -1.335 -1.335 -1.335 -0.61000068 -0.61 -0.61 -0.61 -0.61 0.26845025 0.41000005 0.41 0.41 0.41 0.41 0.535 0.535 0.535 0.535 0.535 0.025 0.025 0.025 0.57999999 0.58 0.58 1.07 1.07 1.07 
-0.84500001 -0.84500011 -0.84500157 -0.84504428 -0.8474638 -1.2980049 -1.5505203 -1.5500019 -1.55 -1.55 -1.55 -1.55 -1.55 -1.5499992 -1.5225485 -1.1301534 -1.13 -1.13 -1.1310614 -1.3349826 -1.335 -1.335 -1.335 -1.335 -1.335 -1.335 -1.335 -1.3349996 -0.61000454 -0.61 -0.60999915 0.48450539 0.59 0.59 0.59 0.41 0.41 0.41 0.41 0.535 0.535 0.535 0.535 0.535 0.025009041 0.025 0.025000272 0.57999996 0.58 0.58000027 1.07 1.07 1.07 
