interpolatedSpi/06-08|22_1.tif
NCOLS 53
NROWS 52
XLLCORNER -116.03883
YLLCORNER 28.596182
DX 0.49850594
DY 0.49788537
NODATA_VALUE -9999
[rows 0 to 28 of 52, columns 0 to 52 of 53]
-0.33666667 -0.33666667 -0.79268661 -0.87 -0.70333333 -0.38333333 -0.48 -0.55333333 -0.912487 -0.36333333 -0.86 -0.27666667 -0.20334157 -0.30333333 -0.27333333 -0.27333333 -0.27333333 0.54666667 0.35666667 0.35666667 0.35666667 0.35666818 0.51333333 0.02 0.02 0.02 -0.80666171 -0.80666667 -0.80666667 -0.72333333 -0.72333333 -0.72333333 -0.72333333 -1.0633333 -1.0633333 -1.0633333 -1.0633333 -1.0633333 -1.0633333 -1.0633333 0.18653798 0.1999192 -0.11666667 -0.11666667 -0.11666667 -0.11666667 -0.11683545 -0.22 -0.22 -0.22 -0.42333291 -0.42333333 -0.42333333
-0.33668044 -0.64666667 -0.49666633 -0.38439843 -0.11684483 -0.43333333 -0.6 -0.22045294 -0.13666667 -0.38 -0.14 -0.20333333 -0.20333333 0.2614438 -0.30332622 -0.27333333 0.54666667 0.54666667 0.3569144 0.35666667 0.35666667 0.35666667 -0.0014057508 0.02 0.02 0.02 -0.97999993 -0.98 -0.72333333 -0.72333333 -0.72333333 -0.72333333 -0.72333333 -1.0633333 -1.0633333 -1.0633333 -1.0633333 -1.0633333 -1.0633333 -0.83165789 0.34991451 -0.060040724 -0.11666667 -0.11666667 -0.11666667 -0.11666667 -0.11666667 -0.22 -0.22 -0.22 -0.23686059 -0.42333333 -0.42333333
-0.073318629 -0.073333333 -0.20333333 -0.10333333 -0.10333333 -0.34 -0.29333333 0.12 -0.47333333 0.14333333 -0.16666667 -0.16 -0.47333333 0.28333333 0.26333333 0.25 0.54666667 0.54666667 0.54666667 0.33000775 0.33 0.33 -0.38666667 0.02 0.02 0.02 -0.98 -0.98 -0.98 -0.72333333 -0.72333333 -0.72333334 -0.82924135 -1.0612221 -1.0539944 -0.069194016 -0.06 -0.06 -0.0084328055 0.35 0.35 0.34940325 -0.11666667 -0.11666667 -0.11666667 -0.11666667 -0.11666667 -0.22 -0.22 -0.22 -0.22 -0.42333333 -0.42333333
-0.18 -0.07333325 0.33992392 0.60333333 -0.27666667 -0.07 -0.17666667 -0.10333333 0.066666667 -0.041745045 0.10333333 0.47666667 0.27333333 0.28333333 0.15333333 0.25 -0.57695754 -0.58254159 -0.78666667 0.33 0.33 -0.56666667 -0.38666667 -0.38666667 0.02 0.019995006 -0.98 -0.98 -0.98 -1.1 -1.0140405 -0.94333333 -0.94333333 -0.94333263 -0.06 -0.06 -0.06 -0.06 0.35 0.35 0.35 0.34999998 -0.11666667 -0.11666667 -0.11666667 -0.11666667 -0.11666667 -0.2199987 -0.22 -0.22 -0.22 -0.42330481 -0.42333333
-0.18 0.73333261 0.34 0.66758693 -0.27666667 -0.48333333 -0.39331978 0.72333333 -0.033333333 0.7133329 0.51272656 0.41997422 0.24 0.15333333 0.15333333 0.20492006 -0.58333333 -0.58333333 -0.78666667 -0.78666667 0.32999817 -0.56666667 0.68 -0.066666667 -0.95666667 -0.95631587 -0.98 -0.98 -1.1 -1.1 -0.94333333 -0.94333333 -0.94333333 -0.76733156 -0.06 -0.06 -0.06 0.35 0.35 0.35 0.35 0.34997426 -0.11666666 -0.11666667 -0.11666667 -0.11666667 -0.11666667 -0.11758646 -0.22 -0.21996996 0.45 0.45 0.45
-1.1266667 0.093333333 0.12999999 0.096666667 0.23 -0.23333333 -0.28333333 -0.15445117 -0.063333333 -0.45666667 -1.0566667 -0.013333333 -0.013333166 -0.0066666667 -0.0066666667 -0.070082893 -0.07 -0.50333333 -0.50333333 -0.78666619 -0.91 -0.91 -0.066666667 -0.95666667 -0.95666667 0.54333333 0.07 0.07 0.10988964 -1.1 -0.94333333 -0.94333333 -0.01 -0.0099536773 0.43330166 0.71 0.71 0.46137422 0.35 0.35 0.083665924 0.083333336 0.083335686 -0.36880246 -0.37330497 -0.37333326 -0.37333332 -0.37333323 0.21460827 0.45 0.45 0.45 0.45
-1.2033275 0.26 0.16000162 0.036666666 0.063333333 -0.29666667 0.36 0.78666667 0.64666667 0.64666667 -1.0566667 -0.08 -0.79666646 -0.0066666667 -0.41333212 -0.41333333 -0.07 -0.34 -0.24 -0.24 -0.76076612 -0.59333333 -0.59333333 0.31666665 0.54333333 0.54333333 0.07 0.07 0.10997863 0.1096066 0.27169895 -0.01 -0.01 0.43333333 0.43333333 0.7208928 0.71 0.71 0.55667198 0.083333992 0.083333333 0.083333333 0.083346081 -0.37333049 -0.37333333 -0.37333333 -0.37333333 -0.373333 0.19 0.44994848 0.45 0.45 0.45
-1.2033333 -0.08 0.42 -0.076666667 0.21664985 -0.03 0.45 1.18 0.46666667 0.34333333 0.34333333 -0.043333333 -0.79666667 -0.79666667 -0.41596336 -0.57423373 -0.59 -0.1 -0.3733332 -0.24 -0.065783059 -0.023333333 -0.73666667 0.30333333 0.30332826 -0.09 0.0099999996 0.010000021 -0.25538182 -0.25666665 0.27333333 0.21256176 0.52 0.43333333 0.43704109 0.73 0.73 0.55666667 0.55666667 0.083333333 0.083333333 0.083333354 0.1382457 0.13666664 -0.37333333 -0.37333333 -0.37333333 0.18997856 0.19 0.19 0.45 0.45 0.45
-0.17102932 -0.079999997 0.52 0.53333333 0.16666667 0.46 0.65 0.97 0.90333333 0.45145202 -0.16333333 -0.17666667 -0.17666667 0.38 0.37999455 -1.0753103 -1.0766667 -1.0766667 -0.14172476 -0.71333329 -0.52333333 -0.52333333 0.17666667 -0.37673701 -0.050362385 -0.09 -0.09 0.01 0.12930268 0.13 0.12666667 0.62666667 0.32111731 0.22 0.56333333 0.55 0.82 0.01 0.95622953 0.087722711 1.0666667 0.39333334 0.13673341 0.13666667 0.13379611 -0.37333333 0.51999995 0.19 0.19 0.19 0.19 0.31760709 0.12333333
-0.68 -0.68 0.38333333 0.48333333 0.54 0.96333333 0.64 0.64333333 0.46666667 0.33669713 0.15666667 0.68666667 0.38 0.38 -0.2 -0.21202388 -1.0766667 -1.076466 -0.18 -0.71333333 -0.71333333 -0.68885496 0.17666667 0.40666231 0.40666667 0.40666667 -0.09 0.41 0.41 0.13 0.13 0.62551605 0.02 0.22 0.2 0.55 0.82 0.82333333 0.95666667 -0.023847106 0.39333336 0.44965871 0.54666667 0.13666667 0.13666667 0.52 0.52 0.52 0.19 0.19 -0.61333333 -0.61333333 -0.61333306
-0.68 -0.68 -0.083333333 -0.15666667 0.023333333 0.41333333 0.27 0.247231 0.98 0.42666667 0.6 0.24333333 0.68607601 -0.2 -0.2 -0.20001538 -0.33333333 -0.32528568 -0.18 -0.66333333 -0.66333333 -0.75 -0.75 0.40666667 0.40666667 0.40666667 0.41 0.41 0.41 -0.77666667 -0.77666667 -0.77666535 -0.16666667 -0.16666667 -0.19333333 -0.37 0.40666667 0.20333657 0.15666667 -0.04 -0.04 -0.21333084 0.54666667 0.13666667 0.31666622 -0.23666667 0.24120589 0.24 -0.21666667 -0.21666667 -0.61333333 -0.61333333 -0.61333333
-0.68 -0.42235071 -0.11462728 -0.046666292 0.32666667 0.64 0.27 0.24666667 0.97999388 0.43279693 0.24333357 0.24333333 0.11666667 -0.2 -0.2 -0.33333333 -0.33333333 -0.33332461 -0.18 -0.66333333 -0.6803529 -0.75 -0.75 0.4066206 0.40666667 0.17546724 -0.29666667 -0.29666667 -0.29666658 -0.77666667 -0.77666667 -0.39666667 -0.39666667 -0.16666674 -0.19333333 -0.18333328 0.4349954 0.20333333 0.20333333 -0.040000006 -0.21333333 -0.21333333 -0.21332938 0.31666667 0.31666667 -0.23666667 0.24 0.24 -0.21666667 -0.21666667 -0.61333333 -0.61333333 -0.61333333
0.35333333 0.12467901 0.14332228 0.14196138 0.32666805 0.6399926 0.27000001 0.2469539 0.92946583 0.96555099 0.11666667 0.11666667 0.11666667 0.11666667 -0.19995514 -0.33333333 -0.33333333 -0.33135356 -0.18 -0.66320396 -0.22666667 -0.22666667 -0.22666667 -0.22666667 0.39536009 -0.29666667 -0.29666667 -0.29666667 -0.29666667 -0.2970324 -0.39666667 -0.39666667 -0.39666667 -0.39666667 -0.18333333 -0.18333333 -0.18333333 0.18513283 0.19935275 -0.32666667 -0.32666667 -0.21333943 -0.15665046 0.31662108 0.31666667 -0.23666667 0.24 0.24 -0.21666666 -0.21666667 -0.61189427 -0.61333333 -0.64403919
0.35333333 0.14333333 0.14333333 0.14333333 0.14333333 0.14333354 0.27094709 0.25905471 0.79464529 0.1175826 0.11666667 0.11666667 0.11666667 0.11666667 0.11666677 -0.33333333 -0.33333331 -0.32281571 -0.18000229 -0.22666667 -0.22666667 -0.22666667 -0.22666667 -0.22666667 -0.22255983 -0.45384572 -0.6066666 -0.60666667 -0.60666667 -0.60666667 -0.39666667 -0.39666667 -0.39666702 -0.69333333 -0.69333333 -0.18333333 -0.47823149 -0.48666667 -0.32666676 -0.32666667 -0.32666667 -0.32666667 -0.15666667 -0.15666667 -0.15666667 -0.15722339 0.087565308 0.086666667 0.086666667 0.086666667 0.086666661 0.13333318 0.13333333
0.13333333 0.14333333 0.14333333 0.14333333 0.14333333 0.14333333 0.14333334 0.066202625 0.27209238 0.27 0.27 0.27 0.27 0.27 0.27 0.24380088 -0.32416828 -0.31233676 -0.22666085 -0.22666667 -0.22666667 -0.22666667 -0.22666667 -0.22666619 -0.036666667 -0.036666667 -0.036667468 -0.60666667 -0.60666667 -0.60630623 -0.42666667 -0.42666667 -0.69333333 -0.69333333 -0.69333333 -0.51977238 -0.48666667 -0.48666667 -0.48666667 -0.32666667 -0.32666667 -0.32666667 -0.15666667 -0.15666667 -0.15666667 -0.15666667 0.086666655 0.086666667 0.086666667 0.086666667 0.086666667 0.13333333 0.13333333
0.13333333 0.13705622 0.14333333 0.14333333 0.14333333 0.14333333 -0.43322015 -0.43333333 -0.43333332 0.27 0.27 0.27 0.27 0.27 0.26411715 0.24333333 0.24333333 0.24333333 0.18208503 0.18333291 0.18333333 0.18333333 0.18333333 0.18333333 -0.036666667 -0.036666667 -0.036666667 -0.036666667 -0.60666667 -0.42666667 -0.42666667 -0.42666667 -0.69333331 -0.69333333 -0.69333333 -0.41 -0.48656516 -0.48666667 -0.48666667 -0.32673663 -0.46627966 -0.79193857 -0.15666667 -0.15666667 -0.62521622 -0.62666667 -0.62666667 0.085470247 -0.63746063 -0.63999994 -0.63999986 -0.41325064 0.13333222
0.13333333 -0.34026276 -0.10800286 0.14333333 0.14333333 -0.43299261 -0.43333333 -0.43333333 -0.43333333 -0.42826491 0.27 0.27 0.27 0.27 0.24333333 0.24333333 0.24333333 0.24333333 0.18338693 0.18333333 0.18333333 0.18333333 0.18333333 0.18333333 -0.036666662 -0.036666667 -0.036666667 -0.036666667 -0.038085232 -0.42666667 -0.42666667 -0.42666667 -0.016666677 -0.69328818 -0.41 -0.41 -0.41 -0.41084847 -0.77390982 -0.79333333 -0.79333333 -0.79333333 -0.82333333 -0.82333333 -0.62666667 -0.62666667 -0.62666667 -0.64 -0.64 -0.64 -0.64 -0.41333333 -0.41333333
-0.35299515 -0.35333333 -0.35333333 -0.35333333 -0.41333333 -0.43333282 -0.43333333 -0.43333333 -0.43333333 -0.43333333 0.26772849 0.26999961 0.27 0.24333333 0.24333333 0.24333333 0.24333333 0.24333333 0.20874884 0.18333333 0.18333333 0.18333333 0.18333333 0.18333333 -0.048019204 -0.25333216 -0.25333333 -0.25333333 -0.25333333 -0.42666665 -0.016666674 -0.016666667 -0.016666667 -0.016666667 -0.41 -0.41000202 -0.48666667 -0.48666667 -0.78950414 -0.79333333 -0.79333333 -0.79333333 -0.82333333 -0.82333333 -0.65711744 -0.62666667 -0.62666667 -0.64 -0.64 -0.64 -0.63756954 -0.41333333 -0.41333333
-0.35333333 -0.35333333 -0.35333333 -0.38158823 -0.41333333 -0.41333333 -0.43333333 -0.43333333 -0.43333333 -0.43333333 0.24 0.24 0.24 0.24333333 0.24333333 0.24333333 0.24333333 0.24325897 -0.23 -0.23 0.18333317 0.18333333 0.17245888 -0.26333333 -0.26324331 -0.25333333 -0.25333333 -0.25333333 -0.25333333 -0.016690765 -0.016666667 -0.016666667 -0.016666667 -0.016666667 -0.4866664 -0.48666667 -0.48666667 -0.48666667 -0.48774352 -0.79333333 -0.79333333 -0.79333333 -0.82333333 -0.82333333 -0.82333333 -0.62666667 -0.62666667 -0.63999999 -0.64 -0.64 -0.41333333 -0.41333333 -0.41333333
-0.35333333 -0.35333333 -0.35333333 -0.41333333 -0.41333333 -0.41333333 -0.41333336 -0.43333333 -0.43333333 0.23930493 0.24 0.24 0.24 0.24000207 -0.12090675 -0.20666667 -0.20666667 -0.20666667 -0.23 -0.23 -0.23 -0.26333333 -0.26333333 -0.26333333 -0.26329505 -0.18689359 -0.25333333 -0.25333333 -0.25333333 0.12427222 0.16331563 0.16333333 0.16333333 0.16333333 -0.47335368 -0.45666673 -0.45666667 -0.45666667 -0.45666667 -0.82999498 -0.83 -0.83 -0.82333333 -0.82333333 -0.40333509 -0.4033331 0.26 0.26 -0.17333333 -0.17333333 -0.17333333 -0.41333333 0.33932643
-0.3533335 -0.35333333 -0.35333334 -0.41333333 -0.41333333 -0.41333333 -0.41333333 -0.25000005 -0.4326003 0.23950127 0.24 0.24 0.24 0.23912352 -0.20666667 -0.20666667 -0.20666667 -0.20666667 -0.23 -0.23 -0.23 -0.26333333 -0.26333333 -0.26333333 -0.12666667 -0.12666667 0.059999997 0.06 0.06 0.060563716 0.16333333 0.16333333 0.16333333 0.16333333 -0.14649647 -0.45666667 -0.45666667 -0.45666667 -0.45666667 -0.83 -0.83 -0.83 -0.81657543 -0.40333333 -0.40333333 -0.40333333 0.26 0.26 -0.17333333 -0.17333333 -0.17333333 0.33999998 0.34
-0.40666667 -0.377455 -0.096666667 -0.096758537 -0.41333333 -0.25094504 -0.25 -0.25 -0.46012501 -0.31000001 -0.31 -0.31 -0.31 -0.26333485 -0.26333333 -0.20666671 -0.20666667 -0.20728147 -0.23 -0.23 -0.23 -0.14 -0.14 -0.14 -0.12666667 -0.12666667 0.06 0.06 0.06 0.059999821 -0.18666444 -0.18666568 0.15453661 0.16295811 -0.65906085 -0.66 -0.66 -0.66 -0.66 -0.83 -0.83 -0.83 -0.42682669 -0.40333333 -0.40333333 -0.40333327 0.26 0.26 0.2599844 -0.17333333 -0.17330859 0.38 0.34
-0.48331877 -0.48333327 -0.096666667 -0.096666667 -0.096666667 -0.25 -0.25 -0.25 -0.82666667 -0.82666667 -0.31 -0.31 -0.31 -0.26333333 -0.26333333 -0.26333333 -0.26333333 -0.26332942 -0.23 -0.23 -0.23 -0.14 -0.14 -0.14 -0.12666667 -0.12666667 0.06 0.06 0.06 -0.18388548 -0.18666667 -0.18666667 -0.18666667 -0.18666667 -0.65976644 -0.66 -0.66 -0.66 -0.66 -0.46333343 -0.46333333 -0.46333333 -0.46333333 -0.4033306 -0.046666667 -0.046666667 -0.046666667 0.37333333 0.37333333 0.37333333 0.38 0.38 0.38
-0.48333333 -0.48333333 -0.096666667 -0.096666667 -0.096666667 -0.24919405 -0.25 -0.82666667 -0.82666667 -0.82666667 -0.3100636 -0.31 -0.089376325 -0.26333328 -0.26333333 -0.26333333 -0.26333333 -0.063333334 -0.063333333 -0.063333333 -0.55999999 -0.55999969 -0.14000205 -0.14 -0.14046263 -0.92666667 -0.92666667 -0.92666431 0.059840548 -0.98317457 -0.98332909 -0.98319425 -0.18802825 -0.18735418 -0.57621468 -0.66000017 -0.66146337 -1.0966667 -1.0966667 -0.46333333 -0.46333333 -0.46333333 -0.46333333 -0.046666667 -0.046666667 -0.046666667 -0.046666667 0.37333333 0.37333333 0.37333333 0.38 0.38 0.38
-0.48333333 -0.48333333 -0.096666667 -0.096666667 -0.096666667 -0.096666667 -0.46582949 -0.82666667 -0.82666667 -0.82666667 -0.82623213 -0.04 -0.04 -0.04 -0.26201718 -0.26333333 -0.064666084 -0.063333333 -0.063333333 -0.063333333 -0.56 -0.56 -0.56 -0.56 -0.92666667 -0.92666667 -0.92666667 -0.92666667 -0.92666667 -0.98333333 -0.98333333 -0.98333333 -0.98333333 -0.983333 -0.82666667 -1.0966667 -1.0966667 -1.0966667 -1.0966667 -1.0966646 -0.55 -0.55 -0.55 -0.45020511 -0.24333333 -0.24333333 -0.24333333 0.37333332 0.37333302 0.053333333 0.053333333 0.36000487 0.36
-0.48333333 -0.48333333 -0.23622618 -0.096666667 -0.096666667 -0.096666663 0.065081425 -0.82385137 -0.82666667 -0.82666667 -0.039999946 -0.04 -0.04 -0.04 -0.04 -0.058309385 -0.063333333 -0.063333333 -0.063333333 -0.063333333 -0.55999616 -0.56 -0.56 -0.56 -0.92666667 -0.92666667 -0.92666667 -0.92666667 -0.92666667 -1.1064927 -0.98333333 -0.98333333 -0.98333333 -0.82666667 -0.82666667 -0.82687633 -1.0966667 -1.0966667 -0.89031454 -0.73000003 -0.55 -0.55 -0.55 -0.45296241 -0.24333333 -0.24333333 -0.24333333 -0.92 0.041205695 0.053333333 0.053333333 0.36 0.36
-0.21666667 -0.21666667 -0.21666667 -0.12675397 -0.096537547 0.066666667 0.066666667 0.066666667 0.066666667 0.21666667 0.21666667 -0.039999982 -0.04 -0.04 -0.04 -0.040001479 -0.063333333 -0.063333333 -0.063333333 -0.063333333 -0.34327078 -0.56 -0.56 -0.54918289 -0.18139919 -0.92666667 -0.92666667 -0.92666667 -1.15 -1.15 -1.15 -1.1499993 -0.82666667 -0.82666667 -0.82666667 -0.82666667 -0.73 -0.73 -0.73 -0.73 -0.58333333 -0.58333333 -0.58333333 -0.66333172 -0.66333333 -0.66333333 -0.6633332 -0.92 -0.92 0.05214738 0.053333333 0.35999618 0.36
-0.21666667 -0.21666667 -0.21666667 -0.21665554 -0.01 0.001148593 0.066666667 0.066666667 0.066666667 0.21666667 0.21666667 0.21666667 -0.049999998 -0.05 -0.05 -0.049999987 -0.062246452 -0.063333333 -0.063333333 -0.063333333 -0.070842001 -0.1466678 -0.14666667 -0.14666667 -0.14666667 -0.14666668 -0.49333334 -0.49333333 -1.15 -1.15 -1.15 -1.15 -0.82666663 -0.82666667 -0.82666667 -0.82666259 -0.73 -0.73 -0.73 -0.72951745 -0.58333333 -0.58333333 -0.58333333 -0.66332962 -0.66333333 -0.66333333 -0.66333333 -0.92 -0.92 -0.91999993 -0.39666667 -0.39666667 -0.1
-0.21666667 -0.21666667 -0.21666667 -0.010000476 -0.01 -0.01 0.066666638 0.066666667 0.066666667 0.21666667 0.21666667 0.21666667 -0.05 -0.05 -0.05 -0.005827461 0.53 0.53 0.52999847 -0.059982032 -0.14666667 -0.14666667 -0.14666667 -0.14666667 -0.14666667 -0.14692755 -0.49333333 -0.49333333 -0.49333333 -1.15 -1.15 -1.1498562 -0.77666667 -0.77666667 -0.77666667 -0.64333333 -0.64333333 -0.62 -0.62 -0.62 -0.31666667 -0.58324969 -0.58333065 -0.22333333 -0.22333333 -0.24000883 -0.66333261 -0.92 -0.92 -0.39666667 -0.39666667 -0.39666667 -0.1
