interpolatedSpi/06-07|20_3.tif
NCOLS 53
NROWS 52
XLLCORNER -116.03883
YLLCORNER 28.596182
DX 0.49850594
DY 0.49788537
NODATA_VALUE -9999
[rows 0 to 31 of 52, columns 0 to 52 of 53]
1.6266667 1.6266667 0.77564958 0.20666667 0.73333333 0.81666667 1.6 1.25 0.47898108 0.28 0.3 0.29 -0.026582401 0.99666667 0.49333333 0.49333333 0.49333333 0.84666667 0.91666667 0.91666667 0.91666667 0.91667065 1.33 0.23666667 0.23666667 0.23666667 1.4000005 1.4 1.4 0.62 0.62 0.62 0.62 1.4499998 1.45 1.45 1.45 1.45 1.45 1.45 1.9017989 1.9064085 0.89333333 0.89333333 0.89333333 0.89333333 0.89344222 0.96 0.96 0.96 1.4133324 1.4133333 1.4133333
1.626624 0.66666667 1.1966676 1.2372971 1.2366061 1.64 1.2666667 1.1974194 0.67666667 0.39 0.023333333 -0.026666667 -0.026666667 0.82723353 0.99666017 0.49333333 0.84666667 0.84666667 0.9165754 0.91666667 0.91666667 0.91666667 0.22298102 0.23666667 0.23666667 0.23666667 0.13666667 0.13666667 0.62 0.62 0.62 0.62 0.62 1.4499999 1.45 1.45 1.45 1.45 1.4499999 1.2308463 0.15671741 0.80394471 0.89333333 0.89333333 0.89333333 0.89333333 0.89333333 0.96 0.96 0.96 0.99759083 1.4133333 1.4133333
2.2366274 2.2366667 2.0433333 2.1133333 1.5966667 1.3333333 1.12 0.70666667 0.64333333 0.34666667 0.42 -0.64 -0.35333333 -0.03 0.82666667 1.2866667 0.84666667 0.84666667 0.84666667 0.94665795 0.94666667 0.94666667 -0.023333333 0.23666667 0.23666667 0.23666667 0.13666667 0.13666667 0.13666667 0.62 0.62 0.61999995 0.10490193 1.4456588 1.4373413 0.10246232 0.09 0.09 0.09838491 0.15666667 0.15666667 0.15760868 0.89333333 0.89333333 0.89333333 0.89333333 0.89333333 0.96 0.96 0.96 0.96 1.4133333 1.4133333
1.36 2.2366665 1.3233507 1.44 0.65333333 1.2966667 2.1166667 0.19 0.91333333 0.34428126 0.22666667 0.13 -0.08 -0.03 0.84666667 1.2866667 0.046230355 0.0372342 0.43333333 0.94666667 0.94666667 -0.52333333 -0.023333333 -0.023333333 0.23666667 0.23666617 0.13666667 0.13666667 0.13666667 -0.86 -0.63504213 -0.45 -0.45 -0.44999957 0.09 0.09 0.09 0.09 0.15666667 0.15666667 0.15666667 0.15666669 0.89333333 0.89333333 0.89333333 0.89333333 0.89333333 0.95999916 0.96 0.96 0.96 1.4132598 1.4133333
1.36 0.71333445 1.3233333 1.4849627 0.65333333 1.6033333 0.88671082 1.06 0.55333333 0.6233335 0.27970831 0.11677171 0.85 0.84666667 0.84666667 1.1214307 0.036666667 0.036666667 0.43333333 0.43333333 0.94666366 -0.52333333 -0.36666667 0.023333333 -0.25 -0.25008565 0.13666667 0.13666667 -0.86 -0.86 -0.45 -0.45 -0.45 -0.39845656 0.09 0.09 0.09 0.15666667 0.15666667 0.15666667 0.15666667 0.15665444 0.89333332 0.89333333 0.89333333 0.89333333 0.89333333 0.89392675 0.96 0.95991944 -0.83666667 -0.83666667 -0.83666667
-0.62 0.97 1.11 1.0033333 1.4233333 1.63 1.3633333 1.324498 1.3666667 0.87333333 1.03 0.27 0.27000038 0.096666667 0.096666667 0.056665862 0.056666667 -0.073333333 -0.073333332 0.43333255 -1.18 -1.18 0.023333333 -0.25 -0.25 -0.61666667 -1.37 -1.37 -0.12006714 -0.86 -0.45 -0.45 -0.17666667 -0.17662383 0.23330376 -0.40333333 -0.40333333 -0.016582117 0.15666667 0.15666667 0.030157981 0.03 0.029999595 -0.39354158 -0.41652188 -0.41666632 -0.41666662 -0.41666619 -1.7988844 -0.83666667 -0.83666667 -0.83666667 -0.83666667
-0.12666735 0.52666667 0.20927863 1.05 2.0433333 1.1633333 0.97333333 1.3233333 1.37 1.37 1.03 0.73 -0.41666666 0.096666667 0.053333463 0.053333333 0.056666667 -0.22 -0.45666667 -0.45666667 -1.0480458 -0.9 -0.9 -1.4066667 -0.61666667 -0.61666667 -1.37 -1.37 -0.11999747 -0.11995351 0.61452607 -0.17666667 -0.17666667 0.23333333 0.23333333 -0.91711044 -0.40333333 -0.40333333 -1.3666333 0.029998056 0.03 0.03 0.029997562 -0.41666475 -0.41666667 -0.41666667 -0.41666667 -0.41666765 -2.06 -0.8369091 -0.83666667 -0.83666667 -0.83666667
-0.12666667 -0.47666667 0.45666667 -0.15333333 -0.61997325 0.30333333 0.46666667 0.60666668 0.64333333 0.68666667 0.68666667 -0.47 -0.41666667 -0.41666667 0.050108698 -0.14399734 -0.16333333 -0.01 -0.56666655 -0.45666667 -1.4124519 -1.4 -1.5566667 -1.2766667 -1.2766643 -1.09 -1.8766667 -1.8766665 -0.076818513 -0.076666653 0.61666667 0.66083595 0.64 0.23333333 0.20680861 -1.3466667 -1.3466667 -1.3666667 -1.3666667 0.03 0.03 0.029999997 -0.074653839 -0.073333351 -0.41666667 -0.41666667 -0.41666667 -2.0599374 -2.06 -2.06 -0.83666667 -0.83666667 -0.83666667
-0.42862341 -0.47666666 -0.036666667 -0.05 0.48666667 0.19666667 0.52666667 1.64 1.3 1.0714012 -0.09 0.013333334 0.013333333 -0.84666667 -0.84665855 -0.3926923 -0.39333333 -0.39333333 -0.094976026 -1.57 -1.5466667 -1.5466667 -1.3933333 -1.4922997 -1.1088111 -1.09 -1.4333333 -1.8766667 -0.84271011 -0.83666667 0.66666667 1.5166667 0.97943435 -0.87333333 -0.69666667 -1.0233333 -0.93666667 -0.87333333 -1.0632456 0.029270917 -0.13333333 -0.30333333 -0.073309466 -0.073333333 -0.075265799 -0.41666667 -1.5166666 -2.06 -2.06 -2.06 -2.06 -1.0026766 -1.0566667
-0.16 -0.16 0.023333333 -0.22333333 0.51333333 0.97 0.54 1.1733333 1.55 1.0133621 0.40666667 -0.13333333 -0.84666667 -0.84666667 0.016666667 0.011043331 -0.39333333 -0.39341393 -0.80666667 -1.57 -1.57 -1.5669938 -1.3933333 -1.2366696 -1.2366667 -1.2366667 -1.4333333 -0.25333333 -0.25333333 -0.83666667 -0.83666667 1.5146436 0.45 -0.87333333 -0.25333333 -1.0233333 -0.93666667 -1.2166667 -1.0633333 0.73700785 -0.30333333 -0.16496883 0.073333333 -0.073333333 -0.073333333 -1.5166667 -1.5166667 -1.5166667 -2.06 -2.06 -2.17 -2.17 -2.1699996
-0.16 -0.16 -0.50666667 -0.65333333 -0.24 0.22 0.076666678 0.72677053 0.83333333 0.71333333 0.42666667 -0.25 -0.13348971 0.016666667 0.016666667 0.016640134 -0.21333333 -0.24447425 -0.80666667 -0.20333333 -0.20333333 -0.59 -0.59 -1.2366667 -1.2366667 -1.2366667 -0.25333333 -0.25333333 -0.25333333 -1.1166667 -1.1166667 -1.1166641 -0.23 -0.23 -0.33666667 -0.93666667 -0.50666667 -0.54333679 -1.54 0.76666667 0.76666667 0.35666574 0.073333333 -0.073333333 -1.2399999 -1.46 -1.1847689 -1.1833333 -1.9133333 -1.9133333 -2.17 -2.17 -2.17
-0.16 -0.30975409 -0.56925456 -0.88665373 -0.35333333 -0.42666667 0.076666667 0.72666667 0.83333244 0.71466279 -0.24999875 -0.25 -0.0033333333 0.016666667 0.016666667 -0.21333333 -0.21333333 -0.2133671 -0.80666667 -0.20333333 -0.2792668 -0.59 -0.59 -1.2366403 -1.2366667 -1.1643484 -1.0166667 -1.0166667 -1.0166666 -1.1166667 -1.1166667 -1.02 -1.02 -0.23000029 -0.33666667 -0.3200001 -0.57775674 -0.54333333 -0.54333333 0.76666665 0.35666667 0.35666667 0.35665507 -1.24 -1.24 -1.46 -1.1833333 -1.1833333 -1.9133333 -1.9133333 -2.17 -2.17 -2.17
0.37333333 0.68902196 0.79327953 0.78116626 -0.35333365 -0.42666493 0.076666653 0.71866555 0.82598291 0.83019981 -0.0033333333 -0.0033333333 -0.0033333333 -0.0033333333 0.016663833 -0.21333333 -0.21333333 -0.22099421 -0.80666667 -0.2033632 -0.29333333 -0.29333333 -0.29333333 -0.29333333 -1.220526 -1.0166667 -1.0166667 -1.0166667 -1.0166667 -1.0167969 -1.02 -1.02 -1.02 -1.02 -0.32 -0.32 -0.32 -0.53303935 -0.54168101 -0.32333333 -0.32333333 0.35663009 -1.2000014 -1.2399961 -1.24 -1.46 -1.1833333 -1.1833333 -1.9133333 -1.9133333 -2.1690688 -2.17 -1.5819731
0.37333333 0.79333333 0.79333333 0.79333333 0.79333333 0.79333282 0.075378276 0.38423631 0.80637263 -0.0024352447 -0.0033333333 -0.0033333333 -0.0033333333 -0.0033333333 -0.0033331274 -0.21333333 -0.21333343 -0.25403195 -0.80665674 -0.29333333 -0.29333333 -0.29333333 -0.29333333 -0.29333333 -0.31509709 -1.1963572 -1.2766666 -1.2766667 -1.2766667 -1.2766667 -1.02 -1.02 -1.0200003 -1.27 -1.27 -0.32 -0.3783315 -0.38 -0.32333337 -0.32333333 -0.32333333 -0.32333333 -1.2 -1.2 -1.2 -1.2018094 -1.8390966 -1.8433333 -1.8433333 -1.8433333 -1.8433333 -0.19333374 -0.19333333
0.37666667 0.79333333 0.79333333 0.79333333 0.79333333 0.79333333 0.79333328 0.018468307 0.2824128 0.28 0.28 0.28 0.28 0.28 0.28 -0.52017982 -0.21851724 -0.29458055 -0.29339768 -0.29333333 -0.29333333 -0.29333333 -0.29333333 -0.29333376 -1.3 -1.3 -1.3 -1.2766667 -1.2766667 -1.2770405 -1.4633333 -1.4633333 -1.27 -1.27 -1.27 -0.5225683 -0.38 -0.38 -0.38 -0.32333333 -0.32333333 -0.32333333 -1.2 -1.2 -1.2 -1.2 -1.8433333 -1.8433333 -1.8433333 -1.8433333 -1.8433333 -0.19333333 -0.19333333
0.37666667 0.53178693 0.79333333 0.79333333 0.79333333 0.79333333 -0.5097442 -0.51 -0.50999998 0.28 0.28 0.28 0.28 0.28 0.09983762 -0.53666667 -0.53666667 -0.53666667 -0.65888335 -0.65999963 -0.66 -0.66 -0.66 -0.66 -1.3 -1.3 -1.3 -1.3 -1.2766667 -1.4633333 -1.4633333 -1.4633333 -1.27 -1.27 -1.27 -0.34 -0.37994704 -0.38 -0.38 -0.32343221 -0.520786 -0.98136074 -1.2 -1.2 -0.99729417 -0.99666667 -0.99666667 -1.8404128 -0.072875312 -0.066666821 -0.066667003 0.20327323 -0.19333253
0.37666667 0.34747268 0.56729944 0.79333333 0.79333333 -0.50922993 -0.51 -0.51 -0.51 -0.50430703 0.28 0.28 0.28 0.2799999 -0.53666667 -0.53666667 -0.53666667 -0.53666667 -0.65988983 -0.66 -0.66 -0.66 -0.66 -0.66 -1.3 -1.3 -1.3 -1.3 -1.3005941 -1.4633333 -1.4633333 -1.4633333 -0.68333335 -1.2698912 -0.34 -0.34 -0.34 -0.34058925 -0.94512011 -0.98333333 -0.98333333 -0.98333333 -1.0433333 -1.0433333 -0.99666667 -0.99666667 -0.99666667 -0.066666678 -0.066666667 -0.066666667 -0.066666667 0.20333333 0.20333333
0.34692444 0.34666667 0.34666667 0.34666666 -0.19333333 -0.50999183 -0.51 -0.51 -0.51 -0.51 0.2646057 0.27999735 0.27999999 -0.53666667 -0.53666667 -0.53666667 -0.53666667 -0.53666667 -0.61304107 -0.66 -0.66 -0.66 -0.66 -0.66 -0.83165228 -0.62000368 -0.62 -0.62 -0.62 -1.4633333 -0.68333335 -0.68333333 -0.68333333 -0.68333333 -0.34 -0.3400014 -0.39333333 -0.39333333 -0.9759663 -0.98333333 -0.98333333 -0.98333333 -1.0433333 -1.0433333 -1.0038923 -0.99666667 -0.99666667 -0.066666667 -0.066666667 -0.066666667 -0.063771565 0.20333333 0.20333333
0.34666667 0.34666667 0.34666667 0.092372611 -0.19333333 -0.19333333 -0.51 -0.51 -0.51 -0.51 0.076666667 0.076666667 0.076666667 -0.53666667 -0.53666667 -0.53666667 -0.53666667 -0.5367504 -1.5933333 -1.5933333 -0.66000038 -0.66 -0.66835872 -1.0033333 -0.99988235 -0.62 -0.62 -0.62 -0.62 -0.68332689 -0.68333333 -0.68333333 -0.68333333 -0.68333333 -0.39333315 -0.39333333 -0.39333333 -0.39333333 -0.39540114 -0.98333333 -0.98333333 -0.98333333 -1.0433333 -1.0433333 -1.0433333 -0.99666667 -0.99666667 -0.066666671 -0.066666667 -0.066666665 0.20333333 0.20333333 0.20333333
0.34666667 0.34666667 0.34666667 -0.19333333 -0.19333333 -0.19333333 -0.19333382 -0.51 -0.51 0.076061058 0.076666667 0.076666667 0.076666667 0.076284524 -0.94677402 -1.0433333 -1.0433333 -1.0433333 -1.5933333 -1.5933333 -1.5933333 -1.0033333 -1.0033333 -1.0033333 -1.00331 -0.77735729 -0.62 -0.62 -0.62 -0.1641663 -0.046729285 -0.046666667 -0.046666667 -0.046666667 -0.34028104 -0.26666695 -0.26666667 -0.26666667 -0.26666667 -0.27343048 -0.27333333 -0.27333333 -1.0433333 -1.0433333 0.19999481 0.2000001 0.47 0.47 0.57666667 0.57666667 0.57666667 0.20333333 0.64627027
0.3466684 0.34666667 0.34666665 -0.19333333 -0.19333333 -0.19333333 -0.19333333 -0.10666678 -0.50838732 0.076881271 0.076666667 0.076666667 0.076666667 0.074468918 -1.0433333 -1.0433333 -1.0433333 -1.0433335 -1.5933333 -1.5933333 -1.5933333 -1.0033333 -1.0033333 -1.0033333 -0.92 -0.92 -0.76666667 -0.76666667 -0.76666667 -0.76273884 -0.046666667 -0.046666667 -0.046666667 -0.046666667 -0.1566063 -0.26666667 -0.26666667 -0.26666667 -0.26666667 -0.27333333 -0.27333333 -0.27333333 -0.25844046 0.2 0.2 0.2 0.47 0.47 0.57666667 0.57666667 0.57666667 0.64666666 0.64666667
0.90666667 0.62000817 -0.33666667 -0.33662508 -0.19333333 -0.10716812 -0.10666667 -0.10666667 0.0038615171 0.31333333 0.31333333 0.31333333 0.31333333 -1.1832846 -1.1833333 -1.0433334 -1.0433333 -1.057825 -1.5933333 -1.5933333 -1.5933333 -1.3666667 -1.3666667 -1.3666667 -0.92 -0.92 -0.76666667 -0.76666667 -0.76666667 -0.76666625 -0.18666578 -0.18666627 -0.050185356 -0.046816756 -0.49948181 -0.5 -0.5 -0.5 -0.5 -0.27333333 -0.27333333 -0.27333333 0.17393661 0.2 0.2 0.19999995 0.47 0.47 0.47000384 0.57666667 0.57665519 0.32 0.64666667
0.30011521 0.29999989 -0.33666667 -0.33666667 -0.33666667 -0.10666667 -0.10666667 -0.10666667 0.19666667 0.19666667 0.31333333 0.31333333 0.31333333 -1.1833333 -1.1833333 -1.1833333 -1.1833333 -1.1833783 -1.5933333 -1.5933333 -1.5933333 -1.3666667 -1.3666667 -1.3666667 -0.92 -0.92 -0.76666667 -0.76666667 -0.76666667 -0.19320621 -0.18666667 -0.18666667 -0.18666667 -0.18666667 -0.49984539 -0.5 -0.5 -0.5 -0.5 -0.54333326 -0.54333333 -0.54333333 -0.54333333 0.19999806 -0.053333333 -0.053333333 -0.053333333 0.55 0.55 0.55 0.32 0.32 0.32
0.3 0.3 -0.33666667 -0.33666667 -0.33666667 -0.10787559 -0.10666667 0.19666667 0.19666667 0.19666667 0.31331897 0.31333333 -0.41118392 -1.1833332 -1.1833333 -1.1833333 -1.1833333 -1.2733333 -1.2733333 -1.2733333 -1.3 -1.3 -1.3666663 -1.3666667 -1.3662468 -0.87 -0.87 -0.86999975 -0.76668337 0.11327355 0.11333174 0.11328096 -0.18615394 -0.18640777 -0.44399933 -0.50000013 -0.50109473 -0.82666667 -0.82666667 -0.54333333 -0.54333333 -0.54333333 -0.54333333 -0.053333333 -0.053333333 -0.053333333 -0.053333333 0.55 0.55 0.55 0.32 0.32 0.32
0.3 0.3 -0.33666667 -0.33666667 -0.33666667 -0.33666667 0.0068621393 0.19666667 0.19666667 0.19666667 0.19624133 -0.57333333 -0.57333333 -0.57333333 -1.1797385 -1.1833333 -1.2727336 -1.2733333 -1.2733333 -1.2733333 -1.3 -1.3 -1.3 -1.3 -0.87 -0.87 -0.87 -0.87 -0.87 0.11333333 0.11333333 0.11333333 0.11333333 0.11333332 0.10666667 -0.82666667 -0.82666667 -0.82666667 -0.82666667 -0.82666771 -1.2 -1.2 -1.2 -0.8756697 -0.20333333 -0.20333333 -0.20333333 0.54999998 0.54999955 0.083333333 0.083333333 0.42330819 0.42333333
0.3 0.3 -0.10687471 -0.33666667 -0.33666667 -0.33666668 -1.0444603 0.19274837 0.19666667 0.19666667 -0.5733334 -0.57333333 -0.57333333 -0.57333333 -0.57333333 -0.6234372 -1.2733333 -1.2733333 -1.2733333 -1.2733333 -1.2999998 -1.3 -1.3 -1.3 -0.87 -0.87 -0.87 -0.87 -0.87 -0.4162521 0.11333333 0.11333333 0.11333333 0.10666667 0.10666667 0.10594191 -0.82666667 -0.82666667 -0.6503294 -0.51333336 -1.2 -1.2 -1.2 -0.87929027 -0.20333333 -0.20333333 -0.20333333 0.18333333 0.084579324 0.083333333 0.083333333 0.42333333 0.42333333
-0.72 -0.72 -0.72 -0.43277887 -0.33780685 -1.0466667 -1.0466667 -1.0466667 -1.0466667 -0.88666667 -0.88666667 -0.57333336 -0.57333333 -0.57333333 -0.57333333 -0.57337769 -1.2733333 -1.2733333 -1.2733333 -1.2733333 -1.2883635 -1.3 -1.3 -1.2931957 -1.0324301 -0.87 -0.87 -0.87 -0.60333333 -0.60333333 -0.60333333 -0.60333032 0.10666667 0.10666667 0.10666667 0.10666667 -0.51333333 -0.51333333 -0.51333333 -0.51333333 -0.67333333 -0.67333333 -0.67333333 -0.060012331 -0.06 -0.06 -0.060000045 0.18333333 0.18333333 0.083455178 0.083333333 0.42333236 0.42333333
-0.72 -0.72 -0.72 -0.72002118 -1.1133333 -1.1036389 -1.0466667 -1.0466667 -1.0466667 -0.88666667 -0.88666667 -0.88666667 -0.42666667 -0.42666667 -0.42666667 -0.42666669 -1.273199 -1.2733333 -1.2733333 -1.2733333 -1.2737235 -1.0400007 -1.04 -1.04 -1.04 -1.04 -1.1633333 -1.1633333 -0.60333333 -0.60333333 -0.60333333 -0.60333333 0.10666645 0.10666667 0.10666667 0.10664169 -0.51333332 -0.51333333 -0.51333333 -0.51146162 -0.67333333 -0.67333333 -0.67333333 -0.060028442 -0.06 -0.06 -0.06 0.18333333 0.18333333 0.18333334 0.23 0.23 0.47666667
-0.72 -0.72 -0.72 -1.1133324 -1.1133333 -1.1133333 -1.0466667 -1.0466667 -1.0466667 -0.88666667 -0.88666667 -0.88666667 -0.42666667 -0.42666667 -0.42666667 -0.48556339 -1.2 -1.2 -1.2000002 -1.2729191 -1.04 -1.04 -1.04 -1.04 -1.04 -1.0400928 -1.1633333 -1.1633333 -1.1633333 -0.60333333 -0.60333333 -0.60338697 -0.2 -0.2 -0.2 -0.19333333 -0.19333333 -0.086666667 -0.086666667 -0.086666667 0.32333333 -0.67302071 -0.67332585 0.33 0.33 0.31521944 -0.059998557 0.18333333 0.18333333 0.23 0.23 0.23 0.47666667
-0.72 -0.72 -0.72 -1.1133333 -1.1133333 -1.1133333 -1.1133333 -1.0466667 -1.0466667 -0.88666667 -0.88666667 -0.44506003 -0.42666667 -0.42666667 -0.42666667 -1.2 -1.2 -1.2 -1.2 -1.2 -1.04 -1.04 -1.04 -1.04 -1.04 -1.1633329 -1.1633333 -1.1633333 -1.1633333 -0.68666667 -0.68666667 -0.68666667 -0.2 -0.2 -0.2 -0.19333333 -0.19333333 -0.086666667 -0.086666667 0.32333333 0.32333333 0.32333333 0.33 0.33 0.33 0.33 0.33054765 0.33666667 0.33666667 0.33666667 0.23 0.46666667 0.46666667
-0.72 -0.72 -0.72054773 -1.1133333 -1.1133333 -1.1133333 -1.1133333 -1.2021878 -1.2066667 -1.2061173 -0.88666667 -0.42670296 -0.42666667 -0.42666667 -0.42666934 -1.2 -1.2 -1.2 -1.2 -1.2 -1.1518927 -1.04 -1.04 -1.04 -1.0400666 -1.1633446 -1.1633333 -1.1633333 -1.1633333 -0.68666667 -0.68666667 -0.68666667 -0.68659898 -0.2 -0.19333333 -0.19333333 -0.19333333 -0.19332891 -0.086638706 0.32333333 0.32333333 0.32333333 0.3299996 0.33 0.33 0.33 0.33666683 0.33666667 0.33666667 0.33666667 0.46666667 0.46666667 0.46666667
-0.6 -0.60000021 -1.1131083 -1.1133333 -1.1133333 -1.1133333 -1.2066468 -1.2066667 -1.2066667 -1.2066667 -0.86000001 -0.86 -0.86 -0.86 -1.1984307 -1.2 -1.2 -1.2 -1.2 -1.1566667 -1.1566667 -1.1566667 -1.3633333 -1.3633333 -1.3633333 -1.3633333 -1.3460708 -1.1633333 -1.0000067 -1 -1 -1 -1 -0.14 -0.14 -0.14 -0.14 -0.14 0.14333333 0.14333333 0.14333333 0.14333333 0.14333333 0.35329816 0.35333333 0.35333333 0.35333333 0.33666667 0.33666667 0.33666667 0.46664619 0.46666667 0.46666667
