interpolatedSpi/06-06|19_3.tif
NCOLS 53
NROWS 52
XLLCORNER -116.03883
YLLCORNER 28.596182
DX 0.49850594
DY 0.49788537
NODATA_VALUE -9999
1.03 1.03 1.3205641 0.07 -0.14 0.26 0.63 0.44 -0.43247039 0.19 0.05 0.51 0.09995224 -0.48 -0.35 -0.35 -0.35 -0.09 -0.3 -0.3 -0.3 -0.30000116 -0.42 -0.04 -0.04 -0.04 -0.20998003 -0.21 -0.21 -0.35 -0.35 -0.35 -0.35 -1.5199998 -1.52 -1.52 -1.52 -1.52 -1.52 -1.52 -0.84724637 -0.84034875 -2.21 -2.21 -2.21 -2.21 -2.208138 -1.07 -1.07 -1.07 -0.050002118 -0.05 -0.05 
1.0299836 0.66 1.3400005 1.0930099 0.33024795 1.33 1.61 0.47039233 -0.01 -0.08 0.54 0.1 0.1 0.38709901 -0.47998834 -0.35 -0.09 -0.09 -0.29972619 -0.3 -0.3 -0.3 -0.047895564 -0.04 -0.04 -0.04 -1.0399999 -1.04 -0.35 -0.35 -0.35 -0.35 -0.35 -1.5199998 -1.52 -1.52 -1.52 -1.52 -1.5199999 -1.4563612 -1.1799902 -2.0850174 -2.21 -2.21 -2.21 -2.21 -2.21 -1.07 -1.07 -1.07 -0.98542062 -0.05 -0.05 
1.4799547 1.48 1.77 0.78 0.39 -0.24 -0.02 0.97 2.4796466e-31 -0.45 -0.28 -0.29 0.4 -0.72 0.39 -0.76 -0.09 -0.09 -0.09 -0.18003488 -0.18 -0.18 -0.19 -0.04 -0.04 -0.04 -1.04 -1.04 -1.04 -0.35 -0.35 -0.35000004 -0.73993405 -1.5182306 -1.5132053 -0.79668933 -0.79 -0.79 -0.83905172 -1.18 -1.18 -1.1813171 -2.21 -2.21 -2.21 -2.21 -2.21 -1.07 -1.07 -1.07 -1.07 -0.05 -0.05 
0.77 1.4799998 0.36989737 0.39 0.07 0.03 0.44 -0.05 0.32 0.24780254 -0.33 -0.42 -0.8 -0.72 -0.14 -0.76 0.014032259 0.019922928 -0.5 -0.18 -0.18 0.31 -0.19 -0.19 -0.04 -0.040004994 -1.04 -1.04 -1.04 -1.93 -1.5075181 -1.16 -1.16 -1.1599997 -0.79 -0.79 -0.79 -0.79 -1.18 -1.18 -1.18 -1.18 -2.21 -2.21 -2.21 -2.21 -2.21 -1.0700144 -1.07 -1.07 -1.07 -0.050062387 -0.050000001 
0.77 0.90999901 0.37 0.31034194 0.07 1.12 0.46006507 0.27 -0.34 -0.80000037 -1.0430325 -1.1600759 -1.69 -0.14 -0.14 -0.54258605 0.02 0.02 -0.5 -0.5 -0.17999909 0.31 0.22 -0.21 -0.01 -0.010037679 -1.04 -1.04 -1.93 -1.93 -1.16 -1.16 -1.16 -1.2014863 -0.79 -0.79 -0.79 -1.18 -1.18 -1.18 -1.18 -1.1800483 -2.21 -2.21 -2.21 -2.21 -2.21 -2.1998526 -1.07 -1.0700399 -1.96 -1.96 -1.96 
-1.4 0.38 0.15000004 0.01 1.15 1.09 -0.59 -0.47989537 -0.88 -0.97 -1.17 -1.58 -1.5800001 -1.43 -1.43 -0.38998793 -0.39 -0.01 -0.010000002 -0.49999977 -0.3 -0.3 -0.21 -0.01 -0.01 -0.17 -0.56 -0.56 -0.54012703 -1.93 -1.16 -1.16 -1.38 -1.3800752 -2.0999483 -1.84 -1.84 -1.3841861 -1.18 -1.18 -1.6793764 -1.68 -1.6800003 -0.70700869 -0.6801691 -0.68000041 -0.68000005 -0.68000058 -0.99671775 -1.96 -1.96 -1.96 -1.96 
-0.43 0.46 0.65803792 0.41 0.52 -0.58 -0.81 -0.92 -1.63 -1.63 -1.17 -1.13 -0.70999998 -1.43 -0.34000327 -0.34 -0.39 -0.09 -0.24 -0.24 -0.46023006 -0.64 -0.64 -0.53999999 -0.17 -0.17 -0.56 -0.56 -0.54003555 -0.54065448 -0.36243584 -1.38 -1.38 -2.1 -2.1 -1.6983936 -1.84 -1.84 -1.7700024 -1.6800001 -1.68 -1.68 -1.6800009 -0.68000268 -0.68 -0.68 -0.68 -0.68000009 -0.83 -1.9597761 -1.96 -1.96 -1.96 
-0.43 -0.7 1.18 -1.35 -1.0900149 -2.16 -1.94 -1.22 -1.97 -0.59 -0.59 -0.58 -0.71 -0.71 -0.34253854 0.59807968 0.69 4.639633e-54 0.0099997436 -0.24 0.16235905 0.17 -0.42 -0.95 -0.94999639 -0.67 -0.11 -0.11000016 -1.1478625 -1.15 -0.36 -1.083098 -1.81 -2.1 -2.0786091 -1.58 -1.58 -1.77 -1.77 -1.68 -1.68 -1.68 -1.1640201 -1.16 -0.68 -0.68 -0.68 -0.82999429 -0.83 -0.83 -1.96 -1.96 -1.96 
-0.63476232 -0.69999998 0.4 0.21 -0.4 -1.09 -1.09 -1.61 -2 -1.5614093 -1.02 -0.24000001 -0.24 0.24 0.24000197 0.42075251 0.42 0.42 0.0015265147 0.68999987 0.08 0.080000001 0.16 -0.19143154 -0.69821661 -0.67 -0.03 -0.11 -0.21936079 -0.22 -0.88 -0.36 -0.42548043 -1.3 -1.35 -1.36 -1.41 -2.23 -1.4403648 -1.6806696 -1.83 -1.74 -1.1600277 -1.16 -1.1572983 -0.68 -1.8099999 -0.83000001 -0.83 -0.83 -0.83 -1.7732388 0.3 
-0.27 -0.27 -0.09 0.19 -0.19 -1.11 -1.34 -1.08 -0.82 -1.4500198 -1.18 -0.9 0.24 0.24 0.45 0.44958854 0.42 0.41983062 -0.43 0.69 0.69 0.61141156 0.16 -0.37998977 -0.38 -0.38 -0.03 -0.29 -0.29 -0.22 -0.22 -0.36024656 -0.49 -1.3 -1.28 -1.36 -1.41 -1.99 -1.44 -0.69231732 -1.74 -1.5893908 -1.33 -1.16 -1.16 -1.81 -1.81 -1.81 -0.83 -0.83 -0.46 -0.46 -0.45999972 
-0.27 -0.27 -0.08 -0.79 -0.36 -0.71 -1.16 -1.4698754 -1.58 -1.53 -0.9 -1.76 -0.90114322 0.45 0.45 0.45002076 0.63 0.57436623 -0.43 0.15 0.15 1.63 1.63 -0.38 -0.38 -0.38 -0.29 -0.29 -0.29 -0.51 -0.51 -0.50999997 -0.42 -0.42 -1.35 -1.22 -0.62 -1.5899963 -1.51 -0.68 -0.68 -1.3799998 -1.33 -1.16 -1.2200001 -1.35 -1.2822826 -1.28 0.05 0.05 -0.46 -0.46 -0.46 
-0.27 -0.18816724 -0.38298232 -1.209963 -0.09 -0.4 -1.16 -1.47 -1.5799991 -1.5305539 -1.7599997 -1.76 0.26 0.45 0.45 0.62999999 0.63 0.62993967 -0.43 0.15 0.44064189 1.63 1.63 -0.3799202 -0.38 -0.50491343 -0.76 -0.76 -0.75999994 -0.51 -0.51 -0.24 -0.24 -0.42000255 -1.35 -0.62000026 -0.70659109 -1.59 -1.59 -0.68000002 -1.38 -1.38 -1.3799988 -1.22 -1.22 -1.35 -1.28 -1.28 0.05 0.05 -0.46 -0.46 -0.46 
-0.49 -0.11678964 -0.11002463 -0.11795121 -0.090001629 -0.39999268 -1.16 -1.4661841 -1.5724199 -1.5786944 0.26 0.26 0.26 0.26 0.44997309 0.63 0.63 0.61631371 -0.43 0.15008318 0.45 0.45 0.45 0.45 -0.36628372 -0.76 -0.76 -0.76 -0.76 -0.75983204 -0.24 -0.24 -0.24 -0.24 -0.62 -0.62 -0.62 -1.5427281 -1.5832405 -0.69 -0.69 -1.3799629 -0.23003389 -1.2199046 -1.22 -1.35 -1.28 -1.28 0.049999996 0.05 -0.45814977 -0.46 -0.73565456 
-0.49 -0.11 -0.11 -0.11 -0.11 -0.11000012 -1.1580545 -1.3066947 -1.5521968 0.25801967 0.26 0.26 0.26 0.26 0.26000008 0.63 0.62999983 0.55729123 -0.42998238 0.45 0.45 0.45 0.45 0.45 0.44178082 -0.63380168 -0.68000002 -0.68 -0.68 -0.68 -0.24 -0.24 -0.23999988 -0.14 -0.14 -0.62 -0.085294552 -0.07 -0.68999964 -0.69 -0.69 -0.69 -0.23 -0.23 -0.23 -0.23779418 -0.51502443 -0.51 -0.51 -0.51 -0.50999999 0.54999979 0.55 
1.29 -0.11 -0.11 -0.11 -0.11 -0.11 -0.11000006 -0.96035001 0.3595766 0.37 0.37 0.37 0.37 0.37 0.37 0.76192694 0.63212746 0.48485062 0.44988971 0.45 0.45 0.45 0.45 0.45000013 0.07 0.07 0.069998946 -0.68 -0.68 -0.67861832 0.01 0.01 -0.14 -0.14 -0.14 -0.081213118 -0.07 -0.07 -0.07 -0.69 -0.69 -0.69 -0.23 -0.23 -0.23 -0.23 -0.50999998 -0.51 -0.51 -0.51 -0.51 0.55 0.55 
1.29 0.76879591 -0.11 -0.11 -0.11 -0.11 -0.27996663 -0.28 -0.27999998 0.37 0.37 0.37 0.37 0.37 0.4582428 0.77 0.77 0.77 0.5596654 0.55999989 0.56 0.56 0.56 0.56 0.07 0.07 0.07 0.07 -0.68 0.01 0.01 0.01 -0.13999999 -0.14 -0.14 0.2 -0.069642512 -0.07 -0.07 -0.68987693 -0.44468002 0.1275492 -0.23 -0.23 0.44790148 0.45 0.45 -0.5080418 0.67584149 0.6799999 0.67999977 0.90994545 0.55000073 
1.29 0.52121712 0.19868808 -0.11 -0.11 -0.27989956 -0.28 -0.28 -0.28 -0.27531591 0.37 0.37 0.37 0.37000005 0.77 0.77 0.77 0.77 0.56018759 0.56 0.56 0.56 0.56 0.56 0.070000011 0.07 0.07 0.07 0.069781766 0.01 0.01 0.01 0.48999999 -0.13995021 0.2 0.2 0.2 0.20371738 0.11735189 0.13 0.13 0.13 0.59 0.59 0.45 0.45 0.45 0.68 0.68 0.68 0.68 0.91 0.91 
0.5004044 0.5 0.5 0.49999999 -0.14 -0.27999639 -0.28 -0.28 -0.28 -0.28 0.39498345 0.3700043 0.37000001 0.77 0.77 0.77 0.77 0.77 0.77373824 0.56 0.56 0.56 0.56 0.56 0.71531896 1.3399931 1.34 1.34 1.34 0.010000025 0.48999999 0.49 0.49 0.49 0.2 0.20000895 0.54 0.54 0.13511946 0.13 0.13 0.13 0.59 0.59 0.47167682 0.45 0.45 0.68 0.68 0.68 0.6824662 0.91 0.91 
0.5 0.5 0.5 0.19861445 -0.14 -0.14 -0.28 -0.28 -0.28 -0.28 0.7 0.7 0.7 0.77 0.77 0.77 0.77 0.7700942 1.09 1.09 0.56000022 0.56 0.56779065 0.88 0.88414118 1.34 1.34 1.34 1.34 0.49008655 0.49 0.49 0.49 0.49 0.5399988 0.54 0.54 0.54 0.53858328 0.13 0.13 0.13 0.59 0.59 0.59 0.45 0.45 0.68 0.68 0.68 0.91 0.91 0.91 
0.5 0.5 0.5 -0.14 -0.14 -0.14 -0.14000021 -0.28 -0.28 0.69898836 0.7 0.7 0.7 0.70004362 1.2313708 1.34 1.34 1.34 1.09 1.09 1.09 0.88 0.88 0.88 0.87997759 1.0567569 1.34 1.34 1.34 1.0625713 1.1699331 1.17 1.17 1.17 0.72353064 0.979999 0.98 0.98 0.98 1.3698303 1.37 1.37 0.59 0.59 1.1599976 1.16 1.21 1.21 0.94 0.94 0.94 0.91 0.98992847 
0.50000199 0.5 0.49999998 -0.14 -0.14 -0.14 -0.14 0.23999985 -0.27792084 0.69993653 0.7 0.7 0.7 0.70125586 1.34 1.34 1.34 1.3399999 1.09 1.09 1.09 0.88 0.88 0.88 0.8 0.8 1.19 1.19 1.19 1.1898909 1.17 1.17 1.17 1.17 1.0750522 0.98 0.98 0.98 0.98 1.37 1.37 1.37 1.3633926 1.16 1.16 1.16 1.21 1.21 0.94 0.94 0.94 0.99 0.99 
1.14 0.84444926 0.71 0.7097534 -0.14 0.23780133 0.24 0.24 0.46227096 0.63000001 0.63 0.63 0.63 1.119984 1.12 1.3399998 1.34 1.3334129 1.09 1.09 1.09 0.4 0.4 0.4 0.8 0.8 1.19 1.19 1.19 1.1899999 1.0300009 1.0300004 1.1664813 1.1698499 1.1899751 1.19 1.19 1.19 1.19 1.37 1.37 1.37 1.1715631 1.16 1.16 1.1599999 1.21 1.21 1.2099903 0.94 0.9399848 0.6 0.99 
1.2499791 1.2499999 0.71 0.71 0.71 0.24 0.24 0.24 0.85 0.85 0.63 0.63 0.63 1.12 1.12 1.12 1.12 1.1199975 1.09 1.09 1.09 0.4 0.4 0.4 0.8 0.8 1.19 1.19 1.19 1.031804 1.03 1.03 1.03 1.03 1.189921 1.19 1.19 1.19 1.19 1.1600001 1.16 1.16 1.16 1.1599952 0.54 0.54 0.54 0.84 0.84 0.84 0.6 0.6 0.6 
1.25 1.25 0.71 0.71 0.71 0.2424704 0.24 0.85 0.85 0.85 0.63002708 0.63 0.7689112 1.1199999 1.12 1.12 1.12 0.96 0.96 0.96 0.72999999 0.72999975 0.40000161 0.4 0.40030202 0.72 0.72 0.72000112 1.189924 1.2899482 1.2899986 1.2899546 1.0304444 1.0302244 1.161671 1.1899997 1.1870174 0.3 0.3 1.16 1.16 1.16 1.16 0.54 0.54 0.54 0.54 0.84 0.84 0.84 0.6 0.6 0.6 
1.25 1.25 0.71 0.71 0.71 0.71 0.46830518 0.85 0.85 0.85 0.84997238 0.8 0.8 0.8 1.1181142 1.12 0.9610662 0.96 0.96 0.96 0.73 0.73 0.73 0.73 0.72 0.72 0.72 0.72 0.72 1.29 1.29 1.29 1.29 1.2899995 1.07 0.3 0.3 0.3 0.3 0.29999945 -0.01 -0.01 -0.01 0.19175628 0.61 0.61 0.61 0.83999999 0.84000024 1.09 1.09 1.6097543 1.61 
1.25 1.25 0.90490208 0.71 0.71 0.71000001 1.1694321 0.85100846 0.85 0.85 0.8000001 0.8 0.8 0.8 0.8 0.82625317 0.96 0.96 0.96 0.96 0.73000178 0.73 0.73 0.73 0.72 0.72 0.72 0.72 0.72 0.7948992 1.29 1.29 1.29 1.07 1.07 1.0694021 0.3 0.3 0.51948362 0.68999996 -0.01 -0.01 -0.01 0.19035736 0.61 0.61 0.61 1.5 1.0951086 1.09 1.09 1.61 1.61 
1.51 1.51 1.51 0.91058199 0.71128414 1.17 1.17 1.17 1.17 1.27 1.27 0.80000003 0.8 0.8 0.8 0.80001016 0.96 0.96 0.96 0.96 0.83036454 0.73 0.73 0.72031695 0.3760304 0.72 0.72 0.72 0.62 0.62 0.62 0.62000281 1.07 1.07 1.07 1.07 0.69 0.69 0.69 0.69 0.43 0.43 0.43 0.93998975 0.94 0.94 0.9399999 1.5 1.5 1.0904996 1.09 1.6099997 1.61 
1.51 1.51 1.51 1.5100043 1.59 1.5289251 1.17 1.17 1.17 1.27 1.27 1.27 1.18 1.18 1.18 1.18 0.96051291 0.96 0.96 0.96 0.95649218 0.36000102 0.36 0.36 0.36 0.35999999 -0.15999999 -0.16 0.62 0.62 0.62 0.62 1.07 1.07 1.07 1.0700008 0.69000002 0.69 0.69 0.69228115 0.43 0.43 0.43 0.93997635 0.94 0.94 0.94 1.5 1.5 1.5 1.55 1.55 1.38 
1.51 1.51 1.51 1.5899998 1.59 1.59 1.1700002 1.17 1.17 1.27 1.27 1.27 1.18 1.18 1.18 1.1845696 1.24 1.24 1.2399993 0.96158151 0.36 0.36 0.36 0.36 0.36 0.35960867 -0.16 -0.16 -0.16 0.62 0.62 0.62008368 1.08 1.08 1.08 1.28 1.28 1.21 1.21 1.21 1.7 0.43039836 0.43000925 1.67 1.67 1.6423338 0.94000288 1.5 1.5 1.55 1.55 1.55 1.38 
1.51 1.51 1.51 1.59 1.59 1.59 1.59 1.17 1.17 1.27 1.27 1.1835987 1.18 1.18 1.18 1.24 1.24 1.24 1.24 1.24 0.36 0.36 0.36 0.36 0.36 -0.15999823 -0.16 -0.16 -0.16 0.75 0.75 0.75 1.08 1.08 1.08 1.28 1.28 1.21 1.21 1.7 1.7 1.7 1.67 1.67 1.67 1.67 1.6527491 1.46 1.46 1.46 1.55 1.24 1.24 
1.51 1.51 1.5101114 1.59 1.59 1.59 1.59 1.6376006 1.64 1.6393648 1.27 1.1799992 1.18 1.18 1.1800002 1.24 1.24 1.24 1.24 1.24 0.74365494 0.36 0.36 0.36 0.35997528 -0.15997749 -0.16 -0.16 -0.16 0.75 0.75 0.75 0.75004641 1.08 1.28 1.28 1.28 1.2799975 1.2100334 1.7 1.7 1.7 1.6700018 1.67 1.67 1.67 1.4599962 1.46 1.46 1.46 1.24 1.24 1.24 
1.42 1.4200002 1.5899519 1.59 1.59 1.59 1.6399894 1.64 1.64 1.64 1.17 1.17 1.17 1.17 1.2396769 1.24 1.24 1.24 1.24 0.76000029 0.76 0.76 0.24000002 0.24 0.24 0.24 0.20547486 -0.16 0.59996887 0.6 0.6 0.6 0.6 1.84 1.84 1.84 1.84 1.84 2.19 2.19 2.19 2.19 2.19 1.0808894 1.08 1.08 1.08 1.46 1.46 1.46 1.2400347 1.24 1.24 
1.42 1.42 1.4210885 1.5500001 1.55 1.5500878 1.64 1.64 1.64 1.64 1.17 1.17 1.17 1.17 1.17 1.24 1.24 1.24 0.76000012 0.76 0.76 0.76 0.24 0.24 0.24 0.24 0.24 0.23991573 0.60018536 0.6 0.6 0.6 0.60007446 1.9647184 1.8401291 1.84 1.84 1.84 2.19 2.19 2.19 2.19 2.19 1.08 1.08 1.08 1.08 1.2576954 1.46 1.3611157 1.36 1.17 1.17 
1.42 1.42 1.5499835 1.55 1.55 1.55 1.5728596 1.64 1.64 1.64 1.17 1.17 1.17 1.17 1.17 1.2399421 1.24 0.76014073 0.76 0.76 0.76 0.76 0.43263737 0.24 0.24 0.24 0.24 0.24059501 1.08 1.08 1.08 1.08 1.08 2.06 2.06 2.06 2.06 2.06 2.37 2.37 2.37 2.37 2.37 1.0816603 1.0800003 1.08 1.0801153 1.0939098 1.36 1.36 1.36 1.1700011 1.17 
1.4200002 1.5082454 1.55 1.55 1.55 1.55 1.55 1.6399617 1.64 1.64 1.17 1.17 1.17 1.17 0.739773 0.73 0.73 0.75999923 0.76 0.76 0.76 0.76 0.75999987 0.24 0.24 0.24 0.24 1.3299997 1.3299999 1.2767939 1.08 1.08 1.08 2.06 2.06 2.06 2.06 2.06 2.37 2.37 2.37 2.37 2.369987 1.76 1.76 1.76 1.76 1.7599677 1.36 1.36 1.36 1.36 1.3177909 
1.51 1.51 1.492206 1.55 1.55 1.55 1.55 1.55 1.6399594 0.71000001 0.71 0.71 0.71109167 0.73000063 0.73 0.73 0.73 0.73 0.75999532 0.71999673 0.37 0.37 0.37 0.33584572 0.21999091 0.11292604 0.023349931 1.33 1.33 1.33 1.33 1.33 1.3274027 2.0579798 2.06 2.06 2.06 2.06 2.3380648 2.2000003 2.2 2.2 2.2 1.4900008 1.7599999 1.76 1.76 1.96 1.3600096 1.36 1.36 1.32 1.32 
1.51 1.51 1.34 1.34 1.34 1.54993 1.55 1.55 0.71 0.71 0.71 0.71 0.71 0.73 0.73 0.73 0.73 0.73 0.37 0.37 0.37 0.37 0.37 -0.0099999803 -0.01 -0.01 -0.01 1.33 1.33 1.33 1.33 1.33 1.88 1.88 2.06 2.06 2.06 1.9100255 1.91 2.2 2.2 2.2 2.1999999 1.49 1.49 1.49 1.96 1.96 1.96 1.55 1.55 1.32 1.32 
1.51 1.51 1.34 1.34 1.34 1.34 1.339995 0.43 0.70973637 0.71 0.71 0.71 0.71 0.72975052 0.73 0.73 0.73 0.73 0.37000001 0.37 0.37 0.37 0.37 -0.01 -0.01 -0.01 -0.01 -0.0099945053 1.33 1.33 1.33 1.8799712 1.88 1.88 1.88 2.06 1.91 1.91 1.91 1.9176304 1.4834428 1.35 1.35 1.49 1.49 1.49 1.96 1.96 1.96 1.55 1.55 1.55 0.64071274 
0.81 0.81000549 1.34 1.34 1.34 1.34 0.43 0.43 0.43 0.71 0.71 0.71 0.71 0.71000622 0.73 0.73 0.73 0.73 0.37000642 0.37 0.37 0.37 0.056949048 -0.01 -0.01 -0.01 -0.01 0.89999926 0.9 0.9 1.3254055 1.88 1.88 1.88 1.8799995 1.4 1.91 1.91 1.91 1.91 1.35 1.35 1.35 1.98 1.98 1.98 1.9899971 1.96 1.96 1.55 1.55 1.55 0.57000245 
0.81 0.81 1.34 1.34 1.34 0.43 0.43 0.43 0.43 0.67928218 0.71 0.71 0.71 0.70999737 0.070075955 0.07 0.07 0.07 0.22179783 0.56 0.56 0.56 0.56 -0.01 -0.01 -0.01 -0.0099399744 0.9 0.9 0.9 0.9 1.8799361 1.6100139 1.4 1.4 1.4 1.9074225 1.2200144 1.22 1.22 1.3504543 1.93 1.93 1.98 1.98 1.98 1.99 1.99 1.34 1.34 1.34 1.5 1.45 
0.81 0.81 0.23 0.23 0.23 0.43 0.43 0.43 0.43 -0.13 -0.13 -0.13 -0.13 -0.11590553 0.07 0.07 0.07 0.07 0.21 0.56 0.56 0.56 0.56 -0.11 -0.10999996 -0.010000148 0.9 0.9 0.9 0.9 1.1936396 1.48 1.4095189 1.4 1.4 1.4 1.22 1.22 1.22 1.22 1.93 1.93 1.93 2.1699243 2.17 1.9908091 1.99 1.99 1.3400019 1.34 1.5 1.5 1.45 
0.81 0.23 0.23 0.23 0.23 0.23 0.42541989 -0.16 -0.16 -0.13 -0.13 -0.13 -0.13 -0.12995263 0.07 0.07 0.07 0.076325644 0.21 0.21 0.56 0.56 -0.11 -0.11 -0.11 -0.11 0.9 0.9 0.9 0.9 1.48 1.48 1.48 1.400081 1.4 1.4 1.22 1.22 1.22 1.22 1.93 1.93 1.93 2.17 2.17 2.1699864 1.93 1.93 1.69 1.69 1.5 1.5 1.45 
0.23544692 0.23 0.23 0.23 0.23 0.23 -0.16 -0.16 -0.16 -0.14394275 -0.13 -0.13 -0.13 -0.13000552 0.07 0.07 0.07 0.21 0.21 0.21 0.55998251 0.55999591 -0.11 -0.11 -0.11 -0.11 0.89992821 0.9 0.9 1.4798666 1.48 1.48 1.48 1.48 1.4005973 1.68 1.68 1.6720389 1.22 1.22 1.9299994 1.93 2.163022 2.17 2.17 1.9300001 1.93 1.93 1.69 1.69 1.52 1.52 1.28 
0.23 0.23 0.23 0.23 0.23 0.23 -0.16 -0.16 -0.16 -0.16 -0.4699902 -0.47 -0.47 -0.47 0.06999998 0.19179188 0.26 0.26 0.21009217 0.21 0.21000007 -0.10999903 -0.11 -0.11 -0.11 -0.11 -0.10926567 0.9 0.90001982 1.48 1.48 1.48 1.48 1.48 1.68 1.68 1.68 1.68 1.68 1.679999 1.95 1.95 1.9499999 1.72 1.72 1.72 1.55 1.55 1.33 1.33 1.52 1.5199995 1.28 
0.23 0.23 0.23 0.23 0.23 0.23 -0.16 -0.16 -0.16 -0.47 -0.47 -0.47 -0.47 -0.47 -0.27757375 0.26 0.26 0.26 0.26 0.26 0.25761266 -0.11 -0.11 -0.11 -0.11 -0.07922701 0.86846435 0.89591368 1.4771397 1.48 1.48 1.48 1.48 1.4800004 1.68 1.68 1.68 1.68 1.68 1.8056034 1.95 1.95 1.95 1.72 1.72 1.72 1.55 1.55 1.33 1.33 1.19 1.2750353 1.28 
0.23 0.23 0.23 0.23 0.23 0.22999988 -0.15999991 -0.16 -0.17286673 -0.47 -0.47 -0.47 -0.47 -0.47 -0.4349847 0.26 0.26 0.26 0.26 0.26 0.26 0.71825694 0.86999863 0.87 0.87 0.87 0.87 0.87 1.3337071 1.3400017 1.34 1.34 1.34 1.3400002 1.68 1.68 1.68 1.68 1.68 1.95 1.95 1.95 1.95 1.9499999 1.7199198 1.67 1.55 1.265017 1.3299387 1.19 1.19 1.1804381 0.73 
0.23 0.23 0.23 0.23 0.23 0.22997509 -0.15997897 -0.16001876 -0.46999961 -0.47 -0.47 -0.47 -0.47 -0.47 -0.45610965 0.26 0.26 0.26 0.26 0.26 0.26 0.87 0.87 0.87 0.87 0.87 0.87 0.87 1.3398703 1.34 1.34 1.34 1.34 1.34 1.43316 1.68 1.68 1.68 1.68 1.95 1.95 1.95 1.95 1.9499283 1.67 1.67 1.6674303 1.26 1.26 1.19 1.19 0.73 0.73 
0.23 0.23 0.23 0.23 0.23 0.22947988 -0.15954578 -0.43501853 -0.47 -0.47 -0.47 -0.47 -0.47 -0.47 -0.4572201 0.26 0.26 0.26 0.26 0.26 0.34685292 0.87 0.87 0.87 0.87 0.87 0.87 0.87 1.3399981 1.34 1.34 1.34 1.34 1.34 1.34 1.4245663 1.0275125 0.81040519 0.777376 1.9037194 1.95 1.95 1.95 1.6700224 1.67 1.6708357 1.8099974 1.26 1.26 1.0500349 1.05 1.05 0.73000014 
0.23 0.23 0.23 0.23 0.2299996 0.22674741 -0.18406937 -0.46991476 -0.47 -0.47 -0.47 -0.47 -0.47 -0.47 -0.45295338 0.26 0.26 0.26 0.26 0.26 0.86999737 0.87 0.87 0.87 0.87 0.87 0.87 0.87 1.3399999 1.34 1.34 1.34 1.34 1.34 1.3399999 0.76 0.76 0.76 0.76 1.23 1.23 1.23 1.23 1.8099996 1.81 1.81 1.81 1.8099933 1.21 1.21 1.05 1.05 0.45383034 
0.23 0.23 0.23 0.22999997 0.22998911 0.21927131 -0.44806128 -0.46999595 -0.47 -0.47 -0.47 -0.47 -0.47 -0.47 -0.44521929 0.2599997 0.26 0.26 0.26 0.26367132 0.87 0.87 0.87 0.87 0.87 0.87 0.87 0.87 1.3399999 1.34 1.34 1.34 1.34 1.34 0.76000053 0.76 0.76 0.76 0.76 1.23 1.23 1.23 1.23 1.3865395 1.81 1.81 1.81 1.2100067 1.21 1.21 0.19 0.19 0.19 
0.23 0.23 0.22999998 0.22999912 0.22989249 0.17579605 -0.46876706 -0.46999899 -0.47 -0.47 -0.47 -0.47 -0.47 -0.46999995 -0.43474259 0.25998283 0.26 0.26 0.2600007 0.85764043 0.87 0.87 0.87 0.87 0.87 0.87 0.87 0.87 1.3399996 1.34 1.34 1.34 1.34 0.47619082 0.75999982 0.76 0.76 0.76 0.76 1.23 1.23 1.23 1.23 1.23 1.81 1.81 1.81 1.21 1.21 1.21 0.19 0.19 0.19 
0.23 0.22999997 0.22999963 0.22998949 0.22927562 -0.16341575 -0.46977469 -0.46999938 -0.47 -0.47 -0.47 -0.47 -0.47 -0.46999863 -0.42228665 0.2597334 0.25999998 0.26000002 0.26315827 0.86994813 0.87 0.87 0.87 0.87 0.87 0.87 0.87 0.87000027 1.3399971 1.34 1.3399992 0.26373637 0.16 0.16 0.16 0.76 0.76 0.76 0.76 1.23 1.23 1.23 1.23 1.23 1.8099897 1.81 1.8099997 1.21 1.21 1.2099994 0.19 0.19 0.19 
