interpolatedSpi/06-09|23_3.tif
NCOLS 53
NROWS 52
XLLCORNER -116.03883
YLLCORNER 28.596182
DX 0.49850594
DY 0.49788537
NODATA_VALUE -9999
[rows 0 to 37 of 52, columns 0 to 52 of 53]
0.89 0.89 1.0835684 1.445 1.15 1.285 1.1 0.9875 -0.32219905 -0.405 -0.04 -0.055 -0.60997962 -0.3625 -0.4075 -0.4075 -0.4075 -1.03 -0.3975 -0.3975 -0.3975 -0.39749839 -0.23000001 -0.7575 -0.7575 -0.7575 -0.96500583 -0.965 -0.965 -1.375 -1.375 -1.375 -1.375 -1.365 -1.365 -1.365 -1.365 -1.365 -1.365 -1.365 0.35893182 0.3773381 -0.2575 -0.2575 -0.2575 -0.2575 -0.25776542 -0.42 -0.42 -0.42 0.18249875 0.1825 0.1825
0.88997434 0.3125 1.1449993 1.020703 1.2523251 0.545 0.6025 0.057935394 -0.5825 -0.42 0.015 -0.61 -0.61 -0.75369122 -0.36250514 -0.4075 -1.03 -1.03 -0.3983247 -0.3975 -0.3975 -0.3975 -0.80342586 -0.7575 -0.7575 -0.7575 -0.097500045 -0.0975 -1.375 -1.375 -1.375 -1.375 -1.375 -1.365 -1.365 -1.365 -1.365 -1.365 -1.365 -1.0824579 0.44483609 -0.1722582 -0.2575 -0.2575 -0.2575 -0.2575 -0.2575 -0.42 -0.42 -0.42 -0.37004012 0.1825 0.1825
1.1399924 1.14 0.505 0.4225 0.6375 1.4475 0.6425 0.995 -0.3425 -0.7875 -0.5925 -0.0075 -0.405 -1.5625 -0.755 -1.395 -1.03 -1.03 -1.03 -0.25004288 -0.25 -0.25 -1.63 -0.7575 -0.7575 -0.7575 -0.0975 -0.0975 -0.0975 -1.375 -1.375 -1.375 -1.3400985 -1.364126 -1.3611838 -0.95875702 -0.955 -0.955 -0.7789169 0.44499999 0.445 0.44410168 -0.2575 -0.2575 -0.2575 -0.2575 -0.2575 -0.42 -0.42 -0.42 -0.42 0.1825 0.1825
1.245 1.1399998 0.21478286 0.25 -0.6825 -0.1925 0.03 -0.4825 0.3775 -0.55730164 -0.595 -1.1975 -0.895 -1.5625 -0.84 -1.395 -1.0551205 -1.0524842 -0.7075 -0.25 -0.25 -0.915 -1.63 -1.63 -0.7575 -0.7574967 -0.0975 -0.0975 -0.0975 -1.395 -1.3442473 -1.3025 -1.3025 -1.3024997 -0.955 -0.955 -0.955 -0.955 0.445 0.445 0.445 0.44499997 -0.2575 -0.2575 -0.2575 -0.2575 -0.2575 -0.41999795 -0.42 -0.42 -0.42 0.18240993 0.1825
1.245 0.020000358 0.215 -0.45987128 -0.6825 -0.9125 -0.86001365 -1.0825 -1.4725 -0.49750046 -0.84295857 -0.99238004 -0.155 -0.84 -0.84 -1.2059684 -1.0525 -1.0525 -0.7075 -0.7075 -0.25000132 -0.915 -0.6575 -0.0775 -0.445 -0.44497594 -0.0975 -0.0975 -1.395 -1.395 -1.3025 -1.3025 -1.3025 -1.2360279 -0.955 -0.955 -0.955 0.445 0.445 0.445 0.445 0.44478402 -0.25750002 -0.2575 -0.2575 -0.2575 -0.2575 -0.25894645 -0.42 -0.42009663 -2.575 -2.575 -2.575
-0.9625 -0.3925 -0.52999998 -0.1575 -0.405 -1.515 -1.6475 -1.5751638 -0.8575 -1.41 -2.085 -1.215 -1.2149993 -1.9175 -1.9175 -0.97989256 -0.98 -1.66 -1.66 -0.70750027 -0.8025 -0.8025 -0.0775 -0.445 -0.445 -0.3425 -1.0925 -1.0925 -1.1075268 -1.395 -1.3025 -1.3025 -0.95 -0.94997649 -0.72501606 -0.43 -0.43 0.17429878 0.445 0.445 -1.7897094 -1.7925 -1.7924976 -1.0826717 -1.0974072 -1.0974998 -1.0975 -1.0974997 -2.2301381 -2.575 -2.575 -2.575 -2.575
0.055009408 -0.6075 -0.07072973 -0.71 -1.1125 -1.8575 -1.25 -1.44 -1.9875 -1.9875 -2.085 -2.26 -1.9849998 -1.9175 -0.53500414 -0.535 -0.98 -0.4675 -1.0125 -1.0125 -0.45965479 -0.075 -0.075 -0.41 -0.3425 -0.3425 -1.0925 -1.0925 -1.1075319 -1.1080874 -0.82755963 -0.95 -0.95 -0.725 -0.725 -0.95285444 -0.43 -0.43 -1.0624781 -1.792499 -1.7925 -1.7925 -1.7924867 -1.0975024 -1.0975 -1.0975 -1.0975 -1.0975007 -2.235 -2.5749326 -2.575 -2.575 -2.575
0.055 -0.825 -0.495 -1.44 -0.68004357 -1.725 -2.4375 -2.335 -2.315 -2.335 -2.335 -1.14 -1.985 -1.985 -0.54494834 -0.96077888 -1.0025 -0.6625 -1.0724999 -1.0125 -0.83865027 -0.765 -0.805 -0.455 -0.45501219 -1.4 -1.175 -1.175 -1.6530815 -1.655 -0.825 -1.1021844 -0.94 -0.725 -0.74532135 -1.39 -1.39 -1.0625 -1.0625 -1.7925 -1.7925 -1.7925 -1.5321126 -1.535 -1.0975 -1.0975 -1.0975 -2.2349567 -2.235 -2.235 -2.575 -2.575 -2.575
-0.8659632 -0.825 -0.315 -1.3175 -0.7475 -1.865 -1.2175 -1.1675 -2.2 -1.5241716 -0.2525 -1.355 -1.355 -0.8775 -0.87750254 -0.34683251 -0.345 -0.345 -0.72508713 -1.3375001 -1.6325 -1.6325 -1.1875 -0.95573696 -1.304769 -1.4 -1.0675 -1.175 -1.358925 -1.36 -1.1475 -1.055 -0.76288134 -1.63 -1.4375 -1.8775 -1.455 -0.4375 -0.61741688 -1.7881143 -0.81 -1.0375 -1.5349166 -1.535 -1.5325375 -1.0975 -1.275 -2.235 -2.235 -2.235 -2.235 -2.4878448 -0.5575
-1.095 -1.095 -0.0625 -0.295 -1.305 -0.235 -1.21 -2.27 -1.7725 -1.3525747 -1.88 -0.6825 -0.8775 -0.8775 -1.1475 -1.1364933 -0.345 -0.34500671 -0.3425 -1.3375 -1.3375 -1.3755059 -1.1875 -1.3099977 -1.31 -1.31 -1.0675 -1.045 -1.045 -1.36 -1.36 -1.0539 -0.475 -1.63 -1.4225 -1.8775 -1.455 -1.6025 -0.6175 -0.67160866 -1.0375 -1.0319899 -1.0225 -1.535 -1.535 -1.275 -1.275 -1.275 -2.235 -2.235 -1.875 -1.875 -1.8749995
-1.095 -1.095 -0.665 -1.0375 -0.955 -0.125 -1.4775 -0.65665664 -0.1475 -0.07 -0.6125 -0.3025 -0.6819944 -1.1475 -1.1475 -1.1474441 -0.6625 -0.6457049 -0.3425 -0.46 -0.46 -0.17 -0.17 -1.31 -1.31 -1.31 -1.045 -1.045 -1.045 -1.1375 -1.1375 -1.1374989 -1.5075 -1.5075 -2.465 -1.6725 -1.6225 -1.0175089 -1.1 -0.6725 -0.6725 -1.0125 -1.0225 -1.535 -0.96749998 -0.795 -1.1231568 -1.1225 -1.915 -1.915 -1.875 -1.875 -1.875
-1.095 -0.90941788 -0.82395904 -0.60749277 -0.6375 -0.5775 -1.4775 -0.655 -0.14750424 -0.070858606 -0.3024997 -0.3025 -0.37 -1.1475 -1.1475 -0.66250002 -0.6625 -0.66248179 -0.3425 -0.46 -0.4030499 -0.17 -0.17 -1.3099538 -1.31 -1.1448184 -0.8075 -0.8075 -0.80750003 -1.1375 -1.1375 -0.7325 -0.7325 -1.5075026 -2.465 -1.1650007 -1.6930553 -1.0175 -1.0175 -0.67250001 -1.0125 -1.0125 -1.0124997 -0.9675 -0.9675 -0.795 -1.1225 -1.1225 -1.915 -1.915 -1.875 -1.875 -1.875
-0.3475 -0.28969723 -0.25252866 -0.25507266 -0.63749984 -0.57750142 -1.4775 -0.66512449 -0.18247194 -0.14547627 -0.37 -0.37 -0.37 -0.37 -1.1473899 -0.6625 -0.6625 -0.65836829 -0.3425 -0.45982567 0.14 0.14 0.14 0.14 -1.2850511 -0.8075 -0.8075 -0.8075 -0.8075 -0.80751409 -0.7325 -0.7325 -0.7325 -0.7325 -1.165 -1.165 -1.165 -1.0258311 -1.0205981 -1.43 -1.43 -1.0125225 -1.3724861 -0.96753901 -0.9675 -0.795 -1.1225 -1.1225 -1.915 -1.915 -1.8751451 -1.875 -1.6196463
-0.3475 -0.2525 -0.2525 -0.2525 -0.2525 -0.25250014 -1.4751961 -1.0882577 -0.27577382 -0.36975831 -0.37 -0.37 -0.37 -0.37 -0.36999924 -0.66250001 -0.66249995 -0.64055018 -0.3425029 0.14 0.14 0.14 0.14 0.14 0.15647905 -0.26559098 -0.16250013 -0.1625 -0.1625 -0.1625 -0.73249998 -0.7325 -0.73249903 0.0775 0.0775 -1.165 -0.51363155 -0.495 -1.4299995 -1.43 -1.43 -1.43 -1.3725 -1.3725 -1.3725 -1.3684811 -1.1373344 -1.1375 -1.1375 -1.1375 -1.1375 -1.5150001 -1.515
-0.6125 -0.2525 -0.2525 -0.2525 -0.2525 -0.2525 -0.25250007 -0.70219578 0.68211566 0.6875 0.6875 0.6875 0.6875 0.6875 0.68749999 1.2849778 -0.6313673 -0.61868087 0.13993923 0.14 0.14 0.14 0.14 0.14000095 0.9025 0.9025 0.9024985 -0.1625 -0.1625 -0.16030232 0.935 0.935 0.0775 0.0775 0.0775 -0.40329143 -0.495 -0.495 -0.495 -1.43 -1.43 -1.43 -1.3725 -1.3725 -1.3725 -1.3725 -1.1375 -1.1375 -1.1375 -1.1375 -1.1375 -1.515 -1.515
-0.6125 -0.47847609 -0.2525 -0.2525 -0.2525 -0.2525 0.74730373 0.7475 0.7475 0.6875 0.6875 0.6875 0.6875 0.6875 0.82207027 1.2975 1.2975 1.2975 0.95750374 0.95999916 0.96 0.96 0.96 0.96 0.9025 0.9025 0.9025 0.9025 -0.1625 0.935 0.935 0.935 0.077500077 0.0775 0.0775 0.185 -0.49409966 -0.495 -0.495 -1.4299581 -1.3469801 -1.1533294 -1.3725 -1.3725 -1.8734493 -1.875 -1.875 -1.1381973 -1.5585236 -1.56 -1.5599999 -1.3375269 -1.5149996
-0.6125 0.31928426 0.049862507 -0.2525 -0.2525 0.74690915 0.7475 0.7475 0.7475 0.74706762 0.6875 0.6875 0.6875 0.68750007 1.2975 1.2975 1.2975 1.2975 0.96030148 0.96 0.96 0.96 0.96 0.96 0.9025 0.9025 0.9025 0.9025 0.90261821 0.935 0.935 0.935 1.2175 0.077538455 0.185 0.185 0.185 0.18280583 -1.1108401 -1.1525 -1.1525 -1.1525 -1.9525 -1.9525 -1.875 -1.875 -1.875 -1.56 -1.56 -1.56 -1.56 -1.3375 -1.3375
0.34446435 0.345 0.345 0.34500001 0.9175 0.74750439 0.7475 0.7475 0.7475 0.7475 0.68049702 0.68749879 0.6875 1.2975 1.2975 1.2975 1.2975 1.2975 1.2806689 0.96 0.96 0.96 0.96 0.96 1.0819097 1.3224977 1.3225 1.3225 1.3225 0.93500001 1.2175 1.2175 1.2175 1.2175 0.185 0.18499486 -0.01 -0.01 -1.1382342 -1.1525 -1.1525 -1.1525 -1.9525 -1.9525 -1.8869997 -1.875 -1.875 -1.56 -1.56 -1.56 -1.5576142 -1.3375 -1.3375
0.345 0.345 0.345 0.61459879 0.9175 0.9175 0.7475 0.7475 0.7475 0.7475 0.595 0.595 0.595 1.2975 1.2975 1.2975 1.2975 1.2975578 1.45 1.45 0.9600002 0.96 0.96438224 1.14 1.141643 1.3225 1.3225 1.3225 1.3225 1.2175107 1.2175 1.2175 1.2175 1.2175 -0.0099993145 -0.01 -0.01 -0.01 -0.014032377 -1.1525 -1.1525 -1.1525 -1.9525 -1.9525 -1.9525 -1.875 -1.875 -1.56 -1.56 -1.56 -1.3375 -1.3375 -1.3375
0.345 0.345 0.345 0.9175 0.9175 0.9175 0.91749974 0.7475 0.7475 0.59515742 0.595 0.595 0.595 0.59543769 1.5807978 1.6475 1.6475 1.6475 1.45 1.45 1.45 1.14 1.14 1.14 1.139902 1.0431908 1.3225 1.3225 1.3225 0.71572927 0.59756098 0.5975 0.5975 0.5975 -0.11093104 -0.25499944 -0.255 -0.255 -0.255 -1.2824822 -1.2825 -1.2825 -1.9525 -1.9525 -1.5200018 -1.52 -1.4525 -1.4525 -1.195 -1.195 -1.195 -1.3375 -1.2251006
0.3450004 0.345 0.34500002 0.9175 0.9175 0.9175 0.91749999 0.31500013 0.7457707 0.59507028 0.595 0.595 0.595 0.5970653 1.6475 1.6475 1.6475 1.6474999 1.45 1.45 1.45 1.14 1.14 1.14 0.79 0.79 1.055 1.055 1.055 1.0525042 0.5975 0.5975 0.5975 0.5975 0.17148405 -0.255 -0.255 -0.255 -0.255 -1.2825 -1.2825 -1.2825 -1.2899727 -1.52 -1.52 -1.52 -1.4525 -1.4525 -1.195 -1.195 -1.195 -1.225 -1.225
0.4725 0.41588667 0.485 0.48512548 0.9175 0.31848604 0.315 0.315 0.38969762 0.6725 0.6725 0.6725 0.6725 1.6999666 1.7 1.6475 1.6475 1.6422962 1.45 1.45 1.45 0.915 0.915 0.915 0.79 0.79 1.055 1.055 1.055 1.0549999 0.97999757 0.97999893 0.60711356 0.59791007 -0.31395734 -0.315 -0.315 -0.315 -0.315 -1.2825 -1.2825 -1.2825 -1.5069221 -1.52 -1.52 -1.52 -1.4525 -1.4525 -1.4524907 -1.195 -1.1950123 -1.47 -1.225
0.5124924 0.5125 0.485 0.485 0.485 0.315 0.315 0.315 0.52 0.52 0.6725 0.6725 0.6725 1.7 1.7 1.7 1.7 1.6999721 1.45 1.45 1.45 0.915 0.915 0.915 0.79 0.79 1.055 1.055 1.055 0.98084563 0.98 0.98 0.98 0.98 -0.314361 -0.315 -0.315 -0.315 -0.315 -0.69250015 -0.6925 -0.6925 -0.6925 -1.5199991 -1.4075 -1.4075 -1.4075 -1.605 -1.605 -1.605 -1.47 -1.47 -1.47
0.5125 0.5125 0.485 0.485 0.485 0.31589355 0.315 0.52 0.52 0.52 0.67248123 0.6725 0.85226744 1.6999998 1.7 1.7 1.7 0.97 0.97 0.97 1.3 1.2999997 0.91500188 0.915 0.91513831 1.2075 1.2075 1.2074996 1.0550246 0.90001594 0.90000043 0.90001397 0.97986327 0.97993096 -0.084409073 -0.315 -0.31498324 -0.31 -0.31 -0.6925 -0.6925 -0.6925 -0.6925 -1.4075 -1.4075 -1.4075 -1.4075 -1.605 -1.605 -1.605 -1.47 -1.47 -1.47
0.5125 0.5125 0.485 0.485 0.485 0.485 0.39172551 0.52 0.52 0.52 0.52020576 0.8925 0.8925 0.8925 1.6952412 1.7 0.97486454 0.97 0.97 0.97 1.3 1.3 1.3 1.3 1.2075 1.2075 1.2075 1.2075 1.2075 0.9 0.9 0.9 0.9 0.8999982 0.045 -0.31 -0.31 -0.31 -0.31 -0.31000264 -1.085 -1.085 -1.085 -1.1110347 -1.165 -1.165 -1.165 -1.605 -1.6050001 -1.69 -1.69 -0.93762954 -0.9375
0.5125 0.5125 0.49492557 0.485 0.485 0.485 0.35030167 0.51946425 0.52 0.52 0.89249985 0.8925 0.8925 0.8925 0.8925 0.9586997 0.97 0.97 0.97 0.97 1.2999974 1.3 1.3 1.3 1.2075 1.2075 1.2075 1.2075 1.2075 0.4658631 0.9 0.9 0.9 0.045 0.045 0.044724334 -0.31 -0.31 -0.56465728 -0.76249996 -1.085 -1.085 -1.085 -1.1105326 -1.165 -1.165 -1.165 -1.155 -1.683334 -1.69 -1.69 -0.9375 -0.9375
0.5875 0.5875 0.5875 0.51069957 0.48464595 0.35 0.35 0.35 0.35 0.185 0.185 0.89249995 0.8925 0.8925 0.8925 0.89250486 0.97 0.97 0.97 0.97 1.1559987 1.3 1.3 1.3124309 1.7497299 1.2075 1.2075 1.2075 0.3125 0.3125 0.3125 0.31250247 0.045 0.045 0.045 0.045 -0.7625 -0.7625 -0.7625 -0.7625 -0.8775 -0.8775 -0.8775 -1.1174952 -1.1175 -1.1175 -1.1175 -1.155 -1.155 -1.6893481 -1.69 -0.9374997 -0.9375
0.5875 0.5875 0.5875 0.58748142 0.2425 0.25813227 0.35 0.35 0.35 0.185 0.185 0.185 -0.43999994 -0.44 -0.44 -0.43999999 0.96665692 0.97 0.97 0.97 0.97502991 1.7749987 1.775 1.775 1.775 1.775 0.8825 0.8825 0.3125 0.3125 0.3125 0.3125 0.044999998 0.045 0.045 0.044999796 -0.7625 -0.7625 -0.7625 -0.76199551 -0.8775 -0.8775 -0.8775 -1.1174889 -1.1175 -1.1175 -1.1175 -1.155 -1.155 -1.155 -0.8775 -0.8775 -0.7275
0.5875 0.5875 0.5875 0.2425008 0.2425 0.2425 0.34999996 0.35 0.35 0.185 0.185 0.185 -0.44 -0.44 -0.44 -0.47160621 -0.855 -0.855 -0.85499529 0.95969193 1.775 1.775 1.775 1.775 1.775 1.7743283 0.8825 0.8825 0.8825 0.3125 0.3125 0.31270114 0.0425 0.0425 0.0425 -0.37 -0.37 -0.6475 -0.6475 -0.6475 -0.65 -0.87742864 -0.87749903 -0.7475 -0.7475 -0.76152258 -1.1174991 -1.155 -1.155 -0.8775 -0.8775 -0.8775 -0.7275
0.5875 0.5875 0.5875 0.2425 0.2425 0.2425 0.2425 0.35 0.35 0.185 0.185 -0.41500901 -0.44 -0.44 -0.44 -0.855 -0.855 -0.855 -0.855 -0.855 1.775 1.775 1.775 1.775 1.775 0.88250304 0.8825 0.8825 0.8825 0.625 0.625 0.625 0.0425 0.0425 0.0425 -0.37 -0.37 -0.6475 -0.6475 -0.65 -0.65 -0.65 -0.7475 -0.7475 -0.7475 -0.7475 -0.74483021 -0.715 -0.715 -0.715 -0.8775 -0.7175 -0.7175
0.5875 0.5875 0.58701957 0.2425 0.2425 0.2425 0.2425 0.10207826 0.095 0.095154518 0.18499997 -0.44001842 -0.44 -0.44 -0.44000144 -0.855 -0.855 -0.855 -0.855 -0.855 -0.94150755 1.775 1.775 1.775 1.7748594 0.88251182 0.8825 0.8825 0.8825 0.625 0.625 0.625 0.62491571 0.0425 -0.37 -0.37 -0.37 -0.37001127 -0.64750017 -0.65 -0.65 -0.65 -0.74749408 -0.7475 -0.7475 -0.7475 -0.71500186 -0.715 -0.715 -0.715 -0.7175 -0.7175 -0.7175
0.675 0.67499985 0.24269672 0.2425 0.2425 0.2425 0.095031386 0.095 0.095 0.095 -0.65999998 -0.66 -0.66 -0.66 -0.85409997 -0.855 -0.855 -0.855 -0.855 -1.0574999 -1.0575 -1.0575 1.0925001 1.0925 1.0925 1.0925 1.0743743 0.8825 0.60001157 0.6 0.6 0.6 0.6 -0.16 -0.16 -0.16 -0.16 -0.16 -1.11 -1.11 -1.11 -1.11 -1.11 -0.89977012 -0.9 -0.9 -0.9 -0.715 -0.715 -0.715 -0.71749961 -0.7175 -0.7175
0.675 0.675 0.67070898 0.16250016 0.16250002 0.16243426 0.095 0.095 0.095 0.095 -0.66 -0.66 -0.66 -0.66 -0.66 -0.855 -0.855 -0.855 -1.0574999 -1.0575 -1.0575 -1.0575 1.0925 1.0925 1.0925 1.0925 1.0925 1.0924551 0.60033982 0.6 0.6 0.6 0.60013651 0.23116212 -0.15959497 -0.16 -0.16 -0.15999999 -1.11 -1.11 -1.11 -1.11 -1.11 -0.9 -0.9 -0.9 -0.9 -0.81349039 -0.715 -0.5221756 -0.52 -0.265 -0.265
0.675 0.675 0.16256492 0.1625 0.1625 0.1625 0.14535528 0.095 0.095 0.095 -0.66 -0.66 -0.66 -0.66 -0.66 -0.85485609 -0.855 -1.0574406 -1.0575 -1.0575 -1.0575 -1.0575 0.29601857 1.0925 1.0925 1.0925 1.0925 1.0927747 1.48 1.48 1.48 1.48 1.48 0.53 0.53 0.53 0.53 0.53 -0.8575 -0.8575 -0.8575 -0.8575 -0.8575 -0.89887073 -0.89999976 -0.9 -0.8999216 -0.890512 -0.52 -0.52 -0.52 -0.26500143 -0.265
0.67499944 0.37594627 0.16250003 0.1625 0.1625 0.1625 0.1625 0.095028741 0.095 0.095 -0.66 -0.66 -0.66 -0.66 -1.3200073 -1.335 -1.335 -1.0575071 -1.0575 -1.0575 -1.0575 -1.0575 -1.0574998 1.0925 1.0925 1.0925 1.0925 2.0974994 2.0974997 1.966081 1.48 1.48 1.48 0.53 0.53 0.53 0.53 0.53015239 -0.8575 -0.8575 -0.8575 -0.8575 -0.85744771 -0.4375 -0.4375 -0.4375 -0.4375 -0.43750665 -0.52 -0.52 -0.52 -0.52 -0.51870769
0.37 0.37 0.22979835 0.1625 0.1625 0.1625 0.1625 0.1625 0.09502606 -1.0275 -1.0275 -1.0275 -1.0266278 -1.334999 -1.335 -1.335 -1.335 -1.335 -1.057497 -1.0318569 -0.8075 -0.8075 -0.8075 -0.32783404 1.0236687 0.65536558 0.34565563 2.0975 2.0975 2.0975 2.0975 2.0975 2.0674205 0.76254773 0.755 0.755 0.755 0.755 -0.72928949 -0.17500123 -0.175 -0.175 -0.175 -0.28000046 -0.43749996 -0.4375 -0.4375 0.08 -0.51999039 -0.52 -0.52 -0.5225 -0.5225
0.37 0.37 -0.31749999 -0.3175 -0.3175 0.16234011 0.1625 0.1625 -1.0275 -1.0275 -1.0275 -1.0275 -1.0275 -1.335 -1.335 -1.335 -1.335 -1.335 -0.8075 -0.8075 -0.8075 -0.8075 -0.8075 0.23249995 0.2325 0.2325 0.2325 2.0975 2.0975 2.0975 2.0975 2.0975 1.4275 1.4275 0.755 0.755 0.755 0.57503065 0.575 -0.175 -0.175 -0.175 -0.175 -0.28 -0.28 -0.28 0.08 0.08 0.08 0.09 0.09 -0.5225 -0.5225
0.37 0.37 -0.3175 -0.3175 -0.3175 -0.3175 -0.31750391 -1.03 -1.0275024 -1.0275 -1.0275 -1.0275 -1.0275 -1.3311642 -1.335 -1.335 -1.335 -1.335 -0.80750001 -0.8075 -0.8075 -0.8075 -0.8075 0.2325 0.2325 0.2325 0.2325 0.23250755 2.0975 2.0975 2.0975 1.4275351 1.4275 1.4275 1.4275 0.755 0.575 0.575 0.575 0.55526609 -0.175 -0.175 -0.175 -0.28 -0.28 -0.28 0.08 0.08 0.08 0.09 0.09 0.09 0.45567366
