interpolatedSpi/06-07|23_2.tif
NCOLS 53
NROWS 52
XLLCORNER -116.03883
YLLCORNER 28.596182
DX 0.49850594
DY 0.49788537
NODATA_VALUE -9999
1.495 1.495 1.2586239 1.69 1.245 1.625 1.29 0.675 -0.20022151 -0.39 -0.25 0.275 -0.17503129 -0.555 -0.53 -0.53 -0.53 -0.965 -0.32 -0.32 -0.32 -0.31999658 0.034999991 -0.89 -0.89 -0.89 -0.54500149 -0.545 -0.545 -1.535 -1.535 -1.535 -1.535 -1.8699999 -1.87 -1.87 -1.87 -1.87 -1.87 -1.8699999 0.26203693 0.28513202 0.805 0.805 0.805 0.805 0.80193749 -1.07 -1.07 -1.07 -0.48500121 -0.485 -0.485 
1.4949696 0.81 1.2949996 1.1666934 1.4149118 1.125 1.095 0.24536841 -0.49 -0.385 0.66 -0.175 -0.175 -0.33075026 -0.55499706 -0.53 -0.965 -0.965 -0.32084099 -0.32 -0.32 -0.32 -0.93632064 -0.89 -0.89 -0.89 -0.24500004 -0.245 -1.535 -1.535 -1.535 -1.535 -1.535 -1.87 -1.87 -1.87 -1.87 -1.87 -1.87 -1.3796347 1.2797095 0.86263564 0.805 0.805 0.805 0.805 0.805 -1.07 -1.07 -1.07 -1.0214912 -0.485 -0.485 
1.5449974 1.545 0.99 0.895 1.46 1.565 0.85 0.95 -0.375 -1.235 -0.59 0.45 0.34 -1.355 -0.33 -1.035 -0.965 -0.965 -0.965 -0.0050915714 -0.005 -0.005 -1.77 -0.89 -0.89 -0.89 -0.245 -0.245 -0.245 -1.535 -1.535 -1.535 -1.267823 -1.8679807 -1.864136 -1.245773 -1.24 -1.24 -0.92305041 1.28 1.28 1.2793926 0.805 0.805 0.805 0.805 0.805 -1.07 -1.07 -1.07 -1.07 -0.485 -0.485 
1.725 1.5449998 0.5947955 0.845 0.12 0.305 0.25 -0.31 0.645 -0.39168765 -0.39 -1.025 -0.515 -1.355 -0.195 -1.035 -1.0201148 -1.0199615 -0.725 -0.005 -0.005 -1.155 -1.77 -1.77 -0.89 -0.88999678 -0.245 -0.245 -0.245 -1.465 -1.1988913 -0.98 -0.98 -0.9800002 -1.24 -1.24 -1.24 -1.24 1.28 1.28 1.28 1.28 0.805 0.805 0.805 0.805 0.805 -1.0699763 -1.07 -1.07 -1.07 -0.48508199 -0.485 
1.725 0.29500055 0.595 0.064829031 0.12 -0.355 -0.25501917 -0.86 -1.145 0.044999474 -0.28401903 -0.42490188 0.26 -0.195 -0.195 -0.75680682 -1.02 -1.02 -0.725 -0.725 -0.0050022788 -1.155 -0.49 -0.015 -0.445 -0.44494499 -0.245 -0.245 -1.465 -1.465 -0.98 -0.98 -0.98 -0.94699955 -1.24 -1.24 -1.24 1.28 1.28 1.28 1.28 1.2796892 0.80499996 0.805 0.805 0.805 0.805 0.78831018 -1.07 -1.0700863 -2.995 -2.995 -2.995 
-0.815 0.085 -0.19499998 0.215 -0.285 -1.32 -1.35 -1.287266 -0.32 -0.71 -2.235 -0.785 -0.78499931 -1.715 -1.715 -0.91999276 -0.92 -1.95 -1.95 -0.72500084 -0.995 -0.995 -0.015 -0.445 -0.445 -0.21 -0.755 -0.755 -0.78506285 -1.465 -0.98 -0.98 -0.805 -0.80493679 -0.20004341 -0.315 -0.315 0.78655034 1.28 1.28 -1.935984 -1.94 -1.9399974 -0.78640256 -0.81482096 -0.81499957 -0.81499994 -0.8149994 -2.2334462 -2.995 -2.995 -2.995 -2.995 
0.2950092 -0.37 -0.050889905 -0.505 -0.93 -1.27 -0.83 -1.13 -1.78 -1.78 -2.235 -2.275 -2.0599998 -1.715 -0.89000247 -0.89 -0.92 -0.895 -1.68 -1.68 -0.54494203 -0.04 -0.04 -0.35 -0.21 -0.21 -0.755 -0.755 -0.78504808 -0.78588516 -0.59314483 -0.805 -0.805 -0.2 -0.2 -0.98763045 -0.315 -0.315 -0.98497678 -1.9399987 -1.94 -1.94 -1.9399852 -0.81500304 -0.815 -0.815 -0.815 -0.81500079 -2.145 -2.9948316 -2.995 -2.995 -2.995 
0.295 -0.775 -0.455 -1.495 -0.82503841 -1.335 -2.15 -2.635 -2.14 -2.24 -2.24 -1.245 -2.06 -2.06 -0.89802728 -1.4501155 -1.505 -1.225 -1.5500001 -1.68 -0.73032395 -0.645 -0.425 -0.64 -0.64000813 -1.27 -1.615 -1.6149997 -1.6071091 -1.61 -0.59 -0.50034448 -0.77 -0.2 -0.2309455 -1.55 -1.55 -0.985 -0.985 -1.94 -1.94 -1.94 -1.3579267 -1.36 -0.815 -0.815 -0.815 -2.1449494 -2.145 -2.145 -2.995 -2.995 -2.995 
-0.88575234 -0.775 -0.465 -1.29 -1.02 -2.12 -1.035 -1.53 -2.375 -1.6254086 0.355 -1.435 -1.435 -0.915 -0.9150056 -0.62745263 -0.625 -0.625 -1.2746117 -1.1000001 -1.65 -1.65 -0.975 -0.64174596 -1.2065126 -1.27 -1.42 -1.615 -1.3763946 -1.375 -0.425 -0.2 0.034195996 -1.13 -1.285 -1.77 -1.1 -0.135 -0.33990534 -1.9353577 -0.9 -0.95 -1.3599219 -1.36 -1.3569324 -0.815 -1.4 -2.145 -2.145 -2.145 -2.145 -2.8885461 -1.255 
-1.505 -1.505 -0.31 -0.41 -1.965 -0.34 -1.225 -2.435 -2.26 -1.4350617 -2 -0.755 -0.915 -0.915 -1.51 -1.4978618 -0.625 -0.6249103 -0.18 -1.1 -1.1 -1.1708584 -0.975 -0.52000862 -0.52 -0.52 -1.42 -1.63 -1.63 -1.375 -1.375 -0.19911807 0.265 -1.13 -1.535 -1.77 -1.1 -1.57 -0.34 -0.67940865 -0.95 -0.92428624 -0.88 -1.36 -1.36 -1.4 -1.4 -1.4 -2.145 -2.145 -2.14 -2.14 -2.1399997 
-1.505 -1.505 -1.37 -1.645 -1.37 -0.445 -1.64 -0.47170338 -0.075 0.105 -1.025 0.215 -0.75370888 -1.51 -1.51 -1.5099054 -0.69 -0.66323281 -0.18 -0.29 -0.29 0.525 0.525 -0.52 -0.52 -0.52 -1.63 -1.63 -1.63 -1.125 -1.125 -1.1249977 -1.27 -1.27 -2.845 -1.755 -1.83 -0.80501068 -0.975 -0.685 -0.685 -0.51000122 -0.88 -1.36 -1.1949998 -0.945 -1.3004307 -1.3 -2.21 -2.21 -2.14 -2.14 -2.14 
-1.505 -1.4467837 -1.4873523 -0.81000077 -1.21 -0.745 -1.64 -0.47 -0.075003299 0.10300582 0.21499986 0.215 -0.185 -1.51 -1.51 -0.69000003 -0.69 -0.68997097 -0.18 -0.29 -0.12995058 0.525 0.525 -0.51995797 -0.52 -0.61368508 -0.805 -0.805 -0.8050001 -1.125 -1.125 -0.505 -0.505 -1.2700043 -2.845 -0.73500118 -1.8668806 -0.805 -0.805 -0.68499999 -0.51 -0.51 -0.51000501 -1.195 -1.195 -0.945 -1.3 -1.3 -2.21 -2.21 -2.14 -2.14 -2.14 
-0.74 -0.42013571 -0.3350482 -0.3384489 -1.2099978 -0.74501098 -1.64 -0.48440201 -0.10221954 -0.070299722 -0.185 -0.185 -0.185 -0.185 -1.5098123 -0.69 -0.69 -0.68341509 -0.18 -0.28977507 0.485 0.485 0.485 0.485 -0.50324358 -0.805 -0.805 -0.805 -0.805 -0.80506635 -0.505 -0.505 -0.505 -0.505 -0.735 -0.735 -0.735 -0.80308894 -0.80826709 -1.24 -1.24 -0.51003927 -1.4049928 -1.1950202 -1.195 -0.945 -1.3 -1.3 -2.21 -2.21 -2.140254 -2.14 -2.165539 
-0.74 -0.335 -0.335 -0.335 -0.335 -0.33500018 -1.6377089 -1.0863482 -0.17483873 -0.18487687 -0.185 -0.185 -0.185 -0.185 -0.18499912 -0.69000001 -0.68999992 -0.65501748 -0.18000495 0.485 0.485 0.485 0.485 0.485 0.49493859 -0.38256186 -0.37000009 -0.37 -0.37 -0.37 -0.50499998 -0.505 -0.50499916 0.195 0.195 -0.735 -0.16626784 -0.15 -1.2399994 -1.24 -1.24 -1.24 -1.405 -1.405 -1.405 -1.4017988 -1.3943082 -1.395 -1.395 -1.395 -1.395 -2.325 -2.325 
-0.94 -0.335 -0.335 -0.335 -0.335 -0.335 -0.33500008 -0.7779235 1.0431123 1.05 1.05 1.05 1.05 1.05 1.05 1.7552021 -0.65091564 -0.6201634 0.48491622 0.485 0.485 0.485 0.485 0.4850008 0.945 0.945 0.94499815 -0.37 -0.37 -0.36723663 1.01 1.01 0.195 0.195 0.195 -0.094734686 -0.15 -0.15 -0.15 -1.24 -1.24 -1.24 -1.405 -1.405 -1.405 -1.405 -1.395 -1.395 -1.395 -1.395 -1.395 -2.325 -2.325 
-0.94 -0.71476537 -0.335 -0.335 -0.335 -0.335 0.68479981 0.685 0.68500001 1.05 1.05 1.05 1.05 1.05 1.208837 1.77 1.77 1.77 1.1679152 1.1699993 1.17 1.17 1.17 1.17 0.945 0.945 0.945 0.945 -0.37 1.01 1.01 1.01 0.19500007 0.195 0.195 0.005 -0.14979478 -0.15 -0.15 -1.2400505 -1.341718 -1.5789838 -1.405 -1.405 -2.33213 -2.335 -2.335 -1.3961784 -2.1075014 -2.1099999 -2.1099999 -1.7800826 -2.3249989 
-0.94 0.20344271 -0.046553759 -0.335 -0.335 0.68439734 0.685 0.685 0.685 0.68763029 1.05 1.05 1.05 1.0500001 1.77 1.77 1.77 1.77 1.170536 1.17 1.17 1.17 1.17 1.17 0.94500001 0.945 0.945 0.945 0.94523643 1.01 1.01 1.01 1.125 0.19500312 0.005 0.005 0.005 -0.003365895 -1.4894466 -1.58 -1.58 -1.58 -2.03 -2.03 -2.335 -2.335 -2.335 -2.11 -2.11 -2.11 -2.11 -1.78 -1.78 
0.23424796 0.235 0.235 0.235 0.59 0.68499755 0.685 0.685 0.685 0.685 1.0110101 1.0499933 1.05 1.77 1.77 1.77 1.77 1.77 1.712547 1.17 1.17 1.17 1.17 1.17 1.1846269 1.3799976 1.38 1.38 1.38 1.01 1.125 1.125 1.125 1.125 0.005 0.0049799858 -0.755 -0.755 -1.5696986 -1.58 -1.58 -1.58 -2.03 -2.03 -2.2877755 -2.335 -2.335 -2.11 -2.11 -2.11 -2.1064615 -1.78 -1.78 
0.235 0.235 0.235 0.4021748 0.59 0.59 0.685 0.685 0.685 0.685 0.535 0.535 0.535 1.77 1.77 1.77 1.77 1.7700471 1.605 1.605 1.1700002 1.17 1.1718259 1.245 1.2462153 1.38 1.38 1.38 1.38 1.125026 1.125 1.125 1.125 1.125 -0.75499733 -0.755 -0.755 -0.755 -0.75789155 -1.58 -1.58 -1.58 -2.03 -2.03 -2.03 -2.335 -2.335 -2.11 -2.11 -2.11 -1.78 -1.78 -1.78 
0.235 0.235 0.235 0.59 0.59 0.59 0.59000015 0.685 0.685 0.53515484 0.535 0.535 0.535 0.53576947 2.0006854 2.055 2.055 2.055 1.605 1.605 1.605 1.245 1.245 1.245 1.2449174 1.1544545 1.38 1.38 1.38 0.50470599 0.35507573 0.355 0.355 0.355 -0.68087291 -0.5800004 -0.58 -0.58 -0.58 -0.78510878 -0.785 -0.785 -2.03 -2.03 -1.310003 -1.3100001 -1.65 -1.65 -1.58 -1.58 -1.58 -1.78 -1.4702772 
0.23499994 0.235 0.23500001 0.59 0.59 0.59 0.58999999 -0.10499977 0.68184127 0.53504534 0.535 0.535 0.535 0.53798266 2.055 2.055 2.055 2.0549999 1.605 1.605 1.605 1.245 1.245 1.245 0.95 0.95 1.005 1.005 1.005 1.001454 0.355 0.355 0.355 0.355 -0.11224329 -0.58 -0.58 -0.58 -0.58 -0.785 -0.785 -0.785 -0.80151851 -1.31 -1.31 -1.31 -1.65 -1.65 -1.58 -1.58 -1.58 -1.47 -1.47 
0.215 0.22875943 0.39 0.39005802 0.59 -0.10097875 -0.105 -0.105 0.0079573747 0.58499999 0.585 0.585 0.585 1.9999539 2 2.055 2.055 2.0431432 1.605 1.605 1.605 0.995 0.995 0.995 0.95 0.95 1.005 1.005 1.005 1.0049999 0.82999698 0.82999867 0.36693841 0.35550923 -0.60889732 -0.61 -0.61 -0.61 -0.61 -0.785 -0.785 -0.785 -1.2810918 -1.31 -1.31 -1.31 -1.65 -1.65 -1.6499975 -1.58 -1.5800076 -1.75 -1.47 
0.29498481 0.29500002 0.39 0.39 0.39 -0.105 -0.105 -0.105 0.205 0.205 0.585 0.585 0.585 2 2 2 2 1.9999564 1.605 1.605 1.605 0.995 0.995 0.995 0.95 0.95 1.005 1.005 1.005 0.83197314 0.83 0.83 0.83 0.83 -0.60928945 -0.61 -0.61 -0.61 -0.61 -0.63500004 -0.635 -0.635 -0.635 -1.3099987 -1.14 -1.14 -1.14 -1.42 -1.42 -1.42 -1.75 -1.75 -1.75 
0.295 0.295 0.39 0.39 0.39 -0.10239819 -0.105 0.205 0.205 0.205 0.58495322 0.585 0.89550739 1.9999998 2 2 2 1.105 1.105 1.105 1.295 1.2949998 0.99500146 0.995 0.9951089 1.2 1.2 1.1999995 1.0050315 0.94497708 0.94499939 0.94497992 0.83019655 0.83009924 -0.35345658 -0.60999991 -0.60924597 -0.385 -0.385 -0.635 -0.635 -0.635 -0.635 -1.14 -1.14 -1.14 -1.14 -1.42 -1.42 -1.42 -1.75 -1.75 -1.75 
0.295 0.295 0.39 0.39 0.39 0.39 0.011023945 0.205 0.205 0.205 0.20541981 0.965 0.965 0.965 1.9939005 2 1.1109641 1.105 1.105 1.105 1.295 1.295 1.295 1.295 1.2 1.2 1.2 1.2 1.2 0.945 0.945 0.945 0.945 0.94499862 0.29 -0.385 -0.385 -0.385 -0.385 -0.38500256 -1.155 -1.155 -1.155 -1.1078158 -1.01 -1.01 -1.01 -1.42 -1.42 -1.46 -1.46 -1.1851375 -1.185 
0.295 0.295 0.35571167 0.39 0.39 0.38999999 0.025319413 0.20443274 0.205 0.205 0.96499978 0.965 0.965 0.965 0.965 1.0498564 1.105 1.105 1.105 1.105 1.2949985 1.295 1.295 1.295 1.2 1.2 1.2 1.2 1.2 0.50532093 0.945 0.945 0.945 0.29 0.29 0.28947585 -0.385 -0.385 -0.71985322 -0.97999995 -1.155 -1.155 -1.155 -1.1089106 -1.01 -1.01 -1.01 -1.165 -1.4563243 -1.46 -1.46 -1.185 -1.185 
0.265 0.265 0.265 0.35865906 0.38936213 0.025 0.025 0.025 0.025 -0.079999999 -0.08 0.96499993 0.965 0.965 0.965 0.96500882 1.105 1.105 1.105 1.105 1.2120902 1.295 1.295 1.3190768 2.1698032 1.2 1.2 1.2 0.35 0.35 0.35 0.3500025 0.29 0.29 0.29 0.29 -0.98 -0.98 -0.98 -0.98 -1.105 -1.105 -1.105 -1.1499991 -1.15 -1.15 -1.15 -1.165 -1.165 -1.4596406 -1.46 -1.1850003 -1.185 
0.265 0.265 0.265 0.26498331 -0.045 -0.03482085 0.025 0.025 0.025 -0.08 -0.08 -0.08 -0.35999994 -0.36 -0.36 -0.35999998 1.1020324 1.105 1.105 1.105 1.1079313 2.2149975 2.215 2.215 2.215 2.215 1.54 1.54 0.35 0.35 0.35 0.35 0.28999992 0.29 0.29 0.28999104 -0.97999999 -0.98 -0.98 -0.97925424 -1.105 -1.105 -1.105 -1.1499979 -1.15 -1.15 -1.15 -1.165 -1.165 -1.165 -1.245 -1.245 -1.155 
0.265 0.265 0.265 -0.044999286 -0.045 -0.045 0.024999974 0.025 0.025 -0.08 -0.08 -0.08 -0.36 -0.36 -0.36 -0.37180473 -0.515 -0.515 -0.51499582 1.0958498 2.215 2.215 2.215 2.215 2.215 2.214492 1.54 1.54 1.54 0.35 0.35 0.35037332 0.18 0.18 0.18 -0.325 -0.325 -0.81 -0.81 -0.81 -0.695 -1.1048714 -1.1050008 -1.21 -1.21 -1.2077261 -1.1500002 -1.165 -1.165 -1.245 -1.245 -1.245 -1.155 
0.265 0.265 0.265 -0.045 -0.045 -0.045 -0.045 0.025 0.025 -0.08 -0.08 -0.34880404 -0.36 -0.36 -0.36 -0.515 -0.515 -0.515 -0.515 -0.515 2.215 2.215 2.215 2.215 2.215 1.5400023 1.54 1.54 1.54 0.93 0.93 0.93 0.18 0.18 0.18 -0.325 -0.325 -0.81 -0.81 -0.695 -0.695 -0.695 -1.21 -1.21 -1.21 -1.21 -1.2149288 -1.27 -1.27 -1.27 -1.245 -0.87 -0.87 
0.265 0.265 0.26456831 -0.045 -0.045 -0.045 -0.045 -0.045 -0.045 -0.04506009 -0.080000023 -0.36002596 -0.36 -0.36 -0.36000054 -0.515 -0.515 -0.515 -0.515 -0.515 -0.39842355 2.215 2.215 2.215 2.2148908 1.5400082 1.54 1.54 1.54 0.93 0.93 0.93 0.92989186 0.18 -0.325 -0.325 -0.325 -0.32501956 -0.80999216 -0.695 -0.695 -0.695 -1.2099687 -1.21 -1.21 -1.21 -1.2699988 -1.27 -1.27 -1.27 -0.87 -0.87 -0.87 
0.125 0.12500024 -0.044830959 -0.045 -0.045 -0.045 -0.045 -0.045 -0.045 -0.045 -0.66999998 -0.67 -0.67 -0.67 -0.51571534 -0.515 -0.515 -0.515 -0.515 -0.51 -0.51 -0.51 1.6850001 1.685 1.685 1.685 1.6724846 1.54 0.94502437 0.945 0.945 0.945 0.945 0.215 0.215 0.215 0.215 0.215 -0.995 -0.995 -0.995 -0.995 -0.995 -1.1550829 -1.155 -1.155 -1.155 -1.27 -1.27 -1.27 -0.87006302 -0.87 -0.87 
0.125 0.125 0.12139978 -0.30499948 -0.30499994 -0.30474636 -0.045 -0.045 -0.045 -0.045 -0.67 -0.67 -0.67 -0.67 -0.67 -0.515 -0.515 -0.515 -0.51 -0.51 -0.51 -0.51 1.685 1.685 1.685 1.685 1.685 1.6849686 0.94524135 0.945 0.945 0.945 0.94509696 0.58348605 0.21538155 0.215 0.215 0.21500001 -0.995 -0.995 -0.995 -0.995 -0.995 -1.155 -1.155 -1.155 -1.155 -1.2087762 -1.27 -1.0672872 -1.065 -0.96 -0.96 
0.125 0.125 -0.30494553 -0.305 -0.305 -0.305 -0.2389611 -0.045 -0.045 -0.045 -0.67 -0.67 -0.67 -0.67 -0.67 -0.51512231 -0.515 -0.51000147 -0.51 -0.51 -0.51 -0.51 0.87184803 1.685 1.685 1.685 1.685 1.6849188 1.57 1.57 1.57 1.57 1.57 0.865 0.865 0.865 0.865 0.865 -0.725 -0.725 -0.725 -0.725 -0.725 -1.1539379 -1.1549998 -1.155 -1.1549263 -1.1461147 -1.065 -1.065 -1.065 -0.96000059 -0.96 
0.12499936 -0.21327389 -0.30499999 -0.305 -0.305 -0.305 -0.305 -0.045110705 -0.045 -0.045 -0.67 -0.67 -0.67 -0.67 -0.9975592 -1.005 -1.005 -0.51001274 -0.51 -0.51 -0.51 -0.51 -0.50999973 1.685 1.685 1.685 1.685 2.1549994 2.1549997 2.0304978 1.57 1.57 1.57 0.865 0.865 0.865 0.865 0.86497968 -0.725 -0.725 -0.725 -0.725 -0.72496591 -0.72 -0.72 -0.72 -0.72 -0.72002782 -1.065 -1.065 -1.065 -1.0650004 -1.6299853 
-0.22 -0.22 -0.26756107 -0.305 -0.305 -0.305 -0.305 -0.305 -0.045113007 -0.92999999 -0.93 -0.93 -0.92938297 -1.0049995 -1.005 -1.005 -1.005 -1.005 -0.50999436 -0.46179093 -0.04 -0.04 -0.04 0.39581382 1.6285744 1.3266514 1.0725591 2.155 2.155 2.155 2.155 2.155 2.1314585 0.847458 0.835 0.835 0.835 0.835 -0.64140469 -0.2800008 -0.28 -0.28 -0.28 -0.48500069 -0.71999994 -0.72 -0.72 -0.26 -1.0649871 -1.065 -1.065 -1.64 -1.64 
-0.22 -0.22 -0.435 -0.435 -0.435 -0.3050433 -0.305 -0.305 -0.93 -0.93 -0.93 -0.93 -0.93 -1.005 -1.005 -1.005 -1.005 -1.005 -0.04 -0.04 -0.04 -0.04 -0.04 0.97999995 0.98 0.98 0.98 2.155 2.155 2.155 2.155 2.155 1.945 1.945 0.83500001 0.835 0.835 0.54504939 0.545 -0.28 -0.28 -0.28 -0.28000001 -0.485 -0.485 -0.485 -0.26 -0.26 -0.26 -0.04 -0.04 -1.64 -1.64 
-0.22 -0.22 -0.435 -0.435 -0.435 -0.435 -0.43499997 -0.43 -0.92952923 -0.93 -0.93 -0.93 -0.93 -1.0040644 -1.005 -1.005 -1.005 -1.005 -0.040000019 -0.04 -0.04 -0.04 -0.04 0.98 0.98 0.98 0.98 0.98000475 2.155 2.155 2.155 1.945011 1.945 1.945 1.945 0.835 0.545 0.545 0.545 0.5232927 -0.31372034 -0.32 -0.32 -0.485 -0.485 -0.485 -0.26 -0.26 -0.26 -0.04 -0.04 -0.04 -0.29501122 
-0.105 -0.1050009 -0.435 -0.435 -0.435 -0.435 -0.43 -0.43 -0.43 -0.93 -0.93 -0.93 -0.93 -0.93002332 -1.005 -1.005 -1.005 -1.005 -0.040017331 -0.040000001 -0.04 -0.040000013 0.80028685 0.98 0.98 0.98 0.98 0.92500004 0.925 0.92500001 2.1417909 1.945 1.945 1.945 1.9449988 0.68000002 0.545 0.545 0.545 0.54499999 -0.32 -0.32 -0.32 -0.415 -0.415 -0.415 0.029971758 -0.26 -0.26 -0.040000001 -0.04 -0.04 -0.15500028 
-0.105 -0.105 -0.435 -0.435 -0.435 -0.43 -0.43 -0.43 -0.43 -0.87519121 -0.93 -0.93 -0.93 -0.9300014 -1.3249632 -1.325 -1.325 -1.325 -0.99596081 -0.875 -0.875 -0.875 -0.875 0.98 0.98 0.98 0.97999637 0.925 0.925 0.925 0.925 1.9447577 1.2334741 0.68 0.68 0.68 0.54434718 0.37000364 0.37 0.37 -0.3197141 0.044999989 0.045 -0.415 -0.415 -0.41499812 0.03 0.03 -0.235 -0.235 -0.235 0.16 -0.255 
-0.105 -0.105 -0.355 -0.355 -0.355 -0.43 -0.43 -0.43 -0.43 -0.915 -0.915 -0.915 -0.915 -0.94389366 -1.325 -1.325 -1.325 -1.325 -1 -0.875 -0.875 -0.875 -0.875 -0.355 -0.35499947 0.97999803 0.925 0.925 0.925 0.925 0.6060466 0.295 0.63419028 0.68 0.68 0.68 0.37 0.37 0.37 0.37 0.045 0.045 0.045 0.65480765 0.655 0.032809331 0.03 0.03 -0.2349973 -0.235 0.16 0.16 -0.255 
-0.105 -0.355 -0.355 -0.355 -0.355 -0.355 -0.43892733 -1.58 -1.58 -0.915 -0.915 -0.915 -0.915 -0.9150971 -1.325 -1.325 -1.325 -1.3103155 -1 -1 -0.875 -0.875 -0.355 -0.355 -0.355 -0.355 0.925 0.925 0.925 0.925 0.295 0.295 0.295 0.67961041 0.68 0.68 0.37 0.37 0.37 0.37 0.045 0.045 0.045 0.655 0.655 0.65500708 0.78 0.78 0.325 0.325 0.16 0.16 -0.255 
-0.35265219 -0.355 -0.355 -0.355 -0.355 -0.355 -1.58 -1.58 -1.58 -1.2240642 -0.915 -0.915 -0.915 -0.9150061 -1.325 -1.325 -1.325 -1 -1 -1 -0.87500624 -0.87499682 -0.355 -0.355 -0.355 -0.355 0.92490902 0.925 0.925 0.29514488 0.295 0.295 0.295 0.295 0.67746867 -0.43 -0.43 -0.41615461 0.37 0.37 0.045000287 0.045 0.63726412 0.655 0.655 0.77999996 0.78 0.78 0.325 0.325 0.235 0.235 0.635 
-0.355 -0.355 -0.355 -0.355 -0.355 -0.355 -1.58 -1.58 -1.58 -1.58 -1.1349937 -1.135 -1.135 -1.135 -1.3249995 -1.2512839 -1.21 -1.21 -1.0003871 -1 -0.99999998 -0.35500076 -0.355 -0.355 -0.355 -0.355 -0.35406937 0.925 0.92497847 0.295 0.295 0.295 0.295 0.295 -0.43 -0.43 -0.43 -0.43 -0.43 -0.4299973 -0.505 -0.505 -0.50499985 -0.06 -0.06 -0.06 -0.23 -0.23 0.02 0.02 0.235 0.23500087 0.635 
-0.355 -0.355 -0.355 -0.355 -0.355 -0.355 -1.58 -1.58 -1.58 -1.135 -1.135 -1.135 -1.135 -1.135 -1.1547698 -1.21 -1.21 -1.21 -1.21 -1.21 -1.1999732 -0.355 -0.355 -0.355 -0.355 -0.38451695 -1.293527 0.62271039 0.29810683 0.295 0.295 0.295 0.295 0.29499841 -0.43 -0.43 -0.43 -0.43 -0.43 -0.46488983 -0.505 -0.505 -0.505 -0.06 -0.06 -0.06 -0.23 -0.23 0.02 0.02 -0.40499999 0.57762909 0.635 
-0.355 -0.355 -0.355 -0.355 -0.355 -0.35500037 -1.5799997 -1.58 -1.56153 -1.135 -1.135 -1.135 -1.135 -1.135 -1.1385975 -1.21 -1.21 -1.21 -1.21 -1.21 -1.21 -1.1510216 -1.2949987 -1.295 -1.295 -1.295 -1.295 -1.295 -0.51499772 -0.50499053 -0.50499998 -0.505 -0.505 -0.50499994 -0.43 -0.43 -0.43 -0.43 -0.43 -0.50499999 -0.505 -0.505 -0.505 -0.5049998 -0.061426867 -0.95 -0.23000007 -1.1635651 0.018948557 -0.405 -0.405 -0.40479213 -0.395 
-0.355 -0.355 -0.355 -0.355 -0.355 -0.35507826 -1.5799339 -1.5799731 -1.1350006 -1.135 -1.135 -1.135 -1.135 -1.135 -1.1364271 -1.21 -1.21 -1.21 -1.21 -1.21 -1.21 -1.295 -1.295 -1.295 -1.295 -1.295 -1.295 -1.295 -0.50521808 -0.505 -0.505 -0.505 -0.505 -0.505 -0.48445001 -0.43 -0.43 -0.43 -0.43 -0.505 -0.505 -0.505 -0.505 -0.505114 -0.95 -0.95 -0.95144153 -1.18 -1.18 -0.405 -0.405 -0.395 -0.395 
-0.355 -0.355 -0.355 -0.355 -0.35500001 -0.3566337 -1.5785333 -1.1852153 -1.135 -1.135 -1.135 -1.135 -1.135 -1.135 -1.136313 -1.21 -1.21 -1.21 -1.21 -1.21 -1.2221025 -1.295 -1.295 -1.295 -1.295 -1.295 -1.295 -1.295 -0.50500317 -0.505 -0.505 -0.505 -0.505 -0.505 -0.505 -0.61324134 -0.89808885 -1.0538398 -1.0775387 -0.53006868 -0.50500001 -0.505 -0.505 -0.94996447 -0.95 -0.95396951 -1.6149979 -1.18 -1.18 -1.2850294 -1.285 -1.285 -0.39500039 
-0.355 -0.355 -0.355 -0.355 -0.35500124 -0.36521583 -1.5329443 -1.1351224 -1.135 -1.135 -1.135 -1.135 -1.135 -1.135 -1.1367514 -1.21 -1.21 -1.21 -1.21 -1.21 -1.2949996 -1.295 -1.295 -1.295 -1.295 -1.295 -1.295 -1.295 -0.50500022 -0.505 -0.505 -0.505 -0.505 -0.505 -0.50500012 -1.09 -1.09 -1.09 -1.09 -0.895 -0.895 -0.895 -0.895 -1.6149981 -1.615 -1.615 -1.615 -1.6149978 -1.42 -1.42 -1.285 -1.285 -1.4263507 
-0.355 -0.355 -0.355 -0.35500009 -0.35503421 -0.38805484 -1.1634193 -1.1350058 -1.135 -1.135 -1.135 -1.135 -1.135 -1.135 -1.137546 -1.21 -1.21 -1.21 -1.21 -1.2105116 -1.295 -1.295 -1.295 -1.295 -1.295 -1.295 -1.295 -1.295 -0.50500018 -0.505 -0.505 -0.505 -0.505 -0.505 -1.0899995 -1.09 -1.09 -1.09 -1.09 -0.895 -0.895 -0.895 -0.895 -1.0893249 -1.615 -1.615 -1.615 -1.4200022 -1.42 -1.42 -1.5 -1.5 -1.5 
-0.355 -0.355 -0.35500006 -0.35500278 -0.35533422 -0.45872718 -1.1364054 -1.1350015 -1.135 -1.135 -1.135 -1.135 -1.135 -1.135 -1.1386223 -1.2099982 -1.21 -1.21 -1.2100001 -1.2932778 -1.295 -1.295 -1.295 -1.295 -1.295 -1.295 -1.295 -1.295 -0.50500074 -0.505 -0.505 -0.505 -0.505 -0.75755461 -1.0899999 -1.09 -1.09 -1.09 -1.09 -0.895 -0.895 -0.895 -0.895 -0.895 -1.615 -1.615 -1.615 -1.42 -1.42 -1.42 -1.5 -1.5 -1.5 
-0.35500001 -0.35500008 -0.35500116 -0.35503273 -0.3568889 -0.82879362 -1.135215 -1.1350009 -1.135 -1.135 -1.135 -1.135 -1.135 -1.1350001 -1.1399021 -1.2099726 -1.21 -1.21 -1.2104401 -1.2949928 -1.295 -1.295 -1.295 -1.295 -1.295 -1.295 -1.295 -1.2949995 -0.50500495 -0.505 -0.50500024 -0.8196703 -0.85 -0.85 -0.85 -1.09 -1.09 -1.09 -1.09 -0.895 -0.895 -0.895 -0.895 -0.895 -1.6149872 -1.615 -1.6149999 -1.42 -1.42 -1.42 -1.5 -1.5 -1.5 
