interpolatedSpi/06-09|21_3.tif
NCOLS 53
NROWS 52
XLLCORNER -116.03883
YLLCORNER 28.596182
DX 0.49850594
DY 0.49788537
NODATA_VALUE -9999
[rows 0 to 39 of 52, columns 0 to 52 of 53]
-1.4675 -1.4675 -1.7439615 -1.5725 -1.3475 -1.965 -1.4525 -1.475 -1.2567202 -1.1075 -1.5925 -0.975 -1.6375175 -1.85 -2 -2 -2 -0.325 -0.9875 -0.9875 -0.9875 -0.98749145 -0.10000002 -1.705 -1.705 -1.705 -0.87999762 -0.88 -0.88 -0.1925 -0.1925 -0.1925 -0.1925 -0.49249994 -0.4925 -0.4925 -0.4925 -0.4925 -0.4925 -0.49250003 -1.6994994 -1.7121696 -0.415 -0.415 -0.415 -0.415 -0.41442016 -0.06 -0.06 -0.06 0.41749901 0.4175 0.4175
-1.4675244 -2.0175 -1.6474992 -1.6627364 -2.1698471 -1.2275 -1.525 -1.4444857 -1.77 -1.52 -1.38 -1.6375 -1.6375 -1.1099758 -1.8499924 -2 -0.325 -0.325 -0.98663619 -0.9875 -0.9875 -0.9875 -1.6957885 -1.705 -1.705 -1.705 -1.57 -1.57 -0.1925 -0.1925 -0.1925 -0.1925 -0.1925 -0.49249996 -0.4925 -0.4925 -0.4925 -0.4925 -0.49250007 -0.64473864 -1.3924637 -0.53361187 -0.415 -0.415 -0.415 -0.415 -0.415 -0.06 -0.06 -0.06 -0.020405243 0.4175 0.4175
-1.992468 -1.9925 -0.94 -1.2825 -0.9625 -1.355 -0.6725 -1.015 -1.4775 -1.22 -1.3575 -1.5575 -1.1175 -1.575 -1.1075 -1.8475 -0.325 -0.325 -0.325 -1.1024666 -1.1025 -1.1025 -1.53 -1.705 -1.705 -1.705 -1.57 -1.57 -1.57 -0.1925 -0.1925 -0.19250002 -0.36821102 -0.49441672 -0.50115631 -1.413978 -1.4225 -1.4225 -1.4187268 -1.3925 -1.3925 -1.39125 -0.415 -0.415 -0.415 -0.415 -0.415 -0.06 -0.06 -0.06 -0.059999999 0.4175 0.4175
-0.11 -1.9924998 -0.82490502 -0.2525 -0.5425 -0.9075 -0.5375 -0.7775 -0.56 -0.91554129 -1.1475 -1.2175 -1.2875 -1.575 -1.375 -1.8475 -2.0955873 -2.0962581 -1.7825 -1.1025 -1.1025 -1.545 -1.53 -1.53 -1.705 -1.7049993 -1.57 -1.57 -1.57 -0.705 -0.62407004 -0.5575 -0.5575 -0.55750068 -1.4225 -1.4225 -1.4225 -1.4225 -1.3925 -1.3925 -1.3925 -1.3925 -0.415 -0.415 -0.415 -0.415 -0.415 -0.060004478 -0.06 -0.06 -0.06 0.41744668 0.4175
-0.11 0.21499809 -0.825 -1.0790766 -0.5425 -0.6025 -1.2149718 -0.97 -1.26 -0.81250036 -1.2740183 -1.4925423 -1.7875 -1.375 -1.375 -1.6950767 -2.0975 -2.0975 -1.7825 -1.7825 -1.1025008 -1.545 -1.475 -1.0575 -1.2225 -1.2223253 -1.57 -1.57 -0.705 -0.705 -0.5575 -0.5575 -0.5575 -0.59474307 -1.4225 -1.4225 -1.4225 -1.3925 -1.3925 -1.3925 -1.3925 -1.3925099 -0.41500002 -0.415 -0.415 -0.415 -0.415 -0.41184006 -0.06 -0.06005179 -1.215 -1.215 -1.215
-1.6625 -0.535 -0.69750001 -0.7625 -1.2275 -0.815 -1.2425 -1.2076122 -1.07 -0.56 -0.67 -0.6075 -0.60750078 -1.5875 -1.5875 -1.9448352 -1.945 -1.955 -1.955 -1.7824993 -1.0975 -1.0975 -1.0575 -1.2225 -1.2225 -0.475 -0.4125 -0.4125 -0.46752141 -0.705 -0.5575 -0.5575 -0.755 -0.75493652 -0.14754382 -1.2275 -1.2275 -1.3414535 -1.3925 -1.3925 -1.4948722 -1.495 -1.4949985 -1.9204472 -1.9473306 -1.9474996 -1.9474999 -1.9474994 -0.91497942 -1.215 -1.215 -1.215 -1.215
-0.53499852 -0.7275 -0.36357767 -0.775 -1.13 -1.48 -0.885 -0.7875 -0.78 -0.78 -0.67 -1.24 -1.4424999 -1.5875 -1.262501 -1.2625 -1.945 -1.005 -0.94 -0.94 -1.1564081 -1.2225 -1.2225 -0.33250001 -0.475 -0.475 -0.4125 -0.4125 -0.46749301 -0.46737125 -0.01602704 -0.755 -0.755 -0.1475 -0.1475 -1.2969416 -1.2275 -1.2275 -1.5274896 -1.495 -1.495 -1.495 -1.4949909 -1.9474944 -1.9475 -1.9475 -1.9475 -1.9474994 -0.8925 -1.2149361 -1.215 -1.215 -1.215
-0.535 -0.135 0.005 -1.1725 -1.2374963 -1.135 -0.575 -1.62 -1.375 -0.9 -0.9 -1.225 -1.4425 -1.4425 -1.263735 -1.2078546 -1.2025 -0.835 -1.2399997 -0.94 -0.10983473 -0.1075 0.2175 0.215 0.21500158 0.3375 -0.685 -0.6849999 -0.3479205 -0.34749999 -0.015 -0.83861874 -0.95 -0.1475 -0.17281257 -1.355 -1.355 -1.5275 -1.5275 -1.495 -1.495 -1.495 -0.93657836 -0.93750005 -1.9475 -1.9475 -1.9475 -0.89254016 -0.8925 -0.8925 -1.215 -1.215 -1.215
-0.12703493 -0.13499999 0.3575 -0.2975 -0.33 -0.925 -0.9875 -1.1575 -1.4075 -1.2858908 -1.2025 -1.2675 -1.2675 -1.255 -1.2549984 -0.83103819 -0.83 -0.83 -0.89682387 -0.33999996 -0.135 -0.135 -0.19 0.056910951 0.32515523 0.3375 -0.785 -0.685 -0.27738251 -0.275 -0.8075 -0.0075 0.075598914 -0.7975 -1.035 -1.0275 -1.2275 -1.2125 -1.2174977 -1.4923217 -0.895 -0.715 -0.93744506 -0.9375 -0.94318483 -1.9475 -1.5675 -0.89250001 -0.8925 -0.8925 -0.8925 -1.2623128 -0.5625
-0.0825 -0.0825 0.51 0.0225 -0.24 -1.0425 -1.6125 -1.205 -1.1225 -1.2550315 -1.54 -0.6425 -1.255 -1.255 -1.0875 -1.0839683 -0.83 -0.82998321 -0.775 -0.34 -0.34 -0.31358912 -0.19 -0.17750024 -0.1775 -0.1775 -0.785 0.145 0.145 -0.275 -0.275 -0.0071870585 0.1575 -0.7975 -0.34 -1.0275 -1.2275 -1.045 -1.2175 -1.4044207 -0.71500001 -0.67275597 -0.6 -0.9375 -0.9375 -1.5675 -1.5675 -1.5675 -0.8925 -0.8925 -1.595 -1.595 -1.5949996
-0.0825 -0.0825 -0.265 -0.67 -1.08 -0.16 -0.75500001 -1.392513 -1.3475 -1.265 -1.2075 -1.3025 -0.64337956 -1.0875 -1.0875 -1.0874423 -0.5875 -0.59734088 -0.775 -1.265 -1.265 -0.3175 -0.3175 -0.1775 -0.1775 -0.1775 0.145 0.145 0.145 0.095 0.095 0.095000103 -0.5525 -0.5525 -0.9375 -1.3225 -0.9725 -1.8449837 -1.6825 -1.4075 -1.4075 -1.2399979 -0.6 -0.9375 -1.5575001 -1.91 -1.119438 -1.1175 -1.145 -1.145 -1.595 -1.595 -1.595
-0.0825 -0.16143767 -0.43782795 -1.1499864 -0.555 -0.8825 -0.755 -1.3925 -1.3475004 -1.265914 -1.3025 -1.3025 -1.0475 -1.0875 -1.0875 -0.58750002 -0.5875 -0.58751067 -0.775 -1.265 -1.0789303 -0.3175 -0.3175 -0.17750659 -0.1775 -0.26296709 -0.4375 -0.4375 -0.43749993 0.095 0.095 -0.7375 -0.7375 -0.55250106 -0.9375 -1.1350001 -0.80452945 -1.845 -1.845 -1.4075 -1.24 -1.24 -1.2400022 -1.5575 -1.5575 -1.91 -1.1175 -1.1175 -1.145 -1.145 -1.595 -1.595 -1.595
-1.74 -0.90869732 -0.95748897 -0.95888499 -0.55500182 -0.88249227 -0.755 -1.3846527 -1.350601 -1.3453457 -1.0475 -1.0475 -1.0475 -1.0475 -1.0874943 -0.5875 -0.5875 -0.58992092 -0.775 -1.2650128 -1.32 -1.32 -1.32 -1.32 -0.19704303 -0.4375 -0.4375 -0.4375 -0.4375 -0.43731592 -0.7375 -0.7375 -0.7375 -0.7375 -1.135 -1.135 -1.135 -1.8085262 -1.844831 -1.8225 -1.8225 -1.2400313 -1.9849854 -1.5575412 -1.5575 -1.91 -1.1175 -1.1175 -1.145 -1.145 -1.5933674 -1.595 -0.66085898
-1.74 -0.9575 -0.9575 -0.9575 -0.9575 -0.95749997 -0.7553263 -1.0566354 -1.358874 -1.0478211 -1.0475 -1.0475 -1.0475 -1.0475 -1.0475002 -0.58750001 -0.58750003 -0.60036122 -0.77499916 -1.32 -1.32 -1.32 -1.32 -1.32 -1.3136737 -0.76241524 -0.89499991 -0.895 -0.895 -0.895 -0.7375 -0.7375 -0.73750032 -1.0025 -1.0025 -1.135 -1.1933315 -1.195 -1.8224996 -1.8225 -1.8225 -1.8225 -1.985 -1.985 -1.985 -1.9844781 -1.9770366 -1.9825 -1.9825 -1.9825 -1.9825 -0.91500014 -0.915
-1.95 -0.9575 -0.9575 -0.9575 -0.9575 -0.9575 -0.95749999 -1.0556862 -1.3128187 -1.3125 -1.3125 -1.3125 -1.3125 -1.3125 -1.3125 -1.505911 -0.6021563 -0.61317525 -1.3199314 -1.32 -1.32 -1.32 -1.32 -1.3200001 -1.0275 -1.0275 -1.0274998 -0.895 -0.895 -0.89455446 -0.6725 -0.6725 -1.0025 -1.0025 -1.0025 -1.1641634 -1.195 -1.195 -1.195 -1.8225 -1.8225 -1.8225 -1.985 -1.985 -1.985 -1.985 -1.9825 -1.9825 -1.9825 -1.9825 -1.9825 -0.915 -0.915
-1.95 -1.5805035 -0.9575 -0.9575 -0.9575 -0.9575 -1.4324068 -1.4325 -1.4325 -1.3125 -1.3125 -1.3125 -1.3125 -1.3125 -1.3560699 -1.51 -1.51 -1.51 -1.3922794 -1.3924999 -1.3925 -1.3925 -1.3925 -1.3925 -1.0275 -1.0275 -1.0275 -1.0275 -0.895 -0.6725 -0.6725 -0.6725 -1.0025 -1.0025 -1.0025 -0.8325 -1.19452 -1.195 -1.195 -1.8223799 -1.5831634 -1.024891 -1.985 -1.985 -1.7008795 -1.7 -1.7 -1.9806356 -0.85146631 -0.8475001 -0.84750022 0.28981733 -0.91499755
-1.95 -1.5120858 -1.23203 -0.9575 -0.9575 -1.4322193 -1.4325 -1.4325 -1.4325 -1.4316352 -1.3125 -1.3125 -1.3125 -1.3125 -1.51 -1.51 -1.51 -1.51 -1.392605 -1.3925 -1.3925 -1.3925 -1.3925 -1.3925 -1.0275 -1.0275 -1.0275 -1.0275 -1.0262087 -0.6725 -0.6725 -0.6725 -0.75 -1.0024766 -0.8325 -0.8325 -0.8325 -0.82925669 -1.0334047 -1.0225 -1.0225 -1.0225 -1.4675 -1.4675 -1.7 -1.7 -1.7 -0.84750001 -0.8475 -0.8475 -0.8475 0.29 0.29
-1.5002802 -1.5 -1.5 -1.5 -1.1625 -1.432493 -1.4325 -1.4325 -1.4325 -1.4325 -1.3087146 -1.3124993 -1.3125 -1.51 -1.51 -1.51 -1.51 -1.51 -1.495107 -1.3925 -1.3925 -1.3925 -1.3925 -1.3925 -1.08499 -0.86750087 -0.8675 -0.8675 -0.8675 -0.6725 -0.75 -0.75 -0.75 -0.75 -0.8325 -0.83249217 -0.535 -0.535 -1.0164128 -1.0225 -1.0225 -1.0225 -1.4675 -1.4675 -1.664001 -1.7 -1.7 -0.8475 -0.8475 -0.8475 -0.83530304 0.29 0.29
-1.5 -1.5 -1.5 -1.3410662 -1.1625 -1.1625 -1.4325 -1.4325 -1.4325 -1.4325 -1.2625 -1.2625 -1.2625 -1.51 -1.51 -1.51 -1.51 -1.509893 -1.42 -1.42 -1.3925 -1.3925 -1.3872657 -1.1775 -1.1747092 -0.8675 -0.8675 -0.8675 -0.8675 -0.75001196 -0.75 -0.75 -0.75 -0.75 -0.53500105 -0.535 -0.535 -0.535 -0.53674319 -1.0225 -1.0225 -1.0225 -1.4675 -1.4675 -1.4675 -1.7 -1.7 -0.8475 -0.8475 -0.8475 0.29 0.29 0.29
-1.5 -1.5 -1.5 -1.1625 -1.1625 -1.1625 -1.1625004 -1.4325 -1.4325 -1.2626755 -1.2625 -1.2625 -1.2625 -1.2626542 -0.98589899 -0.8625 -0.8625 -0.8625 -1.42 -1.42 -1.42 -1.1775 -1.1775 -1.1775 -1.1773179 -0.68916173 -0.8675 -0.8675 -0.8675 -0.78320219 -0.78749631 -0.7875 -0.7875 -0.7875 -0.74190913 -1.0324989 -1.0325 -1.0325 -1.0325 -0.87502018 -0.875 -0.875 -1.4675 -1.4675 -1.0175019 -1.0174998 -0.315 -0.315 0.2025 0.2025 0.2025 0.29 1.0193473
-1.499996 -1.5 -1.5 -1.1625 -1.1625 -1.1625 -1.1625 -0.66250022 -1.4294212 -1.2618199 -1.2625 -1.2625 -1.2625 -1.2617151 -0.8625 -0.8625 -0.8625 -0.86250016 -1.42 -1.42 -1.42 -1.1775 -1.1775 -1.1775 -0.5275 -0.5275 -0.8175 -0.8175 -0.8175 -0.81733634 -0.7875 -0.7875 -0.7875 -0.7875 -0.90993275 -1.0325 -1.0325 -1.0325 -1.0325 -0.875 -0.875 -0.875 -0.8794836 -1.0175 -1.0175 -1.0175 -0.315 -0.315 0.2025 0.2025 0.2025 1.02 1.02
-0.2075 -0.81184814 -0.9 -0.90007616 -1.1625 -0.66539298 -0.6625 -0.6625 -0.6488358 -0.5125 -0.5125 -0.5125 -0.5125 -0.16251139 -0.1625 -0.86249946 -0.8625 -0.87718931 -1.42 -1.42 -1.42 -0.065 -0.065 -0.065 -0.5275 -0.5275 -0.8175 -0.8175 -0.8175 -0.81749993 -0.7250004 -0.72500018 -0.78592916 -0.787433 -1.1146256 -1.115 -1.115 -1.115 -1.115 -0.875 -0.875 -0.875 -1.0096533 -1.0175 -1.0175 -1.0174999 -0.315 -0.315 -0.31498137 0.2025 0.20247071 -0.4525 1.02
-0.7324003 -0.73250003 -0.9 -0.9 -0.9 -0.6625 -0.6625 -0.6625 -0.625 -0.625 -0.5125 -0.5125 -0.5125 -0.1625 -0.1625 -0.1625 -0.1625 -0.16264221 -1.42 -1.42 -1.4199999 -0.065 -0.065 -0.065 -0.5275 -0.5275 -0.8175 -0.8175 -0.8175 -0.72604294 -0.725 -0.725 -0.725 -0.725 -1.1148076 -1.115 -1.115 -1.115 -1.115 -0.62000007 -0.62 -0.62 -0.62 -1.017497 -0.6325 -0.6325 -0.6325 -0.655 -0.655 -0.655 -0.4525 -0.4525 -0.4525
-0.7325 -0.7325 -0.9 -0.9 -0.9 -0.66374834 -0.6625 -0.625 -0.625 -0.625 -0.51251385 -0.5125 -0.40627379 -0.16250005 -0.1625 -0.1625 -0.1625 -0.2375 -0.2375 -0.2375 -0.78749998 -0.78749946 -0.065003519 -0.065 -0.065733087 -1.0825 -1.0825 -1.0824994 -0.81754283 -0.47255032 -0.47250134 -0.47254408 -0.72456845 -0.7247821 -1.0453758 -1.1149998 -1.1133244 -0.615 -0.615 -0.62 -0.62 -0.62 -0.62 -0.6325 -0.6325 -0.6325 -0.6325 -0.655 -0.655 -0.655 -0.4525 -0.4525 -0.4525
-0.7325 -0.7325 -0.9 -0.9 -0.9 -0.9 -0.64846485 -0.625 -0.625 -0.625 -0.62486605 -0.3825 -0.3825 -0.3825 -0.16379651 -0.1625 -0.23700022 -0.2375 -0.2375 -0.2375 -0.7875 -0.7875 -0.7875 -0.7875 -1.0825 -1.0825 -1.0825 -1.0825 -1.0825 -0.4725 -0.4725 -0.4725 -0.4725 -0.47250071 -0.8075 -0.615 -0.615 -0.615 -0.615 -0.61499984 -0.5625 -0.5625 -0.5625 -0.72113671 -1.05 -1.05 -1.05 -0.65500001 -0.65500012 -0.7775 -0.7775 -0.61496047 -0.615
-0.7325 -0.7325 -0.83954426 -0.9 -0.9 -0.89999999 -0.39291258 -0.62426729 -0.625 -0.625 -0.3824999 -0.3825 -0.3825 -0.3825 -0.3825 -0.36444574 -0.2375 -0.2375 -0.2375 -0.2375 -0.78749575 -0.7875 -0.7875 -0.7875 -1.0825 -1.0825 -1.0825 -1.0825 -1.0825 -0.67201823 -0.4725 -0.4725 -0.4725 -0.8075 -0.8075 -0.80735052 -0.615 -0.615 -0.4996304 -0.41000002 -0.5625 -0.5625 -0.5625 -0.71506043 -1.05 -1.05 -1.05 0.3125 -0.76391871 -0.7775 -0.7775 -0.615 -0.615
-0.505 -0.505 -0.505 -0.80096264 -0.89895363 -0.3925 -0.3925 -0.3925 -0.3925 0.069999996 0.07 -0.38249997 -0.3825 -0.3825 -0.3825 -0.38249079 -0.2375 -0.2375 -0.2375 -0.2375 -0.54749784 -0.7875 -0.7875 -0.77873291 -0.48055319 -1.0825 -1.0825 -1.0825 -0.7425 -0.7425 -0.7425 -0.74249887 -0.8075 -0.8075 -0.8075 -0.8075 -0.41 -0.41 -0.41 -0.41 -0.37 -0.37 -0.37 0.097490601 0.0975 0.0975 0.097499637 0.3125 0.3125 -0.77617189 -0.7775 -0.6149938 -0.615
-0.505 -0.505 -0.505 -0.50498277 -0.185 -0.21517391 -0.3925 -0.3925 -0.3925 0.07 0.07 0.07 0.12499998 0.125 0.125 0.12499999 -0.23728476 -0.2375 -0.2375 -0.2375 -0.24582167 -0.45250092 -0.4525 -0.4525 -0.4525 -0.45250002 -0.84 -0.84 -0.7425 -0.7425 -0.7425 -0.7425 -0.80749943 -0.8075 -0.8075 -0.80743606 -0.41000001 -0.41 -0.41 -0.41112961 -0.37 -0.37 -0.37 0.097478321 0.0975 0.0975 0.0975 0.3125 0.3125 0.31250004 0.615 0.615 0.6
-0.505 -0.505 -0.505 -0.18500074 -0.185 -0.185 -0.39249992 -0.3925 -0.3925 0.07 0.07 0.07 0.125 0.125 0.125 0.10634091 -0.12 -0.12 -0.1200003 -0.23683633 -0.4525 -0.4525 -0.4525 -0.4525 -0.4525 -0.45279161 -0.84 -0.84 -0.84 -0.7425 -0.7425 -0.74269149 -0.0225 -0.0225 -0.0225 -0.7825 -0.7825 -0.6675 -0.6675 -0.6675 -0.3625 -0.36999765 -0.3699955 0.2325 0.2325 0.22738365 0.097500721 0.3125 0.3125 0.615 0.615 0.615 0.6
-0.505 -0.505 -0.505 -0.185 -0.185 -0.185 -0.185 -0.3925 -0.3925 0.07 0.07 0.12280079 0.125 0.125 0.125 -0.12 -0.12 -0.12 -0.12 -0.12 -0.4525 -0.4525 -0.4525 -0.4525 -0.4525 -0.83999868 -0.84 -0.84 -0.84 -1.04 -1.04 -1.04 -0.0225 -0.0225 -0.0225 -0.7825 -0.7825 -0.6675 -0.6675 -0.3625 -0.3625 -0.3625 0.2325 0.2325 0.2325 0.2325 0.26700188 0.6525 0.6525 0.6525 0.61500001 0.915 0.915
-0.505 -0.505 -0.50455439 -0.185 -0.185 -0.185 -0.185 0.37192689 0.4 0.39943343 0.070000005 0.12500565 0.125 0.125 0.12499915 -0.12 -0.12 -0.12 -0.12 -0.12 0.22840252 -0.4525 -0.4525 -0.4525 -0.45233986 -0.83993445 -0.84 -0.84 -0.84 -1.04 -1.04 -1.04 -1.0398475 -0.0225 -0.7825 -0.7825 -0.7825 -0.78249497 -0.6674792 -0.3625 -0.3625 -0.3625 0.23246388 0.2325 0.2325 0.2325 0.6524972 0.6525 0.6525 0.6525 0.915 0.915 0.915
-0.48 -0.48000004 -0.18517871 -0.185 -0.185 -0.185 0.39987552 0.4 0.4 0.4 0.19250001 0.1925 0.1925 0.1925 -0.1185577 -0.12 -0.12 -0.12 -0.12 0.25749978 0.2575 0.2575 0.32499987 0.325 0.325 0.325 0.22444552 -0.84 -0.35251997 -0.3525 -0.3525 -0.3525 -0.3525 -0.3675 -0.3675 -0.3675 -0.3675 -0.3675 0.2275 0.2275 0.2275 0.2275 0.2275 0.37728142 0.3775 0.3775 0.3775 0.6525 0.6525 0.6525 0.91495865 0.915 0.915
-0.48 -0.48 -0.47298796 0.35749891 0.35749988 0.35754104 0.4 0.4 0.4 0.4 0.1925 0.1925 0.1925 0.1925 0.1925 -0.12 -0.12 -0.12 0.25749991 0.2575 0.2575 0.2575 0.325 0.325 0.325 0.325 0.325 0.32475281 -0.35251062 -0.3525 -0.3525 -0.3525 -0.35250427 -0.48654934 -0.36762327 -0.3675 -0.3675 -0.3675 0.2275 0.2275 0.2275 0.2275 0.2275 0.3775 0.3775 0.3775 0.3775 0.50609537 0.6525 -0.19296082 -0.2025 0.025 0.025
-0.48 -0.48 0.35739391 0.3575 0.3575 0.3575 0.36829482 0.4 0.4 0.4 0.1925 0.1925 0.1925 0.1925 0.1925 -0.11976209 -0.12 0.25738932 0.2575 0.2575 0.2575 0.2575 0.29999419 0.325 0.325 0.325 0.325 0.32450066 -0.38 -0.38 -0.38 -0.38 -0.38 -0.5775 -0.5775 -0.5775 -0.5775 -0.5775 0.09 0.09 0.09 0.09 0.090000001 0.37732908 0.37749996 0.3775 0.37748813 0.37598873 -0.2025 -0.2025 -0.2025 0.024998726 0.025
-0.47999931 -0.11476225 0.35749994 0.3575 0.3575 0.3575 0.3575 0.3999819 0.4 0.4 0.1925 0.1925 0.1925 0.1925 -0.08128082 -0.0875 -0.0875 0.25749112 0.2575 0.2575 0.2575 0.2575 0.25749999 0.325 0.325 0.325 0.325 -0.48749987 -0.48749995 -0.46462139 -0.38 -0.38 -0.38 -0.5775 -0.5775 -0.5775 -0.5775 -0.57743566 0.09 0.09 0.09 0.09 0.090011875 0.3075 0.3075 0.3075 0.3075 0.30745887 -0.2025 -0.2025 -0.2025 -0.20249962 0.41664585
-0.1075 -0.1075 0.028804848 0.3575 0.3575 0.3575 0.3575 0.3575 0.39998212 0.5 0.5 0.5 0.49927024 -0.087499596 -0.0875 -0.0875 -0.0875 -0.0875 0.25749931 0.25160208 0.2 0.2 0.2 0.2314125 0.31779673 0.27925337 0.24631755 -0.4875 -0.4875 -0.4875 -0.4875 -0.4875 -0.47516647 -0.47441914 -0.4825 -0.4825 -0.4825 -0.4825 0.1191173 0.24499972 0.245 0.245 0.245 0.10000061 0.30749995 0.3075 0.3075 0.225 -0.20249315 -0.2025 -0.2025 0.4225 0.4225
-0.1075 -0.1075 0.2325 0.2325 0.2325 0.35745836 0.3575 0.3575 0.5 0.5 0.5 0.5 0.5 -0.087499973 -0.0875 -0.0875 -0.0875 -0.0875 0.2 0.2 0.2 0.2 0.2 0.235 0.235 0.235 0.235 -0.4875 -0.4875 -0.4875 -0.4875 -0.4875 0.2375 0.2375 -0.4825 -0.4825 -0.4825 0.47983609 0.48 0.245 0.245 0.245 0.24500003 0.1 0.1 0.1 0.225 0.225 0.225 0.09 0.09 0.4225 0.4225
-0.1075 -0.1075 0.2325 0.2325 0.2325 0.2325 0.23250158 0.52 0.50001883 0.5 0.5 0.5 0.5 -0.080171472 -0.0875 -0.0875 -0.0875 -0.0875 0.19999999 0.2 0.2 0.2 0.2 0.235 0.235 0.235 0.235 0.2349971 -0.4875 -0.4875 -0.4875 0.23746199 0.2375 0.2375 0.2375 -0.4825 0.47999999 0.48 0.48 0.47381671 0.42624682 0.46 0.46 0.1 0.1 0.1 0.225 0.225 0.225 0.09 0.09 0.09 0.30475687
-0.03 -0.030000608 0.2325 0.2325 0.2325 0.2325 0.52 0.52 0.52 0.5 0.5 0.5 0.5 0.49981736 -0.0875 -0.0875 -0.0875 -0.0875 0.19999506 0.2 0.2 0.2 0.22884175 0.235 0.235 0.235 0.235 0.51499977 0.515 0.51499999 -0.47671339 0.2375 0.2375 0.2375 0.23750044 0.69999999 0.48 0.48 0.48 0.48 0.46 0.46 0.46 0.485 0.485 0.485 0.15250706 0.225 0.225 0.090000002 0.09 0.09 0.29250349
-0.03 -0.03 0.2325 0.2325 0.2325 0.52 0.52 0.52 0.52 0.50222482 0.5 0.5 0.5 0.49999948 0.41244246 0.4125 0.4125 0.4125 0.50303728 0.52 0.52 0.52 0.52 0.235 0.235 0.235 0.23501847 0.515 0.515 0.515 0.515 0.23758324 0.49764287 0.7 0.7 0.7 0.47955278 0.3600025 0.36 0.36 0.46004308 0.515 0.515 0.485 0.485 0.48499859 0.1525 0.1525 0.465 0.465 0.465 1.175 1.545
