interpolatedSpi/06-09|20_3.tif
NCOLS 53
NROWS 52
XLLCORNER -116.03883
YLLCORNER 28.596182
DX 0.49850594
DY 0.49788537
NODATA_VALUE -9999
[rows 0 to 36 of 52, columns 0 to 52 of 53]
0.5 0.5 0.25748077 -0.29 0.5475 0.725 1.2225 1.5675 0.60107768 0.3075 0.275 0.7625 0.53505229 1.17 1.1275 1.1275 1.1275 0.445 0.55 0.55 0.55 0.55000419 0.985 0.5325 0.5325 0.5325 1.5274992 1.5275 1.5275 0.57 0.57 0.57 0.57 1.1224999 1.1225 1.1225 1.1225 1.1225 1.1225 1.1225 1.7828858 1.7900066 1.8175 1.8175 1.8175 1.8175 1.8183698 2.35 2.35 2.35 2.0750006 2.075 2.075
0.499988 0.23 0.55000063 0.67910847 0.87495867 1.185 1.055 1.1577225 0.695 0.715 0.5425 0.535 0.535 1.2821249 1.170001 1.1275 0.445 0.445 0.54986309 0.55 0.55 0.55 0.49696996 0.5325 0.5325 0.5325 0.5575 0.5575 0.57 0.57 0.57 0.57 0.57 1.1224999 1.1225 1.1225 1.1225 1.1225 1.1224999 0.97477251 0.23754331 1.6257796 1.8175 1.8175 1.8175 1.8175 1.8175 2.35 2.35 2.35 2.3271967 2.075 2.075
1.144976 1.145 1.0975 1.4675 1.3275 0.93 1.1175 0.8475 1.385 0.8875 0.9975 0.55 -0.425 0.6125 1.2825 1.685 0.445 0.445 0.445 0.24758794 0.2475 0.2475 -0.1425 0.5325 0.5325 0.5325 0.5575 0.5575 0.5575 0.57 0.57 0.56999996 0.17765895 1.1197486 1.1151235 0.33726205 0.33 0.33 0.31836594 0.2375 0.2375 0.23952042 1.8175 1.8175 1.8175 1.8175 1.8175 2.35 2.35 2.35 2.35 2.075 2.075
0.2225 1.1449999 0.53498698 0.9425 0.405 1.2225 1.845 0.3925 1.14 0.94287971 1.4275 1.3675 0.8675 0.6125 1.0425 1.685 -0.20046319 -0.21453757 0.2925 0.2475 0.2475 -0.3775 -0.1425 -0.1425 0.5325 0.53250012 0.5575 0.5575 0.5575 -0.19 -0.22017728 -0.245 -0.245 -0.24499954 0.33 0.33 0.33 0.33 0.2375 0.2375 0.2375 0.23750006 1.8175 1.8175 1.8175 1.8175 1.8175 2.3499933 2.35 2.35 2.35 2.0749129 2.075
0.2225 0.02250094 0.535 0.76358169 0.405 1.465 1.2625273 0.775 0.285 0.90999993 0.94252903 0.95758917 1.58 1.0425 1.0425 1.4425441 -0.215 -0.215 0.2925 0.2925 0.24749872 -0.3775 -0.1525 -0.0625 -0.4225 -0.42247812 0.5575 0.5575 -0.19 -0.19 -0.245 -0.245 -0.245 -0.090841449 0.33 0.33 0.33 0.2375 0.2375 0.2375 0.2375 0.23756178 1.8175 1.8175 1.8175 1.8175 1.8175 1.8222399 2.35 2.3498681 -0.5925 -0.5925 -0.5925
-0.78 0.105 0.48749999 0.585 1.44 1.4525 0.89 0.87527671 0.9225 0.8025 1.14 -0.055 -0.054998922 0.4825 0.4825 -0.087480685 -0.0875 -0.2225 -0.2225 0.29249962 -0.7225 -0.7225 -0.0625 -0.4225 -0.4225 -0.33 -0.75 -0.75 0.30495533 -0.19 -0.245 -0.245 0.5725 0.57247283 0.31251859 0.3775 0.3775 0.2808122 0.2375 0.2375 0.87670178 0.8775 0.87750044 0.02471625 -0.0072982997 -0.0074995135 -0.0074999378 -0.0074993165 -0.26710064 -0.5925 -0.5925 -0.5925 -0.5925
-0.98250077 -0.465 -0.62916607 0.36 1.2425 0.6725 0.8225 1.1275 0.88 0.88 1.14 0.1 0.19749977 0.4825 -0.007498532 -0.0075 -0.0875 0.0325 -0.1425 -0.1425 -0.77080465 -0.825 -0.825 -1.13 -0.33 -0.33 -0.75 -0.75 0.30501209 0.30522263 0.62714398 0.5725 0.5725 0.3125 0.3125 -0.37954965 0.3775 0.3775 -1.267443 0.87749701 0.8775 0.8775 0.8775012 -0.0074975323 -0.0075 -0.0075 -0.0075 -0.0075001761 -0.3025 -0.59244253 -0.5925 -0.5925 -0.5925
-0.9825 -1.2 -0.53 -0.875 -1.3499728 -0.1675 0.385 0.17250002 0.1425 -0.075 -0.075 -0.71 0.1975 0.1975 -0.0060935099 0.090406374 0.1 -0.0325 -0.26499987 -0.1425 -0.50952358 -0.445 -0.8725 -1.305 -1.3050003 -1.325 -1.3075 -1.3074998 0.51177289 0.5125 0.6275 0.44278974 0.3275 0.3125 0.28839958 -1.0125 -1.0125 -1.2675 -1.2675 0.8775 0.8775 0.8775 0.43231703 0.43499998 -0.0075 -0.0075 -0.0075 -0.30248877 -0.3025 -0.3025 -0.5925 -0.5925 -0.5925
-1.19469 -1.2 -0.9475 -1.0325 0.12 -0.2425 -0.085 0.6175 0.8425 0.51754417 -0.005 -0.1575 -0.1575 -0.955 -0.95499208 -0.32132246 -0.3225 -0.3225 -0.067991484 -1.1325 -1.205 -1.205 -0.3625 -0.67151739 -1.3229845 -1.325 -1.05 -1.3075 -0.79052172 -0.7875 0.475 1.88 1.3713053 -0.2975 -0.5325 -0.7875 -0.695 -0.735 -1.1523072 0.8783816 1.075 -0.062499997 0.43495359 0.435 0.43250937 -0.0075 -0.53249997 -0.3025 -0.3025 -0.3025 -0.3025 -0.7272793 -0.29
-1.165 -1.165 -0.8975 -0.875 0.13 0.59 0.1875 0.335 0.845 0.43499383 -0.0225 -0.19 -0.955 -0.955 -0.1125 -0.11538024 -0.3225 -0.32263278 -0.965 -1.1325 -1.1325 -1.1418404 -0.3625 -0.73999285 -0.74 -0.74 -1.05 -0.195 -0.195 -0.7875 -0.7875 1.8780844 0.87 -0.2975 -0.0675 -0.7875 -0.695 -1.0275 -1.1525 0.8396809 -0.06249995 0.015559621 0.15 0.435 0.435 -0.5325 -0.5325 -0.5325 -0.3025 -0.3025 -1.675 -1.675 -1.6749995
-1.165 -1.165 -1.07 -0.91 -0.71 -0.3275 -0.38499999 0.11504414 0.16 0.0775 0.1975 -0.0525 -0.18981808 -0.1125 -0.1125 -0.11252999 -0.3725 -0.40359718 -0.965 -0.0925 -0.0925 -0.2175 -0.2175 -0.74 -0.74 -0.74 -0.195 -0.195 -0.195 -0.8225 -0.8225 -0.82249721 -0.4225 -0.4225 -0.155 -0.9 -0.675 0.36249843 -0.9575 0.8725 0.8725 0.65999832 0.15 0.435 -0.61250009 -1.0025 -1.0826205 -1.085 -1.4575 -1.4575 -1.675 -1.675 -1.675
-1.165 -1.1239248 -1.0017223 -0.96249795 -0.74 -0.7325 -0.385 0.115 0.15999962 0.078414 -0.052499831 -0.0525 -0.3075 -0.1125 -0.1125 -0.37249999 -0.3725 -0.37253372 -0.965 -0.0925 -0.11704746 -0.2175 -0.2175 -0.73997906 -0.74 -0.77205016 -0.8375 -0.8375 -0.83749992 -0.8225 -0.8225 -0.6425 -0.6425 -0.42249927 -0.155 0.45499938 -0.53829747 0.3625 0.3625 0.87249999 0.66 0.66 0.65999072 -0.6125 -0.6125 -1.0025 -1.085 -1.085 -1.4575 -1.4575 -1.675 -1.675 -1.675
-0.03 0.1249458 0.22495751 0.21639637 -0.73999995 -0.73250018 -0.38500001 0.10884529 0.15689904 0.15784571 -0.3075 -0.3075 -0.3075 -0.3075 -0.11252762 -0.3725 -0.3725 -0.38015012 -0.965 -0.092570608 -0.3175 -0.3175 -0.3175 -0.3175 -0.73293676 -0.8375 -0.8375 -0.8375 -0.8375 -0.83746774 -0.6425 -0.6425 -0.6425 -0.6425 0.455 0.455 0.455 0.36674423 0.36593607 0.82 0.82 0.66000861 0.12247484 -0.61242921 -0.6125 -1.0025 -1.085 -1.085 -1.4575 -1.4575 -1.6742109 -1.675 -0.79685882
-0.03 0.225 0.225 0.225 0.225 0.2249996 -0.38588951 -0.14841277 0.14862594 -0.30699858 -0.3075 -0.3075 -0.3075 -0.3075 -0.30749999 -0.3725 -0.37250009 -0.41314146 -0.96498965 -0.3175 -0.3175 -0.3175 -0.3175 -0.3175 -0.32512195 -0.77160783 -0.75250002 -0.7525 -0.7525 -0.7525 -0.6425 -0.6425 -0.64250001 -0.6525 -0.6525 0.455 0.59839828 0.6025 0.81999987 0.82 0.82 0.82 0.1225 0.1225 0.1225 0.11467103 -0.94092629 -0.94 -0.94 -0.94 -0.94000001 0.13249963 0.1325
0.0325 0.225 0.225 0.225 0.225 0.225 0.22499996 -0.29366901 -0.29269379 -0.295 -0.295 -0.295 -0.295 -0.295 -0.295 -0.44686891 -0.37378258 -0.45363304 -0.31758121 -0.3175 -0.3175 -0.3175 -0.3175 -0.31750043 -0.67 -0.67 -0.67000012 -0.7525 -0.7525 -0.75265519 -0.83 -0.83 -0.6525 -0.6525 -0.6525 0.40146262 0.6025 0.6025 0.6025 0.82 0.82 0.82 0.1225 0.1225 0.1225 0.1225 -0.93999999 -0.94 -0.94 -0.94 -0.94 0.1325 0.1325
0.0325 0.10416556 0.225 0.225 0.225 0.225 -0.35988518 -0.36 -0.36 -0.295 -0.295 -0.295 -0.295 -0.295 -0.32919408 -0.45 -0.45 -0.45 -0.6888654 -0.68999962 -0.69 -0.69 -0.69 -0.69 -0.67 -0.67 -0.67 -0.67 -0.7525 -0.83 -0.83 -0.83 -0.65250002 -0.6525 -0.6525 0.525 0.60239739 0.6025 0.6025 0.81990068 0.62179941 0.15948007 0.1225 0.1225 -0.32860356 -0.33 -0.33 -0.93818722 0.15864726 0.1624999 0.16249979 0.40995794 0.13250056
0.032500001 0.20280018 0.21614419 0.225 0.225 -0.35965435 -0.36 -0.36 -0.36 -0.35953159 -0.295 -0.295 -0.295 -0.29500002 -0.45 -0.45 -0.45 -0.45 -0.68978561 -0.69 -0.69 -0.69 -0.69 -0.69 -0.67 -0.67 -0.67 -0.67 -0.67058197 -0.83 -0.83 -0.83 -0.18000002 -0.65236882 0.525 0.525 0.525 0.51733845 0.18566056 0.1575 0.1575 0.1575 -0.1625 -0.1625 -0.33 -0.33 -0.33 0.16249999 0.1625 0.1625 0.1625 0.41 0.41
0.20754966 0.2075 0.2075 0.2075 -0.2525 -0.35999723 -0.36 -0.36 -0.36 -0.36 -0.31846956 -0.29500404 -0.29500001 -0.45 -0.45 -0.45 -0.45 -0.45 -0.52799764 -0.69 -0.69 -0.69 -0.69 -0.69 -0.52057932 -0.26250221 -0.2625 -0.2625 -0.2625 -0.82999997 -0.18000001 -0.18 -0.18 -0.18 0.525 0.52498163 -0.1725 -0.1725 0.15337946 0.1575 0.1575 0.1575 -0.1625 -0.1625 -0.30406523 -0.33 -0.33 0.1625 0.1625 0.1625 0.16515384 0.41 0.41
0.2075 0.2075 0.2075 -0.0091208621 -0.2525 -0.2525 -0.36 -0.36 -0.36 -0.36 -0.605 -0.605 -0.605 -0.45 -0.45 -0.45 -0.45 -0.4500723 -1.3875 -1.3875 -0.69000028 -0.69 -0.69346928 -0.8325 -0.82736854 -0.2625 -0.2625 -0.2625 -0.2625 -0.1800084 -0.18 -0.18 -0.18 -0.18 -0.17249755 -0.1725 -0.1725 -0.1725 -0.17131693 0.1575 0.1575 0.1575 -0.1625 -0.1625 -0.1625 -0.33 -0.33 0.16249999 0.1625 0.1625 0.41 0.41 0.41
0.2075 0.2075 0.2075 -0.2525 -0.2525 -0.2525 -0.25250016 -0.36 -0.36 -0.60474709 -0.605 -0.605 -0.605 -0.60490343 -0.80412231 -0.8875 -0.8875 -0.8875 -1.3875 -1.3875 -1.3875 -0.8325 -0.8325 -0.8325 -0.83246498 -0.49591332 -0.2625 -0.2625 -0.2625 0.28767335 0.3974432 0.3975 0.3975 0.3975 -0.0098098444 0.21749911 0.2175 0.2175 0.2175 -0.24994424 -0.25 -0.25 -0.1625 -0.1625 0.27499817 0.27499993 0.0875 0.0875 0.2125 0.2125 0.2125 0.41 0.41999106
0.2075015 0.2075 0.20749998 -0.2525 -0.2525 -0.2525 -0.2525 -0.41999998 -0.3602399 -0.60467129 -0.605 -0.605 -0.605 -0.60555434 -0.8875 -0.8875 -0.8875 -0.88750014 -1.3875 -1.3875 -1.3875 -0.8325 -0.8325 -0.8325 -0.7075 -0.7075 -0.5325 -0.5325 -0.5325 -0.52742656 0.3975 0.3975 0.3975 0.3975 0.3075493 0.2175 0.2175 0.2175 0.2175 -0.25 -0.25 -0.25 -0.23348149 0.275 0.275 0.275 0.0875 0.0875 0.2125 0.2125 0.2125 0.41999999 0.42
0.69 0.44385537 -0.4 -0.39995721 -0.2525 -0.41903085 -0.42 -0.42 -0.29611127 -0.2425 -0.2425 -0.2425 -0.2425 -1.1699698 -1.17 -0.88750022 -0.8875 -0.90067427 -1.3875 -1.3875 -1.3875 -1.2675 -1.2675 -1.2675 -0.7075 -0.7075 -0.5325 -0.5325 -0.5325 -0.53249946 0.21750114 0.21750051 0.39297597 0.39730703 -0.51395463 -0.515 -0.515 -0.515 -0.515 -0.25 -0.25 -0.25 0.24609119 0.275 0.275 0.27499987 0.0875 0.0875 0.0875045 0.2125 0.21250671 0.3625 0.42
0.25008356 0.24999989 -0.4 -0.4 -0.4 -0.42 -0.42 -0.42 -0.08 -0.08 -0.2425 -0.2425 -0.2425 -1.17 -1.17 -1.17 -1.17 -1.1700231 -1.3875 -1.3875 -1.3875 -1.2675 -1.2675 -1.2675 -0.7075 -0.7075 -0.5325 -0.5325 -0.5325 0.2090437 0.2175 0.2175 0.2175 0.2175 -0.51463856 -0.515 -0.515 -0.515 -0.515 -1.2499997 -1.25 -1.25 -1.25 0.27499428 -0.47 -0.47 -0.47 0.335 0.335 0.335 0.3625 0.3625 0.3625
0.25 0.25 -0.4 -0.4 -0.4 -0.41989488 -0.42 -0.08 -0.08 -0.08 -0.24248 -0.2425 -0.9166279 -1.17 -1.17 -1.17 -1.17 -1.7975 -1.7975 -1.7975 -1.585 -1.5849998 -1.2675015 -1.2675 -1.2674302 -1.415 -1.415 -1.4149979 -0.53264262 0.022538861 0.022501038 0.022534044 0.21716672 0.21733172 -0.38466679 -0.51500024 -0.51709452 -1.14 -1.14 -1.25 -1.25 -1.25 -1.25 -0.47 -0.47 -0.47 -0.47 0.335 0.335 0.335 0.3625 0.3625 0.3625
0.25 0.25 -0.4 -0.4 -0.4 -0.4 -0.29274793 -0.08 -0.08 -0.08 -0.080545477 -1.0675 -1.0675 -1.0675 -1.1693959 -1.17 -1.7933185 -1.7975 -1.7975 -1.7975 -1.585 -1.585 -1.585 -1.585 -1.415 -1.415 -1.415 -1.415 -1.415 0.0225 0.0225 0.0225 0.0225 0.022499105 -0.4025 -1.14 -1.14 -1.14 -1.14 -1.1400015 -1.6025 -1.6025 -1.6025 -1.3153205 -0.72 -0.72 -0.72 0.33499997 0.33499967 -0.0025 -0.0025 -0.062396608 -0.0625
0.25 0.25 -0.16539564 -0.4 -0.4 -0.40000002 -1.2154815 -0.083584772 -0.080000001 -0.080000001 -1.0675 -1.0675 -1.0675 -1.0675 -1.0675 -1.0760102 -1.7975 -1.7975 -1.7975 -1.7975 -1.5850016 -1.585 -1.585 -1.585 -1.415 -1.415 -1.415 -1.415 -1.415 -0.54649644 0.0225 0.0225 0.0225 -0.4025 -0.4025 -0.40307269 -1.14 -1.14 -0.930365 -0.76750004 -1.6025 -1.6025 -1.6025 -1.3181537 -0.72 -0.72 -0.72 -0.1175 -0.0039328888 -0.0025 -0.0025 -0.0625 -0.0625
-1.16 -1.16 -1.16 -0.59055289 -0.40226562 -1.2175 -1.2175 -1.2175 -1.2175 -1.1975 -1.1975 -1.0675 -1.0675 -1.0675 -1.0675 -1.0675463 -1.7975 -1.7975 -1.7975 -1.7975 -1.6777281 -1.585 -1.585 -1.5821213 -1.4723283 -1.415 -1.415 -1.415 -0.7475 -0.7475 -0.7475 -0.74749677 -0.4025 -0.4025 -0.4025 -0.4025 -0.7675 -0.7675 -0.7675 -0.7675 -1.135 -1.135 -1.135 -0.48751302 -0.4875 -0.4875 -0.48750007 -0.1175 -0.1175 -0.0026401212 -0.0025 -0.062499786 -0.0625
-1.16 -1.16 -1.16 -1.1600427 -1.9525 -1.8456189 -1.2175 -1.2175 -1.2175 -1.1975 -1.1975 -1.1975 -1.1575 -1.1575 -1.1575 -1.1575 -1.7968543 -1.7975 -1.7975 -1.7975 -1.7942717 -1.4750003 -1.475 -1.475 -1.475 -1.475 -1.01 -1.01 -0.7475 -0.7475 -0.7475 -0.7475 -0.40250006 -0.4025 -0.4025 -0.40250713 -0.76749997 -0.7675 -0.7675 -0.76312414 -1.135 -1.135 -1.135 -0.48753003 -0.4875 -0.4875 -0.4875 -0.1175 -0.1175 -0.11749999 -0.02 -0.02 -0.0725
-1.16 -1.16 -1.16 -1.9524982 -1.9525 -1.9525 -1.2175003 -1.2175 -1.2175 -1.1975 -1.1975 -1.1975 -1.1575 -1.1575 -1.1575 -1.1793959 -1.445 -1.445 -1.4450009 -1.795509 -1.475 -1.475 -1.475 -1.475 -1.475 -1.4746501 -1.01 -1.01 -1.01 -0.7475 -0.7475 -0.74735839 -0.49 -0.49 -0.49 0.43 0.43 0.23 0.23 0.23 0.3725 -1.1345271 -1.1349895 0.2725 0.2725 0.24369686 -0.48749736 -0.1175 -0.1175 -0.02 -0.02 -0.02 -0.0725
-1.16 -1.16 -1.16 -1.9525 -1.9525 -1.9525 -1.9525 -1.2175 -1.2175 -1.1975 -1.1975 -1.1590994 -1.1575 -1.1575 -1.1575 -1.445 -1.445 -1.445 -1.445 -1.445 -1.475 -1.475 -1.475 -1.475 -1.475 -1.0100016 -1.01 -1.01 -1.01 -0.5275 -0.5275 -0.5275 -0.49 -0.49 -0.49 0.43 0.43 0.23 0.23 0.3725 0.3725 0.3725 0.2725 0.2725 0.2725 0.2725 0.27866105 0.3475 0.3475 0.3475 -0.019999996 0.2 0.2
-1.16 -1.16 -1.1611036 -1.9525 -1.9525 -1.9525 -1.9525 -1.9001394 -1.8975 -1.8962982 -1.1975 -1.157508 -1.1575 -1.1575 -1.157501 -1.445 -1.445 -1.445 -1.445 -1.445 -0.8588499 -1.475 -1.475 -1.475 -1.4749017 -1.0099993 -1.01 -1.01 -1.01 -0.5275 -0.5275 -0.5275 -0.52749154 -0.49 0.43 0.43 0.43 0.42999168 0.23000972 0.3725 0.3725 0.3725 0.27250607 0.2725 0.2725 0.2725 0.34749801 0.3475 0.3475 0.3475 0.2 0.2 0.2
-2.0625 -2.0624984 -1.9520871 -1.9525 -1.9525 -1.9525 -1.8975117 -1.8975 -1.8975 -1.8975 -1.2525 -1.2525 -1.2525 -1.2525 -1.4441115 -1.445 -1.445 -1.445 -1.445 -0.83250036 -0.8325 -0.8325 -0.99750008 -0.9975 -0.9975 -0.9975 -0.99857891 -1.01 -0.15503502 -0.155 -0.155 -0.155 -0.155 0.3075 0.3075 0.3075 0.3075 0.3075 -0.1 -0.1 -0.1 -0.1 -0.099999999 0.15018466 0.15 0.15 0.15 0.3475 0.3475 0.3475 0.20002324 0.2 0.2
-2.0625 -2.0625 -2.0597789 -1.7375004 -1.7375 -1.7376561 -1.8975 -1.8975 -1.8975 -1.8975 -1.2525 -1.2525 -1.2525 -1.2525 -1.2525 -1.445 -1.445 -1.445 -0.83250015 -0.8325 -0.8325 -0.8325 -0.9975 -0.9975 -0.9975 -0.9975 -0.9975 -0.9975018 -0.15498745 -0.155 -0.155 -0.155 -0.15499496 0.19270242 0.30738113 0.3075 0.3075 0.3075 -0.1 -0.1 -0.1 -0.1 -0.1 0.15 0.15 0.15 0.15 0.24235486 0.3475 0.50077068 0.5025 0.3675 0.3675
-2.0625 -2.0625 -1.7375412 -1.7375 -1.7375 -1.7375 -1.7781393 -1.8975 -1.8975 -1.8975 -1.2525 -1.2525 -1.2525 -1.2525 -1.2525 -1.4448541 -1.445 -0.83267958 -0.8325 -0.8325 -0.8325 -0.8325 -0.93637468 -0.9975 -0.9975 -0.9975 -0.9975 -0.99688052 -0.1225 -0.1225 -0.1225 -0.1225 -0.1225 0.105 0.105 0.105 0.105 0.105 -0.435 -0.435 -0.435 -0.435 -0.435 0.14920035 0.14999983 0.15 0.14994449 0.14337098 0.5025 0.5025 0.5025 0.36750076 0.3675
-2.0625001 -2.0919151 -1.7375 -1.7375 -1.7375 -1.7375 -1.7375 -1.8974319 -1.8975 -1.8975 -1.2525 -1.2525 -1.2525 -1.2525 -1.4945027 -1.5 -1.5 -0.83251718 -0.8325 -0.8325 -0.8325 -0.8325 -0.8325002 -0.9975 -0.9975 -0.9975 -0.9975 -0.69249947 -0.69249974 -0.57119015 -0.1225 -0.1225 -0.1225 0.105 0.105 0.105 0.105 0.10489671 -0.435 -0.435 -0.435 -0.435 -0.43497261 -0.1775 -0.1775 -0.1775 -0.1775 -0.17744516 0.5025 0.5025 0.5025 0.50250001 0.51775407
-2.0925 -2.0925 -1.9746714 -1.7375 -1.7375 -1.7375 -1.7375 -1.7375 -1.8974314 -1.7375 -1.7375 -1.7375 -1.736349 -1.4999996 -1.5 -1.5 -1.5 -1.5 -0.83250923 -0.91148082 -1.6025 -1.6025 -1.6025 -1.4499746 -1.0233117 -1.1614254 -1.2776077 -0.6925 -0.6925 -0.6925 -0.6925 -0.6925 -0.67151169 -0.054318217 -0.0475 -0.0475 -0.0475 -0.0475 -0.36784229 -0.077500642 -0.0775 -0.0775 -0.0775 -0.082500279 -0.17749998 -0.1775 -0.1775 0.65 0.50250236 0.5025 0.5025 0.52 0.52
-2.0925 -2.0925 -1.74 -1.74 -1.74 -1.7375008 -1.7375 -1.7375 -1.7375 -1.7375 -1.7375 -1.7375 -1.7375 -1.5 -1.5 -1.5 -1.5 -1.5 -1.6025 -1.6025 -1.6025 -1.6025 -1.6025 -1.32 -1.32 -1.32 -1.32 -0.6925 -0.6925 -0.6925 -0.6925 -0.6925 -0.655 -0.655 -0.047500004 -0.0475 -0.0475 -0.040001277 -0.04 -0.0775 -0.0775 -0.0775 -0.077499914 -0.0825 -0.0825 -0.0825 0.65 0.65 0.65 0.5225 0.5225 0.52 0.52
