interpolatedSpi/06-07|19_1.tif
NCOLS 53
NROWS 52
XLLCORNER -116.03883
YLLCORNER 28.596182
DX 0.49850594
DY 0.49788537
NODATA_VALUE -9999
[rows 0 to 31 of 52, columns 0 to 52 of 53]
0.82666667 0.82666667 0.65900855 0.24 0.16 0.33666667 0.73333333 0.57333333 0.035955493 -0.53 -0.32 0.17666667 -0.42664087 -0.11333333 0.18 0.18 0.18 0.42666667 0.52333333 0.52333333 0.52333333 0.5233281 -0.019999995 0.48 0.48 0.48 0.13000225 0.13 0.13 0.13 0.13 0.13 0.13 -0.64999984 -0.65 -0.65 -0.65 -0.65 -0.65 -0.64999999 -0.43564199 -0.43345547 -0.91333333 -0.91333333 -0.91333333 -0.91333333 -0.91320811 -0.83666667 -0.83666667 -0.83666667 0.34666421 0.34666667 0.34666667
0.82666637 0.82 0.92666679 0.81119077 0.53346007 0.91666667 1.1033333 -0.033001604 0.053333333 0.18666667 0.013333333 -0.42666667 -0.42666667 0.378355 -0.11332478 0.18 0.42666667 0.42666667 0.52320729 0.52333333 0.52333333 0.52333333 0.45385691 0.48 0.48 0.48 -0.31999994 -0.32 0.13 0.13 0.13 0.13 0.13 -0.64999989 -0.65 -0.65 -0.65 -0.65 -0.64999999 -0.58569048 -0.24336697 -0.83203431 -0.91333333 -0.91333333 -0.91333333 -0.91333333 -0.91333333 -0.83666667 -0.83666667 -0.83666667 -0.73854353 0.34666667 0.34666667
0.51999825 0.52 1.03 0.71 0.45333333 0.45333333 0.67666667 1.1333333 -0.01 -0.12666667 0.28333333 0.31333333 0.46666667 -0.073333333 0.38 -0.23 0.42666667 0.42666667 0.42666667 0.13344671 0.13333333 0.13333333 -0.016666667 0.48 0.48 0.48 -0.32 -0.32 -0.32 0.13 0.13 0.12999998 -0.06095536 -0.64938571 -0.64866587 -0.5079801 -0.50666667 -0.50666667 -0.47354627 -0.24333334 -0.24333333 -0.24419009 -0.91333333 -0.91333333 -0.91333333 -0.91333333 -0.91333333 -0.83666667 -0.83666667 -0.83666667 -0.83666666 0.34666667 0.34666667
-0.11 0.51999987 -0.11340839 0.43 0.11 0.62333333 0.79666667 0.36666667 0.39333333 0.04503529 -0.11333333 -0.049999999 0.22 -0.073333333 0.26 -0.23 0.037934243 0.040270921 -0.15 0.13333333 0.13333333 0.09 -0.016666667 -0.016666667 0.48 0.479996 -0.32 -0.32 -0.32 -0.8 -0.50737188 -0.26666667 -0.26666667 -0.26666686 -0.50666667 -0.50666667 -0.50666667 -0.50666667 -0.24333333 -0.24333333 -0.24333333 -0.24333336 -0.91333333 -0.91333333 -0.91333333 -0.91333333 -0.91333333 -0.83666763 -0.83666667 -0.83666667 -0.83666667 0.34662322 0.34666667
-0.11 0.64333195 -0.11333333 -0.20207823 0.11 0.43666667 0.68665931 0.32 0.38666667 -0.046666795 -0.023701907 -0.013357684 -0.18333333 0.26 0.26 -0.063616064 0.04 0.04 -0.15 -0.15 0.13333322 0.09 -0.05 0.10333333 0.42666667 0.42662438 -0.32 -0.32 -0.8 -0.8 -0.26666667 -0.26666667 -0.26666667 -0.31883875 -0.50666667 -0.50666667 -0.50666667 -0.24333333 -0.24333333 -0.24333333 -0.24333333 -0.24337162 -0.91333333 -0.91333333 -0.91333333 -0.91333333 -0.91333333 -0.91265091 -0.83666667 -0.83667324 -0.98333333 -0.98333333 -0.98333333
-0.80333333 0.66666667 -0.12333329 -0.19666667 0.28333333 0.81 -0.52333333 -0.41536251 -0.36 -0.37 -0.76 -0.48333333 -0.48333314 -1.1233333 -1.1233333 -0.15333977 -0.15333333 -0.11 -0.11 -0.15000001 -0.19666667 -0.19666667 0.10333333 0.42666667 0.42666667 0.24666667 -0.58666667 -0.58666667 -0.38670432 -0.8 -0.26666667 -0.26666667 -0.54333333 -0.54340613 -1.23995 -0.79 -0.79 -0.41245715 -0.24333333 -0.24333333 -0.63950527 -0.64 -0.63999976 -0.31737599 -0.30673372 -0.30666683 -0.30666669 -0.30666689 -0.003161951 -0.98333333 -0.98333333 -0.98333333 -0.98333333
0.60666476 0.72666667 0.828566 0.3 0.57 -0.4 -0.34666667 -0.58333333 -0.97666667 -0.97666667 -0.76 -0.59666667 -0.52333342 -1.1233333 -0.18000283 -0.18 -0.15333333 -0.13666667 -0.16333333 -0.16333333 -0.20137932 -0.20666667 -0.20666667 0.13666667 0.24666667 0.24666667 -0.58666667 -0.58666667 -0.38667172 -0.38675965 -0.66606941 -0.54333333 -0.54333333 -1.24 -1.24 -0.65020906 -0.79 -0.79 -0.75000139 -0.64000015 -0.64 -0.64 -0.63999755 -0.30666537 -0.30666667 -0.30666667 -0.30666667 -0.30666637 0.19333333 -0.98310015 -0.98333333 -0.98333333 -0.98333333
0.60666667 0.68666667 1.24 -0.23333333 0.16331059 -0.59666667 -1.09 -0.63000001 -0.83666667 -1.1833333 -1.1833333 -0.87 -0.52333333 -0.52333333 -0.18235559 -0.23160956 -0.23666667 -0.73666667 -0.70999944 -0.16333333 -0.74496868 -0.74666667 -0.39 -0.73333333 -0.73333118 -0.56666667 -0.080000001 -0.080000179 -0.47302964 -0.47333334 -0.66666667 -0.59865386 -1.0233333 -1.24 -1.2081513 -0.53333333 -0.53333333 -0.75 -0.75 -0.64 -0.64 -0.64 -0.074993287 -0.073333345 -0.30666667 -0.30666667 -0.30666667 0.1933143 0.19333333 0.19333333 -0.98333333 -0.98333333 -0.98333333
0.64418632 0.68666667 1.2566667 0.44333333 0.31333333 -0.02 0.01 -0.23333333 -0.92 -0.67013622 -1.1133333 -1.0766667 -1.0766667 -0.82666667 -0.82666284 -0.69206056 -0.69333333 -0.69333333 -0.73259595 -0.43000006 -0.72666667 -0.72666667 -0.41666667 -0.4005089 -0.58346227 -0.56666667 -0.45 -0.08 -0.32191932 -0.32333333 -0.48 -0.27333333 -0.21457685 -0.39 -0.12333333 -0.14 -0.39333333 -0.88 -0.39355806 -0.63958338 -0.54666667 -0.26333333 -0.073364267 -0.073333333 -0.07464666 -0.30666667 -0.073333346 0.19333333 0.19333333 0.19333333 0.19333333 -0.88870767 0.51
0.40666667 0.40666667 1.0366667 1.02 0.29666667 -0.4 -0.21666667 -0.16 -0.3 -0.60665514 -0.76666667 -0.56 -0.82666667 -0.82666667 -0.42 -0.42374889 -0.69333333 -0.69333372 -0.74 -0.43 -0.43 -0.4682206 -0.41666667 -0.43666629 -0.43666667 -0.43666667 -0.45 -0.10333333 -0.10333333 -0.32333333 -0.32333333 -0.27311206 -0.15666667 -0.39 0.036666667 -0.14 -0.39333333 -0.72333333 -0.39333333 0.046094249 -0.26333335 -0.26333333 -0.26333333 -0.073333333 -0.073333333 -0.073333333 -0.073333333 -0.073333333 0.19333333 0.19333333 -0.22333333 -0.22333333 -0.22333306
0.40666667 0.40666667 0.71666667 0.31 -0.19 -0.17 -0.51999999 -0.43663205 -0.33666667 -0.73666667 -0.24 -0.82666667 -0.56035541 -0.42 -0.42 -0.419985 -0.29 -0.31361811 -0.74 -0.54666667 -0.54666667 0.34333333 0.34333333 -0.43666667 -0.43666667 -0.43666667 -0.10333333 -0.10333333 -0.10333333 -0.12666667 -0.12666667 -0.12666672 0.18 0.18 -0.39 -0.27333333 -0.25 -0.72333206 0.046666667 0.053333333 0.053333333 0.073332227 -0.26333333 -0.073333333 -0.083333443 -0.23333333 -0.41518801 -0.41666667 0.36 0.36 -0.22333333 -0.22333333 -0.22333333
0.40666667 0.5404153 0.5431275 -0.066646304 0.25666667 0.20666667 -0.52 -0.43666667 -0.3366675 -0.73223515 -0.82666655 -0.82666667 0.013333333 -0.42 -0.42 -0.29 -0.29 -0.29002561 -0.74 -0.54666667 -0.37188877 0.34333333 0.34333333 -0.43663521 -0.43666667 -0.31723189 -0.073333333 -0.073333333 -0.073333337 -0.12666667 -0.12666667 -0.16 -0.16 0.17999844 -0.39 -0.14333339 -0.30184767 -0.72333333 -0.72333333 0.053333334 0.073333333 0.073333333 0.073332147 -0.083333333 -0.083333333 -0.23333333 -0.41666667 -0.41666667 0.36 0.36 -0.22333333 -0.22333333 -0.22333333
-0.57 -0.29903375 -0.37997394 -0.37772143 0.25666623 0.20666785 -0.51999998 -0.43769245 -0.34355769 -0.34711173 0.013333333 0.013333333 0.013333333 0.013333333 -0.41993862 -0.29 -0.29 -0.29581022 -0.74 -0.54639399 0.4 0.4 0.4 0.4 -0.42220877 -0.073333333 -0.073333333 -0.073333333 -0.073333333 -0.0733626 -0.16 -0.16 -0.16 -0.16 -0.14333333 -0.14333333 -0.14333333 -0.69519261 -0.71815106 -0.033333333 -0.033333333 0.073327596 -0.27999327 -0.083352276 -0.083333333 -0.23333333 -0.41666667 -0.41666667 0.36 0.36 -0.22121706 -0.22333333 -0.42867503
-0.57 -0.38 -0.38 -0.38 -0.38 -0.37999975 -0.51813986 -0.48055677 -0.36194236 0.012946439 0.013333333 0.013333333 0.013333333 0.013333333 0.013333467 -0.29 -0.29000007 -0.32086693 -0.73999004 0.4 0.4 0.4 0.4 0.4 0.40237594 -0.013734961 -0.066666668 -0.066666667 -0.066666667 -0.066666667 -0.15999999 -0.16 -0.15999951 0.24333333 0.24333333 -0.14333333 0.33952189 0.35333333 -0.03333311 -0.033333333 -0.033333333 -0.033333333 -0.28 -0.28 -0.28 -0.27967524 -0.36695391 -0.36666667 -0.36666667 -0.36666667 -0.36666665 -0.036666705 -0.036666667
-0.12333333 -0.38 -0.38 -0.38 -0.38 -0.38 -0.38000001 -0.39715457 0.2034453 0.20666667 0.20666667 0.20666667 0.20666667 0.20666667 0.20666666 0.80424762 -0.27247776 -0.35161975 0.39985682 0.4 0.4 0.4 0.4 0.40000065 0.51 0.51 0.50999919 -0.066666667 -0.066666667 -0.06585234 0.34 0.34 0.24333333 0.24333333 0.24333333 0.33571261 0.35333333 0.35333333 0.35333333 -0.033333333 -0.033333333 -0.033333333 -0.28 -0.28 -0.28 -0.28 -0.36666666 -0.36666667 -0.36666667 -0.36666667 -0.36666667 -0.036666667 -0.036666667
-0.12333333 -0.21888742 -0.38 -0.38 -0.38 -0.38 -0.1400471 -0.14 -0.13999999 0.20666667 0.20666667 0.20666667 0.20666667 0.20666667 0.34123693 0.81666667 0.81666667 0.81666667 0.95497147 0.9566661 0.95666667 0.95666667 0.95666667 0.95666667 0.51 0.51 0.51 0.51 -0.066666667 0.34 0.34 0.34 0.24333334 0.24333333 0.24333333 0.52333333 0.35355842 0.35333333 0.35333333 -0.0332488 0.1351995 0.52831632 -0.28 -0.28 0.31814836 0.32 0.32 -0.36532266 0.44714612 0.44999993 0.44999985 0.61656774 -0.036665338
-0.12333333 -0.33418101 -0.35975816 -0.38 -0.38 -0.1401418 -0.14 -0.14 -0.14 -0.13750182 0.20666667 0.20666667 0.20666667 0.20666674 0.81666667 0.81666667 0.81666667 0.81666667 0.95654161 0.95666667 0.95666667 0.95666667 0.95666667 0.95666667 0.51000001 0.51 0.51 0.51 0.50938166 0.34 0.34 0.34 0.91666665 0.24337807 0.52333333 0.52333333 0.52333333 0.52621539 0.51882415 0.53 0.53 0.53 0.56 0.56 0.32 0.32 0.32 0.45 0.45 0.45 0.45 0.61666667 0.61666667
-0.33992905 -0.34 -0.34 -0.34 -0.036666667 -0.13999733 -0.14 -0.14 -0.14 -0.14 0.2023764 0.20666593 0.20666667 0.81666667 0.81666667 0.81666667 0.81666667 0.81666667 0.83732161 0.95666667 0.95666667 0.95666667 0.95666667 0.95666667 0.92822278 1.2233295 1.2233333 1.2233333 1.2233333 0.34000003 0.91666666 0.91666667 0.91666667 0.91666667 0.52333333 0.52334027 0.78666667 0.78666667 0.53320487 0.53 0.53 0.53 0.56 0.56 0.35716026 0.32 0.32 0.45 0.45 0.45 0.4517871 0.61666667 0.61666667
-0.34 -0.34 -0.34 -0.19715581 -0.036666667 -0.036666667 -0.14 -0.14 -0.14 -0.14 0.15 0.15 0.15 0.81666667 0.81666667 0.81666667 0.81666667 0.81666391 0.97 0.97 0.95666667 0.95666667 0.96145467 1.1533333 1.1539635 1.2233333 1.2233333 1.2233333 1.2233333 0.91669789 0.91666667 0.91666667 0.91666667 0.91666667 0.78666574 0.78666667 0.78666667 0.78666667 0.78577602 0.53 0.53 0.53 0.56 0.56 0.56 0.32 0.32 0.45000001 0.45 0.45 0.61666667 0.61666667 0.61666667
-0.34 -0.34 -0.34 -0.036666667 -0.036666667 -0.036666667 -0.036666825 -0.14 -0.14 0.14970064 0.15 0.15 0.15 0.15041536 0.80317629 0.8 0.8 0.8 0.97 0.97 0.97 1.1533333 1.1533333 1.1533333 1.1532941 1.1131832 1.2233333 1.2233333 1.2233333 1.0375827 1.0566529 1.0566667 1.0566667 1.0566667 0.87422043 0.99666619 0.99666667 0.99666667 0.99666667 0.7932973 0.79333333 0.79333333 0.56 0.56 0.75999917 0.76000014 1.1533333 1.1533333 0.93333333 0.93333333 0.93333333 0.61666667 0.9397109
-0.33999889 -0.34 -0.33999999 -0.036666667 -0.036666667 -0.036666667 -0.036666667 -0.033333364 -0.1395735 0.1498398 0.15 0.15 0.15 0.15127548 0.8 0.8 0.8 0.80000005 0.97 0.97 0.97 1.1533333 1.1533333 1.1533333 1.0133333 1.0133333 1.1266667 1.1266667 1.1266667 1.1262848 1.0566667 1.0566667 1.0566667 1.0566667 1.0266831 0.99666667 0.99666667 0.99666667 0.99666667 0.79333333 0.79333333 0.79333333 0.79228454 0.76 0.76 0.76 1.1533333 1.1533333 0.93333333 0.93333333 0.93333333 0.94 0.94
0.016666667 -0.13193931 0.35333333 0.35322019 -0.036666667 -0.03335262 -0.033333333 -0.033333333 0.051688347 -0.026666662 -0.026666667 -0.026666667 -0.026666667 0.31998872 0.32 0.79999963 0.8 0.80447925 0.97 0.97 0.97 0.67333333 0.67333333 0.67333333 1.0133333 1.0133333 1.1266667 1.1266667 1.1266667 1.1266666 1.0933331 1.0933332 1.0575882 1.056706 0.83025988 0.83 0.83 0.83 0.83 0.79333333 0.79333333 0.79333333 0.76183543 0.76 0.76 0.75999991 1.1533333 1.1533333 1.1533254 0.93333333 0.93333005 0.86 0.94
0.3732656 0.37333333 0.35333333 0.35333333 0.35333333 -0.033333333 -0.033333333 -0.033333333 0.2 0.2 -0.026666667 -0.026666667 -0.026666667 0.32 0.32 0.32 0.32 0.32007396 0.97 0.97 0.96999999 0.67333333 0.67333333 0.67333333 1.0133333 1.0133333 1.1266667 1.1266667 1.1266667 1.0937092 1.0933333 1.0933333 1.0933333 1.0933333 0.83012994 0.83 0.83 0.83 0.83 0.78 0.78 0.78 0.78 0.75999619 0.26333333 0.26333333 0.26333333 0.6 0.6 0.6 0.86 0.86 0.86
0.37333333 0.37333333 0.35333333 0.35333333 0.35333333 -0.031300944 -0.033333333 0.2 0.2 0.2 -0.026638764 -0.026666667 -0.22550035 0.31999987 0.32 0.32 0.32 -0.0099999994 -0.01 -0.01 0.51 0.51000012 0.67333254 0.67333333 0.67347623 0.75333333 0.75333333 0.75333422 1.1266063 0.92669988 0.92666755 0.92669576 1.0930485 1.0931895 0.87679288 0.82999979 0.82822385 0.3 0.3 0.78 0.78 0.78 0.78 0.26333333 0.26333333 0.26333333 0.26333333 0.6 0.6 0.6 0.86 0.86 0.86
0.37333333 0.37333333 0.35333333 0.35333333 0.35333333 0.35333333 0.053996517 0.2 0.2 0.2 0.19974038 -0.27 -0.27 -0.27 0.31652299 0.32 -0.0078009615 -0.01 -0.01 -0.01 0.51 0.51 0.51 0.51 0.75333333 0.75333333 0.75333333 0.75333333 0.75333333 0.92666667 0.92666667 0.92666667 0.92666667 0.92666723 1.1933333 0.3 0.3 0.3 0.3 0.29999992 0.2 0.2 0.2 0.27918295 0.44333333 0.44333333 0.44333333 0.6 0.5999996 0.18666667 0.18666667 0.49675506 0.49666667
0.37333333 0.37333333 0.36055193 0.35333333 0.35333333 0.35333333 0.080212942 0.19962183 0.2 0.2 -0.2699999 -0.27 -0.27 -0.27 -0.27 -0.22160092 -0.01 -0.01 -0.01 -0.01 0.50999598 0.51 0.51 0.51 0.75333333 0.75333333 0.75333333 0.75333333 0.75333333 0.92666667 0.92666667 0.92666667 0.92666667 1.1933333 1.1933333 1.1926396 0.3 0.3 0.51385584 0.67999997 0.2 0.2 0.2 0.27884858 0.44333333 0.44333333 0.44333333 0.44333333 0.18986471 0.18666667 0.18666667 0.49666667 0.49666667
0.22333333 0.22333333 0.22333333 0.32073876 0.35353467 0.080000001 0.08 0.08 0.08 0.20666667 0.20666667 -0.26999997 -0.27 -0.27 -0.27 -0.26998351 -0.01 -0.01 -0.01 -0.01 0.28308887 0.51 0.51 0.50275952 0.25648835 0.75333333 0.75333333 0.75333333 0.92666667 0.92666667 0.92666667 0.92666667 1.1933333 1.1933333 1.1933333 1.1933333 0.68 0.68 0.68 0.68 0.33333333 0.33333333 0.33333333 0.6333273 0.63333333 0.63333333 0.63333327 0.44333333 0.44333333 0.1869794 0.18666667 0.49666593 0.49666667
0.22333333 0.22333333 0.22333333 0.22334805 0.49666667 0.43607649 0.08 0.08 0.08 0.20666667 0.20666667 0.20666667 0.089999986 0.09 0.09 0.089999999 -0.0094199227 -0.01 -0.01 -0.01 -0.0021300548 0.23333409 0.23333333 0.23333333 0.23333333 0.23333334 0.15666667 0.15666667 0.92666667 0.92666667 0.92666667 0.92666667 1.1933334 1.1933333 1.1933333 1.1933439 0.68000001 0.68 0.68 0.68100897 0.33333333 0.33333333 0.33333333 0.63331942 0.63333333 0.63333333 0.63333333 0.44333333 0.44333333 0.44333332 0.35 0.35 0.37
0.22333333 0.22333333 0.22333333 0.49666604 0.49666667 0.49666667 0.080000156 0.08 0.08 0.20666667 0.20666667 0.20666667 0.09 0.09 0.09 0.10650124 0.30666667 0.30666667 0.30666585 -0.0082113819 0.23333333 0.23333333 0.23333333 0.23333333 0.23333333 0.23327564 0.15666667 0.15666667 0.15666667 0.92666667 0.92666667 0.92629764 1.3233333 1.3233333 1.3233333 0.74 0.74 0.91 0.91 0.91 0.85 0.3334954 0.33333803 0.96333333 0.96333333 0.95082671 0.63333388 0.44333333 0.44333333 0.35 0.35 0.35 0.37
0.22333333 0.22333333 0.22333333 0.49666667 0.49666667 0.49666667 0.49666667 0.08 0.08 0.20666667 0.20666667 0.094664984 0.09 0.09 0.09 0.30666667 0.30666667 0.30666667 0.30666667 0.30666667 0.23333333 0.23333333 0.23333333 0.23333333 0.23333333 0.15666693 0.15666667 0.15666667 0.15666667 0.35333333 0.35333333 0.35333333 1.3233333 1.3233333 1.3233333 0.74 0.74 0.91 0.91 0.85 0.85 0.85 0.96333333 0.96333333 0.96333333 0.96333333 0.96880982 1.03 1.03 1.03 0.35000001 0.63 0.63
0.22333333 0.22333333 0.22371396 0.49666667 0.49666667 0.49666667 0.49666667 0.69658914 0.70666667 0.70580823 0.20666667 0.090015913 0.09 0.09 0.09000075 0.30666667 0.30666667 0.30666667 0.30666667 0.30666667 0.15022635 0.23333333 0.23333333 0.23333333 0.23333745 0.15667211 0.15666667 0.15666667 0.15666667 0.35333333 0.35333333 0.35333333 0.35347253 1.3233333 0.74 0.74 0.74 0.74000693 0.90999591 0.85 0.85 0.85 0.96332645 0.96333333 0.96333333 0.96333333 1.0299999 1.03 1.03 1.03 0.63 0.63 0.63
0.46 0.45999959 0.49652162 0.49666667 0.49666667 0.49666667 0.70662198 0.70666667 0.70666667 0.70666667 0.28000001 0.28 0.28 0.28 0.30654356 0.30666667 0.30666667 0.30666667 0.30666667 0.14666676 0.14666667 0.14666667 0.25333333 0.25333333 0.25333333 0.25333333 0.24498976 0.15666667 0.25332937 0.25333333 0.25333333 0.25333333 0.25333333 0.64666667 0.64666667 0.64666667 0.64666667 0.64666667 0.92 0.92 0.92 0.92 0.92 1.0232429 1.0233333 1.0233333 1.0233333 1.03 1.03 1.03 0.63006302 0.63 0.63
