interpolatedSpi/06-06|19_2.tif
NCOLS 53
NROWS 52
XLLCORNER -116.03883
YLLCORNER 28.596182
DX 0.49850594
DY 0.49788537
NODATA_VALUE -9999
1.19 1.19 1.391547 0.29 -0.13 0.26 0.9 0.72 -0.00038056036 0.51 0.36 0.58 0.14994401 -0.53 -0.28 -0.28 -0.28 -0.02 -0.16 -0.16 -0.16 -0.15999961 -0.12 0.13 0.13 0.13 -0.20998313 -0.21 -0.21 -0.02 -0.02 -0.02 -0.02 -1.0699998 -1.07 -1.07 -1.07 -1.07 -1.07 -1.07 -1.0403197 -1.0402773 -2.13 -2.13 -2.13 -2.13 -2.1272233 -0.43 -0.43 -0.43 0.11999886 0.12 0.12 
1.1899818 0.78 1.4200004 1.2050865 0.56028101 1.48 1.53 0.56049759 0.49 0.29 0.62 0.15 0.15 0.59623205 -0.52998414 -0.28 -0.02 -0.02 -0.15981746 -0.16 -0.16 -0.16 0.12894726 0.13 0.13 0.13 -0.95999993 -0.96 -0.02 -0.02 -0.02 -0.02 -0.02 -1.0699998 -1.07 -1.07 -1.07 -1.07 -1.07 -1.0721715 -1.0800014 -2.0025908 -2.13 -2.13 -2.13 -2.13 -2.13 -0.43 -0.43 -0.43 -0.38439347 0.12 0.12 
1.509955 1.51 1.76 0.77 0.64 0.17 0.33 1.26 0.26 -0.2 -0.12 -0.01 0.61 -0.67 0.6 -0.61 -0.02 -0.02 -0.02 0.079930231 0.08 0.08 0.11 0.13 0.13 0.13 -0.96 -0.96 -0.96 -0.02 -0.02 -0.020000038 -0.40030605 -1.0698574 -1.0703723 -1.1096335 -1.11 -1.11 -1.1062268 -1.08 -1.08 -1.0813427 -2.13 -2.13 -2.13 -2.13 -2.13 -0.43 -0.43 -0.43 -0.43 0.12 0.12 
0.69 1.5099998 0.47988511 0.55 0.29 0.3 0.75 0.41 0.58 0.12941832 -0.21 -0.079999999 -0.45 -0.67 0.29 -0.61 0.40219603 0.40969872 -0.1 0.08 0.08 0.5 0.11 0.11 0.13 0.12999456 -0.96 -0.96 -0.96 -1.65 -1.1891107 -0.81 -0.81 -0.81000024 -1.11 -1.11 -1.11 -1.11 -1.08 -1.08 -1.08 -1.08 -2.13 -2.13 -2.13 -2.13 -2.13 -0.43002145 -0.43 -0.43 -0.43 0.11993402 0.12 
0.69 1.3499984 0.48 0.43963278 0.29 1.37 0.89005229 0.66 0.09 -0.46000032 -0.73719694 -0.87006589 -1.33 0.29 0.29 -0.29616283 0.41 0.41 -0.1 -0.1 0.080000787 0.5 0.53 0.06 0.27 0.26995058 -0.96 -0.96 -1.65 -1.65 -0.81 -0.81 -0.81 -0.86091495 -1.11 -1.11 -1.11 -1.08 -1.08 -1.08 -1.08 -1.080057 -2.13 -2.13 -2.13 -2.13 -2.13 -2.1148679 -0.43 -0.43006591 -1.9 -1.9 -1.9 
-0.96 0.72 0.14000005 0.05 1.17 1.4 -0.63 -0.46484305 -0.58 -0.78 -1.18 -1.36 -1.36 -1.09 -1.09 -1.4486169e-05 6.9392951e-45 0.28 0.28 -0.09999993 0.01 0.01 0.06 0.27 0.27 0.06 -0.47 -0.47 -0.38011622 -1.65 -0.81 -0.81 -1.08 -1.0800825 -1.8699433 -1.51 -1.51 -1.2130303 -1.08 -1.08 -1.6692641 -1.67 -1.6699999 -0.92171287 -0.90013594 -0.90000033 -0.90000004 -0.90000046 -0.98657197 -1.9 -1.9 -1.9 -1.9 
0.14000634 0.88 1.0477413 0.63 0.72 -0.53 -0.46 -0.67 -1.64 -1.64 -1.18 -1.26 -0.63000008 -1.09 -0.060003086 -0.06 1.7616656e-23 0.17 -0.02 -0.02 -0.1926439 -0.42 -0.42 -0.35999999 0.06 0.06 -0.47 -0.47 -0.38003905 -0.38071886 -0.39203423 -1.08 -1.08 -1.87 -1.87 -1.5699104 -1.51 -1.51 -1.8099896 -1.6700002 -1.67 -1.67 -1.6699985 -0.90000089 -0.9 -0.9 -0.9 -0.89999997 -0.85 -1.8997919 -1.9 -1.9 -1.9 
0.14 0.08 1.68 -0.85 -1.0099908 -1.83 -1.96 -1.13 -1.93 -0.58 -0.58 -0.91 -0.63 -0.63 -0.063910729 0.80521912 0.89 0.15 0.20999976 -0.02 0.28896307 0.3 -0.43 -0.94 -0.93999729 -0.73 -0.08 -0.080000138 -1.0476522 -1.05 -0.39 -0.96850086 -1.5 -1.87 -1.8491795 -1.62 -1.62 -1.81 -1.81 -1.67 -1.67 -1.67 -1.0634197 -1.06 -0.9 -0.9 -0.9 -0.8500019 -0.85 -0.85 -1.9 -1.9 -1.9 
0.072414223 0.080000015 0.89 0.52 -0.07 -0.64 -0.68 -1.29 -2.06 -1.3502805 -0.77 -0.61000001 -0.61 -0.16 -0.15999539 0.66064103 0.66 0.66 0.15915909 0.6599999 0.17 0.17 0.17 -0.19354987 -0.75116246 -0.73 0.03 -0.08 -0.01040677 -0.01 -0.82 -0.2 -0.21007812 -1.05 -1.14 -1.19 -1.21 -2.01 -1.5302216 -1.6699107 -1.65 -1.53 -1.0600358 -1.06 -1.0590994 -0.9 -1.7 -0.85000001 -0.85 -0.85 -0.85 -1.7481009 0.3 
0.03 0.03 0.59 0.78 0.37 -0.51 -0.93 -0.65 -0.51 -1.1700272 -0.99 -0.62 -0.16 -0.16 0.33 0.3345261 0.66 0.65977189 -0.44 0.66 0.66 0.59687159 0.17 -0.35998996 -0.36 -0.36 0.03 -0.29 -0.29 -0.01 -0.01 -0.20003793 -0.22 -1.05 -1.05 -1.19 -1.21 -1.95 -1.53 -0.6544242 -1.53 -1.4381652 -1.28 -1.06 -1.06 -1.7 -1.7 -1.7 -0.85 -0.85 -0.68 -0.68 -0.67999963 
0.03 0.03 0.66 0.17 -0.03 -0.42 -1.02 -1.1798234 -1.17 -1.14 -0.66 -1.37 -0.62099779 0.33 0.33 0.33002423 0.54 0.488565 -0.44 0.07 0.07 1.58 1.58 -0.36 -0.36 -0.36 -0.29 -0.29 -0.29 -0.32 -0.32 -0.31999984 -0.2 -0.2 -1.09 -1.09 -0.54 -1.449995 -1.36 -0.64 -0.64 -1.1200005 -1.28 -1.06 -1.0700003 -1.44 -1.9190525 -1.92 -0.28 -0.28 -0.68 -0.68 -0.68 
0.03 0.30191558 0.45089952 -0.40996069 0.62 -0.17 -1.02 -1.18 -1.1700001 -1.1403324 -1.3699997 -1.37 0.18 0.33 0.33 0.53999999 0.54 0.53994422 -0.44 0.07 0.36653328 1.58 1.58 -0.35992301 -0.36 -0.47505185 -0.71 -0.71 -0.70999995 -0.32 -0.32 -0.14 -0.14 -0.20000244 -1.09 -0.59000014 -0.59131327 -1.45 -1.45 -0.64000002 -1.12 -1.12 -1.1199997 -1.07 -1.07 -1.44 -1.92 -1.92 -0.28 -0.28 -0.68 -0.68 -0.68 
-1.42 -0.93125699 -1.0599538 -1.0552682 0.61999589 -0.16998135 -1.02 -1.1780305 -1.1706891 -1.1692166 0.18 0.18 0.18 0.18 0.32997875 0.54 0.54 0.52734664 -0.44 0.0700952 0.41 0.41 0.41 0.41 -0.34727312 -0.71 -0.71 -0.71 -0.71 -0.70973378 -0.14 -0.14 -0.14 -0.14 -0.59 -0.59 -0.59 -1.4078453 -1.4447426 -0.75 -0.75 -1.1199801 -0.27002739 -1.0699229 -1.07 -1.44 -1.92 -1.92 -0.28 -0.28 -0.67854884 -0.68 -1.0366651 
-1.42 -1.06 -1.06 -1.06 -1.06 -1.0599996 -1.0178241 -1.0957047 -1.1725276 0.17854684 0.18 0.18 0.18 0.18 0.17999993 0.54 0.53999985 0.47277869 -0.4399836 0.41 0.41 0.41 0.41 0.41 0.40415903 -0.54666701 -0.57000003 -0.57 -0.57 -0.57 -0.14 -0.14 -0.13999992 -0.07 -0.07 -0.59 -0.0261288 -0.01 -0.74999957 -0.75 -0.75 -0.75 -0.27 -0.27 -0.27 -0.27814213 -0.89660185 -0.89 -0.89 -0.89 -0.88999999 -0.05000013 -0.05 
-0.030000002 -1.06 -1.06 -1.06 -1.06 -1.06 -1.06 -0.97536136 0.072988932 0.08 0.08 0.08 0.08 0.08 0.080000001 0.55033024 0.54023024 0.40580527 0.40989346 0.41 0.41 0.41 0.41 0.41000021 0.14 0.14 0.139999 -0.57 -0.57 -0.56849817 0.18 0.18 -0.07 -0.07 -0.07 -0.019611178 -0.01 -0.01 -0.01 -0.75 -0.75 -0.75 -0.27 -0.27 -0.27 -0.27 -0.88999998 -0.89 -0.89 -0.89 -0.89 -0.05 -0.05 
-0.03 -0.4134573 -1.06 -1.06 -1.06 -1.06 -0.77005692 -0.77 -0.76999998 0.08 0.08 0.08 0.08 0.08 0.18589136 0.56 0.56 0.56 0.58945188 0.58999982 0.59 0.59 0.59 0.59 0.14 0.14 0.14 0.14 -0.57 0.18 0.18 0.18 -0.069999978 -0.07 -0.07 0.37 -0.0094968682 -0.01 -0.01 -0.74985891 -0.46877954 0.18719055 -0.27 -0.27 0.3381175 0.34 0.34 -0.8877942 0.44531731 0.44999988 0.44999975 0.52991219 -0.049998821 
-0.030000001 -0.43872009 -0.75131192 -1.06 -1.06 -0.77017135 -0.77 -0.77 -0.77 -0.76387466 0.08 0.08 0.08 0.080000058 0.56 0.56 0.56 0.56 0.5899732 0.59 0.59 0.59 0.59 0.59 0.14000001 0.14 0.14 0.14 0.1401455 0.18 0.18 0.18 0.52999999 -0.069940759 0.37 0.37 0.37 0.37239008 0.17735157 0.19 0.19 0.19 0.42 0.42 0.34 0.34 0.34 0.45 0.45 0.45 0.45 0.53 0.53 
-0.44984392 -0.45 -0.45 -0.45 -0.2 -0.7699853 -0.77 -0.77 -0.77 -0.77 0.083028002 0.080000521 0.080000001 0.56 0.56 0.56 0.56 0.56 0.60401665 0.59 0.59 0.59 0.59 0.59 0.73404547 1.3099937 1.31 1.31 1.31 0.18000002 0.52999999 0.53 0.53 0.53 0.37 0.37000579 0.59 0.59 0.1949946 0.19 0.19 0.19 0.42 0.42 0.35238675 0.34 0.34 0.45 0.45 0.45 0.45085781 0.53 0.53 
-0.45 -0.45 -0.45 -0.33227127 -0.2 -0.2 -0.77 -0.77 -0.77 -0.77 0.12 0.12 0.12 0.56 0.56 0.56 0.56 0.56017187 1.22 1.22 0.59000026 0.59 0.59730374 0.89 0.89378107 1.31 1.31 1.31 1.31 0.53007942 0.53 0.53 0.53 0.53 0.58999923 0.59 0.59 0.59 0.58859546 0.19 0.19 0.19 0.42 0.42 0.42 0.34 0.34 0.45000001 0.45 0.45 0.53 0.53 0.53 
-0.45 -0.45 -0.45 -0.2 -0.2 -0.2 -0.20000087 -0.77 -0.77 0.11908126 0.12 0.12 0.12 0.12027416 1.4017993 1.6 1.6 1.6 1.22 1.22 1.22 0.89 0.89 0.89 0.88998599 1.0634736 1.31 1.31 1.31 1.0846934 1.1899351 1.19 1.19 1.19 0.60739942 0.62999991 0.63 0.63 0.63 0.64993706 0.65 0.65 0.42 0.42 0.79999841 0.80000021 1.4 1.4 0.95 0.95 0.95 0.53 0.85970494 
-0.44999649 -0.45 -0.44999999 -0.2 -0.2 -0.2 -0.2 0.099999747 -0.7665214 0.11978237 0.12 0.12 0.12 0.12290417 1.6 1.6 1.6 1.5999999 1.22 1.22 1.22 0.89 0.89 0.89 0.84 0.84 1.18 1.18 1.18 1.1800546 1.19 1.19 1.19 1.19 0.91015378 0.63 0.63 0.63 0.63 0.65 0.65 0.65 0.65471957 0.8 0.8 0.8 1.4 1.4 0.95 0.95 0.95 0.86 0.86 
0.68 0.17498419 0.59 0.58977081 -0.2 0.09826421 0.1 0.1 0.25668281 -0.11999999 -0.12 -0.12 -0.12 1.0999603 1.1 1.5999996 1.6 1.5899876 1.22 1.22 1.22 0.59 0.59 0.59 0.84 0.84 1.18 1.18 1.18 1.18 1.1400003 1.1400001 1.1887433 1.1899464 0.80044337 0.8 0.8 0.8 0.8 0.65 0.65 0.65 0.7917407 0.8 0.8 0.79999994 1.4 1.4 1.3999838 0.95 0.94998524 0.62 0.86 
1.0899221 1.0899999 0.59 0.59 0.59 0.1 0.1 0.1 0.53 0.53 -0.12 -0.12 -0.12 1.1 1.1 1.1 1.1 1.1000152 1.22 1.22 1.22 0.59 0.59 0.59 0.84 0.84 1.18 1.18 1.18 1.140451 1.14 1.14 1.14 1.14 0.80016777 0.8 0.8 0.8 0.8 0.90999993 0.91 0.91 0.91 0.79999762 0.49 0.49 0.49 0.96 0.96 0.96 0.62 0.62 0.62 
1.09 1.09 0.59 0.59 0.59 0.10257553 0.1 0.53 0.53 0.53 -0.11991998 -0.12 0.34576109 1.0999999 1.1 1.1 1.1 0.96 0.96 0.96 0.97999999 0.97999971 0.5900019 0.59 0.59021248 0.83 0.83 0.83000083 1.1799434 1.4099462 1.4099986 1.4099529 1.1404615 1.140233 0.86073061 0.79999984 0.79859249 0.38 0.38 0.91 0.91 0.91 0.91 0.49 0.49 0.49 0.49 0.96 0.96 0.96 0.62 0.62 0.62 
1.09 1.09 0.59 0.59 0.59 0.59 0.26093644 0.53 0.53 0.53 0.52995581 0.45 0.45 0.45 1.0961694 1.1 0.96093293 0.96 0.96 0.96 0.98 0.98 0.98 0.98 0.83 0.83 0.83 0.83 0.83 1.41 1.41 1.41 1.41 1.41 1.42 0.38 0.38 0.38 0.38 0.38000036 0.41 0.41 0.41 0.59548291 0.98 0.98 0.98 0.96 0.96000008 1.04 1.04 1.5997616 1.6 
1.09 1.09 0.77046489 0.59 0.59 0.59000001 0.82946764 0.53094543 0.53 0.53 0.45000015 0.45 0.45 0.45 0.45 0.50335427 0.96 0.96 0.96 0.96 0.97999985 0.98 0.98 0.98 0.83 0.83 0.83 0.83 0.83 1.1735339 1.41 1.41 1.41 1.42 1.42 1.4191924 0.38 0.38 0.84710617 1.2099999 0.41 0.41 0.41 0.59500239 0.98 0.98 0.98 1.78 1.0492203 1.04 1.04 1.6 1.6 
1.27 1.27 1.27 0.76049469 0.59100417 0.83 0.83 0.83 0.83 1.16 1.16 0.45000005 0.45 0.45 0.45 0.45003235 0.96 0.96 0.96 0.96 0.97127265 0.98 0.98 0.97188717 0.67712462 0.83 0.83 0.83 1.09 1.09 1.09 1.0900013 1.42 1.42 1.42 1.42 1.21 1.21 1.21 1.21 1.1 1.1 1.1 1.5099918 1.51 1.51 1.5099998 1.78 1.78 1.0409016 1.04 1.6000012 1.6 
1.27 1.27 1.27 1.2700005 1.28 1.2145626 0.83 0.83 0.83 1.16 1.16 1.16 1.21 1.21 1.21 1.21 0.96069609 0.96 0.96 0.96 0.96028635 0.67000085 0.67 0.67 0.67 0.66999999 0.38 0.38 1.09 1.09 1.09 1.09 1.4200001 1.42 1.42 1.4200114 1.21 1.21 1.21 1.2125005 1.1 1.1 1.1 1.509981 1.51 1.51 1.51 1.78 1.78 1.78 1.84 1.84 1.49 
1.27 1.27 1.27 1.28 1.28 1.28 0.83000017 0.83 0.83 1.16 1.16 1.16 1.21 1.21 1.21 1.2199007 1.34 1.34 1.339999 0.96214634 0.67 0.67 0.67 0.67 0.67 0.66978176 0.38 0.38 0.38 1.09 1.09 1.0901223 1.56 1.56 1.56 1.74 1.74 1.78 1.78 1.78 2.05 1.100298 1.1000076 2.12 2.12 2.0968817 1.5100021 1.78 1.78 1.84 1.84 1.84 1.49 
1.27 1.27 1.27 1.28 1.28 1.28 1.28 0.83 0.83 1.16 1.16 1.2080007 1.21 1.21 1.21 1.34 1.34 1.34 1.34 1.34 0.67 0.67 0.67 0.67 0.67 0.38000099 0.38 0.38 0.38 1.28 1.28 1.28 1.56 1.56 1.56 1.74 1.74 1.78 1.78 2.05 2.05 2.05 2.12 2.12 2.12 2.12 2.1027491 1.91 1.91 1.91 1.84 1.43 1.43 
1.27 1.27 1.2700139 1.28 1.28 1.28 1.28 1.9940088 2.03 2.0285063 1.16 1.2100117 1.21 1.21 1.2100004 1.34 1.34 1.34 1.34 1.34 0.84266366 0.67 0.67 0.67 0.67000206 0.38001688 0.38 0.38 0.38 1.28 1.28 1.28 1.280038 1.56 1.74 1.74 1.74 1.7400018 1.7800184 2.05 2.05 2.05 2.1199958 2.12 2.12 2.12 1.9099956 1.91 1.91 1.91 1.43 1.43 1.43 
1.71 1.7099992 1.2800099 1.28 1.28 1.28 2.0298404 2.03 2.03 2.03 1.35 1.35 1.35 1.35 1.3400461 1.34 1.34 1.34 1.34 0.85000029 0.85 0.85 0.68 0.68 0.68 0.68 0.65410614 0.38 0.98997502 0.99 0.99 0.99 0.99 1.99 1.99 1.99 1.99 1.99 2.23 2.23 2.23 2.23 2.23 1.4709798 1.47 1.47 1.47 1.91 1.91 1.91 1.4300756 1.43 1.43 
1.71 1.71 1.710586 1.779999 1.7799999 1.7802433 2.03 2.03 2.03 2.03 1.35 1.35 1.35 1.35 1.35 1.34 1.34 1.34 0.85000012 0.85 0.85 0.85 0.68 0.68 0.68 0.68 0.68 0.67993684 0.99020853 0.99 0.99 0.99 0.99008377 2.1373944 1.9901526 1.99 1.99 1.99 2.23 2.23 2.23 2.23 2.23 1.47 1.47 1.47 1.47 1.6757526 1.91 1.7913388 1.79 1.17 1.17 
1.71 1.71 1.7799911 1.78 1.78 1.78 1.8434989 2.03 2.03 2.03 1.35 1.35 1.35 1.35 1.35 1.3400052 1.34 0.85014366 0.85 0.85 0.85 0.85 0.7429776 0.68 0.68 0.68 0.68 0.68060204 1.53 1.53 1.53 1.53 1.53 2.25 2.25 2.25 2.25 2.25 2.51 2.51 2.51 2.51 2.51 1.4724905 1.4700005 1.47 1.4701729 1.4908503 1.79 1.79 1.79 1.1700035 1.17 
1.7100006 2.0139562 1.78 1.78 1.78 1.78 1.78 2.0298936 2.03 2.03 1.35 1.35 1.35 1.35 1.0762192 1.07 1.07 0.85000566 0.85 0.85 0.85 0.85 0.84999981 0.68 0.68 0.68 0.68 1.6399999 1.6399999 1.6165893 1.53 1.53 1.53 2.25 2.25 2.25 2.25 2.2499729 2.51 2.51 2.51 2.51 2.5099985 2.49 2.49 2.49 2.49 2.4899435 1.79 1.79 1.79 1.7899998 1.5345509 
2.02 2.02 1.9578692 1.78 1.78 1.78 1.78 1.78 2.0298915 1.23 1.23 1.23 1.2302848 1.0700004 1.07 1.07 1.07 1.07 0.84999149 0.77717353 0.14 0.14 0.14 0.27353547 0.60876763 0.2276167 -0.092942821 1.64 1.64 1.64 1.64 1.64 1.6381339 2.2056229 2.21 2.21 2.21 2.21 2.5062427 2.49 2.49 2.49 2.49 1.8600018 2.4899998 2.49 2.49 2.58 1.7900127 1.79 1.79 1.54 1.54 
2.02 2.02 1.9 1.9 1.9 1.78004 1.78 1.78 1.23 1.23 1.23 1.23 1.23 1.07 1.07 1.07 1.07 1.07 0.14 0.14 0.14 0.14 0.14 -0.20999998 -0.21 -0.21 -0.21 1.64 1.64 1.64 1.64 1.64 1.82 1.82 2.21 2.21 2.21 1.8900545 1.89 2.49 2.49 2.49 2.4899998 1.86 1.86 1.86 2.58 2.58 2.58 1.56 1.56 1.54 1.54 
2.02 2.02 1.9 1.9 1.9 1.9 1.8999958 1.14 1.2299153 1.23 1.23 1.23 1.23 1.0719959 1.07 1.07 1.07 1.07 0.14000002 0.14 0.14 0.14 0.14 -0.21 -0.21 -0.21 -0.21 -0.20999244 1.64 1.64 1.64 1.8199906 1.82 1.82 1.82 2.21 1.89 1.89 1.89 1.9057871 1.6385614 1.48 1.48 1.86 1.86 1.86 2.58 2.58 2.58 1.56 1.56 1.56 0.22671129 
1.87 1.8700012 1.9 1.9 1.9 1.9 1.14 1.14 1.14 1.23 1.23 1.23 1.23 1.2299503 1.07 1.07 1.07 1.07 0.14001631 0.14 0.14 0.14 -0.14834542 -0.21 -0.21 -0.21 -0.21 0.67999927 0.68 0.68000001 1.6297033 1.82 1.82 1.82 1.8199992 1 1.89 1.89 1.89 1.89 1.48 1.48 1.48 2.13 2.13 2.13 1.810075 2.58 2.58 1.56 1.56 1.56 0.090002341 
1.87 1.87 1.9 1.9 1.9 1.14 1.14 1.14 1.14 1.2201084 1.23 1.23 1.23 1.2299954 0.10011163 0.1 0.1 0.1 -0.12747689 -0.06 -0.06 -0.06 -0.06 -0.21 -0.21 -0.21 -0.20994129 0.68 0.68 0.68 0.68 1.8198664 1.3587737 1 1 1 1.8879439 1.3400115 1.34 1.34 1.4804465 2.05 2.05 2.13 2.13 2.1299986 1.81 1.81 0.89 0.89 0.89 0.97 0.93 
1.87 1.87 0.19 0.19 0.19 1.14 1.14 1.14 1.14 0.36 0.36 0.36 0.36 0.34167719 0.1 0.1 0.1 0.1 -0.13 -0.06 -0.06 -0.06 -0.06 -0.29 -0.28999997 -0.21000012 0.68 0.68 0.68 0.68 0.81163156 0.94 0.99286082 1 1 1 1.34 1.34 1.34 1.34 2.05 2.05 2.05 2.0200095 2.02 1.8109439 1.81 1.81 0.89000168 0.89 0.97 0.97 0.93 
1.87 0.19000001 0.19 0.19 0.19 0.19 1.1331687 0.26 0.26 0.36 0.36 0.36 0.36 0.35993842 0.1 0.1 0.1 0.08960787 -0.13 -0.13 -0.06 -0.06 -0.29 -0.29 -0.29 -0.29 0.68 0.68 0.68 0.68 0.94 0.94 0.94 0.99993928 1 1 1.34 1.34 1.34 1.34 2.05 2.05 2.05 2.02 2.02 2.0199666 1.43 1.43 1.17 1.17 0.97 0.97 0.93 
0.20577729 0.19 0.19 0.19 0.19 0.19 0.26 0.26 0.26 0.31352418 0.36 0.36 0.36 0.35998491 0.1 0.1 0.1 -0.13 -0.13 -0.13 -0.060003497 -0.060001405 -0.29 -0.29 -0.29 -0.29 0.67993105 0.68 0.68 0.93994021 0.94 0.94 0.94 0.94 1.0004482 1.41 1.41 1.4087885 1.34 1.34 2.0499994 2.05 2.0208723 2.02 2.02 1.4300002 1.43 1.43 1.17 1.17 1.12 1.12 0.77 
0.19 0.19 0.19 0.19 0.19 0.19 0.26 0.26 0.26 0.26 -0.36997897 -0.37 -0.37 -0.37 0.099999716 0.14487069 0.17 0.17 -0.12944695 -0.13 -0.12999999 -0.28999967 -0.29 -0.29 -0.29 -0.29 -0.28929476 0.68 0.68000889 0.94 0.94 0.94 0.94 0.94 1.41 1.41 1.41 1.41 1.41 1.4100008 1.87 1.87 1.8699999 1.6 1.6 1.6 0.89 0.89 0.57 0.57 1.12 1.1199992 0.77 
0.19 0.19 0.19 0.19 0.19 0.19 0.26 0.26 0.26 -0.37 -0.37 -0.37 -0.37 -0.37 -0.22765729 0.17 0.17 0.17 0.17 0.17 0.15567599 -0.29 -0.29 -0.29 -0.29 -0.26330914 0.55866806 0.66365825 0.93871782 0.94 0.94 0.94 0.94 0.94000103 1.41 1.41 1.41 1.41 1.41 1.6239909 1.87 1.87 1.87 1.6 1.6 1.6 0.89 0.89 0.57 0.57 0.94999999 0.77992966 0.77 
0.19 0.19 0.19 0.19 0.19 0.19000002 0.25999998 0.26 0.23385149 -0.37 -0.37 -0.37 -0.37 -0.37 -0.34409827 0.17 0.17 0.17 0.17 0.17 0.17 0.42882297 0.55999881 0.56 0.56 0.56 0.56 0.56 1.1022934 1.109998 1.11 1.11 1.11 1.1100002 1.41 1.41 1.41 1.41 1.41 1.8699999 1.87 1.87 1.87 1.8699999 1.5997916 1.47 0.89000006 0.909654 0.57029791 0.95 0.95 0.93835948 0.39 
0.19 0.19 0.19 0.19 0.19 0.19000447 0.25999622 0.25996188 -0.36999921 -0.37 -0.37 -0.37 -0.37 -0.37 -0.35972495 0.17 0.17 0.17 0.17 0.17 0.17 0.56 0.56 0.56 0.56 0.56 0.56 0.56 1.1098482 1.11 1.11 1.11 1.11 1.11 1.1922 1.41 1.41 1.41 1.41 1.87 1.87 1.87 1.87 1.8698975 1.47 1.47 1.4664902 0.91 0.91 0.95 0.95 0.39 0.39 
0.19 0.19 0.19 0.19 0.19 0.19009335 0.25989918 -0.29890862 -0.37 -0.37 -0.37 -0.37 -0.37 -0.37 -0.36054637 0.17 0.17 0.17 0.17 0.17 0.22552891 0.56 0.56 0.56 0.56 0.56 0.56 0.56 1.1099978 1.11 1.11 1.11 1.11 1.11 1.11 1.1795545 0.82134281 0.62547425 0.59569013 1.8455741 1.87 1.87 1.87 1.4700319 1.47 1.4708357 1.6099967 0.91 0.91 0.97999346 0.98 0.98 0.39000026 
0.19 0.19 0.19 0.19 0.19000007 0.19058349 0.20504162 -0.36982677 -0.37 -0.37 -0.37 -0.37 -0.37 -0.37 -0.35739017 0.17 0.17 0.17 0.17 0.17 0.55999832 0.56 0.56 0.56 0.56 0.56 0.56 0.56 1.1099998 1.11 1.11 1.11 1.11 1.11 1.1099999 0.58 0.58 0.58 0.58 1.49 1.49 1.49 1.49 1.6099996 1.61 1.61 1.61 1.6099926 0.95 0.95 0.98 0.98 0.17679947 
0.19 0.19 0.19 0.19000001 0.19000195 0.1916143 -0.32690015 -0.36999177 -0.37 -0.37 -0.37 -0.37 -0.37 -0.37 -0.35166907 0.16999978 0.17 0.17 0.17 0.17234724 0.56 0.56 0.56 0.56 0.56 0.56 0.56 0.56 1.1099999 1.11 1.11 1.11 1.11 1.11 0.58000049 0.58 0.58 0.58 0.58 1.49 1.49 1.49 1.49 1.5223875 1.61 1.61 1.61 0.95000738 0.95 0.95 -0.18 -0.18 -0.18 
0.19 0.19 0.19 0.19000016 0.19001762 0.16757673 -0.36767047 -0.36999794 -0.37 -0.37 -0.37 -0.37 -0.37 -0.36999997 -0.34391918 0.1699873 0.17 0.17 0.17000045 0.55209798 0.56 0.56 0.56 0.56 0.56 0.56 0.56 0.56 1.1099995 1.11 1.11 1.11 1.11 0.31207457 0.57999983 0.58 0.58 0.58 0.58 1.49 1.49 1.49 1.49 1.49 1.61 1.61 1.61 0.95000001 0.95 0.95 -0.18 -0.18 -0.18 
0.19 0.19 0.19000007 0.19000175 0.18994329 -0.10761665 -0.3695945 -0.36999874 -0.37 -0.37 -0.37 -0.37 -0.37 -0.36999899 -0.33470519 0.16980279 0.16999999 0.17000001 0.17201922 0.55996684 0.56 0.56 0.56 0.56 0.56 0.56 0.56 0.56000032 1.1099966 1.11 1.1099992 0.11582427 0.02 0.02 0.02 0.58 0.58 0.58 0.58 1.49 1.49 1.49 1.49 1.49 1.6099979 1.61 1.6099997 0.95000005 0.95 0.94999939 -0.18 -0.18 -0.18 
