interpolatedSpi/06-09|19_3.tif
NCOLS 53
NROWS 52
XLLCORNER -116.03883
YLLCORNER 28.596182
DX 0.49850594
DY 0.49788537
NODATA_VALUE -9999
[rows 0 to 38 of 52, columns 0 to 52 of 53]
1.09 1.09 0.86810256 0.255 0.6225 0.845 1.2 1.2825 0.31398938 -0.29 -0.26 0.75 0.13246974 -0.235 0.505 0.505 0.505 0.23 0.58 0.58 0.58 0.57999738 0.3075 0.765 0.765 0.765 -0.14249375 -0.1425 -0.1425 -0.11 -0.11 -0.11 -0.11 -0.83749985 -0.8375 -0.8375 -0.8375 -0.8375 -0.8375 -0.83749998 -0.078178275 -0.070145767 -0.6425 -0.6425 -0.6425 -0.6425 -0.64321867 -1.0825 -1.0825 -1.0825 1.0699955 1.07 1.07
1.0900003 1.0975 1.3250002 1.1742398 0.8452204 1.0575 1.415 0.43805262 0.59 0.5475 0.81 0.1325 0.1325 0.57977407 -0.23498359 0.505 0.23 0.23 0.57954365 0.58 0.58 0.58 0.72618014 0.765 0.765 0.765 0.052500049 0.0525 -0.11 -0.11 -0.11 -0.11 -0.11 -0.83749989 -0.8375 -0.8375 -0.8375 -0.8375 -0.83749996 -0.6641498 0.23992223 -0.535416 -0.6425 -0.6425 -0.6425 -0.6425 -0.6425 -1.0825 -1.0825 -1.0825 -0.90401264 1.07 1.07
0.72250938 0.7225 1.5025 1.1425 0.77 0.965 1.1375 1.7125 0.3525 0.2125 0.4175 0.5675 0.97 0.085 0.5825 -0.36 0.23 0.23 0.23 0.18261555 0.1825 0.1825 0.0275 0.765 0.765 0.765 0.0525 0.0525 0.0525 -0.11 -0.11 -0.11000001 -0.21109401 -0.83593242 -0.83226433 -0.28015445 -0.275 -0.275 -0.21022657 0.24 0.24 0.2388715 -0.6425 -0.6425 -0.6425 -0.6425 -0.6425 -1.0825 -1.0825 -1.0825 -1.0825 1.07 1.07
0.5225 0.72249974 -0.58252259 0.75 0.0475 1.0375 0.9 0.7475 0.23 0.074406623 -0.05 -0.165 0.6725 0.085 0.615 -0.36 0.14609802 0.15005605 0.1175 0.1825 0.1825 0.6225 0.0275 0.0275 0.765 0.76499644 0.0525 0.0525 0.0525 -1.22 -0.72619005 -0.32 -0.32 -0.31999997 -0.275 -0.275 -0.275 -0.275 0.24 0.24 0.24 0.23999997 -0.6425 -0.6425 -0.6425 -0.6425 -0.6425 -1.0824944 -1.0825 -1.0825 -1.0825 1.0699282 1.07
0.5225 0.85499736 -0.5825 -0.50169904 0.0475 0.5925 0.58251162 0.5575 0.415 0.022499691 -0.10914047 -0.17000931 -0.235 0.615 0.615 -0.029357976 0.15 0.15 0.1175 0.1175 0.18250082 0.6225 0.63 0.4075 0.79 0.79006179 0.0525 0.0525 -1.22 -1.22 -0.32 -0.32 -0.32 -0.35347196 -0.275 -0.275 -0.275 0.24 0.24 0.24 0.24 0.23993388 -0.6425 -0.6425 -0.6425 -0.6425 -0.6425 -0.64641655 -1.0825 -1.082502 -1.1275 -1.1275 -1.1275
-1.0825 0.915 -0.089999935 -0.315 0.585 0.94 -0.5175 -0.37986921 -0.52 -0.685 -0.5475 -0.5825 -0.58249977 -0.78 -0.78 0.35004587 0.35 0.2725 0.2725 0.1175004 0.075 0.075 0.4075 0.79 0.79 1.055 -0.5475 -0.5475 -0.2375893 -1.22 -0.32 -0.32 -0.4975 -0.49759979 -1.4524315 -1.22 -1.22 -0.21168433 0.24 0.24 -0.44414566 -0.445 -0.44499872 -0.16851745 -0.16005333 -0.16000013 -0.16000002 -0.16000017 0.47240756 -1.1275 -1.1275 -1.1275 -1.1275
0.71749238 0.8125 1.269944 0.6175 0.9475 -0.435 0.042500001 -0.125 -0.9475 -0.9475 -0.5475 -0.395 -0.095000059 -0.78 0.53999605 0.54 0.35 0.5725 0.5675 0.5675 0.093850596 0.115 0.115 1.005 1.055 1.055 -0.5475 -0.5475 -0.2375035 -0.23756438 -0.26510004 -0.4975 -0.4975 -1.4525 -1.4525 -0.74343997 -1.22 -1.22 -0.71251759 -0.44500037 -0.445 -0.445 -0.44499113 -0.15999626 -0.16 -0.16 -0.16 -0.15999943 0.8 -1.127118 -1.1275 -1.1275 -1.1275
0.7175 0.785 1.6675 -0.4775 0.10246675 -0.82 -1.35 -0.56250001 -0.9025 -0.4725 -0.4725 -0.3075 -0.095 -0.095 0.53564331 0.73353586 0.7525 0.1575 0.24000034 0.5675 0.42907971 0.4225 0.345 -0.265 -0.26499539 0.0925 0.6025 0.60249959 -0.29728975 -0.2975 -0.265 -0.41918805 -1.15 -1.4525 -1.4058678 -0.345 -0.345 -0.7125 -0.7125 -0.445 -0.445 -0.44499999 0.50877421 0.50999997 -0.16 -0.16 -0.16 0.79996346 0.8 0.8 -1.1275 -1.1275 -1.1275
0.73569245 0.78500001 1.48 0.6525 0.3125 -0.1875 -0.125 -0.2 -1.1875 -0.74890931 -0.84 -0.455 -0.455 -0.0825 -0.082497297 0.37106606 0.37 0.37 0.17009376 0.70499996 0.5 0.5 0.7725 0.51347072 0.056473439 0.0925 0.2575 0.6025 0.33655444 0.335 -0.215 0.485 0.37922668 0.265 0.1825 0.0175 -0.1125 -0.74 -0.020332468 -0.44267884 0.075 0.445 0.50993041 0.51 0.50622888 -0.16 0.49499997 0.8 0.8 0.8 0.8 -0.98493898 0.465
0.46 0.46 1.0875 0.9825 0.0825 -0.62 -0.6175 -0.245 -0.4225 -0.63754631 -0.835 -0.485 -0.0825 -0.0825 0.205 0.20726305 0.37 0.36987393 -0.265 0.705 0.705 0.67858916 0.7725 0.23501018 0.235 0.235 0.2575 0.5525 0.5525 0.335 0.335 0.48460171 0.275 0.265 0.3125 0.0175 -0.1125 -0.44 -0.02 0.46451812 0.44499998 0.31183947 0.0825 0.51 0.51 0.495 0.495 0.495 0.8 0.8 0.0175 0.0175 0.017500168
0.46 0.46 0.6125 -0.065 -0.5025 -0.3475 -0.89499999 -0.77750779 -0.7775 -0.87 -0.375 -1.0975 -0.48581482 0.205 0.205 0.20503951 0.5475 0.50485619 -0.265 0.725 0.725 1.82 1.82 0.235 0.235 0.235 0.5525 0.5525 0.5525 0.59 0.59 0.58999948 0.585 0.585 -0.1525 0.0225 0.15 -0.64249909 0.6375 0.4725 0.4725 0.28499933 0.0825 0.51 0.36499995 0.265 0.163932 0.1625 1.13 1.13 0.0175 0.0175 0.0175
0.46 0.52564818 0.32338659 -0.3199759 0.14 0.05 -0.895 -0.7775 -0.7775 -0.86897521 -1.0974997 -1.0975 0.2675 0.205 0.205 0.54749999 0.5475 0.54745376 -0.265 0.725 0.94003572 1.82 1.82 0.23506314 0.235 0.40922137 0.765 0.765 0.76499997 0.59 0.59 0.3975 0.3975 0.58499798 -0.1525 0.084999914 0.040157555 -0.6425 -0.6425 0.47249999 0.285 0.285 0.28500055 0.365 0.365 0.265 0.1625 0.1625 1.13 1.13 0.0175 0.0175 0.0175
-0.57 -0.12414193 -0.17749509 -0.17852298 0.13999929 0.050002124 -0.89499997 -0.77894636 -0.7775 -0.77991542 0.2675 0.2675 0.2675 0.2675 0.20500885 0.5475 0.5475 0.53700933 -0.265 0.72510734 1.1175 1.1175 1.1175 1.1175 0.25037408 0.765 0.765 0.765 0.765 0.7648509 0.3975 0.3975 0.3975 0.3975 0.085 0.085 0.085 -0.60729688 -0.63483925 0.3775 0.3775 0.28500498 -0.072485023 0.36495786 0.365 0.265 0.1625 0.1625 1.13 1.13 0.02153603 0.0175 -0.47693461
-0.57 -0.1775 -0.1775 -0.1775 -0.1775 -0.1774999 -0.89258095 -0.83940334 -0.77750002 0.2663723 0.2675 0.2675 0.2675 0.2675 0.26750011 0.54749999 0.54749987 0.49176805 -0.2649842 1.1175 1.1175 1.1175 1.1175 1.1175 1.1164177 0.69407078 0.59500004 0.595 0.595 0.595 0.39750001 0.3975 0.39750042 0.7475 0.7475 0.085 0.88462769 0.9075 0.37750031 0.3775 0.3775 0.3775 -0.0725 -0.0725 -0.0725 -0.070151307 -0.4410261 -0.445 -0.445 -0.445 -0.44499997 0.42999991 0.43
0.105 -0.1775 -0.1775 -0.1775 -0.1775 -0.1775 -0.17750004 -0.6463492 0.41590824 0.4225 0.4225 0.4225 0.4225 0.4225 0.4225 1.1328259 0.55694945 0.43624179 1.1173264 1.1175 1.1175 1.1175 1.1175 1.1175006 1.0675 1.0675 1.0674993 0.595 0.595 0.59550061 0.845 0.845 0.7475 0.7475 0.7475 0.88186974 0.9075 0.9075 0.9075 0.3775 0.3775 0.3775 -0.0725 -0.0725 -0.0725 -0.0725 -0.44499999 -0.445 -0.445 -0.445 -0.445 0.43 0.43
0.105 -0.00017154068 -0.1775 -0.1775 -0.1775 -0.1775 -0.095016192 -0.095 -0.094999987 0.4225 0.4225 0.4225 0.4225 0.4225 0.58244007 1.1475 1.1475 1.1475 1.6508702 1.6524995 1.6525 1.6525 1.6525 1.6525 1.0675 1.0675 1.0675 1.0675 0.595 0.845 0.845 0.845 0.74750001 0.7475 0.7475 0.91 0.90750331 0.9075 0.9075 0.37756425 0.50539548 0.8037223 -0.0725 -0.0725 0.44340296 0.445 0.445 -0.44359613 0.4045209 0.40749993 0.40749984 0.67746247 0.4300005
0.105 -0.21613719 -0.20153719 -0.1775 -0.1775 -0.095048745 -0.095 -0.095 -0.095 -0.091270747 0.4225 0.4225 0.4225 0.42250009 1.1475 1.1475 1.1475 1.1475 1.6520489 1.6525 1.6525 1.6525 1.6525 1.6525 1.0675 1.0675 1.0675 1.0675 1.0666907 0.845 0.845 0.845 1.74 0.74754049 0.91 0.91 0.91 0.9157984 0.81150895 0.805 0.805 0.805 0.715 0.715 0.445 0.445 0.445 0.4075 0.4075 0.4075 0.4075 0.6775 0.6775
-0.22485988 -0.225 -0.225 -0.225 -0.225 -0.095003353 -0.095 -0.095 -0.095 -0.095 0.41133284 0.42249808 0.4225 1.1475 1.1475 1.1475 1.1475 1.1475 1.1989259 1.6525 1.6525 1.6525 1.6525 1.6525 1.571529 1.8874956 1.8875 1.8875 1.8875 0.84500005 1.74 1.74 1.74 1.74 0.91 0.91001389 1.4375 1.4375 0.8128977 0.805 0.805 0.805 0.715 0.715 0.4868053 0.445 0.445 0.4075 0.4075 0.4075 0.4103951 0.6775 0.6775
-0.225 -0.225 -0.225 -0.225 -0.225 -0.225 -0.095 -0.095 -0.095 -0.095 0.275 0.275 0.275 1.1475 1.1475 1.1475 1.1475 1.1475004 1.335 1.335 1.6524999 1.6525 1.6523174 1.645 1.6471831 1.8875 1.8875 1.8875 1.8875 1.740015 1.74 1.74 1.74 1.74 1.4374981 1.4375 1.4375 1.4375 1.4352996 0.805 0.805 0.805 0.715 0.715 0.715 0.445 0.445 0.40750001 0.4075 0.4075 0.6775 0.6775 0.6775
-0.225 -0.225 -0.225 -0.225 -0.225 -0.225 -0.2249998 -0.095 -0.095 0.27461805 0.275 0.275 0.275 0.27554361 1.1495236 1.15 1.15 1.15 1.335 1.335 1.335 1.645 1.645 1.645 1.6449804 1.7235862 1.8875 1.8875 1.8875 2.1601478 2.2524496 2.2525 2.2525 2.2525 1.6129697 1.857499 1.8575 1.8575 1.8575 1.0574655 1.0575 1.0575 0.715 0.715 0.91999914 0.9200001 1.1975 1.1975 1.0175 1.0175 1.0175 0.6775 1.10212
-0.22499877 -0.225 -0.225 -0.225 -0.225 -0.225 -0.225 -0.080000004 -0.094940024 0.27485718 0.275 0.275 0.275 0.27671699 1.15 1.15 1.15 1.1500001 1.335 1.335 1.335 1.645 1.645 1.645 1.575 1.575 1.7975 1.7975 1.7975 1.7999822 2.2525 2.2525 2.2525 2.2525 2.0551084 1.8575 1.8575 1.8575 1.8575 1.0575 1.0575 1.0575 1.0531737 0.92 0.92 0.92 1.1975 1.1975 1.0175 1.0175 1.0175 1.1025 1.1025
0.17 0.0016856995 0.3175 0.31734261 -0.225 -0.080838965 -0.08 -0.08 0.054820092 0.1175 0.1175 0.1175 0.1175 0.46248877 0.4625 1.1499995 1.15 1.1548745 1.335 1.335 1.335 1.2175 1.2175 1.2175 1.575 1.575 1.7975 1.7975 1.7975 1.7975002 2.1325008 2.1325003 2.249484 2.2523714 1.5008604 1.5 1.5 1.5 1.5 1.0575 1.0575 1.0575 0.92757088 0.92 0.92 0.91999984 1.1975 1.1975 1.1974935 1.0175 1.017499 0.995 1.1025
0.62241407 0.62249995 0.3175 0.3175 0.3175 -0.08 -0.08 -0.08 0.29 0.29 0.1175 0.1175 0.1175 0.4625 0.4625 0.4625 0.4625 0.46259944 1.335 1.335 1.335 1.2175 1.2175 1.2175 1.575 1.575 1.7975 1.7975 1.7975 2.1287229 2.1325 2.1325 2.1325 2.1325 1.5003121 1.5 1.5 1.5 1.5 0.61500012 0.615 0.615 0.615 0.91999315 0.0275 0.0275 0.0275 0.57 0.57 0.57 0.995 0.995 0.995
0.6225 0.6225 0.3175 0.3175 0.3175 -0.077910669 -0.08 0.29 0.29 0.29 0.11752123 0.1175 -0.11538055 0.46249986 0.4625 0.4625 0.4625 -0.1125 -0.1125 -0.1125 0.43750002 0.43750058 1.2174962 1.2175 1.2176108 1.235 1.235 1.2350013 1.7974091 1.7350792 1.7350021 1.7350694 2.1318206 2.132157 1.6123921 1.4999995 1.495635 0.1975 0.1975 0.615 0.615 0.615 0.615 0.0275 0.0275 0.0275 0.0275 0.57 0.57 0.57 0.995 0.995 0.995
0.6225 0.6225 0.3175 0.3175 0.3175 0.3175 0.058480192 0.29 0.29 0.29 0.28974729 -0.1675 -0.1675 -0.1675 0.45878726 0.4625 -0.10866834 -0.1125 -0.1125 -0.1125 0.4375 0.4375 0.4375 0.4375 1.235 1.235 1.235 1.235 1.235 1.735 1.735 1.735 1.735 1.7350002 1.82 0.1975 0.1975 0.1975 0.1975 0.19749977 0.0575 0.0575 0.0575 0.12095432 0.2525 0.2525 0.2525 0.56999999 0.56999982 0.3875 0.3875 0.94001338 0.94
0.6225 0.6225 0.42758358 0.3175 0.3175 0.3175 0.15024843 0.2895588 0.29 0.29 -0.16749994 -0.1675 -0.1675 -0.1675 -0.1675 -0.11585275 -0.1125 -0.1125 -0.1125 -0.1125 0.43749575 0.4375 0.4375 0.4375 1.235 1.235 1.235 1.235 1.235 1.3137948 1.735 1.735 1.735 1.82 1.82 1.8187401 0.1975 0.1975 0.53094627 0.78999995 0.0575 0.0575 0.0575 0.12136015 0.2525 0.2525 0.2525 0.5825 0.38992968 0.3875 0.3875 0.94 0.94
0.4675 0.4675 0.4675 0.35510912 0.31763375 0.15 0.15 0.15 0.15 0.1125 0.1125 -0.16749998 -0.1675 -0.1675 -0.1675 -0.16749652 -0.1125 -0.1125 -0.1125 -0.1125 0.19749784 0.4375 0.4375 0.42631215 0.064547863 1.235 1.235 1.235 1.165 1.165 1.165 1.1650024 1.82 1.82 1.82 1.82 0.79 0.79 0.79 0.79 0.2575 0.2575 0.2575 0.59499321 0.595 0.595 0.59499989 0.5825 0.5825 0.3877376 0.3875 0.93999889 0.94
0.4675 0.4675 0.4675 0.46749704 0.4125 0.37432819 0.15 0.15 0.15 0.1125 0.1125 0.1125 -0.37249999 -0.3725 -0.3725 -0.3725 -0.11282057 -0.1125 -0.1125 -0.1125 -0.10418338 0.010001174 0.01 0.01 0.01 0.010000018 0.21750001 0.2175 1.165 1.165 1.165 1.165 1.8199997 1.82 1.82 1.8199715 0.79000001 0.79 0.79 0.79207278 0.2575 0.2575 0.2575 0.59498435 0.595 0.595 0.595 0.5825 0.5825 0.58250002 0.72 0.72 0.58
0.4675 0.4675 0.4675 0.41250013 0.4125 0.4125 0.1500001 0.15 0.15 0.1125 0.1125 0.1125 -0.3725 -0.3725 -0.3725 -0.36602644 -0.2875 -0.2875 -0.28749955 -0.11348844 0.0099999999 0.01 0.01 0.01 0.01 0.010156155 0.2175 0.2175 0.2175 1.165 1.165 1.1648439 1.47 1.47 1.47 1.125 1.125 1.2625 1.2625 1.2625 1.345 0.25784112 0.25750687 1.1775 1.1775 1.1554239 0.59500152 0.5825 0.5825 0.72 0.72 0.72 0.58
0.4675 0.4675 0.4675 0.4125 0.4125 0.4125 0.4125 0.15 0.15 0.1125 0.1125 -0.353107 -0.3725 -0.3725 -0.3725 -0.2875 -0.2875 -0.2875 -0.2875 -0.2875 0.01 0.01 0.01 0.01 0.01 0.21749929 0.2175 0.2175 0.2175 0.9225 0.9225 0.9225 1.47 1.47 1.47 1.125 1.125 1.2625 1.2625 1.345 1.345 1.345 1.1775 1.1775 1.1775 1.1775 1.1672316 1.0525 1.0525 1.0525 0.72 0.785 0.785
0.4675 0.4675 0.46742341 0.4125 0.4125 0.4125 0.4125 0.11261629 0.0975 0.097525753 0.11249998 -0.37250879 -0.3725 -0.3725 -0.37249971 -0.2875 -0.2875 -0.2875 -0.2875 -0.2875 -0.29689585 0.01 0.01 0.01 0.0099572619 0.21747665 0.2175 0.2175 0.2175 0.9225 0.9225 0.9225 0.92257453 1.47 1.125 1.125 1.125 1.1250056 1.2625056 1.345 1.345 1.345 1.1775102 1.1775 1.1775 1.1775 1.0525014 1.0525 1.0525 1.0525 0.785 0.785 0.785
-0.0475 -0.0474991 0.41251269 0.4125 0.4125 0.4125 0.097567028 0.0975 0.0975 0.0975 -0.47749999 -0.4775 -0.4775 -0.4775 -0.28837691 -0.2875 -0.2875 -0.2875 -0.2875 -0.30999999 -0.31 -0.31 -0.19749997 -0.1975 -0.1975 -0.1975 -0.16168016 0.2175 0.37249365 0.3725 0.3725 0.3725 0.3725 1.1075 1.1075 1.1075 1.1075 1.1075 1.54 1.54 1.54 1.54 1.54 1.1949736 1.195 1.195 1.195 1.0525 1.0525 1.0525 0.78504214 0.785 0.785
-0.0475 -0.0475 -0.053402469 -0.75249766 -0.75249974 -0.75167057 0.0975 0.0975 0.0975 0.0975 -0.4775 -0.4775 -0.4775 -0.4775 -0.4775 -0.2875 -0.2875 -0.2875 -0.30999999 -0.31 -0.31 -0.31 -0.1975 -0.1975 -0.1975 -0.1975 -0.1975 -0.19741162 0.3724247 0.3725 0.3725 0.3725 0.37246975 1.0834067 1.1074751 1.1075 1.1075 1.1075 1.54 1.54 1.54 1.54 1.54 1.195 1.195 1.195 1.195 1.1283642 1.0525 1.2403802 1.2425 0.6525 0.6525
-0.0475 -0.0475 -0.7524107 -0.7525 -0.7525 -0.7525 -0.53660359 0.0975 0.0975 0.0975 -0.4775 -0.4775 -0.4775 -0.4775 -0.4775 -0.28764853 -0.2875 -0.3099934 -0.31 -0.31 -0.31 -0.31 -0.23917635 -0.1975 -0.1975 -0.1975 -0.1975 -0.19723431 0.1775 0.1775 0.1775 0.1775 0.1775 1.065 1.065 1.065 1.065 1.065 1.9375 1.9375 1.9375 1.9375 1.9375 1.1956959 1.1950001 1.195 1.1950483 1.2008198 1.2425 1.2425 1.2425 0.6525033 0.6525
-0.047500912 -0.53284949 -0.75249997 -0.7525 -0.7525 -0.7525 -0.7525 0.097138079 0.0975 0.0975 -0.4775 -0.4775 -0.4775 -0.4775 -0.72928058 -0.735 -0.735 -0.31001094 -0.31 -0.31 -0.31 -0.31 -0.31000005 -0.1975 -0.1975 -0.1975 -0.1975 0.46249971 0.46249987 0.40184507 0.1775 0.1775 0.1775 1.065 1.065 1.065 1.065 1.065044 1.9375 1.9375 1.9375 1.9375 1.9375086 1.48 1.48 1.48 1.48 1.4799808 1.2425 1.2425 1.2425 1.2425001 1.4481076
-0.5425 -0.5425 -0.59834596 -0.7525 -0.7525 -0.7525 -0.7525 -0.7525 0.09713535 -0.81749999 -0.8175 -0.8175 -0.81669311 -0.73499963 -0.735 -0.735 -0.735 -0.735 -0.31000279 -0.33384811 -0.5425 -0.5425 -0.5425 -0.45521404 -0.20650409 -0.25468328 -0.29489569 0.4625 0.4625 0.4625 0.4625 0.4625 0.45677424 1.1268855 1.13 1.13 1.13 1.13 1.9586331 2.0499998 2.05 2.05 2.05 1.4275002 1.48 1.48 1.48 1.5575 1.242505 1.2425 1.2425 1.46 1.46
-0.5425 -0.5425 -0.6575 -0.6575 -0.6575 -0.75246835 -0.7525 -0.7525 -0.8175 -0.8175 -0.8175 -0.8175 -0.8175 -0.735 -0.735 -0.735 -0.735 -0.735 -0.5425 -0.5425 -0.5425 -0.5425 -0.5425 -0.31000001 -0.31 -0.31 -0.31 0.4625 0.4625 0.4625 0.4625 0.4625 0.8525 0.8525 1.13 1.13 1.13 1.0700102 1.07 2.05 2.05 2.05 2.0499998 1.4275 1.4275 1.4275 1.5575 1.5575 1.5575 1.42 1.42 1.46 1.46
-0.5425 -0.5425 -0.6575 -0.6575 -0.6575 -0.6575 -0.65750108 -0.855 -0.81753531 -0.8175 -0.8175 -0.8175 -0.8175 -0.73602911 -0.735 -0.735 -0.735 -0.735 -0.5425 -0.5425 -0.5425 -0.5425 -0.5425 -0.31 -0.31 -0.31 -0.31 -0.30999685 0.4625 0.4625 0.4625 0.85247955 0.8525 0.8525 0.8525 1.13 1.07 1.07 1.07 1.0957856 1.1880238 1.0275 1.0275 1.4275 1.4275 1.4275 1.5575 1.5575 1.5575 1.42 1.42 1.42 0.86222721
-0.1025 -0.10250345 -0.6575 -0.6575 -0.6575 -0.6575 -0.855 -0.855 -0.855 -0.8175 -0.8175 -0.8175 -0.8175 -0.81747435 -0.735 -0.735 -0.735 -0.735 -0.5425034 -0.5425 -0.5425 -0.5425 -0.35095987 -0.31 -0.31 -0.31 -0.31 -0.037500223 -0.0375 -0.037499994 0.45714823 0.8525 0.8525 0.8525 0.85249944 0.26750001 1.07 1.07 1.07 1.07 1.0275 1.0275 1.0275 1.4825 1.4825 1.4825 1.1825365 1.5575 1.5575 1.42 1.42 1.42 0.80000072
