interpolatedSpi/06-07|21_2.tif
NCOLS 53
NROWS 52
XLLCORNER -116.03883
YLLCORNER 28.596182
DX 0.49850594
DY 0.49788537
NODATA_VALUE -9999
[rows 0 to 30 of 52, columns 0 to 52 of 53]
-0.76 -0.76 -0.97683761 -0.90333333 -0.50333333 -1.24 -1.0866667 -0.97666667 -0.49850279 -0.44333333 -0.86333333 -0.24333333 -0.66999616 -0.62333333 -1.26 -1.26 -1.26 0.14666667 -0.50666667 -0.50666667 -0.50666667 -0.50666432 -0.26333334 -1.0966667 -1.0966667 -1.0966667 0.30665941 0.30666667 0.30666667 -0.093333333 -0.093333333 -0.093333333 -0.093333333 -0.27999996 -0.28 -0.28 -0.28 -0.28 -0.28 -0.28000001 -0.53063507 -0.53346326 -1.0433333 -1.0433333 -1.0433333 -1.0433333 -1.0425929 -0.59 -0.59 -0.59 0.62333081 0.62333333 0.62333333
-0.76000785 -0.93666667 -1.1199993 -1.12 -1.4298365 -0.59 -0.8 -0.46995853 -0.71 -0.84 -0.53 -0.67 -0.67 -0.26121152 -0.62333457 -1.26 0.14666667 0.14666667 -0.50581481 -0.50666667 -0.50666667 -0.50666667 -1.1077205 -1.0966667 -1.0966667 -1.0966667 -0.81666669 -0.81666667 -0.093333333 -0.093333333 -0.093333333 -0.093333333 -0.093333333 -0.27999997 -0.28 -0.28 -0.28 -0.28 -0.28000011 -0.56907526 -2.0199096 -1.1618438 -1.0433333 -1.0433333 -1.0433333 -1.0433333 -1.0433333 -0.59 -0.59 -0.59 -0.48938924 0.62333333 0.62333333
-1.4666352 -1.4666667 -0.55333333 -0.99666667 -0.45666667 -0.56 -0.073333333 -0.0033333333 -0.39 -0.19666667 -0.40666667 -0.37333333 -0.12333333 -0.88333333 -0.26 -1.0033333 0.14666667 0.14666667 0.14666667 -0.70994089 -0.71 -0.71 -1.3066667 -1.0966667 -1.0966667 -1.0966667 -0.81666667 -0.81666667 -0.81666667 -0.093333333 -0.093333333 -0.093333354 -0.30194003 -0.28315923 -0.29371359 -1.7398325 -1.7533333 -1.7533333 -1.786873 -2.02 -2.02 -2.0187511 -1.0433333 -1.0433333 -1.0433333 -1.0433333 -1.0433333 -0.59 -0.59 -0.59 -0.59 0.62333333 0.62333333
-0.05 -1.4666665 -0.78327819 -0.04 -0.31333333 -0.46666667 0.093333333 0.11 0.04 -0.24029084 -0.39 -0.25333333 -0.40666667 -0.88333333 -0.78333333 -1.0033333 -1.4366591 -1.4388883 -1.25 -0.71 -0.71 -1.4166667 -1.3066667 -1.3066667 -1.0966667 -1.0966653 -0.81666667 -0.81666667 -0.81666667 -0.69 -0.60038264 -0.52666667 -0.52666667 -0.52666763 -1.7533333 -1.7533333 -1.7533333 -1.7533333 -2.02 -2.02 -2.02 -2.02 -1.0433333 -1.0433333 -1.0433333 -1.0433333 -1.0433333 -0.59000572 -0.59 -0.59 -0.59 0.62327585 0.62333333
-0.05 0.68666397 -0.78333333 -0.9170086 -0.31333333 -0.32 -0.43334224 -0.04 -0.27666667 -0.21000019 -0.39957226 -0.48676359 -1.1633333 -0.78333333 -0.78333333 -0.93739555 -1.44 -1.44 -1.25 -1.25 -0.7100014 -1.4166667 -1.1333333 -0.70666667 -0.82 -0.81987059 -0.81666667 -0.81666667 -0.69 -0.69 -0.52666667 -0.52666667 -0.52666667 -0.56878129 -1.7533333 -1.7533333 -1.7533333 -2.02 -2.02 -2.02 -2.02 -2.0199437 -1.0433333 -1.0433333 -1.0433333 -1.0433333 -1.0433333 -1.0392981 -0.59 -0.59002451 -1.1366667 -1.1366667 -1.1366667
-1.43 -0.12666667 -0.7 -0.61666667 -1.46 -0.81333333 -0.69333333 -0.60968796 -0.46333333 0.06 -0.46666667 -0.36666667 -0.36666719 -1.2966667 -1.2966667 -1.5398873 -1.54 -1.5433333 -1.5433333 -1.2499994 -1.35 -1.35 -0.70666667 -0.82 -0.82 -0.26666667 -0.20333333 -0.20333333 -0.40669227 -0.69 -0.52666667 -0.52666667 -0.75 -0.74997179 -0.48001975 -1.94 -1.94 -1.9952502 -2.02 -2.02 -1.4373942 -1.4366667 -1.4366658 -1.6032713 -1.6132703 -1.6133332 -1.6133333 -1.6133331 -0.97484161 -1.1366667 -1.1366667 -1.1366667 -1.1366667
-0.25999236 -0.40666667 0.17996907 -0.86666667 -1.4633333 -1.3866667 -1.08 -0.67 -0.39333333 -0.39333333 -0.46666667 -1.03 -1.05 -1.2966667 -1.073334 -1.0733333 -1.54 -0.97666667 -0.57 -0.57 -1.29659 -1.2366667 -1.2366667 -0.14666668 -0.26666667 -0.26666667 -0.20333333 -0.20333333 -0.40666123 -0.40656653 -0.33327204 -0.75 -0.75 -0.48 -0.48 -1.8437803 -1.94 -1.94 -1.7466734 -1.4366671 -1.4366667 -1.4366667 -1.4366611 -1.6133301 -1.6133333 -1.6133333 -1.6133333 -1.6133329 -0.96 -1.1366317 -1.1366667 -1.1366667 -1.1366667
-0.26 0.01 0.24 -1.1 -1.2966554 -1.0766667 -0.61333333 -1.36 -1.12 -0.72333333 -0.72333333 -0.90666667 -1.05 -1.05 -1.0731732 -1.0945843 -1.0966667 -0.77333333 -1.256666 -0.57 -0.014024619 -0.0066666667 0.11666667 0.18666667 0.18666895 0.36333333 -0.19333333 -0.19333334 -0.31366039 -0.31333333 -0.33333333 -1.4047444 -1.4933333 -0.48 -0.49311976 -1.7633333 -1.7633333 -1.7466667 -1.7466667 -1.4366667 -1.4366667 -1.4366667 -1.0300638 -1.03 -1.6133333 -1.6133333 -1.6133333 -0.96002487 -0.96 -0.96 -1.1366667 -1.1366667 -1.1366667
-0.12755542 0.010000001 0.27 -0.20666667 -0.58666667 -1.1033333 -0.9 -1.15 -1.17 -1.0769656 -0.82 -0.60666667 -0.60666667 -0.78 -0.78000219 -0.99029729 -0.99 -0.99 -0.8471149 -0.71666654 -0.093333333 -0.093333332 -0.083333333 0.037849956 0.34553 0.36333333 -0.28333333 -0.19333333 -0.46839229 -0.47 -1.38 -0.34666667 -0.42725548 -0.97 -0.94 -0.84 -1.1433333 -1.3166667 -1.3333256 -1.4350597 -1.0766667 -0.98666667 -1.0299712 -1.03 -1.0332833 -1.6133333 -0.85000004 -0.96 -0.96 -0.96 -0.96 -1.1731888 -0.44666667
-0.89666667 -0.89666667 0.51333333 -0.21666667 -0.53333333 -1.1266667 -1.5466667 -1.4 -1.3166667 -1.0533836 -1.1733333 -0.12333333 -0.78 -0.78 -1.0133333 -1.0130133 -0.99 -0.99001594 -1.0666667 -0.71666667 -0.71666667 -0.63636041 -0.083333333 -1.5779974e-06 6.3381873e-112 -1.9988113e-20 -0.28333333 0.62333333 0.62333333 -0.47 -0.47 -0.34697013 -0.50666667 -0.97 -0.13 -0.84 -1.1433333 -1.15 -1.3333333 -0.98572651 -0.98666667 -0.93768808 -0.85333333 -1.03 -1.03 -0.85 -0.85 -0.85 -0.96 -0.96 -1.43 -1.43 -1.4299996
-0.89666667 -0.89666667 -0.31666667 -1.0666667 -1.3066667 -0.36 -1.0866667 -1.4199723 -1.2966667 -1.2366667 -0.76666667 -0.87333333 -0.12433278 -1.0133333 -1.0133333 -1.0133318 -1 -1.003499 -1.0666667 -1.4366667 -1.4366667 -0.52 -0.52 -8.2149364e-19 7.2789249e-48 -1.1650109e-24 0.62333333 0.62333333 0.62333333 -0.48333333 -0.48333333 -0.48333337 -0.64 -0.64 -0.80666667 -1.5766667 -1.2 -1.9599851 -1.8 -0.98 -0.98 -1.0399994 -0.85333333 -1.03 -1.7266666 -1.79 -0.76370659 -0.76333333 -1.1133333 -1.1133333 -1.43 -1.43 -1.43
-0.89666667 -0.64642329 -0.63671842 -1.2599892 -0.42333333 -1.1933333 -1.0866667 -1.42 -1.2966677 -1.2373314 -0.87333381 -0.87333333 -1 -1.0133333 -1.0133333 -1 -1 -1.0000038 -1.0666667 -1.4366667 -1.256652 -0.52 -0.52 -2.1490615e-05 -7.3724716e-23 -0.066839644 -0.20333333 -0.20333333 -0.20333323 -0.48333333 -0.48333333 -1.1966667 -1.1966667 -0.64000046 -0.80666667 -1.1633336 -1.0407151 -1.96 -1.96 -0.98 -1.04 -1.04 -1.0400049 -1.7266667 -1.7266667 -1.79 -0.76333333 -0.76333333 -1.1133333 -1.1133333 -1.43 -1.43 -1.43
-2.6333333 -0.97237197 -1.0166677 -1.0184173 -0.42333745 -1.1933152 -1.0866667 -1.4158969 -1.3051656 -1.2950999 -1 -1 -1 -1 -1.0133314 -1 -1 -1.0008608 -1.0666667 -1.4365679 -1.1033333 -1.1033333 -1.1033333 -1.1033333 -0.018832662 -0.20333333 -0.20333333 -0.20333333 -0.20333333 -0.20357964 -1.1966667 -1.1966667 -1.1966667 -1.1966667 -1.1633333 -1.1633333 -1.1633333 -1.9195418 -1.9586731 -1.7833333 -1.7833333 -1.04004 -1.8966608 -1.726683 -1.7266667 -1.79 -0.76333333 -0.76333333 -1.1133333 -1.1133333 -1.4288512 -1.43 -0.15129128
-2.6333333 -1.0166667 -1.0166667 -1.0166667 -1.0166667 -1.0166667 -1.0869396 -1.2443716 -1.3278399 -1.0003181 -1 -1 -1 -1 -1.0000002 -1 -1 -1.0045729 -1.0666659 -1.1033333 -1.1033333 -1.1033333 -1.1033333 -1.1033333 -1.0955478 -0.43100869 -0.50333327 -0.50333333 -0.50333333 -0.50333333 -1.1966667 -1.1966667 -1.1966665 -1.0366667 -1.0366667 -1.1633333 -1.2151836 -1.2166667 -1.783333 -1.7833333 -1.7833333 -1.7833333 -1.8966667 -1.8966667 -1.8966667 -1.8959244 -1.5947696 -1.6 -1.6 -1.6 -1.6 -0.53333352 -0.53333333
-2.8733333 -1.0166667 -1.0166667 -1.0166667 -1.0166667 -1.0166667 -1.0166667 -1.2624728 -1.3102418 -1.31 -1.31 -1.31 -1.31 -1.31 -1.31 -1.9533246 -1.0153465 -1.0091291 -1.1033287 -1.1033333 -1.1033333 -1.1033333 -1.1033333 -1.103334 -0.74333333 -0.74333333 -0.743333 -0.50333333 -0.50333333 -0.50370045 -0.68666667 -0.68666667 -1.0366667 -1.0366667 -1.0366667 -1.1878326 -1.2166667 -1.2166667 -1.2166667 -1.7833333 -1.7833333 -1.7833333 -1.8966667 -1.8966667 -1.8966667 -1.8966667 -1.6 -1.6 -1.6 -1.6 -1.6 -0.53333333 -0.53333333
-2.8733333 -2.1821174 -1.0166667 -1.0166667 -1.0166667 -1.0166667 -1.5065705 -1.5066667 -1.5066667 -1.31 -1.31 -1.31 -1.31 -1.31 -1.4548653 -1.9666667 -1.9666667 -1.9666667 -1.6416896 -1.6433328 -1.6433333 -1.6433333 -1.6433333 -1.6433333 -0.74333333 -0.74333333 -0.74333333 -0.74333333 -0.50333333 -0.68666667 -0.68666667 -0.68666667 -1.0366666 -1.0366667 -1.0366667 -1.1966667 -1.2166402 -1.2166667 -1.2166667 -1.7832887 -1.6945794 -1.4875533 -1.8966667 -1.8966667 -1.6042386 -1.6033333 -1.6033333 -1.5986924 -0.80611732 -0.8033334 -0.80333348 0.12656654 -0.53333199
-2.8733333 -2.1045504 -1.5564491 -1.0166667 -1.0166667 -1.5063772 -1.5066667 -1.5066667 -1.5066667 -1.5052494 -1.31 -1.31 -1.31 -1.3100001 -1.9666667 -1.9666667 -1.9666667 -1.9666667 -1.6436222 -1.6433333 -1.6433333 -1.6433333 -1.6433333 -1.6433333 -0.74333335 -0.74333333 -0.74333333 -0.74333333 -0.74312722 -0.68666667 -0.68666667 -0.68666667 -1.09 -1.0366842 -1.1966667 -1.1966667 -1.1966667 -1.1991232 -1.469572 -1.4866667 -1.4866667 -1.4866667 -1.7266667 -1.7266667 -1.6033333 -1.6033333 -1.6033333 -0.80333334 -0.80333333 -0.80333333 -0.80333333 0.12666667 0.12666667
-2.0836952 -2.0833333 -2.0833333 -2.0833333 -1.35 -1.5066626 -1.5066667 -1.5066667 -1.5066667 -1.5066667 -1.3205992 -1.3100018 -1.31 -1.9666667 -1.9666667 -1.9666667 -1.9666667 -1.9666667 -1.9078609 -1.6433333 -1.6433333 -1.6433333 -1.6433333 -1.6433333 -1.0054375 -0.66333377 -0.66333333 -0.66333333 -0.66333333 -0.68666669 -1.09 -1.09 -1.09 -1.09 -1.1966667 -1.1966725 -1.42 -1.42 -1.4858342 -1.4866667 -1.4866667 -1.4866667 -1.7266667 -1.7266667 -1.6224296 -1.6033333 -1.6033333 -0.80333333 -0.80333333 -0.80333333 -0.79336132 0.12666667 0.12666667
-2.0833333 -2.0833333 -2.0833333 -1.7379957 -1.35 -1.35 -1.5066667 -1.5066667 -1.5066667 -1.5066667 -1.45 -1.45 -1.45 -1.9666667 -1.9666667 -1.9666667 -1.9666667 -1.9665025 -1.4366667 -1.4366667 -1.6433332 -1.6433333 -1.6375715 -1.4066667 -1.3999748 -0.66333333 -0.66333333 -0.66333333 -0.66333333 -1.0899566 -1.09 -1.09 -1.09 -1.09 -1.4199992 -1.42 -1.42 -1.42 -1.4202349 -1.4866667 -1.4866667 -1.4866667 -1.7266667 -1.7266667 -1.7266667 -1.6033333 -1.6033333 -0.80333334 -0.80333333 -0.80333333 0.12666667 0.12666667 0.12666667
-2.0833333 -2.0833333 -2.0833333 -1.35 -1.35 -1.35 -1.3500002 -1.5066667 -1.5066667 -1.4500585 -1.45 -1.45 -1.45 -1.4503219 -1.1626404 -0.97333333 -0.97333333 -0.97333334 -1.4366667 -1.4366667 -1.4366667 -1.4066667 -1.4066667 -1.4066667 -1.4063623 -0.48324665 -0.66333333 -0.66333333 -0.66333333 -1.2780343 -1.3333094 -1.3333333 -1.3333333 -1.3333333 -1.422654 -1.4266667 -1.4266667 -1.4266667 -1.4266667 -1.286694 -1.2866667 -1.2866667 -1.7266667 -1.7266667 -1.333335 -1.3333331 -0.74333333 -0.74333333 -0.28333333 -0.28333333 -0.28333333 0.12666667 0.30650572
-2.0833288 -2.0833333 -2.0833333 -1.35 -1.35 -1.35 -1.35 -1.1533334 -1.5052539 -1.4495285 -1.45 -1.45 -1.45 -1.4490646 -0.97333333 -0.97333333 -0.97333333 -0.97333347 -1.4366667 -1.4366667 -1.4366667 -1.4066667 -1.4066667 -1.4066667 -0.32 -0.32 -0.80999999 -0.81 -0.81 -0.81285495 -1.3333333 -1.3333333 -1.3333333 -1.3333333 -1.3799744 -1.4266667 -1.4266667 -1.4266667 -1.4266667 -1.2866667 -1.2866667 -1.2866667 -1.288135 -1.3333333 -1.3333333 -1.3333333 -0.74333333 -0.74333333 -0.28333333 -0.28333333 -0.28333333 0.30666665 0.30666667
-0.63 -1.3010243 -1.0966667 -1.0967402 -1.35 -1.1544712 -1.1533333 -1.1533333 -1.1824836 -0.93000001 -0.93 -0.93 -0.93 -0.32001986 -0.32 -0.97333283 -0.97333333 -0.98554149 -1.4366667 -1.4366667 -1.4366667 -0.56666667 -0.56666667 -0.56666667 -0.32 -0.32 -0.81 -0.81 -0.81 -0.8100002 -1.0866682 -1.0866674 -1.3271337 -1.3330689 -1.4165707 -1.4166667 -1.4166667 -1.4166667 -1.4166667 -1.2866667 -1.2866667 -1.2866667 -1.3307635 -1.3333333 -1.3333333 -1.3333333 -0.74333333 -0.74333333 -0.74331677 -0.28333333 -0.28335897 -0.85666667 0.30666667
-1.0732491 -1.0733333 -1.0966667 -1.0966667 -1.0966667 -1.1533333 -1.1533333 -1.1533333 -1.2333333 -1.2333333 -0.93 -0.93 -0.93 -0.32 -0.32 -0.32 -0.32 -0.32012641 -1.4366667 -1.4366667 -1.4366666 -0.56666667 -0.56666667 -0.56666667 -0.32 -0.32 -0.81 -0.81 -0.81 -1.0835472 -1.0866667 -1.0866667 -1.0866667 -1.0866667 -1.4165038 -1.4166667 -1.4166667 -1.4166667 -1.4166667 -0.94666676 -0.94666667 -0.94666667 -0.94666667 -1.3333328 -1.27 -1.27 -1.27 -1.4033333 -1.4033333 -1.4033333 -0.85666667 -0.85666667 -0.85666667
-1.0733333 -1.0733333 -1.0966667 -1.0966667 -1.0966667 -1.1530355 -1.1533333 -1.2333333 -1.2333333 -1.2333333 -0.93003734 -0.93 -0.88642001 -0.32000013 -0.32 -0.32 -0.32 -0.56333333 -0.56333333 -0.56333333 -0.72333333 -0.72333322 -0.56666743 -0.56666667 -0.5667891 -0.89 -0.89 -0.88999981 -0.81001293 -0.60676232 -0.60666922 -0.60675047 -1.0858463 -1.0862524 -1.3575811 -1.4166665 -1.4149464 -0.90333333 -0.90333333 -0.94666667 -0.94666667 -0.94666667 -0.94666667 -1.27 -1.27 -1.27 -1.27 -1.4033333 -1.4033333 -1.4033333 -0.85666667 -0.85666667 -0.85666667
-1.0733333 -1.0733333 -1.0966667 -1.0966667 -1.0966667 -1.0966667 -1.183275 -1.2333333 -1.2333333 -1.2333333 -1.2331363 -0.87666667 -0.87666667 -0.87666667 -0.32328056 -0.32 -0.56171182 -0.56333333 -0.56333333 -0.56333333 -0.72333333 -0.72333333 -0.72333333 -0.72333333 -0.89 -0.89 -0.89 -0.89 -0.89 -0.60666667 -0.60666667 -0.60666667 -0.60666667 -0.60666747 -0.99 -0.90333333 -0.90333333 -0.90333333 -0.90333333 -0.90333273 -0.70666667 -0.70666667 -0.70666667 -0.86720472 -1.2 -1.2 -1.2 -1.4033333 -1.4033324 -0.46666667 -0.46666667 -0.18682966 -0.18666667
-1.0733333 -1.0733333 -1.088245 -1.0966667 -1.0966667 -1.0966667 -1.3597752 -1.2337325 -1.2333333 -1.2333333 -0.87666667 -0.87666667 -0.87666667 -0.87666667 -0.87666667 -0.83099188 -0.56333333 -0.56333333 -0.56333333 -0.56333333 -0.7233321 -0.72333333 -0.72333333 -0.72333333 -0.89 -0.89 -0.89 -0.89 -0.89 -0.55986609 -0.60666667 -0.60666667 -0.60666667 -0.99 -0.99 -0.9899327 -0.90333333 -0.90333333 -0.69698121 -0.5366667 -0.70666667 -0.70666667 -0.70666667 -0.8610212 -1.2 -1.2 -1.2 0.52 -0.4543729 -0.46666667 -0.46666667 -0.18666667 -0.18666667
-0.53666667 -0.53666667 -0.53666667 -0.95625927 -1.0966726 -1.36 -1.36 -1.36 -1.36 -0.89 -0.89 -0.87666667 -0.87666667 -0.87666667 -0.87666667 -0.87664679 -0.56333333 -0.56333333 -0.56333333 -0.56333333 -0.65351452 -0.72333333 -0.72333333 -0.70030337 0.11005978 -0.89 -0.89 -0.89 -0.54333333 -0.54333333 -0.54333333 -0.5433336 -0.99 -0.99 -0.99 -0.99 -0.53666667 -0.53666667 -0.53666667 -0.53666667 -0.43333333 -0.43333333 -0.43333333 -0.030008109 -0.03 -0.03 -0.03000037 0.52 0.52 -0.46546447 -0.46666667 -0.18666125 -0.18666667
-0.53666667 -0.53666667 -0.53666667 -0.53669682 -1.0966667 -1.1349597 -1.36 -1.36 -1.36 -0.89 -0.89 -0.89 -0.40666669 -0.40666667 -0.40666667 -0.40666667 -0.56302192 -0.56333333 -0.56333333 -0.56333333 -0.56571146 0.15666425 0.15666667 0.15666667 0.15666667 0.15666665 -0.03333334 -0.033333333 -0.54333333 -0.54333333 -0.54333333 -0.54333333 -0.98999935 -0.99 -0.99 -0.98992697 -0.53666667 -0.53666667 -0.53666667 -0.53654968 -0.43333333 -0.43333333 -0.43333333 -0.030018704 -0.03 -0.03 -0.03 0.52 0.52 0.52000005 0.88666667 0.88666667 0.67333333
-0.53666667 -0.53666667 -0.53666667 -1.0966654 -1.0966667 -1.0966667 -1.3599999 -1.36 -1.36 -0.89 -0.89 -0.89 -0.40666667 -0.40666667 -0.40666667 -0.40565121 -0.39333333 -0.39333333 -0.39333377 -0.56237312 0.15666667 0.15666667 0.15666667 0.15666667 0.15666667 0.15652368 -0.033333333 -0.033333333 -0.033333334 -0.54333333 -0.54333333 -0.54329257 -0.093333333 -0.093333333 -0.093333333 -0.61666666 -0.61666667 -0.51 -0.51 -0.51 -0.13 -0.43323819 -0.43332644 0.49 0.49 0.47029259 -0.029997694 0.52 0.52 0.88666667 0.88666667 0.88666667 0.67333333
-0.53666667 -0.53666667 -0.53666667 -1.0966667 -1.0966667 -1.0966667 -1.0966667 -1.36 -1.36 -0.89 -0.89 -0.42599303 -0.40666667 -0.40666667 -0.40666667 -0.39333333 -0.39333333 -0.39333333 -0.39333333 -0.39333333 0.15666667 0.15666667 0.15666667 0.15666667 0.15666667 -0.033332685 -0.033333333 -0.033333333 -0.033333333 -0.48 -0.48 -0.48 -0.093333333 -0.093333333 -0.093333334 -0.61666667 -0.61666667 -0.51 -0.51 -0.13 -0.13 -0.13 0.49 0.49 0.49 0.49 0.50862006 0.71666667 0.71666667 0.71666667 0.88666666 0.64666667 0.64666667
-0.53666667 -0.53666667 -0.53744649 -1.0966667 -1.0966667 -1.0966667 -1.0966667 -0.83327674 -0.82 -0.82012018 -0.88999998 -0.40667421 -0.40666667 -0.40666667 -0.40666662 -0.39333333 -0.39333333 -0.39333333 -0.39333333 -0.39333333 0.6776773 0.15666667 0.15666667 0.15666667 0.15680741 -0.033284196 -0.033333333 -0.033333333 -0.033333333 -0.48 -0.48 -0.48 -0.47993867 -0.093333333 -0.61666667 -0.61666667 -0.61666667 -0.6166619 -0.50997408 -0.13 -0.13 -0.13 0.48996236 0.49 0.49 0.49 0.71666524 0.71666667 0.71666667 0.71666667 0.64666667 0.64666667 0.64666667
