interpolatedSpi/06-08|21_1.tif
NCOLS 53
NROWS 52
XLLCORNER -116.03883
YLLCORNER 28.596182
DX 0.49850594
DY 0.49788537
NODATA_VALUE -9999
[rows 0 to 31 of 52, columns 0 to 52 of 53]
-1.0966667 -1.0966667 -1.24 -1.0133333 -1.1066667 -1.1866667 -0.77333333 -0.80333333 -0.78652525 -0.75 -1.0566667 -0.77333333 -1.1966982 -1.58 -1.3366667 -1.3366667 -1.3366667 -0.15 -0.77 -0.77 -0.77 -0.76999152 0.10999999 -1.1633333 -1.1633333 -1.1633333 -0.81999362 -0.82 -0.82 0.05 0.05 0.05 0.05 -0.1333333 -0.13333333 -0.13333333 -0.13333333 -0.13333333 -0.13333333 -0.13333337 -1.4788405 -1.4928919 0.24 0.24 0.24 0.24 0.24011978 0.31333333 0.31333333 0.31333333 0.41999978 0.42 0.42
-1.0966847 -1.5033333 -1.0399997 -1.1351607 -1.6998237 -0.90333333 -1.0633333 -1.1526922 -1.3433333 -1.0133333 -1.14 -1.1966667 -1.1966667 -0.81921198 -1.5799886 -1.3366667 -0.15 -0.15 -0.7691916 -0.77 -0.77 -0.77 -1.1907046 -1.1633333 -1.1633333 -1.1633333 -1.21 -1.21 0.05 0.05 0.05 0.05 0.05 -0.13333331 -0.13333333 -0.13333333 -0.13333333 -0.13333333 -0.13333339 -0.23521171 -0.72664854 0.12270259 0.24 0.24 0.24 0.24 0.24 0.31333333 0.31333333 0.31333333 0.32217824 0.42 0.42
-1.3266429 -1.3266667 -0.80333333 -1.0666667 -0.80666667 -0.93666667 -0.68 -1.01 -1.1433333 -0.90333333 -1.2666667 -1.2733333 -0.91 -1.0133333 -0.81666667 -1.2933333 -0.15 -0.15 -0.15 -0.87663566 -0.87666667 -0.87666667 -1.6833333 -1.1633333 -1.1633333 -1.1633333 -1.21 -1.21 -1.21 0.05 0.05 0.049999988 -0.070350017 -0.13480453 -0.13991089 -0.83352448 -0.84 -0.84 -0.82574565 -0.72666667 -0.72666667 -0.72543054 0.24 0.24 0.24 0.24 0.24 0.31333333 0.31333333 0.31333333 0.31333333 0.42 0.42
0.046666667 -1.3266665 -0.2665962 -0.14333333 -0.086666667 -0.61666667 -0.48333333 -0.66666667 -0.42 -0.74664512 -0.79333333 -0.89666667 -0.91333333 -1.0133333 -0.82666667 -1.2933333 -1.4587248 -1.4590821 -1.22 -0.87666667 -0.87666667 -1.4566667 -1.6833333 -1.6833333 -1.1633333 -1.1633336 -1.21 -1.21 -1.21 -0.01 -0.11424877 -0.2 -0.2 -0.2000005 -0.84 -0.84 -0.84 -0.84 -0.72666667 -0.72666667 -0.72666667 -0.72666663 0.24 0.24 0.24 0.24 0.24 0.31333241 0.31333333 0.31333333 0.31333333 0.41994806 0.42
0.046666667 -0.063333706 -0.26666667 -0.56149148 -0.086666667 -0.51333333 -0.93662484 -0.89 -1.07 -0.62666701 -0.98245434 -1.1500081 -1.2066667 -0.82666667 -0.82666667 -1.1415311 -1.46 -1.46 -1.22 -1.22 -0.87666774 -1.4566667 -1.18 -0.63 -0.81 -0.8098629 -1.21 -1.21 -0.010000002 -0.01 -0.2 -0.2 -0.2 -0.17737114 -0.84 -0.84 -0.84 -0.72666667 -0.72666667 -0.72666667 -0.72666667 -0.72669016 0.23999998 0.24 0.24 0.24 0.24 0.24065276 0.31333333 0.31326682 -1.17 -1.17 -1.17
-1.1466667 -0.32333333 -0.16666668 -0.59666667 -0.69666667 -0.36333333 -0.92333333 -0.91906571 -0.76333333 -0.49333333 -0.51666667 -0.39333333 -0.39333387 -1.2033333 -1.2033333 -1.449827 -1.45 -1.4133333 -1.4133333 -1.2199994 -0.65333333 -0.65333333 -0.63 -0.81 -0.81 -0.22333333 -0.02 -0.02 -0.049996328 -0.01 -0.2 -0.2 -0.08 -0.079966216 0.24330989 -0.74666667 -0.74666667 -0.73285412 -0.72666667 -0.72666667 -0.96969651 -0.97 -0.96999964 -1.3481281 -1.376488 -1.3766662 -1.3766666 -1.3766661 -1.0446187 -1.17 -1.17 -1.17 -1.17
-0.66333422 -0.38666667 -0.38300185 -0.23666667 -0.37 -0.78 -0.38 -0.50333333 -0.54666667 -0.54666667 -0.51666667 -0.88666667 -0.82999998 -1.2033333 -0.73333474 -0.73333333 -1.45 -0.51666667 -0.55666667 -0.55666667 -0.74287366 -0.84333333 -0.84333333 -0.21666667 -0.22333333 -0.22333333 -0.02 -0.02 -0.049998252 -0.049967812 0.38208806 -0.08 -0.08 0.24333333 0.24333333 -0.83380907 -0.74666667 -0.74666667 -0.7533331 -0.9699997 -0.97 -0.97 -0.96999687 -1.3766616 -1.3766667 -1.3766667 -1.3766667 -1.3766665 -1.07 -1.1699802 -1.17 -1.17 -1.17
-0.66333333 -0.13666667 -0.096666667 -0.56333333 -0.62999618 -0.49 -0.19333333 -1.0766667 -1.1133333 -0.78 -0.78 -0.73 -0.83 -0.83 -0.73399656 -0.57546879 -0.56 -0.25 -0.80666641 -0.55666667 -0.33525168 -0.33666667 0.34333333 0.15666667 0.15666929 0.36 -0.36333333 -0.36333321 -0.020105124 -0.019999992 0.38333333 -0.14635972 -0.13333333 0.24333333 0.21576284 -0.90666667 -0.90666667 -0.75333333 -0.75333333 -0.97 -0.97 -0.97 -0.47613882 -0.47666671 -1.3766667 -1.3766667 -1.3766667 -1.0700117 -1.07 -1.07 -1.17 -1.17 -1.17
-0.083060509 -0.13666666 0.29333333 -0.16 0.11333333 -0.29 -0.44666667 -0.57666667 -1.0633333 -0.94371769 -0.85333333 -1.1033333 -1.1033333 -0.96666667 -0.96666519 -0.17773505 -0.17666667 -0.17666667 -0.33497602 0.13666657 -0.32 -0.32 -0.23 0.11739209 0.33950937 0.36 -0.51333333 -0.36333333 0.19672647 0.2 -0.15 0.34333333 0.3819448 -0.35 -0.72333333 -0.72 -0.81333333 -0.50666667 -0.72323329 -0.96934531 -0.82333333 -0.32333333 -0.47664767 -0.47666667 -0.48173235 -1.3766667 -1.3966667 -1.07 -1.07 -1.07 -1.07 -1.2430444 -0.81333333
0.21666667 0.21666667 0.24666667 0.15666667 0.24 -0.44333333 -0.97 -0.59666667 -0.65666667 -0.91333416 -1.2366667 -0.88333333 -0.96666667 -0.96666667 -0.81 -0.80131355 -0.17666667 -0.17665635 -0.15 0.13666667 0.13666667 0.077832667 -0.23 -0.013337436 -0.013333333 -0.013333333 -0.51333333 0.17333333 0.17333333 0.2 0.2 0.34347874 0.42 -0.35 -0.37666667 -0.72 -0.81333333 -0.78 -0.72333333 -0.9266506 -0.32333336 -0.33680244 -0.36 -0.47666667 -0.47666667 -1.3966667 -1.3966667 -1.3966667 -1.07 -1.07 -1.7566667 -1.7566667 -1.7566663
0.21666667 0.21666667 -0.35666667 -0.29333333 -0.66333333 0.073333333 -0.22000001 -0.94667705 -1.1366667 -1.0033333 -1.0833333 -1.2633333 -0.88383935 -0.81 -0.81 -0.80990233 0.036666667 0.026869524 -0.15 -0.77333333 -0.77333333 -0.04 -0.04 -0.013333333 -0.013333333 -0.013333333 0.17333333 0.17333333 0.17333333 0.47333333 0.47333333 0.47333325 -0.17 -0.17 -0.60333333 -0.63 -0.51 -0.84999149 -1.15 -0.93 -0.93 -0.93666477 -0.36 -0.47666667 -1.2033333 -1.37 -0.73950913 -0.73666667 -0.98666667 -0.98666667 -1.7566667 -1.7566667 -1.7566667
0.21666667 -0.030908929 -0.32964007 -0.7099938 -0.49 -0.46 -0.22 -0.94666667 -1.1366651 -1.0048105 -1.263333 -1.2633333 -0.63333333 -0.81 -0.81 0.036666639 0.036666667 0.036656043 -0.15 -0.77333333 -0.62932159 -0.04 -0.04 -0.013335086 -0.013333333 -0.027577848 -0.056666667 -0.056666667 -0.056666638 0.47333333 0.47333333 -0.09 -0.09 -0.17000119 -0.60333333 -0.75333333 -0.40416664 -0.85 -0.85 -0.93 -0.93666667 -0.93666667 -0.9366685 -1.2033333 -1.2033333 -1.37 -0.73666667 -0.73666667 -0.98666667 -0.98666667 -1.7566667 -1.7566667 -1.7566667
-1.0166667 -0.59260902 -0.61332162 -0.61402999 -0.48999993 -0.46000071 -0.22000001 -0.93772182 -1.1235737 -1.133185 -0.63333333 -0.63333333 -0.63333333 -0.63333333 -0.80997497 0.036666666 0.036666667 0.034256503 -0.15 -0.77332358 -0.75333333 -0.75333333 -0.75333333 -0.75333333 -0.025885589 -0.056666667 -0.056666667 -0.056666667 -0.056666667 -0.056486583 -0.09 -0.09 -0.09 -0.09 -0.75333333 -0.75333333 -0.75333333 -0.84417242 -0.85205288 -1.1233333 -1.1233333 -0.93667671 -1.486657 -1.2033606 -1.2033333 -1.37 -0.73666667 -0.73666667 -0.98666667 -0.98666667 -1.7538732 -1.7566667 -0.87690247
-1.0166667 -0.61333333 -0.61333333 -0.61333333 -0.61333333 -0.61333327 -0.22061434 -0.5638563 -1.0886429 -0.63387207 -0.63333333 -0.63333333 -0.63333333 -0.63333333 -0.63333336 0.036666653 0.036666637 0.023862607 -0.14999936 -0.75333333 -0.75333333 -0.75333333 -0.75333333 -0.75333333 -0.75138513 -0.38855456 -0.52333324 -0.52333333 -0.52333333 -0.52333333 -0.090000003 -0.09 -0.090000726 -0.69333333 -0.69333333 -0.75333333 -0.69500183 -0.69333333 -1.1233331 -1.1233333 -1.1233333 -1.1233333 -1.4866667 -1.4866667 -1.4866667 -1.4858548 -1.6044493 -1.61 -1.61 -1.61 -1.61 -0.94666683 -0.94666667
-0.97666667 -0.61333333 -0.61333333 -0.61333333 -0.61333333 -0.61333333 -0.61333331 -0.44438965 -0.66876688 -0.66666667 -0.66666667 -0.66666667 -0.66666667 -0.66666667 -0.66666667 -0.94744046 0.020939248 0.011105507 -0.75325741 -0.75333333 -0.75333333 -0.75333333 -0.75333333 -0.75333334 -0.66333333 -0.66333333 -0.66333314 -0.52333333 -0.52333333 -0.52290615 -0.31 -0.31 -0.69333333 -0.69333333 -0.69333333 -0.69333316 -0.69333333 -0.69333333 -0.69333333 -1.1233333 -1.1233333 -1.1233333 -1.4866667 -1.4866667 -1.4866667 -1.4866667 -1.61 -1.61 -1.61 -1.61 -1.61 -0.94666667 -0.94666667
-0.97666667 -0.84140179 -0.61333333 -0.61333333 -0.61333333 -0.61333333 -0.57667386 -0.57666667 -0.57666667 -0.66666667 -0.66666667 -0.66666667 -0.66666667 -0.66666667 -0.72990734 -0.95333333 -0.95333333 -0.95333333 -0.76330319 -0.76333332 -0.76333333 -0.76333333 -0.76333333 -0.76333333 -0.66333333 -0.66333333 -0.66333333 -0.66333333 -0.52333333 -0.31 -0.31 -0.31 -0.6933333 -0.69333333 -0.69333333 -0.31 -0.69282579 -0.69333333 -0.69333333 -1.1232488 -0.9548005 -0.56168368 -1.4866667 -1.4866667 -1.3105452 -1.31 -1.31 -1.6083516 -0.61017286 -0.60666675 -0.60666686 0.54977317 -0.94666362
-0.97666667 -0.64579824 -0.62514107 -0.61333333 -0.61333333 -0.57668833 -0.57666667 -0.57666667 -0.57666667 -0.57731523 -0.66666667 -0.66666667 -0.66666667 -0.6666667 -0.95333333 -0.95333333 -0.95333333 -0.95333333 -0.76350306 -0.76333333 -0.76333333 -0.76333333 -0.76333333 -0.76333333 -0.66333334 -0.66333333 -0.66333333 -0.66333333 -0.66204814 -0.31 -0.31 -0.31 -0.33333333 -0.69328565 -0.31 -0.31 -0.31 -0.30515516 -0.56841872 -0.56 -0.56 -0.56 -1.1266667 -1.1266667 -1.31 -1.31 -1.31 -0.60666668 -0.60666667 -0.60666667 -0.60666667 0.55 0.55
-0.63696465 -0.63666667 -0.63666667 -0.63666666 -0.42333333 -0.57666271 -0.57666667 -0.57666667 -0.57666667 -0.57666667 -0.66919024 -0.6666671 -0.66666667 -0.95333333 -0.95333333 -0.95333333 -0.95333333 -0.95333333 -0.9173955 -0.76333333 -0.76333333 -0.76333333 -0.76333333 -0.76333333 -0.7047855 -0.68666654 -0.68666667 -0.68666667 -0.68666667 -0.31 -0.33333333 -0.33333333 -0.33333333 -0.33333333 -0.31 -0.30998833 0.13333333 0.13333333 -0.5513427 -0.56 -0.56 -0.56 -1.1266667 -1.1266667 -1.2816137 -1.31 -1.31 -0.60666667 -0.60666667 -0.60666667 -0.59426419 0.55 0.55
-0.63666667 -0.63666667 -0.63666667 -0.53620482 -0.42333333 -0.42333333 -0.57666667 -0.57666667 -0.57666667 -0.57666667 -0.7 -0.7 -0.7 -0.95333333 -0.95333333 -0.95333333 -0.95333333 -0.95321159 -0.62 -0.62 -0.76333328 -0.76333333 -0.75562383 -0.44666667 -0.44882728 -0.68666667 -0.68666667 -0.68666667 -0.68666667 -0.33336931 -0.33333333 -0.33333333 -0.33333333 -0.33333333 0.13333177 0.13333333 0.13333333 0.13333333 0.13084805 -0.56 -0.56 -0.56 -1.1266667 -1.1266667 -1.1266667 -1.31 -1.31 -0.60666667 -0.60666667 -0.60666666 0.55 0.55 0.55
-0.63666667 -0.63666667 -0.63666667 -0.42333333 -0.42333333 -0.42333333 -0.42333357 -0.57666667 -0.57666667 -0.69987268 -0.7 -0.7 -0.7 -0.70015783 -0.35705882 -0.21666667 -0.21666667 -0.21666667 -0.62 -0.62 -0.62 -0.44666667 -0.44666667 -0.44666667 -0.44667507 -0.57651656 -0.68666667 -0.68666667 -0.68666667 -0.41467374 -0.42332448 -0.42333333 -0.42333333 -0.42333333 -0.20511966 -0.67999815 -0.68 -0.68 -0.68 -0.67331783 -0.67333333 -0.67333333 -1.1266667 -1.1266667 -0.47000274 -0.46999981 0.08 0.08 0.52333333 0.52333333 0.52333333 0.55 1.1927581
-0.63666334 -0.63666667 -0.63666666 -0.42333333 -0.42333333 -0.42333333 -0.42333333 -0.15333346 -0.57497401 -0.69966751 -0.7 -0.7 -0.7 -0.69905157 -0.21666667 -0.21666667 -0.21666667 -0.21666678 -0.62 -0.62 -0.62 -0.44666667 -0.44666667 -0.44666667 -0.47666667 -0.47666667 -0.64 -0.64 -0.64 -0.63881802 -0.42333333 -0.42333333 -0.42333333 -0.42333333 -0.55159619 -0.68 -0.68 -0.68 -0.68 -0.67333333 -0.67333333 -0.67333333 -0.66693569 -0.47 -0.47 -0.47 0.08 0.08 0.52333333 0.52333333 0.52333333 1.1933333 1.1933333
0.43666667 -0.083277227 -1.0233333 -1.0231593 -0.42333333 -0.15489554 -0.15333333 -0.15333333 -0.18369822 -0.33333333 -0.33333333 -0.33333333 -0.33333333 0.29664616 0.29666666 -0.21666627 -0.21666667 -0.22729391 -0.62 -0.62 -0.62 0.18 0.18 0.18 -0.47666667 -0.47666667 -0.64 -0.64 -0.64 -0.63999988 -0.47999964 -0.47999984 -0.42475756 -0.42339408 -0.61977636 -0.62 -0.62 -0.62 -0.62 -0.67333333 -0.67333333 -0.67333333 -0.48119607 -0.47 -0.47 -0.46999994 0.08 0.08 0.080015959 0.52333333 0.52331604 0.13666667 1.1933333
-0.003249776 -0.0033335103 -1.0233333 -1.0233333 -1.0233333 -0.15333333 -0.15333333 -0.15333333 -0.23666667 -0.23666667 -0.33333333 -0.33333333 -0.33333333 0.29666667 0.29666667 0.29666667 0.29666667 0.29656299 -0.62 -0.62 -0.61999997 0.18 0.18 0.18 -0.47666667 -0.47666667 -0.64 -0.64 -0.64 -0.48180401 -0.48 -0.48 -0.48 -0.48 -0.61993092 -0.62 -0.62 -0.62 -0.62 -0.5266667 -0.52666667 -0.52666667 -0.52666667 -0.46999754 -0.15 -0.15 -0.15 -0.076666667 -0.076666667 -0.076666667 0.13666667 0.13666667 0.13666667
-0.0033333333 -0.0033333333 -1.0233333 -1.0233333 -1.0233333 -0.15790621 -0.15333333 -0.23666667 -0.23666667 -0.23666667 -0.33332143 -0.33333333 -0.044615931 0.2966666 0.29666667 0.29666667 0.29666667 0.20666667 0.20666667 0.20666667 -0.38999999 -0.38999958 0.17999722 0.18 0.17921091 -0.84 -0.84 -0.83999952 -0.64003232 -0.33669523 -0.33666743 -0.33669169 -0.47975503 -0.4798763 -0.59497243 -0.61999973 -0.61767648 0.073333333 0.073333333 -0.52666667 -0.52666667 -0.52666667 -0.52666667 -0.15 -0.15 -0.15 -0.15 -0.076666667 -0.076666667 -0.076666667 0.13666667 0.13666667 0.13666667
-0.0033333333 -0.0033333333 -1.0233333 -1.0233333 -1.0233333 -1.0233333 -0.18452257 -0.23666667 -0.23666667 -0.23666667 -0.23652489 0.02 0.02 0.02 0.29503621 0.29666667 0.2072664 0.20666667 0.20666667 0.20666667 -0.39 -0.39 -0.39 -0.39 -0.84 -0.84 -0.84 -0.84 -0.84 -0.33666667 -0.33666667 -0.33666667 -0.33666667 -0.33666718 -0.58 0.073333333 0.073333333 0.073333333 0.073333333 0.073332496 -0.096666667 -0.096666667 -0.096666667 -0.20622094 -0.43333333 -0.43333333 -0.43333333 -0.076666677 -0.076666951 -0.37 -0.37 -0.31322386 -0.31333333
-0.0033333333 -0.0033333333 -0.65518496 -1.0233333 -1.0233333 -1.0233333 0.41550731 -0.23460772 -0.23666667 -0.23666667 0.020000165 0.02 0.02 0.02 0.02 0.042705244 0.20666667 0.20666667 0.20666667 0.20666667 -0.38999538 -0.39 -0.39 -0.39 -0.84 -0.84 -0.84 -0.84 -0.84 -0.75048226 -0.33666667 -0.33666667 -0.33666667 -0.58 -0.58 -0.57949267 0.073333333 0.073333333 0.097720402 0.11666666 -0.096666667 -0.096666667 -0.096666667 -0.20228065 -0.43333333 -0.43333333 -0.43333333 0.29 -0.36177646 -0.37 -0.37 -0.31333333 -0.31333333
-0.12666667 -0.12666667 -0.12666667 -0.79851435 -1.0211635 0.41666667 0.41666667 0.41666667 0.41666667 0.80333333 0.80333333 0.020000055 0.02 0.02 0.02 0.02001185 0.20666667 0.20666667 0.20666667 0.20666667 -0.12963402 -0.39 -0.39 -0.39872347 -0.72852836 -0.84 -0.84 -0.84 -0.89666667 -0.89666667 -0.89666667 -0.89666432 -0.58 -0.58 -0.58 -0.58 0.11666667 0.11666667 0.11666667 0.11666667 0.086666667 0.086666667 0.086666667 0.28666265 0.28666667 0.28666667 0.28666644 0.29 0.29 -0.36919583 -0.37 -0.31332964 -0.31333333
-0.12666667 -0.12666667 -0.12666667 -0.12663543 0.45333333 0.4480014 0.41666667 0.41666667 0.41666667 0.80333333 0.80333333 0.80333333 0.50333331 0.50333333 0.50333333 0.50333332 0.2066972 0.20666667 0.20666667 0.20666667 0.19760088 -0.72333242 -0.72333333 -0.72333333 -0.72333333 -0.72333335 -1.17 -1.17 -0.89666667 -0.89666667 -0.89666667 -0.89666667 -0.57999971 -0.58 -0.58 -0.57996742 0.11666666 0.11666667 0.11666667 0.11536524 0.086666667 0.086666667 0.086666667 0.28665739 0.28666667 0.28666667 0.28666667 0.29 0.29 0.29000002 0.42 0.42 0.53333333
-0.12666667 -0.12666667 -0.12666667 0.453332 0.45333333 0.45333333 0.41666668 0.41666667 0.41666667 0.80333333 0.80333333 0.80333333 0.50333333 0.50333333 0.50333333 0.48200866 0.22333333 0.22333333 0.22333329 0.2067608 -0.72333333 -0.72333333 -0.72333333 -0.72333333 -0.72333333 -0.72366947 -1.17 -1.17 -1.17 -0.89666667 -0.89666667 -0.89685333 -0.18 -0.18 -0.18 -1.0866667 -1.0866667 -0.18 -0.18 -0.18 -0.12333333 0.086600796 0.086668557 0.34 0.34 0.33797873 0.28666681 0.29 0.29 0.42 0.42 0.42 0.53333333
-0.12666667 -0.12666667 -0.12666667 0.45333333 0.45333333 0.45333333 0.45333333 0.41666667 0.41666667 0.80333333 0.80333333 0.51532901 0.50333333 0.50333333 0.50333333 0.22333333 0.22333333 0.22333333 0.22333333 0.22333333 -0.72333333 -0.72333333 -0.72333333 -0.72333333 -0.72333333 -1.1699985 -1.17 -1.17 -1.17 -1.1866667 -1.1866667 -1.1866667 -0.18 -0.18 -0.18 -1.0866667 -1.0866667 -0.18 -0.18 -0.12333333 -0.12333333 -0.12333333 0.34 0.34 0.34 0.34 0.35889389 0.57 0.57 0.57 0.42000001 0.85666667 0.85666667
-0.12666667 -0.12666667 -0.12585899 0.45333333 0.45333333 0.45333333 0.45333333 0.884912 0.90666667 0.90648926 0.80333332 0.5033392 0.50333333 0.50333333 0.50333236 0.22333333 0.22333333 0.22333333 0.22333333 0.22333333 0.1142459 -0.72333333 -0.72333333 -0.72333333 -0.72325095 -1.1699524 -1.17 -1.17 -1.17 -1.1866667 -1.1866667 -1.1866667 -1.1865194 -0.18 -1.0866667 -1.0866667 -1.0866667 -1.086629 -0.17999614 -0.12333333 -0.12333333 -0.12333333 0.33997187 0.34 0.34 0.34 0.56999697 0.57 0.57 0.57 0.85666667 0.85666667 0.85666667
-0.10666667 -0.1066667 0.45300852 0.45333333 0.45333333 0.45333333 0.9065702 0.90666667 0.90666667 0.90666667 0.57333334 0.57333333 0.57333333 0.57333333 0.22494871 0.22333333 0.22333333 0.22333333 0.22333333 0.15000004 0.15 0.15 -0.3233334 -0.32333333 -0.32333333 -0.32333333 -0.39641156 -1.17 -0.95000901 -0.95 -0.95 -0.95 -0.95 -0.56 -0.56 -0.56 -0.56 -0.56 0.023333333 0.023333333 0.023333333 0.023333333 0.023333334 0.27010552 0.27 0.27 0.27 0.57 0.57 0.57 0.8566215 0.85666667 0.85666667
