interpolatedSpi/06-08|23_2.tif
NCOLS 53
NROWS 52
XLLCORNER -116.03883
YLLCORNER 28.596182
DX 0.49850594
DY 0.49788537
NODATA_VALUE -9999
[rows 0 to 30 of 52, columns 0 to 52 of 53]
0.94666667 0.94666667 1.2526695 1.5633333 1.3166667 1.4333333 1.29 1.0666667 -0.032304063 -0.18333333 0.08 0.12666667 -0.40332263 -0.27333333 -0.36666667 -0.36666667 -0.36666667 -0.94333333 -0.26666667 -0.26666667 -0.26666667 -0.26666548 -0.14333334 -0.60333333 -0.60333333 -0.60333333 -0.6400036 -0.64 -0.64 -1.1066667 -1.1066667 -1.1066667 -1.1066667 -1.1866667 -1.1866667 -1.1866667 -1.1866667 -1.1866667 -1.1866667 -1.1866666 0.39958165 0.41657649 0.063333333 0.063333333 0.063333333 0.063333333 0.062756219 -0.29 -0.29 -0.29 0.29999877 0.3 0.3
0.94664593 0.48 1.3033326 1.1621961 1.4064848 0.67 0.74666667 0.23372248 -0.39333333 -0.22666667 0.16 -0.40333333 -0.40333333 -0.60555518 -0.27333818 -0.36666667 -0.94333333 -0.94333333 -0.26754895 -0.26666667 -0.26666667 -0.26666667 -0.65439131 -0.60333333 -0.60333333 -0.60333333 0.02333329 0.023333333 -1.1066667 -1.1066667 -1.1066667 -1.1066667 -1.1066667 -1.1866667 -1.1866667 -1.1866667 -1.1866667 -1.1866667 -1.1866666 -0.88988295 0.72648614 0.14382243 0.063333333 0.063333333 0.063333333 0.063333333 0.063333333 -0.29 -0.29 -0.29 -0.24107664 0.3 0.3
1.0366681 1.0366667 0.65 0.49333333 0.77 1.45 0.74333333 0.93333333 -0.16333333 -0.72333333 -0.44666667 0.073333333 -0.16 -1.39 -0.60666667 -1.2166667 -0.94333333 -0.94333333 -0.94333333 -0.16669574 -0.16666667 -0.16666667 -1.5733333 -0.60333333 -0.60333333 -0.60333333 0.023333333 0.023333333 0.023333333 -1.1066667 -1.1066667 -1.1066667 -1.1018527 -1.185956 -1.1837192 -0.87290177 -0.87 -0.87 -0.66918141 0.72666666 0.72666667 0.72581843 0.063333333 0.063333333 0.063333333 0.063333333 0.063333333 -0.29 -0.29 -0.29 -0.29 0.3 0.3
1.3033333 1.0366665 0.41314185 0.26 -0.49 -0.16 0.13666667 -0.35666667 0.59333333 -0.3307804 -0.36666667 -1.0233333 -0.72333333 -1.39 -0.51666667 -1.2166667 -1.034736 -1.0332703 -0.73333333 -0.16666667 -0.16666667 -0.81333333 -1.5733333 -1.5733333 -0.60333333 -0.6033302 0.023333333 0.023333333 0.023333333 -1.2533333 -1.1673738 -1.0966667 -1.0966667 -1.0966665 -0.87 -0.87 -0.87 -0.87 0.72666667 0.72666667 0.72666667 0.72666664 0.063333333 0.063333333 0.063333333 0.063333333 0.063333333 -0.28999554 -0.29 -0.29 -0.29 0.29990571 0.3
1.3033333 0.26000028 0.41333333 -0.13070073 -0.49 -0.7 -0.61334069 -0.73 -1.13 -0.25333376 -0.53590576 -0.65657499 -0.016666667 -0.51666667 -0.51666667 -0.982155 -1.0333333 -1.0333333 -0.73333333 -0.73333333 -0.16666795 -0.81333333 -0.54 -0.09 -0.36333333 -0.36329971 0.023333333 0.023333333 -1.2533333 -1.2533333 -1.0966667 -1.0966667 -1.0966667 -1.0520376 -0.87 -0.87 -0.87 0.72666667 0.72666667 0.72666667 0.72666667 0.72642116 0.063333307 0.063333333 0.063333333 0.063333333 0.063333333 0.060188229 -0.29 -0.29010298 -2.5866667 -2.5866667 -2.5866667
-0.7 -0.066666667 -0.23333331 0.0099999999 -0.12 -1.2633333 -1.3966667 -1.3113142 -0.48666667 -1.1366667 -1.87 -0.88666667 -0.88666609 -1.67 -1.67 -1.0499091 -1.05 -1.6733333 -1.6733333 -0.73333372 -0.74 -0.74 -0.09 -0.36333333 -0.36333333 -0.22 -0.95333333 -0.95333333 -0.9700263 -1.2533333 -1.0966667 -1.0966667 -0.86 -0.85996656 -0.54002287 -0.26 -0.26 0.42141881 0.72666667 0.72666667 -1.8134946 -1.8166667 -1.8166642 -0.84370064 -0.85989795 -0.85999975 -0.85999997 -0.85999966 -2.0800418 -2.5866667 -2.5866667 -2.5866667 -2.5866667
0.0733424 -0.31333333 0.10183174 -0.37333333 -0.79666667 -1.53 -0.97 -1.2766667 -1.6433333 -1.6433333 -1.87 -2.06 -1.8666664 -1.67 -0.67333632 -0.67333333 -1.05 -0.62333333 -1.17 -1.17 -0.40226016 -0.023333333 -0.023333333 -0.32333333 -0.22 -0.22 -0.95333333 -0.95333333 -0.97002486 -0.97045778 -0.73537903 -0.86 -0.86 -0.54 -0.54 -0.81553284 -0.26 -0.26 -0.87997851 -1.8166654 -1.8166667 -1.8166667 -1.8166527 -0.86000249 -0.86 -0.86 -0.86 -0.86000071 -2.0566667 -2.5865616 -2.5866667 -2.5866667 -2.5866667
0.073333333 -0.74666667 -0.39666667 -1.13 -0.41004128 -1.41 -2.1933333 -2.0566667 -2.0066667 -2.0733333 -2.0733333 -0.9 -1.8666667 -1.8666667 -0.68152071 -1.1317477 -1.1766667 -0.83666667 -1.1166667 -1.17 -0.83612651 -0.76 -0.67666667 -0.61333333 -0.61334215 -1.2966667 -1.3633333 -1.3633332 -1.3951716 -1.3966667 -0.73333333 -0.8614951 -0.78333333 -0.54 -0.56091555 -1.28 -1.28 -0.88 -0.88 -1.8166667 -1.8166667 -1.8166666 -1.3045009 -1.3066666 -0.86 -0.86 -0.86 -2.0566211 -2.0566667 -2.0566667 -2.5866667 -2.5866667 -2.5866667
-0.80482429 -0.74666667 -0.34333333 -1.0133333 -0.51666667 -1.5833333 -0.88666667 -0.97666667 -1.8966667 -1.3065628 -0.0066666667 -1.1733333 -1.1733333 -0.78333333 -0.78333719 -0.29247121 -0.29 -0.29 -0.87940909 -1.2700001 -1.6566667 -1.6566667 -1.1033333 -0.84480898 -1.2278047 -1.2966667 -1.0633333 -1.3633333 -1.3832171 -1.3833333 -0.88333333 -0.95 -0.6729907 -1.4366667 -1.2733333 -1.7333333 -1.3 -0.12 -0.4032025 -1.8122773 -0.83333333 -0.89 -1.3066108 -1.3066667 -1.3041526 -0.86 -0.98666666 -2.0566667 -2.0566667 -2.0566667 -2.0566667 -2.5015866 -0.78666667
-1.13 -1.13 -0.17666667 -0.25666667 -1.1266667 -0.016666667 -0.98666667 -2.0333333 -1.6433333 -1.1567366 -1.6533333 -0.60333333 -0.78333333 -0.78333333 -1.1933333 -1.1809437 -0.29 -0.28997177 -0.12666667 -1.27 -1.27 -1.3198156 -1.1033333 -1.1466658 -1.1466667 -1.1466667 -1.0633333 -1.1133333 -1.1133333 -1.3833333 -1.3833333 -0.94895686 -0.4 -1.4366667 -1.4 -1.7333333 -1.3 -1.2666667 -0.40333333 -0.70175061 -0.89 -0.91693822 -0.96333333 -1.3066667 -1.3066667 -0.98666667 -0.98666667 -0.98666667 -2.0566667 -2.0566667 -1.9033333 -1.9033333 -1.9033329
-1.13 -1.13 -0.69 -0.95666667 -0.79333333 -0.086666667 -1.3566667 -0.40162375 0.13666667 0.25 -0.53666667 -0.22 -0.60282327 -1.1933333 -1.1933333 -1.1932557 -0.52 -0.49935602 -0.12666667 -0.31333333 -0.31333333 -0.0033333333 -0.0033333333 -1.1466667 -1.1466667 -1.1466667 -1.1133333 -1.1133333 -1.1133333 -1.2766667 -1.2766667 -1.2766652 -1.5166667 -1.5166667 -2.64 -1.7066667 -1.8633333 -1.01001 -0.99666667 -0.70666667 -0.70666667 -0.74666738 -0.96333333 -1.3066667 -1.0399998 -0.73333333 -1.1426586 -1.1433333 -2.0233333 -2.0233333 -1.9033333 -1.9033333 -1.9033333
-1.13 -0.94006654 -0.80379618 -0.28333096 -0.66333333 -0.43666667 -1.3566667 -0.4 0.13666218 0.2487444 -0.21999939 -0.22 -0.41 -1.1933333 -1.1933333 -0.52000002 -0.52 -0.51997761 -0.12666667 -0.31333333 -0.25245564 -0.0033333333 -0.0033333333 -1.1466205 -1.1466667 -1.0491465 -0.85 -0.85 -0.85000003 -1.2766667 -1.2766667 -0.91 -0.91 -1.5166697 -2.64 -1.7300005 -1.9146465 -1.01 -1.01 -0.70666667 -0.74666667 -0.74666667 -0.74666882 -1.04 -1.04 -0.73333333 -1.1433333 -1.1433333 -2.0233333 -2.0233333 -1.9033333 -1.9033333 -1.9033333
-0.44333333 -0.22369211 -0.18002839 -0.18075419 -0.66333229 -0.43667202 -1.3566666 -0.411776 0.099684845 0.1396261 -0.41 -0.41 -0.41 -0.41 -1.1932224 -0.52 -0.52 -0.51492144 -0.12666667 -0.31319714 0.15333333 0.15333333 0.15333333 0.15333333 -1.1244288 -0.85 -0.85 -0.85 -0.85 -0.85006541 -0.91 -0.91 -0.91 -0.91 -1.73 -1.73 -1.73 -1.0460849 -1.0127789 -1.38 -1.38 -0.74670073 -1.4466527 -1.0400392 -1.04 -0.73333333 -1.1433333 -1.1433333 -2.0233333 -2.0233333 -1.9037687 -1.9033333 -1.8495509
-0.44333333 -0.18 -0.18 -0.18 -0.18 -0.18000011 -1.3543116 -0.90393792 0.0010207898 -0.40940833 -0.41 -0.41 -0.41 -0.41 -0.40999935 -0.52000001 -0.51999994 -0.49302002 -0.12667124 0.15333333 0.15333333 0.15333333 0.15333333 0.15333333 0.16889346 -0.29605484 -0.1866668 -0.18666667 -0.18666667 -0.18666667 -0.90999998 -0.91 -0.90999907 -0.14 -0.14 -1.73 -0.5277229 -0.49333333 -1.3799995 -1.38 -1.38 -1.38 -1.4466667 -1.4466667 -1.4466667 -1.4417025 -1.4114915 -1.4133333 -1.4133333 -1.4133333 -1.4133333 -1.7166667 -1.7166667
-0.59666667 -0.18 -0.18 -0.18 -0.18 -0.18 -0.18000007 -0.59738975 0.49713939 0.5 0.5 0.5 0.5 0.5 0.49999999 1.3097945 -0.49065932 -0.46613912 0.153298 0.15333333 0.15333333 0.15333333 0.15333333 0.15333414 0.87333333 0.87333333 0.87333184 -0.18666667 -0.18666667 -0.18467757 0.80666667 0.80666667 -0.14 -0.14 -0.14 -0.43673294 -0.49333333 -0.49333333 -0.49333333 -1.38 -1.38 -1.38 -1.4466667 -1.4466667 -1.4466667 -1.4466667 -1.4133333 -1.4133333 -1.4133333 -1.4133333 -1.4133333 -1.7166667 -1.7166667
-0.59666667 -0.4415464 -0.18 -0.18 -0.18 -0.18 0.73315408 0.73333333 0.73333333 0.5 0.5 0.5 0.5 0.5 0.68236845 1.3266667 1.3266667 1.3266667 0.84123314 0.84333263 0.84333333 0.84333333 0.84333333 0.84333333 0.87333333 0.87333333 0.87333333 0.87333333 -0.18666667 0.80666667 0.80666667 0.80666667 -0.13999992 -0.14 -0.14 0.043333333 -0.49262277 -0.49333333 -0.49333333 -1.3799762 -1.3331299 -1.2238016 -1.4466667 -1.4466667 -2.1378603 -2.14 -2.14 -1.4142453 -1.964733 -1.9666666 -1.9666666 -1.6033506 -1.7166664
-0.59666667 0.38296373 0.11856716 -0.18 -0.18 0.73279369 0.73333333 0.73333333 0.73333333 0.73165187 0.5 0.5 0.5 0.5000001 1.3266667 1.3266667 1.3266667 1.3266667 0.84376509 0.84333333 0.84333333 0.84333333 0.84333333 0.84333333 0.87333333 0.87333333 0.87333333 0.87333333 0.87309084 0.80666667 0.80666667 0.80666667 1.0766667 -0.13995198 0.043333333 0.043333333 0.043333333 0.040545241 -1.1770878 -1.2233333 -1.2233333 -1.2233333 -1.9533333 -1.9533333 -2.14 -2.14 -2.14 -1.9666667 -1.9666667 -1.9666667 -1.9666667 -1.6033333 -1.6033333
0.40939931 0.41 0.41 0.41 0.84 0.73333608 0.73333333 0.73333333 0.73333333 0.73333333 0.51160868 0.500002 0.5 1.3266667 1.3266667 1.3266667 1.3266667 1.3266667 1.2917219 0.84333333 0.84333333 0.84333333 0.84333333 0.84333333 0.96943966 1.1499985 1.15 1.15 1.15 0.80666668 1.0766667 1.0766667 1.0766667 1.0766667 0.043333333 0.04332675 -0.20666667 -0.20666667 -1.2106387 -1.2233333 -1.2233333 -1.2233333 -1.9533333 -1.9533333 -2.1110976 -2.14 -2.14 -1.9666667 -1.9666667 -1.9666667 -1.9627708 -1.6033333 -1.6033333
0.41 0.41 0.41 0.61249341 0.84 0.84 0.73333333 0.73333333 0.73333333 0.73333333 0.65333333 0.65333333 0.65333333 1.3266667 1.3266667 1.3266667 1.3266667 1.3267273 1.3733333 1.3733333 0.84333355 0.84333333 0.84787788 1.03 1.0310803 1.15 1.15 1.15 1.15 1.0766741 1.0766667 1.0766667 1.0766667 1.0766667 -0.20666579 -0.20666667 -0.20666667 -0.20666667 -0.21024239 -1.2233333 -1.2233333 -1.2233333 -1.9533333 -1.9533333 -1.9533333 -2.14 -2.14 -1.9666667 -1.9666667 -1.9666667 -1.6033333 -1.6033333 -1.6033333
0.41 0.41 0.41 0.84 0.84 0.84 0.83999984 0.73333333 0.73333333 0.65341592 0.65333333 0.65333333 0.65333333 0.65375286 1.6234549 1.6933333 1.6933333 1.6933333 1.3733333 1.3733333 1.3733333 1.03 1.03 1.03 1.0299141 0.92620296 1.15 1.15 1.15 0.64465352 0.54338579 0.54333333 0.54333333 0.54333333 -0.20567885 -0.20666667 -0.20666667 -0.20666667 -0.20666667 -1.0566895 -1.0566667 -1.0566667 -1.9533333 -1.9533333 -1.5200018 -1.52 -1.6 -1.6 -1.33 -1.33 -1.33 -1.6033333 -1.213682
0.41000051 0.41 0.41000002 0.84 0.84 0.84 0.83999999 0.22000015 0.73128083 0.65338169 0.65333333 0.65333333 0.65333333 0.6553741 1.6933333 1.6933333 1.6933333 1.6933332 1.3733333 1.3733333 1.3733333 1.03 1.03 1.03 0.72333333 0.72333333 1.0133333 1.0133333 1.0133333 1.0107693 0.54333333 0.54333333 0.54333333 0.54333333 0.16853927 -0.20666667 -0.20666667 -0.20666667 -0.20666667 -1.0566667 -1.0566667 -1.0566667 -1.0712449 -1.52 -1.52 -1.52 -1.6 -1.6 -1.33 -1.33 -1.33 -1.2133333 -1.2133333
0.57333333 0.49665446 0.55333333 0.5534165 0.84 0.2235873 0.22 0.22 0.30988006 0.70666666 0.70666667 0.70666667 0.70666667 1.7799651 1.78 1.6933334 1.6933333 1.6849018 1.3733333 1.3733333 1.3733333 0.87 0.87 0.87 0.72333333 0.72333333 1.0133333 1.0133333 1.0133333 1.0133333 0.99666379 0.99666539 0.55472719 0.54381934 -0.11591281 -0.11666667 -0.11666667 -0.11666667 -0.11666667 -1.0566667 -1.0566667 -1.0566667 -1.494487 -1.52 -1.52 -1.52 -1.6 -1.6 -1.5999903 -1.33 -1.3300039 -1.4166667 -1.2133333
0.39336752 0.39333336 0.55333333 0.55333333 0.55333333 0.22 0.22 0.22 0.46666667 0.46666667 0.70666667 0.70666667 0.70666667 1.78 1.78 1.78 1.78 1.7799545 1.3733333 1.3733333 1.3733333 0.87 0.87 0.87 0.72333333 0.72333333 1.0133333 1.0133333 1.0133333 0.99685458 0.99666667 0.99666667 0.99666667 0.99666667 -0.1161173 -0.11666667 -0.11666667 -0.11666667 -0.11666667 -0.48000015 -0.48 -0.48 -0.48 -1.5199987 -1.3466667 -1.3466667 -1.3466667 -1.4133333 -1.4133333 -1.4133333 -1.4166667 -1.4166667 -1.4166667
0.39333333 0.39333333 0.55333333 0.55333333 0.55333333 0.22175206 0.22 0.46666667 0.46666667 0.46666667 0.70663712 0.70666667 0.92184284 1.7799998 1.78 1.78 1.78 1.08 1.08 1.08 1.3466667 1.3466663 0.87000232 0.87 0.87011889 1.14 1.14 1.1399997 1.0133538 1.0099973 1.0099999 1.0099977 0.99668945 0.99667817 0.081629442 -0.11666666 -0.1165773 -0.09 -0.09 -0.48 -0.48 -0.48 -0.48 -1.3466667 -1.3466667 -1.3466667 -1.3466667 -1.4133333 -1.4133333 -1.4133333 -1.4166667 -1.4166667 -1.4166667
0.39333333 0.39333333 0.55333333 0.55333333 0.55333333 0.55333333 0.31232013 0.46666667 0.46666667 0.46666667 0.4669447 0.97 0.97 0.97 1.7752265 1.78 1.0846646 1.08 1.08 1.08 1.3466667 1.3466667 1.3466667 1.3466667 1.14 1.14 1.14 1.14 1.14 1.01 1.01 1.01 1.01 1.0099983 0.21666667 -0.09 -0.09 -0.09 -0.09 -0.090002714 -0.88666667 -0.88666667 -0.88666667 -0.90185528 -0.93333333 -0.93333333 -0.93333333 -1.4133333 -1.4133333 -1.3666667 -1.3666667 -0.86013542 -0.86
0.39333333 0.39333333 0.49558457 0.55333333 0.55333333 0.55333333 0.41010056 0.46648808 0.46666667 0.46666667 0.96999984 0.97 0.97 0.97 0.97 1.0364095 1.08 1.08 1.08 1.08 1.3466646 1.3466667 1.3466667 1.3466667 1.14 1.14 1.14 1.14 1.14 0.44592993 1.01 1.01 1.01 0.21666667 0.21666667 0.21642853 -0.09 -0.09 -0.26446134 -0.39999998 -0.88666667 -0.88666667 -0.88666667 -0.90143437 -0.93333333 -0.93333333 -0.93333333 -0.89666667 -1.3608105 -1.3666667 -1.3666667 -0.86 -0.86
0.56333333 0.56333333 0.56333333 0.55584061 0.55289586 0.41 0.41 0.41 0.41 0.20666667 0.20666667 0.96999995 0.97 0.97 0.97 0.97000692 1.08 1.08 1.08 1.08 1.230302 1.3466667 1.3466667 1.3589668 1.7865355 1.14 1.14 1.14 0.24666667 0.24666667 0.24666667 0.24666987 0.21666667 0.21666667 0.21666667 0.21666667 -0.4 -0.4 -0.4 -0.4 -0.69666667 -0.69666667 -0.69666667 -0.86999652 -0.87 -0.87 -0.87000002 -0.89666667 -0.89666667 -1.366094 -1.3666667 -0.85999916 -0.86
0.56333333 0.56333333 0.56333333 0.56331664 0.25333333 0.27611524 0.41 0.41 0.41 0.20666667 0.20666667 0.20666667 -0.20666662 -0.20666667 -0.20666667 -0.20666666 1.0767821 1.08 1.08 1.08 1.0840693 1.8166654 1.8166667 1.8166667 1.8166667 1.8166666 1 1 0.24666667 0.24666667 0.24666667 0.24666667 0.21666661 0.21666667 0.21666667 0.21666069 -0.4 -0.4 -0.4 -0.39969292 -0.69666667 -0.69666667 -0.69666667 -0.86999196 -0.87 -0.87 -0.87 -0.89666667 -0.89666667 -0.89666664 -0.69333333 -0.69333333 -0.59666667
0.56333333 0.56333333 0.56333333 0.25333405 0.25333333 0.25333333 0.40999994 0.41 0.41 0.20666667 0.20666667 0.20666667 -0.20666667 -0.20666667 -0.20666667 -0.24246166 -0.67666667 -0.67666667 -0.67666213 1.0700779 1.8166667 1.8166667 1.8166667 1.8166667 1.8166667 1.8160521 1 1 1 0.24666667 0.24666667 0.24701853 0.14333333 0.14333333 0.14333333 -0.089999999 -0.090000001 -0.33 -0.33 -0.33 -0.43333333 -0.69658407 -0.69666537 -0.52333333 -0.52333333 -0.53647161 -0.86999913 -0.89666667 -0.89666667 -0.69333333 -0.69333333 -0.69333333 -0.59666667
0.56333333 0.56333333 0.56333333 0.25333333 0.25333333 0.25333333 0.25333333 0.41 0.41 0.20666667 0.20666667 -0.19013929 -0.20666667 -0.20666667 -0.20666667 -0.67666667 -0.67666667 -0.67666667 -0.67666667 -0.67666667 1.8166667 1.8166667 1.8166667 1.8166667 1.8166667 1.0000028 1 1 1 0.79333333 0.79333333 0.79333333 0.14333333 0.14333333 0.14333333 -0.09 -0.09 -0.33 -0.33 -0.43333333 -0.43333333 -0.43333333 -0.52333333 -0.52333333 -0.52333333 -0.52333333 -0.51949979 -0.47666667 -0.47666667 -0.47666667 -0.69333333 -0.48333333 -0.48333333
0.56333333 0.56333333 0.56290164 0.25333333 0.25333333 0.25333333 0.25333333 0.10418482 0.096666667 0.096855522 0.20666664 -0.20669235 -0.20666667 -0.20666667 -0.20666829 -0.67666667 -0.67666667 -0.67666667 -0.67666667 -0.67666667 -0.97415279 1.8166667 1.8166667 1.8166667 1.8165094 1.000003 1 1 1 0.79333333 0.79333333 0.79333333 0.79323918 0.14333333 -0.09 -0.09 -0.09 -0.090009706 -0.33000705 -0.43333333 -0.43333333 -0.43333333 -0.52332787 -0.52333333 -0.52333333 -0.52333333 -0.47666787 -0.47666667 -0.47666667 -0.47666667 -0.48333333 -0.48333333 -0.48333333
