interpolatedSpi/06-08|19_3.tif
NCOLS 53
NROWS 52
XLLCORNER -116.03883
YLLCORNER 28.596182
DX 0.49850594
DY 0.49788537
NODATA_VALUE -9999
[rows 0 to 31 of 52, columns 0 to 52 of 53]
1.2266667 1.2266667 1.1761425 0.35666667 0.6 0.94333333 1.3533333 1.4133333 0.39524432 0.053333333 0.013333333 0.94333333 0.21996843 -0.16333333 0.52333333 0.52333333 0.52333333 0.18 0.40333333 0.40333333 0.40333333 0.40333141 0.20333334 0.65 0.65 0.65 -0.039988929 -0.04 -0.04 -0.14666667 -0.14666667 -0.14666667 -0.14666667 -1.1999998 -1.2 -1.2 -1.2 -1.2 -1.2 -1.2 -0.27991005 -0.27024527 -1.2333333 -1.2333333 -1.2333333 -1.2333333 -1.2332081 -1.1566667 -1.1566667 -1.1566667 0.8833291 0.88333333 0.88333333
1.2266607 1.0933333 1.6333336 1.4184199 0.87031224 1.4233333 1.6866667 0.67054225 0.75 0.68 0.87666667 0.22 0.22 0.69379902 -0.16331688 0.52333333 0.18 0.18 0.40304214 0.40333333 0.40333333 0.40333333 0.61947049 0.65 0.65 0.65 -0.35333326 -0.35333333 -0.14666667 -0.14666667 -0.14666667 -0.14666667 -0.14666667 -1.1999998 -1.2 -1.2 -1.2 -1.2 -1.2 -1.0327133 -0.1733993 -1.104711 -1.2333333 -1.2333333 -1.2333333 -1.2333333 -1.2333333 -1.1566667 -1.1566667 -1.1566667 -0.98750791 0.88333333 0.88333333
1.22332 1.2233333 1.88 1.27 0.90666667 0.83 0.97 1.7766667 0.32333333 0.15333333 0.33666667 0.52666667 1.08 -0.0066666667 0.69666667 -0.45333333 0.18 0.18 0.18 0.090091087 0.09 0.09 0.07 0.65 0.65 0.65 -0.35333333 -0.35333333 -0.35333333 -0.14666667 -0.14666667 -0.14666669 -0.3632967 -1.1981504 -1.1937948 -0.53944231 -0.53333333 -0.53333333 -0.48805482 -0.17333334 -0.17333333 -0.17468881 -1.2333333 -1.2333333 -1.2333333 -1.2333333 -1.2333333 -1.1566667 -1.1566667 -1.1566667 -1.1566667 0.88333333 0.88333333
0.65666667 1.223333 -0.19007098 0.78333333 0.19333333 0.91333333 0.97 0.74666667 0.35666667 0.13121722 -0.073333333 -0.15 0.48 -0.0066666667 0.60333333 -0.45333333 0.23800317 0.24328896 0.05 0.09 0.09 0.76666667 0.07 0.07 0.65 0.64999499 -0.35333333 -0.35333333 -0.35333333 -1.5433333 -1.0239184 -0.59666667 -0.59666667 -0.59666662 -0.53333333 -0.53333333 -0.53333333 -0.53333333 -0.17333333 -0.17333333 -0.17333333 -0.17333337 -1.2333333 -1.2333333 -1.2333333 -1.2333333 -1.2333333 -1.1566676 -1.1566667 -1.1566667 -1.1566667 0.88325374 0.88333333
0.65666667 1.0133311 -0.19 -0.20286056 0.19333333 0.98666667 0.77003331 0.67666667 0.35333333 -0.15333368 -0.35750837 -0.45335721 -0.62 0.60333333 0.60333333 -0.092734882 0.24333333 0.24333333 0.05 0.05 0.090001272 0.76666667 0.68 0.33 0.74 0.73998725 -0.35333333 -0.35333333 -1.5433333 -1.5433333 -0.59666667 -0.59666667 -0.59666667 -0.64758169 -0.53333333 -0.53333333 -0.53333333 -0.17333333 -0.17333333 -0.17333333 -0.17333333 -0.17341731 -1.2333333 -1.2333333 -1.2333333 -1.2333333 -1.2333333 -1.2326509 -1.1566667 -1.1566845 -1.5533333 -1.5533333 -1.5533333
-1.08 0.88333333 -0.0066666056 -0.14333333 0.95 1.2033333 -0.57666667 -0.4162041 -0.63666667 -0.95666667 -0.79333333 -0.87666667 -0.8766665 -1.0366667 -1.0366667 0.20000805 0.2 0.24 0.24 0.050000229 0.01 0.01 0.33 0.74 0.74 0.68666667 -0.55 -0.55 -0.33677656 -1.5433333 -0.59666667 -0.59666667 -0.86666667 -0.86678369 -1.9865863 -1.5866667 -1.5866667 -0.61058026 -0.17333333 -0.17333333 -1.0422483 -1.0433333 -1.0433326 -0.57516067 -0.56340738 -0.56333351 -0.56333336 -0.56333358 -0.0020245258 -1.5533333 -1.5533333 -1.5533333 -1.5533333
0.56332965 0.86333333 1.2418439 0.56333333 0.93 -0.46333333 -0.12 -0.34666667 -1.21 -1.21 -0.79333333 -0.71 -0.26333342 -1.0366667 0.23332953 0.23333333 0.2 0.39 0.31 0.31 -0.060689734 -0.14 -0.14 0.53333334 0.68666667 0.68666667 -0.55 -0.55 -0.33668065 -0.33692417 -0.52017377 -0.86666667 -0.86666667 -1.9866667 -1.9866667 -1.2435434 -1.5866667 -1.5866667 -1.3433418 -1.0433338 -1.0433333 -1.0433333 -1.0433273 -0.56333025 -0.56333333 -0.56333333 -0.56333333 -0.56333282 0.30333333 -1.5529654 -1.5533333 -1.5533333 -1.5533333
0.56333333 0.61 1.6766667 -0.8 -0.28669609 -1.26 -1.75 -0.81333335 -1.2833333 -0.6 -0.6 -0.55666667 -0.26333333 -0.26333333 0.22992574 0.67656839 0.72 -0.04 0.12333352 0.31 0.2618557 0.26666667 -0.04 -0.8 -0.79999488 -0.40333333 0.31333333 0.31333303 -0.57582567 -0.57666666 -0.52 -0.78428242 -1.6466667 -1.9866667 -1.9418884 -0.95666667 -0.95666667 -1.3433333 -1.3433333 -1.0433333 -1.0433333 -1.0433333 -0.013342661 -0.010000028 -0.56333333 -0.56333333 -0.56333333 0.30330034 0.30333333 0.30333333 -1.5533333 -1.5533333 -1.5533333
0.56296818 0.61000001 1.2933333 0.43333333 0.02 -0.49333333 -0.39333333 -0.68666667 -1.58 -1.1414093 -1.0733333 -0.59333334 -0.59333333 -0.11666667 -0.11666397 0.25463397 0.25333333 0.25333333 -0.015066909 0.65666657 0.21 0.21 0.45666667 0.15572816 -0.44330686 -0.40333333 0.0066666667 0.31333333 -0.02800489 -0.03 -0.54333333 -0.06 -0.1808827 -0.59666667 -0.41666667 -0.50333333 -0.73 -1.4433333 -0.6103848 -1.0420091 -0.74666667 -0.40666667 -0.010092253 -0.01 -0.01311446 -0.56333333 -0.21333335 0.30333333 0.30333333 0.30333333 0.30333333 -1.3981141 0.47333333
0.3 0.3 0.92 0.83666667 -0.036666667 -0.85333333 -0.95 -0.59 -0.64333333 -1.0300502 -1.1833333 -0.67 -0.11666667 -0.11666667 0.17 0.17114295 0.25333333 0.25318095 -0.51333333 0.65666667 0.65666667 0.59912105 0.45666667 -0.083323108 -0.083333333 -0.083333333 0.0066666667 0.06 0.06 -0.03 -0.03 -0.060455188 -0.3 -0.59666667 -0.36333333 -0.50333333 -0.73 -1.1333333 -0.61 -0.14105862 -0.40666668 -0.46911436 -0.57666667 -0.01 -0.01 -0.21333333 -0.21333333 -0.21333333 0.30333333 0.30333333 -0.30666667 -0.30666667 -0.30666637
0.3 0.3 0.47333333 -0.23333333 -0.64666667 -0.64666667 -1.1833333 -1.1932883 -1.12 -1.3433333 -0.61333333 -1.5733333 -0.67120178 0.17 0.17 0.17003345 0.46 0.4089149 -0.51333333 0.33333333 0.33333333 1.7666667 1.7666667 -0.083333333 -0.083333333 -0.083333333 0.06 0.06 0.06 0.10666667 0.10666667 0.106666 0.083333333 0.083333333 -0.68333333 -0.63 -0.41666667 -1.4733303 -0.13333333 -0.13333333 -0.13333333 -0.44000045 -0.57666667 -0.01 -0.1633335 -0.42 -0.5120413 -0.51333333 0.71 0.71 -0.30666667 -0.30666667 -0.30666667
0.3 0.37463606 0.17177346 -0.62997228 -0.14333333 -0.18333333 -1.1833333 -1.1933333 -1.1200006 -1.3408591 -1.573333 -1.5733333 0.063333333 0.17 0.17 0.45999999 0.46 0.4599446 -0.51333333 0.33333333 0.61481084 1.7666667 1.7666667 -0.083259888 -0.083333333 -0.082237601 -0.08 -0.08 -0.079999982 0.10666667 0.10666667 -0.066666667 -0.066666667 0.083331231 -0.68333333 -0.37000014 -0.52891433 -1.4733333 -1.4733333 -0.13333334 -0.44 -0.44 -0.43999802 -0.16333333 -0.16333333 -0.42 -0.51333333 -0.51333333 0.71 0.71 -0.30666667 -0.30666667 -0.30666667
-0.81333333 -0.44787054 -0.51665541 -0.51747717 -0.14333375 -0.18333239 -1.1833333 -1.1932102 -1.1250534 -1.1258318 0.063333333 0.063333333 0.063333333 0.063333333 0.16998489 0.46 0.46 0.44743272 -0.51333333 0.33342833 0.68 0.68 0.68 0.68 -0.070420282 -0.08 -0.08 -0.08 -0.08 -0.079923383 -0.066666667 -0.066666667 -0.066666667 -0.066666667 -0.37 -0.37 -0.37 -1.4197181 -1.4639952 -0.23 -0.23 -0.4399887 -0.36665971 -0.16335292 -0.16333333 -0.42 -0.51333333 -0.51333333 0.70999999 0.71 -0.30297831 -0.30666667 -0.6273613
-0.81333333 -0.51666667 -0.51666667 -0.51666667 -0.51666667 -0.51666653 -1.1807735 -1.1880554 -1.1385355 0.062053368 0.063333333 0.063333333 0.063333333 0.063333333 0.063333391 0.45999999 0.45999985 0.39323598 -0.51331591 0.68 0.68 0.68 0.68 0.68 0.6764662 -0.091536807 -0.19666664 -0.19666667 -0.19666667 -0.19666667 -0.06666666 -0.066666667 -0.06666627 0.26333333 0.26333333 -0.37 0.45636296 0.48 -0.22999959 -0.23 -0.23 -0.23 -0.36666667 -0.36666667 -0.36666667 -0.36703782 -0.74512913 -0.74666667 -0.74666667 -0.74666667 -0.74666664 0.15333324 0.15333333
0.11666667 -0.51666667 -0.51666667 -0.51666667 -0.51666667 -0.51666667 -0.5166667 -0.95122049 0.13295506 0.14 0.14 0.14 0.14 0.14 0.14 0.82912171 0.46599675 0.32671826 0.67985029 0.68 0.68 0.68 0.68 0.68000062 0.51666667 0.51666667 0.51666566 -0.19666667 -0.19666667 -0.19551193 0.38 0.38 0.26333333 0.26333333 0.26333333 0.44529239 0.48 0.48 0.48 -0.23 -0.23 -0.23 -0.36666667 -0.36666667 -0.36666667 -0.36666667 -0.74666665 -0.74666667 -0.74666667 -0.74666667 -0.74666667 0.15333333 0.15333333
0.11666667 -0.11911614 -0.51666667 -0.51666667 -0.51666667 -0.51666667 -0.36669611 -0.36666667 -0.36666665 0.14 0.14 0.14 0.14 0.14 0.29516025 0.84333333 0.84333333 0.84333333 1.215032 1.2166661 1.2166667 1.2166667 1.2166667 1.2166667 0.51666667 0.51666667 0.51666667 0.51666667 -0.19666667 0.38 0.38 0.38 0.26333334 0.26333333 0.26333333 0.54666667 0.48008827 0.48 0.48 -0.22989786 -0.026563921 0.44796763 -0.36666667 -0.36666667 0.18495905 0.18666667 0.18666667 -0.74498217 0.27309058 0.27666658 0.27666647 0.586601 0.15333421
0.11666667 -0.36990481 -0.44919386 -0.51666667 -0.51666667 -0.36675529 -0.36666667 -0.36666667 -0.36666667 -0.36301548 0.14 0.14 0.14 0.14000009 0.84333333 0.84333333 0.84333333 0.84333333 1.2163332 1.2166667 1.2166667 1.2166667 1.2166667 1.2166667 0.51666668 0.51666667 0.51666667 0.51666667 0.51616957 0.38 0.38 0.38 1.22 0.26338525 0.54666667 0.54666667 0.54666667 0.55226792 0.45191847 0.45 0.45 0.45 0.44666667 0.44666667 0.18666667 0.18666667 0.18666667 0.27666667 0.27666667 0.27666667 0.27666667 0.58666667 0.58666667
-0.38310394 -0.38333333 -0.38333333 -0.38333333 -0.39 -0.36666727 -0.36666667 -0.36666667 -0.36666667 -0.36666667 0.13671912 0.13999944 0.14 0.84333333 0.84333333 0.84333333 0.84333333 0.84333333 0.89469564 1.2166667 1.2166667 1.2166667 1.2166667 1.2166667 1.1639617 1.6133274 1.6133333 1.6133333 1.6133333 0.38000004 1.22 1.22 1.22 1.22 0.54666667 0.5466801 1.0566667 1.0566667 0.45757514 0.45 0.45 0.45 0.44666667 0.44666667 0.22692362 0.18666667 0.18666667 0.27666667 0.27666667 0.27666667 0.27999067 0.58666667 0.58666667
-0.38333333 -0.38333333 -0.38333333 -0.38647277 -0.39 -0.39 -0.36666667 -0.36666667 -0.36666667 -0.36666667 0.096666667 0.096666667 0.096666667 0.84333333 0.84333333 0.84333333 0.84333333 0.84335537 1.1933333 1.1933333 1.2166667 1.2166667 1.2200751 1.3566667 1.3589773 1.6133333 1.6133333 1.6133333 1.6133333 1.2200401 1.22 1.22 1.22 1.22 1.0566649 1.0566667 1.0566667 1.0566667 1.0545598 0.45 0.45 0.45 0.44666667 0.44666667 0.44666667 0.18666667 0.18666667 0.27666668 0.27666667 0.27666667 0.58666667 0.58666667 0.58666667
-0.38333333 -0.38333333 -0.38333333 -0.39 -0.39 -0.39 -0.38999996 -0.36666667 -0.36666667 0.096188373 0.096666667 0.096666667 0.096666667 0.097131876 0.95125632 0.97666667 0.97666667 0.97666667 1.1933333 1.1933333 1.1933333 1.3566667 1.3566667 1.3566667 1.3566293 1.4087689 1.6133333 1.6133333 1.6133333 1.6708968 1.7632799 1.7633333 1.7633333 1.7633333 1.2513711 1.5233323 1.5233333 1.5233333 1.5233333 0.95326446 0.95333333 0.95333333 0.44666667 0.44666667 0.83999836 0.84000012 1.19 1.19 0.97333333 0.97333333 0.97333333 0.58666667 1.0695678
-0.38333176 -0.38333333 -0.38333333 -0.39 -0.39 -0.39 -0.39 -0.29666669 -0.36638678 0.096452063 0.096666667 0.096666667 0.096666667 0.098393469 0.97666667 0.97666667 0.97666667 0.97666673 1.1933333 1.1933333 1.1933333 1.3566667 1.3566667 1.3566667 1.2233333 1.2233333 1.5133333 1.5133333 1.5133333 1.5146972 1.7633333 1.7633333 1.7633333 1.7633333 1.6433992 1.5233333 1.5233333 1.5233333 1.5233333 0.95333333 0.95333333 0.95333333 0.94976743 0.84 0.84 0.84 1.19 1.19 0.97333333 0.97333333 0.97333333 1.07 1.07
0.12333333 -0.096043575 0.25333333 0.25314669 -0.39 -0.29720669 -0.29666667 -0.29666667 -0.14848602 -0.13999999 -0.14 -0.14 -0.14 0.43331467 0.43333334 0.97666625 0.97666667 0.98237551 1.1933333 1.1933333 1.1933333 0.97333333 0.97333333 0.97333333 1.2233333 1.2233333 1.5133333 1.5133333 1.5133333 1.5133334 1.6133343 1.6133338 1.7595633 1.7631725 1.2272803 1.2266667 1.2266667 1.2266667 1.2266667 0.95333333 0.95333333 0.95333333 0.84624031 0.84 0.84 0.83999985 1.19 1.19 1.1899922 0.97333333 0.97332305 0.74333333 1.07
0.54991897 0.54999995 0.25333333 0.25333333 0.25333333 -0.29666667 -0.29666667 -0.29666667 0.11 0.11 -0.14 -0.14 -0.14 0.43333333 0.43333333 0.43333333 0.43333333 0.43341974 1.1933333 1.1933333 1.1933333 0.97333333 0.97333333 0.97333333 1.2233333 1.2233333 1.5133333 1.5133333 1.5133333 1.6122058 1.6133333 1.6133333 1.6133333 1.6133333 1.2268575 1.2266667 1.2266667 1.2266667 1.2266667 0.68000007 0.68 0.68 0.68 0.83999345 -0.013333333 -0.013333333 -0.013333333 0.49 0.49 0.49 0.74333333 0.74333333 0.74333333
0.55 0.55 0.25333333 0.25333333 0.25333333 -0.29377577 -0.29666667 0.11 0.11 0.11 -0.13996922 -0.14 -0.19719873 0.43333319 0.43333333 0.43333333 0.43333333 0.26666667 0.26666667 0.26666667 0.61000001 0.61000027 0.97333156 0.97333333 0.97342527 1.01 1.01 1.0100012 1.513252 1.4367019 1.4366676 1.4366975 1.6130314 1.6131809 1.2954189 1.2266662 1.2229468 0.11666667 0.11666667 0.68 0.68 0.68 0.68 -0.013333333 -0.013333333 -0.013333333 -0.013333333 0.49 0.49 0.49 0.74333333 0.74333333 0.74333333
0.55 0.55 0.25333333 0.25333333 0.25333333 0.25333333 -0.14446321 0.11 0.11 0.11 0.10982324 -0.21 -0.21 -0.21 0.42954202 0.43333333 0.26777729 0.26666667 0.26666667 0.26666667 0.61 0.61 0.61 0.61 1.01 1.01 1.01 1.01 1.01 1.4366667 1.4366667 1.4366667 1.4366667 1.4366673 1.72 0.11666667 0.11666667 0.11666667 0.11666667 0.11666626 -0.1 -0.1 -0.1 0.026909561 0.29 0.29 0.29 0.48999999 0.48999983 0.31666667 0.31666667 0.77999108 0.78
0.55 0.55 0.36040917 0.25333333 0.25333333 0.25333333 0.19651287 0.11027313 0.11 0.11 -0.2099999 -0.21 -0.21 -0.21 -0.21 -0.15719713 0.26666667 0.26666667 0.26666667 0.26666667 0.60999734 0.61 0.61 0.61 1.01 1.01 1.01 1.01 1.01 1.205127 1.4366667 1.4366667 1.4366667 1.72 1.72 1.718755 0.11666667 0.11666667 0.4956042 0.78999994 -0.1 -0.1 -0.1 0.026369744 0.29 0.29 0.29 0.65 0.32081997 0.31666667 0.31666667 0.78 0.78
0.52666667 0.52666667 0.52666667 0.32186551 0.25386764 0.19666667 0.19666667 0.19666667 0.19666667 0.27333333 0.27333333 -0.20999997 -0.21 -0.21 -0.21 -0.20996978 0.26666667 0.26666667 0.26666667 0.26666667 0.46018047 0.61 0.61 0.59979354 0.25517781 1.01 1.01 1.01 1.1233333 1.1233333 1.1233333 1.1233346 1.72 1.72 1.72 1.72 0.79 0.79 0.79 0.79 0.15 0.15 0.15 0.59332442 0.59333333 0.59333333 0.59333324 0.65 0.65 0.31707282 0.31666667 0.78000007 0.78
0.52666667 0.52666667 0.52666667 0.52667187 0.62333333 0.56128899 0.19666667 0.19666667 0.19666667 0.27333333 0.27333333 0.27333333 0.093333321 0.093333333 0.093333333 0.093333333 0.2666972 0.26666667 0.26666667 0.26666667 0.27185153 0.22000107 0.22 0.22 0.22 0.22000001 0.18666667 0.18666667 1.1233333 1.1233333 1.1233333 1.1233333 1.7199999 1.72 1.72 1.7199864 0.79000002 0.79 0.79 0.79228115 0.15 0.15 0.15 0.59331277 0.59333333 0.59333333 0.59333333 0.65 0.65 0.65000002 0.79333333 0.79333333 0.59333333
0.52666667 0.52666667 0.52666667 0.62333311 0.62333333 0.62333333 0.19666683 0.19666667 0.19666667 0.27333333 0.27333333 0.27333333 0.093333333 0.093333333 0.093333333 0.10780365 0.28333333 0.28333333 0.28333329 0.2667608 0.22 0.22 0.22 0.22 0.22 0.21997491 0.18666667 0.18666667 0.18666667 1.1233333 1.1233333 1.1231767 1.5533333 1.5533333 1.5533333 1.1833333 1.1833333 1.31 1.31 1.31 1.47 0.15041405 0.15000813 1.24 1.24 1.2154921 0.59333514 0.65 0.65 0.79333333 0.79333333 0.79333333 0.59333333
0.52666667 0.52666667 0.52666667 0.62333333 0.62333333 0.62333333 0.62333333 0.19666667 0.19666667 0.27333333 0.27333333 0.10053074 0.093333333 0.093333333 0.093333333 0.28333333 0.28333333 0.28333333 0.28333333 0.28333333 0.22 0.22 0.22 0.22 0.22 0.18666678 0.18666667 0.18666667 0.18666667 0.88 0.88 0.88 1.5533333 1.5533333 1.5533333 1.1833333 1.1833333 1.31 1.31 1.47 1.47 1.47 1.24 1.24 1.24 1.24 1.2383571 1.22 1.22 1.22 0.79333334 0.96 0.96
0.52666667 0.52666667 0.52680128 0.62333333 0.62333333 0.62333333 0.62333333 0.6963209 0.7 0.69926747 0.27333333 0.09333138 0.093333333 0.093333333 0.093333991 0.28333333 0.28333333 0.28333333 0.28333333 0.28333333 0.03779718 0.22 0.22 0.22 0.21997597 0.18666198 0.18666667 0.18666667 0.18666667 0.88 0.88 0.88 0.88009365 1.5533333 1.1833333 1.1833333 1.1833333 1.1833387 1.3100109 1.47 1.47 1.47 1.240014 1.24 1.24 1.24 1.2200001 1.22 1.22 1.22 0.96 0.96 0.96
0.46 0.46000012 0.62327673 0.62333333 0.62333333 0.62333333 0.69998369 0.7 0.7 0.7 0.070000016 0.07 0.07 0.07 0.28234872 0.28333333 0.28333333 0.28333333 0.28333333 0.030000151 0.03 0.03 0.10333335 0.10333333 0.10333333 0.10333333 0.11052607 0.18666667 0.44665602 0.44666667 0.44666667 0.44666667 0.44666667 1.34 1.34 1.34 1.34 1.34 1.7333333 1.7333333 1.7333333 1.7333333 1.7333333 1.2266868 1.2266667 1.2266667 1.2266667 1.22 1.22 1.22 0.96004096 0.96 0.96
