interpolatedSpi/06-06|20_2.tif
NCOLS 53
NROWS 52
XLLCORNER -116.03883
YLLCORNER 28.596182
DX 0.49850594
DY 0.49788537
NODATA_VALUE -9999
1.765 1.765 0.87711112 0.395 0.78 0.93 1.615 1.025 0.49361821 0.265 0.185 0.145 -0.24993289 0.565 -0.025 -0.025 -0.025 0.72 0.87 0.87 0.87 0.87000491 1.38 -0.01 -0.01 -0.01 1.1849994 1.185 1.185 0.34 0.34 0.34 0.34 1.4749998 1.475 1.475 1.475 1.475 1.475 1.475 1.8657892 1.8696015 0.305 0.305 0.305 0.305 0.30455083 0.03 0.03 0.03 0.75499849 0.755 0.755 
1.7649536 0.72 1.3200009 1.329623 1.3149311 1.59 1.27 1.1757607 0.55 0.36 -0.075 -0.25 -0.25 0.55503334 0.56499467 -0.025 0.72 0.72 0.86980442 0.87 0.87 0.87 -0.010526371 -0.01 -0.01 -0.01 -0.35499998 -0.355 0.34 0.34 0.34 0.34 0.34 1.4749998 1.475 1.475 1.475 1.475 1.4749999 1.2249522 0.0050539873 0.26859741 0.305 0.305 0.305 0.305 0.305 0.03 0.03 0.03 0.090117694 0.755 0.755 
2.0649703 2.065 2.06 1.965 1.57 1.495 1.155 0.655 0.315 0.285 0.26 -1.13 -0.395 -0.58 0.555 0.865 0.72 0.72 0.72 1.0949346 1.095 1.095 -0.02 -0.01 -0.01 -0.01 -0.355 -0.355 -0.355 0.34 0.34 0.33999996 -0.057155056 1.4701169 1.4600609 -0.11529263 -0.13 -0.13 -0.11302056 0.0049999991 0.0049999999 0.005383624 0.305 0.305 0.305 0.305 0.305 0.03 0.03 0.03 0.030000001 0.755 0.755 
1.53 2.0649999 1.3950322 1.46 0.75 1.28 2.16 0.345 0.84 0.061599624 -0.22 -0.365 -0.61 -0.58 0.62 0.865 0.095929487 0.090441414 0.435 1.095 1.095 -0.335 -0.02 -0.02 -0.01 -0.010001723 -0.355 -0.355 -0.355 -1.225 -0.81897848 -0.485 -0.485 -0.48499972 -0.13 -0.13 -0.13 -0.13 0.005 0.005 0.005 0.0050000113 0.305 0.305 0.305 0.305 0.305 0.030003469 0.03 0.03 0.03 0.75495754 0.755 
1.53 0.78000113 1.395 1.5786303 0.75 1.49 0.85501511 1.055 0.515 0.39000028 0.068247594 -0.084943421 0.31 0.62 0.62 0.77175278 0.09 0.09 0.435 0.435 1.094997 -0.335 -0.295 -0.03 -0.35 -0.35005145 -0.355 -0.355 -1.225 -1.225 -0.485 -0.485 -0.485 -0.44068519 -0.13 -0.13 -0.13 0.005 0.005 0.005 0.005 0.0049893818 0.30499999 0.305 0.305 0.305 0.305 0.30255216 0.03 0.029974217 -0.545 -0.545 -0.545 
-0.48 1.075 1.03 1.12 1.22 1.5 1.43 1.3819893 1.35 0.84 0.76 0.17 0.17000009 -0.175 -0.175 0.12498793 0.125 0.065 0.065000001 0.43499919 -1.325 -1.325 -0.03 -0.35 -0.35 -0.57 -1.445 -1.445 -0.39007584 -1.225 -0.485 -0.485 -0.25 -0.24995141 0.2149664 -0.765 -0.765 -0.23321708 0.005 0.005 -0.10486281 -0.105 -0.10500016 -0.31879051 -0.32992982 -0.32999983 -0.32999998 -0.32999978 -1.5189865 -0.545 -0.545 -0.545 -0.545 
0.10999877 0.595 0.36674245 1.105 1.91 1.17 0.81 1.27 1.38 1.38 0.76 0.795 -0.50499993 -0.175 0.074999251 0.075 0.125 -0.295 -0.48 -0.48 -1.1247124 -0.9 -0.9 -1.315 -0.57 -0.57 -1.445 -1.445 -0.39000087 -0.39001609 0.33271563 -0.25 -0.25 0.215 0.215 -1.0400432 -0.765 -0.765 -1.1949851 -0.10500152 -0.105 -0.105 -0.10500088 -0.32999877 -0.33 -0.33 -0.33 -0.33000084 -1.74 -0.54523682 -0.545 -0.545 -0.545 
0.11 -0.15 0.625 -0.045 -0.38498051 0.43 0.455 0.67500001 0.83 0.95 0.95 -0.33 -0.505 -0.505 0.071020662 -0.18001195 -0.205 -0.025 -0.62499985 -0.48 -1.7010856 -1.71 -1.635 -1.405 -1.4049942 -0.955 -1.76 -1.7599999 -0.40494744 -0.40499999 0.335 0.68418682 0.735 0.215 0.19147001 -1.27 -1.27 -1.195 -1.195 -0.105 -0.105 -0.105 -0.11044963 -0.11000001 -0.33 -0.33 -0.33 -1.7399463 -1.74 -1.74 -0.545 -0.545 -0.545 
-0.095382406 -0.14999999 0.115 0.08 0.44 0.385 0.74 1.78 1.385 1.2215253 -0.05 0.17 0.17 -0.57 -0.56999252 -0.29474916 -0.295 -0.295 -0.11659092 -1.47 -1.605 -1.605 -1.805 -1.7019942 -1.0003481 -0.955 -1.285 -1.76 -0.9199103 -0.915 0.67 1 0.60715033 -0.965 -0.61 -0.845 -0.77 -0.72 -0.89991688 -0.10529015 -0.17 -0.185 -0.10997314 -0.11 -0.11123828 -0.33 -1.3499999 -1.74 -1.74 -1.74 -1.74 -0.75417249 -0.975 
0.21 0.21 0.26 -0.17 0.5 1.085 0.67 1.415 1.65 1.180042 0.645 0.04 -0.57 -0.57 0.225 0.21786797 -0.295 -0.29505646 -0.6 -1.47 -1.47 -1.4873925 -1.805 -1.3450087 -1.345 -1.345 -1.285 -0.36 -0.36 -0.915 -0.915 0.99852064 0.22 -0.965 -0.43 -0.845 -0.77 -0.925 -0.9 0.31990328 -0.185 -0.096838546 0.055 -0.11 -0.11 -1.35 -1.35 -1.35 -1.74 -1.74 -2.225 -2.225 -2.2249995 
0.21 0.21 -0.23 -0.41 -0.225 0.32 0.25500001 0.93008828 1.125 1.03 0.53 -0.385 0.039433296 0.225 0.225 0.22497058 -0.03 -0.059916274 -0.6 -0.32 -0.32 -0.735 -0.735 -1.345 -1.345 -1.345 -0.36 -0.36 -0.36 -1.305 -1.305 -1.3049975 -0.305 -0.305 -0.455 -0.89 -0.565 -0.76500302 -1.665 0.34 0.34 0.11999979 0.055 -0.11 -1.1199998 -1.165 -0.88700265 -0.885 -1.695 -1.695 -2.225 -2.225 -2.225 
0.21 0.019929152 -0.30681242 -0.72498654 -0.17 -0.315 0.255 0.93 1.1249984 1.0310525 -0.38499816 -0.385 0.105 0.225 0.225 -0.029999992 -0.03 -0.030032441 -0.6 -0.32 -0.40149756 -0.735 -0.735 -1.344975 -1.345 -1.2414533 -1.03 -1.03 -1.0299999 -1.305 -1.305 -1.085 -1.085 -0.30500041 -0.455 -0.70999987 -0.6539965 -0.765 -0.765 0.33999999 0.12 0.12 0.11999102 -1.12 -1.12 -1.165 -0.885 -0.885 -1.695 -1.695 -2.225 -2.225 -2.225 
0.795 1.1034942 1.2199394 1.2059124 -0.17000073 -0.31499658 0.25499998 0.92169115 1.1115625 1.1225193 0.105 0.105 0.105 0.105 0.224983 -0.03 -0.03 -0.037359608 -0.6 -0.31998154 -0.25 -0.25 -0.25 -0.25 -1.3262138 -1.03 -1.03 -1.03 -1.03 -1.0302545 -1.085 -1.085 -1.085 -1.085 -0.71 -0.71 -0.71 -0.76276223 -0.76402363 -0.635 -0.635 0.11995939 -1.2999938 -1.1200173 -1.12 -1.165 -0.885 -0.885 -1.695 -1.695 -2.2230772 -2.225 -1.3742421 
0.795 1.22 1.22 1.22 1.22 1.2199994 0.25354096 0.57441018 1.0757125 0.10609615 0.105 0.105 0.105 0.105 0.10500021 -0.029999996 -0.03000009 -0.06909811 -0.59999093 -0.25 -0.25 -0.25 -0.25 -0.25 -0.27183605 -1.2515667 -1.3699999 -1.37 -1.37 -1.37 -1.085 -1.085 -1.0850003 -1.325 -1.325 -0.71 -0.6273637 -0.625 -0.63499999 -0.635 -0.635 -0.635 -1.3 -1.3 -1.3 -1.2990605 -2.007706 -2.015 -2.015 -2.015 -2.015 -1.1500002 -1.15 
0.795 1.22 1.22 1.22 1.22 1.22 1.2199999 0.14451894 0.39812878 0.395 0.395 0.395 0.395 0.395 0.395 -0.52600608 -0.038223491 -0.10805215 -0.25004382 -0.25 -0.25 -0.25 -0.25 -0.25000033 -1.26 -1.26 -1.2600002 -1.37 -1.37 -1.3701201 -1.43 -1.43 -1.325 -1.325 -1.325 -0.73713233 -0.625 -0.625 -0.625 -0.635 -0.635 -0.635 -1.3 -1.3 -1.3 -1.3 -2.015 -2.015 -2.015 -2.015 -2.015 -1.15 -1.15 
0.795 0.95322267 1.22 1.22 1.22 1.22 -0.52965653 -0.53 -0.52999998 0.395 0.395 0.395 0.395 0.395 0.18762942 -0.545 -0.545 -0.545 -0.53413223 -0.53499971 -0.535 -0.535 -0.535 -0.535 -1.26 -1.26 -1.26 -1.26 -1.37 -1.43 -1.43 -1.43 -1.325 -1.325 -1.325 -0.52 -0.62486098 -0.625 -0.625 -0.63507339 -0.78159365 -1.1235355 -1.3 -1.3 -1.230216 -1.23 -1.23 -2.0123533 -0.41062622 -0.40500014 -0.40500031 -0.37511731 -1.1499984 
0.795 0.56631164 0.88600962 1.22 1.22 -0.52896602 -0.53 -0.53 -0.53 -0.52333418 0.395 0.395 0.395 0.39499989 -0.545 -0.545 -0.545 -0.545 -0.53500893 -0.535 -0.535 -0.535 -0.535 -0.535 -1.26 -1.26 -1.26 -1.26 -1.2606183 -1.43 -1.43 -1.43 -0.68500002 -1.3249027 -0.52 -0.52 -0.52 -0.51714975 -1.0933196 -1.125 -1.125 -1.125 -1.205 -1.205 -1.23 -1.23 -1.23 -0.40500001 -0.405 -0.405 -0.405 -0.375 -0.375 
0.56029443 0.56 0.56 0.55999999 -0.305 -0.5299942 -0.53 -0.53 -0.53 -0.53 0.37190865 0.39499603 0.39499999 -0.545 -0.545 -0.545 -0.545 -0.545 -0.59692831 -0.535 -0.535 -0.535 -0.535 -0.535 -0.76018056 -0.57000374 -0.57 -0.57 -0.57 -1.43 -0.68500001 -0.685 -0.685 -0.685 -0.52 -0.51999315 -0.26 -0.26 -1.1141992 -1.125 -1.125 -1.125 -1.205 -1.205 -1.2261291 -1.23 -1.23 -0.405 -0.405 -0.405 -0.40467832 -0.375 -0.375 
0.56 0.56 0.56 0.1526586 -0.305 -0.305 -0.53 -0.53 -0.53 -0.53 0.09 0.09 0.09 -0.545 -0.545 -0.545 -0.545 -0.54505371 -1.38 -1.38 -0.53500034 -0.535 -0.54352103 -0.885 -0.88216419 -0.57 -0.57 -0.57 -0.57 -0.68498829 -0.685 -0.685 -0.685 -0.685 -0.26000091 -0.26 -0.26 -0.26 -0.26304086 -1.125 -1.125 -1.125 -1.205 -1.205 -1.205 -1.23 -1.23 -0.405 -0.405 -0.405 -0.375 -0.375 -0.375 
0.56 0.56 0.56 -0.305 -0.305 -0.305 -0.30500034 -0.53 -0.53 0.089359982 0.09 0.09 0.09 0.089604361 -0.80806228 -0.87 -0.87 -0.87 -1.38 -1.38 -1.38 -0.885 -0.885 -0.885 -0.88502801 -0.78767759 -0.57 -0.57 -0.57 -0.19446179 -0.085059012 -0.085 -0.085 -0.085 -0.24938878 -0.23500006 -0.235 -0.235 -0.235 -0.36010467 -0.36 -0.36 -1.205 -1.205 0.10499453 0.10500018 0.605 0.605 0.54 0.54 0.54 -0.375 0.32936964 
0.56000113 0.56 0.55999997 -0.305 -0.305 -0.305 -0.305 -0.16500011 -0.52854059 0.090099746 0.09 0.09 0.09 0.088116216 -0.87 -0.87 -0.87 -0.87000015 -1.38 -1.38 -1.38 -0.885 -0.885 -0.885 -0.985 -0.985 -0.77 -0.77 -0.77 -0.76626311 -0.085 -0.085 -0.085 -0.085 -0.15995887 -0.235 -0.235 -0.235 -0.235 -0.36 -0.36 -0.36 -0.34536932 0.105 0.105 0.105 0.605 0.605 0.54 0.54 0.54 0.33000001 0.33 
0.925 0.72616502 -0.355 -0.35498549 -0.305 -0.16581004 -0.165 -0.165 -0.073905343 0.2 0.2 0.2 0.2 -1.0449595 -1.045 -0.87000013 -0.87 -0.88343775 -1.38 -1.38 -1.38 -1.255 -1.255 -1.255 -0.985 -0.985 -0.77 -0.77 -0.77 -0.76999967 -0.31999851 -0.31999934 -0.090906372 -0.085251936 -0.55446254 -0.555 -0.555 -0.555 -0.555 -0.36 -0.36 -0.36 0.079395632 0.105 0.105 0.10499998 0.605 0.605 0.60499766 0.54 0.53997787 0.045 0.33 
0.36510635 0.36499988 -0.355 -0.355 -0.355 -0.165 -0.165 -0.165 0.085 0.085 0.2 0.2 0.2 -1.045 -1.045 -1.045 -1.045 -1.0450365 -1.38 -1.38 -1.38 -1.255 -1.255 -1.255 -0.985 -0.985 -0.77 -0.77 -0.77 -0.32507378 -0.32 -0.32 -0.32 -0.32 -0.55488404 -0.555 -0.555 -0.555 -0.555 -0.37999999 -0.38 -0.38 -0.38 0.10499935 0.02 0.02 0.02 0.47 0.47 0.47 0.045 0.045 0.045 
0.365 0.365 -0.355 -0.355 -0.355 -0.16599867 -0.165 0.085 0.085 0.085 0.19998584 0.2 -0.49864164 -1.0449999 -1.045 -1.045 -1.045 -1.005 -1.005 -1.005 -1.07 -1.0700001 -1.2549991 -1.255 -1.2545863 -0.685 -0.685 -0.6850002 -0.76998626 -0.090045836 -0.090001224 -0.090040155 -0.31960691 -0.31980151 -0.51299591 -0.55500014 -0.55618969 -0.91 -0.91 -0.38 -0.38 -0.38 -0.38 0.02 0.02 0.02 0.02 0.47 0.47 0.47 0.045 0.045 0.045 
0.365 0.365 -0.355 -0.355 -0.355 -0.355 -0.071432303 0.085 0.085 0.085 0.084591238 -0.655 -0.655 -0.655 -1.0427016 -1.045 -1.0052666 -1.005 -1.005 -1.005 -1.07 -1.07 -1.07 -1.07 -0.685 -0.685 -0.685 -0.685 -0.685 -0.09 -0.09 -0.09 -0.09 -0.089999684 0.06 -0.91 -0.91 -0.91 -0.91 -0.91000024 -1.07 -1.07 -1.07 -0.75922871 -0.115 -0.115 -0.115 0.46999998 0.46999957 0.025 0.025 0.40491242 0.405 
0.365 0.365 -0.095130558 -0.355 -0.355 -0.35500002 -1.1727641 0.081029176 0.084999999 0.084999998 -0.65500011 -0.655 -0.655 -0.655 -0.655 -0.68701911 -1.005 -1.005 -1.005 -1.005 -1.0699995 -1.07 -1.07 -1.07 -0.685 -0.685 -0.685 -0.685 -0.685 -0.54815298 -0.09 -0.09 -0.09 0.06 0.06 0.059246771 -0.91 -0.91 -0.68488859 -0.51000004 -1.07 -1.07 -1.07 -0.76304225 -0.115 -0.115 -0.115 0.205 0.027242782 0.025 0.025 0.405 0.405 
-0.54 -0.54 -0.54 -0.40138459 -0.35612576 -1.175 -1.175 -1.175 -1.175 -1.185 -1.185 -0.65500004 -0.655 -0.655 -0.655 -0.65502218 -1.005 -1.005 -1.005 -1.005 -1.0416361 -1.07 -1.07 -1.0658127 -0.89998101 -0.685 -0.685 -0.685 -0.71 -0.71 -0.71 -0.7099974 0.06 0.06 0.06 0.06 -0.51 -0.51 -0.51 -0.51 -0.59 -0.59 -0.59 -0.075010354 -0.075 -0.075 -0.075000013 0.205 0.205 0.02521932 0.025 0.40499902 0.405 
-0.54 -0.54 -0.54 -0.54003123 -1.12 -1.1279979 -1.175 -1.175 -1.175 -1.185 -1.185 -1.185 -0.605 -0.605 -0.605 -0.60500002 -1.0055129 -1.005 -1.005 -1.005 -1.0059769 -0.91000044 -0.91 -0.91 -0.91 -0.91000001 -1.175 -1.175 -0.71 -0.71 -0.71 -0.71 0.05999982 0.06 0.06 0.059979637 -0.50999999 -0.51 -0.51 -0.50918844 -0.59 -0.59 -0.59 -0.075023882 -0.075 -0.075 -0.075 0.205 0.205 0.205 0.21 0.21 0.405 
-0.54 -0.54 -0.54 -1.1199987 -1.12 -1.12 -1.175 -1.175 -1.175 -1.185 -1.185 -1.185 -0.605 -0.605 -0.605 -0.65678849 -1.285 -1.285 -1.2849993 -1.0065815 -0.91 -0.91 -0.91 -0.91 -0.91 -0.91019943 -1.175 -1.175 -1.175 -0.71 -0.71 -0.71000965 -0.19 -0.19 -0.19 -0.525 -0.525 -0.325 -0.325 -0.325 -0.075 -0.58983846 -0.58999534 0.035 0.035 0.030831125 -0.074999235 0.205 0.205 0.21 0.21 0.21 0.405 
-0.54 -0.54 -0.54 -1.12 -1.12 -1.12 -1.12 -1.175 -1.175 -1.185 -1.185 -0.62819163 -0.605 -0.605 -0.605 -1.285 -1.285 -1.285 -1.285 -1.285 -0.91 -0.91 -0.91 -0.91 -0.91 -1.1749991 -1.175 -1.175 -1.175 -0.725 -0.725 -0.725 -0.19 -0.19 -0.19 -0.525 -0.525 -0.325 -0.325 -0.075 -0.075 -0.075 0.035 0.035 0.035 0.035 0.037875157 0.07 0.07 0.07 0.21 0.31 0.31 
-0.54 -0.54 -0.54080768 -1.12 -1.12 -1.12 -1.12 -1.3580029 -1.37 -1.3696824 -1.185 -0.60503937 -0.605 -0.605 -0.60500235 -1.285 -1.285 -1.285 -1.285 -1.285 -1.3319794 -0.91 -0.91 -0.91 -0.91010195 -1.1750129 -1.175 -1.175 -1.175 -0.725 -0.725 -0.725 -0.72492638 -0.19 -0.525 -0.525 -0.525 -0.5249916 -0.32498295 -0.075 -0.075 -0.075 0.034993322 0.035 0.035 0.035 0.069999947 0.07 0.07 0.07 0.31 0.31 0.31 
-0.335 -0.33500036 -1.1196672 -1.12 -1.12 -1.12 -1.3699468 -1.37 -1.37 -1.37 -1.075 -1.075 -1.075 -1.075 -1.2840307 -1.285 -1.285 -1.285 -1.285 -1.35 -1.35 -1.35 -1.4049999 -1.405 -1.405 -1.405 -1.385148 -1.175 -1.1650004 -1.165 -1.165 -1.165 -1.165 -0.29 -0.29 -0.29 -0.29 -0.29 -0.04 -0.04 -0.04 -0.04 -0.04 0.064954777 0.065 0.065 0.065 0.07 0.07 0.07 0.30996219 0.31 0.31 
-0.335 -0.335 -0.3401493 -0.95000034 -0.95000004 -0.95040954 -1.37 -1.37 -1.37 -1.37 -1.075 -1.075 -1.075 -1.075 -1.075 -1.285 -1.285 -1.285 -1.35 -1.35 -1.35 -1.35 -1.405 -1.405 -1.405 -1.405 -1.405 -1.4049511 -1.1649768 -1.165 -1.165 -1.165 -1.1649907 -0.32117959 -0.29003229 -0.29 -0.29 -0.29 -0.04 -0.04 -0.04 -0.04 -0.039999999 0.065 0.065 0.065 0.065 0.067338098 0.07 0.62869633 0.635 0.04 0.04 
-0.335 -0.335 -0.9499221 -0.95 -0.95 -0.95 -1.0566782 -1.37 -1.37 -1.37 -1.075 -1.075 -1.075 -1.075 -1.075 -1.2848406 -1.285 -1.3499809 -1.35 -1.35 -1.35 -1.35 -1.3846249 -1.405 -1.405 -1.405 -1.405 -1.4047877 -1.105 -1.105 -1.105 -1.105 -1.105 -0.345 -0.345 -0.345 -0.345 -0.345 0.25 0.25 0.25 0.25 0.25 0.066916708 0.065000401 0.065000003 0.065133064 0.081093164 0.635 0.635 0.635 0.040003333 0.04 
-0.33500022 -0.45266048 -0.94999993 -0.95 -0.95 -0.95 -0.95 -1.3698212 -1.37 -1.37 -1.075 -1.075 -1.075 -1.075 -1.3096693 -1.315 -1.315 -1.3499991 -1.35 -1.35 -1.35 -1.35 -1.35 -1.405 -1.405 -1.405 -1.405 -1.4199997 -1.4199999 -1.3529603 -1.105 -1.105 -1.105 -0.345 -0.345 -0.345 -0.345 -0.34541653 0.25 0.25 0.25 0.25 0.24999157 0.85 0.85 0.85 0.85 0.84998266 0.635 0.635 0.635 0.6349998 0.30602359 
-0.455 -0.455 -0.54277299 -0.95 -0.95 -0.95 -0.95 -0.95 -1.3698195 -0.79500001 -0.795 -0.795 -0.7956645 -1.3149997 -1.315 -1.315 -1.315 -1.315 -1.3500017 -1.364873 -1.495 -1.495 -1.495 -1.4729242 -1.4202069 -1.5015762 -1.5701359 -1.42 -1.42 -1.42 -1.42 -1.42 -1.4045599 -0.96123453 -0.96 -0.96 -0.96 -0.96 0.22933567 0.1400002 0.14 0.14 0.14 0.510001 0.84999991 0.85 0.85 1.09 0.63500729 0.635 0.635 0.31 0.31 
-0.455 -0.455 -0.43 -0.43 -0.43 -0.94982678 -0.95 -0.95 -0.795 -0.795 -0.795 -0.795 -0.795 -1.315 -1.315 -1.315 -1.315 -1.315 -1.495 -1.495 -1.495 -1.495 -1.495 -1.595 -1.595 -1.595 -1.595 -1.42 -1.42 -1.42 -1.42 -1.42 -1.07 -1.07 -0.96 -0.96 -0.96 -0.68504683 -0.685 0.14 0.14 0.14 0.14000005 0.51 0.51 0.51 1.09 1.09 1.09 0.42 0.42 0.31 0.31 
-0.455 -0.455 -0.43 -0.43 -0.43 -0.43 -0.430002 -0.795 -0.795 -0.795 -0.795 -0.795 -0.795 -1.3085135 -1.315 -1.315 -1.315 -1.315 -1.495 -1.495 -1.495 -1.495 -1.495 -1.595 -1.595 -1.595 -1.595 -1.5949993 -1.42 -1.42 -1.42 -1.0700184 -1.07 -1.07 -1.07 -0.96 -0.685 -0.685 -0.685 -0.6632927 0.40976271 0.46 0.46 0.51 0.51 0.51 1.09 1.09 1.09 0.42 0.42 0.42 -0.079458032 
0.23 0.22999462 -0.43 -0.43 -0.43 -0.43 -0.795 -0.795 -0.795 -0.795 -0.795 -0.795 -0.795 -0.79516165 -1.315 -1.315 -1.315 -1.315 -1.4949967 -1.495 -1.495 -1.495 -1.5773735 -1.595 -1.595 -1.595 -1.595 -1.6999999 -1.7 -1.7 -1.4229921 -1.07 -1.07 -1.07 -1.0699991 -0.17500001 -0.685 -0.685 -0.685 -0.68499999 0.46 0.46 0.46 0.905 0.905 0.905 1.0750015 1.09 1.09 0.42 0.42 0.42 -0.11999946 
0.23 0.23 -0.43 -0.43 -0.43 -0.795 -0.795 -0.795 -0.795 -0.79500165 -0.795 -0.795 -0.795 -0.7950017 -1.0350322 -1.035 -1.035 -1.035 -0.89239684 -1.1 -1.1 -1.1 -1.1 -1.595 -1.595 -1.595 -1.5950069 -1.7 -1.7 -1.7 -1.7 -1.0699263 -0.56658839 -0.175 -0.175 -0.175 -0.6818439 0.15998241 0.16 0.16 0.4602859 0.82499999 0.825 0.905 0.905 0.90500072 1.075 1.075 0.06 0.06 0.06 0.07 0.075 
0.23 0.23 -0.305 -0.305 -0.305 -0.795 -0.795 -0.795 -0.795 -0.85 -0.85 -0.85 -0.85 -0.86303738 -1.035 -1.035 -1.035 -1.035 -0.885 -1.1 -1.1 -1.1 -1.1 -2.255 -2.2549997 -1.595001 -1.7 -1.7 -1.7 -1.7 -1.188662 -0.69 -0.23627794 -0.175 -0.175 -0.175 0.16 0.16 0.16 0.16 0.825 0.825 0.825 1.1548959 1.155 1.0753596 1.075 1.075 0.060000909 0.06 0.07 0.07 0.075 
0.23 -0.305 -0.305 -0.305 -0.305 -0.305 -0.79616443 -0.945 -0.945 -0.85 -0.85 -0.85 -0.85 -0.85004381 -1.035 -1.035 -1.035 -1.0282225 -0.885 -0.885 -1.1 -1.1 -2.255 -2.255 -2.255 -2.255 -1.7 -1.7 -1.7 -1.7 -0.69 -0.69 -0.69 -0.17552114 -0.175 -0.175 0.16 0.16 0.16 0.16 0.825 0.825 0.825 1.155 1.155 1.1549807 0.815 0.815 0.165 0.165 0.07 0.07 0.075 
-0.29997568 -0.305 -0.305 -0.305 -0.305 -0.305 -0.945 -0.945 -0.945 -0.89415203 -0.85 -0.85 -0.85 -0.85000068 -1.035 -1.035 -1.035 -0.885 -0.885 -0.885 -1.0999893 -1.1000071 -2.255 -2.255 -2.255 -2.255 -1.7000394 -1.7 -1.7 -0.69023227 -0.69 -0.69 -0.69 -0.69 -0.17558933 0.275 0.275 0.27300973 0.16 0.16 0.82499941 0.825 1.1454052 1.155 1.155 0.81500012 0.815 0.815 0.165 0.165 0.185 0.185 0.25 
-0.305 -0.305 -0.305 -0.305 -0.305 -0.305 -0.945 -0.945 -0.945 -0.945 -0.84000029 -0.84 -0.84 -0.84 -1.0350001 -1.1119212 -1.155 -1.155 -0.88549774 -0.885 -0.88500004 -2.2549983 -2.255 -2.255 -2.255 -2.255 -2.2545965 -1.7 -1.6999655 -0.69 -0.69 -0.69 -0.69 -0.69 0.275 0.275 0.275 0.275 0.275 0.27499933 0.165 0.165 0.16500013 0.54 0.54 0.54 0.46 0.46 0.245 0.245 0.185 0.18500014 0.25 
-0.305 -0.305 -0.305 -0.305 -0.305 -0.305 -0.945 -0.945 -0.945 -0.84 -0.84 -0.84 -0.84 -0.84 -0.92303324 -1.155 -1.155 -1.155 -1.155 -1.155 -1.1421084 -2.255 -2.255 -2.255 -2.255 -2.2121376 -0.89213894 -1.5897061 -0.69498079 -0.69 -0.69 -0.69 -0.69 -0.68999789 0.275 0.275 0.275 0.275 0.275 0.22382826 0.165 0.165 0.165 0.54 0.54 0.54 0.46 0.46 0.245 0.245 0.38 0.25717133 0.25 
-0.305 -0.305 -0.305 -0.305 -0.305 -0.30500019 -0.94499985 -0.945 -0.94064191 -0.84 -0.84 -0.84 -0.84 -0.84 -0.85510934 -1.155 -1.155 -1.155 -1.155 -1.155 -1.155 -1.0995196 -0.89000191 -0.89 -0.89 -0.89 -0.89 -0.89 -0.17054123 -0.16000628 -0.16000001 -0.16 -0.16 -0.15999969 0.275 0.275 0.275 0.275 0.275 0.16500001 0.165 0.165 0.165 0.16500017 0.53982365 0.43 0.46 0.29294098 0.24503943 0.38 0.38 0.38353373 0.55 
-0.305 -0.305 -0.305 -0.305 -0.305 -0.30504088 -0.94496548 -0.94499365 -0.84000013 -0.84 -0.84 -0.84 -0.84 -0.84 -0.84599378 -1.155 -1.155 -1.155 -1.155 -1.155 -1.155 -0.89 -0.89 -0.89 -0.89 -0.89 -0.89 -0.89 -0.16020151 -0.16 -0.16 -0.16 -0.16 -0.16 -0.040810043 0.275 0.275 0.275 0.275 0.165 0.165 0.165 0.165 0.16506789 0.43 0.43 0.42912255 0.29 0.29 0.38 0.38 0.55 0.55 
-0.305 -0.305 -0.305 -0.305 -0.305 -0.30585353 -0.94423734 -0.85184856 -0.84 -0.84 -0.84 -0.84 -0.84 -0.84 -0.84551462 -1.155 -1.155 -1.155 -1.155 -1.155 -1.1172688 -0.89 -0.89 -0.89 -0.89 -0.89 -0.89 -0.89 -0.16000293 -0.16 -0.16 -0.16 -0.16 -0.16 -0.16 0.36938418 0.51613668 0.59637199 0.60857868 0.18331942 0.16500001 0.165 0.165 0.42997884 0.43 0.42871662 0.21500036 0.29 0.29 0.60998037 0.61 0.61 0.55000002 
-0.305 -0.305 -0.305 -0.305 -0.30500065 -0.3103373 -0.93143819 -0.84002887 -0.84 -0.84 -0.84 -0.84 -0.84 -0.84 -0.84735574 -1.155 -1.155 -1.155 -1.155 -1.155 -0.89000114 -0.89 -0.89 -0.89 -0.89 -0.89 -0.89 -0.89 -0.1600002 -0.16 -0.16 -0.16 -0.16 -0.16 -0.15999984 0.615 0.615 0.615 0.615 0.45 0.45 0.45 0.45 0.21500062 0.215 0.215 0.215 0.21500335 0.52 0.52 0.61 0.61 0.62821967 
-0.305 -0.305 -0.305 -0.30500005 -0.30501787 -0.32232736 -0.84610137 -0.84000137 -0.84 -0.84 -0.84 -0.84 -0.84 -0.84 -0.85069304 -1.1549999 -1.155 -1.155 -1.155 -1.1534051 -0.89 -0.89 -0.89 -0.89 -0.89 -0.89 -0.89 -0.89 -0.16000016 -0.16 -0.16 -0.16 -0.16 -0.16 0.61499929 0.615 0.615 0.615 0.615 0.45 0.45 0.45 0.45 0.38657451 0.215 0.215 0.215 0.51999659 0.52 0.52 0.64 0.64 0.64 
-0.305 -0.305 -0.30500003 -0.30500145 -0.30517492 -0.36517062 -0.84025996 -0.84000034 -0.84 -0.84 -0.84 -0.84 -0.84 -0.84000002 -0.85521381 -1.1549926 -1.155 -1.155 -1.1549997 -0.89536932 -0.89 -0.89 -0.89 -0.89 -0.89 -0.89 -0.89 -0.89 -0.16000068 -0.16 -0.16 -0.16 -0.16 0.39269169 0.61499999 0.615 0.615 0.615 0.615 0.45 0.45 0.45 0.45 0.45 0.215 0.215 0.215 0.52 0.52 0.52 0.64 0.64 0.64 
-0.30500001 -0.30500004 -0.30500061 -0.30501713 -0.30602158 -0.62100254 -0.84002943 -0.84000021 -0.84 -0.84 -0.84 -0.84 -0.84 -0.84000059 -0.86058864 -1.154885 -1.155 -1.155 -1.153628 -0.89002253 -0.89 -0.89 -0.89 -0.89 -0.89 -0.89 -0.89 -0.88999958 -0.16000457 -0.16 -0.15999946 0.52862631 0.595 0.595 0.595 0.615 0.615 0.615 0.615 0.45 0.45 0.45 0.45 0.45 0.21500417 0.215 0.21500015 0.51999998 0.52 0.52000007 0.64 0.64 0.64 
