interpolatedSpi/06-08|20_2.tif
NCOLS 53
NROWS 52
XLLCORNER -116.03883
YLLCORNER 28.596182
DX 0.49850594
DY 0.49788537
NODATA_VALUE -9999
[rows 0 to 28 of 52, columns 0 to 52 of 53]
0.64666667 0.64666667 0.43207978 -0.046666667 0.68 0.81666667 1.2666667 1.6466667 0.77940738 0.54333333 0.51333333 0.90666667 0.71338823 1.38 1.3333333 1.3333333 1.3333333 0.60333333 0.58333333 0.58333333 0.58333333 0.58333809 1.0766667 0.68333333 0.68333333 0.68333333 1.5533319 1.5533333 1.5533333 0.70333333 0.70333333 0.70333333 0.70333333 1.0366666 1.0366667 1.0366667 1.0366667 1.0366667 1.0366667 1.0366667 1.4752748 1.4801295 1.99 1.99 1.99 1.99 1.9907023 2.42 2.42 2.42 2.0766674 2.0766667 2.0766667
0.64665941 0.48333333 0.67333388 0.78560157 0.92667218 1.2166667 1.1933333 1.2934514 0.94 0.89 0.69666667 0.71333333 0.71333333 1.3268445 1.3799989 1.3333333 0.60333333 0.60333333 0.58335941 0.58333333 0.58333333 0.58333333 0.64929468 0.68333333 0.68333333 0.68333333 0.78666666 0.78666667 0.70333333 0.70333333 0.70333333 0.70333333 0.70333333 1.0366666 1.0366667 1.0366667 1.0366667 1.0366667 1.0366666 0.91045251 0.28336841 1.7829095 1.99 1.99 1.99 1.99 1.99 2.42 2.42 2.42 2.3915305 2.0766667 2.0766667
1.2299793 1.23 1.1466667 1.5166667 1.38 0.99 1.1566667 1.0666667 1.5933333 1.0066667 1.0966667 0.77666667 -0.10333333 0.84 1.3266667 1.6533333 0.60333333 0.60333333 0.60333333 0.23343508 0.23333333 0.23333333 0.036666667 0.68333333 0.68333333 0.68333333 0.78666667 0.78666667 0.78666667 0.70333333 0.70333333 0.7033333 0.41288863 1.0344608 1.0301201 0.33977831 0.33333333 0.33333333 0.32704465 0.28333333 0.28333333 0.28551573 1.99 1.99 1.99 1.99 1.99 2.42 2.42 2.42 2.42 2.0766667 2.0766667
0.13333333 1.2299999 0.58665696 1.0533333 0.56 1.34 1.7966667 0.57 1.26 1.0338288 1.4666667 1.4033333 1.0233333 0.84 1.07 1.6533333 -0.10643231 -0.11949319 0.39333333 0.23333333 0.23333333 -0.27666667 0.036666667 0.036666667 0.68333333 0.68333385 0.78666667 0.78666667 0.78666667 0.086666667 0.09398237 0.1 0.1 0.10000019 0.33333333 0.33333333 0.33333333 0.33333333 0.28333333 0.28333333 0.28333333 0.2833334 1.99 1.99 1.99 1.99 1.99 2.4199946 2.42 2.42 2.42 2.0765873 2.0766667
0.13333333 0.11666753 0.58666667 0.83697623 0.56 1.58 1.3600314 0.96666667 0.50666667 1.0899999 1.0533762 1.0367574 1.67 1.07 1.07 1.4324459 -0.12 -0.12 0.39333333 0.39333333 0.23333229 -0.27666667 0.083333333 0.16 -0.20666667 -0.20665005 0.78666667 0.78666667 0.086666668 0.086666667 0.1 0.1 0.1 0.22822973 0.33333333 0.33333333 0.33333333 0.28333333 0.28333333 0.28333333 0.28333333 0.28339736 1.99 1.99 1.99 1.99 1.99 1.9938275 2.42 2.4198756 -0.35333333 -0.35333333 -0.35333333
-0.41333333 0.21 0.57333333 0.72333333 1.58 1.59 0.99333333 0.98991924 1.0566667 0.96 1.2433333 0.16 0.160001 0.61666667 0.61666667 0.066677129 0.066666667 -0.083333333 -0.083333332 0.39333309 -0.48333333 -0.48333333 0.16 -0.20666667 -0.20666667 -0.13666667 -0.56333333 -0.56333333 0.53662614 0.086666667 0.1 0.1 0.78 0.77997074 0.50002008 0.76666667 0.76666667 0.43286353 0.28333333 0.28333333 0.94583935 0.94666667 0.94666652 0.23814739 0.20686376 0.20666714 0.20666673 0.20666733 -0.096371101 -0.35333333 -0.35333333 -0.35333333 -0.35333333
-0.64333204 -0.28333333 -0.49697848 0.43333333 1.2633333 0.86 1.0366667 1.2666667 0.96333333 0.96333333 1.2433333 0.21666667 0.2399998 0.61666667 0.11000152 0.11 0.066666667 0.23 0.11333333 0.11333333 -0.51789276 -0.55666667 -0.55666667 -0.99999999 -0.13666667 -0.13666667 -0.56333333 -0.56333333 0.53668124 0.5369349 0.7899885 0.78 0.78 0.5 0.5 -0.073894461 0.76666667 0.76666667 -0.94660728 0.94666403 0.94666667 0.94666667 0.94666499 0.20666903 0.20666667 0.20666667 0.20666667 0.20666646 -0.14 -0.35329106 -0.35333333 -0.35333333 -0.35333333
-0.64333333 -1.0133333 -0.52 -0.61666667 -1.13997 -0.0033333333 0.55666667 0.31666669 0.1 -0.056666667 -0.056666667 -0.56666667 0.24 0.24 0.11089192 0.28000797 0.29666667 0.09 -0.016666533 0.11333333 -0.18310859 -0.12 -0.53333333 -1.1566667 -1.1566669 -1.1733333 -1.1166667 -1.1166665 0.78579063 0.78666667 0.79 0.59276143 0.48333333 0.5 0.473095 -0.77666667 -0.77666667 -0.94666666 -0.94666667 0.94666667 0.94666667 0.94666667 0.62679727 0.62999998 0.20666667 0.20666667 0.20666667 -0.1399868 -0.14 -0.14 -0.35333333 -0.35333333 -0.35333333
-1.0077704 -1.0133333 -1.0766667 -1.0033333 0.22 -0.093333333 -0.033333333 0.42666667 0.78666667 0.35339223 0.10666667 0.016666668 0.016666667 -0.89666667 -0.89665933 -0.12881084 -0.13 -0.13 0.073717169 -0.67666671 -0.86333333 -0.86333332 -0.023333333 -0.33235072 -1.1716538 -1.1733333 -0.88666667 -1.1166667 -0.50689741 -0.50333333 0.62333333 2.0466667 1.5648334 -0.063333333 -0.44333333 -0.74 -0.53 -0.55666667 -0.99646349 0.94644348 0.89666667 0.066666669 0.62995224 0.63 0.62761725 0.20666667 -0.29666664 -0.14 -0.14 -0.14 -0.14 -0.48655629 -0.12666667
-0.97666667 -0.97666667 -0.89333333 -0.81 0.28 0.53333333 0.25666667 0.10666667 0.61 0.24330287 -0.02 -0.18 -0.89666667 -0.89666667 -0.11666667 -0.11684954 -0.13 -0.13009372 -0.58333333 -0.67666667 -0.67666667 -0.70071557 -0.023333333 -0.34332727 -0.34333333 -0.34333333 -0.88666667 0.10666667 0.10666667 -0.50333333 -0.50333333 2.0448522 1.09 -0.063333333 0.093333333 -0.74 -0.53 -0.73333333 -0.99666667 1.0397849 0.066666703 0.1658483 0.33666667 0.63 0.63 -0.29666667 -0.29666667 -0.29666667 -0.14 -0.14 -1.4233333 -1.4233333 -1.4233328
-0.97666667 -0.97666667 -0.95666667 -0.81 -0.55333333 -0.26666667 -0.39666666 0.02334372 0.08 -0.24 0.14333333 0.043333333 -0.17970374 -0.11666667 -0.11666667 -0.11667243 -0.16666667 -0.18853529 -0.58333333 0.28 0.28 0.19 0.19 -0.34333333 -0.34333333 -0.34333333 0.10666667 0.10666667 0.10666667 -0.42666667 -0.42666667 -0.42666417 -0.15333333 -0.15333333 0.10333333 -0.68 -0.43 0.72333121 -0.71 1.0733333 1.0733333 0.91999808 0.33666667 0.63 -0.4166667 -0.72666667 -0.81110817 -0.81333333 -1.21 -1.21 -1.4233333 -1.4233333 -1.4233333
-0.97666667 -0.9679847 -0.89407877 -0.89666586 -0.76333333 -0.74666667 -0.39666667 0.023333333 0.079999527 -0.23645479 0.043332965 0.043333333 -0.21666667 -0.11666667 -0.11666667 -0.16666667 -0.16666667 -0.16669038 -0.58333333 0.28 0.26232583 0.19 0.19 -0.34331209 -0.34333333 -0.37620529 -0.44333333 -0.44333333 -0.44333326 -0.42666667 -0.42666667 -0.3 -0.3 -0.15333263 0.10333333 0.76999936 -0.2851461 0.72333333 0.72333333 1.0733333 0.92 0.92 0.91999024 -0.41666667 -0.41666667 -0.72666667 -0.81333333 -0.81333333 -1.21 -1.21 -1.4233333 -1.4233333 -1.4233333
0.17 0.15995148 0.25329352 0.24500018 -0.76333317 -0.74666706 -0.39666668 0.018163378 0.076095087 0.071643948 -0.21666667 -0.21666667 -0.21666667 -0.21666667 -0.11668083 -0.16666667 -0.16666667 -0.1720465 -0.58333333 0.27990004 -0.046666667 -0.046666667 -0.046666667 -0.046666667 -0.33840042 -0.44333333 -0.44333333 -0.44333333 -0.44333333 -0.4433107 -0.3 -0.3 -0.3 -0.3 0.77 0.77 0.77 0.72529179 0.72673811 1.1766667 1.1766667 0.92001381 0.32664122 -0.41659507 -0.41666667 -0.72666667 -0.81333333 -0.81333333 -1.21 -1.21 -1.4225594 -1.4233333 -0.81048129
0.17 0.25333333 0.25333333 0.25333333 0.25333333 0.25333291 -0.39756257 -0.19793095 0.065677084 -0.21635513 -0.21666667 -0.21666667 -0.21666667 -0.21666667 -0.21666655 -0.16666667 -0.16666673 -0.19524716 -0.58332579 -0.046666667 -0.046666667 -0.046666667 -0.046666667 -0.046666667 -0.055747259 -0.4181631 -0.39666668 -0.39666667 -0.39666667 -0.39666667 -0.3 -0.3 -0.30000008 -0.37 -0.37 0.77 0.80240639 0.80333333 1.1766665 1.1766667 1.1766667 1.1766667 0.32666667 0.32666667 0.32666667 0.31933643 -0.50202066 -0.5 -0.5 -0.5 -0.50000001 0.033333033 0.033333333
0.1 0.25333333 0.25333333 0.25333333 0.25333333 0.25333333 0.25333329 -0.25823524 -0.052777149 -0.053333334 -0.053333333 -0.053333333 -0.053333333 -0.053333333 -0.053333335 -0.15132096 -0.16649213 -0.22372223 -0.046734003 -0.046666667 -0.046666667 -0.046666667 -0.046666667 -0.046667116 -0.46666667 -0.46666667 -0.46666657 -0.39666667 -0.39666667 -0.39699373 -0.56 -0.56 -0.37 -0.37 -0.37 0.61537805 0.80333333 0.80333333 0.80333333 1.1766667 1.1766667 1.1766667 0.32666667 0.32666667 0.32666667 0.32666667 -0.49999999 -0.5 -0.5 -0.5 -0.5 0.033333333 0.033333333
0.1 0.15708426 0.25333333 0.25333333 0.25333333 0.25333333 -0.15991888 -0.16 -0.16 -0.053333333 -0.053333333 -0.053333333 -0.053333333 -0.053333333 -0.075394033 -0.15333333 -0.15333333 -0.15333333 -0.43215554 -0.43333294 -0.43333333 -0.43333333 -0.43333333 -0.43333333 -0.46666667 -0.46666667 -0.46666667 -0.46666667 -0.39666667 -0.56 -0.56 -0.56 -0.37000002 -0.37 -0.37 0.68666667 0.80317886 0.80333333 0.80333333 1.1765547 0.95328587 0.43223162 0.32666667 0.32666667 -0.14188289 -0.14333333 -0.14333333 -0.49849902 0.41014165 0.41333325 0.41333316 0.57991721 0.033334445
0.1 0.29138489 0.27526199 0.25333333 0.25333333 -0.15975578 -0.16 -0.16 -0.16 -0.15923133 -0.053333333 -0.053333333 -0.053333333 -0.053333345 -0.15333333 -0.15333333 -0.15333333 -0.15333333 -0.43308322 -0.43333333 -0.43333333 -0.43333333 -0.43333333 -0.43333333 -0.46666667 -0.46666667 -0.46666667 -0.46666667 -0.46700615 -0.56 -0.56 -0.56 0.0099999862 -0.36988334 0.68666667 0.68666667 0.68666667 0.67931033 0.453621 0.43 0.43 0.43 0.083333333 0.083333333 -0.14333333 -0.14333333 -0.14333333 0.41333333 0.41333333 0.41333333 0.41333333 0.58 0.58
0.29666194 0.29666667 0.29666667 0.29666666 0.0066666666 -0.1599957 -0.16 -0.16 -0.16 -0.16 -0.089673303 -0.053339588 -0.053333347 -0.15333333 -0.15333333 -0.15333333 -0.15333333 -0.15333333 -0.23778101 -0.43333333 -0.43333333 -0.43333333 -0.43333333 -0.43333333 -0.29511691 -0.046668942 -0.046666667 -0.046666667 -0.046666667 -0.55999997 0.0099999902 0.01 0.01 0.01 0.68666667 0.68664902 0.016666667 0.016666667 0.42483892 0.43 0.43 0.43 0.083333333 0.083333333 -0.10823753 -0.14333333 -0.14333333 0.41333333 0.41333333 0.41333333 0.41512043 0.58 0.58
0.29666667 0.29666667 0.29666667 0.16010134 0.0066666667 0.0066666667 -0.16 -0.16 -0.16 -0.16 -0.53333333 -0.53333333 -0.53333333 -0.15333333 -0.15333333 -0.15333333 -0.15333333 -0.15343744 -1.1433333 -1.1433333 -0.43333362 -0.43333333 -0.43722866 -0.59333333 -0.58841193 -0.046666667 -0.046666667 -0.046666667 -0.046666667 0.0099942295 0.01 0.01 0.01 0.01 0.016669022 0.016666667 0.016666667 0.016666667 0.018149341 0.43 0.43 0.43 0.083333333 0.083333333 0.083333333 -0.14333333 -0.14333333 0.41333332 0.41333333 0.41333333 0.58 0.58 0.58
0.29666667 0.29666667 0.29666667 0.0066666667 0.0066666667 0.0066666667 0.006666412 -0.16 -0.16 -0.53294795 -0.53333333 -0.53333333 -0.53333333 -0.53309659 -0.66326945 -0.78333333 -0.78333333 -0.78333334 -1.1433333 -1.1433333 -1.1433333 -0.59333333 -0.59333333 -0.59333333 -0.59329972 -0.27046371 -0.046666667 -0.046666667 -0.046666668 0.55620361 0.68326711 0.68333333 0.68333333 0.68333333 0.22654346 0.51999886 0.52 0.52 0.52 0.036720486 0.036666667 0.036666667 0.083333333 0.083333333 0.46666507 0.46666658 0.22 0.22 0.41 0.41 0.41 0.58 0.58333035
0.29666824 0.29666667 0.29666666 0.0066666667 0.0066666667 0.0066666667 0.0066666631 -0.32333329 -0.16065307 -0.53315802 -0.53333333 -0.53333333 -0.53333333 -0.5338239 -0.78333333 -0.78333333 -0.78333333 -0.78333344 -1.1433333 -1.1433333 -1.1433333 -0.59333333 -0.59333333 -0.59333333 -0.47333333 -0.47333333 -0.27333334 -0.27333333 -0.27333333 -0.26811442 0.68333333 0.68333333 0.68333333 0.68333333 0.60171141 0.52 0.52 0.52 0.52 0.036666667 0.036666667 0.036666667 0.050196112 0.46666667 0.46666667 0.46666667 0.22 0.22 0.41 0.41 0.41 0.58333333 0.58333333
0.80333333 0.55156466 -0.12 -0.11996325 0.0066666667 -0.32142396 -0.32333333 -0.32333333 -0.21159055 -0.33999999 -0.34 -0.34 -0.34 -1.2033052 -1.2033333 -0.78333366 -0.78333333 -0.7928188 -1.1433333 -1.1433333 -1.1433333 -0.98333333 -0.98333333 -0.98333333 -0.47333333 -0.47333333 -0.27333333 -0.27333333 -0.27333333 -0.27333272 0.57000072 0.57000032 0.68048487 0.68321183 -0.075795955 -0.076666667 -0.076666667 -0.076666667 -0.076666667 0.036666667 0.036666667 0.036666667 0.44298886 0.46666667 0.46666667 0.46666651 0.22 0.22 0.22000684 0.41 0.4099997 0.40333333 0.58333333
0.4900595 0.48999989 -0.12 -0.12 -0.12 -0.32333333 -0.32333333 -0.32333333 -0.016666667 -0.016666667 -0.34 -0.34 -0.34 -1.2033333 -1.2033333 -1.2033333 -1.2033333 -1.2033251 -1.1433333 -1.1433333 -1.1433333 -0.98333333 -0.98333333 -0.98333333 -0.47333333 -0.47333333 -0.27333333 -0.27333333 -0.27333333 0.56049135 0.57 0.57 0.57 0.57 -0.076347576 -0.076666667 -0.076666667 -0.076666667 -0.076666667 -0.94666641 -0.94666667 -0.94666667 -0.94666667 0.46665997 -0.40666667 -0.40666667 -0.40666667 0.21 0.21 0.21 0.40333333 0.40333333 0.40333333
0.49 0.49 -0.12 -0.12 -0.12 -0.32226458 -0.32333333 -0.016666667 -0.016666667 -0.016666667 -0.3399602 -0.34 -0.80576109 -1.2033333 -1.2033333 -1.2033333 -1.2033333 -1.45 -1.45 -1.45 -1.3633333 -1.3633331 -0.98333518 -0.98333333 -0.98332254 -1.2066667 -1.2066667 -1.2066644 -0.27348417 0.39670121 0.39666759 0.39669693 0.56970376 0.56985042 0.038393253 -0.076666921 -0.078867305 -0.73333333 -0.73333333 -0.94666667 -0.94666667 -0.94666667 -0.94666667 -0.40666667 -0.40666667 -0.40666667 -0.40666667 0.21 0.21 0.21 0.40333333 0.40333333 0.40333333
0.49 0.49 -0.12 -0.12 -0.12 -0.12 -0.20855696 -0.016666667 -0.016666667 -0.016666667 -0.017160128 -0.91 -0.91 -0.91 -1.2016047 -1.2033333 -1.4483563 -1.45 -1.45 -1.45 -1.3633333 -1.3633333 -1.3633333 -1.3633333 -1.2066667 -1.2066667 -1.2066667 -1.2066667 -1.2066667 0.39666667 0.39666667 0.39666667 0.39666667 0.39666573 -0.046666667 -0.73333333 -0.73333333 -0.73333333 -0.73333333 -0.73333507 -1.25 -1.25 -1.25 -1.1046459 -0.80333333 -0.80333333 -0.80333333 0.20999997 0.20999966 -0.14333333 -0.14333333 -0.27650124 -0.27666667
0.49 0.49 0.10016717 -0.12 -0.12 -0.12000002 -0.87846799 -0.019387417 -0.016666667 -0.016666668 -0.90999997 -0.91 -0.91 -0.91 -0.91 -0.93412392 -1.45 -1.45 -1.45 -1.45 -1.363334 -1.3633333 -1.3633333 -1.3633333 -1.2066667 -1.2066667 -1.2066667 -1.2066667 -1.2066667 -0.22159354 0.39666667 0.39666667 0.39666667 -0.046666667 -0.046666667 -0.04719988 -0.73333333 -0.73333333 -0.55136828 -0.41000003 -1.25 -1.25 -1.25 -1.1049529 -0.80333333 -0.80333333 -0.80333333 -0.10666667 -0.14287647 -0.14333333 -0.14333333 -0.27666667 -0.27666667
-1.02 -1.02 -1.02 -0.34565474 -0.12230413 -0.88 -0.88 -0.88 -0.88 -0.75666667 -0.75666667 -0.90999999 -0.91 -0.91 -0.91 -0.91003422 -1.45 -1.45 -1.45 -1.45 -1.4011519 -1.3633333 -1.3633333 -1.3599312 -1.2321459 -1.2066667 -1.2066667 -1.2066667 -0.44 -0.44 -0.44 -0.43999649 -0.046666667 -0.046666667 -0.046666667 -0.046666667 -0.41 -0.41 -0.41 -0.41 -0.91666667 -0.91666667 -0.91666667 -0.36667772 -0.36666667 -0.36666667 -0.3666668 -0.10666667 -0.10666667 -0.14328866 -0.14333333 -0.27666531 -0.27666667
-1.02 -1.02 -1.02 -1.0200366 -1.7 -1.5807585 -0.88 -0.88 -0.88 -0.75666667 -0.75666667 -0.75666667 -0.73666667 -0.73666667 -0.73666667 -0.73666667 -1.4491635 -1.45 -1.45 -1.45 -1.4486787 -1.2333337 -1.2333333 -1.2333333 -1.2333333 -1.2333333 -0.73333334 -0.73333333 -0.44 -0.44 -0.44 -0.44 -0.046666705 -0.046666667 -0.046666667 -0.046671011 -0.40999997 -0.41 -0.41 -0.40568628 -0.91666667 -0.91666667 -0.91666667 -0.36669217 -0.36666667 -0.36666667 -0.36666667 -0.10666667 -0.10666667 -0.10666665 -0.0066666667 -0.0066666667 -0.18666667
-1.02 -1.02 -1.02 -1.6999984 -1.7 -1.7 -0.88000031 -0.88 -0.88 -0.75666667 -0.75666667 -0.75666667 -0.73666667 -0.73666667 -0.73666667 -0.75621428 -0.99333333 -0.99333333 -0.99333451 -1.4474206 -1.2333333 -1.2333333 -1.2333333 -1.2333333 -1.2333333 -1.2329571 -0.73333333 -0.73333333 -0.73333333 -0.44 -0.44 -0.43980905 -0.1 -0.1 -0.1 0.77 0.77 0.57333333 0.57333333 0.57333333 0.55666667 -0.91620452 -0.91665677 0.41 0.41 0.38056522 -0.36666417 -0.10666667 -0.10666667 -0.0066666667 -0.0066666667 -0.0066666667 -0.18666667
