interpolatedSpi/06-09|22_1.tif
NCOLS 53
NROWS 52
XLLCORNER -116.03883
YLLCORNER 28.596182
DX 0.49850594
DY 0.49788537
NODATA_VALUE -9999
[rows 0 to 38 of 52, columns 0 to 52 of 53]
-0.4 -0.4 -0.68114316 -0.845 -0.76 -0.5225 -0.7825 -0.7625 -0.82764036 -0.4125 -0.87 -0.5275 -0.59000906 -0.7 -0.4875 -0.4875 -0.4875 0.0875 -0.085 -0.085 -0.085 -0.085000963 -0.185 0.025 0.025 0.025 -0.79999615 -0.8 -0.8 -0.68 -0.68 -0.68 -0.68 -0.83499997 -0.835 -0.835 -0.835 -0.835 -0.835 -0.83499998 -0.25376025 -0.24753825 -0.3975 -0.3975 -0.3975 -0.3975 -0.39718558 -0.205 -0.205 -0.205 -0.27999984 -0.28 -0.28
-0.40001044 -0.635 -0.60000025 -0.57834827 -0.4127328 -0.6275 -0.7925 -0.365433 -0.5775 -0.695 -0.61 -0.59 -0.59 -0.12442566 -0.69999115 -0.4875 0.0875 0.0875 -0.084775083 -0.085 -0.085 -0.085 0.0067086105 0.025 0.025 0.025 -0.86999994 -0.87 -0.68 -0.68 -0.68 -0.68 -0.68 -0.83499998 -0.835 -0.835 -0.835 -0.835 -0.83499997 -0.70452963 -0.025057861 -0.35230037 -0.3975 -0.3975 -0.3975 -0.3975 -0.3975 -0.205 -0.205 -0.205 -0.21121907 -0.28 -0.28
-0.48247314 -0.4825 -0.815 -0.49 -0.39 -0.39 -0.5125 -0.325 -1.035 -0.4675 -0.74 -0.625 -0.82 0.1825 -0.1225 -0.1825 0.0875 0.0875 0.0875 0.062457121 0.0625 0.0625 -0.3225 0.025 0.025 0.025 -0.87 -0.87 -0.87 -0.68 -0.68 -0.68000001 -0.74619251 -0.83411907 -0.83097435 -0.4064632 -0.4025 -0.4025 -0.35502045 -0.025000003 -0.025 -0.025476334 -0.3975 -0.3975 -0.3975 -0.3975 -0.3975 -0.205 -0.205 -0.205 -0.205 -0.28 -0.28
-0.7475 -0.48249997 -0.33003408 0.0024999999 -0.8 -0.3525 -0.665 -0.6575 -0.535 -0.55636534 -0.5875 -0.1575 -0.3 0.1825 -0.405 -0.1825 -0.51989868 -0.5220726 -0.9275 0.0625 0.0625 -0.54 -0.3225 -0.3225 0.025 0.02499553 -0.87 -0.87 -0.87 -0.875 -0.84345103 -0.8175 -0.8175 -0.81749967 -0.4025 -0.4025 -0.4025 -0.4025 -0.025 -0.025 -0.025 -0.025000014 -0.3975 -0.3975 -0.3975 -0.3975 -0.3975 -0.20500243 -0.205 -0.205 -0.205 -0.27999159 -0.28
-0.7475 0.0099993764 -0.33 -0.11863125 -0.8 -0.7925 -0.58252411 0.1975 -0.475 -0.0025002251 -0.12734976 -0.18750466 -0.22 -0.405 -0.405 -0.2614675 -0.5225 -0.5225 -0.9275 -0.9275 0.062498735 -0.54 0.405 -0.37 -1.0275 -1.0271948 -0.87 -0.87 -0.875 -0.875 -0.8175 -0.8175 -0.8175 -0.68644148 -0.4025 -0.4025 -0.4025 -0.025 -0.025 -0.025 -0.025 -0.0250292 -0.3975 -0.3975 -0.3975 -0.3975 -0.3975 -0.39578651 -0.205 -0.20499182 -0.0225 -0.0225 -0.0225
-1.405 -0.3725 -0.45250001 -0.49 -0.315 -0.6475 -0.68 -0.56765487 -0.3475 -0.7425 -0.9925 -0.135 -0.13500006 -0.2675 -0.2675 -0.34505432 -0.345 -0.705 -0.705 -0.92749965 -1.135 -1.135 -0.37 -1.0275 -1.0275 0.2775 -0.2 -0.2 -0.11756929 -0.875 -0.8175 -0.8175 -0.1225 -0.12244149 0.43745989 0.4425 0.4425 0.1196318 -0.025 -0.025 -0.32712272 -0.3275 -0.32749764 -0.57677837 -0.57997983 -0.57999995 -0.57999999 -0.57999993 -0.18358646 -0.0225 -0.0225 -0.0225 -0.0225
-1.3249978 -0.1575 -0.12515609 -0.2825 -0.295 -0.715 -0.125 0.235 0.1325 0.1325 -0.9925 -0.3525 -0.99249985 -0.2675 -0.56999909 -0.57 -0.345 -0.525 -0.5325 -0.5325 -0.9853734 -0.8175 -0.8175 0.099999984 0.2775 0.2775 -0.2 -0.2 -0.11752215 -0.11790771 0.00095829856 -0.1225 -0.1225 0.4375 0.4375 0.3893976 0.4425 0.4425 0.097511958 -0.32749941 -0.3275 -0.3275 -0.32748695 -0.57999769 -0.58 -0.58 -0.58 -0.57999978 -0.21 -0.022537157 -0.0225 -0.0225 -0.0225
-1.325 -0.505 0.125 -0.3975 -0.16751319 -0.3675 -0.09 0.38499999 -0.05 -0.1525 -0.1525 -0.44 -0.9925 -0.9925 -0.57289874 -0.97528685 -1.015 -0.425 -0.68249985 -0.5325 -0.37655375 -0.3375 -0.8275 -0.080000003 -0.080002289 -0.2575 -0.2725 -0.27249997 -0.49616843 -0.49749999 0.0025 -0.099544376 0.26 0.4375 0.43293661 0.345 0.345 0.097500002 0.0975 -0.3275 -0.3275 -0.32749998 -0.16250829 -0.16500002 -0.58 -0.58 -0.58 -0.21001408 -0.21 -0.21 -0.0225 -0.0225 -0.0225
-0.55658328 -0.505 0.265 0.17 -0.135 0.1575 0.215 0.585 0.145 -0.086256907 -0.32 -0.485 -0.485 0.0375 0.037494429 -1.2742754 -1.275 -1.275 -0.46430778 -0.86499999 -0.7975 -0.79749999 -0.1925 -0.57725694 -0.23961269 -0.2575 -0.3325 -0.2725 -0.22527602 -0.225 -0.2 0.5 0.17388433 0.06 0.2775 0.435 0.455 -0.1525 0.67711674 -0.3231255 0.6525 0.255 -0.16492104 -0.165 -0.16733584 -0.58 0.10999996 -0.21 -0.21 -0.21 -0.21 -0.098449536 -0.1625
-0.845 -0.845 0.18 0.31 0.295 0.5675 0.3425 0.39 -0.1775 -0.14501976 -0.065 0.1125 0.0375 0.0375 -0.555 -0.56487513 -1.275 -1.274777 -0.28 -0.865 -0.865 -0.85630372 -0.1925 -0.0050035505 -0.005 -0.005 -0.3325 0.235 0.235 -0.225 -0.225 0.49877194 -0.1475 0.06 0.04 0.435 0.455 0.5475 0.6775 0.11673794 0.25500002 0.27887706 0.32 -0.165 -0.165 0.11 0.11 0.11 -0.21 -0.21 -0.6325 -0.6325 -0.63249982
-0.845 -0.845 -0.185 -0.2425 -0.075 0.2375 0.2475 0.18521812 0.5225 0.19 0.02 -0.1525 0.1121471 -0.555 -0.555 -0.55498587 -0.4325 -0.42449608 -0.28 -0.7125 -0.7125 -0.585 -0.585 -0.005 -0.005 -0.005 0.235 0.235 0.235 -0.7475 -0.7475 -0.74749901 -0.395 -0.395 -0.3675 -0.585 0.3075 0.33250123 0.255 0.1075 0.1075 -0.11999855 0.32 -0.165 0.094999623 -0.345 0.080129203 0.08 0.0575 0.0575 -0.6325 -0.6325 -0.6325
-0.845 -0.55999519 -0.2095373 -0.2549966 0.1475 0.41 0.2475 0.185 0.52249718 0.1936837 -0.15249955 -0.1525 -0.0525 -0.555 -0.555 -0.4325 -0.4325 -0.43249132 -0.28 -0.7125 -0.68746159 -0.585 -0.585 -0.0050231529 -0.005 -0.14799301 -0.44 -0.44 -0.43999992 -0.7475 -0.7475 -0.6025 -0.6025 -0.39499992 -0.3675 -0.35749991 0.33475965 0.3325 0.3325 0.10749999 -0.12 -0.12 -0.11999838 0.095 0.095 -0.345 0.08 0.08 0.0575 0.0575 -0.6325 -0.6325 -0.6325
0.1425 0.072203226 0.094987491 0.092469307 0.14750117 0.4099938 0.2475 0.18576935 0.4992428 0.51381754 -0.0525 -0.0525 -0.0525 -0.0525 -0.55492882 -0.4325 -0.4325 -0.43053098 -0.28 -0.71240035 -0.3775 -0.3775 -0.3775 -0.3775 -0.011668095 -0.44 -0.44 -0.44 -0.44 -0.44023815 -0.6025 -0.6025 -0.6025 -0.6025 -0.3575 -0.3575 -0.3575 0.29939958 0.32731773 -0.3575 -0.3575 -0.12001277 -0.33748519 0.094958343 0.095 -0.345 0.08 0.08 0.057499999 0.0575 -0.62999675 -0.6325 -0.40808834
0.1425 0.095 0.095 0.095 0.095 0.095000131 0.24791593 0.21797112 0.4371947 -0.051889027 -0.0525 -0.0525 -0.0525 -0.0525 -0.052499794 -0.4325 -0.43249998 -0.42203954 -0.28000244 -0.3775 -0.3775 -0.3775 -0.3775 -0.3775 -0.37512245 -0.54829029 -0.65249996 -0.6525 -0.6525 -0.6525 -0.6025 -0.6025 -0.60250025 -0.8075 -0.8075 -0.3575 -0.62971368 -0.6375 -0.35750016 -0.3575 -0.3575 -0.3575 -0.3375 -0.3375 -0.3375 -0.33755219 -0.05917738 -0.06 -0.06 -0.06 -0.059999998 0.15749984 0.1575
0.2075 0.095 0.095 0.095 0.095 0.095 0.095000011 0.075298934 0.24311506 0.2425 0.2425 0.2425 0.2425 0.2425 0.2425 0.12729922 -0.42363918 -0.41161755 -0.37748779 -0.3775 -0.3775 -0.3775 -0.3775 -0.37749946 -0.2675 -0.2675 -0.26750054 -0.6525 -0.6525 -0.65213956 -0.4725 -0.4725 -0.8075 -0.8075 -0.8075 -0.66473214 -0.6375 -0.6375 -0.6375 -0.3575 -0.3575 -0.3575 -0.3375 -0.3375 -0.3375 -0.3375 -0.06000001 -0.06 -0.06 -0.06 -0.06 0.1575 0.1575
0.2075 0.16561753 0.095 0.095 0.095 0.095 -0.31991855 -0.32 -0.31999999 0.2425 0.2425 0.2425 0.2425 0.2425 0.21657868 0.125 0.125 0.125 0.088576577 0.089999523 0.09 0.09 0.09 0.09 -0.2675 -0.2675 -0.2675 -0.2675 -0.6525 -0.4725 -0.4725 -0.4725 -0.80749997 -0.8075 -0.8075 -0.62 -0.63747683 -0.6375 -0.6375 -0.35757875 -0.51456462 -0.88093089 -0.3375 -0.3375 -0.64903561 -0.65 -0.65 -0.061082255 -0.71520234 -0.71749994 -0.71749988 -0.53989447 0.15749858
0.2075 -0.28880276 -0.1061533 0.095 0.095 -0.3197548 -0.32 -0.32 -0.32 -0.31594646 0.2425 0.2425 0.2425 0.24249999 0.125 0.125 0.125 0.125 0.090031265 0.09 0.09 0.09 0.09 0.09 -0.26749999 -0.2675 -0.2675 -0.2675 -0.26824566 -0.4725 -0.4725 -0.4725 -0.22500001 -0.80746687 -0.62 -0.62 -0.62 -0.62115552 -0.86698509 -0.8825 -0.8825 -0.8825 -0.905 -0.905 -0.65 -0.65 -0.65 -0.7175 -0.7175 -0.7175 -0.7175 -0.54 -0.54
-0.30215236 -0.3025 -0.3025 -0.3025 -0.4125 -0.32000239 -0.32 -0.32 -0.32 -0.32 0.24117489 0.24249977 0.2425 0.125 0.125 0.125 0.125 0.125 0.11168217 0.09 0.09 0.09 0.09 0.09 -0.17227215 -0.3224997 -0.3225 -0.3225 -0.3225 -0.47249999 -0.225 -0.225 -0.225 -0.225 -0.62 -0.62000277 -0.725 -0.725 -0.88053338 -0.8825 -0.8825 -0.8825 -0.905 -0.905 -0.68948278 -0.65 -0.65 -0.7175 -0.7175 -0.7175 -0.71559674 -0.54 -0.54
-0.3025 -0.3025 -0.3025 -0.35430064 -0.4125 -0.4125 -0.32 -0.32 -0.32 -0.32 0.225 0.225 0.225 0.125 0.125 0.125 0.125 0.12497397 -0.0425 -0.0425 0.089999946 0.09 0.085556893 -0.0925 -0.09457059 -0.3225 -0.3225 -0.3225 -0.3225 -0.22500993 -0.225 -0.225 -0.225 -0.225 -0.72499963 -0.725 -0.725 -0.725 -0.7255515 -0.8825 -0.8825 -0.8825 -0.905 -0.905 -0.905 -0.65 -0.65 -0.71749999 -0.7175 -0.7175 -0.54 -0.54 -0.54
-0.3025 -0.3025 -0.3025 -0.4125 -0.4125 -0.4125 -0.41249986 -0.32 -0.32 0.2244374 0.225 0.225 0.225 0.22493769 -0.0024840299 -0.0325 -0.0325 -0.0325 -0.0425 -0.0425 -0.0425 -0.0925 -0.0925 -0.0925 -0.092528013 -0.25431184 -0.3225 -0.3225 -0.3225 -0.24553342 -0.24749779 -0.2475 -0.2475 -0.2475 -0.70672385 -0.6825001 -0.6825 -0.6825 -0.6825 -0.99748426 -0.9975 -0.9975 -0.905 -0.905 -0.65750103 -0.65749984 -0.1925 -0.1925 -0.37 -0.37 -0.37 -0.54 0.26428023
-0.30250038 -0.3025 -0.3025 -0.4125 -0.4125 -0.4125 -0.4125 -0.087500068 -0.31907037 0.22466223 0.225 0.225 0.225 0.22449471 -0.0325 -0.0325 -0.0325 -0.032500003 -0.0425 -0.0425 -0.0425 -0.0925 -0.0925 -0.0925 -0.1925 -0.1925 -0.185 -0.185 -0.185 -0.18534096 -0.2475 -0.2475 -0.2475 -0.2475 -0.46488057 -0.6825 -0.6825 -0.6825 -0.6825 -0.9975 -0.9975 -0.9975 -0.9868023 -0.6575 -0.6575 -0.6575 -0.1925 -0.1925 -0.37 -0.37 -0.37 0.26499998 0.265
-0.425 -0.36250739 -0.1125 -0.11258704 -0.4125 -0.089380439 -0.0875 -0.0875 -0.25784701 -0.14750001 -0.1475 -0.1475 -0.1475 0.012494791 0.0125 -0.032499965 -0.0325 -0.032763485 -0.0425 -0.0425 -0.0425 -0.22 -0.22 -0.22 -0.1925 -0.1925 -0.185 -0.185 -0.185 -0.18500016 -0.40749898 -0.40749955 -0.25152136 -0.24767153 -0.72195858 -0.7225 -0.7225 -0.7225 -0.7225 -0.9975 -0.9975 -0.9975 -0.67622125 -0.6575 -0.6575 -0.65749994 -0.1925 -0.1925 -0.19250639 -0.37 -0.36997753 0.1325 0.265
-0.36251187 -0.36249996 -0.1125 -0.1125 -0.1125 -0.0875 -0.0875 -0.0875 -0.555 -0.555 -0.1475 -0.1475 -0.1475 0.0125 0.0125 0.0125 0.0125 0.012493725 -0.0425 -0.0425 -0.042500007 -0.22 -0.22 -0.22 -0.1925 -0.1925 -0.185 -0.185 -0.185 -0.4049913 -0.4075 -0.4075 -0.4075 -0.4075 -0.72234457 -0.7225 -0.7225 -0.7225 -0.7225 -0.68250008 -0.6825 -0.6825 -0.6825 -0.65749758 -0.3425 -0.3425 -0.3425 -0.1075 -0.1075 -0.1075 0.1325 0.1325 0.1325
-0.3625 -0.3625 -0.1125 -0.1125 -0.1125 -0.087631404 -0.0875 -0.555 -0.555 -0.555 -0.14755016 -0.1475 0.064952428 0.012500023 0.0125 0.0125 0.0125 0.1075 0.1075 0.1075 -0.415 -0.41499986 -0.22000095 -0.22 -0.22031538 -0.765 -0.765 -0.76499862 -0.18509373 -0.88490484 -0.88499746 -0.88491663 -0.4083161 -0.40791208 -0.66670702 -0.72250011 -0.72342997 -1 -1 -0.6825 -0.6825 -0.6825 -0.6825 -0.3425 -0.3425 -0.3425 -0.3425 -0.1075 -0.1075 -0.1075 0.1325 0.1325 0.1325
-0.3625 -0.3625 -0.1125 -0.1125 -0.1125 -0.1125 -0.26247159 -0.555 -0.555 -0.555 -0.55463128 0.1125 0.1125 0.1125 0.013089323 0.0125 0.10686694 0.1075 0.1075 0.1075 -0.415 -0.415 -0.415 -0.415 -0.765 -0.765 -0.765 -0.765 -0.765 -0.885 -0.885 -0.885 -0.885 -0.88499962 -0.7025 -1 -1 -1 -1 -0.9999986 -0.6075 -0.6075 -0.6075 -0.53021399 -0.37 -0.37 -0.37 -0.10750001 -0.1075 -0.1125 -0.1125 0.33495074 0.335
-0.3625 -0.3625 -0.20273245 -0.1125 -0.1125 -0.1125 0.09384656 -0.55295156 -0.555 -0.555 0.11250004 0.1125 0.1125 0.1125 0.1125 0.10430258 0.1075 0.1075 0.1075 0.1075 -0.41499596 -0.415 -0.415 -0.415 -0.765 -0.765 -0.765 -0.765 -0.765 -0.87391565 -0.885 -0.885 -0.885 -0.7025 -0.7025 -0.70273102 -1 -1 -0.84101507 -0.71750002 -0.6075 -0.6075 -0.6075 -0.53170204 -0.37 -0.37 -0.37 -0.615 -0.1187611 -0.1125 -0.1125 0.335 0.335
-0.02 -0.02 -0.02 -0.089307707 -0.11221669 0.095 0.095 0.095 0.095 0.2975 0.2975 0.11250001 0.1125 0.1125 0.1125 0.11249968 0.1075 0.1075 0.1075 0.1075 -0.18699795 -0.415 -0.415 -0.40826112 -0.18455129 -0.765 -0.765 -0.765 -0.87 -0.87 -0.87 -0.87000006 -0.7025 -0.7025 -0.7025 -0.7025 -0.7175 -0.7175 -0.7175 -0.7175 -0.5975 -0.5975 -0.5975 -0.51250171 -0.5125 -0.5125 -0.51249995 -0.615 -0.615 -0.11311227 -0.1125 0.33499728 0.335
-0.02 -0.02 -0.02 -0.019994615 0.08 0.082181246 0.095 0.095 0.095 0.2975 0.2975 0.2975 0.1425 0.1425 0.1425 0.14250001 0.10814114 0.1075 0.1075 0.1075 0.0995911 -0.15750071 -0.1575 -0.1575 -0.1575 -0.15750001 -0.3325 -0.3325 -0.87 -0.87 -0.87 -0.87 -0.70249985 -0.7025 -0.7025 -0.7024829 -0.7175 -0.7175 -0.7175 -0.71735743 -0.5975 -0.5975 -0.5975 -0.51250394 -0.5125 -0.5125 -0.5125 -0.615 -0.615 -0.61499995 -0.205 -0.205 -0.105
-0.02 -0.02 -0.02 0.07999977 0.08 0.08 0.094999994 0.095 0.095 0.2975 0.2975 0.2975 0.1425 0.1425 0.1425 0.16649026 0.4575 0.4575 0.4574991 0.10947689 -0.1575 -0.1575 -0.1575 -0.1575 -0.1575 -0.1576317 -0.3325 -0.3325 -0.3325 -0.87 -0.87 -0.86986 -0.4925 -0.4925 -0.4925 -0.4925 -0.4925 -0.685 -0.685 -0.685 -0.4325 -0.59744824 -0.59749907 -0.4725 -0.4725 -0.47401595 -0.51250007 -0.615 -0.615 -0.205 -0.205 -0.205 -0.105
-0.02 -0.02 -0.02 0.08 0.08 0.08 0.08 0.095 0.095 0.2975 0.2975 0.14869776 0.1425 0.1425 0.1425 0.4575 0.4575 0.4575 0.4575 0.4575 -0.1575 -0.1575 -0.1575 -0.1575 -0.1575 -0.3324994 -0.3325 -0.3325 -0.3325 -0.6525 -0.6525 -0.6525 -0.4925 -0.4925 -0.4925 -0.4925 -0.4925 -0.685 -0.685 -0.4325 -0.4325 -0.4325 -0.4725 -0.4725 -0.4725 -0.4725 -0.45257927 -0.23 -0.23 -0.23 -0.20499999 0.2375 0.2375
-0.02 -0.02 -0.019860746 0.08 0.08 0.08 0.08 0.28706256 0.2975 0.2975 0.2975 0.14251989 0.1425 0.1425 0.14250109 0.4575 0.4575 0.4575 0.4575 0.4575 0.92619585 -0.1575 -0.1575 -0.1575 -0.15744696 -0.33247567 -0.3325 -0.3325 -0.3325 -0.6525 -0.6525 -0.6525 -0.65247828 -0.4925 -0.4925 -0.4925 -0.4925 -0.49250787 -0.68498278 -0.4325 -0.4325 -0.4325 -0.47249757 -0.4725 -0.4725 -0.4725 -0.2300018 -0.23 -0.23 -0.23 0.2375 0.2375 0.2375
0.4275 0.42749922 0.079959674 0.08 0.08 0.08 0.29745372 0.2975 0.2975 0.2975 0.38 0.38 0.38 0.38 0.45714227 0.4575 0.4575 0.4575 0.4575 0.97249969 0.9725 0.9725 0.099999957 0.1 0.1 0.1 0.062669687 -0.3325 -0.81998003 -0.82 -0.82 -0.82 -0.82 -0.4175 -0.4175 -0.4175 -0.4175 -0.4175 -0.5225 -0.5225 -0.5225 -0.5225 -0.5225 -0.40759798 -0.4075 -0.4075 -0.4075 -0.23 -0.23 -0.23 0.23742635 0.2375 0.2375
0.4275 0.4275 0.42819063 0.50999914 0.5099999 0.50979254 0.2975 0.2975 0.2975 0.2975 0.38 0.38 0.38 0.38 0.38 0.4575 0.4575 0.4575 0.97249987 0.9725 0.9725 0.9725 0.1 0.1 0.1 0.1 0.1 0.099907565 -0.81990829 -0.82 -0.82 -0.82 -0.81996316 -0.67827475 -0.41777002 -0.4175 -0.4175 -0.41750001 -0.5225 -0.5225 -0.5225 -0.5225 -0.5225 -0.4075 -0.4075 -0.4075 -0.4075 -0.32449753 -0.23 -0.41788018 -0.42 -0.3925 -0.3925
0.4275 0.4275 0.50998955 0.51 0.51 0.51 0.4560259 0.2975 0.2975 0.2975 0.38 0.38 0.38 0.38 0.38 0.45744759 0.4575 0.97234901 0.9725 0.9725 0.9725 0.9725 0.42322328 0.1 0.1 0.1 0.1 0.099516646 -0.5825 -0.5825 -0.5825 -0.5825 -0.5825 -0.8775 -0.8775 -0.8775 -0.8775 -0.8775 -0.9275 -0.9275 -0.9275 -0.9275 -0.9275 -0.40772585 -0.40750005 -0.4075 -0.40751568 -0.40938846 -0.42 -0.42 -0.42 -0.39250015 -0.3925
0.42750057 0.72900499 0.51000003 0.51 0.51 0.51 0.51 0.29759048 0.2975 0.2975 0.38 0.38 0.38 0.38 1.157342 1.175 1.175 0.97250521 0.9725 0.9725 0.9725 0.9725 0.97249989 0.1 0.1 0.1 0.1 -0.55250001 -0.55250001 -0.55888473 -0.5825 -0.5825 -0.5825 -0.8775 -0.8775 -0.8775 -0.8775 -0.8774492 -0.9275 -0.9275 -0.9275 -0.9275 -0.92749943 -0.5 -0.5 -0.5 -0.5 -0.49999355 -0.42 -0.42 -0.42 -0.42000008 -0.54275407
0.735 0.735 0.7156426 0.51 0.51 0.51 0.51 0.51 0.29759235 1.015 1.015 1.015 1.013493 1.1749989 1.175 1.175 1.175 1.175 0.9724976 0.9519855 0.7725 0.7725 0.7725 0.59964619 0.067385178 -0.10713056 -0.25452754 -0.5525 -0.5525 -0.5525 -0.5525 -0.5525 -0.55218173 -0.79834734 -0.8025 -0.8025 -0.8025 -0.8025 -0.92609103 -0.92000001 -0.92 -0.92 -0.92 -0.57499978 -0.50000002 -0.5 -0.5 -0.5225 -0.42000164 -0.42 -0.42 -0.545 -0.545
0.735 0.735 0.885 0.885 0.885 0.51012492 0.51 0.51 1.015 1.015 1.015 1.015 1.015 1.175 1.175 1.175 1.175 1.175 0.7725 0.7725 0.7725 0.7725 0.7725 -0.30749994 -0.3075 -0.3075 -0.3075 -0.5525 -0.5525 -0.5525 -0.5525 -0.5525 -0.4325 -0.4325 -0.8025 -0.8025 -0.8025 -0.77250511 -0.7725 -0.92 -0.92 -0.92 -0.91999995 -0.575 -0.575 -0.575 -0.5225 -0.5225 -0.5225 -0.2175 -0.2175 -0.545 -0.545
0.735 0.735 0.885 0.885 0.885 0.885 0.88499911 0.7225 1.0147246 1.015 1.015 1.015 1.015 1.1730041 1.175 1.175 1.175 1.175 0.77250001 0.7725 0.7725 0.7725 0.7725 -0.3075 -0.3075 -0.3075 -0.3075 -0.307501 -0.5525 -0.5525 -0.5525 -0.43250629 -0.4325 -0.4325 -0.4325 -0.8025 -0.7725 -0.7725 -0.7725 -0.776381 -0.63548464 -0.5825 -0.5825 -0.575 -0.575 -0.575 -0.5225 -0.5225 -0.5225 -0.2175 -0.2175 -0.2175 -0.40234967
0.685 0.68500039 0.885 0.885 0.885 0.885 0.7225 0.7225 0.7225 1.015 1.015 1.015 1.015 1.0150497 1.175 1.175 1.175 1.175 0.77250699 0.7725 0.7725 0.7725 -0.11724317 -0.3075 -0.3075 -0.3075 -0.3075 -0.43999989 -0.44 -0.44 -0.55128809 -0.4325 -0.4325 -0.4325 -0.43249998 -0.4075 -0.7725 -0.7725 -0.7725 -0.7725 -0.5825 -0.5825 -0.5825 -0.33 -0.33 -0.33 -0.50750146 -0.5225 -0.5225 -0.2175 -0.2175 -0.2175 -0.38749951
