interpolatedSpi/06-12|21_1.tif
NCOLS 53
NROWS 52
XLLCORNER -116.03883
YLLCORNER 28.596182
DX 0.49850594
DY 0.49788537
NODATA_VALUE -9999
[rows 0 to 34 of 52, columns 0 to 52 of 53]
-0.18875 -0.18875 -0.24062072 -0.21875 -0.2125 -0.39625 -0.40875 -0.45625 -0.43018247 -0.60375 -0.65875 -0.3075 -0.35872725 -0.0825 -0.0025 -0.0025 -0.0025 -0.02125 -0.45625 -0.45625 -0.45625 -0.456245 0.062499991 -0.82375 -0.82375 -0.82375 -0.35374564 -0.35375 -0.35375 -0.19375 -0.19375 -0.19375 -0.19375 -0.92124985 -0.92125 -0.92125 -0.92125 -0.92125 -0.92125 -0.92124999 -0.43399815 -0.42876919 -0.50375 -0.50375 -0.50375 -0.50375 -0.50387863 -0.5825 -0.5825 -0.5825 0.017498754 0.0175 0.0175
-0.18876516 -0.53 -0.24249971 -0.23247605 -0.40630028 -0.0125 -0.22375 -0.39613756 -0.74 -0.61625 -0.42875 -0.35875 -0.35875 -0.46621623 -0.082503944 -0.0025 -0.02125 -0.02125 -0.45568282 -0.45625 -0.45625 -0.45625 -0.82335522 -0.82375 -0.82375 -0.82375 -0.67000001 -0.67 -0.19375 -0.19375 -0.19375 -0.19375 -0.19375 -0.92124989 -0.92125 -0.92125 -0.92125 -0.92125 -0.92124999 -0.85002483 -0.47128698 -0.4998066 -0.50375 -0.50375 -0.50375 -0.50375 -0.50375 -0.5825 -0.5825 -0.5825 -0.53274743 0.0175 0.0175
-0.47124438 -0.47125 0.00875 -0.17 -0.20125 -0.37125 -0.16375 -0.4275 -0.635 -0.47125 -0.48625 -0.49375 -0.3325 -0.07375 -0.4675 -0.69 -0.02125 -0.02125 -0.02125 -0.36127762 -0.36125 -0.36125 -0.81625 -0.82375 -0.82375 -0.82375 -0.67 -0.67 -0.67 -0.19375 -0.19375 -0.19375001 -0.32252452 -0.92053214 -0.91973747 -0.76023906 -0.75875 -0.75875 -0.72259008 -0.47125 -0.47125 -0.47129156 -0.50375 -0.50375 -0.50375 -0.50375 -0.50375 -0.5825 -0.5825 -0.5825 -0.5825 0.0175 0.0175
-0.11625 -0.47124999 -0.41497587 0.16375 -0.31375 -0.2275 -0.2425 -0.415 -0.28875 -0.41552513 -0.385 -0.63875 -0.6175 -0.07375 -0.4225 -0.69 -0.758224 -0.75823326 -0.8125 -0.36125 -0.36125 -0.84625 -0.81625 -0.81625 -0.82375 -0.82374923 -0.67 -0.67 -0.67 -0.4675 -0.46407076 -0.46125 -0.46125 -0.46125024 -0.75875 -0.75875 -0.75875 -0.75875 -0.47125 -0.47125 -0.47125 -0.47125 -0.50375 -0.50375 -0.50375 -0.50375 -0.50375 -0.58249901 -0.5825 -0.5825 -0.5825 0.01747689 0.0175
-0.11625 -0.036250695 -0.415 -0.44721877 -0.31375 -0.36375 -0.55498838 -0.67875 -0.71875 -0.29625011 -0.3213136 -0.33252453 -0.50375 -0.4225 -0.4225 -0.60256392 -0.75875 -0.75875 -0.8125 -0.8125 -0.36125092 -0.84625 -0.46125 -0.24875 -0.36375 -0.36364805 -0.67 -0.67 -0.4675 -0.4675 -0.46125 -0.46125 -0.46125 -0.499436 -0.75875 -0.75875 -0.75875 -0.47125 -0.47125 -0.47125 -0.47125 -0.47123974 -0.50375 -0.50375 -0.50375 -0.50375 -0.50375 -0.50445097 -0.5825 -0.58250482 -0.69 -0.69 -0.69
-0.90625 -0.305 -0.115 -0.3975 -0.4225 -0.355 -0.40875 -0.44331773 -0.14125 -0.11375 -0.30375 -0.0475 -0.047500301 -0.9725 -0.9725 -1.0185991 -1.01875 -0.81 -0.81 -0.81249952 -0.38125 -0.38125 -0.24875 -0.36375 -0.36375 0.0725 -0.1875 -0.1875 -0.38375759 -0.4675 -0.46125 -0.46125 -0.66375 -0.66371369 -0.31627496 -0.58 -0.58 -0.5048943 -0.47125 -0.47125 -0.36513252 -0.365 -0.36499913 -0.68671218 -0.68997942 -0.68999995 -0.68999999 -0.68999992 -0.2755145 -0.69 -0.69 -0.69 -0.69
0.097490336 0.0025 -0.20282926 -0.1375 -0.25 -0.56 -0.3375 -0.3775 -0.4375 -0.4375 -0.30375 -0.5925 -0.79249995 -0.9725 -0.39375173 -0.39375 -1.01875 -0.52 -0.26375 -0.26375 -0.37771551 -0.37375 -0.37375 0.071249994 0.0725 0.0725 -0.1875 -0.1875 -0.3837492 -0.38373525 -0.1469408 -0.66375 -0.66375 -0.31625 -0.31625 -0.45745599 -0.58 -0.58 -0.49375299 -0.36500018 -0.365 -0.365 -0.36499445 -0.6899961 -0.69 -0.69 -0.69 -0.6899997 -0.19375 -0.68990166 -0.69 -0.69 -0.69
0.0975 -0.10125 -0.04125 -0.54 -0.49375265 -0.45375 -0.28625 -0.65875 -0.58125 -0.52875 -0.52875 -0.595 -0.7925 -0.7925 -0.39648579 -0.7090996 -0.74 -0.29375 -0.44249982 -0.26375 -0.32566106 -0.335 -0.09625 0.11375 0.11374961 0.08375 -0.26875 -0.26874997 -0.37004818 -0.37 -0.14625 -0.42978507 -0.55875 -0.31625 -0.31282746 -0.355 -0.355 -0.49375 -0.49375 -0.365 -0.365 -0.36499999 0.0088640193 0.0087499645 -0.69 -0.69 -0.69 -0.19376889 -0.19375 -0.19375 -0.69 -0.69 -0.69
-0.08797489 -0.10124999 0.39 -0.2175 -0.1525 -0.26 -0.39375 -0.4475 -0.46625 -0.33965678 -0.40125 -0.46875 -0.46875 -0.3775 -0.3774983 -0.36105909 -0.36 -0.36 -0.31645691 -0.25124999 -0.225 -0.225 -0.10125 -0.098220416 0.086773208 0.08375 -0.32375 -0.26875 -0.11340797 -0.1125 -0.39375 -0.1025 -0.051507008 -0.25 -0.19625 -0.2175 -0.3125 -0.645 -0.47757734 -0.3633763 -0.00125 0.0775 0.008757734 0.00875 0.0048170568 -0.69 -0.75875 -0.19375 -0.19375 -0.19375 -0.19375 -0.6795725 -0.105
-0.01375 -0.01375 0.645 0.36 -0.145 -0.36 -0.3775 -0.09375 -0.195 -0.30749938 -0.42375 -0.14875 -0.3775 -0.3775 -0.19625 -0.19849591 -0.36 -0.35994389 -0.12875 -0.25125 -0.25125 -0.24786812 -0.10125 -0.13999927 -0.14 -0.14 -0.32375 0.22125 0.22125 -0.1125 -0.1125 -0.10230797 -0.00125 -0.25 0.0875 -0.2175 -0.3125 -0.27625 -0.4775 -0.25614657 0.077499997 0.069694038 0.05625 0.00875 0.00875 -0.75875 -0.75875 -0.75875 -0.19375 -0.19375 -0.60625 -0.60625 -0.60624981
-0.01375 -0.01375 0.07375 -0.31 -0.7725 -0.05875 -0.585 -0.77858771 -0.60875 -0.4425 -0.52625 -0.64375 -0.14940933 -0.19625 -0.19625 -0.19622462 0.02375 0.015746085 -0.12875 -0.4275 -0.4275 -0.21875 -0.21875 -0.14 -0.14 -0.14 0.22125 0.22125 0.22125 0.16625 0.16625 0.16624972 0.03375 0.03375 -0.11625 -0.20125 0.2825 -0.36999345 -0.49125 -0.2525 -0.2525 -0.18374921 0.05625 0.00875 -0.13250013 -0.34 -0.13146326 -0.12875 -0.0725 -0.0725 -0.60625 -0.60625 -0.60625
-0.01375 0.02391885 -0.090009812 -0.40124425 -0.24875 -0.58125 -0.585 -0.77875 -0.60875142 -0.44434185 -0.64374974 -0.64375 -0.3825 -0.19625 -0.19625 0.023749993 0.02375 0.023741321 -0.12875 -0.4275 -0.38650575 -0.21875 -0.21875 -0.14000361 -0.14 -0.096444658 -0.0075 -0.0075 -0.0074999713 0.16625 0.16625 0.02375 0.02375 0.033749589 -0.11625 0.021249927 0.30134138 -0.37 -0.37 -0.2525 -0.18375 -0.18375 -0.18374959 -0.1325 -0.1325 -0.34 -0.12875 -0.12875 -0.0725 -0.0725 -0.60625 -0.60625 -0.60625
-0.2925 -0.017627269 -0.020010386 -0.022760707 -0.24875183 -0.58124215 -0.585 -0.77636505 -0.62046474 -0.60440877 -0.3825 -0.3825 -0.3825 -0.3825 -0.19627638 0.02375 0.02375 0.021780982 -0.12875 -0.42757151 -0.68125 -0.68125 -0.68125 -0.68125 -0.14904205 -0.0075 -0.0075 -0.0075 -0.0075 -0.0074100578 0.02375 0.02375 0.02375 0.02375 0.02125 0.02125 0.02125 -0.35023688 -0.36815053 -0.12375 -0.12375 -0.18374677 -0.3224935 -0.1325183 -0.1325 -0.34 -0.12875 -0.12875 -0.072500002 -0.0725 -0.60431361 -0.60625 -0.13505895
-0.2925 -0.02 -0.02 -0.02 -0.02 -0.020000234 -0.58499032 -0.67665323 -0.65171854 -0.38273956 -0.3825 -0.3825 -0.3825 -0.3825 -0.38250017 0.023749996 0.023749976 0.013289541 -0.12874967 -0.68125 -0.68125 -0.68125 -0.68125 -0.68125 -0.66941217 -0.043769231 -0.048749991 -0.04875 -0.04875 -0.04875 0.023750002 0.02375 0.023750119 0.1225 0.1225 0.02125 0.1038863 0.10625 -0.12374987 -0.12375 -0.12375 -0.12375 -0.3225 -0.3225 -0.3225 -0.32262178 -0.38089289 -0.3825 -0.3825 -0.3825 -0.38249999 -0.15250009 -0.1525
-0.4375 -0.02 -0.02 -0.02 -0.02 -0.02 -0.020000036 -0.52741203 -0.62757535 -0.6275 -0.6275 -0.6275 -0.6275 -0.6275 -0.6275 -0.68008242 0.012548431 0.0028674604 -0.68118048 -0.68125 -0.68125 -0.68125 -0.68125 -0.68124967 -0.13375 -0.13375 -0.13374988 -0.04875 -0.04875 -0.048374542 0.13875 0.13875 0.1225 0.1225 0.1225 0.10885313 0.10625 0.10625 0.10625 -0.12375 -0.12375 -0.12375 -0.3225 -0.3225 -0.3225 -0.3225 -0.3825 -0.3825 -0.3825 -0.3825 -0.3825 -0.1525 -0.1525
-0.4375 -0.28206949 -0.02 -0.02 -0.02 -0.02 -0.27120069 -0.27125 -0.27125001 -0.6275 -0.6275 -0.6275 -0.6275 -0.6275 -0.63935763 -0.68125 -0.68125 -0.68125 -0.39961062 -0.39875029 -0.39875 -0.39875 -0.39875 -0.39875 -0.13375 -0.13375 -0.13375 -0.13375 -0.04875 0.13875 0.13875 0.13875 0.1225 0.1225 0.1225 0.23625 0.10642212 0.10625 0.10625 -0.12371714 -0.058306408 0.094346204 -0.3225 -0.3225 -0.37982255 -0.38 -0.38 -0.38229892 -0.26042808 -0.26000001 -0.26000002 0.033721736 -0.15249962
-0.4375 -0.24408783 -0.13069757 -0.02 -0.02 -0.27110155 -0.27125 -0.27125 -0.27125 -0.27381724 -0.6275 -0.6275 -0.6275 -0.62750001 -0.68125 -0.68125 -0.68125 -0.68125 -0.39900235 -0.39875 -0.39875 -0.39875 -0.39875 -0.39875 -0.13375001 -0.13375 -0.13375 -0.13375 -0.13275882 0.13875 0.13875 0.13875 0.1 0.12251103 0.23625 0.23625 0.23625 0.23744951 0.09572018 0.095 0.095 0.095 -0.32375 -0.32375 -0.38 -0.38 -0.38 -0.26 -0.26 -0.26 -0.26 0.03375 0.03375
-0.23883248 -0.23875 -0.23875 -0.23875 -0.2025 -0.27124823 -0.27125 -0.27125 -0.27125 -0.27125 -0.60081273 -0.62749541 -0.62749999 -0.68125 -0.68125 -0.68125 -0.68125 -0.68125 -0.64821383 -0.39875 -0.39875 -0.39875 -0.39875 -0.39875 -0.27972576 -0.28999915 -0.29 -0.29 -0.29 0.13875 0.1 0.1 0.1 0.1 0.23625 0.2362529 0.34625 0.34625 0.098137231 0.095 0.095 0.095 -0.32375 -0.32375 -0.37129056 -0.38 -0.38 -0.26 -0.26 -0.26 -0.25685024 0.03375 0.03375
-0.23875 -0.23875 -0.23875 -0.22167933 -0.2025 -0.2025 -0.27125 -0.27125 -0.27125 -0.27125 -0.275 -0.275 -0.275 -0.68125 -0.68125 -0.68125 -0.68125 -0.68118121 -0.50875 -0.50875 -0.39875004 -0.39875 -0.39902389 -0.41 -0.40891969 -0.29 -0.29 -0.29 -0.29 0.099960288 0.1 0.1 0.1 0.1 0.34624961 0.34625 0.34625 0.34625 0.34534527 0.095 0.095 0.095 -0.32375 -0.32375 -0.32375 -0.38 -0.38 -0.26 -0.26 -0.26 0.03375 0.03375 0.03375
-0.23875 -0.23875 -0.23875 -0.2025 -0.2025 -0.2025 -0.20250011 -0.27125 -0.27125 -0.27499613 -0.275 -0.275 -0.275 -0.27525311 -0.34432792 -0.265 -0.265 -0.265 -0.50875 -0.50875 -0.50875 -0.41 -0.41 -0.41 -0.40992892 -0.21984487 -0.29 -0.29 -0.29 -0.068572479 -0.096230698 -0.09625 -0.09625 -0.09625 0.19358947 -0.019999168 -0.02 -0.02 -0.02 -0.092474345 -0.0925 -0.0925 -0.32375 -0.32375 -0.18125059 -0.18124994 -0.00125 -0.00125 0.11875 0.11875 0.11875 0.03375 0.139905
-0.23874844 -0.23875 -0.23875 -0.2025 -0.2025 -0.2025 -0.2025 -0.011250076 -0.27021042 -0.27474043 -0.275 -0.275 -0.275 -0.27498038 -0.265 -0.265 -0.265 -0.26500007 -0.50875 -0.50875 -0.50875 -0.41 -0.41 -0.41 -0.15625 -0.15625 -0.10875 -0.10875 -0.10875 -0.10868181 -0.09625 -0.09625 -0.09625 -0.09625 -0.058145981 -0.02 -0.02 -0.02 -0.02 -0.0925 -0.0925 -0.0925 -0.095292415 -0.18125 -0.18125 -0.18125 -0.00125 -0.00125 0.11875 0.11875 0.11875 0.14 0.14
0.265 0.025938704 -0.22375 -0.22374384 -0.2025 -0.012356566 -0.01125 -0.01125 0.0056025115 0.011250001 0.01125 0.01125 0.01125 0.1249963 0.125 -0.2649997 -0.265 -0.27142245 -0.50875 -0.50875 -0.50875 0.13875 0.13875 0.13875 -0.15625 -0.15625 -0.10875 -0.10875 -0.10875 -0.10874997 -0.063750207 -0.063750091 -0.095433161 -0.096215158 -0.30351114 -0.30375 -0.30375 -0.30375 -0.30375 -0.0925 -0.0925 -0.0925 -0.17636317 -0.18125 -0.18125 -0.18124998 -0.00125 -0.00125 -0.0012456803 0.11875 0.11873631 -0.1875 0.14
0.12377682 0.12374994 -0.22375 -0.22375 -0.22375 -0.01125 -0.01125 -0.01125 0.035 0.035 0.01125 0.01125 0.01125 0.125 0.125 0.125 0.125 0.12492819 -0.50875 -0.50875 -0.50874998 0.13875 0.13875 0.13875 -0.15625 -0.15625 -0.10875 -0.10875 -0.10875 -0.064257378 -0.06375 -0.06375 -0.06375 -0.06375 -0.30363157 -0.30375 -0.30375 -0.30375 -0.30375 -0.12999999 -0.13 -0.13 -0.13 -0.1812491 -0.06375 -0.06375 -0.06375 -0.0975 -0.0975 -0.0975 -0.1875 -0.1875 -0.1875
0.12375 0.12375 -0.22375 -0.22375 -0.22375 -0.012366938 -0.01125 0.035 0.035 0.035 0.011252924 0.01125 0.13075449 0.12500001 0.125 0.125 0.125 0.17 0.17 0.17 -0.20499999 -0.20499974 0.13874833 0.13875 0.13834851 -0.39875 -0.39875 -0.39874931 -0.10879687 -0.099992776 -0.099999807 -0.099993671 -0.063811955 -0.063781283 -0.26102888 -0.30374996 -0.30338974 -0.19625 -0.19625 -0.13 -0.13 -0.13 -0.13 -0.06375 -0.06375 -0.06375 -0.06375 -0.0975 -0.0975 -0.0975 -0.1875 -0.1875 -0.1875
0.12375 0.12375 -0.22375 -0.22375 -0.22375 -0.22375 0.006060024 0.035 0.035 0.035 0.035067667 0.1575 0.1575 0.1575 0.12519153 0.125 0.16970013 0.17 0.17 0.17 -0.205 -0.205 -0.205 -0.205 -0.39875 -0.39875 -0.39875 -0.39875 -0.39875 -0.1 -0.1 -0.1 -0.1 -0.10000036 -0.2725 -0.19625 -0.19625 -0.19625 -0.19625 -0.19624968 -0.105 -0.105 -0.105 -0.13998107 -0.2125 -0.2125 -0.2125 -0.097500003 -0.097500193 -0.29625 -0.29625 -0.31246959 -0.3125
0.12375 0.12375 -0.098326901 -0.22375 -0.22375 -0.22375 -0.0024334555 0.034881821 0.035 0.035 0.15750003 0.1575 0.1575 0.1575 0.1575 0.15483794 0.17 0.17 0.17 0.17 -0.2049971 -0.205 -0.205 -0.205 -0.39875 -0.39875 -0.39875 -0.39875 -0.39875 -0.29028128 -0.1 -0.1 -0.1 -0.2725 -0.2725 -0.27244079 -0.19625 -0.19625 -0.16600065 -0.1425 -0.105 -0.105 -0.105 -0.13863013 -0.2125 -0.2125 -0.2125 0.03875 -0.29207593 -0.29625 -0.29625 -0.3125 -0.3125
0.04125 0.04125 0.04125 -0.15730722 -0.22336144 -0.0024999999 -0.0025 -0.0025 -0.0025 0.2925 0.2925 0.15750001 0.1575 0.1575 0.1575 0.15750079 0.17 0.17 0.17 0.17 -0.041362165 -0.205 -0.205 -0.21193516 -0.46682731 -0.39875 -0.39875 -0.39875 -0.3575 -0.3575 -0.3575 -0.35749892 -0.2725 -0.2725 -0.2725 -0.2725 -0.1425 -0.1425 -0.1425 -0.1425 -0.05375 -0.05375 -0.05375 0.04374804 0.04375 0.04375 0.043749919 0.03875 0.03875 -0.29584182 -0.29625 -0.31249811 -0.3125
0.04125 0.04125 0.04125 0.04125 0.04125 0.034888031 -0.0025 -0.0025 -0.0025 0.2925 0.2925 0.2925 0.17625 0.17625 0.17625 0.17625 0.16985116 0.17 0.17 0.17 0.1642992 -0.46999927 -0.47 -0.47 -0.47 -0.47000001 -0.85375 -0.85375 -0.3575 -0.3575 -0.3575 -0.3575 -0.27249983 -0.2725 -0.2725 -0.27248137 -0.1425 -0.1425 -0.1425 -0.14321834 -0.05375 -0.05375 -0.05375 0.043745479 0.04375 0.04375 0.04375 0.03875 0.03875 0.038750003 0.0625 0.0625 0.2475
0.04125 0.04125 0.04125 0.04125 0.04125 0.04125 -0.0024999836 -0.0025 -0.0025 0.2925 0.2925 0.2925 0.17625 0.17625 0.17625 0.16958604 0.08875 0.08875 0.08875021 0.16954107 -0.47 -0.47 -0.47 -0.47 -0.47 -0.47028879 -0.85375 -0.85375 -0.85375 -0.3575 -0.3575 -0.35766896 -0.04375 -0.04375 -0.04375 -0.62625 -0.62625 -0.30625 -0.30625 -0.30625 -0.18375 -0.053790777 -0.053749683 -0.01125 -0.01125 -0.0091655625 0.043749846 0.03875 0.03875 0.0625 0.0625 0.0625 0.2475
0.04125 0.04125 0.04125 0.04125 0.04125 0.04125 0.04125 -0.0025 -0.0025 0.2925 0.2925 0.18089832 0.17625 0.17625 0.17625 0.08875 0.08875 0.08875 0.08875 0.08875 -0.47 -0.47 -0.47 -0.47 -0.47 -0.85374869 -0.85375 -0.85375 -0.85375 -0.62 -0.62 -0.62 -0.04375 -0.04375 -0.04375 -0.62625 -0.62625 -0.30625 -0.30625 -0.18375 -0.18375 -0.18375 -0.01125 -0.01125 -0.01125 -0.01125 -0.0073480016 0.03625 0.03625 0.03625 0.062500004 0.28375 0.28375
0.04125 0.04125 0.04125 0.04125 0.04125 0.04125 0.04125 -0.017060721 -0.02 -0.01946348 0.29249999 0.17624068 0.17625 0.17625 0.1762497 0.08875 0.08875 0.08875 0.08875 0.08875 -0.095957124 -0.47 -0.47 -0.47 -0.46996653 -0.85371927 -0.85375 -0.85375 -0.85375 -0.62 -0.62 -0.62 -0.61991421 -0.04375 -0.62625 -0.62625 -0.62625 -0.62623662 -0.30624165 -0.18375 -0.18375 -0.18375 -0.011260472 -0.01125 -0.01125 -0.01125 0.036250259 0.03625 0.03625 0.03625 0.28375 0.28375 0.28375
-0.10625 -0.10624974 0.041244793 0.04125 0.04125 0.04125 -0.019986967 -0.02 -0.02 -0.02 0.064999998 0.065 0.065 0.065 0.088640402 0.08875 0.08875 0.08875 0.08875 -0.079999899 -0.08 -0.08 -0.30750003 -0.3075 -0.3075 -0.3075 -0.3546484 -0.85375 -0.30127263 -0.30125 -0.30125 -0.30125 -0.30125 -0.33125 -0.33125 -0.33125 -0.33125 -0.33125 0.11 0.11 0.11 0.11 0.11 0.062388827 0.0625 0.0625 0.0625 0.03625 0.03625 0.03625 0.28371101 0.28375 0.28375
-0.10625 -0.10625 -0.10492083 0.052499977 0.052499997 0.052429318 -0.02 -0.02 -0.02 -0.02 0.065 0.065 0.065 0.065 0.065 0.08875 0.08875 0.08875 -0.079999958 -0.08 -0.08 -0.08 -0.3075 -0.3075 -0.3075 -0.3075 -0.3075 -0.30761558 -0.30125676 -0.30125 -0.30125 -0.30125 -0.30125271 -0.3234551 -0.33124193 -0.33125 -0.33125 -0.33125 0.11 0.11 0.11 0.11 0.11 0.0625 0.0625 0.0625 0.0625 0.050224987 0.03625 -0.055217984 -0.05625 0.04625 0.04625
-0.10625 -0.10625 0.052479891 0.0525 0.0525 0.0525 0.034085306 -0.02 -0.02 -0.02 0.065 0.065 0.065 0.065 0.065 0.088730636 0.08875 -0.079950524 -0.08 -0.08 -0.08 -0.08 -0.22322115 -0.3075 -0.3075 -0.3075 -0.3075 -0.30750803 -0.31875 -0.31875 -0.31875 -0.31875 -0.31875 -0.3175 -0.3175 -0.3175 -0.3175 -0.3175 0.065 0.065 0.065 0.065 0.065 0.062826573 0.062500068 0.062500001 0.062522672 0.0652109 -0.05625 -0.05625 -0.05625 0.046249426 0.04625
-0.10624983 -0.016779008 0.052499991 0.0525 0.0525 0.0525 0.0525 -0.01996913 -0.02 -0.02 0.065 0.065 0.065 0.065 -0.052334637 -0.055 -0.055 -0.079999357 -0.08 -0.08 -0.08 -0.08 -0.080000023 -0.3075 -0.3075 -0.3075 -0.3075 -0.49374983 -0.49374992 -0.45650575 -0.31875 -0.31875 -0.31875 -0.3175 -0.3175 -0.3175 -0.3175 -0.31752963 0.065 0.065 0.065 0.065 0.064992147 0.19625 0.19625 0.19625 0.19625 0.19622964 -0.05625 -0.05625 -0.05625 -0.056249848 0.19034611
