interpolatedSpi/06-11|19_2.tif
NCOLS 53
NROWS 52
XLLCORNER -116.03883
YLLCORNER 28.596182
DX 0.49850594
DY 0.49788537
NODATA_VALUE -9999
[rows 0 to 28 of 52, columns 0 to 52 of 53]
0.76333333 0.76333333 0.56129487 0.21 0.42666667 0.38333333 0.62166667 0.63833333 0.23687668 0.035 0.02 0.62833333 0.24996459 -0.18 0.033333333 0.033333333 0.033333333 0.03 0.34833333 0.34833333 0.34833333 0.34832861 -0.14166666 0.19 0.19 0.19 -0.4116665 -0.41166667 -0.41166667 0.11666667 0.11666667 0.11666667 0.11666667 0.29499996 0.295 0.295 0.295 0.295 0.295 0.295 0.2240973 0.22337029 0.36833333 0.36833333 0.36833333 0.36833333 0.36749488 -0.145 -0.145 -0.145 1.136664 1.1366667 1.1366667
0.76333622 0.82833333 0.60000046 0.5700618 0.69156749 0.53666667 0.795 0.23543061 0.38833333 0.36666667 0.77833333 0.25 0.25 0.48278258 -0.17999008 0.033333333 0.03 0.03 0.34791827 0.34833333 0.34833333 0.34833333 0.17254203 0.19 0.19 0.19 0.10500001 0.105 0.11666667 0.11666667 0.11666667 0.11666667 0.11666667 0.29499997 0.295 0.295 0.295 0.295 0.29500001 0.33795293 0.56331313 0.39199493 0.36833333 0.36833333 0.36833333 0.36833333 0.36833333 -0.145 -0.145 -0.145 -0.038722973 1.1366667 1.1366667
0.58167182 0.58166667 0.99833333 0.855 0.52 0.68833333 0.79166667 0.91333333 0.41833333 0.28833333 0.38833333 0.42333333 0.59333333 -0.08 0.485 -0.34833333 0.03 0.03 0.03 0.17671657 0.17666667 0.17666667 -0.14166667 0.19 0.19 0.19 0.105 0.105 0.105 0.11666667 0.11666667 0.11666665 -0.017323019 0.29486458 0.296179 0.42050596 0.42166667 0.42166667 0.4394846 0.56333333 0.56333333 0.56308398 0.36833333 0.36833333 0.36833333 0.36833333 0.36833333 -0.145 -0.145 -0.145 -0.145 1.1366667 1.1366667
0.81333333 0.58166649 -0.29998902 0.66833333 0.021666667 0.71833333 0.47 0.36666667 0.075 0.059238171 0.075 -0.18833333 0.455 -0.08 0.325 -0.34833333 0.083338503 0.086626963 0.16 0.17666667 0.17666667 -0.096666667 -0.14166667 -0.14166667 0.19 0.18999958 0.105 0.105 0.105 -0.77 -0.43622105 -0.16166667 -0.16166667 -0.16166621 0.42166667 0.42166667 0.42166667 0.42166667 0.56333333 0.56333333 0.56333333 0.56333333 0.36833333 0.36833333 0.36833333 0.36833333 0.36833333 -0.14499352 -0.145 -0.145 -0.145 1.1366145 1.1366667
0.81333333 0.86833119 -0.3 -0.32968201 0.021666667 0.18833333 0.1933312 0.255 0.235 0.1883331 0.051513904 -0.013315667 0.11 0.325 0.325 -0.1186917 0.086666667 0.086666667 0.16 0.16 0.17666614 -0.096666667 0.20166667 0.24 0.39 0.3901118 0.105 0.105 -0.77 -0.77 -0.16166667 -0.16166667 -0.16166667 -0.092837574 0.42166667 0.42166667 0.42166667 0.56333333 0.56333333 0.56333333 0.56333333 0.56332207 0.36833333 0.36833333 0.36833333 0.36833333 0.36833333 0.36376403 -0.145 -0.14501412 -0.46 -0.46 -0.46
-0.94333333 0.79 0.32833337 -0.21333333 0.26666667 0.49 -0.22166667 -0.16063968 -0.10333333 -0.10166667 0.058333333 -0.10166667 -0.10166653 -0.10166667 -0.10166667 0.36008249 0.36 0.29 0.29 0.16000039 0.051666667 0.051666667 0.24 0.39 0.39 0.86833333 -0.505 -0.505 -0.051731753 -0.77 -0.16166667 -0.16166667 0.20333333 0.20327169 -0.38662434 -0.22833333 -0.22833333 0.31841318 0.56333333 0.56333333 0.44681218 0.44666667 0.44666785 0.38306854 0.38333168 0.38333333 0.38333333 0.38333333 0.65638924 -0.46 -0.46 -0.46 -0.46
0.019995535 0.65 0.69948731 0.74333333 0.88833333 -0.17833333 0.25833333 0.24 -0.43166667 -0.43166667 0.058333333 0.135 0.12833333 -0.10166667 0.70166426 0.70166667 0.36 0.67833333 0.59833333 0.59833333 0.15141774 0.26333333 0.26333333 0.93166666 0.86833333 0.86833333 -0.505 -0.505 -0.05166045 -0.051552222 0.34742727 0.20333333 0.20333333 -0.38666667 -0.38666667 0.15473016 -0.22833333 -0.22833333 0.031657655 0.44666609 0.44666667 0.44666667 0.44667418 0.38333652 0.38333333 0.38333333 0.38333333 0.38333363 0.875 -0.45973544 -0.46 -0.46 -0.46
0.02 0.14666667 1.1366667 0.13166667 0.37998576 -0.16 -0.45666667 -0.14 -0.41833333 0.046666667 0.046666667 0.125 0.12833333 0.12833333 0.69773307 0.71077424 0.71166667 0.57 0.35000025 0.59833333 0.54844241 0.535 0.48333333 0.23333333 0.23333501 0.36333333 0.61333333 0.61333294 0.054626225 0.055000005 0.34833333 0.28783756 0.011666667 -0.38666667 -0.34968418 0.475 0.475 0.031666665 0.031666667 0.44666667 0.44666667 0.44666668 0.95534407 0.95499997 0.38333333 0.38333333 0.38333333 0.87498129 0.875 0.875 -0.46 -0.46 -0.46
0.15905677 0.14666667 1.0383333 1.045 0.825 0.11333333 0.098333333 0.27333333 -0.52833333 -0.083097334 -0.225 -0.061666668 -0.061666667 0.05 0.050003636 0.50225195 0.50166667 0.50166667 0.53641666 0.69666667 0.69333333 0.69333333 0.81166667 0.6127241 0.35023277 0.36333333 0.53833333 0.61333333 0.64481598 0.645 0.365 1.0083333 0.99321988 0.98666667 0.91 0.73 0.57833333 0.25333333 0.63482376 0.44885392 0.93666667 1.08 0.95499702 0.955 0.95178235 0.38333333 0.85333331 0.875 0.875 0.875 0.875 -0.36973211 0.16333333
0.22833333 0.22833333 0.69666667 0.82833333 0.295 0.03 0.0033333333 0.21833333 0.093333333 0.029969125 -0.095 0.048333333 0.05 0.05 0.43666667 0.43755817 0.50166667 0.50160004 0.15 0.69666667 0.69666667 0.69623725 0.81166667 0.39334125 0.39333333 0.39333333 0.53833333 0.87833333 0.87833333 0.645 0.645 1.0082764 0.97833333 0.98666667 1.055 0.73 0.57833333 0.38166667 0.635 1.1318155 1.08 1.027348 0.93666667 0.955 0.955 0.85333333 0.85333333 0.85333333 0.875 0.875 0.265 0.265 0.26499996
0.22833333 0.22833333 0.23333333 -0.19666667 -0.52166667 0.32333333 -0.10166666 0.096517794 -0.045 0.063333333 0.16333333 -0.14 0.048082609 0.43666667 0.43666667 0.43670166 0.74 0.70903403 0.15 1.0683333 1.0683333 1.3916667 1.3916667 0.39333333 0.39333333 0.39333333 0.87833333 0.87833333 0.87833333 0.97666667 0.97666667 0.97666667 1.1283333 1.1283333 0.58166667 0.705 0.91666667 0.38666631 1.2366667 1.14 1.14 1.1383327 0.93666667 0.955 0.9899999 0.86833333 0.80022969 0.8 1.065 1.065 0.265 0.265 0.265
0.22833333 0.23035991 0.049836996 -0.28165124 0.22 0.088333333 -0.10166667 0.096666667 -0.044998817 0.062133131 -0.13999974 -0.14 0.59833333 0.43666667 0.43666667 0.73999999 0.74 0.73996642 0.15 1.0683333 1.1318294 1.3916667 1.3916667 0.39337333 0.39333333 0.60754891 1.045 1.045 1.045 0.97666667 0.97666667 0.84333333 0.84333333 1.1283318 0.58166667 0.86833326 0.82499767 0.38666667 0.38666667 1.14 1.1383333 1.1383333 1.1383322 0.99 0.99 0.86833333 0.8 0.8 1.065 1.065 0.265 0.265 0.265
-0.475 -0.031874786 -0.048338378 -0.050015532 0.21999904 0.088336442 -0.10166666 0.094225295 -0.035237718 -0.042171128 0.59833333 0.59833333 0.59833333 0.59833333 0.43668957 0.74 0.74 0.73238216 0.15 1.0683603 1.1816667 1.1816667 1.1816667 1.1816667 0.40721771 1.045 1.045 1.045 1.045 1.0449352 0.84333333 0.84333333 0.84333333 0.84333333 0.86833333 0.86833333 0.86833333 0.40984247 0.39059718 0.91 0.91 1.1383211 0.63167893 0.98996549 0.99 0.86833333 0.8 0.8 1.065 1.065 0.26790231 0.265 -0.17806793
-0.475 -0.048333333 -0.048333333 -0.048333333 -0.048333333 -0.048333275 -0.10118026 -0.0078410886 -0.0091928438 0.59764323 0.59833333 0.59833333 0.59833333 0.59833333 0.59833344 0.73999999 0.73999991 0.69953003 0.15001156 1.1816667 1.1816667 1.1816667 1.1816667 1.1816667 1.1830712 1.0114127 0.95500002 0.955 0.955 0.955 0.84333334 0.84333333 0.8433338 1.2283333 1.2283333 0.86833333 1.262071 1.2733333 0.91000021 0.91 0.91 0.91 0.63166667 0.63166667 0.63166667 0.63331365 0.17245737 0.16833333 0.16833333 0.16833333 0.16833335 0.88666654 0.88666667
-0.17833333 -0.048333333 -0.048333333 -0.048333333 -0.048333333 -0.048333333 -0.048333336 -0.015212968 0.74079817 0.745 0.745 0.745 0.745 0.745 0.745 0.99809862 0.7441265 0.65920939 1.1815372 1.1816667 1.1816667 1.1816667 1.1816667 1.181667 1.2466667 1.2466667 1.2466663 0.955 0.955 0.95560741 1.2583333 1.2583333 1.2283333 1.2283333 1.2283333 1.2661248 1.2733333 1.2733333 1.2733333 0.91 0.91 0.91 0.63166667 0.63166667 0.63166667 0.63166667 0.16833334 0.16833333 0.16833333 0.16833333 0.16833333 0.88666667 0.88666667
-0.17833333 -0.12993581 -0.048333333 -0.048333333 -0.048333333 -0.048333333 0.084973831 0.085 0.085000016 0.745 0.745 0.745 0.745 0.745 0.80199014 1.0033333 1.0033333 1.0033333 1.4724445 1.473333 1.4733333 1.4733333 1.4733333 1.4733333 1.2466667 1.2466667 1.2466667 1.2466667 0.955 1.2583333 1.2583333 1.2583333 1.2283333 1.2283333 1.2283333 1.1666667 1.2731921 1.2733333 1.2733333 0.91000389 0.91747927 0.93492528 0.63166667 0.63166667 0.8559723 0.85666667 0.85666667 0.16908371 0.62174331 0.62333329 0.62333325 0.66503354 0.88666622
-0.17833333 -0.32754858 -0.19171304 -0.048333333 -0.048333333 0.08492122 0.085 0.085 0.085 0.089756149 0.745 0.745 0.745 0.74500003 1.0033333 1.0033333 1.0033333 1.0033333 1.4729135 1.4733333 1.4733333 1.4733333 1.4733333 1.4733333 1.2466667 1.2466667 1.2466667 1.2466667 1.2467091 1.2583333 1.2583333 1.2583333 1.5866667 1.2283357 1.1666667 1.1666667 1.1666667 1.168525 0.95643116 0.935 0.935 0.935 0.84166667 0.84166667 0.85666667 0.85666667 0.85666667 0.62333334 0.62333333 0.62333333 0.62333333 0.665 0.665
-0.33158744 -0.33166667 -0.33166667 -0.33166666 -0.125 0.084994583 0.085 0.085 0.085 0.085 0.71156197 0.74499424 0.74499999 1.0033333 1.0033333 1.0033333 1.0033333 1.0033333 1.0457552 1.4733333 1.4733333 1.4733333 1.4733333 1.4733333 1.454949 1.5983314 1.5983333 1.5983333 1.5983333 1.2583334 1.5866667 1.5866667 1.5866667 1.5866667 1.1666667 1.1666711 1.335 1.335 0.9399946 0.935 0.935 0.935 0.84166667 0.84166667 0.85434415 0.85666667 0.85666667 0.62333333 0.62333333 0.62333333 0.62378011 0.665 0.665
-0.33166667 -0.33166667 -0.33166667 -0.23434425 -0.125 -0.125 0.085 0.085 0.085 0.085 0.30333333 0.30333333 0.30333333 1.0033333 1.0033333 1.0033333 1.0033333 1.0033311 1.0916667 1.0916667 1.4733332 1.4733333 1.4703713 1.3516667 1.3538873 1.5983333 1.5983333 1.5983333 1.5983333 1.5866679 1.5866667 1.5866667 1.5866667 1.5866667 1.3349994 1.335 1.335 1.335 1.3336046 0.935 0.935 0.935 0.84166667 0.84166667 0.84166667 0.85666667 0.85666667 0.62333335 0.62333333 0.62333333 0.665 0.665 0.665
-0.33166667 -0.33166667 -0.33166667 -0.125 -0.125 -0.125 -0.12499968 0.085 0.085 0.30310795 0.30333333 0.30333333 0.30333333 0.30376947 0.99254103 0.99 0.99 0.99 1.0916667 1.0916667 1.0916667 1.3516667 1.3516667 1.3516667 1.3516643 1.4645796 1.5983333 1.5983333 1.5983333 1.5869081 1.5866667 1.5866667 1.5866667 1.5866667 1.4176853 1.5333329 1.5333333 1.5333333 1.5333333 0.97166165 0.97166667 0.97166667 0.84166667 0.84166667 0.99499936 0.99500011 1.3016667 1.3016667 1.1233333 1.1233333 1.1233333 0.665 1.0779638
-0.33166657 -0.33166667 -0.33166666 -0.125 -0.125 -0.125 -0.125 -0.17666659 0.083953754 0.30307792 0.30333333 0.30333333 0.30333333 0.30468076 0.99 0.99 0.99 0.99000003 1.0916667 1.0916667 1.0916667 1.3516667 1.3516667 1.3516667 1.3433333 1.3433333 1.335 1.335 1.335 1.3363729 1.5866667 1.5866667 1.5866667 1.5866667 1.5600146 1.5333333 1.5333333 1.5333333 1.5333333 0.97166667 0.97166667 0.97166667 0.97240082 0.995 0.995 0.995 1.3016667 1.3016667 1.1233333 1.1233333 1.1233333 1.0783333 1.0783333
-0.3 -0.3055453 -0.12333333 -0.12333382 -0.125 -0.17636773 -0.17666667 -0.17666667 -0.097110666 0.021666667 0.021666667 0.021666667 0.021666667 0.31165723 0.31166667 0.98999948 0.99 0.99267877 1.0916667 1.0916667 1.0916667 1.0166667 1.0166667 1.0166667 1.3433333 1.3433333 1.335 1.335 1.335 1.3350001 1.5233337 1.5233335 1.5850749 1.5865988 1.2953341 1.295 1.295 1.295 1.295 0.97166667 0.97166667 0.97166667 0.99371502 0.995 0.995 0.99499992 1.3016667 1.3016667 1.3016602 1.1233333 1.1233404 1.2816667 1.0783333
0.046600834 0.046666637 -0.12333333 -0.12333333 -0.12333333 -0.17666667 -0.17666667 -0.17666667 0.041666667 0.041666667 0.021666667 0.021666667 0.021666667 0.31166667 0.31166667 0.31166667 0.31166667 0.31175581 1.0916667 1.0916667 1.0916667 1.0166667 1.0166667 1.0166667 1.3433333 1.3433333 1.335 1.335 1.335 1.5212099 1.5233333 1.5233333 1.5233333 1.5233333 1.2951127 1.295 1.295 1.295 1.295 0.70666674 0.70666667 0.70666667 0.70666667 0.99499652 0.54166667 0.54166667 0.54166667 0.96166667 0.96166667 0.96166667 1.2816667 1.2816667 1.2816667
0.046666667 0.046666667 -0.12333333 -0.12333333 -0.12333333 -0.17638634 -0.17666667 0.041666667 0.041666667 0.041666667 0.021669129 0.021666667 -0.32561134 0.3116665 0.31166667 0.31166667 0.31166667 -0.16333333 -0.16333333 -0.16333333 0.21666668 0.21666726 1.0166628 1.0166667 1.0166319 0.80333333 0.80333333 0.8033346 1.3349141 1.2867138 1.2866679 1.286708 1.5229288 1.5231291 1.3355122 1.2949996 1.2918778 0.36333333 0.36333333 0.70666667 0.70666667 0.70666667 0.70666667 0.54166667 0.54166667 0.54166667 0.54166667 0.96166667 0.96166667 0.96166667 1.2816667 1.2816667 1.2816667
0.046666667 0.046666667 -0.12333333 -0.12333333 -0.12333333 -0.12333333 -0.094950878 0.041666667 0.041666667 0.041666667 0.041420857 -0.40333333 -0.40333333 -0.40333333 0.30745301 0.31166667 -0.16016805 -0.16333333 -0.16333333 -0.16333333 0.21666667 0.21666667 0.21666667 0.21666667 0.80333333 0.80333333 0.80333333 0.80333333 0.80333333 1.2866667 1.2866667 1.2866667 1.2866667 1.2866662 1.0783333 0.36333333 0.36333333 0.36333333 0.36333333 0.36333416 0.57 0.57 0.57 0.60579467 0.68 0.68 0.68 0.96166666 0.96166624 0.52166667 0.52166667 0.84843875 0.84833333
0.046666667 0.046666667 -0.061975271 -0.12333333 -0.12333333 -0.12333334 -0.26944694 0.040684465 0.041666667 0.041666666 -0.40333331 -0.40333333 -0.40333333 -0.40333333 -0.40333333 -0.34469138 -0.16333333 -0.16333333 -0.16333333 -0.16333333 0.21666373 0.21666667 0.21666667 0.21666667 0.80333333 0.80333333 0.80333333 0.80333333 0.80333333 0.79895543 1.2866667 1.2866667 1.2866667 1.0783333 1.0783333 1.0777781 0.36333333 0.36333333 0.62221145 0.82333329 0.57 0.57 0.57 0.60503937 0.68 0.68 0.68 0.34166667 0.51942388 0.52166667 0.52166667 0.84833333 0.84833333
-0.14333333 -0.14333333 -0.14333333 -0.12834788 -0.1232932 -0.27 -0.27 -0.27 -0.27 -0.29166667 -0.29166667 -0.40333333 -0.40333333 -0.40333333 -0.40333333 -0.40331814 -0.16333333 -0.16333333 -0.16333333 -0.16333333 0.050846993 0.21666667 0.21666667 0.21204323 0.073990368 0.80333333 0.80333333 0.80333333 0.62666667 0.62666667 0.62666667 0.62666944 1.0783333 1.0783333 1.0783333 1.0783333 0.82333333 0.82333333 0.82333333 0.82333333 0.60166667 0.60166667 0.60166667 0.59500013 0.595 0.595 0.59500003 0.34166667 0.34166667 0.52144735 0.52166667 0.848332 0.84833333
-0.14333333 -0.14333333 -0.14333333 -0.14333064 -0.093333333 -0.11902357 -0.27 -0.27 -0.27 -0.29166667 -0.29166667 -0.29166667 -0.85666665 -0.85666667 -0.85666667 -0.85666666 -0.16438053 -0.16333333 -0.16333333 -0.16333333 -0.15758083 0.040000485 0.04 0.04 0.04 0.040000007 0.025000006 0.025 0.62666667 0.62666667 0.62666667 0.62666667 1.0783331 1.0783333 1.0783333 1.0783065 0.82333334 0.82333333 0.82333333 0.82397674 0.60166667 0.60166667 0.60166667 0.59500031 0.595 0.595 0.595 0.34166667 0.34166667 0.3416667 0.58333333 0.58333333 0.54166667
-0.14333333 -0.14333333 -0.14333333 -0.093333449 -0.093333333 -0.093333333 -0.26999993 -0.27 -0.27 -0.29166667 -0.29166667 -0.29166667 -0.85666667 -0.85666667 -0.85666667 -0.84740059 -0.735 -0.735 -0.73499852 -0.16656225 0.04 0.04 0.04 0.04 0.04 0.039988712 0.025 0.025 0.025000001 0.62666667 0.62666667 0.62657226 0.74833333 0.74833333 0.74833333 0.72833333 0.72833333 0.97 0.97 0.97 0.8 0.60172888 0.60166786 0.76166667 0.76166667 0.75535019 0.59500001 0.34166667 0.34166667 0.58333333 0.58333333 0.58333333 0.54166667
