interpolatedSpi/06-11|19_3.tif
NCOLS 53
NROWS 52
XLLCORNER -116.03883
YLLCORNER 28.596182
DX 0.49850594
DY 0.49788537
NODATA_VALUE -9999
[rows 0 to 30 of 52, columns 0 to 52 of 53]
0.88333333 0.88333333 0.6589772 0.13333333 0.38833333 0.42 0.67333333 0.71333333 0.072509869 -0.21666667 -0.215 0.565 0.16662234 -0.37166667 0.04 0.04 0.04 0.063333333 0.445 0.445 0.445 0.44499542 -0.029999996 0.38333333 0.38333333 0.38333333 -0.47666432 -0.47666667 -0.47666667 0.025 0.025 0.025 0.025 5.0063422e-09 3.6345031e-27 4.0430906e-45 6.4555459e-72 2.1501903e-41 1.6479554e-20 3.0399912e-09 0.11047709 0.11167943 0.16166667 0.16166667 0.16166667 0.16166667 0.16064855 -0.46166667 -0.46166667 -0.46166667 1.1816633 1.1816667 1.1816667
0.88333511 0.92333333 0.75666706 0.69037495 0.69496143 0.64666667 0.97 0.18888515 0.295 0.26 0.815 0.16666667 0.16666667 0.45888794 -0.37165296 0.04 0.063333333 0.063333333 0.44450236 0.445 0.445 0.445 0.35622523 0.38333333 0.38333333 0.38333333 0.26500001 0.265 0.025 0.025 0.025 0.025 0.025 3.6429026e-09 1.9494444e-18 8.4098262e-34 7.6436503e-64 8.3198395e-26 2.208683e-08 0.085163488 0.52663032 0.20595635 0.16166667 0.16166667 0.16166667 0.16166667 0.16166667 -0.46166667 -0.46166667 -0.46166667 -0.32539989 1.1816667 1.1816667
0.50667846 0.50666667 1.1016667 0.86333333 0.485 0.71666667 0.9 1.135 0.42166667 0.19666667 0.36833333 0.39 0.63 -0.14833333 0.46166667 -0.38333333 0.063333333 0.063333333 0.063333333 0.2117345 0.21166667 0.21166667 -0.13166667 0.38333333 0.38333333 0.38333333 0.265 0.265 0.265 0.025 0.025 0.02499999 -0.076896348 0.00044503443 0.0028078724 0.29890235 0.30166667 0.30166667 0.32996574 0.52666667 0.52666667 0.52619992 0.16166667 0.16166667 0.16166667 0.16166667 0.16166667 -0.46166667 -0.46166667 -0.46166667 -0.46166666 1.1816667 1.1816667
0.745 0.50666646 -0.53831878 0.67 -0.078333333 0.79833333 0.53833333 0.42833333 0.093333333 0.027980836 -0.005 -0.21333333 0.47333333 -0.14833333 0.37333333 -0.38333333 0.059915909 0.063333333 0.10333333 0.21166667 0.21166667 0.045 -0.13166667 -0.13166667 0.38333333 0.38333274 0.265 0.265 0.265 -0.93666667 -0.52515837 -0.18666667 -0.18666667 -0.18666628 0.30166667 0.30166667 0.30166667 0.30166667 0.52666667 0.52666667 0.52666667 0.52666665 0.16166667 0.16166667 0.16166667 0.16166667 0.16166667 -0.4616588 -0.46166667 -0.46166667 -0.46166667 1.1816084 1.1816667
0.745 0.8799974 -0.53833333 -0.45729 -0.078333333 0.235 0.22000174 0.30666667 0.23833333 0.11999974 0.021944809 -0.023334766 -0.033333333 0.37333333 0.37333333 -0.12593325 0.063333333 0.063333333 0.10333333 0.10333333 0.21166634 0.045 0.32833333 0.29666667 0.50666667 0.50682252 0.265 0.265 -0.93666666 -0.93666667 -0.18666667 -0.18666667 -0.18666667 -0.14643787 0.30166667 0.30166667 0.30166667 0.52666667 0.52666667 0.52666667 0.52666667 0.5266435 0.16166667 0.16166667 0.16166667 0.16166667 0.16166667 0.15611823 -0.46166667 -0.46167302 -0.60333333 -0.60333333 -0.60333333
-1.18 0.86 0.12166672 -0.345 0.33 0.58166667 -0.365 -0.27900743 -0.29666667 -0.22 -0.18166667 -0.29833333 -0.29833316 -0.33833333 -0.33833333 0.38343071 0.38333333 0.31666667 0.31666667 0.10333388 0.095 0.095 0.29666667 0.50666667 0.50666667 1.1733333 -0.51 -0.51 -0.095076395 -0.93666667 -0.18666667 -0.18666667 0.026666667 0.026595615 -0.65328457 -0.54166667 -0.54166667 0.19615336 0.52666667 0.52666667 0.286966 0.28666667 0.28666819 0.42526318 0.42997034 0.42999993 0.42999999 0.42999991 0.79421993 -0.60333333 -0.60333333 -0.60333333 -0.60333333
0.16999257 0.67 0.95600179 0.75833333 0.94333333 -0.34333333 0.14166667 0.115 -0.66666667 -0.66666667 -0.18166667 -0.01 0.063333334 -0.33833333 0.7866633 0.78666667 0.38333333 0.71666667 0.71833333 0.71833333 0.20024916 0.31833333 0.31833333 1.2066667 1.1733333 1.1733333 -0.51 -0.51 -0.094998543 -0.094973177 0.30882678 0.026666667 0.026666667 -0.65333333 -0.65333333 -0.027889563 -0.54166667 -0.54166667 -0.045017215 0.2866662 0.28666667 0.28666667 0.28667634 0.43000295 0.43 0.43 0.43 0.43000039 1.0766667 -0.6030004 -0.60333333 -0.60333333 -0.60333333
0.17 0.23666667 1.4316667 -0.08 0.31164421 -0.445 -0.74166667 -0.29833334 -0.62 -0.1 -0.1 0.07 0.063333333 0.063333333 0.78170393 0.89292165 0.90333333 0.60166667 0.46500026 0.71833333 0.6784262 0.65833333 0.66333333 0.38166667 0.38166959 0.60833333 0.77833333 0.77833288 -0.070087604 -0.069999993 0.31 0.16180406 -0.24333333 -0.65333333 -0.61064661 0.40166667 0.40166667 -0.045000003 -0.045 0.28666667 0.28666667 0.28666668 0.95902984 0.95833331 0.43 0.43 0.43 1.0766421 1.0766667 1.0766667 -0.60333333 -0.60333333 -0.60333333
0.24602246 0.23666668 1.2066667 1.0316667 0.71666667 0.02 0.005 0.18166667 -0.76833333 -0.28721264 -0.365 -0.06166667 -0.061666667 0.078333333 0.078336765 0.76372353 0.76333333 0.76333333 0.58080429 0.90166667 0.895 0.895 1.1 0.83541648 0.58549132 0.60833333 0.64 0.77833333 0.76010654 0.76 0.275 1.1416667 1.0996902 1.0966667 0.84333333 0.63166667 0.54666667 0.081666667 0.60309245 0.28946396 0.91333333 1.1633333 0.95832276 0.95833333 0.95535959 0.43 0.95499997 1.0766667 1.0766667 1.0766667 1.0766667 -0.49003156 0.27166667
0.29833333 0.29833333 0.80333333 0.915 0.25333333 -0.19 -0.22 0.088333333 -0.06 -0.16503458 -0.245 -0.12833333 0.078333333 0.078333333 0.44333333 0.44772228 0.76333333 0.76320463 0.12666667 0.90166667 0.90166667 0.90080782 1.1 0.58334312 0.58333333 0.58333333 0.64 1.085 1.085 0.76 0.76 1.1415086 1.0583333 1.0966667 1.0333333 0.63166667 0.54666667 0.29833333 0.60333333 1.1493385 1.1633333 1.0641517 0.89333333 0.95833333 0.95833333 0.955 0.955 0.955 1.0766667 1.0766667 0.30666667 0.30666667 0.30666665
0.29833333 0.29833333 0.31333333 -0.26166667 -0.47666667 0.18333333 -0.36333333 -0.16177399 -0.335 -0.15833333 -0.023333333 -0.41166667 -0.12871023 0.44333333 0.44333333 0.44337909 0.84 0.80256092 0.12666667 1.305 1.305 2.0266667 2.0266667 0.58333333 0.58333333 0.58333333 1.085 1.085 1.085 1.05 1.05 1.05 1.165 1.165 0.49333333 0.71333333 0.91833333 0.38499952 1.2833333 1.1583333 1.1583333 1.0883327 0.89333333 0.95833333 0.94499997 0.90666667 0.87700403 0.87666667 1.31 1.31 0.30666667 0.30666667 0.30666667
0.29833333 0.30463365 0.067960325 -0.33497806 0.36333333 0.11833333 -0.36333333 -0.16166667 -0.33499855 -0.16029059 -0.41166634 -0.41166667 0.67333333 0.44333333 0.44333333 0.83999999 0.84 0.8399594 0.12666667 1.305 1.4467207 2.0266667 2.0266667 0.58339099 0.58333333 0.82603794 1.3216667 1.3216667 1.3216666 1.05 1.05 0.94 0.94 1.1649982 0.49333333 0.84333324 0.8237245 0.385 0.385 1.1583333 1.0883333 1.0883333 1.0883323 0.945 0.945 0.90666667 0.87666667 0.87666667 1.31 1.31 0.30666667 0.30666667 0.30666667
-0.49 0.055452824 0.041656024 0.03894935 0.36333178 0.11833912 -0.36333332 -0.16414907 -0.32305556 -0.33038676 0.67333333 0.67333333 0.67333333 0.67333333 0.44336591 0.84 0.84 0.83078973 0.12666667 1.3050654 1.5566667 1.5566667 1.5566667 1.5566667 0.60041993 1.3216667 1.3216667 1.3216667 1.3216667 1.3214681 0.94 0.94 0.94 0.94 0.84333333 0.84333333 0.84333333 0.40703325 0.38989437 1.0366667 1.0366667 1.0883306 0.69834178 0.94497624 0.945 0.90666667 0.87666667 0.87666667 1.31 1.31 0.31030665 0.30666667 -0.27077808
-0.49 0.041666667 0.041666667 0.041666667 0.041666667 0.041666701 -0.3621003 -0.26793465 -0.29118888 0.67225185 0.67333333 0.67333333 0.67333333 0.67333333 0.67333347 0.83999999 0.83999989 0.7910702 0.12668124 1.5566667 1.5566667 1.5566667 1.5566667 1.5566667 1.5530269 1.2429023 1.1766667 1.1766667 1.1766667 1.1766667 0.94000001 0.94 0.94000046 1.3216667 1.3216667 0.84333333 1.3618356 1.3766667 1.0366669 1.0366667 1.0366667 1.0366667 0.69833333 0.69833333 0.69833333 0.69978314 0.10340368 0.098333333 0.098333333 0.098333333 0.098333355 0.97833319 0.97833333
0.033333333 0.041666667 0.041666667 0.041666667 0.041666667 0.041666667 0.041666643 -0.19002765 0.86030298 0.86666667 0.86666667 0.86666667 0.86666667 0.86666667 0.86666666 1.2961157 0.84731588 0.742321 1.5564871 1.5566667 1.5566667 1.5566667 1.5566667 1.5566669 1.3883333 1.3883333 1.388333 1.1766667 1.1766667 1.1770171 1.3516667 1.3516667 1.3216667 1.3216667 1.3216667 1.3678562 1.3766667 1.3766667 1.3766667 1.0366667 1.0366667 1.0366667 0.69833333 0.69833333 0.69833333 0.69833333 0.098333348 0.098333333 0.098333333 0.098333333 0.098333333 0.97833333 0.97833333
0.033333333 0.036435739 0.041666667 0.041666667 0.041666667 0.041666667 0.12498364 0.125 0.12500002 0.86666667 0.86666667 0.86666667 0.86666667 0.86666667 0.96336607 1.305 1.305 1.305 1.7344563 1.7349998 1.735 1.735 1.735 1.735 1.3883333 1.3883333 1.3883333 1.3883333 1.1766667 1.3516667 1.3516667 1.3516667 1.3216667 1.3216667 1.3216667 1.29 1.3765519 1.3766667 1.3766667 1.0366778 1.0586059 1.1097808 0.69833333 0.69833333 0.98743838 0.98833333 0.98833333 0.099371994 0.72613177 0.72833328 0.72833321 0.82002394 0.97833301
0.033333333 -0.22617143 -0.097495993 0.041666667 0.041666667 0.12495076 0.125 0.125 0.125 0.13034466 0.86666667 0.86666667 0.86666667 0.86666672 1.305 1.305 1.305 1.305 1.7346159 1.735 1.735 1.735 1.735 1.735 1.3883333 1.3883333 1.3883333 1.3883333 1.3882 1.3516667 1.3516667 1.3516667 1.8183333 1.3216754 1.29 1.29 1.29 1.2930294 1.126896 1.11 1.11 1.11 1.04 1.04 0.98833333 0.98833333 0.98833333 0.72833334 0.72833333 0.72833333 0.72833333 0.82 0.82
-0.23318789 -0.23333333 -0.23333333 -0.23333333 -0.1 0.1249942 0.125 0.125 0.125 0.125 0.83840199 0.8666618 0.86666666 1.305 1.305 1.305 1.305 1.305 1.3362898 1.735 1.735 1.735 1.735 1.735 1.6522254 1.7833312 1.7833333 1.7833333 1.7833333 1.3516667 1.8183333 1.8183333 1.8183333 1.8183333 1.29 1.2900072 1.565 1.565 1.1156814 1.11 1.11 1.11 1.04 1.04 0.99633311 0.98833333 0.98833333 0.72833333 0.72833333 0.72833333 0.72931624 0.82 0.82
-0.23333333 -0.23333333 -0.23333333 -0.17054468 -0.1 -0.1 0.125 0.125 0.125 0.125 0.49333333 0.49333333 0.49333333 1.305 1.305 1.305 1.305 1.305 1.2666667 1.2666667 1.7349998 1.735 1.7273311 1.42 1.4232709 1.7833333 1.7833333 1.7833333 1.7833333 1.8183298 1.8183333 1.8183333 1.8183333 1.8183333 1.564999 1.565 1.565 1.565 1.5634176 1.11 1.11 1.11 1.04 1.04 1.04 0.98833333 0.98833333 0.72833335 0.72833333 0.72833333 0.82 0.82 0.82
-0.23333333 -0.23333333 -0.23333333 -0.1 -0.1 -0.1 -0.099999656 0.125 0.125 0.49295311 0.49333333 0.49333333 0.49333333 0.49383904 1.305 1.305 1.305 1.305 1.2666667 1.2666667 1.2666667 1.42 1.42 1.42 1.4200159 1.6224792 1.7833333 1.7833333 1.7833333 2.0072432 2.0516437 2.0516667 2.0516667 2.0516667 1.6950541 1.876666 1.8766667 1.8766667 1.8766667 1.2233178 1.2233333 1.2233333 1.04 1.04 1.1516662 1.1516667 1.385 1.385 1.2033333 1.2033333 1.2033333 0.82 1.1896692
-0.23333277 -0.23333333 -0.23333333 -0.1 -0.1 -0.1 -0.099999999 0.040000025 0.12466014 0.49310815 0.49333333 0.49333333 0.49333333 0.49492605 1.305 1.305 1.305 1.305 1.2666667 1.2666667 1.2666667 1.42 1.42 1.42 1.4766667 1.4766667 1.575 1.575 1.575 1.5776004 2.0516667 2.0516667 2.0516667 2.0516667 1.9642147 1.8766667 1.8766667 1.8766667 1.8766667 1.2233333 1.2233333 1.2233333 1.2210784 1.1516667 1.1516667 1.1516667 1.385 1.385 1.2033333 1.2033333 1.2033333 1.19 1.19
-0.051666667 -0.12607679 0.0083333333 0.008301904 -0.1 0.039189965 0.04 0.04 0.16267414 0.245 0.245 0.245 0.245 0.59998844 0.6 1.3049995 1.305 1.30399 1.2666667 1.2666667 1.2666667 1.135 1.135 1.135 1.4766667 1.4766667 1.575 1.575 1.575 1.5750003 2.001667 2.0016668 2.05041 2.0516131 1.6454653 1.645 1.645 1.645 1.645 1.2233333 1.2233333 1.2233333 1.1556126 1.1516667 1.1516667 1.1516665 1.385 1.385 1.3849935 1.2033333 1.2033391 1.3333333 1.19
0.36991992 0.36999994 0.0083333333 0.0083333333 0.0083333333 0.04 0.04 0.04 0.37666667 0.37666667 0.245 0.245 0.245 0.6 0.6 0.6 0.6 0.60007667 1.2666667 1.2666667 1.2666667 1.135 1.135 1.135 1.4766667 1.4766667 1.575 1.575 1.575 1.996856 2.0016667 2.0016667 2.0016667 2.0016667 1.645176 1.645 1.645 1.645 1.645 0.81333344 0.81333333 0.81333333 0.81333333 1.1516615 0.48166667 0.48166667 0.48166667 0.96166667 0.96166667 0.96166667 1.3333333 1.3333333 1.3333333
0.37 0.37 0.0083333333 0.0083333333 0.0083333333 0.039833554 0.04 0.37666667 0.37666667 0.37666667 0.24501621 0.245 0.002586332 0.59999985 0.6 0.6 0.6 -0.10833333 -0.10833333 -0.10833333 0.28833335 0.28833396 1.1349959 1.135 1.1350208 1.0083333 1.0083333 1.0083347 1.5749084 1.6683998 1.6683351 1.6683915 2.001097 2.001379 1.7083056 1.6449995 1.6407775 0.385 0.385 0.81333333 0.81333333 0.81333333 0.81333333 0.48166667 0.48166667 0.48166667 0.48166667 0.96166667 0.96166667 0.96166667 1.3333333 1.3333333 1.3333333
0.37 0.37 0.0083333333 0.0083333333 0.0083333333 0.0083333335 0.1660045 0.37666667 0.37666667 0.37666667 0.37643006 -0.051666667 -0.051666667 -0.051666667 0.59615958 0.6 -0.10361317 -0.10833333 -0.10833333 -0.10833333 0.28833333 0.28833333 0.28833333 0.28833333 1.0083333 1.0083333 1.0083333 1.0083333 1.0083333 1.6683333 1.6683333 1.6683333 1.6683333 1.6683326 1.3433333 0.385 0.385 0.385 0.385 0.3850007 0.54 0.54 0.54 0.56386286 0.61333333 0.61333333 0.61333333 0.96166666 0.96166642 0.71 0.71 1.2833455 1.2833333
0.37 0.37 0.1388696 0.0083333333 0.0083333333 0.0083333337 0.023960331 0.37555316 0.37666667 0.37666667 -0.051666664 -0.051666667 -0.051666667 -0.051666667 -0.051666667 0.0017399223 -0.10833333 -0.10833333 -0.10833333 -0.10833333 0.28833026 0.28833333 0.28833333 0.28833333 1.0083333 1.0083333 1.0083333 1.0083333 1.0083333 1.0057357 1.6683333 1.6683333 1.6683333 1.3433333 1.3433333 1.3425892 0.385 0.385 0.66638926 0.88499996 0.54 0.54 0.54 0.56398483 0.61333333 0.61333333 0.61333333 0.66833333 0.70948084 0.71 0.71 1.2833333 1.2833333
0.245 0.245 0.245 0.067672172 0.0085459711 0.023333334 0.023333333 0.023333333 0.023333333 -0.038333333 -0.038333333 -0.051666666 -0.051666667 -0.051666667 -0.051666667 -0.051670285 -0.10833333 -0.10833333 -0.10833333 -0.10833333 0.11524087 0.28833333 0.28833333 0.28052583 0.035345229 1.0083333 1.0083333 1.0083333 0.77166667 0.77166667 0.77166667 0.77167043 1.3433333 1.3433333 1.3433333 1.3433333 0.885 0.885 0.885 0.885 0.65166667 0.65166667 0.65166667 0.73333169 0.73333333 0.73333333 0.7333333 0.66833333 0.66833333 0.70994923 0.71 1.2833313 1.2833333
0.245 0.245 0.245 0.24499515 0.155 0.1358535 0.023333333 0.023333333 0.023333333 -0.038333333 -0.038333333 -0.038333333 -0.71499997 -0.715 -0.715 -0.71499999 -0.109408 -0.10833333 -0.10833333 -0.10833333 -0.10233474 -0.009999181 -0.01 -0.01 -0.01 -0.0099999892 0.016666674 0.016666667 0.77166667 0.77166667 0.77166667 0.77166667 1.343333 1.3433333 1.3433333 1.3433003 0.88500001 0.885 0.885 0.88622831 0.65166667 0.65166667 0.65166667 0.73332955 0.73333333 0.73333333 0.73333333 0.66833333 0.66833333 0.66833336 0.87833333 0.87833333 0.82666667
0.245 0.245 0.245 0.15500021 0.155 0.155 0.023333383 0.023333333 0.023333333 -0.038333333 -0.038333333 -0.038333333 -0.715 -0.715 -0.715 -0.71347681 -0.695 -0.695 -0.69499848 -0.11164698 -0.01 -0.01 -0.01 -0.01 -0.01 -0.0099799319 0.016666667 0.016666667 0.016666668 0.77166667 0.77166667 0.77162054 0.93833333 0.93833333 0.93833333 0.90333333 0.90333333 1.165 1.165 1.165 1.0933333 0.6518052 0.65166978 1.0683333 1.0683333 1.0556372 0.73333411 0.66833333 0.66833333 0.87833333 0.87833333 0.87833333 0.82666667
0.245 0.245 0.245 0.155 0.155 0.155 0.155 0.023333333 0.023333333 -0.038333333 -0.038333333 -0.68794309 -0.715 -0.715 -0.715 -0.695 -0.695 -0.695 -0.695 -0.695 -0.01 -0.01 -0.01 -0.01 -0.01 0.016666576 0.016666667 0.016666667 0.016666667 0.7 0.7 0.7 0.93833333 0.93833333 0.93833333 0.90333333 0.90333333 1.165 1.165 1.0933333 1.0933333 1.0933333 1.0683333 1.0683333 1.0683333 1.0683333 1.0519039 0.86833333 0.86833333 0.86833333 0.87833333 0.71666667 0.71666667
0.245 0.245 0.24487467 0.155 0.155 0.155 0.155 -0.26864524 -0.29 -0.28956792 -0.038333367 -0.71501382 -0.715 -0.715 -0.71499993 -0.695 -0.695 -0.695 -0.695 -0.695 -0.65096917 -0.01 -0.01 -0.01 -0.010084103 0.016642192 0.016666667 0.016666667 0.016666667 0.7 0.7 0.7 0.70002971 0.93833333 0.90333333 0.90333333 0.90333333 0.90334395 1.1649951 1.0933333 1.0933333 1.0933333 1.0683349 1.0683333 1.0683333 1.0683333 0.86833491 0.86833333 0.86833333 0.86833333 0.71666667 0.71666667 0.71666667
