interpolatedSpi/06-11|23_1.tif
NCOLS 53
NROWS 52
XLLCORNER -116.03883
YLLCORNER 28.596182
DX 0.49850594
DY 0.49788537
NODATA_VALUE -9999
[rows 0 to 28 of 52, columns 0 to 52 of 53]
-0.27 -0.27 -0.22811681 -0.22 -0.12166667 -0.455 -0.365 -0.43333333 -0.63894365 -0.87166667 -0.41666667 -0.56 -0.80329298 -0.31333333 -0.058333333 -0.058333333 -0.058333333 -0.515 -0.145 -0.145 -0.145 -0.14500143 -0.29333333 -0.26666667 -0.26666667 -0.26666667 -0.78500235 -0.785 -0.785 -1.3233333 -1.3233333 -1.3233333 -1.3233333 -0.91166675 -0.91166667 -0.91166667 -0.91166667 -0.91166667 -0.91166667 -0.91166665 -0.20263639 -0.19507342 -0.48333333 -0.48333333 -0.48333333 -0.48333333 -0.48270722 -0.1 -0.1 -0.1 -0.24833303 -0.24833333 -0.24833333
-0.27001029 -0.50166667 -0.20166696 -0.24283169 -0.34512673 -0.71166667 -0.475 -0.50351674 -0.87833333 -0.445 -0.76666667 -0.80333333 -0.80333333 -0.73027175 -0.31333613 -0.058333333 -0.515 -0.515 -0.14548243 -0.145 -0.145 -0.145 -0.29403795 -0.26666667 -0.26666667 -0.26666667 -0.25666667 -0.25666667 -1.3233333 -1.3233333 -1.3233333 -1.3233333 -1.3233333 -0.91166673 -0.91166667 -0.91166667 -0.91166667 -0.91166667 -0.91166663 -0.70762351 0.3682337 -0.37999087 -0.48333333 -0.48333333 -0.48333333 -0.48333333 -0.48333333 -0.1 -0.1 -0.1 -0.11229994 -0.24833333 -0.24833333
0.22664902 0.22666667 -0.46 -0.22166667 -0.5 -0.11166667 -0.12833333 -0.245 -0.615 -0.74666667 -0.655 -0.67 -0.76 -1.0966667 -0.73166667 -0.85833333 -0.515 -0.515 -0.515 -0.29495639 -0.295 -0.295 -0.78666667 -0.26666667 -0.26666667 -0.26666667 -0.25666667 -0.25666667 -0.25666667 -1.3233333 -1.3233333 -1.3233333 -0.96228328 -0.91027479 -0.90653183 -0.36505518 -0.36 -0.36 -0.26839486 0.36833333 0.36833333 0.36724426 -0.48333333 -0.48333333 -0.48333333 -0.48333333 -0.48333333 -0.1 -0.1 -0.1 -0.1 -0.24833333 -0.24833333
0.18 0.22666658 -0.21674173 -0.16666667 -0.54666667 -0.57333333 -0.695 -0.95833333 -0.32166667 -0.57767086 -0.735 -0.90166667 -0.97333333 -1.0966667 -0.83666667 -0.85833333 -0.62347739 -0.62159193 -0.44333333 -0.295 -0.295 -0.49333333 -0.78666667 -0.78666667 -0.26666667 -0.26666662 -0.25666667 -0.25666667 -0.25666667 -0.545 -0.56054587 -0.57333333 -0.57333333 -0.57333316 -0.36 -0.36 -0.36 -0.36 0.36833333 0.36833333 0.36833333 0.3683333 -0.48333333 -0.48333333 -0.48333333 -0.48333333 -0.48333333 -0.10000484 -0.1 -0.1 -0.1 -0.24835772 -0.24833333
0.18 -0.15000012 -0.21666667 -0.34390744 -0.54666667 -0.63 -0.72162251 -0.87333333 -0.905 -0.61166681 -0.78842287 -0.86824811 -0.27333333 -0.83666667 -0.83666667 -0.84744545 -0.62166667 -0.62166667 -0.44333333 -0.44333333 -0.2950004 -0.49333333 -0.45 -0.3 -0.36166667 -0.36163507 -0.25666667 -0.25666667 -0.545 -0.545 -0.57333333 -0.57333333 -0.57333333 -0.4991612 -0.36 -0.36 -0.36 0.36833333 0.36833333 0.36833333 0.36833333 0.36825965 -0.48333333 -0.48333333 -0.48333333 -0.48333333 -0.48333333 -0.47992119 -0.1 -0.10004013 -0.995 -0.995 -0.995
-1.1716667 -0.36 -0.28333332 0.041666667 -0.27666667 -0.485 -0.85833333 -0.86025376 -0.83833333 -0.955 -0.895 -0.71333333 -0.71333304 -0.81166667 -0.81166667 -0.55824803 -0.55833333 -0.71333333 -0.71333333 -0.44333327 -0.53 -0.53 -0.3 -0.36166667 -0.36166667 -0.22666667 -0.54833333 -0.54833333 -0.32835305 -0.545 -0.57333333 -0.57333333 -0.18 -0.17999808 -0.16166788 0.245 0.245 0.33017735 0.36833333 0.36833333 -0.39404796 -0.395 -0.39499889 -0.028179103 -0.020051208 -0.020000124 -0.020000016 -0.020000182 -0.76961276 -0.995 -0.995 -0.995 -0.995
-0.18500037 -0.415 -0.04566202 -0.18 -0.31166667 -0.87 -0.49166667 -0.74166667 -1.0683333 -1.0683333 -0.895 -1.0966667 -0.76333331 -0.81166667 -0.20500182 -0.205 -0.55833333 -0.19166667 -0.37166667 -0.37166667 -0.41846731 -0.29333333 -0.29333333 -0.295 -0.22666667 -0.22666667 -0.54833333 -0.54833333 -0.32833537 -0.32837089 -0.11410494 -0.18 -0.18 -0.16166667 -0.16166667 -0.025504553 0.245 0.245 -0.034990295 -0.3949995 -0.395 -0.395 -0.3949941 -0.020001915 -0.02 -0.02 -0.02 -0.020000439 -0.755 -0.99495244 -0.995 -0.995 -0.995
-0.185 -0.42666667 -0.26166667 -0.37833333 -0.29333821 -0.65333333 -0.82666667 -0.83166666 -1.1716667 -1.1783333 -1.1783333 -0.645 -0.76333333 -0.76333333 -0.20883068 -0.39625896 -0.415 -0.17 -0.48499988 -0.37166667 0.035082145 0.083333333 -0.28333333 -0.045000001 -0.045006298 -0.53333333 -0.21333333 -0.21333345 -0.36321069 -0.36333333 -0.11333333 -0.24615019 -0.125 -0.16166667 -0.16466139 -0.25166667 -0.25166667 -0.034999998 -0.035 -0.395 -0.395 -0.39499999 -0.36252994 -0.36333332 -0.02 -0.02 -0.02 -0.75497202 -0.755 -0.755 -0.995 -0.995 -0.995
-0.51415596 -0.42666667 -0.19666667 -0.60166667 -0.15833333 -0.58333333 -0.39166667 -0.22666667 -0.935 -0.20268646 -0.23833333 -0.67 -0.67 -0.14666667 -0.1466685 0.095240609 0.096666667 0.096666667 -0.21808523 -0.58833331 -0.485 -0.48499999 -0.35833333 -0.3128896 -0.48412223 -0.53333333 -0.096666667 -0.21333333 -0.44696775 -0.44833333 -0.28 -0.395 -0.27160418 -0.51333333 -0.26666667 -0.36166667 -0.32 0.051666667 0.10164358 -0.39297642 0.058333333 -0.23 -0.36333658 -0.36333333 -0.36140087 -0.02 -0.46999998 -0.755 -0.755 -0.755 -0.755 -1.0059982 -0.39166667
-1.0033333 -1.0033333 -0.078333333 0.011666667 -0.27166667 0.0033333333 -0.31 -0.72833333 -0.42833333 -0.01676629 -0.785 0.061666667 -0.14666667 -0.14666667 -0.34166667 -0.33565473 0.096666667 0.096650469 0.041666667 -0.58833333 -0.58833333 -0.57502052 -0.35833333 -0.43833182 -0.43833333 -0.43833333 -0.096666667 -0.14166667 -0.14166667 -0.44833333 -0.44833333 -0.39453533 -0.15 -0.51333333 -0.45 -0.36166667 -0.32 -0.19833333 0.10166667 0.052476976 -0.22999999 -0.28632537 -0.38333333 -0.36333333 -0.36333333 -0.47 -0.47 -0.47 -0.755 -0.755 -1.0833333 -1.0833333 -1.0833331
-1.0033333 -1.0033333 -0.29666667 -0.43333333 -0.355 0.025 -0.34666667 0.11738817 0.018333333 0.32666667 0.23833333 0.21833333 0.061874928 -0.34166667 -0.34166667 -0.3416411 -0.12 -0.11151497 0.041666667 -0.016666667 -0.016666667 -0.17 -0.17 -0.43833333 -0.43833333 -0.43833333 -0.14166667 -0.14166667 -0.14166667 -0.43833333 -0.43833333 -0.43833286 -0.53166667 -0.53166667 -0.93833333 -0.54333333 -0.49833333 -0.17333752 -0.35 0.051666667 0.051666667 -0.32833351 -0.38333333 -0.36333333 -0.22166668 -0.205 -0.45340511 -0.45333333 -0.80666667 -0.80666667 -1.0833333 -1.0833333 -1.0833333
-1.0033333 -0.69819932 -0.35498721 -0.27666541 -0.10666667 -0.063333333 -0.34666667 0.11833333 0.018334168 0.32325071 0.21833347 0.21833333 0.056666667 -0.34166667 -0.34166667 -0.12000001 -0.12 -0.1199908 0.041666667 -0.016666667 -0.046778214 -0.17 -0.17 -0.43832222 -0.43833333 -0.43340254 -0.42333333 -0.42333333 -0.4233333 -0.43833333 -0.43833333 -0.465 -0.465 -0.53166778 -0.93833333 -0.5450002 -0.52505901 -0.17333333 -0.17333333 0.051666654 -0.32833333 -0.32833333 -0.32833257 -0.22166667 -0.22166667 -0.205 -0.45333333 -0.45333333 -0.80666667 -0.80666667 -1.0833333 -1.0833333 -1.0833333
-0.40166667 -0.22492199 -0.21667452 -0.21709911 -0.10666656 -0.063334357 -0.34666666 0.11260945 0.025224356 0.026384738 0.056666667 0.056666667 0.056666667 0.056666667 -0.34161024 -0.12 -0.12 -0.11791263 0.041666667 -0.016616642 0.155 0.155 0.155 0.155 -0.42828562 -0.42333333 -0.42333333 -0.42333333 -0.42333333 -0.42321577 -0.465 -0.465 -0.465 -0.465 -0.545 -0.545 -0.545 -0.1918275 -0.17691336 -0.65 -0.65 -0.32835064 -0.54998876 -0.22169829 -0.22166667 -0.205 -0.45333333 -0.45333333 -0.80666666 -0.80666667 -1.0823296 -1.0833333 -1.0091691
-0.40166667 -0.21666667 -0.21666667 -0.21666667 -0.21666667 -0.2166666 -0.34594137 -0.12665893 0.043609005 0.056633123 0.056666667 0.056666667 0.056666667 0.056666667 0.05666683 -0.12 -0.11999997 -0.10891077 0.041664782 0.155 0.155 0.155 0.155 0.155 0.16090633 -0.073928893 0.033333239 0.033333333 0.033333333 0.033333333 -0.46499999 -0.465 -0.46499948 -0.03 -0.03 -0.545 -0.34894134 -0.34333333 -0.64999982 -0.65 -0.65 -0.65 -0.55 -0.55 -0.55 -0.54759911 -0.30260189 -0.30166667 -0.30166667 -0.30166667 -0.30166668 -0.7633334 -0.76333333
-0.28 -0.21666667 -0.21666667 -0.21666667 -0.21666667 -0.21666667 -0.21666667 -0.081001075 0.28875241 0.29 0.29 0.29 0.29 0.29 0.29 0.55284718 -0.1092208 -0.097862281 0.1549857 0.155 0.155 0.155 0.155 0.15500031 0.42833333 0.42833333 0.42833278 0.033333333 0.033333333 0.034317867 0.525 0.525 -0.03 -0.03 -0.03 -0.29314051 -0.34333333 -0.34333333 -0.34333333 -0.65 -0.65 -0.65 -0.55 -0.55 -0.55 -0.55 -0.30166667 -0.30166667 -0.30166667 -0.30166667 -0.30166667 -0.76333333 -0.76333333
-0.28 -0.25642172 -0.21666667 -0.21666667 -0.21666667 -0.21666667 0.30989663 0.31 0.31 0.29 0.29 0.29 0.29 0.29 0.34919621 0.55833333 0.55833333 0.55833333 0.42085492 0.42166639 0.42166667 0.42166667 0.42166667 0.42166667 0.42833333 0.42833333 0.42833333 0.42833333 0.033333333 0.525 0.525 0.525 -0.02999995 -0.03 -0.03 0.18 -0.34264042 -0.34333333 -0.34333333 -0.64995269 -0.55576123 -0.33594147 -0.55 -0.55 -0.7427367 -0.74333333 -0.74333333 -0.30236106 -0.7218598 -0.7233333 -0.72333325 -0.59002627 -0.76333298
-0.28 -0.14700374 -0.17955662 -0.21666667 -0.21666667 0.30968882 0.31 0.31 0.31 0.30985587 0.29 0.29 0.29 0.29000003 0.55833333 0.55833333 0.55833333 0.55833333 0.42178875 0.42166667 0.42166667 0.42166667 0.42166667 0.42166667 0.42833333 0.42833333 0.42833333 0.42833333 0.42868494 0.525 0.525 0.525 0.55333333 -0.029964557 0.18 0.18 0.18 0.18082213 -0.33550868 -0.335 -0.335 -0.335 -0.975 -0.975 -0.74333333 -0.74333333 -0.74333333 -0.72333333 -0.72333333 -0.72333333 -0.72333333 -0.59 -0.59
-0.14335462 -0.14333333 -0.14333333 -0.14333333 0.385 0.31000193 0.31 0.31 0.31 0.31 0.3182644 0.29000486 0.29000001 0.55833333 0.55833333 0.55833333 0.55833333 0.55833333 0.56582145 0.42166667 0.42166667 0.42166667 0.42166667 0.42166667 0.45677621 0.5083329 0.50833333 0.50833333 0.50833333 0.525 0.55333333 0.55333333 0.55333333 0.55333333 0.18 0.18000206 0.25833333 0.25833333 -0.32759135 -0.335 -0.335 -0.335 -0.975 -0.975 -0.77920331 -0.74333333 -0.74333333 -0.72333333 -0.72333333 -0.72333333 -0.72190365 -0.59 -0.59
-0.14333333 -0.14333333 -0.14333333 0.10546671 0.385 0.385 0.31 0.31 0.31 0.31 0.66333333 0.66333333 0.66333333 0.55833333 0.55833333 0.55833333 0.55833333 0.55841376 0.84666667 0.84666667 0.42166684 0.42166667 0.4204088 0.37 0.37124535 0.50833333 0.50833333 0.50833333 0.50833333 0.55332875 0.55333333 0.55333333 0.55333333 0.55333333 0.25833306 0.25833333 0.25833333 0.25833333 0.25624288 -0.335 -0.335 -0.335 -0.975 -0.975 -0.975 -0.74333333 -0.74333333 -0.72333333 -0.72333333 -0.72333333 -0.59 -0.59 -0.59
-0.14333333 -0.14333333 -0.14333333 0.385 0.385 0.385 0.38499989 0.31 0.31 0.66296859 0.66333333 0.66333333 0.66333333 0.66326792 0.95225224 1.045 1.045 1.045 0.84666667 0.84666667 0.84666667 0.37 0.37 0.37 0.36995891 0.3588439 0.50833333 0.50833333 0.50833333 0.5536533 0.55499984 0.555 0.555 0.555 0.23242621 0.19500014 0.195 0.195 0.195 -0.619961 -0.62 -0.62 -0.975 -0.975 -0.78000081 -0.77999998 -0.72 -0.72 -0.53333333 -0.53333333 -0.53333333 -0.59 -0.34521906
-0.14333236 -0.14333333 -0.14333331 0.385 0.385 0.385 0.385 0.32833333 0.3100733 0.66319883 0.66333333 0.66333333 0.66333333 0.66408227 1.045 1.045 1.045 1.0449999 0.84666667 0.84666667 0.84666667 0.37 0.37 0.37 0.22333333 0.22333333 0.545 0.545 0.545 0.54505455 0.555 0.555 0.555 0.555 0.37509885 0.195 0.195 0.195 0.195 -0.62 -0.62 -0.62 -0.62503421 -0.78 -0.78 -0.78 -0.72 -0.72 -0.53333333 -0.53333333 -0.53333333 -0.34500001 -0.345
0.17 0.03222704 0.26 0.26003626 0.385 0.3286612 0.32833333 0.32833333 0.37205877 0.515 0.515 0.515 0.515 1.1233135 1.1233333 1.0450001 1.045 1.0397742 0.84666667 0.84666667 0.84666667 0.615 0.615 0.615 0.22333333 0.22333333 0.545 0.545 0.545 0.54500017 0.78166523 0.78166603 0.56069693 0.555243 0.24868359 0.24833333 0.24833333 0.24833333 0.24833333 -0.62 -0.62 -0.62 -0.77118957 -0.78 -0.78 -0.77999998 -0.72 -0.72 -0.71999328 -0.53333333 -0.53334161 -0.71833333 -0.345
0.27831276 0.27833333 0.26 0.26 0.26 0.32833333 0.32833333 0.32833333 0.44833333 0.44833333 0.515 0.515 0.515 1.1233333 1.1233333 1.1233333 1.1233333 1.1233023 0.84666667 0.84666667 0.84666666 0.615 0.615 0.615 0.22333333 0.22333333 0.545 0.545 0.545 0.77899823 0.78166667 0.78166667 0.78166667 0.78166667 0.2485965 0.24833333 0.24833333 0.24833333 0.24833333 -0.13166679 -0.13166667 -0.13166667 -0.13166667 -0.77999893 -0.64 -0.64 -0.64 -0.77833333 -0.77833333 -0.77833333 -0.71833333 -0.71833333 -0.71833333
0.27833333 0.27833333 0.26 0.26 0.26 0.32797416 0.32833333 0.44833333 0.44833333 0.44833333 0.51499179 0.515 0.44826815 1.1233332 1.1233333 1.1233333 1.1233333 0.40833333 0.40833333 0.40833333 0.645 0.64499998 0.61500015 0.615 0.61489793 0.62833333 0.62833333 0.62833313 0.54501347 0.77333499 0.77333338 0.77333479 0.78165242 0.78165948 0.34331577 0.24833335 0.24848972 0.295 0.295 -0.13166667 -0.13166667 -0.13166667 -0.13166667 -0.64 -0.64 -0.64 -0.64 -0.77833333 -0.77833333 -0.77833333 -0.71833333 -0.71833333 -0.71833333
0.27833333 0.27833333 0.26 0.26 0.26 0.26 0.37324583 0.44833333 0.44833333 0.44833333 0.44832505 0.43333333 0.43333333 0.43333333 1.119267 1.1233333 0.41309792 0.40833333 0.40833333 0.40833333 0.645 0.645 0.645 0.645 0.62833333 0.62833333 0.62833333 0.62833333 0.62833333 0.77333333 0.77333333 0.77333333 0.77333333 0.7733324 0.33 0.295 0.295 0.295 0.295 0.29499765 -0.38 -0.38 -0.38 -0.45864185 -0.62166667 -0.62166667 -0.62166667 -0.77833333 -0.77833329 -0.735 -0.735 -0.36175344 -0.36166667
0.27833333 0.27833333 0.26661705 0.26 0.26 0.26 0.3518382 0.44802869 0.44833333 0.44833333 0.43333328 0.43333333 0.43333333 0.43333333 0.43333333 0.48988669 0.40833333 0.40833333 0.40833333 0.40833333 0.64499817 0.645 0.645 0.645 0.62833333 0.62833333 0.62833333 0.62833333 0.62833333 0.17108385 0.77333333 0.77333333 0.77333333 0.33 0.33 0.32997282 0.295 0.295 0.027680205 -0.17999996 -0.38 -0.38 -0.38 -0.45735194 -0.62166667 -0.62166667 -0.62166667 -0.61666667 -0.73352558 -0.735 -0.735 -0.36166667 -0.36166667
0.34 0.34 0.34 0.2800582 0.25994657 0.35166667 0.35166667 0.35166667 0.35166667 0.18833333 0.18833333 0.43333332 0.43333333 0.43333333 0.43333333 0.43333173 0.40833333 0.40833333 0.40833333 0.40833333 0.54172634 0.645 0.645 0.63937336 0.43883156 0.62833333 0.62833333 0.62833333 -0.041666667 -0.041666667 -0.041666667 -0.041663246 0.33 0.33 0.33 0.33 -0.18 -0.18 -0.18 -0.18 -0.43 -0.43 -0.43 -0.53999779 -0.54 -0.54 -0.54000003 -0.61666667 -0.61666667 -0.73485582 -0.735 -0.36166752 -0.36166667
0.34 0.34 0.34 0.33999363 0.22166667 0.2405708 0.35166667 0.35166667 0.35166667 0.18833333 0.18833333 0.18833333 -0.14833331 -0.14833333 -0.14833333 -0.14833333 0.40670606 0.40833333 0.40833333 0.40833333 0.4119103 0.43000059 0.43 0.43 0.43 0.42999999 -0.086666661 -0.086666667 -0.041666667 -0.041666667 -0.041666667 -0.041666667 0.32999991 0.33 0.33 0.32998982 -0.18 -0.18 -0.18 -0.17983184 -0.43 -0.43 -0.43 -0.5399949 -0.54 -0.54 -0.54 -0.61666667 -0.61666667 -0.61666666 -0.53 -0.53 -0.19166667
0.34 0.34 0.34 0.22166694 0.22166667 0.22166667 0.35166662 0.35166667 0.35166667 0.18833333 0.18833333 0.18833333 -0.14833333 -0.14833333 -0.14833333 -0.17359292 -0.48 -0.48 -0.47999771 0.40331579 0.43 0.43 0.43 0.43 0.43 0.42961118 -0.086666667 -0.086666667 -0.086666667 -0.041666667 -0.041666667 -0.04167954 0.205 0.205 0.205 -0.058333332 -0.058333334 -0.14166667 -0.14166667 -0.14166667 -0.49166667 -0.43001934 -0.42999942 -0.35166667 -0.35166667 -0.35880429 -0.53999963 -0.61666667 -0.61666667 -0.53 -0.53 -0.53 -0.19166667
