interpolatedSpi/06-11|21_2.tif
NCOLS 53
NROWS 52
XLLCORNER -116.03883
YLLCORNER 28.596182
DX 0.49850594
DY 0.49788537
NODATA_VALUE -9999
[rows 0 to 29 of 52, columns 0 to 52 of 53]
-0.85 -0.85 -0.9234074 -0.83833333 -0.81166667 -1.105 -1.035 -1.1033333 -1.1103483 -1.0783333 -1.245 -0.655 -1.0333075 -0.72 -0.62333333 -0.62333333 -0.62333333 -0.39166667 -0.78666667 -0.78666667 -0.78666667 -0.78665903 0.0066666539 -1.28 -1.28 -1.28 -1.0949945 -1.095 -1.095 -0.56166667 -0.56166667 -0.56166667 -0.56166667 -0.75999996 -0.76 -0.76 -0.76 -0.76 -0.76 -0.76000001 -1.0765897 -1.07972 0.02 0.02 0.02 0.02 0.020035389 0.041666667 0.041666667 0.041666667 -0.0016665767 -0.0016666667 -0.0016666667
-0.85002029 -1.3066667 -0.82166623 -0.81738978 -1.1299724 -0.60166667 -0.99333333 -1.1081212 -1.5016667 -1.2266667 -0.94 -1.0333333 -1.0333333 -1.0821218 -0.72000353 -0.62333333 -0.39166667 -0.39166667 -0.78615164 -0.78666667 -0.78666667 -0.78666667 -1.2668407 -1.28 -1.28 -1.28 -1.2633333 -1.2633333 -0.56166667 -0.56166667 -0.56166667 -0.56166667 -0.56166667 -0.75999997 -0.76 -0.76 -0.76 -0.76 -0.76000001 -0.75065922 -0.68335038 -0.065344107 0.02 0.02 0.02 0.02 0.02 0.041666667 0.041666667 0.041666667 0.038073425 -0.0016666667 -0.0016666667
-1.1533258 -1.1533333 -0.44333333 -0.73333333 -0.65166667 -0.95 -0.545 -1.0533333 -1.4016667 -1.24 -1.1466667 -1.2783333 -0.86166667 -0.66 -1.0833333 -1.305 -0.39166667 -0.39166667 -0.39166667 -0.77333721 -0.77333333 -0.77333333 -1.03 -1.28 -1.28 -1.28 -1.2633333 -1.2633333 -1.2633333 -0.56166667 -0.56166667 -0.56166666 -0.50389866 -0.76001902 -0.76134964 -0.9036713 -0.905 -0.905 -0.87712018 -0.68333333 -0.68333333 -0.68243395 0.02 0.02 0.02 0.02 0.02 0.041666667 0.041666667 0.041666667 0.041666667 -0.0016666667 -0.0016666667
-0.40166667 -1.1533332 -0.60995124 -0.18666667 -0.49333333 -0.69833333 -0.57666667 -0.90166667 -0.71166667 -0.86101794 -0.995 -1.265 -1.3033333 -0.66 -0.81833333 -1.305 -1.4836228 -1.4842339 -1.3883333 -0.77333333 -0.77333333 -1.0666667 -1.03 -1.03 -1.28 -1.2799999 -1.2633333 -1.2633333 -1.2633333 -0.69166667 -0.55449723 -0.44166667 -0.44166667 -0.44166703 -0.905 -0.905 -0.905 -0.905 -0.68333333 -0.68333333 -0.68333333 -0.68333331 0.02 0.02 0.02 0.02 0.02 0.041666393 0.041666667 0.041666667 0.041666667 -0.0017039576 -0.0016666671
-0.40166667 -0.17833413 -0.61 -0.69793795 -0.49333333 -0.64166667 -0.97665175 -1.0216667 -1.235 -0.72666683 -0.84304342 -0.89836246 -1.1016667 -0.81833333 -0.81833333 -1.1467892 -1.485 -1.485 -1.3883333 -1.3883333 -0.77333387 -1.0666667 -0.91166667 -0.82833333 -0.69166667 -0.69156118 -1.2633333 -1.2633333 -0.69166667 -0.69166667 -0.44166667 -0.44166667 -0.44166667 -0.41935206 -0.905 -0.905 -0.905 -0.68333333 -0.68333333 -0.68333333 -0.68333333 -0.68333156 0.01999999 0.02 0.02 0.02 0.02 0.02019286 0.041666667 0.041613531 -1.1433333 -1.1433333 -1.1433333
-1.39 -0.64333333 -0.29833334 -0.61 -0.565 -0.585 -0.85333333 -0.87488482 -0.54833333 -0.405 -0.58666667 -0.14 -0.14000063 -1.4266667 -1.4266667 -1.8697481 -1.87 -1.4816667 -1.4816667 -1.3883327 -0.58833333 -0.58833333 -0.82833333 -0.69166667 -0.69166667 -0.24 -0.15166667 -0.15166667 -0.37169556 -0.69166667 -0.44166667 -0.44166667 -0.32333333 -0.32328144 0.17329756 -0.53833333 -0.53833333 -0.63847427 -0.68333333 -0.68333333 -0.66502287 -0.665 -0.66499851 -0.91650439 -0.93322797 -0.93333308 -0.9333333 -0.93333297 -0.46940698 -1.1433333 -1.1433333 -1.1433333 -1.1433333
0.15665457 -0.52166667 -0.69091648 -0.18166667 -0.45666667 -0.91833333 -0.58333333 -0.705 -0.90166667 -0.90166667 -0.58666667 -1.1333333 -1.5899999 -1.4266667 -0.82666846 -0.82666667 -1.87 -0.95 -0.68333333 -0.68333333 -0.62760541 -0.67166667 -0.67166667 -0.20166667 -0.24 -0.24 -0.15166667 -0.15166667 -0.37165948 -0.37153434 0.062370591 -0.32333333 -0.32333333 0.17333333 0.17333333 -0.50565493 -0.53833333 -0.53833333 -0.624997 -0.66499994 -0.665 -0.665 -0.66499043 -0.93332748 -0.93333333 -0.93333333 -0.93333333 -0.933333 -0.37166667 -1.1431804 -1.1433333 -1.1433333 -1.1433333
0.15666667 0.013333333 -0.24333333 -0.815 -0.64667632 -0.60333333 -0.34 -1.1316667 -0.985 -0.91333333 -0.91333333 -1.2533333 -1.59 -1.59 -0.83190384 -1.1773081 -1.2116667 -0.66833333 -0.76666658 -0.68333333 -0.068680073 -0.08 0.415 0.11666667 0.11666858 0.265 -0.44166667 -0.44166656 -0.24876551 -0.24833333 0.063333333 -0.41484354 -0.635 0.17333333 0.15959562 -0.47833333 -0.47833333 -0.625 -0.625 -0.665 -0.665 -0.66499999 0.11474703 0.11666661 -0.93333333 -0.93333333 -0.93333333 -0.37168805 -0.37166667 -0.37166667 -1.1433333 -1.1433333 -1.1433333
0.047975048 0.013333338 0.47166667 -0.48833333 -0.15833333 -0.33833333 -0.45333333 -0.50333333 -0.82333333 -0.76219645 -0.92666667 -0.99333333 -0.99333333 -0.99166667 -0.99166281 -0.69145393 -0.69 -0.69 -0.68334407 -0.14666662 0.053333333 0.053333332 0.26833333 0.35720108 0.25005192 0.265 -0.555 -0.44166667 -0.19809036 -0.19666667 -0.35333333 -0.023333333 0.1109715 -0.28333333 -0.30833333 -0.31333333 -0.47333333 -0.64666667 -0.60002155 -0.66226222 -0.051666667 -0.088333333 0.11664224 0.11666667 0.1107567 -0.93333333 -0.91666667 -0.37166667 -0.37166667 -0.37166667 -0.37166667 -1.1572367 -0.51
0.24166667 0.24166667 0.705 0.43833333 -0.023333333 -0.365 -0.72833333 -0.295 -0.43 -0.74668107 -1.05 -0.46333333 -0.99166667 -0.99166667 -0.58166667 -0.58315251 -0.69 -0.68991779 -0.33833333 -0.14666667 -0.14666667 -0.12089996 0.26833333 -0.089993215 -0.09 -0.09 -0.555 -0.0083333338 -0.0083333334 -0.19666667 -0.19666667 -0.022827569 0.24333333 -0.28333333 0.15 -0.31333333 -0.47333333 -0.36166667 -0.6 -0.61639655 -0.088333332 -0.068129667 -0.033333333 0.11666667 0.11666667 -0.91666667 -0.91666667 -0.91666667 -0.37166667 -0.37166667 -1.255 -1.255 -1.2549997
0.24166667 0.24166667 0.15166667 -0.1 -0.89333333 -0.11666667 -0.58833333 -1.0631585 -1.0333333 -0.93 -0.99 -1.225 -0.46434812 -0.58166667 -0.58166667 -0.58162764 -0.24333333 -0.24831938 -0.33833333 -0.78166667 -0.78166667 -0.185 -0.185 -0.09 -0.09 -0.09 -0.0083333333 -0.0083333333 -0.0083333333 0.33666667 0.33666667 0.33666651 0.083333333 0.083333333 -0.083333333 -0.096666667 0.083333333 -0.5066557 -0.73 -0.61666667 -0.61666667 -0.39999879 -0.033333333 0.11666667 -0.35833354 -0.75833333 -0.76067473 -0.76 -0.70333333 -0.70333333 -1.255 -1.255 -1.255
0.24166667 0.2027226 0.044271524 -0.45165796 -0.30833333 -0.655 -0.58833333 -1.0633333 -1.0333336 -0.93114481 -1.2249996 -1.225 -0.885 -0.58166667 -0.58166667 -0.24333334 -0.24333333 -0.24333874 -0.33833333 -0.78166667 -0.66449347 -0.185 -0.185 -0.090004379 -0.09 -0.1124625 -0.15833333 -0.15833333 -0.15833331 0.33666667 0.33666667 0.16666667 0.16666667 0.083332876 -0.083333333 -0.07500005 0.19531366 -0.50666667 -0.50666667 -0.61666666 -0.4 -0.4 -0.39999964 -0.35833333 -0.35833333 -0.75833333 -0.76 -0.76 -0.70333333 -0.70333333 -1.255 -1.255 -1.255
-0.69666667 -0.29247319 -0.32665805 -0.32756976 -0.30833526 -0.65499181 -0.58833334 -1.0574864 -1.0354006 -1.030635 -0.885 -0.885 -0.885 -0.885 -0.58170964 -0.24333333 -0.24333333 -0.24455993 -0.33833333 -0.7816595 -0.76666667 -0.76666667 -0.76666667 -0.76666667 -0.10150225 -0.15833333 -0.15833333 -0.15833333 -0.15833333 -0.15805012 0.16666667 0.16666667 0.16666667 0.16666667 -0.075 -0.075 -0.075 -0.48435009 -0.50744276 -0.61 -0.61 -0.4000113 -0.87164909 -0.35838278 -0.35833333 -0.75833333 -0.76 -0.76 -0.70333334 -0.70333333 -1.2529986 -1.255 -0.58616138
-0.69666667 -0.32666667 -0.32666667 -0.32666667 -0.32666667 -0.3266668 -0.58850391 -0.81308177 -1.040916 -0.88515722 -0.885 -0.885 -0.885 -0.885 -0.88500021 -0.24333334 -0.24333335 -0.24984968 -0.3383334 -0.76666667 -0.76666667 -0.76666667 -0.76666667 -0.76666667 -0.7538023 -0.17134795 -0.17833333 -0.17833333 -0.17833333 -0.17833333 0.16666667 0.16666667 0.16666656 0.078333333 0.078333333 -0.075 -0.078240639 -0.078333333 -0.60999969 -0.61 -0.61 -0.61 -0.87166667 -0.87166667 -0.87166667 -0.87087797 -1.0994433 -1.1016667 -1.1016667 -1.1016667 -1.1016667 -0.43666684 -0.43666667
-1.0083333 -0.32666667 -0.32666667 -0.32666667 -0.32666667 -0.32666667 -0.32666668 -0.67987639 -1.1740785 -1.175 -1.175 -1.175 -1.175 -1.175 -1.175 -0.94628185 -0.25442399 -0.25634219 -0.76661278 -0.76666667 -0.76666667 -0.76666667 -0.76666667 -0.76666646 -0.17166667 -0.17166667 -0.17166668 -0.17833333 -0.17833333 -0.17759577 0.19 0.19 0.078333333 0.078333333 0.078333333 -0.053236905 -0.078333333 -0.078333333 -0.078333333 -0.61 -0.61 -0.61 -0.87166667 -0.87166667 -0.87166667 -0.87166667 -1.1016667 -1.1016667 -1.1016667 -1.1016667 -1.1016667 -0.43666667 -0.43666667
-1.0083333 -0.75455658 -0.32666667 -0.32666667 -0.32666667 -0.32666667 -0.62994047 -0.63 -0.63000001 -1.175 -1.175 -1.175 -1.175 -1.175 -1.123525 -0.94166667 -0.94166667 -0.94166667 -0.58721531 -0.58666685 -0.58666667 -0.58666667 -0.58666667 -0.58666667 -0.17166667 -0.17166667 -0.17166667 -0.17166667 -0.17833333 0.19 0.19 0.19 0.078333343 0.078333333 0.078333333 0.22166667 -0.077936124 -0.078333333 -0.078333333 -0.60991091 -0.43249205 -0.01844001 -0.87166667 -0.87166667 -0.9314815 -0.93166667 -0.93166667 -1.1009709 -0.67981269 -0.67833337 -0.67833341 -0.16004201 -0.4366661
-1.0083333 -0.62231999 -0.47088979 -0.32666667 -0.32666667 -0.62982078 -0.63 -0.63 -0.63 -0.63392743 -1.175 -1.175 -1.175 -1.175 -0.94166667 -0.94166667 -0.94166667 -0.94166667 -0.58698378 -0.58666667 -0.58666667 -0.58666667 -0.58666667 -0.58666667 -0.17166668 -0.17166667 -0.17166667 -0.17166667 -0.17035116 0.19 0.19 0.19 0.2 0.07835085 0.22166667 0.22166667 0.22166667 0.2244108 -0.020554937 -0.016666667 -0.016666667 -0.016666667 -0.56666667 -0.56666667 -0.93166667 -0.93166667 -0.93166667 -0.67833334 -0.67833333 -0.67833333 -0.67833333 -0.16 -0.16
-0.61187241 -0.61166667 -0.61166667 -0.61166666 -0.30166667 -0.62999153 -0.63 -0.63 -0.63 -0.63 -1.1333603 -1.1749928 -1.175 -0.94166667 -0.94166667 -0.94166667 -0.94166667 -0.94166667 -0.8874278 -0.58666667 -0.58666667 -0.58666667 -0.58666667 -0.58666667 -0.26901474 -0.073333866 -0.073333333 -0.073333333 -0.073333333 0.19 0.2 0.2 0.2 0.2 0.22166667 0.22167329 0.47333333 0.47333333 -0.010548287 -0.016666667 -0.016666667 -0.016666667 -0.56666667 -0.56666667 -0.8751521 -0.93166667 -0.93166667 -0.67833333 -0.67833333 -0.67833333 -0.67277545 -0.16 -0.16
-0.61166667 -0.61166667 -0.61166667 -0.46568304 -0.30166667 -0.30166667 -0.63 -0.63 -0.63 -0.63 -0.625 -0.625 -0.625 -0.94166667 -0.94166667 -0.94166667 -0.94166667 -0.94156834 -0.52333333 -0.52333333 -0.58666664 -0.58666667 -0.57928178 -0.28333333 -0.28144279 -0.073333333 -0.073333333 -0.073333333 -0.073333333 0.19997217 0.2 0.2 0.2 0.2 0.47333245 0.47333333 0.47333333 0.47333333 0.47158964 -0.016666667 -0.016666667 -0.016666667 -0.56666667 -0.56666667 -0.56666667 -0.93166667 -0.93166667 -0.67833333 -0.67833333 -0.67833333 -0.16 -0.16 -0.16
-0.61166667 -0.61166667 -0.61166667 -0.30166667 -0.30166667 -0.30166667 -0.30166717 -0.63 -0.63 -0.62500516 -0.625 -0.625 -0.625 -0.62519729 -0.46006033 -0.34666667 -0.34666667 -0.34666667 -0.52333333 -0.52333333 -0.52333333 -0.28333333 -0.28333333 -0.28333333 -0.28327497 -0.074207541 -0.073333333 -0.073333333 -0.073333333 0.12321378 0.11334186 0.11333333 0.11333333 0.11333333 0.32614484 0.1200008 0.12 0.12 0.12 -0.053328316 -0.053333333 -0.053333333 -0.56666667 -0.56666667 -0.36833416 -0.36833328 -0.20666667 -0.20666667 -0.038333333 -0.038333333 -0.038333333 -0.16 0.19967812
-0.6116635 -0.61166667 -0.61166666 -0.30166667 -0.30166667 -0.30166667 -0.30166666 0.12333311 -0.62698788 -0.62455568 -0.625 -0.625 -0.625 -0.62445383 -0.34666667 -0.34666667 -0.34666667 -0.34666672 -0.52333333 -0.52333333 -0.52333333 -0.28333333 -0.28333333 -0.28333333 -0.075 -0.075 -0.063333334 -0.063333333 -0.063333333 -0.062369561 0.11333333 0.11333333 0.11333333 0.11333333 0.11666477 0.12 0.12 0.12 0.12 -0.053333333 -0.053333333 -0.053333333 -0.063244438 -0.36833333 -0.36833333 -0.36833333 -0.20666667 -0.20666667 -0.038333334 -0.038333333 -0.038333333 0.19999999 0.2
0.40833333 -0.060487199 0.10333333 0.10321584 -0.30166667 0.1208743 0.12333333 0.12333333 0.12879901 -0.13499999 -0.135 -0.135 -0.135 0.31331874 0.31333333 -0.34666616 -0.34666667 -0.35132157 -0.52333333 -0.52333333 -0.52333333 0.46 0.46 0.46 -0.075 -0.075 -0.063333333 -0.063333333 -0.063333333 -0.063333301 -0.018332496 -0.018332964 0.11002409 0.11319218 -0.31783832 -0.31833333 -0.31833333 -0.31833333 -0.31833333 -0.053333333 -0.053333333 -0.053333333 -0.35098836 -0.36833333 -0.36833333 -0.36833327 -0.20666667 -0.20666667 -0.20666061 -0.038333333 -0.0383425 -0.24333333 0.2
0.21003766 0.20999998 0.10333333 0.10333333 0.10333333 0.12333333 0.12333333 0.12333333 0.13833333 0.13833333 -0.135 -0.135 -0.135 0.31333333 0.31333333 0.31333333 0.31333333 0.31323797 -0.52333333 -0.52333333 -0.5233333 0.46 0.46 0.46 -0.075 -0.075 -0.063333333 -0.063333333 -0.063333333 -0.018840712 -0.018333333 -0.018333333 -0.018333333 -0.018333333 -0.3181853 -0.31833333 -0.31833333 -0.31833333 -0.31833333 0.071666634 0.071666667 0.071666667 0.071666667 -0.36833076 -0.033333333 -0.033333333 -0.033333333 -0.018333333 -0.018333333 -0.018333333 -0.24333333 -0.24333333 -0.24333333
0.21 0.21 0.10333333 0.10333333 0.10333333 0.12322821 0.12333333 0.13833333 0.13833333 0.13833333 -0.13496635 -0.135 0.17823114 0.31333332 0.31333333 0.31333333 0.31333333 0.24333333 0.24333333 0.24333333 -0.26999998 -0.26999946 0.45999644 0.46 0.4593429 -0.395 -0.395 -0.39499921 -0.063386933 -0.1083154 -0.10833285 -0.10831762 -0.018487153 -0.018411002 -0.26496106 -0.31833327 -0.31774687 -0.14333333 -0.14333333 0.071666667 0.071666667 0.071666667 0.071666667 -0.033333333 -0.033333333 -0.033333333 -0.033333333 -0.018333333 -0.018333333 -0.018333333 -0.24333333 -0.24333333 -0.24333333
0.21 0.21 0.10333333 0.10333333 0.10333333 0.10333333 0.1289474 0.13833333 0.13833333 0.13833333 0.13839409 0.24833333 0.24833333 0.24833333 0.31295027 0.31333333 0.2437998 0.24333333 0.24333333 0.24333333 -0.27 -0.27 -0.27 -0.27 -0.395 -0.395 -0.395 -0.395 -0.395 -0.10833333 -0.10833333 -0.10833333 -0.10833333 -0.10833388 -0.37 -0.14333333 -0.14333333 -0.14333333 -0.14333333 -0.14333273 0.015 0.015 0.015 -0.04737012 -0.17666667 -0.17666667 -0.17666667 -0.018333338 -0.018333616 -0.31 -0.31 -0.26999351 -0.27
0.21 0.21 0.14183251 0.10333333 0.10333333 0.10333334 0.32633246 0.13892686 0.13833333 0.13833333 0.24833339 0.24833333 0.24833333 0.24833333 0.24833333 0.25366043 0.24333333 0.24333333 0.24333333 0.24333333 -0.26999603 -0.27 -0.27 -0.27 -0.395 -0.395 -0.395 -0.395 -0.395 -0.41500025 -0.10833333 -0.10833333 -0.10833333 -0.37 -0.37 -0.36982399 -0.14333333 -0.14333333 -0.028901702 0.059999982 0.015 0.015 0.015 -0.04455446 -0.17666667 -0.17666667 -0.17666667 0.26666667 -0.30281479 -0.31 -0.31 -0.27 -0.27
0.08 0.08 0.08 0.097483025 0.10361096 0.32666667 0.32666667 0.32666667 0.32666667 0.52666667 0.52666667 0.24833335 0.24833333 0.24833333 0.24833333 0.24833302 0.24333333 0.24333333 0.24333333 0.24333333 -0.045997985 -0.27 -0.27 -0.28496076 -0.8217771 -0.395 -0.395 -0.395 -0.52333333 -0.52333333 -0.52333333 -0.52333159 -0.37 -0.37 -0.37 -0.37 0.06 0.06 0.06 0.06 0.16166667 0.16166667 0.16166667 0.39499531 0.395 0.395 0.39499982 0.26666667 0.26666667 -0.30929736 -0.31 -0.26999614 -0.27
0.08 0.08 0.08 0.080011398 0.29166667 0.29675624 0.32666667 0.32666667 0.32666667 0.52666667 0.52666667 0.52666667 0.41999999 0.42 0.42 0.41999999 0.24298529 0.24333333 0.24333333 0.24333333 0.23551817 -0.8416651 -0.84166667 -0.84166667 -0.84166667 -0.84166667 -1.0233333 -1.0233333 -0.52333333 -0.52333333 -0.52333333 -0.52333333 -0.3699997 -0.37 -0.37 -0.36996647 0.05999999 0.06 0.06 0.058515789 0.16166667 0.16166667 0.16166667 0.39498918 0.395 0.395 0.395 0.26666667 0.26666667 0.2666667 0.495 0.495 0.73833333
0.08 0.08 0.08 0.29166618 0.29166667 0.29166667 0.32666665 0.32666667 0.32666667 0.52666667 0.52666667 0.52666667 0.42 0.42 0.42 0.39207483 0.053333333 0.053333333 0.053333824 0.24226015 -0.84166667 -0.84166667 -0.84166667 -0.84166667 -0.84166667 -0.84180338 -1.0233333 -1.0233333 -1.0233333 -0.52333333 -0.52333333 -0.52355218 0.041666667 0.041666667 0.041666667 -0.48833333 -0.48833333 -0.27833333 -0.27833333 -0.27833333 -0.12166667 0.16157779 0.16166706 0.215 0.215 0.2218218 0.39499931 0.26666667 0.26666667 0.495 0.495 0.495 0.73833333
0.08 0.08 0.08 0.29166667 0.29166667 0.29166667 0.29166667 0.32666667 0.32666667 0.52666667 0.52666667 0.42426513 0.42 0.42 0.42 0.053333333 0.053333333 0.053333333 0.053333333 0.053333333 -0.84166667 -0.84166667 -0.84166667 -0.84166667 -0.84166667 -1.0233327 -1.0233333 -1.0233333 -1.0233333 -0.86333333 -0.86333333 -0.86333333 0.041666667 0.041666667 0.041666666 -0.48833333 -0.48833333 -0.27833333 -0.27833333 -0.12166667 -0.12166667 -0.12166667 0.215 0.215 0.215 0.215 0.2262268 0.35166667 0.35166667 0.35166667 0.495 0.68166667 0.68166667
