interpolatedSpi/06-11|20_1.tif
NCOLS 53
NROWS 52
XLLCORNER -116.03883
YLLCORNER 28.596182
DX 0.49850594
DY 0.49788537
NODATA_VALUE -9999
[rows 0 to 28 of 52, columns 0 to 52 of 53]
-0.30166667 -0.30166667 -0.13871082 -0.54666667 0.016666667 0.14666667 0.37666667 0.52166667 0.10105533 0.036666667 -0.021666667 0.42833333 0.27000302 0.30666667 0.14666667 0.14666667 0.14666667 0.026666667 0.30833333 0.30833333 0.30833333 0.30832889 -0.15333333 0.385 0.385 0.385 0.69666351 0.69666667 0.69666667 0.41333333 0.41333333 0.41333333 0.41333333 -0.13166656 -0.13166667 -0.13166667 -0.13166667 -0.13166667 -0.13166667 -0.13166662 1.4578786 1.4748728 0.97666667 0.97666667 0.97666667 0.97666667 0.97668028 0.985 0.985 0.985 1.1416663 1.1416667 1.1416667
-0.30167222 -0.42666667 -0.18833299 -0.10386485 0.04155371 0.21 0.31166667 0.2484051 -0.038333333 0.14666667 0.33666667 0.27 0.27 0.40467211 0.30666644 0.14666667 0.026666667 0.026666667 0.30796608 0.30833333 0.30833333 0.30833333 0.3603483 0.385 0.385 0.385 0.18833335 0.18833333 0.41333333 0.41333333 0.41333333 0.41333333 0.41333333 -0.13166659 -0.13166667 -0.13166667 -0.13166667 -0.13166667 -0.13166658 0.0037994389 0.62999474 0.93460161 0.97666667 0.97666667 0.97666667 0.97666667 0.97666667 0.985 0.985 0.985 0.99799095 1.1416667 1.1416667
-0.010009304 -0.01 0.11166667 0.38166667 0.21666667 0.021666667 0.25166667 0.073333333 0.34333333 0.29 0.46 0.24666667 -0.12166667 0.37833333 0.405 0.565 0.026666667 0.026666667 0.026666667 0.18503585 0.185 0.185 -0.083333333 0.385 0.385 0.385 0.18833333 0.18833333 0.18833333 0.41333333 0.41333333 0.41333329 0.0049456098 -0.12952856 -0.12052826 1.0540344 1.065 1.065 1.0102885 0.63 0.63 0.6304433 0.97666667 0.97666667 0.97666667 0.97666667 0.97666667 0.985 0.985 0.985 0.985 1.1416667 1.1416667
0.098333333 -0.0099999802 0.088310866 0.42833333 0.13833333 0.22333333 0.475 -0.12666667 0.34333333 0.42668282 0.65333333 0.47666667 0.24333333 0.37833333 0.28666667 0.565 -0.11806693 -0.12322823 -0.08 0.185 0.185 -0.105 -0.083333333 -0.083333333 0.385 0.38499902 0.18833333 0.18833333 0.18833333 -0.38666667 -0.41318609 -0.435 -0.435 -0.43499882 1.065 1.065 1.065 1.065 0.63 0.63 0.63 0.63000001 0.97666667 0.97666667 0.97666667 0.97666667 0.97666667 0.98499989 0.985 0.985 0.985 1.1416068 1.1416667
0.098333333 0.058333388 0.088333333 0.21641831 0.13833333 0.435 0.17503389 0.09 -0.11666667 0.35999989 0.40294044 0.42169675 0.63166667 0.28666667 0.28666667 0.46208437 -0.12333333 -0.12333333 -0.08 -0.08 0.1849994 -0.105 -0.51166667 -0.061666667 -0.088333333 -0.088330925 0.18833333 0.18833333 -0.38666667 -0.38666667 -0.435 -0.435 -0.435 -0.37968524 1.065 1.065 1.065 0.63 0.63 0.63 0.63 0.62995286 0.97666665 0.97666667 0.97666667 0.97666667 0.97666667 0.97674084 0.985 0.98492489 -0.69 -0.69 -0.69
-0.815 -0.13333333 0.245 0.395 0.43666667 0.46 0.23333333 0.21498256 0.185 0.03 0.42333333 -0.22333333 -0.22333277 0.50833333 0.50833333 -0.14994568 -0.15 -0.08 -0.08 -0.079999969 -0.27333333 -0.27333333 -0.061666667 -0.088333333 -0.088333333 -0.078333333 -0.37333333 -0.37333333 -0.090026883 -0.38666667 -0.435 -0.435 -0.14166667 -0.14168965 -0.36165093 -0.40166667 -0.40166667 0.31083037 0.63 0.63 0.14227572 0.14166667 0.14166728 -0.29219854 -0.31485724 -0.31499966 -0.31499996 -0.31499951 -0.33347636 -0.69 -0.69 -0.69 -0.69
-0.30166588 -0.23333333 -0.60101738 -0.10166667 0.23833333 -0.11666667 0.10333334 0.30666667 0.091666667 0.091666667 0.42333333 -0.076666667 0.4433332 0.50833333 0.075001298 0.075 -0.15 0.10333333 -0.045 -0.045 -0.36287366 -0.46333333 -0.46333333 -0.4 -0.078333333 -0.078333333 -0.37333333 -0.37333333 -0.089997572 -0.089955295 -0.16464004 -0.14166667 -0.14166667 -0.36166667 -0.36166667 -0.56233548 -0.40166667 -0.40166667 -0.71165592 0.14166548 0.14166667 0.14166667 0.14166902 -0.31499959 -0.315 -0.315 -0.315 -0.315 -0.31833333 -0.68992635 -0.69 -0.69 -0.69
-0.30166667 -0.41666667 -0.395 -0.80666667 -0.9433255 -0.43666667 0.22833333 -0.29333332 -0.19333333 0.0083333333 0.0083333333 -0.053333333 0.44333333 0.44333333 0.077527108 -0.0039322708 -0.011666667 -3.7007434e-17 -0.22999981 -0.045 -0.56546984 -0.54 -0.545 -0.62666667 -0.62666854 -0.77166667 -0.66 -0.6599999 -0.048479339 -0.048333336 -0.165 -0.42266058 -0.40833333 -0.36166667 -0.36656281 -0.69666667 -0.69666667 -0.71166666 -0.71166667 0.14166667 0.14166667 0.14166667 -0.24144734 -0.24166667 -0.315 -0.315 -0.315 -0.31833321 -0.31833333 -0.31833333 -0.69 -0.69 -0.69
-0.48316864 -0.41666666 -0.35833333 -0.655 -0.2 -0.29833333 -0.165 0.011666667 0.34666667 0.36261542 0.49666667 0.195 0.195 0.093333333 0.093333757 -0.114712 -0.115 -0.115 -0.035109852 -0.46166675 -0.84 -0.84 -0.31666667 -0.45501759 -0.7570545 -0.77166667 -0.64666667 -0.66 -0.59537772 -0.595 -0.42666667 0.028333333 -0.067362269 -0.46166667 -0.53333333 -0.60333333 -0.63 -0.86 -0.71006926 0.14281981 0.4 -0.26166666 -0.24164903 -0.24166667 -0.24207943 -0.315 -0.51166666 -0.31833334 -0.31833333 -0.31833333 -0.31833333 -0.66924876 0.021666667
-0.855 -0.855 -0.59666667 -0.34166667 -0.285 -0.046666667 0.10666667 0.06 0.32333333 0.36667037 0.21666667 0.49333333 0.093333333 0.093333333 0.13833333 0.13485875 -0.115 -0.11494559 0.14333333 -0.46166667 -0.46166667 -0.51040869 -0.31666667 -0.49166335 -0.49166667 -0.49166667 -0.64666667 -0.32 -0.32 -0.595 -0.595 0.027972977 -0.16166667 -0.46166667 -0.34166667 -0.60333333 -0.63 -0.71666667 -0.71 0.058998234 -0.26166664 -0.21452478 -0.13333333 -0.24166667 -0.24166667 -0.51166667 -0.51166667 -0.51166667 -0.31833333 -0.31833333 -0.52333333 -0.52333333 -0.52333313
-0.855 -0.855 -0.54666667 -0.36833333 -0.63833333 -0.115 -0.21833333 0.2414849 0.12833333 -0.03 0.23833333 -0.1 0.49254284 0.13833333 0.13833333 0.13831161 -0.05 -0.03985296 0.14333333 -0.12333333 -0.12333333 -0.285 -0.285 -0.49166667 -0.49166667 -0.49166667 -0.32 -0.32 -0.32 -0.73333333 -0.73333333 -0.73333239 -0.72 -0.72 -0.60333333 -0.66166667 -0.57666667 -0.15166481 -0.57666667 0.071666667 0.071666667 0.11833251 -0.13333333 -0.24166667 -0.28833341 -0.4 -0.47515791 -0.475 -0.48166667 -0.48166667 -0.52333333 -0.52333333 -0.52333333
-0.855 -0.72179033 -0.47056547 -0.43499911 -0.18 -0.55 -0.21833333 0.24166667 0.12833428 -0.028245859 -0.099999909 -0.1 0.20833333 0.13833333 0.13833333 -0.049999994 -0.05 -0.049988997 0.14333333 -0.12333333 -0.15508138 -0.285 -0.285 -0.49165816 -0.49166667 -0.56398497 -0.71166667 -0.71166667 -0.71166662 -0.73333333 -0.73333333 -0.66666667 -0.66666667 -0.71999968 -0.60333333 -0.41333357 -0.47350556 -0.15166667 -0.15166667 0.071666668 0.11833333 0.11833333 0.11833035 -0.28833333 -0.28833333 -0.4 -0.475 -0.475 -0.48166667 -0.48166667 -0.52333333 -0.52333333 -0.52333333
-0.17166667 0.035751202 0.083316276 0.079579799 -0.18000199 -0.54999126 -0.21833334 0.23600433 0.13614316 0.12419883 0.20833333 0.20833333 0.20833333 0.20833333 0.13834325 -0.05 -0.05 -0.047503759 0.14333333 -0.12332298 -0.093333333 -0.093333333 -0.093333333 -0.093333333 -0.48511579 -0.71166667 -0.71166667 -0.71166667 -0.71166667 -0.71163275 -0.66666667 -0.66666667 -0.66666667 -0.66666667 -0.41333333 -0.41333333 -0.41333333 -0.16402868 -0.14992672 0.08 0.08 0.11833127 0.08665383 -0.28829721 -0.28833333 -0.4 -0.475 -0.475 -0.48166666 -0.48166667 -0.52318217 -0.52333333 -0.059314291
-0.17166667 0.083333333 0.083333333 0.083333333 0.083333333 0.083333069 -0.21918227 -0.00069316161 0.15697901 0.20824318 0.20833333 0.20833333 0.20833333 0.20833333 0.2083331 -0.049999997 -0.049999969 -0.036738653 0.14332987 -0.093333333 -0.093333333 -0.093333333 -0.093333333 -0.093333333 -0.095929783 -0.56526916 -0.54333337 -0.54333333 -0.54333333 -0.54333333 -0.66666666 -0.66666667 -0.66666688 -0.84333333 -0.84333333 -0.41333333 -0.18324796 -0.17666667 0.079999852 0.08 0.08 0.08 0.086666667 0.086666667 0.086666667 0.08327991 -0.094145192 -0.091666667 -0.091666667 -0.091666667 -0.091666674 0.63666643 0.63666667
-0.12666667 0.083333333 0.083333333 0.083333333 0.083333333 0.083333333 0.083333312 -0.15407053 -0.10857896 -0.11 -0.11 -0.11 -0.11 -0.11 -0.11 -0.031613533 -0.049665416 -0.023526211 -0.093303642 -0.093333333 -0.093333333 -0.093333333 -0.093333333 -0.093333581 -0.21333333 -0.21333333 -0.2133338 -0.54333333 -0.54333333 -0.54294286 -0.34833333 -0.34833333 -0.84333333 -0.84333333 -0.84333333 -0.28345934 -0.17666667 -0.17666667 -0.17666667 0.08 0.08 0.08 0.086666667 0.086666667 0.086666667 0.086666667 -0.091666665 -0.091666667 -0.091666667 -0.091666667 -0.091666667 0.63666667 0.63666667
-0.12666667 -0.048486052 0.083333333 0.083333333 0.083333333 0.083333333 -0.26326529 -0.26333333 -0.26333333 -0.11 -0.11 -0.11 -0.11 -0.11 -0.09235144 -0.03 -0.03 -0.03 -0.30601666 -0.30666645 -0.30666667 -0.30666667 -0.30666667 -0.30666667 -0.21333333 -0.21333333 -0.21333333 -0.21333333 -0.54333333 -0.34833333 -0.34833333 -0.34833333 -0.84333329 -0.84333333 -0.84333333 -0.023333333 -0.17646365 -0.17666667 -0.17666667 0.080017368 0.11490325 0.19631798 0.086666667 0.086666667 -0.0013940648 -0.0016666667 -0.0016666667 -0.09163064 -0.070075715 -0.070000002 -0.070000004 0.16007209 0.6366657
-0.12666667 -0.066656144 0.008269838 0.083333333 0.083333333 -0.26312851 -0.26333333 -0.26333333 -0.26333333 -0.26222837 -0.11 -0.11 -0.11 -0.10999999 -0.03 -0.03 -0.03 -0.03 -0.30641953 -0.30666667 -0.30666667 -0.30666667 -0.30666667 -0.30666667 -0.21333334 -0.21333333 -0.21333333 -0.21333333 -0.21382438 -0.34833333 -0.34833333 -0.34833333 -0.22833334 -0.84323508 -0.023333333 -0.023333333 -0.023333333 -0.024498968 0.17302219 0.19666667 0.19666667 0.19666667 0.09 0.09 -0.0016666667 -0.0016666667 -0.0016666667 -0.069999999 -0.07 -0.07 -0.07 0.16 0.16
-0.064996453 -0.065 -0.065 -0.065000002 -0.28666667 -0.26333394 -0.26333333 -0.26333333 -0.26333333 -0.26333333 -0.11454255 -0.11000078 -0.11 -0.03 -0.03 -0.03 -0.03 -0.03 -0.095773903 -0.30666667 -0.30666667 -0.30666667 -0.30666667 -0.30666667 -0.24815312 -0.22499994 -0.225 -0.225 -0.225 -0.34833333 -0.22833334 -0.22833333 -0.22833333 -0.22833333 -0.023333333 -0.023336098 -0.12833333 -0.12833333 0.19260856 0.19666667 0.19666667 0.19666667 0.09 0.09 0.01252649 -0.0016666667 -0.0016666667 -0.07 -0.07 -0.07 -0.067533802 0.16 0.16
-0.065 -0.065 -0.065 -0.16938614 -0.28666667 -0.28666667 -0.26333333 -0.26333333 -0.26333333 -0.26333333 -0.17 -0.17 -0.17 -0.03 -0.03 -0.03 -0.03 -0.030088963 -0.72833333 -0.72833333 -0.30666684 -0.30666667 -0.31340234 -0.58333333 -0.58010742 -0.225 -0.225 -0.225 -0.225 -0.22833299 -0.22833333 -0.22833333 -0.22833333 -0.22833333 -0.12833296 -0.12833333 -0.12833333 -0.12833333 -0.12717973 0.19666667 0.19666667 0.19666667 0.09 0.09 0.09 -0.0016666667 -0.0016666667 -0.069999998 -0.07 -0.07 0.16 0.16 0.16
-0.065 -0.065 -0.065 -0.28666667 -0.28666667 -0.28666667 -0.28666663 -0.26333333 -0.26333333 -0.17009635 -0.17 -0.17 -0.17 -0.16991278 -0.46573906 -0.56833333 -0.56833333 -0.56833333 -0.72833333 -0.72833333 -0.72833333 -0.58333333 -0.58333333 -0.58333333 -0.58330999 -0.36924419 -0.225 -0.225 -0.225 -0.11172852 -0.085014097 -0.085 -0.085 -0.085 -0.052150893 0.054999584 0.055 0.055 0.055 -0.1382875 -0.13833333 -0.13833333 0.09 0.09 0.11833322 0.1183333 0.035 0.035 0.085 0.085 0.085 0.16 0.41976753
-0.064999752 -0.065 -0.065000008 -0.28666667 -0.28666667 -0.28666667 -0.28666667 -0.47833327 -0.26419299 -0.17016473 -0.17 -0.17 -0.17 -0.17078164 -0.56833333 -0.56833333 -0.56833333 -0.56833338 -0.72833333 -0.72833333 -0.72833333 -0.58333333 -0.58333333 -0.58333333 -0.5 -0.5 -0.47833333 -0.47833333 -0.47833333 -0.47618758 -0.085 -0.085 -0.085 -0.085 -0.015038502 0.055 0.055 0.055 0.055 -0.13833333 -0.13833333 -0.13833333 -0.13025762 0.11833333 0.11833333 0.11833333 0.035 0.035 0.085 0.085 0.085 0.41999999 0.42
0.015 -0.029782461 -0.20666667 -0.20668988 -0.28666667 -0.47722436 -0.47833333 -0.47833333 -0.45039764 -0.35166667 -0.35166667 -0.35166667 -0.35166667 -0.74332058 -0.74333333 -0.56833347 -0.56833333 -0.5725491 -0.72833333 -0.72833333 -0.72833333 -0.72666667 -0.72666667 -0.72666667 -0.5 -0.5 -0.47833333 -0.47833333 -0.47833333 -0.47833304 -0.075000064 -0.075000028 -0.084748665 -0.084989279 -0.33804149 -0.33833333 -0.33833333 -0.33833333 -0.33833333 -0.13833333 -0.13833333 -0.13833333 0.10420019 0.11833333 0.11833333 0.11833329 0.035 0.035 0.0350018 0.085 0.085015576 0.43333333 0.42
-0.26994588 -0.26999999 -0.20666667 -0.20666667 -0.20666667 -0.47833333 -0.47833333 -0.47833333 -0.40166667 -0.40166667 -0.35166667 -0.35166667 -0.35166667 -0.74333333 -0.74333333 -0.74333333 -0.74333333 -0.743331 -0.72833333 -0.72833333 -0.72833333 -0.72666667 -0.72666667 -0.72666667 -0.5 -0.5 -0.47833333 -0.47833333 -0.47833333 -0.079547613 -0.075 -0.075 -0.075 -0.075 -0.33820339 -0.33833333 -0.33833333 -0.33833333 -0.33833333 -0.54333323 -0.54333333 -0.54333333 -0.54333333 0.11833126 -0.15166667 -0.15166667 -0.15166667 0.1 0.1 0.1 0.43333333 0.43333333 0.43333333
-0.27 -0.27 -0.20666667 -0.20666667 -0.20666667 -0.4769054 -0.47833333 -0.40166667 -0.40166667 -0.40166667 -0.35167282 -0.35166667 -0.7084778 -0.74333334 -0.74333333 -0.74333333 -0.74333333 -1.115 -1.115 -1.115 -0.96833333 -0.96833315 -0.72666784 -0.72666667 -0.72673938 -0.95666667 -0.95666667 -0.95666553 -0.47841064 -0.27662648 -0.27666559 -0.27663146 -0.075344669 -0.075174036 -0.2915645 -0.33833338 -0.33878016 -0.47166667 -0.47166667 -0.54333333 -0.54333333 -0.54333333 -0.54333333 -0.15166667 -0.15166667 -0.15166667 -0.15166667 0.1 0.1 0.1 0.43333333 0.43333333 0.43333333
-0.27 -0.27 -0.20666667 -0.20666667 -0.20666667 -0.20666667 -0.44963924 -0.40166667 -0.40166667 -0.40166667 -0.40188025 -0.78833333 -0.78833333 -0.78833333 -0.74359853 -0.74333333 -1.1125233 -1.115 -1.115 -1.115 -0.96833333 -0.96833333 -0.96833333 -0.96833333 -0.95666667 -0.95666667 -0.95666667 -0.95666667 -0.95666667 -0.27666667 -0.27666667 -0.27666667 -0.27666667 -0.27666737 -0.61166667 -0.47166667 -0.47166667 -0.47166667 -0.47166667 -0.47166677 -0.49166667 -0.49166667 -0.49166667 -0.43417581 -0.315 -0.315 -0.315 0.099999988 0.1 0.1 0.1 -0.12819669 -0.12833333
-0.27 -0.27 -0.22952555 -0.20666667 -0.20666667 -0.20666668 -0.96233664 -0.40343673 -0.40166667 -0.40166667 -0.78833335 -0.78833333 -0.78833333 -0.78833333 -0.78833333 -0.78469342 -1.115 -1.115 -1.115 -1.115 -0.96833447 -0.96833333 -0.96833333 -0.96833333 -0.95666667 -0.95666667 -0.95666667 -0.95666667 -0.95666667 -0.68678748 -0.27666667 -0.27666667 -0.27666667 -0.61166667 -0.61166667 -0.61155795 -0.47166667 -0.47166667 -0.41632678 -0.37333334 -0.49166667 -0.49166667 -0.49166667 -0.43458539 -0.315 -0.315 -0.315 -0.14166667 0.096988857 0.1 0.1 -0.12833333 -0.12833333
-0.91666667 -0.91666667 -0.91666667 -0.38468318 -0.2079816 -0.96333333 -0.96333333 -0.96333333 -0.96333333 -0.85 -0.85 -0.78833334 -0.78833333 -0.78833333 -0.78833333 -0.78835404 -1.115 -1.115 -1.115 -1.115 -1.0323339 -0.96833333 -0.96833333 -0.96288116 -0.76875735 -0.95666667 -0.95666667 -0.95666667 -0.83166667 -0.83166667 -0.83166667 -0.83166434 -0.61166667 -0.61166667 -0.61166667 -0.61166667 -0.37333333 -0.37333333 -0.37333333 -0.37333333 -0.65 -0.65 -0.65 -0.22334191 -0.22333333 -0.22333333 -0.22333336 -0.14166667 -0.14166667 0.099705542 0.1 -0.1283342 -0.12833333
-0.91666667 -0.91666667 -0.91666667 -0.91667672 -1.1033333 -1.082975 -0.96333333 -0.96333333 -0.96333333 -0.85 -0.85 -0.85 -0.97833332 -0.97833333 -0.97833333 -0.97833333 -1.1144474 -1.115 -1.115 -1.115 -1.1127646 -0.76000057 -0.76 -0.76 -0.76 -0.76 -0.675 -0.675 -0.83166667 -0.83166667 -0.83166667 -0.83166667 -0.61166674 -0.61166667 -0.61166667 -0.61167481 -0.37333333 -0.37333333 -0.37333333 -0.37264606 -0.65 -0.65 -0.65 -0.22335312 -0.22333333 -0.22333333 -0.22333333 -0.14166667 -0.14166667 -0.14166669 -0.3 -0.3 -0.37833333
-0.91666667 -0.91666667 -0.91666667 -1.1033329 -1.1033333 -1.1033333 -0.96333339 -0.96333333 -0.96333333 -0.85 -0.85 -0.85 -0.97833333 -0.97833333 -0.97833333 -0.96576701 -0.81333333 -0.81333333 -0.81333411 -1.1132961 -0.76 -0.76 -0.76 -0.76 -0.76 -0.75993603 -0.675 -0.675 -0.675 -0.83166667 -0.83166667 -0.83152184 -0.71166667 -0.71166667 -0.71166667 -0.23333334 -0.23333333 -0.21666667 -0.21666667 -0.21666667 -0.27333333 -0.64988185 -0.64999657 -0.19 -0.19 -0.1912633 -0.22333311 -0.14166667 -0.14166667 -0.3 -0.3 -0.3 -0.37833333
