interpolatedSpi/06-12|19_2.tif
NCOLS 53
NROWS 52
XLLCORNER -116.03883
YLLCORNER 28.596182
DX 0.49850594
DY 0.49788537
NODATA_VALUE -9999
[rows 0 to 27 of 52, columns 0 to 52 of 53]
0.79 0.79 0.55550793 0.25 0.49142857 0.41857143 0.54857143 0.52714286 0.20039836 -0.017142857 -0.15857143 0.45857143 0.089966474 -0.31714286 -0.19 -0.19 -0.19 -0.0042857143 0.10571429 0.10571429 0.10571429 0.10571083 -0.25285714 -0.084285714 -0.084285714 -0.084285714 -0.49571366 -0.49571429 -0.49571429 -0.077142857 -0.077142857 -0.077142857 -0.077142857 0.027142836 0.027142857 0.027142857 0.027142857 0.027142857 0.027142857 0.027142859 0.090743817 0.091409342 0.015714286 0.015714286 0.015714286 0.015714286 0.014808948 -0.53857143 -0.53857143 -0.53857143 0.85142568 0.85142857 0.85142857
0.79000438 0.88857143 0.54285773 0.52315292 0.73550648 0.46714286 0.69 0.17326725 0.28857143 0.24 0.55285714 0.090000001 0.09 0.32214689 -0.31713399 -0.19 -0.0042857143 -0.0042857143 0.10557086 0.10571429 0.10571429 0.10571429 -0.096918616 -0.084285714 -0.084285714 -0.084285714 -0.19999999 -0.2 -0.077142857 -0.077142857 -0.077142857 -0.077142857 -0.077142857 0.027142842 0.027142857 0.027142857 0.027142857 0.027142857 0.027142889 0.092048525 0.40712993 0.063211058 0.015714286 0.015714286 0.015714286 0.015714286 0.015714286 -0.53857143 -0.53857143 -0.53857143 -0.4233113 0.85142857 0.85142857
0.90856499 0.90857143 1.0485714 0.95142857 0.55571429 0.60285714 0.66 0.74857143 0.31428571 0.16142857 0.24857143 0.24142857 0.37142857 -0.14428571 0.32428571 -0.50142857 -0.0042857143 -0.0042857143 -0.0042857143 0.0014588876 0.0014285714 0.0014285714 -0.32428571 -0.084285714 -0.084285714 -0.084285714 -0.2 -0.2 -0.2 -0.077142857 -0.077142857 -0.077142871 -0.21331031 0.027676829 0.031158536 0.45461805 0.45857143 0.45857143 0.45210307 0.40714286 0.40714286 0.40664232 0.015714286 0.015714286 0.015714286 0.015714286 0.015714286 -0.53857143 -0.53857143 -0.53857143 -0.53857143 0.85142857 0.85142857
0.89142857 0.90857123 -0.067136292 0.75 0.12857143 0.66428571 0.39428571 0.24428571 -0.01 -0.023579387 -0.037142857 -0.30285714 0.27142857 -0.14428571 0.15571429 -0.50142857 -0.054871499 -0.05139554 0.025714286 0.0014285714 0.0014285714 -0.26714286 -0.32428571 -0.32428571 -0.084285714 -0.084286292 -0.2 -0.2 -0.2 -0.87714286 -0.59339809 -0.36 -0.36 -0.35999936 0.45857143 0.45857143 0.45857143 0.45857143 0.40714286 0.40714286 0.40714286 0.40714284 0.015714286 0.015714286 0.015714286 0.015714286 0.015714286 -0.53856444 -0.53857143 -0.53857143 -0.53857143 0.85137827 0.85142857
0.89142857 0.90285536 -0.067142857 -0.20631491 0.12857143 0.26285714 0.18000365 0.22571429 0.19142857 0.14428552 -0.06835286 -0.16996972 0.041428571 0.15571429 0.15571429 -0.27690873 -0.051428571 -0.051428571 0.025714286 0.025714286 0.0014280474 -0.26714286 -0.07 0.051428571 0.18142857 0.18150532 -0.2 -0.2 -0.87714286 -0.87714286 -0.36 -0.36 -0.36 -0.29399948 0.45857143 0.45857143 0.45857143 0.40714286 0.40714286 0.40714286 0.40714286 0.40712617 0.015714289 0.015714286 0.015714286 0.015714286 0.015714286 0.010780456 -0.53857143 -0.53857815 -0.68857143 -0.68857143 -0.68857143
-0.91142857 0.77857143 0.54000003 -0.085714285 0.32857143 0.51714286 -0.13142857 -0.085704057 -0.01 -0.055714286 0.1 -0.1 -0.099999907 -0.044285714 -0.044285714 0.30006484 0.3 0.11285714 0.11285714 0.025714634 -0.15142857 -0.15142857 0.051428571 0.18142857 0.18142857 0.51 -0.75571429 -0.75571429 -0.19149076 -0.87714286 -0.36 -0.36 -0.01 -0.010051497 -0.50282182 -0.5 -0.5 0.12649751 0.40714286 0.40714286 0.2345013 0.23428572 0.23428685 -0.03059637 -0.031423361 -0.031428559 -0.03142857 -0.031428549 0.26839044 -0.68857143 -0.68857143 -0.68857143 -0.68857143
-0.20000032 0.77571429 0.58915473 0.84285714 1.03 -0.075714286 0.30571429 0.29571429 -0.34285714 -0.34285714 0.1 0.16285714 0.077142855 -0.044285714 0.56856959 0.56857143 0.3 0.56428571 0.42142857 0.42142857 -0.072660011 0.015714286 0.015714286 0.57571428 0.51 0.51 -0.75571429 -0.75571429 -0.19142516 -0.19136573 0.11779496 -0.01 -0.01 -0.50285714 -0.50285714 -0.08607357 -0.5 -0.5 -0.32000624 0.23428494 0.23428571 0.23428571 0.23429269 -0.031425114 -0.031428571 -0.031428571 -0.031428571 -0.031428278 0.46 -0.68834381 -0.68857143 -0.68857143 -0.68857143
-0.2 -0.19 1.05 0.31 0.51855947 -0.015714286 -0.26 -0.10571429 -0.34 0.09 0.09 0.062857143 0.077142857 0.077142857 0.56519977 0.57377575 0.57428571 0.56571429 0.24857161 0.42142857 0.43010739 0.42428571 0.25 0.061428572 0.061429308 0.11857143 0.27857143 0.27857106 -0.13306239 -0.13285714 0.11857143 0.083335378 -0.17571429 -0.50285714 -0.47148382 0.26 0.26 -0.32 -0.32 0.23428571 0.23428571 0.23428572 0.58947969 0.5885714 -0.031428571 -0.031428571 -0.031428571 0.45998129 0.46 0.46 -0.68857143 -0.68857143 -0.68857143
-0.15618911 -0.18999999 0.75285714 1.1242857 0.9 0.16 0.14142857 0.35714286 -0.42714286 0.062711676 -0.088571429 -4.3807863e-10 -7.9301632e-18 0.075714286 0.075718222 0.28936774 0.28857143 0.28857143 0.51730194 0.56285713 0.49285714 0.49285714 0.58857143 0.38342543 0.11281294 0.11857143 0.27571429 0.27857143 0.42627951 0.42714286 0.15571429 0.77571429 0.75268647 0.77428571 0.59714286 0.49714286 0.33428571 0.067142857 0.40841377 0.23640282 0.70857143 0.78285714 0.58859097 0.58857143 0.58508173 -0.031428571 0.38428569 0.46 0.46 0.46 0.46 -0.57011149 -0.11857143
0.032857143 0.032857143 0.36571429 0.72285714 0.28714286 0.02 0.075714286 0.31857143 0.27428571 0.18712063 0.04 0.13285714 0.075714286 0.075714286 0.49428571 0.49146425 0.28857143 0.28854531 0.11 0.56285714 0.56285714 0.55383881 0.58857143 0.22429261 0.22428571 0.22428571 0.27571429 0.79285714 0.79285714 0.42714286 0.42714286 0.77562758 0.73 0.77428571 0.75 0.49714286 0.33428571 0.16571429 0.40857143 1.0100906 0.78285714 0.75556907 0.70857143 0.58857143 0.58857143 0.38428571 0.38428571 0.38428571 0.46 0.46 0.26285714 0.26285714 0.262857
0.032857143 0.032857143 -0.057142857 -0.46714286 -0.59428571 0.30571429 -0.058571424 0.30411211 0.19857143 0.33857143 0.39285714 0.10857143 0.13282473 0.49428571 0.49428571 0.49431505 0.74857143 0.7150562 0.11 1.0042857 1.0042857 1.1671429 1.1671429 0.22428571 0.22428571 0.22428571 0.79285714 0.79285714 0.79285714 0.79 0.79 0.7899999 0.81571429 0.81571429 0.33714286 0.37285714 0.75285714 0.18857105 0.89142857 1.02 1.02 0.91428504 0.70857143 0.58857143 0.82571414 0.68857143 0.67303675 0.67428571 1.0028571 1.0028571 0.26285714 0.26285714 0.26285714
0.032857143 -0.0061360283 -0.23210448 -0.52998676 0.0028571429 -0.095714286 -0.058571429 0.30428571 0.19857231 0.3370204 0.10857173 0.10857143 0.62571429 0.49428571 0.49428571 0.74857142 0.74857143 0.74853509 0.11 1.0042857 1.0362675 1.1671429 1.1671429 0.22432356 0.22428571 0.4614334 0.94571429 0.94571429 0.94571427 0.79 0.79 0.65857143 0.65857143 0.81571297 0.33714286 0.77999987 0.65527039 0.18857143 0.18857143 1.02 0.91428571 0.91428571 0.91428504 0.82571429 0.82571429 0.68857143 0.67428571 0.67428571 1.0028571 1.0028571 0.26285714 0.26285714 0.26285714
-0.58 -0.2336038 -0.24286503 -0.24492913 0.0028564059 -0.095711958 -0.05857143 0.29981915 0.20585622 0.2022272 0.62571429 0.62571429 0.62571429 0.62571429 0.49430433 0.74857143 0.74857143 0.74032645 0.11 1.0042921 1.0457143 1.0457143 1.0457143 1.0457143 0.23878884 0.94571429 0.94571429 0.94571429 0.94571429 0.94559224 0.65857143 0.65857143 0.65857143 0.65857143 0.78 0.78 0.78 0.21703655 0.19408631 0.92285714 0.92285714 0.91428618 0.61715 0.8256942 0.82571429 0.68857143 0.67428571 0.67428571 1.0028571 1.0028571 0.26554178 0.26285714 -0.24615022
-0.58 -0.24285714 -0.24285714 -0.24285714 -0.24285714 -0.24285708 -0.058666468 0.11310535 0.2252914 0.62525777 0.62571429 0.62571429 0.62571429 0.62571429 0.62571426 0.74857142 0.74857133 0.70476979 0.11001193 1.0457143 1.0457143 1.0457143 1.0457143 1.0457143 1.0470417 0.89486662 0.83285717 0.83285714 0.83285714 0.83285714 0.65857144 0.65857143 0.65857207 1.1885714 1.1885714 0.78 1.2272082 1.24 0.92285733 0.92285714 0.92285714 0.92285714 0.61714286 0.61714286 0.61714286 0.61763993 0.29250327 0.29 0.29 0.29 0.29000001 0.89285701 0.89285714
-0.35285714 -0.24285714 -0.24285714 -0.24285714 -0.24285714 -0.24285714 -0.24285713 -0.0056300276 0.5963655 0.59857143 0.59857143 0.59857143 0.59857143 0.59857143 0.59857143 0.78893883 0.74921743 0.66112971 1.0455969 1.0457143 1.0457143 1.0457143 1.0457143 1.0457145 1.1071429 1.1071429 1.1071425 0.83285714 0.83285714 0.83352653 1.1671429 1.1671429 1.1885714 1.1885714 1.1885714 1.2317617 1.24 1.24 1.24 0.92285714 0.92285714 0.92285714 0.61714286 0.61714286 0.61714286 0.61714286 0.29000001 0.29 0.29 0.29 0.29 0.89285714 0.89285714
-0.35285714 -0.31190539 -0.24285714 -0.24285714 -0.24285714 -0.24285714 -0.085745128 -0.085714286 -0.085714269 0.59857143 0.59857143 0.59857143 0.59857143 0.59857143 0.64143222 0.79285714 0.79285714 0.79285714 1.2707405 1.2714283 1.2714286 1.2714286 1.2714286 1.2714286 1.1071429 1.1071429 1.1071429 1.1071429 0.83285714 1.1671429 1.1671429 1.1671429 1.1885714 1.1885714 1.1885714 1.1971429 1.2399433 1.24 1.24 0.92284572 0.89977826 0.84594485 0.61714286 0.61714286 0.8834613 0.88428571 0.88428571 0.29065962 0.68860218 0.68999997 0.68999992 0.75573503 0.89285686
-0.35285714 -0.52663261 -0.38888757 -0.24285714 -0.24285714 -0.085807133 -0.085714286 -0.085714286 -0.085714286 -0.080783127 0.59857143 0.59857143 0.59857143 0.59857145 0.79285714 0.79285714 0.79285714 0.79285714 1.2710011 1.2714286 1.2714286 1.2714286 1.2714286 1.2714286 1.1071429 1.1071429 1.1071429 1.1071429 1.1073611 1.1671429 1.1671429 1.1671429 1.5228571 1.1885804 1.1971429 1.1971429 1.1971429 1.1979626 0.87068837 0.84571429 0.84571429 0.84571429 0.81142857 0.81142857 0.88428571 0.88428571 0.88428571 0.69 0.69 0.69 0.69 0.75571429 0.75571429
-0.53129783 -0.53142857 -0.53142857 -0.53142857 -0.23285714 -0.085718081 -0.085714286 -0.085714286 -0.085714286 -0.085714286 0.56104154 0.59856497 0.59857141 0.79285714 0.79285714 0.79285714 0.79285714 0.79285714 0.84002423 1.2714286 1.2714286 1.2714286 1.2714286 1.2714286 1.304338 1.4828551 1.4828571 1.4828571 1.4828571 1.1671429 1.5228571 1.5228571 1.5228571 1.5228571 1.1971429 1.1971448 1.2714286 1.2714286 0.85102996 0.84571429 0.84571429 0.84571429 0.81142857 0.81142857 0.87300492 0.88428571 0.88428571 0.69 0.69 0.69 0.69070463 0.75571429 0.75571429
-0.53142857 -0.53142857 -0.53142857 -0.39082683 -0.23285714 -0.23285714 -0.085714286 -0.085714286 -0.085714286 -0.085714286 0.10285714 0.10285714 0.10285714 0.79285714 0.79285714 0.79285714 0.79285714 0.79285832 0.94571429 0.94571429 1.2714284 1.2714286 1.2705243 1.2342857 1.2365235 1.4828571 1.4828571 1.4828571 1.4828571 1.5228531 1.5228571 1.5228571 1.5228571 1.5228571 1.2714283 1.2714286 1.2714286 1.2714286 1.2699416 0.84571429 0.84571429 0.84571429 0.81142857 0.81142857 0.81142857 0.88428571 0.88428571 0.69000001 0.69 0.69 0.75571429 0.75571429 0.75571429
-0.53142857 -0.53142857 -0.53142857 -0.23285714 -0.23285714 -0.23285714 -0.23285692 -0.085714286 -0.085714286 0.10266248 0.10285714 0.10285714 0.10285714 0.10328704 0.79863873 0.8 0.8 0.8 0.94571429 0.94571429 0.94571429 1.2342857 1.2342857 1.2342857 1.2342833 1.3479795 1.4828571 1.4828571 1.4828571 1.5219206 1.5228571 1.5228571 1.5228571 1.5228571 1.3459078 1.4499996 1.45 1.45 1.45 0.91284796 0.91285714 0.91285714 0.81142857 0.81142857 0.96857077 0.96857152 1.22 1.22 1.0942857 1.0942857 1.0942857 0.75571429 1.0597279
-0.53142824 -0.53142857 -0.53142856 -0.23285714 -0.23285714 -0.23285714 -0.23285714 -0.2228571 -0.086262636 0.10262527 0.10285714 0.10285714 0.10285714 0.10422513 0.8 0.8 0.8 0.80000004 0.94571429 0.94571429 0.94571429 1.2342857 1.2342857 1.2342857 1.2257143 1.2257143 1.3628571 1.3628571 1.3628571 1.36373 1.5228571 1.5228571 1.5228571 1.5228571 1.4864485 1.45 1.45 1.45 1.45 0.91285714 0.91285714 0.91285714 0.91461013 0.96857143 0.96857143 0.96857143 1.22 1.22 1.0942857 1.0942857 1.0942857 1.06 1.06
-0.42571429 -0.46291124 -0.19714286 -0.19715322 -0.23285714 -0.222915 -0.22285714 -0.22285714 -0.17340576 -0.15285714 -0.15285714 -0.15285714 -0.15285714 0.25570099 0.25571429 0.79999958 0.8 0.80383936 0.94571429 0.94571429 0.94571429 0.94142857 0.94142857 0.94142857 1.2257143 1.2257143 1.3628571 1.3628571 1.3628571 1.3628573 1.5828568 1.582857 1.5243652 1.5229215 1.2560206 1.2557143 1.2557143 1.2557143 1.2557143 0.91285714 0.91285714 0.91285714 0.96550351 0.96857143 0.96857143 0.96857135 1.22 1.22 1.2199955 1.0942857 1.094288 1.1457143 1.06
-0.034360048 -0.034285743 -0.19714286 -0.19714286 -0.19714286 -0.22285714 -0.22285714 -0.22285714 -0.087142857 -0.087142857 -0.15285714 -0.15285714 -0.15285714 0.25571429 0.25571429 0.25571429 0.25571429 0.25579293 0.94571429 0.94571429 0.94571429 0.94142857 0.94142857 0.94142857 1.2257143 1.2257143 1.3628571 1.3628571 1.3628571 1.5803766 1.5828571 1.5828571 1.5828571 1.5828571 1.2558757 1.2557143 1.2557143 1.2557143 1.2557143 0.74428576 0.74428571 0.74428571 0.74428571 0.96856813 0.53857143 0.53857143 0.53857143 0.84285714 0.84285714 0.84285714 1.1457143 1.1457143 1.1457143
-0.034285714 -0.034285714 -0.19714286 -0.19714286 -0.19714286 -0.22272198 -0.22285714 -0.087142857 -0.087142857 -0.087142857 -0.15284905 -0.15285714 -0.29877227 0.25571415 0.25571429 0.25571429 0.25571429 -0.065714285 -0.065714286 -0.065714286 0.28714287 0.28714334 0.94142538 0.94142857 0.94140422 0.76571429 0.76571429 0.76571571 1.3627606 1.2872018 1.2871444 1.2871945 1.5823517 1.5826019 1.3137866 1.255714 1.2530285 0.45428571 0.45428571 0.74428571 0.74428571 0.74428571 0.74428571 0.53857143 0.53857143 0.53857143 0.53857143 0.84285714 0.84285714 0.84285714 1.1457143 1.1457143 1.1457143
-0.034285714 -0.034285714 -0.19714286 -0.19714286 -0.19714286 -0.19714286 -0.17206325 -0.087142857 -0.087142857 -0.087142857 -0.087277796 -0.33142857 -0.33142857 -0.33142857 0.25225412 0.25571429 -0.063572365 -0.065714286 -0.065714286 -0.065714286 0.28714286 0.28714286 0.28714286 0.28714286 0.76571429 0.76571429 0.76571429 0.76571429 0.76571429 1.2871429 1.2871429 1.2871429 1.2871429 1.2871424 1.0742857 0.45428571 0.45428571 0.45428571 0.45428571 0.45428608 0.52428571 0.52428571 0.52428571 0.53590751 0.56 0.56 0.56 0.84285713 0.84285671 0.39571429 0.39571429 0.68725442 0.68714286
-0.034285714 -0.034285714 -0.13836286 -0.19714286 -0.19714286 -0.19714286 -0.19979973 -0.087498521 -0.087142857 -0.087142857 -0.33142854 -0.33142857 -0.33142857 -0.33142857 -0.33142857 -0.28326284 -0.065714286 -0.065714286 -0.065714286 -0.065714286 0.28714013 0.28714286 0.28714286 0.28714286 0.76571429 0.76571429 0.76571429 0.76571429 0.76571429 0.78570815 1.2871429 1.2871429 1.2871429 1.0742857 1.0742857 1.0738043 0.45428571 0.45428571 0.66733758 0.83285711 0.52428571 0.52428571 0.52428571 0.53531964 0.56 0.56 0.56 0.22285714 0.3935605 0.39571429 0.39571429 0.68714286 0.68714286
-0.11285714 -0.11285714 -0.11285714 -0.17601011 -0.19674176 -0.2 -0.2 -0.2 -0.2 -0.19714286 -0.19714286 -0.33142856 -0.33142857 -0.33142857 -0.33142857 -0.33141174 -0.065714286 -0.065714286 -0.065714286 -0.065714286 0.13316745 0.28714286 0.28714286 0.28213309 0.12554863 0.76571429 0.76571429 0.76571429 0.60857143 0.60857143 0.60857143 0.60857428 1.0742857 1.0742857 1.0742857 1.0742857 0.83285714 0.83285714 0.83285714 0.83285714 0.42714286 0.42714286 0.42714286 0.43571411 0.43571429 0.43571429 0.43571433 0.22285714 0.22285714 0.39550367 0.39571429 0.68714153 0.68714286
-0.11285714 -0.11285714 -0.11285714 -0.11284676 0.08 0.039283399 -0.2 -0.2 -0.2 -0.19714286 -0.19714286 -0.19714286 -0.60285713 -0.60285714 -0.60285714 -0.60285714 -0.066674685 -0.065714286 -0.065714286 -0.065714286 -0.060374167 0.095714811 0.095714286 0.095714286 0.095714286 0.09571429 0.017142863 0.017142857 0.60857143 0.60857143 0.60857143 0.60857143 1.0742855 1.0742857 1.0742857 1.0742626 0.83285714 0.83285714 0.83285714 0.83292608 0.42714286 0.42714286 0.42714286 0.43571389 0.43571429 0.43571429 0.43571429 0.22285714 0.22285714 0.22285717 0.42428571 0.42428571 0.37285714
