interpolatedSpi/06-10|19_1.tif
NCOLS 53
NROWS 52
XLLCORNER -116.03883
YLLCORNER 28.596182
DX 0.49850594
DY 0.49788537
NODATA_VALUE -9999
0.558 0.558 0.37295897 0.152 0.278 0.178 0.526 0.528 0.26982034 0.134 0.18 0.588 0.33397332 0.01 0.204 0.204 0.204 -0.022 0.408 0.408 0.408 0.40799657 0.052000003 0.316 0.316 0.316 -0.17400018 -0.174 -0.174 0.188 0.188 0.188 0.188 0.23999999 0.24 0.24 0.24 0.24 0.24 0.24 0.1351298 0.13403874 0.286 0.286 0.286 0.286 0.28552306 -0.006 -0.006 -0.006 1.0839977 1.084 1.084 
0.55800231 0.61 0.46200036 0.45750927 0.51996694 0.436 0.598 0.34222966 0.422 0.362 0.694 0.334 0.334 0.48042613 0.010007415 0.204 -0.022 -0.022 0.40743934 0.408 0.408 0.408 0.2996825 0.316 0.316 0.316 0.276 0.276 0.188 0.188 0.188 0.188 0.188 0.23999999 0.24 0.24 0.24 0.24 0.24 0.27326841 0.45398009 0.30638535 0.286 0.286 0.286 0.286 0.286 -0.006 -0.006 -0.006 0.084383843 1.084 1.084 
0.37600947 0.376 0.772 0.69 0.482 0.658 0.704 0.79 0.468 0.434 0.396 0.426 0.582 0.01 0.482 -0.258 -0.022 -0.022 -0.022 0.24804651 0.248 0.248 0.006 0.316 0.316 0.316 0.276 0.276 0.276 0.188 0.188 0.18799999 0.11771559 0.23991145 0.24037231 0.27963346 0.28 0.28 0.30188461 0.454 0.454 0.45378517 0.286 0.286 0.286 0.286 0.286 -0.006 -0.006 -0.006 -0.0059999981 1.084 1.084 
0.608 0.37599986 -0.34198376 0.556 -0.002 0.612 0.398 0.37 0.072 0.12845242 0.19 -0.075999999 0.48 0.01 0.224 -0.258 0.1607713 0.16386968 0.282 0.248 0.248 0.052 0.006 0.006 0.316 0.3159998 0.276 0.276 0.276 -0.446 -0.17824527 0.042 0.042 0.042000191 0.28 0.28 0.28 0.28 0.454 0.454 0.454 0.45399999 0.286 0.286 0.286 0.286 0.286 -0.0059963165 -0.006 -0.006 -0.006 1.0839622 1.084 
0.608 0.57199832 -0.342 -0.35465514 -0.002 -0.048 0.071994655 0.138 0.15 0.22199977 0.10477246 0.05001948 0.186 0.224 0.224 -0.091875157 0.164 0.164 0.282 0.282 0.24799962 0.052 0.32 0.294 0.396 0.39610848 0.276 0.276 -0.446 -0.446 0.042 0.042 0.042 0.10498335 0.28 0.28 0.28 0.454 0.454 0.454 0.454 0.45401429 0.286 0.286 0.286 0.286 0.286 0.28340084 -0.006 -0.0060030491 -0.074 -0.074 -0.074 
-0.542 0.604 0.16200003 -0.254 0.096 0.262 -0.214 -0.16893392 -0.208 -0.248 0.078 -0.07 -0.069999831 -0.056 -0.056 0.30807533 0.308 0.36 0.36 0.28200025 0.2 0.2 0.294 0.396 0.396 0.86 -0.236 -0.236 0.095950997 -0.446 0.042 0.042 0.376 0.37594943 -0.10796527 0.048 0.048 0.32839463 0.454 0.454 0.60181541 0.602 0.60200096 0.49818701 0.50197613 0.50199994 0.50199999 0.50199992 0.81541025 -0.074 -0.074 -0.074 -0.074 
0.23799468 0.476 0.47891708 0.422 0.52 -0.214 0.196 0.12 -0.292 -0.292 0.078 0.186 0.30999998 -0.056 0.61999797 0.62 0.308 0.594 0.564 0.564 0.29708057 0.406 0.406 0.92799999 0.86 0.86 -0.236 -0.236 0.096009324 0.096171667 0.39556703 0.376 0.376 -0.108 -0.108 0.34973058 0.048 0.048 0.27799203 0.60199955 0.602 0.602 0.60200602 0.50200267 0.502 0.502 0.502 0.50200029 0.996 -0.073787955 -0.074 -0.074 -0.074 
0.238 0.362 0.74 -0.088 0.08399014 -0.128 -0.392 -0.084000001 -0.286 0.026 0.026 0.248 0.31 0.31 0.61787311 0.48520797 0.472 0.364 0.24400033 0.564 0.39033828 0.372 0.55 0.296 0.29600157 0.418 0.678 0.67799968 0.25543934 0.256 0.396 0.42917458 0.19 -0.108 -0.07776753 0.602 0.602 0.278 0.278 0.602 0.602 0.60200001 0.97999004 0.97999998 0.502 0.502 0.502 0.9959812 0.996 0.996 -0.074 -0.074 -0.074 
0.35957255 0.362 0.908 0.64 0.582 0.028 0.094 0.222 -0.356 -0.049783957 -0.406 -0.07 -0.07 -0.032 -0.031997706 0.27654627 0.276 0.276 0.34568182 0.604 0.588 0.588 0.754 0.63039304 0.40570562 0.418 0.566 0.678 0.54477867 0.544 0.496 0.874 0.87097542 0.9 0.952 0.724 0.658 0.472 0.65991319 0.60378551 1.002 1.03 0.97998763 0.98 0.97730956 0.502 0.90999998 0.996 0.996 0.996 0.996 -0.024446038 0.408 
0.346 0.346 0.56 0.564 0.106 -0.006 -0.07 0.116 -0.018 0.02795801 -0.152 0.02 -0.032 -0.032 0.212 0.21287779 0.276 0.27598064 0.152 0.604 0.604 0.60193868 0.754 0.4000067 0.4 0.4 0.566 0.722 0.722 0.544 0.544 0.87398862 0.868 0.9 0.968 0.724 0.658 0.442 0.66 1.0200683 1.03 0.98371524 0.904 0.98 0.98 0.91 0.91 0.91 0.996 0.996 0.324 0.324 0.32400003 
0.346 0.346 0.244 -0.042 -0.46 0.242 -0.112 0.029759035 -0.152 -0.154 0.05 -0.288 0.019589884 0.212 0.212 0.21203807 0.542 0.52153097 0.152 0.816 0.816 1.034 1.034 0.4 0.4 0.4 0.722 0.722 0.722 0.95 0.95 0.94999986 1.08 1.08 0.698 0.744 0.868 0.26000073 0.988 1.026 1.026 0.90599999 0.904 0.98 0.96799994 0.882 0.76462879 0.764 0.958 0.958 0.324 0.324 0.324 
0.346 0.30186262 0.1219536 -0.079992259 -0.01 0.048 -0.112 0.03 -0.15199848 -0.15397784 -0.28799983 -0.288 0.388 0.212 0.212 0.54199999 0.542 0.5419778 0.152 0.816 0.85881077 1.034 1.034 0.4000254 0.4 0.55778539 0.88 0.88 0.87999998 0.95 0.95 0.856 0.856 1.079999 0.698 0.81999995 0.78429525 0.26 0.26 1.026 0.906 0.906 0.90600045 0.968 0.968 0.882 0.764 0.764 0.958 0.958 0.324 0.324 0.324 
-0.014 0.19975333 0.19999131 0.19797235 -0.0099999108 0.047998631 -0.112 0.028252058 -0.13945834 -0.15205222 0.388 0.388 0.388 0.388 0.21202493 0.542 0.542 0.53696448 0.152 0.81602243 0.908 0.908 0.908 0.908 0.40899787 0.88 0.88 0.88 0.88 0.88001428 0.856 0.856 0.856 0.856 0.82 0.82 0.82 0.28710173 0.26405569 0.8 0.8 0.9059943 0.60401246 0.96796494 0.968 0.882 0.764 0.764 0.958 0.958 0.32630008 0.324 0.032041345 
-0.014 0.2 0.2 0.2 0.2 0.19999994 -0.11159041 -0.044834494 -0.10599836 0.38741843 0.388 0.388 0.388 0.388 0.38800011 0.54199999 0.54199994 0.51524866 0.15200788 0.908 0.908 0.908 0.908 0.908 0.90812957 0.82688481 0.78400002 0.784 0.784 0.784 0.856 0.856 0.85600031 1.114 1.114 0.82 1.0961024 1.104 0.80000018 0.8 0.8 0.8 0.604 0.604 0.604 0.60593463 0.28516057 0.282 0.282 0.282 0.28200001 0.63599994 0.636 
0.056 0.2 0.2 0.2 0.2 0.2 0.19999998 0.0099757277 0.54250553 0.546 0.546 0.546 0.546 0.546 0.546 0.71059564 0.54469487 0.48859604 0.90790508 0.908 0.908 0.908 0.908 0.90800013 0.914 0.914 0.91399982 0.784 0.784 0.78445656 1.012 1.012 1.114 1.114 1.114 1.1056018 1.104 1.104 1.104 0.8 0.8 0.8 0.604 0.604 0.604 0.604 0.28200001 0.282 0.282 0.282 0.282 0.636 0.636 
0.056 0.10960956 0.2 0.2 0.2 0.2 0.23199372 0.232 0.23200001 0.546 0.546 0.546 0.546 0.546 0.58306198 0.714 0.714 0.714 1.0236463 1.0239999 1.024 1.024 1.024 1.024 0.914 0.914 0.914 0.914 0.784 1.012 1.012 1.012 1.114 1.114 1.114 0.948 1.1037935 1.104 1.104 0.79999413 0.78803317 0.76011955 0.604 0.604 0.61995062 0.62 0.62 0.28217244 0.38563657 0.38599999 0.38599998 0.41803299 0.63599956 
0.056 -0.080240023 0.056282926 0.2 0.2 0.23198109 0.232 0.232 0.232 0.23426277 0.546 0.546 0.546 0.54600002 0.714 0.714 0.714 0.714 1.0237231 1.024 1.024 1.024 1.024 1.024 0.914 0.914 0.914 0.914 0.91435646 1.012 1.012 1.012 1.186 1.1139849 0.948 0.948 0.948 0.94873712 0.78178525 0.76 0.76 0.76 0.608 0.608 0.62 0.62 0.62 0.386 0.386 0.386 0.386 0.418 0.418 
-0.083943242 -0.084 -0.084 -0.083999999 0.022 0.23199458 0.232 0.232 0.232 0.232 0.53010116 0.54599726 0.54599999 0.714 0.714 0.714 0.714 0.714 0.74183754 1.024 1.024 1.024 1.024 1.024 1.0201819 1.097999 1.098 1.098 1.098 1.012 1.186 1.186 1.186 1.186 0.948 0.94800174 1.014 1.014 0.76317157 0.76 0.76 0.76 0.608 0.608 0.61814199 0.62 0.62 0.386 0.386 0.386 0.38634312 0.418 0.418 
-0.084 -0.084 -0.084 -0.034083019 0.022 0.022 0.232 0.232 0.232 0.232 0.336 0.336 0.336 0.714 0.714 0.714 0.714 0.71397488 0.77 0.77 1.0239999 1.024 1.0221497 0.948 0.94935038 1.098 1.098 1.098 1.098 1.185991 1.186 1.186 1.186 1.186 1.0139998 1.014 1.014 1.014 1.0131138 0.76 0.76 0.76 0.608 0.608 0.608 0.62 0.62 0.38600001 0.386 0.386 0.418 0.418 0.418 
-0.084 -0.084 -0.084 0.022 0.022 0.022 0.022000321 0.232 0.232 0.33589264 0.336 0.336 0.336 0.33623551 0.59096779 0.562 0.562 0.562 0.77 0.77 0.77 0.948 0.948 0.948 0.94802857 1.0728228 1.098 1.098 1.098 1.0327008 1.0000183 1 1 1 1.06547 1.1379997 1.138 1.138 1.138 0.61002052 0.61 0.61 0.608 0.608 0.62799992 0.62800009 0.874 0.874 0.816 0.816 0.816 0.418 0.82163877 
-0.084000298 -0.084 -0.083999996 0.022 0.022 0.022 0.021999998 -0.15799989 0.23044063 0.33578056 0.336 0.336 0.336 0.33644347 0.562 0.562 0.562 0.56200006 0.77 0.77 0.77 0.948 0.948 0.948 1.05 1.05 0.94 0.94 0.94 0.94032732 1 1 1 1 1.0689621 1.138 1.138 1.138 1.138 0.61 0.61 0.61 0.61056635 0.628 0.628 0.628 0.874 0.874 0.816 0.816 0.816 0.822 0.822 
-0.18 -0.13002779 -0.006 -0.0059918767 0.022 -0.15695853 -0.158 -0.158 -0.094598119 0.093999998 0.094 0.094 0.094 -0.0099966137 -0.0099999975 0.56199956 0.562 0.56748049 0.77 0.77 0.77 0.8 0.8 0.8 1.05 1.05 0.94 0.94 0.94 0.94000005 1.0079999 1.008 1.0002011 1.0000086 0.9340768 0.934 0.934 0.934 0.934 0.61 0.61 0.61 0.62700875 0.628 0.628 0.62799995 0.874 0.874 0.87399791 0.816 0.8160093 1.024 0.822 
0.033959361 0.033999993 -0.006 -0.006 -0.006 -0.158 -0.158 -0.158 0.016 0.016 0.094 0.094 0.094 -0.01 -0.01 -0.01 -0.01 -0.0099112641 0.77 0.77 0.77 0.8 0.8 0.8 1.05 1.05 0.94 0.94 0.94 1.0072333 1.008 1.008 1.008 1.008 0.93403651 0.934 0.934 0.934 0.934 0.43600005 0.436 0.436 0.436 0.62799787 0.35 0.35 0.35 0.688 0.688 0.688 1.024 1.024 1.024 
0.034 0.034 -0.006 -0.006 -0.006 -0.15720106 -0.158 0.016 0.016 0.016 0.093990398 0.094 -0.41588583 -0.010000119 -0.01 -0.01 -0.01 -0.34 -0.34 -0.34 0.12800001 0.1280005 0.79999673 0.8 0.79994807 0.594 0.594 0.59400082 0.93994408 0.90602033 0.90600054 0.90601781 1.0078257 1.007912 0.94711264 0.93399973 0.93167425 0.24 0.24 0.436 0.436 0.436 0.436 0.35 0.35 0.35 0.35 0.688 0.688 0.688 1.024 1.024 1.024 
0.034 0.034 -0.006 -0.006 -0.006 -0.0060000006 -0.092876883 0.016 0.016 0.016 0.0156984 -0.53 -0.53 -0.53 -0.01306448 -0.01 -0.33780096 -0.34 -0.34 -0.34 0.128 0.128 0.128 0.128 0.594 0.594 0.594 0.594 0.594 0.906 0.906 0.906 0.906 0.90599973 0.78 0.24 0.24 0.24 0.24 0.24000052 0.374 0.374 0.374 0.39612757 0.442 0.442 0.442 0.68799999 0.68799959 0.266 0.266 0.4441411 0.444 
0.034 0.034 0.0084371912 -0.006 -0.006 -0.0060000092 -0.41722986 0.014632272 0.016 0.015999999 -0.52999999 -0.53 -0.53 -0.53 -0.53 -0.48734901 -0.34 -0.34 -0.34 -0.34 0.12799638 0.128 0.128 0.128 0.594 0.594 0.594 0.594 0.594 0.59859413 0.906 0.906 0.906 0.78 0.78 0.77958068 0.24 0.24 0.44372582 0.60199997 0.374 0.374 0.374 0.39561317 0.442 0.442 0.442 0.082 0.26370738 0.266 0.266 0.444 0.444 
-0.314 -0.314 -0.314 -0.083224067 -0.0065882584 -0.418 -0.418 -0.418 -0.418 -0.498 -0.498 -0.53 -0.53 -0.53 -0.53 -0.52998798 -0.34 -0.34 -0.34 -0.34 -0.076220019 0.128 0.128 0.12485955 0.034093915 0.594 0.594 0.594 0.49 0.49 0.49 0.49000175 0.78 0.78 0.78 0.78 0.602 0.602 0.602 0.602 0.404 0.404 0.404 0.37600056 0.376 0.376 0.37600002 0.082 0.082 0.26577581 0.266 0.44399898 0.444 
-0.314 -0.314 -0.314 -0.31400495 -0.406 -0.407745 -0.418 -0.418 -0.418 -0.498 -0.498 -0.498 -0.97399998 -0.974 -0.974 -0.97399999 -0.34072907 -0.34 -0.34 -0.34 -0.33291001 0.0080003294 0.008 0.008 0.008 0.0080000053 -0.0099999953 -0.01 0.49 0.49 0.49 0.49 0.77999983 0.78 0.78 0.77998078 0.602 0.602 0.602 0.60254397 0.404 0.404 0.404 0.3760013 0.376 0.376 0.376 0.082 0.082 0.082000021 0.242 0.242 0.298 
-0.314 -0.314 -0.314 -0.40599979 -0.406 -0.406 -0.418 -0.418 -0.418 -0.498 -0.498 -0.498 -0.974 -0.974 -0.974 -0.95602635 -0.738 -0.738 -0.73799897 -0.34224801 0.0079999997 0.008 0.008 0.008 0.008 0.0079864541 -0.01 -0.01 -0.009999999 0.49 0.49 0.48980304 0.544 0.544 0.544 0.518 0.518 0.726 0.726 0.726 0.574 0.40405332 0.4040009 0.524 0.524 0.51839097 0.37599989 0.082 0.082 0.242 0.242 0.242 0.298 
-0.314 -0.314 -0.314 -0.406 -0.406 -0.406 -0.406 -0.418 -0.418 -0.498 -0.498 -0.95496687 -0.974 -0.974 -0.974 -0.738 -0.738 -0.738 -0.738 -0.738 0.0079999999 0.008 0.008 0.008 0.008 -0.0099999386 -0.01 -0.01 -0.01 0.184 0.184 0.184 0.544 0.544 0.544 0.518 0.518 0.726 0.726 0.574 0.574 0.574 0.524 0.524 0.524 0.524 0.53057179 0.604 0.604 0.604 0.24200001 0.534 0.534 
-0.314 -0.314 -0.31412811 -0.406 -0.406 -0.406 -0.406 -0.84963749 -0.872 -0.87135789 -0.49800003 -0.97401541 -0.974 -0.974 -0.97399918 -0.738 -0.738 -0.738 -0.738 -0.738 -0.63073575 0.008 0.008 0.008 0.0079377981 -0.010015979 -0.01 -0.01 -0.01 0.184 0.184 0.184 0.18405003 0.544 0.518 0.518 0.518 0.51800832 0.72598963 0.574 0.574 0.574 0.52400304 0.524 0.524 0.524 0.60400057 0.604 0.604 0.604 0.534 0.534 0.534 
-0.734 -0.73399927 -0.40596319 -0.406 -0.406 -0.406 -0.87190084 -0.872 -0.872 -0.872 -1.158 -1.158 -1.158 -1.158 -0.73993843 -0.738 -0.738 -0.738 -0.738 -0.65800005 -0.658 -0.658 -0.29399995 -0.294 -0.294 -0.294 -0.26948715 -0.01 -0.05199828 -0.052 -0.052 -0.052 -0.052 0.184 0.184 0.184 0.184 0.184 0.458 0.458 0.458 0.458 0.458 0.66179197 0.662 0.662 0.662 0.604 0.604 0.604 0.53401103 0.534 0.534 
-0.734 -0.734 -0.73666236 -1.0519987 -1.0519999 -1.0518241 -0.872 -0.872 -0.872 -0.872 -1.158 -1.158 -1.158 -1.158 -1.158 -0.738 -0.738 -0.738 -0.65800002 -0.658 -0.658 -0.658 -0.294 -0.294 -0.294 -0.294 -0.294 -0.29393967 -0.052140562 -0.052000002 -0.052 -0.052 -0.052056467 0.14658449 0.18396126 0.184 0.184 0.184 0.458 0.458 0.458 0.458 0.458 0.662 0.662 0.662 0.662 0.63487807 0.604 0.56642396 0.566 0.312 0.312 
-0.734 -0.734 -1.0519597 -1.052 -1.052 -1.052 -1.0062808 -0.872 -0.872 -0.872 -1.158 -1.158 -1.158 -1.158 -1.158 -0.73832081 -0.738 -0.65802346 -0.658 -0.658 -0.658 -0.658 -0.42884616 -0.294 -0.294 -0.294 -0.294 -0.29408626 -0.416 -0.416 -0.416 -0.416 -0.416 0.118 0.118 0.118 0.118 0.118 0.704 0.704 0.704 0.704 0.704 0.66219045 0.66200004 0.662 0.66201322 0.66357708 0.566 0.566 0.566 0.31200142 0.312 
-0.73400015 -0.81636234 -1.052 -1.052 -1.052 -1.052 -1.052 -0.87207664 -0.872 -0.872 -1.158 -1.158 -1.158 -1.158 -0.90377495 -0.898 -0.898 -0.65800618 -0.658 -0.658 -0.658 -0.658 -0.65799996 -0.294 -0.294 -0.294 -0.294 -0.036000365 -0.036000176 -0.11687323 -0.416 -0.416 -0.416 0.118 0.118 0.118 0.118 0.11808669 0.704 0.704 0.704 0.704 0.70402237 0.74 0.74 0.74 0.74 0.73998597 0.566 0.566 0.566 0.56600011 0.74749048 
-0.818 -0.818 -0.89620774 -1.052 -1.052 -1.052 -1.052 -1.052 -0.87207727 -1.086 -1.086 -1.086 -1.0861709 -0.89800037 -0.898 -0.898 -0.898 -0.898 -0.65799933 -0.65225594 -0.602 -0.602 -0.602 -0.52249116 -0.27271032 -0.15879331 -0.062674287 -0.036 -0.036 -0.036 -0.036 -0.036 -0.048697304 0.2438002 0.246 0.246 0.246 0.246 0.75885295 0.99599948 0.996 0.996 0.996 0.99399926 0.74000007 0.74 0.74 0.61 0.5660007 0.566 0.566 0.754 0.754 
-0.818 -0.818 -1.054 -1.054 -1.054 -1.0520007 -1.052 -1.052 -1.086 -1.086 -1.086 -1.086 -1.086 -0.89800001 -0.898 -0.898 -0.898 -0.898 -0.602 -0.602 -0.602 -0.602 -0.602 -0.02800003 -0.028 -0.028 -0.028 -0.036 -0.036 -0.036 -0.036 -0.036 0.05 0.05 0.246 0.246 0.246 0.32798604 0.328 0.996 0.996 0.996 0.99599997 0.994 0.994 0.994 0.61 0.61 0.61 0.714 0.714 0.754 0.754 
-0.818 -0.818 -1.054 -1.054 -1.054 -1.054 -1.053999 -0.87 -1.0857966 -1.086 -1.086 -1.086 -1.086 -0.90034513 -0.898 -0.898 -0.898 -0.898 -0.60200001 -0.602 -0.602 -0.602 -0.602 -0.028 -0.028 -0.028 -0.028 -0.028000029 -0.036 -0.036 -0.036 0.049995491 0.05 0.05 0.05 0.246 0.328 0.328 0.328 0.34557633 0.82402627 0.792 0.792 0.994 0.994 0.994 0.61 0.61 0.61 0.714 0.714 0.714 0.68878842 
-0.544 -0.54400215 -1.054 -1.054 -1.054 -1.054 -0.87 -0.87 -0.87 -1.086 -1.086 -1.086 -1.086 -1.0859416 -0.898 -0.898 -0.898 -0.898 -0.6020051 -0.602 -0.602 -0.602 -0.129114 -0.028 -0.028 -0.028 -0.028 0.0079999706 0.008 0.0079999995 -0.035524548 0.05 0.05 0.05 0.049999683 -0.282 0.328 0.328 0.328 0.328 0.792 0.792 0.792 0.726 0.726 0.726 0.38402201 0.61 0.61 0.714 0.714 0.714 0.68199955 
-0.544 -0.544 -1.054 -1.054 -1.054 -0.87 -0.87 -0.87 -0.87 -1.0623194 -1.086 -1.086 -1.086 -1.0859981 -0.63802992 -0.638 -0.638 -0.638 -0.46026763 -0.294 -0.294 -0.294 -0.294 -0.028 -0.028 -0.028 -0.027997625 0.008 0.008 0.008 0.008 0.049921879 -0.1367404 -0.282 -0.282 -0.282 0.3278785 0.29600067 0.296 0.296 0.79188251 0.642 0.642 0.726 0.726 0.72599855 0.384 0.384 0.71 0.71 0.71 0.516 0.52 
-0.544 -0.544 -0.536 -0.536 -0.536 -0.87 -0.87 -0.87 -0.87 -0.974 -0.974 -0.974 -0.974 -0.95032129 -0.638 -0.638 -0.638 -0.638 -0.466 -0.294 -0.294 -0.294 -0.294 -2.4353945e-20 -1.1058249e-08 -0.027999959 0.008 0.008 0.008 0.008 -0.24918782 -0.5 -0.30793901 -0.282 -0.282 -0.282 0.296 0.296 0.296 0.296 0.642 0.642 0.642 0.41207253 0.412 0.38412586 0.384 0.384 0.70999877 0.71 0.516 0.516 0.52 
-0.544 -0.536 -0.536 -0.536 -0.536 -0.536 -0.86832322 -0.654 -0.654 -0.974 -0.974 -0.974 -0.974 -0.97392043 -0.638 -0.638 -0.638 -0.63022849 -0.466 -0.466 -0.294 -0.294 -7.0617868e-16 -7.1641775e-62 -4.2763896e-46 2.7028776e-19 0.008 0.008 0.008 0.008 -0.5 -0.5 -0.5 -0.2822206 -0.282 -0.282 0.296 0.296 0.296 0.296 0.642 0.642 0.642 0.412 0.412 0.4119796 0.052 0.052 0.474 0.474 0.516 0.516 0.52 
-0.53607513 -0.536 -0.536 -0.536 -0.536 -0.536 -0.654 -0.654 -0.654 -0.82527737 -0.974 -0.974 -0.974 -0.9739928 -0.638 -0.638 -0.638 -0.466 -0.466 -0.466 -0.29400859 -0.2939982 -1.1809948e-33 -8.2048469e-95 -6.3493913e-60 7.9154115e-27 0.0079994314 0.008 0.008 -0.49988317 -0.5 -0.5 -0.5 -0.5 -0.28241784 -0.208 -0.208 -0.1992774 0.296 0.296 0.64199969 0.642 0.4186873 0.412 0.412 0.05200013 0.052 0.052 0.474 0.474 0.264 0.264 0.592 
-0.536 -0.536 -0.536 -0.536 -0.536 -0.536 -0.654 -0.654 -0.654 -0.654 -0.67800853 -0.678 -0.678 -0.678 -0.63799896 -0.3918522 -0.254 -0.254 -0.46560918 -0.466 -0.46599997 -4.2694932e-07 -8.9551531e-28 -2.5019165e-45 -9.3347527e-41 -7.0125258e-26 5.816445e-06 0.008 0.0079826374 -0.5 -0.5 -0.5 -0.5 -0.5 -0.208 -0.208 -0.208 -0.208 -0.208 -0.20799719 0.222 0.222 0.2219999 -0.086 -0.086 -0.086 0.142 0.142 0.132 0.132 0.264 0.26400071 0.592 
-0.536 -0.536 -0.536 -0.536 -0.536 -0.536 -0.654 -0.654 -0.654 -0.678 -0.678 -0.678 -0.678 -0.678 -0.56623462 -0.254 -0.254 -0.254 -0.254 -0.254 -0.2641223 -3.0674632e-09 -9.15772e-19 -1.0127292e-16 -2.7190341e-10 -0.0022608727 -0.071887177 -0.0028943627 -0.49749481 -0.5 -0.5 -0.5 -0.5 -0.49999936 -0.208 -0.208 -0.208 -0.208 -0.208 -0.0079649992 0.222 0.222 0.222 -0.086 -0.086 -0.086 0.142 0.142 0.132 0.132 0.42999999 0.58306327 0.592 
-0.536 -0.536 -0.536 -0.536 -0.536 -0.53600004 -0.65399997 -0.654 -0.65499613 -0.678 -0.678 -0.678 -0.678 -0.678 -0.65766235 -0.254 -0.254 -0.254 -0.254 -0.254 -0.254 -0.061564177 -0.071999899 -0.072 -0.072 -0.072 -0.072 -0.072 -0.3837874 -0.38800133 -0.388 -0.388 -0.388 -0.38799987 -0.208 -0.208 -0.208 -0.208 -0.208 0.22199995 0.222 0.222 0.222 0.22199986 -0.08571142 0.094 0.142 0.38570962 0.13222606 0.43 0.43 0.42667414 0.27 
-0.536 -0.536 -0.536 -0.536 -0.536 -0.53600754 -0.65399364 -0.65400145 -0.67799997 -0.678 -0.678 -0.678 -0.678 -0.678 -0.66993218 -0.254 -0.254 -0.254 -0.254 -0.254 -0.254 -0.072 -0.072 -0.072 -0.072 -0.072 -0.072 -0.072 -0.38791277 -0.388 -0.388 -0.388 -0.388 -0.388 -0.33868002 -0.208 -0.208 -0.208 -0.208 0.222 0.222 0.222 0.222 0.22196721 0.094 0.094 0.095855185 0.39 0.39 0.43 0.43 0.27 0.27 
-0.536 -0.536 -0.536 -0.536 -0.536 -0.53615737 -0.6538606 -0.67529176 -0.678 -0.678 -0.678 -0.678 -0.678 -0.678 -0.67057715 -0.254 -0.254 -0.254 -0.254 -0.254 -0.22808651 -0.072 -0.072 -0.072 -0.072 -0.072 -0.072 -0.072 -0.38799873 -0.388 -0.388 -0.388 -0.388 -0.388 -0.388 -0.27463737 -0.37821413 -0.43485082 -0.4434407 0.24604022 0.22200001 0.222 0.222 0.094010222 0.094 0.098094866 0.77999814 0.39 0.39 0.34800218 0.348 0.348 0.27000003 
-0.536 -0.536 -0.536 -0.536 -0.53600012 -0.53698408 -0.65524827 -0.6779934 -0.678 -0.678 -0.678 -0.678 -0.678 -0.678 -0.66809895 -0.254 -0.254 -0.254 -0.254 -0.254 -0.072000786 -0.072 -0.072 -0.072 -0.072 -0.072 -0.072 -0.072 -0.38799991 -0.388 -0.388 -0.388 -0.388 -0.388 -0.38800001 -0.448 -0.448 -0.448 -0.448 0.596 0.596 0.596 0.596 0.77999801 0.78 0.78 0.78 0.77999529 0.358 0.358 0.348 0.348 0.10634498 
-0.536 -0.536 -0.536 -0.53600001 -0.5360033 -0.53921442 -0.67615032 -0.67799969 -0.678 -0.678 -0.678 -0.678 -0.678 -0.678 -0.66360682 -0.25400017 -0.254 -0.254 -0.254 -0.25290462 -0.072 -0.072 -0.072 -0.072 -0.072 -0.072 -0.072 -0.072 -0.38799993 -0.388 -0.388 -0.388 -0.388 -0.388 -0.44799994 -0.448 -0.448 -0.448 -0.448 0.596 0.596 0.596 0.596 0.64566081 0.78 0.78 0.78 0.35800472 0.358 0.358 -0.002 -0.002 -0.002 
-0.536 -0.536 -0.53600001 -0.53600027 -0.53603236 -0.54912724 -0.67788662 -0.67799992 -0.678 -0.678 -0.678 -0.678 -0.678 -0.67799997 -0.65752173 -0.25400997 -0.254 -0.254 -0.25399979 -0.075687608 -0.072 -0.072 -0.072 -0.072 -0.072 -0.072 -0.072 -0.072 -0.3879997 -0.388 -0.388 -0.388 -0.388 -0.38360778 -0.44799998 -0.448 -0.448 -0.448 -0.448 0.596 0.596 0.596 0.596 0.596 0.78 0.78 0.78 0.358 0.358 0.358 -0.002 -0.002 -0.002 
-0.536 -0.53600001 -0.53600011 -0.53600317 -0.53620016 -0.61754952 -0.67797722 -0.67799995 -0.678 -0.678 -0.678 -0.678 -0.678 -0.6779992 -0.65028704 -0.25415485 -0.25400001 -0.25399999 -0.2530577 -0.072015475 -0.072 -0.072 -0.072 -0.072 -0.072 -0.072 -0.072 -0.072000184 -0.38799802 -0.388 -0.388 -0.38252747 -0.382 -0.382 -0.382 -0.448 -0.448 -0.448 -0.448 0.596 0.596 0.596 0.596 0.596 0.77999674 0.78 0.77999979 0.35800003 0.358 0.3579998 -0.002 -0.002 -0.002 
