interpolatedSpi/06-10|19_1.tif
NCOLS 53
NROWS 52
XLLCORNER -116.03883
YLLCORNER 28.596182
DX 0.49850594
DY 0.49788537
NODATA_VALUE -9999
[rows 0 to 28 of 52, columns 0 to 52 of 53]
0.46333333 0.46333333 0.28729345 -0.011666667 -0.066666667 -0.15166667 0.26166667 0.11833333 -0.15062903 -0.20833333 -0.13166667 0.13666667 -0.18500343 -0.22666667 -0.15166667 -0.15166667 -0.15166667 0.055 0.34333333 0.34333333 0.34333333 0.34332927 -0.078333331 0.20333333 0.20333333 0.20333333 -0.20833299 -0.20833333 -0.20833333 0.115 0.115 0.115 0.115 0.25333331 0.25333333 0.25333333 0.25333333 0.25333333 0.25333333 0.25333333 -0.025331544 -0.028278938 0.185 0.185 0.185 0.185 0.18461072 -0.053333333 -0.053333333 -0.053333333 0.74666501 0.74666667 0.74666667
0.46333578 0.51833333 0.32666702 0.31864751 0.30828833 0.44 0.54166667 -0.033137167 -0.115 -0.09 0.16666667 -0.185 -0.185 0.27498832 -0.22665992 -0.15166667 0.055 0.055 0.34295739 0.34333333 0.34333333 0.34333333 0.1828926 0.20333333 0.20333333 0.20333333 0.098333341 0.098333333 0.115 0.115 0.115 0.115 0.115 0.25333331 0.25333333 0.25333333 0.25333333 0.25333333 0.25333333 0.27163278 0.37831735 0.20845936 0.185 0.185 0.185 0.185 0.185 -0.053333333 -0.053333333 -0.053333333 0.013003432 0.74666667 0.74666667
0.21500686 0.215 0.63166667 0.44 0.22166667 0.35333333 0.44333333 0.58333333 0.13166667 0.043333333 0.18333333 0.13833333 0.26833333 -0.26833333 0.27666667 -0.46 0.055 0.055 0.055 0.16671802 0.16666667 0.16666667 -0.185 0.20333333 0.20333333 0.20333333 0.098333333 0.098333333 0.098333333 0.115 0.115 0.11499999 -0.011768685 0.25289779 0.25289897 0.2070943 0.20666667 0.20666667 0.22825781 0.37833333 0.37833333 0.37808611 0.185 0.185 0.185 0.185 0.185 -0.053333333 -0.053333333 -0.053333333 -0.053333332 0.74666667 0.74666667
0.28666667 0.2149999 -0.29834508 0.32833333 -0.12666667 0.37166667 0.33333333 0.10166667 0.081666667 -0.019380617 -0.065 -0.25166667 0.15166667 -0.26833333 -0.025 -0.46 -0.038251654 -0.034936941 -0.055 0.16666667 0.16666667 -0.29666667 -0.185 -0.185 0.20333333 0.20333281 0.098333333 0.098333333 0.098333333 -0.48666667 -0.3010307 -0.14833333 -0.14833333 -0.14833305 0.20666667 0.20666667 0.20666667 0.20666667 0.37833333 0.37833333 0.37833333 0.37833333 0.185 0.185 0.185 0.185 0.185 -0.053330327 -0.053333333 -0.053333333 -0.053333333 0.74663275 0.74666667
0.28666667 0.49833187 -0.29833333 -0.35015478 -0.12666667 -0.11 0.066657758 -0.066666667 0.043333333 -0.018333497 -0.052125334 -0.068328559 -0.035 -0.025 -0.025 -0.30938041 -0.035 -0.035 -0.055 -0.055 0.16666577 -0.29666667 -0.105 2.1228854e-11 0.10166667 0.10175203 0.098333333 0.098333333 -0.48666667 -0.48666667 -0.14833333 -0.14833333 -0.14833333 -0.11407595 0.20666667 0.20666667 0.20666667 0.37833333 0.37833333 0.37833333 0.37833333 0.37832465 0.185 0.185 0.185 0.185 0.185 0.18287854 -0.053333333 -0.05334402 -0.29166667 -0.29166667 -0.29166667
-0.79333333 0.51166667 0.043333365 -0.29333333 -0.013333333 0.27166667 -0.43 -0.38348293 -0.34833333 -0.25833333 -0.37166667 -0.36833333 -0.36833311 -0.52666667 -0.52666667 0.011726623 0.011666667 0.095 0.095 -0.05499983 -0.063333333 -0.063333333 1.9132346e-24 0.10166667 0.10166667 0.46666667 -0.485 -0.485 -0.22002408 -0.48666667 -0.14833333 -0.14833333 0.033333333 0.033293976 -0.34330628 -0.135 -0.135 0.21952195 0.37833333 0.37833333 0.28844558 0.28833333 0.28833421 0.3110679 0.31331915 0.3133333 0.31333333 0.31333329 0.59713298 -0.29166667 -0.29166667 -0.29166667 -0.29166667
0.19332887 0.47833333 0.3894723 0.30833333 0.4 -0.43833333 -0.18333333 -0.27833333 -0.63833333 -0.63833333 -0.37166667 -0.20666667 -0.10500001 -0.52666667 0.25999764 0.26 0.011666667 0.2 0.13833333 0.13833333 0.020708905 0.115 0.115 0.49666666 0.46666667 0.46666667 -0.485 -0.485 -0.21999398 -0.21988913 0.092684543 0.033333333 0.033333333 -0.34333333 -0.34333333 0.10645708 -0.135 -0.135 -0.020003986 0.2883329 0.28833333 0.28833333 0.28833892 0.31333555 0.31333333 0.31333333 0.31333333 0.31333361 0.77166667 -0.29145594 -0.29166667 -0.29166667 -0.29166667
0.19333333 0.19833333 0.785 -0.11 0.076655965 -0.28 -0.62 -0.35333333 -0.55166667 -0.445 -0.445 -0.15 -0.105 -0.105 0.25749576 0.1309761 0.11833333 -0.0083333333 -0.20166632 0.13833333 -0.060456916 -0.073333333 0.20333333 0.061666667 0.06166757 0.13166667 0.28333333 0.28333306 -0.11702876 -0.11666666 0.093333333 0.12841098 -0.038333333 -0.34333333 -0.31528749 0.30833333 0.30833333 -0.020000001 -0.02 0.28833333 0.28833333 0.28833334 0.7112606 0.71166665 0.31333333 0.31333333 0.31333333 0.77164922 0.77166667 0.77166667 -0.29166667 -0.29166667 -0.29166667
0.19504616 0.19833334 0.87166667 0.64666667 0.655 0.083333333 0.016666667 0.055 -0.56333333 -0.18455047 -0.51833333 -0.39666667 -0.39666667 -0.29833333 -0.29832995 -0.0079803027 -0.0083333333 -0.0083333333 -0.037845959 0.11333333 0.078333333 0.078333332 0.24833333 0.22106709 0.12461251 0.13166667 0.24166667 0.28333333 0.31812995 0.31833333 0.175 0.57666667 0.6404602 0.65666667 0.64 0.46666667 0.38 0.17166667 0.42321712 0.28994029 0.64833333 0.70333333 0.71166097 0.71166667 0.70942463 0.31333333 0.63166665 0.77166667 0.77166667 0.77166667 0.77166666 -0.23729842 0.31833333
0.17666667 0.17666667 0.575 0.67166667 0.28166667 -0.0083333333 0.0083333333 0.065 -0.115 -0.0883498 -0.19666667 -0.115 -0.29833333 -0.29833333 0.061666667 0.060706585 -0.0083333333 -0.0083402818 -0.075 0.11333333 0.11333333 0.10882417 0.24833333 0.018337689 0.018333333 0.018333333 0.24166667 0.44333333 0.44333333 0.31833333 0.31833333 0.5769069 0.70333333 0.65666667 0.72833333 0.46666667 0.38 0.22 0.42333333 0.75946264 0.70333333 0.69353762 0.67666667 0.71166667 0.71166667 0.63166667 0.63166667 0.63166667 0.77166667 0.77166667 0.145 0.145 0.14500006
0.17666667 0.17666667 0.35833333 0.063333333 -0.145 0.30833333 -0.063333331 0.053094445 -0.14833333 -0.105 -0.03 -0.29833333 -0.11524434 0.061666667 0.061666667 0.061692623 0.28666667 0.2676847 -0.075 0.28 0.28 0.51333333 0.51333333 0.018333333 0.018333333 0.018333333 0.44333333 0.44333333 0.44333333 0.57333333 0.57333333 0.57333355 0.805 0.805 0.39333333 0.51833333 0.61333333 0.070000851 0.74 0.765 0.765 0.66166672 0.67666667 0.71166667 0.73499995 0.68 0.61673127 0.61666667 0.81666667 0.81666667 0.145 0.145 0.145
0.17666667 0.25502877 0.23244631 -0.0099869677 0.3 0.21333333 -0.063333333 0.053333333 -0.14833165 -0.10548008 -0.29833308 -0.29833333 0.34166667 0.061666667 0.061666667 0.28666666 0.28666667 0.28664608 -0.075 0.28 0.32582192 0.51333333 0.51333333 0.018353446 0.018333333 0.19967696 0.57 0.57 0.56999998 0.57333333 0.57333333 0.53166667 0.53166667 0.80499887 0.39333333 0.58666662 0.5422431 0.07 0.07 0.765 0.66166667 0.66166667 0.6616672 0.735 0.735 0.68 0.61666667 0.61666667 0.81666667 0.81666667 0.145 0.145 0.145
-0.15 0.1240859 0.10833198 0.10748178 0.29999939 0.21333538 -0.063333326 0.051897229 -0.13443644 -0.14720178 0.34166667 0.34166667 0.34166667 0.34166667 0.061706331 0.28666667 0.28666667 0.28199697 -0.075 0.2801212 0.70666667 0.70666667 0.70666667 0.70666667 0.030441808 0.57 0.57 0.57 0.57 0.57003006 0.53166667 0.53166667 0.53166667 0.53166667 0.58666667 0.58666667 0.58666667 0.095028667 0.074143315 0.62166667 0.62166667 0.66166452 0.45500959 0.73497303 0.735 0.68 0.61666667 0.61666667 0.81666666 0.81666667 0.14743673 0.145 -0.12094727
-0.15 0.10833333 0.10833333 0.10833333 0.10833333 0.10833338 -0.062625088 -0.0081571671 -0.097360808 0.34114008 0.34166667 0.34166667 0.34166667 0.34166667 0.34166681 0.28666666 0.28666661 0.2618588 -0.07499243 0.70666667 0.70666667 0.70666667 0.70666667 0.70666667 0.71095345 0.66166642 0.67166665 0.67166667 0.67166667 0.67166667 0.53166667 0.53166667 0.53166712 0.90833333 0.90833333 0.58666667 0.92207281 0.93166667 0.62166685 0.62166667 0.62166667 0.62166667 0.455 0.455 0.455 0.4565658 0.1712635 0.16833333 0.16833333 0.16833333 0.16833335 0.58499991 0.585
0.093333333 0.10833333 0.10833333 0.10833333 0.10833333 0.10833333 0.10833332 0.0098263663 0.53986682 0.54333333 0.54333333 0.54333333 0.54333333 0.54333333 0.54333333 0.71965538 0.29356419 0.23714255 0.70656851 0.70666667 0.70666667 0.70666667 0.70666667 0.70666701 0.905 0.905 0.90499967 0.67166667 0.67166667 0.67226072 0.96833333 0.96833333 0.90833333 0.90833333 0.90833333 0.9279289 0.93166667 0.93166667 0.93166667 0.62166667 0.62166667 0.62166667 0.455 0.455 0.455 0.455 0.16833334 0.16833333 0.16833333 0.16833333 0.16833333 0.585 0.585
0.093333333 0.098917663 0.10833333 0.10833333 0.10833333 0.10833333 0.12499673 0.125 0.12500001 0.54333333 0.54333333 0.54333333 0.54333333 0.54333333 0.58304259 0.72333333 0.72333333 0.72333333 0.99744481 0.99833304 0.99833333 0.99833333 0.99833333 0.99833333 0.905 0.905 0.905 0.905 0.67166667 0.96833333 0.96833333 0.96833333 0.90833334 0.90833333 0.90833333 0.88 0.93159826 0.93166667 0.93166667 0.62169325 0.67452016 0.79780532 0.455 0.455 0.67598259 0.67666667 0.67666667 0.16896242 0.54866625 0.54999997 0.54999993 0.56500302 0.58499996
0.093333333 -0.02344385 0.040017118 0.10833333 0.10833333 0.12499015 0.125 0.125 0.125 0.12801463 0.54333333 0.54333333 0.54333333 0.54333336 0.72333333 0.72333333 0.72333333 0.72333333 0.99808768 0.99833333 0.99833333 0.99833333 0.99833333 0.99833333 0.905 0.905 0.905 0.905 0.90523037 0.96833333 0.96833333 0.96833333 1.1383333 0.908336 0.88 0.88 0.88 0.88141456 0.80678078 0.79833333 0.79833333 0.79833333 0.71666667 0.71666667 0.67666667 0.67666667 0.67666667 0.55 0.55 0.55 0.55 0.565 0.565
-0.02663474 -0.026666667 -0.026666667 -0.026666666 0.076666667 0.12499875 0.125 0.125 0.125 0.125 0.52819154 0.54333073 0.54333333 0.72333333 0.72333333 0.72333333 0.72333333 0.72333333 0.7563602 0.99833333 0.99833333 0.99833333 0.99833333 0.99833333 1.0354796 1.1666652 1.1666667 1.1666667 1.1666667 0.96833334 1.1383333 1.1383333 1.1383333 1.1383333 0.88 0.88000338 1.0083333 1.0083333 0.8009555 0.79833333 0.79833333 0.79833333 0.71666667 0.71666667 0.68286004 0.67666667 0.67666667 0.55 0.55 0.55 0.55016084 0.565 0.565
-0.026666667 -0.026666667 -0.026666667 0.021994541 0.076666667 0.076666667 0.125 0.125 0.125 0.125 0.34333333 0.34333333 0.34333333 0.72333333 0.72333333 0.72333333 0.72333333 0.72334297 0.905 0.905 0.9983333 0.99833333 0.99841449 1.0016667 1.0031521 1.1666667 1.1666667 1.1666667 1.1666667 1.1383362 1.1383333 1.1383333 1.1383333 1.1383333 1.0083329 1.0083333 1.0083333 1.0083333 1.0076044 0.79833333 0.79833333 0.79833333 0.71666667 0.71666667 0.71666667 0.67666667 0.67666667 0.55000001 0.55 0.55 0.565 0.565 0.565
-0.026666667 -0.026666667 -0.026666667 0.076666667 0.076666667 0.076666667 0.076666741 0.125 0.125 0.34310795 0.34333333 0.34333333 0.34333333 0.34357009 0.77054964 0.78166667 0.78166667 0.78166667 0.905 0.905 0.905 1.0016667 1.0016667 1.0016667 1.0016905 1.1247047 1.1666667 1.1666667 1.1666667 1.1796376 1.1883284 1.1883333 1.1883333 1.1883333 1.0784673 1.1766663 1.1766667 1.1766667 1.1766667 0.74834017 0.74833333 0.74833333 0.71666667 0.71666667 0.79833299 0.7983334 0.99333333 0.99333333 0.91666667 0.91666667 0.91666667 0.565 0.85307553
-0.026666346 -0.026666667 -0.026666663 0.076666667 0.076666667 0.076666667 0.076666666 0.0083333673 0.12453352 0.34312629 0.34333333 0.34333333 0.34333333 0.34419346 0.78166667 0.78166667 0.78166667 0.7816667 0.905 0.905 0.905 1.0016667 1.0016667 1.0016667 1.0866667 1.0866667 1.085 1.085 1.085 1.0855637 1.1883333 1.1883333 1.1883333 1.1883333 1.1825032 1.1766667 1.1766667 1.1766667 1.1766667 0.74833333 0.74833333 0.74833333 0.74990652 0.79833333 0.79833333 0.79833333 0.99333333 0.99333333 0.91666667 0.91666667 0.91666667 0.85333334 0.85333333
0.076666667 0.036662473 0.215 0.21495987 0.076666667 0.0087287077 0.0083333333 0.0083333333 0.076350677 0.115 0.115 0.115 0.115 0.23832932 0.23833334 0.78166625 0.78166667 0.78491632 0.905 0.905 0.905 0.81166667 0.81166667 0.81166667 1.0866667 1.0866667 1.085 1.085 1.085 1.0850001 1.19 1.19 1.1883752 1.1883351 1.0418349 1.0416667 1.0416667 1.0416667 1.0416667 0.74833333 0.74833333 0.74833333 0.79558012 0.79833333 0.79833333 0.79833329 0.99333333 0.99333333 0.99333057 0.91666667 0.91667233 1.0433333 0.85333333
0.32995189 0.32999998 0.215 0.215 0.215 0.0083333333 0.0083333333 0.0083333333 0.195 0.195 0.115 0.115 0.115 0.23833333 0.23833333 0.23833333 0.23833333 0.23840938 0.905 0.905 0.905 0.81166667 0.81166667 0.81166667 1.0866667 1.0866667 1.085 1.085 1.085 1.1888161 1.19 1.19 1.19 1.19 1.0417399 1.0416667 1.0416667 1.0416667 1.0416667 0.66833335 0.66833333 0.66833333 0.66833333 0.79833133 0.53666667 0.53666667 0.53666667 0.815 0.815 0.815 1.0433333 1.0433333 1.0433333
0.33 0.33 0.215 0.215 0.215 0.0094196102 0.0083333333 0.195 0.195 0.195 0.11500985 0.115 -0.19686927 0.23833322 0.23833333 0.23833333 0.23833333 -0.145 -0.145 -0.145 0.29666668 0.29666705 0.81166416 0.81166667 0.81167471 0.695 0.695 0.69500093 1.084937 1.0933526 1.0933338 1.0933502 1.1898348 1.1899166 1.0680218 1.0416664 1.0395386 0.40666667 0.40666667 0.66833333 0.66833333 0.66833333 0.66833333 0.53666667 0.53666667 0.53666667 0.53666667 0.815 0.815 0.815 1.0433333 1.0433333 1.0433333
0.33 0.33 0.215 0.215 0.215 0.215 0.078197214 0.195 0.195 0.195 0.19474498 -0.26666667 -0.26666667 -0.26666667 0.23535725 0.23833333 -0.14244556 -0.145 -0.145 -0.145 0.29666667 0.29666667 0.29666667 0.29666667 0.695 0.695 0.695 0.695 0.695 1.0933333 1.0933333 1.0933333 1.0933333 1.093333 0.93333333 0.40666667 0.40666667 0.40666667 0.40666667 0.40666726 0.55333333 0.55333333 0.55333333 0.59021277 0.66666667 0.66666667 0.66666667 0.815 0.81499971 0.51333333 0.51333333 0.75007136 0.75
0.33 0.33 0.25650692 0.215 0.215 0.21499999 -0.12609586 0.19398628 0.195 0.195 -0.26666664 -0.26666667 -0.26666667 -0.26666667 -0.26666667 -0.22525534 -0.145 -0.145 -0.145 -0.145 0.29666325 0.29666667 0.29666667 0.29666667 0.695 0.695 0.695 0.695 0.695 0.73124469 1.0933333 1.0933333 1.0933333 0.93333333 0.93333333 0.93292436 0.40666667 0.40666667 0.59894933 0.7483333 0.55333333 0.55333333 0.55333333 0.5898507 0.66666667 0.66666667 0.66666667 0.44166667 0.51244037 0.51333333 0.51333333 0.75 0.75
0.041666667 0.041666667 0.041666667 0.17154057 0.21458461 -0.12666667 -0.12666667 -0.12666667 -0.12666667 -0.12 -0.12 -0.26666666 -0.26666667 -0.26666667 -0.26666667 -0.26665897 -0.145 -0.145 -0.145 -0.145 0.10393766 0.29666667 0.29666667 0.29138897 0.12171732 0.695 0.695 0.695 0.60333333 0.60333333 0.60333333 0.60333539 0.93333333 0.93333333 0.93333333 0.93333333 0.74833333 0.74833333 0.74833333 0.74833333 0.66166667 0.66166667 0.66166667 0.69666596 0.69666667 0.69666667 0.69666666 0.44166667 0.44166667 0.51324601 0.51333333 0.74999915 0.75
0.041666667 0.041666667 0.041666667 0.041660833 -0.066666667 -0.075391653 -0.12666667 -0.12666667 -0.12666667 -0.12 -0.12 -0.12 -0.51333332 -0.51333333 -0.51333333 -0.51333333 -0.1454549 -0.145 -0.145 -0.145 -0.13831377 0.095000554 0.095 0.095 0.095 0.095000006 0.086666671 0.086666667 0.60333333 0.60333333 0.60333333 0.60333333 0.93333319 0.93333333 0.93333333 0.93331691 0.74833334 0.74833333 0.74833333 0.74909372 0.66166667 0.66166667 0.66166667 0.69666504 0.69666667 0.69666667 0.69666667 0.44166667 0.44166667 0.44166669 0.58166667 0.58166667 0.60833333
0.041666667 0.041666667 0.041666667 -0.066666417 -0.066666667 -0.066666667 -0.12666664 -0.12666667 -0.12666667 -0.12 -0.12 -0.12 -0.51333333 -0.51333333 -0.51333333 -0.50419419 -0.39333333 -0.39333333 -0.39333269 -0.14640265 0.095 0.095 0.095 0.095 0.095 0.094993729 0.086666667 0.086666667 0.086666668 0.60333333 0.60333333 0.60321533 0.73166667 0.73166667 0.73166667 0.77833333 0.77833333 0.92166667 0.92166667 0.92166667 0.88 0.66173515 0.66166806 0.84833333 0.84833333 0.84258534 0.69666664 0.44166667 0.44166667 0.58166667 0.58166667 0.58166667 0.60833333
