interpolatedSpi/06-10|19_3.tif
NCOLS 53
NROWS 52
XLLCORNER -116.03883
YLLCORNER 28.596182
DX 0.49850594
DY 0.49788537
NODATA_VALUE -9999
0.882 0.882 0.62261025 0.054 0.318 0.398 0.808 0.804 0.022333117 -0.308 -0.302 0.514 0.055964098 -0.38 0.158 0.158 0.158 0.054 0.492 0.492 0.492 0.49199817 0.302 0.582 0.582 0.582 -0.35199483 -0.352 -0.352 -0.08 -0.08 -0.08 -0.08 -0.34999995 -0.35 -0.35 -0.35 -0.35 -0.35 -0.34999999 0.13477882 0.13994398 -0.08 -0.08 -0.08 -0.08 -0.080875471 -0.616 -0.616 -0.616 1.301996 1.302 1.302 
0.88200169 0.92 0.90000035 0.81595921 0.6321091 0.744 1.03 0.2484842 0.27 0.228 0.702 0.056000001 0.056 0.4352724 -0.37998537 0.158 0.054 0.054 0.49142891 0.492 0.492 0.492 0.54599623 0.582 0.582 0.582 0.26400002 0.264 -0.08 -0.08 -0.08 -0.08 -0.08 -0.34999996 -0.35 -0.35 -0.35 -0.35 -0.34999997 -0.21550109 0.49193552 -0.010592673 -0.08 -0.08 -0.08 -0.08 -0.08 -0.616 -0.616 -0.616 -0.4569576 1.302 1.302 
0.47401424 0.474 1.2 0.872 0.534 0.808 0.934 1.316 0.332 0.158 0.298 0.368 0.71 -0.16 0.438 -0.468 0.054 0.054 0.054 0.2020843 0.202 0.202 -0.102 0.582 0.582 0.582 0.264 0.264 0.264 -0.08 -0.08 -0.080000008 -0.16280081 -0.34915549 -0.34646301 0.026517881 0.03 0.03 0.088107424 0.492 0.492 0.49126856 -0.08 -0.08 -0.08 -0.08 -0.08 -0.616 -0.616 -0.616 -0.616 1.302 1.302 
0.584 0.47399976 -0.69799295 0.618 -0.118 0.824 0.63 0.54 0.084 -0.020461775 -0.094 -0.278 0.506 -0.16 0.388 -0.468 0.057944996 0.061994395 0.084 0.202 0.202 0.286 -0.102 -0.102 0.582 0.58199841 0.264 0.264 0.264 -1.04 -0.60764195 -0.252 -0.252 -0.25199978 0.03 0.03 0.03 0.03 0.492 0.492 0.492 0.49199998 -0.08 -0.08 -0.08 -0.08 -0.08 -0.61599324 -0.616 -0.616 -0.616 1.3019315 1.302 
0.584 0.7739973 -0.698 -0.59510005 -0.118 0.304 0.27600651 0.336 0.256 0.0099997158 -0.096967613 -0.14600401 -0.174 0.388 0.388 -0.17642106 0.062 0.062 0.084 0.084 0.20200015 0.286 0.454 0.298 0.562 0.5621365 0.264 0.264 -1.04 -1.04 -0.252 -0.252 -0.252 -0.2440801 0.029999999 0.03 0.03 0.492 0.492 0.492 0.492 0.49195482 -0.079999998 -0.08 -0.08 -0.08 -0.08 -0.084771064 -0.616 -0.61600798 -0.794 -0.794 -0.794 
-1.134 0.832 -0.069999939 -0.436 0.378 0.694 -0.486 -0.38076046 -0.48 -0.516 -0.46 -0.526 -0.52599977 -0.58 -0.58 0.41807388 0.418 0.312 0.312 0.084000502 0.094 0.094 0.298 0.562 0.562 1.146 -0.558 -0.558 -0.22807371 -1.04 -0.252 -0.252 -0.21 -0.21008234 -0.99794349 -0.856 -0.856 0.074965428 0.492 0.492 0.024583697 0.024000002 0.024001461 0.18916315 0.19396972 0.19399993 0.19399999 0.19399991 0.76705063 -0.794 -0.794 -0.794 -0.794 
0.51599108 0.704 1.1239645 0.64 0.868 -0.464 0.082000002 -0.008 -0.83 -0.83 -0.46 -0.254 -2.3232977e-08 -0.58 0.72399609 0.724 0.418 0.662 0.654 0.654 0.16468973 0.244 0.244 1.156 1.146 1.146 -0.558 -0.558 -0.22799883 -0.22797854 0.071135517 -0.21 -0.21 -0.998 -0.998 -0.36473468 -0.856 -0.856 -0.32601837 0.023999513 0.024 0.024 0.024009611 0.19400362 0.194 0.194 0.194 0.19400053 1.082 -0.79362823 -0.794 -0.794 -0.794 
0.516 0.53 1.544 -0.326 0.1379734 -0.624 -1.1 -0.428 -0.778 -0.294 -0.294 -0.074 3.3227176e-17 3.3306691e-17 0.71903269 0.82782629 0.838 0.402 0.3660003 0.654 0.60690472 0.594 0.584 0.13 0.13000397 0.438 0.722 0.72199955 -0.20807008 -0.20799999 0.072 -0.084248045 -0.622 -0.998 -0.95327876 0.046 0.046 -0.326 -0.326 0.024 0.024 0.024000013 0.84382848 0.84399997 0.194 0.194 0.194 1.0819662 1.082 1.082 -0.794 -0.794 -0.794 
0.50663581 0.53000001 1.364 0.802 0.516 -0.068 -0.066 0.006 -1.004 -0.49204505 -0.592 -0.248 -0.248 0.016 0.01600299 0.56476366 0.564 0.564 0.39650455 0.82399998 0.746 0.746 0.988 0.74320975 0.40696173 0.438 0.504 0.722 0.62456948 0.624 0.066 0.904 0.82038779 0.828 0.57 0.34 0.29 -0.256 0.37171001 0.026669337 0.622 0.93 0.84395963 0.844 0.84034145 0.194 0.85799996 1.082 1.082 1.082 1.082 -0.67098665 0.372 
0.376 0.376 0.914 0.898 0.154 -0.4 -0.454 -0.066 -0.282 -0.3620494 -0.522 -0.302 0.016 0.016 0.334 0.33715455 0.564 0.56388799 -0.002 0.824 0.824 0.81395102 0.988 0.44001038 0.44 0.44 0.504 0.876 0.876 0.624 0.624 0.90368516 0.738 0.828 0.726 0.34 0.29 0.01 0.372 0.89734553 0.92999999 0.80730864 0.596 0.844 0.844 0.858 0.858 0.858 1.082 1.082 0.194 0.194 0.19400007 
0.376 0.376 0.484 -0.136 -0.448 -0.08 -0.64999999 -0.48808932 -0.612 -0.504 -0.23 -0.754 -0.30260127 0.334 0.334 0.33404661 0.738 0.69916133 -0.002 1.072 1.072 1.858 1.858 0.44 0.44 0.44 0.876 0.876 0.876 0.892 0.892 0.89199975 0.922 0.922 0.21 0.44 0.6 -0.044000119 1.028 0.906 0.906 0.74599951 0.596 0.844 0.77999997 0.718 0.64492165 0.644 1.318 1.318 0.194 0.194 0.194 
0.376 0.42244855 0.21942389 -0.2439778 0.29 0.096 -0.65 -0.488 -0.61199896 -0.50519651 -0.75399967 -0.754 0.452 0.334 0.334 0.73799999 0.738 0.73795788 -0.002 1.072 1.2263544 1.858 1.858 0.44005666 0.44 0.65892723 1.106 1.106 1.106 0.892 0.892 0.694 0.694 0.92199805 0.21 0.51399992 0.49448709 -0.044 -0.044 0.90599999 0.746 0.746 0.74600022 0.78 0.78 0.718 0.644 0.644 1.318 1.318 0.194 0.194 0.194 
-0.404 0.076039449 0.049993769 0.047879615 0.28999874 0.09600458 -0.64999998 -0.48999413 -0.60345513 -0.60917983 0.452 0.452 0.452 0.452 0.33401672 0.738 0.738 0.72844542 -0.002 1.0720905 1.408 1.408 1.408 1.408 0.45693519 1.106 1.106 1.106 1.106 1.1058387 0.694 0.694 0.694 0.694 0.514 0.514 0.514 -0.017111368 -0.037240514 0.856 0.856 0.74600592 0.46601075 0.77996976 0.78 0.718 0.644 0.644 1.318 1.318 0.19807775 0.194 -0.34832154 
-0.404 0.05 0.05 0.05 0.05 0.050000021 -0.64809033 -0.57336369 -0.5806582 0.45085685 0.452 0.452 0.452 0.452 0.45200013 0.73799999 0.73799988 0.68724105 -0.0019851221 1.408 1.408 1.408 1.408 1.408 1.4051454 1.0447319 0.97400003 0.974 0.974 0.974 0.69400001 0.694 0.69400051 1.114 1.114 0.514 1.2548101 1.276 0.85600024 0.856 0.856 0.856 0.466 0.466 0.466 0.46775369 -0.1269357 -0.132 -0.132 -0.132 -0.13199997 0.73999989 0.74 
0.168 0.05 0.05 0.05 0.05 0.05 0.049999959 -0.41695826 0.62737992 0.634 0.634 0.634 0.634 0.634 0.634 1.217937 0.74574199 0.63666945 1.407823 1.408 1.408 1.408 1.408 1.4080004 1.276 1.276 1.2759996 0.974 0.974 0.97439248 1.17 1.17 1.114 1.114 1.114 1.2500493 1.276 1.276 1.276 0.856 0.856 0.856 0.466 0.466 0.466 0.466 -0.13199999 -0.132 -0.132 -0.132 -0.132 0.74 0.74 
0.168 0.12406994 0.05 0.05 0.05 0.05 0.069996075 0.07 0.070000014 0.634 0.634 0.634 0.634 0.634 0.76548177 1.23 1.23 1.23 1.7150614 1.7159997 1.716 1.716 1.716 1.716 1.276 1.276 1.276 1.276 0.974 1.17 1.17 1.17 1.114 1.114 1.114 1.164 1.2758517 1.276 1.276 0.85602264 0.90087561 1.0055517 0.466 0.466 0.77105567 0.772 0.772 -0.13084309 0.56754683 0.56999994 0.56999987 0.72400238 0.73999997 
0.168 -0.096694905 -0.02793109 0.05 0.05 0.069988183 0.07 0.07 0.07 0.074064346 0.634 0.634 0.634 0.63400007 1.23 1.23 1.23 1.23 1.7155659 1.716 1.716 1.716 1.716 1.716 1.276 1.276 1.276 1.276 1.2756144 1.17 1.17 1.17 1.806 1.1140218 1.164 1.164 1.164 1.1680536 1.0231093 1.006 1.006 1.006 0.904 0.904 0.772 0.772 0.772 0.57 0.57 0.57 0.57 0.724 0.724 
-0.10389216 -0.104 -0.104 -0.104 -0.126 0.069994944 0.07 0.07 0.07 0.07 0.61946381 0.6339975 0.63399999 1.23 1.23 1.23 1.23 1.23 1.2725188 1.716 1.716 1.716 1.716 1.716 1.6295568 1.825997 1.826 1.826 1.826 1.17 1.806 1.806 1.806 1.806 1.164 1.1640097 1.532 1.532 1.0125679 1.006 1.006 1.006 0.904 0.904 0.79243815 0.772 0.772 0.57 0.57 0.57 0.57165128 0.724 0.724 
-0.104 -0.104 -0.104 -0.11436013 -0.126 -0.126 0.07 0.07 0.07 0.07 0.442 0.442 0.442 1.23 1.23 1.23 1.23 1.2300017 1.3 1.3 1.7159998 1.716 1.7114717 1.53 1.5326648 1.826 1.826 1.826 1.826 1.806002 1.806 1.806 1.806 1.806 1.5319987 1.532 1.532 1.532 1.530173 1.006 1.006 1.006 0.904 0.904 0.904 0.772 0.772 0.57000001 0.57 0.57 0.724 0.724 0.724 
-0.104 -0.104 -0.104 -0.126 -0.126 -0.126 -0.1259997 0.07 0.07 0.44161599 0.442 0.442 0.442 0.44249096 1.2380942 1.24 1.24 1.24 1.3 1.3 1.3 1.53 1.53 1.53 1.5300045 1.6791332 1.826 1.826 1.826 2.1203325 2.191962 2.192 2.192 2.192 1.698961 1.9319991 1.932 1.932 1.932 1.0999871 1.1 1.1 0.904 0.904 1.0119995 1.0120001 1.242 1.242 1.078 1.078 1.078 0.724 1.1116531 
-0.10399922 -0.104 -0.104 -0.126 -0.126 -0.126 -0.126 -0.0019999791 0.069712116 0.44183315 0.442 0.442 0.442 0.4435659 1.24 1.24 1.24 1.24 1.3 1.3 1.3 1.53 1.53 1.53 1.546 1.546 1.694 1.694 1.694 1.6967167 2.192 2.192 2.192 2.192 2.0620713 1.932 1.932 1.932 1.932 1.1 1.1 1.1 1.0972312 1.012 1.012 1.012 1.242 1.242 1.078 1.078 1.078 1.112 1.112 
0.148 0.041961072 0.214 0.21390136 -0.126 -0.0027174598 -0.002 -0.002 0.13209134 0.258 0.258 0.258 0.258 0.49599225 0.496 1.2399994 1.24 1.2415809 1.3 1.3 1.3 1.246 1.246 1.246 1.546 1.546 1.694 1.694 1.694 1.6940003 2.1040006 2.1040002 2.1897883 2.1919057 1.6126635 1.612 1.612 1.612 1.612 1.1 1.1 1.1 1.0168453 1.012 1.012 1.0119999 1.242 1.242 1.2419941 1.078 1.0780035 1.156 1.112 
0.56592062 0.56599994 0.214 0.214 0.214 -0.002 -0.002 -0.002 0.366 0.366 0.258 0.258 0.258 0.496 0.496 0.496 0.496 0.49609205 1.3 1.3 1.3 1.246 1.246 1.246 1.546 1.546 1.694 1.694 1.694 2.0993772 2.104 2.104 2.104 2.104 1.6122428 1.612 1.612 1.612 1.612 0.65600012 0.656 0.656 0.656 1.0119941 0.238 0.238 0.238 0.754 0.754 0.754 1.156 1.156 1.156 
0.566 0.566 0.214 0.214 0.214 -0.00086466544 -0.002 0.366 0.366 0.366 0.25801329 0.258 -0.078655386 0.49599985 0.496 0.496 0.496 -0.174 -0.174 -0.174 0.33200002 0.33200068 1.2459955 1.246 1.2460534 1.194 1.194 1.1940012 1.6939192 1.8240558 1.8240015 1.8240489 2.1035215 2.1037584 1.6994443 1.6119995 1.6075697 0.29 0.29 0.656 0.656 0.656 0.656 0.238 0.238 0.238 0.238 0.754 0.754 0.754 1.156 1.156 1.156 
0.566 0.566 0.214 0.214 0.214 0.214 0.13573165 0.366 0.366 0.366 0.36571276 -0.154 -0.154 -0.154 0.4921694 0.496 -0.16953529 -0.174 -0.174 -0.174 0.332 0.332 0.332 0.332 1.194 1.194 1.194 1.194 1.194 1.824 1.824 1.824 1.824 1.8239998 1.726 0.29 0.29 0.29 0.29 0.29000027 0.316 0.316 0.316 0.35179435 0.426 0.426 0.426 0.75399999 0.75399982 0.568 0.568 1.1440029 1.144 
0.566 0.566 0.34104728 0.214 0.214 0.214 0.03259269 0.36494742 0.366 0.366 -0.15399998 -0.154 -0.154 -0.154 -0.154 -0.10072457 -0.174 -0.174 -0.174 -0.174 0.33199609 0.332 0.332 0.332 1.194 1.194 1.194 1.194 1.194 1.2402244 1.824 1.824 1.824 1.726 1.726 1.7248849 0.29 0.29 0.61978821 0.87599995 0.316 0.316 0.316 0.35230966 0.426 0.426 0.426 0.632 0.56879743 0.568 0.568 1.144 1.144 
0.334 0.334 0.334 0.2440873 0.21388301 0.032 0.032 0.032 0.032 -0.037999999 -0.038 -0.15399999 -0.154 -0.154 -0.154 -0.15400129 -0.174 -0.174 -0.174 -0.174 0.11119801 0.332 0.332 0.32205524 0.0073048529 1.194 1.194 1.194 1.034 1.034 1.034 1.0340033 1.726 1.726 1.726 1.726 0.876 0.876 0.876 0.876 0.478 0.478 0.478 0.69999554 0.7 0.7 0.69999991 0.632 0.632 0.56807798 0.568 1.1439984 1.144 
0.334 0.334 0.334 0.33398934 0.136 0.12087669 0.032 0.032 0.032 -0.038 -0.038 -0.038 -0.68199998 -0.682 -0.682 -0.68199999 -0.174806 -0.174 -0.174 -0.174 -0.16634799 -0.047998957 -0.048 -0.048 -0.048 -0.04799998 0.21600001 0.216 1.034 1.034 1.034 1.034 1.7259996 1.726 1.726 1.7259567 0.87600001 0.876 0.876 0.87783369 0.478 0.478 0.478 0.69998971 0.7 0.7 0.7 0.632 0.632 0.63200003 0.824 0.824 0.732 
0.334 0.334 0.334 0.13600046 0.136 0.136 0.032000039 0.032 0.032 -0.038 -0.038 -0.038 -0.682 -0.682 -0.682 -0.67682115 -0.614 -0.614 -0.61399886 -0.17648523 -0.048 -0.048 -0.048 -0.048 -0.048 -0.047801326 0.216 0.216 0.216 1.034 1.034 1.0339794 1.194 1.194 1.194 1.162 1.162 1.294 1.294 1.294 1.364 0.47827791 0.47800527 1.184 1.184 1.165657 0.70000116 0.632 0.632 0.824 0.824 0.824 0.732 
0.334 0.334 0.334 0.136 0.136 0.136 0.136 0.032 0.032 -0.038 -0.038 -0.65624929 -0.682 -0.682 -0.682 -0.614 -0.614 -0.614 -0.614 -0.614 -0.048 -0.048 -0.048 -0.048 -0.048 0.2159991 0.216 0.216 0.216 1.002 1.002 1.002 1.194 1.194 1.194 1.162 1.162 1.294 1.294 1.364 1.364 1.364 1.184 1.184 1.184 1.184 1.1697064 1.01 1.01 1.01 0.824 0.836 0.836 
0.334 0.334 0.33372428 0.136 0.136 0.136 0.136 -0.3171576 -0.34 -0.33948151 -0.038000032 -0.6820134 -0.682 -0.682 -0.68199976 -0.614 -0.614 -0.614 -0.614 -0.614 -0.60425058 -0.048 -0.048 -0.048 -0.048060966 0.21596849 0.216 0.216 0.216 1.002 1.002 1.002 1.0020226 1.194 1.162 1.162 1.162 1.1620054 1.2940048 1.364 1.364 1.364 1.1840109 1.184 1.184 1.184 1.010002 1.01 1.01 1.01 0.836 0.836 0.836 
-0.422 -0.42199868 0.13608444 0.136 0.136 0.136 -0.33989871 -0.34 -0.34 -0.34 -0.84199999 -0.842 -0.842 -0.842 -0.61505228 -0.614 -0.614 -0.614 -0.614 -0.62799999 -0.628 -0.628 -0.34399995 -0.344 -0.344 -0.344 -0.2956648 0.216 0.37999328 0.38 0.38 0.38 0.38 1.078 1.078 1.078 1.078 1.078 1.484 1.484 1.484 1.484 1.484 1.2099608 1.21 1.21 1.21 1.01 1.01 1.01 0.83602741 0.836 0.836 
-0.422 -0.422 -0.42742521 -1.0699976 -1.0699997 -1.0692875 -0.34 -0.34 -0.34 -0.34 -0.842 -0.842 -0.842 -0.842 -0.842 -0.614 -0.614 -0.614 -0.628 -0.628 -0.628 -0.628 -0.344 -0.344 -0.344 -0.344 -0.344 -0.34388079 0.37985017 0.38 0.38 0.38 0.37993981 1.0156408 1.0779354 1.078 1.078 1.078 1.484 1.484 1.484 1.484 1.484 1.21 1.21 1.21 1.21 1.1164761 1.01 1.1187727 1.12 0.608 0.608 
-0.422 -0.422 -1.0699179 -1.07 -1.07 -1.07 -0.88458308 -0.34 -0.34 -0.34 -0.842 -0.842 -0.842 -0.842 -0.842 -0.6141762 -0.614 -0.6279959 -0.628 -0.628 -0.628 -0.628 -0.44920964 -0.344 -0.344 -0.344 -0.344 -0.34376188 -0.008 -0.008 -0.008 -0.008 -0.008 0.968 0.968 0.968 0.968 0.968 1.856 1.856 1.856 1.856 1.856 1.2105958 1.2100001 1.21 1.2100414 1.2149637 1.12 1.12 1.12 0.60800287 0.608 
-0.42200065 -0.76909842 -1.07 -1.07 -1.07 -1.07 -1.07 -0.34031083 -0.34 -0.34 -0.842 -0.842 -0.842 -0.842 -0.92413425 -0.926 -0.926 -0.62800767 -0.628 -0.628 -0.628 -0.628 -0.62800001 -0.344 -0.344 -0.344 -0.344 0.40199959 0.40199981 0.31474204 -0.008 -0.008 -0.008 0.968 0.968 0.968 0.968 0.96809347 1.856 1.856 1.856 1.856 1.8560136 1.454 1.454 1.454 1.454 1.4539731 1.12 1.12 1.12 1.1200001 1.3134552 
-0.776 -0.776 -0.84692484 -1.07 -1.07 -1.07 -1.07 -1.07 -0.34031292 -1.024 -1.024 -1.024 -1.0235681 -0.92599988 -0.926 -0.926 -0.926 -0.926 -0.62800118 -0.6380521 -0.726 -0.726 -0.726 -0.62826982 -0.33391542 -0.27995472 -0.23406826 0.402 0.402 0.402 0.402 0.402 0.39041425 1.1011739 1.106 1.106 1.106 1.106 1.8894375 2.0339997 2.034 2.034 2.034 1.5839996 1.454 1.454 1.454 1.392 1.1200044 1.12 1.12 1.324 1.324 
-0.776 -0.776 -0.888 -0.888 -0.888 -1.0699394 -1.07 -1.07 -1.024 -1.024 -1.024 -1.024 -1.024 -0.926 -0.926 -0.926 -0.926 -0.926 -0.726 -0.726 -0.726 -0.726 -0.726 -0.21800003 -0.218 -0.218 -0.218 0.402 0.402 0.402 0.402 0.402 0.676 0.676 1.106 1.106 1.106 1.0960017 1.096 2.034 2.034 2.034 2.0339999 1.584 1.584 1.584 1.392 1.392 1.392 1.33 1.33 1.324 1.324 
-0.776 -0.776 -0.888 -0.888 -0.888 -0.888 -0.88799997 -0.882 -1.0238663 -1.024 -1.024 -1.024 -1.024 -0.92722246 -0.926 -0.926 -0.926 -0.926 -0.726 -0.726 -0.726 -0.726 -0.726 -0.218 -0.218 -0.218 -0.218 -0.21799747 0.402 0.402 0.402 0.67598563 0.676 0.676 0.676 1.106 1.096 1.096 1.096 1.1206805 1.3140708 1.18 1.18 1.584 1.584 1.584 1.392 1.392 1.392 1.33 1.33 1.33 0.89106758 
-0.35 -0.35000334 -0.888 -0.888 -0.888 -0.888 -0.882 -0.882 -0.882 -1.024 -1.024 -1.024 -1.024 -1.0239695 -0.926 -0.926 -0.926 -0.926 -0.72600346 -0.726 -0.726 -0.726 -0.30749002 -0.218 -0.218 -0.218 -0.218 0.049999781 0.05 0.050000004 0.39823233 0.676 0.676 0.676 0.67599949 0.14400001 1.096 1.096 1.096 1.096 1.18 1.18 1.18 1.402 1.402 1.402 1.0600323 1.392 1.392 1.33 1.33 1.33 0.84600038 
-0.35 -0.35 -0.888 -0.888 -0.888 -0.882 -0.882 -0.882 -0.882 -1.0084354 -1.024 -1.024 -1.024 -1.0239993 -0.85600806 -0.856 -0.856 -0.856 -0.86112213 -0.552 -0.552 -0.552 -0.552 -0.218 -0.218 -0.218 -0.21798232 0.05 0.05 0.05 0.05 0.67587995 0.37676539 0.144 0.144 0.144 1.0943319 0.65000929 0.65 0.65 1.1799123 1.068 1.068 1.402 1.402 1.4019986 1.06 1.06 1.126 1.126 1.126 0.874 0.984 
-0.35 -0.35 -0.828 -0.828 -0.828 -0.882 -0.882 -0.882 -0.882 -1.058 -1.058 -1.058 -1.058 -1.0437646 -0.856 -0.856 -0.856 -0.856 -0.872 -0.552 -0.552 -0.552 -0.552 -0.432 -0.43199992 -0.21800032 0.05 0.05 0.05 0.05 -0.058342902 -0.164 0.10735222 0.144 0.144 0.144 0.65 0.65 0.65 0.65 1.068 1.068 1.068 1.0560038 1.056 1.059982 1.06 1.06 1.125999 1.126 0.874 0.874 0.984 
-0.35 -0.828 -0.828 -0.828 -0.828 -0.828 -0.88015243 -0.644 -0.644 -1.058 -1.058 -1.058 -1.058 -1.0579522 -0.856 -0.856 -0.856 -0.85672293 -0.872 -0.872 -0.552 -0.552 -0.432 -0.432 -0.432 -0.432 0.05 0.05 0.05 0.05 -0.164 -0.164 -0.164 0.14368833 0.144 0.144 0.65 0.65 0.65 0.65 1.068 1.068 1.068 1.056 1.056 1.0559807 0.716 0.716 0.908 0.908 0.874 0.874 0.984 
-0.82351099 -0.828 -0.828 -0.828 -0.828 -0.828 -0.644 -0.644 -0.644 -0.8655901 -1.058 -1.058 -1.058 -1.0579927 -0.856 -0.856 -0.856 -0.872 -0.872 -0.872 -0.55201599 -0.55199927 -0.432 -0.432 -0.432 -0.432 0.049965739 0.05 0.05 -0.16395079 -0.164 -0.164 -0.164 -0.164 0.14331924 0.186 0.186 0.19403033 0.65 0.65 1.0679996 1.068 1.0563489 1.056 1.056 0.71600012 0.716 0.716 0.908 0.908 0.7 0.7 1.186 
-0.828 -0.828 -0.828 -0.828 -0.828 -0.828 -0.644 -0.644 -0.644 -0.644 -0.72600956 -0.726 -0.726 -0.726 -0.85599924 -0.71241378 -0.632 -0.632 -0.87155756 -0.872 -0.87199994 -0.43200017 -0.432 -0.432 -0.432 -0.432 -0.43164956 0.05 0.049992686 -0.164 -0.164 -0.164 -0.164 -0.164 0.186 0.186 0.186 0.186 0.186 0.18600285 0.694 0.694 0.69399986 0.286 0.286 0.286 0.468 0.468 0.598 0.598 0.7 0.70000106 1.186 
-0.828 -0.828 -0.828 -0.828 -0.828 -0.828 -0.644 -0.644 -0.644 -0.726 -0.726 -0.726 -0.726 -0.726 -0.70122183 -0.632 -0.632 -0.632 -0.632 -0.632 -0.64345921 -0.432 -0.432 -0.432 -0.432 -0.42182607 -0.1085077 0.028484226 -0.16294466 -0.164 -0.164 -0.164 -0.164 -0.16399923 0.186 0.186 0.186 0.186 0.186 0.42232042 0.694 0.694 0.694 0.286 0.286 0.286 0.468 0.468 0.598 0.598 0.93199999 1.1719881 1.186 
-0.828 -0.828 -0.828 -0.828 -0.828 -0.82799994 -0.64400004 -0.644 -0.64740346 -0.726 -0.726 -0.726 -0.726 -0.726 -0.72149118 -0.632 -0.632 -0.632 -0.632 -0.632 -0.632 -0.15918082 -0.10800045 -0.108 -0.108 -0.108 -0.108 -0.108 -0.25979041 -0.26199884 -0.262 -0.262 -0.262 -0.26199968 0.186 0.186 0.186 0.186 0.186 0.69399994 0.694 0.694 0.694 0.69399982 0.28635592 0.508 0.468 0.84142604 0.59821905 0.932 0.932 0.92651233 0.668 
-0.828 -0.828 -0.828 -0.828 -0.828 -0.82798825 -0.64400992 -0.64400496 -0.7259999 -0.726 -0.726 -0.726 -0.726 -0.726 -0.72421138 -0.632 -0.632 -0.632 -0.632 -0.632 -0.632 -0.108 -0.108 -0.108 -0.108 -0.108 -0.108 -0.108 -0.26195749 -0.262 -0.262 -0.262 -0.262 -0.262 -0.13924804 0.186 0.186 0.186 0.186 0.694 0.694 0.694 0.694 0.69395235 0.508 0.508 0.51013096 0.848 0.848 0.932 0.932 0.668 0.668 
-0.828 -0.828 -0.828 -0.828 -0.828 -0.82775461 -0.64422072 -0.71674684 -0.726 -0.726 -0.726 -0.726 -0.726 -0.726 -0.72435437 -0.632 -0.632 -0.632 -0.632 -0.632 -0.55739192 -0.108 -0.108 -0.108 -0.108 -0.108 -0.108 -0.108 -0.26199938 -0.262 -0.262 -0.262 -0.262 -0.262 -0.262 0.013298665 -0.25513828 -0.40192171 -0.42422283 0.70788419 0.694 0.694 0.694 0.50801485 0.508 0.51285892 1.3219977 0.848 0.848 0.70403707 0.704 0.704 0.66800001 
-0.828 -0.828 -0.828 -0.828 -0.82799981 -0.82646555 -0.65237858 -0.72597745 -0.726 -0.726 -0.726 -0.726 -0.726 -0.726 -0.72380496 -0.632 -0.632 -0.632 -0.632 -0.632 -0.10800226 -0.108 -0.108 -0.108 -0.108 -0.108 -0.108 -0.108 -0.26199996 -0.262 -0.262 -0.262 -0.262 -0.262 -0.26200003 -0.436 -0.436 -0.436 -0.43599999 0.91 0.91 0.91 0.91 1.3219976 1.322 1.322 1.322 1.321995 0.874 0.874 0.704 0.704 0.5081057 
-0.828 -0.828 -0.828 -0.82799999 -0.82799486 -0.82304191 -0.72069132 -0.72599893 -0.726 -0.726 -0.726 -0.726 -0.726 -0.726 -0.72280906 -0.63200004 -0.632 -0.632 -0.632 -0.62884627 -0.108 -0.108 -0.108 -0.108 -0.108 -0.108 -0.108 -0.108 -0.26199997 -0.262 -0.262 -0.262 -0.262 -0.262 -0.43599984 -0.436 -0.436 -0.436 -0.436 0.91 0.91 0.91 0.91 1.021197 1.322 1.322 1.322 0.87400501 0.874 0.874 0.422 0.422 0.422 
-0.828 -0.828 -0.82799999 -0.82799958 -0.82794984 -0.81313062 -0.7257325 -0.72599973 -0.726 -0.726 -0.726 -0.726 -0.726 -0.72599999 -0.72146001 -0.63200221 -0.632 -0.632 -0.6319994 -0.11861707 -0.108 -0.108 -0.108 -0.108 -0.108 -0.108 -0.108 -0.108 -0.26199986 -0.262 -0.262 -0.262 -0.262 -0.60313139 -0.43600009 -0.436 -0.436 -0.436 -0.436 0.91 0.91 0.91 0.91 0.91 1.322 1.322 1.322 0.874 0.874 0.874 0.422 0.422 0.422 
-0.828 -0.82799999 -0.82799983 -0.82799509 -0.82772041 -0.76497564 -0.72595784 -0.72599984 -0.726 -0.726 -0.726 -0.726 -0.726 -0.72599982 -0.71985609 -0.63203433 -0.632 -0.63199998 -0.629287 -0.10804456 -0.108 -0.108 -0.108 -0.108 -0.108 -0.108 -0.108 -0.10800009 -0.26199904 -0.262 -0.26200033 -0.68703293 -0.728 -0.728 -0.728 -0.436 -0.436 -0.436 -0.436 0.91 0.91 0.91 0.91 0.91 1.3219927 1.322 1.3219998 0.87400003 0.874 0.87399975 0.422 0.422 0.422 
