interpolatedSpi/06-11|22_1.tif
NCOLS 53
NROWS 52
XLLCORNER -116.03883
YLLCORNER 28.596182
DX 0.49850594
DY 0.49788537
NODATA_VALUE -9999
[rows 0 to 29 of 52, columns 0 to 52 of 53]
-0.28666667 -0.28666667 -0.50409971 -0.74166667 -0.54166667 -0.42666667 -0.62333333 -0.57666667 -0.5954086 -0.39333333 -0.59 -0.38166667 -0.55499204 -0.45833333 -0.51166667 -0.51166667 -0.51166667 0.15166667 0.031666667 0.031666667 0.031666667 0.031661144 -0.54166666 0.053333333 0.053333333 0.053333333 -0.599997 -0.6 -0.6 -0.41833333 -0.41833333 -0.41833333 -0.41833333 -0.30166669 -0.30166667 -0.30166667 -0.30166667 -0.30166667 -0.30166667 -0.30166665 0.4222032 0.42975431 -0.535 -0.535 -0.535 -0.535 -0.53437116 -0.15 -0.15 -0.15 -0.25999977 -0.26 -0.26
-0.28667274 -0.42333333 -0.46833341 -0.4613834 -0.41196788 -0.47666667 -0.46166667 -0.3086858 -0.54833333 -0.535 -0.58333333 -0.555 -0.555 -0.043056029 -0.45832877 -0.51166667 0.15166667 0.15166667 0.031823131 0.031666667 0.031666667 0.031666667 0.038770405 0.053333333 0.053333333 0.053333333 -0.58333329 -0.58333333 -0.41833333 -0.41833333 -0.41833333 -0.41833333 -0.41833333 -0.30166668 -0.30166667 -0.30166667 -0.30166667 -0.30166667 -0.30166665 -0.20610233 0.29495529 -0.43428629 -0.535 -0.535 -0.535 -0.535 -0.535 -0.15 -0.15 -0.15 -0.15912131 -0.26 -0.26
-0.23832661 -0.23833333 -0.535 -0.12166667 -0.33833333 -0.34833333 -0.355 -0.2 -0.75333333 -0.375 -0.57333333 -0.73666667 -0.67666667 0.14333333 -0.041666667 -0.345 0.15166667 0.15166667 0.15166667 0.25993362 0.26 0.26 -0.22333333 0.053333333 0.053333333 0.053333333 -0.58333333 -0.58333333 -0.58333333 -0.41833333 -0.41833333 -0.41833334 -0.436787 -0.30122823 -0.29901393 -0.019278256 -0.016666667 -0.016666667 0.022532786 0.295 0.295 0.29393864 -0.535 -0.535 -0.535 -0.535 -0.535 -0.15 -0.15 -0.15 -0.15 -0.26 -0.26
-0.125 -0.2383333 -0.083374694 0.093333333 -0.52 -0.19333333 -0.42833333 -0.55166667 -0.24 -0.2725715 -0.29166667 -0.20166667 -0.28666667 0.14333333 -0.22333333 -0.345 -0.27718948 -0.27636655 -0.84333333 0.26 0.26 -0.37666667 -0.22333333 -0.22333333 0.053333333 0.053330154 -0.58333333 -0.58333333 -0.58333333 -0.78 -0.6025942 -0.45666667 -0.45666667 -0.45666632 -0.016666667 -0.016666667 -0.016666667 -0.016666667 0.295 0.295 0.295 0.29499997 -0.535 -0.535 -0.535 -0.535 -0.535 -0.15000486 -0.15 -0.15 -0.15 -0.25999728 -0.26
-0.125 0.10999965 -0.083333333 0.030937112 -0.52 -0.56 -0.2366779 0.25666667 -0.26 0.30166642 0.12096541 0.03500573 0.075 -0.22333333 -0.22333333 -0.30366667 -0.27666667 -0.27666667 -0.84333333 -0.84333333 0.25999867 -0.37666667 0.30666667 -0.036666667 -0.46833333 -0.46814861 -0.58333333 -0.58333333 -0.78 -0.78 -0.45666667 -0.45666667 -0.45666667 -0.39129456 -0.016666667 -0.016666667 -0.016666667 0.295 0.295 0.295 0.295 0.29494707 -0.535 -0.535 -0.535 -0.535 -0.535 -0.53157302 -0.15 -0.1500012 -0.17666667 -0.17666667 -0.17666667
-1.2 -0.21833333 0.05499999 -0.08 -0.046666667 -0.23166667 -0.36333333 -0.28395558 0.17666667 -0.31166667 -0.35833333 0.11166667 0.11166664 0.033333333 0.033333333 -0.29495372 -0.295 -0.3 -0.3 -0.84333253 -0.94 -0.94 -0.036666667 -0.46833333 -0.46833333 0.32166667 -0.38166667 -0.38166667 -0.08006392 -0.78 -0.45666667 -0.45666667 -0.11 -0.1099737 0.14164871 0.38833333 0.38833333 0.3238748 0.295 0.295 -0.25264944 -0.25333333 -0.25333119 -0.40402037 -0.4016814 -0.4016667 -0.40166667 -0.40166672 -0.40127695 -0.17666667 -0.17666667 -0.17666667 -0.17666667
-1.1916627 0.093333333 0.01821032 0.15333333 0.081666667 -0.31333333 0.038333334 0.1 0.155 0.155 -0.35833333 0.096666667 -0.34999993 0.033333333 -0.10333292 -0.10333333 -0.295 0.018333333 0.07 0.07 -0.70436755 -0.44 -0.44 0.10999999 0.32166667 0.32166667 -0.38166667 -0.38166667 -0.080015541 -0.080286112 -0.044268457 -0.11 -0.11 0.14166667 0.14166667 0.35383946 0.38833333 0.38833333 -0.0049863664 -0.25333299 -0.25333333 -0.25333333 -0.25332199 -0.40166638 -0.40166667 -0.40166667 -0.40166667 -0.40166669 -0.44833333 -0.1767205 -0.17666667 -0.17666667 -0.17666667
-1.1916667 -0.36666667 0.32166667 -0.0083333333 0.16499006 0.04 0.19166667 0.24666666 0.1 0.18 0.18 -0.10666667 -0.35 -0.35 -0.1050257 -0.41602656 -0.44666667 -0.011666667 -0.26333299 0.07 0.029248263 0.07 -0.48666667 0.091666664 0.091662432 -0.23666667 -0.17166667 -0.17166674 -0.34573223 -0.34666666 -0.043333333 -0.061784771 0.18833333 0.14166667 0.1439959 0.325 0.325 -0.0049999979 -0.005 -0.25333333 -0.25333333 -0.25333331 -0.34683454 -0.35 -0.40166667 -0.40166667 -0.40166667 -0.44833156 -0.44833333 -0.44833333 -0.17666667 -0.17666667 -0.17666667
-0.41218133 -0.36666667 0.046666667 0.35 0.26 0.21166667 0.43 0.76833333 0.21833333 0.25820521 0.05 -0.145 -0.145 0.34833333 0.3483288 -0.78571906 -0.78666667 -0.78666667 -0.050083972 -0.35166668 -0.41 -0.40999999 -0.115 -0.34019894 -0.20357934 -0.23666667 -0.028333333 -0.17166667 -0.23960291 -0.24 -0.13166667 0.54666667 0.13954649 -0.035 0.22333333 0.26666667 0.33 -0.24833333 0.48799317 -0.24935314 0.63833333 0.14333333 -0.34990964 -0.35 -0.35029081 -0.40166667 -0.485 -0.44833333 -0.44833333 -0.44833333 -0.44833333 -0.21775412 -0.43666667
-0.66666667 -0.66666667 0.21333333 0.47 0.31833333 0.71333333 0.57 0.57 0.215 0.26832634 0.37333333 0.45166667 0.34833333 0.34833333 -0.13333333 -0.1422941 -0.78666667 -0.7864772 0.06 -0.35166667 -0.35166667 -0.35918195 -0.115 -0.12833308 -0.12833333 -0.12833333 -0.028333333 0.17166667 0.17166667 -0.24 -0.24 0.54513357 -0.26166667 -0.035 0.016666667 0.26666667 0.33 0.36666667 0.48833333 0.18499713 0.14333336 0.16598593 0.205 -0.35 -0.35 -0.485 -0.485 -0.485 -0.44833333 -0.44833333 -0.50666667 -0.50666667 -0.50666664
-0.66666667 -0.66666667 -0.20333333 -0.34333333 0.08 0.35166667 0.38666667 0.50672379 0.68166667 0.6 0.16666667 0.17333333 0.45129597 -0.13333333 -0.13333333 -0.13332757 -0.083333333 -0.075810528 0.06 -0.24833333 -0.24833333 -0.21833333 -0.21833333 -0.12833333 -0.12833333 -0.12833333 0.17166667 0.17166667 0.17166667 -0.64833333 -0.64833333 -0.6483327 -0.21833333 -0.21833333 -0.44833333 -0.635 0.30166667 0.030001049 0.13166667 0.18 0.18 -0.12666558 0.205 -0.35 -0.1233336 -0.42833333 0.04769588 0.049999999 -0.036666667 -0.036666667 -0.50666667 -0.50666667 -0.50666667
-0.66666667 -0.4666181 -0.26307633 -0.30499707 0.23 0.34 0.38666667 0.50666667 0.68166521 0.60090477 0.17333389 0.17333333 0.22333333 -0.13333333 -0.13333333 -0.083333335 -0.083333333 -0.083325176 0.06 -0.24833333 -0.24244194 -0.21833333 -0.21833333 -0.12833672 -0.12833333 -0.15791809 -0.21833333 -0.21833333 -0.21833328 -0.64833333 -0.64833333 -0.40833333 -0.40833333 -0.21833396 -0.44833333 -0.31333331 0.27788037 0.03 0.03 0.17999999 -0.12666667 -0.12666667 -0.12666659 -0.12333333 -0.12333333 -0.42833333 0.05 0.05 -0.036666667 -0.036666667 -0.50666667 -0.50666667 -0.50666667
-0.013333333 0.017478336 0.038319292 0.035852869 0.23000046 0.3399974 0.38666667 0.50518954 0.66960738 0.67953413 0.22333333 0.22333333 0.22333333 0.22333333 -0.13328281 -0.083333333 -0.083333333 -0.081482672 0.06 -0.24825086 0.03 0.03 0.03 0.03 -0.12573159 -0.21833333 -0.21833333 -0.21833333 -0.21833333 -0.21858462 -0.40833333 -0.40833333 -0.40833333 -0.40833333 -0.31333333 -0.31333333 -0.31333333 0.013589455 0.026532634 -0.43166667 -0.43166667 -0.12668307 -0.29332751 -0.12334971 -0.12333333 -0.42833333 0.05 0.05 -0.036666666 -0.036666667 -0.50496156 -0.50666667 -0.15567779
-0.013333333 0.038333333 0.038333333 0.038333333 0.038333333 0.03833346 0.38654719 0.44346891 0.6374343 0.22382492 0.22333333 0.22333333 0.22333333 0.22333333 0.2233335 -0.083333334 -0.083333311 -0.073501645 0.059997905 0.03 0.03 0.03 0.03 0.03 0.027801307 -0.20531116 -0.22 -0.22 -0.22 -0.22 -0.40833333 -0.40833333 -0.40833357 -0.60333333 -0.60333333 -0.31333333 -0.58716734 -0.595 -0.43166676 -0.43166667 -0.43166667 -0.43166667 -0.29333333 -0.29333333 -0.29333333 -0.29427281 0.079705463 0.08 0.08 0.08 0.079999998 0.62999977 0.63
0.23333333 0.038333333 0.038333333 0.038333333 0.038333333 0.038333333 0.038333356 0.27407867 0.46393799 0.46333333 0.46333333 0.46333333 0.46333333 0.46333333 0.46333333 0.20690231 -0.078797775 -0.063706149 0.030003724 0.03 0.03 0.03 0.03 0.03000013 -0.071666667 -0.071666667 -0.071666875 -0.22 -0.22 -0.22004005 -0.24 -0.24 -0.60333333 -0.60333333 -0.60333333 -0.59633493 -0.595 -0.595 -0.595 -0.43166667 -0.43166667 -0.43166667 -0.29333333 -0.29333333 -0.29333333 -0.29333333 0.079999991 0.08 0.08 0.08 0.08 0.63 0.63
0.23333333 0.16073705 0.038333333 0.038333333 0.038333333 0.038333333 -0.078310436 -0.078333333 -0.07833332 0.46333333 0.46333333 0.46333333 0.46333333 0.46333333 0.40560784 0.20166667 0.20166667 0.20166667 0.14132675 0.14166655 0.14166667 0.14166667 0.14166667 0.14166667 -0.071666667 -0.071666667 -0.071666667 -0.071666667 -0.22 -0.24 -0.24 -0.24 -0.6033333 -0.60333333 -0.60333333 -0.63833333 -0.59505737 -0.595 -0.595 -0.43169719 -0.49249804 -0.63439228 -0.29333333 -0.29333333 -0.45450109 -0.455 -0.455 0.079006937 -0.52122496 -0.52333328 -0.52333322 -0.29652646 0.62999812
0.23333333 -0.24999415 -0.11432389 0.038333333 0.038333333 -0.078264401 -0.078333333 -0.078333333 -0.078333333 -0.074429928 0.46333333 0.46333333 0.46333333 0.4633333 0.20166667 0.20166667 0.20166667 0.20166667 0.14172026 0.14166667 0.14166667 0.14166667 0.14166667 0.14166667 -0.071666662 -0.071666667 -0.071666667 -0.071666667 -0.072278954 -0.24 -0.24 -0.24 -0.27166667 -0.60332889 -0.63833333 -0.63833333 -0.63833333 -0.63756063 -0.63246565 -0.635 -0.635 -0.635 -0.71333333 -0.71333333 -0.455 -0.455 -0.455 -0.52333333 -0.52333333 -0.52333333 -0.52333333 -0.29666667 -0.29666667
-0.26295613 -0.26333333 -0.26333333 -0.26333333 -0.18166667 -0.078335999 -0.078333333 -0.078333333 -0.078333333 -0.078333333 0.4519769 0.46333138 0.46333333 0.20166667 0.20166667 0.20166667 0.20166667 0.20166667 0.18475815 0.14166667 0.14166667 0.14166667 0.14166667 0.14166667 -0.077534681 -0.26833227 -0.26833333 -0.26833333 -0.26833333 -0.24 -0.27166667 -0.27166667 -0.27166667 -0.27166667 -0.63833333 -0.63833149 -0.56833333 -0.56833333 -0.63416757 -0.635 -0.635 -0.635 -0.71333333 -0.71333333 -0.49499889 -0.455 -0.455 -0.52333333 -0.52333333 -0.52333333 -0.52090288 -0.29666667 -0.29666667
-0.26333333 -0.26333333 -0.26333333 -0.22487528 -0.18166667 -0.18166667 -0.078333333 -0.078333333 -0.078333333 -0.078333333 0.31333333 0.31333333 0.31333333 0.20166667 0.20166667 0.20166667 0.20166667 0.2016427 0.0083333333 0.0083333334 0.14166661 0.14166667 0.13261815 -0.23 -0.2303451 -0.26833333 -0.26833333 -0.26833333 -0.26833333 -0.27166633 -0.27166667 -0.27166667 -0.27166667 -0.27166667 -0.56833358 -0.56833333 -0.56833333 -0.56833333 -0.56856714 -0.635 -0.635 -0.635 -0.71333333 -0.71333333 -0.71333333 -0.455 -0.455 -0.52333333 -0.52333333 -0.52333333 -0.29666667 -0.29666667 -0.29666667
-0.26333333 -0.26333333 -0.26333333 -0.18166667 -0.18166667 -0.18166667 -0.18166651 -0.078333333 -0.078333333 0.31292902 0.31333333 0.31333333 0.31333333 0.31326376 0.084300417 0.056666667 0.056666667 0.056666666 0.0083333333 0.0083333333 0.0083333333 -0.23 -0.23 -0.23 -0.23003175 -0.30767266 -0.26833333 -0.26833333 -0.26833333 -0.28515426 -0.28833169 -0.28833333 -0.28833333 -0.28833333 -0.56312021 -0.55666669 -0.55666667 -0.55666667 -0.55666667 -0.7816466 -0.78166667 -0.78166667 -0.71333333 -0.71333333 -0.63833365 -0.63833321 -0.29833333 -0.29833333 -0.32 -0.32 -0.32 -0.29666667 0.15959168
-0.26333336 -0.26333333 -0.26333333 -0.18166667 -0.18166667 -0.18166667 -0.18166666 0.019999971 -0.077940158 0.31293737 0.31333333 0.31333333 0.31333333 0.31282968 0.056666667 0.056666667 0.056666667 0.056666653 0.0083333333 0.0083333333 0.0083333333 -0.23 -0.23 -0.23 -0.34333333 -0.34333333 -0.37833333 -0.37833333 -0.37833333 -0.37784236 -0.28833333 -0.28833333 -0.28833333 -0.28833333 -0.42242635 -0.55666667 -0.55666667 -0.55666667 -0.55666667 -0.78166667 -0.78166667 -0.78166667 -0.77715685 -0.63833333 -0.63833333 -0.63833333 -0.29833333 -0.29833333 -0.32 -0.32 -0.32 0.15999998 0.16
-0.27166667 -0.26482416 -0.16 -0.16000629 -0.18166667 0.018833163 0.02 0.02 -0.074738443 -0.12333334 -0.12333333 -0.12333333 -0.12333333 0.12165869 0.12166667 0.056666717 0.056666667 0.055393154 0.0083333333 0.0083333333 0.0083333333 -0.43833333 -0.43833333 -0.43833333 -0.34333333 -0.34333333 -0.37833333 -0.37833333 -0.37833333 -0.37833346 -0.54833168 -0.5483326 -0.29486804 -0.28861207 -0.69953045 -0.7 -0.7 -0.7 -0.7 -0.78166667 -0.78166667 -0.78166667 -0.64622563 -0.63833333 -0.63833333 -0.63833331 -0.29833333 -0.29833333 -0.29833411 -0.32 -0.31998189 0.085 0.16
-0.21667711 -0.21666666 -0.16 -0.16 -0.16 0.02 0.02 0.02 -0.24 -0.24 -0.12333333 -0.12333333 -0.12333333 0.12166667 0.12166667 0.12166667 0.12166667 0.12165384 0.0083333333 0.0083333333 0.0083333162 -0.43833333 -0.43833333 -0.43833333 -0.34333333 -0.34333333 -0.37833333 -0.37833333 -0.37833333 -0.54641657 -0.54833333 -0.54833333 -0.54833333 -0.54833333 -0.69992516 -0.7 -0.7 -0.7 -0.7 -0.65500003 -0.655 -0.655 -0.655 -0.63833217 -0.48666667 -0.48666667 -0.48666667 -0.096666667 -0.096666667 -0.096666667 0.085 0.085 0.085
-0.21666667 -0.21666667 -0.16 -0.16 -0.16 0.019053888 0.02 -0.24 -0.24 -0.24 -0.1233477 -0.12333333 0.012854121 0.12166665 0.12166667 0.12166667 0.12166667 0.023333334 0.023333333 0.023333333 -0.505 -0.50499995 -0.43833366 -0.43833333 -0.43848254 -0.735 -0.735 -0.73499915 -0.37839097 -0.90826159 -0.90833142 -0.90827048 -0.54894861 -0.54864401 -0.67322097 -0.70000005 -0.70044683 -0.83333333 -0.83333333 -0.655 -0.655 -0.655 -0.655 -0.48666667 -0.48666667 -0.48666667 -0.48666667 -0.096666667 -0.096666667 -0.096666667 0.085 0.085 0.085
-0.21666667 -0.21666667 -0.16 -0.16 -0.16 -0.16 -0.077310405 -0.24 -0.24 -0.24 -0.23984349 0.043333333 0.043333333 0.043333333 0.12120503 0.12166667 0.023988602 0.023333333 0.023333333 0.023333333 -0.505 -0.505 -0.505 -0.505 -0.735 -0.735 -0.735 -0.735 -0.735 -0.90833333 -0.90833333 -0.90833333 -0.90833333 -0.90833295 -0.725 -0.83333333 -0.83333333 -0.83333333 -0.83333333 -0.83333284 -0.705 -0.705 -0.705 -0.58405541 -0.33333333 -0.33333333 -0.33333333 -0.096666673 -0.096666681 -0.11166667 -0.11166667 0.063338604 0.063333333
-0.21666667 -0.21666667 -0.18045269 -0.16 -0.16 -0.15999999 0.089414407 -0.23896002 -0.24 -0.24 0.043333361 0.043333333 0.043333333 0.043333333 0.043333333 0.049751089 0.023333333 0.023333333 0.023333333 0.023333333 -0.50499591 -0.505 -0.505 -0.505 -0.735 -0.735 -0.735 -0.735 -0.735 -0.95390231 -0.90833333 -0.90833333 -0.90833333 -0.725 -0.725 -0.72508412 -0.83333333 -0.83333333 -0.8211398 -0.81166667 -0.705 -0.705 -0.705 -0.58540511 -0.33333333 -0.33333333 -0.33333333 -0.41166667 -0.11540464 -0.11166667 -0.11166667 0.063333333 0.063333333
0.085 0.085 0.085 -0.098571765 -0.15951429 0.09 0.09 0.09 0.09 0.17666667 0.17666667 0.043333343 0.043333333 0.043333333 0.043333333 0.043332069 0.023333333 0.023333333 0.023333333 0.023333333 -0.27445247 -0.505 -0.505 -0.49775952 -0.25089463 -0.735 -0.735 -0.735 -0.97 -0.97 -0.97 -0.96999974 -0.725 -0.725 -0.725 -0.725 -0.81166667 -0.81166667 -0.81166667 -0.81166667 -0.6 -0.6 -0.6 -0.28000643 -0.28 -0.28 -0.28000002 -0.41166667 -0.41166667 -0.1120322 -0.11166667 0.063331821 0.063333333
0.085 0.085 0.085 0.085004667 0.17166667 0.15979099 0.09 0.09 0.09 0.17666667 0.17666667 0.17666667 0.135 0.135 0.135 0.135 0.023946994 0.023333333 0.023333333 0.023333333 0.015337025 -0.22833409 -0.22833333 -0.22833333 -0.22833333 -0.22833335 -0.64 -0.64 -0.97 -0.97 -0.97 -0.97 -0.7249999 -0.725 -0.725 -0.724989 -0.81166666 -0.81166667 -0.81166667 -0.81112562 -0.6 -0.6 -0.6 -0.28001484 -0.28 -0.28 -0.28 -0.41166667 -0.41166667 -0.41166664 -0.23666667 -0.23666667 -0.11666667
0.085 0.085 0.085 0.17166647 0.17166667 0.17166667 0.090000031 0.09 0.09 0.17666667 0.17666667 0.17666667 0.135 0.135 0.135 0.15200897 0.35833333 0.35833333 0.35833247 0.025225499 -0.22833333 -0.22833333 -0.22833333 -0.22833333 -0.22833333 -0.22864313 -0.64 -0.64 -0.64 -0.97 -0.97 -0.96993134 -0.59 -0.59 -0.59 -0.53166667 -0.53166667 -0.68833333 -0.68833333 -0.68833333 -0.30333333 -0.59990694 -0.59999752 -0.26833333 -0.26833333 -0.26877549 -0.28000019 -0.41166667 -0.41166667 -0.23666667 -0.23666667 -0.23666667 -0.11666667
0.085 0.085 0.085 0.17166667 0.17166667 0.17166667 0.17166667 0.09 0.09 0.17666667 0.17666667 0.13666607 0.135 0.135 0.135 0.35833333 0.35833333 0.35833333 0.35833333 0.35833333 -0.22833333 -0.22833333 -0.22833333 -0.22833333 -0.22833333 -0.6399986 -0.64 -0.64 -0.64 -0.86333333 -0.86333333 -0.86333333 -0.59 -0.59 -0.59 -0.53166667 -0.53166667 -0.68833333 -0.68833333 -0.30333333 -0.30333333 -0.30333333 -0.26833333 -0.26833333 -0.26833333 -0.26833333 -0.2590233 -0.155 -0.155 -0.155 -0.23666666 0.14333333 0.14333333
