interpolatedSpi/06-10|20_3.tif
NCOLS 53
NROWS 52
XLLCORNER -116.03883
YLLCORNER 28.596182
DX 0.49850594
DY 0.49788537
NODATA_VALUE -9999
[rows 0 to 38 of 52, columns 0 to 52 of 53]
0.012 0.012 -0.054497428 -0.59 0.28 0.532 0.932 1.286 0.43175173 0.138 0.06 0.776 0.4840247 0.784 0.626 0.626 0.626 0.016 0.356 0.356 0.356 0.35600195 0.558 0.314 0.314 0.314 1.1859997 1.186 1.186 0.32 0.32 0.32 0.32 0.91199988 0.912 0.912 0.912 0.912 0.912 0.91200002 1.7252396 1.7339635 1.592 1.592 1.592 1.592 1.5930029 2.206 2.206 2.206 2.0440003 2.044 2.044
0.011989248 -0.23 0.18800055 0.33042027 0.6418909 0.834 0.698 0.89812057 0.336 0.636 0.564 0.484 0.484 1.067053 0.78400203 0.626 0.016 0.016 0.35555669 0.356 0.356 0.356 0.27283779 0.314 0.314 0.314 0.312 0.312 0.32 0.32 0.32 0.32 0.32 0.91199991 0.912 0.912 0.912 0.912 0.91199999 0.82958104 0.39004368 1.446147 1.592 1.592 1.592 1.592 1.592 2.206 2.206 2.206 2.1925668 2.044 2.044
0.58997983 0.59 0.664 1.028 1.018 0.69 0.966 0.548 1.096 0.812 0.972 0.45 -0.63 0.314 1.068 1.308 0.016 0.016 0.016 0.040091862 0.04 0.04 -0.468 0.314 0.314 0.314 0.312 0.312 0.312 0.32 0.32 0.31999996 -0.085338857 0.91042612 0.91036182 0.73761277 0.736 0.736 0.69248232 0.39 0.39 0.39153706 1.592 1.592 1.592 1.592 1.592 2.206 2.206 2.206 2.206 2.044 2.044
0.088 0.58999994 0.28598192 0.638 0.228 0.92 1.58 0.282 0.912 0.82618743 1.308 1.21 0.65 0.314 0.69 1.308 -0.43258023 -0.4456763 -0.032 0.04 0.04 -0.484 -0.468 -0.468 0.314 0.31399999 0.312 0.312 0.312 -0.564 -0.54095554 -0.522 -0.522 -0.521999 0.736 0.736 0.736 0.736 0.39 0.39 0.39 0.39000005 1.592 1.592 1.592 1.592 1.592 2.2059923 2.206 2.206 2.206 2.0439102 2.044
0.088 -0.053999376 0.286 0.50834699 0.228 1.048 1.058 0.36 0.012 0.56199995 0.80638101 0.92003953 1.196 0.69 0.69 1.075945 -0.446 -0.446 -0.032 -0.032 0.039998913 -0.484 -0.412 -0.368 -0.656 -0.65594971 0.312 0.312 -0.564 -0.564 -0.522 -0.522 -0.522 -0.35002131 0.736 0.736 0.736 0.39 0.39 0.39 0.39 0.39004112 1.592 1.592 1.592 1.592 1.592 1.5974654 2.206 2.2058695 -0.704 -0.704 -0.704
-1.052 -0.102 0.20599999 0.346 0.986 1.034 0.586 0.55706553 0.552 0.424 0.746 -0.486 -0.48599889 0.184 0.184 -0.35397296 -0.354 -0.44 -0.44 -0.032000328 -0.882 -0.882 -0.368 -0.656 -0.656 -0.442 -0.788 -0.788 0.077941836 -0.564 -0.522 -0.522 0.39 0.38996071 0.014026865 -0.104 -0.104 0.23716982 0.39 0.39 0.81546869 0.816 0.81600108 -0.12514301 -0.15580681 -0.15599953 -0.15599994 -0.15599934 -0.1175943 -0.704 -0.704 -0.704 -0.704
-0.8160027 -0.614 -0.78180943 0.05 0.7 0.198 0.318 0.72 0.424 0.424 0.746 -0.238 0.12799977 0.184 -0.24199872 -0.242 -0.354 -0.31 -0.404 -0.404 -0.9705978 -1.07 -1.07 -1.076 -0.442 -0.442 -0.788 -0.788 0.078005828 0.078107292 0.28765993 0.39 0.39 0.014 0.014 -0.61378308 -0.104 -0.104 -1.3559566 0.81599698 0.816 0.816 0.81600429 -0.15599797 -0.156 -0.156 -0.156 -0.15599997 -0.098 -0.70387991 -0.704 -0.704 -0.704
-0.816 -1.104 -0.64 -1.13 -1.443982 -0.444 0.13 -0.18999998 -0.144 -0.258 -0.258 -0.782 0.128 0.128 -0.23946146 -0.15821036 -0.15 -0.27 -0.48199992 -0.404 -0.73165514 -0.66 -1.086 -1.356 -1.3560005 -1.398 -1.142 -1.1419999 0.17764959 0.178 0.288 0.077498295 -0.046 0.014 -0.0022570858 -1.04 -1.04 -1.356 -1.356 0.816 0.816 0.81600001 0.20671779 0.20799998 -0.156 -0.156 -0.156 -0.098002208 -0.098 -0.098 -0.704 -0.704 -0.704
-1.1243299 -1.104 -0.756 -1.068 -0.126 -0.458 -0.246 0.312 0.558 0.3841586 -0.042 -0.388 -0.388 -0.86 -0.85999282 -0.50301337 -0.504 -0.504 -0.30236213 -1.29 -1.504 -1.504 -0.664 -0.91969674 -1.3937675 -1.398 -0.958 -1.142 -0.95906922 -0.958 0.112 1.132 0.79958502 -0.398 -0.556 -0.73 -0.708 -0.722 -1.1078218 0.81807119 1.28 -0.085999996 0.20795897 0.208 0.20595121 -0.156 -0.50599998 -0.098000004 -0.098 -0.098 -0.098000005 -0.80236087 -0.254
-1.238 -1.238 -0.882 -0.828 -0.148 0.31 -0.02 0.152 0.582 0.33998765 -0.068 -0.062 -0.86 -0.86 -0.096 -0.1015959 -0.504 -0.50406301 -0.814 -1.29 -1.29 -1.3175704 -0.664 -0.97199417 -0.972 -0.972 -0.958 -0.47 -0.47 -0.958 -0.958 1.1307482 0.472 -0.398 -0.362 -0.73 -0.708 -1.07 -1.108 0.50738818 -0.08599994 -0.070571746 -0.044 0.208 0.208 -0.506 -0.506 -0.506 -0.098 -0.098 -1.494 -1.494 -1.4939995
-1.238 -1.238 -1.044 -0.796 -0.97 -0.476 -0.52399999 0.0579543 0.098 0.114 0.164 -0.038 -0.061969231 -0.096 -0.096 -0.096044529 -0.482 -0.49942492 -0.814 -0.364 -0.364 -0.538 -0.538 -0.972 -0.972 -0.972 -0.47 -0.47 -0.47 -0.938 -0.938 -0.93799768 -0.7 -0.7 -0.444 -0.998 -0.866 0.10000044 -0.964 0.534 0.534 0.25599901 -0.044 0.208 -0.45600011 -0.772 -0.94609641 -0.948 -1.202 -1.202 -1.494 -1.494 -1.494
-1.238 -1.1541441 -0.93816955 -0.95599577 -0.71 -0.882 -0.524 0.058 0.097999666 0.11382274 -0.037999802 -0.038 -0.272 -0.096 -0.096 -0.48199999 -0.482 -0.4820189 -0.814 -0.364 -0.39817006 -0.538 -0.538 -0.97198251 -0.972 -1.0107889 -1.09 -1.09 -1.0899999 -0.938 -0.938 -0.824 -0.824 -0.6999993 -0.444 0.045999443 -0.70275907 0.1 0.1 0.53399999 0.256 0.256 0.2559948 -0.456 -0.456 -0.772 -0.948 -0.948 -1.202 -1.202 -1.494 -1.494 -1.494
-0.07 0.15840897 0.25796039 0.24920472 -0.71000095 -0.88199594 -0.52400001 0.050835918 0.095243591 0.098417802 -0.272 -0.272 -0.272 -0.272 -0.096024932 -0.482 -0.482 -0.48628665 -0.814 -0.36404856 -0.522 -0.522 -0.522 -0.522 -0.96448899 -1.09 -1.09 -1.09 -1.09 -1.08984 -0.824 -0.824 -0.824 -0.824 0.046 0.046 0.046 0.097456958 0.10328962 0.538 0.538 0.25601517 0.18397809 -0.45593836 -0.456 -0.772 -0.948 -0.948 -1.202 -1.202 -1.4929407 -1.494 -0.5050222
-0.07 0.258 0.258 0.258 0.258 0.25799952 -0.52491637 -0.24861407 0.087889741 -0.27160114 -0.272 -0.272 -0.272 -0.272 -0.27200006 -0.48199999 -0.48200005 -0.50477293 -0.81399443 -0.522 -0.522 -0.522 -0.522 -0.522 -0.52321276 -0.88965534 -0.83200005 -0.832 -0.832 -0.832 -0.824 -0.824 -0.82399994 -0.772 -0.772 0.046 0.32599122 0.334 0.53799988 0.538 0.538 0.538 0.184 0.184 0.184 0.17734711 -0.84861408 -0.848 -0.848 -0.848 -0.84800001 0.37599961 0.376
-0.026 0.258 0.258 0.258 0.258 0.258 0.25799995 -0.42028879 -0.34974595 -0.352 -0.352 -0.352 -0.352 -0.352 -0.352 -0.34025877 -0.47977606 -0.52746186 -0.5220366 -0.522 -0.522 -0.522 -0.522 -0.52200015 -0.578 -0.578 -0.57800036 -0.832 -0.832 -0.83189587 -0.78 -0.78 -0.772 -0.772 -0.772 0.15683084 0.334 0.334 0.334 0.538 0.538 0.538 0.184 0.184 0.184 0.184 -0.84799999 -0.848 -0.848 -0.848 -0.848 0.376 0.376
-0.026 0.079729974 0.258 0.258 0.258 0.258 -0.50385045 -0.504 -0.504 -0.352 -0.352 -0.352 -0.352 -0.352 -0.34935272 -0.34 -0.34 -0.34 -0.64960977 -0.64999987 -0.65 -0.65 -0.65 -0.65 -0.578 -0.578 -0.578 -0.578 -0.832 -0.78 -0.78 -0.78 -0.772 -0.772 -0.772 0.344 0.33401324 0.334 0.334 0.53793162 0.40157816 0.083362883 0.184 0.184 -0.32243228 -0.324 -0.324 -0.84667434 -0.044816605 -0.04200007 -0.042000153 0.20402597 0.37599965
-0.026 0.053797834 0.1557787 0.258 0.258 -0.50354977 -0.504 -0.504 -0.504 -0.50290464 -0.352 -0.352 -0.352 -0.352 -0.34 -0.34 -0.34 -0.34 -0.64972308 -0.65 -0.65 -0.65 -0.65 -0.65 -0.578 -0.578 -0.578 -0.578 -0.57873474 -0.78 -0.78 -0.78 -0.19000001 -0.77187243 0.344 0.344 0.344 0.33724981 0.097941852 0.082 0.082 0.082 -0.158 -0.158 -0.324 -0.324 -0.324 -0.042000003 -0.042 -0.042 -0.042 0.204 0.204
0.056051082 0.056 0.056 0.055999995 -0.47 -0.50399912 -0.504 -0.504 -0.504 -0.504 -0.36320487 -0.35200193 -0.352 -0.34 -0.34 -0.34 -0.34 -0.34 -0.4201079 -0.65 -0.65 -0.65 -0.65 -0.65 -0.47055462 -0.23600185 -0.236 -0.236 -0.236 -0.77999997 -0.19000001 -0.19 -0.19 -0.19 0.344 0.34398383 -0.27 -0.27 0.077604756 0.082 0.082 0.082 -0.158 -0.158 -0.29829748 -0.324 -0.324 -0.042 -0.042 -0.042 -0.03936224 0.204 0.204
0.056 0.056 0.056 -0.19170125 -0.47 -0.47 -0.504 -0.504 -0.504 -0.504 -0.5 -0.5 -0.5 -0.34 -0.34 -0.34 -0.34 -0.34008494 -1.224 -1.224 -0.65000023 -0.65 -0.65238589 -0.748 -0.74339069 -0.236 -0.236 -0.236 -0.236 -0.19000468 -0.19 -0.19 -0.19 -0.19 -0.26999784 -0.27 -0.27 -0.27 -0.26874496 0.082 0.082 0.082 -0.158 -0.158 -0.158 -0.324 -0.324 -0.042000004 -0.042 -0.042 0.204 0.204 0.204
0.056 0.056 0.056 -0.47 -0.47 -0.47 -0.47000005 -0.504 -0.504 -0.50000413 -0.5 -0.5 -0.5 -0.49990032 -0.75604312 -0.854 -0.854 -0.854 -1.224 -1.224 -1.224 -0.748 -0.748 -0.748 -0.74797983 -0.4667907 -0.236 -0.236 -0.236 0.16669906 0.24995672 0.25 0.25 0.25 -0.14640725 0.025999328 0.026 0.026 0.026 -0.40593323 -0.406 -0.406 -0.158 -0.158 0.17199862 0.17199993 -0.036 -0.036 0.034 0.034 0.034 0.204 0.37184979
0.056000819 0.056 0.055999981 -0.47 -0.47 -0.47 -0.47 -0.65399996 -0.50459976 -0.49991476 -0.5 -0.5 -0.5 -0.50069465 -0.854 -0.854 -0.854 -0.85400011 -1.224 -1.224 -1.224 -0.748 -0.748 -0.748 -0.676 -0.676 -0.562 -0.562 -0.562 -0.55757028 0.25 0.25 0.25 0.25 0.13806138 0.026 0.026 0.026 0.026 -0.406 -0.406 -0.406 -0.38781391 0.172 0.172 0.172 -0.036 -0.036 0.034 0.034 0.034 0.37199999 0.372
0.32 0.1766669 -0.564 -0.56397273 -0.47 -0.65293538 -0.654 -0.654 -0.56436286 -0.406 -0.406 -0.406 -0.406 -1.1519757 -1.152 -0.85400023 -0.854 -0.86374896 -1.224 -1.224 -1.224 -1.216 -1.216 -1.216 -0.676 -0.676 -0.562 -0.562 -0.562 -0.56199958 0.010001525 0.010000674 0.24396796 0.2497427 -0.72088689 -0.722 -0.722 -0.722 -0.722 -0.406 -0.406 -0.406 0.14017291 0.172 0.172 0.17199988 -0.036 -0.036 -0.03599748 0.034 0.034016277 0.398 0.372
-0.10991834 -0.11000008 -0.564 -0.564 -0.564 -0.654 -0.654 -0.654 -0.408 -0.408 -0.406 -0.406 -0.406 -1.152 -1.152 -1.152 -1.152 -1.1520069 -1.224 -1.224 -1.224 -1.216 -1.216 -1.216 -0.676 -0.676 -0.562 -0.562 -0.562 0.0035506581 0.01 0.01 0.01 0.01 -0.7216388 -0.722 -0.722 -0.722 -0.722 -1.2999998 -1.3 -1.3 -1.3 0.17199468 -0.522 -0.522 -0.522 0.3 0.3 0.3 0.398 0.398 0.398
-0.11 -0.11 -0.564 -0.564 -0.564 -0.65352694 -0.654 -0.408 -0.408 -0.408 -0.40600025 -0.406 -1.1103615 -1.152 -1.152 -1.152 -1.152 -1.808 -1.808 -1.808 -1.548 -1.5479998 -1.2160016 -1.216 -1.2160001 -1.472 -1.472 -1.4719978 -0.56214706 -0.26194579 -0.26199855 -0.26195251 0.0095351238 0.0097652667 -0.59180592 -0.72200019 -0.72368232 -1.224 -1.224 -1.3 -1.3 -1.3 -1.3 -0.522 -0.522 -0.522 -0.522 0.3 0.3 0.3 0.398 0.398 0.398
-0.11 -0.11 -0.564 -0.564 -0.564 -0.564 -0.56192939 -0.408 -0.408 -0.408 -0.40847505 -1.268 -1.268 -1.268 -1.1526836 -1.152 -1.8036286 -1.808 -1.808 -1.808 -1.548 -1.548 -1.548 -1.548 -1.472 -1.472 -1.472 -1.472 -1.472 -0.262 -0.262 -0.262 -0.262 -0.26200101 -0.74 -1.224 -1.224 -1.224 -1.224 -1.224001 -1.516 -1.516 -1.516 -1.2485085 -0.694 -0.694 -0.694 0.29999997 0.29999976 0.048 0.048 -0.021897824 -0.022
-0.11 -0.11 -0.40013788 -0.564 -0.564 -0.56400002 -1.4780977 -0.41137835 -0.408 -0.408 -1.268 -1.268 -1.268 -1.268 -1.268 -1.2585722 -1.808 -1.808 -1.808 -1.808 -1.548002 -1.548 -1.548 -1.548 -1.472 -1.472 -1.472 -1.472 -1.472 -0.8147394 -0.262 -0.262 -0.262 -0.74 -0.74 -0.74037584 -1.224 -1.224 -1.066422 -0.94400003 -1.516 -1.516 -1.516 -1.2515389 -0.694 -0.694 -0.694 -0.262 0.04413743 0.048 0.048 -0.022 -0.022
-1.454 -1.454 -1.454 -0.78714746 -0.56652187 -1.48 -1.48 -1.48 -1.48 -1.45 -1.45 -1.268 -1.268 -1.268 -1.268 -1.2680342 -1.808 -1.808 -1.808 -1.808 -1.6614556 -1.548 -1.548 -1.5471102 -1.5121298 -1.472 -1.472 -1.472 -1.01 -1.01 -1.01 -1.0099969 -0.74 -0.74 -0.74 -0.74 -0.944 -0.944 -0.944 -0.944 -1.232 -1.232 -1.232 -0.58801295 -0.588 -0.588 -0.58800003 -0.262 -0.262 0.047622282 0.048 -0.02200121 -0.022
-1.454 -1.454 -1.454 -1.4540451 -2.292 -2.1739219 -1.48 -1.48 -1.48 -1.45 -1.45 -1.45 -1.45 -1.45 -1.45 -1.45 -1.8076849 -1.808 -1.808 -1.808 -1.8040556 -1.5140001 -1.514 -1.514 -1.514 -1.514 -1.118 -1.118 -1.01 -1.01 -1.01 -1.01 -0.74000014 -0.74 -0.74 -0.74001531 -0.94399998 -0.944 -0.944 -0.9408678 -1.232 -1.232 -1.232 -0.58802986 -0.588 -0.588 -0.588 -0.262 -0.262 -0.262 -0.262 -0.262 -0.26
-1.454 -1.454 -1.454 -2.2919981 -2.292 -2.292 -1.4800003 -1.48 -1.48 -1.45 -1.45 -1.45 -1.45 -1.45 -1.45 -1.4641657 -1.636 -1.636 -1.6360004 -1.8070285 -1.514 -1.514 -1.514 -1.514 -1.514 -1.513702 -1.118 -1.118 -1.118 -1.01 -1.01 -1.0098738 -0.928 -0.928 -0.928 -0.154 -0.154 -0.23 -0.23 -0.23 -0.148 -1.23166 -1.2319913 -0.062 -0.062 -0.081934802 -0.58799806 -0.262 -0.262 -0.262 -0.262 -0.262 -0.26
-1.454 -1.454 -1.454 -2.292 -2.292 -2.292 -2.292 -1.48 -1.48 -1.45 -1.45 -1.45 -1.45 -1.45 -1.45 -1.636 -1.636 -1.636 -1.636 -1.636 -1.514 -1.514 -1.514 -1.514 -1.514 -1.1180014 -1.118 -1.118 -1.118 -0.814 -0.814 -0.814 -0.928 -0.928 -0.928 -0.154 -0.154 -0.23 -0.23 -0.148 -0.148 -0.148 -0.062 -0.062 -0.062 -0.062 -0.041791756 0.184 0.184 0.184 -0.262 -0.02 -0.02
-1.454 -1.454 -1.455167 -2.292 -2.292 -2.292 -2.292 -2.0311488 -2.018 -2.0170248 -1.45 -1.4499966 -1.45 -1.45 -1.4500006 -1.636 -1.636 -1.636 -1.636 -1.636 -0.93478134 -1.514 -1.514 -1.514 -1.513909 -1.1179974 -1.118 -1.118 -1.118 -0.814 -0.814 -0.814 -0.81401238 -0.928 -0.154 -0.154 -0.154 -0.15400311 -0.22999441 -0.148 -0.148 -0.148 -0.062005221 -0.062 -0.062 -0.062 0.18399809 0.184 0.184 0.184 -0.019999999 -0.02 -0.02
-2.104 -2.1039989 -2.2915526 -2.292 -2.292 -2.292 -2.0180583 -2.018 -2.018 -2.018 -1.41 -1.41 -1.41 -1.41 -1.6349569 -1.636 -1.636 -1.636 -1.636 -0.91000043 -0.91 -0.91 -1.0720001 -1.072 -1.072 -1.072 -1.0759704 -1.118 -0.31603285 -0.316 -0.316 -0.316 -0.316 -0.13 -0.13 -0.13 -0.13 -0.13 -0.408 -0.408 -0.408 -0.408 -0.408 -0.0040874309 -0.004 -0.004 -0.004 0.184 0.184 0.184 -0.019967861 -0.02 -0.02
-2.104 -2.104 -2.1011032 -1.7580011 -1.7580001 -1.7582538 -2.018 -2.018 -2.018 -2.018 -1.41 -1.41 -1.41 -1.41 -1.41 -1.636 -1.636 -1.636 -0.91000018 -0.91 -0.91 -0.91 -1.072 -1.072 -1.072 -1.072 -1.072 -1.072009 -0.31597838 -0.316 -0.316 -0.316 -0.31599131 -0.10278872 -0.12997182 -0.13 -0.13 -0.13 -0.408 -0.408 -0.408 -0.408 -0.408 -0.004 -0.004 -0.004 -0.004 0.083912474 0.184 0.53207276 0.536 0.372 0.372
-2.104 -2.104 -1.7580438 -1.758 -1.758 -1.758 -1.8240389 -2.018 -2.018 -2.018 -1.41 -1.41 -1.41 -1.41 -1.41 -1.6358278 -1.636 -0.91021286 -0.91 -0.91 -0.91 -0.91 -1.0119861 -1.072 -1.072 -1.072 -1.072 -1.0714251 -0.26 -0.26 -0.26 -0.26 -0.26 -0.082 -0.082 -0.082 -0.082 -0.082 -0.478 -0.478 -0.478 -0.478 -0.478 -0.0043906666 -0.0040000818 -0.0040000007 -0.0040271214 -0.0071856374 0.536 0.536 0.536 0.37200092 0.372
-2.104 -2.0785069 -1.758 -1.758 -1.758 -1.758 -1.758 -2.0178893 -2.018 -2.018 -1.41 -1.41 -1.41 -1.41 -1.5879575 -1.592 -1.592 -0.91001755 -0.91 -0.91 -0.91 -0.91 -0.91000019 -1.072 -1.072 -1.072 -1.072 -0.60599969 -0.60599984 -0.53236279 -0.26 -0.26 -0.26 -0.082 -0.082 -0.082 -0.082 -0.081987809 -0.478 -0.478 -0.478 -0.478 -0.47796721 -0.164 -0.164 -0.164 -0.164 -0.16394354 0.536 0.536 0.536 0.53600009 0.67546395
-2.078 -2.078 -1.9821215 -1.758 -1.758 -1.758 -1.758 -1.758 -2.0178887 -1.854 -1.854 -1.854 -1.8529463 -1.5919997 -1.592 -1.592 -1.592 -1.592 -0.91000866 -0.98405734 -1.632 -1.632 -1.632 -1.4911631 -1.1022537 -1.2641358 -1.4002503 -0.606 -0.606 -0.606 -0.606 -0.606 -0.59340862 -0.069970861 -0.064 -0.064 -0.064 -0.064 -0.3975986 -0.050000769 -0.05 -0.05 -0.05 0.059999343 -0.16399994 -0.164 -0.164 0.734 0.53600317 0.536 0.536 0.68 0.68
-2.078 -2.078 -1.83 -1.83 -1.83 -1.758024 -1.758 -1.758 -1.854 -1.854 -1.854 -1.854 -1.854 -1.592 -1.592 -1.592 -1.592 -1.592 -1.632 -1.632 -1.632 -1.632 -1.632 -1.45 -1.45 -1.45 -1.45 -0.606 -0.606 -0.606 -0.606 -0.606 -0.596 -0.596 -0.064000003 -0.064 -0.064 0.041981948 0.042 -0.05 -0.05 -0.05 -0.049999907 0.06 0.06 0.06 0.734 0.734 0.734 0.71 0.71 0.68 0.68
-2.078 -2.078 -1.83 -1.83 -1.83 -1.83 -1.8300008 -1.972 -1.8541111 -1.854 -1.854 -1.854 -1.854 -1.5952682 -1.592 -1.592 -1.592 -1.592 -1.632 -1.632 -1.632 -1.632 -1.632 -1.45 -1.45 -1.45 -1.45 -1.4499966 -0.606 -0.606 -0.606 -0.59600052 -0.596 -0.596 -0.596 -0.064000001 0.041999999 0.042 0.042 0.039579308 0.46929322 0.566 0.566 0.06 0.06 0.06 0.734 0.734 0.734 0.71 0.71 0.71 0.52421679
-1.894 -1.8940014 -1.83 -1.83 -1.83 -1.83 -1.972 -1.972 -1.972 -1.854 -1.854 -1.854 -1.854 -1.8539186 -1.592 -1.592 -1.592 -1.592 -1.6319993 -1.632 -1.632 -1.632 -1.4820619 -1.45 -1.45 -1.45 -1.45 -1.504 -1.504 -1.504 -0.61563758 -0.596 -0.596 -0.596 -0.59599941 0.023999991 0.042 0.042 0.042 0.042000005 0.566 0.566 0.566 1.45 1.45 1.45 1.3179431 0.734 0.734 0.71 0.71 0.71 0.50799945
