interpolatedSpi/06-10|20_2.tif
NCOLS 53
NROWS 52
XLLCORNER -116.03883
YLLCORNER 28.596182
DX 0.49850594
DY 0.49788537
NODATA_VALUE -9999
[rows 0 to 38 of 52, columns 0 to 52 of 53]
-0.326 -0.326 -0.27813846 -0.76 0.026 0.224 0.566 0.856 0.18419216 0.038 -0.082 0.554 0.3240056 0.392 0.258 0.258 0.258 -0.04 0.302 0.302 0.302 0.3019994 0.24 0.166 0.166 0.166 0.77799991 0.778 0.778 0.112 0.112 0.112 0.112 0.65399989 0.654 0.654 0.654 0.654 0.654 0.65400002 1.4553678 1.4639737 1.362 1.362 1.362 1.362 1.3628657 1.892 1.892 1.892 1.7240003 1.724 1.724
-0.32600711 -0.486 -0.16799949 -0.03327812 0.22589531 0.324 0.258 0.47402488 0.04 0.28 0.422 0.324 0.324 0.54149983 0.39200063 0.258 -0.04 -0.04 0.30155408 0.302 0.302 0.302 0.13168062 0.166 0.166 0.166 0.108 0.108 0.112 0.112 0.112 0.112 0.112 0.65399992 0.654 0.654 0.654 0.654 0.65400002 0.62949756 0.46803427 1.2535204 1.362 1.362 1.362 1.362 1.362 1.892 1.892 1.892 1.8780693 1.724 1.724
0.14798802 0.148 0.272 0.54 0.514 0.258 0.536 0.172 0.636 0.492 0.668 0.352 -0.57 0.146 0.542 1.084 -0.04 -0.04 -0.04 -0.031902905 -0.032 -0.032 -0.486 0.166 0.166 0.166 0.108 0.108 0.108 0.112 0.112 0.11199996 -0.23942205 0.65339289 0.65621527 0.88981909 0.892 0.892 0.83867197 0.468 0.468 0.4691432 1.362 1.362 1.362 1.362 1.362 1.892 1.892 1.892 1.892 1.724 1.724
-0.012 0.148 0.14798039 0.342 0.112 0.472 0.972 0.022 0.472 0.52023914 0.954 0.862 0.344 0.146 0.54 1.084 -0.40055418 -0.41173936 -0.102 -0.032 -0.032 -0.324 -0.486 -0.486 0.166 0.16599971 0.108 0.108 0.108 -0.62 -0.61890264 -0.618 -0.618 -0.61799881 0.892 0.892 0.892 0.892 0.468 0.468 0.468 0.46800003 1.362 1.362 1.362 1.362 1.362 1.8919933 1.892 1.892 1.892 1.7239279 1.724
-0.012 0.014000246 0.148 0.30865514 0.112 0.662 0.5120165 0.006 -0.186 0.33399992 0.57874388 0.6920232 0.854 0.54 0.54 0.88048528 -0.412 -0.412 -0.102 -0.102 -0.032000618 -0.324 -0.39 -0.4 -0.614 -0.61393153 0.108 0.108 -0.62 -0.62 -0.618 -0.618 -0.618 -0.48335879 0.892 0.892 0.892 0.468 0.468 0.468 0.468 0.46800849 1.362 1.362 1.362 1.362 1.362 1.3667177 1.892 1.8918935 -0.482 -0.482 -0.482
-1.036 -0.128 0.061999998 0.208 0.644 0.72 0.352 0.30770209 0.236 0.146 0.616 -0.454 -0.45399914 0.184 0.184 -0.42595026 -0.426 -0.404 -0.404 -0.10200023 -0.662 -0.662 -0.4 -0.614 -0.614 -0.322 -0.628 -0.628 -0.020054377 -0.62 -0.618 -0.618 0.096 0.095968863 -0.20197867 -0.174 -0.174 0.26938264 0.468 0.468 0.55589025 0.556 0.55600102 -0.038827193 -0.063842397 -0.06399962 -0.063999951 -0.063999463 0.006006839 -0.482 -0.482 -0.482 -0.482
-0.54400295 -0.576 -0.74193035 -0.118 0.33 -0.052 0.098000004 0.472 0.212 0.212 0.616 -0.284 0.33399976 0.184 -0.21999879 -0.22 -0.426 -0.288 -0.368 -0.368 -0.78452887 -0.922 -0.922 -0.812 -0.322 -0.322 -0.628 -0.628 -0.019995338 -0.019914167 0.040061354 0.096 0.096 -0.202 -0.202 -0.52148035 -0.174 -0.174 -1.0879683 0.55599771 0.556 0.556 0.55600426 -0.063999119 -0.064 -0.064 -0.064 -0.063999947 0.024 -0.48189972 -0.482 -0.482 -0.482
-0.544 -0.902 -0.602 -1.076 -1.2599895 -0.49 0.066 -0.28599999 -0.216 -0.252 -0.252 -0.584 0.334 0.334 -0.21619905 -0.19085578 -0.188 -0.268 -0.44999992 -0.368 -0.62290077 -0.556 -0.964 -1.194 -1.1940007 -1.25 -0.94 -0.93999989 0.059719669 0.059999999 0.04 -0.22110021 -0.268 -0.202 -0.21164017 -0.812 -0.812 -1.088 -1.088 0.556 0.556 0.55600001 0.092999921 0.093999992 -0.064 -0.064 -0.064 0.02399665 0.024 0.024 -0.482 -0.482 -0.482
-0.94174947 -0.90199999 -0.75 -1.006 -0.222 -0.464 -0.256 0.066 0.378 0.28071261 0.076 -0.282 -0.282 -0.578 -0.57799408 -0.35952062 -0.36 -0.36 -0.29578258 -1.0760001 -1.344 -1.344 -0.578 -0.81188375 -1.2443567 -1.25 -0.832 -0.94 -0.84256948 -0.842 -0.208 0.608 0.38638966 -0.424 -0.54 -0.69 -0.66 -0.68 -0.99185593 0.55792835 0.988 -0.134 0.093969391 0.094 0.09311069 -0.064 -0.35799998 0.023999997 0.024 0.024 0.023999996 -0.56965323 -0.074
-1.164 -1.164 -0.844 -0.706 -0.228 0.128 -0.066 1.110223e-17 0.346 0.25597678 -0.04 0.094 -0.578 -0.578 0.052 0.046349234 -0.36 -0.36004271 -0.57 -1.076 -1.076 -1.1105274 -0.578 -0.84799489 -0.848 -0.848 -0.832 -0.478 -0.478 -0.842 -0.842 0.60716549 0.168 -0.424 -0.476 -0.69 -0.66 -0.906 -0.992 0.31250958 -0.13399995 -0.11930642 -0.094 0.094 0.094 -0.358 -0.358 -0.358 0.024 0.024 -1.186 -1.186 -1.1859996
-1.164 -1.164 -0.938 -0.63 -1.044 -0.482 -0.50999999 0.079852513 0.074 0.106 0.254 0.158 0.094084207 0.052 0.052 0.051954086 -0.346 -0.35775657 -0.57 -0.478 -0.478 -0.612 -0.612 -0.848 -0.848 -0.848 -0.478 -0.478 -0.478 -0.79 -0.79 -0.78999842 -0.79 -0.79 -0.582 -0.94 -0.856 0.0040010892 -0.828 0.334 0.334 0.087999402 -0.094 0.094 -0.31600007 -0.512 -0.69056154 -0.692 -0.9 -0.9 -1.186 -1.186 -1.186
-1.164 -1.0663062 -0.80656541 -0.82199718 -0.682 -0.914 -0.51 0.08 0.07400005 0.10564548 0.15799993 0.158 -0.138 0.052 0.052 -0.34599999 -0.346 -0.34601275 -0.57 -0.478 -0.50431487 -0.612 -0.612 -0.84799026 -0.848 -0.88744635 -0.968 -0.968 -0.96799994 -0.79 -0.79 -0.736 -0.736 -0.78999943 -0.582 -0.11600048 -0.69756982 0.004 0.004 0.33399999 0.088 0.088 0.08799705 -0.316 -0.316 -0.512 -0.692 -0.692 -0.9 -0.9 -1.186 -1.186 -1.186
-0.062 0.025722498 0.10397223 0.097290351 -0.68200128 -0.91399452 -0.51000001 0.072737441 0.074413461 0.074835605 -0.138 -0.138 -0.138 -0.138 0.051973085 -0.346 -0.346 -0.3488922 -0.57 -0.47796703 -0.362 -0.362 -0.362 -0.362 -0.83988182 -0.968 -0.968 -0.968 -0.968 -0.96782481 -0.736 -0.736 -0.736 -0.736 -0.116 -0.116 -0.116 -0.0016366857 0.0070342583 0.408 0.408 0.088017212 0.18398288 -0.31595184 -0.316 -0.512 -0.692 -0.692 -0.9 -0.9 -1.1849624 -1.186 -0.20193171
-0.062 0.104 0.104 0.104 0.104 0.10399957 -0.51103411 -0.23083474 0.075516533 -0.13777091 -0.138 -0.138 -0.138 -0.138 -0.13800012 -0.34599999 -0.34600004 -0.36136487 -0.56999621 -0.362 -0.362 -0.362 -0.362 -0.362 -0.36178621 -0.7577276 -0.71000005 -0.71 -0.71 -0.71 -0.736 -0.736 -0.73600005 -0.78 -0.78 -0.116 0.12704793 0.134 0.40799984 0.408 0.408 0.408 0.184 0.184 0.184 0.17915647 -0.56280844 -0.562 -0.562 -0.562 -0.56200001 0.40999967 0.41
-0.062 0.104 0.104 0.104 0.104 0.104 0.10399996 -0.39592354 -0.30601867 -0.308 -0.308 -0.308 -0.308 -0.308 -0.308 -0.21394957 -0.34389341 -0.37667305 -0.36202608 -0.362 -0.362 -0.362 -0.362 -0.36200009 -0.352 -0.352 -0.3520005 -0.71 -0.71 -0.70966359 -0.542 -0.542 -0.78 -0.78 -0.78 -0.012412815 0.134 0.134 0.134 0.408 0.408 0.408 0.184 0.184 0.184 0.184 -0.562 -0.562 -0.562 -0.562 -0.562 0.41 0.41
-0.062 -0.00020008584 0.104 0.104 0.104 0.104 -0.4578897 -0.458 -0.458 -0.308 -0.308 -0.308 -0.308 -0.308 -0.28682173 -0.212 -0.212 -0.212 -0.44175605 -0.44199992 -0.442 -0.442 -0.442 -0.442 -0.352 -0.352 -0.352 -0.352 -0.71 -0.542 -0.542 -0.542 -0.77999998 -0.78 -0.78 0.218 0.13411122 0.134 0.134 0.40795196 0.31226537 0.088956409 0.184 0.184 -0.31445697 -0.316 -0.316 -0.56125354 -0.10958652 -0.10800004 -0.10800009 0.15403868 0.40999948
-0.062 -0.042537088 0.030117279 0.104 0.104 -0.45766794 -0.458 -0.458 -0.458 -0.45691906 -0.308 -0.308 -0.308 -0.30799999 -0.212 -0.212 -0.212 -0.212 -0.44179455 -0.442 -0.442 -0.442 -0.442 -0.442 -0.352 -0.352 -0.352 -0.352 -0.35269109 -0.542 -0.542 -0.542 -0.10000001 -0.77988207 0.218 0.218 0.218 0.21304709 0.090901888 0.088 0.088 0.088 -0.118 -0.118 -0.316 -0.316 -0.316 -0.108 -0.108 -0.108 -0.108 0.154 0.154
-0.041967364 -0.042 -0.042 -0.042000004 -0.442 -0.45799959 -0.458 -0.458 -0.458 -0.458 -0.31920487 -0.30800193 -0.308 -0.212 -0.212 -0.212 -0.212 -0.212 -0.27472573 -0.442 -0.442 -0.442 -0.442 -0.442 -0.29173396 -0.11800127 -0.118 -0.118 -0.118 -0.54199998 -0.10000001 -0.1 -0.1 -0.1 0.218 0.21798815 -0.232 -0.232 0.084004323 0.088 0.088 0.088 -0.118 -0.118 -0.28534278 -0.316 -0.316 -0.108 -0.108 -0.108 -0.10519068 0.154 0.154
-0.042 -0.042 -0.042 -0.23036597 -0.442 -0.442 -0.458 -0.458 -0.458 -0.458 -0.456 -0.456 -0.456 -0.212 -0.212 -0.212 -0.212 -0.21208329 -0.92 -0.92 -0.44200019 -0.442 -0.44453196 -0.546 -0.5421469 -0.118 -0.118 -0.118 -0.118 -0.10000183 -0.1 -0.1 -0.1 -0.1 -0.23199842 -0.232 -0.232 -0.232 -0.23086084 0.088 0.088 0.088 -0.118 -0.118 -0.118 -0.316 -0.316 -0.108 -0.108 -0.108 0.154 0.154 0.154
-0.042 -0.042 -0.042 -0.442 -0.442 -0.442 -0.44200002 -0.458 -0.458 -0.45600206 -0.456 -0.456 -0.456 -0.45584798 -0.6199489 -0.716 -0.716 -0.716 -0.92 -0.92 -0.92 -0.546 -0.546 -0.546 -0.54598599 -0.31627019 -0.118 -0.118 -0.118 0.14187813 0.19797069 0.198 0.198 0.198 -0.13260909 0.0059994595 0.006 0.006 0.006 -0.37793624 -0.378 -0.378 -0.118 -0.118 0.17999876 0.17999993 -0.01 -0.01 0.008 0.008 0.008 0.154 0.37380329
-0.041999702 -0.042 -0.042000014 -0.442 -0.442 -0.442 -0.442 -0.66999994 -0.45884766 -0.45609793 -0.456 -0.456 -0.456 -0.45651019 -0.716 -0.716 -0.716 -0.71600006 -0.92 -0.92 -0.92 -0.546 -0.546 -0.546 -0.496 -0.496 -0.416 -0.416 -0.416 -0.41265044 0.198 0.198 0.198 0.198 0.10205261 0.006 0.006 0.006 0.006 -0.378 -0.378 -0.378 -0.36044319 0.18 0.18 0.18 -0.01 -0.01 0.008 0.008 0.008 0.37399999 0.374
0.054 -0.0041549032 -0.458 -0.45799536 -0.442 -0.6686808 -0.67 -0.67 -0.61971575 -0.564 -0.564 -0.564 -0.564 -0.99998581 -1 -0.71600022 -0.716 -0.7213751 -0.92 -0.92 -0.92 -0.846 -0.846 -0.846 -0.496 -0.496 -0.416 -0.416 -0.416 -0.41599972 -0.023998589 -0.023999377 0.19242036 0.197762 -0.66301284 -0.664 -0.664 -0.664 -0.664 -0.378 -0.378 -0.378 0.14927431 0.18 0.18 0.1799999 -0.01 -0.01 -0.009999352 0.008 0.0080228948 0.52 0.374
-0.24794265 -0.24800004 -0.458 -0.458 -0.458 -0.67 -0.67 -0.67 -0.532 -0.532 -0.564 -0.564 -0.564 -1 -1 -1 -1 -0.99999004 -0.92 -0.92 -0.92 -0.846 -0.846 -0.846 -0.496 -0.496 -0.416 -0.416 -0.416 -0.028419829 -0.024 -0.024 -0.024 -0.024 -0.6636842 -0.664 -0.664 -0.664 -0.664 -1.0659998 -1.066 -1.066 -1.066 0.1799957 -0.38 -0.38 -0.38 0.346 0.346 0.346 0.52 0.52 0.52
-0.248 -0.248 -0.458 -0.458 -0.458 -0.66888569 -0.67 -0.532 -0.532 -0.532 -0.56399606 -0.564 -1.0885941 -1 -1 -1 -1 -1.39 -1.39 -1.39 -1.168 -1.1679998 -0.84600157 -0.846 -0.84614835 -1.262 -1.262 -1.261998 -0.41613672 -0.2979454 -0.29799854 -0.29795216 -0.024468294 -0.024236459 -0.55019255 -0.66400012 -0.66506569 -0.982 -0.982 -1.066 -1.066 -1.066 -1.066 -0.38 -0.38 -0.38 -0.38 0.346 0.346 0.346 0.52 0.52 0.52
-0.248 -0.248 -0.458 -0.458 -0.458 -0.458 -0.61835063 -0.532 -0.532 -0.532 -0.53237231 -1.206 -1.206 -1.206 -1.001214 -1 -1.3874011 -1.39 -1.39 -1.39 -1.168 -1.168 -1.168 -1.168 -1.262 -1.262 -1.262 -1.262 -1.262 -0.298 -0.298 -0.298 -0.298 -0.29800089 -0.722 -0.982 -0.982 -0.982 -0.982 -0.98200029 -1.062 -1.062 -1.062 -0.89213284 -0.54 -0.54 -0.54 0.34599997 0.34599988 0.224 0.224 0.11209926 0.112
-0.248 -0.248 -0.38220475 -0.458 -0.458 -0.45800002 -1.3764988 -0.53466612 -0.532 -0.532 -1.206 -1.206 -1.206 -1.206 -1.206 -1.1891422 -1.39 -1.39 -1.39 -1.39 -1.1680017 -1.168 -1.168 -1.168 -1.262 -1.262 -1.262 -1.262 -1.262 -0.78275541 -0.298 -0.298 -0.298 -0.722 -0.722 -0.7222019 -0.982 -0.982 -0.85143538 -0.75000002 -1.062 -1.062 -1.062 -0.89385045 -0.54 -0.54 -0.54 -0.136 0.21951444 0.224 0.224 0.112 0.112
-1.382 -1.382 -1.382 -0.6896722 -0.46054801 -1.378 -1.378 -1.378 -1.378 -1.292 -1.292 -1.206 -1.206 -1.206 -1.206 -1.2060117 -1.39 -1.39 -1.39 -1.39 -1.2648736 -1.168 -1.168 -1.1696749 -1.2333359 -1.262 -1.262 -1.262 -0.954 -0.954 -0.954 -0.95399725 -0.722 -0.722 -0.722 -0.722 -0.75 -0.75 -0.75 -0.75 -0.974 -0.974 -0.974 -0.41401126 -0.414 -0.414 -0.41400004 -0.136 -0.136 0.22356136 0.224 0.11199849 0.112
-1.382 -1.382 -1.382 -1.3820443 -2.204 -2.083886 -1.378 -1.378 -1.378 -1.292 -1.292 -1.292 -1.55 -1.55 -1.55 -1.55 -1.3897289 -1.39 -1.39 -1.39 -1.3866372 -1.2319998 -1.232 -1.232 -1.232 -1.232 -0.884 -0.884 -0.954 -0.954 -0.954 -0.954 -0.72200008 -0.722 -0.722 -0.72200929 -0.74999999 -0.75 -0.75 -0.74791187 -0.974 -0.974 -0.974 -0.41402597 -0.414 -0.414 -0.414 -0.136 -0.136 -0.13600001 -0.188 -0.188 -0.252
-1.382 -1.382 -1.382 -2.2039981 -2.204 -2.204 -1.3780003 -1.378 -1.378 -1.292 -1.292 -1.292 -1.55 -1.55 -1.55 -1.5265429 -1.242 -1.242 -1.2420004 -1.3891641 -1.232 -1.232 -1.232 -1.232 -1.232 -1.2317381 -0.884 -0.884 -0.884 -0.954 -0.954 -0.9538378 -0.836 -0.836 -0.836 -0.286 -0.286 -0.274 -0.274 -0.274 -0.29 -0.97378545 -0.97399324 -0.068 -0.068 -0.081113007 -0.41399861 -0.136 -0.136 -0.188 -0.188 -0.188 -0.252
-1.382 -1.382 -1.382 -2.204 -2.204 -2.204 -2.204 -1.378 -1.378 -1.292 -1.292 -1.5396837 -1.55 -1.55 -1.55 -1.242 -1.242 -1.242 -1.242 -1.242 -1.232 -1.232 -1.232 -1.232 -1.232 -0.88400119 -0.884 -0.884 -0.884 -0.702 -0.702 -0.702 -0.836 -0.836 -0.836 -0.286 -0.286 -0.274 -0.274 -0.29 -0.29 -0.29 -0.068 -0.068 -0.068 -0.068 -0.045655925 0.204 0.204 0.204 -0.188 -0.124 -0.124
-1.382 -1.382 -1.3831447 -2.204 -2.204 -2.204 -2.204 -1.9107804 -1.896 -1.894963 -1.292 -1.5499695 -1.55 -1.55 -1.5499989 -1.242 -1.242 -1.242 -1.242 -1.242 -0.57030087 -1.232 -1.232 -1.232 -1.2319131 -0.88399584 -0.884 -0.884 -0.884 -0.702 -0.702 -0.702 -0.7020154 -0.836 -0.286 -0.286 -0.286 -0.28599943 -0.27400109 -0.29 -0.29 -0.29 -0.068013477 -0.068 -0.068 -0.068 0.20399777 0.204 0.204 0.204 -0.124 -0.124 -0.124
-2.006 -2.0059989 -2.2035607 -2.204 -2.204 -2.204 -1.8960655 -1.896 -1.896 -1.896 -1.186 -1.186 -1.186 -1.186 -1.2417416 -1.242 -1.242 -1.242 -1.242 -0.54200042 -0.542 -0.542 -0.81000007 -0.81 -0.81 -0.81 -0.81638715 -0.884 -0.22002719 -0.22 -0.22 -0.22 -0.22 -0.178 -0.178 -0.178 -0.178 -0.178 -0.416 -0.416 -0.416 -0.416 -0.416 -0.016078386 -0.016 -0.016 -0.016 0.204 0.204 0.204 -0.12394833 -0.124 -0.124
-2.006 -2.006 -2.0045098 -1.8280008 -1.8280001 -1.8280666 -1.896 -1.896 -1.896 -1.896 -1.186 -1.186 -1.186 -1.186 -1.186 -1.242 -1.242 -1.242 -0.54200018 -0.542 -0.542 -0.542 -0.81 -0.81 -0.81 -0.81 -0.81 -0.81001506 -0.21997992 -0.22 -0.22 -0.22 -0.21999193 -0.080492921 -0.17789904 -0.178 -0.178 -0.178 -0.416 -0.416 -0.416 -0.416 -0.416 -0.016 -0.016 -0.016 -0.016 0.086876299 0.204 0.45516614 0.458 0.316 0.316
-2.006 -2.006 -1.8280225 -1.828 -1.828 -1.828 -1.8452717 -1.896 -1.896 -1.896 -1.186 -1.186 -1.186 -1.186 -1.186 -1.2419575 -1.242 -0.54220524 -0.542 -0.542 -0.542 -0.542 -0.71071766 -0.81 -0.81 -0.81 -0.81 -0.80954539 -0.168 -0.168 -0.168 -0.168 -0.168 -0.006 -0.006 -0.006 -0.006 -0.006 -0.426 -0.426 -0.426 -0.426 -0.426 -0.016590883 -0.016000124 -0.016000001 -0.016041021 -0.020867637 0.458 0.458 0.458 0.3160008 0.316
-2.0060003 -2.1569976 -1.828 -1.828 -1.828 -1.828 -1.828 -1.895971 -1.896 -1.896 -1.186 -1.186 -1.186 -1.186 -1.2544452 -1.256 -1.256 -0.54201838 -0.542 -0.542 -0.542 -0.542 -0.54200019 -0.81 -0.81 -0.81 -0.81 -0.35599984 -0.35599991 -0.31598903 -0.168 -0.168 -0.168 -0.0059999989 -0.006 -0.006 -0.006 -0.0058956983 -0.426 -0.426 -0.426 -0.426 -0.42597073 -0.258 -0.258 -0.258 -0.258 -0.25794225 0.458 0.458 0.458 0.45800012 0.64508104
-2.16 -2.16 -2.0690152 -1.828 -1.828 -1.828 -1.828 -1.828 -1.8959707 -1.774 -1.774 -1.774 -1.7726046 -1.2559999 -1.256 -1.256 -1.256 -1.256 -0.54200818 -0.61195444 -1.224 -1.224 -1.224 -1.1202122 -0.83849295 -0.99095332 -1.1191371 -0.356 -0.356 -0.356 -0.356 -0.356 -0.34842855 0.14310658 0.148 0.148 0.148 0.148 -0.35423978 -0.044000686 -0.044 -0.044 -0.044 0.019999185 -0.25799993 -0.258 -0.258 0.584 0.45800202 0.458 0.458 0.65 0.65
-2.16 -2.16 -1.96 -1.96 -1.96 -1.828044 -1.828 -1.828 -1.774 -1.774 -1.774 -1.774 -1.774 -1.256 -1.256 -1.256 -1.256 -1.256 -1.224 -1.224 -1.224 -1.224 -1.224 -1.166 -1.166 -1.166 -1.166 -0.356 -0.356 -0.356 -0.356 -0.356 -0.288 -0.288 0.148 0.148 0.148 0.21798808 0.218 -0.044 -0.044 -0.044 -0.043999921 0.02 0.02 0.02 0.584 0.584 0.584 0.62 0.62 0.65 0.65
-2.16 -2.16 -1.96 -1.96 -1.96 -1.96 -1.9599998 -1.916 -1.7741337 -1.774 -1.774 -1.774 -1.774 -1.2624616 -1.256 -1.256 -1.256 -1.256 -1.224 -1.224 -1.224 -1.224 -1.224 -1.166 -1.166 -1.166 -1.166 -1.1659967 -0.356 -0.356 -0.356 -0.28800357 -0.288 -0.288 -0.288 0.148 0.218 0.218 0.218 0.21110629 0.39942246 0.482 0.482 0.02 0.02 0.02 0.584 0.584 0.584 0.62 0.62 0.62 0.49059392
-2.306 -2.3059989 -1.96 -1.96 -1.96 -1.96 -1.916 -1.916 -1.916 -1.774 -1.774 -1.774 -1.774 -1.773839 -1.256 -1.256 -1.256 -1.256 -1.2240006 -1.224 -1.224 -1.224 -1.1762195 -1.166 -1.166 -1.166 -1.166 -1.192 -1.192 -1.192 -0.36496999 -0.288 -0.288 -0.288 -0.28799957 0.16599999 0.218 0.218 0.218 0.218 0.482 0.482 0.482 1.144 1.144 1.144 1.0859511 0.584 0.584 0.62 0.62 0.62 0.47399944
