interpolatedSpi/06-12|22_2.tif
NCOLS 53
NROWS 52
XLLCORNER -116.03883
YLLCORNER 28.596182
DX 0.49850594
DY 0.49788537
NODATA_VALUE -9999
[rows 0 to 27 of 52, columns 0 to 52 of 53]
-0.42142857 -0.42142857 -0.70267521 -0.92428571 -0.59857143 -0.45428571 -0.66571429 -0.70285714 -0.65364405 -0.36 -0.54571429 -0.18857143 -0.41713027 -0.26428571 -0.53571429 -0.53571429 -0.53571429 0.21571429 0.20714286 0.20714286 0.20714286 0.2071358 -0.52571428 0.14285714 0.14285714 0.14285714 -0.45428532 -0.45428571 -0.45428571 -0.37571429 -0.37571429 -0.37571429 -0.37571429 -0.16571433 -0.16571429 -0.16571429 -0.16571429 -0.16571429 -0.16571429 -0.16571426 0.80384258 0.81392383 -0.60714286 -0.60714286 -0.60714286 -0.60714286 -0.60629819 -0.09 -0.09 -0.09 -0.20142834 -0.20142857 -0.20142857
-0.42143898 -0.65571429 -0.69428568 -0.66404203 -0.50035579 -0.61857143 -0.67 -0.29045795 -0.51428571 -0.43428571 -0.39 -0.41714286 -0.41714286 0.16855189 -0.26428287 -0.53571429 0.21571429 0.21571429 0.20715403 0.20714286 0.20714286 0.20714286 0.12533651 0.14285714 0.14285714 0.14285714 -0.4828571 -0.48285714 -0.37571429 -0.37571429 -0.37571429 -0.37571429 -0.37571429 -0.16571432 -0.16571429 -0.16571429 -0.16571429 -0.16571429 -0.16571426 -0.044443875 0.58566151 -0.46239932 -0.60714286 -0.60714286 -0.60714286 -0.60714286 -0.60714286 -0.09 -0.09 -0.09 -0.099239764 -0.20142857 -0.20142857
-0.36570755 -0.36571429 -0.66142857 -0.22714286 -0.52571429 -0.57428571 -0.53285714 -0.25571429 -0.82571429 -0.31285714 -0.45428571 -0.71285714 -0.63571429 0.37714286 0.17 -0.45571429 0.21571429 0.21571429 0.21571429 0.37566528 0.37571429 0.37571429 -0.19 0.14285714 0.14285714 0.14285714 -0.48285714 -0.48285714 -0.48285714 -0.37571429 -0.37571429 -0.37571428 -0.30900599 -0.16494314 -0.16184487 0.24619061 0.25 0.25 0.29222401 0.58571428 0.58571429 0.58418892 -0.60714286 -0.60714286 -0.60714286 -0.60714286 -0.60714286 -0.09 -0.09 -0.09 -0.09 -0.20142857 -0.20142857
-0.13857143 -0.36571423 -0.11149444 0.13857143 -0.68 -0.25857143 -0.49142857 -0.7 -0.23 -0.082031269 -0.20142857 -0.14857143 -0.22142857 0.37714286 -0.20142857 -0.45571429 -0.36640287 -0.3653069 -1.2071429 0.37571429 0.37571429 -0.49571429 -0.19 -0.19 0.14285714 0.14285402 -0.48285714 -0.48285714 -0.48285714 -0.67857143 -0.4363694 -0.23714286 -0.23714286 -0.23714248 0.25 0.25 0.25 0.25 0.58571429 0.58571429 0.58571429 0.58571424 -0.60714286 -0.60714286 -0.60714286 -0.60714286 -0.60714286 -0.090006524 -0.09 -0.09 -0.09 -0.20143165 -0.20142857
-0.13857143 0.20428514 -0.11142857 -0.068693834 -0.68 -0.57142857 -0.27715083 0.30428571 -0.31142857 0.5814282 0.25451902 0.099999795 0.098571429 -0.20142857 -0.20142857 -0.37015667 -0.36571429 -0.36571429 -1.2071429 -1.2071429 0.37571248 -0.49571429 0.49714286 0.13285714 -0.19571429 -0.19553628 -0.48285714 -0.48285714 -0.67857143 -0.67857143 -0.23714286 -0.23714286 -0.23714286 -0.2239426 0.25 0.25 0.25 0.58571429 0.58571429 0.58571429 0.58571429 0.58564589 -0.60714285 -0.60714286 -0.60714286 -0.60714286 -0.60714286 -0.60253964 -0.09 -0.090009224 -0.29571429 -0.29571429 -0.29571429
-1.5485714 -0.23571429 0.015714272 -0.19857143 -0.20857143 -0.22285714 -0.36428571 -0.27868942 0.29 -0.42428571 -0.53857143 0.097142857 0.097142858 0.19 0.19 -0.37565738 -0.37571429 -0.41 -0.41 -1.2071416 -1.16 -1.16 0.13285714 -0.19571429 -0.19571429 0.56571429 -0.34285714 -0.34285714 0.057075525 -0.67857143 -0.23714286 -0.23714286 -0.16714286 -0.16708375 0.39853097 0.58285714 0.58285714 0.58483036 0.58571429 0.58571429 -0.1219734 -0.12285714 -0.12285447 -0.30121185 -0.29574871 -0.29571437 -0.2957143 -0.2957144 -0.25901048 -0.29571429 -0.29571429 -0.29571429 -0.29571429
-1.5799953 -0.031428571 0.05522846 0.19571428 -0.045714286 -0.35428571 0.055714286 0.071428571 0.06 0.06 -0.53857143 0.022857143 -0.43714278 0.19 -0.13999901 -0.14 -0.37571429 -0.0028571429 0.19571429 0.19571429 -0.857044 -0.51714286 -0.51714286 0.28999999 0.56571429 0.56571429 -0.34285714 -0.34285714 0.057119963 0.056721353 0.070173591 -0.16714286 -0.16714286 0.39857143 0.39857143 0.63576503 0.58285714 0.58285714 0.23001223 -0.12285665 -0.12285714 -0.12285714 -0.12284287 -0.29571348 -0.29571429 -0.29571429 -0.29571429 -0.29571426 -0.25857143 -0.29570693 -0.29571429 -0.29571429 -0.29571429
-1.58 -0.28714286 0.27428571 -0.24142857 0.021413502 -0.052857143 0.17285714 0.27428571 -0.0014285714 0.21714286 0.21714286 -0.14571429 -0.43714286 -0.43714286 -0.14203868 -0.54984064 -0.59 -0.012857143 -0.18857103 0.19571429 0.1780234 0.24 -0.50714286 0.27571428 0.27570809 -0.20428571 -0.16857143 -0.16857149 -0.33433766 -0.33571428 0.071428571 -0.041991679 0.29857143 0.39857143 0.40203472 0.68 0.68 0.23 0.23 -0.12285714 -0.12285714 -0.12285712 -0.14879262 -0.15142858 -0.29571429 -0.29571429 -0.29571429 -0.25857284 -0.25857143 -0.25857143 -0.29571429 -0.29571429 -0.29571429
-0.3794726 -0.28714286 -0.14571429 0.21857143 0.21 0.07 0.46714286 0.87428571 0.31142857 0.38205876 0.16857143 -0.18571428 -0.18571429 0.47285714 0.47285129 -0.85354913 -0.85428571 -0.85428571 -0.0396802 -0.28142862 -0.49 -0.48999999 -0.11285714 -0.35176134 -0.15591439 -0.20428571 0.072857143 -0.16857143 -0.15152819 -0.15142857 -0.13714286 0.83285714 0.31912992 0.08 0.52 0.53428571 0.63571429 -0.077142857 0.77532047 -0.1178896 0.99 0.26428572 -0.15134112 -0.15142857 -0.15224069 -0.29571429 -0.41571428 -0.25857143 -0.25857143 -0.25857143 -0.25857143 -0.30976584 -0.49
-0.89571429 -0.89571429 0.15714286 0.29857143 0.14142857 0.66857143 0.57285714 0.61285714 0.42714286 0.40001658 0.54857143 0.59428571 0.47285714 0.47285714 -0.15 -0.1596596 -0.85428571 -0.8540958 -0.01 -0.28142857 -0.28142857 -0.30829957 -0.11285714 -0.26142576 -0.26142857 -0.26142857 0.072857143 0.40428571 0.40428571 -0.15142857 -0.15142857 0.8309226 -0.18714286 0.08 0.13428571 0.53428571 0.63571429 0.64142857 0.77571429 0.26133105 0.26428575 0.30889121 0.38571429 -0.15142857 -0.15142857 -0.41571429 -0.41571429 -0.41571429 -0.25857143 -0.25857143 -0.40857143 -0.40857143 -0.40857146
-0.89571429 -0.89571429 -0.50285714 -0.65142857 -0.10285714 0.23571429 0.24428572 0.5400549 0.75714286 0.60285714 0.34285714 0.15571429 0.59370167 -0.15 -0.15 -0.14999539 -0.11 -0.10475153 -0.01 -0.29857143 -0.29857143 -0.29714286 -0.29714286 -0.26142857 -0.26142857 -0.26142857 0.40428571 0.40428571 0.40428571 -0.63428571 -0.63428571 -0.63428498 -0.061428571 -0.061428571 -0.30857143 -0.70571429 0.53857143 0.15428659 0.33428571 0.25285714 0.25285714 -0.10142697 0.38571429 -0.15142857 -0.0014289063 -0.41285714 0.16747746 0.17 0.15142857 0.15142857 -0.40857143 -0.40857143 -0.40857143
-0.89571429 -0.72610367 -0.56625787 -0.55285282 0.22428571 0.17 0.24428571 0.54 0.75714104 0.60456644 0.15571487 0.15571429 0.19857143 -0.15 -0.15 -0.11 -0.11 -0.10999431 -0.01 -0.29857143 -0.29829089 -0.29714286 -0.29714286 -0.26142964 -0.26142857 -0.1646911 0.032857143 0.032857143 0.032857189 -0.63428571 -0.63428571 -0.27714286 -0.27714286 -0.061429249 -0.30857143 -0.085714304 0.49344279 0.15428571 0.15428571 0.25285713 -0.10142857 -0.10142857 -0.10142777 -0.0014285714 -0.0014285714 -0.41285714 0.17 0.17 0.15142857 0.15142857 -0.40857143 -0.40857143 -0.40857143
0.072857143 0.021743608 0.068544814 0.064078856 0.2242853 0.17000128 0.24428571 0.53635993 0.74217949 0.75311405 0.19857143 0.19857143 0.19857143 0.19857143 -0.14995062 -0.11 -0.11 -0.10870884 -0.01 -0.29845554 0.095714286 0.095714286 0.095714286 0.095714286 -0.25513926 0.032857143 0.032857143 0.032857143 0.032857143 0.032434795 -0.27714286 -0.27714286 -0.27714286 -0.27714286 -0.085714286 -0.085714286 -0.085714286 0.14283368 0.15034805 -0.37 -0.37 -0.10144302 -0.20285025 -0.0014479726 -0.0014285714 -0.41285714 0.17 0.17 0.15142857 0.15142857 -0.40653981 -0.40857143 -0.10960408
0.072857143 0.068571429 0.068571429 0.068571429 0.068571429 0.068571472 0.24409556 0.38423489 0.7022586 0.19916916 0.19857143 0.19857143 0.19857143 0.19857143 0.19857161 -0.11 -0.10999998 -0.10314068 -0.010001052 0.095714286 0.095714286 0.095714286 0.095714286 0.095714286 0.093459699 -0.041548583 -0.087142832 -0.087142857 -0.087142857 -0.087142857 -0.27714286 -0.27714286 -0.2771431 -0.47714286 -0.47714286 -0.085714286 -0.38848257 -0.39714286 -0.37000002 -0.37 -0.37 -0.37 -0.20285714 -0.20285714 -0.20285714 -0.20431855 0.38702827 0.38857143 0.38857143 0.38857143 0.38857142 0.85285688 0.85285714
0.40285714 0.068571429 0.068571429 0.068571429 0.068571429 0.068571429 0.06857144 0.22440597 0.45103415 0.45 0.45 0.45 0.45 0.45 0.45 0.20919654 -0.10500355 -0.096306583 0.09570096 0.095714286 0.095714286 0.095714286 0.095714286 0.095714379 -0.0085714286 -0.0085714286 -0.008571539 -0.087142857 -0.087142857 -0.087406035 -0.21857143 -0.21857143 -0.47714286 -0.47714286 -0.47714286 -0.40995797 -0.39714286 -0.39714286 -0.39714286 -0.37 -0.37 -0.37 -0.20285714 -0.20285714 -0.20285714 -0.20285714 0.38857142 0.38857143 0.38857143 0.38857143 0.38857143 0.85285714 0.85285714
0.40285714 0.27840637 0.068571429 0.068571429 0.068571429 0.068571429 1.3458235e-05 -1.5816956e-17 1.1095938e-08 0.45 0.45 0.45 0.45 0.45 0.39579371 0.20428571 0.20428571 0.20428571 0.17547074 0.1757142 0.17571429 0.17571429 0.17571429 0.17571429 -0.0085714286 -0.0085714286 -0.0085714286 -0.0085714286 -0.087142857 -0.21857143 -0.21857143 -0.21857143 -0.47714283 -0.47714286 -0.47714286 -0.35 -0.39708044 -0.39714286 -0.39714286 -0.37002269 -0.41530299 -0.52097598 -0.20285714 -0.20285714 -0.22849207 -0.22857143 -0.22857143 0.38713789 -0.47981189 -0.48285707 -0.48285698 -0.26840174 0.85285486
0.40285714 -0.11151822 -0.029746087 0.068571429 0.068571429 4.051525e-05 -1.5860329e-17 -1.5860329e-17 -1.5860329e-17 0.0032428289 0.45 0.45 0.45 0.44999997 0.20428571 0.20428571 0.20428571 0.20428571 0.17573981 0.17571429 0.17571429 0.17571429 0.17571429 0.17571429 -0.0085714243 -0.0085714286 -0.0085714286 -0.0085714286 -0.0093352728 -0.21857143 -0.21857143 -0.21857143 -0.19857143 -0.4771232 -0.35 -0.35 -0.35 -0.3503804 -0.51355621 -0.52142857 -0.52142857 -0.52142857 -0.54857143 -0.54857143 -0.22857143 -0.22857143 -0.22857143 -0.48285714 -0.48285714 -0.48285714 -0.48285714 -0.26857143 -0.26857143
-0.12531495 -0.12571429 -0.12571429 -0.12571429 -0.15571429 -4.0167376e-06 -1.5860329e-17 -1.5860329e-17 -1.5860329e-17 -1.5851865e-17 0.46438438 0.45000248 0.45000001 0.20428571 0.20428571 0.20428571 0.20428571 0.20428571 0.19356862 0.17571429 0.17571429 0.17571429 0.17571429 0.17571429 -0.082558207 -0.35856953 -0.35857143 -0.35857143 -0.35857143 -0.21857143 -0.19857143 -0.19857143 -0.19857143 -0.19857143 -0.35 -0.3500009 -0.38428571 -0.38428571 -0.51971614 -0.52142857 -0.52142857 -0.52142857 -0.54857143 -0.54857143 -0.27811845 -0.22857143 -0.22857143 -0.48285714 -0.48285714 -0.48285714 -0.48055944 -0.26857143 -0.26857143
-0.12571429 -0.12571429 -0.12571429 -0.13984173 -0.15571429 -0.15571429 -1.586033e-17 -1.5860329e-17 -1.5860329e-17 2.3763285e-13 0.64 0.64 0.64 0.20428571 0.20428571 0.20428571 0.20428571 0.20427037 0.07 0.07 0.17571424 0.17571429 0.16580207 -0.23142857 -0.23257318 -0.35857143 -0.35857143 -0.35857143 -0.35857143 -0.19858772 -0.19857143 -0.19857143 -0.19857143 -0.19857143 -0.38428559 -0.38428571 -0.38428571 -0.38428571 -0.38476675 -0.52142857 -0.52142857 -0.52142857 -0.54857143 -0.54857143 -0.54857143 -0.22857143 -0.22857143 -0.48285714 -0.48285714 -0.48285714 -0.26857143 -0.26857143 -0.26857143
-0.12571429 -0.12571429 -0.12571429 -0.15571429 -0.15571429 -0.15571429 -0.15571405 -1.5860329e-17 -1.5860329e-17 0.63933934 0.64 0.64 0.64 0.63972853 0.12912506 0.11142857 0.11142857 0.11142857 0.07 0.07 0.07 -0.23142857 -0.23142857 -0.23142857 -0.2314986 -0.42301299 -0.35857143 -0.35857143 -0.35857143 -0.15928779 -0.14571948 -0.14571429 -0.14571429 -0.14571429 -0.37448054 -0.36142862 -0.36142857 -0.36142857 -0.36142857 -0.67569318 -0.67571429 -0.67571429 -0.54857143 -0.54857143 -0.67714232 -0.67714272 -0.28428571 -0.28428571 -0.25571429 -0.25571429 -0.25571429 -0.26857143 0.19387186
-0.12571417 -0.12571429 -0.12571429 -0.15571429 -0.15571429 -0.15571429 -0.15571428 0.10571425 0.00042268708 0.63956863 0.64 0.64 0.64 0.6389628 0.11142857 0.11142857 0.11142857 0.11142856 0.07 0.07 0.07 -0.23142857 -0.23142857 -0.23142857 -0.48142857 -0.48142857 -0.39 -0.39 -0.39 -0.38866734 -0.14571429 -0.14571429 -0.14571429 -0.14571429 -0.25351225 -0.36142857 -0.36142857 -0.36142857 -0.36142857 -0.67571429 -0.67571429 -0.67571429 -0.67575923 -0.67714286 -0.67714286 -0.67714286 -0.28428571 -0.28428571 -0.25571429 -0.25571429 -0.25571429 0.1942857 0.19428571
-0.09 -0.10952603 -0.20142857 -0.20141531 -0.15571429 0.10420167 0.10571429 0.10571429 0.13070025 0.16428571 0.16428571 0.16428571 0.16428571 0.28713886 0.28714286 0.11142871 0.11142857 0.11033699 0.07 0.07 0.07 -0.62142857 -0.62142857 -0.62142857 -0.48142857 -0.48142857 -0.39 -0.39 -0.39 -0.39000003 -0.43285532 -0.43285634 -0.15293119 -0.14602212 -0.67938943 -0.68 -0.68 -0.68 -0.68 -0.67571429 -0.67571429 -0.67571429 -0.67706421 -0.67714286 -0.67714286 -0.67714284 -0.28428571 -0.28428571 -0.28428469 -0.25571429 -0.25569755 0.11857143 0.19428571
-0.16855651 -0.16857143 -0.20142857 -0.20142857 -0.20142857 0.10571429 0.10571429 0.10571429 0.17428571 0.17428571 0.16428571 0.16428571 0.16428571 0.28714286 0.28714286 0.28714286 0.28714286 0.28711809 0.07 0.07 0.069999973 -0.62142857 -0.62142857 -0.62142857 -0.48142857 -0.48142857 -0.39 -0.39 -0.39 -0.43237393 -0.43285714 -0.43285714 -0.43285714 -0.43285714 -0.67987805 -0.68 -0.68 -0.68 -0.68 -0.69857142 -0.69857143 -0.69857143 -0.69857143 -0.67714232 -0.60714286 -0.60714286 -0.60714286 -0.098571429 -0.098571429 -0.098571429 0.11857143 0.11857143 0.11857143
-0.16857143 -0.16857143 -0.20142857 -0.20142857 -0.20142857 0.10409989 0.10571429 0.17428571 0.17428571 0.17428571 0.16428695 0.16428571 0.12926608 0.28714282 0.28714286 0.28714286 0.28714286 0.028571429 0.028571429 0.028571429 -0.68571428 -0.68571424 -0.62142888 -0.62142857 -0.62145871 -0.73857143 -0.73857143 -0.7385706 -0.39005633 -0.88276746 -0.88285475 -0.88277858 -0.43362624 -0.43324549 -0.63627507 -0.6800001 -0.68089047 -0.94571429 -0.94571429 -0.69857143 -0.69857143 -0.69857143 -0.69857143 -0.60714286 -0.60714286 -0.60714286 -0.60714286 -0.098571429 -0.098571429 -0.098571429 0.11857143 0.11857143 0.11857143
-0.16857143 -0.16857143 -0.20142857 -0.20142857 -0.20142857 -0.20142857 0.13137857 0.17428571 0.17428571 0.17428571 0.17425652 0.12142857 0.12142857 0.12142857 0.28616626 0.28714286 0.030294485 0.028571429 0.028571429 0.028571429 -0.68571429 -0.68571429 -0.68571429 -0.68571429 -0.73857143 -0.73857143 -0.73857143 -0.73857143 -0.73857143 -0.88285714 -0.88285714 -0.88285714 -0.88285714 -0.88285697 -0.8 -0.94571429 -0.94571429 -0.94571429 -0.94571429 -0.94571376 -0.82 -0.82 -0.82 -0.702387 -0.45857143 -0.45857143 -0.45857143 -0.098571439 -0.09857158 -0.25428571 -0.25428571 -0.0071122739 -0.0071428571
-0.16857143 -0.16857143 -0.18956945 -0.20142857 -0.20142857 -0.20142856 0.16287742 0.1742497 0.17428571 0.17428571 0.1214286 0.12142857 0.12142857 0.12142857 0.12142857 0.13499782 0.028571429 0.028571429 0.028571429 0.028571429 -0.68570876 -0.68571429 -0.68571429 -0.68571429 -0.73857143 -0.73857143 -0.73857143 -0.73857143 -0.73857143 -0.92719453 -0.88285714 -0.88285714 -0.88285714 -0.8 -0.8 -0.80011315 -0.94571429 -0.94571429 -1.0180715 -1.0742857 -0.82 -0.82 -0.82 -0.70381291 -0.45857143 -0.45857143 -0.45857143 -0.61428571 -0.25877128 -0.25428571 -0.25428571 -0.0071428571 -0.0071428571
0.18428571 0.18428571 0.18428571 -0.1047194 -0.20090135 0.16285714 0.16285714 0.16285714 0.16285714 0.24857143 0.24857143 0.12142858 0.12142857 0.12142857 0.12142857 0.12142269 0.028571429 0.028571429 0.028571429 0.028571429 -0.37402317 -0.68571429 -0.68571429 -0.6741993 -0.26766066 -0.73857143 -0.73857143 -0.73857143 -0.94285714 -0.94285714 -0.94285714 -0.94285689 -0.8 -0.8 -0.8 -0.8 -1.0742857 -1.0742857 -1.0742857 -1.0742857 -0.85571429 -0.85571429 -0.85571429 -0.43857982 -0.43857143 -0.43857143 -0.43857143 -0.61428571 -0.61428571 -0.25472435 -0.25428571 -0.0071445426 -0.0071428571
0.18428571 0.18428571 0.18428571 0.18428425 0.15714286 0.15797381 0.16285714 0.16285714 0.16285714 0.24857143 0.24857143 0.24857143 0.094285716 0.094285714 0.094285714 0.094285722 0.029332944 0.028571429 0.028571429 0.028571429 0.017764338 -0.24571549 -0.24571429 -0.24571429 -0.24571429 -0.2457143 -0.66 -0.66 -0.94285714 -0.94285714 -0.94285714 -0.94285714 -0.79999992 -0.8 -0.8 -0.79999116 -1.0742857 -1.0742857 -1.0742857 -1.0732141 -0.85571429 -0.85571429 -0.85571429 -0.43859077 -0.43857143 -0.43857143 -0.43857143 -0.61428571 -0.61428571 -0.61428568 -0.34142857 -0.34142857 -0.21428571
