interpolatedSpi/06-12|20_1.tif
NCOLS 53
NROWS 52
XLLCORNER -116.03883
YLLCORNER 28.596182
DX 0.49850594
DY 0.49788537
NODATA_VALUE -9999
[rows 0 to 34 of 52, columns 0 to 52 of 53]
-0.0375 -0.0375 -0.051124994 -0.45125 -0.08875 0.0075 0.3 0.33625 -0.050025726 -0.15375 -0.18 0.10375 -0.056234869 0.1275 -0.06875 -0.06875 -0.06875 0.0975 0.2125 0.2125 0.2125 0.21249813 0.018750002 0.19625 0.19625 0.19625 0.50374897 0.50375 0.50375 0.145 0.145 0.145 0.145 -0.20624993 -0.20625 -0.20625 -0.20625 -0.20625 -0.20625 -0.20624995 1.4657403 1.4835122 0.55125 0.55125 0.55125 0.55125 0.55096825 0.37875 0.37875 0.37875 0.8099991 0.81 0.81
-0.037510275 -0.26875 -0.057499697 -0.021012824 0.0573836 0.27 0.24875 0.077679421 -0.23375 -0.01875 0.02875 -0.05625 -0.05625 0.19602076 0.1274991 -0.06875 0.0975 0.0975 0.21235006 0.2125 0.2125 0.2125 0.17111579 0.19625 0.19625 0.19625 -0.23374997 -0.23375 0.145 0.145 0.145 0.145 0.145 -0.20624995 -0.20625 -0.20625 -0.20625 -0.20625 -0.20624993 -0.11032852 0.32125444 0.52334155 0.55125 0.55125 0.55125 0.55125 0.55125 0.37875 0.37875 0.37875 0.41450966 0.81 0.81
0.042496169 0.0425 0.205 0.475 0.20875 0.00625 0.17125 -0.075 0.0425 0.02625 0.10625 -0.2425 -0.27125 -0.11375 0.19625 0.365 0.0975 0.0975 0.0975 0.10503125 0.105 0.105 -0.28125 0.19625 0.19625 0.19625 -0.23375 -0.23375 -0.23375 0.145 0.145 0.14499996 -0.23650955 -0.20470584 -0.19732609 0.74371452 0.7525 0.7525 0.69826012 0.32125 0.32125 0.32154411 0.55125 0.55125 0.55125 0.55125 0.55125 0.37875 0.37875 0.37875 0.37875 0.81 0.81
0.31875 0.042500044 0.25997243 0.4 0.145 0.09125 0.4275 -0.2175 0.1875 0.092960498 0.05 -0.09375 -0.28375 -0.11375 0.03125 0.365 -0.33460608 -0.33969346 -0.305 0.105 0.105 -0.4325 -0.28125 -0.28125 0.19625 0.19624785 -0.23375 -0.23375 -0.23375 -0.6975 -0.67006611 -0.6475 -0.6475 -0.6474989 0.7525 0.7525 0.7525 0.7525 0.32125 0.32125 0.32125 0.32125001 0.55125 0.55125 0.55125 0.55125 0.55125 0.37875218 0.37875 0.37875 0.37875 0.80994913 0.81
0.31875 0.24375003 0.26 0.43657714 0.145 0.47125 0.097539217 0.15625 -0.1925 0.18999995 0.0073060672 -0.081226008 0.08625 0.03125 0.03125 0.24348504 -0.34 -0.34 -0.305 -0.305 0.10499891 -0.4325 -0.3825 -0.245 -0.235 -0.23494972 -0.23375 -0.23375 -0.6975 -0.6975 -0.6475 -0.6475 -0.6475 -0.54708481 0.7525 0.7525 0.7525 0.32125 0.32125 0.32125 0.32125 0.32122526 0.55124999 0.55125 0.55125 0.55125 0.55125 0.54971454 0.37875 0.3786995 -0.7475 -0.7475 -0.7475
-0.69125 0.1775 0.58 0.535 0.5 0.60375 0.40875 0.37642277 0.2075 0.01 0.36375 -0.23625 -0.23624979 0.215 0.215 -0.16496861 -0.165 -0.16625 -0.16625 -0.3049998 -0.55375 -0.55375 -0.245 -0.235 -0.235 -0.02 -0.46125 -0.46125 -0.2425413 -0.6975 -0.6475 -0.6475 -0.115 -0.11502207 -0.32623489 -0.37 -0.37 0.10739603 0.32125 0.32125 0.065319599 0.065000001 0.065000529 -0.46793528 -0.48613533 -0.48624972 -0.48624996 -0.48624961 -0.68592888 -0.7475 -0.7475 -0.7475 -0.7475
-0.11000151 0.1225 -0.27498297 0.27875 0.59 0.1725 0.35875 0.45375 0.1975 0.1975 0.36375 0.0025 0.20749993 0.215 -0.034999251 -0.035 -0.165 0.105 -0.0725 -0.0725 -0.54255746 -0.53 -0.53 -0.22375 -0.02 -0.02 -0.46125 -0.46125 -0.24249949 -0.24249061 -0.11661278 -0.115 -0.115 -0.32625 -0.32625 -0.54768881 -0.37 -0.37 -0.59624216 0.064999079 0.065 0.065 0.065001879 -0.48624947 -0.48625 -0.48625 -0.48625 -0.48625014 -0.7125 -0.74749306 -0.7475 -0.7475 -0.7475
-0.11 -0.365 -0.0475 -0.39 -0.59873803 -0.2275 0.38 -0.077499991 0.11375 0.2475 0.2475 -0.0475 0.2075 0.2075 -0.033336225 -0.11355279 -0.12125 0.11 -0.32124974 -0.0725 -0.48061079 -0.4475 -0.6675 -0.5275 -0.52750216 -0.695 -0.60125 -0.60124995 -0.23378066 -0.23375 -0.11625 -0.30811692 -0.23875 -0.32625 -0.33174033 -0.69625 -0.69625 -0.59625 -0.59625 0.065 0.065 0.065000005 -0.38998469 -0.39125 -0.48625 -0.48625 -0.48625 -0.71249139 -0.7125 -0.7125 -0.7475 -0.7475 -0.7475
-0.40179102 -0.36499999 0.02125 -0.32375 -0.05 -0.12375 0.09375 0.25 0.4275 0.40756406 0.29625 0.17 0.17 -0.04 -0.039999024 -0.22097129 -0.22125 -0.22125 0.044169024 -0.61375005 -0.8375 -0.8375 -0.505 -0.60346142 -0.67812042 -0.695 -0.5725 -0.60125 -0.55278329 -0.5525 -0.3275 -0.1325 -0.24582214 -0.64125 -0.51875 -0.59 -0.53625 -0.8275 -0.65507965 0.066021088 0.29375 -0.25125 -0.39122599 -0.39125 -0.39178471 -0.48625 -0.83874998 -0.7125 -0.7125 -0.7125 -0.7125 -0.7216647 -0.16125
-0.6075 -0.6075 -0.265 -0.15875 -0.19125 0.03 0.15125 0.2525 0.43125 0.40251729 0.22 0.38625 -0.04 -0.04 0.06375 0.059841096 -0.22125 -0.22121181 -0.03875 -0.61375 -0.61375 -0.6425765 -0.505 -0.51749976 -0.5175 -0.5175 -0.5725 -0.29875 -0.29875 -0.5525 -0.5525 -0.13292674 -0.3575 -0.64125 -0.31375 -0.59 -0.53625 -0.65375 -0.655 -0.036440123 -0.25124998 -0.24849495 -0.24375 -0.39125 -0.39125 -0.83875 -0.83875 -0.83875 -0.7125 -0.7125 -0.54 -0.54 -0.53999986
-0.6075 -0.6075 -0.35875 -0.30125 -0.62625 -0.05375 -0.16375 0.23485978 0.1425 0.0325 0.13875 -0.25875 0.38539068 0.06375 0.06375 0.06372116 -0.18625 -0.17850851 -0.03875 -0.36 -0.36 -0.4375 -0.4375 -0.5175 -0.5175 -0.5175 -0.29875 -0.29875 -0.29875 -0.765 -0.765 -0.76499933 -0.6225 -0.6225 -0.47875 -0.67875 -0.51875 -0.31999849 -0.59875 -0.02625 -0.02625 0.17624862 -0.24375 -0.39125 -0.32625015 -0.51375 -0.44794041 -0.44625 -0.44125 -0.44125 -0.54 -0.54 -0.54
-0.6075 -0.50005888 -0.3342127 -0.49749723 -0.19875 -0.51875 -0.16375 0.235 0.14250077 0.033718667 -0.25874962 -0.25875 0.03625 0.06375 0.06375 -0.18624999 -0.18625 -0.18624161 -0.03875 -0.36 -0.37521942 -0.4375 -0.4375 -0.51749662 -0.5175 -0.60337799 -0.77875 -0.77875 -0.77874994 -0.765 -0.765 -0.73125 -0.73125 -0.62249961 -0.47875 -0.50750015 -0.45841685 -0.32 -0.32 -0.026249993 0.17625 0.17625 0.1762463 -0.32625 -0.32625 -0.51375 -0.44625 -0.44625 -0.44125 -0.44125 -0.54 -0.54 -0.54
-0.02125 0.073710016 0.10998455 0.10560112 -0.19875173 -0.51874244 -0.16375001 0.23009162 0.1488742 0.13962761 0.03625 0.03625 0.03625 0.03625 0.063746104 -0.18625 -0.18625 -0.18434554 -0.03875 -0.3599723 -0.27125 -0.27125 -0.27125 -0.27125 -0.5135562 -0.77875 -0.77875 -0.77875 -0.77875 -0.77872919 -0.73125 -0.73125 -0.73125 -0.73125 -0.5075 -0.5075 -0.5075 -0.32883357 -0.31877015 -0.15625 -0.15625 0.17623212 -0.13125668 -0.32623122 -0.32625 -0.51375 -0.44625 -0.44625 -0.44125 -0.44125 -0.53964175 -0.54 0.031540538
-0.02125 0.11 0.11 0.11 0.11 0.10999974 -0.16465867 0.024911653 0.16587993 0.036361646 0.03625 0.03625 0.03625 0.03625 0.036249824 -0.18625 -0.18624998 -0.17613251 -0.038752809 -0.27125 -0.27125 -0.27125 -0.27125 -0.27125 -0.2754943 -0.72188539 -0.73250001 -0.7325 -0.7325 -0.7325 -0.73125 -0.73125 -0.73125004 -0.765 -0.765 -0.5075 -0.27174351 -0.265 -0.15625006 -0.15625 -0.15625 -0.15625 -0.13125 -0.13125 -0.13125 -0.13391185 -0.27240263 -0.27125 -0.27125 -0.27125 -0.27125 0.11749986 0.1175
0.01875 0.11 0.11 0.11 0.11 0.11 0.10999998 -0.18227845 -0.20432425 -0.20625 -0.20625 -0.20625 -0.20625 -0.20625 -0.20625 -0.20502283 -0.18653444 -0.16605234 -0.27122082 -0.27125 -0.27125 -0.27125 -0.27125 -0.27125015 -0.4675 -0.4675 -0.46750037 -0.7325 -0.7325 -0.73209951 -0.5325 -0.5325 -0.765 -0.765 -0.765 -0.3450945 -0.265 -0.265 -0.265 -0.15625 -0.15625 -0.15625 -0.13125 -0.13125 -0.13125 -0.13125 -0.27125 -0.27125 -0.27125 -0.27125 -0.27125 0.1175 0.1175
0.01875 0.052721338 0.11 0.11 0.11 0.11 -0.46238764 -0.4625 -0.46249999 -0.20625 -0.20625 -0.20625 -0.20625 -0.20625 -0.20597424 -0.205 -0.205 -0.205 -0.39586909 -0.39624987 -0.39625 -0.39625 -0.39625 -0.39625 -0.4675 -0.4675 -0.4675 -0.4675 -0.7325 -0.5325 -0.5325 -0.5325 -0.76499998 -0.765 -0.765 -0.1275 -0.26481795 -0.265 -0.265 -0.15623507 -0.12633293 -0.056548878 -0.13125 -0.13125 -0.16115742 -0.16125 -0.16125 -0.2710299 -0.1379674 -0.13750001 -0.13750003 -0.11871425 0.11749952
0.01875 -0.06639994 0.019544271 0.11 0.11 -0.46216174 -0.4625 -0.4625 -0.4625 -0.46065339 -0.20625 -0.20625 -0.20625 -0.20625 -0.205 -0.205 -0.205 -0.205 -0.39607916 -0.39625 -0.39625 -0.39625 -0.39625 -0.39625 -0.4675 -0.4675 -0.4675 -0.4675 -0.46773643 -0.5325 -0.5325 -0.5325 -0.26750001 -0.76492314 -0.1275 -0.1275 -0.1275 -0.12766138 -0.069467776 -0.05625 -0.05625 -0.05625 -0.1675 -0.1675 -0.16125 -0.16125 -0.16125 -0.1375 -0.1375 -0.1375 -0.1375 -0.11875 -0.11875
-0.068655108 -0.06875 -0.06875 -0.068750003 -0.36125 -0.46249739 -0.4625 -0.4625 -0.4625 -0.4625 -0.20956233 -0.20625057 -0.20625 -0.205 -0.205 -0.205 -0.205 -0.205 -0.254398 -0.39625 -0.39625 -0.39625 -0.39625 -0.39625 -0.38310444 -0.30750087 -0.3075 -0.3075 -0.3075 -0.53249999 -0.2675 -0.2675 -0.2675 -0.2675 -0.1275 -0.12750036 -0.14125 -0.14125 -0.057311352 -0.05625 -0.05625 -0.05625 -0.1675 -0.1675 -0.16221772 -0.16125 -0.16125 -0.1375 -0.1375 -0.1375 -0.13729895 -0.11875 -0.11875
-0.06875 -0.06875 -0.06875 -0.20649261 -0.36125 -0.36125 -0.4625 -0.4625 -0.4625 -0.4625 -0.25 -0.25 -0.25 -0.205 -0.205 -0.205 -0.205 -0.2050754 -0.75 -0.75 -0.39625014 -0.39625 -0.40133218 -0.605 -0.60232174 -0.3075 -0.3075 -0.3075 -0.3075 -0.26750407 -0.2675 -0.2675 -0.2675 -0.2675 -0.14124995 -0.14125 -0.14125 -0.14125 -0.14094271 -0.05625 -0.05625 -0.05625 -0.1675 -0.1675 -0.1675 -0.16125 -0.16125 -0.1375 -0.1375 -0.1375 -0.11875 -0.11875 -0.11875
-0.06875 -0.06875 -0.06875 -0.36125 -0.36125 -0.36125 -0.36125015 -0.4625 -0.4625 -0.25021936 -0.25 -0.25 -0.25 -0.24997197 -0.57429898 -0.66125 -0.66125 -0.66125 -0.75 -0.75 -0.75 -0.605 -0.605 -0.605 -0.60497304 -0.41306052 -0.3075 -0.3075 -0.3075 -0.092589086 -0.051271269 -0.05125 -0.05125 -0.05125 -0.080923218 0.0037496707 0.00375 0.00375 0.00375 -0.13498922 -0.135 -0.135 -0.1675 -0.1675 0.06249904 0.062499973 -0.015 -0.015 0.0075 0.0075 0.0075 -0.11875 0.22344376
-0.068749845 -0.06875 -0.068750011 -0.36125 -0.36125 -0.36125 -0.36125 -0.50374999 -0.46266493 -0.25014622 -0.25 -0.25 -0.25 -0.25080699 -0.66125 -0.66125 -0.66125 -0.66125003 -0.75 -0.75 -0.75 -0.605 -0.605 -0.605 -0.50875 -0.50875 -0.43875 -0.43875 -0.43875 -0.43663607 -0.05125 -0.05125 -0.05125 -0.05125 -0.023765148 0.00375 0.00375 0.00375 0.00375 -0.135 -0.135 -0.135 -0.12878589 0.0625 0.0625 0.0625 -0.015 -0.015 0.0075 0.0075 0.0075 0.22374999 0.22375
-0.01875 -0.050753911 -0.305 -0.30501632 -0.36125 -0.5029255 -0.50375 -0.50375 -0.47505518 -0.41125 -0.41125 -0.41125 -0.41125 -0.81498686 -0.815 -0.66125012 -0.66125 -0.66358843 -0.75 -0.75 -0.75 -0.70125 -0.70125 -0.70125 -0.50875 -0.50875 -0.43875 -0.43875 -0.43875 -0.43874969 -0.0087502701 -0.0087501194 -0.050181826 -0.051204437 -0.28473113 -0.285 -0.285 -0.285 -0.285 -0.135 -0.135 -0.135 0.051624838 0.0625 0.0625 0.06249996 -0.015 -0.015 -0.01499919 0.0075 0.0075121852 0.28 0.22375
-0.26495324 -0.26500001 -0.305 -0.305 -0.305 -0.50375 -0.50375 -0.50375 -0.425 -0.425 -0.41125 -0.41125 -0.41125 -0.815 -0.815 -0.815 -0.815 -0.8149922 -0.75 -0.75 -0.75 -0.70125 -0.70125 -0.70125 -0.50875 -0.50875 -0.43875 -0.43875 -0.43875 -0.013598281 -0.00875 -0.00875 -0.00875 -0.00875 -0.28486369 -0.285 -0.285 -0.285 -0.285 -0.42624992 -0.42625 -0.42625 -0.42625 0.062498264 -0.16375 -0.16375 -0.16375 0.065 0.065 0.065 0.28 0.28 0.28
-0.265 -0.265 -0.305 -0.305 -0.305 -0.50270533 -0.50375 -0.425 -0.425 -0.425 -0.41125169 -0.41125 -0.7401427 -0.815 -0.815 -0.815 -0.815 -0.96125 -0.96125 -0.96125 -0.825 -0.82499991 -0.7012506 -0.70125 -0.70121448 -0.7325 -0.7325 -0.7324993 -0.43879747 -0.10997982 -0.10999946 -0.10998232 -0.0089230468 -0.0088373777 -0.2358649 -0.28500002 -0.28515081 -0.33 -0.33 -0.42625 -0.42625 -0.42625 -0.42625 -0.16375 -0.16375 -0.16375 -0.16375 0.065 0.065 0.065 0.28 0.28 0.28
-0.265 -0.265 -0.305 -0.305 -0.305 -0.305 -0.47427618 -0.425 -0.425 -0.425 -0.42521474 -0.81375 -0.81375 -0.81375 -0.81499263 -0.815 -0.96027543 -0.96125 -0.96125 -0.96125 -0.825 -0.825 -0.825 -0.825 -0.7325 -0.7325 -0.7325 -0.7325 -0.7325 -0.11 -0.11 -0.11 -0.11 -0.11000034 -0.2725 -0.33 -0.33 -0.33 -0.33 -0.33000036 -0.4275 -0.4275 -0.4275 -0.35184103 -0.195 -0.195 -0.195 0.064999993 0.065000095 0.1625 0.1625 0.050055954 0.05
-0.265 -0.265 -0.29056281 -0.305 -0.305 -0.30500002 -0.98400626 -0.42676481 -0.425 -0.425 -0.81375002 -0.81375 -0.81375 -0.81375 -0.81375 -0.8138744 -0.96125 -0.96125 -0.96125 -0.96125 -0.82500105 -0.825 -0.825 -0.825 -0.7325 -0.7325 -0.7325 -0.7325 -0.7325 -0.43791191 -0.11 -0.11 -0.11 -0.2725 -0.2725 -0.27254465 -0.33 -0.33 -0.25472837 -0.19625001 -0.4275 -0.4275 -0.4275 -0.35225628 -0.195 -0.195 -0.195 0.035 0.16091136 0.1625 0.1625 0.05 0.05
-0.775 -0.775 -0.775 -0.42284192 -0.30605748 -0.985 -0.985 -0.985 -0.985 -0.93125 -0.93125 -0.81375001 -0.81375 -0.81375 -0.81375 -0.81375935 -0.96125 -0.96125 -0.96125 -0.96125 -0.88445508 -0.825 -0.825 -0.821238 -0.68353211 -0.7325 -0.7325 -0.7325 -0.55375 -0.55375 -0.55375 -0.55374814 -0.2725 -0.2725 -0.2725 -0.2725 -0.19625 -0.19625 -0.19625 -0.19625 -0.42125 -0.42125 -0.42125 -0.040007665 -0.04 -0.04 -0.040000049 0.035 0.035 0.16234465 0.1625 0.049998733 0.05
-0.775 -0.775 -0.775 -0.77501346 -1.025 -1.0191833 -0.985 -0.985 -0.985 -0.93125 -0.93125 -0.93125 -0.83625 -0.83625 -0.83625 -0.83625 -0.96092714 -0.96125 -0.96125 -0.96125 -0.95917612 -0.68125039 -0.68125 -0.68125 -0.68125 -0.68125 -0.54625 -0.54625 -0.55375 -0.55375 -0.55375 -0.55375 -0.2725001 -0.2725 -0.2725 -0.2725113 -0.19625 -0.19625 -0.19625 -0.19606356 -0.42125 -0.42125 -0.42125 -0.04001768 -0.04 -0.04 -0.04 0.035 0.035 0.034999968 -0.20125 -0.20125 -0.28625
-0.775 -0.775 -0.775 -1.0249994 -1.025 -1.025 -0.98500002 -0.985 -0.985 -0.93125 -0.93125 -0.93125 -0.83625 -0.83625 -0.83625 -0.83234682 -0.785 -0.785 -0.78500046 -0.96025449 -0.68125 -0.68125 -0.68125 -0.68125 -0.68125 -0.68114841 -0.54625 -0.54625 -0.54625 -0.55375 -0.55375 -0.55367357 -0.41125 -0.41125 -0.41125 -0.22625 -0.22625 -0.15375 -0.15375 -0.15375 -0.16625 -0.42117001 -0.42124746 -0.08125 -0.08125 -0.079686672 -0.039999982 0.035 0.035 -0.20125 -0.20125 -0.20125 -0.28625
-0.775 -0.775 -0.775 -1.025 -1.025 -1.025 -1.025 -0.985 -0.985 -0.93125 -0.93125 -0.84004863 -0.83625 -0.83625 -0.83625 -0.785 -0.785 -0.785 -0.785 -0.785 -0.68125 -0.68125 -0.68125 -0.68125 -0.68125 -0.54625046 -0.54625 -0.54625 -0.54625 -0.435 -0.435 -0.435 -0.41125 -0.41125 -0.41125 -0.22625 -0.22625 -0.15375 -0.15375 -0.16625 -0.16625 -0.16625 -0.08125 -0.08125 -0.08125 -0.08125 -0.068722532 0.07125 0.07125 0.07125 -0.20125 -0.12 -0.12
-0.775 -0.775 -0.77534814 -1.025 -1.025 -1.025 -1.025 -1.0904508 -1.09375 -1.093471 -0.93124999 -0.83624634 -0.83625 -0.83625 -0.83624982 -0.785 -0.785 -0.785 -0.785 -0.785 -0.23892522 -0.68125 -0.68125 -0.68125 -0.68119568 -0.54624276 -0.54625 -0.54625 -0.54625 -0.435 -0.435 -0.435 -0.43499484 -0.41125 -0.22625 -0.22625 -0.22625 -0.22624691 -0.15375085 -0.16625 -0.16625 -0.16625 -0.08125516 -0.08125 -0.08125 -0.08125 0.071248895 0.07125 0.07125 0.07125 -0.12 -0.12 -0.12
-0.9525 -0.95249969 -1.024866 -1.025 -1.025 -1.025 -1.0937354 -1.09375 -1.09375 -1.09375 -0.79250001 -0.7925 -0.7925 -0.7925 -0.78503462 -0.785 -0.785 -0.785 -0.785 -0.22000034 -0.22 -0.22 -0.41750004 -0.4175 -0.4175 -0.4175 -0.42861278 -0.54625 -0.22376321 -0.22375 -0.22375 -0.22375 -0.22375 -0.078750001 -0.07875 -0.07875 -0.07875 -0.07875 -0.275 -0.275 -0.275 -0.275 -0.275 -0.03756595 -0.0375 -0.0375 -0.0375 0.07125 0.07125 0.07125 -0.11996987 -0.12 -0.12
-0.9525 -0.9525 -0.95300237 -1.0125 -1.0125 -1.0125792 -1.09375 -1.09375 -1.09375 -1.09375 -0.7925 -0.7925 -0.7925 -0.7925 -0.7925 -0.785 -0.785 -0.785 -0.22000014 -0.22 -0.22 -0.22 -0.4175 -0.4175 -0.4175 -0.4175 -0.4175 -0.41752704 -0.22365249 -0.22375 -0.22375 -0.22375 -0.22371083 0.077856573 -0.07858784 -0.07875 -0.07875 -0.078749996 -0.275 -0.275 -0.275 -0.275 -0.275 -0.0375 -0.0375 -0.0375 -0.0375 0.013353625 0.07125 0.29126758 0.29375 0.18625 0.18625
-0.9525 -0.9525 -1.0124924 -1.0125 -1.0125 -1.0125 -1.0331372 -1.09375 -1.09375 -1.09375 -0.7925 -0.7925 -0.7925 -0.7925 -0.7925 -0.78500526 -0.785 -0.22016565 -0.22 -0.22 -0.22 -0.22 -0.34433485 -0.4175 -0.4175 -0.4175 -0.4175 -0.417184 0.02875 0.02875 0.02875 0.02875 0.02875 0.1975 0.1975 0.1975 0.1975 0.1975 -0.16625 -0.16625 -0.16625 -0.16625 -0.16625 -0.037350448 -0.037499969 -0.0375 -0.037489618 -0.036203024 0.29375 0.29375 0.29375 0.1862506 0.18625
-0.95250005 -0.97946386 -1.0125 -1.0125 -1.0125 -1.0125 -1.0125 -1.0937154 -1.09375 -1.09375 -0.7925 -0.7925 -0.7925 -0.7925 -0.73749939 -0.73625 -0.73625 -0.22001329 -0.22 -0.22 -0.22 -0.22 -0.22000013 -0.4175 -0.4175 -0.4175 -0.4175 -0.10249989 -0.10249994 -0.074566811 0.02875 0.02875 0.02875 0.1975 0.1975 0.1975 0.1975 0.19751609 -0.16625 -0.16625 -0.16625 -0.16625 -0.16623535 0.02375 0.02375 0.02375 0.02375 0.023771776 0.29375 0.29375 0.29375 0.29374999 0.26876658
