interpolatedSpi/06-10|20_1.tif
NCOLS 53
NROWS 52
XLLCORNER -116.03883
YLLCORNER 28.596182
DX 0.49850594
DY 0.49788537
NODATA_VALUE -9999
[rows 0 to 38 of 52, columns 0 to 52 of 53]
-0.502 -0.502 -0.2950376 -0.734 -0.12 0.038 0.346 0.58 0.072192158 0.058 -0.104 0.4 0.2939893 0.164 0.122 0.122 0.122 -0.24 0.202 0.202 0.202 0.20199734 -0.073999998 0.156 0.156 0.156 0.57800016 0.578 0.578 0.18 0.18 0.18 0.18 0.29399998 0.294 0.294 0.294 0.294 0.294 0.29400002 1.2022173 1.2119733 1.108 1.108 1.108 1.108 1.1083985 1.352 1.352 1.352 1.2800001 1.28 1.28
-0.50200293 -0.568 -0.33399958 -0.23777009 -0.060089263 0.022 0.014 0.17398852 -0.132 -0.006 0.378 0.294 0.294 0.21781994 0.16400028 0.122 -0.24 -0.24 0.20142369 0.202 0.202 0.202 0.12504939 0.156 0.156 0.156 0.084000005 0.084 0.18 0.18 0.18 0.18 0.18 0.29399998 0.294 0.294 0.294 0.294 0.29400006 0.36226803 0.65801105 1.0533963 1.108 1.108 1.108 1.108 1.108 1.352 1.352 1.352 1.3460297 1.28 1.28
-0.066007852 -0.066 0.03 0.21 0.122 -0.054 0.162 -0.04 0.324 0.258 0.41 0.326 -0.34 0.16 0.218 0.478 -0.24 -0.24 -0.24 -0.15389651 -0.154 -0.154 -0.432 0.156 0.156 0.156 0.084 0.084 0.084 0.18 0.18 0.17999997 -0.12713324 0.29494119 0.30135321 1.0767609 1.084 1.084 1.0304204 0.658 0.658 0.65857544 1.108 1.108 1.108 1.108 1.108 1.352 1.352 1.352 1.352 1.28 1.28
0.032 -0.065999958 0.13997855 0.172 0.132 0.158 0.426 -0.162 0.168 0.37803878 0.634 0.564 0.17 0.16 0.08 0.478 -0.49847146 -0.50581363 -0.258 -0.154 -0.154 -0.282 -0.432 -0.432 0.156 0.15599964 0.084 0.084 0.084 -0.422 -0.4417524 -0.458 -0.458 -0.45799879 1.084 1.084 1.084 1.084 0.658 0.658 0.658 0.65800002 1.108 1.108 1.108 1.108 1.108 1.3519969 1.352 1.352 1.352 1.2799424 1.28
0.032 0.13600001 0.14 0.27240101 0.132 0.432 0.13003858 -0.114 -0.232 0.23399988 0.25440542 0.26202779 0.456 0.08 0.08 0.33084114 -0.506 -0.506 -0.258 -0.258 -0.15400028 -0.282 -0.322 -0.334 -0.402 -0.40195264 0.084 0.084 -0.422 -0.422 -0.458 -0.458 -0.458 -0.37955359 1.084 1.084 1.084 0.658 0.658 0.658 0.658 0.65796872 1.108 1.108 1.108 1.108 1.108 1.1101719 1.352 1.3519178 -0.482 -0.482 -0.482
-0.826 -0.05 0.104 0.3 0.486 0.518 0.218 0.17549449 0.032 -0.056 0.296 -0.508 -0.50799936 0.068 0.068 -0.41995896 -0.42 -0.316 -0.316 -0.25800005 -0.524 -0.524 -0.334 -0.402 -0.402 -0.2 -0.464 -0.464 0.025959477 -0.422 -0.458 -0.458 -0.042 -0.042022778 -0.25998439 -0.218 -0.218 0.3869894 0.658 0.658 0.3344041 0.334 0.33400083 0.027418013 0.0081215728 0.0080002932 0.0080000375 0.0080004141 0.0004878657 -0.482 -0.482 -0.482 -0.482
-0.42800029 -0.322 -0.50125535 -0.1 0.174 -0.168 -0.011999997 0.284 0.026 0.026 0.296 -0.324 0.10999987 0.068 -0.24999905 -0.25 -0.42 -0.318 -0.312 -0.312 -0.62013804 -0.728 -0.728 -0.538 -0.2 -0.2 -0.464 -0.464 0.026006877 0.026126604 0.0024377943 -0.042 -0.042 -0.26 -0.26 -0.40862401 -0.218 -0.218 -0.6679844 0.3339986 0.334 0.334 0.33400363 0.0080000446 0.008 0.008 0.008 0.0080000167 0.036 -0.48189735 -0.482 -0.482 -0.482
-0.428 -0.658 -0.448 -0.778 -0.82199748 -0.366 0.146 -0.31799999 -0.31 -0.256 -0.256 -0.358 0.11 0.11 -0.24753007 -0.26821514 -0.27 -0.282 -0.37999993 -0.312 -0.49603364 -0.44 -0.716 -0.87 -0.87000044 -0.904 -0.662 -0.66199993 0.14358651 0.144 0.002 -0.26358487 -0.212 -0.26 -0.26096972 -0.568 -0.568 -0.668 -0.668 0.334 0.334 0.33400001 0.015915459 0.016 0.008 0.008 0.008 0.035998934 0.036 0.036 -0.482 -0.482 -0.482
-0.69289457 -0.65799999 -0.518 -0.658 -0.13 -0.354 -0.208 -0.12 0.2 0.12344599 0.2 -0.22 -0.22 -0.312 -0.31199667 -0.3238495 -0.324 -0.324 -0.29695985 -0.6440001 -1.1 -1.1 -0.424 -0.6009276 -0.9005737 -0.904 -0.596 -0.662 -0.54667408 -0.546 -0.278 0.3 0.16501924 -0.212 -0.294 -0.39 -0.438 -0.524 -0.67193166 0.33555339 0.682 -0.043999998 0.016002277 0.016 0.015954972 0.008 -0.14399999 0.035999998 0.036 0.036 0.035999998 -0.50540739 0.02
-0.888 -0.888 -0.688 -0.444 -0.206 -0.032 -0.07 -0.166 0.15 0.10397036 0.034 0.186 -0.312 -0.312 0.042 0.036980145 -0.324 -0.32395898 -0.142 -0.644 -0.644 -0.7027481 -0.424 -0.56399735 -0.564 -0.564 -0.596 -0.244 -0.244 -0.546 -0.546 0.29949171 0.032 -0.212 -0.238 -0.39 -0.438 -0.6 -0.672 0.29801995 -0.043999968 -0.016816885 0.03 0.016 0.016 -0.144 -0.144 -0.144 0.036 0.036 -0.67 -0.67 -0.66999974
-0.888 -0.888 -0.694 -0.426 -0.794 -0.316 -0.40999999 0.13778604 0.068 -0.024 0.12 -0.094 0.1856265 0.042 0.042 0.041976697 -0.16 -0.15905528 -0.142 -0.3 -0.3 -0.416 -0.416 -0.564 -0.564 -0.564 -0.244 -0.244 -0.244 -0.484 -0.484 -0.48399915 -0.614 -0.614 -0.45 -0.51 -0.482 0.076001361 -0.424 0.314 0.314 0.1519996 0.03 0.016 -0.044000109 -0.206 -0.35309558 -0.354 -0.406 -0.406 -0.67 -0.67 -0.67
-0.888 -0.80413784 -0.57963484 -0.55799838 -0.468 -0.686 -0.41 0.138 0.068000585 -0.022980752 -0.093999909 -0.094 0.026 0.042 0.042 -0.15999999 -0.16 -0.15999898 -0.142 -0.3 -0.32278004 -0.416 -0.416 -0.56399381 -0.564 -0.590955 -0.646 -0.646 -0.64599995 -0.484 -0.484 -0.53 -0.53 -0.61399955 -0.45 -0.19000027 -0.3668657 0.076 0.076 0.31399999 0.152 0.152 0.15199856 -0.044 -0.044 -0.206 -0.354 -0.354 -0.406 -0.406 -0.67 -0.67 -0.67
-0.128 -0.0016677345 0.053981761 0.049565395 -0.46800119 -0.68599485 -0.41000001 0.13125444 0.072823716 0.065597635 0.026 0.026 0.026 0.026 0.041997733 -0.16 -0.16 -0.15976759 -0.142 -0.29996313 -0.176 -0.176 -0.176 -0.176 -0.55750714 -0.646 -0.646 -0.646 -0.646 -0.64583857 -0.53 -0.53 -0.53 -0.53 -0.19 -0.19 -0.19 0.063360996 0.077967762 0.338 0.338 0.15201 0.27798898 -0.043968986 -0.044 -0.206 -0.354 -0.354 -0.406 -0.406 -0.66904224 -0.67 0.037845969
-0.128 0.054 0.054 0.054 0.054 0.05399969 -0.41070646 -0.15071588 0.085692917 0.026042923 0.026 0.026 0.026 0.026 0.025999926 -0.16 -0.16 -0.15876532 -0.14200036 -0.176 -0.176 -0.176 -0.176 -0.176 -0.1733646 -0.44741209 -0.40400005 -0.404 -0.404 -0.404 -0.53 -0.53 -0.53000029 -0.768 -0.768 -0.19 0.033604096 0.04 0.33799983 0.338 0.338 0.338 0.278 0.278 0.278 0.2746318 -0.16719246 -0.166 -0.166 -0.166 -0.166 0.58399974 0.584
-0.1 0.054 0.054 0.054 0.054 0.054 0.053999969 -0.26538536 -0.075162697 -0.076 -0.076 -0.076 -0.076 -0.076 -0.075999999 0.096423998 -0.15587233 -0.15753515 -0.17599573 -0.176 -0.176 -0.176 -0.176 -0.17599997 -0.054 -0.054 -0.054000492 -0.404 -0.404 -0.40361553 -0.212 -0.212 -0.768 -0.768 -0.768 -0.08943273 0.04 0.04 0.04 0.338 0.338 0.338 0.278 0.278 0.278 0.278 -0.166 -0.166 -0.166 -0.166 -0.166 0.584 0.584
-0.1 -0.04266755 0.054 0.054 0.054 0.054 -0.22594505 -0.226 -0.226 -0.076 -0.076 -0.076 -0.076 -0.076 -0.037173169 0.1 0.1 0.1 -0.15007877 -0.15000003 -0.15 -0.15 -0.15 -0.15 -0.054 -0.054 -0.054 -0.054 -0.404 -0.212 -0.212 -0.212 -0.76799995 -0.768 -0.768 0.21 0.040225085 0.04 0.04 0.33797681 0.29192771 0.18446027 0.278 0.278 -0.064938396 -0.066 -0.066 -0.16582221 -0.058377411 -0.058000009 -0.05800002 0.15806443 0.58399913
-0.1 -0.068859396 -0.0077376164 0.054 0.054 -0.22583456 -0.226 -0.226 -0.226 -0.22491906 -0.076 -0.076 -0.076 -0.075999979 0.1 0.1 0.1 0.1 -0.14977668 -0.15 -0.15 -0.15 -0.15 -0.15 -0.054000002 -0.054 -0.054 -0.054 -0.0545747 -0.212 -0.212 -0.212 0.041999994 -0.76788097 0.21 0.21 0.21 0.20660163 0.17487501 0.184 0.184 0.184 0.082 0.082 -0.066 -0.066 -0.066 -0.058 -0.058 -0.058 -0.058 0.158 0.158
-0.067991486 -0.068 -0.068 -0.068000002 -0.302 -0.22600196 -0.226 -0.226 -0.226 -0.226 -0.088719033 -0.076002189 -0.076000005 0.1 0.1 0.1 0.1 0.1 0.042903021 -0.15 -0.15 -0.15 -0.15 -0.15 -0.040836818 0.061999371 0.062 0.062 0.062 -0.21199999 0.041999996 0.042 0.042 0.042 0.21 0.20999189 -0.098 -0.098 0.18047881 0.184 0.184 0.184 0.082 0.082 -0.043084504 -0.066 -0.066 -0.058 -0.058 -0.058 -0.055683918 0.158 0.158
-0.068 -0.068 -0.068 -0.17819409 -0.302 -0.302 -0.226 -0.226 -0.226 -0.226 -0.244 -0.244 -0.244 0.1 0.1 0.1 0.1 0.099911092 -0.494 -0.494 -0.15000014 -0.15 -0.15155813 -0.214 -0.21151529 0.062 0.062 0.062 0.062 0.042002036 0.042 0.042 0.042 0.042 -0.097998917 -0.098 -0.098 -0.098 -0.097000473 0.184 0.184 0.184 0.082 0.082 0.082 -0.066 -0.066 -0.058 -0.058 -0.058 0.158 0.158 0.158
-0.068 -0.068 -0.068 -0.302 -0.302 -0.302 -0.30199988 -0.226 -0.226 -0.24398142 -0.244 -0.244 -0.244 -0.24378568 -0.33546926 -0.438 -0.438 -0.438 -0.494 -0.494 -0.494 -0.214 -0.214 -0.214 -0.21400616 -0.094308245 0.062 0.062 0.061999999 0.11561617 0.13199115 0.132 0.132 0.132 -0.042056347 0.035999696 0.036 0.036 0.036 -0.21194582 -0.212 -0.212 0.082 0.082 0.15999967 0.15999992 -0.052 -0.052 0.026 0.026 0.026 0.158 0.39378899
-0.06800005 -0.068 -0.068000008 -0.302 -0.302 -0.302 -0.302 -0.5539999 -0.22731147 -0.24421037 -0.244 -0.244 -0.244 -0.24438068 -0.438 -0.438 -0.438 -0.43800002 -0.494 -0.494 -0.494 -0.214 -0.214 -0.214 -0.236 -0.236 -0.232 -0.232 -0.232 -0.23001427 0.132 0.132 0.132 0.132 0.084026273 0.036 0.036 0.036 0.036 -0.212 -0.212 -0.212 -0.20029546 0.16 0.16 0.16 -0.052 -0.052 0.026 0.026 0.026 0.39399999 0.394
-0.084 -0.085244781 -0.338 -0.33798956 -0.302 -0.55254194 -0.554 -0.554 -0.52703598 -0.476 -0.476 -0.476 -0.476 -0.74799115 -0.748 -0.43800024 -0.438 -0.43947552 -0.494 -0.494 -0.494 -0.478 -0.478 -0.478 -0.236 -0.236 -0.232 -0.232 -0.232 -0.23199985 -0.025998996 -0.025999556 0.12802891 0.13183061 -0.48329426 -0.484 -0.484 -0.484 -0.484 -0.212 -0.212 -0.212 0.13951616 0.16 0.16 0.15999992 -0.052 -0.052 -0.051997192 0.026 0.026019049 0.452 0.394
-0.30595784 -0.30600001 -0.338 -0.338 -0.338 -0.554 -0.554 -0.554 -0.48 -0.48 -0.476 -0.476 -0.476 -0.748 -0.748 -0.748 -0.748 -0.74797063 -0.494 -0.494 -0.494 -0.478 -0.478 -0.478 -0.236 -0.236 -0.232 -0.232 -0.232 -0.028322665 -0.026 -0.026 -0.026 -0.026 -0.483774 -0.484 -0.484 -0.484 -0.484 -0.73999986 -0.74 -0.74 -0.74 0.15999646 -0.302 -0.302 -0.302 0.11 0.11 0.11 0.452 0.452 0.452
-0.306 -0.306 -0.338 -0.338 -0.338 -0.55286467 -0.554 -0.48 -0.48 -0.48 -0.47600049 -0.476 -0.80938689 -0.74800003 -0.748 -0.748 -0.748 -1.134 -1.134 -1.134 -0.82999999 -0.82999974 -0.47800171 -0.478 -0.47822373 -0.97 -0.97 -0.96999824 -0.23211927 -0.33193902 -0.33199837 -0.33194658 -0.026522986 -0.026264075 -0.40262832 -0.48400008 -0.48472386 -0.7 -0.7 -0.74 -0.74 -0.74 -0.74 -0.302 -0.302 -0.302 -0.302 0.11 0.11 0.11 0.452 0.452 0.452
-0.306 -0.306 -0.338 -0.338 -0.338 -0.338 -0.52630396 -0.48 -0.48 -0.48 -0.48022316 -0.884 -0.884 -0.884 -0.74880148 -0.748 -1.1314278 -1.134 -1.134 -1.134 -0.83 -0.83 -0.83 -0.83 -0.97 -0.97 -0.97 -0.97 -0.97 -0.332 -0.332 -0.332 -0.332 -0.33200094 -0.778 -0.7 -0.7 -0.7 -0.7 -0.7000001 -0.726 -0.726 -0.726 -0.63358152 -0.442 -0.442 -0.442 0.10999998 0.10999997 0.082 0.082 -0.16984868 -0.17
-0.306 -0.306 -0.32645025 -0.338 -0.338 -0.33800001 -1.011056 -0.48167657 -0.48 -0.48 -0.88400002 -0.884 -0.884 -0.884 -0.884 -0.87288971 -1.134 -1.134 -1.134 -1.134 -0.83000235 -0.83 -0.83 -0.83 -0.97 -0.97 -0.97 -0.97 -0.97 -0.72955855 -0.332 -0.332 -0.332 -0.778 -0.778 -0.77793943 -0.7 -0.7 -0.62683879 -0.57000001 -0.726 -0.726 -0.726 -0.63466059 -0.442 -0.442 -0.442 -0.306 0.077165558 0.082 0.082 -0.17 -0.17
-1.062 -1.062 -1.062 -0.5195267 -0.33934106 -1.012 -1.012 -1.012 -1.012 -0.984 -0.984 -0.88400001 -0.884 -0.884 -0.884 -0.88401586 -1.134 -1.134 -1.134 -1.134 -0.96265574 -0.83 -0.83 -0.83041873 -0.85152158 -0.97 -0.97 -0.97 -0.87 -0.87 -0.87 -0.86999774 -0.778 -0.778 -0.778 -0.778 -0.57 -0.57 -0.57 -0.57 -0.844 -0.844 -0.844 -0.41400865 -0.414 -0.414 -0.41400001 -0.306 -0.306 0.081527243 0.082 -0.17000114 -0.17
-1.062 -1.062 -1.062 -1.0620103 -1.254 -1.2188092 -1.012 -1.012 -1.012 -0.984 -0.984 -0.984 -1.188 -1.188 -1.188 -1.188 -1.1335567 -1.134 -1.134 -1.134 -1.1293912 -0.84599996 -0.846 -0.846 -0.846 -0.846 -0.624 -0.624 -0.87 -0.87 -0.87 -0.87 -0.77800006 -0.778 -0.778 -0.77800733 -0.56999999 -0.57 -0.57 -0.56911386 -0.844 -0.844 -0.844 -0.41401994 -0.414 -0.414 -0.414 -0.306 -0.306 -0.30600001 -0.396 -0.396 -0.422
-1.062 -1.062 -1.062 -1.2539996 -1.254 -1.254 -1.0120001 -1.012 -1.012 -0.984 -0.984 -0.984 -1.188 -1.188 -1.188 -1.1654568 -0.892 -0.892 -0.89200063 -1.1326331 -0.846 -0.846 -0.846 -0.846 -0.846 -0.84583293 -0.624 -0.624 -0.624 -0.87 -0.87 -0.86978759 -0.868 -0.868 -0.868 -0.442 -0.442 -0.368 -0.368 -0.368 -0.49 -0.84388896 -0.84399588 -0.292 -0.292 -0.29662366 -0.41399949 -0.306 -0.306 -0.396 -0.396 -0.396 -0.422
-1.062 -1.062 -1.062 -1.254 -1.254 -1.254 -1.254 -1.012 -1.012 -0.984 -0.984 -1.1798429 -1.188 -1.188 -1.188 -0.892 -0.892 -0.892 -0.892 -0.892 -0.846 -0.846 -0.846 -0.846 -0.846 -0.62400076 -0.624 -0.624 -0.624 -0.54 -0.54 -0.54 -0.868 -0.868 -0.868 -0.442 -0.442 -0.368 -0.368 -0.49 -0.49 -0.49 -0.292 -0.292 -0.292 -0.292 -0.2612769 0.082 0.082 0.082 -0.396 -0.166 -0.166
-1.062 -1.062 -1.0622674 -1.254 -1.254 -1.254 -1.254 -1.1568948 -1.152 -1.1517116 -0.98399999 -1.1879637 -1.188 -1.188 -1.187999 -0.892 -0.892 -0.892 -0.892 -0.892 -0.28211985 -0.846 -0.846 -0.846 -0.84592173 -0.62399111 -0.624 -0.624 -0.624 -0.54 -0.54 -0.54 -0.54004386 -0.868 -0.442 -0.442 -0.442 -0.44199687 -0.36800832 -0.49 -0.49 -0.49 -0.29201202 -0.292 -0.292 -0.292 0.081999263 0.082 0.082 0.082 -0.166 -0.166 -0.166
-1.186 -1.1859998 -1.2538966 -1.254 -1.254 -1.254 -1.1520217 -1.152 -1.152 -1.152 -0.75400001 -0.754 -0.754 -0.754 -0.89136314 -0.892 -0.892 -0.892 -0.892 -0.25800038 -0.258 -0.258 -0.46600006 -0.466 -0.466 -0.466 -0.47963743 -0.624 -0.11402089 -0.114 -0.114 -0.114 -0.114 -0.324 -0.324 -0.324 -0.324 -0.324 -0.51 -0.51 -0.51 -0.51 -0.51 0.011541742 0.012 0.012 0.012 0.082 0.082 0.082 -0.16596093 -0.166 -0.166
-1.186 -1.186 -1.1854809 -1.1240003 -1.124 -1.1240274 -1.152 -1.152 -1.152 -1.152 -0.754 -0.754 -0.754 -0.754 -0.754 -0.892 -0.892 -0.892 -0.25800016 -0.258 -0.258 -0.258 -0.466 -0.466 -0.466 -0.466 -0.466 -0.46603308 -0.1139722 -0.114 -0.114 -0.114 -0.11398883 -0.10744358 -0.32377576 -0.324 -0.324 -0.32399999 -0.51 -0.51 -0.51 -0.51 -0.51 0.012 0.012 0.012 0.012 0.044733368 0.082 0.37865292 0.382 0.282 0.282
-1.186 -1.186 -1.1240079 -1.124 -1.124 -1.124 -1.1311119 -1.152 -1.152 -1.152 -0.754 -0.754 -0.754 -0.754 -0.754 -0.89189467 -0.892 -0.25818588 -0.258 -0.258 -0.258 -0.258 -0.38894505 -0.466 -0.466 -0.466 -0.466 -0.46569972 -0.042 -0.042 -0.042 -0.042 -0.042 0.058 0.058 0.058 0.058 0.058 -0.51 -0.51 -0.51 -0.51 -0.51 0.0115605 0.011999908 0.011999999 0.011969488 0.0083819549 0.382 0.382 0.382 0.28200056 0.282
-1.1859998 -1.0703005 -1.124 -1.124 -1.124 -1.124 -1.124 -1.1519881 -1.152 -1.152 -0.754 -0.754 -0.754 -0.754 -0.84591213 -0.848 -0.848 -0.25801518 -0.258 -0.258 -0.258 -0.258 -0.25800013 -0.466 -0.466 -0.466 -0.466 -0.063999992 -0.06399999 -0.059317865 -0.042 -0.042 -0.042 0.058000002 0.058 0.058 0.058 0.058149002 -0.51 -0.51 -0.51 -0.51 -0.50997334 -0.168 -0.168 -0.168 -0.168 -0.16795564 0.382 0.382 0.382 0.38200013 0.58940504
-1.068 -1.068 -1.1168687 -1.124 -1.124 -1.124 -1.124 -1.124 -1.1519885 -1.34 -1.34 -1.34 -1.3386093 -0.84799987 -0.848 -0.848 -0.848 -0.848 -0.25800552 -0.30518335 -0.718 -0.718 -0.718 -0.65519354 -0.49017098 -0.61950534 -0.72823591 -0.064 -0.064 -0.064 -0.064 -0.064 -0.063090151 0.27427381 0.278 0.278 0.278 0.278 -0.44462673 -0.16200063 -0.162 -0.162 -0.162 0.071999296 -0.16799994 -0.168 -0.168 0.362 0.38199968 0.382 0.382 0.594 0.594
-1.068 -1.068 -1.328 -1.328 -1.328 -1.124068 -1.124 -1.124 -1.34 -1.34 -1.34 -1.34 -1.34 -0.84800002 -0.848 -0.848 -0.848 -0.848 -0.718 -0.718 -0.718 -0.718 -0.718 -0.768 -0.768 -0.768 -0.768 -0.064000003 -0.064 -0.064 -0.064 -0.064 -0.054 -0.054 0.278 0.278 0.278 0.23800681 0.238 -0.162 -0.162 -0.162 -0.16199994 0.072 0.072 0.072 0.362 0.362 0.362 0.546 0.546 0.594 0.594
-1.068 -1.068 -1.328 -1.328 -1.328 -1.328 -1.3279999 -1.316 -1.3399774 -1.34 -1.34 -1.34 -1.34 -0.85413725 -0.848 -0.848 -0.848 -0.848 -0.718 -0.718 -0.718 -0.718 -0.718 -0.768 -0.768 -0.768 -0.768 -0.76799715 -0.064 -0.064 -0.064 -0.054000524 -0.054 -0.054 -0.054 0.278 0.238 0.238 0.238 0.22747525 0.14822712 0.206 0.206 0.072 0.072 0.072 0.362 0.362 0.362 0.546 0.546 0.546 0.51429696
-1.096 -1.0959998 -1.328 -1.328 -1.328 -1.328 -1.316 -1.316 -1.316 -1.34 -1.34 -1.34 -1.34 -1.3398471 -0.848 -0.848 -0.848 -0.848 -0.7180023 -0.718 -0.718 -0.718 -0.75919195 -0.768 -0.768 -0.768 -0.768 -0.764 -0.764 -0.76399999 -0.071512507 -0.054 -0.054 -0.054 -0.053999756 0.202 0.238 0.238 0.238 0.238 0.206 0.206 0.206 0.726 0.726 0.726 0.6679702 0.362 0.362 0.546 0.546 0.546 0.50599962
