interpolatedSpi/06-12|22_1.tif
NCOLS 53
NROWS 52
XLLCORNER -116.03883
YLLCORNER 28.596182
DX 0.49850594
DY 0.49788537
NODATA_VALUE -9999
[rows 0 to 26 of 52, columns 0 to 52 of 53]
-0.28285714 -0.28285714 -0.41474237 -0.55714286 -0.32857143 -0.25142857 -0.40857143 -0.38142857 -0.40631494 -0.21142857 -0.34857143 -0.22571429 -0.34571099 -0.30571429 -0.46571429 -0.46571429 -0.46571429 0.13142857 -0.024285714 -0.024285714 -0.024285714 -0.024290186 -0.48857142 0.072857143 0.072857143 0.072857143 -0.54142768 -0.54142857 -0.54142857 -0.34428571 -0.34428571 -0.34428571 -0.34428571 -0.4342857 -0.43428571 -0.43428571 -0.43428571 -0.43428571 -0.43428571 -0.4342857 0.23846823 0.24547391 -0.69857143 -0.69857143 -0.69857143 -0.69857143 -0.69787143 -0.27 -0.27 -0.27 -0.15000025 -0.15 -0.15
-0.28286387 -0.43428571 -0.397143 -0.38339573 -0.2860197 -0.33571429 -0.36571429 -0.16174298 -0.43428571 -0.30142857 -0.33142857 -0.34571429 -0.34571429 0.16698994 -0.30570997 -0.46571429 0.13142857 0.13142857 -0.024082684 -0.024285714 -0.024285714 -0.024285714 0.060149045 0.072857143 0.072857143 0.072857143 -0.45142854 -0.45142857 -0.34428571 -0.34428571 -0.34428571 -0.34428571 -0.34428571 -0.4342857 -0.43428571 -0.43428571 -0.43428571 -0.43428571 -0.43428569 -0.31122082 0.33280041 -0.57341601 -0.69857143 -0.69857143 -0.69857143 -0.69857143 -0.69857143 -0.27 -0.27 -0.27 -0.26004949 -0.15 -0.15
-0.25142606 -0.25142857 -0.51714286 -0.15142857 -0.36142857 -0.35285714 -0.35714286 -0.085714286 -0.55857143 -0.24714286 -0.35142857 -0.62714286 -0.48142857 0.22 0.16857143 -0.49714286 0.13142857 0.13142857 0.13142857 0.32846885 0.32857143 0.32857143 -0.16857143 0.072857143 0.072857143 0.072857143 -0.45142857 -0.45142857 -0.45142857 -0.34428571 -0.34428571 -0.34428571 -0.34909972 -0.43345962 -0.43076202 -0.059183314 -0.055714286 -0.055714286 -0.0068422407 0.33285714 0.33285714 0.33153821 -0.69857143 -0.69857143 -0.69857143 -0.69857143 -0.69857143 -0.27 -0.27 -0.27 -0.27 -0.15 -0.15
-0.15857143 -0.25142855 -0.15291185 0.065714286 -0.56285714 -0.22142857 -0.41285714 -0.5 -0.10857143 -0.063992807 -0.19857143 -0.099999999 -0.27142857 0.22 -0.067142857 -0.49714286 -0.12005022 -0.11696869 -0.73 0.32857143 0.32857143 -0.37142857 -0.16857143 -0.16857143 0.072857143 0.072854524 -0.45142857 -0.45142857 -0.45142857 -0.57428571 -0.45357661 -0.35428571 -0.35428571 -0.35428548 -0.055714286 -0.055714286 -0.055714286 -0.055714286 0.33285714 0.33285714 0.33285714 0.3328571 -0.69857143 -0.69857143 -0.69857143 -0.69857143 -0.69857143 -0.27000541 -0.27 -0.27 -0.27 -0.14999935 -0.15
-0.15857143 0.038571077 -0.15285714 -0.10243804 -0.56285714 -0.58142857 -0.18430729 0.21142857 -0.19857143 0.39428545 0.21757251 0.13429595 0.20571429 -0.067142857 -0.067142857 -0.34888478 -0.11714286 -0.11714286 -0.73 -0.73 0.32856998 -0.37142857 0.18571429 0.071428571 -0.31714286 -0.31697517 -0.45142857 -0.45142857 -0.57428571 -0.57428571 -0.35428571 -0.35428571 -0.35428571 -0.32088124 -0.055714286 -0.055714286 -0.055714286 0.33285714 0.33285714 0.33285714 0.33285714 0.33281853 -0.69857142 -0.69857143 -0.69857143 -0.69857143 -0.69857143 -0.69475661 -0.27 -0.26999372 -0.13 -0.13 -0.13
-1.1428571 -0.19428571 0.037142851 -0.13142857 -0.074285714 -0.26857143 -0.40857143 -0.32919367 0.24285714 -0.18857143 -0.25714286 0.24 0.23999998 0.29857143 0.29857143 -0.079976891 -0.08 -0.13428571 -0.13428572 -0.72999908 -0.85857143 -0.85857143 0.071428571 -0.31714286 -0.31714286 0.4 -0.41857143 -0.41857143 0.072797943 -0.57428571 -0.35428571 -0.35428571 -0.17714286 -0.17710853 0.15140512 0.44285714 0.44285714 0.36688815 0.33285714 0.33285714 -0.066643971 -0.067142855 -0.067140812 -0.19196091 -0.18291414 -0.18285728 -0.18285716 -0.18285734 -0.10563841 -0.13 -0.13 -0.13 -0.13
-1.2699934 0.045714286 -0.13031533 0.11714286 0.082857143 -0.29285714 0.027142857 -0.015714286 0.08 0.08 -0.25714286 0.15 -0.23714279 0.29857143 0.015715133 0.015714286 -0.08 0.0085714286 0.31714286 0.31714286 -0.60408839 -0.31857143 -0.31857143 0.21999999 0.4 0.4 -0.41857143 -0.41857143 0.072838161 0.072507678 0.031976697 -0.17714286 -0.17714286 0.15142857 0.15142857 0.42573988 0.44285714 0.44285714 0.085726665 -0.067142644 -0.067142857 -0.067142857 -0.067132133 -0.18285726 -0.18285714 -0.18285714 -0.18285714 -0.18285709 -0.095714286 -0.12999321 -0.13 -0.13 -0.13
-1.27 -0.46714286 0.14285714 -0.12714286 0.079988125 0.045714286 0.26142857 0.21714286 0.18285714 0.22428571 0.22428571 0.0071428571 -0.23714286 -0.23714286 0.013979451 -0.33817985 -0.37285714 0.088571429 0.072857393 0.31714286 0.18098793 0.23714286 -0.49571429 0.26428571 0.26427974 -0.19857143 -0.11857143 -0.11857153 -0.25171579 -0.25285714 0.032857143 -0.078788706 0.19142857 0.15142857 0.15790696 0.41142857 0.41142857 0.085714288 0.085714286 -0.067142857 -0.067142857 -0.067142839 -0.20141574 -0.20428571 -0.18285714 -0.18285714 -0.18285714 -0.095717603 -0.095714286 -0.095714286 -0.13 -0.13 -0.13
-0.47906336 -0.46714286 -0.19857143 0.22285714 0.11285714 0.14571429 0.51142857 0.83857143 0.35714286 0.43802581 0.28571429 0.051428575 0.051428571 0.48 0.47999601 -0.56660137 -0.56714286 -0.56714286 0.086172617 -0.36857144 -0.42428571 -0.42428571 -0.26428571 -0.40451209 -0.15192765 -0.19857143 0.015714286 -0.11857143 -0.094426839 -0.094285714 -0.15428571 0.59714286 0.23595077 0.092857143 0.37857143 0.40428571 0.45571429 -0.14714286 0.53825479 -0.063335896 0.78571429 0.23571429 -0.20420082 -0.20428571 -0.2041651 -0.18285714 -0.52999998 -0.09571429 -0.095714286 -0.095714286 -0.095714286 -0.15134413 -0.27571429
-0.54571429 -0.54571429 0.058571429 0.29714286 0.22714286 0.51285714 0.63428571 0.65428571 0.44 0.45857213 0.49714286 0.44142857 0.48 0.48 0.055714286 0.047171519 -0.56714286 -0.5669878 0.11571429 -0.36857143 -0.36857143 -0.37574929 -0.26428571 -0.33857002 -0.33857143 -0.33857143 0.015714286 0.27571429 0.27571429 -0.094285714 -0.094285715 0.59578271 -0.12 0.092857143 0.13714286 0.40428571 0.45571429 0.33 0.53857143 0.33900196 0.23571431 0.26562621 0.31714286 -0.20428571 -0.20428571 -0.53 -0.53 -0.53 -0.095714286 -0.095714286 -0.30142857 -0.30142857 -0.30142856
-0.54571429 -0.54571429 -0.48857143 -0.51571429 -0.02 0.31142857 0.25142857 0.51997626 0.62285714 0.57857143 0.34857143 0.2 0.44110722 0.055714286 0.055714286 0.05571923 0.098571429 0.099471166 0.11571429 -0.27428571 -0.27428571 -0.16857143 -0.16857143 -0.33857143 -0.33857143 -0.33857143 0.27571429 0.27571429 0.27571429 -0.46 -0.46 -0.45999944 -0.048571429 -0.048571429 -0.40857143 -0.55857143 0.46428571 0.04285786 0.21428571 0.33571429 0.33571429 -0.0014275244 0.31714286 -0.20428571 0.075713937 -0.32142857 0.22530444 0.22857143 0.12 0.12 -0.30142857 -0.30142857 -0.30142857
-0.54571429 -0.52104512 -0.50015425 -0.44142649 0.14285714 0.24857143 0.25142857 0.52 0.62285628 0.57906206 0.20000049 0.2 0.36857143 0.055714286 0.055714286 0.098571427 0.098571429 0.098572404 0.11571429 -0.27428571 -0.25352558 -0.16857143 -0.16857143 -0.33856422 -0.33857143 -0.19910041 0.085714286 0.085714286 0.08571431 -0.46 -0.46 -0.042857143 -0.042857143 -0.048572416 -0.40857143 0.028571362 0.41022322 0.042857143 0.042857143 0.33571427 -0.0014285714 -0.0014285714 -0.0014279635 0.075714286 0.075714286 -0.32142857 0.22857143 0.22857143 0.12 0.12 -0.30142857 -0.30142857 -0.30142857
0.09 0.040223306 0.085691937 0.08190211 0.14285758 0.24856893 0.25142857 0.51669404 0.61576923 0.62170072 0.36857143 0.36857143 0.36857143 0.36857143 0.055758604 0.098571429 0.098571429 0.09879277 0.11571429 -0.27414273 0.21142857 0.21142857 0.21142857 0.21142857 -0.32891035 0.085714286 0.085714286 0.085714286 0.085714286 0.085407024 -0.042857143 -0.042857143 -0.042857143 -0.042857143 0.028571428 0.028571429 0.028571429 0.042266662 0.041752021 -0.10428571 -0.10428571 -0.0014341039 -0.058566832 0.075701352 0.075714286 -0.32142857 0.22857143 0.22857143 0.12 0.12 -0.29989967 -0.30142857 -0.042875074
0.09 0.085714286 0.085714286 0.085714286 0.085714286 0.085714354 0.25142125 0.37851993 0.59685934 0.36884418 0.36857143 0.36857143 0.36857143 0.36857143 0.36857148 0.098571428 0.098571431 0.099747312 0.11571435 0.21142857 0.21142857 0.21142857 0.21142857 0.21142857 0.21161336 0.12201673 0.12571428 0.12571429 0.12571429 0.12571429 -0.042857141 -0.042857143 -0.042857356 -0.22 -0.22 0.028571429 -0.17281114 -0.17857143 -0.10428576 -0.10428571 -0.10428571 -0.10428571 -0.058571429 -0.058571429 -0.058571429 -0.060400675 0.34767644 0.34857143 0.34857143 0.34857143 0.34857142 0.79714263 0.79714286
0.22714286 0.085714286 0.085714286 0.085714286 0.085714286 0.085714286 0.085714296 0.22681376 0.44343947 0.44285714 0.44285714 0.44285714 0.44285714 0.44285714 0.44285714 0.24406856 0.10081736 0.1009189 0.21141653 0.21142857 0.21142857 0.21142857 0.21142857 0.21142865 0.22 0.22 0.21999987 0.12571429 0.12571429 0.12562847 0.082857143 0.082857143 -0.22 -0.22 -0.22 -0.18520785 -0.17857143 -0.17857143 -0.17857143 -0.10428571 -0.10428571 -0.10428571 -0.058571429 -0.058571429 -0.058571429 -0.058571429 0.34857142 0.34857143 0.34857143 0.34857143 0.34857143 0.79714286 0.79714286
0.22714286 0.17449061 0.085714286 0.085714286 0.085714286 0.085714286 0.007158278 0.0071428571 0.0071428679 0.44285714 0.44285714 0.44285714 0.44285714 0.44285714 0.39810544 0.24 0.24 0.24 0.28263958 0.28285707 0.28285714 0.28285714 0.28285714 0.28285714 0.22 0.22 0.22 0.22 0.12571429 0.082857143 0.082857143 0.082857143 -0.21999997 -0.22 -0.22 -0.21428571 -0.17861872 -0.17857143 -0.17857143 -0.10432126 -0.17523191 -0.3407198 -0.058571429 -0.058571429 -0.14117287 -0.14142857 -0.14142857 0.34755124 -0.26926195 -0.27142852 -0.27142845 -0.12128957 0.79714099
0.22714286 -0.16072394 -0.044411838 0.085714286 0.085714286 0.0071892809 0.0071428571 0.0071428571 0.0071428571 0.010282739 0.44285714 0.44285714 0.44285714 0.44285712 0.24 0.24 0.24 0.24 0.28281886 0.28285714 0.28285714 0.28285714 0.28285714 0.28285714 0.22 0.22 0.22 0.22 0.21950116 0.082857143 0.082857143 0.082857143 0.014285716 -0.21999376 -0.21428571 -0.21428571 -0.21428571 -0.21393757 -0.33111374 -0.34142857 -0.34142857 -0.34142857 -0.38571429 -0.38571429 -0.14142857 -0.14142857 -0.14142857 -0.27142857 -0.27142857 -0.27142857 -0.27142857 -0.12142857 -0.12142857
-0.1711012 -0.17142857 -0.17142857 -0.17142857 -0.031428571 0.0071418622 0.0071428571 0.0071428571 0.0071428571 0.0071428571 0.43463723 0.44285573 0.44285714 0.24 0.24 0.24 0.24 0.24 0.23524325 0.28285714 0.28285714 0.28285714 0.28285714 0.28285714 0.1425973 -0.0357129 -0.035714286 -0.035714286 -0.035714286 0.082857139 0.014285715 0.014285714 0.014285714 0.014285714 -0.21428571 -0.21428489 -0.18285714 -0.18285714 -0.33944857 -0.34142857 -0.34142857 -0.34142857 -0.38571429 -0.38571429 -0.17925241 -0.14142857 -0.14142857 -0.27142857 -0.27142857 -0.27142857 -0.26982018 -0.12142857 -0.12142857
-0.17142857 -0.17142857 -0.17142857 -0.10550048 -0.031428571 -0.031428571 0.0071428571 0.0071428571 0.0071428571 0.0071428571 0.33428571 0.33428571 0.33428571 0.24 0.24 0.24 0.24 0.23998088 0.11142857 0.11142857 0.28285707 0.28285714 0.27478825 -0.048571428 -0.048455683 -0.035714286 -0.035714286 -0.035714286 -0.035714286 0.014280623 0.014285714 0.014285714 0.014285714 0.014285714 -0.18285725 -0.18285714 -0.18285714 -0.18285714 -0.18341444 -0.34142857 -0.34142857 -0.34142857 -0.38571429 -0.38571429 -0.38571429 -0.14142857 -0.14142857 -0.27142857 -0.27142857 -0.27142857 -0.12142857 -0.12142857 -0.12142857
-0.17142857 -0.17142857 -0.17142857 -0.031428571 -0.031428571 -0.031428571 -0.031428512 0.0071428571 0.0071428571 0.33394801 0.33428571 0.33428571 0.33428571 0.33422697 0.14633826 0.12428571 0.12428571 0.12428571 0.11142857 0.11142857 0.11142857 -0.048571429 -0.048571429 -0.048571429 -0.048635058 -0.16160012 -0.035714286 -0.035714286 -0.035714286 0.066558678 0.079993537 0.08 0.08 0.08 -0.17954501 -0.1757143 -0.17571429 -0.17571429 -0.17571429 -0.39856361 -0.39857143 -0.39857143 -0.38571429 -0.38571429 -0.40857133 -0.40857133 -0.12 -0.12 -0.087142857 -0.087142857 -0.087142857 -0.12142857 0.2496679
-0.17142841 -0.17142857 -0.17142857 -0.031428571 -0.031428571 -0.031428571 -0.031428569 0.16571424 0.0077768876 0.33394243 0.33428571 0.33428571 0.33428571 0.33387364 0.12428571 0.12428571 0.12428571 0.12428571 0.11142857 0.11142857 0.11142857 -0.048571429 -0.048571429 -0.048571429 -0.27571429 -0.27571429 -0.12428572 -0.12428571 -0.12428571 -0.12317127 0.08 0.08 0.08 0.08 -0.047786959 -0.17571429 -0.17571429 -0.17571429 -0.17571429 -0.39857143 -0.39857143 -0.39857143 -0.39888607 -0.40857143 -0.40857143 -0.40857143 -0.12 -0.12 -0.087142857 -0.087142857 -0.087142857 0.24999999 0.25
-0.12 -0.14152745 -0.051428571 -0.051422769 -0.031428571 0.16457362 0.16571429 0.16571429 0.06368827 -0.044285716 -0.044285714 -0.044285714 -0.044285714 0.25427599 0.25428571 0.12428581 0.12428571 0.12394695 0.11142857 0.11142857 0.11142857 -0.39428571 -0.39428571 -0.39428571 -0.27571429 -0.27571429 -0.12428571 -0.12428571 -0.12428571 -0.12428573 -0.1399986 -0.13999938 0.07447063 0.079764145 -0.32382439 -0.32428571 -0.32428571 -0.32428571 -0.32428571 -0.39857143 -0.39857143 -0.39857143 -0.40802075 -0.40857143 -0.40857143 -0.40857141 -0.12 -0.12 -0.11999882 -0.087142857 -0.087127334 0.26 0.25
-0.1028604 -0.10285713 -0.051428571 -0.051428571 -0.051428571 0.16571429 0.16571429 0.16571429 -0.11428571 -0.11428571 -0.044285714 -0.044285714 -0.044285714 0.25428571 0.25428571 0.25428571 0.25428571 0.25426937 0.11142857 0.11142857 0.11142855 -0.39428571 -0.39428571 -0.39428571 -0.27571429 -0.27571429 -0.12428571 -0.12428571 -0.12428571 -0.13982282 -0.14 -0.14 -0.14 -0.14 -0.32419478 -0.32428571 -0.32428571 -0.32428571 -0.32428571 -0.32285716 -0.32285714 -0.32285714 -0.32285714 -0.40857068 -0.31142857 -0.31142857 -0.31142857 0.014285714 0.014285714 0.014285714 0.26 0.26 0.26
-0.10285714 -0.10285714 -0.051428571 -0.051428571 -0.051428571 0.16457294 0.16571429 -0.11428571 -0.11428571 -0.11428571 -0.044294331 -0.044285714 0.16699939 0.25428571 0.25428571 0.25428571 0.25428571 0.16285714 0.16285714 0.16285714 -0.45857143 -0.45857138 -0.39428603 -0.39428571 -0.39429562 -0.46714286 -0.46714286 -0.46714204 -0.12434112 -0.54991829 -0.54999782 -0.54992842 -0.14070073 -0.14035383 -0.29173001 -0.32428581 -0.32511873 -0.57285714 -0.57285714 -0.32285714 -0.32285714 -0.32285714 -0.32285714 -0.31142857 -0.31142857 -0.31142857 -0.31142857 0.014285714 0.014285714 0.014285714 0.26 0.26 0.26
-0.10285714 -0.10285714 -0.051428571 -0.051428571 -0.051428571 -0.051428571 0.060918465 -0.11428571 -0.11428571 -0.11428571 -0.11410422 0.21428571 0.21428571 0.21428571 0.25404999 0.25428571 0.1634664 0.16285714 0.16285714 0.16285714 -0.45857143 -0.45857143 -0.45857143 -0.45857143 -0.46714286 -0.46714286 -0.46714286 -0.46714286 -0.46714286 -0.55 -0.55 -0.55 -0.55 -0.54999989 -0.5 -0.57285714 -0.57285714 -0.57285714 -0.57285714 -0.57285665 -0.45714286 -0.45714286 -0.45714286 -0.36230883 -0.16571429 -0.16571429 -0.16571429 0.014285709 0.014285638 -0.064285714 -0.064285714 0.13574452 0.13571429
-0.10285714 -0.10285714 -0.069990674 -0.051428571 -0.051428571 -0.051428565 0.22368491 -0.11321872 -0.11428571 -0.11428571 0.21428573 0.21428571 0.21428571 0.21428571 0.21428571 0.21755674 0.16285714 0.16285714 0.16285714 0.16285714 -0.45856662 -0.45857143 -0.45857143 -0.45857143 -0.46714286 -0.46714286 -0.46714286 -0.46714286 -0.46714286 -0.57005739 -0.55 -0.55 -0.55 -0.5 -0.5 -0.50005658 -0.57285714 -0.57285714 -0.64119453 -0.6942857 -0.45714286 -0.45714286 -0.45714286 -0.36337895 -0.16571429 -0.16571429 -0.16571429 -0.38285714 -0.068255083 -0.064285714 -0.064285714 0.13571429 0.13571429
0.29142857 0.29142857 0.29142857 0.034535139 -0.050981922 0.22428571 0.22428571 0.22428571 0.22428571 0.28857143 0.28857143 0.21428572 0.21428571 0.21428571 0.21428571 0.21428246 0.16285714 0.16285714 0.16285714 0.16285714 -0.18740016 -0.45857143 -0.45857143 -0.44638349 -0.013976554 -0.46714286 -0.46714286 -0.46714286 -0.57714286 -0.57714286 -0.57714286 -0.57714274 -0.5 -0.5 -0.5 -0.5 -0.69428571 -0.69428571 -0.69428571 -0.69428571 -0.47142857 -0.47142857 -0.47142857 -0.12714978 -0.12714286 -0.12714286 -0.12714287 -0.38285714 -0.38285714 -0.064673876 -0.064285714 0.13571253 0.13571429
