interpolatedSpi/06-10|21_2.tif
NCOLS 53
NROWS 52
XLLCORNER -116.03883
YLLCORNER 28.596182
DX 0.49850594
DY 0.49788537
NODATA_VALUE -9999
[rows 0 to 40 of 52, columns 0 to 52 of 53]
-1.11 -1.11 -1.3132974 -1.12 -1.128 -1.362 -1.15 -1.18 -1.2334385 -1.064 -1.44 -0.922 -1.3499967 -1.31 -1.178 -1.178 -1.178 -0.63 -0.98 -0.98 -0.98 -0.9799912 -0.066000014 -1.454 -1.454 -1.454 -1.2899936 -1.29 -1.29 -0.648 -0.648 -0.648 -0.648 -0.672 -0.672 -0.672 -0.672 -0.672 -0.672 -0.67200002 -1.3526682 -1.3596645 -0.042 -0.042 -0.042 -0.042 -0.041817066 0.07 0.07 0.07 0.030000083 0.03 0.03
-1.1100219 -1.604 -1.0359995 -1.0507553 -1.4079581 -0.776 -1.152 -1.2037244 -1.614 -1.27 -1.16 -1.35 -1.35 -1.1405669 -1.3099968 -1.178 -0.63 -0.63 -0.97954365 -0.98 -0.98 -0.98 -1.4429462 -1.454 -1.454 -1.454 -1.478 -1.478 -0.648 -0.648 -0.648 -0.648 -0.648 -0.672 -0.672 -0.672 -0.672 -0.672 -0.67200003 -0.70806285 -0.86400604 -0.14174335 -0.042 -0.042 -0.042 -0.042 -0.042 0.07 0.07 0.07 0.066683162 0.03 0.03
-1.4099864 -1.41 -0.6 -0.886 -0.74 -1.03 -0.614 -1.014 -1.354 -1.182 -1.198 -1.44 -1.046 -0.988 -1.14 -1.436 -0.63 -0.63 -0.63 -0.9580064 -0.958 -0.958 -1.244 -1.454 -1.454 -1.454 -1.478 -1.478 -1.478 -0.648 -0.648 -0.648 -0.6354836 -0.67279821 -0.6759093 -1.0881513 -1.092 -1.092 -1.0633236 -0.864 -0.864 -0.86294887 -0.042 -0.042 -0.042 -0.042 -0.042 0.07 0.07 0.07 0.07 0.03 0.03
-0.43 -1.4099999 -0.6859375 -0.28 -0.498 -0.746 -0.558 -0.844 -0.528 -0.87834255 -1.008 -1.194 -1.158 -0.988 -0.93 -1.436 -1.7138577 -1.7152391 -1.478 -0.958 -0.958 -1.286 -1.244 -1.244 -1.454 -1.4540001 -1.478 -1.478 -1.478 -0.76 -0.68428247 -0.622 -0.622 -0.62200037 -1.092 -1.092 -1.092 -1.092 -0.864 -0.864 -0.864 -0.86399997 -0.042 -0.042 -0.042 -0.042 -0.042 0.069998587 0.07 0.07 0.07 0.029968055 0.03
-0.43 -0.15800097 -0.686 -0.79027861 -0.498 -0.542 -0.98797537 -0.916 -1.112 -0.59400031 -0.94683873 -1.1140123 -1.2 -0.93 -0.93 -1.2729629 -1.716 -1.716 -1.478 -1.478 -0.9580006 -1.286 -1.154 -1.04 -0.974 -0.9738729 -1.478 -1.478 -0.76 -0.76 -0.622 -0.622 -0.622 -0.60615972 -1.092 -1.092 -1.092 -0.864 -0.864 -0.864 -0.864 -0.86401892 -0.042000015 -0.042 -0.042 -0.042 -0.042 -0.041003061 0.07 0.069954353 -0.948 -0.948 -0.948
-1.5 -0.664 -0.51000001 -0.688 -0.736 -0.592 -0.896 -0.89856057 -0.762 -0.538 -0.52 -0.304 -0.30400059 -1.39 -1.39 -1.883774 -1.884 -1.634 -1.634 -1.4779994 -0.756 -0.756 -1.04 -0.974 -0.974 -0.43 -0.336 -0.336 -0.42003078 -0.76 -0.622 -0.622 -0.538 -0.5379417 0.019959819 -0.744 -0.744 -0.82687526 -0.864 -0.864 -1.0597555 -1.06 -1.0599987 -1.3426278 -1.3658537 -1.3659996 -1.366 -1.3659995 -0.48298625 -0.948 -0.948 -0.948 -0.948
-0.17200585 -0.7 -0.74562686 -0.404 -0.63 -1.014 -0.582 -0.616 -0.83 -0.83 -0.52 -1.03 -1.5419999 -1.39 -0.94800132 -0.948 -1.884 -0.916 -0.816 -0.816 -0.81820697 -0.888 -0.888 -0.36600001 -0.43 -0.43 -0.336 -0.336 -0.41999604 -0.41992704 -0.056914109 -0.538 -0.538 0.02 0.02 -0.73964288 -0.744 -0.744 -0.98599161 -1.0599999 -1.06 -1.06 -1.0599914 -1.365994 -1.366 -1.366 -1.366 -1.3659994 -0.422 -0.94789576 -0.948 -0.948 -0.948
-0.172 -0.122 -0.286 -0.97 -0.87600539 -0.738 -0.364 -1.146 -1.026 -0.848 -0.848 -1.192 -1.542 -1.542 -0.95207539 -1.0736845 -1.086 -0.712 -0.76200006 -0.816 -0.14151005 -0.15 0.286 0.026000001 0.026002244 0.2 -0.626 -0.6259999 -0.35223828 -0.35199999 -0.056 -0.52693975 -0.788 0.02 0.0037999578 -0.736 -0.736 -0.986 -0.986 -1.06 -1.06 -1.06 -0.28533669 -0.28400006 -1.366 -1.366 -1.366 -0.42203593 -0.422 -0.422 -0.948 -0.948 -0.948
-0.064348095 -0.122 0.264 -0.548 -0.282 -0.512 -0.622 -0.71 -1 -0.90271261 -1.008 -1.126 -1.126 -1.172 -1.1719962 -0.65919287 -0.658 -0.658 -0.71963258 -0.17199997 -0.05 -0.050000001 0.006 0.1756566 0.18246539 0.2 -0.708 -0.626 -0.26610358 -0.264 -0.454 -0.04 0.13224609 -0.426 -0.548 -0.558 -0.748 -0.772 -0.84396675 -1.0576163 -0.526 -0.396 -0.28399414 -0.284 -0.29009008 -1.366 -1.11 -0.42200001 -0.422 -0.422 -0.422 -0.99356972 -0.472
0.258 0.258 0.394 0.026 -0.072 -0.598 -1.024 -0.56 -0.638 -0.87802569 -1.202 -0.618 -1.172 -1.172 -0.764 -0.76254616 -0.658 -0.65793745 -0.384 -0.172 -0.172 -0.1562823 0.006 -0.19199625 -0.192 -0.192 -0.708 -0.078000001 -0.078 -0.264 -0.264 -0.039351358 0.302 -0.426 -0.048 -0.558 -0.748 -0.63 -0.844 -0.95812001 -0.39600001 -0.34163377 -0.248 -0.284 -0.284 -1.11 -1.11 -1.11 -0.422 -0.422 -1.314 -1.314 -1.3139997
0.258 0.258 -0.1 -0.222 -0.952 -0.13 -0.586 -1.1018857 -1.104 -0.96 -1.052 -1.274 -0.61887415 -0.764 -0.764 -0.76395524 -0.376 -0.37641988 -0.384 -0.85 -0.85 -0.16 -0.16 -0.192 -0.192 -0.192 -0.078 -0.078 -0.078 0.282 0.282 0.28200003 -0.102 -0.102 -0.348 -0.412 -0.29 -0.97798747 -1.084 -0.96 -0.96 -0.70999848 -0.248 -0.284 -0.68800023 -1.096 -0.85311115 -0.852 -0.77 -0.77 -1.314 -1.314 -1.314
0.258 0.10335935 -0.15206175 -0.69799099 -0.436 -0.578 -0.586 -1.102 -1.104 -0.96159535 -1.2739996 -1.274 -0.914 -0.764 -0.764 -0.37600001 -0.376 -0.37600046 -0.384 -0.85 -0.71449804 -0.16 -0.16 -0.19199943 -0.192 -0.22487196 -0.292 -0.292 -0.29199997 0.282 0.282 -0.05 -0.05 -0.10200067 -0.348 -0.41800006 -0.16428267 -0.978 -0.978 -0.95999999 -0.71 -0.71 -0.70999977 -0.688 -0.688 -1.096 -0.852 -0.852 -0.77 -0.77 -1.314 -1.314 -1.314
-0.908 -0.41695249 -0.44199182 -0.44385078 -0.43600091 -0.57799665 -0.586 -1.0956483 -1.1038622 -1.1002398 -0.914 -0.914 -0.914 -0.914 -0.76402125 -0.376 -0.376 -0.37610329 -0.384 -0.8500167 -0.918 -0.918 -0.918 -0.918 -0.20436341 -0.292 -0.292 -0.292 -0.292 -0.29170943 -0.05 -0.05 -0.05 -0.05 -0.418 -0.418 -0.418 -0.94928133 -0.97818025 -1.002 -1.002 -0.71001571 -1.2599804 -0.68805509 -0.688 -1.096 -0.852 -0.852 -0.77 -0.77 -1.3120264 -1.314 -0.62368336
-0.908 -0.442 -0.442 -0.442 -0.442 -0.44200006 -0.58597947 -0.83015226 -1.1034945 -0.91420106 -0.914 -0.914 -0.914 -0.914 -0.91400015 -0.37600001 -0.376 -0.37654875 -0.38400162 -0.918 -0.918 -0.918 -0.918 -0.918 -0.90831324 -0.40292637 -0.45199997 -0.452 -0.452 -0.452 -0.05 -0.05 -0.050000197 -0.214 -0.214 -0.418 -0.41216685 -0.412 -1.0019997 -1.002 -1.002 -1.002 -1.26 -1.26 -1.26 -1.2588587 -1.3726413 -1.376 -1.376 -1.376 -1.376 -0.53000016 -0.53
-1.266 -0.442 -0.442 -0.442 -0.442 -0.442 -0.44200001 -0.74291559 -1.1217801 -1.122 -1.122 -1.122 -1.122 -1.122 -1.122 -1.0454904 -0.38660155 -0.37709564 -0.91793286 -0.918 -0.918 -0.918 -0.918 -0.91799996 -0.47 -0.47 -0.46999997 -0.452 -0.452 -0.4512591 -0.082 -0.082 -0.214 -0.214 -0.214 -0.3802824 -0.412 -0.412 -0.412 -1.002 -1.002 -1.002 -1.26 -1.26 -1.26 -1.26 -1.376 -1.376 -1.376 -1.376 -1.376 -0.53 -0.53
-1.266 -0.95923416 -0.442 -0.442 -0.442 -0.442 -0.83192346 -0.832 -0.83200001 -1.122 -1.122 -1.122 -1.122 -1.122 -1.1047927 -1.044 -1.044 -1.044 -0.88609769 -0.88600003 -0.886 -0.886 -0.886 -0.886 -0.47 -0.47 -0.47 -0.47 -0.452 -0.082 -0.082 -0.082 -0.21399999 -0.214 -0.214 -0.074 -0.41155248 -0.412 -0.412 -1.0018898 -0.7824087 -0.27019376 -1.26 -1.26 -1.1024876 -1.102 -1.102 -1.3749186 -0.72029941 -0.71800006 -0.71800012 -0.014078277 -0.52999895
-1.266 -0.77748231 -0.60494682 -0.442 -0.442 -0.83176957 -0.832 -0.832 -0.832 -0.83408982 -1.122 -1.122 -1.122 -1.122 -1.044 -1.044 -1.044 -1.044 -0.88614114 -0.886 -0.886 -0.886 -0.886 -0.886 -0.47000001 -0.47 -0.47 -0.47 -0.46858871 -0.082 -0.082 -0.082 -0.052000001 -0.21398185 -0.074 -0.074 -0.074 -0.070551507 -0.27709981 -0.268 -0.268 -0.268 -0.764 -0.764 -1.102 -1.102 -1.102 -0.718 -0.718 -0.718 -0.718 -0.014 -0.014
-0.76428805 -0.764 -0.764 -0.764 -0.51 -0.83199169 -0.832 -0.832 -0.832 -0.832 -1.0894454 -1.1219944 -1.122 -1.044 -1.044 -1.044 -1.044 -1.044 -1.0153265 -0.886 -0.886 -0.886 -0.886 -0.886 -0.56780086 -0.37200053 -0.372 -0.372 -0.372 -0.081999998 -0.052000001 -0.052 -0.052 -0.052 -0.074 -0.073991678 0.242 0.242 -0.26163189 -0.268 -0.268 -0.268 -0.764 -0.764 -1.049666 -1.102 -1.102 -0.718 -0.718 -0.718 -0.71045129 -0.014 -0.014
-0.764 -0.764 -0.764 -0.64438761 -0.51 -0.51 -0.832 -0.832 -0.832 -0.832 -0.692 -0.692 -0.692 -1.044 -1.044 -1.044 -1.044 -1.0439098 -0.786 -0.786 -0.88599996 -0.886 -0.87728421 -0.528 -0.5265956 -0.372 -0.372 -0.372 -0.372 -0.052032584 -0.052 -0.052 -0.052 -0.052 0.24199889 0.242 0.242 0.242 0.24018155 -0.268 -0.268 -0.268 -0.764 -0.764 -0.764 -1.102 -1.102 -0.718 -0.718 -0.718 -0.014 -0.014 -0.014
-0.764 -0.764 -0.764 -0.51 -0.51 -0.51 -0.51000049 -0.832 -0.832 -0.69214452 -0.692 -0.692 -0.692 -0.6922193 -0.60205536 -0.498 -0.498 -0.498 -0.786 -0.786 -0.786 -0.528 -0.528 -0.528 -0.5279238 -0.31115518 -0.372 -0.372 -0.372 -0.054500563 -0.04600059 -0.046 -0.046 -0.046 0.06307209 -0.18799902 -0.188 -0.188 -0.188 -0.20200903 -0.202 -0.202 -0.764 -0.764 -0.48000119 -0.47999989 -0.16 -0.16 0.114 0.114 0.114 -0.014 0.53550823
-0.76399643 -0.764 -0.76399999 -0.51 -0.51 -0.51 -0.51 -0.080000219 -0.82899321 -0.69147951 -0.692 -0.692 -0.692 -0.69161932 -0.498 -0.498 -0.498 -0.49800008 -0.786 -0.786 -0.786 -0.528 -0.528 -0.528 -0.256 -0.256 -0.274 -0.274 -0.274 -0.27275619 -0.046 -0.046 -0.046 -0.046 -0.11696106 -0.188 -0.188 -0.188 -0.188 -0.202 -0.202 -0.202 -0.21074694 -0.48 -0.48 -0.48 -0.16 -0.16 0.114 0.114 0.114 0.53599999 0.536
0.386 -0.1471951 -0.112 -0.11211547 -0.51 -0.082487965 -0.08 -0.08 -0.06396734 -0.118 -0.118 -0.118 -0.118 0.18399017 0.184 -0.49799948 -0.498 -0.50558838 -0.786 -0.786 -0.786 0.348 0.348 0.348 -0.256 -0.256 -0.274 -0.274 -0.274 -0.27399986 -0.083999758 -0.083999893 -0.046955073 -0.046040739 -0.47350992 -0.474 -0.474 -0.474 -0.474 -0.202 -0.202 -0.202 -0.46469236 -0.48 -0.48 -0.47999994 -0.16 -0.16 -0.15999014 0.114 0.11398694 -0.178 0.536
0.062061529 0.06199997 -0.112 -0.112 -0.112 -0.08 -0.08 -0.08 -0.036 -0.036 -0.118 -0.118 -0.118 0.184 0.184 0.184 0.184 0.18388976 -0.786 -0.786 -0.78599996 0.348 0.348 0.348 -0.256 -0.256 -0.274 -0.274 -0.274 -0.086142264 -0.084 -0.084 -0.084 -0.084 -0.47380756 -0.474 -0.474 -0.474 -0.474 -0.074000033 -0.074 -0.074 -0.074 -0.4799975 -0.154 -0.154 -0.154 -0.142 -0.142 -0.142 -0.178 -0.178 -0.178
0.062 0.062 -0.112 -0.112 -0.112 -0.080168198 -0.08 -0.036 -0.036 -0.036 -0.11798991 -0.118 0.081378433 0.18399999 0.184 0.184 0.184 0.218 0.218 0.218 -0.41399998 -0.41399943 0.34799629 0.348 0.34728261 -0.576 -0.576 -0.57599928 -0.27404881 -0.05600558 -0.056000149 -0.056004888 -0.083952145 -0.083975836 -0.40452171 -0.4739999 -0.47314209 -0.218 -0.218 -0.074 -0.074 -0.074 -0.074 -0.154 -0.154 -0.154 -0.154 -0.142 -0.142 -0.142 -0.178 -0.178 -0.178
0.062 0.062 -0.112 -0.112 -0.112 -0.112 -0.063532085 -0.036 -0.036 -0.036 -0.035910514 0.126 0.126 0.126 0.18365819 0.184 0.21777343 0.218 0.218 0.218 -0.414 -0.414 -0.414 -0.414 -0.576 -0.576 -0.576 -0.576 -0.576 -0.056 -0.056 -0.056 -0.056 -0.056000623 -0.352 -0.218 -0.218 -0.218 -0.218 -0.21799974 -0.158 -0.158 -0.158 -0.26928942 -0.5 -0.5 -0.5 -0.14200001 -0.14200035 -0.502 -0.502 -0.43793675 -0.438
0.062 0.062 -0.049198218 -0.112 -0.112 -0.11199999 0.23551733 -0.035142806 -0.036 -0.035999999 0.12600008 0.126 0.126 0.126 0.126 0.13076776 0.218 0.218 0.218 0.218 -0.41399511 -0.414 -0.414 -0.414 -0.576 -0.576 -0.576 -0.576 -0.576 -0.35897213 -0.056 -0.056 -0.056 -0.352 -0.352 -0.35189595 -0.218 -0.218 -0.12457877 -0.052000015 -0.158 -0.158 -0.158 -0.26572406 -0.5 -0.5 -0.5 0.2 -0.49325315 -0.502 -0.502 -0.438 -0.438
-0.042 -0.042 -0.042 -0.094449076 -0.11150292 0.236 0.236 0.236 0.236 0.53 0.53 0.12600003 0.126 0.126 0.126 0.12600584 0.218 0.218 0.218 0.218 -0.1382157 -0.414 -0.414 -0.42179878 -0.70594407 -0.576 -0.576 -0.576 -0.466 -0.466 -0.466 -0.46599828 -0.352 -0.352 -0.352 -0.352 -0.052 -0.052 -0.052 -0.052 -0.08 -0.08 -0.08 0.10799622 0.108 0.108 0.10799981 0.2 0.2 -0.50114465 -0.502 -0.43799565 -0.438
-0.042 -0.042 -0.042 -0.041985568 0.226 0.22745416 0.236 0.236 0.236 0.53 0.53 0.53 0.40799999 0.408 0.408 0.40799999 0.21793405 0.218 0.218 0.218 0.20840036 -0.71199918 -0.712 -0.712 -0.712 -0.71200001 -0.982 -0.982 -0.466 -0.466 -0.466 -0.466 -0.35199965 -0.352 -0.352 -0.35196041 -0.05200001 -0.052 -0.052 -0.053517843 -0.08 -0.08 -0.08 0.10799128 0.108 0.108 0.108 0.2 0.2 0.20000003 0.424 0.424 0.65
-0.042 -0.042 -0.042 0.22599938 0.226 0.226 0.236 0.236 0.236 0.53 0.53 0.53 0.408 0.408 0.408 0.39078794 0.182 0.182 0.18200009 0.21779665 -0.712 -0.712 -0.712 -0.712 -0.712 -0.71220319 -0.982 -0.982 -0.982 -0.466 -0.466 -0.46625231 0.134 0.134 0.134 -0.54 -0.54 -0.398 -0.398 -0.398 -0.244 -0.080051442 -0.079998851 0.074 0.074 0.075288561 0.10800007 0.2 0.2 0.424 0.424 0.424 0.65
-0.042 -0.042 -0.042 0.226 0.226 0.226 0.226 0.236 0.236 0.53 0.53 0.41287824 0.408 0.408 0.408 0.182 0.182 0.182 0.182 0.182 -0.712 -0.712 -0.712 -0.712 -0.712 -0.98199908 -0.982 -0.982 -0.982 -0.858 -0.858 -0.858 0.134 0.134 0.134 -0.54 -0.54 -0.398 -0.398 -0.244 -0.244 -0.244 0.074 0.074 0.074 0.074 0.098315611 0.37 0.37 0.37 0.42400001 0.806 0.806
-0.042 -0.042 -0.041626798 0.226 0.226 0.226 0.226 0.64298116 0.664 0.66376994 0.52999999 0.40799799 0.408 0.408 0.40799922 0.182 0.182 0.182 0.182 0.182 -0.084761841 -0.712 -0.712 -0.712 -0.71187642 -0.98195105 -0.982 -0.982 -0.982 -0.858 -0.858 -0.858 -0.85785147 0.134 -0.54 -0.54 -0.54 -0.53999386 -0.3979895 -0.244 -0.244 -0.244 0.073980695 0.074 0.074 0.074 0.36999873 0.37 0.37 0.37 0.806 0.806 0.806
-0.222 -0.22199969 0.22584323 0.226 0.226 0.226 0.6639068 0.664 0.664 0.664 0.38400001 0.384 0.384 0.384 0.18293231 0.182 0.182 0.182 0.182 -0.057999857 -0.058 -0.058 -0.1120001 -0.112 -0.112 -0.112 -0.18709219 -0.982 -0.20603178 -0.206 -0.206 -0.206 -0.206 -0.13 -0.13 -0.13 -0.13 -0.13 0.262 0.262 0.262 0.262 0.262 0.24574072 0.246 0.246 0.246 0.37 0.37 0.37 0.80593131 0.806 0.806
-0.222 -0.222 -0.21711034 0.36199973 0.36199997 0.36229429 0.664 0.664 0.664 0.664 0.384 0.384 0.384 0.384 0.384 0.182 0.182 0.182 -0.05799994 -0.058 -0.058 -0.058 -0.112 -0.112 -0.112 -0.112 -0.112 -0.11218418 -0.20600077 -0.206 -0.206 -0.206 -0.20600031 -0.15494367 -0.13002583 -0.13 -0.13 -0.13 0.262 0.262 0.262 0.262 0.262 0.246 0.246 0.246 0.246 0.30398482 0.37 -0.059157892 -0.064 0.278 0.278
-0.222 -0.222 0.36192603 0.362 0.362 0.362 0.43870673 0.664 0.664 0.664 0.384 0.384 0.384 0.384 0.384 0.18215151 0.182 -0.057929634 -0.058 -0.058 -0.058 -0.058 -0.09199535 -0.112 -0.112 -0.112 -0.112 -0.11206812 -0.208 -0.208 -0.208 -0.208 -0.208 -0.174 -0.174 -0.174 -0.174 -0.174 0.208 0.208 0.208 0.208 0.208 0.24597558 0.24599999 0.246 0.2459983 0.24575139 -0.064 -0.064 -0.064 0.27799808 0.278
-0.22199973 -0.080807421 0.36199994 0.362 0.362 0.362 0.362 0.66387141 0.664 0.664 0.384 0.384 0.384 0.384 -0.038404693 -0.048 -0.048 -0.057999743 -0.058 -0.058 -0.058 -0.058 -0.058000019 -0.112 -0.112 -0.112 -0.112 -0.54199967 -0.54199985 -0.47091668 -0.208 -0.208 -0.208 -0.174 -0.174 -0.174 -0.174 -0.17412327 0.208 0.208 0.208 0.208 0.2079833 0.236 0.236 0.236 0.236 0.2359758 -0.064 -0.064 -0.064 -0.063999666 0.4789956
-0.078 -0.078 0.03561012 0.362 0.362 0.362 0.362 0.362 0.66387059 0.4 0.4 0.4 0.39996203 -0.047999378 -0.048 -0.048 -0.048 -0.048 -0.058000743 -0.064359495 -0.12 -0.12 -0.12 -0.11794741 -0.11167985 -0.10996682 -0.10876932 -0.542 -0.542 -0.542 -0.542 -0.542 -0.52328508 -0.35166775 -0.356 -0.356 -0.356 -0.356 0.16704789 -0.0099996084 -0.01 -0.01 -0.01 6.9201313e-07 0.23599994 0.236 0.236 -0.018 -0.063999263 -0.064 -0.064 0.482 0.482
-0.078 -0.078 0.14 0.14 0.14 0.36192605 0.362 0.362 0.4 0.4 0.4 0.4 0.4 -0.04799998 -0.048 -0.048 -0.048 -0.048 -0.12 -0.12 -0.12 -0.12 -0.12 -0.108 -0.108 -0.108 -0.108 -0.542 -0.542 -0.542 -0.542 -0.542 0.03 0.03 -0.356 -0.356 -0.356 0.095923025 0.096 -0.01 -0.01 -0.01 -0.0099999686 8.3092527e-35 2.202216e-88 2.3476094e-30 -0.018 -0.018 -0.018 0.004 0.004 0.482 0.482
-0.078 -0.078 0.14 0.14 0.14 0.14 0.14000128 0.374 0.39997552 0.4 0.4 0.4 0.4 -0.042411607 -0.048 -0.048 -0.048 -0.048 -0.12 -0.12 -0.12 -0.12 -0.12 -0.108 -0.108 -0.108 -0.108 -0.10800175 -0.542 -0.542 -0.542 0.029970011 0.03 0.03 0.03 -0.356 0.095999995 0.096 0.096 0.093210941 0.16534576 0.198 0.198 1.1645188e-11 3.4972626e-28 3.767376e-20 -0.018 -0.018 -0.018 0.004 0.004 0.004 0.3823712
0.032 0.031999137 0.14 0.14 0.14 0.14 0.374 0.374 0.374 0.4 0.4 0.4 0.4 0.39986073 -0.048 -0.048 -0.048 -0.048 -0.11999863 -0.12 -0.12 -0.12 -0.11010764 -0.108 -0.108 -0.108 -0.108 -0.048000049 -0.048 -0.048000005 -0.53667668 0.03 0.03 0.03 0.030000262 0.304 0.096 0.096 0.096 0.096000001 0.198 0.198 0.198 0.078 0.078 0.078 -0.1699852 -0.018 -0.018 0.0040000015 0.004 0.004 0.37200287
0.032 0.032 0.14 0.14 0.14 0.374 0.374 0.374 0.374 0.39717464 0.4 0.4 0.4 0.39999938 0.26596386 0.266 0.266 0.266 0.12483717 0.146 0.146 0.146 0.146 -0.108 -0.108 -0.108 -0.10799604 -0.048 -0.048 -0.048 -0.048 0.030022283 0.18411707 0.304 0.304 0.304 0.095828979 0.050000958 0.05 0.05 0.1979859 0.18 0.18 0.078 0.078 0.07799895 -0.17 -0.17 0.27 0.27 0.27 1.014 1.402
0.032 0.032000003 0.782 0.782 0.782 0.374 0.374 0.374 0.374 1.224 1.224 1.224 1.224 1.1564875 0.266 0.266 0.266 0.266 0.124 0.146 0.146 0.146 0.146 0.432 0.43199979 -0.1079992 -0.048 -0.048 -0.048 -0.048 0.049204847 0.144 0.28496219 0.304 0.304 0.304 0.05 0.05 0.05 0.05 0.18 0.18 0.18 0.064036579 0.064 -0.16894819 -0.17 -0.17 0.27000086 0.27 1.014 1.014 1.402
