interpolatedSpi/06-11|21_3.tif
NCOLS 53
NROWS 52
XLLCORNER -116.03883
YLLCORNER 28.596182
DX 0.49850594
DY 0.49788537
NODATA_VALUE -9999
[rows 0 to 30 of 52, columns 0 to 52 of 53]
-1.1433333 -1.1433333 -1.3089929 -1.205 -1.1733333 -1.5566667 -1.3266667 -1.345 -1.3487419 -1.2733333 -1.545 -0.94833333 -1.4266462 -1.1783333 -1.1966667 -1.1966667 -1.1966667 -0.5 -0.975 -0.975 -0.975 -0.97499093 -0.033333349 -1.615 -1.615 -1.615 -1.2599945 -1.26 -1.26 -0.68166667 -0.68166667 -0.68166667 -0.68166667 -0.92333328 -0.92333333 -0.92333333 -0.92333333 -0.92333333 -0.92333333 -0.92333335 -1.3866757 -1.3913561 -0.17166667 -0.17166667 -0.17166667 -0.17166667 -0.17139717 -0.0066666667 -0.0066666667 -0.0066666667 0.069999841 0.07 0.07
-1.1433605 -1.755 -1.181666 -1.1613515 -1.513292 -0.84 -1.2516667 -1.3564354 -1.7983333 -1.4966667 -1.2516667 -1.4266667 -1.4266667 -1.2580666 -1.1783345 -1.1966667 -0.5 -0.5 -0.97438066 -0.975 -0.975 -0.975 -1.5976298 -1.615 -1.615 -1.615 -1.5116667 -1.5116667 -0.68166667 -0.68166667 -0.68166667 -0.68166667 -0.68166667 -0.9233333 -0.92333333 -0.92333333 -0.92333333 -0.92333333 -0.92333335 -0.92795151 -0.92834764 -0.26348235 -0.17166667 -0.17166667 -0.17166667 -0.17166667 -0.17166667 -0.0066666667 -0.0066666667 -0.0066666667 -0.00030939328 0.07 0.07
-1.5366512 -1.5366667 -0.595 -0.9 -0.85166667 -1.215 -0.64166667 -1.1333333 -1.5983333 -1.4283333 -1.3183333 -1.5916667 -1.1516667 -1.0966667 -1.2583333 -1.645 -0.5 -0.5 -0.5 -0.98832946 -0.98833333 -0.98833333 -1.285 -1.615 -1.615 -1.615 -1.5116667 -1.5116667 -1.5116667 -0.68166667 -0.68166667 -0.68166666 -0.60945666 -0.92347671 -0.92555171 -1.1594827 -1.1616667 -1.1616667 -1.1323195 -0.92833333 -0.92833333 -0.92736575 -0.17166667 -0.17166667 -0.17166667 -0.17166667 -0.17166667 -0.0066666667 -0.0066666667 -0.0066666667 -0.0066666665 0.07 0.07
-0.305 -1.5366665 -0.80827461 -0.29833333 -0.68333333 -0.88 -0.68666667 -1.0266667 -0.73166667 -1.0690389 -1.245 -1.455 -1.4616667 -1.0966667 -1.16 -1.645 -1.8335463 -1.8340646 -1.6516667 -0.98833333 -0.98833333 -1.2916667 -1.285 -1.285 -1.615 -1.6149995 -1.5116667 -1.5116667 -1.5116667 -0.85666667 -0.67834641 -0.53166667 -0.53166667 -0.53166716 -1.1616667 -1.1616667 -1.1616667 -1.1616667 -0.92833333 -0.92833333 -0.92833333 -0.9283333 -0.17166667 -0.17166667 -0.17166667 -0.17166667 -0.17166667 -0.0066687481 -0.0066666667 -0.0066666667 -0.0066666667 0.069964016 0.07
-0.305 -0.051668054 -0.80833333 -0.95962081 -0.68333333 -0.62833333 -1.1999727 -1.0983333 -1.36 -0.81666694 -1.1338499 -1.285021 -1.4316667 -1.16 -1.16 -1.4874978 -1.835 -1.835 -1.6516667 -1.6516667 -0.98833389 -1.2916667 -1.1883333 -1.0266667 -0.97666667 -0.97653194 -1.5116667 -1.5116667 -0.85666667 -0.85666667 -0.53166667 -0.53166667 -0.53166667 -0.55020957 -1.1616667 -1.1616667 -1.1616667 -0.92833333 -0.92833333 -0.92833333 -0.92833333 -0.92833156 -0.17166668 -0.17166667 -0.17166667 -0.17166667 -0.17166667 -0.17019796 -0.0066666667 -0.0067126276 -1.0316667 -1.0316667 -1.0316667
-1.5583333 -0.70166667 -0.61833334 -0.77833333 -0.855 -0.73666667 -1.085 -1.086707 -0.87833333 -0.605 -0.62 -0.355 -0.35500071 -1.5183333 -1.5183333 -1.944792 -1.945 -1.75 -1.75 -1.651666 -0.81 -0.81 -1.0266667 -0.97666667 -0.97666667 -0.4 -0.38 -0.38 -0.55836023 -0.85666667 -0.53166667 -0.53166667 -0.63 -0.62993818 -0.038375902 -0.71 -0.71 -0.86078693 -0.92833333 -0.92833333 -0.91002287 -0.91 -0.90999834 -1.2718956 -1.2915429 -1.2916664 -1.2916666 -1.2916662 -0.40136481 -1.0316667 -1.0316667 -1.0316667 -1.0316667
0.029991137 -0.69333333 -0.71359823 -0.51166667 -0.81166667 -1.225 -0.73166666 -0.73833333 -0.94833333 -0.94833333 -0.62 -1.1633333 -1.6616666 -1.5183333 -1.0833346 -1.0833333 -1.945 -1.065 -0.89333333 -0.89333333 -0.85712649 -0.91 -0.91 -0.30666668 -0.4 -0.4 -0.38 -0.38 -0.55832469 -0.55817418 -0.02618925 -0.63 -0.63 -0.038333333 -0.038333333 -0.73087787 -0.71 -0.71 -0.95165829 -0.91000006 -0.91 -0.91 -0.9099896 -1.2916605 -1.2916667 -1.2916667 -1.2916667 -1.2916661 -0.30666667 -1.031523 -1.0316667 -1.0316667 -1.0316667
0.03 0.016666667 -0.22 -1.1466667 -1.048339 -0.94666667 -0.53666667 -1.3416667 -1.18 -0.935 -0.935 -1.3783333 -1.6616667 -1.6616667 -1.0873012 -1.3398632 -1.365 -0.84666667 -0.90499999 -0.89333333 -0.16207605 -0.17 0.26333333 0.14 0.14000112 0.22666667 -0.68 -0.67999989 -0.41051978 -0.40999999 -0.025 -0.63335043 -0.81833333 -0.038333333 -0.053829852 -0.74833333 -0.74833333 -0.95166667 -0.95166667 -0.91 -0.91 -0.90999999 -0.1844982 -0.18333339 -1.2916667 -1.2916667 -1.2916667 -0.30670416 -0.30666667 -0.30666667 -1.0316667 -1.0316667 -1.0316667
0.043975464 0.016666673 0.52666667 -0.51166667 -0.34833333 -0.67 -0.805 -0.86833333 -1.1116667 -1.0093288 -1.1283333 -1.2166667 -1.2166667 -1.2416667 -1.241663 -0.86971759 -0.86833333 -0.86833333 -0.85557134 -0.27499996 -0.076666667 -0.076666668 0.046666667 0.17794856 0.21793295 0.22666667 -0.75166667 -0.68 -0.32540592 -0.32333333 -0.58166667 -0.115 0.044487082 -0.53333333 -0.58166667 -0.60166667 -0.76166667 -0.95 -0.82006003 -0.90694232 -0.225 -0.275 -0.18332655 -0.18333333 -0.18957163 -1.2916667 -1.1 -0.30666667 -0.30666667 -0.30666667 -0.30666667 -1.0430798 -0.37
0.19666667 0.19666667 0.83666667 0.40333333 -0.20166667 -0.72166667 -1.1266667 -0.64333333 -0.71333333 -0.9833605 -1.2866667 -0.52833333 -1.2416667 -1.2416667 -0.84833333 -0.84860764 -0.86833333 -0.86825362 -0.52833333 -0.275 -0.275 -0.24944801 0.046666667 -0.2366613 -0.23666667 -0.23666667 -0.75166667 -0.053333334 -0.053333333 -0.32333333 -0.32333333 -0.11439941 0.20166667 -0.53333333 -0.03 -0.60166667 -0.76166667 -0.59166667 -0.82 -0.88722587 -0.275 -0.22602141 -0.14166667 -0.18333333 -0.18333333 -1.1 -1.1 -1.1 -0.30666667 -0.30666667 -1.1233333 -1.1233333 -1.1233331
0.19666667 0.19666667 0.15 -0.24166667 -1.0216667 -0.19333333 -0.74666667 -1.2881723 -1.2166667 -1.0516667 -1.1316667 -1.3 -0.52936171 -0.84833333 -0.84833333 -0.84828469 -0.42666667 -0.43200261 -0.52833333 -0.95166667 -0.95166667 -0.30333333 -0.30333333 -0.23666667 -0.23666667 -0.23666667 -0.053333333 -0.053333333 -0.053333333 0.18333333 0.18333333 0.18333336 -0.18 -0.18 -0.42 -0.52666667 -0.21333333 -0.97332017 -1.03 -0.88833333 -0.88833333 -0.66333162 -0.14166667 -0.18333333 -0.53333359 -0.96166667 -0.86933107 -0.86833333 -0.73333333 -0.73333333 -1.1233333 -1.1233333 -1.1233333
0.19666667 0.17639307 -0.017138136 -0.68165439 -0.39 -0.79333333 -0.74666667 -1.2883333 -1.2166673 -1.0534947 -1.2999997 -1.3 -0.97833333 -0.84833333 -0.84833333 -0.42666668 -0.42666667 -0.42667245 -0.52833333 -0.95166667 -0.82434719 -0.30333333 -0.30333333 -0.23667011 -0.23666667 -0.27885234 -0.365 -0.365 -0.36499996 0.18333333 0.18333333 -0.17333333 -0.17333333 -0.18000066 -0.42 -0.41166674 -0.087188447 -0.97333333 -0.97333333 -0.88833333 -0.66333333 -0.66333333 -0.66333231 -0.53333333 -0.53333333 -0.96166667 -0.86833333 -0.86833333 -0.73333333 -0.73333333 -1.1233333 -1.1233333 -1.1233333
-0.895 -0.50470418 -0.55498801 -0.55591251 -0.39000222 -0.79332381 -0.74666667 -1.2816657 -1.2216052 -1.2123581 -0.97833333 -0.97833333 -0.97833333 -0.97833333 -0.84835175 -0.42666667 -0.42666667 -0.42797935 -0.52833333 -0.95170591 -1.0966667 -1.0966667 -1.0966667 -1.0966667 -0.25132039 -0.365 -0.365 -0.365 -0.365 -0.36470873 -0.17333333 -0.17333333 -0.17333333 -0.17333333 -0.41166667 -0.41166667 -0.41166667 -0.94444719 -0.97303291 -0.93333333 -0.93333333 -0.66334786 -1.1149801 -0.53338936 -0.53333333 -0.96166667 -0.86833333 -0.86833333 -0.73333334 -0.73333333 -1.1219185 -1.1233333 -0.58147578
-0.895 -0.555 -0.555 -0.555 -0.555 -0.5550001 -0.74678604 -1.0029539 -1.2347808 -0.97858595 -0.97833333 -0.97833333 -0.97833333 -0.97833333 -0.97833359 -0.42666667 -0.42666668 -0.43364031 -0.52833376 -1.0966667 -1.0966667 -1.0966667 -1.0966667 -1.0966667 -1.082793 -0.43425745 -0.46833331 -0.46833333 -0.46833333 -0.46833333 -0.17333333 -0.17333333 -0.1733334 -0.23 -0.23 -0.41166667 -0.35171484 -0.35 -0.933333 -0.93333333 -0.93333333 -0.93333333 -1.115 -1.115 -1.115 -1.1139329 -1.3866252 -1.39 -1.39 -1.39 -1.39 -0.52500012 -0.525
-1.2833333 -0.555 -0.555 -0.555 -0.555 -0.555 -0.55500001 -0.92129163 -1.339355 -1.34 -1.34 -1.34 -1.34 -1.34 -1.34 -1.1896632 -0.43873654 -0.44058843 -1.0965952 -1.0966667 -1.0966667 -1.0966667 -1.0966667 -1.0966663 -0.455 -0.455 -0.45500002 -0.46833333 -0.46833333 -0.46754237 -0.073333333 -0.073333333 -0.23 -0.23 -0.23 -0.33077715 -0.35 -0.35 -0.35 -0.93333333 -0.93333333 -0.93333333 -1.115 -1.115 -1.115 -1.115 -1.39 -1.39 -1.39 -1.39 -1.39 -0.525 -0.525
-1.2833333 -1.0121831 -0.555 -0.555 -0.555 -0.555 -1.0399048 -1.04 -1.04 -1.34 -1.34 -1.34 -1.34 -1.34 -1.3061736 -1.1866667 -1.1866667 -1.1866667 -0.82416617 -0.82333361 -0.82333333 -0.82333333 -0.82333333 -0.82333333 -0.455 -0.455 -0.455 -0.455 -0.46833333 -0.073333333 -0.073333333 -0.073333333 -0.22999999 -0.23 -0.23 0.0016666667 -0.34953438 -0.35 -0.35 -0.93321477 -0.69698848 -0.14569447 -1.115 -1.115 -1.1731533 -1.1733333 -1.1733333 -1.3889894 -0.77714915 -0.77500005 -0.77500012 -0.086733184 -0.52499911
-1.2833333 -0.95408666 -0.75235795 -0.555 -0.555 -1.0397134 -1.04 -1.04 -1.04 -1.0421619 -1.34 -1.34 -1.34 -1.34 -1.1866667 -1.1866667 -1.1866667 -1.1866667 -0.82365789 -0.82333333 -0.82333333 -0.82333333 -0.82333333 -0.82333333 -0.45500001 -0.455 -0.455 -0.455 -0.45361175 -0.073333333 -0.073333333 -0.073333333 -0.040000001 -0.22997185 0.0016666667 0.0016666667 0.0016666667 0.0053230017 -0.15640125 -0.14333333 -0.14333333 -0.14333333 -0.80833333 -0.80833333 -1.1733333 -1.1733333 -1.1733333 -0.775 -0.775 -0.775 -0.775 -0.086666667 -0.086666667
-0.94517855 -0.945 -0.945 -0.945 -0.70333333 -1.0399913 -1.04 -1.04 -1.04 -1.04 -1.3105999 -1.3399949 -1.34 -1.1866667 -1.1866667 -1.1866667 -1.1866667 -1.1866667 -1.1394551 -0.82333333 -0.82333333 -0.82333333 -0.82333333 -0.82333333 -0.50911004 -0.28333426 -0.28333333 -0.28333333 -0.28333333 -0.073333332 -0.040000001 -0.04 -0.04 -0.04 0.0016666667 0.0016754887 0.33666667 0.33666667 -0.13733982 -0.14333333 -0.14333333 -0.14333333 -0.80833333 -0.80833333 -1.1168188 -1.1733333 -1.1733333 -0.775 -0.775 -0.775 -0.76761928 -0.086666667 -0.086666667
-0.945 -0.945 -0.945 -0.83119556 -0.70333333 -0.70333333 -1.04 -1.04 -1.04 -1.04 -0.95166667 -0.95166667 -0.95166667 -1.1866667 -1.1866667 -1.1866667 -1.1866667 -1.1865686 -0.89 -0.89 -0.82333336 -0.82333333 -0.8185859 -0.62833333 -0.62522745 -0.28333333 -0.28333333 -0.28333333 -0.28333333 -0.040024777 -0.04 -0.04 -0.04 -0.04 0.33666549 0.33666667 0.33666667 0.33666667 0.33495249 -0.14333333 -0.14333333 -0.14333333 -0.80833333 -0.80833333 -0.80833333 -1.1733333 -1.1733333 -0.775 -0.775 -0.775 -0.086666667 -0.086666667 -0.086666667
-0.945 -0.945 -0.945 -0.70333333 -0.70333333 -0.70333333 -0.70333385 -1.04 -1.04 -0.95175785 -0.95166667 -0.95166667 -0.95166667 -0.95181307 -0.70640937 -0.59333333 -0.59333333 -0.59333333 -0.89 -0.89 -0.89 -0.62833333 -0.62833333 -0.62833333 -0.62821194 -0.23700035 -0.28333333 -0.28333333 -0.28333333 -0.091699108 -0.096661093 -0.096666667 -0.096666667 -0.096666667 0.14855071 -0.11499897 -0.115 -0.115 -0.115 -0.26331691 -0.26333333 -0.26333333 -0.80833333 -0.80833333 -0.63666738 -0.63666654 -0.28833333 -0.28833333 -0.021666667 -0.021666667 -0.021666667 -0.086666667 0.41621663
-0.94499655 -0.945 -0.94499999 -0.70333333 -0.70333333 -0.70333333 -0.70333333 -0.16833359 -1.0365147 -0.95106366 -0.95166667 -0.95166667 -0.95166667 -0.95096352 -0.59333333 -0.59333333 -0.59333333 -0.59333342 -0.89 -0.89 -0.89 -0.62833333 -0.62833333 -0.62833333 -0.195 -0.195 -0.28166667 -0.28166667 -0.28166667 -0.28065743 -0.096666667 -0.096666667 -0.096666667 -0.096666667 -0.10582839 -0.115 -0.115 -0.115 -0.115 -0.26333333 -0.26333333 -0.26333333 -0.27507983 -0.63666667 -0.63666667 -0.63666667 -0.28833333 -0.28833333 -0.021666667 -0.021666667 -0.021666667 0.41666665 0.41666667
0.16666667 -0.34614125 -0.21166667 -0.21180931 -0.70333333 -0.17142883 -0.16833333 -0.16833333 -0.14707791 -0.28666666 -0.28666667 -0.28666667 -0.28666667 0.1383195 0.13833333 -0.59333277 -0.59333333 -0.60115006 -0.89 -0.89 -0.89 0.3 0.3 0.3 -0.195 -0.195 -0.28166667 -0.28166667 -0.28166667 -0.2816666 -0.18666609 -0.18666641 -0.098928682 -0.096763153 -0.66767765 -0.66833333 -0.66833333 -0.66833333 -0.66833333 -0.26333333 -0.26333333 -0.26333333 -0.6161097 -0.63666667 -0.63666667 -0.63666661 -0.28833333 -0.28833333 -0.28832373 -0.021666667 -0.021684851 -0.42833333 0.41666667
-0.11161381 -0.11166668 -0.21166667 -0.21166667 -0.21166667 -0.16833333 -0.16833333 -0.16833333 -0.11 -0.11 -0.28666667 -0.28666667 -0.28666667 0.13833333 0.13833333 0.13833333 0.13833333 0.13821643 -0.89 -0.89 -0.88999995 0.3 0.3 0.3 -0.195 -0.195 -0.28166667 -0.28166667 -0.28166667 -0.1877378 -0.18666667 -0.18666667 -0.18666667 -0.18666667 -0.66809566 -0.66833333 -0.66833333 -0.66833333 -0.66833333 -0.16500003 -0.165 -0.165 -0.165 -0.63666403 -0.29333333 -0.29333333 -0.29333333 -0.29333333 -0.29333333 -0.29333333 -0.42833333 -0.42833333 -0.42833333
-0.11166667 -0.11166667 -0.21166667 -0.21166667 -0.21166667 -0.1685611 -0.16833333 -0.11 -0.11 -0.11 -0.28664492 -0.28666667 -0.0047586371 0.13833332 0.13833333 0.13833333 0.13833333 0.081666667 0.081666667 0.081666667 -0.49999998 -0.49999941 0.2999961 0.3 0.29929583 -0.65333333 -0.65333333 -0.65333245 -0.28172673 -0.21832702 -0.21833316 -0.2183278 -0.18672079 -0.18669399 -0.58256756 -0.66833323 -0.66744526 -0.40333333 -0.40333333 -0.165 -0.165 -0.165 -0.165 -0.29333333 -0.29333333 -0.29333333 -0.29333333 -0.29333333 -0.29333333 -0.29333333 -0.42833333 -0.42833333 -0.42833333
-0.11166667 -0.11166667 -0.21166667 -0.21166667 -0.21166667 -0.21166667 -0.14650087 -0.11 -0.11 -0.11 -0.10990702 0.058333333 0.058333333 0.058333333 0.13786187 0.13833333 0.082044279 0.081666667 0.081666667 0.081666667 -0.5 -0.5 -0.5 -0.5 -0.65333333 -0.65333333 -0.65333333 -0.65333333 -0.65333333 -0.21833333 -0.21833333 -0.21833333 -0.21833333 -0.21833396 -0.515 -0.40333333 -0.40333333 -0.40333333 -0.40333333 -0.40333282 -0.27833333 -0.27833333 -0.27833333 -0.38029451 -0.59166667 -0.59166667 -0.59166667 -0.29333334 -0.29333362 -0.585 -0.585 -0.48665248 -0.48666667
-0.11166667 -0.11166667 -0.17557369 -0.21166667 -0.21166667 -0.21166666 0.043061239 -0.10951678 -0.11 -0.11 0.058333394 0.058333333 0.058333333 0.058333333 0.058333333 0.064894147 0.081666667 0.081666667 0.081666667 0.081666667 -0.4999955 -0.5 -0.5 -0.5 -0.65333333 -0.65333333 -0.65333333 -0.65333333 -0.65333333 -0.42524113 -0.21833333 -0.21833333 -0.21833333 -0.515 -0.515 -0.51491329 -0.40333333 -0.40333333 -0.27764613 -0.18000002 -0.27833333 -0.27833333 -0.27833333 -0.37635104 -0.59166667 -0.59166667 -0.59166667 0.21666667 -0.57501131 -0.585 -0.585 -0.48666667 -0.48666667
-0.175 -0.175 -0.175 -0.20247333 -0.21123151 0.043333333 0.043333333 0.043333333 0.043333333 0.345 0.345 0.058333354 0.058333333 0.058333333 0.058333333 0.058334824 0.081666667 0.081666667 0.081666667 0.081666667 -0.24617954 -0.5 -0.5 -0.50767666 -0.78709929 -0.65333333 -0.65333333 -0.65333333 -0.49833333 -0.49833333 -0.49833333 -0.49833216 -0.515 -0.515 -0.515 -0.515 -0.18 -0.18 -0.18 -0.18 -0.145 -0.145 -0.145 0.1566606 0.15666667 0.15666667 0.15666643 0.21666667 0.21666667 -0.58402321 -0.585 -0.48666154 -0.48666667
-0.175 -0.175 -0.175 -0.174986 0.085 0.078940982 0.043333333 0.043333333 0.043333333 0.345 0.345 0.345 0.34166665 0.34166667 0.34166667 0.34166665 0.081333886 0.081666667 0.081666667 0.081666667 0.072830517 -0.79333253 -0.79333333 -0.79333333 -0.79333333 -0.79333334 -0.97166666 -0.97166667 -0.49833333 -0.49833333 -0.49833333 -0.49833333 -0.51499958 -0.515 -0.515 -0.51495289 -0.18000001 -0.18 -0.18 -0.18149152 -0.145 -0.145 -0.145 0.15665268 0.15666667 0.15666667 0.15666667 0.21666667 0.21666667 0.21666671 0.53 0.53 0.66333333
-0.175 -0.175 -0.175 0.084999401 0.085 0.085 0.043333349 0.043333333 0.043333333 0.345 0.345 0.345 0.34166667 0.34166667 0.34166667 0.30802953 -0.1 -0.1 -0.099999531 0.080640559 -0.79333333 -0.79333333 -0.79333333 -0.79333333 -0.79333333 -0.79346754 -0.97166667 -0.97166667 -0.97166667 -0.49833333 -0.49833333 -0.49860045 0.063333333 0.063333333 0.063333333 -0.61333333 -0.61333333 -0.52 -0.52 -0.52 -0.28166667 -0.14504287 -0.14499792 0.13333333 0.13333333 0.13421764 0.15666671 0.21666667 0.21666667 0.53 0.53 0.53 0.66333333
-0.175 -0.175 -0.175 0.085 0.085 0.085 0.085 0.043333333 0.043333333 0.345 0.345 0.34179995 0.34166667 0.34166667 0.34166667 -0.1 -0.1 -0.1 -0.1 -0.1 -0.79333333 -0.79333333 -0.79333333 -0.79333333 -0.79333333 -0.97166606 -0.97166667 -0.97166667 -0.97166667 -0.91333333 -0.91333333 -0.91333333 0.063333333 0.063333333 0.063333333 -0.61333333 -0.61333333 -0.52 -0.52 -0.28166667 -0.28166667 -0.28166667 0.13333333 0.13333333 0.13333333 0.13333333 0.15592385 0.40833333 0.40833333 0.40833333 0.53 0.70833333 0.70833333
-0.175 -0.175 -0.17463794 0.085 0.085 0.085 0.085 0.41661743 0.43333333 0.43318168 0.345 0.34165899 0.34166667 0.34166667 0.34166514 -0.1 -0.1 -0.1 -0.1 -0.1 -0.31219447 -0.79333333 -0.79333333 -0.79333333 -0.79320254 -0.97162091 -0.97166667 -0.97166667 -0.97166667 -0.91333333 -0.91333333 -0.91333333 -0.91318662 0.063333333 -0.61333333 -0.61333333 -0.61333333 -0.61332914 -0.51998375 -0.28166667 -0.28166667 -0.28166667 0.13330814 0.13333333 0.13333333 0.13333333 0.40833159 0.40833333 0.40833333 0.40833333 0.70833333 0.70833333 0.70833333
