interpolatedSpi/06-11|20_3.tif
NCOLS 53
NROWS 52
XLLCORNER -116.03883
YLLCORNER 28.596182
DX 0.49850594
DY 0.49788537
NODATA_VALUE -9999
[rows 0 to 29 of 52, columns 0 to 52 of 53]
-0.145 -0.145 -0.17885042 -0.73166667 0.105 0.33 0.725 1.0133333 0.20608132 -0.0066666667 -0.11333333 0.58833333 0.27168739 0.52333333 0.29333333 0.29333333 0.29333333 0.025 0.38833333 0.38833333 0.38833333 0.38833139 0.18666667 0.245 0.245 0.245 1.0016654 1.0016667 1.0016667 0.26666667 0.26666667 0.26666667 0.26666667 0.5766666 0.57666667 0.57666667 0.57666667 0.57666667 0.57666667 0.5766667 1.8941419 1.9082213 1.47 1.47 1.47 1.47 1.4705689 1.8183333 1.8183333 1.8183333 1.805 1.805 1.805
-0.1450137 -0.45333333 -0.03499946 0.097048827 0.36485857 0.60666667 0.54 0.57351674 0.045 0.35833333 0.37 0.27166667 0.27166667 0.7874497 0.5233345 0.29333333 0.025 0.025 0.3878596 0.38833333 0.38833333 0.38833333 0.20824176 0.245 0.245 0.245 0.11000001 0.11 0.26666667 0.26666667 0.26666667 0.26666667 0.26666667 0.57666662 0.57666667 0.57666667 0.57666667 0.57666667 0.57666671 0.58338645 0.56170287 1.3597813 1.47 1.47 1.47 1.47 1.47 1.8183333 1.8183333 1.8183333 1.8172277 1.805 1.805
0.34498165 0.345 0.43333333 0.78166667 0.675 0.37166667 0.68333333 0.22833333 0.69166667 0.52 0.7 0.22333333 -0.62166667 0.3 0.78833333 1.1983333 0.025 0.025 0.025 0.11341328 0.11333333 0.11333333 -0.45333333 0.245 0.245 0.245 0.11 0.11 0.11 0.26666667 0.26666667 0.26666662 -0.23960574 0.57662147 0.58184804 1.1282323 1.1333333 1.1333333 1.0614327 0.56166667 0.56166667 0.5628282 1.47 1.47 1.47 1.47 1.47 1.8183333 1.8183333 1.8183333 1.8183333 1.805 1.805
0.16166667 0.34499998 0.26830321 0.56833333 0.12166667 0.59166667 1.2033333 -0.011666667 0.635 0.58187133 1.0366667 0.89166667 0.385 0.3 0.63333333 1.1983333 -0.3298842 -0.34140976 -0.093333333 0.11333333 0.11333333 -0.4 -0.45333333 -0.45333333 0.245 0.24499933 0.11 0.11 0.11 -0.735 -0.76243389 -0.785 -0.785 -0.78499849 1.1333333 1.1333333 1.1333333 1.1333333 0.56166667 0.56166667 0.56166667 0.5616667 1.47 1.47 1.47 1.47 1.47 1.8183289 1.8183333 1.8183333 1.8183333 1.8049142 1.805
0.16166667 0.061667046 0.26833333 0.40958422 0.12166667 0.78666667 0.64168197 0.145 -0.18666667 0.39999992 0.64158237 0.75336914 1.0033333 0.63333333 0.63333333 0.98717838 -0.34166667 -0.34166667 -0.093333333 -0.093333333 0.11333227 -0.4 -0.60833333 -0.38333333 -0.59833333 -0.59829846 0.11 0.11 -0.735 -0.735 -0.785 -0.785 -0.785 -0.64388444 1.1333333 1.1333333 1.1333333 0.56166667 0.56166667 0.56166667 0.56166667 0.56165734 1.47 1.47 1.47 1.47 1.47 1.4731006 1.8183333 1.818215 -0.82166667 -0.82166667 -0.82166667
-1.165 -0.098333333 0.19 0.3 0.71833333 0.79666667 0.42 0.38479212 0.35 0.185 0.66333333 -0.45333333 -0.45333237 0.36166667 0.36166667 -0.36494527 -0.365 -0.41166667 -0.41166667 -0.093333606 -0.81166667 -0.81166667 -0.38333333 -0.59833333 -0.59833333 -0.45 -0.81333333 -0.81333333 -0.1600521 -0.735 -0.785 -0.785 -0.036666667 -0.036696446 -0.3216463 -0.395 -0.395 0.26569999 0.56166667 0.56166667 0.46512056 0.465 0.46500121 -0.27694088 -0.30813679 -0.30833286 -0.30833327 -0.30833266 -0.3088136 -0.82166667 -0.82166667 -0.82166667 -0.82166667
-0.54333596 -0.52166667 -0.75370458 -0.018333333 0.53666667 -0.021666667 0.15333334 0.53 0.31333333 0.31333333 0.66333333 -0.21833333 0.36499975 0.36166667 -0.13833184 -0.13833333 -0.365 -0.16166667 -0.40333333 -0.40333333 -0.90670509 -1.0133333 -1.0133333 -0.98833333 -0.45 -0.45 -0.81333333 -0.81333333 -0.15999514 -0.15991059 -0.066697942 -0.036666667 -0.036666667 -0.32166667 -0.32166667 -0.76898616 -0.395 -0.395 -1.3649664 0.46499745 0.465 0.465 0.46500509 -0.30833211 -0.30833333 -0.30833333 -0.30833333 -0.30833333 -0.295 -0.8215623 -0.82166667 -0.82166667 -0.82166667
-0.54333333 -0.78833333 -0.505 -1.13 -1.3916517 -0.55 0.10333333 -0.29833332 -0.14333333 -0.15833333 -0.15833333 -0.59333333 0.365 0.365 -0.13488 -0.1686919 -0.17166667 -0.22166667 -0.5616665 -0.40333333 -0.86688263 -0.81 -1.145 -1.2866667 -1.2866682 -1.4066667 -1.1983333 -1.1983332 -0.076958678 -0.076666667 -0.066666667 -0.3101692 -0.38833333 -0.32166667 -0.33207691 -1.0816667 -1.0816667 -1.365 -1.365 0.465 0.465 0.46500001 -0.089045841 -0.088333345 -0.30833333 -0.30833333 -0.30833333 -0.29500051 -0.295 -0.295 -0.82166667 -0.82166667 -0.82166667
-0.85458245 -0.78833332 -0.48333333 -0.95833333 -0.21333333 -0.48666667 -0.26 0.28833333 0.54 0.50943156 0.17 -0.19833333 -0.19833333 -0.54833333 -0.54832769 -0.43925213 -0.44 -0.44 -0.27356819 -1.2133334 -1.48 -1.48 -0.76166667 -0.99393464 -1.3945738 -1.4066667 -1.075 -1.1983333 -1.0591469 -1.0583333 -0.28833333 0.61666667 0.34636945 -0.62333333 -0.68666667 -0.85333333 -0.86833333 -0.92 -1.1832117 0.4672914 0.97833333 -0.28333333 -0.088350431 -0.088333333 -0.089571612 -0.30833333 -0.67166665 -0.295 -0.295 -0.295 -0.295 -0.88910819 -0.22166667
-1.225 -1.225 -0.76333333 -0.655 -0.28166667 0.23666667 0.026666667 0.24666667 0.63666667 0.50166543 0.088333333 0.23 -0.54833333 -0.54833333 0.051666667 0.044923236 -0.44 -0.44001514 -0.52 -1.2133333 -1.2133333 -1.2476889 -0.76166667 -1.0516612 -1.0516667 -1.0516667 -1.075 -0.61833333 -0.61833333 -1.0583333 -1.0583333 0.61564882 0.08 -0.62333333 -0.55333333 -0.85333333 -0.86833333 -1.19 -1.1833333 0.2644821 -0.28333328 -0.25027279 -0.19333333 -0.088333333 -0.088333333 -0.67166667 -0.67166667 -0.67166667 -0.295 -0.295 -1.3633333 -1.3633333 -1.3633329
-1.225 -1.225 -0.88333333 -0.64333333 -0.97 -0.37833333 -0.44166666 0.19157838 0.205 0.265 0.30666667 0.1 0.22982578 0.051666667 0.051666667 0.051616293 -0.385 -0.39208543 -0.52 -0.33166667 -0.33166667 -0.55166667 -0.55166667 -1.0516667 -1.0516667 -1.0516667 -0.61833333 -0.61833333 -0.61833333 -1.0816667 -1.0816667 -1.0816648 -0.865 -0.865 -0.67 -1.0716667 -0.945 -0.20333213 -1.0616667 0.28833333 0.28833333 0.081665763 -0.19333333 -0.088333333 -0.51833343 -0.76 -0.91893049 -0.92 -1.1316667 -1.1316667 -1.3633333 -1.3633333 -1.3633333
-1.225 -1.0773763 -0.78091677 -0.79666218 -0.445 -0.81833333 -0.44166667 0.19166667 0.20499989 0.26433527 0.10000021 0.1 -0.07 0.051666666 0.051666667 -0.38499999 -0.385 -0.38500768 -0.52 -0.33166667 -0.37487019 -0.55166667 -0.55166667 -1.0516465 -1.0516667 -1.1015225 -1.2033333 -1.2033333 -1.2033333 -1.0816667 -1.0816667 -0.965 -0.965 -0.86499947 -0.67 -0.25833381 -0.80335356 -0.20333333 -0.20333333 0.28833333 0.081666667 0.081666667 0.081662284 -0.51833333 -0.51833333 -0.76 -0.92 -0.92 -1.1316667 -1.1316667 -1.3633333 -1.3633333 -1.3633333
-0.093333333 0.24331358 0.33662983 0.32845742 -0.44500203 -0.81832452 -0.44166668 0.1838707 0.2040812 0.20656676 -0.07 -0.07 -0.07 -0.07 0.051649432 -0.385 -0.385 -0.38674307 -0.52 -0.33170837 -0.47166667 -0.47166667 -0.47166667 -0.47166667 -1.0419855 -1.2033333 -1.2033333 -1.2033333 -1.2033333 -1.2032103 -0.965 -0.965 -0.965 -0.965 -0.25833333 -0.25833333 -0.25833333 -0.20581998 -0.20036667 0.19166667 0.19166667 0.081672583 0.0066486947 -0.51828277 -0.51833333 -0.76 -0.92 -0.92 -1.1316667 -1.1316667 -1.3624929 -1.3633333 -0.35337671
-0.093333333 0.33666667 0.33666667 0.33666667 0.33666667 0.33666618 -0.44263079 -0.14199517 0.20162992 -0.069702379 -0.07 -0.07 -0.07 -0.07 -0.070000164 -0.38499999 -0.38500002 -0.39426008 -0.51999796 -0.47166667 -0.47166667 -0.47166667 -0.47166667 -0.47166667 -0.47361507 -1.0315115 -1.015 -1.015 -1.015 -1.015 -0.965 -0.965 -0.96500007 -1.02 -1.02 -0.25833333 -0.026627639 -0.02 0.19166654 0.19166667 0.19166667 0.19166667 0.0066666667 0.0066666667 0.0066666667 0.0013313653 -0.79246842 -0.79166667 -0.79166667 -0.79166667 -0.79166667 0.61999959 0.62
-0.04 0.33666667 0.33666667 0.33666667 0.33666667 0.33666667 0.33666661 -0.36272905 -0.29578029 -0.29833333 -0.29833333 -0.29833333 -0.29833333 -0.29833333 -0.29833333 -0.24772384 -0.38281672 -0.40348599 -0.4716727 -0.47166667 -0.47166667 -0.47166667 -0.47166667 -0.4716668 -0.56166667 -0.56166667 -0.5616673 -1.015 -1.015 -1.0145895 -0.81 -0.81 -1.02 -1.02 -1.02 -0.18018907 -0.02 -0.02 -0.02 0.19166667 0.19166667 0.19166667 0.0066666667 0.0066666667 0.0066666667 0.0066666665 -0.79166666 -0.79166667 -0.79166667 -0.79166667 -0.79166667 0.62 0.62
-0.04 0.10022872 0.33666667 0.33666667 0.33666667 0.33666667 -0.5381616 -0.53833333 -0.53833333 -0.29833333 -0.29833333 -0.29833333 -0.29833333 -0.29833333 -0.28693531 -0.24666667 -0.24666667 -0.24666667 -0.58797756 -0.58833321 -0.58833333 -0.58833333 -0.58833333 -0.58833333 -0.56166667 -0.56166667 -0.56166667 -0.56166667 -1.015 -0.81 -0.81 -0.81 -1.02 -1.02 -1.02 0.081666667 -0.01986539 -0.02 -0.02 0.19162614 0.11089058 -0.077526363 0.0066666665 0.0066666667 -0.3771452 -0.37833333 -0.37833333 -0.79069612 -0.20372845 -0.20166672 -0.20166678 0.10674429 0.61999896
-0.04 0.00054772601 0.16714124 0.33666667 0.33666667 -0.53781634 -0.53833333 -0.53833333 -0.53833333 -0.53660382 -0.29833333 -0.29833333 -0.29833333 -0.29833333 -0.24666667 -0.24666667 -0.24666667 -0.24666667 -0.58802813 -0.58833333 -0.58833333 -0.58833333 -0.58833333 -0.58833333 -0.56166667 -0.56166667 -0.56166667 -0.56166667 -0.56256994 -0.81 -0.81 -0.81 -0.24500001 -1.0198692 0.081666667 0.081666667 0.081666667 0.076877329 -0.074649244 -0.078333333 -0.078333333 -0.078333333 -0.27166667 -0.27166667 -0.37833333 -0.37833333 -0.37833333 -0.20166667 -0.20166667 -0.20166667 -0.20166667 0.10666667 0.10666667
0.001729337 0.0016666667 0.0016666667 0.0016666608 -0.59166667 -0.53833471 -0.53833333 -0.53833333 -0.53833333 -0.53833333 -0.30325446 -0.29833418 -0.29833334 -0.24666667 -0.24666667 -0.24666667 -0.24666667 -0.24666667 -0.32753156 -0.58833333 -0.58833333 -0.58833333 -0.58833333 -0.58833333 -0.44853291 -0.24333506 -0.24333333 -0.24333333 -0.24333333 -0.80999997 -0.24500001 -0.245 -0.245 -0.245 0.081666667 0.081655211 -0.35333333 -0.35333333 -0.081767118 -0.078333333 -0.078333333 -0.078333333 -0.27166667 -0.27166667 -0.36181766 -0.37833333 -0.37833333 -0.20166667 -0.20166667 -0.20166667 -0.19836053 0.10666667 0.10666667
0.0016666667 0.0016666667 0.0016666667 -0.27774285 -0.59166667 -0.59166667 -0.53833333 -0.53833333 -0.53833333 -0.53833333 -0.36333333 -0.36333333 -0.36333333 -0.24666667 -0.24666667 -0.24666667 -0.24666667 -0.24675949 -1.1033333 -1.1033333 -0.58833354 -0.58833333 -0.58983466 -0.65 -0.64633896 -0.24333333 -0.24333333 -0.24333333 -0.24333333 -0.24499983 -0.245 -0.245 -0.245 -0.245 -0.3533318 -0.35333333 -0.35333333 -0.35333333 -0.35235377 -0.078333333 -0.078333333 -0.078333333 -0.27166667 -0.27166667 -0.27166667 -0.37833333 -0.37833333 -0.20166667 -0.20166667 -0.20166667 0.10666667 0.10666667 0.10666667
0.0016666667 0.0016666667 0.0016666667 -0.59166667 -0.59166667 -0.59166667 -0.59166659 -0.53833333 -0.53833333 -0.36351398 -0.36333333 -0.36333333 -0.36333333 -0.36326065 -0.70129225 -0.80833333 -0.80833333 -0.80833333 -1.1033333 -1.1033333 -1.1033333 -0.65 -0.65 -0.65 -0.64999533 -0.44789781 -0.24333333 -0.24333333 -0.24333333 -0.0023998617 0.053303991 0.053333333 0.053333333 0.053333333 -0.26352342 -0.13833382 -0.13833333 -0.13833333 -0.13833333 -0.47327929 -0.47333333 -0.47333333 -0.27166667 -0.27166667 0.071665233 0.071666621 -0.056666667 -0.056666667 -0.021666667 -0.021666667 -0.021666667 0.10666667 0.38808149
0.0016672718 0.0016666667 0.0016666453 -0.59166667 -0.59166667 -0.59166667 -0.59166667 -0.75999994 -0.53921964 -0.36334693 -0.36333333 -0.36333333 -0.36333333 -0.36420655 -0.80833333 -0.80833333 -0.80833333 -0.80833342 -1.1033333 -1.1033333 -1.1033333 -0.65 -0.65 -0.65 -0.63333333 -0.63333333 -0.57166667 -0.57166667 -0.57166667 -0.5682571 0.053333333 0.053333333 0.053333333 0.053333333 -0.042447486 -0.13833333 -0.13833333 -0.13833333 -0.13833333 -0.47333333 -0.47333333 -0.47333333 -0.45618555 0.071666667 0.071666667 0.071666667 -0.056666667 -0.056666667 -0.021666667 -0.021666667 -0.021666667 0.38833332 0.38833333
0.19666667 0.085621806 -0.57666667 -0.57667102 -0.59166667 -0.75902603 -0.76 -0.76 -0.67194183 -0.37833334 -0.37833333 -0.37833333 -0.37833333 -1.0749773 -1.075 -0.80833354 -0.80833333 -0.81610615 -1.1033333 -1.1033333 -1.1033333 -1.1166667 -1.1166667 -1.1166667 -0.63333333 -0.63333333 -0.57166667 -0.57166667 -0.57166667 -0.57166639 -0.19333177 -0.19333264 0.047133737 0.05306889 -0.81400567 -0.815 -0.815 -0.815 -0.815 -0.47333333 -0.47333333 -0.47333333 0.041656774 0.071666667 0.071666667 0.071666577 -0.056666667 -0.056666667 -0.056665407 -0.021666667 -0.021642967 0.50833333 0.38833333
-0.30490473 -0.30500005 -0.57666667 -0.57666667 -0.57666667 -0.76 -0.76 -0.76 -0.51833333 -0.51833333 -0.37833333 -0.37833333 -0.37833333 -1.075 -1.075 -1.075 -1.075 -1.0750021 -1.1033333 -1.1033333 -1.1033333 -1.1166667 -1.1166667 -1.1166667 -0.63333333 -0.63333333 -0.57166667 -0.57166667 -0.57166667 -0.19759907 -0.19333333 -0.19333333 -0.19333333 -0.19333333 -0.81469324 -0.815 -0.815 -0.815 -0.815 -1.2033331 -1.2033333 -1.2033333 -1.2033333 0.071662779 -0.435 -0.435 -0.435 0.40333333 0.40333333 0.40333333 0.50833333 0.50833333 0.50833333
-0.305 -0.305 -0.57666667 -0.57666667 -0.57666667 -0.75903637 -0.76 -0.51833333 -0.51833333 -0.51833333 -0.37835057 -0.37833333 -1.1260025 -1.075 -1.075 -1.075 -1.075 -1.7433333 -1.7433333 -1.7433333 -1.4816667 -1.4816664 -1.1166684 -1.1166667 -1.1167246 -1.4433333 -1.4433333 -1.4433313 -0.57180753 -0.40662415 -0.40666553 -0.40662942 -0.19369794 -0.19351744 -0.7044184 -0.81500013 -0.81612266 -1.15 -1.15 -1.2033333 -1.2033333 -1.2033333 -1.2033333 -0.435 -0.435 -0.435 -0.435 0.40333333 0.40333333 0.40333333 0.50833333 0.50833333 0.50833333
-0.305 -0.305 -0.57666667 -0.57666667 -0.57666667 -0.57666667 -0.66955123 -0.51833333 -0.51833333 -0.51833333 -0.51876143 -1.2933333 -1.2933333 -1.2933333 -1.0762867 -1.075 -1.7388797 -1.7433333 -1.7433333 -1.7433333 -1.4816667 -1.4816667 -1.4816667 -1.4816667 -1.4433333 -1.4433333 -1.4433333 -1.4433333 -1.4433333 -0.40666667 -0.40666667 -0.40666667 -0.40666667 -0.40666756 -0.83166667 -1.15 -1.15 -1.15 -1.15 -1.1500005 -1.2933333 -1.2933333 -1.2933333 -1.0454757 -0.53166667 -0.53166667 -0.53166667 0.40333331 0.40333316 0.22833333 0.22833333 0.14008961 0.14
-0.305 -0.305 -0.47861408 -0.57666667 -0.57666667 -0.57666669 -1.5598152 -0.52162134 -0.51833333 -0.51833333 -1.2933334 -1.2933333 -1.2933333 -1.2933333 -1.2933333 -1.2755042 -1.7433333 -1.7433333 -1.7433333 -1.7433333 -1.4816687 -1.4816667 -1.4816667 -1.4816667 -1.4433333 -1.4433333 -1.4433333 -1.4433333 -1.4433333 -0.92393616 -0.40666667 -0.40666667 -0.40666667 -0.83166667 -0.83166667 -0.83191386 -1.15 -1.15 -1.0149332 -0.91000002 -1.2933333 -1.2933333 -1.2933333 -1.0483599 -0.53166667 -0.53166667 -0.53166667 -0.14166667 0.22372317 0.22833333 0.22833333 0.14 0.14
-1.4916667 -1.4916667 -1.4916667 -0.80608232 -0.57906753 -1.5616667 -1.5616667 -1.5616667 -1.5616667 -1.4733333 -1.4733333 -1.2933333 -1.2933333 -1.2933333 -1.2933333 -1.2933619 -1.7433333 -1.7433333 -1.7433333 -1.7433333 -1.5958495 -1.4816667 -1.4816667 -1.4809688 -1.4544805 -1.4433333 -1.4433333 -1.4433333 -1.1066667 -1.1066667 -1.1066667 -1.1066637 -0.83166667 -0.83166667 -0.83166667 -0.83166667 -0.91 -0.91 -0.91 -0.91 -1.13 -1.13 -1.13 -0.45501357 -0.455 -0.455 -0.45500002 -0.14166667 -0.14166667 0.22788251 0.22833333 0.13999803 0.14
-1.4916667 -1.4916667 -1.4916667 -1.4917059 -2.22 -2.1242675 -1.5616667 -1.5616667 -1.5616667 -1.4733333 -1.4733333 -1.4733333 -1.4783333 -1.4783333 -1.4783333 -1.4783333 -1.7430494 -1.7433333 -1.7433333 -1.7433333 -1.7393641 -1.4550001 -1.455 -1.455 -1.455 -1.455 -1.1583333 -1.1583333 -1.1066667 -1.1066667 -1.1066667 -1.1066667 -0.83166683 -0.83166667 -0.83166667 -0.83168513 -0.90999998 -0.91 -0.91 -0.90771885 -1.13 -1.13 -1.13 -0.4550313 -0.455 -0.455 -0.455 -0.14166667 -0.14166667 -0.14166668 -0.25 -0.25 -0.28
-1.4916667 -1.4916667 -1.4916667 -2.2199983 -2.22 -2.22 -1.5616669 -1.5616667 -1.5616667 -1.4733333 -1.4733333 -1.4733333 -1.4783333 -1.4783333 -1.4783333 -1.4867109 -1.5883333 -1.5883333 -1.5883337 -1.7424579 -1.455 -1.455 -1.455 -1.455 -1.455 -1.4547767 -1.1583333 -1.1583333 -1.1583333 -1.1066667 -1.1066667 -1.106598 -1.0583333 -1.0583333 -1.0583333 -0.36 -0.36 -0.39 -0.39 -0.39 -0.28833333 -1.129736 -1.1299927 -0.155 -0.155 -0.16636966 -0.45499868 -0.14166667 -0.14166667 -0.25 -0.25 -0.25 -0.28
-1.4916667 -1.4916667 -1.4916667 -2.22 -2.22 -2.22 -2.22 -1.5616667 -1.5616667 -1.4733333 -1.4733333 -1.4781334 -1.4783333 -1.4783333 -1.4783333 -1.5883333 -1.5883333 -1.5883333 -1.5883333 -1.5883333 -1.455 -1.455 -1.455 -1.455 -1.455 -1.1583343 -1.1583333 -1.1583333 -1.1583333 -1 -1 -1 -1.0583333 -1.0583333 -1.0583333 -0.36 -0.36 -0.39 -0.39 -0.28833333 -0.28833333 -0.28833333 -0.155 -0.155 -0.155 -0.155 -0.13117727 0.135 0.135 0.135 -0.25 -0.11833333 -0.11833333
