interpolatedSpi/06-10|19_2.tif
NCOLS 53
NROWS 52
XLLCORNER -116.03883
YLLCORNER 28.596182
DX 0.49850594
DY 0.49788537
NODATA_VALUE -9999
0.818 0.818 0.56006495 0.112 0.258 0.218 0.592 0.576 0.097676849 -0.148 -0.114 0.488 0.22395899 -0.274 0.132 0.132 0.132 0.13 0.53 0.53 0.53 0.52999632 0.148 0.472 0.472 0.472 -0.34999829 -0.35 -0.35 0.118 0.118 0.118 0.118 0.01800002 0.018 0.018 0.018 0.018 0.018 0.018000002 0.095169151 0.096013275 0.148 0.148 0.148 0.148 0.14728133 -0.292 -0.292 -0.292 1.163997 1.164 1.164 
0.81800133 0.848 0.64600029 0.6030173 0.58400441 0.526 0.774 0.22245932 0.338 0.294 0.762 0.224 0.224 0.47349915 -0.27398735 0.132 0.13 0.13 0.52947845 0.53 0.53 0.53 0.44789221 0.472 0.472 0.472 0.38600001 0.386 0.118 0.118 0.118 0.118 0.118 0.018000015 0.018 0.018 0.018 0.018 0.018000008 0.093045916 0.49795698 0.19046947 0.148 0.148 0.148 0.148 0.148 -0.292 -0.292 -0.292 -0.17126709 1.164 1.164 
0.31401762 0.314 0.896 0.692 0.464 0.73 0.912 1.078 0.466 0.288 0.408 0.446 0.656 -0.06 0.476 -0.188 0.13 0.13 0.13 0.29806744 0.298 0.298 0.014 0.472 0.472 0.472 0.386 0.386 0.386 0.118 0.118 0.118 0.072748393 0.018237461 0.019079712 0.13293704 0.134 0.134 0.17978161 0.498 0.498 0.49755244 0.148 0.148 0.148 0.148 0.148 -0.292 -0.292 -0.292 -0.292 1.164 1.164 
0.6 0.31399982 -0.57397672 0.59 -0.054 0.788 0.554 0.522 0.164 0.09536372 0.09 -0.039999999 0.546 -0.06 0.462 -0.188 0.17718445 0.17996497 0.256 0.298 0.298 0.15 0.014 0.014 0.472 0.47199957 0.386 0.386 0.386 -0.69 -0.2982441 0.024 0.024 0.024000088 0.134 0.134 0.134 0.134 0.498 0.498 0.498 0.49799999 0.148 0.148 0.148 0.148 0.148 -0.29199445 -0.292 -0.292 -0.292 1.1639483 1.164 
0.6 0.79999748 -0.574 -0.42879697 -0.054 0.216 0.25399791 0.372 0.316 0.21999978 0.15380705 0.12399656 0.1 0.462 0.462 0.032867933 0.18 0.18 0.256 0.256 0.29799971 0.15 0.45 0.412 0.598 0.59815196 0.386 0.386 -0.69 -0.69 0.024 0.024 0.024 0.046628641 0.134 0.134 0.134 0.498 0.498 0.498 0.498 0.49798533 0.148 0.148 0.148 0.148 0.148 0.14408345 -0.292 -0.29200565 -0.418 -0.418 -0.418 
-0.884 0.828 0.016000052 -0.346 0.256 0.538 -0.28 -0.19652533 -0.184 -0.136 -0.12 -0.164 -0.16399983 -0.192 -0.192 0.49408499 0.494 0.42 0.42 0.25600047 0.242 0.242 0.412 0.598 0.598 1.248 -0.328 -0.328 0.021935381 -0.69 0.024 0.024 0.144 0.1439325 -0.50195367 -0.382 -0.382 0.22575191 0.498 0.498 0.34618958 0.346 0.34600146 0.38376334 0.38797348 0.38799994 0.38799999 0.38799992 0.83800733 -0.418 -0.418 -0.418 -0.418 
0.41599317 0.634 0.9875259 0.724 0.81 -0.268 0.232 0.188 -0.528 -0.528 -0.12 0.056 0.17199998 -0.192 0.84599689 0.846 0.494 0.766 0.784 0.784 0.33908057 0.448 0.448 1.276 1.248 1.248 -0.328 -0.328 0.022001515 0.022027896 0.34308609 0.144 0.144 -0.502 -0.502 0.077676193 -0.382 -0.382 0.079983986 0.34599963 0.346 0.346 0.34600918 0.38800317 0.388 0.388 0.388 0.38800042 1.092 -0.41770076 -0.418 -0.418 -0.418 
0.416 0.54 1.374 -0.042 0.27398188 -0.322 -0.654 -0.184 -0.46 -0.05 -0.05 0.114 0.172 0.172 0.84137574 0.90610996 0.912 0.592 0.48600031 0.784 0.72864029 0.712 0.714 0.422 0.42200281 0.64 0.838 0.83799959 0.047908892 0.048000006 0.344 0.22673906 -0.15 -0.502 -0.46246962 0.462 0.462 0.079999998 0.08 0.346 0.346 0.34600001 0.95660491 0.95599997 0.388 0.388 0.388 1.0919732 1.092 1.092 -0.418 -0.418 -0.418 
0.54060686 0.54000001 1.326 0.9 0.618 0.098 0.114 0.278 -0.628 -0.20695294 -0.296 -0.066000002 -0.066 0.064 0.064002896 0.69660201 0.696 0.696 0.57581894 0.888 0.908 0.908 1.102 0.86690442 0.61803136 0.64 0.68 0.838 0.79823244 0.798 0.332 1.108 1.0455422 1.094 0.884 0.682 0.636 0.214 0.64580052 0.34867826 0.946 1.138 0.95598112 0.956 0.95280299 0.388 1.014 1.092 1.092 1.092 1.092 -0.32412139 0.382 
0.544 0.544 0.978 0.93 0.262 -0.084 -0.154 0.158 -0.004 -0.100041 -0.222 -0.06 0.064 0.064 0.372 0.37644381 0.696 0.6958986 0.19 0.888 0.888 0.8905767 1.102 0.63400886 0.634 0.634 0.68 1.05 1.05 0.798 0.798 1.1077648 0.984 1.094 1.006 0.682 0.636 0.374 0.646 1.0690311 1.138 1.0285329 0.84 0.956 0.956 1.014 1.014 1.014 1.092 1.092 0.336 0.336 0.33600002 
0.544 0.544 0.568 0.098 -0.386 0.152 -0.348 -0.17404985 -0.28 -0.178 -4.0313778e-32 -0.362 -0.060401867 0.372 0.372 0.37204891 0.796 0.76419428 0.19 1.24 1.24 1.82 1.82 0.634 0.634 0.634 1.05 1.05 1.05 1.086 1.086 1.0859998 1.124 1.124 0.558 0.756 0.846 0.34399952 1.306 1.076 1.076 1.0179994 0.84 0.956 0.91999994 0.834 0.67944707 0.678 1.214 1.214 0.336 0.336 0.336 
0.544 0.55421925 0.36743424 -0.0059823564 0.414 0.178 -0.348 -0.174 -0.27999911 -0.17913004 -0.36199976 -0.362 0.542 0.372 0.372 0.79599999 0.796 0.79596551 0.19 1.24 1.3539002 1.82 1.82 0.63404738 0.634 0.81676808 1.19 1.19 1.19 1.086 1.086 0.894 0.894 1.1239984 0.558 0.75399996 0.75652248 0.344 0.344 1.076 1.018 1.018 1.0179993 0.92 0.92 0.834 0.678 0.678 1.214 1.214 0.336 0.336 0.336 
-0.314 0.11957238 0.088000895 0.087326829 0.41399851 0.17800557 -0.34799999 -0.17614184 -0.27269552 -0.27733651 0.542 0.542 0.542 0.542 0.37202408 0.796 0.796 0.78817557 0.19 1.2400484 1.43 1.43 1.43 1.43 0.6479331 1.19 1.19 1.19 1.19 1.1899089 0.894 0.894 0.894 0.894 0.754 0.754 0.754 0.36370355 0.34793552 0.868 0.868 1.0179919 0.51601383 0.91996109 0.92 0.834 0.678 0.678 1.214 1.214 0.33918529 0.336 -0.23285377 
-0.314 0.088 0.088 0.088 0.088 0.08800004 -0.34665349 -0.26568341 -0.25320782 0.54111733 0.542 0.542 0.542 0.542 0.54200016 0.79599999 0.7959999 0.75443254 0.19001246 1.43 1.43 1.43 1.43 1.43 1.4271024 1.1355386 1.08 1.08 1.08 1.08 0.894 0.894 0.89400043 1.25 1.25 0.754 1.2945386 1.31 0.86800026 0.868 0.868 0.868 0.516 0.516 0.516 0.51821299 0.056105377 0.052 0.052 0.052 0.052000021 0.69799993 0.698 
-0.014 0.088 0.088 0.088 0.088 0.088 0.087999975 -0.16559535 0.75642575 0.762 0.762 0.762 0.762 0.762 0.762 1.1774134 0.80213522 0.7130185 1.4298443 1.43 1.43 1.43 1.43 1.4300003 1.296 1.296 1.2959997 1.08 1.08 1.0802723 1.216 1.216 1.25 1.25 1.25 1.3003886 1.31 1.31 1.31 0.868 0.868 0.868 0.516 0.516 0.516 0.516 0.052000012 0.052 0.052 0.052 0.052 0.698 0.698 
-0.014 0.023973441 0.088 0.088 0.088 0.088 0.18798037 0.188 0.18800001 0.762 0.762 0.762 0.762 0.762 0.85553737 1.186 1.186 1.186 1.6912014 1.6919997 1.692 1.692 1.692 1.692 1.296 1.296 1.296 1.296 1.08 1.216 1.216 1.216 1.25 1.25 1.25 1.16 1.3098014 1.31 1.31 0.86802115 0.9098839 1.0075816 0.516 0.516 0.80709887 0.808 0.808 0.052824589 0.55025273 0.55199996 0.55199991 0.66600482 0.69799993 
-0.014 -0.1424549 -0.030414772 0.088 0.088 0.18794092 0.188 0.188 0.188 0.19213641 0.762 0.762 0.762 0.76200005 1.186 1.186 1.186 1.186 1.691548 1.692 1.692 1.692 1.692 1.692 1.296 1.296 1.296 1.296 1.295709 1.216 1.216 1.216 1.648 1.2500005 1.16 1.16 1.16 1.1628692 1.0271314 1.008 1.008 1.008 0.864 0.864 0.808 0.808 0.808 0.552 0.552 0.552 0.552 0.666 0.666 
-0.14596027 -0.146 -0.146 -0.146 0.008 0.18799536 0.188 0.188 0.188 0.188 0.73731891 0.76199575 0.76199999 1.186 1.186 1.186 1.186 1.186 1.2222588 1.692 1.692 1.692 1.692 1.692 1.5755546 1.6899979 1.69 1.69 1.69 1.216 1.648 1.648 1.648 1.648 1.16 1.1600068 1.42 1.42 1.0131444 1.008 1.008 1.008 0.864 0.864 0.81667073 0.808 0.808 0.552 0.552 0.552 0.55322238 0.666 0.666 
-0.146 -0.146 -0.146 -0.073479103 0.008 0.008 0.188 0.188 0.188 0.188 0.436 0.436 0.436 1.186 1.186 1.186 1.186 1.1859835 1.132 1.132 1.6919998 1.692 1.6856214 1.43 1.4323407 1.69 1.69 1.69 1.69 1.6480043 1.648 1.648 1.648 1.648 1.4199991 1.42 1.42 1.42 1.4185681 1.008 1.008 1.008 0.864 0.864 0.864 0.808 0.808 0.55200001 0.552 0.552 0.666 0.666 0.666 
-0.146 -0.146 -0.146 0.008 0.008 0.008 0.008000275 0.188 0.188 0.43574399 0.436 0.436 0.436 0.43646728 1.1050578 1.086 1.086 1.086 1.132 1.132 1.132 1.43 1.43 1.43 1.4299978 1.5494275 1.69 1.69 1.69 1.7497789 1.7719878 1.772 1.772 1.772 1.5442019 1.7179993 1.718 1.718 1.718 0.92801095 0.928 0.928 0.864 0.864 0.864 0.86400011 1.184 1.184 0.998 0.998 0.998 0.666 1.0296745 
-0.14599966 -0.146 -0.14599999 0.008 0.008 0.008 0.0080000005 0.05200004 0.18745622 0.4358132 0.436 0.436 0.436 0.43727548 1.086 1.086 1.086 1.086 1.132 1.132 1.132 1.43 1.43 1.43 1.422 1.422 1.46 1.46 1.46 1.4617021 1.772 1.772 1.772 1.772 1.7450148 1.718 1.718 1.718 1.718 0.928 0.928 0.928 0.92598632 0.864 0.864 0.864 1.184 1.184 0.998 0.998 0.998 1.03 1.03 
-0.036 -0.075331734 0.156 0.15595706 0.008 0.051745417 0.052 0.052 0.14382341 0.23 0.23 0.23 0.23 0.33199668 0.332 1.0859994 1.086 1.087212 1.132 1.132 1.132 1.118 1.118 1.118 1.422 1.422 1.46 1.46 1.46 1.4600002 1.6860005 1.6860002 1.7698385 1.7719078 1.4343872 1.434 1.434 1.434 1.434 0.928 0.928 0.928 0.86752377 0.864 0.864 0.8639999 1.184 1.184 1.1839933 0.998 0.9980093 1.206 1.03 
0.39191872 0.39199996 0.156 0.156 0.156 0.052 0.052 0.052 0.304 0.304 0.23 0.23 0.23 0.332 0.332 0.332 0.332 0.33209165 1.132 1.132 1.132 1.118 1.118 1.118 1.422 1.422 1.46 1.46 1.46 1.6834518 1.686 1.686 1.686 1.686 1.4341243 1.434 1.434 1.434 1.434 0.5300001 0.53 0.53 0.53 0.86399558 0.288 0.288 0.288 0.782 0.782 0.782 1.206 1.206 1.206 
0.392 0.392 0.156 0.156 0.156 0.052546643 0.052 0.304 0.304 0.304 0.23000911 0.23 -0.27334883 0.33199984 0.332 0.332 0.332 -0.262 -0.262 -0.262 0.19200002 0.19200069 1.1179955 1.118 1.1180237 1.014 1.014 1.0140011 1.4599279 1.5060359 1.506001 1.5060314 1.6856924 1.6858447 1.4787639 1.4339996 1.4301997 0.3 0.3 0.53 0.53 0.53 0.53 0.288 0.288 0.288 0.288 0.782 0.782 0.782 1.206 1.206 1.206 
0.392 0.392 0.156 0.156 0.156 0.156 0.14631624 0.304 0.304 0.304 0.30361886 -0.386 -0.386 -0.386 0.32776866 0.332 -0.25804173 -0.262 -0.262 -0.262 0.192 0.192 0.192 0.192 1.014 1.014 1.014 1.014 1.014 1.506 1.506 1.506 1.506 1.5059995 1.27 0.3 0.3 0.3 0.3 0.30000058 0.446 0.446 0.446 0.46422183 0.502 0.502 0.502 0.78199999 0.78199975 0.522 0.522 0.94406374 0.944 
0.392 0.392 0.24117943 0.156 0.156 0.15599999 -0.18712693 0.30244949 0.304 0.304 -0.38599997 -0.386 -0.386 -0.386 -0.386 -0.32712941 -0.262 -0.262 -0.262 -0.262 0.19199649 0.192 0.192 0.192 1.014 1.014 1.014 1.014 1.014 1.013855 1.506 1.506 1.506 1.27 1.27 1.2692468 0.3 0.3 0.59489594 0.82399995 0.446 0.446 0.446 0.46466374 0.502 0.502 0.502 0.514 0.52190032 0.522 0.522 0.944 0.944 
0.064 0.064 0.064 0.13293307 0.15561882 -0.188 -0.188 -0.188 -0.188 -0.26 -0.26 -0.38599999 -0.386 -0.386 -0.386 -0.38599216 -0.262 -0.262 -0.262 -0.262 -0.0061108728 0.192 0.192 0.18514335 -0.021730709 1.014 1.014 1.014 0.84 0.84 0.84 0.8400028 1.27 1.27 1.27 1.27 0.824 0.824 0.824 0.824 0.566 0.566 0.566 0.69199747 0.692 0.692 0.69199994 0.514 0.514 0.52199025 0.522 0.9439985 0.944 
0.064 0.064 0.064 0.063991061 -0.102 -0.11450581 -0.188 -0.188 -0.188 -0.26 -0.26 -0.26 -0.89999998 -0.9 -0.9 -0.89999999 -0.26288294 -0.262 -0.262 -0.262 -0.25513005 -0.069999281 -0.07 -0.07 -0.07 -0.069999984 0.13000001 0.13 0.84 0.84 0.84 0.84 1.2699997 1.27 1.27 1.2699686 0.82400001 0.824 0.824 0.82535992 0.566 0.566 0.566 0.69199416 0.692 0.692 0.692 0.514 0.514 0.51400002 0.646 0.646 0.564 
0.064 0.064 0.064 -0.10199962 -0.102 -0.102 -0.18799997 -0.188 -0.188 -0.26 -0.26 -0.26 -0.9 -0.9 -0.9 -0.88811911 -0.744 -0.744 -0.74399875 -0.26472246 -0.07 -0.07 -0.07 -0.07 -0.07 -0.069849489 0.13 0.13 0.13 0.84 0.84 0.83989444 0.884 0.884 0.884 0.908 0.908 1.134 1.134 1.134 1.024 0.56614366 0.56600354 1.04 1.04 1.0268112 0.69200062 0.514 0.514 0.646 0.646 0.646 0.564 
0.064 0.064 0.064 -0.102 -0.102 -0.102 -0.102 -0.188 -0.188 -0.26 -0.26 -0.87440923 -0.9 -0.9 -0.9 -0.744 -0.744 -0.744 -0.744 -0.744 -0.07 -0.07 -0.07 -0.07 -0.07 0.12999932 0.13 0.13 0.13 0.676 0.676 0.676 0.884 0.884 0.884 0.908 0.908 1.134 1.134 1.024 1.024 1.024 1.04 1.04 1.04 1.04 1.0266921 0.878 0.878 0.878 0.646 0.668 0.668 
0.064 0.064 0.063768838 -0.102 -0.102 -0.102 -0.102 -0.62941452 -0.656 -0.65532012 -0.26000003 -0.90001859 -0.9 -0.9 -0.89999946 -0.744 -0.744 -0.744 -0.744 -0.744 -0.6550276 -0.07 -0.07 -0.07 -0.070065497 0.12997086 0.13 0.13 0.13 0.676 0.676 0.676 0.67602588 0.884 0.908 0.908 0.908 0.90800909 1.1339925 1.024 1.024 1.024 1.039999 1.04 1.04 1.04 0.87800142 0.878 0.878 0.878 0.668 0.668 0.668 
-0.7 -0.69999866 -0.10193381 -0.102 -0.102 -0.102 -0.65588212 -0.656 -0.656 -0.656 -1.122 -1.122 -1.122 -1.122 -0.74574458 -0.744 -0.744 -0.744 -0.744 -0.68000004 -0.68 -0.68 -0.38799995 -0.388 -0.388 -0.388 -0.34328994 0.13 0.16999836 0.17 0.17 0.17 0.17 0.616 0.616 0.616 0.616 0.616 1.018 1.018 1.018 1.018 1.018 1.0180332 1.018 1.018 1.018 0.878 0.878 0.878 0.66803308 0.668 0.668 
-0.7 -0.7 -0.70552567 -1.3599975 -1.3599997 -1.3593128 -0.656 -0.656 -0.656 -0.656 -1.122 -1.122 -1.122 -1.122 -1.122 -0.744 -0.744 -0.744 -0.68000002 -0.68 -0.68 -0.68 -0.388 -0.388 -0.388 -0.388 -0.388 -0.38788984 0.16983163 0.17 0.17 0.17 0.16993236 0.56611266 0.61594834 0.616 0.616 0.616 1.018 1.018 1.018 1.018 1.018 1.018 1.018 1.018 1.018 0.95253326 0.878 0.88788843 0.888 0.402 0.402 
-0.7 -0.7 -1.3599164 -1.36 -1.36 -1.36 -1.181187 -0.656 -0.656 -0.656 -1.122 -1.122 -1.122 -1.122 -1.122 -0.74428844 -0.744 -0.68001876 -0.68 -0.68 -0.68 -0.68 -0.49617329 -0.388 -0.388 -0.388 -0.388 -0.38791343 -0.266 -0.266 -0.266 -0.266 -0.266 0.528 0.528 0.528 0.528 0.528 1.354 1.354 1.354 1.354 1.354 1.0182881 1.0180001 1.018 1.01802 1.020388 0.888 0.888 0.888 0.40200272 0.402 
-0.70000031 -0.86668568 -1.3599999 -1.36 -1.36 -1.36 -1.36 -0.65629976 -0.656 -0.656 -1.122 -1.122 -1.122 -1.122 -0.86190822 -0.856 -0.856 -0.68000453 -0.68 -0.68 -0.68 -0.68 -0.68 -0.388 -0.388 -0.388 -0.388 0.15799958 0.1579998 0.067762496 -0.266 -0.266 -0.266 0.528 0.528 0.528 0.528 0.52809888 1.354 1.354 1.354 1.354 1.3540192 1.136 1.136 1.136 1.136 1.13598 0.888 0.888 0.888 0.88800008 1.0089279 
-0.87 -0.87 -0.97951642 -1.36 -1.36 -1.36 -1.36 -1.36 -0.65630096 -0.97999999 -0.98 -0.98 -0.980337 -0.85600038 -0.856 -0.856 -0.856 -0.856 -0.68000096 -0.6882058 -0.76 -0.76 -0.76 -0.66443354 -0.37087222 -0.27922469 -0.20170249 0.158 0.158 0.158 0.158 0.158 0.14476624 0.67018403 0.674 0.674 0.674 0.674 1.400963 1.6039996 1.604 1.604 1.604 1.3559994 1.1360001 1.136 1.136 1.078 0.88800304 0.888 0.888 1.018 1.018 
-0.87 -0.87 -0.998 -0.998 -0.998 -1.3598794 -1.36 -1.36 -0.98 -0.98 -0.98 -0.98 -0.98 -0.85600001 -0.856 -0.856 -0.856 -0.856 -0.76 -0.76 -0.76 -0.76 -0.76 -0.17400003 -0.174 -0.174 -0.174 0.158 0.158 0.158 0.158 0.158 0.334 0.334 0.674 0.674 0.674 0.7279908 0.728 1.604 1.604 1.604 1.6039999 1.356 1.356 1.356 1.078 1.078 1.078 1.024 1.024 1.018 1.018 
-0.87 -0.87 -0.998 -0.998 -0.998 -0.998 -0.99799778 -0.594 -0.97963657 -0.98 -0.98 -0.98 -0.98 -0.85754679 -0.856 -0.856 -0.856 -0.856 -0.76 -0.76 -0.76 -0.76 -0.76 -0.174 -0.174 -0.174 -0.174 -0.17399864 0.158 0.158 0.158 0.33399077 0.334 0.334 0.334 0.674 0.728 0.728 0.728 0.7510492 1.0745907 0.976 0.976 1.356 1.356 1.356 1.078 1.078 1.078 1.024 1.024 1.024 0.66658206 
-0.236 -0.23600498 -0.998 -0.998 -0.998 -0.998 -0.594 -0.594 -0.594 -0.98 -0.98 -0.98 -0.98 -0.97996145 -0.856 -0.856 -0.856 -0.856 -0.76000162 -0.76 -0.76 -0.76 -0.27723101 -0.174 -0.174 -0.174 -0.174 0.0039998546 0.004 0.0040000017 0.15635374 0.334 0.334 0.334 0.33399958 -0.10799999 0.728 0.728 0.728 0.728 0.976 0.976 0.976 1.12 1.12 1.12 0.68803798 1.078 1.078 1.024 1.024 1.024 0.63000009 
-0.236 -0.236 -0.998 -0.998 -0.998 -0.594 -0.594 -0.594 -0.594 -0.9376797 -0.98 -0.98 -0.98 -0.97999867 -0.69601841 -0.696 -0.696 -0.696 -0.79811909 -0.576 -0.576 -0.576 -0.576 -0.174 -0.174 -0.174 -0.17398826 0.004 0.004 0.004 0.004 0.33390024 0.085387786 -0.108 -0.108 -0.108 0.72699675 0.46000558 0.46 0.46 0.97588407 0.828 0.828 1.12 1.12 1.1199982 0.688 0.688 0.856 0.856 0.856 0.582 0.664 
-0.236 -0.236 -0.552 -0.552 -0.552 -0.594 -0.594 -0.594 -0.594 -0.704 -0.704 -0.704 -0.704 -0.70343622 -0.696 -0.696 -0.696 -0.696 -0.806 -0.576 -0.576 -0.576 -0.576 -0.306 -0.30599995 -0.17400019 0.004 0.004 0.004 0.004 -0.18230929 -0.364 -0.13846049 -0.108 -0.108 -0.108 0.46 0.46 0.46 0.46 0.828 0.828 0.828 0.68604478 0.686 0.68799101 0.688 0.688 0.85599863 0.856 0.582 0.582 0.664 
-0.236 -0.552 -0.552 -0.552 -0.552 -0.552 -0.59179534 -0.31 -0.31 -0.704 -0.704 -0.704 -0.704 -0.70399811 -0.696 -0.696 -0.696 -0.70097015 -0.806 -0.806 -0.576 -0.576 -0.306 -0.306 -0.306 -0.306 0.004 0.004 0.004 0.004 -0.364 -0.364 -0.364 -0.10825905 -0.108 -0.108 0.46 0.46 0.46 0.46 0.828 0.828 0.828 0.686 0.686 0.68595728 -0.068 -0.068 0.576 0.576 0.582 0.582 0.664 
-0.54903237 -0.552 -0.552 -0.552 -0.552 -0.552 -0.31 -0.31 -0.31 -0.52088527 -0.704 -0.704 -0.704 -0.70399479 -0.696 -0.696 -0.696 -0.806 -0.806 -0.806 -0.57601149 -0.57599835 -0.306 -0.306 -0.306 -0.306 0.0039779649 0.004 0.004 -0.36391537 -0.364 -0.364 -0.364 -0.364 -0.10866833 -0.144 -0.144 -0.13354673 0.46 0.46 0.82799967 0.828 0.69012868 0.686 0.686 -0.067999729 -0.068 -0.068 0.576 0.576 0.404 0.404 0.9 
-0.552 -0.552 -0.552 -0.552 -0.552 -0.552 -0.31 -0.31 -0.31 -0.31 -0.43200784 -0.432 -0.432 -0.432 -0.69599915 -0.56395196 -0.49 -0.49 -0.80541746 -0.806 -0.80599995 -0.30600039 -0.306 -0.306 -0.306 -0.306 -0.30577461 0.004 0.0039874223 -0.364 -0.364 -0.364 -0.364 -0.364 -0.144 -0.144 -0.144 -0.144 -0.144 -0.14399655 0.404 0.404 0.40399987 0.028 0.028 0.028 0.162 0.162 0.2 0.2 0.404 0.40400108 0.9 
-0.552 -0.552 -0.552 -0.552 -0.552 -0.552 -0.31 -0.31 -0.31 -0.432 -0.432 -0.432 -0.432 -0.432 -0.44728866 -0.49 -0.49 -0.49 -0.49 -0.49 -0.50508796 -0.306 -0.306 -0.306 -0.306 -0.30041062 -0.12827892 -0.013975398 -0.36218522 -0.364 -0.364 -0.364 -0.364 -0.36399952 -0.144 -0.144 -0.144 -0.144 -0.144 0.11092833 0.404 0.404 0.404 0.028 0.028 0.028 0.162 0.162 0.2 0.2 0.67399999 0.8875327 0.9 
-0.552 -0.552 -0.552 -0.552 -0.552 -0.55199993 -0.31000006 -0.31 -0.31506368 -0.432 -0.432 -0.432 -0.432 -0.432 -0.43478204 -0.49 -0.49 -0.49 -0.49 -0.49 -0.49 -0.15635079 -0.12800025 -0.128 -0.128 -0.128 -0.128 -0.128 -0.51447151 -0.51999815 -0.52 -0.52 -0.52 -0.51999973 -0.144 -0.144 -0.144 -0.144 -0.144 0.40399994 0.404 0.404 0.404 0.40399983 0.028320644 0.228 0.16200001 0.57080324 0.2003312 0.674 0.674 0.67029998 0.496 
-0.552 -0.552 -0.552 -0.552 -0.552 -0.55198454 -0.31001305 -0.31000738 -0.43199985 -0.432 -0.432 -0.432 -0.432 -0.432 -0.43310362 -0.49 -0.49 -0.49 -0.49 -0.49 -0.49 -0.128 -0.128 -0.128 -0.128 -0.128 -0.128 -0.128 -0.51989179 -0.52 -0.52 -0.52 -0.52 -0.52 -0.41697604 -0.144 -0.144 -0.144 -0.144 0.404 0.404 0.404 0.404 0.40395491 0.228 0.228 0.23019363 0.578 0.578 0.674 0.674 0.496 0.496 
-0.552 -0.552 -0.552 -0.552 -0.552 -0.55167726 -0.3102907 -0.4182331 -0.432 -0.432 -0.432 -0.432 -0.432 -0.432 -0.43301539 -0.49 -0.49 -0.49 -0.49 -0.49 -0.43845778 -0.128 -0.128 -0.128 -0.128 -0.128 -0.128 -0.128 -0.51999843 -0.52 -0.52 -0.52 -0.52 -0.52 -0.52 -0.26450394 -0.45180388 -0.5542219 -0.56976864 0.43228261 0.40400001 0.404 0.404 0.22801405 0.228 0.23276342 1.0259979 0.578 0.578 0.53201788 0.532 0.532 0.49600001 
-0.552 -0.552 -0.552 -0.552 -0.55199975 -0.54998187 -0.32224321 -0.43196645 -0.432 -0.432 -0.432 -0.432 -0.432 -0.432 -0.43335439 -0.49 -0.49 -0.49 -0.49 -0.49 -0.12800156 -0.128 -0.128 -0.128 -0.128 -0.128 -0.128 -0.128 -0.51999989 -0.52 -0.52 -0.52 -0.52 -0.52 -0.52000001 -0.578 -0.578 -0.578 -0.57799999 0.844 0.844 0.844 0.844 1.0259977 1.026 1.026 1.026 1.0259954 0.614 0.614 0.532 0.532 0.35583041 
-0.552 -0.552 -0.552 -0.55199998 -0.55199324 -0.54548546 -0.42404704 -0.43199841 -0.432 -0.432 -0.432 -0.432 -0.432 -0.432 -0.43396888 -0.48999998 -0.49 -0.49 -0.49 -0.48782128 -0.128 -0.128 -0.128 -0.128 -0.128 -0.128 -0.128 -0.128 -0.51999991 -0.52 -0.52 -0.52 -0.52 -0.52 -0.57799995 -0.578 -0.578 -0.578 -0.578 0.844 0.844 0.844 0.844 0.89312102 1.026 1.026 1.026 0.61400461 0.614 0.614 0.278 0.278 0.278 
-0.552 -0.552 -0.55199999 -0.55199945 -0.55193406 -0.53310718 -0.43159553 -0.4319996 -0.432 -0.432 -0.432 -0.432 -0.432 -0.432 -0.43480127 -0.48999864 -0.49 -0.49 -0.48999959 -0.13533469 -0.128 -0.128 -0.128 -0.128 -0.128 -0.128 -0.128 -0.128 -0.51999963 -0.52 -0.52 -0.52 -0.52 -0.62394991 -0.57800003 -0.578 -0.578 -0.578 -0.578 0.844 0.844 0.844 0.844 0.844 1.026 1.026 1.026 0.614 0.614 0.614 0.278 0.278 0.278 
-0.552 -0.55199998 -0.55199977 -0.55199354 -0.55163613 -0.47670982 -0.43193535 -0.43199976 -0.432 -0.432 -0.432 -0.432 -0.432 -0.43200011 -0.43579092 -0.48997882 -0.49 -0.48999999 -0.48812575 -0.12803078 -0.128 -0.128 -0.128 -0.128 -0.128 -0.128 -0.128 -0.12800023 -0.51999754 -0.52 -0.5200001 -0.64951647 -0.662 -0.662 -0.662 -0.578 -0.578 -0.578 -0.578 0.844 0.844 0.844 0.844 0.844 1.0259968 1.026 1.0259998 0.61400003 0.614 0.61399982 0.278 0.278 0.278 
