interpolatedSpi/06-12|20_3.tif
NCOLS 53
NROWS 52
XLLCORNER -116.03883
YLLCORNER 28.596182
DX 0.49850594
DY 0.49788537
NODATA_VALUE -9999
[rows 0 to 26 of 52, columns 0 to 52 of 53]
-0.15 -0.15 -0.18159828 -0.77428571 -0.0071428571 0.20285714 0.61714286 0.87 0.089925157 -0.068571429 -0.18142857 0.51 0.14145351 0.44428571 0.12857143 0.12857143 0.12857143 0.051428571 0.36 0.36 0.36 0.35999609 -0.045714283 0.25857143 0.25857143 0.25857143 0.94999822 0.95 0.95 0.34285714 0.34285714 0.34285714 0.34285714 0.092857193 0.092857143 0.092857143 0.092857143 0.092857143 0.092857143 0.092857196 2.0489304 2.0698224 1.3742857 1.3742857 1.3742857 1.3742857 1.37433 1.4014286 1.4014286 1.4014286 1.6342852 1.6342857 1.6342857
-0.15001568 -0.50285714 -0.12999949 -0.021855906 0.21412277 0.54142857 0.53571429 0.4116719 -0.13714286 0.25857143 0.24571429 0.14142857 0.14142857 0.66782355 0.44428563 0.12857143 0.051428571 0.051428571 0.35959766 0.36 0.36 0.36 0.22195105 0.25857143 0.25857143 0.25857143 -0.035714265 -0.035714285 0.34285714 0.34285714 0.34285714 0.34285714 0.34285714 0.092857179 0.092857143 0.092857143 0.092857143 0.092857143 0.092857243 0.20677094 0.69430827 1.2917735 1.3742857 1.3742857 1.3742857 1.3742857 1.3742857 1.4014286 1.4014286 1.4014286 1.4207373 1.6342857 1.6342857
0.24998239 0.25 0.31571429 0.71285714 0.49142857 0.17714286 0.51142857 0.062857143 0.44428571 0.34 0.53142857 -0.012857143 -0.53571429 0.34285714 0.66857143 0.93714286 0.051428571 0.051428571 0.051428571 0.15291736 0.15285714 0.15285714 -0.43714286 0.25857143 0.25857143 0.25857143 -0.035714286 -0.035714286 -0.035714286 0.34285714 0.34285714 0.34285708 -0.27814894 0.094723322 0.10564881 1.4545496 1.4671429 1.4671429 1.3699378 0.69428572 0.69428571 0.69515526 1.3742857 1.3742857 1.3742857 1.3742857 1.3742857 1.4014286 1.4014286 1.4014286 1.4014286 1.6342857 1.6342857
0.27 0.25000002 0.3385246 0.61142857 0.11 0.40571429 0.95428571 -0.21714286 0.51285714 0.43876994 0.73428571 0.53 0.17 0.34285714 0.47428571 0.93714286 -0.27777591 -0.28690563 -0.24714286 0.15285714 0.15285714 -0.48428571 -0.43714286 -0.43714286 0.25857143 0.25856996 -0.035714286 -0.035714286 -0.035714286 -0.87428571 -0.91426081 -0.94714286 -0.94714286 -0.94714096 1.4671429 1.4671429 1.4671429 1.4671429 0.69428571 0.69428571 0.69428571 0.69428574 1.3742857 1.3742857 1.3742857 1.3742857 1.3742857 1.4014282 1.4014286 1.4014286 1.4014286 1.6341982 1.6342857
0.27 0.19857169 0.33857143 0.45692276 0.11 0.68714286 0.41288984 0.12285714 -0.30857143 0.31857134 0.45208675 0.51290175 0.82428571 0.47428571 0.47428571 0.76474745 -0.28714286 -0.28714286 -0.24714286 -0.24714286 0.15285584 -0.48428571 -0.66285714 -0.37428571 -0.52 -0.51995711 -0.035714286 -0.035714286 -0.87428571 -0.87428571 -0.94714286 -0.94714286 -0.94714286 -0.80705995 1.4671429 1.4671429 1.4671429 0.69428571 0.69428571 0.69428571 0.69428571 0.69424848 1.3742857 1.3742857 1.3742857 1.3742857 1.3742857 1.3745273 1.4014286 1.4013189 -1.0442857 -1.0442857 -1.0442857
-1.1442857 0.01 0.41714285 0.41285714 0.65428571 0.77428571 0.40714286 0.37074614 0.26857143 0.037142857 0.55285714 -0.40428571 -0.4042849 0.54714286 0.54714286 -0.33135993 -0.33142857 -0.39 -0.39 -0.24714292 -0.82714286 -0.82714286 -0.37428571 -0.52 -0.52 -0.33714286 -0.87142857 -0.87142857 -0.31290799 -0.87428571 -0.94714286 -0.94714286 -0.20428571 -0.20431452 -0.4799803 -0.57 -0.57 0.30315007 0.69428571 0.69428571 0.3090525 0.30857143 0.30857262 -0.5005942 -0.53407478 -0.53428521 -0.53428565 -0.534285 -0.61005043 -1.0442857 -1.0442857 -1.0442857 -1.0442857
-0.31000307 -0.25285714 -0.61669452 0.11285714 0.64285714 -0.01 0.23285715 0.47714286 0.27428571 0.27428571 0.55285714 -0.17 0.4585712 0.54714286 -0.047141077 -0.047142857 -0.33142857 0.065714286 -0.31571429 -0.31571429 -0.88706082 -0.95428571 -0.95428571 -0.82857142 -0.33714286 -0.33714286 -0.87142857 -0.87142857 -0.31285115 -0.31274679 -0.21284882 -0.20428571 -0.20428571 -0.48 -0.48 -0.85943728 -0.57 -0.57 -1.2971177 0.30856919 0.30857143 0.30857143 0.30857637 -0.53428449 -0.53428571 -0.53428571 -0.53428571 -0.53428576 -0.60571429 -1.0441988 -1.0442857 -1.0442857 -1.0442857
-0.31 -0.59714286 -0.30142857 -0.84857143 -1.185695 -0.54285714 0.25714286 -0.26857141 -0.035714286 0.014285714 0.014285714 -0.39428571 0.45857143 0.45857143 -0.043673188 -0.17334775 -0.18571429 -0.071428571 -0.57857116 -0.31571429 -0.87033325 -0.82 -1.1714286 -1.14 -1.140003 -1.3742857 -1.19 -1.1899999 -0.21036043 -0.21 -0.21285714 -0.47694303 -0.51714286 -0.48 -0.48818966 -1.1014286 -1.1014286 -1.2971429 -1.2971429 0.30857143 0.30857143 0.30857144 -0.31399751 -0.31428573 -0.53428571 -0.53428571 -0.53428571 -0.60571157 -0.60571429 -0.60571429 -1.0442857 -1.0442857 -1.0442857
-0.68101988 -0.59714285 -0.14714286 -0.73142857 -0.16285714 -0.43142857 -0.19142857 0.3 0.54714286 0.60865947 0.40428571 0.012857143 0.012857143 -0.33428571 -0.33428189 -0.44071587 -0.44142857 -0.44142857 -0.14884471 -1.0714286 -1.4128571 -1.4128571 -0.80428571 -1.0267436 -1.3506759 -1.3742857 -1.1157143 -1.19 -1.0607554 -1.06 -0.46571429 0.31714286 0.1012887 -0.72857143 -0.76714286 -0.92285714 -0.91428571 -1.0542857 -1.1499558 0.31084158 0.81714286 -0.35714285 -0.3142799 -0.31428571 -0.31552399 -0.53428571 -0.89714284 -0.60571429 -0.60571429 -0.60571429 -0.60571429 -1.0578037 -0.23285714
-1.15 -1.15 -0.57714286 -0.44 -0.33428571 0.17 0.095714286 0.32 0.68571429 0.62429771 0.26571429 0.43857143 -0.33428571 -0.33428571 0.072857143 0.065803482 -0.44142857 -0.4413849 -0.24428571 -1.0714286 -1.0714286 -1.115416 -0.80428571 -1.0142817 -1.0142857 -1.0142857 -1.1157143 -0.62571429 -0.62571429 -1.06 -1.06 0.31633002 -0.11142857 -0.72857143 -0.57285714 -0.92285714 -0.91428571 -1.2228571 -1.15 0.19498563 -0.35714281 -0.32828048 -0.27857143 -0.31428571 -0.31428571 -0.89714286 -0.89714286 -0.89714286 -0.60571429 -0.60571429 -1.1528571 -1.1528571 -1.1528568
-1.15 -1.15 -0.71714286 -0.53428571 -0.89428571 -0.22857143 -0.34714285 0.25990504 0.26 0.23428571 0.29857143 0.094285714 0.43811194 0.072857143 0.072857143 0.072814459 -0.29714286 -0.29436867 -0.24428571 -0.23142857 -0.23142857 -0.46714286 -0.46714286 -1.0142857 -1.0142857 -1.0142857 -0.62571429 -0.62571429 -0.62571429 -1.1314286 -1.1314286 -1.1314269 -0.86571429 -0.86571429 -0.67428571 -1.0542857 -0.89142857 -0.30856967 -1.0128571 0.21714286 0.21714286 0.11857012 -0.27857143 -0.31428571 -0.4957144 -0.69285714 -0.82886675 -0.82857143 -0.97142857 -0.97142857 -1.1528571 -1.1528571 -1.1528571
-1.15 -0.96301302 -0.63911119 -0.68570979 -0.21714286 -0.73714286 -0.34714286 0.26 0.26 0.2345706 0.094285897 0.094285714 0.061428571 0.072857143 0.072857143 -0.29714284 -0.29714286 -0.29713985 -0.24428571 -0.23142857 -0.27771806 -0.46714286 -0.46714286 -1.0142637 -1.0142857 -1.0800296 -1.2142857 -1.2142857 -1.2142856 -1.1314286 -1.1314286 -1.0485714 -1.0485714 -0.86571376 -0.67428571 -0.4200004 -0.76474866 -0.30857143 -0.30857143 0.21714285 0.11857143 0.11857143 0.11856692 -0.49571429 -0.49571429 -0.69285714 -0.82857143 -0.82857143 -0.97142857 -0.97142857 -1.1528571 -1.1528571 -1.1528571
-0.13428571 0.26395022 0.34568124 0.33824522 -0.21714567 -0.73713058 -0.34714287 0.25252642 0.26 0.25932853 0.061428571 0.061428571 0.061428571 0.061428571 0.072855524 -0.29714286 -0.29714286 -0.29646039 -0.24428571 -0.23150016 -0.47857143 -0.47857143 -0.47857143 -0.47857143 -1.0053944 -1.2142857 -1.2142857 -1.2142857 -1.2142857 -1.2142006 -1.0485714 -1.0485714 -1.0485714 -1.0485714 -0.42 -0.42 -0.42 -0.3137025 -0.30626462 -0.0014285714 -0.0014285714 0.11856497 -0.050015258 -0.49567136 -0.49571429 -0.69285714 -0.82857143 -0.82857143 -0.97142857 -0.97142857 -1.1521989 -1.1528571 -0.25676137
-0.13428571 0.34571429 0.34571429 0.34571429 0.34571429 0.34571383 -0.34814109 -0.059865454 0.25999999 0.061641731 0.061428571 0.061428571 0.061428571 0.061428571 0.061428344 -0.29714285 -0.29714285 -0.29351722 -0.24428721 -0.47857143 -0.47857143 -0.47857143 -0.47857143 -0.47857143 -0.48129188 -1.0780564 -1.0814286 -1.0814286 -1.0814286 -1.0814286 -1.0485714 -1.0485714 -1.0485715 -1.0671429 -1.0671429 -0.42 -0.24361664 -0.23857143 -0.0014287085 -0.0014285714 -0.0014285714 -0.0014285714 -0.05 -0.05 -0.05 -0.0544737 -0.65397222 -0.65285714 -0.65285714 -0.65285714 -0.65285715 0.70142819 0.70142857
-0.052857143 0.34571429 0.34571429 0.34571429 0.34571429 0.34571429 0.34571424 -0.30994465 -0.25026099 -0.25285714 -0.25285714 -0.25285714 -0.25285714 -0.25285714 -0.25285714 -0.14928995 -0.29475773 -0.28990494 -0.47854199 -0.47857143 -0.47857143 -0.47857143 -0.47857143 -0.47857151 -0.60428571 -0.60428571 -0.60428639 -1.0814286 -1.0814286 -1.0809337 -0.83428571 -0.83428571 -1.0671429 -1.0671429 -1.0671429 -0.37129948 -0.23857143 -0.23857143 -0.23857143 -0.0014285714 -0.0014285714 -0.0014285714 -0.05 -0.05 -0.05 -0.05 -0.65285714 -0.65285714 -0.65285714 -0.65285714 -0.65285714 0.70142857 0.70142857
-0.052857143 0.095526472 0.34571429 0.34571429 0.34571429 0.34571429 -0.57410515 -0.57428571 -0.57428571 -0.25285714 -0.25285714 -0.25285714 -0.25285714 -0.25285714 -0.22953583 -0.14714286 -0.14714286 -0.14714286 -0.54978187 -0.54999993 -0.55 -0.55 -0.55 -0.55 -0.60428571 -0.60428571 -0.60428571 -0.60428571 -1.0814286 -0.83428571 -0.83428571 -0.83428571 -1.0671428 -1.0671429 -1.0671429 -0.062857143 -0.23833878 -0.23857143 -0.23857143 -0.0014457864 -0.035619509 -0.11537271 -0.05 -0.05 -0.31631844 -0.31714286 -0.31714286 -0.65218479 -0.24571349 -0.24428575 -0.24428579 0.010104593 0.70142717
-0.052857142 -0.059808057 0.14040418 0.34571429 0.34571429 -0.57374213 -0.57428571 -0.57428571 -0.57428571 -0.57196941 -0.25285714 -0.25285714 -0.25285714 -0.25285713 -0.14714286 -0.14714286 -0.14714286 -0.14714286 -0.54964014 -0.55 -0.55 -0.55 -0.55 -0.55 -0.60428571 -0.60428571 -0.60428571 -0.60428571 -0.6051223 -0.83428571 -0.83428571 -0.83428571 -0.28428573 -1.0670218 -0.062857143 -0.062857143 -0.062857143 -0.066309328 -0.12350012 -0.11571429 -0.11571429 -0.11571429 -0.28142857 -0.28142857 -0.31714286 -0.31714286 -0.31714286 -0.24428572 -0.24428571 -0.24428571 -0.24428571 0.01 0.01
-0.059911822 -0.06 -0.06 -0.060000006 -0.66285714 -0.574288 -0.57428571 -0.57428571 -0.57428571 -0.57428571 -0.2561019 -0.2528577 -0.25285714 -0.14714286 -0.14714286 -0.14714286 -0.14714286 -0.14714286 -0.23418758 -0.55 -0.55 -0.55 -0.55 -0.55 -0.44887977 -0.24428766 -0.24428571 -0.24428571 -0.24428571 -0.83428569 -0.28428572 -0.28428571 -0.28428571 -0.28428571 -0.062857143 -0.062865382 -0.37571429 -0.37571429 -0.11896077 -0.11571429 -0.11571429 -0.11571429 -0.28142857 -0.28142857 -0.31161306 -0.31714286 -0.31714286 -0.24428571 -0.24428571 -0.24428571 -0.24155911 0.01 0.01
-0.06 -0.06 -0.06 -0.34389442 -0.66285714 -0.66285714 -0.57428571 -0.57428571 -0.57428571 -0.57428571 -0.29571429 -0.29571429 -0.29571429 -0.14714286 -0.14714286 -0.14714286 -0.14714286 -0.14725311 -1.0257143 -1.0257143 -0.55000019 -0.55 -0.55066081 -0.57714286 -0.57414629 -0.24428571 -0.24428571 -0.24428571 -0.24428571 -0.28428164 -0.28428571 -0.28428571 -0.28428571 -0.28428571 -0.37571319 -0.37571429 -0.37571429 -0.37571429 -0.37478883 -0.11571429 -0.11571429 -0.11571429 -0.28142857 -0.28142857 -0.28142857 -0.31714286 -0.31714286 -0.24428571 -0.24428571 -0.24428571 0.0099999998 0.01 0.01
-0.06 -0.06 -0.06 -0.66285714 -0.66285714 -0.66285714 -0.66285701 -0.57428571 -0.57428571 -0.29600185 -0.29571429 -0.29571429 -0.29571429 -0.29562173 -0.68714324 -0.81428571 -0.81428571 -0.81428572 -1.0257143 -1.0257143 -1.0257143 -0.57714286 -0.57714286 -0.57714286 -0.57714926 -0.4308665 -0.24428571 -0.24428571 -0.24428572 -0.068485114 -0.020025994 -0.02 -0.02 -0.02 -0.29575903 -0.18428615 -0.18428571 -0.18428571 -0.18428571 -0.44995426 -0.45 -0.45 -0.28142857 -0.28142857 0.0099987833 0.009999959 -0.10571429 -0.10571429 -0.048571429 -0.048571429 -0.048571429 0.01 0.39536941
-0.059999561 -0.06 -0.060000022 -0.66285714 -0.66285714 -0.66285714 -0.66285714 -0.83285707 -0.57531958 -0.29578553 -0.29571429 -0.29571429 -0.29571429 -0.29673187 -0.81428571 -0.81428571 -0.81428571 -0.81428578 -1.0257143 -1.0257143 -1.0257143 -0.57714286 -0.57714286 -0.57714286 -0.6 -0.6 -0.55571429 -0.55571429 -0.55571429 -0.5527918 -0.02 -0.02 -0.02 -0.02 -0.10209785 -0.18428571 -0.18428571 -0.18428571 -0.18428571 -0.45 -0.45 -0.45 -0.43552664 0.01 0.01 0.01 -0.10571429 -0.10571429 -0.048571429 -0.048571429 -0.048571429 0.39571427 0.39571429
0.081428571 -0.0035093664 -0.60285714 -0.60287455 -0.66285714 -0.83187353 -0.83285714 -0.83285714 -0.74332411 -0.37428572 -0.37428571 -0.37428571 -0.37428571 -1.0899767 -1.09 -0.81428593 -0.81428571 -0.81985655 -1.0257143 -1.0257143 -1.0257143 -1.09 -1.09 -1.09 -0.6 -0.6 -0.55571429 -0.55571429 -0.55571429 -0.55571406 -0.24428429 -0.24428508 -0.025637085 -0.02024045 -0.76343348 -0.76428571 -0.76428571 -0.76428571 -0.76428571 -0.45 -0.45 -0.45 -0.015329449 0.01 0.01 0.009999922 -0.10571429 -0.10571429 -0.10571223 -0.048571429 -0.048546707 0.50428571 0.39571429
-0.40990668 -0.41000003 -0.60285714 -0.60285714 -0.60285714 -0.83285714 -0.83285714 -0.83285714 -0.58714286 -0.58714286 -0.37428571 -0.37428571 -0.37428571 -1.09 -1.09 -1.09 -1.09 -1.0899918 -1.0257143 -1.0257143 -1.0257143 -1.09 -1.09 -1.09 -0.6 -0.6 -0.55571429 -0.55571429 -0.55571429 -0.24779709 -0.24428571 -0.24428571 -0.24428571 -0.24428571 -0.76402913 -0.76428571 -0.76428571 -0.76428571 -0.76428571 -1.062857 -1.0628571 -1.0628571 -1.0628571 0.0099966352 -0.42857143 -0.42857143 -0.42857143 0.32857143 0.32857143 0.32857143 0.50428571 0.50428571 0.50428571
-0.41 -0.41 -0.60285714 -0.60285714 -0.60285714 -0.83164822 -0.83285714 -0.58714286 -0.58714286 -0.58714286 -0.37431192 -0.37428571 -1.1155346 -1.09 -1.09 -1.09 -1.09 -1.6714286 -1.6714286 -1.6714286 -1.4685714 -1.4685711 -1.0900018 -1.09 -1.0900547 -1.4142857 -1.4142857 -1.4142837 -0.55585304 -0.41568012 -0.41571337 -0.41568436 -0.2445787 -0.24443366 -0.67178397 -0.76428581 -0.76510916 -1.01 -1.01 -1.0628571 -1.0628571 -1.0628571 -1.0628571 -0.42857143 -0.42857143 -0.42857143 -0.42857143 0.32857143 0.32857143 0.32857143 0.50428571 0.50428571 0.50428571
-0.41 -0.41 -0.60285714 -0.60285714 -0.60285714 -0.60285714 -0.74089346 -0.58714286 -0.58714286 -0.58714286 -0.58752637 -1.2814286 -1.2814286 -1.2814286 -1.0911281 -1.09 -1.6675541 -1.6714286 -1.6714286 -1.6714286 -1.4685714 -1.4685714 -1.4685714 -1.4685714 -1.4142857 -1.4142857 -1.4142857 -1.4142857 -1.4142857 -0.41571429 -0.41571429 -0.41571429 -0.41571429 -0.41571507 -0.78857143 -1.01 -1.01 -1.01 -1.01 -1.0100004 -1.1185714 -1.1185714 -1.1185714 -0.90937637 -0.47571429 -0.47571429 -0.47571429 0.32857141 0.32857133 0.22285714 0.22285714 0.10581125 0.10571429
-0.41 -0.41 -0.53324926 -0.60285714 -0.60285714 -0.60285716 -1.572534 -0.59025379 -0.58714286 -0.58714286 -1.2814286 -1.2814286 -1.2814286 -1.2814286 -1.2814286 -1.2657958 -1.6714286 -1.6714286 -1.6714286 -1.6714286 -1.468573 -1.4685714 -1.4685714 -1.4685714 -1.4142857 -1.4142857 -1.4142857 -1.4142857 -1.4142857 -0.92981682 -0.41571429 -0.41571429 -0.41571429 -0.78857143 -0.78857143 -0.78874337 -1.01 -1.01 -0.90628796 -0.8257143 -1.1185714 -1.1185714 -1.1185714 -0.91162529 -0.47571429 -0.47571429 -0.47571429 -0.095714286 0.21888777 0.22285714 0.22285714 0.10571429 0.10571429
-1.4428571 -1.4428571 -1.4428571 -0.81346823 -0.60506263 -1.5742857 -1.5742857 -1.5742857 -1.5742857 -1.4557143 -1.4557143 -1.2814286 -1.2814286 -1.2814286 -1.2814286 -1.2814533 -1.6714286 -1.6714286 -1.6714286 -1.6714286 -1.5570917 -1.4685714 -1.4685714 -1.4663282 -1.3842566 -1.4142857 -1.4142857 -1.4142857 -1.1114286 -1.1114286 -1.1114286 -1.1114257 -0.78857143 -0.78857143 -0.78857143 -0.78857143 -0.82571429 -0.82571429 -0.82571429 -0.82571429 -1.0285714 -1.0285714 -1.0285714 -0.3585849 -0.35857143 -0.35857143 -0.35857147 -0.095714286 -0.095714286 0.22246898 0.22285714 0.10571218 0.10571429
