interpolatedSpi/06-10|22_2.tif
NCOLS 53
NROWS 52
XLLCORNER -116.03883
YLLCORNER 28.596182
DX 0.49850594
DY 0.49788537
NODATA_VALUE -9999
[rows 0 to 39 of 52, columns 0 to 52 of 53]
-0.594 -0.594 -0.95237435 -1.202 -0.976 -0.674 -0.95 -1.044 -1.0492676 -0.522 -0.994 -0.468 -0.78599572 -0.734 -0.536 -0.536 -0.536 0.044 -0.022 -0.022 -0.022 -0.022003082 -0.342 0.034 0.034 0.034 -0.66999789 -0.67 -0.67 -0.738 -0.738 -0.738 -0.738 -0.37600007 -0.376 -0.376 -0.376 -0.376 -0.376 -0.37599998 0.51045212 0.51978457 -0.326 -0.326 -0.326 -0.326 -0.32555246 -0.052 -0.052 -0.052 -0.24799959 -0.248 -0.248
-0.594016 -0.954 -0.93 -0.88252658 -0.67227771 -0.952 -1.118 -0.53258946 -0.732 -0.934 -0.78 -0.786 -0.786 -0.20975393 -0.7339919 -0.536 0.044 0.044 -0.021913945 -0.022 -0.022 -0.022 0.012734615 0.034 0.034 0.034 -0.78999994 -0.79 -0.738 -0.738 -0.738 -0.738 -0.738 -0.37600005 -0.376 -0.376 -0.376 -0.376 -0.37599997 -0.23922744 0.47194012 -0.2291693 -0.326 -0.326 -0.326 -0.326 -0.326 -0.052 -0.052 -0.052 -0.068252508 -0.248 -0.248
-0.69197072 -0.692 -0.928 -0.556 -0.634 -0.642 -0.658 -0.516 -1.24 -0.596 -0.958 -0.814 -1.07 0.126 -0.208 -0.32 0.044 0.044 0.044 -0.0080040698 -0.008 -0.008 -0.37 0.034 0.034 0.034 -0.79 -0.79 -0.79 -0.738 -0.738 -0.738 -0.77458641 -0.37544446 -0.37168115 0.08374815 0.088 0.088 0.13629708 0.472 0.472 0.47097956 -0.326 -0.326 -0.326 -0.326 -0.326 -0.052 -0.052 -0.052 -0.052 -0.248 -0.248
-0.612 -0.69199991 -0.2260674 0.06 -0.916 -0.378 -0.672 -0.848 -0.66 -0.46633319 -0.494 -0.22 -0.406 0.126 -0.71 -0.32 -0.87373077 -0.87735399 -1.328 -0.008 -0.008 -0.78 -0.37 -0.37 0.034 0.033995885 -0.79 -0.79 -0.79 -1.006 -0.90065388 -0.814 -0.814 -0.81399928 0.088 0.088 0.088 0.088 0.472 0.472 0.472 0.47199997 -0.326 -0.326 -0.326 -0.326 -0.326 -0.052003456 -0.052 -0.052 -0.052 -0.2479968 -0.248
-0.612 0.21399919 -0.226 -0.18071926 -0.916 -0.824 -0.65000186 0.326 -0.556 0.19799975 -0.098510962 -0.2400212 -0.388 -0.71 -0.71 -0.45781862 -0.878 -0.878 -1.328 -1.328 -0.008001599 -0.78 0.488 -0.312 -0.676 -0.67573061 -0.79 -0.79 -1.006 -1.006 -0.814 -0.814 -0.814 -0.68011282 0.088 0.088 0.088 0.472 0.472 0.472 0.472 0.4719359 -0.326 -0.326 -0.326 -0.326 -0.326 -0.32356106 -0.052 -0.052004394 -0.15 -0.15 -0.15
-1.778 -0.362 -0.41400002 -0.546 -0.488 -0.552 -0.6 -0.48144548 -0.272 -0.848 -1.22 -0.368 -0.36800001 -0.462 -0.462 -0.59602318 -0.596 -0.924 -0.924 -1.3279993 -1.338 -1.338 -0.312 -0.676 -0.676 0.476 -0.072 -0.072 -0.088083926 -1.006 -0.814 -0.814 -0.104 -0.10391202 0.73793968 0.688 0.688 0.53882453 0.472 0.472 -0.19117185 -0.192 -0.19199715 -0.48317556 -0.48598232 -0.48599996 -0.48599999 -0.48599994 -0.19550859 -0.15 -0.15 -0.15 -0.15
-1.4900016 -0.23 0.17993537 -0.072000001 -0.374 -0.714 -0.128 0.138 -0.022 -0.022 -1.22 -0.556 -1.2499999 -0.462 -0.69199931 -0.692 -0.596 -0.67 -0.548 -0.548 -1.1344136 -0.906 -0.906 0.27799999 0.476 0.476 -0.072 -0.072 -0.088024709 -0.088454918 0.14596458 -0.104 -0.104 0.738 0.738 0.73919616 0.688 0.688 0.40800971 -0.19199916 -0.192 -0.192 -0.19198436 -0.48599736 -0.486 -0.486 -0.486 -0.48599983 -0.208 -0.15001149 -0.15 -0.15 -0.15
-1.49 -0.042 0.304 -0.51 -0.16601972 -0.402 -0.21 0.36599999 -0.324 -0.18 -0.18 -0.754 -1.25 -1.25 -0.6958284 -1.1000191 -1.14 -0.428 -0.8399997 -0.548 -0.22882691 -0.184 -0.654 0.091999997 0.091996647 -0.168 -0.228 -0.22799994 -0.51051424 -0.51199999 0.148 -0.021039007 0.326 0.738 0.73332252 0.782 0.782 0.408 0.408 -0.192 -0.192 -0.19199997 -0.010045138 -0.012000024 -0.486 -0.486 -0.486 -0.20801058 -0.208 -0.208 -0.15 -0.15 -0.15
-0.19948073 -0.042000003 0.234 0.128 0.07 0.098 0.156 0.632 0.09 -0.075867023 -0.32 -0.72799999 -0.728 0.128 0.12799336 -1.421214 -1.422 -1.422 -0.49089244 -0.54200004 -0.712 -0.71199999 0.028 -0.38523501 -0.14179886 -0.168 -0.166 -0.228 -0.15443001 -0.154 -0.118 0.87 0.37138231 0.16 0.574 0.684 0.792 0.074 1.0095678 -0.18671489 0.992 0.322 -0.011920229 -0.012 -0.014667929 -0.486 0.25999996 -0.208 -0.208 -0.208 -0.208 -0.2052813 -0.412
-1.08 -1.08 0.352 0.266 0.146 0.67 0.312 0.362 -0.028 -0.11797876 0.128 0.4 0.128 0.128 -0.578 -0.58957584 -1.422 -1.421747 -0.292 -0.542 -0.542 -0.56390171 0.028 -0.0059993562 -0.006 -0.006 -0.166 0.476 0.476 -0.154 -0.154 0.86812235 -0.12 0.16 0.148 0.684 0.792 0.966 1.01 0.047850386 0.32200003 0.37930495 0.478 -0.012 -0.012 0.26 0.26 0.26 -0.208 -0.208 -0.594 -0.594 -0.59399993
-1.08 -1.08 -0.232 -0.356 -0.176 0.098 0.156 0.30220773 0.668 0.302 0.066 -0.064 0.39938188 -0.578 -0.578 -0.57798846 -0.478 -0.46823785 -0.292 -0.566 -0.566 -0.586 -0.586 -0.006 -0.006 -0.006 0.476 0.476 0.476 -0.76 -0.76 -0.75999894 -0.228 -0.228 -0.132 -0.626 0.502 0.46400121 0.484 0.032 0.032 -0.12399802 0.478 -0.012 0.06999963 -0.406 0.076792445 0.076 0.104 0.104 -0.594 -0.594 -0.594
-1.08 -0.71382752 -0.28491522 -0.37999347 0.32 0.204 0.156 0.302 0.66799694 0.30605484 -0.063999524 -0.064 -0.124 -0.578 -0.578 -0.478 -0.478 -0.47798941 -0.292 -0.566 -0.56992759 -0.586 -0.586 -0.0060230915 -0.006 -0.080290621 -0.232 -0.232 -0.23199991 -0.76 -0.76 -0.618 -0.618 -0.22799974 -0.132 -0.20999993 0.51867626 0.464 0.464 0.031999995 -0.124 -0.124 -0.1239985 0.07 0.07 -0.406 0.076 0.076 0.104 0.104 -0.594 -0.594 -0.594
0.124 0.04830543 0.07398412 0.070720058 0.31999922 0.20400274 0.156 0.30020283 0.64277886 0.65844276 -0.124 -0.124 -0.124 -0.124 -0.57793569 -0.478 -0.478 -0.47559844 -0.292 -0.56592537 -0.314 -0.314 -0.314 -0.314 -0.011400392 -0.232 -0.232 -0.232 -0.232 -0.23241088 -0.618 -0.618 -0.618 -0.618 -0.21 -0.21 -0.21 0.43166755 0.45668473 -0.51 -0.51 -0.12402076 -0.37198487 0.069957428 0.07 -0.406 0.076 0.076 0.104 0.104 -0.59146773 -0.594 -0.36438983
0.124 0.074 0.074 0.074 0.074 0.074000056 0.15612288 0.22512926 0.57549113 -0.12315615 -0.124 -0.124 -0.124 -0.124 -0.12399973 -0.478 -0.47799997 -0.46524167 -0.29200266 -0.314 -0.314 -0.314 -0.314 -0.314 -0.31412944 -0.45879848 -0.60399992 -0.604 -0.604 -0.604 -0.618 -0.618 -0.61800035 -0.908 -0.908 -0.21 -0.68248518 -0.696 -0.51000011 -0.51 -0.51 -0.51 -0.372 -0.372 -0.372 -0.37223661 0.061990981 0.062 0.062 0.062 0.062000001 0.11199985 0.112
0.394 0.074 0.074 0.074 0.074 0.074 0.074000006 0.075892639 0.25730072 0.256 0.256 0.256 0.256 0.256 0.256 0.12070743 -0.46852523 -0.45253026 -0.3139973 -0.314 -0.314 -0.314 -0.314 -0.31399958 -0.32 -0.32 -0.3200004 -0.604 -0.604 -0.60411614 -0.662 -0.662 -0.908 -0.908 -0.908 -0.72996011 -0.696 -0.696 -0.696 -0.51 -0.51 -0.51 -0.372 -0.372 -0.372 -0.372 0.061999989 0.062 0.062 0.062 0.062 0.112 0.112
0.394 0.27486764 0.074 0.074 0.074 0.074 -0.21194387 -0.212 -0.21199999 0.256 0.256 0.256 0.256 0.256 0.22555623 0.118 0.118 0.118 0.042910053 0.043999635 0.044 0.044 0.044 0.044 -0.32 -0.32 -0.32 -0.32 -0.604 -0.662 -0.662 -0.662 -0.90799998 -0.908 -0.908 -0.728 -0.69604237 -0.696 -0.696 -0.51005879 -0.62727492 -0.9008284 -0.372 -0.372 -0.62521614 -0.626 -0.626 0.060407587 -0.90261728 -0.90599992 -0.90599982 -0.72387351 0.1119983
0.394 -0.14901363 -0.046438957 0.074 0.074 -0.21183102 -0.212 -0.212 -0.212 -0.20862746 0.256 0.256 0.256 0.25599998 0.118 0.118 0.118 0.118 0.044066103 0.044 0.044 0.044 0.044 0.044 -0.31999999 -0.32 -0.32 -0.32 -0.32124397 -0.662 -0.662 -0.662 -0.38400001 -0.90796904 -0.728 -0.728 -0.728 -0.72815151 -0.88895393 -0.902 -0.902 -0.902 -0.948 -0.948 -0.626 -0.626 -0.626 -0.906 -0.906 -0.906 -0.906 -0.724 -0.724
-0.16363391 -0.164 -0.164 -0.164 -0.452 -0.21200619 -0.212 -0.212 -0.212 -0.212 0.28416327 0.25600485 0.25600001 0.118 0.118 0.118 0.118 0.118 0.10171947 0.044 0.044 0.044 0.044 0.044 -0.29574218 -0.56599867 -0.566 -0.566 -0.566 -0.66199999 -0.384 -0.384 -0.384 -0.384 -0.728 -0.72800037 -0.742 -0.742 -0.90000216 -0.902 -0.902 -0.902 -0.948 -0.948 -0.67585669 -0.626 -0.626 -0.906 -0.906 -0.906 -0.90404849 -0.724 -0.724
-0.164 -0.164 -0.164 -0.2996235 -0.452 -0.452 -0.212 -0.212 -0.212 -0.212 0.628 0.628 0.628 0.118 0.118 0.118 0.118 0.11797918 -0.048 -0.048 0.043999963 0.044 0.037864861 -0.208 -0.21122292 -0.566 -0.566 -0.566 -0.566 -0.38401853 -0.384 -0.384 -0.384 -0.384 -0.74199995 -0.742 -0.742 -0.742 -0.74255664 -0.902 -0.902 -0.902 -0.948 -0.948 -0.948 -0.626 -0.626 -0.90599999 -0.906 -0.906 -0.724 -0.724 -0.724
-0.164 -0.164 -0.164 -0.452 -0.452 -0.452 -0.45199963 -0.212 -0.212 0.62713288 0.628 0.628 0.628 0.62768224 0.016012776 -0.008 -0.008 -0.0080000002 -0.048 -0.048 -0.048 -0.208 -0.208 -0.208 -0.20804202 -0.45689894 -0.566 -0.566 -0.566 -0.36053691 -0.35000334 -0.35 -0.35 -0.35 -0.6974694 -0.63600024 -0.636 -0.636 -0.636 -1.04798 -1.048 -1.048 -0.948 -0.948 -0.85800038 -0.85799981 -0.324 -0.324 -0.502 -0.502 -0.502 -0.724 0.1092543
-0.16400024 -0.164 -0.16400001 -0.452 -0.452 -0.452 -0.452 -0.12600003 -0.21165614 0.62756112 0.628 0.628 0.628 0.62675199 -0.008 -0.008 -0.008 -0.0080000115 -0.048 -0.048 -0.048 -0.208 -0.208 -0.208 -0.358 -0.358 -0.394 -0.394 -0.394 -0.39375997 -0.35 -0.35 -0.35 -0.35 -0.49292152 -0.636 -0.636 -0.636 -0.636 -1.048 -1.048 -1.048 -1.0420219 -0.858 -0.858 -0.858 -0.324 -0.324 -0.502 -0.502 -0.502 0.10999998 0.11
-0.24 -0.20629672 -0.216 -0.21606847 -0.452 -0.12788622 -0.126 -0.126 -0.098307224 0.144 0.144 0.144 0.144 0.1040013 0.104 -0.007999914 -0.008 -0.0090539412 -0.048 -0.048 -0.048 -0.42 -0.42 -0.42 -0.358 -0.358 -0.394 -0.394 -0.394 -0.39400019 -0.65199808 -0.65199915 -0.35759032 -0.35032376 -0.9153536 -0.916 -0.916 -0.916 -0.916 -1.048 -1.048 -1.048 -0.86846194 -0.858 -0.858 -0.85799995 -0.324 -0.324 -0.32400641 -0.502 -0.50198381 -0.14 0.11
-0.30998671 -0.30999998 -0.216 -0.216 -0.216 -0.126 -0.126 -0.126 -0.05 -0.05 0.144 0.144 0.144 0.104 0.104 0.104 0.104 0.10398271 -0.048 -0.048 -0.048000014 -0.42 -0.42 -0.42 -0.358 -0.358 -0.394 -0.394 -0.394 -0.64909103 -0.652 -0.652 -0.652 -0.652 -0.91586973 -0.916 -0.916 -0.916 -0.916 -0.96600002 -0.966 -0.966 -0.966 -0.85799805 -0.604 -0.604 -0.604 -0.246 -0.246 -0.246 -0.14 -0.14 -0.14
-0.31 -0.31 -0.216 -0.216 -0.216 -0.12647306 -0.126 -0.05 -0.05 -0.05 0.14397612 0.144 0.019797042 0.10399997 0.104 0.104 0.104 -0.066 -0.066 -0.066 -0.66999999 -0.66999981 -0.42000122 -0.42 -0.42025412 -0.878 -0.878 -0.87799885 -0.39407822 -1.0779151 -1.0779977 -1.0779256 -0.65272808 -0.65236763 -0.86925673 -0.9160001 -0.91688472 -1.18 -1.18 -0.966 -0.966 -0.966 -0.966 -0.604 -0.604 -0.604 -0.604 -0.246 -0.246 -0.246 -0.14 -0.14 -0.14
-0.31 -0.31 -0.216 -0.216 -0.216 -0.216 -0.09755542 -0.05 -0.05 -0.05 -0.0499768 -0.008 -0.008 -0.008 0.10333996 0.104 -0.064867162 -0.066 -0.066 -0.066 -0.67 -0.67 -0.67 -0.67 -0.878 -0.878 -0.878 -0.878 -0.878 -1.078 -1.078 -1.078 -1.078 -1.0779995 -0.84 -1.18 -1.18 -1.18 -1.18 -1.179999 -0.89 -0.89 -0.89 -0.81124952 -0.648 -0.648 -0.648 -0.24600001 -0.24600016 -0.416 -0.416 0.14393091 0.144
-0.31 -0.31 -0.2499274 -0.216 -0.216 -0.21599999 0.037843841 -0.049722673 -0.05 -0.05 -0.0079999572 -0.008 -0.008 -0.008 -0.008 0.0011716515 -0.066 -0.066 -0.066 -0.066 -0.66999533 -0.67 -0.67 -0.67 -0.878 -0.878 -0.878 -0.878 -0.878 -1.111992 -1.078 -1.078 -1.078 -0.84 -0.84 -0.84026402 -1.18 -1.18 -1.1079644 -1.052 -0.89 -0.89 -0.89 -0.813052 -0.648 -0.648 -0.648 -0.93 -0.42240439 -0.416 -0.416 0.144 0.144
-0.122 -0.122 -0.122 -0.19243162 -0.21577717 0.038 0.038 0.038 0.038 0.196 0.196 -0.0079999856 -0.008 -0.008 -0.008 -0.0080036757 -0.066 -0.066 -0.066 -0.066 -0.40643399 -0.67 -0.67 -0.66173015 -0.37733313 -0.878 -0.878 -0.878 -1.124 -1.124 -1.124 -1.1239998 -0.84 -0.84 -0.84 -0.84 -1.052 -1.052 -1.052 -1.052 -0.954 -0.954 -0.954 -0.87400161 -0.874 -0.874 -0.87399993 -0.93 -0.93 -0.41662628 -0.416 0.14399778 0.144
-0.122 -0.122 -0.122 -0.12199698 -0.066 -0.050876691 0.038 0.038 0.038 0.196 0.196 0.196 -0.0039999993 -0.004 -0.004 -0.0039999908 -0.065109734 -0.066 -0.066 -0.066 -0.075141537 -0.35400087 -0.354 -0.354 -0.354 -0.35400001 -0.636 -0.636 -1.124 -1.124 -1.124 -1.124 -0.83999986 -0.84 -0.84 -0.83998371 -1.052 -1.052 -1.052 -1.0509208 -0.954 -0.954 -0.954 -0.87400371 -0.874 -0.874 -0.874 -0.93 -0.93 -0.92999992 -0.296 -0.296 -0.226
-0.122 -0.122 -0.122 -0.066000129 -0.066 -0.066 0.037999961 0.038 0.038 0.196 0.196 0.196 -0.004 -0.004 -0.004 0.028291649 0.42 0.42 0.41999874 -0.063254947 -0.354 -0.354 -0.354 -0.354 -0.354 -0.35421222 -0.636 -0.636 -0.636 -1.124 -1.124 -1.1238108 -0.64 -0.64 -0.64 -0.45 -0.45 -0.806 -0.806 -0.806 -0.474 -0.95384944 -0.95399843 -0.744 -0.744 -0.74892685 -0.87399975 -0.93 -0.93 -0.296 -0.296 -0.296 -0.226
-0.122 -0.122 -0.122 -0.066 -0.066 -0.066 -0.066 0.038 0.038 0.196 0.196 0.0039971154 -0.004 -0.004 -0.004 0.42 0.42 0.42 0.42 0.42 -0.354 -0.354 -0.354 -0.354 -0.354 -0.63599904 -0.636 -0.636 -0.636 -0.83 -0.83 -0.83 -0.64 -0.64 -0.64 -0.45 -0.45 -0.806 -0.806 -0.474 -0.474 -0.474 -0.744 -0.744 -0.744 -0.744 -0.70161198 -0.228 -0.228 -0.228 -0.29599999 0.306 0.306
-0.122 -0.122 -0.12192202 -0.066 -0.066 -0.066 -0.066 0.05776153 0.064 0.064226626 0.196 -0.0039867663 -0.004 -0.004 -0.0039985332 0.42 0.42 0.42 0.42 0.42 0.9215039 -0.354 -0.354 -0.354 -0.35392668 -0.6359641 -0.636 -0.636 -0.636 -0.83 -0.83 -0.83 -0.82997542 -0.64 -0.45 -0.45 -0.45 -0.45001473 -0.80597736 -0.474 -0.474 -0.474 -0.74398361 -0.744 -0.744 -0.744 -0.22800085 -0.228 -0.228 -0.228 0.306 0.306 0.306
0.234 0.23399938 -0.066018861 -0.066 -0.066 -0.066 0.063972337 0.064 0.064 0.064 0.154 0.154 0.154 0.154 0.41877228 0.42 0.42 0.42 0.42 0.97599967 0.976 0.976 0.0019999407 0.002 0.002 0.002 -0.053067606 -0.636 -1.1779778 -1.178 -1.178 -1.178 -1.178 -0.558 -0.558 -0.558 -0.558 -0.558 -0.498 -0.498 -0.498 -0.498 -0.498 -0.30865724 -0.308 -0.308 -0.308 -0.228 -0.228 -0.228 0.30591587 0.306 0.306
0.234 0.234 0.23460273 0.30599925 0.30599992 0.30576383 0.064 0.064 0.064 0.064 0.154 0.154 0.154 0.154 0.154 0.42 0.42 0.42 0.97599986 0.976 0.976 0.976 0.0020000034 0.002 0.002 0.002 0.002 0.0018638213 -1.1779073 -1.178 -1.178 -1.178 -1.1779628 -0.81537334 -0.5582665 -0.558 -0.558 -0.55800001 -0.498 -0.498 -0.498 -0.498 -0.498 -0.308 -0.308 -0.308 -0.308 -0.27059044 -0.228 -0.33281737 -0.334 -0.466 -0.466
0.234 0.234 0.30599088 0.306 0.306 0.306 0.24453302 0.064 0.064 0.064 0.154 0.154 0.154 0.154 0.154 0.41980495 0.42 0.97583698 0.976 0.976 0.976 0.976 0.36282461 0.002 0.002 0.002 0.002 0.0013342984 -0.938 -0.938 -0.938 -0.938 -0.938 -1.012 -1.012 -1.012 -1.012 -1.012 -0.94 -0.94 -0.94 -0.94 -0.94 -0.30804883 -0.30800001 -0.308 -0.30800339 -0.30841167 -0.334 -0.334 -0.334 -0.46599926 -0.466
0.23400052 0.51246314 0.30600003 0.306 0.306 0.306 0.306 0.064103041 0.064 0.064 0.154 0.154 0.154 0.154 1.190456 1.214 1.214 0.97600613 0.976 0.976 0.976 0.976 0.97599991 0.002 0.002 0.002 0.002 -0.85200005 -0.85200004 -0.87030289 -0.938 -0.938 -0.938 -1.012 -1.012 -1.012 -1.012 -1.0118835 -0.94 -0.94 -0.94 -0.94 -0.93999617 -0.328 -0.328 -0.328 -0.328 -0.32800048 -0.334 -0.334 -0.334 -0.33400022 -0.68670106
0.518 0.518 0.50252655 0.306 0.306 0.306 0.306 0.306 0.064105552 1.04 1.04 1.04 1.0378973 1.2139985 1.214 1.214 1.214 1.214 0.97599878 0.96553761 0.874 0.874 0.874 0.65061354 -0.026492949 -0.17895332 -0.30788446 -0.852 -0.852 -0.852 -0.852 -0.852 -0.85062098 -0.8358249 -0.84 -0.84 -0.84 -0.84 -0.93060725 -0.89000009 -0.89 -0.89 -0.89 -0.45399963 -0.32800003 -0.328 -0.328 -0.304 -0.33399952 -0.334 -0.334 -0.69 -0.69
0.518 0.518 0.678 0.678 0.678 0.30612392 0.306 0.306 1.04 1.04 1.04 1.04 1.04 1.214 1.214 1.214 1.214 1.214 0.874 0.874 0.874 0.874 0.874 -0.35399994 -0.354 -0.354 -0.354 -0.852 -0.852 -0.852 -0.852 -0.852 -0.468 -0.468 -0.84 -0.84 -0.84 -0.71402146 -0.714 -0.89 -0.89 -0.89 -0.88999994 -0.454 -0.454 -0.454 -0.304 -0.304 -0.304 -0.158 -0.158 -0.69 -0.69
0.518 0.518 0.678 0.678 0.678 0.678 0.67799963 0.61 1.0395951 1.04 1.04 1.04 1.04 1.2118295 1.214 1.214 1.214 1.214 0.87400001 0.874 0.874 0.874 0.874 -0.354 -0.354 -0.354 -0.354 -0.35400203 -0.852 -0.852 -0.852 -0.46802013 -0.468 -0.468 -0.468 -0.84 -0.714 -0.714 -0.714 -0.71863089 -0.56459873 -0.504 -0.504 -0.454 -0.454 -0.454 -0.304 -0.304 -0.304 -0.158 -0.158 -0.158 -0.49798813
0.434 0.43400066 0.678 0.678 0.678 0.678 0.61 0.61 0.61 1.04 1.04 1.04 1.04 1.0400541 1.214 1.214 1.214 1.214 0.87400597 0.874 0.874 0.874 -0.13766512 -0.354 -0.354 -0.354 -0.354 -0.56599983 -0.566 -0.566 -0.8489161 -0.468 -0.468 -0.468 -0.46799984 -0.304 -0.714 -0.714 -0.714 -0.714 -0.504 -0.504 -0.504 -0.266 -0.266 -0.266 -0.5719739 -0.304 -0.304 -0.158 -0.158 -0.158 -0.47799929
0.434 0.434 0.678 0.678 0.678 0.61 0.61 0.61 0.61 0.99284698 1.04 1.04 1.04 1.040002 1.6839459 1.684 1.684 1.684 0.7777982 0.812 0.812 0.812 0.812 -0.354 -0.354 -0.354 -0.35401398 -0.566 -0.566 -0.566 -0.566 -0.46799687 -0.37575474 -0.304 -0.304 -0.304 -0.71402102 -0.71999988 -0.72 -0.72 -0.50406736 -0.59 -0.59 -0.266 -0.266 -0.2660013 -0.572 -0.572 -0.554 -0.554 -0.554 -0.266 -0.224
