interpolatedSpi/06-11|23_3.tif
NCOLS 53
NROWS 52
XLLCORNER -116.03883
YLLCORNER 28.596182
DX 0.49850594
DY 0.49788537
NODATA_VALUE -9999
[rows 0 to 28 of 52, columns 0 to 52 of 53]
0.16833333 0.16833333 0.18411111 0.51166667 0.33166667 0.2 0.15333333 0.15 -0.77849244 -0.865 -0.29833333 -0.485 -0.91995142 -0.33 -0.11333333 -0.11333333 -0.11333333 -0.91166667 -0.34 -0.34 -0.34 -0.34000098 -0.44166667 -0.695 -0.695 -0.695 -1.4600048 -1.46 -1.46 -1.7816667 -1.7816667 -1.7816667 -1.7816667 -1.2783334 -1.2783333 -1.2783333 -1.2783333 -1.2783333 -1.2783333 -1.2783333 0.011111914 0.024882338 -0.43666667 -0.43666667 -0.43666667 -0.43666667 -0.43639717 -0.27166667 -0.27166667 -0.27166667 -0.13000029 -0.13 -0.13
0.16831312 -0.28666667 0.35666607 0.29999794 0.33325344 -0.19333333 -0.22333333 -0.48647369 -0.93 -0.59166667 -0.47 -0.92 -0.92 -0.93464376 -0.33000541 -0.11333333 -0.91166667 -0.91166667 -0.34074538 -0.34 -0.34 -0.34 -0.73254779 -0.695 -0.695 -0.695 -0.33333336 -0.33333333 -1.7816667 -1.7816667 -1.7816667 -1.7816667 -1.7816667 -1.2783334 -1.2783333 -1.2783333 -1.2783333 -1.2783333 -1.2783333 -1.0066623 0.428199 -0.33170651 -0.43666667 -0.43666667 -0.43666667 -0.43666667 -0.43666667 -0.27166667 -0.27166667 -0.27166667 -0.25991953 -0.13 -0.13
0.90163873 0.90166667 -0.15833333 0.12166667 -0.031666667 0.71166667 0.19166667 0.45333333 -0.545 -0.67166667 -0.72166667 -0.27 -0.76666667 -1.4766667 -0.93666667 -1.3516667 -0.91166667 -0.91166667 -0.91166667 -0.36665891 -0.36666667 -0.36666667 -1.4083333 -0.695 -0.695 -0.695 -0.33333333 -0.33333333 -0.33333333 -1.7816667 -1.7816667 -1.7816666 -1.493629 -1.2768284 -1.2717092 -0.573188 -0.56666667 -0.56666667 -0.44152189 0.42833333 0.42833333 0.42722721 -0.43666667 -0.43666667 -0.43666667 -0.43666667 -0.43666667 -0.27166667 -0.27166667 -0.27166667 -0.27166667 -0.13 -0.13
0.705 0.90166647 -0.091847682 0.12166667 -0.815 -0.38 -0.31833333 -0.77833333 -0.26166667 -0.80625436 -0.87833333 -1.225 -1.0566667 -1.4766667 -1.2166667 -1.3516667 -0.93488007 -0.93165265 -0.57333333 -0.36666667 -0.36666667 -0.85333333 -1.4083333 -1.4083333 -0.695 -0.69499819 -0.33333333 -0.33333333 -0.33333333 -1.2666667 -1.2209435 -1.1833333 -1.1833333 -1.1833328 -0.56666667 -0.56666667 -0.56666667 -0.56666667 0.42833333 0.42833333 0.42833333 0.4283333 -0.43666667 -0.43666667 -0.43666667 -0.43666667 -0.43666667 -0.27166875 -0.27166667 -0.27166667 -0.27166667 -0.13006135 -0.13
0.705 -0.34166621 -0.091666667 -0.61259114 -0.815 -0.875 -0.9649907 -1.2316667 -1.425 -0.80500029 -1.1661781 -1.3265282 -0.36 -1.2166667 -1.2166667 -1.3003962 -0.93166667 -0.93166667 -0.57333333 -0.57333333 -0.36666763 -0.85333333 -0.65333333 -0.19833333 -0.47666667 -0.47664714 -0.33333333 -0.33333333 -1.2666667 -1.2666667 -1.1833333 -1.1833333 -1.1833333 -1.0698751 -0.56666667 -0.56666667 -0.56666667 0.42833333 0.42833333 0.42833333 0.42833333 0.42818709 -0.43666668 -0.43666667 -0.43666667 -0.43666667 -0.43666667 -0.43519796 -0.27166667 -0.27174454 -2.0083333 -2.0083333 -2.0083333
-1.4583333 -0.70833333 -0.60333331 -0.15666667 -0.54 -1.2033333 -1.4433333 -1.4162339 -1.3283333 -1.4833333 -1.7233333 -1.2466667 -1.2466661 -1.6016667 -1.6016667 -0.74654555 -0.74666667 -1.2066667 -1.2066667 -0.57333343 -0.795 -0.795 -0.19833333 -0.47666667 -0.47666667 -0.39333333 -0.92833333 -0.92833333 -0.87670248 -1.2666667 -1.1833333 -1.1833333 -0.58166667 -0.58166371 -0.55333528 -0.15166667 -0.15166667 0.24889709 0.42833333 0.42833333 -1.0847771 -1.0866667 -1.086665 -0.6937142 -0.69830441 -0.69833326 -0.69833332 -0.69833325 -1.7336454 -2.0083333 -2.0083333 -2.0083333 -2.0083333
-0.2083288 -0.87833333 -0.13707848 -0.61833333 -0.84166667 -1.6216667 -1.07 -1.1933333 -1.8083333 -1.8083333 -1.7233333 -1.9066667 -1.5966666 -1.6016667 -0.24500406 -0.245 -0.74666667 -0.21166667 -0.68333333 -0.68333333 -0.52873534 -0.23 -0.23 -0.44333333 -0.39333333 -0.39333333 -0.92833333 -0.92833333 -0.87668386 -0.87698318 -0.48711837 -0.58166667 -0.58166667 -0.55333333 -0.55333333 -0.59373283 -0.15166667 -0.15166667 -0.64164968 -1.086666 -1.0866667 -1.0866667 -1.086658 -0.69833571 -0.69833333 -0.69833333 -0.69833333 -0.69833395 -1.7383333 -2.0082798 -2.0083333 -2.0083333 -2.0083333
-0.20833333 -0.80833333 -0.425 -1.0183333 -0.49169686 -1.33 -1.8483333 -1.7833333 -2.0016667 -2.115 -2.115 -1.1433333 -1.5966667 -1.5966667 -0.25427369 -0.59260558 -0.62666667 -0.335 -0.77833324 -0.68333333 -0.52817124 -0.46166667 -0.775 -0.26 -0.26001217 -1.2033333 -0.575 -0.57500012 -1.1706329 -1.1716667 -0.485 -0.84873548 -0.65333333 -0.55333333 -0.56402878 -0.96333333 -0.96333333 -0.64166666 -0.64166667 -1.0866667 -1.0866667 -1.0866667 -1.1220282 -1.125 -0.69833333 -0.69833333 -0.69833333 -1.7382937 -1.7383333 -1.7383333 -2.0083333 -2.0083333 -2.0083333
-0.85157226 -0.80833333 -0.345 -1.1216667 -0.53 -1.3216667 -0.83 -0.73166667 -1.7533333 -0.95722478 -0.455 -1.23 -1.23 -0.65333333 -0.65333423 -0.19454107 -0.19333333 -0.19333333 -0.40267551 -1.21 -1.245 -1.245 -1.03 -0.8754913 -1.1082702 -1.2033333 -0.63666667 -0.575 -0.91468124 -0.91666667 -0.90333333 -0.91333333 -0.66654279 -1.2866667 -0.92833333 -1.205 -0.96166667 -0.13833333 -0.30492304 -1.0836759 -0.41666667 -0.65166667 -1.1249558 -1.125 -1.1225985 -0.69833333 -1.0483333 -1.7383333 -1.7383333 -1.7383333 -1.7383333 -1.9807342 -0.565
-1.0933333 -1.0933333 -0.071666667 -0.125 -0.85833333 -0.17 -0.80166667 -1.605 -1.1533333 -0.7550811 -1.5233333 -0.29333333 -0.65333333 -0.65333333 -0.74833333 -0.74072126 -0.19333333 -0.19337654 -0.35666667 -1.21 -1.21 -1.2145091 -1.03 -1.1466645 -1.1466667 -1.1466667 -0.63666667 -0.44333333 -0.44333333 -0.91666667 -0.91666667 -0.91240399 -0.42333333 -1.2866667 -1.11 -1.205 -0.96166667 -0.98 -0.305 -0.27712591 -0.65166666 -0.72574678 -0.85333333 -1.125 -1.125 -1.0483333 -1.0483333 -1.0483333 -1.7383333 -1.7383333 -1.7866667 -1.7866667 -1.7866662
-1.0933333 -1.0933333 -0.54833333 -0.94333333 -0.785 -0.078333333 -1.015 -0.42135543 -0.3 0.015 -0.1 -0.021666667 -0.2929722 -0.74833333 -0.74833333 -0.74831872 -0.62166667 -0.60775822 -0.35666667 -0.49 -0.49 -0.41 -0.41 -1.1466667 -1.1466667 -1.1466667 -0.44333333 -0.44333333 -0.44333333 -0.61833333 -0.61833333 -0.61833301 -1.1016667 -1.1016667 -1.6666667 -1.1483333 -0.97166667 -0.59667318 -0.82333333 -0.27666667 -0.27666667 -0.92499976 -0.85333333 -1.125 -0.59000005 -0.52166667 -0.89566037 -0.895 -1.5766667 -1.5766667 -1.7866667 -1.7866667 -1.7866667
-1.0933333 -0.85809521 -0.71689392 -0.67999407 -0.32833333 -0.38166667 -1.015 -0.42 -0.300001 0.011510182 -0.021666619 -0.021666667 -0.1 -0.74833333 -0.74833333 -0.62166667 -0.62166667 -0.62165158 -0.35666667 -0.49 -0.47428963 -0.41 -0.41 -1.1466364 -1.1466667 -0.92204163 -0.46333333 -0.46333333 -0.46333333 -0.61833333 -0.61833333 -0.42833333 -0.42833333 -1.1016682 -1.6666667 -0.76500047 -1.0342045 -0.59666667 -0.59666667 -0.27666669 -0.925 -0.925 -0.92499757 -0.59 -0.59 -0.52166667 -0.895 -0.895 -1.5766667 -1.5766667 -1.7866667 -1.7866667 -1.7866667
-0.42833333 -0.28626062 -0.2583583 -0.26138401 -0.32833379 -0.38166541 -1.015 -0.4273241 -0.30826923 -0.29177451 -0.1 -0.1 -0.1 -0.1 -0.74824149 -0.62166667 -0.62166667 -0.61824509 -0.35666667 -0.48977833 0.27333333 0.27333333 0.27333333 0.27333333 -1.1220721 -0.46333333 -0.46333333 -0.46333333 -0.46333333 -0.46325042 -0.42833333 -0.42833333 -0.42833333 -0.42833333 -0.765 -0.765 -0.765 -0.60567563 -0.60024669 -1.0733333 -1.0733333 -0.92500798 -0.9716536 -0.59003676 -0.59 -0.52166667 -0.895 -0.895 -1.5766667 -1.5766667 -1.7859048 -1.7866667 -1.5272891
-0.42833333 -0.25833333 -0.25833333 -0.25833333 -0.25833333 -0.25833338 -1.0133787 -0.73345254 -0.33033071 -0.1002074 -0.1 -0.1 -0.1 -0.1 -0.099999401 -0.62166667 -0.62166662 -0.60348948 -0.35666832 0.27333333 0.27333333 0.27333333 0.27333333 0.27333333 0.28806588 0.039970128 0.1633332 0.16333333 0.16333333 0.16333333 -0.42833331 -0.42833333 -0.42833252 0.24833333 0.24833333 -0.765 -0.41501098 -0.405 -1.0733329 -1.0733333 -1.0733333 -1.0733333 -0.97166667 -0.97166667 -0.97166667 -0.96853508 -0.65813981 -0.65666667 -0.65666667 -0.65666667 -0.65666668 -1.2183335 -1.2183333
-0.52166667 -0.25833333 -0.25833333 -0.25833333 -0.25833333 -0.25833333 -0.25833338 -0.40824538 0.73424538 0.74 0.74 0.74 0.74 0.74 0.73999999 1.2362368 -0.59199356 -0.58537888 0.27325403 0.27333333 0.27333333 0.27333333 0.27333333 0.27333421 0.955 0.955 0.95499889 0.16333333 0.16333333 0.16499536 0.99333333 0.99333333 0.24833333 0.24833333 0.24833333 -0.3003428 -0.405 -0.405 -0.405 -1.0733333 -1.0733333 -1.0733333 -0.97166667 -0.97166667 -0.97166667 -0.97166667 -0.65666667 -0.65666667 -0.65666667 -0.65666667 -0.65666667 -1.2183333 -1.2183333
-0.52166667 -0.42363066 -0.25833333 -0.25833333 -0.25833333 -0.25833333 0.75646746 0.75666667 0.75666667 0.74 0.74 0.74 0.74 0.74 0.85177421 1.2466667 1.2466667 1.2466667 1.0276964 1.0299992 1.03 1.03 1.03 1.03 0.955 0.955 0.955 0.955 0.16333333 0.99333333 0.99333333 0.99333333 0.2483334 0.24833333 0.24833333 0.30166667 -0.40406435 -0.405 -0.405 -1.0732622 -0.93172587 -0.60141469 -0.97166667 -0.97166667 -1.141142 -1.1416667 -1.1416667 -0.65713696 -0.94067072 -0.94166664 -0.94166661 -0.89338254 -1.2183327
-0.52166667 0.10438866 -0.06603584 -0.25833333 -0.25833333 0.75606696 0.75666667 0.75666667 0.75666667 0.75654656 0.74 0.74 0.74 0.74000006 1.2466667 1.2466667 1.2466667 1.2466667 1.0301935 1.03 1.03 1.03 1.03 1.03 0.955 0.955 0.955 0.955 0.95513943 0.99333333 0.99333333 0.99333333 1.0783333 0.24835879 0.30166667 0.30166667 0.30166667 0.30157742 -0.58762681 -0.6 -0.6 -0.6 -1.4266667 -1.4266667 -1.1416667 -1.1416667 -1.1416667 -0.94166667 -0.94166667 -0.94166667 -0.94166667 -0.89333333 -0.89333333
0.12138879 0.12166667 0.12166667 0.12166667 0.89666667 0.75667028 0.75666667 0.75666667 0.75666667 0.75666667 0.74744464 0.74000128 0.74 1.2466667 1.2466667 1.2466667 1.2466667 1.2466667 1.2478832 1.03 1.03 1.03 1.03 1.03 1.0565585 1.1566656 1.1566667 1.1566667 1.1566667 0.99333334 1.0783333 1.0783333 1.0783333 1.0783333 0.30166667 0.30166658 0.29833333 0.29833333 -0.58878297 -0.6 -0.6 -0.6 -1.4266667 -1.4266667 -1.1857945 -1.1416667 -1.1416667 -0.94166667 -0.94166667 -0.94166667 -0.94114841 -0.89333333 -0.89333333
0.12166667 0.12166667 0.12166667 0.48662573 0.89666667 0.89666667 0.75666667 0.75666667 0.75666667 0.75666667 0.83833333 0.83833333 0.83833333 1.2466667 1.2466667 1.2466667 1.2466667 1.2467402 1.535 1.535 1.0300002 1.03 1.0299594 1.0283333 1.0294887 1.1566667 1.1566667 1.1566667 1.1566667 1.0783413 1.0783333 1.0783333 1.0783333 1.0783333 0.29833335 0.29833333 0.29833333 0.29833333 0.29516479 -0.6 -0.6 -0.6 -1.4266667 -1.4266667 -1.4266667 -1.1416667 -1.1416667 -0.94166667 -0.94166667 -0.94166667 -0.89333333 -0.89333333 -0.89333333
0.12166667 0.12166667 0.12166667 0.89666667 0.89666667 0.89666667 0.89666645 0.75666667 0.75666667 0.83824903 0.83833333 0.83833333 0.83833333 0.83858775 1.6068596 1.6916667 1.6916667 1.6916667 1.535 1.535 1.535 1.0283333 1.0283333 1.0283333 1.0282857 1.0001836 1.1566667 1.1566667 1.1566667 0.88226888 0.83502393 0.835 0.835 0.835 0.23398758 0.14166702 0.14166667 0.14166667 0.14166667 -0.84330004 -0.84333333 -0.84333333 -1.4266667 -1.4266667 -0.96666859 -0.96666665 -0.925 -0.925 -0.69 -0.69 -0.69 -0.89333333 -0.7184898
0.12166751 0.12166667 0.12166669 0.89666667 0.89666667 0.89666667 0.89666666 0.60000005 0.75604025 0.83823359 0.83833333 0.83833333 0.83833333 0.84000781 1.6916667 1.6916667 1.6916667 1.6916666 1.535 1.535 1.535 1.0283333 1.0283333 1.0283333 0.85833333 0.85833333 1.1433333 1.1433333 1.1433333 1.1416513 0.835 0.835 0.835 0.835 0.48852368 0.14166667 0.14166667 0.14166667 0.14166667 -0.84333333 -0.84333333 -0.84333333 -0.84721387 -0.96666667 -0.96666667 -0.96666667 -0.925 -0.925 -0.69 -0.69 -0.69 -0.71833333 -0.71833333
0.395 0.28132842 0.66833333 0.66839958 0.89666667 0.6017165 0.6 0.6 0.64736922 0.72833333 0.72833333 0.72833333 0.72833333 1.6116379 1.6116667 1.6916666 1.6916667 1.6875387 1.535 1.535 1.535 1.0816667 1.0816667 1.0816667 0.85833333 0.85833333 1.1433333 1.1433333 1.1433333 1.1433334 1.2233309 1.2233322 0.84476018 0.83541632 0.070874542 0.07 0.07 0.07 0.07 -0.84333333 -0.84333333 -0.84333333 -0.95987518 -0.96666667 -0.96666667 -0.96666669 -0.925 -0.925 -0.92499154 -0.69 -0.69001722 -1.075 -0.71833333
0.66161603 0.66166667 0.66833333 0.66833333 0.66833333 0.6 0.6 0.6 0.73 0.73 0.72833333 0.72833333 0.72833333 1.6116667 1.6116667 1.6116667 1.6116667 1.6116585 1.535 1.535 1.535 1.0816667 1.0816667 1.0816667 0.85833333 0.85833333 1.1433333 1.1433333 1.1433333 1.2224313 1.2233333 1.2233333 1.2233333 1.2233333 0.070569101 0.07 0.07 0.07 0.07 -0.28666681 -0.28666667 -0.28666667 -0.28666667 -0.96666765 -1.095 -1.095 -1.095 -1.2083333 -1.2083333 -1.2083333 -1.075 -1.075 -1.075
0.66166667 0.66166667 0.66833333 0.66833333 0.66833333 0.60035917 0.6 0.73 0.73 0.73 0.72833354 0.72833333 0.70654334 1.6116665 1.6116667 1.6116667 1.6116667 0.61 0.61 0.61 1.1116667 1.1116666 1.0816668 1.0816667 1.0816711 1.195 1.195 1.1949999 1.1433417 1.1016909 1.1016673 1.1016879 1.2231254 1.2232283 0.27533253 0.070000017 0.07014522 0.11333333 0.11333333 -0.28666667 -0.28666667 -0.28666667 -0.28666667 -1.095 -1.095 -1.095 -1.095 -1.2083333 -1.2083333 -1.2083333 -1.075 -1.075 -1.075
0.66166667 0.66166667 0.66833333 0.66833333 0.66833333 0.66833333 0.6486552 0.73 0.73 0.73 0.72998435 0.70166667 0.70166667 0.70166667 1.6063038 1.6116667 0.61667486 0.61 0.61 0.61 1.1116667 1.1116667 1.1116667 1.1116667 1.195 1.195 1.195 1.195 1.195 1.1016667 1.1016667 1.1016667 1.1016667 1.1016649 0.28166667 0.11333333 0.11333333 0.11333333 0.11333333 0.11333022 -0.80666667 -0.80666667 -0.80666667 -0.88205462 -1.0383333 -1.0383333 -1.0383333 -1.2083333 -1.2083335 -1.3533333 -1.3533333 -0.62011069 -0.62
0.66166667 0.66166667 0.66592713 0.66833333 0.66833333 0.66833333 0.41389527 0.72900204 0.73 0.73 0.70166656 0.70166667 0.70166667 0.70166667 0.70166667 0.7762428 0.61 0.61 0.61 0.61 1.1116628 1.1116667 1.1116667 1.1116667 1.195 1.195 1.195 1.195 1.195 0.42675314 1.1016667 1.1016667 1.1016667 0.28166667 0.28166667 0.28153595 0.11333333 0.11333333 -0.39691919 -0.79333326 -0.80666667 -0.80666667 -0.80666667 -0.88123054 -1.0383333 -1.0383333 -1.0383333 -1.1316667 -1.3505714 -1.3533333 -1.3533333 -0.62 -0.62
0.695 0.695 0.695 0.6750194 0.6678065 0.41333333 0.41333333 0.41333333 0.41333333 0.21 0.21 0.70166663 0.70166667 0.70166667 0.70166667 0.70166081 0.61 0.61 0.61 0.61 0.89275561 1.1116667 1.1116667 1.1121465 1.1328944 1.195 1.195 1.195 0.18833333 0.18833333 0.18833333 0.18833717 0.28166667 0.28166667 0.28166667 0.28166667 -0.79333333 -0.79333333 -0.79333333 -0.79333333 -0.90666667 -0.90666667 -0.90666667 -1.0766632 -1.0766667 -1.0766667 -1.0766667 -1.1316667 -1.1316667 -1.3530632 -1.3533333 -0.62000125 -0.62
0.695 0.695 0.695 0.69497918 0.30833333 0.32360206 0.41333333 0.41333333 0.41333333 0.21 0.21 0.21 -0.53999995 -0.54 -0.54 -0.53999999 0.60738965 0.61 0.61 0.61 0.61760805 1.1299999 1.13 1.13 1.13 1.13 0.22833334 0.22833333 0.18833333 0.18833333 0.18833333 0.18833333 0.28166655 0.28166667 0.28166667 0.28165377 -0.79333333 -0.79333333 -0.79333333 -0.7928654 -0.90666667 -0.90666667 -0.90666667 -1.0766588 -1.0766667 -1.0766667 -1.0766667 -1.1316667 -1.1316667 -1.1316666 -0.86833333 -0.86833333 -0.46333333
0.695 0.695 0.695 0.30833422 0.30833333 0.30833333 0.41333329 0.41333333 0.41333333 0.21 0.21 0.21 -0.54 -0.54 -0.54 -0.56094388 -0.815 -0.815 -0.81499632 0.60195123 1.13 1.13 1.13 1.13 1.13 1.1293214 0.22833333 0.22833333 0.22833333 0.18833333 0.18833333 0.18825502 0.12333333 0.12333333 0.12333333 -0.47 -0.47 -0.68666667 -0.68666667 -0.68666667 -0.84833333 -0.90664837 -0.90666545 -0.74333333 -0.74333333 -0.75596629 -1.0766659 -1.1316667 -1.1316667 -0.86833333 -0.86833333 -0.86833333 -0.46333333
