interpolatedSpi/06-12|21_3.tif
NCOLS 53
NROWS 52
XLLCORNER -116.03883
YLLCORNER 28.596182
DX 0.49850594
DY 0.49788537
NODATA_VALUE -9999
[rows 0 to 27 of 52, columns 0 to 52 of 53]
-0.88285714 -0.88285714 -0.94967399 -0.93285714 -0.86714286 -1.2685714 -1.1342857 -1.18 -1.1744559 -1.2342857 -1.3642857 -0.75142857 -1.1456777 -0.70142857 -0.70857143 -0.70857143 -0.70857143 -0.29571429 -0.79428571 -0.79428571 -0.79428571 -0.79427783 0.0242857 -1.4171429 -1.4171429 -1.4171429 -1.0514225 -1.0514286 -1.0514286 -0.61285714 -0.61285714 -0.61285714 -0.61285714 -1.0799999 -1.08 -1.08 -1.08 -1.08 -1.08 -1.08 -1.068693 -1.0683424 -0.16857143 -0.16857143 -0.16857143 -0.16857143 -0.16848976 -0.11857143 -0.11857143 -0.11857143 0.015714007 0.015714286 0.015714286
-0.88288253 -1.4542857 -0.96428509 -0.92854317 -1.2314325 -0.61714286 -0.97571429 -1.1484006 -1.5885714 -1.3685714 -1.0385714 -1.1457143 -1.1457143 -1.1456566 -0.70143402 -0.70857143 -0.29571429 -0.29571429 -0.79363564 -0.79428571 -0.79428571 -0.79428571 -1.3989455 -1.4171429 -1.4171429 -1.4171429 -1.2742857 -1.2742857 -0.61285714 -0.61285714 -0.61285714 -0.61285714 -0.61285714 -1.0799999 -1.08 -1.08 -1.08 -1.08 -1.08 -1.0292437 -0.75146038 -0.23929676 -0.16857143 -0.16857143 -0.16857143 -0.16857143 -0.16857143 -0.11857143 -0.11857143 -0.11857143 -0.10743633 0.015714286 0.015714286
-1.2499889 -1.25 -0.42142857 -0.66714286 -0.69857143 -1.0585714 -0.56 -1.0957143 -1.5214286 -1.3228571 -1.1371429 -1.4071429 -1.0042857 -0.75857143 -1.1471429 -1.53 -0.29571429 -0.29571429 -0.29571429 -0.77714784 -0.77714286 -0.77714286 -1.0714286 -1.4171429 -1.4171429 -1.4171429 -1.2742857 -1.2742857 -1.2742857 -0.61285714 -0.61285714 -0.61285713 -0.52689285 -1.0793668 -1.0796144 -1.0389511 -1.0385714 -1.0385714 -1.0024564 -0.75142857 -0.75142857 -0.75068324 -0.16857143 -0.16857143 -0.16857143 -0.16857143 -0.16857143 -0.11857143 -0.11857143 -0.11857143 -0.11857143 0.015714286 0.015714286
-0.26714286 -1.2499999 -0.76137627 -0.14142857 -0.62571429 -0.75 -0.65 -1.0314286 -0.79857143 -0.98817234 -1.1471429 -1.4571429 -1.4542857 -0.75857143 -1.0571429 -1.53 -1.6292349 -1.6290651 -1.5728571 -0.77714286 -0.77714286 -1.1342857 -1.0714286 -1.0714286 -1.4171429 -1.4171421 -1.2742857 -1.2742857 -1.2742857 -0.80428571 -0.60127496 -0.43428571 -0.43428571 -0.43428619 -1.0385714 -1.0385714 -1.0385714 -1.0385714 -0.75142857 -0.75142857 -0.75142857 -0.75142855 -0.16857143 -0.16857143 -0.16857143 -0.16857143 -0.16857143 -0.11857206 -0.11857143 -0.11857143 -0.11857143 0.015676349 0.015714285
-0.26714286 -0.11571547 -0.76142857 -0.89338782 -0.62571429 -0.71571429 -1.1771206 -1.1857143 -1.4085714 -0.78285737 -0.96006652 -1.0443168 -1.2614286 -1.0571429 -1.0571429 -1.3751019 -1.63 -1.63 -1.5728571 -1.5728571 -0.77714352 -1.1342857 -0.94857143 -0.77857143 -0.71428571 -0.71416491 -1.2742857 -1.2742857 -0.80428572 -0.80428571 -0.43428571 -0.43428571 -0.43428571 -0.44533059 -1.0385714 -1.0385714 -1.0385714 -0.75142857 -0.75142857 -0.75142857 -0.75142857 -0.7514163 -0.16857144 -0.16857143 -0.16857143 -0.16857143 -0.16857143 -0.16812637 -0.11857143 -0.11861749 -1.1457143 -1.1457143 -1.1457143
-1.4557143 -0.70857143 -0.45 -0.69857143 -0.73857143 -0.72428571 -0.97 -0.99761761 -0.69142857 -0.49142857 -0.60428571 -0.19428571 -0.19428642 -1.5571429 -1.5571429 -1.8669197 -1.8671429 -1.58 -1.58 -1.5728564 -0.64428571 -0.64428571 -0.77857143 -0.71428571 -0.71428571 -0.19714286 -0.24428571 -0.24428571 -0.47145864 -0.80428571 -0.43428571 -0.43428571 -0.49285714 -0.49280042 0.049960939 -0.59142857 -0.59142857 -0.70192892 -0.75142857 -0.75142857 -0.62444429 -0.62428571 -0.62428394 -1.0021632 -1.0170491 -1.0171426 -1.0171428 -1.0171425 -0.40907565 -1.1457143 -1.1457143 -1.1457143 -1.1457143
0.22284172 -0.45714286 -0.6507514 -0.31 -0.64142857 -1.1571429 -0.72285714 -0.77 -0.91285714 -0.91285714 -0.60428571 -1.1228571 -1.5442856 -1.5571429 -0.94285898 -0.94285714 -1.8671429 -1 -0.72428571 -0.72428571 -0.67660102 -0.71285714 -0.71285714 -0.13714287 -0.19714286 -0.19714286 -0.24428571 -0.24428571 -0.47142183 -0.47130442 0.058716091 -0.49285714 -0.49285714 0.05 0.05 -0.57197714 -0.59142857 -0.59142857 -0.67713989 -0.62428579 -0.62428571 -0.62428571 -0.62427464 -1.0171365 -1.0171429 -1.0171429 -1.0171429 -1.0171424 -0.29285714 -1.1455453 -1.1457143 -1.1457143 -1.1457143
0.22285714 -0.048571429 -0.18 -0.99142857 -0.82286681 -0.81571429 -0.52 -1.2771429 -1.1628571 -0.99 -0.99 -1.2785714 -1.5442857 -1.5442857 -0.9469835 -1.3344826 -1.3728571 -0.72857143 -0.86999985 -0.72428571 -0.067641891 -0.072857143 0.33428571 0.20571429 0.20571511 0.27 -0.52 -0.5199999 -0.35611976 -0.35571428 0.06 -0.54830621 -0.73142857 0.05 0.037572905 -0.55571429 -0.55571429 -0.67714286 -0.67714286 -0.62428571 -0.62428571 -0.6242857 0.12689681 0.12857137 -1.0171429 -1.0171429 -1.0171429 -0.29288471 -0.29285714 -0.29285714 -1.1457143 -1.1457143 -1.1457143
-0.0145438 -0.048571421 0.64571429 -0.43142857 -0.24142857 -0.52571429 -0.68571429 -0.71428571 -0.95285714 -0.8674174 -1.0428571 -1.0785714 -1.0785714 -1.1 -1.099996 -0.85288184 -0.85142857 -0.85142857 -0.75016072 -0.24999995 -0.011428571 -0.011428572 0.21428571 0.28699569 0.2635217 0.27 -0.60285714 -0.52 -0.22032303 -0.21857143 -0.49714286 -0.035714286 0.065732918 -0.39571429 -0.38571429 -0.40571429 -0.53857143 -0.83285714 -0.64008905 -0.62100165 0.11142857 -0.041428571 0.12855305 0.12857143 0.12212273 -1.0171429 -0.98857143 -0.29285715 -0.29285714 -0.29285714 -0.29285715 -1.124548 -0.30428571
0.17571429 0.17571429 1.0385714 0.68714286 -0.13714286 -0.56142857 -0.87285714 -0.41857143 -0.54142857 -0.84573299 -1.0942857 -0.44285714 -1.1 -1.1 -0.67857143 -0.68094224 -0.85142857 -0.85133898 -0.47571429 -0.25 -0.25 -0.21926399 0.21428571 -0.16570709 -0.16571429 -0.16571429 -0.60285714 0.048571428 0.048571429 -0.21857143 -0.21857143 -0.035332253 0.16571429 -0.39571429 0.12142857 -0.40571429 -0.53857143 -0.37714286 -0.64 -0.63718916 -0.041428565 -0.020437749 0.015714286 0.12857143 0.12857143 -0.98857143 -0.98857143 -0.98857143 -0.29285714 -0.29285714 -0.97571429 -0.97571429 -0.97571403
0.17571429 0.17571429 0.26285714 -0.18571429 -0.98714286 -0.12857143 -0.75142857 -1.2212579 -1.0971429 -0.95571429 -1.1185714 -1.2542857 -0.44393837 -0.67857143 -0.67857143 -0.67852743 -0.29714286 -0.30651512 -0.47571429 -0.85428571 -0.85428571 -0.3 -0.3 -0.16571429 -0.16571429 -0.16571429 0.048571429 0.048571429 0.048571429 0.25428571 0.25428571 0.25428557 -0.017142857 -0.017142857 -0.20714286 -0.26142857 0.13714286 -0.58855955 -0.75285714 -0.63714286 -0.63714286 -0.41142717 0.015714286 0.12857143 -0.25857168 -0.69714286 -0.65857024 -0.65714286 -0.53571429 -0.53571429 -0.97571429 -0.97571429 -0.97571429
0.17571429 0.21320922 0.071435715 -0.54141688 -0.29142857 -0.8 -0.75142857 -1.2214286 -1.0971439 -0.95728114 -1.2542853 -1.2542857 -0.87285714 -0.67857143 -0.67857143 -0.29714287 -0.29714286 -0.29715302 -0.47571429 -0.85428571 -0.74543528 -0.3 -0.3 -0.16572028 -0.16571429 -0.18449826 -0.22285714 -0.22285714 -0.22285711 0.25428571 0.25428571 0.037142857 0.037142857 -0.017143378 -0.20714286 -0.094285788 0.24457977 -0.58857143 -0.58857143 -0.63714285 -0.41142857 -0.41142857 -0.4114274 -0.25857143 -0.25857143 -0.69714286 -0.65714286 -0.65714286 -0.53571429 -0.53571429 -0.97571429 -0.97571429 -0.97571429
-0.71857143 -0.33926137 -0.38427791 -0.38541987 -0.29143133 -0.79998799 -0.75142857 -1.2156431 -1.1057074 -1.0934498 -0.87285714 -0.87285714 -0.87285714 -0.87285714 -0.67859895 -0.29714286 -0.29714286 -0.2994485 -0.47571429 -0.85430066 -0.91428571 -0.91428571 -0.91428571 -0.91428571 -0.17842319 -0.22285714 -0.22285714 -0.22285714 -0.22285714 -0.2225804 0.037142857 0.037142857 0.037142857 0.037142857 -0.094285714 -0.094285714 -0.094285714 -0.56311028 -0.58841049 -0.56714286 -0.56714286 -0.41143695 -0.74855465 -0.25861862 -0.25857143 -0.69714286 -0.65714286 -0.65714286 -0.53571429 -0.53571429 -0.97411801 -0.97571429 -0.44274646
-0.71857143 -0.38428571 -0.38428571 -0.38428571 -0.38428571 -0.38428589 -0.7515528 -0.97379896 -1.1285568 -0.87309523 -0.87285714 -0.87285714 -0.87285714 -0.87285714 -0.87285741 -0.29714286 -0.29714289 -0.30939164 -0.47571322 -0.91428571 -0.91428571 -0.91428571 -0.91428571 -0.91428571 -0.89905862 -0.22498462 -0.22857143 -0.22857143 -0.22857143 -0.22857143 0.037142859 0.037142857 0.037142871 0.048571429 0.048571429 -0.094285714 -0.040120747 -0.038571429 -0.56714255 -0.56714286 -0.56714286 -0.56714286 -0.74857143 -0.74857143 -0.74857143 -0.74821353 -1.0318402 -1.0342857 -1.0342857 -1.0342857 -1.0342857 -0.41000012 -0.41
-0.99 -0.38428571 -0.38428571 -0.38428571 -0.38428571 -0.38428571 -0.38428574 -0.8504561 -1.2449846 -1.2457143 -1.2457143 -1.2457143 -1.2457143 -1.2457143 -1.2457143 -1.0286576 -0.30869814 -0.32159544 -0.91423051 -0.91428571 -0.91428571 -0.91428571 -0.91428571 -0.91428534 -0.21 -0.21 -0.21000003 -0.22857143 -0.22857143 -0.22779334 0.16 0.16 0.048571429 0.048571429 0.048571429 -0.024611954 -0.038571429 -0.038571429 -0.038571429 -0.56714286 -0.56714286 -0.56714286 -0.74857143 -0.74857143 -0.74857143 -0.74857143 -1.0342857 -1.0342857 -1.0342857 -1.0342857 -1.0342857 -0.41 -0.41
-0.99 -0.76449945 -0.38428571 -0.38428571 -0.38428571 -0.38428571 -0.82277107 -0.82285714 -0.82285715 -1.2457143 -1.2457143 -1.2457143 -1.2457143 -1.2457143 -1.1968656 -1.0242857 -1.0242857 -1.0242857 -0.58956388 -0.58857176 -0.58857143 -0.58857143 -0.58857143 -0.58857143 -0.21 -0.21 -0.21 -0.21 -0.22857143 0.16 0.16 0.16 0.048571439 0.048571429 0.048571429 0.27 -0.03816287 -0.038571429 -0.038571429 -0.56704357 -0.36926281 0.09230885 -0.74857143 -0.74857143 -0.93371259 -0.93428571 -0.93428571 -1.0336966 -0.67696733 -0.67571432 -0.67571435 -0.11575897 -0.4099994
-0.99 -0.73003179 -0.55561844 -0.38428571 -0.38428571 -0.82259801 -0.82285714 -0.82285714 -0.82285714 -0.82590437 -1.2457143 -1.2457143 -1.2457143 -1.2457143 -1.0242857 -1.0242857 -1.0242857 -1.0242857 -0.58896064 -0.58857143 -0.58857143 -0.58857143 -0.58857143 -0.58857143 -0.21000001 -0.21 -0.21 -0.21 -0.20865418 0.16 0.16 0.16 0.16571429 0.04859678 0.27 0.27 0.27 0.27286651 0.085889043 0.094285714 0.094285714 0.094285714 -0.58142857 -0.58142857 -0.93428571 -0.93428571 -0.93428571 -0.67571429 -0.67571429 -0.67571429 -0.67571429 -0.11571429 -0.11571429
-0.72296154 -0.72285714 -0.72285714 -0.72285714 -0.47285714 -0.82284811 -0.82285714 -0.82285714 -0.82285714 -0.82285714 -1.209915 -1.2457081 -1.2457143 -1.0242857 -1.0242857 -1.0242857 -1.0242857 -1.0242857 -0.96713122 -0.58857143 -0.58857143 -0.58857143 -0.58857143 -0.58857143 -0.27518376 -0.058572249 -0.058571429 -0.058571429 -0.058571429 0.16 0.16571429 0.16571429 0.16571429 0.16571429 0.27 0.27000692 0.53285714 0.53285714 0.099761932 0.094285714 0.094285714 0.094285714 -0.58142857 -0.58142857 -0.87965128 -0.93428571 -0.93428571 -0.67571429 -0.67571429 -0.67571429 -0.66970963 -0.11571429 -0.11571429
-0.72285714 -0.72285714 -0.72285714 -0.60512841 -0.47285714 -0.47285714 -0.82285714 -0.82285714 -0.82285714 -0.82285714 -0.77285714 -0.77285714 -0.77285714 -1.0242857 -1.0242857 -1.0242857 -1.0242857 -1.024191 -0.66 -0.66 -0.58857146 -0.58857143 -0.58418919 -0.40857143 -0.40542053 -0.058571429 -0.058571429 -0.058571429 -0.058571429 0.16569145 0.16571429 0.16571429 0.16571429 0.16571429 0.53285622 0.53285714 0.53285714 0.53285714 0.53129148 0.094285714 0.094285714 0.094285714 -0.58142857 -0.58142857 -0.58142857 -0.93428571 -0.93428571 -0.67571428 -0.67571429 -0.67571428 -0.11571429 -0.11571429 -0.11571429
-0.72285714 -0.72285714 -0.72285714 -0.47285714 -0.47285714 -0.47285714 -0.47285768 -0.82285714 -0.82285714 -0.77290876 -0.77285714 -0.77285714 -0.77285714 -0.77301379 -0.5606023 -0.45142857 -0.45142857 -0.45142857 -0.66 -0.66 -0.66 -0.40857143 -0.40857143 -0.40857143 -0.40846978 -0.051827545 -0.058571429 -0.058571429 -0.058571429 0.050172319 0.030013348 0.03 0.03 0.03 0.36491676 0.13000091 0.13 0.13 0.13 -0.11568555 -0.11571429 -0.11571429 -0.58142857 -0.58142857 -0.50142891 -0.50142849 -0.27571429 -0.27571429 -0.052857143 -0.052857143 -0.052857143 -0.11571429 0.21399065
-0.72285431 -0.72285714 -0.72285713 -0.47285714 -0.47285714 -0.47285714 -0.47285714 -2.393886e-07 -0.81956704 -0.77233251 -0.77285714 -0.77285714 -0.77285714 -0.77222641 -0.45142857 -0.45142857 -0.45142857 -0.45142863 -0.66 -0.66 -0.66 -0.40857143 -0.40857143 -0.40857143 -0.045714286 -0.045714286 -0.088571428 -0.088571429 -0.088571429 -0.087924584 0.03 0.03 0.03 0.03 0.079972443 0.13 0.13 0.13 0.13 -0.11571429 -0.11571429 -0.11571429 -0.12785033 -0.50142857 -0.50142857 -0.50142857 -0.27571429 -0.27571429 -0.052857143 -0.052857143 -0.052857143 0.21428571 0.21428571
0.18857143 -0.22956697 -0.057142857 -0.057263463 -0.47285714 -0.0027359355 -6.3441316e-17 -6.3441316e-17 0.017698391 -0.19428571 -0.19428571 -0.19428571 -0.19428571 0.25284259 0.25285714 -0.45142803 -0.45142857 -0.45692412 -0.66 -0.66 -0.66 0.41428571 0.41428571 0.41428571 -0.045714286 -0.045714286 -0.088571429 -0.088571429 -0.088571429 -0.088571423 -0.081427863 -0.081428258 0.02719941 0.029880541 -0.49511056 -0.49571429 -0.49571429 -0.49571429 -0.49571429 -0.11571429 -0.11571429 -0.11571429 -0.48018988 -0.50142857 -0.50142857 -0.50142852 -0.27571429 -0.27571429 -0.27570626 -0.052857143 -0.052873943 -0.42857143 0.21428571
0.027173513 0.027142843 -0.057142857 -0.057142857 -0.057142857 -6.3441318e-17 -6.3441316e-17 -6.3441311e-17 0.048571429 0.048571429 -0.19428571 -0.19428571 -0.19428571 0.25285714 0.25285714 0.25285714 0.25285714 0.25275316 -0.66 -0.66 -0.65999996 0.41428571 0.41428571 0.41428571 -0.045714286 -0.045714286 -0.088571429 -0.088571429 -0.088571429 -0.081509108 -0.081428571 -0.081428571 -0.081428571 -0.081428571 -0.49550986 -0.49571429 -0.49571429 -0.49571429 -0.49571429 -0.038571449 -0.038571429 -0.038571429 -0.038571429 -0.50142618 -0.19 -0.19 -0.19 -0.18428571 -0.18428571 -0.18428571 -0.42857143 -0.42857143 -0.42857143
0.027142857 0.027142857 -0.057142857 -0.057142857 -0.057142857 -0.00030035306 -6.3441104e-17 0.048571429 0.048571429 0.048571429 -0.19425582 -0.19428571 0.12439293 0.25285713 0.25285714 0.25285714 0.25285714 0.16857143 0.16857143 0.16857143 -0.36857141 -0.36857085 0.4142819 0.41428571 0.41359758 -0.52857143 -0.52857143 -0.52857038 -0.088642536 -0.24425326 -0.24428485 -0.24425728 -0.081706911 -0.081569116 -0.42203463 -0.49571422 -0.49514458 -0.32571429 -0.32571429 -0.038571429 -0.038571429 -0.038571429 -0.038571429 -0.19 -0.19 -0.19 -0.19 -0.18428571 -0.18428571 -0.18428571 -0.42857143 -0.42857143 -0.42857143
0.027142857 0.027142857 -0.057142857 -0.057142857 -0.057142857 -0.057142857 0.018178867 0.048571429 0.048571429 0.048571429 0.048652707 0.19571429 0.19571429 0.19571429 0.25252039 0.25285714 0.16913309 0.16857143 0.16857143 0.16857143 -0.36857143 -0.36857143 -0.36857143 -0.36857143 -0.52857143 -0.52857143 -0.52857143 -0.52857143 -0.52857143 -0.24428571 -0.24428571 -0.24428571 -0.24428571 -0.24428633 -0.53428571 -0.32571429 -0.32571429 -0.32571429 -0.32571429 -0.3257136 -0.15428571 -0.15428571 -0.15428571 -0.22076209 -0.35857143 -0.35857143 -0.35857143 -0.18428572 -0.18428596 -0.43714286 -0.43714286 -0.35858846 -0.35857143
0.027142857 0.027142857 -0.026721633 -0.057142857 -0.057142857 -0.057142852 0.18547092 0.049003627 0.048571429 0.048571429 0.19571434 0.19571429 0.19571429 0.19571429 0.19571429 0.20039406 0.16857143 0.16857143 0.16857143 0.16857143 -0.36856727 -0.36857143 -0.36857143 -0.36857143 -0.52857143 -0.52857143 -0.52857143 -0.52857143 -0.52857143 -0.4976422 -0.24428571 -0.24428571 -0.24428571 -0.53428571 -0.53428571 -0.53412375 -0.32571429 -0.32571429 -0.20672683 -0.11428573 -0.15428571 -0.15428571 -0.15428571 -0.21754651 -0.35857143 -0.35857143 -0.35857143 0.21571429 -0.42900832 -0.43714286 -0.43714286 -0.35857143 -0.35857143
0.012857143 0.012857143 0.012857143 -0.039591933 -0.056678335 0.18571429 0.18571429 0.18571429 0.18571429 0.44571428 0.44571429 0.1957143 0.19571429 0.19571429 0.19571429 0.19571257 0.16857143 0.16857143 0.16857143 0.16857143 -0.13417971 -0.36857143 -0.36857143 -0.38146971 -0.84660681 -0.52857143 -0.52857143 -0.52857143 -0.58714286 -0.58714286 -0.58714286 -0.58714142 -0.53428571 -0.53428571 -0.53428571 -0.53428571 -0.11428571 -0.11428571 -0.11428571 -0.11428571 -1.4285098e-13 -2.2689239e-47 -1.3418821e-33 0.31142231 0.31142857 0.31142857 0.31142836 0.21571429 0.21571429 -0.43634739 -0.43714286 -0.35856701 -0.35857143
0.012857143 0.012857143 0.012857143 0.012870452 0.26 0.24919764 0.18571429 0.18571429 0.18571429 0.44571429 0.44571429 0.44571429 0.41285713 0.41285714 0.41285714 0.41285713 0.16828095 0.16857143 0.16857143 0.16857143 0.16039953 -0.86142722 -0.86142857 -0.86142857 -0.86142857 -0.86142857 -1.0585714 -1.0585714 -0.58714286 -0.58714286 -0.58714286 -0.58714286 -0.53428535 -0.53428571 -0.53428571 -0.53424511 -0.11428572 -0.11428571 -0.11428571 -0.11577724 -4.9142249e-23 -6.7616421e-56 1.4170769e-45 0.31141413 0.31142857 0.31142857 0.31142857 0.21571429 0.21571429 0.21571433 0.51714286 0.51714286 0.69285714
