interpolatedSpi/06-11|23_2.tif
NCOLS 53
NROWS 52
XLLCORNER -116.03883
YLLCORNER 28.596182
DX 0.49850594
DY 0.49788537
NODATA_VALUE -9999
[rows 0 to 28 of 52, columns 0 to 52 of 53]
-0.091666667 -0.091666667 -0.08487749 0.091666667 0.086666667 -0.13166667 -0.14166667 -0.18333333 -0.74443337 -0.92833333 -0.37166667 -0.51833333 -0.88662206 -0.345 -0.013333333 -0.013333333 -0.013333333 -0.745 -0.155 -0.155 -0.155 -0.1550021 -0.37333333 -0.525 -0.525 -0.525 -1.2850024 -1.285 -1.285 -1.595 -1.595 -1.595 -1.595 -1.0733334 -1.0733333 -1.0733333 -1.0733333 -1.0733333 -1.0733333 -1.0733333 -0.13510494 -0.1250374 -0.27166667 -0.27166667 -0.27166667 -0.27166667 -0.27140533 -0.11166667 -0.11166667 -0.11166667 -0.18666651 -0.18666667 -0.18666667
-0.091681847 -0.43333333 0.04666623 -0.012675114 0.0048695947 -0.455 -0.45666667 -0.56500797 -0.96 -0.50333333 -0.62833333 -0.88666667 -0.88666667 -0.85163831 -0.34500321 -0.013333333 -0.745 -0.745 -0.15576928 -0.155 -0.155 -0.155 -0.55807364 -0.525 -0.525 -0.525 -0.36000001 -0.36 -1.595 -1.595 -1.595 -1.595 -1.595 -1.0733334 -1.0733333 -1.0733333 -1.0733333 -1.0733333 -1.0733333 -0.81125419 0.56321048 -0.17034668 -0.27166667 -0.27166667 -0.27166667 -0.27166667 -0.27166667 -0.11166667 -0.11166667 -0.11166667 -0.11788574 -0.18666667 -0.18666667
0.64164186 0.64166667 -0.33166667 -0.03 -0.31166667 0.24 -0.061666667 -0.0033333333 -0.61 -0.75 -0.77666667 -0.52166667 -0.80166667 -1.38 -0.85333333 -1.1533333 -0.745 -0.745 -0.745 -0.32495058 -0.325 -0.325 -1.1533333 -0.525 -0.525 -0.525 -0.36 -0.36 -0.36 -1.595 -1.595 -1.595 -1.2644386 -1.0716354 -1.0660887 -0.30213223 -0.295 -0.295 -0.18704429 0.56333333 0.56333333 0.56226558 -0.27166667 -0.27166667 -0.27166667 -0.27166667 -0.27166667 -0.11166667 -0.11166667 -0.11166667 -0.11166667 -0.18666667 -0.18666667
0.57 0.64166653 -0.016808875 0.031666666 -0.70333333 -0.54666667 -0.52666667 -0.94166667 -0.33666667 -0.74034173 -0.94 -1.1733333 -1.1066667 -1.38 -1.12 -1.1533333 -0.85562862 -0.85325743 -0.54333333 -0.325 -0.325 -0.73 -1.1533333 -1.1533333 -0.525 -0.52499918 -0.36 -0.36 -0.36 -1.02 -0.95873099 -0.90833333 -0.90833333 -0.90833285 -0.295 -0.295 -0.295 -0.295 0.56333333 0.56333333 0.56333333 0.5633333 -0.27166667 -0.27166667 -0.27166667 -0.27166667 -0.27166667 -0.11166869 -0.11166667 -0.11166667 -0.11166667 -0.18671294 -0.18666667
0.57 -0.21833296 -0.016666667 -0.32214298 -0.70333333 -0.75166667 -0.89663568 -1.14 -1.2266667 -0.81333351 -1.0690881 -1.1832137 -0.34833333 -1.12 -1.12 -1.1375899 -0.85333333 -0.85333333 -0.54333333 -0.54333333 -0.32500081 -0.73 -0.51333333 -0.2 -0.37 -0.36998012 -0.36 -0.36 -1.02 -1.02 -0.90833333 -0.90833333 -0.90833333 -0.79738942 -0.295 -0.295 -0.295 0.56333333 0.56333333 0.56333333 0.56333333 0.56320559 -0.27166667 -0.27166667 -0.27166667 -0.27166667 -0.27166667 -0.27024247 -0.11166667 -0.11173355 -1.6033333 -1.6033333 -1.6033333
-1.3733333 -0.49666667 -0.30833332 0.056666667 -0.31833333 -0.78166667 -1.1516667 -1.150173 -1.1866667 -1.285 -1.3966667 -0.99333333 -0.99333291 -1.2466667 -1.2466667 -0.65656889 -0.65666667 -0.955 -0.955 -0.54333337 -0.71 -0.71 -0.2 -0.37 -0.37 -0.285 -0.68833333 -0.68833333 -0.60170479 -1.02 -0.90833333 -0.90833333 -0.32 -0.31999948 -0.31500027 0.081666666 0.081666667 0.41431875 0.56333333 0.56333333 -0.75834952 -0.76 -0.75999868 -0.31096056 -0.31166225 -0.31166666 -0.31166667 -0.31166666 -1.2970126 -1.6033333 -1.6033333 -1.6033333 -1.6033333
-0.23166428 -0.705 -0.075524119 -0.265 -0.40833333 -1.1366667 -0.69333334 -0.99333333 -1.5283333 -1.5283333 -1.3966667 -1.4983333 -1.2199999 -1.2466667 -0.25166965 -0.25166667 -0.65666667 -0.23166667 -0.585 -0.585 -0.4885055 -0.24 -0.24 -0.33833333 -0.285 -0.285 -0.68833333 -0.68833333 -0.60167279 -0.60177932 -0.2464247 -0.32 -0.32 -0.315 -0.315 -0.31047416 0.081666667 0.081666667 -0.3233193 -0.75999939 -0.76 -0.76 -0.75999296 -0.31166908 -0.31166667 -0.31166667 -0.31166667 -0.31166725 -1.2866667 -1.6032706 -1.6033333 -1.6033333 -1.6033333
-0.23166667 -0.67166667 -0.29 -0.605 -0.28001863 -0.86666667 -1.2983333 -1.2633333 -1.4983333 -1.6783333 -1.6783333 -0.87666667 -1.22 -1.22 -0.25831033 -0.55069854 -0.58 -0.29166667 -0.6849999 -0.585 -0.29729092 -0.23333333 -0.59333333 -0.19666667 -0.19667613 -0.93 -0.36833333 -0.36833345 -0.70629873 -0.70666666 -0.245 -0.51714539 -0.38166667 -0.315 -0.32289087 -0.63833333 -0.63833333 -0.32333333 -0.32333333 -0.76 -0.76 -0.75999999 -0.74273223 -0.74499998 -0.31166667 -0.31166667 -0.31166667 -1.2866296 -1.2866667 -1.2866667 -1.6033333 -1.6033333 -1.6033333
-0.72982429 -0.67166666 -0.33 -0.83666667 -0.30333333 -0.84 -0.36333333 -0.355 -1.24 -0.4957249 -0.29833333 -0.95999999 -0.96 -0.42666667 -0.4266677 -0.07973152 -0.078333333 -0.078333333 -0.3517096 -0.97166667 -0.98666667 -0.98666666 -0.81 -0.6787181 -0.85609936 -0.93 -0.37166667 -0.36833333 -0.65830512 -0.66 -0.555 -0.69666667 -0.49184692 -0.94 -0.59166667 -0.78833333 -0.63 0.13833333 -0.05824252 -0.75760444 -0.22333333 -0.37666667 -0.74498724 -0.745 -0.74256097 -0.31166667 -0.71166665 -1.2866667 -1.2866667 -1.2866667 -1.2866667 -1.6018807 -0.63333333
-1.055 -1.055 -0.11166667 -0.031666667 -0.61666667 -0.053333333 -0.42166667 -1.0583333 -0.69 -0.306742 -1.0933333 -0.05 -0.42666667 -0.42666667 -0.53666667 -0.53038042 -0.078333333 -0.07836076 -0.175 -0.97166667 -0.97166667 -0.97359915 -0.81 -0.84999924 -0.85 -0.85 -0.37166667 -0.16333333 -0.16333333 -0.66 -0.66 -0.69589538 -0.29 -0.94 -0.86833333 -0.78833333 -0.63 -0.535 -0.058333333 -0.11736096 -0.37666666 -0.48319509 -0.66666667 -0.745 -0.745 -0.71166667 -0.71166667 -0.71166667 -1.2866667 -1.2866667 -1.5916667 -1.5916667 -1.5916663
-1.055 -1.055 -0.46833333 -0.76 -0.605 -0.051666667 -0.68666667 -0.077824754 -0.14166667 0.31 0.235 0.19833333 -0.049669953 -0.53666667 -0.53666667 -0.53665244 -0.41333333 -0.40082448 -0.175 -0.30666667 -0.30666667 -0.275 -0.275 -0.85 -0.85 -0.85 -0.16333333 -0.16333333 -0.16333333 -0.425 -0.425 -0.42499978 -0.84833333 -0.84833333 -1.3183333 -0.87666667 -0.77333333 -0.38000572 -0.59166667 -0.11833333 -0.11833333 -0.64333341 -0.66666667 -0.745 -0.41833333 -0.33 -0.72494258 -0.725 -1.3783333 -1.3783333 -1.5916667 -1.5916667 -1.5916667
-1.055 -0.80173611 -0.5927979 -0.46666426 -0.21833333 -0.25166667 -0.68666667 -0.076666667 -0.14166612 0.30499608 0.19833348 0.19833333 0.015 -0.53666667 -0.53666667 -0.41333334 -0.41333333 -0.41331977 -0.175 -0.30666667 -0.30044798 -0.275 -0.275 -0.84997626 -0.85 -0.66536918 -0.28833333 -0.28833333 -0.28833332 -0.425 -0.425 -0.375 -0.375 -0.84833462 -1.3183333 -0.83500028 -0.81796521 -0.38 -0.38 -0.11833335 -0.64333333 -0.64333333 -0.64333171 -0.41833333 -0.41833333 -0.33 -0.725 -0.725 -1.3783333 -1.3783333 -1.5916667 -1.5916667 -1.5916667
-0.41833333 -0.21885327 -0.193354 -0.19531085 -0.21833366 -0.25166588 -0.68666665 -0.084175415 -0.1371875 -0.12987245 0.015 0.015 0.015 0.015 -0.53658852 -0.41333333 -0.41333333 -0.41025607 -0.175 -0.30647586 0.35 0.35 0.35 0.35 -0.82922926 -0.28833333 -0.28833333 -0.28833333 -0.28833333 -0.2882554 -0.375 -0.375 -0.375 -0.375 -0.835 -0.835 -0.835 -0.40272222 -0.38322953 -0.81 -0.81 -0.6433423 -0.76498813 -0.41836672 -0.41833333 -0.33 -0.725 -0.725 -1.3783333 -1.3783333 -1.5908927 -1.5916667 -1.5468905
-0.41833333 -0.19333333 -0.19333333 -0.19333333 -0.19333333 -0.19333336 -0.6855531 -0.39804578 -0.12523744 0.014842644 0.015 0.015 0.015 0.015 0.015000399 -0.41333334 -0.4133333 -0.39698529 -0.17500162 0.35 0.35 0.35 0.35 0.35 0.36228304 0.16149611 0.28166655 0.28166667 0.28166667 0.28166667 -0.37499998 -0.375 -0.37499935 0.16166667 0.16166667 -0.835 -0.34080254 -0.32666667 -0.80999972 -0.81 -0.81 -0.81 -0.765 -0.765 -0.765 -0.7619728 -0.58748467 -0.58666667 -0.58666667 -0.58666667 -0.58666668 -1.1200001 -1.12
-0.41833333 -0.19333333 -0.19333333 -0.19333333 -0.19333333 -0.19333333 -0.19333336 -0.21307345 0.5729824 0.57666667 0.57666667 0.57666667 0.57666667 0.57666667 0.57666666 1.1072392 -0.38900533 -0.38069718 0.34993391 0.35 0.35 0.35 0.35 0.35000065 0.91833333 0.91833333 0.91833244 0.28166667 0.28166667 0.28281473 0.855 0.855 0.16166667 0.16166667 0.16166667 -0.24844073 -0.32666667 -0.32666667 -0.32666667 -0.81 -0.81 -0.81 -0.765 -0.765 -0.765 -0.765 -0.58666667 -0.58666667 -0.58666667 -0.58666667 -0.58666667 -1.12 -1.12
-0.41833333 -0.33456839 -0.19333333 -0.19333333 -0.19333333 -0.19333333 0.61150867 0.61166667 0.61166667 0.57666667 0.57666667 0.57666667 0.57666667 0.57666667 0.69616212 1.1183333 1.1183333 1.1183333 0.90663361 0.90833276 0.90833333 0.90833333 0.90833333 0.90833333 0.91833333 0.91833333 0.91833333 0.91833333 0.28166667 0.855 0.855 0.855 0.16166673 0.16166667 0.16166667 0.24 -0.32591638 -0.32666667 -0.32666667 -0.80993515 -0.68085798 -0.37962349 -0.765 -0.765 -0.95441365 -0.955 -0.955 -0.5871473 -0.87731409 -0.87833331 -0.87833328 -0.78005149 -1.1199993
-0.41833333 0.097432448 -0.038989292 -0.19333333 -0.19333333 0.61119103 0.61166667 0.61166667 0.61166667 0.61141445 0.57666667 0.57666667 0.57666667 0.57666673 1.1183333 1.1183333 1.1183333 1.1183333 0.90852092 0.90833333 0.90833333 0.90833333 0.90833333 0.90833333 0.91833333 0.91833333 0.91833333 0.91833333 0.91810297 0.855 0.855 0.855 0.88666667 0.16169214 0.24 0.24 0.24 0.24076394 -0.37504054 -0.37833333 -0.37833333 -0.37833333 -1.115 -1.115 -0.955 -0.955 -0.955 -0.87833333 -0.87833333 -0.87833333 -0.87833333 -0.78 -0.78
0.1114349 0.11166667 0.11166667 0.11166667 0.68666667 0.6116686 0.61166667 0.61166667 0.61166667 0.61166667 0.59887441 0.57667049 0.57666668 1.1183333 1.1183333 1.1183333 1.1183333 1.1183333 1.1212299 0.90833333 0.90833333 0.90833333 0.90833333 0.90833333 0.94186568 0.98833295 0.98833333 0.98833333 0.98833333 0.855 0.88666667 0.88666667 0.88666667 0.88666667 0.24 0.24000193 0.31333333 0.31333333 -0.36969684 -0.37833333 -0.37833333 -0.37833333 -1.115 -1.115 -0.97977351 -0.955 -0.955 -0.87833333 -0.87833333 -0.87833333 -0.87727894 -0.78 -0.78
0.11166667 0.11166667 0.11166667 0.38244274 0.68666667 0.68666667 0.61166667 0.61166667 0.61166667 0.61166667 0.87 0.87 0.87 1.1183333 1.1183333 1.1183333 1.1183333 1.1184118 1.425 1.425 0.90833354 0.90833333 0.90740008 0.87 0.8710653 0.98833333 0.98833333 0.98833333 0.98833333 0.88667702 0.88666667 0.88666667 0.88666667 0.88666667 0.31333308 0.31333333 0.31333333 0.31333333 0.31090115 -0.37833333 -0.37833333 -0.37833333 -1.115 -1.115 -1.115 -0.955 -0.955 -0.87833333 -0.87833333 -0.87833333 -0.78 -0.78 -0.78
0.11166667 0.11166667 0.11166667 0.68666667 0.68666667 0.68666667 0.68666655 0.61166667 0.61166667 0.86973333 0.87 0.87 0.87 0.87015473 1.502809 1.5933333 1.5933333 1.5933333 1.425 1.425 1.425 0.87 0.87 0.87 0.86998226 0.89304475 0.98833333 0.98833333 0.98833333 0.8673418 0.86000262 0.86 0.86 0.86 0.31751358 0.32166665 0.32166667 0.32166667 0.32166667 -0.50164979 -0.50166667 -0.50166667 -1.115 -1.115 -0.66666854 -0.66666669 -0.73 -0.73 -0.49333333 -0.49333333 -0.49333333 -0.78 -0.44862988
0.11166763 0.11166667 0.11166669 0.68666667 0.68666667 0.68666667 0.68666667 0.57166668 0.61150673 0.86986096 0.87 0.87 0.87 0.87141938 1.5933333 1.5933333 1.5933333 1.5933333 1.425 1.425 1.425 0.87 0.87 0.87 0.80666667 0.80666667 1.1 1.1 1.1 1.0986907 0.86 0.86 0.86 0.86 0.59098114 0.32166667 0.32166667 0.32166667 0.32166667 -0.50166667 -0.50166667 -0.50166667 -0.5068582 -0.66666667 -0.66666667 -0.66666667 -0.73 -0.73 -0.49333333 -0.49333333 -0.49333333 -0.44833333 -0.44833333
0.42333333 0.29065396 0.7 0.69999613 0.68666667 0.57233205 0.57166667 0.57166667 0.617214 0.71666667 0.71666667 0.71666667 0.71666667 1.5283069 1.5283333 1.5933333 1.5933333 1.588898 1.425 1.425 1.425 1.0483333 1.0483333 1.0483333 0.80666667 0.80666667 1.1 1.1 1.1 1.1000001 1.2499975 1.2499989 0.86980206 0.86041811 0.32894119 0.32833333 0.32833333 0.32833333 0.32833333 -0.50166667 -0.50166667 -0.50166667 -0.65758089 -0.66666667 -0.66666667 -0.6666667 -0.73 -0.73 -0.72999148 -0.49333333 -0.4933501 -0.86833333 -0.44833333
0.5683058 0.56833336 0.7 0.7 0.7 0.57166667 0.57166667 0.57166667 0.69666667 0.69666667 0.71666667 0.71666667 0.71666667 1.5283333 1.5283333 1.5283333 1.5283333 1.5283221 1.425 1.425 1.425 1.0483333 1.0483333 1.0483333 0.80666667 0.80666667 1.1 1.1 1.1 1.2483087 1.25 1.25 1.25 1.25 0.32878812 0.32833333 0.32833333 0.32833333 0.32833333 0.036666527 0.036666667 0.036666667 0.036666667 -0.66666796 -0.835 -0.835 -0.835 -0.925 -0.925 -0.925 -0.86833333 -0.86833333 -0.86833333
0.56833333 0.56833333 0.7 0.7 0.7 0.57234121 0.57166667 0.69666667 0.69666667 0.69666667 0.7166642 0.71666667 0.61724983 1.5283331 1.5283333 1.5283333 1.5283333 0.52833334 0.52833333 0.52833333 0.98833333 0.98833338 1.048333 1.0483333 1.0482823 1.0766667 1.0766667 1.0766667 1.0999962 1.1633506 1.1633338 1.1633485 1.2498519 1.2499252 0.49242801 0.32833335 0.32846738 0.36833333 0.36833333 0.036666667 0.036666667 0.036666667 0.036666667 -0.835 -0.835 -0.835 -0.835 -0.925 -0.925 -0.925 -0.86833333 -0.86833333 -0.86833333
0.56833333 0.56833333 0.7 0.7 0.7 0.7 0.61845052 0.69666667 0.69666667 0.69666667 0.69661051 0.595 0.595 0.595 1.522833 1.5283333 0.53499709 0.52833333 0.52833333 0.52833333 0.98833333 0.98833333 0.98833333 0.98833333 1.0766667 1.0766667 1.0766667 1.0766667 1.0766667 1.1633333 1.1633333 1.1633333 1.1633333 1.1633318 0.44333333 0.36833333 0.36833333 0.36833333 0.36833333 0.36833037 -0.515 -0.515 -0.515 -0.60340446 -0.78666667 -0.78666667 -0.78666667 -0.925 -0.92500004 -0.96333333 -0.96333333 -0.41511029 -0.415
0.56833333 0.56833333 0.65247758 0.7 0.7 0.69999999 0.43047321 0.69582628 0.69666667 0.69666667 0.59499992 0.595 0.595 0.595 0.595 0.67149241 0.52833333 0.52833333 0.52833333 0.52833333 0.98832978 0.98833333 0.98833333 0.98833333 1.0766667 1.0766667 1.0766667 1.0766667 1.0766667 0.39851344 1.1633333 1.1633333 1.1633333 0.44333333 0.44333333 0.44327509 0.36833333 0.36833333 -0.13816733 -0.53166659 -0.515 -0.515 -0.515 -0.60249197 -0.78666667 -0.78666667 -0.78666667 -0.86833333 -0.96214964 -0.96333333 -0.96333333 -0.415 -0.415
0.615 0.615 0.615 0.67868816 0.69939081 0.43 0.43 0.43 0.43 0.22333333 0.22333333 0.59499997 0.595 0.595 0.595 0.59499574 0.52833333 0.52833333 0.52833333 0.52833333 0.78760426 0.98833333 0.98833333 0.98427692 0.84416869 1.0766667 1.0766667 1.0766667 0.12833333 0.12833333 0.12833333 0.12833768 0.44333333 0.44333333 0.44333333 0.44333333 -0.53166667 -0.53166667 -0.53166667 -0.53166667 -0.74 -0.74 -0.74 -0.84666452 -0.84666667 -0.84666667 -0.84666665 -0.86833333 -0.86833333 -0.96321758 -0.96333333 -0.41500114 -0.415
0.615 0.615 0.615 0.61498214 0.28333333 0.30466108 0.43 0.43 0.43 0.22333333 0.22333333 0.22333333 -0.37499996 -0.375 -0.375 -0.37499999 0.52618399 0.52833333 0.52833333 0.52833333 0.53530011 0.83333376 0.83333333 0.83333333 0.83333333 0.83333332 0.086666674 0.086666667 0.12833333 0.12833333 0.12833333 0.12833333 0.44333314 0.44333333 0.44333333 0.44331148 -0.53166666 -0.53166667 -0.53166667 -0.53141077 -0.74 -0.74 -0.74 -0.84666172 -0.84666667 -0.84666667 -0.84666667 -0.86833333 -0.86833333 -0.8683333 -0.64166667 -0.64166667 -0.245
0.615 0.615 0.615 0.2833341 0.28333333 0.28333333 0.42999994 0.43 0.43 0.22333333 0.22333333 0.22333333 -0.375 -0.375 -0.375 -0.39556308 -0.645 -0.645 -0.64499697 0.52170604 0.83333333 0.83333333 0.83333333 0.83333333 0.83333333 0.83277143 0.086666667 0.086666667 0.086666667 0.12833333 0.12833333 0.12826039 0.175 0.175 0.175 -0.29666666 -0.29666667 -0.47333333 -0.47333333 -0.47333333 -0.68833333 -0.73998379 -0.73999827 -0.50833333 -0.50833333 -0.52115578 -0.84666581 -0.86833333 -0.86833333 -0.64166667 -0.64166667 -0.64166667 -0.245
