interpolatedSpi/06-10|21_1.tif
NCOLS 53
NROWS 52
XLLCORNER -116.03883
YLLCORNER 28.596182
DX 0.49850594
DY 0.49788537
NODATA_VALUE -9999
-0.784 -0.784 -0.86702735 -0.74 -0.78 -0.856 -0.79 -0.886 -0.9562383 -0.922 -1.222 -0.798 -0.99198518 -0.812 -0.674 -0.674 -0.674 -0.638 -1.06 -1.06 -1.06 -1.0599917 -0.20000001 -1.338 -1.338 -1.338 -1.1079945 -1.108 -1.108 -0.484 -0.484 -0.484 -0.484 -0.66799996 -0.668 -0.668 -0.668 -0.668 -0.668 -0.66800001 -0.99250449 -0.99572153 0.098 0.098 0.098 0.098 0.097859533 0.012 0.012 0.012 0.029999963 0.03 0.03 
-0.78401342 -1.086 -0.5979998 -0.65381335 -1.0279603 -0.528 -0.898 -1.0036517 -1.434 -1.068 -0.996 -0.992 -0.992 -1.1050197 -0.81200233 -0.674 -0.638 -0.638 -1.0594498 -1.06 -1.06 -1.06 -1.3496854 -1.338 -1.338 -1.338 -1.394 -1.394 -0.484 -0.484 -0.484 -0.484 -0.484 -0.66799997 -0.668 -0.668 -0.668 -0.668 -0.66800001 -0.66009358 -0.60001657 0.013303053 0.098 0.098 0.098 0.098 0.098 0.012 0.012 0.012 0.013492577 0.03 0.03 
-0.98999428 -0.99 -0.426 -0.686 -0.602 -0.728 -0.552 -0.974 -1.15 -1.004 -1.232 -1.082 -0.744 -0.562 -1.106 -1.056 -0.638 -0.638 -0.638 -1.0000174 -1 -1 -1.56 -1.338 -1.338 -1.338 -1.394 -1.394 -1.394 -0.484 -0.484 -0.48400002 -0.66211802 -0.66846239 -0.6694148 -0.81860715 -0.82 -0.82 -0.7923298 -0.6 -0.6 -0.59910743 0.098 0.098 0.098 0.098 0.098 0.012 0.012 0.012 0.012 0.03 0.03 
-0.562 -0.9899999 -0.51594393 -0.23 -0.288 -0.584 -0.42 -0.674 -0.49 -0.94765745 -0.758 -0.972 -0.974 -0.562 -0.634 -1.056 -1.2822556 -1.2835474 -1.202 -1 -1 -1.476 -1.56 -1.56 -1.338 -1.3380003 -1.394 -1.394 -1.394 -0.634 -0.7547091 -0.854 -0.854 -0.85399997 -0.82 -0.82 -0.82 -0.82 -0.6 -0.6 -0.6 -0.59999997 0.098 0.098 0.098 0.098 0.098 0.012001085 0.012 0.012 0.012 0.029968512 0.03 
-0.562 -0.35800029 -0.516 -0.52042549 -0.288 -0.544 -0.66800279 -0.85 -0.886 -0.46800018 -0.61794055 -0.68802464 -0.86 -0.634 -0.634 -0.91994163 -1.284 -1.284 -1.202 -1.202 -1.0000009 -1.476 -1.112 -0.926 -0.82 -0.81987432 -1.394 -1.394 -0.634 -0.634 -0.854 -0.854 -0.854 -0.83589684 -0.82 -0.82 -0.82 -0.6 -0.6 -0.6 -0.6 -0.60000849 0.097999989 0.098 0.098 0.098 0.098 0.097234493 0.012 0.011957581 -0.934 -0.934 -0.934 
-1.316 -0.622 -0.262 -0.574 -0.496 -0.494 -0.676 -0.69827698 -0.384 -0.238 -0.49 -0.156 -0.15600046 -1.342 -1.342 -1.5678078 -1.568 -1.268 -1.268 -1.2019996 -0.722 -0.722 -0.926 -0.82 -0.82 -0.282 -0.382 -0.382 -0.56000669 -0.634 -0.854 -0.854 -0.758 -0.75793814 -0.16604253 -0.648 -0.648 -0.6148499 -0.6 -0.6 -0.68789025 -0.688 -0.68799941 -0.7271717 -0.74190716 -0.74199978 -0.74199997 -0.74199968 -0.46564123 -0.934 -0.934 -0.934 -0.934 
-0.18000528 -0.466 -0.64889833 -0.042000001 -0.224 -0.59 -0.342 -0.54 -0.712 -0.712 -0.49 -0.924 -1.3519999 -1.342 -0.77200171 -0.772 -1.568 -0.854 -0.73 -0.73 -0.73236783 -0.744 -0.744 -0.33400001 -0.282 -0.282 -0.382 -0.382 -0.55999883 -0.55997854 -0.40043229 -0.758 -0.758 -0.166 -0.166 -0.56303615 -0.648 -0.648 -0.72999716 -0.68800006 -0.688 -0.688 -0.68799511 -0.74199491 -0.742 -0.742 -0.742 -0.7419998 -0.402 -0.93389457 -0.934 -0.934 -0.934 
-0.18 -0.082 -0.418 -0.678 -0.66800057 -0.374 -0.09 -0.816 -0.782 -0.82 -0.82 -0.982 -1.352 -1.352 -0.77597934 -0.83939602 -0.846 -0.592 -0.58200015 -0.73 -0.65507715 -0.678 -0.198 -0.222 -0.22199747 -0.026 -0.51 -0.50999995 -0.54007008 -0.54 -0.4 -0.44744821 -0.696 -0.166 -0.17193241 -0.492 -0.492 -0.73 -0.73 -0.688 -0.688 -0.68799999 0.16717091 0.16999995 -0.742 -0.742 -0.742 -0.40201294 -0.402 -0.402 -0.934 -0.934 -0.934 
-0.042250529 -0.081999997 0.098 -0.644 -0.166 -0.144 -0.264 -0.334 -0.67 -0.58068699 -0.734 -0.98 -0.98 -0.926 -0.92599661 -0.44910926 -0.448 -0.448 -0.59047349 -0.24800003 -0.408 -0.408 -0.27 -0.22637402 -0.045751625 -0.026 -0.596 -0.51 -0.26344113 -0.262 -0.378 -0.308 -0.096467637 -0.464 -0.374 -0.408 -0.538 -0.578 -0.66795844 -0.68694655 -0.452 -0.17 0.1699619 0.17 0.16486677 -0.742 -0.692 -0.402 -0.402 -0.402 -0.402 -0.9574074 -0.554 
0.18 0.18 0.254 -0.144 0.07 -0.254 -0.586 -0.158 -0.33 -0.55801087 -0.89 -0.636 -0.926 -0.926 -0.566 -0.56438158 -0.448 -0.44795165 -0.24 -0.248 -0.248 -0.26861337 -0.27 -0.29999943 -0.3 -0.3 -0.596 -0.034000001 -0.034 -0.262 -0.262 -0.30720342 0.112 -0.464 -0.13 -0.408 -0.538 -0.644 -0.668 -0.50075519 -0.17000001 -0.13106202 -0.064 0.17 0.17 -0.692 -0.692 -0.692 -0.402 -0.402 -1.122 -1.122 -1.1219998 
0.18 0.18 -0.154 -0.16 -0.948 -0.022 -0.404 -0.88181097 -0.98 -0.78 -0.924 -1.134 -0.63666341 -0.566 -0.566 -0.56595732 -0.196 -0.19830933 -0.24 -0.592 -0.592 -0.172 -0.172 -0.3 -0.3 -0.3 -0.034 -0.034 -0.034 0.178 0.178 0.17799989 0.028 0.028 -0.114 -0.054 -0.024 -0.43399384 -0.774 -0.498 -0.498 -0.44399875 -0.064 0.17 -0.2160001 -0.442 -0.45900778 -0.458 -0.474 -0.474 -1.122 -1.122 -1.122 
0.18 0.035759376 -0.15656041 -0.54799533 -0.438 -0.472 -0.404 -0.882 -0.97999918 -0.78221576 -1.1339995 -1.134 -0.828 -0.566 -0.566 -0.19600001 -0.196 -0.1960025 -0.24 -0.592 -0.50952054 -0.172 -0.172 -0.29999575 -0.3 -0.22636682 -0.076 -0.076 -0.075999995 0.178 0.178 0.148 0.148 0.027999611 -0.114 -0.22800001 0.026350957 -0.434 -0.434 -0.498 -0.444 -0.444 -0.44399829 -0.216 -0.216 -0.442 -0.458 -0.458 -0.474 -0.474 -1.122 -1.122 -1.122 
-0.33 -0.36957383 -0.38799163 -0.38915783 -0.43800038 -0.4719992 -0.404 -0.8761161 -0.9732468 -0.97477747 -0.828 -0.828 -0.828 -0.828 -0.56603711 -0.196 -0.196 -0.19656811 -0.24 -0.59214993 -1.118 -1.118 -1.118 -1.118 -0.3136453 -0.076 -0.076 -0.076 -0.076 -0.075885581 0.148 0.148 0.148 0.148 -0.228 -0.228 -0.228 -0.42322271 -0.43389485 -0.42 -0.42 -0.44399871 -0.64798521 -0.21604161 -0.216 -0.442 -0.458 -0.458 -0.474 -0.474 -1.1196491 -1.122 -0.64705007 
-0.33 -0.388 -0.388 -0.388 -0.388 -0.38800004 -0.40417404 -0.63018454 -0.95522984 -0.82815872 -0.828 -0.828 -0.828 -0.828 -0.8280001 -0.19600001 -0.19600001 -0.1990181 -0.24000223 -1.118 -1.118 -1.118 -1.118 -1.118 -1.0997081 -0.16633515 -0.19799997 -0.198 -0.198 -0.198 0.148 0.148 0.14799983 0.006 0.006 -0.228 -0.019950971 -0.014 -0.41999977 -0.42 -0.42 -0.42 -0.648 -0.648 -0.648 -0.64656643 -0.94679555 -0.95 -0.95 -0.95 -0.94999999 -0.36600016 -0.366 
-0.606 -0.388 -0.388 -0.388 -0.388 -0.388 -0.388 -0.48612906 -0.96565936 -0.966 -0.966 -0.966 -0.966 -0.966 -0.966 -0.81502735 -0.20577953 -0.20202527 -1.1178896 -1.118 -1.118 -1.118 -1.118 -1.1179991 -0.272 -0.272 -0.2719999 -0.198 -0.198 -0.19737123 0.116 0.116 0.006 0.006 0.006 -0.01079609 -0.014 -0.014 -0.014 -0.42 -0.42 -0.42 -0.648 -0.648 -0.648 -0.648 -0.95 -0.95 -0.95 -0.95 -0.95 -0.366 -0.366 
-0.606 -0.52484108 -0.388 -0.388 -0.388 -0.388 -0.40999568 -0.41 -0.41000001 -0.966 -0.966 -0.966 -0.966 -0.966 -0.93202652 -0.812 -0.812 -0.812 -0.36031482 -0.35800078 -0.358 -0.358 -0.358 -0.358 -0.272 -0.272 -0.272 -0.272 -0.198 0.116 0.116 0.116 0.0060000099 0.006 0.0060000002 0.272 -0.013621327 -0.014 -0.014 -0.41991925 -0.25904616 0.11639204 -0.648 -0.648 -0.74170991 -0.742 -0.742 -0.9492406 -0.48961448 -0.48800004 -0.48800009 -0.0040549131 -0.36599926 
-0.606 -0.30237948 -0.34043167 -0.388 -0.388 -0.409987 -0.41 -0.41 -0.41 -0.4140067 -0.966 -0.966 -0.966 -0.96599998 -0.812 -0.812 -0.812 -0.812 -0.35840555 -0.358 -0.358 -0.358 -0.358 -0.358 -0.272 -0.272 -0.272 -0.272 -0.27058871 0.116 0.116 0.116 0.172 0.0060310646 0.272 0.272 0.272 0.27551832 0.10965878 0.118 0.118 0.118 -0.474 -0.474 -0.742 -0.742 -0.742 -0.488 -0.488 -0.488 -0.488 -0.004 -0.004 
-0.29420859 -0.294 -0.294 -0.294 -0.172 -0.40999386 -0.41 -0.41 -0.41 -0.41 -0.93753351 -0.9659951 -0.96599999 -0.812 -0.812 -0.812 -0.812 -0.812 -0.74497083 -0.358 -0.358 -0.358 -0.358 -0.358 -0.2777775 -0.21400031 -0.214 -0.214 -0.214 0.116 0.172 0.172 0.172 0.172 0.272 0.27200848 0.594 0.594 0.12394357 0.118 0.118 0.118 -0.474 -0.474 -0.70050437 -0.742 -0.742 -0.488 -0.488 -0.488 -0.48281026 -0.004 -0.004 
-0.294 -0.294 -0.294 -0.23654838 -0.172 -0.172 -0.41 -0.41 -0.41 -0.41 -0.59 -0.59 -0.59 -0.812 -0.812 -0.812 -0.812 -0.81189523 -0.314 -0.314 -0.35799998 -0.358 -0.35181617 -0.104 -0.10499028 -0.214 -0.214 -0.214 -0.214 0.1719607 0.172 0.172 0.172 0.172 0.59399887 0.594 0.594 0.594 0.59229976 0.118 0.118 0.118 -0.474 -0.474 -0.474 -0.742 -0.742 -0.488 -0.488 -0.488 -0.0040000003 -0.004 -0.004 
-0.294 -0.294 -0.294 -0.172 -0.172 -0.172 -0.17200036 -0.41 -0.41 -0.58981419 -0.59 -0.59 -0.59 -0.59013831 -0.29882619 -0.178 -0.178 -0.178 -0.314 -0.314 -0.314 -0.104 -0.104 -0.104 -0.10398375 -0.12587992 -0.214 -0.214 -0.214 0.17936945 0.19199803 0.192 0.192 0.192 0.40495644 0.14000103 0.14 0.14 0.14 -0.057975918 -0.058 -0.058 -0.474 -0.474 -0.21200109 -0.21199999 -0.188 -0.188 -0.022 -0.022 -0.022 -0.004 0.28374249 
-0.29399714 -0.294 -0.294 -0.172 -0.172 -0.172 -0.172 0.10199985 -0.40795282 -0.58959376 -0.59 -0.59 -0.59 -0.58919154 -0.178 -0.178 -0.178 -0.17800004 -0.314 -0.314 -0.314 -0.104 -0.104 -0.104 -0.046 -0.046 -0.024 -0.024 -0.024 -0.022821652 0.192 0.192 0.192 0.192 0.16601422 0.14 0.14 0.14 0.14 -0.058 -0.058 -0.058 -0.062845429 -0.212 -0.212 -0.212 -0.188 -0.188 -0.022 -0.022 -0.022 0.28399999 0.284 
0.626 0.19078627 -0.232 -0.23198259 -0.172 0.10041465 0.102 0.102 0.1122026 -0.14199999 -0.142 -0.142 -0.142 0.40998203 0.41 -0.17799955 -0.178 -0.1815834 -0.314 -0.314 -0.314 0.48 0.48 0.48 -0.046 -0.046 -0.024 -0.024 -0.024 -0.023999907 0.10400056 0.10400025 0.18978825 0.19190566 -0.22152552 -0.222 -0.222 -0.222 -0.222 -0.058 -0.058 -0.058 -0.20352025 -0.212 -0.212 -0.21199997 -0.188 -0.188 -0.18799402 -0.022 -0.021999642 -0.014 0.284 
0.41404026 0.41399989 -0.232 -0.232 -0.232 0.102 0.102 0.102 0.13 0.13 -0.142 -0.142 -0.142 0.41 0.41 0.41 0.41 0.40991742 -0.314 -0.314 -0.31399997 0.48 0.48 0.48 -0.046 -0.046 -0.024 -0.024 -0.024 0.10255679 0.104 0.104 0.104 0.104 -0.22183914 -0.222 -0.222 -0.222 -0.222 -0.014000011 -0.014 -0.014 -0.014 -0.21199853 -0.02 -0.02 -0.02 0.024 0.024 0.024 -0.014 -0.014 -0.014 
0.414 0.414 -0.232 -0.232 -0.232 0.10024444 0.102 0.13 0.13 0.13 -0.14196652 -0.142 0.24695137 0.40999998 0.41 0.41 0.41 0.404 0.404 0.404 -0.071999987 -0.07199959 0.47999731 0.48 0.47941123 -0.264 -0.264 -0.26399943 -0.024038786 0.012018334 0.01200049 0.012016062 0.10384276 0.1039206 -0.1639982 -0.22199987 -0.2209142 0.102 0.102 -0.014 -0.014 -0.014 -0.014 -0.02 -0.02 -0.02 -0.02 0.024 0.024 0.024 -0.014 -0.014 -0.014 
0.414 0.414 -0.232 -0.232 -0.232 -0.232 0.11247958 0.13 0.13 0.13 0.13011269 0.334 0.334 0.334 0.40955211 0.41 0.40403998 0.404 0.404 0.404 -0.072 -0.072 -0.072 -0.072 -0.264 -0.264 -0.264 -0.264 -0.264 0.012 0.012 0.012 0.012 0.011999452 -0.248 0.102 0.102 0.102 0.102 0.10200001 0.122 0.122 0.122 0.028932491 -0.164 -0.164 -0.164 0.023999995 0.023999779 -0.204 -0.204 -0.1479674 -0.148 
0.414 0.414 0.001160638 -0.232 -0.232 -0.23199999 0.41549248 0.13090131 0.13 0.13 0.33400008 0.334 0.334 0.334 0.334 0.34023989 0.404 0.404 0.404 0.404 -0.071996318 -0.072 -0.072 -0.072 -0.264 -0.264 -0.264 -0.264 -0.264 -0.37077942 0.012 0.012 0.012 -0.248 -0.248 -0.24772822 0.102 0.102 0.12451114 0.142 0.122 0.122 0.122 0.031715481 -0.164 -0.164 -0.164 0.304 -0.19767037 -0.204 -0.204 -0.148 -0.148 
0.156 0.156 0.156 -0.13471773 -0.23105325 0.416 0.416 0.416 0.416 0.692 0.692 0.33400003 0.334 0.334 0.334 0.33400445 0.404 0.404 0.404 0.404 0.13571096 -0.072 -0.072 -0.087178843 -0.63472279 -0.264 -0.264 -0.264 -0.506 -0.506 -0.506 -0.50599783 -0.248 -0.248 -0.248 -0.248 0.142 0.142 0.142 0.142 0.214 0.214 0.214 0.28799851 0.288 0.288 0.28799986 0.304 0.304 -0.20338103 -0.204 -0.14799694 -0.148 
0.156 0.156 0.156 0.15601379 0.412 0.41258167 0.416 0.416 0.416 0.692 0.692 0.692 0.58799999 0.588 0.588 0.58799999 0.40370691 0.404 0.404 0.404 0.39675048 -0.65199841 -0.652 -0.652 -0.652 -0.652 -0.836 -0.836 -0.506 -0.506 -0.506 -0.506 -0.24799981 -0.248 -0.248 -0.24797801 0.14199999 0.142 0.142 0.14076291 0.214 0.214 0.214 0.28799657 0.288 0.288 0.288 0.304 0.304 0.30400002 0.458 0.458 0.626 
0.156 0.156 0.156 0.41199941 0.412 0.412 0.416 0.416 0.416 0.692 0.692 0.692 0.588 0.588 0.588 0.56180111 0.244 0.244 0.24400041 0.40309627 -0.652 -0.652 -0.652 -0.652 -0.652 -0.65213847 -0.836 -0.836 -0.836 -0.506 -0.506 -0.50611457 0.022 0.022 0.022 -0.616 -0.616 -0.14 -0.14 -0.14 -0.064 0.2139128 0.21400031 0.256 0.256 0.25721276 0.28799994 0.304 0.304 0.458 0.458 0.458 0.626 
0.156 0.156 0.156 0.412 0.412 0.412 0.412 0.416 0.416 0.692 0.692 0.5921585 0.588 0.588 0.588 0.244 0.244 0.244 0.244 0.244 -0.652 -0.652 -0.652 -0.652 -0.652 -0.83599937 -0.836 -0.836 -0.836 -0.684 -0.684 -0.684 0.022 0.022 0.022 -0.616 -0.616 -0.14 -0.14 -0.064 -0.064 -0.064 0.256 0.256 0.256 0.256 0.27259376 0.458 0.458 0.458 0.45800001 0.742 0.742 
0.156 0.156 0.15635649 0.412 0.412 0.412 0.412 0.7433001 0.76 0.75988325 0.69199999 0.58799531 0.588 0.588 0.58799881 0.244 0.244 0.244 0.244 0.244 -0.13408602 -0.652 -0.652 -0.652 -0.65193162 -0.83597097 -0.836 -0.836 -0.836 -0.684 -0.684 -0.684 -0.68389534 0.022 -0.616 -0.616 -0.616 -0.61598005 -0.13999482 -0.064 -0.064 -0.064 0.25598057 0.256 0.256 0.256 0.45799864 0.458 0.458 0.458 0.742 0.742 0.742 
-0.004 -0.0039997204 0.41185068 0.412 0.412 0.412 0.75992595 0.76 0.76 0.76 0.53200001 0.532 0.532 0.532 0.24532924 0.244 0.244 0.244 0.244 -0.11199979 -0.112 -0.112 -0.32000006 -0.32 -0.32 -0.32 -0.36453744 -0.836 -0.34801999 -0.348 -0.348 -0.348 -0.348 -0.118 -0.118 -0.118 -0.118 -0.118 0.316 0.316 0.316 0.316 0.316 0.32389749 0.324 0.324 0.324 0.458 0.458 0.458 0.74195526 0.742 0.742 
-0.004 -0.004 2.1667729e-06 0.47399988 0.47399999 0.47427875 0.76 0.76 0.76 0.76 0.532 0.532 0.532 0.532 0.532 0.244 0.244 0.244 -0.11199991 -0.112 -0.112 -0.112 -0.32 -0.32 -0.32 -0.32 -0.32 -0.32010921 -0.34796447 -0.348 -0.348 -0.348 -0.34798573 -0.064711248 -0.11794482 -0.118 -0.118 -0.118 0.316 0.316 0.316 0.316 0.316 0.324 0.324 0.324 0.324 0.38666102 0.458 0.15936939 0.156 0.376 0.376 
-0.004 -0.004 0.47393945 0.474 0.474 0.474 0.54664279 0.76 0.76 0.76 0.532 0.532 0.532 0.532 0.532 0.24421739 0.244 -0.11189562 -0.112 -0.112 -0.112 -0.112 -0.24294505 -0.32 -0.32 -0.32 -0.32 -0.31995474 -0.256 -0.256 -0.256 -0.256 -0.256 -0.024 -0.024 -0.024 -0.024 -0.024 0.38 0.38 0.38 0.38 0.38 0.32397558 0.32399999 0.324 0.3239983 0.32377184 0.156 0.156 0.156 0.37599877 0.376 
-0.0039996869 0.16268568 0.47399996 0.474 0.474 0.474 0.474 0.75987822 0.76 0.76 0.532 0.532 0.532 0.532 0.07830607 0.068 0.068 -0.11199537 -0.112 -0.112 -0.112 -0.112 -0.11200001 -0.32 -0.32 -0.32 -0.32 -0.42399984 -0.42399992 -0.38824552 -0.256 -0.256 -0.256 -0.024000001 -0.024 -0.024 -0.024 -0.024066374 0.38 0.38 0.38 0.38 0.37997502 0.314 0.314 0.314 0.314 0.31398726 0.156 0.156 0.156 0.15600025 0.5592607 
0.166 0.166 0.24158621 0.474 0.474 0.474 0.474 0.474 0.75987725 0.42800001 0.428 0.428 0.42824681 0.068000668 0.068 0.068 0.068 0.068 -0.11199993 -0.11138457 -0.106 -0.106 -0.106 -0.15956241 -0.30367258 -0.21630765 -0.14276478 -0.424 -0.424 -0.424 -0.424 -0.424 -0.41187669 -0.11955329 -0.122 -0.122 -0.122 -0.122 0.31875971 0.054000586 0.054 0.054 0.054 0.094000645 0.31399994 0.314 0.314 -0.012 0.15599731 0.156 0.156 0.562 0.562 
0.166 0.166 0.292 0.292 0.292 0.47393937 0.474 0.474 0.428 0.428 0.428 0.428 0.428 0.068000016 0.068 0.068 0.068 0.068 -0.106 -0.106 -0.106 -0.106 -0.106 -0.116 -0.116 -0.116 -0.116 -0.424 -0.424 -0.424 -0.424 -0.424 0.096 0.096 -0.122 -0.122 -0.122 0.13795572 0.138 0.054 0.054 0.054 0.05400002 0.094 0.094 0.094 -0.012 -0.012 -0.012 0.114 0.114 0.562 0.562 
0.166 0.166 0.292 0.292 0.292 0.292 0.29200082 0.442 0.42801318 0.428 0.428 0.428 0.428 0.072490673 0.068 0.068 0.068 0.068 -0.106 -0.106 -0.106 -0.106 -0.106 -0.116 -0.116 -0.116 -0.116 -0.11600124 -0.424 -0.424 -0.424 0.095972737 0.096 0.096 0.096 -0.122 0.138 0.138 0.138 0.1357898 0.1635911 0.184 0.184 0.094 0.094 0.094 -0.012 -0.012 -0.012 0.114 0.114 0.114 0.41708538 
0.298 0.29799896 0.292 0.292 0.292 0.292 0.442 0.442 0.442 0.428 0.428 0.428 0.428 0.42788809 0.068 0.068 0.068 0.068 -0.10599688 -0.106 -0.106 -0.106 -0.11423494 -0.116 -0.116 -0.116 -0.116 -0.066000041 -0.066 -0.066000004 -0.42013827 0.096 0.096 0.096 0.096000189 0.294 0.138 0.138 0.138 0.138 0.184 0.184 0.184 0.014 0.014 0.014 -0.12998851 -0.012 -0.012 0.114 0.114 0.114 0.40200187 
0.298 0.298 0.292 0.292 0.292 0.442 0.442 0.442 0.442 0.42955056 0.428 0.428 0.428 0.42799909 0.21998251 0.22 0.22 0.22 0.055356803 0.034 0.034 0.034 0.034 -0.116 -0.116 -0.116 -0.1159967 -0.066 -0.066 -0.066 -0.066 0.096008608 0.20736927 0.294 0.294 0.294 0.13779894 0.084001124 0.084 0.084 0.18391854 0.080000003 0.08 0.014 0.014 0.01399939 -0.13 -0.13 0.352 0.352 0.352 0.872 1.072 
0.298 0.298 0.8 0.8 0.8 0.442 0.442 0.442 0.442 0.96 0.96 0.96 0.96 0.90785047 0.22 0.22 0.22 0.22 0.056 0.034 0.034 0.034 0.034 0.272 0.27199985 -0.11599943 -0.066 -0.066 -0.066 -0.066 0.027154645 0.118 0.27305841 0.294 0.294 0.294 0.084 0.084 0.084 0.084 0.08 0.08 0.08 -0.095944501 -0.096 -0.12984717 -0.13 -0.13 0.35200027 0.352 0.872 0.872 1.072 
0.298 0.8 0.8 0.8 0.8 0.8 0.44490332 0.816 0.816 0.96 0.96 0.96 0.96 0.95982475 0.22 0.22 0.22 0.21258996 0.056 0.056 0.034 0.034 0.272 0.272 0.272 0.272 -0.066 -0.066 -0.066 -0.066 0.118 0.118 0.118 0.2938219 0.294 0.294 0.084 0.084 0.084 0.084 0.08 0.08 0.08 -0.096 -0.096 -0.095987988 0.116 0.116 0.454 0.454 0.872 0.872 1.072 
0.7952856 0.8 0.8 0.8 0.8 0.8 0.816 0.816 0.816 0.89307482 0.96 0.96 0.96 0.95999064 0.22 0.22 0.22 0.056 0.056 0.056 0.034001099 0.034001454 0.272 0.272 0.272 0.272 -0.065975975 -0.066 -0.066 0.11795768 0.118 0.118 0.118 0.118 0.29343753 0.198 0.198 0.19602703 0.084 0.084 0.080000004 0.08 -0.090882763 -0.096 -0.096 0.11599992 0.116 0.116 0.454 0.454 0.626 0.626 0.804 
0.8 0.8 0.8 0.8 0.8 0.8 0.816 0.816 0.816 0.816 0.65000893 0.65 0.65 0.65 0.22000095 0.3366638 0.402 0.402 0.056637849 0.056 0.055999996 0.27199965 0.272 0.272 0.272 0.272 0.27175426 -0.066 -0.065993711 0.118 0.118 0.118 0.118 0.118 0.198 0.198 0.198 0.198 0.198 0.19799958 0.192 0.192 0.19199995 0.032 0.032 0.032 0.214 0.214 0.494 0.494 0.626 0.62600039 0.804 
0.8 0.8 0.8 0.8 0.8 0.8 0.816 0.816 0.816 0.65 0.65 0.65 0.65 0.65 0.58462779 0.402 0.402 0.402 0.402 0.402 0.38547964 0.272 0.272 0.272 0.272 0.27042995 0.22207835 -0.026783339 0.11709261 0.118 0.118 0.118 0.118 0.11800018 0.198 0.198 0.198 0.198 0.198 0.19520881 0.192 0.192 0.192 0.032 0.032 0.032 0.214 0.214 0.494 0.494 0.74799999 0.80091076 0.804 
0.8 0.8 0.8 0.8 0.8 0.8 0.816 0.816 0.80911007 0.65 0.65 0.65 0.65 0.65 0.63810439 0.402 0.402 0.402 0.402 0.402 0.402 0.23020958 0.22200007 0.222 0.222 0.222 0.222 0.222 0.24751049 0.24799846 0.248 0.248 0.248 0.24799996 0.198 0.198 0.198 0.198 0.198 0.192 0.192 0.192 0.192 0.19199993 0.032468141 0.324 0.21400001 0.57366824 0.49407535 0.748 0.748 0.75885063 1.27 
0.8 0.8 0.8 0.8 0.8 0.80000102 0.81599914 0.81598996 0.65000021 0.65 0.65 0.65 0.65 0.65 0.64528109 0.402 0.402 0.402 0.402 0.402 0.402 0.222 0.222 0.222 0.222 0.222 0.222 0.222 0.24799282 0.248 0.248 0.248 0.248 0.248 0.2343 0.198 0.198 0.198 0.198 0.192 0.192 0.192 0.192 0.19203382 0.324 0.324 0.32560448 0.58 0.58 0.748 0.748 1.27 1.27 
0.8 0.8 0.8 0.8 0.8 0.80002134 0.81597634 0.66873202 0.65 0.65 0.65 0.65 0.65 0.65 0.64565833 0.402 0.402 0.402 0.402 0.402 0.37637127 0.222 0.222 0.222 0.222 0.222 0.222 0.222 0.2479999 0.248 0.248 0.248 0.248 0.248 0.248 0.32404779 0.51998839 0.62712613 0.64343238 0.22246809 0.19200001 0.192 0.192 0.32398946 0.324 0.32543261 0.56400008 0.58 0.58 1.0978866 1.098 1.098 1.2699999 
0.8 0.8 0.8 0.8 0.80000002 0.80013336 0.80153603 0.65004565 0.65 0.65 0.65 0.65 0.65 0.65 0.64420882 0.402 0.402 0.402 0.402 0.402 0.22200078 0.222 0.222 0.222 0.222 0.222 0.222 0.222 0.24799999 0.248 0.248 0.248 0.248 0.248 0.24800008 0.652 0.652 0.652 0.652 0.666 0.666 0.666 0.666 0.56399931 0.564 0.564 0.564 0.56400016 0.578 0.578 1.098 1.098 0.88191352 
0.8 0.8 0.8 0.8 0.80000045 0.80035899 0.66136068 0.65000217 0.65 0.65 0.65 0.65 0.65 0.65 0.64158135 0.4020001 0.402 0.402 0.402 0.40091666 0.222 0.222 0.222 0.222 0.222 0.222 0.222 0.222 0.24799999 0.248 0.248 0.248 0.248 0.248 0.65199963 0.652 0.652 0.652 0.652 0.666 0.666 0.666 0.666 0.63847064 0.564 0.564 0.564 0.57799984 0.578 0.578 0.782 0.782 0.782 
0.8 0.8 0.8 0.80000004 0.80000397 0.79384302 0.65061431 0.65000054 0.65 0.65 0.65 0.65 0.65 0.64999998 0.63802214 0.40200583 0.402 0.402 0.40199979 0.22564709 0.222 0.222 0.222 0.222 0.222 0.222 0.222 0.222 0.24799998 0.248 0.248 0.248 0.248 0.27435371 0.65199989 0.652 0.652 0.652 0.652 0.666 0.666 0.666 0.666 0.666 0.564 0.564 0.564 0.578 0.578 0.578 0.782 0.782 0.782 
0.8 0.8 0.80000002 0.80000039 0.79998105 0.72015804 0.65010699 0.65000033 0.65 0.65 0.65 0.65 0.65 0.64999953 0.63379053 0.40209057 0.40200001 0.40199999 0.40106805 0.22201531 0.222 0.222 0.222 0.222 0.222 0.222 0.222 0.22200002 0.24799984 0.248 0.24800003 0.28083516 0.284 0.284 0.284 0.652 0.652 0.652 0.652 0.666 0.666 0.666 0.666 0.666 0.56400181 0.564 0.56400001 0.578 0.578 0.57800011 0.782 0.782 0.782 
