interpolatedSpi/06-12|23_2.tif
NCOLS 53
NROWS 52
XLLCORNER -116.03883
YLLCORNER 28.596182
DX 0.49850594
DY 0.49788537
NODATA_VALUE -9999
[rows 0 to 26 of 52, columns 0 to 52 of 53]
-0.40714286 -0.40714286 -0.36724175 -0.49285714 -0.21857143 -0.54428571 -0.56142857 -0.62428571 -0.96217628 -1.2271429 -0.76142857 -0.98857143 -1.294239 -0.72714286 -0.30428571 -0.30428571 -0.30428571 -0.80714286 -0.34714286 -0.34714286 -0.34714286 -0.34714511 -0.58142857 -0.47285714 -0.47285714 -0.47285714 -1.3728586 -1.3728571 -1.3728571 -1.7128571 -1.7128571 -1.7128571 -1.7128571 -1.1914287 -1.1914286 -1.1914286 -1.1914286 -1.1914286 -1.1914286 -1.1914285 -0.28405826 -0.27432505 -0.42857143 -0.42857143 -0.42857143 -0.42857143 -0.42783176 0.024285714 0.024285714 0.024285714 -0.24714229 -0.24714286 -0.24714286
-0.40715993 -0.79142857 -0.42428611 -0.4824819 -0.4859402 -0.77 -0.72142857 -0.64017361 -1.1128571 -0.63142857 -1.12 -1.2942857 -1.2942857 -1.0190235 -0.72714266 -0.30428571 -0.80714286 -0.80714286 -0.34774264 -0.34714286 -0.34714286 -0.34714286 -0.50293548 -0.47285714 -0.47285714 -0.47285714 -0.39857143 -0.39857143 -1.7128571 -1.7128571 -1.7128571 -1.7128571 -1.7128571 -1.1914286 -1.1914286 -1.1914286 -1.1914286 -1.1914286 -1.1914285 -0.93024625 0.43844973 -0.32335115 -0.42857143 -0.42857143 -0.42857143 -0.42857143 -0.42857143 0.024285714 0.024285714 0.024285714 0.0017785973 -0.24714286 -0.24714286
0.29568843 0.29571429 -0.76714286 -0.37714286 -0.74428571 -0.11285714 -0.27428571 -0.23571429 -0.84 -0.95857143 -1.0014286 -0.89 -0.99 -1.5285714 -1.02 -1.2328571 -0.80714286 -0.80714286 -0.80714286 -0.49709925 -0.49714286 -0.49714286 -1.0442857 -0.47285714 -0.47285714 -0.47285714 -0.39857143 -0.39857143 -0.39857143 -1.7128571 -1.7128571 -1.7128571 -1.3380528 -1.1896374 -1.1841152 -0.41291416 -0.40571429 -0.40571429 -0.29952539 0.43857142 0.43857143 0.43746257 -0.42857143 -0.42857143 -0.42857143 -0.42857143 -0.42857143 0.024285714 0.024285714 0.024285714 0.024285714 -0.24714286 -0.24714286
0.28 0.29571419 -0.1858248 -0.23571429 -0.75285714 -0.79571429 -0.77 -1.0785714 -0.42714286 -0.88881355 -1.13 -1.3342857 -1.3142857 -1.5285714 -1.2057143 -1.2328571 -1.0173756 -1.0155681 -0.70142857 -0.49714286 -0.49714286 -0.82714286 -1.0442857 -1.0442857 -0.47285714 -0.47285677 -0.39857143 -0.39857143 -0.39857143 -0.98142857 -0.95556234 -0.93428571 -0.93428571 -0.93428529 -0.40571429 -0.40571429 -0.40571429 -0.40571429 0.43857143 0.43857143 0.43857143 0.4385714 -0.42857143 -0.42857143 -0.42857143 -0.42857143 -0.42857143 0.024280002 0.024285714 0.024285714 0.024285714 -0.24718117 -0.24714286
0.28 -0.28285696 -0.18571429 -0.41429902 -0.75285714 -0.78857143 -0.92138707 -1.1971429 -1.2185714 -0.89857158 -1.1837947 -1.312726 -0.39714286 -1.2057143 -1.2057143 -1.2204639 -1.0157143 -1.0157143 -0.70142857 -0.70142857 -0.49714351 -0.82714286 -0.65285714 -0.38285714 -0.45857143 -0.45855738 -0.39857143 -0.39857143 -0.98142857 -0.98142857 -0.93428571 -0.93428571 -0.93428571 -0.78665985 -0.40571429 -0.40571429 -0.40571429 0.43857143 0.43857143 0.43857143 0.43857143 0.43847559 -0.42857143 -0.42857143 -0.42857143 -0.42857143 -0.42857143 -0.42454044 0.024285714 0.024220953 -1.42 -1.42 -1.42
-1.3557143 -0.52571429 -0.34714283 0.14 -0.44285714 -0.76285714 -1.0742857 -1.0900149 -1.2471429 -1.3985714 -1.4728571 -1.0771429 -1.0771424 -1.3328571 -1.3328571 -0.78419431 -0.78428571 -1.0342857 -1.0342857 -0.70142849 -0.79571429 -0.79571429 -0.38285714 -0.45857143 -0.45857143 -0.39857143 -0.80142857 -0.80142857 -0.58860735 -0.98142857 -0.93428571 -0.93428571 -0.15142857 -0.15144051 -0.26570603 0.088571428 0.088571429 0.33029094 0.43857143 0.43857143 -0.55304741 -0.55428571 -0.55428475 -0.28823611 -0.28573007 -0.28571432 -0.28571429 -0.28571435 -1.2047665 -1.42 -1.42 -1.42 -1.42
-0.38285352 -0.61 -0.22644573 -0.28714286 -0.4 -1.1471429 -0.78714286 -1.1214286 -1.63 -1.63 -1.4728571 -1.5928571 -1.22 -1.3328571 -0.40571706 -0.40571429 -0.78428571 -0.38142857 -0.60428571 -0.60428571 -0.63279128 -0.45 -0.45 -0.52857143 -0.39857143 -0.39857143 -0.80142857 -0.80142857 -0.58858217 -0.58876915 -0.14622528 -0.15142857 -0.15142857 -0.26571429 -0.26571429 -0.31368414 0.088571429 0.088571429 -0.25284531 -0.55428529 -0.55428571 -0.55428571 -0.55428073 -0.28571606 -0.28571429 -0.28571429 -0.28571429 -0.28571484 -1.2114286 -1.4199587 -1.42 -1.42 -1.42
-0.38285714 -0.66857143 -0.42142857 -0.62 -0.41858298 -0.89428571 -1.2457143 -1.3957143 -1.63 -1.8385714 -1.8385714 -1.1357143 -1.22 -1.22 -0.41130104 -0.67243597 -0.69857143 -0.35857143 -0.74999985 -0.60428571 -0.13712426 -0.067142857 -0.51285714 -0.22 -0.22000897 -0.91571429 -0.42857143 -0.42857156 -0.77221138 -0.77285713 -0.14428571 -0.40981924 -0.22 -0.26571429 -0.27557447 -0.65 -0.65 -0.25285714 -0.25285714 -0.55428571 -0.55428571 -0.55428571 -0.60332466 -0.6042857 -0.28571429 -0.28571429 -0.28571429 -1.2113933 -1.2114286 -1.2114286 -1.42 -1.42 -1.42
-0.72232208 -0.66857143 -0.45857143 -0.92428571 -0.40714286 -0.85428571 -0.54285714 -0.49714286 -1.42 -0.54054023 -0.57857143 -1.0928571 -1.0928571 -0.43857143 -0.43857219 -0.13016007 -0.12857143 -0.12857143 -0.4183236 -0.87285715 -0.89142857 -0.89142856 -0.61714286 -0.55395443 -0.84560465 -0.91571429 -0.27428571 -0.42857143 -0.68137949 -0.68285714 -0.46285714 -0.69428571 -0.50073756 -0.90714286 -0.61142857 -0.74571429 -0.69142857 -0.067142857 -0.1214035 -0.55251934 -0.15857143 -0.45571428 -0.60430292 -0.60428571 -0.60249262 -0.28571429 -0.7585714 -1.2114286 -1.2114286 -1.2114286 -1.2114286 -1.4137746 -0.62714286
-1.0228571 -1.0228571 -0.22142857 -0.17857143 -0.71571429 -0.31571429 -0.55 -1.1185714 -0.75428571 -0.31724272 -1.3271429 -0.088571429 -0.43857143 -0.43857143 -0.52 -0.51463138 -0.12857143 -0.12858629 -0.17571429 -0.87285714 -0.87285714 -0.87524975 -0.61714286 -0.70428406 -0.70428571 -0.70428571 -0.27428571 -0.13857143 -0.13857143 -0.68285714 -0.68285714 -0.69355687 -0.31 -0.90714286 -0.88285714 -0.74571429 -0.69142857 -0.44714286 -0.12142857 -0.13126654 -0.45571427 -0.54912345 -0.71 -0.60428571 -0.60428571 -0.75857143 -0.75857143 -0.75857143 -1.2114286 -1.2114286 -1.37 -1.37 -1.3699997
-1.0228571 -1.0228571 -0.62714286 -0.87 -0.72714286 -0.19 -0.71428572 -0.035478671 -0.31714286 0.13142857 0.021428571 0.077142857 -0.088351333 -0.52 -0.52 -0.51998121 -0.35714286 -0.34762063 -0.17571429 -0.20142857 -0.20142857 -0.39428571 -0.39428571 -0.70428571 -0.70428571 -0.70428571 -0.13857143 -0.13857143 -0.13857143 -0.59428571 -0.59428571 -0.59428525 -0.88571429 -0.88571429 -1.3842857 -1.0085714 -0.84571429 -0.36429219 -0.57 -0.13142857 -0.13142857 -0.54714339 -0.71 -0.60428571 -0.3885714 -0.29857143 -0.72301096 -0.72285714 -1.18 -1.18 -1.37 -1.37 -1.37
-1.0228571 -0.85204136 -0.73077866 -0.6442855 -0.46285714 -0.37571429 -0.71428571 -0.034285714 -0.31714049 0.12645894 0.077142928 0.077142857 -0.085714286 -0.52 -0.52 -0.35714286 -0.35714286 -0.35713253 -0.17571429 -0.20142857 -0.23930179 -0.39428571 -0.39428571 -0.70427277 -0.70428571 -0.59580826 -0.37428571 -0.37428571 -0.37428568 -0.59428571 -0.59428571 -0.61285714 -0.61285714 -0.88571565 -1.3842857 -0.84714313 -0.89061337 -0.36428571 -0.36428571 -0.13142858 -0.54714286 -0.54714286 -0.54714174 -0.38857143 -0.38857143 -0.29857143 -0.72285714 -0.72285714 -1.18 -1.18 -1.37 -1.37 -1.37
-0.34714286 -0.31305346 -0.28287866 -0.2854744 -0.46285684 -0.37571634 -0.7142857 -0.042656127 -0.29765111 -0.30542946 -0.085714286 -0.085714286 -0.085714286 -0.085714286 -0.51993848 -0.35714286 -0.35714286 -0.35480033 -0.17571429 -0.20134287 0.094285714 0.094285714 0.094285714 0.094285714 -0.69050032 -0.37428571 -0.37428571 -0.37428571 -0.37428571 -0.37427852 -0.61285714 -0.61285714 -0.61285714 -0.61285714 -0.84714286 -0.84714286 -0.84714286 -0.38845583 -0.36664617 -0.67857143 -0.67857143 -0.54714993 -0.58713606 -0.38859055 -0.38857143 -0.29857143 -0.72285714 -0.72285714 -1.18 -1.18 -1.3693107 -1.37 -1.3627795
-0.34714286 -0.28285714 -0.28285714 -0.28285714 -0.28285714 -0.28285718 -0.71341901 -0.3925717 -0.24564887 -0.08595228 -0.085714286 -0.085714286 -0.085714286 -0.085714286 -0.085714159 -0.35714286 -0.35714283 -0.3446981 -0.17571594 0.094285714 0.094285714 0.094285714 0.094285714 0.094285714 0.10512316 0.005984431 0.11571418 0.11571429 0.11571429 0.11571429 -0.61285712 -0.61285714 -0.61285631 0.08 0.08 -0.84714286 -0.17216403 -0.15285714 -0.67857112 -0.67857143 -0.67857143 -0.67857143 -0.58714286 -0.58714286 -0.58714286 -0.58513466 -0.39775467 -0.39571429 -0.39571429 -0.39571429 -0.3957143 -0.91714295 -0.91714286
-0.43142857 -0.28285714 -0.28285714 -0.28285714 -0.28285714 -0.28285714 -0.28285717 -0.3088705 0.096982298 0.098571428 0.098571429 0.098571429 0.098571429 0.098571429 0.098571427 0.59398453 -0.34186932 -0.332299 0.094251706 0.094285714 0.094285714 0.094285714 0.094285714 0.094286239 0.59571429 0.59571429 0.59571361 0.11571429 0.11571429 0.11683851 0.67714286 0.67714286 0.08 0.08 0.08 -0.11555573 -0.15285714 -0.15285714 -0.15285714 -0.67857143 -0.67857143 -0.67857143 -0.58714286 -0.58714286 -0.58714286 -0.58714286 -0.39571429 -0.39571429 -0.39571429 -0.39571429 -0.39571429 -0.91714286 -0.91714286
-0.43142857 -0.37611712 -0.28285714 -0.28285714 -0.28285714 -0.28285714 0.30559877 0.30571429 0.30571428 0.098571429 0.098571429 0.098571429 0.098571429 0.098571429 0.21013554 0.60428571 0.60428571 0.60428571 0.54433984 0.54571383 0.54571429 0.54571429 0.54571429 0.54571429 0.59571429 0.59571429 0.59571429 0.59571429 0.11571429 0.67714286 0.67714286 0.67714286 0.080000054 0.08 0.08 0.36 -0.1521781 -0.15285714 -0.15285714 -0.67849311 -0.52257528 -0.15870129 -0.58714286 -0.58714286 -0.73667995 -0.73714286 -0.73714286 -0.39638667 -0.80285794 -0.80428568 -0.80428564 -0.87714889 -0.91714278
-0.43142857 -0.036610537 -0.15273102 -0.28285714 -0.28285714 0.30536653 0.30571429 0.30571429 0.30571429 0.30422155 0.098571429 0.098571429 0.098571429 0.09857149 0.60428571 0.60428571 0.60428571 0.60428571 0.54576661 0.54571429 0.54571429 0.54571429 0.54571429 0.54571429 0.59571428 0.59571429 0.59571429 0.59571429 0.59601047 0.67714286 0.67714286 0.67714286 0.81857143 0.080046311 0.36 0.36 0.36 0.36079412 -0.15685269 -0.15714286 -0.15714286 -0.15714286 -0.90714286 -0.90714286 -0.73714286 -0.73714286 -0.73714286 -0.80428571 -0.80428571 -0.80428571 -0.80428571 -0.87714286 -0.87714286
-0.025872398 -0.025714286 -0.025714286 -0.025714281 0.48857143 0.305719 0.30571429 0.30571429 0.30571429 0.30571429 0.13372174 0.098577478 0.098571442 0.60428571 0.60428571 0.60428571 0.60428571 0.60428571 0.6185424 0.54571429 0.54571429 0.54571429 0.54571429 0.54571429 0.63520832 0.74142778 0.74142857 0.74142857 0.74142857 0.67714286 0.81857143 0.81857143 0.81857143 0.81857143 0.36 0.36000199 0.43571429 0.43571429 -0.14974015 -0.15714286 -0.15714286 -0.15714286 -0.90714286 -0.90714286 -0.76346471 -0.73714286 -0.73714286 -0.80428571 -0.80428571 -0.80428571 -0.80506693 -0.87714286 -0.87714286
-0.025714286 -0.025714286 -0.025714286 0.21647053 0.48857143 0.48857143 0.30571429 0.30571429 0.30571429 0.30571429 0.56285714 0.56285714 0.56285714 0.60428571 0.60428571 0.60428571 0.60428571 0.6043844 0.90285714 0.90285714 0.54571443 0.54571429 0.54435788 0.49 0.4922635 0.74142857 0.74142857 0.74142857 0.74142857 0.81856357 0.81857143 0.81857143 0.81857143 0.81857143 0.43571402 0.43571429 0.43571429 0.43571429 0.4336252 -0.15714286 -0.15714286 -0.15714286 -0.90714286 -0.90714286 -0.90714286 -0.73714286 -0.73714286 -0.80428571 -0.80428571 -0.80428571 -0.87714286 -0.87714286 -0.87714286
-0.025714286 -0.025714286 -0.025714286 0.48857143 0.48857143 0.48857143 0.48857115 0.30571429 0.30571429 0.5625917 0.56285714 0.56285714 0.56285714 0.56288296 1.0876265 1.2014286 1.2014286 1.2014286 0.90285714 0.90285714 0.90285714 0.49 0.49 0.49 0.49001281 0.63352643 0.74142857 0.74142857 0.74142857 0.82610245 0.82999888 0.83 0.83 0.83 0.40776073 0.36714301 0.36714286 0.36714286 0.36714286 -0.41139378 -0.41142857 -0.41142857 -0.90714286 -0.90714286 -0.64571538 -0.64571433 -0.76 -0.76 -0.56571429 -0.56571429 -0.56571429 -0.87714286 -0.55885627
-0.025713275 -0.025714286 -0.025714267 0.48857143 0.48857143 0.48857143 0.48857143 0.40285711 0.3061027 0.56275869 0.56285714 0.56285714 0.56285714 0.5641102 1.2014286 1.2014286 1.2014286 1.2014285 0.90285714 0.90285714 0.90285714 0.49 0.49 0.49 0.53571429 0.53571429 0.92142857 0.92142857 0.92142857 0.9209298 0.83 0.83 0.83 0.83 0.59869851 0.36714286 0.36714286 0.36714286 0.36714286 -0.41142857 -0.41142857 -0.41142857 -0.4188001 -0.64571429 -0.64571429 -0.64571429 -0.76 -0.76 -0.56571429 -0.56571429 -0.56571429 -0.55857143 -0.55857143
0.3 0.16082232 0.55857143 0.55855112 0.48857143 0.40335308 0.40285714 0.40285714 0.45074691 0.45428572 0.45428571 0.45428571 0.45428571 1.274259 1.2742857 1.2014286 1.2014286 1.1935617 0.90285714 0.90285714 0.90285714 0.59285714 0.59285714 0.59285714 0.53571429 0.53571429 0.92142857 0.92142857 0.92142857 0.92142874 1.1485694 1.1485705 0.83800681 0.83034153 0.36339121 0.36285714 0.36285714 0.36285714 0.36285714 -0.41142857 -0.41142857 -0.41142857 -0.63281348 -0.64571429 -0.64571429 -0.64571431 -0.76 -0.76 -0.75999301 -0.56571429 -0.56572923 -0.9 -0.55857143
0.45854132 0.45857145 0.55857143 0.55857143 0.55857143 0.40285714 0.40285714 0.40285714 0.53428571 0.53428571 0.45428571 0.45428571 0.45428571 1.2742857 1.2742857 1.2742857 1.2742857 1.2742442 0.90285714 0.90285714 0.90285713 0.59285714 0.59285714 0.59285714 0.53571429 0.53571429 0.92142857 0.92142857 0.92142857 1.1460104 1.1485714 1.1485714 1.1485714 1.1485714 0.36324485 0.36285714 0.36285714 0.36285714 0.36285714 0.034285598 0.034285714 0.034285714 0.034285714 -0.64571555 -0.81 -0.81 -0.81 -0.95428571 -0.95428571 -0.95428571 -0.9 -0.9 -0.9
0.45857143 0.45857143 0.55857143 0.55857143 0.55857143 0.4036756 0.40285714 0.53428571 0.53428571 0.53428571 0.45429556 0.45428571 0.4145968 1.2742855 1.2742857 1.2742857 1.2742857 0.30285714 0.30285714 0.30285714 0.62571428 0.62571426 0.5928573 0.59285714 0.59304097 0.93 0.93 0.92999998 0.92142996 1.121434 1.1214287 1.1214333 1.148525 1.148548 0.50277689 0.36285714 0.36279012 0.34285714 0.34285714 0.034285714 0.034285714 0.034285714 0.034285714 -0.81 -0.81 -0.81 -0.81 -0.95428571 -0.95428571 -0.95428571 -0.9 -0.9 -0.9
0.45857143 0.45857143 0.55857143 0.55857143 0.55857143 0.55857143 0.45204702 0.53428571 0.53428571 0.53428571 0.53421469 0.40571429 0.40571429 0.40571429 1.269167 1.2742857 0.3093305 0.30285714 0.30285714 0.30285714 0.62571429 0.62571429 0.62571429 0.62571429 0.93 0.93 0.93 0.93 0.93 1.1214286 1.1214286 1.1214286 1.1214286 1.1214272 0.46 0.34285714 0.34285714 0.34285714 0.34285714 0.34285445 -0.46 -0.46 -0.46 -0.5655273 -0.78428571 -0.78428571 -0.78428571 -0.95428571 -0.95428567 -0.91285714 -0.91285714 -0.39869341 -0.39857143
0.45857143 0.45857143 0.52247845 0.55857143 0.55857143 0.55857142 0.29756367 0.53353837 0.53428571 0.53428571 0.40571422 0.40571429 0.40571429 0.40571429 0.40571429 0.47689299 0.30285714 0.30285714 0.30285714 0.30285714 0.62571179 0.62571429 0.62571429 0.62571429 0.93 0.93 0.93 0.93 0.93 0.41414172 1.1214286 1.1214286 1.1214286 0.46 0.46 0.45990904 0.34285714 0.34285714 -0.08324659 -0.41428565 -0.46 -0.46 -0.46 -0.56405332 -0.78428571 -0.78428571 -0.78428571 -0.76285714 -0.91098816 -0.91285714 -0.91285714 -0.39857143 -0.39857143
0.44714286 0.44714286 0.44714286 0.53063322 0.55796381 0.29714286 0.29714286 0.29714286 0.29714286 0.10142857 0.10142857 0.40571426 0.40571429 0.40571429 0.40571429 0.40570773 0.30285714 0.30285714 0.30285714 0.30285714 0.4848299 0.62571429 0.62571429 0.62496656 0.61196461 0.93 0.93 0.93 0.16428571 0.16428571 0.16428571 0.16428973 0.46 0.46 0.46 0.46 -0.41428571 -0.41428571 -0.41428571 -0.41428571 -0.67 -0.67 -0.67 -0.74714131 -0.74714286 -0.74714286 -0.74714287 -0.76285714 -0.76285714 -0.91267438 -0.91285714 -0.39857226 -0.39857143
