interpolatedSpi/06-12|19_1.tif
NCOLS 53
NROWS 52
XLLCORNER -116.03883
YLLCORNER 28.596182
DX 0.49850594
DY 0.49788537
NODATA_VALUE -9999
[rows 0 to 26 of 52, columns 0 to 52 of 53]
0.63 0.63 0.38653968 0.21857143 0.37285714 0.24142857 0.41428571 0.34285714 0.18289903 0.018571429 -0.12 0.29428571 0.061404456 -0.23142857 -0.16857143 -0.16857143 -0.16857143 -0.055714286 0.038571429 0.038571429 0.038571429 0.038569681 -0.14285714 -0.15714286 -0.15714286 -0.15714286 -0.30714255 -0.30714286 -0.30714286 -0.10857143 -0.10857143 -0.10857143 -0.10857143 -0.36428566 -0.36428571 -0.36428571 -0.36428571 -0.36428571 -0.36428571 -0.36428571 -0.032148637 -0.028648159 -0.33 -0.33 -0.33 -0.33 -0.330602 -0.69857143 -0.69857143 -0.69857143 0.55428311 0.55428571 0.55428571
0.63000444 0.73 0.39000055 0.39412414 0.55123257 0.33 0.43857143 0.22878332 0.24857143 0.15142857 0.34 0.061428572 0.061428571 0.19286618 -0.23142287 -0.16857143 -0.055714286 -0.055714286 0.038448493 0.038571429 0.038571429 0.038571429 -0.16887341 -0.15714286 -0.15714286 -0.15714286 -0.25571428 -0.25571429 -0.10857143 -0.10857143 -0.10857143 -0.10857143 -0.10857143 -0.36428568 -0.36428571 -0.36428571 -0.36428571 -0.36428571 -0.36428567 -0.27323266 0.16569828 -0.26984896 -0.33 -0.33 -0.33 -0.33 -0.33 -0.69857143 -0.69857143 -0.69857143 -0.59468332 0.55428571 0.55428571
0.88570609 0.88571429 0.86857143 0.83857143 0.52142857 0.49285714 0.49571429 0.54 0.29 0.21428571 0.18857143 0.13 0.20714286 -0.084285714 0.19428571 -0.47142857 -0.055714286 -0.055714286 -0.055714286 -0.099959717 -0.1 -0.1 -0.38 -0.15714286 -0.15714286 -0.15714286 -0.25571429 -0.25571429 -0.25571429 -0.10857143 -0.10857143 -0.10857144 -0.18903401 -0.36294019 -0.35838187 0.26418774 0.27 0.27 0.25688361 0.16571429 0.16571429 0.16508039 -0.33 -0.33 -0.33 -0.33 -0.33 -0.69857143 -0.69857143 -0.69857143 -0.69857143 0.55428571 0.55428571
0.73 0.88571412 0.050005471 0.66714286 0.17142857 0.52428571 0.29142857 0.19 -0.037142857 0.0016593974 0.012857143 -0.22428571 0.19428571 -0.084285714 -0.031428571 -0.47142857 -0.11843584 -0.11567225 0.034285714 -0.1 -0.1 -0.23428571 -0.38 -0.38 -0.15714286 -0.15714335 -0.25571429 -0.25571429 -0.25571429 -0.67857143 -0.45753269 -0.27571429 -0.27571429 -0.27571386 0.27 0.27 0.27 0.27 0.16571429 0.16571429 0.16571429 0.16571427 -0.33 -0.33 -0.33 -0.33 -0.33 -0.69856678 -0.69857143 -0.69857143 -0.69857143 0.55425277 0.55428571
0.73 0.6271418 0.05 -0.11722307 0.17142857 0.12857143 0.078577736 0.11857143 0.098571429 0.13142841 -0.073111955 -0.16997381 0.012857143 -0.031428571 -0.031428571 -0.32024304 -0.11571429 -0.11571429 0.034285714 0.034285714 -0.10000026 -0.23428571 -0.16428571 -0.10857143 -0.08 -0.079928547 -0.25571429 -0.25571429 -0.67857143 -0.67857143 -0.27571429 -0.27571429 -0.27571429 -0.23503642 0.27 0.27 0.27 0.16571429 0.16571429 0.16571429 0.16571429 0.16571842 -0.32999999 -0.33 -0.33 -0.33 -0.33 -0.33328074 -0.69857143 -0.69856047 -0.45428571 -0.45428571 -0.45428571
-0.56 0.60571429 0.50857145 -0.012857143 0.23 0.35142857 -0.06 -0.037137743 -0.05 -0.16 0.064285714 -0.11857143 -0.11857134 -0.018571429 -0.018571429 0.19717735 0.19714286 0.0085714286 0.0085714287 0.034285838 -0.16857143 -0.16857143 -0.10857143 -0.08 -0.08 0.22571429 -0.69571429 -0.69571429 -0.14004887 -0.67857143 -0.27571429 -0.27571429 -0.06 -0.060032242 -0.36854932 -0.40571429 -0.40571429 -0.011070187 0.16571429 0.16571429 0.20851798 0.20857143 0.20857233 -0.19106803 -0.18858706 -0.18857147 -0.18857143 -0.18857148 0.14050967 -0.45428571 -0.45428571 -0.45428571 -0.45428571
-0.10857119 0.67142857 0.35025841 0.64142857 0.76285714 -0.048571429 0.24571429 0.17 -0.16857143 -0.16857143 0.064285714 0.17714286 0.1642857 -0.018571429 0.33999893 0.34 0.19714286 0.25285714 0.17428571 0.17428571 -0.088456397 0.0014285714 0.0014285714 0.25428571 0.22571429 0.22571429 -0.69571429 -0.69571429 -0.1399985 -0.13997241 -0.020291193 -0.06 -0.06 -0.36857143 -0.36857143 -0.068037461 -0.40571429 -0.40571429 -0.36000158 0.20857064 0.20857143 0.20857143 0.20857669 -0.18856855 -0.18857143 -0.18857143 -0.18857143 -0.18857115 0.27142857 -0.4541419 -0.45428571 -0.45428571 -0.45428571
-0.10857143 -0.13571429 0.64285714 0.16714286 0.25856619 0.068571429 -0.091428571 -0.062857141 -0.16571429 0.082857143 0.082857143 0.12428571 0.16428571 0.16428571 0.33879444 0.22550484 0.21428571 0.32857143 0.094285796 0.17428571 0.16898898 0.16571429 0.09 -0.058571428 -0.058570765 -0.0071428571 0.12428571 0.12428542 -0.11437582 -0.11428571 -0.02 0.041676689 -0.20285714 -0.36857143 -0.34771021 0.21428571 0.21428571 -0.36 -0.36 0.20857143 0.20857143 0.20857144 0.32823731 0.32714283 -0.18857143 -0.18857143 -0.18857143 0.27141106 0.27142857 0.27142857 -0.45428571 -0.45428571 -0.45428571
-0.11339043 -0.13571428 0.4 0.68857143 0.57857143 0.11285714 0.13714286 0.33571429 -0.21571429 0.14882862 -0.15 0.04 0.04 0.031428571 0.031431433 -0.0008273576 -0.0014285714 -0.0014285714 0.29280735 0.36857139 0.20428571 0.20428571 0.31 0.17669838 -0.012325499 -0.0071428571 0.11714286 0.12428571 0.11718436 0.11714286 0.11 0.45 0.41042479 0.48 0.36285714 0.27 0.22285714 0.14428571 0.28564898 0.21028679 0.59285714 0.51857143 0.32717495 0.32714286 0.32424014 -0.18857143 0.091428557 0.27142857 0.27142857 0.27142857 0.27142857 -0.35930433 -0.12142857
0.011428571 0.011428571 0.05 0.34714286 0.072857143 -0.038571429 1.2280657e-29 0.23285714 0.26142857 0.24140705 0.052857143 0.13428571 0.031428571 0.031428571 0.33571429 0.33109022 -0.0014285714 -0.0013963843 0.094285714 0.36857143 0.36857143 0.34740593 0.31 0.085718533 0.085714286 0.085714286 0.11714286 0.56714286 0.56714286 0.11714286 0.11714286 0.44985098 0.37142857 0.48 0.44571429 0.27 0.22285714 0.03 0.28571429 0.81836795 0.51857143 0.52067051 0.52428571 0.32714286 0.32714286 0.091428571 0.091428571 0.091428571 0.27142857 0.27142857 0.30857143 0.30857143 0.30857127
0.011428571 0.011428571 -0.2 -0.42285714 -0.55 0.12428571 -0.15142857 0.27404237 0.14 0.22857143 0.37714286 0.11428571 0.13425894 0.33571429 0.33571429 0.33573917 0.55142857 0.52743557 0.094285714 0.72714286 0.72714286 0.71857143 0.71857143 0.085714286 0.085714286 0.085714286 0.56714286 0.56714286 0.56714286 0.54857143 0.54857143 0.54857114 0.54571429 0.54571429 0.23285714 0.12 0.53571429 -0.10142779 0.4 0.82714286 0.82714286 0.57142842 0.52428571 0.32714286 0.68714271 0.58571429 0.55513713 0.55714286 0.85 0.85 0.30857143 0.30857143 0.30857143
0.011428571 -0.079946227 -0.29510109 -0.50713729 -0.36571429 -0.29714286 -0.15142857 0.27428571 0.14000112 0.22759016 0.11428586 0.11428571 0.42285714 0.33571429 0.33571429 0.55142856 0.55142857 0.55140255 0.094285714 0.72714286 0.7254596 0.71857143 0.71857143 0.085739741 0.085714286 0.28200682 0.68285714 0.68285714 0.68285713 0.54857143 0.54857143 0.50428571 0.50428571 0.54571343 0.23285714 0.65285698 0.44820698 -0.10142857 -0.10142857 0.82714285 0.57142857 0.57142857 0.5714294 0.68714286 0.68714286 0.58571429 0.55714286 0.55714286 0.85 0.85 0.30857143 0.30857143 0.30857143
-0.27 -0.1514972 -0.14429586 -0.146913 -0.36571403 -0.29714448 -0.15142858 0.26904541 0.14925366 0.14231284 0.42285714 0.42285714 0.42285714 0.42285714 0.33572663 0.55142857 0.55142857 0.54552613 0.094285714 0.72712935 0.69428571 0.69428571 0.69428571 0.69428571 0.096512223 0.68285714 0.68285714 0.68285714 0.68285714 0.68276103 0.50428571 0.50428571 0.50428571 0.50428571 0.65285714 0.65285714 0.65285714 -0.064952678 -0.094218453 0.85857143 0.85857143 0.57144402 0.6071456 0.68713515 0.68714286 0.58571429 0.55714286 0.55714286 0.85 0.85 0.31053567 0.30857143 -0.12304831
-0.27 -0.14428571 -0.14428571 -0.14428571 -0.14428571 -0.14428578 -0.15180155 0.049986162 0.17394157 0.42255472 0.42285714 0.42285714 0.42285714 0.42285714 0.42285704 0.55142857 0.5514285 0.52007169 0.094294027 0.69428571 0.69428571 0.69428571 0.69428571 0.69428571 0.69471799 0.64811568 0.61857144 0.61857143 0.61857143 0.61857143 0.50428572 0.50428571 0.50428634 1.0242857 1.0242857 0.65285714 1.0097904 1.02 0.85857152 0.85857143 0.85857143 0.85857143 0.60714286 0.60714286 0.60714286 0.60699373 0.44502594 0.44428571 0.44428571 0.44428571 0.44428572 0.66571421 0.66571429
-0.29285714 -0.14428571 -0.14428571 -0.14428571 -0.14428571 -0.14428571 -0.14428572 -0.05730317 0.28504904 0.28571429 0.28571429 0.28571429 0.28571429 0.28571429 0.28571429 0.38791914 0.54882612 0.48883043 0.69421043 0.69428571 0.69428571 0.69428571 0.69428571 0.69428575 0.71428571 0.71428571 0.71428558 0.61857143 0.61857143 0.61912353 0.89428571 0.89428571 1.0242857 1.0242857 1.0242857 1.0206865 1.02 1.02 1.02 0.85857143 0.85857143 0.85857143 0.60714286 0.60714286 0.60714286 0.60714286 0.44428572 0.44428571 0.44428571 0.44428571 0.44428571 0.66571429 0.66571429
-0.29285714 -0.23754569 -0.14428571 -0.14428571 -0.14428571 -0.14428571 -0.071442871 -0.071428571 -0.071428563 0.28571429 0.28571429 0.28571429 0.28571429 0.28571429 0.30872044 0.39 0.39 0.39 0.7284665 0.72857139 0.72857143 0.72857143 0.72857143 0.72857143 0.71428571 0.71428571 0.71428571 0.71428571 0.61857143 0.89428571 0.89428571 0.89428571 1.0242857 1.0242857 1.0242857 0.97714286 1.0199433 1.02 1.02 0.85853983 0.79531819 0.64777477 0.60714286 0.60714286 0.71822755 0.71857143 0.71857143 0.4445052 0.57667858 0.57714285 0.57714283 0.62429197 0.6657142
-0.29285714 -0.43882851 -0.2953766 -0.14428571 -0.14428571 -0.071471619 -0.071428571 -0.071428571 -0.071428571 -0.068854898 0.28571429 0.28571429 0.28571429 0.2857143 0.39 0.39 0.39 0.39 0.72826899 0.72857143 0.72857143 0.72857143 0.72857143 0.72857143 0.71428571 0.71428571 0.71428571 0.71428571 0.71494044 0.89428571 0.89428571 0.89428571 1.13 1.0242835 0.97714286 0.97714286 0.97714286 0.9769419 0.67075676 0.64714286 0.64714286 0.64714286 0.63142857 0.63142857 0.71857143 0.71857143 0.71857143 0.57714286 0.57714286 0.57714286 0.57714286 0.62428571 0.62428571
-0.44273045 -0.44285714 -0.44285714 -0.44285714 -0.18857143 -0.071431593 -0.071428571 -0.071428571 -0.071428571 -0.071428571 0.2644077 0.28571062 0.28571428 0.39 0.39 0.39 0.39 0.39 0.42655256 0.72857143 0.72857143 0.72857143 0.72857143 0.72857143 0.81459178 0.96428436 0.96428571 0.96428571 0.96428571 0.89428573 1.13 1.13 1.13 1.13 0.97714286 0.97714237 0.95857143 0.95857143 0.65103151 0.64714286 0.64714286 0.64714286 0.63142857 0.63142857 0.70507871 0.71857143 0.71857143 0.57714286 0.57714286 0.57714286 0.57764835 0.62428571 0.62428571
-0.44285714 -0.44285714 -0.44285714 -0.32311021 -0.18857143 -0.18857143 -0.071428571 -0.071428571 -0.071428571 -0.071428571 0.0042857143 0.0042857143 0.0042857143 0.39 0.39 0.39 0.39 0.38999008 0.54857143 0.54857143 0.72857136 0.72857143 0.72860621 0.73 0.73210917 0.96428571 0.96428571 0.96428571 0.96428571 1.1299831 1.13 1.13 1.13 1.13 0.95857149 0.95857143 0.95857143 0.95857143 0.9574821 0.64714286 0.64714286 0.64714286 0.63142857 0.63142857 0.63142857 0.71857143 0.71857143 0.57714286 0.57714286 0.57714286 0.62428571 0.62428571 0.62428571
-0.44285714 -0.44285714 -0.44285714 -0.18857143 -0.18857143 -0.18857143 -0.18857125 -0.071428571 -0.071428571 0.0042075554 0.0042857143 0.0042857143 0.0042857143 0.004526031 0.34143466 0.33 0.33 0.33 0.54857143 0.54857143 0.54857143 0.73 0.73 0.73 0.73002721 0.89235095 0.96428571 0.96428571 0.96428571 1.0018772 0.97715789 0.97714286 0.97714286 0.97714286 1.0018984 1.0628569 1.0628571 1.0628571 1.0628571 0.60571995 0.60571429 0.60571429 0.63142857 0.63142857 0.64857136 0.64857148 0.80714286 0.80714286 0.82428571 0.82428571 0.82428571 0.62428571 0.8226796
-0.44285715 -0.44285714 -0.44285713 -0.18857143 -0.18857143 -0.18857143 -0.18857143 -0.24714281 -0.072131146 0.0041173128 0.0042857143 0.0042857143 0.0042857143 0.0049248553 0.33 0.33 0.33 0.33000006 0.54857143 0.54857143 0.54857143 0.73 0.73 0.73 0.82714286 0.82714286 0.99714285 0.99714286 0.99714286 0.99703375 0.97714286 0.97714286 0.97714286 0.97714286 1.0199764 1.0628571 1.0628571 1.0628571 1.0628571 0.60571429 0.60571429 0.60571429 0.60706274 0.64857143 0.64857143 0.64857143 0.80714286 0.80714286 0.82428571 0.82428571 0.82428571 0.82285714 0.82285714
-0.44428571 -0.43400545 -0.19 -0.18999959 -0.18857143 -0.24680396 -0.24714286 -0.24714286 -0.22840338 -0.18142857 -0.18142857 -0.18142857 -0.18142857 -0.032861979 -0.032857141 0.32999972 0.33 0.33575904 0.54857143 0.54857143 0.54857143 0.63285714 0.63285714 0.63285714 0.82714286 0.82714286 0.99714286 0.99714286 0.99714286 0.99714295 1.1257133 1.1257139 0.98087698 0.97730214 0.92292066 0.92285714 0.92285714 0.92285714 0.92285714 0.60571429 0.60571429 0.60571429 0.64621155 0.64857143 0.64857143 0.64857138 0.80714286 0.80714286 0.80714347 0.82428571 0.82428584 0.82714286 0.82285714
-0.14291439 -0.14285715 -0.19 -0.19 -0.19 -0.24714286 -0.24714286 -0.24714286 -0.19571429 -0.19571429 -0.18142857 -0.18142857 -0.18142857 -0.032857143 -0.032857143 -0.032857143 -0.032857143 -0.032791239 0.54857143 0.54857143 0.54857143 0.63285714 0.63285714 0.63285714 0.82714286 0.82714286 0.99714286 0.99714286 0.99714286 1.1242646 1.1257143 1.1257143 1.1257143 1.1257143 0.92295724 0.92285714 0.92285714 0.92285714 0.92285714 0.5657143 0.56571429 0.56571429 0.56571429 0.64856944 0.39 0.39 0.39 0.54142857 0.54142857 0.54142857 0.82714286 0.82714286 0.82714286
-0.14285714 -0.14285714 -0.19 -0.19 -0.19 -0.2468425 -0.24714286 -0.19571429 -0.19571429 -0.19571429 -0.18143033 -0.18142857 -0.31450317 -0.032857214 -0.032857143 -0.032857143 -0.032857143 -0.11857143 -0.11857143 -0.11857143 0.25428572 0.254286 0.6328553 0.63285714 0.6328685 0.56 0.56 0.56000104 0.99707221 0.9414653 0.94142955 0.94146075 1.1253993 1.1255552 0.95886655 0.92285695 0.92119589 0.42714286 0.42714286 0.56571429 0.56571429 0.56571429 0.56571429 0.39 0.39 0.39 0.39 0.54142857 0.54142857 0.54142857 0.82714286 0.82714286 0.82714286
-0.14285714 -0.14285714 -0.19 -0.19 -0.19 -0.19 -0.22789465 -0.19571429 -0.19571429 -0.19571429 -0.19579635 -0.34428571 -0.34428571 -0.34428571 -0.034692463 -0.032857143 -0.11800025 -0.11857143 -0.11857143 -0.11857143 0.25428571 0.25428571 0.25428571 0.25428571 0.56 0.56 0.56 0.56 0.56 0.94142857 0.94142857 0.94142857 0.94142857 0.94142835 0.83857143 0.42714286 0.42714286 0.42714286 0.42714286 0.42714273 0.36428571 0.36428571 0.36428571 0.34708576 0.31142857 0.31142857 0.31142857 0.54142856 0.54142816 0.11428571 0.11428571 0.26870732 0.26857143
-0.14285714 -0.14285714 -0.17298474 -0.19 -0.19 -0.19 -0.24277349 -0.19586285 -0.19571429 -0.19571429 -0.3442857 -0.34428571 -0.34428571 -0.34428571 -0.34428571 -0.31872534 -0.11857143 -0.11857143 -0.11857143 -0.11857143 0.25428283 0.25428571 0.25428571 0.25428571 0.56 0.56 0.56 0.56 0.56 0.61312079 0.94142857 0.94142857 0.94142857 0.83857143 0.83857143 0.83825194 0.42714286 0.42714286 0.55336604 0.65142855 0.36428571 0.36428571 0.36428571 0.34682846 0.31142857 0.31142857 0.31142857 -0.037142857 0.11239893 0.11428571 0.11428571 0.26857143 0.26857143
-0.22 -0.22 -0.22 -0.19752182 -0.18976545 -0.24285714 -0.24285714 -0.24285714 -0.24285714 -0.27 -0.27 -0.34428571 -0.34428571 -0.34428571 -0.34428571 -0.34427141 -0.11857143 -0.11857143 -0.11857143 -0.11857143 0.091582952 0.25428571 0.25428571 0.25017322 0.11775336 0.56 0.56 0.56 0.49714286 0.49714286 0.49714286 0.49714472 0.83857143 0.83857143 0.83857143 0.83857143 0.65142857 0.65142857 0.65142857 0.65142857 0.19285714 0.19285714 0.19285714 0.17714317 0.17714286 0.17714286 0.1771429 -0.037142857 -0.037142857 0.11410121 0.11428571 0.26857036 0.26857143
