interpolatedSpi/06-11|21_1.tif
NCOLS 53
NROWS 52
XLLCORNER -116.03883
YLLCORNER 28.596182
DX 0.49850594
DY 0.49788537
NODATA_VALUE -9999
[rows 0 to 27 of 52, columns 0 to 52 of 53]
-0.33714286 -0.33714286 -0.40440537 -0.35 -0.36428571 -0.56428571 -0.58 -0.61857143 -0.58150878 -0.68857143 -0.76 -0.35285714 -0.46140504 -0.17571429 -0.14571429 -0.14571429 -0.14571429 -0.15285714 -0.58714286 -0.58714286 -0.58714286 -0.58713693 0.028571418 -1.0085714 -1.0085714 -1.0085714 -0.51571155 -0.51571429 -0.51571429 -0.22 -0.22 -0.22 -0.22 -0.69857133 -0.69857143 -0.69857143 -0.69857143 -0.69857143 -0.69857143 -0.69857143 -0.73814509 -0.73848126 -0.38428571 -0.38428571 -0.38428571 -0.38428571 -0.38402205 -0.22285714 -0.22285714 -0.22285714 0.094285056 0.094285714 0.094285714
-0.33715853 -0.69 -0.34857116 -0.35223733 -0.56569776 -0.18 -0.46285714 -0.60128777 -0.96 -0.75857143 -0.54714286 -0.46142857 -0.46142857 -0.61424712 -0.17571934 -0.14571429 -0.15285714 -0.15285714 -0.58657661 -0.58714286 -0.58714286 -0.58714286 -1.0090978 -1.0085714 -1.0085714 -1.0085714 -0.89857144 -0.89857143 -0.22 -0.22 -0.22 -0.22 -0.22 -0.69857136 -0.69857143 -0.69857143 -0.69857143 -0.69857143 -0.69857143 -0.68591179 -0.61144009 -0.4118478 -0.38428571 -0.38428571 -0.38428571 -0.38428571 -0.38428571 -0.22285714 -0.22285714 -0.22285714 -0.19655935 0.094285714 0.094285714
-0.66856472 -0.66857143 -0.11285714 -0.40285714 -0.36571429 -0.53285714 -0.24142857 -0.53285714 -0.77571429 -0.65571429 -0.71571429 -0.60714286 -0.37285714 -0.22 -0.61571429 -0.74571429 -0.15285714 -0.15285714 -0.15285714 -0.55429527 -0.55428571 -0.55428571 -1.0185714 -1.0085714 -1.0085714 -1.0085714 -0.89857143 -0.89857143 -0.89857143 -0.22 -0.22 -0.22000001 -0.31765544 -0.6984133 -0.69893045 -0.73678941 -0.73714286 -0.73714286 -0.72133131 -0.61142857 -0.61142857 -0.61113811 -0.38428571 -0.38428571 -0.38428571 -0.38428571 -0.38428571 -0.22285714 -0.22285714 -0.22285714 -0.22285714 0.094285714 0.094285714
-0.20142857 -0.66857138 -0.40712491 -0.0028571429 -0.40714286 -0.38571429 -0.32428571 -0.46285714 -0.35714286 -0.53480738 -0.50714286 -0.70142857 -0.74571429 -0.22 -0.48 -0.74571429 -0.85487268 -0.85522182 -0.88 -0.55428571 -0.55428571 -0.92142857 -1.0185714 -1.0185714 -1.0085714 -1.0085709 -0.89857143 -0.89857143 -0.89857143 -0.49 -0.45316021 -0.42285714 -0.42285714 -0.42285739 -0.73714286 -0.73714286 -0.73714286 -0.73714286 -0.61142857 -0.61142857 -0.61142857 -0.61142856 -0.38428571 -0.38428571 -0.38428571 -0.38428571 -0.38428571 -0.22285918 -0.22285714 -0.22285714 -0.22285714 0.09425697 0.094285714
-0.20142857 0.032856336 -0.40714286 -0.44010131 -0.40714286 -0.34285714 -0.57284868 -0.66428571 -0.77142857 -0.4528572 -0.46165481 -0.46574518 -0.68142857 -0.48 -0.48 -0.6595172 -0.85571429 -0.85571429 -0.88 -0.88 -0.5542864 -0.92142857 -0.63285714 -0.49 -0.52 -0.51988984 -0.89857143 -0.89857143 -0.49 -0.49 -0.42285714 -0.42285714 -0.42285714 -0.45302876 -0.73714286 -0.73714286 -0.73714286 -0.61142857 -0.61142857 -0.61142857 -0.61142857 -0.61140678 -0.38428571 -0.38428571 -0.38428571 -0.38428571 -0.38428571 -0.3828488 -0.22285714 -0.22288238 -0.78571429 -0.78571429 -0.78571429
-0.98285714 -0.28571429 -0.14714286 -0.45285714 -0.43714286 -0.37 -0.54 -0.55591213 -0.19142857 -0.15 -0.42428571 -0.14857143 -0.14857178 -1.0128571 -1.0128571 -1.1726947 -1.1728571 -0.96714286 -0.96714286 -0.8799996 -0.51 -0.51 -0.49 -0.52 -0.52 -0.048571429 -0.20571429 -0.20571429 -0.52142546 -0.49 -0.42285714 -0.42285714 -0.58285714 -0.58281221 -0.15288803 -0.49714286 -0.49714286 -0.57607168 -0.61142857 -0.61142857 -0.3859958 -0.38571428 -0.38571331 -0.55409145 -0.55712375 -0.55714281 -0.55714285 -0.55714279 -0.2802577 -0.78571429 -0.78571429 -0.78571429 -0.78571429
0.24284855 -0.18142857 -0.26594322 -0.26571429 -0.33142857 -0.55428571 -0.35571428 -0.43285714 -0.57428571 -0.57428571 -0.42428571 -0.76714286 -1.0214285 -1.0128571 -0.50000154 -0.5 -1.1728571 -0.69571429 -0.42857143 -0.42857143 -0.5005747 -0.49 -0.49 -0.050000007 -0.048571429 -0.048571429 -0.20571429 -0.20571429 -0.52141733 -0.52122165 -0.18330791 -0.58285714 -0.58285714 -0.15285714 -0.15285714 -0.42945188 -0.49714286 -0.49714286 -0.4871432 -0.38571443 -0.38571429 -0.38571429 -0.38570811 -0.55713953 -0.55714286 -0.55714286 -0.55714286 -0.55714264 -0.19571429 -0.78559736 -0.78571429 -0.78571429 -0.78571429
0.24285714 0.19571429 -0.097142857 -0.63857143 -0.62285804 -0.52714286 -0.28714286 -0.77142857 -0.60857143 -0.58714286 -0.58714286 -0.78 -1.0214286 -1.0214286 -0.50357748 -0.83958224 -0.87285714 -0.44571429 -0.53857132 -0.42857143 -0.51833074 -0.54428571 -0.07 0.058571428 0.058571318 0.05 -0.33857143 -0.33857138 -0.32924723 -0.32857143 -0.18285714 -0.44760304 -0.51571429 -0.15285714 -0.15505735 -0.37285714 -0.37285714 -0.48714286 -0.48714286 -0.38571429 -0.38571429 -0.38571428 0.039830631 0.03999997 -0.55714286 -0.55714286 -0.55714286 -0.19572804 -0.19571429 -0.19571429 -0.78571429 -0.78571429 -0.78571429
0.16363729 0.19571429 0.40714286 -0.32571429 -0.20142857 -0.29285714 -0.37142857 -0.45142857 -0.55571429 -0.43495945 -0.49 -0.58142857 -0.58142857 -0.42142857 -0.42142721 -0.442631 -0.44142857 -0.44142857 -0.45988907 -0.29142856 -0.23857143 -0.23857143 -0.031428571 -0.054799633 0.050863774 0.05 -0.44142857 -0.33857143 -0.26755793 -0.26714286 -0.42857143 -0.29285714 -0.16190847 -0.34142857 -0.23 -0.22714286 -0.37285714 -0.72571429 -0.52009499 -0.38390965 0.018571429 0.07 0.040001164 0.04 0.036638957 -0.55714286 -0.67571428 -0.19571429 -0.19571429 -0.19571429 -0.19571429 -0.8054576 -0.34142857
-0.015714286 -0.015714286 0.64428571 0.39 -0.21142857 -0.35 -0.46285714 -0.13285714 -0.23142857 -0.40428324 -0.60285714 -0.13285714 -0.42142857 -0.42142857 -0.27714286 -0.27939611 -0.44142857 -0.44136292 -0.16428571 -0.29142857 -0.29142857 -0.2846188 -0.031428571 -0.1514263 -0.15142857 -0.15142857 -0.44142857 0.085714285 0.085714286 -0.26714286 -0.26714286 -0.29236402 -0.032857143 -0.34142857 0.082857143 -0.22714286 -0.37285714 -0.33714286 -0.52 -0.27686258 0.069999998 0.061603671 0.047142857 0.04 0.04 -0.67571429 -0.67571429 -0.67571429 -0.19571429 -0.19571429 -0.94428571 -0.94428571 -0.94428549
-0.015714286 -0.015714286 0.11857143 -0.30714286 -0.80571429 -0.18428571 -0.62714286 -0.90691139 -0.78 -0.61428571 -0.51714286 -0.73571429 -0.13366015 -0.27714286 -0.27714286 -0.27711682 -0.051428571 -0.057351844 -0.16428571 -0.54 -0.54 -0.26571429 -0.26571429 -0.15142857 -0.15142857 -0.15142857 0.085714286 0.085714286 0.085714286 0.094285714 0.094285714 0.094285505 -8.2988888e-13 3.1720658e-17 -0.12571429 -0.20285714 0.064285714 -0.43999305 -0.56571429 -0.27285714 -0.27285714 -0.22428482 0.047142857 0.04 -0.27857148 -0.43285714 -0.47230838 -0.47142857 -0.44142857 -0.44142857 -0.94428571 -0.94428571 -0.94428571
-0.015714286 0.042146109 -0.063096041 -0.38285067 -0.31428571 -0.68285714 -0.62714286 -0.90714286 -0.78000106 -0.61612163 -0.73571413 -0.73571429 -0.56285714 -0.27714286 -0.27714286 -0.051428579 -0.051428571 -0.051434995 -0.16428571 -0.54 -0.48613587 -0.26571429 -0.26571429 -0.15143376 -0.15142857 -0.14250618 -0.12428571 -0.12428571 -0.12428569 0.094285714 0.094285714 -0.08 -0.08 -3.4467328e-07 -0.12571429 -0.14142862 0.11445341 -0.44 -0.44 -0.27285714 -0.22428571 -0.22428571 -0.22428606 -0.27857143 -0.27857143 -0.43285714 -0.47142857 -0.47142857 -0.44142857 -0.44142857 -0.94428571 -0.94428571 -0.94428571
-0.35285714 -0.1382986 -0.15429094 -0.15594085 -0.31428771 -0.68284844 -0.62714286 -0.90369622 -0.78876144 -0.77567276 -0.56285714 -0.56285714 -0.56285714 -0.56285714 -0.27718333 -0.051428572 -0.051428571 -0.052885737 -0.16428571 -0.5400968 -0.88285714 -0.88285714 -0.88285714 -0.88285714 -0.16377624 -0.12428571 -0.12428571 -0.12428571 -0.12428571 -0.12417086 -0.08 -0.08 -0.08 -0.08 -0.14142857 -0.14142857 -0.14142857 -0.42465055 -0.43973177 -0.40428571 -0.40428571 -0.2242954 -0.67284365 -0.27860941 -0.27857143 -0.43285714 -0.47142857 -0.47142857 -0.44142857 -0.44142857 -0.9424614 -0.94428571 -0.45790734
-0.35285714 -0.15428571 -0.15428571 -0.15428571 -0.15428571 -0.15428593 -0.6272854 -0.75961194 -0.81213613 -0.56308691 -0.56285714 -0.56285714 -0.56285714 -0.56285714 -0.56285734 -0.051428575 -0.051428589 -0.059169801 -0.16428647 -0.88285714 -0.88285714 -0.88285714 -0.88285714 -0.88285714 -0.86812388 -0.15848817 -0.16999999 -0.17 -0.17 -0.17 -0.079999998 -0.08 -0.07999995 -0.038571429 -0.038571429 -0.14142857 -0.1178182 -0.11714286 -0.40428555 -0.40428571 -0.40428571 -0.40428571 -0.67285714 -0.67285714 -0.67285714 -0.67118696 -0.76804938 -0.77 -0.77 -0.77 -0.76999999 -0.26142871 -0.26142857
-0.65714286 -0.15428571 -0.15428571 -0.15428571 -0.15428571 -0.15428571 -0.15428575 -0.60480721 -0.83547315 -0.83571429 -0.83571429 -0.83571429 -0.83571429 -0.83571429 -0.83571428 -0.86781112 -0.064406267 -0.066882713 -0.88276676 -0.88285714 -0.88285714 -0.88285714 -0.88285714 -0.88285668 -0.20142857 -0.20142857 -0.20142853 -0.17 -0.17 -0.16955946 0.05 0.05 -0.038571429 -0.038571429 -0.038571429 -0.10455649 -0.11714286 -0.11714286 -0.11714286 -0.40428571 -0.40428571 -0.40428571 -0.67285714 -0.67285714 -0.67285714 -0.67285714 -0.77 -0.77 -0.77 -0.77 -0.77 -0.26142857 -0.26142857
-0.65714286 -0.46993486 -0.15428571 -0.15428571 -0.15428571 -0.15428571 -0.38566886 -0.38571429 -0.3857143 -0.83571429 -0.83571429 -0.83571429 -0.83571429 -0.83571429 -0.8429628 -0.86857143 -0.86857143 -0.86857143 -0.48834836 -0.48714326 -0.48714286 -0.48714286 -0.48714286 -0.48714286 -0.20142857 -0.20142857 -0.20142857 -0.20142857 -0.17 0.05 0.05 0.05 -0.038571421 -0.038571429 -0.038571429 0.054285714 -0.11691588 -0.11714286 -0.11714286 -0.4042458 -0.32479178 -0.13936559 -0.67285714 -0.67285714 -0.6899471 -0.69 -0.69 -0.76944386 -0.43261173 -0.4314286 -0.43142864 -0.10859465 -0.26142826
-0.65714286 -0.39300411 -0.27139923 -0.15428571 -0.15428571 -0.38557755 -0.38571429 -0.38571429 -0.38571429 -0.38895711 -0.83571429 -0.83571429 -0.83571429 -0.83571429 -0.86857143 -0.86857143 -0.86857143 -0.86857143 -0.48748358 -0.48714286 -0.48714286 -0.48714286 -0.48714286 -0.48714286 -0.20142858 -0.20142857 -0.20142857 -0.20142857 -0.20051404 0.05 0.05 0.05 0.077142856 -0.03855919 0.054285714 0.054285714 0.054285714 0.05639295 -0.13720261 -0.13857143 -0.13857143 -0.13857143 -0.59 -0.59 -0.69 -0.69 -0.69 -0.43142857 -0.43142857 -0.43142857 -0.43142857 -0.10857143 -0.10857143
-0.38587949 -0.38571429 -0.38571429 -0.38571429 -0.34285714 -0.38571318 -0.38571429 -0.38571429 -0.38571429 -0.38571429 -0.8045656 -0.83570892 -0.83571427 -0.86857143 -0.86857143 -0.86857143 -0.86857143 -0.86857143 -0.82216586 -0.48714286 -0.48714286 -0.48714286 -0.48714286 -0.48714286 -0.32933821 -0.29285665 -0.29285714 -0.29285714 -0.29285714 0.050000001 0.077142857 0.077142857 0.077142857 0.077142857 0.054285714 0.054290793 0.24714286 0.24714286 -0.13375521 -0.13857143 -0.13857143 -0.13857143 -0.59 -0.59 -0.67451656 -0.69 -0.69 -0.43142857 -0.43142857 -0.43142857 -0.4279667 -0.10857143 -0.10857143
-0.38571429 -0.38571429 -0.38571429 -0.36553222 -0.34285714 -0.34285714 -0.38571429 -0.38571429 -0.38571429 -0.38571429 -0.42428571 -0.42428571 -0.42428571 -0.86857143 -0.86857143 -0.86857143 -0.86857143 -0.86848762 -0.60714286 -0.60714286 -0.48714291 -0.48714286 -0.48731676 -0.49428571 -0.49247234 -0.29285714 -0.29285714 -0.29285714 -0.29285714 0.077105182 0.077142857 0.077142857 0.077142857 0.077142857 0.24714218 0.24714286 0.24714286 0.24714286 0.24576778 -0.13857143 -0.13857143 -0.13857143 -0.59 -0.59 -0.59 -0.69 -0.69 -0.43142857 -0.43142857 -0.43142857 -0.10857143 -0.10857143 -0.10857143
-0.38571429 -0.38571429 -0.38571429 -0.34285714 -0.34285714 -0.34285714 -0.34285721 -0.38571429 -0.38571429 -0.4242459 -0.42428571 -0.42428571 -0.42428571 -0.42456252 -0.45807863 -0.36142857 -0.36142857 -0.36142857 -0.60714286 -0.60714286 -0.60714286 -0.49428571 -0.49428571 -0.49428571 -0.49421168 -0.25988704 -0.29285714 -0.29285714 -0.29285714 -0.052209415 -0.071413959 -0.071428571 -0.071428571 -0.071428571 0.11325672 -0.074284984 -0.074285714 -0.074285714 -0.074285714 -0.21284698 -0.21285714 -0.21285714 -0.59 -0.59 -0.29000125 -0.28999992 -0.075714286 -0.075714286 0.0042857143 0.0042857143 0.0042857143 -0.10857143 0.084113277
-0.38571218 -0.38571429 -0.38571428 -0.34285714 -0.34285714 -0.34285714 -0.34285714 -0.10000008 -0.38457189 -0.42398389 -0.42428571 -0.42428571 -0.42428571 -0.42416237 -0.36142857 -0.36142857 -0.36142857 -0.36142864 -0.60714286 -0.60714286 -0.60714286 -0.49428571 -0.49428571 -0.49428571 -0.23 -0.23 -0.23 -0.23 -0.23 -0.22913494 -0.071428571 -0.071428571 -0.071428571 -0.071428571 -0.072856417 -0.074285714 -0.074285714 -0.074285714 -0.074285714 -0.21285714 -0.21285714 -0.21285714 -0.21528435 -0.29 -0.29 -0.29 -0.075714286 -0.075714286 0.0042857142 0.0042857143 0.0042857143 0.084285712 0.084285714
0.29428571 -0.028171502 -0.31857143 -0.31857847 -0.34285714 -0.10140516 -0.1 -0.1 -0.089589182 -0.091428571 -0.091428571 -0.091428571 -0.091428571 0.077137369 0.077142855 -0.36142823 -0.36142857 -0.36790278 -0.60714286 -0.60714286 -0.60714286 0.074285714 0.074285714 0.074285714 -0.23 -0.23 -0.23 -0.23 -0.23 -0.22999999 -0.20999912 -0.20999961 -0.074911356 -0.07157713 -0.43244285 -0.43285714 -0.43285714 -0.43285714 -0.43285714 -0.21285714 -0.21285714 -0.21285714 -0.28575225 -0.29 -0.29 -0.28999996 -0.075714286 -0.075714286 -0.075711406 0.0042857143 0.0042749824 -0.23571429 0.084285714
0.055759591 0.055714221 -0.31857143 -0.31857143 -0.31857143 -0.1 -0.1 -0.1 -0.071428571 -0.071428571 -0.091428571 -0.091428571 -0.091428571 0.077142857 0.077142857 0.077142857 0.077142857 0.077065251 -0.60714286 -0.60714286 -0.60714283 0.074285714 0.074285714 0.074285714 -0.23 -0.23 -0.23 -0.23 -0.23 -0.2102255 -0.21 -0.21 -0.21 -0.21 -0.43274718 -0.43285714 -0.43285714 -0.43285714 -0.43285714 -0.17428572 -0.17428571 -0.17428571 -0.17428571 -0.28999828 -0.065714286 -0.065714286 -0.065714286 -0.12 -0.12 -0.12 -0.23571429 -0.23571429 -0.23571429
0.055714286 0.055714286 -0.31857143 -0.31857143 -0.31857143 -0.10114885 -0.1 -0.071428571 -0.071428571 -0.071428571 -0.091426109 -0.091428571 0.0346421 0.077142854 0.077142857 0.077142857 0.077142857 0.062857143 0.062857143 0.062857143 -0.25428571 -0.25428547 0.074284114 0.074285714 0.073952126 -0.34428571 -0.34428571 -0.34428544 -0.23001847 -0.13572909 -0.13571468 -0.13572726 -0.20987304 -0.20993589 -0.39311715 -0.43285706 -0.43213424 -0.21714286 -0.21714286 -0.17428571 -0.17428571 -0.17428571 -0.17428571 -0.065714286 -0.065714286 -0.065714286 -0.065714286 -0.12 -0.12 -0.12 -0.23571429 -0.23571429 -0.23571429
0.055714286 0.055714286 -0.31857143 -0.31857143 -0.31857143 -0.31857143 -0.089306549 -0.071428571 -0.071428571 -0.071428571 -0.071354394 0.062857143 0.062857143 0.062857143 0.077058668 0.077142857 0.062952339 0.062857143 0.062857143 0.062857143 -0.25428571 -0.25428571 -0.25428571 -0.25428571 -0.34428571 -0.34428571 -0.34428571 -0.34428571 -0.34428571 -0.13571429 -0.13571429 -0.13571429 -0.13571429 -0.13571448 -0.22857143 -0.21714286 -0.21714286 -0.21714286 -0.21714286 -0.21714228 -0.042857143 -0.042857143 -0.042857143 -0.092598182 -0.19571429 -0.19571429 -0.19571429 -0.12 -0.12000018 -0.31 -0.31 -0.35140042 -0.35142857
0.055714286 0.055714286 -0.18348057 -0.31857143 -0.31857143 -0.31857142 -0.13987832 -0.071644671 -0.071428571 -0.071428571 0.062857163 0.062857143 0.062857143 0.062857143 0.062857143 0.064028097 0.062857143 0.062857143 0.062857143 0.062857143 -0.25428326 -0.25428571 -0.25428571 -0.25428571 -0.34428571 -0.34428571 -0.34428571 -0.34428571 -0.34428571 -0.24444644 -0.13571429 -0.13571429 -0.13571429 -0.22857143 -0.22857143 -0.22856255 -0.21714286 -0.21714286 -0.12388242 -0.051428586 -0.042857143 -0.042857143 -0.042857143 -0.090676848 -0.19571429 -0.19571429 -0.19571429 0.14714286 -0.30430404 -0.31 -0.31 -0.35142857 -0.35142857
-0.11428571 -0.11428571 -0.11428571 -0.26735138 -0.31835649 -0.14 -0.14 -0.14 -0.14 0.15714285 0.15714286 0.06285715 0.062857143 0.062857143 0.062857143 0.062857142 0.062857143 0.062857143 0.062857143 0.062857143 -0.11589486 -0.25428571 -0.25428571 -0.262249 -0.54902952 -0.34428571 -0.34428571 -0.34428571 -0.28285714 -0.28285714 -0.28285714 -0.28285653 -0.22857143 -0.22857143 -0.22857143 -0.22857143 -0.051428571 -0.051428571 -0.051428571 -0.051428571 0.064285714 0.064285714 0.064285714 0.16856933 0.16857143 0.16857143 0.16857131 0.14714286 0.14714286 -0.309443 -0.31 -0.35142584 -0.35142857
-0.11428571 -0.11428571 -0.11428571 -0.11428887 -0.17285714 -0.16807917 -0.14 -0.14 -0.14 0.15714286 0.15714286 0.15714286 0.04857143 0.048571429 0.048571429 0.048571425 0.062532648 0.062857143 0.062857143 0.062857143 0.058031517 -0.55857059 -0.55857143 -0.55857143 -0.55857143 -0.55857143 -0.65571428 -0.65571429 -0.28285714 -0.28285714 -0.28285714 -0.28285714 -0.22857121 -0.22857143 -0.22857143 -0.22854653 -0.051428576 -0.051428571 -0.051428571 -0.052086596 0.064285714 0.064285714 0.064285714 0.16856659 0.16857143 0.16857143 0.16857143 0.14714286 0.14714286 0.14714286 0.19 0.19 0.28428571
