interpolatedSpi/06-11|22_2.tif
NCOLS 53
NROWS 52
XLLCORNER -116.03883
YLLCORNER 28.596182
DX 0.49850594
DY 0.49788537
NODATA_VALUE -9999
[rows 0 to 30 of 52, columns 0 to 52 of 53]
-0.51 -0.51 -0.84109828 -1.12 -0.84333333 -0.62166667 -0.86833333 -0.91666667 -0.89106778 -0.51666667 -0.825 -0.38166667 -0.67498833 -0.53333333 -0.59333333 -0.59333333 -0.59333333 0.11833333 0.08 0.08 0.08 0.079993627 -0.58166666 0.023333333 0.023333333 0.023333333 -0.62166473 -0.62166667 -0.62166667 -0.615 -0.615 -0.615 -0.615 -0.14833343 -0.14833333 -0.14833333 -0.14833333 -0.14833333 -0.14833333 -0.14833331 0.80473449 0.81467538 -0.46 -0.46 -0.46 -0.46 -0.45936844 -0.073333333 -0.073333333 -0.073333333 -0.26166628 -0.26166667 -0.26166667
-0.51001229 -0.78666667 -0.82999994 -0.79631953 -0.64699268 -0.81833333 -0.88833333 -0.47551514 -0.67833333 -0.74833333 -0.67 -0.675 -0.675 -0.10975048 -0.53332873 -0.59333333 0.11833333 0.11833333 0.080049982 0.08 0.08 0.08 0.0038576093 0.023333333 0.023333333 0.023333333 -0.67833329 -0.67833333 -0.615 -0.615 -0.615 -0.615 -0.615 -0.1483334 -0.14833333 -0.14833333 -0.14833333 -0.14833333 -0.14833331 -0.025560599 0.61827581 -0.32915307 -0.46 -0.46 -0.46 -0.46 -0.46 -0.073333333 -0.073333333 -0.073333333 -0.088950114 -0.26166667 -0.26166667
-0.53498236 -0.535 -0.78 -0.345 -0.59166667 -0.61 -0.575 -0.425 -1.0733333 -0.51 -0.77666667 -0.84166667 -0.90333333 0.195 -0.10833333 -0.40833333 0.11833333 0.11833333 0.11833333 0.13165165 0.13166667 0.13166667 -0.34666667 0.023333333 0.023333333 0.023333333 -0.67833333 -0.67833333 -0.67833333 -0.615 -0.615 -0.615 -0.59975566 -0.14797356 -0.14493596 0.213322 0.21666667 0.21666667 0.26718575 0.61833333 0.61833333 0.61695442 -0.46 -0.46 -0.46 -0.46 -0.46 -0.073333333 -0.073333333 -0.073333333 -0.073333334 -0.26166667 -0.26166667
-0.29 -0.53499992 -0.12340048 0.098333333 -0.77166667 -0.305 -0.56666667 -0.79 -0.46833333 -0.3302992 -0.35333333 -0.25166667 -0.34166667 0.195 -0.5 -0.40833333 -0.66634409 -0.66778215 -1.3083333 0.13166667 0.13166667 -0.675 -0.34666667 -0.34666667 0.023333333 0.023329829 -0.67833333 -0.67833333 -0.67833333 -0.91833333 -0.73452629 -0.58333333 -0.58333333 -0.5833327 0.21666667 0.21666667 0.21666667 0.21666667 0.61833333 0.61833333 0.61833333 0.61833329 -0.46 -0.46 -0.46 -0.46 -0.46 -0.073338211 -0.073333333 -0.073333333 -0.073333333 -0.26166667 -0.26166667
-0.29 0.23333268 -0.12333333 -0.097498225 -0.77166667 -0.68666667 -0.44666609 0.335 -0.43666667 0.37666638 0.060430563 -0.09001122 -0.16833333 -0.5 -0.5 -0.44275094 -0.66833333 -0.66833333 -1.3083333 -1.3083333 0.13166499 -0.675 0.43833333 -0.13833333 -0.45833333 -0.45811784 -0.67833333 -0.67833333 -0.91833333 -0.91833333 -0.58333333 -0.58333333 -0.58333333 -0.49941811 0.21666667 0.21666667 0.21666667 0.61833333 0.61833333 0.61833333 0.61833333 0.61825531 -0.46 -0.46 -0.46 -0.46 -0.46 -0.45655819 -0.073333333 -0.073341778 -0.26166667 -0.26166667 -0.26166667
-1.65 -0.29666667 -0.12500002 -0.31666667 -0.31 -0.335 -0.44166667 -0.34223109 0.06 -0.60166667 -0.81666667 -0.165 -0.165 -0.17333333 -0.17333333 -0.57162321 -0.57166667 -0.68333333 -0.68333334 -1.3083324 -1.3066667 -1.3066667 -0.13833333 -0.45833333 -0.45833333 0.46333333 -0.26166667 -0.26166667 -0.10340783 -0.91833333 -0.58333333 -0.58333333 -0.13833333 -0.13826803 0.48662195 0.64666667 0.64666667 0.6270989 0.61833333 0.61833333 -0.18899183 -0.19 -0.18999729 -0.45508826 -0.45500055 -0.455 -0.455 -0.455 -0.38765354 -0.26166667 -0.26166667 -0.26166667 -0.26166667
-1.4416665 -0.073333333 0.20410977 0.15333333 -0.14333333 -0.49333333 -0.028333333 0.088333333 0.026666667 0.026666667 -0.81666667 -0.23333333 -0.80333323 -0.17333333 -0.39166601 -0.39166667 -0.57166667 -0.29666667 -0.19833333 -0.19833333 -1.0301913 -0.72 -0.72 0.22666666 0.46333333 0.46333333 -0.26166667 -0.26166667 -0.1033547 -0.10372674 0.073319315 -0.13833333 -0.13833333 0.48666667 0.48666667 0.71383894 0.64666667 0.64666667 0.32001132 -0.18999929 -0.19 -0.19 -0.18998548 -0.45499858 -0.455 -0.455 -0.455 -0.45499998 -0.42 -0.26169804 -0.26166667 -0.26166667 -0.26166667
-1.4416667 -0.063333333 0.41166667 -0.255 0.064981655 -0.16 -0.023333333 0.28833333 -0.19 0.023333333 0.023333333 -0.445 -0.80333333 -0.80333333 -0.39449108 -0.77570252 -0.81333333 -0.19333333 -0.60166625 -0.19833333 -0.053581719 -0.01 -0.52 0.14166666 0.14166226 -0.2 -0.205 -0.20500002 -0.46871515 -0.46999999 0.075 -0.039046246 0.25666667 0.48666667 0.48695188 0.77 0.77 0.32 0.32 -0.19 -0.19 -0.18999998 -0.19736164 -0.20000001 -0.455 -0.455 -0.455 -0.42000133 -0.42 -0.42 -0.26166667 -0.26166667 -0.26166667
-0.20442879 -0.063333337 0.10666667 0.24833333 0.335 0.15 0.30166667 0.775 0.13666667 0.12204698 -0.115 -0.50499999 -0.505 0.28166667 0.28166079 -1.1623579 -1.1633333 -1.1633333 -0.25566605 -0.25500006 -0.52333333 -0.52333333 0.01 -0.31113571 -0.16556902 -0.2 -0.045 -0.205 -0.20334302 -0.20333333 -0.12166667 0.885 0.33349851 0.081666667 0.49666667 0.55 0.66833333 -0.071666667 0.856238 -0.18496338 0.93833333 0.21833334 -0.19990666 -0.2 -0.20143528 -0.455 -0.20333335 -0.42 -0.42 -0.42 -0.42 -0.30026397 -0.595
-0.99333333 -0.99333333 0.355 0.38 0.18666667 0.795 0.49166667 0.505 0.17333333 0.11835474 0.36166667 0.555 0.28166667 0.28166667 -0.34333333 -0.35458 -1.1633333 -1.1630948 -0.098333333 -0.255 -0.255 -0.28957034 0.01 -0.12166417 -0.12166667 -0.12166667 -0.045 0.38833333 0.38833333 -0.20333333 -0.20333333 0.88292321 -0.21 0.081666667 0.11666667 0.55 0.66833333 0.83833333 0.85666667 0.092587386 0.21833337 0.27527094 0.37333333 -0.2 -0.2 -0.20333333 -0.20333333 -0.20333333 -0.42 -0.42 -0.57166667 -0.57166667 -0.57166668
-0.99333333 -0.99333333 -0.25833333 -0.43166667 -0.076666667 0.18833333 0.265 0.50011771 0.77166667 0.58166667 0.14 0.15666667 0.5544693 -0.34333333 -0.34333333 -0.34332487 -0.27 -0.26099013 -0.098333333 -0.3 -0.3 -0.395 -0.395 -0.12166667 -0.12166667 -0.12166667 0.38833333 0.38833333 0.38833333 -0.725 -0.725 -0.72499915 -0.18333333 -0.18333333 -0.22166667 -0.69166667 0.455 0.25833437 0.39333333 0.08 0.08 -0.15666492 0.37333333 -0.2 -0.093333655 -0.49833333 0.022357133 0.023333333 0.0083333333 0.0083333333 -0.57166667 -0.57166667 -0.57166667
-0.99333333 -0.67597527 -0.33230085 -0.42166059 0.355 0.19 0.265 0.5 0.7716644 0.58377164 0.15666722 0.15666667 0.075 -0.34333333 -0.34333333 -0.27 -0.27 -0.26999023 -0.098333333 -0.3 -0.31865607 -0.395 -0.395 -0.12167737 -0.12166667 -0.13371972 -0.15833333 -0.15833333 -0.15833326 -0.725 -0.725 -0.535 -0.535 -0.18333344 -0.22166667 -0.26166661 0.44297291 0.25833333 0.25833333 0.079999992 -0.15666667 -0.15666667 -0.15666613 -0.093333333 -0.093333333 -0.49833333 0.023333333 0.023333333 0.0083333333 0.0083333333 -0.57166667 -0.57166667 -0.57166667
0.02 0.0035177771 0.028316405 0.025083479 0.35499901 0.1900039 0.265 0.49710729 0.75294605 0.76670526 0.075 0.075 0.075 0.075 -0.34327407 -0.27 -0.27 -0.26778351 -0.098333333 -0.2999346 -0.078333333 -0.078333333 -0.078333333 -0.078333333 -0.12096479 -0.15833333 -0.15833333 -0.15833333 -0.15833333 -0.15873211 -0.535 -0.535 -0.535 -0.535 -0.26166667 -0.26166667 -0.26166667 0.23340255 0.25191182 -0.59666667 -0.59666667 -0.15669033 -0.40498933 -0.093363352 -0.093333333 -0.49833333 0.023333333 0.023333333 0.0083333339 0.0083333333 -0.56956249 -0.57166667 -0.24931429
0.02 0.028333333 0.028333333 0.028333333 0.028333333 0.028333403 0.26480803 0.37622851 0.70300117 0.075745576 0.075 0.075 0.075 0.075 0.075000267 -0.27 -0.26999997 -0.25822484 -0.098335661 -0.078333333 -0.078333333 -0.078333333 -0.078333333 -0.078333333 -0.081720316 -0.31046779 -0.40499995 -0.405 -0.405 -0.405 -0.535 -0.535 -0.53500036 -0.83333333 -0.83333333 -0.26166667 -0.72183742 -0.735 -0.59666675 -0.59666667 -0.59666667 -0.59666667 -0.405 -0.405 -0.405 -0.40564951 0.097737011 0.098333333 0.098333333 0.098333333 0.098333332 0.44666646 0.44666667
0.385 0.028333333 0.028333333 0.028333333 0.028333333 0.028333333 0.028333348 0.20001494 0.45262249 0.45166667 0.45166667 0.45166667 0.45166667 0.45166667 0.45166666 0.16418944 -0.26318729 -0.246493 -0.078335906 -0.078333333 -0.078333333 -0.078333333 -0.078333333 -0.078333147 -0.235 -0.235 -0.23500024 -0.405 -0.405 -0.40528702 -0.54833333 -0.54833333 -0.83333333 -0.83333333 -0.83333333 -0.75075193 -0.735 -0.735 -0.735 -0.59666667 -0.59666667 -0.59666667 -0.405 -0.405 -0.405 -0.405 0.098333322 0.098333333 0.098333333 0.098333333 0.098333333 0.44666667 0.44666667
0.385 0.25221705 0.028333333 0.028333333 0.028333333 0.028333333 -0.10164115 -0.10166667 -0.10166665 0.45166667 0.45166667 0.45166667 0.45166667 0.45166667 0.38695528 0.15833333 0.15833333 0.15833333 0.081179609 0.081666503 0.081666667 0.081666667 0.081666667 0.081666667 -0.235 -0.235 -0.235 -0.235 -0.405 -0.54833333 -0.54833333 -0.54833333 -0.83333331 -0.83333333 -0.83333333 -0.73166667 -0.73499559 -0.735 -0.735 -0.59670142 -0.66597455 -0.82764093 -0.405 -0.405 -0.56284471 -0.56333333 -0.56333333 0.096874556 -0.78523483 -0.78833326 -0.78833317 -0.56318051 0.44666461
0.385 -0.18266654 -0.086370435 0.028333333 0.028333333 -0.10158986 -0.10166667 -0.10166667 -0.10166667 -0.097679188 0.45166667 0.45166667 0.45166667 0.45166663 0.15833333 0.15833333 0.15833333 0.15833333 0.081735151 0.081666667 0.081666667 0.081666667 0.081666667 0.081666667 -0.23499999 -0.235 -0.235 -0.235 -0.2361397 -0.54833333 -0.54833333 -0.54833333 -0.43833334 -0.83331346 -0.73166667 -0.73166667 -0.73166667 -0.73152035 -0.8224213 -0.82833333 -0.82833333 -0.82833333 -0.88166667 -0.88166667 -0.56333333 -0.56333333 -0.56333333 -0.78833333 -0.78833333 -0.78833333 -0.78833333 -0.56333333 -0.56333333
-0.19792065 -0.19833333 -0.19833333 -0.19833333 -0.34166667 -0.10167286 -0.10166667 -0.10166667 -0.10166667 -0.10166667 0.46529393 0.45166901 0.45166667 0.15833333 0.15833333 0.15833333 0.15833333 0.15833333 0.13990781 0.081666667 0.081666667 0.081666667 0.081666667 0.081666667 -0.24871254 -0.53999835 -0.54 -0.54 -0.54 -0.54833333 -0.43833334 -0.43833333 -0.43833333 -0.43833333 -0.73166667 -0.73166632 -0.71833333 -0.71833333 -0.82695982 -0.82833333 -0.82833333 -0.82833333 -0.88166667 -0.88166667 -0.61262229 -0.56333333 -0.56333333 -0.78833333 -0.78833333 -0.78833333 -0.78592075 -0.56333333 -0.56333333
-0.19833333 -0.19833333 -0.19833333 -0.26583114 -0.34166667 -0.34166667 -0.10166667 -0.10166667 -0.10166667 -0.10166667 0.63166667 0.63166667 0.63166667 0.15833333 0.15833333 0.15833333 0.15833333 0.15830937 -0.038333333 -0.038333333 0.081666618 0.081666667 0.071482011 -0.33666667 -0.33849719 -0.54 -0.54 -0.54 -0.54 -0.43834369 -0.43833333 -0.43833333 -0.43833333 -0.43833333 -0.71833338 -0.71833333 -0.71833333 -0.71833333 -0.71871619 -0.82833333 -0.82833333 -0.82833333 -0.88166667 -0.88166667 -0.88166667 -0.56333333 -0.56333333 -0.78833333 -0.78833333 -0.78833333 -0.56333333 -0.56333333 -0.56333333
-0.19833333 -0.19833333 -0.19833333 -0.34166667 -0.34166667 -0.34166667 -0.3416663 -0.10166667 -0.10166667 0.63090966 0.63166667 0.63166667 0.63166667 0.63137176 0.040967084 0.013333333 0.013333333 0.013333333 -0.038333333 -0.038333333 -0.038333333 -0.33666667 -0.33666667 -0.33666667 -0.33670168 -0.49891226 -0.54 -0.54 -0.54 -0.41221626 -0.40333678 -0.40333333 -0.40333333 -0.40333333 -0.6888524 -0.64833349 -0.64833333 -0.64833333 -0.64833333 -0.98831144 -0.98833333 -0.98833333 -0.88166667 -0.88166667 -0.88666665 -0.8866665 -0.42833333 -0.42833333 -0.49 -0.49 -0.49 -0.56333333 0.054447135
-0.19833339 -0.19833333 -0.19833334 -0.34166667 -0.34166667 -0.34166667 -0.34166666 -0.070000009 -0.10154005 0.63119212 0.63166667 0.63166667 0.63166667 0.63045333 0.013333333 0.013333333 0.013333333 0.013333318 -0.038333333 -0.038333333 -0.038333333 -0.33666667 -0.33666667 -0.33666667 -0.46166667 -0.46166667 -0.50333333 -0.50333333 -0.50333333 -0.5027878 -0.40333333 -0.40333333 -0.40333333 -0.40333333 -0.52576611 -0.64833333 -0.64833333 -0.64833333 -0.64833333 -0.98833333 -0.98833333 -0.98833333 -0.98513451 -0.88666667 -0.88666667 -0.88666667 -0.42833333 -0.42833333 -0.49 -0.49 -0.49 0.054999982 0.055
-0.21666667 -0.21060934 -0.285 -0.28501644 -0.34166667 -0.071571854 -0.07 -0.07 -0.025059969 0.10833333 0.10833333 0.10833333 0.10833333 0.12999929 0.13 0.013333423 0.013333333 0.011971993 -0.038333333 -0.038333333 -0.038333333 -0.58333333 -0.58333333 -0.58333333 -0.46166667 -0.46166667 -0.50333333 -0.50333333 -0.50333333 -0.5033335 -0.73333124 -0.73333241 -0.41162739 -0.40368712 -0.93605757 -0.93666667 -0.93666667 -0.93666667 -0.93666667 -0.98833333 -0.98833333 -0.98833333 -0.89226474 -0.88666667 -0.88666667 -0.88666664 -0.42833333 -0.42833333 -0.42833555 -0.49 -0.48998271 -0.10333333 0.055
-0.27165622 -0.27166667 -0.285 -0.285 -0.285 -0.07 -0.07 -0.07 0.053333333 0.053333333 0.10833333 0.10833333 0.10833333 0.13 0.13 0.13 0.13 0.12998088 -0.038333333 -0.038333333 -0.038333354 -0.58333333 -0.58333333 -0.58333333 -0.46166667 -0.46166667 -0.50333333 -0.50333333 -0.50333333 -0.73074007 -0.73333333 -0.73333333 -0.73333333 -0.73333333 -0.93656633 -0.93666667 -0.93666667 -0.93666667 -0.93666667 -0.96833334 -0.96833333 -0.96833333 -0.96833333 -0.88666548 -0.73166667 -0.73166667 -0.73166667 -0.24333333 -0.24333333 -0.24333333 -0.10333333 -0.10333333 -0.10333333
-0.27166667 -0.27166667 -0.285 -0.285 -0.285 -0.071130078 -0.07 0.053333333 0.053333333 0.053333333 0.10832656 0.10833333 -0.027854121 0.12999996 0.13 0.13 0.13 -0.12833333 -0.12833333 -0.12833333 -0.76666666 -0.76666653 -0.58333423 -0.58333333 -0.58349284 -0.91 -0.91 -0.90999903 -0.50339905 -1.1199229 -1.1199979 -1.1199325 -0.73399419 -0.73366702 -0.90070287 -0.93666674 -0.93732016 -1.1316667 -1.1316667 -0.96833333 -0.96833333 -0.96833333 -0.96833333 -0.73166667 -0.73166667 -0.73166667 -0.73166667 -0.24333333 -0.24333333 -0.24333333 -0.10333333 -0.10333333 -0.10333333
-0.27166667 -0.27166667 -0.285 -0.285 -0.285 -0.285 -0.023839936 0.053333333 0.053333333 0.053333333 0.053271651 -0.058333333 -0.058333333 -0.058333333 0.12889011 0.13 -0.12661186 -0.12833333 -0.12833333 -0.12833333 -0.76666667 -0.76666667 -0.76666667 -0.76666667 -0.91 -0.91 -0.91 -0.91 -0.91 -1.12 -1.12 -1.12 -1.12 -1.1199996 -0.91 -1.1316667 -1.1316667 -1.1316667 -1.1316667 -1.1316661 -0.97666667 -0.97666667 -0.97666667 -0.86928056 -0.64666667 -0.64666667 -0.64666667 -0.24333334 -0.24333348 -0.395 -0.395 -0.028351579 -0.028333333
-0.27166667 -0.27166667 -0.2801876 -0.285 -0.285 -0.28499999 0.023386568 0.05323879 0.053333333 0.053333333 -0.058333293 -0.058333333 -0.058333333 -0.058333333 -0.058333333 -0.042906669 -0.12833333 -0.12833333 -0.12833333 -0.12833333 -0.76666173 -0.76666667 -0.76666667 -0.76666667 -0.91 -0.91 -0.91 -0.91 -0.91 -1.1754217 -1.12 -1.12 -1.12 -0.91 -0.91 -0.91017213 -1.1316667 -1.1316667 -1.1269768 -1.1233333 -0.97666667 -0.97666667 -0.97666667 -0.87084771 -0.64666667 -0.64666667 -0.64666667 -0.795 -0.39998396 -0.395 -0.395 -0.028333333 -0.028333333
-0.046666667 -0.046666667 -0.046666667 -0.22524328 -0.28459501 0.023333333 0.023333333 0.023333333 0.023333333 0.135 0.135 -0.05833332 -0.058333333 -0.058333333 -0.058333333 -0.058337768 -0.12833333 -0.12833333 -0.12833333 -0.12833333 -0.48811871 -0.76666667 -0.76666667 -0.75768149 -0.44500405 -0.91 -0.91 -0.91 -1.195 -1.195 -1.195 -1.1949997 -0.91 -0.91 -0.91 -0.91 -1.1233333 -1.1233333 -1.1233333 -1.1233333 -0.99333333 -0.99333333 -0.99333333 -0.70333916 -0.70333333 -0.70333333 -0.70333332 -0.795 -0.795 -0.39548738 -0.395 -0.028334947 -0.028333333
-0.046666667 -0.046666667 -0.046666667 -0.046664692 -0.01 -0.0051527856 0.023333333 0.023333333 0.023333333 0.135 0.135 0.135 -0.0050000016 -0.005 -0.005 -0.0049999924 -0.12740216 -0.12833333 -0.12833333 -0.12833333 -0.13799399 -0.42333428 -0.42333333 -0.42333333 -0.42333333 -0.42333335 -0.78833333 -0.78833333 -1.195 -1.195 -1.195 -1.195 -0.90999988 -0.91 -0.91 -0.90998629 -1.1233333 -1.1233333 -1.1233333 -1.1222586 -0.99333333 -0.99333333 -0.99333333 -0.70334678 -0.70333333 -0.70333333 -0.70333333 -0.795 -0.795 -0.79499994 -0.34833333 -0.34833333 -0.25
-0.046666667 -0.046666667 -0.046666667 -0.010000085 -0.01 -0.01 0.023333321 0.023333333 0.023333333 0.135 0.135 0.135 -0.005 -0.005 -0.005 0.024321427 0.38 0.38 0.37999869 -0.12546214 -0.42333333 -0.42333333 -0.42333333 -0.42333333 -0.42333333 -0.42360802 -0.78833333 -0.78833333 -0.78833333 -1.195 -1.195 -1.1948434 -0.74166667 -0.74166667 -0.74166667 -0.58 -0.58 -0.87833333 -0.87833333 -0.87833333 -0.435 -0.9931582 -0.99333041 -0.60166667 -0.60166667 -0.60551972 -0.70333322 -0.795 -0.795 -0.34833333 -0.34833333 -0.34833333 -0.25
-0.046666667 -0.046666667 -0.046666667 -0.01 -0.01 -0.01 -0.01 0.023333333 0.023333333 0.135 0.135 0.00059798079 -0.005 -0.005 -0.005 0.38 0.38 0.38 0.38 0.38 -0.42333333 -0.42333333 -0.42333333 -0.42333333 -0.42333333 -0.78833209 -0.78833333 -0.78833333 -0.78833333 -0.95166667 -0.95166667 -0.95166667 -0.74166667 -0.74166667 -0.74166667 -0.58 -0.58 -0.87833333 -0.87833333 -0.435 -0.435 -0.435 -0.60166667 -0.60166667 -0.60166667 -0.60166667 -0.57017686 -0.21833333 -0.21833333 -0.21833333 -0.34833332 0.22 0.22
-0.046666667 -0.046666667 -0.046615607 -0.01 -0.01 -0.01 -0.01 0.072507687 0.076666667 0.076766817 0.135 -0.0049865991 -0.005 -0.005 -0.0049986681 0.38 0.38 0.38 0.38 0.38 0.76746223 -0.42333333 -0.42333333 -0.42333333 -0.42328424 -0.78829939 -0.78833333 -0.78833333 -0.78833333 -0.95166667 -0.95166667 -0.95166667 -0.9516388 -0.74166667 -0.58 -0.58 -0.58 -0.58001228 -0.8783031 -0.435 -0.435 -0.435 -0.60165655 -0.60166667 -0.60166667 -0.60166667 -0.21833329 -0.21833333 -0.21833333 -0.21833333 0.22 0.22 0.22
