interpolatedSpi/06-12|21_2.tif
NCOLS 53
NROWS 52
XLLCORNER -116.03883
YLLCORNER 28.596182
DX 0.49850594
DY 0.49788537
NODATA_VALUE -9999
[rows 0 to 26 of 52, columns 0 to 52 of 53]
-0.62714286 -0.62714286 -0.63513919 -0.61714286 -0.60714286 -0.89571429 -0.84285714 -0.92285714 -0.89788433 -0.98 -1.0057143 -0.46714286 -0.75425654 -0.4 -0.25142857 -0.25142857 -0.25142857 -0.12714286 -0.49714286 -0.49714286 -0.49714286 -0.49713713 0.097142846 -1.0471429 -1.0471429 -1.0471429 -0.76570831 -0.76571429 -0.76571429 -0.40857143 -0.40857143 -0.40857143 -0.40857143 -0.97714274 -0.97714286 -0.97714286 -0.97714286 -0.97714286 -0.97714286 -0.97714285 -0.79623402 -0.79414505 -0.24142857 -0.24142857 -0.24142857 -0.24142857 -0.2414589 -0.26 -0.26 -0.26 -0.058571847 -0.058571429 -0.058571429
-0.62716368 -1.0957143 -0.6399996 -0.62258697 -0.89574577 -0.41142857 -0.68142857 -0.872689 -1.2471429 -1.05 -0.71142857 -0.75428571 -0.75428571 -0.86131376 -0.40000428 -0.25142857 -0.12714286 -0.12714286 -0.49666043 -0.49714286 -0.49714286 -0.49714286 -1.0317277 -1.0471429 -1.0471429 -1.0471429 -1.0071429 -1.0071429 -0.40857143 -0.40857143 -0.40857143 -0.40857143 -0.40857143 -0.97714277 -0.97714286 -0.97714286 -0.97714286 -0.97714286 -0.97714284 -0.90228899 -0.50432453 -0.27332445 -0.24142857 -0.24142857 -0.24142857 -0.24142857 -0.24142857 -0.26 -0.26 -0.26 -0.24329735 -0.058571429 -0.058571429
-0.90713665 -0.90714286 -0.29142857 -0.52285714 -0.54428571 -0.83571429 -0.50428571 -0.96714286 -1.2571429 -1.0528571 -0.86428571 -1.0814286 -0.75285714 -0.45142857 -0.86285714 -1.1957143 -0.12714286 -0.12714286 -0.12714286 -0.47000789 -0.47 -0.47 -0.75428571 -1.0471429 -1.0471429 -1.0471429 -1.0071429 -1.0071429 -1.0071429 -0.40857143 -0.40857143 -0.40857142 -0.34048771 -0.9761945 -0.97554722 -0.80728517 -0.80571429 -0.80571429 -0.76780252 -0.50428572 -0.50428571 -0.50394959 -0.24142857 -0.24142857 -0.24142857 -0.24142857 -0.24142857 -0.26 -0.26 -0.26 -0.26 -0.058571429 -0.058571429
-0.26428571 -0.9071428 -0.62853357 -0.038571429 -0.51428571 -0.59285714 -0.60285714 -0.91857143 -0.72285714 -0.69709924 -0.86 -1.2157143 -1.2214286 -0.45142857 -0.81857143 -1.1957143 -1.2623434 -1.2620614 -1.2671429 -0.47 -0.47 -0.89571429 -0.75428571 -0.75428571 -1.0471429 -1.0471427 -1.0071429 -1.0071429 -1.0071429 -0.61857143 -0.4257504 -0.26714286 -0.26714286 -0.26714328 -0.80571429 -0.80571429 -0.80571429 -0.80571429 -0.50428571 -0.50428571 -0.50428571 -0.5042857 -0.24142857 -0.24142857 -0.24142857 -0.24142857 -0.24142857 -0.25999977 -0.26 -0.26 -0.26 -0.058606565 -0.058571429
-0.26428571 -0.20714363 -0.62857143 -0.69673402 -0.51428571 -0.71428571 -1.0171171 -1.0542857 -1.2614286 -0.66571444 -0.74428055 -0.78145354 -0.95571429 -0.81857143 -0.81857143 -1.0719719 -1.2628571 -1.2628571 -1.2671429 -1.2671429 -0.47000081 -0.89571429 -0.64428571 -0.52571429 -0.50714286 -0.50704409 -1.0071429 -1.0071429 -0.61857143 -0.61857143 -0.26714286 -0.26714286 -0.26714286 -0.27522446 -0.80571429 -0.80571429 -0.80571429 -0.50428571 -0.50428571 -0.50428571 -0.50428571 -0.50427661 -0.24142857 -0.24142857 -0.24142857 -0.24142857 -0.24142857 -0.24159388 -0.26 -0.2600392 -1.1342857 -1.1342857 -1.1342857
-1.2242857 -0.59285714 -0.23285715 -0.54714286 -0.55857143 -0.54428571 -0.74 -0.78023757 -0.47142857 -0.40857143 -0.54428571 -0.13714286 -0.1371434 -1.36 -1.36 -1.6954708 -1.6957143 -1.3228571 -1.3228571 -1.2671422 -0.47428571 -0.47428571 -0.52571429 -0.50714286 -0.50714286 -0.084285714 -0.13714286 -0.13714286 -0.36288025 -0.61857143 -0.26714286 -0.26714286 -0.31 -0.30995209 0.14853844 -0.38142857 -0.38142857 -0.46627705 -0.50428571 -0.50428571 -0.41011759 -0.41 -0.40999836 -0.84346711 -0.85421798 -0.85428555 -0.85428569 -0.85428548 -0.42916966 -1.1342857 -1.1342857 -1.1342857 -1.1342857
0.36283833 -0.24285714 -0.59113957 -0.16857143 -0.43285714 -0.91285714 -0.59285714 -0.68714286 -0.82 -0.82 -0.54428571 -1.0157143 -1.3342856 -1.36 -0.68714487 -0.68714286 -1.6957143 -0.83857143 -0.51142857 -0.51142857 -0.50592779 -0.54142857 -0.54142857 -0.06428572 -0.084285714 -0.084285714 -0.13714286 -0.13714286 -0.36285215 -0.36276518 0.15010512 -0.31 -0.31 0.14857143 0.14857143 -0.35030628 -0.38142857 -0.38142857 -0.40857049 -0.41 -0.41 -0.41 -0.4099901 -0.8542805 -0.85428571 -0.85428571 -0.85428571 -0.85428539 -0.31428571 -1.1341232 -1.1342857 -1.1342857 -1.1342857
0.36285714 -0.087142857 -0.21428571 -0.81714286 -0.63572469 -0.66 -0.48857143 -1.0642857 -1.0042857 -0.89285714 -0.89285714 -1.0685714 -1.3342857 -1.3342857 -0.69158286 -1.1138976 -1.1557143 -0.53857143 -0.73428549 -0.51142857 -0.06253403 -0.067142857 0.29142857 0.16428571 0.16428629 0.20857143 -0.38285714 -0.38285706 -0.27744321 -0.27714285 0.15142857 -0.3861884 -0.51571429 0.14857143 0.13765188 -0.32428571 -0.32428571 -0.40857143 -0.40857143 -0.41 -0.41 -0.40999999 0.081066142 0.081428524 -0.85428571 -0.85428571 -0.85428571 -0.31430627 -0.31428571 -0.31428571 -1.1342857 -1.1342857 -1.1342857
-0.046829871 -0.087142849 0.57142857 -0.39142857 -0.21 -0.40285714 -0.60285714 -0.63 -0.80714286 -0.69777998 -0.84428571 -0.83 -0.83 -0.79142857 -0.79142535 -0.64571111 -0.64428571 -0.64428571 -0.56844751 -0.2228571 -0.012857143 -0.012857143 0.20142857 0.25596105 0.2041086 0.20857143 -0.47857143 -0.38285714 -0.084600443 -0.082857143 -0.35 0.072857143 0.13976862 -0.19 -0.23428571 -0.24285714 -0.34714286 -0.69428571 -0.51865257 -0.40693913 0.27571429 0.088571429 0.081415549 0.081428571 0.076161865 -0.85428571 -0.93428571 -0.31428572 -0.31428571 -0.31428571 -0.31428572 -1.1127637 -0.31285714
0.17857143 0.17857143 0.88142857 0.72 -0.13714286 -0.46857143 -0.62 -0.24571429 -0.38571429 -0.67 -0.85857143 -0.35142857 -0.79142857 -0.79142857 -0.44857143 -0.45125574 -0.64428571 -0.64420058 -0.29428571 -0.22285714 -0.22285714 -0.1958021 0.20142857 -0.1099941 -0.11 -0.11 -0.47857143 0.11285714 0.11285714 -0.082857143 -0.082857143 0.073109122 0.20571429 -0.19 0.19285714 -0.24285714 -0.34714286 -0.20285714 -0.51857143 -0.47500344 0.088571437 0.056560424 0.0014285714 0.081428571 0.081428571 -0.93428571 -0.93428571 -0.93428571 -0.31428571 -0.31428571 -0.96142857 -0.96142857 -0.96142833
0.17857143 0.17857143 0.23428571 -0.16142857 -0.85285714 -0.14571429 -0.74714286 -1.0827073 -0.95142857 -0.82857143 -0.94428571 -1.1242857 -0.35245812 -0.44857143 -0.44857143 -0.44852594 -0.054285714 -0.06688204 -0.29428571 -0.69571429 -0.69571429 -0.24285714 -0.24285714 -0.11 -0.11 -0.11 0.11285714 0.11285714 0.11285714 0.37142857 0.37142857 0.3714283 0.13428571 0.13428571 -0.05 -0.10857143 0.30714286 -0.38570429 -0.52857143 -0.47428571 -0.47428571 -0.26428484 0.0014285714 0.081428571 -0.18571454 -0.59571429 -0.49760311 -0.49571429 -0.39 -0.39 -0.96142857 -0.96142857 -0.96142857
0.17857143 0.2025101 0.065420315 -0.37284895 -0.29714286 -0.71142857 -0.74714286 -1.0828571 -0.95142967 -0.82993254 -1.1242853 -1.1242857 -0.71285714 -0.44857143 -0.44857143 -0.054285727 -0.054285714 -0.054299373 -0.29428571 -0.69571429 -0.60678236 -0.24285714 -0.24285714 -0.11000574 -0.11 -0.11563519 -0.12714286 -0.12714286 -0.12714283 0.37142857 0.37142857 0.17285714 0.17285714 0.13428521 -0.05 0.082857077 0.38434162 -0.38571429 -0.38571429 -0.47428571 -0.26428571 -0.26428571 -0.2642851 -0.18571429 -0.18571429 -0.59571429 -0.49571429 -0.49571429 -0.39 -0.39 -0.96142857 -0.96142857 -0.96142857
-0.56428571 -0.14871818 -0.17571336 -0.17714131 -0.2971451 -0.71141879 -0.74714286 -1.0787247 -0.96048534 -0.94822044 -0.71285714 -0.71285714 -0.71285714 -0.71285714 -0.44860887 -0.054285715 -0.054285714 -0.057384497 -0.29428571 -0.69569933 -0.65285714 -0.65285714 -0.65285714 -0.65285714 -0.11919583 -0.12714286 -0.12714286 -0.12714286 -0.12714286 -0.12686151 0.17285714 0.17285714 0.17285714 0.17285714 0.082857143 0.082857143 0.082857143 -0.36175133 -0.38530657 -0.33142857 -0.33142857 -0.26428933 -0.55855866 -0.1857502 -0.18571429 -0.59571429 -0.49571429 -0.49571429 -0.39 -0.39 -0.95935549 -0.96142857 -0.33285233
-0.56428571 -0.17571429 -0.17571429 -0.17571429 -0.17571429 -0.17571451 -0.74705134 -0.90597331 -0.98464794 -0.71311106 -0.71285714 -0.71285714 -0.71285714 -0.71285714 -0.71285734 -0.054285721 -0.054285752 -0.070748076 -0.29428354 -0.65285714 -0.65285714 -0.65285714 -0.65285714 -0.65285714 -0.64340546 -0.15572665 -0.16142856 -0.16142857 -0.16142857 -0.16142857 0.17285714 0.17285714 0.17285715 0.18 0.18 0.082857143 0.099523287 0.1 -0.33142832 -0.33142857 -0.33142857 -0.33142857 -0.55857143 -0.55857143 -0.55857143 -0.55882991 -0.67314463 -0.67428571 -0.67428571 -0.67428571 -0.67428571 -0.3314287 -0.33142857
-0.72142857 -0.17571429 -0.17571429 -0.17571429 -0.17571429 -0.17571429 -0.17571432 -0.74963911 -0.99128667 -0.99142857 -0.99142857 -0.99142857 -0.99142857 -0.99142857 -0.99142857 -0.84855357 -0.066866644 -0.087149933 -0.65281198 -0.65285714 -0.65285714 -0.65285714 -0.65285714 -0.65285711 -0.21571429 -0.21571429 -0.21571421 -0.16142857 -0.16142857 -0.16077349 0.16571429 0.16571429 0.18 0.18 0.18 0.11281523 0.1 0.1 0.1 -0.33142857 -0.33142857 -0.33142857 -0.55857143 -0.55857143 -0.55857143 -0.55857143 -0.67428571 -0.67428571 -0.67428571 -0.67428571 -0.67428571 -0.33142857 -0.33142857
-0.72142857 -0.51826534 -0.17571429 -0.17571429 -0.17571429 -0.17571429 -0.55992458 -0.56 -0.56000001 -0.99142857 -0.99142857 -0.99142857 -0.99142857 -0.99142857 -0.95928298 -0.84571429 -0.84571429 -0.84571429 -0.62294884 -0.62285717 -0.62285714 -0.62285714 -0.62285714 -0.62285714 -0.21571429 -0.21571429 -0.21571429 -0.21571429 -0.16142857 0.16571429 0.16571429 0.16571429 0.18 0.18 0.18 0.32571429 0.10029885 0.1 0.1 -0.33136378 -0.20235778 0.098710555 -0.55857143 -0.55857143 -0.66823196 -0.66857143 -0.66857143 -0.67402541 -0.51626842 -0.5157143 -0.51571432 -0.074324745 -0.33142805
-0.72142857 -0.46841137 -0.32029887 -0.17571429 -0.17571429 -0.55977295 -0.56 -0.56 -0.56 -0.563109 -0.99142857 -0.99142857 -0.99142857 -0.99142855 -0.84571429 -0.84571429 -0.84571429 -0.84571429 -0.62305622 -0.62285714 -0.62285714 -0.62285714 -0.62285714 -0.62285714 -0.2157143 -0.21571429 -0.21571429 -0.21571429 -0.2143269 0.16571429 0.16571429 0.16571429 0.14285714 0.18001393 0.32571429 0.32571429 0.32571429 0.32714222 0.10001136 0.1 0.1 0.1 -0.41428571 -0.41428571 -0.66857143 -0.66857143 -0.66857143 -0.51571429 -0.51571429 -0.51571429 -0.51571429 -0.074285714 -0.074285714
-0.46152182 -0.46142857 -0.46142857 -0.46142857 -0.25142857 -0.55999204 -0.56 -0.56 -0.56 -0.56 -0.95346616 -0.99142204 -0.99142856 -0.84571429 -0.84571429 -0.84571429 -0.84571429 -0.84571429 -0.81309263 -0.62285714 -0.62285714 -0.62285714 -0.62285714 -0.62285714 -0.34867972 -0.21714285 -0.21714286 -0.21714286 -0.21714286 0.16571428 0.14285714 0.14285714 0.14285714 0.14285714 0.32571429 0.32571775 0.45714286 0.45714286 0.10445946 0.1 0.1 0.1 -0.41428571 -0.41428571 -0.62919924 -0.66857143 -0.66857143 -0.51571429 -0.51571429 -0.51571429 -0.51098102 -0.074285714 -0.074285714
-0.46142857 -0.46142857 -0.46142857 -0.36253644 -0.25142857 -0.25142857 -0.56 -0.56 -0.56 -0.56 -0.49 -0.49 -0.49 -0.84571429 -0.84571429 -0.84571429 -0.84571429 -0.84563968 -0.60571429 -0.60571429 -0.62285714 -0.62285714 -0.61715327 -0.38857143 -0.38702813 -0.21714286 -0.21714286 -0.21714286 -0.21714286 0.14282049 0.14285714 0.14285714 0.14285714 0.14285714 0.4571424 0.45714286 0.45714286 0.45714286 0.45586441 0.1 0.1 0.1 -0.41428571 -0.41428571 -0.41428571 -0.66857143 -0.66857143 -0.51571428 -0.51571429 -0.51571428 -0.074285715 -0.074285714 -0.074285714
-0.46142857 -0.46142857 -0.46142857 -0.25142857 -0.25142857 -0.25142857 -0.25142904 -0.56 -0.56 -0.49007226 -0.49 -0.49 -0.49 -0.49022162 -0.48031788 -0.39428571 -0.39428571 -0.39428572 -0.60571429 -0.60571429 -0.60571429 -0.38857143 -0.38857143 -0.38857143 -0.388509 -0.19016732 -0.21714286 -0.21714286 -0.21714286 0.0067712241 -0.014270259 -0.014285714 -0.014285714 -0.014285714 0.29517571 0.068572311 0.068571429 0.068571429 0.068571429 -0.077118619 -0.077142857 -0.077142857 -0.41428571 -0.41428571 -0.34285744 -0.34285707 -0.13714286 -0.13714286 0.027142857 0.027142857 0.027142857 -0.074285714 0.11268981
-0.4614262 -0.46142857 -0.46142856 -0.25142857 -0.25142857 -0.25142857 -0.25142857 0.11571409 -0.55729823 -0.48963988 -0.49 -0.49 -0.49 -0.48981218 -0.39428571 -0.39428571 -0.39428571 -0.39428578 -0.60571429 -0.60571429 -0.60571429 -0.38857143 -0.38857143 -0.38857143 -0.16571429 -0.16571429 -0.10285714 -0.10285714 -0.10285714 -0.10237396 -0.014285714 -0.014285714 -0.014285714 -0.014285714 0.027120042 0.068571429 0.068571429 0.068571429 0.068571429 -0.077142857 -0.077142857 -0.077142857 -0.085503245 -0.34285714 -0.34285714 -0.34285714 -0.13714286 -0.13714286 0.027142857 0.027142857 0.027142857 0.11285714 0.11285714
0.30285714 -0.047795815 0.085714286 0.085616475 -0.25142857 0.11359001 0.11571429 0.11571429 0.12664564 -0.092857137 -0.092857143 -0.092857143 -0.092857143 0.16427734 0.16428571 -0.39428529 -0.39428571 -0.39985655 -0.60571429 -0.60571429 -0.60571429 0.32714286 0.32714286 0.32714286 -0.16571429 -0.16571429 -0.10285714 -0.10285714 -0.10285714 -0.1028571 -0.038571274 -0.03857136 -0.014896099 -0.01431175 -0.33962563 -0.34 -0.34 -0.34 -0.34 -0.077142857 -0.077142857 -0.077142857 -0.32822605 -0.34285714 -0.34285714 -0.34285709 -0.13714286 -0.13714286 -0.13713694 0.027142857 0.027127845 -0.30857143 0.11285714
0.18145163 0.18142855 0.085714286 0.085714286 0.085714286 0.11571429 0.11571429 0.11571429 0.14571429 0.14571429 -0.092857143 -0.092857143 -0.092857143 0.16428571 0.16428571 0.16428571 0.16428571 0.16419814 -0.60571429 -0.60571429 -0.60571425 0.32714286 0.32714286 0.32714286 -0.16571429 -0.16571429 -0.10285714 -0.10285714 -0.10285714 -0.039296255 -0.038571429 -0.038571429 -0.038571429 -0.038571429 -0.33985126 -0.34 -0.34 -0.34 -0.34 -0.032857154 -0.032857143 -0.032857143 -0.032857143 -0.34285503 -0.067142857 -0.067142857 -0.067142857 -0.064285714 -0.064285714 -0.064285714 -0.30857143 -0.30857143 -0.30857143
0.18142857 0.18142857 0.085714286 0.085714286 0.085714286 0.1155566 0.11571429 0.14571429 0.14571429 0.14571429 -0.092827775 -0.092857143 0.16045152 0.16428573 0.16428571 0.16428571 0.16428571 0.19571429 0.19571429 0.19571429 -0.31999999 -0.31999952 0.3271397 0.32714286 0.32649801 -0.52714286 -0.52714286 -0.52714185 -0.10292571 -0.20568098 -0.2057134 -0.2056851 -0.038857093 -0.038715671 -0.28642336 -0.33999997 -0.33976063 -0.26857143 -0.26857143 -0.032857143 -0.032857143 -0.032857143 -0.032857143 -0.067142857 -0.067142857 -0.067142857 -0.067142857 -0.064285714 -0.064285714 -0.064285714 -0.30857143 -0.30857143 -0.30857143
0.18142857 0.18142857 0.085714286 0.085714286 0.085714286 0.085714286 0.12694241 0.14571429 0.14571429 0.14571429 0.14575374 0.21714286 0.21714286 0.21714286 0.16459721 0.16428571 0.19550485 0.19571429 0.19571429 0.19571429 -0.32 -0.32 -0.32 -0.32 -0.52714286 -0.52714286 -0.52714286 -0.52714286 -0.52714286 -0.20571429 -0.20571429 -0.20571429 -0.20571429 -0.20571475 -0.42428571 -0.26857143 -0.26857143 -0.26857143 -0.26857143 -0.26857085 -0.12428571 -0.12428571 -0.12428571 -0.15357205 -0.21428571 -0.21428571 -0.21428571 -0.064285719 -0.064286038 -0.39857143 -0.39857143 -0.40140598 -0.40142857
0.18142857 0.18142857 0.12026042 0.085714286 0.085714286 0.08571429 0.28831792 0.14616449 0.14571429 0.14571429 0.21714292 0.21714286 0.21714286 0.21714286 0.21714286 0.21280714 0.19571429 0.19571429 0.19571429 0.19571429 -0.31999601 -0.32 -0.32 -0.32 -0.52714286 -0.52714286 -0.52714286 -0.52714286 -0.52714286 -0.48757338 -0.20571429 -0.20571429 -0.20571429 -0.42428571 -0.42428571 -0.4241648 -0.26857143 -0.26857143 -0.18335068 -0.11714287 -0.12428571 -0.12428571 -0.12428571 -0.15149671 -0.21428571 -0.21428571 -0.21428571 0.06 -0.39285767 -0.39857143 -0.39857143 -0.40142857 -0.40142857
0.10142857 0.10142857 0.10142857 0.089654289 0.086057973 0.28857143 0.28857143 0.28857143 0.28857143 0.50857143 0.50857143 0.21714288 0.21714286 0.21714286 0.21714286 0.21714151 0.19571429 0.19571429 0.19571429 0.19571429 -0.094959015 -0.32 -0.32 -0.33387032 -0.83562353 -0.52714286 -0.52714286 -0.52714286 -0.58714286 -0.58714286 -0.58714286 -0.58714126 -0.42428571 -0.42428571 -0.42428571 -0.42428571 -0.11714286 -0.11714286 -0.11714286 -0.11714286 0.03 0.03 0.03 0.26713809 0.26714286 0.26714286 0.2671427 0.06 0.06 -0.39801268 -0.39857143 -0.40142568 -0.40142857
