interpolatedSpi/06-12|23_3.tif
NCOLS 53
NROWS 52
XLLCORNER -116.03883
YLLCORNER 28.596182
DX 0.49850594
DY 0.49788537
NODATA_VALUE -9999
[rows 0 to 26 of 52, columns 0 to 52 of 53]
-0.17714286 -0.17714286 -0.17438095 -0.032857143 -0.014285714 -0.22 -0.30714286 -0.31285714 -0.99044829 -1.2014286 -0.65714286 -0.86571429 -1.288518 -0.64 -0.24714286 -0.24714286 -0.24714286 -0.95142857 -0.37142857 -0.37142857 -0.37142857 -0.37143062 -0.58428572 -0.68142857 -0.68142857 -0.68142857 -1.605717 -1.6057143 -1.6057143 -1.9157143 -1.9157143 -1.9157143 -1.9157143 -1.4128572 -1.4128571 -1.4128571 -1.4128571 -1.4128571 -1.4128571 -1.4128571 -0.23977729 -0.22718478 -0.39142857 -0.39142857 -0.39142857 -0.39142857 -0.39094324 -0.094285714 -0.094285714 -0.094285714 -0.16999984 -0.17 -0.17
-0.17716317 -0.63428571 -0.11285761 -0.17517747 -0.131586 -0.57142857 -0.59571429 -0.63287081 -1.1428571 -0.71571429 -0.95714286 -1.2885714 -1.2885714 -1.107009 -0.64000219 -0.24714286 -0.95142857 -0.95142857 -0.37218481 -0.37142857 -0.37142857 -0.37142857 -0.71368759 -0.68142857 -0.68142857 -0.68142857 -0.45142859 -0.45142857 -1.9157143 -1.9157143 -1.9157143 -1.9157143 -1.9157143 -1.4128572 -1.4128571 -1.4128571 -1.4128571 -1.4128571 -1.4128571 -1.1031207 0.51414545 -0.28152804 -0.39142857 -0.39142857 -0.39142857 -0.39142857 -0.39142857 -0.094285714 -0.094285714 -0.094285714 -0.10056402 -0.17 -0.17
0.66711219 0.66714286 -0.51857143 -0.17428571 -0.46 0.27142857 -0.078571429 0.075714286 -0.81142857 -0.93428571 -1.0142857 -0.74 -1.0485714 -1.72 -1.1085714 -1.4185714 -0.95142857 -0.95142857 -0.95142857 -0.48996553 -0.49 -0.49 -1.2942857 -0.68142857 -0.68142857 -0.68142857 -0.45142857 -0.45142857 -0.45142857 -1.9157143 -1.9157143 -1.9157142 -1.5244048 -1.4106177 -1.403669 -0.43475994 -0.42571429 -0.42571429 -0.30748706 0.51428571 0.51428571 0.51312753 -0.39142857 -0.39142857 -0.39142857 -0.39142857 -0.39142857 -0.094285714 -0.094285714 -0.094285714 -0.094285714 -0.17 -0.17
0.55428571 0.6671427 -0.13301405 -0.064285715 -0.85428571 -0.66285714 -0.61285714 -1.0071429 -0.41142857 -0.9825222 -1.1785714 -1.4557143 -1.3557143 -1.72 -1.3842857 -1.4185714 -1.0712493 -1.0684894 -0.72 -0.49 -0.49 -0.92428571 -1.2942857 -1.2942857 -0.68142857 -0.68142742 -0.45142857 -0.45142857 -0.45142857 -1.1714286 -1.133805 -1.1028571 -1.1028571 -1.1028566 -0.42571429 -0.42571429 -0.42571429 -0.42571429 0.51428571 0.51428571 0.51428571 0.51428568 -0.39142857 -0.39142857 -0.39142857 -0.39142857 -0.39142857 -0.094289463 -0.094285714 -0.094285714 -0.094285714 -0.17004956 -0.17
0.55428571 -0.30285683 -0.13285714 -0.51771155 -0.85428571 -0.90714286 -1.0271213 -1.3957143 -1.4514286 -0.98714307 -1.3350575 -1.4912782 -0.44142857 -1.3842857 -1.3842857 -1.4017273 -1.0685714 -1.0685714 -0.72 -0.72 -0.49000086 -0.92428571 -0.73571429 -0.29714286 -0.51 -0.5099933 -0.45142857 -0.45142857 -1.1714286 -1.1714286 -1.1028571 -1.1028571 -1.1028571 -0.96358236 -0.42571429 -0.42571429 -0.42571429 0.51428571 0.51428571 0.51428571 0.51428571 0.5141656 -0.39142858 -0.39142857 -0.39142857 -0.39142857 -0.39142857 -0.38878363 -0.094285714 -0.094357138 -1.6871429 -1.6871429 -1.6871429
-1.4585714 -0.65285714 -0.49285712 0.015714286 -0.52571429 -1.04 -1.3614286 -1.3658181 -1.44 -1.6228571 -1.7914286 -1.2714286 -1.271428 -1.63 -1.63 -0.8170418 -0.81714286 -1.1885714 -1.1885714 -0.71999995 -0.88285714 -0.88285714 -0.29714286 -0.51 -0.51 -0.48142857 -0.94714286 -0.94714286 -0.73718264 -1.1714286 -1.1028571 -1.1028571 -0.36428571 -0.36429064 -0.41142511 -0.010000001 -0.01 0.35208596 0.51428571 0.51428571 -0.72844811 -0.73 -0.72999874 -0.43914258 -0.43999463 -0.43999999 -0.44 -0.43999999 -1.4888755 -1.6871429 -1.6871429 -1.6871429 -1.6871429
-0.33285285 -0.78857143 -0.2513343 -0.45142857 -0.63714286 -1.4257143 -0.95428572 -1.2714286 -1.9414286 -1.9414286 -1.7914286 -1.8628571 -1.5514285 -1.63 -0.39857512 -0.39857143 -0.81714286 -0.35285714 -0.66428571 -0.66428571 -0.66540206 -0.42142857 -0.42142857 -0.54714286 -0.48142857 -0.48142857 -0.94714286 -0.94714286 -0.73715818 -0.73742488 -0.26797982 -0.36428571 -0.36428571 -0.41142857 -0.41142857 -0.4371534 -0.01 -0.01 -0.4471277 -0.72999961 -0.73 -0.73 -0.72999353 -0.44000222 -0.44 -0.44 -0.44 -0.44000064 -1.5042857 -1.6871066 -1.6871429 -1.6871429 -1.6871429
-0.33285714 -0.78142857 -0.41714286 -0.88142857 -0.5085928 -1.1414286 -1.59 -1.6728571 -1.8857143 -2.1228571 -2.1228571 -1.2471429 -1.5514286 -1.5514286 -0.4064811 -0.71733637 -0.74857143 -0.36857143 -0.88571406 -0.66428571 -0.34580308 -0.27 -0.71285714 -0.20714286 -0.20715443 -1.1042857 -0.43285714 -0.43285732 -0.99907891 -0.99999998 -0.26571429 -0.63137904 -0.44714286 -0.41142857 -0.41965898 -0.79428571 -0.79428571 -0.44714285 -0.44714286 -0.73 -0.73 -0.72999999 -0.8362501 -0.83857141 -0.44 -0.44 -0.44 -1.5042452 -1.5042857 -1.5042857 -1.6871429 -1.6871429 -1.6871429
-0.83799679 -0.78142857 -0.43571429 -1.1185714 -0.52714286 -1.1285714 -0.63428571 -0.58571429 -1.5828571 -0.70795416 -0.54714286 -1.3042857 -1.3042857 -0.62428571 -0.6242864 -0.26706005 -0.26571429 -0.26571429 -0.44751408 -1.15 -1.1628571 -1.1628571 -0.90142857 -0.78717004 -1.0138774 -1.1042857 -0.44142857 -0.43285714 -0.7566787 -0.75857143 -0.68285714 -0.78714286 -0.56841262 -1.1657143 -0.7 -0.92428571 -0.76714286 0.011428571 -0.12850678 -0.72769797 -0.21428571 -0.47857143 -0.83856119 -0.83857143 -0.83632805 -0.44 -0.90999998 -1.5042857 -1.5042857 -1.5042857 -1.5042857 -1.670779 -0.58285714
-1.1542857 -1.1542857 -0.16714286 -0.18571429 -0.91571429 -0.32571429 -0.68 -1.3557143 -0.88857143 -0.48579756 -1.4414286 -0.17142857 -0.62428571 -0.62428571 -0.69714286 -0.69122562 -0.26571429 -0.26574589 -0.38571429 -1.15 -1.15 -1.1516564 -0.90142857 -0.92714237 -0.92714286 -0.92714286 -0.44142857 -0.22 -0.22 -0.75857143 -0.75857143 -0.78631918 -0.35285714 -1.1657143 -1.0228571 -0.92428571 -0.76714286 -0.64714286 -0.12857143 -0.1229498 -0.47857142 -0.5877237 -0.77571429 -0.83857143 -0.83857143 -0.91 -0.91 -0.91 -1.5042857 -1.5042857 -1.5557143 -1.5557143 -1.5557139
-1.1542857 -1.1542857 -0.68571429 -1.0228571 -0.87 -0.21571429 -0.97285714 -0.2199098 -0.38714286 0.14285714 0.084285714 0.10714286 -0.17105838 -0.69714286 -0.69714286 -0.69712868 -0.57428571 -0.5643886 -0.38571429 -0.40142857 -0.40142857 -0.39 -0.39 -0.92714286 -0.92714286 -0.92714286 -0.22 -0.22 -0.22 -0.49428571 -0.49428571 -0.49428548 -0.97857143 -0.97857143 -1.4657143 -1.0642857 -0.80428571 -0.45000653 -0.64857143 -0.12285714 -0.12285714 -0.74714295 -0.77571429 -0.83857143 -0.47857143 -0.39142857 -0.79478407 -0.79428571 -1.3142857 -1.3142857 -1.5557143 -1.5557143 -1.5557143
-1.1542857 -0.9520355 -0.82958517 -0.80856773 -0.46571429 -0.49285714 -0.97285714 -0.21857143 -0.38714145 0.13698539 0.1071429 0.10714286 -0.09 -0.69714286 -0.69714286 -0.57428572 -0.57428571 -0.57427498 -0.38571429 -0.40142857 -0.39918423 -0.39 -0.39 -0.92712057 -0.92714286 -0.73085032 -0.33 -0.33 -0.32999999 -0.49428571 -0.49428571 -0.45142857 -0.45142857 -0.97857276 -1.4657143 -0.66714325 -0.87048885 -0.45 -0.45 -0.12285716 -0.74714286 -0.74714286 -0.74714092 -0.47857143 -0.47857143 -0.39142857 -0.79428571 -0.79428571 -1.3142857 -1.3142857 -1.5557143 -1.5557143 -1.5557143
-0.43571429 -0.3978171 -0.36859534 -0.37175542 -0.46571459 -0.4928565 -0.97285713 -0.22785625 -0.37552656 -0.37330315 -0.09 -0.09 -0.09 -0.09 -0.69705685 -0.57428571 -0.57428571 -0.57185096 -0.38571429 -0.40122514 0.30142857 0.30142857 0.30142857 0.30142857 -0.90585888 -0.33 -0.33 -0.33 -0.33 -0.32994529 -0.45142857 -0.45142857 -0.45142857 -0.45142857 -0.66714286 -0.66714286 -0.66714286 -0.4613649 -0.45316516 -0.87142857 -0.87142857 -0.74714954 -0.79284638 -0.4786017 -0.47857143 -0.39142857 -0.79428571 -0.79428571 -1.3142857 -1.3142857 -1.5548384 -1.5557143 -1.4670315
-0.43571429 -0.36857143 -0.36857143 -0.36857143 -0.36857143 -0.36857148 -0.97162838 -0.61597906 -0.34453529 -0.090306672 -0.09 -0.09 -0.09 -0.09 -0.089999568 -0.57428572 -0.57428568 -0.561351 -0.38571469 0.30142857 0.30142857 0.30142857 0.30142857 0.30142857 0.31343885 0.10286908 0.2142856 0.21428571 0.21428571 0.21428571 -0.45142855 -0.45142857 -0.45142779 0.19571429 0.19571429 -0.66714286 -0.28659924 -0.27571429 -0.87142823 -0.87142857 -0.87142857 -0.87142857 -0.79285714 -0.79285714 -0.79285714 -0.79006357 -0.53021659 -0.52857143 -0.52857143 -0.52857143 -0.52857144 -1.0114287 -1.0114286
-0.55285714 -0.36857143 -0.36857143 -0.36857143 -0.36857143 -0.36857143 -0.36857147 -0.42487627 0.51406606 0.51857143 0.51857143 0.51857143 0.51857143 0.51857143 0.51857142 1.0335024 -0.548583 -0.5484636 0.30134211 0.30142857 0.30142857 0.30142857 0.30142857 0.30142926 0.85714286 0.85714286 0.85714195 0.21428571 0.21428571 0.21561305 0.87714286 0.87714286 0.19571429 0.19571429 0.19571429 -0.20019629 -0.27571429 -0.27571429 -0.27571429 -0.87142857 -0.87142857 -0.87142857 -0.79285714 -0.79285714 -0.79285714 -0.79285714 -0.52857143 -0.52857143 -0.52857143 -0.52857143 -0.52857143 -1.0114286 -1.0114286
-0.55285714 -0.48424966 -0.36857143 -0.36857143 -0.36857143 -0.36857143 0.50125782 0.50142857 0.50142857 0.51857143 0.51857143 0.51857143 0.51857143 0.51857143 0.63454768 1.0442857 1.0442857 1.0442857 0.89105656 0.89285654 0.89285714 0.89285714 0.89285714 0.89285714 0.85714286 0.85714286 0.85714286 0.85714286 0.21428571 0.87714286 0.87714286 0.87714286 0.19571435 0.19571429 0.19571429 0.32571429 -0.27491798 -0.27571429 -0.27571429 -0.87135066 -0.71628719 -0.35440704 -0.79285714 -0.79285714 -0.89824519 -0.89857143 -0.89857143 -0.52899775 -0.78623927 -0.78714283 -0.78714281 -0.755753 -1.0114281
-0.55285714 -0.05933459 -0.20519085 -0.36857143 -0.36857143 0.50091453 0.50142857 0.50142857 0.50142857 0.50155211 0.51857143 0.51857143 0.51857143 0.51857149 1.0442857 1.0442857 1.0442857 1.0442857 0.89299241 0.89285714 0.89285714 0.89285714 0.89285714 0.89285714 0.85714286 0.85714286 0.85714286 0.85714286 0.8572156 0.87714286 0.87714286 0.87714286 0.92571428 0.19574513 0.32571429 0.32571429 0.32571429 0.32623485 -0.34795034 -0.35285714 -0.35285714 -0.35285714 -1.1285714 -1.1285714 -0.89857143 -0.89857143 -0.89857143 -0.78714286 -0.78714286 -0.78714286 -0.78714286 -0.75571429 -0.75571429
-0.045903817 -0.045714286 -0.045714286 -0.045714279 0.65571429 0.50143255 0.50142857 0.50142857 0.50142857 0.50142857 0.53090104 0.51857355 0.51857143 1.0442857 1.0442857 1.0442857 1.0442857 1.0442857 1.0533371 0.89285714 0.89285714 0.89285714 0.89285714 0.89285714 0.90866234 0.96142801 0.96142857 0.96142857 0.96142857 0.87714286 0.92571428 0.92571429 0.92571429 0.92571429 0.32571429 0.32571564 0.37714286 0.37714286 -0.34374201 -0.35285714 -0.35285714 -0.35285714 -1.1285714 -1.1285714 -0.93418335 -0.89857143 -0.89857143 -0.78714286 -0.78714286 -0.78714286 -0.78680586 -0.75571429 -0.75571429
-0.045714286 -0.045714286 -0.045714286 0.28459889 0.65571429 0.65571429 0.50142857 0.50142857 0.50142857 0.50142857 0.68142857 0.68142857 0.68142857 1.0442857 1.0442857 1.0442857 1.0442857 1.0443761 1.3757143 1.3757143 0.89285734 0.89285714 0.89077036 0.80714286 0.80853182 0.96142857 0.96142857 0.96142857 0.96142857 0.92571792 0.92571429 0.92571429 0.92571429 0.92571429 0.37714268 0.37714286 0.37714286 0.37714286 0.37457118 -0.35285714 -0.35285714 -0.35285714 -1.1285714 -1.1285714 -1.1285714 -0.89857143 -0.89857143 -0.78714286 -0.78714286 -0.78714286 -0.75571429 -0.75571429 -0.75571429
-0.045714286 -0.045714286 -0.045714286 0.65571429 0.65571429 0.65571429 0.65571405 0.50142857 0.50142857 0.68124276 0.68142857 0.68142857 0.68142857 0.68165466 1.4871554 1.5914286 1.5914286 1.5914286 1.3757143 1.3757143 1.3757143 0.80714286 0.80714286 0.80714286 0.80715326 0.8999843 0.96142857 0.96142857 0.96142857 0.89403402 0.88571822 0.88571429 0.88571429 0.88571429 0.34756027 0.30428588 0.30428571 0.30428571 0.30428571 -0.53283251 -0.53285714 -0.53285714 -1.1285714 -1.1285714 -0.71714457 -0.71714286 -0.73714286 -0.73714286 -0.49571429 -0.49571429 -0.49571429 -0.75571429 -0.55018393
-0.045713288 -0.045714286 -0.04571426 0.65571429 0.65571429 0.65571429 0.65571428 0.46857144 0.5012972 0.68130421 0.68142857 0.68142857 0.68142857 0.68321424 1.5914286 1.5914286 1.5914286 1.5914285 1.3757143 1.3757143 1.3757143 0.80714286 0.80714286 0.80714286 0.84428571 0.84428571 1.1671429 1.1671429 1.1671429 1.1656076 0.88571429 0.88571429 0.88571429 0.88571429 0.59515963 0.30428571 0.30428571 0.30428571 0.30428571 -0.53285714 -0.53285714 -0.53285714 -0.53865548 -0.71714286 -0.71714286 -0.71714286 -0.73714286 -0.73714286 -0.49571429 -0.49571429 -0.49571429 -0.55 -0.55
0.27571429 0.14098378 0.56857143 0.56859671 0.65571429 0.46965423 0.46857143 0.46857143 0.52218714 0.54428572 0.54428571 0.54428571 0.54428571 1.5299679 1.53 1.5914285 1.5914286 1.5857448 1.3757143 1.3757143 1.3757143 1.0642857 1.0642857 1.0642857 0.84428571 0.84428571 1.1671429 1.1671429 1.1671429 1.167143 1.3285686 1.3285702 0.89684484 0.88618906 0.2564349 0.25571429 0.25571429 0.25571429 0.25571429 -0.53285714 -0.53285714 -0.53285714 -0.70699519 -0.71714286 -0.71714286 -0.71714289 -0.73714286 -0.73714286 -0.73713417 -0.49571429 -0.49573607 -0.98285714 -0.55
0.55708941 0.55714286 0.56857143 0.56857143 0.56857143 0.46857143 0.46857143 0.46857143 0.61571429 0.61571429 0.54428571 0.54428571 0.54428571 1.53 1.53 1.53 1.53 1.5299831 1.3757143 1.3757143 1.3757143 1.0642857 1.0642857 1.0642857 0.84428571 0.84428571 1.1671429 1.1671429 1.1671429 1.3267513 1.3285714 1.3285714 1.3285714 1.3285714 0.25624368 0.25571429 0.25571429 0.25571429 0.25571429 -0.051428697 -0.051428571 -0.051428571 -0.051428571 -0.71714442 -0.92142857 -0.92142857 -0.92142857 -1.1014286 -1.1014286 -1.1014286 -0.98285714 -0.98285714 -0.98285714
0.55714286 0.55714286 0.56857143 0.56857143 0.56857143 0.46909705 0.46857143 0.61571429 0.61571429 0.61571429 0.54429451 0.54428571 0.51160073 1.5299998 1.53 1.53 1.53 0.43571429 0.43571429 0.43571429 0.93142857 0.93142867 1.0642851 1.0642857 1.0642858 1.1685714 1.1685714 1.1685714 1.1671431 1.2285914 1.228572 1.2285889 1.3284005 1.3284851 0.44672772 0.25571429 0.2557861 0.27714286 0.27714286 -0.051428571 -0.051428571 -0.051428571 -0.051428571 -0.92142857 -0.92142857 -0.92142857 -0.92142857 -1.1014286 -1.1014286 -1.1014286 -0.98285714 -0.98285714 -0.98285714
0.55714286 0.55714286 0.56857143 0.56857143 0.56857143 0.56857143 0.5236427 0.61571429 0.61571429 0.61571429 0.61565273 0.50428571 0.50428571 0.50428571 1.5239552 1.53 0.44300634 0.43571429 0.43571429 0.43571429 0.93142857 0.93142857 0.93142857 0.93142857 1.1685714 1.1685714 1.1685714 1.1685714 1.1685714 1.2285714 1.2285714 1.2285714 1.2285714 1.2285697 0.41142857 0.27714286 0.27714286 0.27714286 0.27714286 0.2771398 -0.63714286 -0.63714286 -0.63714286 -0.73662645 -0.94285714 -0.94285714 -0.94285714 -1.1014286 -1.1014286 -1.16 -1.16 -0.49440457 -0.49428571
0.55714286 0.55714286 0.56444652 0.56857143 0.56857143 0.56857142 0.28487384 0.61466981 0.61571429 0.61571429 0.50428563 0.50428571 0.50428571 0.50428571 0.50428571 0.58835001 0.43571429 0.43571429 0.43571429 0.43571429 0.93142474 0.93142857 0.93142857 0.93142857 1.1685714 1.1685714 1.1685714 1.1685714 1.1685714 0.43577676 1.2285714 1.2285714 1.2285714 0.41142857 0.41142857 0.4113243 0.27714286 0.27714286 -0.2583007 -0.67428563 -0.63714286 -0.63714286 -0.63714286 -0.73553291 -0.94285714 -0.94285714 -0.94285714 -1.01 -1.158131 -1.16 -1.16 -0.49428571 -0.49428571
0.49714286 0.49714286 0.49714286 0.55066232 0.56794675 0.28428571 0.28428571 0.28428571 0.28428571 0.1 0.1 0.50428569 0.50428571 0.50428571 0.50428571 0.50428132 0.43571429 0.43571429 0.43571429 0.43571429 0.71511494 0.93142857 0.93142857 0.92937232 0.86691554 1.1685714 1.1685714 1.1685714 0.15571429 0.15571429 0.15571429 0.15571879 0.41142857 0.41142857 0.41142857 0.41142857 -0.67428571 -0.67428571 -0.67428571 -0.67428571 -0.86 -0.86 -0.86 -0.99142593 -0.99142857 -0.99142857 -0.99142856 -1.01 -1.01 -1.1598172 -1.16 -0.49428712 -0.49428571
