interpolatedSpi/06-12|23_1.tif
NCOLS 53
NROWS 52
XLLCORNER -116.03883
YLLCORNER 28.596182
DX 0.49850594
DY 0.49788537
NODATA_VALUE -9999
[rows 0 to 34 of 52, columns 0 to 52 of 53]
-0.445 -0.445 -0.2914594 -0.38625 -0.265 -0.4875 -0.5425 -0.55625 -0.73257564 -0.98875 -0.68875 -0.79375 -1.0087274 -0.73375 -0.42375 -0.42375 -0.42375 -0.63375 -0.42875 -0.42875 -0.42875 -0.42875131 -0.565 -0.26375 -0.26375 -0.26375 -1.3599983 -1.36 -1.36 -1.37875 -1.37875 -1.37875 -1.37875 -0.95125009 -0.95125 -0.95125 -0.95125 -0.95125 -0.95125 -0.95124998 -0.23521215 -0.22757167 -0.50875 -0.50875 -0.50875 -0.50875 -0.50792925 -0.00625 -0.00625 -0.00625 -0.42624913 -0.42625 -0.42625
-0.44501016 -0.67375 -0.49875021 -0.52240652 -0.55639671 -0.68 -0.52 -0.46016507 -0.76625 -0.51375 -0.9775 -1.00875 -1.00875 -0.60792098 -0.73374574 -0.42375 -0.63375 -0.63375 -0.42901729 -0.42875 -0.42875 -0.42875 -0.28105444 -0.26375 -0.26375 -0.26375 -0.22375 -0.22375 -1.37875 -1.37875 -1.37875 -1.37875 -1.37875 -0.95125006 -0.95125 -0.95125 -0.95125 -0.95125 -0.95124997 -0.80038062 -7.6997254e-05 -0.44701765 -0.50875 -0.50875 -0.50875 -0.50875 -0.50875 -0.00625 -0.00625 -0.00625 -0.041076802 -0.42625 -0.42625
0.06498371 0.065 -0.6775 -0.41875 -0.74125 -0.2225 -0.2525 -0.27875 -0.65875 -0.74625 -0.78625 -0.90375 -0.94125 -1.15 -0.6075 -0.7025 -0.63375 -0.63375 -0.63375 -0.35752071 -0.3575 -0.3575 -0.5925 -0.26375 -0.26375 -0.26375 -0.22375 -0.22375 -0.22375 -1.37875 -1.37875 -1.37875 -1.0381595 -0.9502865 -0.9478759 -0.59207176 -0.58875 -0.58875 -0.51470077 -4.0865934e-09 -2.8202513e-10 -0.00065056418 -0.50875 -0.50875 -0.50875 -0.50875 -0.50875 -0.00625 -0.00625 -0.00625 -0.0062500007 -0.42625 -0.42625
0.19125 0.064999969 -0.087576402 -0.25375 -0.52375 -0.62 -0.675 -0.92875 -0.27875 -0.69782093 -0.795 -0.8775 -0.99375 -1.15 -0.7475 -0.7025 -0.66280604 -0.66247986 -0.4325 -0.3575 -0.3575 -0.585 -0.5925 -0.5925 -0.26375 -0.2637498 -0.22375 -0.22375 -0.22375 -0.6675 -0.66955754 -0.67125 -0.67125 -0.67124993 -0.58875 -0.58875 -0.58875 -0.58875 -1.3877788e-17 -1.3877999e-17 -1.4941507e-16 -1.9086231e-08 -0.50875 -0.50875 -0.50875 -0.50875 -0.50875 -0.0062563389 -0.00625 -0.00625 -0.0062500001 -0.42626821 -0.42625
0.19125 -0.1399999 -0.0875 -0.38168956 -0.52375 -0.53625 -0.70996674 -0.925 -0.95875 -0.67250013 -0.80322221 -0.86114991 -0.1625 -0.7475 -0.7475 -0.71676213 -0.6625 -0.6625 -0.4325 -0.4325 -0.35750045 -0.585 -0.4725 -0.4225 -0.53875 -0.53872566 -0.22375 -0.22375 -0.6675 -0.6675 -0.67125 -0.67125 -0.67125 -0.54231313 -0.58875 -0.58875 -0.58875 -1.3877788e-17 -1.3877788e-17 -1.3877788e-17 -2.2086745e-17 -3.1854735e-05 -0.50875 -0.50875 -0.50875 -0.50875 -0.50875 -0.50427713 -0.00625 -0.006293831 -0.98375 -0.98375 -0.98375
-0.94 -0.4025 -0.27249997 0.06375 -0.3075 -0.4575 -0.6475 -0.68302795 -0.91 -1.12625 -1.1175 -0.725 -0.72499963 -0.92375 -0.92375 -0.48371107 -0.48375 -0.81875 -0.81875 -0.4325 -0.57 -0.57 -0.4225 -0.53875 -0.53875 -0.435 -0.72375 -0.72375 -0.38877581 -0.6675 -0.67125 -0.67125 0.0125 0.012465389 -0.31872621 -0.0062500005 -0.00625 -0.0019335802 -1.3882384e-17 -6.0002464e-16 -0.32958842 -0.33 -0.32999961 -0.43507396 -0.43375829 -0.43375002 -0.43375 -0.43375003 -0.95422453 -0.98375 -0.98375 -0.98375 -0.98375
-0.28749468 -0.39375 -0.11931008 -0.29875 -0.28125 -0.75125 -0.525 -0.9075 -1.24125 -1.24125 -1.1175 -1.08625 -0.85625002 -0.92375 -0.3225018 -0.3225 -0.48375 -0.34125 -0.4275 -0.4275 -0.48693956 -0.39375 -0.39375 -0.54125 -0.435 -0.435 -0.72375 -0.72375 -0.38877171 -0.38914966 -0.044717039 0.0125 0.0125 -0.31875 -0.31875 -0.33779962 -0.00625 -0.00625 -0.26624099 -0.32999991 -0.33 -0.33 -0.32999819 -0.43375015 -0.43375 -0.43375 -0.43375 -0.43375033 -0.9825 -0.98374975 -0.98375 -0.98375 -0.98375
-0.2875 -0.45625 -0.225 -0.505 -0.46625222 -0.74125 -0.94125 -1.00625 -1.19375 -1.3625 -1.3625 -0.92875 -0.85625 -0.85625 -0.32616202 -0.53652789 -0.5575 -0.315 -0.58249984 -0.4275 -0.13802651 -0.08125 -0.35125 -0.2475 -0.24750576 -0.69375 -0.39 -0.39000012 -0.75994471 -0.76124998 -0.0425 -0.30304511 -0.135 -0.31875 -0.32381251 -0.615 -0.615 -0.26625 -0.26625 -0.33 -0.33 -0.33 -0.46057284 -0.46125 -0.43375 -0.43375 -0.43375 -0.98247911 -0.9825 -0.9825 -0.98375 -0.98375 -0.98375
-0.52129804 -0.45625 -0.365 -0.76875 -0.2925 -0.7125 -0.68375 -0.4075 -1.155 -0.44029654 -0.5275 -0.80125 -0.80125 -0.26375 -0.26375065 -0.18229864 -0.18125 -0.18125 -0.35583428 -0.66625002 -0.75 -0.74999999 -0.535 -0.42366285 -0.64877978 -0.69375 -0.1475 -0.39 -0.46829238 -0.46875 -0.35 -0.5325 -0.3618863 -0.72375 -0.49625 -0.5125 -0.52625 -0.17125 -0.21373038 -0.32926906 -0.16625 -0.37 -0.46125142 -0.46125 -0.46109522 -0.43375 -0.55124999 -0.9825 -0.9825 -0.9825 -0.9825 -0.97565701 -0.47375
-0.885 -0.885 -0.155 -0.10875 -0.68875 -0.49375 -0.465 -0.81125 -0.57 -0.25881391 -0.955 -0.15 -0.26375 -0.26375 -0.3325 -0.33042554 -0.18125 -0.18125555 -0.19125 -0.66625 -0.66625 -0.6770398 -0.535 -0.55249967 -0.5525 -0.5525 -0.1475 -0.08875 -0.08875 -0.46875 -0.46875 -0.53185752 -0.19375 -0.72375 -0.73375 -0.5125 -0.52625 -0.52 -0.21375 -0.16087114 -0.36999999 -0.40673394 -0.47 -0.46125 -0.46125 -0.55125 -0.55125 -0.55125 -0.9825 -0.9825 -0.91875 -0.91875 -0.91874983
-0.885 -0.885 -0.54875 -0.62125 -0.5625 -0.11 -0.63125 0.037803536 -0.30875 -0.05625 -0.13375 -0.01 -0.14981379 -0.3325 -0.3325 -0.33250029 -0.335 -0.32745533 -0.19125 -0.2975 -0.2975 -0.3375 -0.3375 -0.5525 -0.5525 -0.5525 -0.08875 -0.08875 -0.08875 -0.4925 -0.4925 -0.49249951 -0.64 -0.64 -1.11875 -0.7925 -0.6625 -0.26625569 -0.36 -0.16 -0.16 -0.32750047 -0.47 -0.46125 -0.22374995 -0.1025 -0.42554373 -0.425 -0.69875 -0.69875 -0.91875 -0.91875 -0.91875
-0.885 -0.73981147 -0.57968834 -0.62374896 -0.44875 -0.25625 -0.63125 0.03875 -0.3087471 -0.059047394 -0.01000006 -0.01 -0.11 -0.3325 -0.3325 -0.335 -0.335 -0.33499182 -0.19125 -0.2975 -0.30535519 -0.3375 -0.3375 -0.55249097 -0.5525 -0.44648794 -0.23 -0.23 -0.22999998 -0.4925 -0.4925 -0.475 -0.475 -0.64000131 -1.11875 -0.55750024 -0.70619635 -0.26625 -0.26625 -0.16000001 -0.3275 -0.3275 -0.32749927 -0.22375 -0.22375 -0.1025 -0.425 -0.425 -0.69875 -0.69875 -0.91875 -0.91875 -0.91875
-0.18875 -0.26403443 -0.23876417 -0.24153795 -0.44874912 -0.25625455 -0.63124999 0.03050268 -0.2848037 -0.30215655 -0.11 -0.11 -0.11 -0.11 -0.33246848 -0.335 -0.335 -0.33314396 -0.19125 -0.29739699 0.05625 0.05625 0.05625 0.05625 -0.54193139 -0.23 -0.23 -0.23 -0.23 -0.23006185 -0.475 -0.475 -0.475 -0.475 -0.5575 -0.5575 -0.5575 -0.28107332 -0.26713249 -0.38375 -0.38375 -0.32750303 -0.24249936 -0.22375181 -0.22375 -0.1025 -0.425 -0.425 -0.69875 -0.69875 -0.91795186 -0.91875 -1.1148057
-0.18875 -0.23875 -0.23875 -0.23875 -0.23875 -0.23875001 -0.63029006 -0.31427601 -0.22091716 -0.1102077 -0.11 -0.11 -0.11 -0.11 -0.10999991 -0.335 -0.33499998 -0.32513973 -0.1912512 0.05625 0.05625 0.05625 0.05625 0.05625 0.06170713 0.015168783 0.099999932 0.1 0.1 0.1 -0.47499999 -0.475 -0.47499924 0.15875 0.15875 -0.5575 0.0088016789 0.025 -0.38374976 -0.38375 -0.38375 -0.38375 -0.2425 -0.2425 -0.2425 -0.24152573 -0.20512255 -0.20375 -0.20375 -0.20375 -0.20375001 -0.68750005 -0.6875
-0.34125 -0.23875 -0.23875 -0.23875 -0.23875 -0.23875 -0.23875002 -0.32981468 0.011458846 0.0125 0.0125 0.0125 0.0125 0.0125 0.012499999 0.22065265 -0.32610029 -0.31531568 0.056218833 0.05625 0.05625 0.05625 0.05625 0.056250262 0.30875 0.30875 0.30874971 0.1 0.1 0.1009011 0.55 0.55 0.15875 0.15875 0.15875 0.046425447 0.025 0.025 0.025 -0.38375 -0.38375 -0.38375 -0.2425 -0.2425 -0.2425 -0.2425 -0.20375001 -0.20375 -0.20375 -0.20375 -0.20375 -0.6875 -0.6875
-0.34125 -0.30309041 -0.23875 -0.23875 -0.23875 -0.23875 0.031197008 0.03125 0.03125 0.0125 0.0125 0.0125 0.0125 0.0125 0.059378987 0.225 0.225 0.225 0.28056481 0.28124977 0.28125 0.28125 0.28125 0.28125 0.30875 0.30875 0.30875 0.30875 0.1 0.55 0.55 0.55 0.15875004 0.15875 0.15875 0.36875 0.025455136 0.025 0.025 -0.38369872 -0.281658 -0.043519921 -0.2425 -0.2425 -0.51914362 -0.52 -0.52 -0.20450667 -0.66214251 -0.66374996 -0.66374991 -0.70374753 -0.68750003
-0.34125 -0.21960707 -0.22736396 -0.23875 -0.23875 0.031090471 0.03125 0.03125 0.03125 0.031114882 0.0125 0.0125 0.0125 0.012500026 0.225 0.225 0.225 0.225 0.28119975 0.28125 0.28125 0.28125 0.28125 0.28125 0.30875 0.30875 0.30875 0.30875 0.30962751 0.55 0.55 0.55 0.615 0.15878238 0.36875 0.36875 0.36875 0.36901297 -0.038212949 -0.0425 -0.0425 -0.0425 -0.66375 -0.66375 -0.52 -0.52 -0.52 -0.66375 -0.66375 -0.66375 -0.66375 -0.70375 -0.70375
-0.21625798 -0.21625 -0.21625 -0.21625 0.225 0.031254998 0.03125 0.03125 0.03125 0.03125 0.022625977 0.012501743 0.012500004 0.225 0.225 0.225 0.225 0.225 0.24164085 0.28125 0.28125 0.28125 0.28125 0.28125 0.37059417 0.493749 0.49375 0.49375 0.49375 0.55 0.615 0.615 0.615 0.615 0.36875 0.36875069 0.395 0.395 -0.037037161 -0.0425 -0.0425 -0.0425 -0.66375 -0.66375 -0.54225745 -0.52 -0.52 -0.66375 -0.66375 -0.66375 -0.6641789 -0.70375 -0.70375
-0.21625 -0.21625 -0.21625 -0.0084587926 0.225 0.225 0.03125 0.03125 0.03125 0.03125 0.14625 0.14625 0.14625 0.225 0.225 0.225 0.225 0.22506528 0.41875 0.41875 0.28125006 0.28125 0.28118914 0.27875 0.28068555 0.49375 0.49375 0.49375 0.49375 0.61498765 0.615 0.615 0.615 0.615 0.39499991 0.395 0.395 0.395 0.39345415 -0.0425 -0.0425 -0.0425 -0.66375 -0.66375 -0.66375 -0.52 -0.52 -0.66375 -0.66375 -0.66375 -0.70375 -0.70375 -0.70375
-0.21625 -0.21625 -0.21625 0.225 0.225 0.225 0.2249997 0.03125 0.03125 0.14613129 0.14625 0.14625 0.14625 0.14629907 0.54472185 0.62 0.62 0.62 0.41875 0.41875 0.41875 0.27875 0.27875 0.27875 0.2787521 0.38491121 0.49375 0.49375 0.49375 0.60510149 0.60625086 0.60625 0.60625 0.60625 0.34389361 0.27125028 0.27125 0.27125 0.27125 -0.20247811 -0.2025 -0.2025 -0.66375 -0.66375 -0.35875127 -0.35875008 -0.57875 -0.57875 -0.51875 -0.51875 -0.51875 -0.70375 -0.427747
-0.21624903 -0.21625 -0.21624998 0.225 0.225 0.225 0.225 0.17249996 0.031814773 0.146284 0.14625 0.14625 0.14625 0.14717963 0.62 0.62 0.62 0.61999994 0.41875 0.41875 0.41875 0.27875 0.27875 0.27875 0.28625 0.28625 0.65249999 0.6525 0.6525 0.65224769 0.60625 0.60625 0.60625 0.60625 0.43884198 0.27125 0.27125 0.27125 0.27125 -0.2025 -0.2025 -0.2025 -0.20741622 -0.35875 -0.35875 -0.35875 -0.57875 -0.57875 -0.51875 -0.51875 -0.51875 -0.4275 -0.4275
0.0975 -0.039911502 0.16875 0.16876632 0.225 0.17280376 0.1725 0.1725 0.2185028 0.18375 0.18375 0.18375 0.18375 0.70623299 0.70625 0.62000007 0.62 0.61469736 0.41875 0.41875 0.41875 0.33 0.33 0.33 0.28625 0.28625 0.6525 0.6525 0.6525 0.65250011 0.80999871 0.80999943 0.61137095 0.60646843 0.26039579 0.26 0.26 0.26 0.26 -0.2025 -0.2025 -0.2025 -0.35014621 -0.35875 -0.35875 -0.35875002 -0.57875 -0.57875 -0.57874784 -0.51875 -0.51875838 -0.70625 -0.4275
0.26871748 0.26874998 0.16875 0.16875 0.16875 0.1725 0.1725 0.1725 0.29875 0.29875 0.18375 0.18375 0.18375 0.70625 0.70625 0.70625 0.70625 0.70621777 0.41875 0.41875 0.41875 0.33 0.33 0.33 0.28625 0.28625 0.6525 0.6525 0.6525 0.80822418 0.81 0.81 0.81 0.81 0.26027139 0.26 0.26 0.26 0.26 0.06499993 0.065 0.065 0.065 -0.35875066 -0.445 -0.445 -0.445 -0.71625 -0.71625 -0.71625 -0.70625 -0.70625 -0.70625
0.26875 0.26875 0.16875 0.16875 0.16875 0.17248029 0.1725 0.29875 0.29875 0.29875 0.18376416 0.18375 0.18272859 0.70624988 0.70625 0.70625 0.70625 0.11125 0.11125 0.11125 0.3825 0.38249996 0.33000026 0.33 0.33023301 0.74375 0.74375 0.74374978 0.65251475 0.87123779 0.87124967 0.87123931 0.81010468 0.81005286 0.35799604 0.26 0.26004189 0.2725 0.2725 0.065 0.065 0.065 0.065 -0.445 -0.445 -0.445 -0.445 -0.71625 -0.71625 -0.71625 -0.70625 -0.70625 -0.70625
0.26875 0.26875 0.16875 0.16875 0.16875 0.16875 0.21975169 0.29875 0.29875 0.29875 0.29868579 0.1825 0.1825 0.1825 0.70316342 0.70625 0.11521493 0.11125 0.11125 0.11125 0.3825 0.3825 0.3825 0.3825 0.74375 0.74375 0.74375 0.74375 0.74375 0.87125 0.87125 0.87125 0.87125 0.87124908 0.435 0.2725 0.2725 0.2725 0.2725 0.27249823 -0.255 -0.255 -0.255 -0.3326923 -0.49375 -0.49375 -0.49375 -0.71624999 -0.71624991 -0.61875 -0.61875 -0.29510005 -0.295
0.26875 0.26875 0.20484298 0.16875 0.16875 0.16875 0.10284825 0.29813153 0.29875 0.29875 0.18249996 0.1825 0.1825 0.1825 0.1825 0.2254195 0.11125 0.11125 0.11125 0.11125 0.3824979 0.3825 0.3825 0.3825 0.74375 0.74375 0.74375 0.74375 0.74375 0.4999244 0.87125 0.87125 0.87125 0.435 0.435 0.43487381 0.2725 0.2725 -0.012406624 -0.23374996 -0.255 -0.255 -0.255 -0.33137273 -0.49375 -0.49375 -0.49375 -0.47625 -0.61697446 -0.61875 -0.61875 -0.295 -0.295
0.21625 0.21625 0.21625 0.18065956 0.168573 0.1025 0.1025 0.1025 0.1025 0.0050000008 0.005 0.18249999 0.1825 0.1825 0.1825 0.18249546 0.11125 0.11125 0.11125 0.11125 0.2641353 0.3825 0.3825 0.38593487 0.52399164 0.74375 0.74375 0.74375 0.36875 0.36875 0.36875 0.36875211 0.435 0.435 0.435 0.435 -0.23375 -0.23375 -0.23375 -0.23375 -0.41625 -0.41625 -0.41625 -0.40000033 -0.4 -0.4 -0.40000003 -0.47625 -0.47625 -0.61857637 -0.61875 -0.29500052 -0.295
0.21625 0.21625 0.21625 0.21624091 0.0475 0.055497904 0.1025 0.1025 0.1025 0.005 0.005 0.005 -0.37249998 -0.3725 -0.3725 -0.37249999 0.11018525 0.11125 0.11125 0.11125 0.11537028 0.51374964 0.51375 0.51375 0.51375 0.51374999 0.24 0.24 0.36875 0.36875 0.36875 0.36875 0.43499989 0.435 0.435 0.43498799 -0.23375 -0.23375 -0.23375 -0.23341002 -0.41625 -0.41625 -0.41625 -0.40000075 -0.4 -0.4 -0.4 -0.47625 -0.47625 -0.47624999 -0.39875 -0.39875 -0.2
0.21625 0.21625 0.21625 0.047500389 0.0475 0.0475 0.10249998 0.1025 0.1025 0.005 0.005 0.005 -0.3725 -0.3725 -0.3725 -0.37992556 -0.47 -0.47 -0.4699985 0.10796695 0.51375 0.51375 0.51375 0.51375 0.51375 0.51354399 0.24 0.24 0.24 0.36875 0.36875 0.36865667 0.2875 0.2875 0.2875 0.041250001 0.041249999 -0.15625 -0.15625 -0.15625 -0.23875 -0.41619432 -0.416249 -0.2825 -0.2825 -0.28695312 -0.39999982 -0.47625 -0.47625 -0.39875 -0.39875 -0.39875 -0.2
0.21625 0.21625 0.21625 0.0475 0.0475 0.0475 0.0475 0.1025 0.1025 0.005 0.005 -0.35740544 -0.3725 -0.3725 -0.3725 -0.47 -0.47 -0.47 -0.47 -0.47 0.51375 0.51375 0.51375 0.51375 0.51375 0.24000093 0.24 0.24 0.24 0.22375 0.22375 0.22375 0.2875 0.2875 0.2875 0.04125 0.04125 -0.15625 -0.15625 -0.23875 -0.23875 -0.23875 -0.2825 -0.2825 -0.2825 -0.2825 -0.31874751 -0.72375 -0.72375 -0.72375 -0.39875 -0.3275 -0.3275
0.21625 0.21625 0.21601501 0.0475 0.0475 0.0475 0.0475 -0.094111751 -0.10125 -0.10106758 0.0049999857 -0.37249801 -0.3725 -0.3725 -0.37250034 -0.47 -0.47 -0.47 -0.47 -0.47 -0.40095019 0.51375 0.51375 0.51375 0.51371524 0.24000591 0.24 0.24 0.24 0.22375 0.22375 0.22375 0.22375995 0.2875 0.04125 0.04125 0.04125 0.041241927 -0.15625563 -0.23875 -0.23875 -0.23875 -0.28249734 -0.2825 -0.2825 -0.2825 -0.72374564 -0.72375 -0.72375 -0.72375 -0.3275 -0.3275 -0.3275
0.15625 0.1562501 0.04759259 0.0475 0.0475 0.0475 -0.10121835 -0.10125 -0.10125 -0.10125 -0.34874999 -0.34875 -0.34875 -0.34875 -0.46944039 -0.47 -0.47 -0.47 -0.47 -0.44000002 -0.44 -0.44 0.34500003 0.345 0.345 0.345 0.33593715 0.24 0.31499693 0.315 0.315 0.315 0.315 0.115 0.115 0.115 0.115 0.115 -0.095 -0.095 -0.095 -0.095 -0.095 -0.29248493 -0.2925 -0.2925 -0.2925 -0.72375 -0.72375 -0.72375 -0.32756243 -0.3275 -0.3275
0.15625 0.15625 0.15569529 0.089999915 0.089999991 0.089813537 -0.10125 -0.10125 -0.10125 -0.10125 -0.34875 -0.34875 -0.34875 -0.34875 -0.34875 -0.47 -0.47 -0.47 -0.44000001 -0.44 -0.44 -0.44 0.345 0.345 0.345 0.345 0.345 0.34497776 0.31512454 0.315 0.315 0.315 0.31505003 0.30066028 0.11519224 0.115 0.115 0.115 -0.095 -0.095 -0.095 -0.095 -0.095 -0.2925 -0.2925 -0.2925 -0.2925 -0.49416093 -0.72375 -0.52103717 -0.51875 -0.52875 -0.52875
0.15625 0.15625 0.090008392 0.09 0.09 0.09 0.041423307 -0.10125 -0.10125 -0.10125 -0.34875 -0.34875 -0.34875 -0.34875 -0.34875 -0.46990783 -0.47 -0.4400088 -0.44 -0.44 -0.44 -0.44 0.054191663 0.345 0.345 0.345 0.345 0.34520727 0.6375 0.6375 0.6375 0.6375 0.6375 0.4425 0.4425 0.4425 0.4425 0.4425 -0.0925 -0.0925 -0.0925 -0.0925 -0.0925 -0.29215206 -0.29249993 -0.2925 -0.29247585 -0.28962611 -0.51875 -0.51875 -0.51875 -0.52874994 -0.52875
0.15625004 0.17831134 0.090000012 0.09 0.09 0.09 0.09 -0.10116857 -0.10125 -0.10125 -0.34875 -0.34875 -0.34875 -0.34875 -0.46975134 -0.4725 -0.4725 -0.44000084 -0.44 -0.44 -0.44 -0.44 -0.43999989 0.345 0.345 0.345 0.345 0.92249971 0.92249987 0.86184507 0.6375 0.6375 0.6375 0.4425 0.4425 0.4425 0.4425 0.44258889 -0.0925 -0.0925 -0.0925 -0.0925 -0.092488316 -0.15 -0.15 -0.15 -0.15 -0.15002974 -0.51875 -0.51875 -0.51875 -0.51874998 -0.49426546
