interpolatedSpi/07-09|22_3.tif
NCOLS 53
NROWS 52
XLLCORNER -116.03883
YLLCORNER 28.596182
DX 0.49850594
DY 0.49788537
NODATA_VALUE -9999
[rows 0 to 28 of 52, columns 0 to 52 of 53]
-0.86666667 -0.86666667 -1.2842763 -1.65 -1.3766667 -1.0033333 -1.0633333 -1.29 -1.6065169 -0.75 -1.3133333 -0.18 -0.48667984 -0.64666667 -0.55 -0.55 -0.55 0.45333333 0.18 0.18 0.18 0.179999 0.076666665 -0.13666667 -0.13666667 -0.13666667 -0.67000027 -0.67 -0.67 -0.93333333 -0.93333333 -0.93333333 -0.93333333 -0.82333336 -0.82333333 -0.82333333 -0.82333333 -0.82333333 -0.82333333 -0.8233333 0.5188766 0.53316259 -0.13666667 -0.13666667 -0.13666667 -0.13666667 -0.13661767 -0.10666667 -0.10666667 -0.10666667 -0.58666567 -0.58666667 -0.58666667
-0.86668251 -1.2233333 -1.1233328 -0.89451998 -0.65011939 -1.0766667 -1.4366667 -0.55750875 -0.63333333 -0.65 -0.28 -0.48666667 -0.48666667 0.30016559 -0.64665434 -0.55 0.45333333 0.45333333 0.18035639 0.18 0.18 0.18 -0.15737059 -0.13666667 -0.13666667 -0.13666667 -1.1266666 -1.1266667 -0.93333333 -0.93333333 -0.93333333 -0.93333333 -0.93333333 -0.82333335 -0.82333333 -0.82333333 -0.82333333 -0.82333333 -0.82333327 -0.60394629 0.51991562 -0.056985733 -0.13666667 -0.13666667 -0.13666667 -0.13666667 -0.13666667 -0.10666667 -0.10666667 -0.10666667 -0.14646873 -0.58666667 -0.58666667
-0.50331739 -0.50333333 -0.65666667 -0.30333333 -0.47 -0.68666667 -0.34 0.2 -0.66 0.47333333 -0.26333333 -0.11333333 -0.78 0.61333333 0.30333333 0.17333333 0.45333333 0.45333333 0.45333333 0.17333527 0.17333333 0.17333333 -0.53 -0.13666667 -0.13666667 -0.13666667 -1.1266667 -1.1266667 -1.1266667 -0.93333333 -0.93333333 -0.93333333 -0.89482133 -0.82155062 -0.81492523 0.071722331 0.08 0.08 0.1353404 0.52 0.52 0.51916029 -0.13666667 -0.13666667 -0.13666667 -0.13666667 -0.13666667 -0.10666667 -0.10666667 -0.10666667 -0.10666667 -0.58666667 -0.58666667
-0.59333333 -0.50333318 0.26326083 1.01 -0.16666667 0.35333333 0.023333333 -0.29666667 0.16333333 0.21296114 0.18333333 0.87 0.70333333 0.61333333 -0.073333333 0.17333333 -0.95463675 -0.96234073 -1.6066667 0.17333333 0.17333333 -0.96333333 -0.53 -0.53 -0.13666667 -0.13667161 -1.1266667 -1.1266667 -1.1266667 -1.1533333 -0.98873002 -0.85333333 -0.85333333 -0.85333259 0.08 0.08 0.08 0.08 0.52 0.52 0.52 0.51999998 -0.13666667 -0.13666667 -0.13666667 -0.13666667 -0.13666667 -0.10666705 -0.10666667 -0.10666667 -0.10666667 -0.58663575 -0.58666667
-0.59333333 0.76333242 0.26333333 0.73067545 -0.16666667 -0.25333333 -0.51329421 1.1233333 0.013333333 1.3266661 1.0567122 0.93320633 0.046666667 -0.073333333 -0.073333333 0.073852351 -0.96333333 -0.96333333 -1.6066667 -1.6066667 0.17333103 -0.96333333 0.97 -0.24333333 -0.84333333 -0.84292336 -1.1266667 -1.1266667 -1.1533333 -1.1533333 -0.85333333 -0.85333333 -0.85333333 -0.66035985 0.08 0.08 0.08 0.52 0.52 0.52 0.52 0.51994433 -0.13666667 -0.13666667 -0.13666667 -0.13666667 -0.13666667 -0.13639963 -0.10666667 -0.10664574 0.36 0.36 0.36
-2.02 -0.016666667 0.10666664 -0.1 0.05 -0.25333333 -0.38666667 -0.19334342 0.24333333 -0.51666667 -1.66 0.046666667 0.046666667 -0.12666667 -0.12666667 -0.30007243 -0.3 -0.74666667 -0.74666667 -1.6066656 -1.32 -1.32 -0.24333333 -0.84333333 -0.84333333 0.91 0.2 0.2 0.4798508 -1.1533333 -0.85333333 -0.85333333 0.17 0.1701017 1.1432636 1.04 1.04 0.68087387 0.52 0.52 -0.055947439 -0.056666662 -0.056662998 -0.43137084 -0.43663351 -0.43666659 -0.43666666 -0.43666655 0.35154035 0.36 0.36 0.36 0.36
-2.0266662 -0.083333333 0.29554333 -0.16666667 -0.32333333 -0.51333333 0.27333333 0.72666667 0.76666667 0.76666667 -1.66 -0.24 -1.353333 -0.12666667 -0.59999858 -0.6 -0.3 -0.74333333 -0.35333333 -0.35333333 -1.2021838 -1.07 -1.07 0.64666665 0.91 0.91 0.2 0.2 0.47996154 0.47929187 0.69728656 0.17 0.17 1.1433333 1.1433333 1.094464 1.04 1.04 1.1699955 -0.056664959 -0.056666667 -0.056666667 -0.056645523 -0.43666051 -0.43666667 -0.43666667 -0.43666667 -0.43666619 0.36666667 0.36000132 0.36 0.36 0.36
-2.0266667 -0.22 0.50666667 -0.48666667 -0.17001815 -0.20333333 0.36666667 1.1166667 0.46 0.94 0.94 -0.29 -1.3533333 -1.3533333 -0.60516857 -1.0068048 -1.0466667 -0.18333333 -0.54666647 -0.35333333 0.3568936 0.45 -0.36666667 0.62333333 0.62332706 0.13666667 0.086666667 0.086666707 -0.17768727 -0.17999998 0.7 0.31014576 0.88333333 1.1433333 1.136108 1.14 1.14 1.17 1.17 -0.056666667 -0.056666667 -0.056666634 0.66677203 0.66666661 -0.43666667 -0.43666667 -0.43666667 0.36663609 0.36666667 0.36666667 0.36 0.36 0.36
-0.35603827 -0.22 0.45333333 0.25666667 0.053333333 0.22333333 0.78 1.1366667 1.4 0.530793 -0.26333333 -0.41333333 -0.41333333 0.35333333 0.35332616 -1.4123114 -1.4133333 -1.4133333 -0.23879673 -0.47000004 -0.64666667 -0.64666665 0.77333333 0.082588595 0.18570982 0.13666667 0.13333333 0.086666667 0.2821905 0.28333333 0.15 1.1366667 0.66491155 0.47666667 0.89 0.98333333 1.25 0.29333333 1.7126776 -0.049866851 1.4666667 0.77333334 0.66675566 0.66666667 0.66045651 -0.43666667 1.5133332 0.36666668 0.36666667 0.36666667 0.36666666 0.28820071 -0.083333333
-1.1166667 -1.1166667 0.43 0.27333333 0.24333333 0.78666667 0.5 0.57666667 0.53666667 0.31002305 0.33666667 0.56666667 0.35333333 0.35333333 -0.41 -0.42376117 -1.4133333 -1.4130678 -0.21 -0.47 -0.47 -0.49276061 0.77333333 0.45667266 0.45666667 0.45666667 0.13333333 1.19 1.19 0.28333333 0.28333333 1.1348902 0.2 0.47666667 0.52 0.98333333 1.25 1.3366667 1.7133333 -0.0050252332 0.77333336 0.93496267 1.2133333 0.66666667 0.66666667 1.5133333 1.5133333 1.5133333 0.36666667 0.36666667 -0.21666667 -0.21666667 -0.21666662
-1.1166667 -1.1166667 -0.29333333 -0.37333333 -0.21333333 0.15333333 0.063333337 0.31056087 0.96 0.39333333 0.41666667 -0.086666667 0.56579657 -0.41 -0.41 -0.41001923 -0.57666667 -0.55742228 -0.21 -0.74333333 -0.74333333 -0.81666667 -0.81666667 0.45666667 0.45666667 0.45666667 1.19 1.19 1.19 -0.77333333 -0.77333333 -0.77333173 0.12 0.12 0.28 -0.36666667 0.85 0.67000346 0.59 -0.033333333 -0.033333333 -0.15999549 1.2133333 0.66666667 0.56666616 -0.13333333 0.50768317 0.50333334 0.08 0.08 -0.21666667 -0.21666667 -0.21666667
-1.1166667 -0.76113311 -0.32747219 -0.29332817 0.34333333 0.40666667 0.063333333 0.31 0.95999457 0.39961131 -0.086666042 -0.086666667 -0.15666667 -0.41 -0.41 -0.57666666 -0.57666667 -0.5766458 -0.21 -0.74333333 -0.75773451 -0.81666667 -0.81666667 0.45661611 0.45666667 0.30435994 -0.0066666667 -0.0066666667 -0.0066665166 -0.77333333 -0.77333333 -0.58333333 -0.58333333 0.12000044 0.28 0.040000047 0.88634626 0.67 0.67 -0.033333337 -0.16 -0.16 -0.15999453 0.56666667 0.56666667 -0.13333333 0.50333333 0.50333333 0.08 0.08 -0.21666667 -0.21666667 -0.21666667
0.44 0.13880569 0.1766463 0.17326957 0.3433334 0.40666517 0.063333343 0.30696369 0.91520835 0.94520282 -0.15666667 -0.15666667 -0.15666667 -0.15666667 -0.40996411 -0.57666667 -0.57666667 -0.57193242 -0.21 -0.74313518 -0.07 -0.07 -0.07 -0.07 0.44736719 -0.0066666667 -0.0066666667 -0.0066666667 -0.0066666667 -0.0072844414 -0.58333333 -0.58333333 -0.58333333 -0.58333333 0.04 0.04 0.04 0.64009786 0.66118763 -0.50333333 -0.50333333 -0.16001847 -0.29997033 0.56658319 0.56666667 -0.13333333 0.50333333 0.50333333 0.080000001 0.08 -0.21559039 -0.21666667 -0.58075077
0.44 0.17666667 0.17666667 0.17666667 0.17666667 0.17666676 0.064212194 0.18013118 0.79570831 -0.15547819 -0.15666667 -0.15666667 -0.15666667 -0.15666667 -0.15666638 -0.57666666 -0.57666661 -0.55151584 -0.21000466 -0.07 -0.07 -0.07 -0.07 -0.07 -0.068846972 -0.36966109 -0.62333321 -0.62333333 -0.62333333 -0.62333333 -0.58333333 -0.58333333 -0.58333377 -0.95 -0.95 0.04 -0.65997804 -0.68 -0.50333344 -0.50333333 -0.50333333 -0.50333333 -0.3 -0.3 -0.3 -0.29884015 0.30450237 0.30333333 0.30333333 0.30333333 0.30333333 0.18333325 0.18333333
0.59333333 0.17666667 0.17666667 0.17666667 0.17666667 0.17666667 0.17666666 -0.015161046 0.25228712 0.25 0.25 0.25 0.25 0.25 0.25 0.14866055 -0.56515511 -0.52645757 -0.070017726 -0.07 -0.07 -0.07 -0.07 -0.069999756 -0.016666667 -0.016666667 -0.01666752 -0.62333333 -0.62333333 -0.62310639 -0.51 -0.51 -0.95 -0.95 -0.95 -0.72325102 -0.68 -0.68 -0.68 -0.50333333 -0.50333333 -0.50333333 -0.3 -0.3 -0.3 -0.3 0.30333332 0.30333333 0.30333333 0.30333333 0.30333333 0.18333333 0.18333333
0.59333333 0.43821307 0.17666667 0.17666667 0.17666667 0.17666667 -0.35989467 -0.36 -0.35999998 0.25 0.25 0.25 0.25 0.25 0.22720394 0.14666667 0.14666667 0.14666667 0.13936059 0.13999979 0.14 0.14 0.14 0.14 -0.016666667 -0.016666667 -0.016666667 -0.016666667 -0.62333333 -0.51 -0.51 -0.51 -0.94999996 -0.95 -0.95 -0.59333333 -0.67988525 -0.68 -0.68 -0.50339931 -0.63496844 -0.94201827 -0.3 -0.3 -0.72867299 -0.73 -0.73 0.30123797 -0.96555028 -0.96999989 -0.96999976 -0.72652899 0.18333148
0.59333333 -0.026234225 0.065336539 0.17666667 0.17666667 -0.35968291 -0.36 -0.36 -0.36 -0.35560417 0.25 0.25 0.25 0.24999999 0.14666667 0.14666667 0.14666667 0.14666667 0.14000596 0.14 0.14 0.14 0.14 0.14 -0.016666663 -0.016666667 -0.016666667 -0.016666667 -0.018461094 -0.51 -0.51 -0.51 0.029999987 -0.94994006 -0.59333333 -0.59333333 -0.59333333 -0.59231381 -0.92664872 -0.94333333 -0.94333333 -0.94333333 -1.0433333 -1.0433333 -0.73 -0.73 -0.73 -0.97 -0.97 -0.97 -0.97 -0.72666667 -0.72666667
-0.042943121 -0.043333333 -0.043333333 -0.043333338 -0.52666667 -0.3600043 -0.36 -0.36 -0.36 -0.36 0.28835858 0.2500066 0.25000001 0.14666667 0.14666667 0.14666667 0.14666667 0.14666667 0.12299693 0.14 0.14 0.14 0.14 0.14 -0.23355995 -0.71666287 -0.71666667 -0.71666667 -0.71666667 -0.50999997 0.029999991 0.03 0.03 0.03 -0.59333333 -0.59333088 -0.5 -0.5 -0.93779766 -0.94333333 -0.94333333 -0.94333333 -1.0433333 -1.0433333 -0.77851479 -0.73 -0.73 -0.97 -0.97 -0.97 -0.96739083 -0.72666667 -0.72666667
-0.043333333 -0.043333333 -0.043333333 -0.27094221 -0.52666667 -0.52666667 -0.36 -0.36 -0.36 -0.36 0.75666667 0.75666667 0.75666667 0.14666667 0.14666667 0.14666667 0.14666667 0.14661434 -0.22 -0.22 0.13999985 0.14 0.13058629 -0.24666667 -0.25089787 -0.71666667 -0.71666667 -0.71666667 -0.71666667 0.029923971 0.03 0.03 0.03 0.03 -0.50000033 -0.5 -0.5 -0.5 -0.50154794 -0.94333333 -0.94333333 -0.94333333 -1.0433333 -1.0433333 -1.0433333 -0.73 -0.73 -0.96999998 -0.97 -0.97 -0.72666667 -0.72666667 -0.72666667
-0.043333333 -0.043333333 -0.043333333 -0.52666667 -0.52666667 -0.52666667 -0.52666641 -0.36 -0.36 0.75551395 0.75666667 0.75666667 0.75666667 0.7562866 -0.10965043 -0.17 -0.17 -0.17 -0.22 -0.22 -0.22 -0.24666667 -0.24666667 -0.24666667 -0.24670122 -0.53483157 -0.71666667 -0.71666667 -0.71666666 -0.054954975 -0.053325137 -0.053333333 -0.053333333 -0.053333333 -0.41774994 -0.30333378 -0.30333333 -0.30333333 -0.30333333 -1.1233087 -1.1233333 -1.1233333 -1.0433333 -1.0433333 -0.74333459 -0.74333304 0.096666667 0.096666667 -0.45333333 -0.45333333 -0.45333333 -0.72666667 0.28909098
-0.043333706 -0.043333333 -0.043333351 -0.52666667 -0.52666667 -0.52666667 -0.52666666 -0.27666669 -0.3596668 0.75606517 0.75666667 0.75666667 0.75666667 0.75484829 -0.17 -0.17 -0.17 -0.17000001 -0.22 -0.22 -0.22 -0.24666667 -0.24666667 -0.24666667 -0.37 -0.37 -0.22 -0.22 -0.22 -0.21909078 -0.053333333 -0.053333333 -0.053333333 -0.053333333 -0.17826481 -0.30333333 -0.30333333 -0.30333333 -0.30333333 -1.1233333 -1.1233333 -1.1233333 -1.1113771 -0.74333333 -0.74333333 -0.74333333 0.096666667 0.096666667 -0.45333333 -0.45333333 -0.45333333 0.28999997 0.29
-0.16333333 -0.11438963 -0.2 -0.20009477 -0.52666667 -0.27811316 -0.27666667 -0.27666667 -0.24751638 0.093333327 0.093333333 0.093333333 0.093333333 -0.066661458 -0.066666667 -0.16999992 -0.17 -0.17131743 -0.22 -0.22 -0.22 -0.46 -0.46 -0.46 -0.37 -0.37 -0.22 -0.22 -0.22 -0.22000026 -0.57999665 -0.57999852 -0.066570309 -0.053897956 -1.0322123 -1.0333333 -1.0333333 -1.0333333 -1.0333333 -1.1233333 -1.1233333 -1.1233333 -0.76425721 -0.74333333 -0.74333333 -0.74333329 0.096666667 0.096666667 0.096646868 -0.45333333 -0.45330293 0.22666667 0.29
-0.45994366 -0.45999995 -0.2 -0.2 -0.2 -0.27666667 -0.27666667 -0.27666667 -0.19666667 -0.19666667 0.093333333 0.093333333 0.093333333 -0.066666667 -0.066666667 -0.066666667 -0.066666667 -0.066684076 -0.22 -0.22 -0.22000001 -0.46 -0.46 -0.46 -0.37 -0.37 -0.22 -0.22 -0.22 -0.57594097 -0.58 -0.58 -0.58 -0.58 -1.0331096 -1.0333333 -1.0333333 -1.0333333 -1.0333333 -0.95666671 -0.95666667 -0.95666667 -0.95666667 -0.74333144 -0.49666667 -0.49666667 -0.49666667 0.20666667 0.20666667 0.20666667 0.22666667 0.22666667 0.22666667
-0.46 -0.46 -0.2 -0.2 -0.2 -0.27626369 -0.27666667 -0.19666667 -0.19666667 -0.19666667 0.093297634 0.093333333 -0.026511626 -0.066666664 -0.066666667 -0.066666667 -0.066666667 -0.11 -0.11 -0.11 -0.84333332 -0.84333305 -0.46000187 -0.46 -0.46028104 -0.97666667 -0.97666667 -0.97666486 -0.22012228 -1.1532191 -1.1533303 -1.1532332 -0.58097989 -0.58049478 -0.95296426 -1.0333335 -1.0346738 -1.4333333 -1.4333333 -0.95666667 -0.95666667 -0.95666667 -0.95666667 -0.49666667 -0.49666667 -0.49666667 -0.49666667 0.20666667 0.20666667 0.20666667 0.22666667 0.22666667 0.22666667
-0.46 -0.46 -0.2 -0.2 -0.2 -0.2 -0.246725 -0.19666667 -0.19666667 -0.19666667 -0.19658749 -0.053333333 -0.053333333 -0.053333333 -0.06658809 -0.066666667 -0.10971124 -0.11 -0.11 -0.11 -0.84333333 -0.84333333 -0.84333333 -0.84333333 -0.97666667 -0.97666667 -0.97666667 -0.97666667 -0.97666667 -1.1533333 -1.1533333 -1.1533333 -1.1533333 -1.1533324 -0.72 -1.4333333 -1.4333333 -1.4333333 -1.4333333 -1.4333314 -0.89666667 -0.89666667 -0.89666667 -0.80771935 -0.62333333 -0.62333333 -0.62333333 0.20666664 0.20666618 -0.3 -0.3 0.33997243 0.34
-0.46 -0.46 -0.29384174 -0.2 -0.2 -0.19999999 0.069526792 -0.19582628 -0.19666667 -0.19666667 -0.053333272 -0.053333333 -0.053333333 -0.053333333 -0.053333333 -0.054434653 -0.11 -0.11 -0.11 -0.11 -0.84332766 -0.84333333 -0.84333333 -0.84333333 -0.97666667 -0.97666667 -0.97666667 -0.97666667 -0.97666667 -1.2469345 -1.1533333 -1.1533333 -1.1533333 -0.72 -0.72 -0.72055392 -1.4333333 -1.4333333 -1.2438646 -1.0966667 -0.89666667 -0.89666667 -0.89666667 -0.81096364 -0.62333333 -0.62333333 -0.62333333 -1.3866667 -0.31353976 -0.3 -0.3 0.34 0.34
-0.11333333 -0.11333333 -0.11333333 -0.17827028 -0.19976233 0.07 0.07 0.07 0.07 0.23666667 0.23666667 -0.053333313 -0.053333333 -0.053333333 -0.053333333 -0.053336931 -0.11 -0.11 -0.11 -0.11 -0.52333046 -0.84333333 -0.84333333 -0.82798002 -0.28872746 -0.97666667 -0.97666667 -0.97666667 -1.28 -1.28 -1.28 -1.2799995 -0.72 -0.72 -0.72 -0.72 -1.0966667 -1.0966667 -1.0966667 -1.0966667 -1.0733333 -1.0733333 -1.0733333 -1.2199971 -1.22 -1.22 -1.2199998 -1.3866667 -1.3866667 -0.30132404 -0.3 0.33999598 0.34
-0.11333333 -0.11333333 -0.11333333 -0.11332938 -0.04 -0.024004193 0.07 0.07 0.07 0.23666667 0.23666667 0.23666667 -0.19999999 -0.2 -0.2 -0.19999998 -0.10878489 -0.11 -0.11 -0.11 -0.12108791 -0.25666828 -0.25666667 -0.25666667 -0.25666667 -0.25666668 -0.44666667 -0.44666667 -1.28 -1.28 -1.28 -1.28 -0.71999995 -0.72 -0.72 -0.71999403 -1.0966667 -1.0966667 -1.0966667 -1.0947511 -1.0733333 -1.0733333 -1.0733333 -1.2199932 -1.22 -1.22 -1.22 -1.3866667 -1.3866667 -1.3866665 -0.45666667 -0.45666667 -0.38
-0.11333333 -0.11333333 -0.11333333 -0.040000169 -0.04 -0.04 0.069999959 0.07 0.07 0.23666667 0.23666667 0.23666667 -0.2 -0.2 -0.2 -0.14262647 0.55333333 0.55333333 0.55333162 -0.10625332 -0.25666667 -0.25666667 -0.25666667 -0.25666667 -0.25666667 -0.25680965 -0.44666667 -0.44666667 -0.44666667 -1.28 -1.28 -1.2797275 -0.64666667 -0.64666667 -0.64666667 -0.32333333 -0.32333334 -0.66 -0.66 -0.66 -0.23666667 -1.0730709 -1.0733292 -0.52 -0.52 -0.5465292 -1.2199984 -1.3866667 -1.3866667 -0.45666667 -0.45666667 -0.45666667 -0.38
