interpolatedSpi/07-07|21_1.tif
NCOLS 53
NROWS 52
XLLCORNER -116.03883
YLLCORNER 28.596182
DX 0.49850594
DY 0.49788537
NODATA_VALUE -9999
-1.655 -1.655 -1.6531197 -1.415 -0.985 -1.625 -1.205 -1.455 -0.99170927 -0.905 -1.445 -1.08 -1.3650362 -1.805 -1.875 -1.875 -1.875 -0.285 -1.2 -1.2 -1.2 -1.1999958 -0.76000001 -1.91 -1.91 -1.91 -0.65999779 -0.66 -0.66 0.35 0.35 0.35 0.35 -0.26999988 -0.27 -0.27 -0.27 -0.27 -0.27 -0.27000004 -1.6303479 -1.6447389 -0.62 -0.62 -0.62 -0.62 -0.62013067 -0.7 -0.7 -0.7 0.34999782 0.35 0.35 
-1.6549989 -1.63 -1.3350002 -1.6092553 -2.594741 -1.59 -1.71 -1.7286364 -1.92 -1.42 -1.49 -1.365 -1.365 -1.0824175 -1.8049919 -1.875 -0.285 -0.285 -1.198807 -1.2 -1.2 -1.2 -1.9668481 -1.91 -1.91 -1.91 -1.825 -1.825 0.35 0.35 0.35 0.35 0.35 -0.26999991 -0.27 -0.27 -0.27 -0.27 -0.27000009 -0.50081511 -1.6599273 -0.74619555 -0.62 -0.62 -0.62 -0.62 -0.62 -0.7 -0.7 -0.7 -0.61293299 0.35 0.35 
-2.2699554 -2.27 -1.49 -2.125 -1.38 -1.41 -1.22 -1.56 -1.24 -0.8 -1.755 -1.23 -0.855 -1.44 -1.08 -1.735 -0.285 -0.285 -0.285 -1.5598953 -1.56 -1.56 -2.99 -1.91 -1.91 -1.91 -1.825 -1.825 -1.825 0.35 0.35 0.34999993 -0.3528441 -0.27305652 -0.2808902 -1.4292787 -1.44 -1.44 -1.4676702 -1.66 -1.66 -1.6586701 -0.62 -0.62 -0.62 -0.62 -0.62 -0.7 -0.7 -0.7 -0.7 0.35 0.35 
-0.8 -2.2699997 -0.88987362 -0.575 -0.335 -1.15 -0.7 -0.7 -0.59 -0.56569479 -0.675 -0.785 -0.89 -1.44 -1.335 -1.735 -2.04759 -2.0487633 -1.895 -1.56 -1.56 -2.64 -2.99 -2.99 -1.91 -1.9099996 -1.825 -1.825 -1.825 -0.4 -0.78956119 -1.11 -1.11 -1.1100002 -1.44 -1.44 -1.44 -1.44 -1.66 -1.66 -1.66 -1.66 -0.62 -0.62 -0.62 -0.62 -0.62 -0.69999899 -0.7 -0.7 -0.7 0.34992275 0.35 
-0.8 -0.61000051 -0.89 -1.0715281 -0.335 -1.07 -0.80501162 -0.935 -0.895 -0.78500024 -1.1040473 -1.2500874 -1.86 -1.335 -1.335 -1.6075884 -2.05 -2.05 -1.895 -1.895 -1.5600021 -2.64 -2.05 -1.025 -1.35 -1.3498142 -1.825 -1.825 -0.4 -0.4 -1.11 -1.11 -1.11 -1.0043989 -1.44 -1.44 -1.44 -1.66 -1.66 -1.66 -1.66 -1.660027 -0.62000002 -0.62 -0.62 -0.62 -0.62 -0.6207121 -0.7 -0.70005896 -2.015 -2.015 -2.015 
-1.51 -0.715 -0.52500001 -1.035 -1.68 -0.815 -1.12 -1.0963147 -0.875 -0.35 -1.155 -1.05 -1.0500005 -2.11 -2.11 -2.2147924 -2.215 -2.245 -2.245 -1.8949993 -1.72 -1.72 -1.025 -1.35 -1.35 -0.555 -0.43 -0.43 -0.57498412 -0.4 -1.11 -1.11 -0.55 -0.54997858 -0.34501513 -1.93 -1.93 -1.7435307 -1.66 -1.66 -1.9396508 -1.94 -1.94 -1.9019632 -1.9248558 -1.9249997 -1.925 -1.9249995 -1.6248142 -2.015 -2.015 -2.015 -2.015 
-0.95500215 -0.51 -0.41190863 -0.54 -0.935 -1.15 -0.865 -1 -0.895 -0.895 -1.155 -1.68 -1.155 -2.11 -1.3550023 -1.355 -2.215 -1.185 -1.075 -1.075 -1.6870115 -1.65 -1.65 -0.61500001 -0.555 -0.555 -0.43 -0.43 -0.57500058 -0.57501073 -0.26598782 -0.55 -0.55 -0.345 -0.345 -1.86192 -1.93 -1.93 -1.6900083 -1.9399997 -1.94 -1.94 -1.9399978 -1.9249948 -1.925 -1.925 -1.925 -1.9249998 -1.59 -2.0149158 -2.015 -2.015 -2.015 
-0.955 -0.5 -0.525 -1.015 -1.2299877 -0.955 -0.395 -1.57 -1.685 -1.44 -1.44 -1.01 -1.155 -1.155 -1.3536278 -0.94060558 -0.9 -0.785 -1.7099993 -1.075 -1.170094 -1.165 -0.265 -0.43 -0.42999484 -0.03 -0.645 -0.64499992 -0.58496496 -0.58499999 -0.265 -0.98752566 -0.925 -0.345 -0.37380641 -1.805 -1.805 -1.69 -1.69 -1.94 -1.94 -1.94 -1.0013117 -1 -1.925 -1.925 -1.925 -1.5900128 -1.59 -1.59 -2.015 -2.015 -2.015 
-0.53944604 -0.5 -0.355 -0.615 -0.31 -0.675 -0.725 -0.945 -1.705 -1.4059609 -1.3 -1.605 -1.605 -1.185 -1.1850017 -0.53601729 -0.535 -0.535 -0.92620266 -0.65500012 -1.225 -1.225 -1.03 -0.56647392 -0.070309439 -0.03 -0.875 -0.645 -0.25726629 -0.255 -1.005 -0.28 -0.29763034 -1.155 -1.355 -1.335 -1.56 -1.11 -1.6047714 -1.94 -1.94 -1.08 -1.0000431 -1 -1.0052064 -1.925 -1.255 -1.59 -1.59 -1.59 -1.59 -2.1046454 -1.46 
-0.76 -0.76 -0.375 -0.62 -0.24 -0.965 -1.53 -1.25 -1.34 -1.3299839 -1.805 -1.27 -1.185 -1.185 -1.37 -1.3585476 -0.535 -0.5350749 -0.915 -0.655 -0.655 -0.72843513 -1.03 -0.3750124 -0.375 -0.375 -0.875 0.14 0.14 -0.255 -0.255 -0.28006638 -0.315 -1.155 -0.965 -1.335 -1.56 -1.79 -1.605 -1.334457 -1.08 -1.1479578 -1.265 -1 -1 -1.255 -1.255 -1.255 -1.59 -1.59 -2.735 -2.735 -2.7349995 
-0.76 -0.76 -1.14 -1.205 -1.535 -0.335 -0.79500001 -1.6300364 -1.955 -1.795 -1.485 -1.91 -1.2708519 -1.37 -1.37 -1.3698887 -0.405 -0.43176719 -0.915 -1.68 -1.68 -0.685 -0.685 -0.375 -0.375 -0.375 0.14 0.14 0.14 -0.085 -0.085 -0.085000379 -0.625 -0.625 -0.95 -1.295 -1.29 -1.4549931 -2.27 -1.33 -1.33 -1.8199982 -1.265 -1 -1.9249998 -1.895 -0.92642123 -0.925 -1.105 -1.105 -2.735 -2.735 -2.735 
-0.76 -0.92412387 -1.1677378 -1.4999972 -1.22 -1.23 -0.795 -1.63 -1.9549973 -1.7967726 -1.9099999 -1.91 -1.415 -1.37 -1.37 -0.40500003 -0.405 -0.40502903 -0.915 -1.68 -1.4846022 -0.685 -0.685 -0.37501311 -0.375 -0.31747408 -0.2 -0.2 -0.19999996 -0.085 -0.085 -0.8 -0.8 -0.62500089 -0.95 -1.585 -1.186572 -1.455 -1.455 -1.33 -1.82 -1.82 -1.8200007 -1.925 -1.925 -1.895 -0.925 -0.925 -1.105 -1.105 -2.735 -2.735 -2.735 
-1.885 -1.4405405 -1.4649903 -1.4652495 -1.2200002 -1.2299998 -0.79500001 -1.6197216 -1.9326042 -1.950822 -1.415 -1.415 -1.415 -1.415 -1.3700064 -0.405 -0.405 -0.41158491 -0.915 -1.6798997 -1.35 -1.35 -1.35 -1.35 -0.39134209 -0.2 -0.2 -0.2 -0.2 -0.20007813 -0.8 -0.8 -0.8 -0.8 -1.585 -1.585 -1.585 -1.4603232 -1.4580042 -1.855 -1.855 -1.8200019 -2.0849945 -1.9250154 -1.925 -1.895 -0.925 -0.925 -1.105 -1.105 -2.7290865 -2.735 -0.83473052 
-1.885 -1.465 -1.465 -1.465 -1.465 -1.4649999 -0.79611348 -1.1901331 -1.8728542 -1.4155775 -1.415 -1.415 -1.415 -1.415 -1.415 -0.40500002 -0.40500008 -0.43998252 -0.91499431 -1.35 -1.35 -1.35 -1.35 -1.35 -1.3470772 -0.60511401 -0.72499989 -0.725 -0.725 -0.725 -0.8 -0.8 -0.80000063 -1.32 -1.32 -1.585 -1.0843213 -1.07 -1.8549995 -1.855 -1.855 -1.855 -2.085 -2.085 -2.085 -2.0836778 -1.9236626 -1.93 -1.93 -1.93 -1.93 -0.75500041 -0.755 
-1.625 -1.465 -1.465 -1.465 -1.465 -1.465 -1.465 -1.0817141 -1.4669214 -1.465 -1.465 -1.465 -1.465 -1.465 -1.465 -2.1212975 -0.43249961 -0.47483644 -1.3499451 -1.35 -1.35 -1.35 -1.35 -1.3500001 -1.215 -1.215 -1.2149993 -0.725 -0.725 -0.72511013 -0.78 -0.78 -1.32 -1.32 -1.32 -1.1100473 -1.07 -1.07 -1.07 -1.855 -1.855 -1.855 -2.085 -2.085 -2.085 -2.085 -1.93 -1.93 -1.93 -1.93 -1.93 -0.755 -0.755 
-1.625 -1.5654338 -1.465 -1.465 -1.465 -1.465 -1.3050314 -1.305 -1.305 -1.465 -1.465 -1.465 -1.465 -1.465 -1.6128067 -2.135 -2.135 -2.135 -1.4297575 -1.4299999 -1.43 -1.43 -1.43 -1.43 -1.215 -1.215 -1.215 -1.215 -0.725 -0.78 -0.78 -0.78 -1.32 -1.32 -1.32 -1.02 -1.0699338 -1.07 -1.07 -1.8549368 -1.7293483 -1.4362553 -2.085 -2.085 -1.8108487 -1.81 -1.81 -1.9277425 -0.559805 -0.55500012 -0.55500026 0.48481205 -0.75499748 
-1.625 -1.2065487 -1.3283676 -1.465 -1.465 -1.3050945 -1.305 -1.305 -1.305 -1.306153 -1.465 -1.465 -1.465 -1.4650001 -2.135 -2.135 -2.135 -2.135 -1.4306298 -1.43 -1.43 -1.43 -1.43 -1.43 -1.215 -1.215 -1.215 -1.215 -1.2134178 -0.78 -0.78 -0.78 -1.025 -1.3199624 -1.02 -1.02 -1.02 -1.0209931 -1.4118831 -1.435 -1.435 -1.435 -1.94 -1.94 -1.81 -1.81 -1.81 -0.55500002 -0.555 -0.555 -0.555 0.485 0.485 
-1.1953335 -1.195 -1.195 -1.195 -0.865 -1.3049886 -1.305 -1.305 -1.305 -1.305 -1.4854411 -1.4650035 -1.465 -2.135 -2.135 -2.135 -2.135 -2.135 -2.0068184 -1.43 -1.43 -1.43 -1.43 -1.43 -1.1739611 -0.92500157 -0.925 -0.925 -0.925 -0.78000001 -1.025 -1.025 -1.025 -1.025 -1.02 -1.0200024 -1.11 -1.11 -1.4309419 -1.435 -1.435 -1.435 -1.94 -1.94 -1.8301285 -1.81 -1.81 -0.555 -0.555 -0.555 -0.5438485 0.485 0.485 
-1.195 -1.195 -1.195 -1.0395981 -0.865 -0.865 -1.305 -1.305 -1.305 -1.305 -1.735 -1.735 -1.735 -2.135 -2.135 -2.135 -2.135 -2.1348091 -0.98 -0.98 -1.4299998 -1.43 -1.4106451 -0.635 -0.63761074 -0.925 -0.925 -0.925 -0.925 -1.0249898 -1.025 -1.025 -1.025 -1.025 -1.1099997 -1.11 -1.11 -1.11 -1.1111439 -1.435 -1.435 -1.435 -1.94 -1.94 -1.94 -1.81 -1.81 -0.55500002 -0.555 -0.555 0.485 0.485 0.485 
-1.195 -1.195 -1.195 -0.865 -0.865 -0.865 -0.86500067 -1.305 -1.305 -1.7345561 -1.735 -1.735 -1.735 -1.7352492 -1.2001171 -0.98 -0.98 -0.98 -0.98 -0.98 -0.98 -0.635 -0.635 -0.635 -0.63491596 -0.61553066 -0.925 -0.925 -0.925 -0.87628018 -0.8450177 -0.845 -0.845 -0.845 -1.1158794 -1.125 -1.125 -1.125 -1.125 -1.5249877 -1.525 -1.525 -1.94 -1.94 -1.210003 -1.2099998 -0.64 -0.64 0.005 0.005 0.005 0.485 0.85466918 
-1.1949955 -1.195 -1.195 -0.865 -0.865 -0.865 -0.865 -0.79000015 -1.3029408 -1.7345466 -1.735 -1.735 -1.735 -1.7335185 -0.98 -0.98 -0.98 -0.98 -0.98 -0.98 -0.98 -0.635 -0.635 -0.635 -0.335 -0.335 -0.555 -0.555 -0.555 -0.55658204 -0.845 -0.845 -0.845 -0.845 -0.98492312 -1.125 -1.125 -1.125 -1.125 -1.525 -1.525 -1.525 -1.5150889 -1.21 -1.21 -1.21 -0.64 -0.64 0.0049999992 0.005 0.005 0.85499997 0.855 
0.255 -0.44247573 -1.58 -1.5797926 -0.865 -0.79043395 -0.79 -0.79 -0.86651951 -1.235 -1.235 -1.235 -1.235 -0.20003369 -0.2 -0.9799994 -0.98 -0.98 -0.98 -0.98 -0.98 0.11 0.11 0.11 -0.335 -0.335 -0.555 -0.555 -0.555 -0.55500008 -0.66000118 -0.66000052 -0.8403503 -0.84480167 -1.1146914 -1.115 -1.115 -1.115 -1.115 -1.525 -1.525 -1.525 -1.2273446 -1.21 -1.21 -1.2099999 -0.64 -0.64 -0.63997678 0.005 0.0049928454 -0.155 0.855 
-0.19491454 -0.19500024 -1.58 -1.58 -1.58 -0.79 -0.79 -0.79 -1 -1 -1.235 -1.235 -1.235 -0.2 -0.2 -0.2 -0.2 -0.20008953 -0.98 -0.98 -0.97999996 0.11 0.11 0.11 -0.335 -0.335 -0.555 -0.555 -0.555 -0.65881612 -0.66 -0.66 -0.66 -0.66 -1.1147755 -1.115 -1.115 -1.115 -1.115 -1.1500001 -1.15 -1.15 -1.15 -1.2099976 -0.895 -0.895 -0.895 -0.85 -0.85 -0.85 -0.155 -0.155 -0.155 
-0.195 -0.195 -1.58 -1.58 -1.58 -0.79415238 -0.79 -1 -1 -1 -1.2349711 -1.235 -0.75698204 -0.2000001 -0.2 -0.2 -0.2 -0.105 -0.105 -0.105 -0.28999999 -0.2899997 0.10999805 0.11 0.10928813 -0.88 -0.88 -0.87999923 -0.55505252 -0.3800558 -0.38000149 -0.38004888 -0.65952145 -0.65975836 -1.0337817 -1.1149996 -1.1117828 -0.155 -0.155 -1.15 -1.15 -1.15 -1.15 -0.895 -0.895 -0.895 -0.895 -0.85 -0.85 -0.85 -0.155 -0.155 -0.155 
-0.195 -0.195 -1.58 -1.58 -1.58 -1.58 -0.86859687 -1 -1 -1 -0.99980667 -0.65 -0.65 -0.65 -0.20265195 -0.2 -0.10563306 -0.105 -0.105 -0.105 -0.29 -0.29 -0.29 -0.29 -0.88 -0.88 -0.88 -0.88 -0.88 -0.38 -0.38 -0.38 -0.38 -0.38000143 -1.06 -0.155 -0.155 -0.155 -0.155 -0.15500077 -0.24 -0.24 -0.24 -0.40433505 -0.745 -0.745 -0.745 -0.85 -0.84999954 -0.375 -0.375 -0.21998419 -0.22 
-0.195 -0.195 -1.0801123 -1.58 -1.58 -1.58 -0.35115344 -0.99795156 -1 -1 -0.64999984 -0.65 -0.65 -0.65 -0.65 -0.61303388 -0.105 -0.105 -0.105 -0.105 -0.28999857 -0.29 -0.29 -0.29 -0.88 -0.88 -0.88 -0.88 -0.88 -1.1965468 -0.38 -0.38 -0.38 -1.06 -1.06 -1.0592972 -0.155 -0.155 -0.20565007 -0.24499999 -0.24 -0.24 -0.24 -0.3973241 -0.745 -0.745 -0.745 0.585 -0.36303849 -0.375 -0.375 -0.22 -0.22 
-0.085 -0.085 -0.085 -1.2051624 -1.577736 -0.35 -0.35 -0.35 -0.35 0.12 0.12 -0.64999995 -0.65 -0.65 -0.65 -0.64996542 -0.105 -0.105 -0.105 -0.105 -0.209272 -0.29 -0.29 -0.29457982 -0.48347947 -0.88 -0.88 -0.88 -1.485 -1.485 -1.485 -1.4849954 -1.06 -1.06 -1.06 -1.06 -0.245 -0.245 -0.245 -0.245 0.14 0.14 0.14 0.64498985 0.645 0.645 0.64499956 0.585 0.585 -0.37383029 -0.375 -0.21999513 -0.22 
-0.085 -0.085 -0.085 -0.084997307 -0.035 -0.080806176 -0.35 -0.35 -0.35 0.12 0.12 0.12 0.31999996 0.32 0.32 0.31999999 -0.10405661 -0.105 -0.105 -0.105 -0.10781481 -0.46499952 -0.465 -0.465 -0.465 -0.46500002 -1.17 -1.17 -1.485 -1.485 -1.485 -1.485 -1.0599996 -1.06 -1.06 -1.0599601 -0.245 -0.245 -0.245 -0.24554835 0.14 0.14 0.14 0.64497658 0.645 0.645 0.645 0.585 0.585 0.58500002 0.745 0.745 0.615 
-0.085 -0.085 -0.085 -0.035000115 -0.035 -0.035 -0.34999988 -0.35 -0.35 0.12 0.12 0.12 0.32 0.32 0.32 0.32685436 0.41 0.41 0.40999867 -0.10209115 -0.465 -0.465 -0.465 -0.465 -0.465 -0.46553055 -1.17 -1.17 -1.17 -1.485 -1.485 -1.4848713 -0.57 -0.57 -0.57 -1.6 -1.6 -0.37 -0.37 -0.37 -0.215 0.13988865 0.14000448 0.74 0.74 0.73639961 0.64500015 0.585 0.585 0.745 0.745 0.745 0.615 
-0.085 -0.085 -0.085 -0.035 -0.035 -0.035 -0.035 -0.35 -0.35 0.12 0.12 0.31200288 0.32 0.32 0.32 0.41 0.41 0.41 0.41 0.41 -0.465 -0.465 -0.465 -0.465 -0.465 -1.1699976 -1.17 -1.17 -1.17 -1.285 -1.285 -1.285 -0.57 -0.57 -0.57 -1.6 -1.6 -0.37 -0.37 -0.215 -0.215 -0.215 0.74 0.74 0.74 0.74 0.76669788 1.065 1.065 1.065 0.74500001 1.045 1.045 
-0.085 -0.085 -0.084930373 -0.035 -0.035 -0.035 -0.035 0.67900883 0.715 0.71397847 0.12000001 0.32000712 0.32 0.32 0.32000031 0.41 0.41 0.41 0.41 0.41 0.63309861 -0.465 -0.465 -0.465 -0.46489805 -1.1699325 -1.17 -1.17 -1.17 -1.285 -1.285 -1.285 -1.2848931 -0.57 -1.6 -1.6 -1.6 -1.5999488 -0.36998943 -0.215 -0.215 -0.215 0.73994202 0.74 0.74 0.74 1.064995 1.065 1.065 1.065 1.045 1.045 1.045 
0.145 0.1449996 -0.035019942 -0.035 -0.035 -0.035 0.71484041 0.715 0.715 0.715 0.40500001 0.405 0.405 0.405 0.40997691 0.41 0.41 0.41 0.41 0.67999984 0.68 0.68 0.029999918 0.03 0.03 0.03 -0.073575435 -1.17 -0.83001393 -0.83 -0.83 -0.83 -0.83 -0.82 -0.82 -0.82 -0.82 -0.82 0.05 0.05 0.05 0.05 0.050000001 0.57025626 0.57 0.57 0.57 1.065 1.065 1.065 1.0450032 1.045 1.045 
0.145 0.145 0.14809777 0.51499889 0.51499988 0.51519457 0.715 0.715 0.715 0.715 0.405 0.405 0.405 0.405 0.405 0.41 0.41 0.41 0.67999993 0.68 0.68 0.68 0.030000002 0.03 0.03 0.03 0.03 0.029745225 -0.8299247 -0.83 -0.83 -0.83 -0.82996975 -0.68394361 -0.81985912 -0.82 -0.82 -0.82 0.05 0.05 0.05 0.05 0.050000002 0.57 0.57 0.57 0.57 0.80147167 1.065 0.081101146 0.07 0.24 0.24 
0.145 0.145 0.51495313 0.515 0.515 0.515 0.56579916 0.715 0.715 0.715 0.405 0.405 0.405 0.405 0.405 0.40999788 0.41 0.67992084 0.68 0.68 0.68 0.68 0.27079671 0.03 0.03 0.03 0.03 0.02952917 -0.635 -0.635 -0.635 -0.635 -0.635 -0.58 -0.58 -0.58 -0.58 -0.58 0.44 0.44 0.44 0.44 0.44 0.56962154 0.56999992 0.57 0.56997373 0.56676657 0.07 0.07 0.07 0.23999905 0.24 
0.14500121 0.78723013 0.51500004 0.515 0.515 0.515 0.515 0.71491484 0.715 0.715 0.405 0.405 0.405 0.405 0.59077984 0.595 0.595 0.67999781 0.68 0.68 0.68 0.68 0.67999996 0.03 0.03 0.03 0.03 -0.26500034 -0.26500017 -0.34374499 -0.635 -0.635 -0.635 -0.58 -0.58 -0.58 -0.58 -0.57955977 0.44 0.44 0.44 0.44 0.4400272 0.415 0.415 0.415 0.415 0.41497218 0.07 0.07 0.07 0.070000303 0.56021359 
0.8 0.8 0.73473851 0.515 0.515 0.515 0.515 0.515 0.71491579 1.155 1.155 1.155 1.1532201 0.59499973 0.595 0.595 0.595 0.595 0.68000012 0.68102572 0.69 0.69 0.69 0.52390338 0.063615277 0.24348425 0.39484983 -0.265 -0.265 -0.265 -0.265 -0.265 -0.26719917 0.076958473 0.07 0.07 0.07 0.07 0.50668798 0.79499936 0.795 0.795 0.795 0.070001012 0.41499991 0.415 0.415 0.015 0.069999119 0.07 0.07 0.565 0.565 
0.8 0.8 0.715 0.715 0.715 0.51506662 0.515 0.515 1.155 1.155 1.155 1.155 1.155 0.59500003 0.595 0.595 0.595 0.595 0.69 0.69 0.69 0.69 0.69 0.45000001 0.45 0.45 0.45 -0.265 -0.265 -0.265 -0.265 -0.265 0.69 0.69 0.070000004 0.07 0.07 0.86986376 0.87 0.795 0.795 0.795 0.79499994 0.07 0.07 0.07 0.015 0.015 0.015 0.39 0.39 0.565 0.565 
0.8 0.8 0.715 0.715 0.715 0.715 0.71500145 0.98 1.1548352 1.155 1.155 1.155 1.155 0.60198549 0.595 0.595 0.595 0.595 0.69 0.69 0.69 0.69 0.69 0.45 0.45 0.45 0.45 0.44999713 -0.265 -0.265 -0.265 0.68994993 0.69 0.69 0.69 0.070000001 0.86999999 0.87 0.87 0.86802661 0.46201165 0.4 0.4 0.07 0.07 0.07 0.015 0.015 0.015 0.39 0.39 0.39 0.40649964 
0.73 0.73000055 0.715 0.715 0.715 0.715 0.98 0.98 0.98 1.155 1.155 1.155 1.155 1.1548259 0.595 0.595 0.595 0.595 0.68999828 0.69 0.69 0.69 0.49227796 0.45 0.45 0.45 0.45 0.6899998 0.69 0.68999999 -0.2547146 0.69 0.69 0.69 0.69000044 1.155 0.87 0.87 0.87 0.87 0.4 0.4 0.4 0.565 0.565 0.565 0.4349591 0.015 0.015000001 0.39 0.39 0.39 0.39000287 
0.73 0.73 0.715 0.715 0.715 0.98 0.98 0.98 0.98 1.1358321 1.155 1.155 1.155 1.1549981 0.74498274 0.745 0.745 0.745 0.78749674 0.575 0.575 0.575 0.575 0.45 0.45 0.45 0.45001583 0.69 0.69 0.69 0.69 0.69004918 0.95154905 1.155 1.155 1.155 0.86798513 0.33001124 0.33 0.33 0.39988642 0.255 0.255 0.565 0.565 0.56499945 0.435 0.435 1.09 1.09 1.09 1.25 1.42 
0.73 0.73 1.66 1.66 1.66 0.98 0.98 0.98 0.98 1.655 1.655 1.655 1.655 1.5908702 0.745 0.745 0.745 0.745 0.795 0.575 0.575 0.575 0.575 0.97 0.96999979 0.45000077 0.69 0.69 0.69 0.69 0.83428844 0.975 1.1335825 1.155 1.155 1.155 0.33 0.33 0.33 0.33 0.255 0.255 0.255 0.36996374 0.37 0.43470783 0.435 0.435 1.0900001 1.09 1.25 1.25 1.42 
0.73 1.66 1.66 1.66 1.66 1.66 0.98291108 1.355 1.355 1.655 1.655 1.655 1.655 1.6547845 0.745 0.745 0.745 0.74725916 0.795 0.795 0.575 0.575 0.97 0.97 0.97 0.97 0.69 0.69 0.69 0.69 0.975 0.975 0.975 1.1548179 1.155 1.155 0.33 0.33 0.33 0.33 0.255 0.255 0.255 0.37 0.37 0.3700102 0.55 0.55 1.165 1.165 1.25 1.25 1.42 
1.6512661 1.66 1.66 1.66 1.66 1.66 1.355 1.355 1.355 1.5155725 1.655 1.655 1.655 1.6549875 0.745 0.745 0.745 0.795 0.795 0.795 0.57501099 0.57500241 0.97 0.97 0.97 0.97 0.6900199 0.69 0.69 0.97493446 0.975 0.975 0.975 0.975 1.1538656 0.67 0.67 0.66411571 0.33 0.33 0.25500007 0.255 0.36665635 0.37 0.37 0.54999994 0.55 0.55 1.165 1.165 1.275 1.275 1.395 
1.66 1.66 1.66 1.66 1.66 1.66 1.355 1.355 1.355 1.355 1.2200125 1.22 1.22 1.22 0.74500077 0.80910099 0.845 0.845 0.79509217 0.795 0.79499996 0.96999943 0.97 0.97 0.97 0.97 0.96979642 0.69 0.69000974 0.975 0.975 0.975 0.975 0.975 0.67 0.67 0.67 0.67 0.67 0.66999942 0.945 0.945 0.94499983 0.435 0.435 0.435 0.28 0.28 1 1 1.275 1.2750003 1.395 
1.66 1.66 1.66 1.66 1.66 1.66 1.355 1.355 1.355 1.22 1.22 1.22 1.22 1.22 1.1211509 0.845 0.845 0.845 0.845 0.845 0.84261266 0.97 0.97 0.97 0.97 0.96513284 0.81524288 0.70702197 0.97359453 0.975 0.975 0.975 0.975 0.97499933 0.67 0.67 0.67 0.67 0.67 0.79792936 0.945 0.945 0.945 0.435 0.435 0.435 0.28 0.28 1 1 1.17 1.382588 1.395 
1.66 1.66 1.66 1.66 1.66 1.6599999 1.3550001 1.355 1.3493967 1.22 1.22 1.22 1.22 1.22 1.2020127 0.845 0.845 0.845 0.845 0.845 0.845 0.8387913 0.81500022 0.815 0.815 0.815 0.815 0.815 0.66244602 0.66000373 0.66000001 0.66 0.66 0.66000001 0.67 0.67 0.67 0.67 0.67 0.94499997 0.945 0.945 0.945 0.94499977 0.43517635 0.545 0.28000003 0.87944706 0.99990362 1.17 1.17 1.1834074 1.815 
1.66 1.66 1.66 1.66 1.66 1.6599805 1.3550165 1.3549918 1.2200002 1.22 1.22 1.22 1.22 1.22 1.2128645 0.845 0.845 0.845 0.845 0.845 0.845 0.815 0.815 0.815 0.815 0.815 0.815 0.815 0.66004279 0.66 0.66 0.66 0.66 0.66 0.66274 0.67 0.67 0.67 0.67 0.945 0.945 0.945 0.945 0.94489753 0.545 0.545 0.54716229 0.89 0.89 1.17 1.17 1.815 1.815 
1.66 1.66 1.66 1.66 1.66 1.6595932 1.3553583 1.2352339 1.22 1.22 1.22 1.22 1.22 1.22 1.213435 0.845 0.845 0.845 0.845 0.845 0.84072855 0.815 0.815 0.815 0.815 0.815 0.815 0.815 0.66000062 0.66 0.66 0.66 0.66 0.66 0.66 0.8310282 1.0813508 1.2182228 1.2390521 0.96010549 0.94500001 0.945 0.945 0.54503194 0.545 0.54589538 0.69500093 0.89 0.89 1.2948441 1.295 1.295 1.8149998 
1.66 1.66 1.66 1.66 1.6599997 1.6574564 1.3454651 1.2200371 1.22 1.22 1.22 1.22 1.22 1.22 1.2112432 0.845 0.845 0.845 0.845 0.845 0.81500013 0.815 0.815 0.815 0.815 0.815 0.815 0.815 0.66000004 0.66 0.66 0.66 0.66 0.66 0.66000012 1.25 1.25 1.25 1.25 1.18 1.18 1.18 1.18 0.69499957 0.695 0.695 0.695 0.6949988 0.58 0.58 1.295 1.295 1.0590514 
1.66 1.66 1.66 1.66 1.6599915 1.6516584 1.2297867 1.2200018 1.22 1.22 1.22 1.22 1.22 1.22 1.2072702 0.84500015 0.845 0.845 0.845 0.84481944 0.815 0.815 0.815 0.815 0.815 0.815 0.815 0.815 0.66000003 0.66 0.66 0.66 0.66 0.66 1.2499995 1.25 1.25 1.25 1.25 1.18 1.18 1.18 1.18 1.0491006 0.695 0.695 0.695 0.58000129 0.58 0.58 0.95 0.95 0.95 
1.66 1.66 1.66 1.6599993 1.6599162 1.6226478 1.2205645 1.2200004 1.22 1.22 1.22 1.22 1.22 1.22 1.2018883 0.84500882 0.845 0.845 0.84499997 0.81560785 0.815 0.815 0.815 0.815 0.815 0.815 0.815 0.815 0.66000015 0.66 0.66 0.66 0.66 1.0406619 1.25 1.25 1.25 1.25 1.25 1.18 1.18 1.18 1.18 1.18 0.695 0.695 0.695 0.58 0.58 0.58 0.95 0.95 0.95 
1.66 1.66 1.6599997 1.6599918 1.6594628 1.4100281 1.2201063 1.2200003 1.22 1.22 1.22 1.22 1.22 1.2199993 1.1954897 0.84513695 0.84500001 0.845 0.84484468 0.81500255 0.815 0.815 0.815 0.815 0.815 0.815 0.815 0.81499991 0.66000097 0.66 0.66000037 1.1342857 1.18 1.18 1.18 1.25 1.25 1.25 1.25 1.18 1.18 1.18 1.18 1.18 0.6950086 0.695 0.69499994 0.58000001 0.58 0.5800002 0.95 0.95 0.95 
