interpolatedSpi/07-07|21_3.tif
NCOLS 53
NROWS 52
XLLCORNER -116.03883
YLLCORNER 28.596182
DX 0.49850594
DY 0.49788537
NODATA_VALUE -9999
-1.31 -1.31 -1.6762393 -1.5 -0.75 -1.85 -1.53 -1.66 -0.88204614 -0.83 -1.53 -0.66 -1.1900033 -1.23 -2.21 -2.21 -2.21 -0.05 -0.97 -0.97 -0.97 -0.96999673 -0.63000001 -2.08 -2.08 -2.08 -0.15000488 -0.15 -0.15 0.35 0.35 0.35 0.35 -0.35999986 -0.36 -0.36 -0.36 -0.36 -0.36 -0.36000003 -1.5175336 -1.5299923 -1.5 -1.5 -1.5 -1.5 -1.4993467 -1.1 -1.1 -1.1 0.57999651 0.58 0.58 
-1.3100093 -1.52 -1.6999993 -1.7994376 -2.3397906 -1.24 -1.51 -1.0993589 -1.41 -1.42 -1.09 -1.19 -1.19 -0.71173392 -1.2300024 -2.21 -0.05 -0.05 -0.96880044 -0.97 -0.97 -0.97 -2.0878956 -2.08 -2.08 -2.08 -1.75 -1.75 0.35 0.35 0.35 0.35 0.35 -0.3599999 -0.36 -0.36 -0.36 -0.36 -0.36000011 -0.77619014 -2.929825 -1.6735183 -1.5 -1.5 -1.5 -1.5 -1.5 -1.1 -1.1 -1.1 -0.96069279 0.58 0.58 
-2.4499488 -2.45 -1.08 -1.77 -0.81 -1.22 -0.37 -0.34 -0.71 -0.44 -1.01 -0.8 -0.44 -1.41 -0.71 -1.88 -0.05 -0.05 -0.05 -1.2799099 -1.28 -1.28 -2.23 -2.08 -2.08 -2.08 -1.75 -1.75 -1.75 0.35 0.35 0.34999992 -0.4009841 -0.36374557 -0.37405487 -1.8561632 -1.87 -1.87 -2.0033201 -2.93 -2.93 -2.9281714 -1.5 -1.5 -1.5 -1.5 -1.5 -1.1 -1.1 -1.1 -1.1 0.58 0.58 
-0.53 -2.4499997 -1.1998453 -0.2 -0.53 -0.8 -0.05 -0.06 -0.08 -0.41035547 -0.6 -0.54 -0.75 -1.41 -1.38 -1.88 -2.0685463 -2.0685847 -1.9 -1.28 -1.28 -2.18 -2.23 -2.23 -2.08 -2.0799984 -1.75 -1.75 -1.75 -0.84 -1.0430108 -1.21 -1.21 -1.2100005 -1.87 -1.87 -1.87 -1.87 -2.93 -2.93 -2.93 -2.9299999 -1.5 -1.5 -1.5 -1.5 -1.5 -1.100005 -1.1 -1.1 -1.1 0.5799203 0.58 
-0.53 0.42999701 -1.2 -1.2745716 -0.53 -0.58 -0.74002673 -0.55 -0.71 -0.51000032 -0.83265834 -0.98016043 -2.1 -1.38 -1.38 -1.7175343 -2.07 -2.07 -1.9 -1.9 -1.2800018 -2.18 -1.92 -1.1 -1.6 -1.5997545 -1.75 -1.75 -0.84 -0.84 -1.21 -1.21 -1.21 -1.2043427 -1.87 -1.87 -1.87 -2.93 -2.93 -2.93 -2.93 -2.9299817 -1.5 -1.5 -1.5 -1.5 -1.5 -1.4964395 -1.1 -1.1000341 -1.86 -1.86 -1.86 
-1.87 -0.46 -0.82000001 -0.82 -2.08 -1.08 -1.2 -1.1167814 -0.86 -0.16 -0.94 -1.05 -1.0500007 -2.03 -2.03 -2.0598334 -2.06 -2.24 -2.24 -1.8999991 -1.95 -1.95 -1.1 -1.6 -1.6 -0.55 -0.46 -0.46 -0.70001254 -0.84 -1.21 -1.21 -1.18 -1.1799509 -0.71003427 -2.9 -2.9 -2.9207188 -2.93 -2.93 -2.740237 -2.74 -2.7399983 -2.6395228 -2.6598718 -2.6599997 -2.66 -2.6599996 -1.5154219 -1.86 -1.86 -1.86 -1.86 
-0.74999673 -0.68 0.10793984 -0.99 -1.58 -1.77 -1.27 -1.02 -0.72 -0.72 -0.94 -1.67 -1.38 -2.03 -1.370002 -1.37 -2.06 -1.22 -0.87 -0.87 -1.8934482 -1.83 -1.83 -0.32000002 -0.55 -0.55 -0.46 -0.46 -0.69999242 -0.69986052 -0.52015499 -1.18 -1.18 -0.71 -0.71 -2.7583936 -2.9 -2.9 -2.640009 -2.7399999 -2.74 -2.74 -2.7399882 -2.6599938 -2.66 -2.66 -2.66 -2.6599993 -1.47 -1.8599227 -1.86 -1.86 -1.86 
-0.75 -0.25 0.29 -1.15 -1.3299897 -1.39 -0.53 -2.05 -1.35 -0.91 -0.91 -1.17 -1.38 -1.38 -1.3700686 -1.2151713 -1.2 -1.02 -1.799999 -0.87 -0.41 -0.41 -0.01 0.08 0.080002709 0.29 -0.55 -0.54999997 -0.57045554 -0.57 -0.52 -1.7534436 -1.73 -0.71 -0.7313909 -2.64 -2.64 -2.64 -2.64 -2.74 -2.74 -2.74 -1.5403344 -1.5400001 -2.66 -2.66 -2.66 -1.4700453 -1.47 -1.47 -1.86 -1.86 -1.86 
-0.39109545 -0.24999999 0.05 -0.25 -0.51 -1.1 -0.97 -1.31 -1.45 -1.32241 -1.14 -0.99 -0.99 -0.84 -0.84000235 -1.0205017 -1.02 -1.02 -1.1390682 -0.9099999 -0.41 -0.41 -0.37 -0.15187008 0.26883754 0.29 -0.82 -0.55 -0.66930268 -0.67 -1.76 -0.48 -0.56058922 -1.36 -1.46 -1.33 -1.84 -1.91 -2.0799215 -2.7368754 -2.04 -1.43 -1.5399984 -1.54 -1.546304 -2.66 -1.94 -1.47 -1.47 -1.47 -1.47 -1.9994483 -1.15 
-1.18 -1.18 0.12 -0.4 -0.59 -1.36 -1.97 -1.73 -1.53 -1.2900395 -1.58 -0.19 -0.84 -0.84 -1.09 -1.0890399 -1.02 -1.0200433 -1.25 -0.91 -0.91 -0.84558321 -0.37 -0.12000473 -0.12 -0.12 -0.82 0.38 0.38 -0.67 -0.67 -0.48030346 -0.64 -1.36 -0.36 -1.33 -1.84 -1.9 -2.08 -1.7258346 -1.43 -1.4667339 -1.53 -1.54 -1.54 -1.94 -1.94 -1.94 -1.47 -1.47 -2.98 -2.98 -2.9799993 
-1.18 -1.18 -0.81 -1.78 -1.88 -0.31 -1.14 -1.7099896 -1.47 -1.57 -0.9 -0.99 -0.191066 -1.09 -1.09 -1.0899723 -0.85 -0.87099388 -1.25 -1.95 -1.95 -0.72 -0.72 -0.12 -0.12 -0.12 0.38 0.38 0.38 -0.44 -0.44 -0.44000033 -0.98 -0.98 -1.1 -1.98 -1.65 -2.3899828 -2.87 -1.72 -1.72 -1.9299987 -1.53 -1.54 -2.8600002 -3.4 -1.7707322 -1.77 -1.71 -1.71 -2.98 -2.98 -2.98 
-1.18 -1.0205136 -1.2239336 -1.8299881 -0.95 -1.57 -1.14 -1.71 -1.470002 -1.5688921 -0.99000075 -0.99 -1.31 -1.09 -1.09 -0.85000001 -0.85 -0.85002277 -1.25 -1.95 -1.708453 -0.72 -0.72 -0.12002472 -0.12 -0.17916952 -0.3 -0.3 -0.29999991 -0.44 -0.44 -1.39 -1.39 -0.98000033 -1.1 -1.6100002 -1.444747 -2.39 -2.39 -1.72 -1.93 -1.93 -1.9300067 -2.86 -2.86 -3.4 -1.77 -1.77 -1.71 -1.71 -2.98 -2.98 -2.98 
-3.39 -1.3489442 -1.3800138 -1.3832479 -0.95000341 -1.5699854 -1.14 -1.7029836 -1.4865385 -1.4726113 -1.31 -1.31 -1.31 -1.31 -1.0900312 -0.85 -0.85 -0.85516464 -1.25 -1.9498104 -1.31 -1.31 -1.31 -1.31 -0.14027871 -0.3 -0.3 -0.3 -0.3 -0.30014251 -1.39 -1.39 -1.39 -1.39 -1.61 -1.61 -1.61 -2.3500343 -2.3894743 -2.32 -2.32 -1.930021 -2.86 -2.86 -2.86 -3.4 -1.77 -1.77 -1.71 -1.71 -2.9753926 -2.98 -0.7207074 
-3.39 -1.38 -1.38 -1.38 -1.38 -1.3800001 -1.1411006 -1.4096717 -1.5306615 -1.3101749 -1.31 -1.31 -1.31 -1.31 -1.3100002 -0.85 -0.85000006 -0.87743727 -1.2499946 -1.31 -1.31 -1.31 -1.31 -1.31 -1.2991876 -0.47784426 -0.51999995 -0.52 -0.52 -0.52 -1.39 -1.39 -1.39 -1.43 -1.43 -1.61 -1.6586096 -1.66 -2.3199996 -2.32 -2.32 -2.32 -2.86 -2.86 -2.86 -2.8637579 -3.1612296 -3.17 -3.17 -3.17 -3.17 -0.93000042 -0.93 
-3.09 -1.38 -1.38 -1.38 -1.38 -1.38 -1.38 -1.3783273 -1.5898363 -1.59 -1.59 -1.59 -1.59 -1.59 -1.59 -2.1189699 -0.87034855 -0.90477364 -1.3099923 -1.31 -1.31 -1.31 -1.31 -1.3100004 -0.81 -0.81 -0.80999959 -0.52 -0.52 -0.52058071 -0.81 -0.81 -1.43 -1.43 -1.43 -1.6231565 -1.66 -1.66 -1.66 -2.32 -2.32 -2.32 -2.86 -2.86 -2.86 -2.86 -3.17 -3.17 -3.17 -3.17 -3.17 -0.93 -0.93 
-3.09 -2.4533864 -1.38 -1.38 -1.38 -1.38 -1.639949 -1.64 -1.64 -1.59 -1.59 -1.59 -1.59 -1.59 -1.7091278 -2.13 -2.13 -2.13 -1.6489655 -1.6499997 -1.65 -1.65 -1.65 -1.65 -0.81 -0.81 -0.81 -0.81 -0.52 -0.81 -0.81 -0.81 -1.4299999 -1.43 -1.43 -1.69 -1.6600397 -1.66 -1.66 -2.3200087 -2.3379502 -2.3798207 -2.86 -2.86 -2.5908332 -2.59 -2.59 -3.1665829 -1.0972687 -1.0900002 -1.0900004 0.11984077 -0.92999787 
-3.09 -2.1752458 -1.7696554 -1.38 -1.38 -1.6398464 -1.64 -1.64 -1.64 -1.6396397 -1.59 -1.59 -1.59 -1.5900001 -2.13 -2.13 -2.13 -2.13 -1.6504288 -1.65 -1.65 -1.65 -1.65 -1.65 -0.81000002 -0.81 -0.81 -0.81 -0.81 -0.81 -0.81 -0.81 -1.26 -1.4300223 -1.69 -1.69 -1.69 -1.6943948 -2.3344106 -2.38 -2.38 -2.38 -2.2 -2.2 -2.59 -2.59 -2.59 -1.09 -1.09 -1.09 -1.09 0.12 0.12 
-2.1505392 -2.15 -2.15 -2.15 -1.29 -1.639991 -1.64 -1.64 -1.64 -1.64 -1.5884859 -1.5899997 -1.59 -2.13 -2.13 -2.13 -2.13 -2.13 -2.0702756 -1.65 -1.65 -1.65 -1.65 -1.65 -0.9951939 -0.58000125 -0.58 -0.58 -0.58 -0.81000002 -1.26 -1.26 -1.26 -1.26 -1.69 -1.6900105 -2.09 -2.09 -2.3763789 -2.38 -2.38 -2.38 -2.2 -2.2 -2.5296146 -2.59 -2.59 -1.09 -1.09 -1.09 -1.0770257 0.12 0.12 
-2.15 -2.15 -2.15 -1.7450132 -1.29 -1.29 -1.64 -1.64 -1.64 -1.64 -1.57 -1.57 -1.57 -2.13 -2.13 -2.13 -2.13 -2.1298711 -1.78 -1.78 -1.6500001 -1.65 -1.6480523 -1.57 -1.5610875 -0.58 -0.58 -0.58 -0.58 -1.2599308 -1.26 -1.26 -1.26 -1.26 -2.0899986 -2.09 -2.09 -2.09 -2.0909998 -2.38 -2.38 -2.38 -2.2 -2.2 -2.2 -2.59 -2.59 -1.09 -1.09 -1.09 0.12 0.12 0.12 
-2.15 -2.15 -2.15 -1.29 -1.29 -1.29 -1.2900005 -1.64 -1.64 -1.5700723 -1.57 -1.57 -1.57 -1.5703489 -1.4986505 -1.35 -1.35 -1.35 -1.78 -1.78 -1.78 -1.57 -1.57 -1.57 -1.5696694 -0.48034038 -0.58 -0.58 -0.58 -1.3825611 -1.4299833 -1.43 -1.43 -1.43 -1.9438005 -1.7400008 -1.74 -1.74 -1.74 -1.5901081 -1.59 -1.59 -2.2 -2.2 -1.5100029 -1.5099997 -0.72 -0.72 -0.13 -0.13 -0.13 0.12 0.9192847 
-2.1499949 -2.15 -2.15 -1.29 -1.29 -1.29 -1.29 -1.1400001 -1.6380008 -1.5691476 -1.57 -1.57 -1.57 -1.5695683 -1.35 -1.35 -1.35 -1.3500001 -1.78 -1.78 -1.78 -1.57 -1.57 -1.57 -0.39 -0.39 -0.81999999 -0.82 -0.82 -0.82332774 -1.43 -1.43 -1.43 -1.43 -1.5849149 -1.74 -1.74 -1.74 -1.74 -1.59 -1.59 -1.59 -1.5874829 -1.51 -1.51 -1.51 -0.72 -0.72 -0.13 -0.13 -0.13 0.91999996 0.92 
-0.5 -1.2633545 -1.02 -1.0200783 -1.29 -1.1408679 -1.14 -1.14 -1.1472876 -0.63000001 -0.63 -0.63 -0.63 -0.47000521 -0.47 -1.3499993 -1.35 -1.3613299 -1.78 -1.78 -1.78 -0.35 -0.35 -0.35 -0.39 -0.39 -0.82 -0.82 -0.82 -0.82000023 -1.1400018 -1.1400008 -1.4227113 -1.4296891 -1.6797142 -1.68 -1.68 -1.68 -1.68 -1.59 -1.59 -1.59 -1.5144047 -1.51 -1.51 -1.5099999 -0.72 -0.72 -0.71997876 -0.13 -0.13002146 -0.61 0.92 
-1.1198823 -1.12 -1.02 -1.02 -1.02 -1.14 -1.14 -1.14 -1.16 -1.16 -0.63 -0.63 -0.63 -0.47 -0.47 -0.47 -0.47 -0.47014872 -1.78 -1.78 -1.7799999 -0.35 -0.35 -0.35 -0.39 -0.39 -0.82 -0.82 -0.82 -1.136392 -1.14 -1.14 -1.14 -1.14 -1.6797335 -1.68 -1.68 -1.68 -1.68 -1.0500001 -1.05 -1.05 -1.05 -1.5099975 -1.19 -1.19 -1.19 -1.33 -1.33 -1.33 -0.61 -0.61 -0.61 
-1.12 -1.12 -1.02 -1.02 -1.02 -1.1393693 -1.14 -1.16 -1.16 -1.16 -0.63006524 -0.63 -0.91599365 -0.47000012 -0.47 -0.47 -0.47 -0.52 -0.52 -0.52 -0.74999999 -0.7499997 -0.35000195 -0.35 -0.35040251 -1.01 -1.01 -1.0099995 -0.82003071 -0.48013153 -0.48000351 -0.48011523 -1.138872 -1.1394304 -1.5833959 -1.6799997 -1.6775536 -0.95 -0.95 -1.05 -1.05 -1.05 -1.05 -1.19 -1.19 -1.19 -1.19 -1.33 -1.33 -1.33 -0.61 -0.61 -0.61 
-1.12 -1.12 -1.02 -1.02 -1.02 -1.02 -1.1474854 -1.16 -1.16 -1.16 -1.1599006 -0.98 -0.98 -0.98 -0.47300555 -0.47 -0.51966681 -0.52 -0.52 -0.52 -0.75 -0.75 -0.75 -0.75 -1.01 -1.01 -1.01 -1.01 -1.01 -0.48 -0.48 -0.48 -0.48 -0.48000122 -1.06 -0.95 -0.95 -0.95 -0.95 -0.94999866 -0.51 -0.51 -0.51 -0.72151933 -1.16 -1.16 -1.16 -1.33 -1.3299992 -0.55 -0.55 -0.24009001 -0.24 
-1.12 -1.12 -1.056093 -1.02 -1.02 -1.02 -1.3197161 -1.1605042 -1.16 -1.16 -0.97999993 -0.98 -0.98 -0.98 -0.98 -0.93812851 -0.52 -0.52 -0.52 -0.52 -0.74999822 -0.75 -0.75 -0.75 -1.01 -1.01 -1.01 -1.01 -1.01 -0.6869078 -0.48 -0.48 -0.48 -1.06 -1.06 -1.0599146 -0.95 -0.95 -0.80367759 -0.69000002 -0.51 -0.51 -0.51 -0.71238787 -1.16 -1.16 -1.16 0.72 -0.53417592 -0.55 -0.55 -0.24 -0.24 
-0.36 -0.36 -0.36 -0.85451986 -1.0195435 -1.32 -1.32 -1.32 -1.32 -0.63000001 -0.63 -0.97999998 -0.98 -0.98 -0.98 -0.97997081 -0.52 -0.52 -0.52 -0.52 -0.64963546 -0.75 -0.75 -0.7248764 0.15567477 -1.01 -1.01 -1.01 -0.76 -0.76 -0.76 -0.75999882 -1.06 -1.06 -1.06 -1.06 -0.69 -0.69 -0.69 -0.69 -0.17 -0.17 -0.17 0.65998331 0.66 0.66 0.65999942 0.72 0.72 -0.54845257 -0.55 -0.23999375 -0.24 
-0.36 -0.36 -0.36 -0.36001831 -0.7 -0.79015819 -1.32 -1.32 -1.32 -0.63 -0.63 -0.63 -0.18000004 -0.18 -0.18 -0.18 -0.51871772 -0.52 -0.52 -0.52 -0.52343521 0.20999736 0.21 0.21 0.21 0.20999997 -0.31000001 -0.31 -0.76 -0.76 -0.76 -0.76 -1.0599992 -1.06 -1.06 -1.0599128 -0.69 -0.69 -0.69 -0.69004387 -0.17 -0.17 -0.17 0.65996151 0.66 0.66 0.66 0.72 0.72 0.72000004 1 1 0.93 
-0.36 -0.36 -0.36 -0.69999922 -0.7 -0.7 -1.3199998 -1.32 -1.32 -0.63 -0.63 -0.63 -0.18 -0.18 -0.18 -0.15258256 0.18 0.18 0.17999819 -0.51604621 0.21 0.21 0.21 0.21 0.21 0.20960867 -0.31 -0.31 -0.31 -0.76 -0.76 -0.75986483 0.01 0.01 0.01 -0.71 -0.71 -0.7 -0.7 -0.7 -0.23 -0.17001882 -0.16999366 0.68 0.68 0.67924202 0.66000015 0.72 0.72 1 1 1 0.93 
-0.36 -0.36 -0.36 -0.7 -0.7 -0.7 -0.7 -1.32 -1.32 -0.63 -0.63 -0.19799351 -0.18 -0.18 -0.18 0.18 0.18 0.18 0.18 0.18 0.21 0.21 0.21 0.21 0.21 -0.30999823 -0.31 -0.31 -0.31 -0.55 -0.55 -0.55 0.01 0.01 0.0099999997 -0.71 -0.71 -0.7 -0.7 -0.23 -0.23 -0.23 0.68 0.68 0.68 0.68 0.69725094 0.89 0.89 0.89 1 1.08 1.08 
-0.36 -0.36 -0.36047347 -0.7 -0.7 -0.7 -0.7 0.24249165 0.29 0.28842048 -0.62999998 -0.17999163 -0.18 -0.18 -0.17999875 0.18 0.18 0.18 0.18 0.18 1.0922644 0.21 0.21 0.21 0.2102554 -0.30990098 -0.31 -0.31 -0.31 -0.55 -0.55 -0.55 -0.54991245 0.01 -0.71 -0.71 -0.71 -0.70999925 -0.69996795 -0.23 -0.23 -0.23 0.67994476 0.68 0.68 0.68 0.88999737 0.89 0.89 0.89 1.08 1.08 1.08 
-0.24 -0.24000021 -0.69980494 -0.7 -0.7 -0.7 0.28978934 0.29 0.29 0.29 -0.079999991 -0.08 -0.08 -0.08 0.17879998 0.18 0.18 0.18 0.18 1.1299994 1.13 1.13 1.4499998 1.45 1.45 1.45 1.2980894 -0.31 0.26997625 0.27 0.27 0.27 0.27 -0.25 -0.25 -0.25 -0.25 -0.25 0.49 0.49 0.49 0.49 0.49 0.63007537 0.63 0.63 0.63 0.89 0.89 0.89 1.0799701 1.08 1.08 
-0.24 -0.24 -0.23405567 0.46999765 0.46999974 0.46982369 0.29 0.29 0.29 0.29 -0.08 -0.08 -0.08 -0.08 -0.08 0.18 0.18 0.18 1.1299998 1.13 1.13 1.13 1.45 1.45 1.45 1.45 1.45 1.4496264 0.26996911 0.27 0.27 0.27 0.26998759 -0.36904934 -0.25012327 -0.25 -0.25 -0.25 0.49 0.49 0.49 0.49 0.49 0.63 0.63 0.63 0.63 0.75158108 0.89 -0.18783895 -0.2 -0.14 -0.14 
-0.24 -0.24 0.46991007 0.47 0.47 0.47 0.42428076 0.29 0.29 0.29 -0.08 -0.08 -0.08 -0.08 -0.08 0.17980476 0.18 1.1297215 1.13 1.13 1.13 1.13 1.3314539 1.45 1.45 1.45 1.45 1.4491077 0.19 0.19 0.19 0.19 0.19 -0.46 -0.46 -0.46 -0.46 -0.46 0.31 0.31 0.31 0.31 0.31 0.63021975 0.63000005 0.63 0.63001526 0.63171613 -0.2 -0.2 -0.2 -0.14000034 -0.14 
-0.23999849 0.5640133 0.47000002 0.47 0.47 0.47 0.47 0.29007664 0.29 0.29 -0.079999999 -0.08 -0.08 -0.08 0.43822798 0.45 0.45 1.1299825 1.13 1.13 1.13 1.13 1.13 1.45 1.45 1.45 1.45 0.25999997 0.25999997 0.2451023 0.19 0.19 0.19 -0.46 -0.46 -0.46 -0.46 -0.45983068 0.31 0.31 0.31 0.31 0.31003678 0.72 0.72 0.72 0.72 0.7199258 -0.2 -0.2 -0.2 -0.19999968 0.31322538 
0.58 0.58 0.61448849 0.47 0.47 0.47 0.47 0.47 0.2900793 1.34 1.34 1.34 1.33663 0.44999924 0.45 0.45 0.45 0.45 1.1300006 1.1351286 1.18 1.18 1.18 1.24653 1.4099818 1.1958521 1.0147744 0.26 0.26 0.26 0.26 0.26 0.26155925 -0.20079681 -0.21 -0.21 -0.21 -0.21 0.40016968 0.78999914 0.79 0.79 0.79 0.32000117 0.7199999 0.72 0.72 0.56 -0.19998783 -0.2 -0.2 0.32 0.32 
0.58 0.58 0.95 0.95 0.95 0.47015989 0.47 0.47 1.34 1.34 1.34 1.34 1.34 0.45000004 0.45 0.45 0.45 0.45 1.18 1.18 1.18 1.18 1.18 0.95000001 0.95 0.95 0.95 0.26 0.26 0.26 0.26 0.26 0.61 0.61 -0.20999999 -0.21 -0.21 0.93980416 0.94 0.79 0.79 0.79 0.78999999 0.32 0.32 0.32 0.56 0.56 0.56 0.35 0.35 0.32 0.32 
0.58 0.58 0.95 0.95 0.95 0.95 0.95000214 1.34 1.34 1.34 1.34 1.34 1.34 0.46110194 0.45 0.45 0.45 0.45 1.18 1.18 1.18 1.18 1.18 0.95 0.95 0.95 0.95 0.94999724 0.26 0.26 0.26 0.60998165 0.61 0.61 0.61 -0.21 0.93999999 0.94 0.94 0.93605322 0.75627966 0.75 0.75 0.32 0.32 0.32 0.56 0.56 0.56 0.35 0.35 0.35 0.27471418 
0.75 0.74999867 0.95 0.95 0.95 0.95 1.34 1.34 1.34 1.34 1.34 1.34 1.34 1.3397233 0.45 0.45 0.45 0.45 1.1799869 1.18 1.18 1.18 0.99050725 0.95 0.95 0.95 0.95 1.2999997 1.3 1.3 0.27117507 0.61 0.61 0.61 0.61000043 1.06 0.94 0.94 0.94 0.94 0.75 0.75 0.75 1.04 1.04 1.04 0.84997176 0.56 0.56 0.35 0.35 0.35 0.27000332 
0.75 0.75 0.95 0.95 0.95 1.34 1.34 1.34 1.34 1.3400347 1.34 1.34 1.34 1.3399974 0.74996548 0.75 0.75 0.75 0.71900017 0.69 0.69 0.69 0.69 0.95 0.95 0.95 0.95002309 1.3 1.3 1.3 1.3 0.61012631 0.86311198 1.06 1.06 1.06 0.93843254 0.52000874 0.52 0.52 0.75010966 0.89 0.89 1.04 1.04 1.0399992 0.85 0.85 0.78 0.78 0.78 1.15 1.46 
0.75 0.75 1.4 1.4 1.4 1.34 1.34 1.34 1.34 2.5 2.5 2.5 2.5 2.3766734 0.75 0.75 0.75 0.75 0.72 0.69 0.69 0.69 0.69 1.29 1.2899999 0.9500005 1.3 1.3 1.3 1.3 1.4113806 1.52 1.1147337 1.06 1.06 1.06 0.52 0.52 0.52 0.52 0.89 0.89 0.89 1.149918 1.15 0.85134848 0.85 0.85 0.78000156 0.78 1.15 1.15 1.46 
0.75 1.4 1.4 1.4 1.4 1.4 1.3470642 2.25 2.25 2.5 2.5 2.5 2.5 2.4995856 0.75 0.75 0.75 0.7486445 0.72 0.72 0.69 0.69 1.29 1.29 1.29 1.29 1.3 1.3 1.3 1.3 1.52 1.52 1.52 1.0604655 1.06 1.06 0.52 0.52 0.52 0.52 0.89 0.89 0.89 1.15 1.15 1.1499898 0.97 0.97 1.11 1.11 1.15 1.15 1.46 
1.3938957 1.4 1.4 1.4 1.4 1.4 2.25 2.25 2.25 2.3838104 2.5 2.5 2.5 2.4999872 0.75 0.75 0.75 0.72 0.72 0.72 0.6900015 0.69000367 1.29 1.29 1.29 1.29 1.2999993 1.3 1.3 1.5199494 1.52 1.52 1.52 1.52 1.0612519 1.16 1.16 1.1489237 0.52 0.52 0.88999967 0.89 1.1424404 1.15 1.15 0.97000006 0.97 0.97 1.11 1.11 1.21 1.21 1.5 
1.4 1.4 1.4 1.4 1.4 1.4 2.25 2.25 2.25 2.25 2.2600069 2.26 2.26 2.26 0.75000171 0.78846059 0.81 0.81 0.72016591 0.72 0.71999999 1.2899991 1.29 1.29 1.29 1.29 1.2900073 1.3 1.3000075 1.52 1.52 1.52 1.52 1.52 1.16 1.16 1.16 1.16 1.16 1.1599996 1.98 1.98 1.9799998 1.4 1.4 1.4 0.86 0.86 0.98 0.98 1.21 1.2100006 1.5 
1.4 1.4 1.4 1.4 1.4 1.4 2.25 2.25 2.25 2.26 2.26 2.26 2.26 2.26 1.8777835 0.81 0.81 0.81 0.81 0.81 0.8057028 1.29 1.29 1.29 1.29 1.2777536 0.90061113 1.2455348 1.5189151 1.52 1.52 1.52 1.52 1.5199992 1.16 1.16 1.16 1.16 1.16 1.5414621 1.98 1.98 1.98 1.4 1.4 1.4 0.86 0.86 0.98 0.98 1.38 1.4933802 1.5 
1.4 1.4 1.4 1.4 1.4 1.4000003 2.2499998 2.25 2.2504151 2.26 2.26 2.26 2.26 2.26 2.1904491 0.81 0.81 0.81 0.81 0.81 0.81 0.95934212 0.90000055 0.9 0.9 0.9 0.9 0.9 0.94004755 0.94000687 0.94000001 0.94 0.94 0.94000016 1.16 1.16 1.16 1.16 1.16 1.9799999 1.98 1.98 1.98 1.9799997 1.4003848 1.64 0.86000008 1.341523 0.9803242 1.38 1.38 1.3897697 1.85 
1.4 1.4 1.4 1.4 1.4 1.4000543 2.2499542 2.2500006 2.26 2.26 2.26 2.26 2.26 2.26 2.2324096 0.81 0.81 0.81 0.81 0.81 0.81 0.9 0.9 0.9 0.9 0.9 0.9 0.9 0.93998896 0.94 0.94 0.94 0.94 0.94 1.00028 1.16 1.16 1.16 1.16 1.98 1.98 1.98 1.98 1.9799129 1.64 1.64 1.6381824 1.35 1.35 1.38 1.38 1.85 1.85 
1.4 1.4 1.4 1.4 1.4 1.4011336 2.2489913 2.2588716 2.26 2.26 2.26 2.26 2.26 2.26 2.2346153 0.81 0.81 0.81 0.81 0.81 0.82281436 0.9 0.9 0.9 0.9 0.9 0.9 0.9 0.93999984 0.94 0.94 0.94 0.94 0.94 0.94 1.4653929 1.9401481 2.1997329 2.2392418 2.0005692 1.98 1.98 1.98 1.6400271 1.64 1.6409551 1.7999978 1.35 1.35 2.0700044 2.07 2.07 1.8500001 
1.4 1.4 1.4 1.4 1.4000009 1.4070887 2.2449095 2.2599973 2.26 2.26 2.26 2.26 2.26 2.26 2.2261403 0.81 0.81 0.81 0.81 0.81 0.89999961 0.9 0.9 0.9 0.9 0.9 0.9 0.9 0.93999999 0.94 0.94 0.94 0.94 0.94 0.94000026 2.26 2.26 2.26 2.26 2.3 2.3 2.3 2.3 1.7999995 1.8 1.8 1.8 1.800003 2.09 2.09 2.07 2.07 2.1521718 
1.4 1.4 1.4 1.4000001 1.4000237 1.4230808 2.2578503 2.2599999 2.26 2.26 2.26 2.26 2.26 2.26 2.2107781 0.8100006 0.81 0.81 0.81 0.81054167 0.9 0.9 0.9 0.9 0.9 0.9 0.9 0.9 0.93999999 0.94 0.94 0.94 0.94 0.94 2.2599988 2.26 2.26 2.26 2.26 2.3 2.3 2.3 2.3 2.1650521 1.8 1.8 1.8 2.0899968 2.09 2.09 2.19 2.19 2.19 
1.4 1.4 1.4 1.4000019 1.4002327 1.4869225 2.2597892 2.26 2.26 2.26 2.26 2.26 2.26 2.2599999 2.1899682 0.8100341 0.81 0.81 0.8100001 0.89817646 0.9 0.9 0.9 0.9 0.9 0.9 0.9 0.9 0.93999996 0.94 0.94 0.94 0.94 1.7379259 2.2599999 2.26 2.26 2.26 2.26 2.3 2.3 2.3 2.3 2.3 1.8 1.8 1.8 2.09 2.09 2.09 2.19 2.19 2.19 
1.4 1.4000001 1.4000008 1.4000228 1.4013975 1.899956 2.2599419 2.26 2.26 2.26 2.26 2.26 2.26 2.2599973 2.1652269 0.81052955 0.81000003 0.81 0.81046597 0.89999235 0.9 0.9 0.9 0.9 0.9 0.9 0.9 0.90000002 0.93999975 0.94 0.94000077 1.9341757 2.03 2.03 2.03 2.26 2.26 2.26 2.26 2.3 2.3 2.3 2.3 2.3 1.8000089 1.8 1.8000001 2.09 2.09 2.0900001 2.19 2.19 2.19 
