interpolatedSpi/07-08|20_3.tif
NCOLS 53
NROWS 52
XLLCORNER -116.03883
YLLCORNER 28.596182
DX 0.49850594
DY 0.49788537
NODATA_VALUE -9999
0.77 0.77 0.51429915 -0.065 0.855 0.965 1.59 2.015 0.93784157 0.685 0.66 1.09 0.86007123 1.725 1.735 1.735 1.735 0.66 0.69 0.69 0.69 0.69000506 1.215 0.795 0.795 0.795 1.8849994 1.885 1.885 0.8 0.8 0.8 0.8 1.1999999 1.2 1.2 1.2 1.2 1.2 1.2 1.8875927 1.8951357 2.43 2.43 2.43 2.43 2.4307105 2.865 2.865 2.865 2.3450011 2.345 2.345 
0.76999023 0.55 0.83000065 0.96311805 1.1000055 1.55 1.4 1.5951818 1.195 1.035 0.785 0.86 0.86 1.6652001 1.7249994 1.735 0.66 0.66 0.68996088 0.69 0.69 0.69 0.75973315 0.795 0.795 0.795 0.94499999 0.945 0.8 0.8 0.8 0.8 0.8 1.1999999 1.2 1.2 1.2 1.2 1.1999999 1.0520703 0.31504254 2.1733615 2.43 2.43 2.43 2.43 2.43 2.865 2.865 2.865 2.8218811 2.345 2.345 
1.4549744 1.455 1.39 1.76 1.605 1.155 1.33 1.255 1.875 1.195 1.28 1 -0.18 1.11 1.665 2.12 0.66 0.66 0.66 0.36009593 0.36 0.36 0.125 0.795 0.795 0.795 0.945 0.945 0.945 0.8 0.8 0.79999997 0.45820595 1.197443 1.1925072 0.40237659 0.395 0.395 0.38493811 0.315 0.315 0.31770455 2.43 2.43 2.43 2.43 2.43 2.865 2.865 2.865 2.865 2.345 2.345 
0.21 1.4549999 0.72498009 1.215 0.63 1.56 2.13 0.645 1.5 1.3452424 1.84 1.835 1.39 1.11 1.355 2.12 -0.0085887112 -0.024520049 0.61 0.36 0.36 -0.27 0.125 0.125 0.795 0.79500075 0.945 0.945 0.945 0.17 0.12610578 0.09 0.09 0.09000025 0.395 0.395 0.395 0.395 0.315 0.315 0.315 0.31500008 2.43 2.43 2.43 2.43 2.43 2.8649945 2.865 2.865 2.865 2.3449094 2.345 
0.21 0.12000111 0.725 0.93640567 0.63 1.93 1.6450494 1.18 0.57 1.3199999 1.2579639 1.2301232 2.09 1.355 1.355 1.8331593 -0.025 -0.025 0.61 0.61 0.35999872 -0.27 0.225 0.235 -0.265 -0.26498215 0.945 0.945 0.17 0.17 0.09 0.09 0.09 0.23802991 0.395 0.395 0.395 0.315 0.315 0.315 0.315 0.3150695 2.43 2.43 2.43 2.43 2.43 2.433872 2.865 2.8648523 -0.43 -0.43 -0.43 
-0.53 0.25 0.65499999 0.77 1.95 1.995 1.18 1.18 1.28 1.21 1.49 0.25 0.25000121 0.76 0.76 0.065028972 0.065 -0.01 -0.009999998 0.60999958 -0.53 -0.53 0.235 -0.265 -0.265 -0.19 -0.64 -0.64 0.60996046 0.17 0.09 0.09 0.875 0.87496865 0.57502152 0.91 0.91 0.49907683 0.315 0.315 1.034102 1.035 1.0349999 0.24427735 0.20524591 0.20500059 0.20500008 0.20500083 -0.13588456 -0.43 -0.43 -0.43 -0.43 
-0.86999816 -0.275 -0.39319339 0.635 1.745 1.06 1.28 1.475 1.425 1.425 1.49 0.325 0.29499975 0.76 0.18500172 0.185 0.065 0.375 0.13 0.13 -0.5488506 -0.57 -0.57 -1.2 -0.19 -0.19 -0.64 -0.64 0.61001807 0.6103326 0.9199985 0.875 0.875 0.575 0.575 -0.11664647 0.91 0.91 -1.2099265 1.0349969 1.035 1.035 1.0349988 0.20500326 0.205 0.205 0.205 0.20499976 -0.19 -0.42995244 -0.43 -0.43 -0.43 
-0.87 -0.99 -0.415 -0.56 -1.2349613 0.105 0.755 0.63000002 0.49 0.06 0.06 -0.685 0.295 0.295 0.1857547 0.30795219 0.32 0.2 0.010000123 0.13 -0.18258903 -0.11 -0.635 -1.32 -1.3200012 -1.41 -1.36 -1.3599997 0.91891372 0.92 0.92 0.68988764 0.6 0.575 0.54319886 -0.975 -0.975 -1.21 -1.21 1.035 1.035 1.035 0.78552384 0.78999997 0.205 0.205 0.205 -0.18998496 -0.19 -0.19 -0.43 -0.43 -0.43 
-0.99303431 -0.98999999 -0.855 -0.935 0.49 0.005 0.03 0.87 1.195 0.74046056 0.145 0.040000002 0.04 -1.01 -1.0099917 -0.17860646 -0.18 -0.18 0.17099621 -0.80500003 -0.965 -0.96499999 0.03 -0.37293444 -1.4009304 -1.41 -1.09 -1.36 -0.6193292 -0.615 0.715 2.665 2.0152807 -0.09 -0.54 -0.91 -0.655 -0.76 -1.244776 1.0349107 1.015 0.030000003 0.78993487 0.79 0.7867073 0.205 -0.41999997 -0.19 -0.19 -0.19 -0.19 -0.57629623 -0.17 
-1.01 -1.01 -0.8 -0.72 0.515 0.98 0.465 0.55 1.215 0.62498889 0.125 -0.165 -1.01 -1.01 -0.125 -0.12575435 -0.18 -0.18011849 -0.755 -0.805 -0.805 -0.82561333 0.03 -0.42499138 -0.425 -0.425 -1.09 0.135 0.135 -0.615 -0.615 2.6625534 1.375 -0.09 0.115 -0.91 -0.655 -0.97 -1.245 1.3374567 0.030000044 0.16224218 0.39 0.79 0.79 -0.42 -0.42 -0.42 -0.19 -0.19 -1.605 -1.605 -1.6049995 
-1.01 -1.01 -0.84 -0.76 -0.195 -0.085 -0.14499999 0.16516618 0.23 -0.055 0.185 0.02 -0.16475496 -0.125 -0.125 -0.12500981 -0.21 -0.23860416 -0.755 0.41 0.41 0.18 0.18 -0.425 -0.425 -0.425 0.135 0.135 0.135 -0.52 -0.52 -0.51999688 -0.195 -0.195 0.13 -0.785 -0.525 0.84499689 -0.845 1.38 1.38 1.1699974 0.39 0.79 -0.51500011 -1 -1.1020499 -1.105 -1.475 -1.475 -1.605 -1.605 -1.605 
-1.01 -0.93656086 -0.80586115 -0.7050005 -0.51 -0.36 -0.145 0.165 0.22999946 -0.051842546 0.019999902 0.02 -0.185 -0.125 -0.125 -0.21 -0.21 -0.21003102 -0.755 0.41 0.36483268 0.18 0.18 -0.42497592 -0.425 -0.46280275 -0.54 -0.54 -0.53999992 -0.52 -0.52 -0.39 -0.39 -0.19499911 0.13 0.96499923 -0.36384323 0.845 0.845 1.38 1.17 1.17 1.1699877 -0.515 -0.515 -1 -1.105 -1.105 -1.475 -1.475 -1.605 -1.605 -1.605 
0.185 0.33091516 0.42995559 0.42177635 -0.50999914 -0.36000354 -0.14500001 0.16118408 0.22552084 0.22255789 -0.185 -0.185 -0.185 -0.185 -0.1250085 -0.21 -0.21 -0.21703682 -0.755 0.40984075 -0.115 -0.115 -0.115 -0.115 -0.41985427 -0.54 -0.54 -0.54 -0.54 -0.53997589 -0.39 -0.39 -0.39 -0.39 0.965 0.965 0.965 0.8503602 0.84890548 1.365 1.365 1.1700105 0.45996662 -0.51490609 -0.515 -1 -1.105 -1.105 -1.475 -1.475 -1.6045284 -1.605 -0.89134512 
0.185 0.43 0.43 0.43 0.43 0.42999967 -0.14555036 0.0016888963 0.21357079 -0.18456014 -0.185 -0.185 -0.185 -0.185 -0.18499979 -0.21 -0.21000009 -0.24738328 -0.75499033 -0.115 -0.115 -0.115 -0.115 -0.115 -0.12656663 -0.52408137 -0.49500001 -0.495 -0.495 -0.495 -0.39 -0.39 -0.38999998 -0.375 -0.375 0.965 1.0427753 1.045 1.3649998 1.365 1.365 1.365 0.46 0.46 0.46 0.44983973 -0.59332896 -0.59 -0.59 -0.59 -0.59000002 0.18999963 0.19 
0.32 0.43 0.43 0.43 0.43 0.43 0.42999996 -0.031233271 0.10055333 0.1 0.1 0.1 0.1 0.1 0.099999997 -0.086187881 -0.20814413 -0.28462867 -0.11508029 -0.115 -0.115 -0.115 -0.115 -0.11500055 -0.65 -0.65 -0.64999978 -0.495 -0.495 -0.49543052 -0.71 -0.71 -0.375 -0.375 -0.375 0.81753136 1.045 1.045 1.045 1.365 1.365 1.365 0.46 0.46 0.46 0.46 -0.58999999 -0.59 -0.59 -0.59 -0.59 0.19 0.19 
0.32 0.36095175 0.43 0.43 0.43 0.43 0.070070656 0.07 0.070000001 0.1 0.1 0.1 0.1 0.1 0.058084671 -0.09 -0.09 -0.09 -0.58356813 -0.58499952 -0.585 -0.585 -0.585 -0.585 -0.65 -0.65 -0.65 -0.65 -0.495 -0.71 -0.71 -0.71 -0.37500003 -0.375 -0.375 0.825 1.0447087 1.045 1.045 1.3648741 1.1136966 0.52751057 0.46 0.46 -0.098271807 -0.1 -0.1 -0.58822477 0.48622589 0.48999991 0.4899998 0.73991669 0.19000112 
0.32 0.6557345 0.54892082 0.43 0.43 0.070212705 0.07 0.07 0.07 0.070216189 0.1 0.1 0.1 0.099999977 -0.09 -0.09 -0.09 -0.09 -0.58455783 -0.585 -0.585 -0.585 -0.585 -0.585 -0.65 -0.65 -0.65 -0.65 -0.65021824 -0.71 -0.71 -0.71 -0.075000015 -0.3748707 0.825 0.825 0.825 0.81561772 0.55790133 0.525 0.525 0.525 0.11 0.11 -0.1 -0.1 -0.1 0.48999999 0.49 0.49 0.49 0.74 0.74 
0.66498581 0.665 0.665 0.665 0.165 0.070002451 0.07 0.07 0.07 0.07 0.050789668 0.09999153 0.099999981 -0.09 -0.09 -0.09 -0.09 -0.09 -0.20866285 -0.585 -0.585 -0.585 -0.585 -0.585 -0.42988708 -0.13000282 -0.13 -0.13 -0.13 -0.70999997 -0.075000011 -0.075 -0.075 -0.075 0.825 0.82497748 -0.03 -0.03 0.51807 0.525 0.525 0.525 0.11 0.11 -0.067484769 -0.1 -0.1 0.49 0.49 0.49 0.49268065 0.74 0.74 
0.665 0.665 0.665 0.42954254 0.165 0.165 0.07 0.07 0.07 0.07 -0.55 -0.55 -0.55 -0.09 -0.09 -0.09 -0.09 -0.090096675 -1.355 -1.355 -0.58500031 -0.585 -0.58816495 -0.715 -0.7097335 -0.13 -0.13 -0.13 -0.13 -0.075005601 -0.075 -0.075 -0.075 -0.075 -0.029996994 -0.03 -0.03 -0.03 -0.028009774 0.525 0.525 0.525 0.11 0.11 0.11 -0.1 -0.1 0.48999999 0.49 0.49 0.74 0.74 0.74 
0.665 0.665 0.665 0.165 0.165 0.165 0.16499985 0.07 0.07 -0.54935998 -0.55 -0.55 -0.55 -0.54971341 -0.56351211 -0.675 -0.675 -0.675 -1.355 -1.355 -1.355 -0.715 -0.715 -0.715 -0.71498179 -0.40275264 -0.13 -0.13 -0.13 0.59863031 0.75491837 0.755 0.755 0.755 0.24716138 0.63499849 0.635 0.635 0.635 0.065062941 0.065 0.065 0.11 0.11 0.55999812 0.55999989 0.255 0.255 0.5 0.5 0.5 0.74 0.70503129 
0.66500241 0.665 0.66499998 0.165 0.165 0.165 0.165 -0.14499994 0.069140346 -0.54957381 -0.55 -0.55 -0.55 -0.55024528 -0.675 -0.675 -0.675 -0.6750002 -1.355 -1.355 -1.355 -0.715 -0.715 -0.715 -0.65 -0.65 -0.44 -0.44 -0.44 -0.4334809 0.755 0.755 0.755 0.755 0.69503283 0.635 0.635 0.635 0.635 0.065 0.065 0.065 0.080574594 0.56 0.56 0.56 0.255 0.255 0.5 0.5 0.5 0.70499999 0.705 
1.44 1.050545 -0.12 -0.11991732 0.165 -0.14320635 -0.145 -0.145 0.031723635 -0.07999999 -0.08 -0.08 -0.08 -1.1999635 -1.2 -0.6750004 -0.675 -0.692917 -1.355 -1.355 -1.355 -1.315 -1.315 -1.315 -0.65 -0.65 -0.44 -0.44 -0.44 -0.43999922 0.63500076 0.63500034 0.75198398 0.75487135 -0.059065867 -0.06 -0.06 -0.06 -0.06 0.065 0.065 0.065 0.53274287 0.56 0.56 0.55999983 0.255 0.255 0.25500882 0.5 0.49999888 0.475 0.705 
0.87010824 0.86999983 -0.12 -0.12 -0.12 -0.145 -0.145 -0.145 0.34 0.34 -0.08 -0.08 -0.08 -1.2 -1.2 -1.2 -1.2 -1.2000152 -1.355 -1.355 -1.355 -1.315 -1.315 -1.315 -0.65 -0.65 -0.44 -0.44 -0.44 0.6228793 0.635 0.635 0.635 0.635 -0.059657059 -0.06 -0.06 -0.06 -0.06 -1.2549997 -1.255 -1.255 -1.255 0.55999248 -0.42 -0.42 -0.42 0.44 0.44 0.44 0.475 0.475 0.475 
0.87 0.87 -0.12 -0.12 -0.12 -0.1448686 -0.145 0.34 0.34 0.34 -0.079948298 -0.08 -0.37007928 -1.1999998 -1.2 -1.2 -1.2 -1.68 -1.68 -1.68 -1.58 -1.5799998 -1.3150013 -1.315 -1.3148489 -1.375 -1.375 -1.3749978 -0.4401511 0.44003886 0.44000104 0.44003404 0.63466672 0.63483172 0.063653617 -0.06000035 -0.063032859 -0.965 -0.965 -1.255 -1.255 -1.255 -1.255 -0.42 -0.42 -0.42 -0.42 0.44 0.44 0.44 0.475 0.475 0.475 
0.87 0.87 -0.12 -0.12 -0.12 -0.12 0.036521333 0.34 0.34 0.34 0.3395719 -0.435 -0.435 -0.435 -1.1954917 -1.2 -1.6768014 -1.68 -1.68 -1.68 -1.58 -1.58 -1.58 -1.58 -1.375 -1.375 -1.375 -1.375 -1.375 0.44 0.44 0.44 0.44 0.43999873 -0.165 -0.965 -0.965 -0.965 -0.965 -0.96500279 -1.8 -1.8 -1.8 -1.4794646 -0.815 -0.815 -0.815 0.43999996 0.43999948 -0.1 -0.1 -0.29981146 -0.3 
0.87 0.87 0.23732048 -0.12 -0.12 -0.12000001 -0.36374896 0.33777823 0.34 0.34 -0.43500003 -0.435 -0.435 -0.435 -0.435 -0.49788979 -1.68 -1.68 -1.68 -1.68 -1.5800008 -1.58 -1.58 -1.58 -1.375 -1.375 -1.375 -1.375 -1.375 -0.29526163 0.44 0.44 0.44 -0.165 -0.165 -0.16562122 -0.965 -0.965 -0.73426081 -0.55500004 -1.8 -1.8 -1.8 -1.4824842 -0.815 -0.815 -0.815 -0.055 -0.099439304 -0.1 -0.1 -0.3 -0.3 
-0.805 -0.805 -0.805 -0.29174833 -0.1220103 -0.365 -0.365 -0.365 -0.365 -0.565 -0.565 -0.43500001 -0.435 -0.435 -0.435 -0.43507891 -1.68 -1.68 -1.68 -1.68 -1.6236368 -1.58 -1.58 -1.5769904 -1.4609924 -1.375 -1.375 -1.375 -0.555 -0.555 -0.555 -0.55499582 -0.165 -0.165 -0.165 -0.165 -0.555 -0.555 -0.555 -0.555 -1.235 -1.235 -1.235 -0.51501448 -0.515 -0.515 -0.51500009 -0.055 -0.055 -0.09994517 -0.1 -0.29999864 -0.3 
-0.805 -0.805 -0.805 -0.8050377 -1.505 -1.3392253 -0.365 -0.365 -0.365 -0.565 -0.565 -0.565 -0.57499999 -0.575 -0.575 -0.57500001 -1.6793039 -1.68 -1.68 -1.68 -1.6784774 -1.4650003 -1.465 -1.465 -1.465 -1.465 -0.89 -0.89 -0.555 -0.555 -0.555 -0.555 -0.16500002 -0.165 -0.165 -0.16500244 -0.55499996 -0.555 -0.555 -0.54951646 -1.235 -1.235 -1.235 -0.51503339 -0.515 -0.515 -0.515 -0.055 -0.055 -0.054999997 -0.03 -0.03 -0.345 
-0.805 -0.805 -0.805 -1.5049984 -1.505 -1.505 -0.36500043 -0.365 -0.365 -0.565 -0.565 -0.565 -0.575 -0.575 -0.575 -0.63021567 -1.3 -1.3 -1.300001 -1.6778537 -1.465 -1.465 -1.465 -1.465 -1.465 -1.4645673 -0.89 -0.89 -0.89 -0.555 -0.555 -0.55478759 -0.195 -0.195 -0.195 0.97999999 0.98 0.695 0.695 0.695 0.695 -1.2343946 -1.2349873 0.47 0.47 0.43266962 -0.51499662 -0.055 -0.055 -0.03 -0.03 -0.03 -0.345 
-0.805 -0.805 -0.805 -1.505 -1.505 -1.505 -1.505 -0.365 -0.365 -0.565 -0.565 -0.57460014 -0.575 -0.575 -0.575 -1.3 -1.3 -1.3 -1.3 -1.3 -1.465 -1.465 -1.465 -1.465 -1.465 -0.89000196 -0.89 -0.89 -0.89 -0.225 -0.225 -0.225 -0.195 -0.195 -0.195 0.98 0.98 0.695 0.695 0.695 0.695 0.695 0.47 0.47 0.47 0.47 0.47123221 0.485 0.485 0.485 -0.029999995 0.22 0.22 
-0.805 -0.805 -0.80597478 -1.505 -1.505 -1.505 -1.505 -1.7096825 -1.72 -1.718017 -0.56500002 -0.57503601 -0.575 -0.575 -0.57500251 -1.3 -1.3 -1.3 -1.3 -1.3 -0.57792723 -1.465 -1.465 -1.465 -1.4648723 -0.88999747 -0.89 -0.89 -0.89 -0.225 -0.225 -0.225 -0.22499203 -0.195 0.98 0.98 0.98 0.97998807 0.695 0.695 0.695 0.695 0.47001366 0.47 0.47 0.47 0.48499739 0.485 0.485 0.485 0.22 0.22 0.22 
-2.46 -2.4599971 -1.5046656 -1.505 -1.505 -1.505 -1.7199543 -1.72 -1.72 -1.72 -1.005 -1.005 -1.005 -1.005 -1.2986384 -1.3 -1.3 -1.3 -1.3 -0.54000045 -0.54 -0.54 -0.8450001 -0.845 -0.845 -0.845 -0.84888408 -0.89 0.21995454 0.22 0.22 0.22 0.22 0.705 0.705 0.705 0.705 0.705 0.075 0.075 0.075 0.075 0.075000001 0.22536932 0.225 0.225 0.225 0.485 0.485 0.485 0.22004175 0.22 0.22 
-2.46 -2.46 -2.4556879 -1.9449991 -1.9449999 -1.9447804 -1.72 -1.72 -1.72 -1.72 -1.005 -1.005 -1.005 -1.005 -1.005 -1.3 -1.3 -1.3 -0.54000019 -0.54 -0.54 -0.54 -0.845 -0.845 -0.845 -0.845 -0.845 -0.84500845 0.21998069 0.22 0.22 0.22 0.21999224 0.51792246 0.70480629 0.705 0.705 0.705 0.075 0.075 0.075 0.075 0.074999997 0.225 0.225 0.225 0.225 0.34658108 0.485 0.65310332 0.655 0.59 0.59 
-2.46 -2.46 -1.9450652 -1.945 -1.945 -1.945 -1.8878509 -1.72 -1.72 -1.72 -1.005 -1.005 -1.005 -1.005 -1.005 -1.2997761 -1.3 -0.54022283 -0.54 -0.54 -0.54 -0.54 -0.73201077 -0.845 -0.845 -0.845 -0.845 -0.84428144 0.17 0.17 0.17 0.17 0.17 0.375 0.375 0.375 0.375 0.375 -0.53 -0.53 -0.53 -0.53 -0.52999999 0.22387683 0.22499976 0.225 0.22492203 0.21567964 0.655 0.655 0.655 0.59000036 0.59 
-2.4600011 -3.0581075 -1.9450002 -1.945 -1.945 -1.945 -1.945 -1.7200958 -1.72 -1.72 -1.005 -1.005 -1.005 -1.005 -1.3374481 -1.345 -1.345 -0.54002072 -0.54 -0.54 -0.54 -0.54 -0.54000025 -0.845 -0.845 -0.845 -0.845 -0.58999929 -0.58999965 -0.42825353 0.17 0.17 0.17 0.375 0.375 0.375 0.375 0.37496952 -0.53 -0.53 -0.53 -0.53 -0.52997625 -0.235 -0.235 -0.235 -0.235 -0.23492822 0.655 0.655 0.655 0.65499998 0.6294109 
-3.07 -3.07 -2.7369087 -1.945 -1.945 -1.945 -1.945 -1.945 -1.7200964 -1.91 -1.91 -1.91 -1.9078523 -1.3449995 -1.345 -1.345 -1.345 -1.345 -0.54001115 -0.63539242 -1.47 -1.47 -1.47 -1.3122459 -0.86821055 -0.99240579 -1.0968908 -0.59 -0.59 -0.59 -0.59 -0.59 -0.56096566 0.32124573 0.33 0.33 0.33 0.33 -0.4717652 -0.22000056 -0.22 -0.22 -0.22 -0.19500012 -0.23499999 -0.235 -0.235 0.565 0.65499856 0.655 0.655 0.63 0.63 
-3.07 -3.07 -2.225 -2.225 -2.225 -1.9450933 -1.945 -1.945 -1.91 -1.91 -1.91 -1.91 -1.91 -1.345 -1.345 -1.345 -1.345 -1.345 -1.47 -1.47 -1.47 -1.47 -1.47 -1.135 -1.135 -1.135 -1.135 -0.59 -0.59 -0.59 -0.59 -0.59 -0.45 -0.45 0.32999999 0.33 0.33 0.045048535 0.045 -0.22 -0.22 -0.22 -0.21999994 -0.195 -0.195 -0.195 0.565 0.565 0.565 0.45 0.45 0.63 0.63 
-3.07 -3.07 -2.225 -2.225 -2.225 -2.225 -2.224999 -2.04 -1.9101224 -1.91 -1.91 -1.91 -1.91 -1.3520479 -1.345 -1.345 -1.345 -1.345 -1.47 -1.47 -1.47 -1.47 -1.47 -1.135 -1.135 -1.135 -1.135 -1.1349978 -0.59 -0.59 -0.59 -0.45000734 -0.45 -0.45 -0.45 0.33 0.045000003 0.045 0.045 0.038027354 0.11720339 0.18 0.18 -0.195 -0.195 -0.195 0.565 0.565 0.565 0.45 0.45 0.45 0.40357091 
-2.945 -2.945001 -2.225 -2.225 -2.225 -2.225 -2.04 -2.04 -2.04 -1.91 -1.91 -1.91 -1.91 -1.9098244 -1.345 -1.345 -1.345 -1.345 -1.4699978 -1.47 -1.47 -1.47 -1.1940189 -1.135 -1.135 -1.135 -1.135 -1.3599998 -1.36 -1.36 -0.59825894 -0.45 -0.45 -0.45 -0.44999952 0.049999993 0.045 0.045 0.045 0.045000001 0.18 0.18 0.18 1.13 1.13 1.13 1.4599128 0.565 0.565 0.45 0.45 0.45 0.38000026 
-2.945 -2.945 -2.225 -2.225 -2.225 -2.04 -2.04 -2.04 -2.04 -1.9242635 -1.91 -1.91 -1.91 -1.9099966 -1.0650322 -1.065 -1.065 -1.065 -0.60859302 -1.555 -1.555 -1.555 -1.555 -1.135 -1.135 -1.135 -1.1350148 -1.36 -1.36 -1.36 -1.36 -0.45001805 -0.16876446 0.05 0.05 0.05 0.045037347 0.054999792 0.055 0.055 0.18024674 0.49499999 0.495 1.13 1.13 1.1300014 1.46 1.46 0.54 0.54 0.54 0.435 0.475 
-2.945 -2.945 -2.4 -2.4 -2.4 -2.04 -2.04 -2.04 -2.04 -2.355 -2.355 -2.355 -2.355 -2.2640907 -1.065 -1.065 -1.065 -1.065 -0.575 -1.555 -1.555 -1.555 -1.555 -1.85 -1.8499997 -1.1350011 -1.36 -1.36 -1.36 -1.36 -1.0334525 -0.715 -0.041024508 0.05 0.05 0.05 0.055 0.055 0.055 0.055 0.495 0.495 0.495 1.5746594 1.575 1.4605169 1.46 1.46 0.54000149 0.54 0.435 0.435 0.475 
-2.945 -2.4 -2.4 -2.4 -2.4 -2.4 -2.05277 -3.685 -3.685 -2.355 -2.355 -2.355 -2.355 -2.3546945 -1.065 -1.065 -1.065 -1.0428602 -0.575 -0.575 -1.555 -1.555 -1.85 -1.85 -1.85 -1.85 -1.36 -1.36 -1.36 -1.36 -0.715 -0.715 -0.715 0.049225883 0.05 0.05 0.055 0.055 0.055 0.055 0.495 0.495 0.495 1.575 1.575 1.5749807 1.235 1.235 0.78 0.78 0.435 0.435 0.475 
-2.4051182 -2.4 -2.4 -2.4 -2.4 -2.4 -3.685 -3.685 -3.685 -2.9731284 -2.355 -2.355 -2.355 -2.3549935 -1.065 -1.065 -1.065 -0.575 -0.575 -0.575 -1.554951 -1.5550018 -1.85 -1.85 -1.85 -1.85 -1.3600348 -1.36 -1.36 -0.71514833 -0.715 -0.715 -0.715 -0.715 0.048021031 -0.045 -0.045 -0.043269326 0.055 0.055 0.49499961 0.495 1.5435988 1.575 1.575 1.2350001 1.235 1.235 0.78 0.78 0.46 0.46 0.435 
-2.4 -2.4 -2.4 -2.4 -2.4 -2.4 -3.685 -3.685 -3.685 -3.685 -2.3300007 -2.33 -2.33 -2.33 -1.0650022 -1.2669181 -1.38 -1.38 -0.57648401 -0.575 -0.57500019 -1.8499996 -1.85 -1.85 -1.85 -1.85 -1.8496437 -1.36 -1.359978 -0.715 -0.715 -0.715 -0.715 -0.715 -0.045 -0.045 -0.045 -0.045 -0.045 -0.044999233 0.13 0.13 0.13000024 0.83 0.83 0.83 0.54 0.54 0.425 0.425 0.46 0.45999995 0.435 
-2.4 -2.4 -2.4 -2.4 -2.4 -2.4 -3.685 -3.685 -3.685 -2.33 -2.33 -2.33 -2.33 -2.33 -2.0795823 -1.38 -1.38 -1.38 -1.38 -1.38 -1.3415639 -1.85 -1.85 -1.85 -1.85 -1.8484299 -1.8000783 -1.4199121 -0.7181808 -0.715 -0.715 -0.715 -0.715 -0.71499853 -0.045 -0.045 -0.045 -0.045 -0.045 0.036409593 0.13 0.13 0.13 0.83 0.83 0.83 0.54 0.54 0.425 0.425 0.88499999 0.4598239 0.435 
-2.4 -2.4 -2.4 -2.4 -2.4 -2.4000004 -3.6849997 -3.685 -3.6287599 -2.33 -2.33 -2.33 -2.33 -2.33 -2.2844321 -1.38 -1.38 -1.38 -1.38 -1.38 -1.38 -1.8063245 -1.8000001 -1.8 -1.8 -1.8 -1.8 -1.8 -1.2077191 -1.1999943 -1.2 -1.2 -1.2 -1.1999992 -0.045 -0.045 -0.045 -0.045 -0.045 0.12999998 0.13 0.13 0.13 0.13000031 0.83014429 0.92 0.54000004 0.71197252 0.4252541 0.885 0.885 0.88697473 0.98 
-2.4 -2.4 -2.4 -2.4 -2.4 -2.4000821 -3.6849307 -3.684918 -2.3300017 -2.33 -2.33 -2.33 -2.33 -2.33 -2.3119235 -1.38 -1.38 -1.38 -1.38 -1.38 -1.38 -1.8 -1.8 -1.8 -1.8 -1.8 -1.8 -1.8 -1.2001656 -1.2 -1.2 -1.2 -1.2 -1.2 -0.88353011 -0.045 -0.045 -0.045 -0.045 0.13 0.13 0.13 0.13 0.13020238 0.92 0.92 0.91871516 0.715 0.715 0.885 0.885 0.98 0.98 
-2.4 -2.4 -2.4 -2.4 -2.4 -2.4017137 -3.6834365 -2.4829029 -2.33 -2.33 -2.33 -2.33 -2.33 -2.33 -2.3133686 -1.38 -1.38 -1.38 -1.38 -1.38 -1.4398004 -1.8 -1.8 -1.8 -1.8 -1.8 -1.8 -1.8 -1.2000024 -1.2 -1.2 -1.2 -1.2 -1.2 -1.2 -0.065854041 -0.098191915 -0.11589088 -0.11857024 0.14606967 0.13000001 0.13 0.13 0.91993692 0.92 0.91438896 -0.019996487 0.715 0.715 1.0949062 1.095 1.095 0.98000005 
-2.4 -2.4 -2.4 -2.4 -2.4000013 -2.4107158 -3.558848 -2.3303726 -2.33 -2.33 -2.33 -2.33 -2.33 -2.33 -2.307816 -1.38 -1.38 -1.38 -1.38 -1.38 -1.7999982 -1.8 -1.8 -1.8 -1.8 -1.8 -1.8 -1.8 -1.2000002 -1.2 -1.2 -1.2 -1.2 -1.2 -1.1999998 -0.12 -0.12 -0.12 -0.12 0.38 0.38 0.38 0.38 -0.019997278 -0.02 -0.02 -0.02 -0.019992326 0.665 0.665 1.095 1.095 1.1912871 
-2.4 -2.4 -2.4 -2.4000001 -2.4000359 -2.4342705 -2.4207455 -2.3300177 -2.33 -2.33 -2.33 -2.33 -2.33 -2.33 -2.2977511 -1.3800004 -1.38 -1.38 -1.38 -1.3825278 -1.8 -1.8 -1.8 -1.8 -1.8 -1.8 -1.8 -1.8 -1.2000001 -1.2 -1.2 -1.2 -1.2 -1.2 -0.12000099 -0.12 -0.12 -0.12 -0.12 0.38 0.38 0.38 0.38 0.27204172 -0.02 -0.02 -0.02 0.66499234 0.665 0.665 1.235 1.235 1.235 
-2.4 -2.4 -2.4000001 -2.4000029 -2.4003484 -2.4671566 -2.3347787 -2.3300044 -2.33 -2.33 -2.33 -2.33 -2.33 -2.3299999 -2.2841171 -1.3800223 -1.38 -1.38 -1.3800005 -1.7914901 -1.8 -1.8 -1.8 -1.8 -1.8 -1.8 -1.8 -1.8 -1.2000006 -1.2 -1.2 -1.2 -1.2 -0.061675014 -0.11999986 -0.12 -0.12 -0.12 -0.12 0.38 0.38 0.38 0.38 0.38 -0.02 -0.02 -0.02 0.66499999 0.665 0.665 1.235 1.235 1.235 
-2.4 -2.4000001 -2.4000012 -2.4000342 -2.4017395 -2.4199818 -2.3308033 -2.3300027 -2.33 -2.33 -2.33 -2.33 -2.33 -2.3299982 -2.2679073 -1.3803469 -1.38 -1.38 -1.3821745 -1.7999643 -1.8 -1.8 -1.8 -1.8 -1.8 -1.8 -1.8 -1.7999997 -1.2000038 -1.2 -1.1999989 0.21829656 0.355 0.355 0.355 -0.12 -0.12 -0.12 -0.12 0.38 0.38 0.38 0.38 0.38 -0.019992909 -0.02 -0.019999664 0.66499995 0.665 0.66500031 1.235 1.235 1.235 
