interpolatedSpi/07-07|23_2.tif
NCOLS 53
NROWS 52
XLLCORNER -116.03883
YLLCORNER 28.596182
DX 0.49850594
DY 0.49788537
NODATA_VALUE -9999
1.24 1.24 1.4835128 1.83 1.54 1.6 1.55 1.03 -0.047816652 -0.42 -0.37 0.22 -0.48001647 -0.68 -0.81 -0.81 -0.81 -1.45 -0.76 -0.76 -0.76 -0.75999653 -0.40000001 -1.01 -1.01 -1.01 -0.19000136 -0.19 -0.19 -1.33 -1.33 -1.33 -1.33 -1.26 -1.26 -1.26 -1.26 -1.26 -1.26 -1.26 0.18444298 0.2000533 0.41 0.41 0.41 0.41 0.40766432 -1.02 -1.02 -1.02 0.37999709 0.38 0.38 
1.2399747 0.67 1.7199991 1.5147095 1.5999945 0.96 1.06 0.3902775 -0.57 -0.55 0.37 -0.48 -0.48 -0.969033 -0.68000465 -0.81 -1.45 -1.45 -0.76089967 -0.76 -0.76 -0.76 -1.0821128 -1.01 -1.01 -1.01 -0.33000005 -0.33 -1.33 -1.33 -1.33 -1.33 -1.33 -1.26 -1.26 -1.26 -1.26 -1.26 -1.26 -0.86752477 1.3197269 0.52041944 0.41 0.41 0.41 0.41 0.41 -1.02 -1.02 -1.02 -0.90391066 0.38 0.38 
1.3499971 1.35 0.92 0.57 1.49 1.97 1.18 1.08 -0.35 -1.45 -0.55 0.27 0.15 -1.76 -0.97 -1.64 -1.45 -1.45 -1.45 -0.36011628 -0.36 -0.36 -2.38 -1.01 -1.01 -1.01 -0.33 -0.33 -0.33 -1.33 -1.33 -1.33 -1.334814 -1.2601683 -1.2604654 -1.3095418 -1.31 -1.31 -0.97921531 1.32 1.32 1.3188363 0.41 0.41 0.41 0.41 0.41 -1.02 -1.02 -1.02 -1.02 0.38 0.38 
1.47 1.3499998 0.35982843 0.5 -0.1 0.24 0.3 -0.21 0.92 -0.22663917 -0.03 -1.2 -0.85 -1.76 -0.45 -1.64 -1.5308416 -1.5299439 -1.38 -0.36 -0.36 -1.27 -2.38 -2.38 -1.01 -1.0099966 -0.33 -0.33 -0.33 -1.46 -1.3941587 -1.34 -1.34 -1.34 -1.31 -1.31 -1.31 -1.31 1.32 1.32 1.32 1.32 0.41 0.41 0.41 0.41 0.41 -1.019982 -1.02 -1.02 -1.02 0.37989678 0.38 
1.47 0.50999972 0.36 0.082591804 -0.1 -0.63 -0.18002556 -0.25 -0.82 0.26999946 -0.10680869 -0.26992408 0.26 -0.45 -0.45 -1.2444986 -1.53 -1.53 -1.38 -1.38 -0.36000183 -1.27 -0.98 -0.54 -0.88 -0.87991333 -0.33 -0.33 -1.46 -1.46 -1.34 -1.34 -1.34 -1.3267996 -1.31 -1.31 -1.31 1.32 1.32 1.32 1.32 1.3196612 0.40999996 0.41 0.41 0.41 0.41 0.39727123 -1.02 -1.0200789 -2.78 -2.78 -2.78 
-0.67 0.24 -0.059999984 0.18 -0.06 -1.56 -1.47 -1.3138051 0.05 -0.69 -1.83 -0.57 -0.56999945 -1.72 -1.72 -1.7299155 -1.73 -2.44 -2.44 -1.3800007 -1.39 -1.39 -0.54 -0.88 -0.88 -0.51 -1.22 -1.22 -1.170027 -1.46 -1.34 -1.34 -1.27 -1.2698872 -0.19007735 -0.050000001 -0.05 0.89615923 1.32 1.32 -2.1856223 -2.19 -2.1899964 -0.38570128 -0.39991048 -0.39999978 -0.39999997 -0.39999971 -2.2883269 -2.78 -2.78 -2.78 -2.78 
0.35000511 0.16 0.23761922 -0.01 -0.86 -1.57 -0.69 -0.84 -1.47 -1.47 -1.83 -2.57 -2.3899996 -1.72 -1.380001 -1.38 -1.73 -1.41 -2.23 -2.23 -0.9658616 -0.49 -0.49 -0.61 -0.51 -0.51 -1.22 -1.22 -1.1700286 -1.1705257 -1.0419116 -1.27 -1.27 -0.19 -0.19 -0.65999684 -0.05 -0.05 -1.0099667 -2.1899984 -2.19 -2.19 -2.189979 -0.40000468 -0.4 -0.4 -0.4 -0.4000011 -2.25 -2.779895 -2.78 -2.78 -2.78 
0.35 -0.64 -0.32 -1.18 -0.42004357 -0.98 -1.99 -2.11 -1.95 -2.1 -2.1 -0.9 -2.39 -2.39 -1.3869295 -1.9628845 -2.02 -1.77 -2.0000002 -2.23 -1.0030135 -0.93 -0.88 -1.14 -1.1400041 -1.46 -2.14 -2.1399997 -1.658283 -1.66 -1.04 -0.70333571 -0.93 -0.19 -0.22137332 -1.17 -1.17 -1.01 -1.01 -2.19 -2.19 -2.19 -1.2371311 -1.24 -0.4 -0.4 -0.4 -2.2499296 -2.25 -2.25 -2.78 -2.78 -2.78 
-0.8235758 -0.64 -0.18 -0.67 -0.38 -1.37 -0.45 -0.88 -1.53 -1.1950762 0.52 -1.65 -1.65 -1.09 -1.0900087 -0.52418063 -0.52 -0.52 -1.8051098 -1.76 -1.79 -1.79 -1.46 -1.1085685 -1.4277524 -1.46 -1.58 -2.14 -1.7522663 -1.75 -0.64 -0.35 -0.11328578 -1.19 -1.29 -1.92 -1.03 0.39 0.080143146 -2.1835275 -0.74 -0.65 -1.2399332 -1.24 -1.235272 -0.4 -0.99999997 -2.25 -2.25 -2.25 -2.25 -2.712766 -0.95 
-1.85 -1.85 -0.23 -0.34 -1.38 0.2 -0.97 -2.25 -1.77 -1.110121 -1.64 -0.91 -1.09 -1.09 -2.02 -1.9994268 -0.52 -0.51988959 0.01 -1.76 -1.76 -1.7638649 -1.46 -0.84001174 -0.84 -0.84 -1.58 -1.97 -1.97 -1.75 -1.75 -0.34910859 0.12 -1.19 -1.42 -1.92 -1.03 -0.75 0.08 -0.37254489 -0.65 -0.71612109 -0.83 -1.24 -1.24 -1 -1 -1 -2.25 -2.25 -2.24 -2.24 -2.2399995 
-1.85 -1.85 -1.18 -1.19 -0.92 -0.47 -1.7 -0.32179685 0.45 0.68 -1.08 0.08 -0.90868229 -2.02 -2.02 -2.0198177 -0.44 -0.41638189 0.01 -0.19 -0.19 0.44 0.44 -0.84 -0.84 -0.84 -1.97 -1.97 -1.97 -1.61 -1.61 -1.6099971 -1.5 -1.5 -3.15 -1.75 -1.98 -0.72001115 -1.01 -0.38 -0.38 -0.37000151 -0.83 -1.24 -1.4499996 -0.94 -1.5575882 -1.56 -2.14 -2.14 -2.24 -2.24 -2.24 
-1.85 -1.5606606 -1.1842674 -0.25999847 -1.02 -0.58 -1.7 -0.32 0.44999357 0.67745188 0.08000078 0.08 -0.52 -2.02 -2.02 -0.44000005 -0.44 -0.43997439 0.01 -0.19 -0.066280817 0.44 0.44 -0.83994881 -0.84 -1.0766781 -1.56 -1.56 -1.5600001 -1.61 -1.61 -1.08 -1.08 -1.5000045 -3.15 -0.86000114 -1.9880168 -0.72 -0.72 -0.38 -0.37 -0.37 -0.37000788 -1.45 -1.45 -0.94 -1.56 -1.56 -2.14 -2.14 -2.24 -2.24 -2.24 
-1.33 -0.86737233 -0.84001271 -0.8358067 -1.0199978 -0.58001039 -1.7 -0.33698698 0.39693913 0.45600591 -0.52 -0.52 -0.52 -0.52 -2.0197875 -0.44 -0.44 -0.43418978 0.01 -0.1899206 0.08 0.08 0.08 0.08 -0.8250492 -1.56 -1.56 -1.56 -1.56 -1.5598107 -1.08 -1.08 -1.08 -1.08 -0.86 -0.86 -0.86 -0.72827863 -0.7255578 -1.46 -1.46 -0.37005863 -1.7099911 -1.450025 -1.45 -0.94 -1.56 -1.56 -2.14 -2.14 -2.2396372 -2.24 -2.0426948 
-1.33 -0.84 -0.84 -0.84 -0.84 -0.83999989 -1.697133 -1.0469354 0.25537767 -0.51894944 -0.52 -0.52 -0.52 -0.52 -0.519999 -0.44000002 -0.43999993 -0.40913307 0.0099939582 0.08 0.08 0.08 0.08 0.08 0.095341427 -0.87186892 -0.77000016 -0.77 -0.77 -0.77 -1.08 -1.08 -1.0799992 -0.45 -0.45 -0.86 -0.67528357 -0.67 -1.4599995 -1.46 -1.46 -1.46 -1.71 -1.71 -1.71 -1.7046415 -1.3114978 -1.31 -1.31 -1.31 -1.31 -2.8399999 -2.84 
-1.02 -0.84 -0.84 -0.84 -0.84 -0.84 -0.84000005 -0.80646663 0.88607512 0.89 0.89 0.89 0.89 0.89 0.88999999 1.8303888 -0.4036188 -0.37837949 0.079991049 0.08 0.08 0.08 0.08 0.080001047 0.79 0.79 0.78999781 -0.77 -0.77 -0.76711648 0.67 0.67 -0.45 -0.45 -0.45 -0.6347582 -0.67 -0.67 -0.67 -1.46 -1.46 -1.46 -1.71 -1.71 -1.71 -1.71 -1.31 -1.31 -1.31 -1.31 -1.31 -2.84 -2.84 
-1.02 -0.95298804 -0.84 -0.84 -0.84 -0.84 0.60971541 0.61 0.61000001 0.89 0.89 0.89 0.89 0.89 1.1017827 1.85 1.85 1.85 0.97726099 0.97999908 0.98 0.98 0.98 0.98 0.79 0.79 0.79 0.79 -0.77 0.67 0.67 0.67 -0.4499999 -0.45 -0.45 -0.23 -0.66941743 -0.67 -0.67 -1.4600236 -1.5078673 -1.6195218 -1.71 -1.71 -2.1586113 -2.16 -2.16 -1.3108743 -1.8381479 -1.84 -1.8399999 -1.2602393 -2.8399968 
-1.02 0.030994088 -0.38455857 -0.84 -0.84 0.60914327 0.61 0.61 0.61 0.61201776 0.89 0.89 0.89 0.89000012 1.85 1.85 1.85 1.85 0.98077715 0.98 0.98 0.98 0.98 0.98 0.79 0.79 0.79 0.79 0.78956352 0.67 0.67 0.67 0.99999999 -0.44994262 -0.23 -0.23 -0.23 -0.23695808 -1.5598354 -1.62 -1.62 -1.62 -1.94 -1.94 -2.16 -2.16 -2.16 -1.84 -1.84 -1.84 -1.84 -1.26 -1.26 
0.059262145 0.06 0.06 0.060000004 0.48 0.60999665 0.61 0.61 0.61 0.61 0.88999989 0.89 0.89 1.85 1.85 1.85 1.85 1.85 1.7805341 0.98 0.98 0.98 0.98 0.98 0.95893442 1.0699985 1.07 1.07 1.07 0.67000002 0.99999999 1 1 1 -0.23 -0.23001659 -0.86 -0.86 -1.6105103 -1.62 -1.62 -1.62 -1.94 -1.94 -2.1259364 -2.16 -2.16 -1.84 -1.84 -1.84 -1.8337809 -1.26 -1.26 
0.06 0.06 0.06 0.25778427 0.48 0.48 0.61 0.61 0.61 0.61 0.89 0.89 0.89 1.85 1.85 1.85 1.85 1.850076 1.83 1.83 0.98000035 0.98 0.98535607 1.2 1.1988297 1.07 1.07 1.07 1.07 1.0000071 1 1 1 1 -0.85999779 -0.86 -0.86 -0.86 -0.8626408 -1.62 -1.62 -1.62 -1.94 -1.94 -1.94 -2.16 -2.16 -1.84 -1.84 -1.84 -1.26 -1.26 -1.26 
0.06 0.06 0.06 0.48 0.48 0.48 0.4800002 0.61 0.61 0.88971096 0.89 0.89 0.89 0.89059813 2.2223343 2.31 2.31 2.31 1.83 1.83 1.83 1.2 1.2 1.2 1.1998879 0.92837844 1.07 1.07 1.07 0.62754538 0.54004524 0.54 0.54 0.54 -0.62562768 -0.30000127 -0.3 -0.3 -0.3 -1.2300534 -1.23 -1.23 -1.94 -1.94 -2.1399992 -2.1399998 -1.59 -1.59 -0.94 -0.94 -0.94 -1.26 -1.0601788 
0.060000403 0.06 0.060000015 0.48 0.48 0.48 0.47999999 -0.33999972 0.60620153 0.88994559 0.89 0.89 0.89 0.89278643 2.31 2.31 2.31 2.3099999 1.83 1.83 1.83 1.2 1.2 1.2 0.8 0.8 0.96 0.96 0.96 0.95770877 0.54 0.54 0.54 0.54 0.12023068 -0.3 -0.3 -0.3 -0.3 -1.23 -1.23 -1.23 -1.2586321 -2.14 -2.14 -2.14 -1.59 -1.59 -0.94 -0.94 -0.94 -1.06 -1.06 
0.19 0.13367182 0.33 0.33004352 0.48 -0.33525551 -0.34 -0.34 -0.13959175 0.82999999 0.83 0.83 0.83 2.3999489 2.4 2.3100001 2.31 2.2973527 1.83 1.83 1.83 1.05 1.05 1.05 0.8 0.8 0.96 0.96 0.96 0.96000009 1.0899965 1.0899985 0.55382342 0.54058964 0.020592886 0.02 0.02 0.02 0.02 -1.23 -1.23 -1.23 -2.0898922 -2.14 -2.14 -2.1399999 -1.59 -1.59 -1.5899766 -0.94 -0.94001565 -1.29 -1.06 
0.1500076 0.15000003 0.33 0.33 0.33 -0.34 -0.34 -0.34 0.21 0.21 0.83 0.83 0.83 2.4 2.4 2.4 2.4 2.3999364 1.83 1.83 1.83 1.05 1.05 1.05 0.8 0.8 0.96 0.96 0.96 1.0885342 1.09 1.09 1.09 1.09 0.020527981 0.02 0.02 0.02 0.02 -0.73000013 -0.73 -0.73 -0.73 -2.1399945 -1.42 -1.42 -1.42 -1.27 -1.27 -1.27 -1.29 -1.29 -1.29 
0.15 0.15 0.33 0.33 0.33 -0.33647836 -0.34 0.21 0.21 0.21 0.82992368 0.83 1.1650211 2.3999997 2.4 2.4 2.4 1.5 1.5 1.5 1.51 1.5099997 1.0500022 1.05 1.0497875 0.81 0.81 0.81000036 0.95997576 0.97002391 0.97000064 0.97002095 1.0897949 1.0898964 0.210492 0.020000085 0.02073727 0.24 0.24 -0.73 -0.73 -0.73 -0.73 -1.42 -1.42 -1.42 -1.42 -1.27 -1.27 -1.27 -1.29 -1.29 -1.29 
0.15 0.15 0.33 0.33 0.33 0.33 -0.13415107 0.21 0.21 0.21 0.21056895 1.24 1.24 1.24 2.3931639 2.4 1.5059974 1.5 1.5 1.5 1.51 1.51 1.51 1.51 0.81 0.81 0.81 0.81 0.81 0.97 0.97 0.97 0.97 0.9699985 0.26 0.24 0.24 0.24 0.24 0.23999604 -0.86 -0.86 -0.86 -0.90230656 -0.99 -0.99 -0.99 -1.27 -1.27 -1.31 -1.31 -0.64015813 -0.64 
0.15 0.15 0.26503264 0.33 0.33 0.33 0.17007098 0.20987394 0.21 0.21 1.2399998 1.24 1.24 1.24 1.24 1.3351201 1.5 1.5 1.5 1.5 1.5099999 1.51 1.51 1.51 0.81 0.81 0.81 0.81 0.81 -0.2049407 0.97 0.97 0.97 0.26 0.26 0.25998447 0.24 0.24 0.38632241 0.49999997 -0.86 -0.86 -0.86 -0.9016219 -0.99 -0.99 -0.99 -0.9 -1.3048914 -1.31 -1.31 -0.64 -0.64 
0.15 0.15 0.15 0.28486905 0.32931608 0.17 0.17 0.17 0.17 0.070000001 0.07 1.2399999 1.24 1.24 1.24 1.2400164 1.5 1.5 1.5 1.5 1.5056363 1.51 1.51 1.5257023 2.0521125 0.81 0.81 0.81 -0.62 -0.62 -0.62 -0.61999333 0.26 0.26 0.26 0.26 0.5 0.5 0.5 0.5 -0.49 -0.49 -0.49 -0.94999075 -0.95 -0.95 -0.95000001 -0.9 -0.9 -1.3095004 -1.31 -0.64000131 -0.64 
0.15 0.15 0.15 0.14998438 -0.14 -0.094920906 0.17 0.17 0.17 0.07 0.07 0.07 -0.19999994 -0.2 -0.2 -0.19999999 1.4957319 1.5 1.5 1.5 1.5001844 2.1099984 2.11 2.11 2.11 2.11 1.25 1.25 -0.62 -0.62 -0.62 -0.62 0.25999987 0.26 0.26 0.25998534 0.49999999 0.5 0.5 0.49912263 -0.49 -0.49 -0.49 -0.94997867 -0.95 -0.95 -0.95 -0.9 -0.9 -0.9 -0.9 -0.9 -0.77 
0.15 0.15 0.15 -0.13999933 -0.14 -0.14 0.16999988 0.17 0.17 0.07 0.07 0.07 -0.2 -0.2 -0.2 -0.24798052 -0.83 -0.83 -0.82999398 1.4868396 2.11 2.11 2.11 2.11 2.11 2.1093528 1.25 1.25 1.25 -0.62 -0.62 -0.61917612 0.08 0.08 0.08 3.4156974e-10 1.6390066e-09 0.3 0.3 0.3 -0.29 -0.48993727 -0.49000104 -0.63 -0.63 -0.64212764 -0.94999907 -0.9 -0.9 -0.9 -0.9 -0.9 -0.77 
0.15 0.15 0.15 -0.14 -0.14 -0.14 -0.14 0.17 0.17 0.07 0.07 -0.18920389 -0.2 -0.2 -0.2 -0.83 -0.83 -0.83 -0.83 -0.83 2.11 2.11 2.11 2.11 2.11 1.2500029 1.25 1.25 1.25 0.66 0.66 0.66 0.08 0.08 0.08 3.901611e-60 7.6589138e-41 0.3 0.3 -0.29 -0.29 -0.29 -0.63 -0.63 -0.63 -0.63 -0.63082147 -0.64 -0.64 -0.64 -0.9 -0.74 -0.74 
0.15 0.15 0.14959616 -0.14 -0.14 -0.14 -0.14 -0.35896271 -0.37 -0.36924458 0.069999957 -0.20006784 -0.2 -0.2 -0.20000218 -0.83 -0.83 -0.83 -0.83 -0.83 -1.5343472 2.11 2.11 2.11 2.1098826 1.2500163 1.25 1.25 1.25 0.66 0.66 0.66 0.65991882 0.08 1.8510398e-10 6.6897912e-28 1.3900688e-18 1.2627461e-05 0.29995976 -0.29 -0.29 -0.29 -0.62997936 -0.63 -0.63 -0.63 -0.64 -0.64 -0.64 -0.64 -0.74 -0.74 -0.74 
-0.15 -0.14999948 -0.13984783 -0.14 -0.14 -0.14 -0.36995106 -0.37 -0.37 -0.37 -1.01 -1.01 -1.01 -1.01 -0.83083064 -0.83 -0.83 -0.83 -0.83 -1.6899995 -1.69 -1.69 1.5400001 1.54 1.54 1.54 1.5149693 1.25 0.97001147 0.97 0.97 0.97 0.97 0.39 0.39 0.39 0.39 0.39 -0.82 -0.82 -0.82 -0.82 -0.82 -0.63998493 -0.64 -0.64 -0.64 -0.64 -0.64 -0.64 -0.73998425 -0.74 -0.74 
-0.15 -0.15 -0.15560956 -0.81999863 -0.81999985 -0.81956085 -0.37 -0.37 -0.37 -0.37 -1.01 -1.01 -1.01 -1.01 -1.01 -0.83 -0.83 -0.83 -1.6899998 -1.69 -1.69 -1.69 1.54 1.54 1.54 1.54 1.54 1.5399381 0.97044795 0.97 0.97 0.97 0.97017995 0.99091572 0.39062222 0.39 0.39 0.39000002 -0.82 -0.82 -0.82 -0.82 -0.82 -0.64 -0.64 -0.64 -0.64 -0.64 -0.64 -0.44223139 -0.44 -0.02 -0.02 
-0.15 -0.15 -0.81991513 -0.82 -0.82 -0.82 -0.7057019 -0.37 -0.37 -0.37 -1.01 -1.01 -1.01 -1.01 -1.01 -0.83014831 -0.83 -1.6897479 -1.69 -1.69 -1.69 -1.69 0.34342557 1.54 1.54 1.54 1.54 1.5404182 2.13 2.13 2.13 2.13 2.13 1.45 1.45 1.45 1.45 1.45 -0.53 -0.53 -0.53 -0.53 -0.53 -0.63948725 -0.63999989 -0.64 -0.6399644 -0.63568798 -0.44 -0.44 -0.44 -0.020002353 -0.02 
-0.15000107 -0.71869233 -0.81999999 -0.82 -0.82 -0.82 -0.82 -0.37019161 -0.37 -0.37 -1.01 -1.01 -1.01 -1.01 -2.0660117 -2.09 -2.09 -1.6900103 -1.69 -1.69 -1.69 -1.69 -1.6899996 1.54 1.54 1.54 1.54 2.9299992 2.9299996 2.7597406 2.13 2.13 2.13 1.45 1.45 1.45 1.45 1.4499865 -0.53 -0.53 -0.53 -0.53 -0.5299479 -0.43 -0.43 -0.43 -0.43 -0.43000081 -0.44 -0.44 -0.44 -0.44000043 -1.1235053 
-0.73 -0.73 -0.80144882 -0.82 -0.82 -0.82 -0.82 -0.82 -0.37019527 -1.77 -1.77 -1.77 -1.7681964 -2.0899984 -2.09 -2.09 -2.09 -2.09 -1.689993 -1.630508 -1.11 -1.11 -1.11 -0.44103771 1.443156 0.92496203 0.48919362 2.93 2.93 2.93 2.93 2.93 2.90174 1.4473963 1.43 1.43 1.43 1.43 -0.40225904 0.14999878 0.15 0.15 0.15 -0.12000091 -0.42999992 -0.43 -0.43 0.37 -0.43998702 -0.44 -0.44 -1.14 -1.14 
-0.73 -0.73 -1.1 -1.1 -1.1 -0.82009327 -0.82 -0.82 -1.77 -1.77 -1.77 -1.77 -1.77 -2.09 -2.09 -2.09 -2.09 -2.09 -1.11 -1.11 -1.11 -1.11 -1.11 0.32999993 0.33 0.33 0.33 2.93 2.93 2.93 2.93 2.93 2.98 2.98 1.43 1.43 1.43 1.0200698 1.02 0.15 0.15 0.15 0.15 -0.12 -0.12 -0.12 0.37 0.37 0.37 1 1 -1.14 -1.14 
-0.73 -0.73 -1.1 -1.1 -1.1 -1.1 -1.1000036 -1.75 -1.7699812 -1.77 -1.77 -1.77 -1.77 -2.0860083 -2.09 -2.09 -2.09 -2.09 -1.11 -1.11 -1.11 -1.11 -1.11 0.33 0.33 0.33 0.33 0.33001051 2.93 2.93 2.93 2.9799974 2.98 2.98 2.98 1.43 1.02 1.02 1.02 0.99710867 0.16686017 0.17 0.17 -0.12 -0.12 -0.12 0.37 0.37 0.37 1 1 1 0.28197467 
-0.76 -0.75999976 -1.1 -1.1 -1.1 -1.1 -1.75 -1.75 -1.75 -1.77 -1.77 -1.77 -1.77 -1.7700995 -2.09 -2.09 -2.09 -2.09 -1.1100176 -1.11 -1.11 -1.11 0.076297144 0.33 0.33 0.33 0.33 0.30000002 0.3 0.30000003 2.9017749 2.98 2.98 2.98 2.9799982 1.1 1.02 1.02 1.02 1.02 0.17 0.17 0.17 0.09 0.09 0.09 0.36000097 0.37 0.37 1 1 1 0.42999955 
-0.76 -0.76 -1.1 -1.1 -1.1 -1.75 -1.75 -1.75 -1.75 -1.7678262 -1.77 -1.77 -1.77 -1.7700044 -2.8099171 -2.81 -2.81 -2.81 -2.1605568 -1.88 -1.88 -1.88 -1.88 0.33 0.33 0.33 0.32999802 0.3 0.3 0.3 0.3 2.9795681 1.9225544 1.1 1.1 1.1 1.0196643 0.93000187 0.93 0.93 0.17032898 0.58999999 0.59 0.09 0.09 0.090001143 0.36 0.36 0.25 0.25 0.25 0.6 0.27 
-0.76 -0.76 -1.11 -1.11 -1.11 -1.75 -1.75 -1.75 -1.75 -2.39 -2.39 -2.39 -2.39 -2.4195984 -2.81 -2.81 -2.81 -2.81 -2.17 -1.88 -1.88 -1.88 -1.88 -0.9 -0.89999951 0.32999818 0.3 0.3 0.3 0.3 0.12280367 -0.05 0.96316577 1.1 1.1 1.1 0.93 0.93 0.93 0.93 0.59 0.59 0.59 0.93988963 0.94 0.36260706 0.36 0.36 0.25000222 0.25 0.6 0.6 0.27 
-0.76 -1.11 -1.11 -1.11 -1.11 -1.11 -1.7603246 -3.08 -3.08 -2.39 -2.39 -2.39 -2.39 -2.3900995 -2.81 -2.81 -2.81 -2.7810828 -2.17 -2.17 -1.88 -1.88 -0.9 -0.9 -0.9 -0.9 0.3 0.3 0.3 0.3 -0.05 -0.05 -0.05 1.0988363 1.1 1.1 0.93 0.93 0.93 0.93 0.59 0.59 0.59 0.94 0.94 0.94000623 1.05 1.05 0.72 0.72 0.6 0.6 0.27 
-1.1067131 -1.11 -1.11 -1.11 -1.11 -1.11 -3.08 -3.08 -3.08 -2.7106832 -2.39 -2.39 -2.39 -2.3899986 -2.81 -2.81 -2.81 -2.17 -2.17 -2.17 -1.8800145 -1.879994 -0.9 -0.9 -0.9 -0.9 0.2999147 0.3 0.3 -0.049919509 -0.05 -0.05 -0.05 -0.05 1.0946875 -0.66 -0.66 -0.63248229 0.93 0.93 0.5900003 0.59 0.92982368 0.94 0.94 1.05 1.05 1.05 0.72 0.72 0.69 0.69 1.11 
-1.11 -1.11 -1.11 -1.11 -1.11 -1.11 -3.08 -3.08 -3.08 -3.08 -2.2100052 -2.21 -2.21 -2.21 -2.809998 -2.4894951 -2.31 -2.31 -2.1702581 -2.17 -2.1699999 -0.90000142 -0.9 -0.9 -0.9 -0.9 -0.89912753 0.3 0.29998804 -0.05 -0.05 -0.05 -0.05 -0.05 -0.66 -0.66 -0.66 -0.66 -0.66 -0.65999452 -0.76 -0.76 -0.75999974 0.01 0.01 0.01 0.05 0.05 0.31 0.31 0.69 0.69000091 1.11 
-1.11 -1.11 -1.11 -1.11 -1.11 -1.11 -3.08 -3.08 -3.08 -2.21 -2.21 -2.21 -2.21 -2.21 -2.2363598 -2.31 -2.31 -2.31 -2.31 -2.31 -2.3033155 -0.90000001 -0.9 -0.9 -0.9 -0.93359908 -1.9683233 -0.0090969419 -0.048273982 -0.05 -0.05 -0.05 -0.05 -0.050001336 -0.66 -0.66 -0.66 -0.66 -0.66 -0.70651977 -0.76 -0.76 -0.76 0.01 0.01 0.01 0.05 0.05 0.31 0.31 -0.31999999 1.031115 1.11 
-1.11 -1.11 -1.11 -1.11 -1.11 -1.1100006 -3.0799995 -3.08 -3.0438902 -2.21 -2.21 -2.21 -2.21 -2.21 -2.2147966 -2.31 -2.31 -2.31 -2.31 -2.31 -2.31 -1.8074819 -1.9699985 -1.97 -1.97 -1.97 -1.97 -1.97 -1.2389229 -1.229986 -1.23 -1.23 -1.23 -1.2299996 -0.66 -0.66 -0.66 -0.66 -0.66 -0.75999999 -0.76 -0.76 -0.76 -0.75999966 0.008092166 -1.18 0.049999872 -1.1980291 0.30865941 -0.32 -0.32 -0.3243652 -0.53 
-1.11 -1.11 -1.11 -1.11 -1.11 -1.1101258 -3.0798937 -3.0799474 -2.2100011 -2.21 -2.21 -2.21 -2.21 -2.21 -2.2119028 -2.31 -2.31 -2.31 -2.31 -2.31 -2.31 -1.97 -1.97 -1.97 -1.97 -1.97 -1.97 -1.97 -1.2302043 -1.23 -1.23 -1.23 -1.23 -1.23 -1.0738201 -0.66 -0.66 -0.66 -0.66 -0.76 -0.76 -0.76 -0.76 -0.76010759 -1.18 -1.18 -1.1802507 -1.22 -1.22 -0.32 -0.32 -0.53 -0.53 
-1.11 -1.11 -1.11 -1.11 -1.11 -1.1126273 -3.077637 -2.3081738 -2.21 -2.21 -2.21 -2.21 -2.21 -2.21 -2.2117507 -2.31 -2.31 -2.31 -2.31 -2.31 -2.2615902 -1.97 -1.97 -1.97 -1.97 -1.97 -1.97 -1.97 -1.230003 -1.23 -1.23 -1.23 -1.23 -1.23 -1.23 -1.0348232 -1.6174545 -1.9360359 -1.9845067 -0.80499507 -0.76000002 -0.76 -0.76 -1.1799665 -1.18 -1.1849544 -2.0099962 -1.22 -1.22 -1.9400436 -1.94 -1.94 -0.53000061 
-1.11 -1.11 -1.11 -1.11 -1.110002 -1.1264286 -2.9909806 -2.2102392 -2.21 -2.21 -2.21 -2.21 -2.21 -2.21 -2.2123352 -2.31 -2.31 -2.31 -2.31 -2.31 -1.9700015 -1.97 -1.97 -1.97 -1.97 -1.97 -1.97 -1.97 -1.2300002 -1.23 -1.23 -1.23 -1.23 -1.23 -1.2300002 -2.01 -2.01 -2.01 -2.01 -1.46 -1.46 -1.46 -1.46 -2.0099976 -2.01 -2.01 -2.01 -2.0100012 -2.14 -2.14 -1.94 -1.94 -1.9789686 
-1.11 -1.11 -1.11 -1.1100002 -1.110055 -1.1630875 -2.2662931 -2.2100114 -2.21 -2.21 -2.21 -2.21 -2.21 -2.21 -2.2133946 -2.31 -2.31 -2.31 -2.31 -2.3079537 -1.97 -1.97 -1.97 -1.97 -1.97 -1.97 -1.97 -1.97 -1.2300002 -1.23 -1.23 -1.23 -1.23 -1.23 -2.0099993 -2.01 -2.01 -2.01 -2.01 -1.46 -1.46 -1.46 -1.46 -1.6084426 -2.01 -2.01 -2.01 -2.1399985 -2.14 -2.14 -2.01 -2.01 -2.01 
-1.11 -1.11 -1.1100001 -1.1100045 -1.1105371 -1.2695714 -2.2128345 -2.2100028 -2.21 -2.21 -2.21 -2.21 -2.21 -2.21 -2.2148298 -2.3099976 -2.31 -2.31 -2.3099996 -1.9768889 -1.97 -1.97 -1.97 -1.97 -1.97 -1.97 -1.97 -1.97 -1.2300007 -1.23 -1.23 -1.23 -1.23 -1.3983699 -2.0099998 -2.01 -2.01 -2.01 -2.01 -1.46 -1.46 -1.46 -1.46 -1.46 -2.01 -2.01 -2.01 -2.14 -2.14 -2.14 -2.01 -2.01 -2.01 
-1.11 -1.1100001 -1.1100019 -1.1100526 -1.1129956 -1.7890331 -2.2104462 -2.2100017 -2.21 -2.21 -2.21 -2.21 -2.21 -2.2100002 -2.2165361 -2.3099635 -2.31 -2.31 -2.3082397 -1.9700289 -1.97 -1.97 -1.97 -1.97 -1.97 -1.97 -1.97 -1.9699996 -1.2300046 -1.23 -1.2300002 -1.4397802 -1.46 -1.46 -1.46 -2.01 -2.01 -2.01 -2.01 -1.46 -1.46 -1.46 -1.46 -1.46 -2.0099903 -2.01 -2.0100001 -2.14 -2.14 -2.1399999 -2.01 -2.01 -2.01 
