interpolatedSpi/07-07|20_1.tif
NCOLS 53
NROWS 52
XLLCORNER -116.03883
YLLCORNER 28.596182
DX 0.49850594
DY 0.49788537
NODATA_VALUE -9999
0.4 0.4 0.37117949 0.01 0.505 0.52 0.945 1.34 0.52442609 0.425 0.425 0.5 0.62005558 1.295 1.51 1.51 1.51 0.695 0.685 0.685 0.685 0.6850001 0.695 0.79 0.79 0.79 1.4849983 1.485 1.485 0.885 0.885 0.885 0.885 0.78000002 0.78 0.78 0.78 0.78 0.78 0.78000002 1.3785523 1.3851753 2.075 2.075 2.075 2.075 2.0751797 2.185 2.185 2.185 1.7650009 1.765 1.765 
0.40000355 0.48 0.44500043 0.53481459 0.51009092 0.815 0.89 0.84008134 0.87 0.47 0.445 0.62 0.62 1.0607836 1.2949991 1.51 0.695 0.695 0.68501304 0.685 0.685 0.685 0.77052428 0.79 0.79 0.79 0.96499999 0.965 0.885 0.885 0.885 0.885 0.885 0.78000002 0.78 0.78 0.78 0.78 0.77999998 0.73095258 0.48001864 1.8814594 2.075 2.075 2.075 2.075 2.075 2.185 2.185 2.185 2.1501732 1.765 1.765 
1.0849795 1.085 0.82 1.09 0.86 0.51 0.63 0.87 1.4 0.615 0.675 0.87 0.215 0.955 1.06 1.49 0.695 0.695 0.695 0.22513372 0.225 0.225 0.42 0.79 0.79 0.79 0.965 0.965 0.965 0.885 0.885 0.88499997 0.60097396 0.77917686 0.77809189 0.57687851 0.575 0.575 0.5630515 0.48 0.48 0.4820396 2.075 2.075 2.075 2.075 2.075 2.185 2.185 2.185 2.185 1.765 1.765 
0.08 1.0849999 0.65496324 0.75 0.45 0.95 1.01 0.225 0.835 0.91987074 1.34 1.27 0.95 0.955 1.01 1.49 0.14040529 0.13039587 0.62 0.225 0.225 0.09 0.42 0.42 0.79 0.79000087 0.965 0.965 0.965 0.505 0.38977768 0.295 0.295 0.29500022 0.575 0.575 0.575 0.575 0.48 0.48 0.48 0.48000006 2.075 2.075 2.075 2.075 2.075 2.1849986 2.185 2.185 2.185 1.7649345 1.765 
0.08 0.18500086 0.655 0.64765301 0.45 1.36 0.95006914 0.87 0.42 1.1699998 0.91752605 0.80012748 1.69 1.01 1.01 1.3097997 0.13 0.13 0.62 0.62 0.22499973 0.09 0.305 0.495 0.22 0.21998616 0.965 0.965 0.505 0.505 0.295 0.295 0.295 0.3694864 0.575 0.575 0.575 0.48 0.48 0.48 0.48 0.48001979 2.075 2.075 2.075 2.075 2.075 2.0759791 2.185 2.1848913 -0.24 -0.24 -0.24 
-0.08 0.235 0.60999999 0.81 1.645 1.52 0.805 0.81332186 0.91 0.93 1.44 0.54 0.54000076 1.015 1.015 0.30502897 0.305 0.165 0.165 0.61999987 0.075 0.075 0.495 0.22 0.22 0.16 -0.28 -0.28 0.71998101 0.505 0.295 0.295 0.69 0.68998798 0.57500839 1.3 1.3 0.73368572 0.48 0.48 0.68474432 0.685 0.68499902 0.5327148 0.50517352 0.50500042 0.50500005 0.50500058 -0.22365605 -0.24 -0.24 -0.24 -0.24 
-0.6349955 -0.005 -0.073955607 0.57 1.24 0.895 1.19 1.225 1.035 1.035 1.44 0.35 0.68499977 1.015 0.42500177 0.425 0.305 0.67 0.47 0.47 0.013735564 -0.055 -0.055 -0.63499999 0.16 0.16 -0.28 -0.28 0.72002331 0.72042917 0.89569265 0.69 0.69 0.575 0.575 0.43674554 1.3 1.3 -0.32494367 0.68499859 0.685 0.685 0.6849945 0.50500109 0.505 0.505 0.505 0.50499952 -0.305 -0.24001288 -0.24 -0.24 -0.24 
-0.635 -0.65 -0.17 -0.085 -0.59997048 0.24 0.795 0.43500002 0.265 -0.02 -0.02 -0.215 0.685 0.685 0.42678384 0.53429084 0.545 0.37 0.33500014 0.47 0.33184388 0.39 0.025 -0.66 -0.660002 -0.815 -0.96 -0.95999976 1.1185983 1.12 0.895 0.64925404 0.575 0.575 0.5536091 -0.285 -0.285 -0.32499999 -0.325 0.685 0.685 0.68499999 0.69591594 0.69999999 0.505 0.505 0.505 -0.30496917 -0.305 -0.305 -0.24 -0.24 -0.24 
-0.69020462 -0.65 -0.815 -0.565 0.4 0.125 -0.005 0.36 0.775 0.38824276 0.425 0.33 0.33 -0.53 -0.52999384 0.25580825 0.255 0.255 0.3646572 -0.035000054 -0.295 -0.29499999 0.55 0.23189386 -0.79938009 -0.815 -0.63 -0.96 -0.070200846 -0.065 0.67 2.145 1.6488966 0.3 -0.175 -0.465 -0.34 -0.45 -0.8448176 0.68316985 0.275 0.040000001 0.69997556 0.7 0.69890243 0.505 -0.094999968 -0.305 -0.305 -0.305 -0.305 -0.35516938 0.03 
-0.915 -0.915 -0.84 -0.605 0.39 0.5 0.4 0.14 0.66 0.28996172 0.15 0.02 -0.53 -0.53 0.125 0.12678301 0.255 0.25491634 -0.14 -0.035 -0.035 -0.068496701 0.55 0.035009752 0.035 0.035 -0.63 0.465 0.465 -0.065 -0.065 2.1431318 1.16 0.3 0.545 -0.465 -0.34 -0.39 -0.845 1.2947499 0.04000001 0.22734309 0.55 0.7 0.7 -0.095 -0.095 -0.095 -0.305 -0.305 -1.165 -1.165 -1.1649996 
-0.915 -0.915 -0.74 -0.57 -0.225 -0.05 -0.31499999 0.19002597 0.13 -0.25 0.33 0.385 0.020485108 0.125 0.125 0.12500115 0.135 0.12056671 -0.14 0.69 0.69 0.67 0.67 0.035 0.035 0.035 0.465 0.465 0.465 -0.015 -0.015 -0.014998063 0.23 0.23 0.41 -0.16 0.105 0.93999732 -0.245 1.33 1.33 1.2849976 0.55 0.7 -0.36500008 -0.74 -0.69739441 -0.7 -0.96 -0.96 -1.165 -1.165 -1.165 
-0.915 -0.8393735 -0.66745494 -0.47500429 -0.47 -0.385 -0.315 0.19 0.1300005 -0.24579006 0.38499917 0.385 0.03 0.125 0.125 0.135 0.135 0.13498435 -0.14 0.69 0.68607241 0.67 0.67 0.035025212 0.035 0.033356402 0.03 0.03 0.030000055 -0.015 -0.015 -0.085 -0.085 0.23000049 0.41 0.84999956 0.18838458 0.94 0.94 1.33 1.285 1.285 1.284988 -0.365 -0.365 -0.74 -0.7 -0.7 -0.96 -0.96 -1.165 -1.165 -1.165 
0.145 0.19717309 0.27496835 0.26956349 -0.46999948 -0.38500201 -0.315 0.18378374 0.13413461 0.12007719 0.03 0.03 0.03 0.03 0.12498654 0.135 0.135 0.13144931 -0.14 0.68988193 0.3 0.3 0.3 0.3 0.039477706 0.03 0.03 0.03 0.03 0.029944709 -0.085 -0.085 -0.085 -0.085 0.85 0.85 0.85 0.935293 0.94217806 1.23 1.23 1.284997 0.3449757 -0.36493161 -0.365 -0.74 -0.7 -0.7 -0.95999999 -0.96 -1.1642563 -1.165 -0.79557035 
0.145 0.275 0.275 0.275 0.275 0.27499972 -0.31517916 -0.076060574 0.14516531 0.030098242 0.03 0.03 0.03 0.03 0.030000103 0.135 0.13499996 0.11613688 -0.13999474 0.3 0.3 0.3 0.3 0.3 0.2888663 -0.05503208 -0.074999978 -0.075 -0.075 -0.075 -0.085000002 -0.085 -0.085000475 -0.48 -0.48 0.85 0.67014453 0.665 1.2299997 1.23 1.23 1.23 0.345 0.345 0.345 0.33744939 -0.098944651 -0.095 -0.095 -0.095 -0.095000016 0.51499965 0.515 
0.09 0.275 0.275 0.275 0.275 0.275 0.27499996 -0.061492726 0.16994321 0.17 0.17 0.17 0.17 0.17 0.17 0.17489443 0.13561032 0.09734334 0.29994477 0.3 0.3 0.3 0.3 0.29999946 -0.215 -0.215 -0.2149998 -0.075 -0.075 -0.075340415 -0.245 -0.245 -0.48 -0.48 -0.48 0.48158347 0.665 0.665 0.665 1.23 1.23 1.23 0.345 0.345 0.345 0.345 -0.094999998 -0.095 -0.095 -0.095 -0.095 0.515 0.515 
0.09 0.1588734 0.275 0.275 0.275 0.275 0.275 0.275 0.275 0.17 0.17 0.17 0.17 0.17 0.17110303 0.175 0.175 0.175 -0.1635836 -0.16499953 -0.165 -0.165 -0.165 -0.165 -0.215 -0.215 -0.215 -0.215 -0.075 -0.245 -0.245 -0.245 -0.47999998 -0.48 -0.48 0.69 0.6650331 0.665 0.665 1.2298987 1.0280598 0.55701743 0.345 0.345 0.025987539 0.025 0.025 -0.093948888 0.54276349 0.54499994 0.54499988 0.92993709 0.51500084 
0.090000001 0.3916744 0.33825575 0.275 0.275 0.275 0.275 0.275 0.275 0.27424334 0.17 0.17 0.17 0.17 0.175 0.175 0.175 0.175 -0.16469628 -0.165 -0.165 -0.165 -0.165 -0.165 -0.215 -0.215 -0.215 -0.215 -0.21510912 -0.245 -0.245 -0.245 0.079999992 -0.47986747 0.69 0.69 0.69 0.68488659 0.56195314 0.555 0.555 0.555 0.235 0.235 0.025 0.025 0.025 0.54499999 0.545 0.545 0.545 0.93 0.93 
0.39992196 0.4 0.4 0.4 0.23 0.27499884 0.275 0.275 0.275 0.275 0.12457513 0.16999218 0.16999998 0.175 0.175 0.175 0.175 0.175 0.098158685 -0.165 -0.165 -0.165 -0.165 -0.165 -0.066727525 0.12999813 0.13 0.13 0.13 -0.24499998 0.079999994 0.08 0.08 0.08 0.69 0.68998775 0.225 0.225 0.55087946 0.555 0.555 0.555 0.235 0.235 0.057515231 0.025 0.025 0.545 0.545 0.545 0.5491282 0.93 0.93 
0.4 0.4 0.4 0.31994446 0.23 0.23 0.275 0.275 0.275 0.275 -0.43 -0.43 -0.43 0.175 0.175 0.175 0.175 0.17490994 -0.62 -0.62 -0.16500018 -0.165 -0.16341752 -0.1 -0.097929411 0.13 0.13 0.13 0.13 0.080005091 0.08 0.08 0.08 0.08 0.22500163 0.225 0.225 0.225 0.2261822 0.555 0.555 0.555 0.235 0.235 0.235 0.025 0.025 0.54499999 0.545 0.545 0.93 0.93 0.93 
0.4 0.4 0.4 0.23 0.23 0.23 0.23000007 0.275 0.275 -0.42927224 -0.43 -0.43 -0.43 -0.42962307 -0.26613521 -0.37 -0.37 -0.37 -0.62 -0.62 -0.62 -0.1 -0.1 -0.1 -0.10001121 -0.011621564 0.13 0.13 0.13 0.43893265 0.51995672 0.52 0.52 0.52 0.38109952 0.59999915 0.6 0.6 0.6 0.29003626 0.29 0.29 0.235 0.235 0.38499937 0.38499993 0.19 0.19 0.51 0.51 0.51 0.93 0.60029506 
0.4000007 0.4 0.39999999 0.23 0.23 0.23 0.23 -0.15499987 0.27328069 -0.42933352 -0.43 -0.43 -0.43 -0.42988226 -0.37 -0.37 -0.37 -0.37000007 -0.62 -0.62 -0.62 -0.1 -0.1 -0.1 -0.14 -0.14 -0.040000001 -0.04 -0.04 -0.036945024 0.52 0.52 0.52 0.52 0.55997798 0.6 0.6 0.6 0.6 0.29 0.29 0.29 0.29298906 0.385 0.385 0.385 0.19 0.19 0.51 0.51 0.51 0.6 0.6 
0.625 0.50616915 -0.115 -0.11489991 0.23 -0.1527724 -0.155 -0.155 0.072736642 0.305 0.305 0.305 0.305 -0.55997184 -0.56 -0.37000015 -0.37 -0.37658713 -0.62 -0.62 -0.62 -0.4 -0.4 -0.4 -0.14 -0.14 -0.04 -0.04 -0.04 -0.039999531 0.60499946 0.60499976 0.52213635 0.52009113 0.25031083 0.25 0.25 0.25 0.25 0.29 0.29 0.29 0.37976848 0.385 0.385 0.38499989 0.19 0.19 0.19001152 0.51 0.51000738 0.675 0.6 
0.46503038 0.4649999 -0.115 -0.115 -0.115 -0.155 -0.155 -0.155 0.47 0.47 0.305 0.305 0.305 -0.56 -0.56 -0.56 -0.56 -0.56000593 -0.62 -0.62 -0.61999999 -0.4 -0.4 -0.4 -0.14 -0.14 -0.04 -0.04 -0.04 0.59772758 0.605 0.605 0.605 0.605 0.25017517 0.25 0.25 0.25 0.25 -0.4949998 -0.495 -0.495 -0.495 0.3849954 -0.215 -0.215 -0.215 0.485 0.485 0.485 0.675 0.675 0.675 
0.465 0.465 -0.115 -0.115 -0.115 -0.15478975 -0.155 0.47 0.47 0.47 0.30502031 0.305 -0.0095930186 -0.55999989 -0.56 -0.56 -0.56 -1 -1 -1 -0.90999999 -0.90999962 -0.40000248 -0.4 -0.40025899 -0.96 -0.96 -0.95999781 -0.040148678 0.56000897 0.56000024 0.56000786 0.60492309 0.60496117 0.3131959 0.24999975 0.24787197 -0.385 -0.385 -0.495 -0.495 -0.495 -0.495 -0.215 -0.215 -0.215 -0.215 0.485 0.485 0.485 0.675 0.675 0.675 
0.465 0.465 -0.115 -0.115 -0.115 -0.115 0.078919243 0.47 0.47 0.47 0.46969619 -0.08 -0.08 -0.08 -0.55717125 -0.56 -0.99706795 -1 -1 -1 -0.91 -0.91 -0.91 -0.91 -0.96 -0.96 -0.96 -0.96 -0.96 0.56 0.56 0.56 0.56 0.55999883 0.005 -0.385 -0.385 -0.385 -0.385 -0.38500141 -0.815 -0.815 -0.815 -0.70761165 -0.485 -0.485 -0.485 0.48499997 0.4849998 0.275 0.275 -0.024829707 -0.025 
0.465 0.465 0.094339273 -0.115 -0.115 -0.115 0.00083402423 0.46851882 0.47 0.47 -0.080000034 -0.08 -0.08 -0.08 -0.08 -0.11948091 -1 -1 -1 -1 -0.9100007 -0.91 -0.91 -0.91 -0.96 -0.96 -0.96 -0.96 -0.96 -0.020080787 0.56 0.56 0.56 0.005 0.005 0.0046971553 -0.385 -0.385 -0.17958584 -0.020000035 -0.815 -0.815 -0.815 -0.7071931 -0.485 -0.485 -0.485 0.355 0.27599679 0.275 0.275 -0.025 -0.025 
-0.57 -0.57 -0.57 -0.22908101 -0.11579354 -1.025904e-09 -9.4920564e-27 2.5412602e-36 -1.6070366e-21 -0.24 -0.24 -0.080000011 -0.08 -0.08 -0.08 -0.080058325 -1 -1 -1 -1 -0.94927308 -0.91 -0.91 -0.90581273 -0.75935106 -0.96 -0.96 -0.96 -0.225 -0.225 -0.225 -0.2249967 0.005 0.005 0.005 0.005 -0.02 -0.02 -0.02 -0.02 -0.525 -0.525 -0.525 0.019989043 0.02 0.02 0.01999984 0.355 0.355 0.27509748 0.275 -0.024997807 -0.025 
-0.57 -0.57 -0.57 -0.57000512 -0.665 -0.56829807 -8.6246097e-29 -3.3892966e-83 -3.6432238e-38 -0.24 -0.24 -0.24 -0.52499998 -0.525 -0.525 -0.52499999 -0.99868109 -1 -1 -1 -0.99862655 -0.75000044 -0.75 -0.75 -0.75 -0.74999999 -0.335 -0.335 -0.225 -0.225 -0.225 -0.225 0.0049999856 0.005 0.005 0.004998371 -0.019999974 -0.02 -0.02 -0.016073787 -0.525 -0.525 -0.525 0.019974727 0.02 0.02 0.02 0.355 0.355 0.35500001 0.41 0.41 -0.005 
-0.57 -0.57 -0.57 -0.66499978 -0.665 -0.665 -2.4963892e-07 -1.7077463e-56 -5.2488728e-32 -0.24 -0.24 -0.24 -0.525 -0.525 -0.525 -0.50634091 -0.28 -0.28 -0.28000186 -0.99593325 -0.75 -0.75 -0.75 -0.75 -0.75 -0.74968769 -0.335 -0.335 -0.335 -0.225 -0.225 -0.22476506 -0.015 -0.015 -0.015 1.04 1.04 0.875 0.875 0.875 0.665 -0.52462673 -0.52499276 0.445 0.445 0.42889298 0.020001691 0.355 0.355 0.41 0.41 0.41 -0.005 
-0.57 -0.57 -0.57 -0.665 -0.665 -0.665 -0.665 -2.6885024e-10 -9.2374706e-15 -0.24 -0.24 -0.51360411 -0.525 -0.525 -0.525 -0.28 -0.28 -0.28 -0.28 -0.28 -0.75 -0.75 -0.75 -0.75 -0.75 -0.33500142 -0.335 -0.335 -0.335 0.14 0.14 0.14 -0.015 -0.015 -0.015 1.04 1.04 0.875 0.875 0.665 0.665 0.665 0.445 0.445 0.445 0.445 0.45444694 0.56 0.56 0.56 0.41 0.27 0.27 
-0.57 -0.57 -0.57013229 -0.665 -0.665 -0.665 -0.665 -0.44127723 -0.43 -0.4296738 -0.23999999 -0.5249531 -0.525 -0.525 -0.52499915 -0.28 -0.28 -0.28 -0.28 -0.28 0.19463297 -0.75 -0.75 -0.75 -0.74987024 -0.3349879 -0.335 -0.335 -0.335 0.14 0.14 0.14 0.13998106 -0.015 1.04 1.04 1.04 1.039993 0.87498568 0.665 0.665 0.665 0.44501336 0.445 0.445 0.445 0.55999798 0.56 0.56 0.56 0.27 0.27 0.27 
-0.86 -0.85999949 -0.66495692 -0.665 -0.665 -0.665 -0.43005001 -0.43 -0.43 -0.43 0.034999988 0.035 0.035 0.035 -0.27854624 -0.28 -0.28 -0.28 -0.28 0.23499969 0.235 0.235 -0.1200001 -0.12 -0.12 -0.12 -0.13855727 -0.335 0.55996334 0.56 0.56 0.56 0.56 0.715 0.715 0.715 0.715 0.715 0.09 0.09 0.09 0.09 0.090000001 0.36012813 0.36 0.36 0.36 0.56 0.56 0.56 0.27004569 0.27 0.27 
-0.86 -0.86 -0.86322335 -1.2449988 -1.2449999 -1.2442051 -0.43 -0.43 -0.43 -0.43 0.035 0.035 0.035 0.035 0.035 -0.28 -0.28 -0.28 0.23499987 0.235 0.235 0.235 -0.12 -0.12 -0.12 -0.12 -0.12 -0.12004481 0.55997297 0.56 0.56 0.56 0.55998914 0.715 0.715 0.715 0.715 0.715 0.09 0.09 0.09 0.09 0.089999996 0.36 0.36 0.36 0.36 0.45352391 0.56 0.26829129 0.265 0.39 0.39 
-0.86 -0.86 -1.2449512 -1.245 -1.245 -1.245 -1.0379934 -0.43 -0.43 -0.43 0.035 0.035 0.035 0.035 0.035 -0.27976266 -0.28 0.23484901 0.235 0.235 0.235 0.235 0.01151205 -0.12 -0.12 -0.12 -0.12 -0.11956819 0.49 0.49 0.49 0.49 0.49 0.715 0.715 0.715 0.715 0.715 -0.745 -0.745 -0.745 -0.745 -0.74499999 0.358242 0.35999963 0.36 0.35987795 0.345301 0.265 0.265 0.265 0.3899993 0.39 
-0.86000028 -1.0070756 -1.245 -1.245 -1.245 -1.245 -1.245 -0.43034702 -0.43 -0.43 0.034999999 0.035 0.035 0.035 -0.5076727 -0.52 -0.52 0.23498057 0.235 0.235 0.235 0.235 0.23499981 -0.12 -0.12 -0.12 -0.12 -0.049999495 -0.04999975 0.064925122 0.49 0.49 0.49 0.715 0.715 0.715 0.715 0.71503725 -0.745 -0.745 -0.745 -0.745 -0.74498314 -0.36 -0.36 -0.36 -0.36 -0.35994959 0.265 0.265 0.265 0.26499998 0.22743003 
-1.01 -1.01 -1.0897259 -1.245 -1.245 -1.245 -1.245 -1.245 -0.43034936 -1.195 -1.195 -1.195 -1.192081 -0.5199992 -0.52 -0.52 -0.52 -0.52 0.23499191 0.16576356 -0.44 -0.44 -0.44 -0.35973356 -0.14120964 -0.2546984 -0.35026922 -0.05 -0.05 -0.05 -0.05 -0.05 -0.028839235 0.76242419 0.77 0.77 0.77 0.77 -0.70367178 -0.5250004 -0.525 -0.525 -0.525 -0.3250001 -0.35999999 -0.36 -0.36 -0.28 0.26499127 0.265 0.265 0.225 0.225 
-1.01 -1.01 -1.255 -1.255 -1.255 -1.2450033 -1.245 -1.245 -1.195 -1.195 -1.195 -1.195 -1.195 -0.52000003 -0.52 -0.52 -0.52 -0.52 -0.44 -0.44 -0.44 -0.44 -0.44 -0.385 -0.385 -0.385 -0.385 -0.050000002 -0.05 -0.05 -0.05 -0.05 0.095 0.095 0.77 0.77 0.77 0.18010048 0.18 -0.525 -0.525 -0.525 -0.52499998 -0.325 -0.325 -0.325 -0.28 -0.28 -0.28 -0.15 -0.15 0.225 0.225 
-1.01 -1.01 -1.255 -1.255 -1.255 -1.255 -1.2549989 -1.06 -1.1948729 -1.195 -1.195 -1.195 -1.195 -0.52842001 -0.52 -0.52 -0.52 -0.52 -0.44 -0.44 -0.44 -0.44 -0.44 -0.385 -0.385 -0.385 -0.385 -0.38499867 -0.05 -0.05 -0.05 0.094992398 0.095 0.095 0.095 0.77 0.18000001 0.18 0.18 0.16145013 -0.43648411 -0.42 -0.42 -0.325 -0.325 -0.325 -0.28 -0.28 -0.28 -0.15 -0.15 -0.15 0.24311433 
-0.765 -0.76500192 -1.255 -1.255 -1.255 -1.255 -1.06 -1.06 -1.06 -1.195 -1.195 -1.195 -1.195 -1.1947902 -0.52 -0.52 -0.52 -0.52 -0.44000137 -0.44 -0.44 -0.44 -0.39468705 -0.385 -0.385 -0.385 -0.385 -0.6249998 -0.625 -0.62499999 -0.056165877 0.095 0.095 0.095 0.095000243 0.35 0.18 0.18 0.18 0.17999999 -0.42 -0.42 -0.42 -0.02 -0.02 -0.02 0.63491089 -0.28 -0.28 -0.15 -0.15 -0.15 0.24500046 
-0.765 -0.765 -1.255 -1.255 -1.255 -1.06 -1.06 -1.06 -1.06 -1.1801967 -1.195 -1.195 -1.195 -1.1949953 -0.13504431 -0.135 -0.135 -0.135 0.32608922 -0.345 -0.345 -0.345 -0.345 -0.385 -0.385 -0.385 -0.38501583 -0.625 -0.625 -0.625 -0.625 0.094964748 0.23843012 0.35 0.35 0.35 0.17899266 -0.089994379 -0.09 -0.09 -0.41988642 -0.275 -0.275 -0.02 -0.02 -0.019997227 0.635 0.635 0.11 0.11 0.11 0.58 0.41 
-0.765 -0.765 -0.95 -0.95 -0.95 -1.06 -1.06 -1.06 -1.06 -1.025 -1.025 -1.025 -1.025 -0.96227962 -0.135 -0.135 -0.135 -0.135 0.35 -0.345 -0.345 -0.345 -0.345 -0.96 -0.95999977 -0.38500085 -0.625 -0.625 -0.625 -0.625 -0.43514678 -0.25 0.27860823 0.35 0.35 0.35 -0.09 -0.09 -0.09 -0.09 -0.275 -0.275 -0.275 0.31481395 0.315 0.63356162 0.635 0.635 0.11000311 0.11 0.58 0.58 0.41 
-0.765 -0.95 -0.95 -0.95 -0.95 -0.95 -1.0654728 -1.765 -1.765 -1.025 -1.025 -1.025 -1.025 -1.0247892 -0.135 -0.135 -0.135 -0.11308616 0.35 0.35 -0.345 -0.345 -0.96 -0.96 -0.96 -0.96 -0.625 -0.625 -0.625 -0.625 -0.25 -0.25 -0.25 0.34939285 0.35 0.35 -0.09 -0.09 -0.09 -0.09 -0.275 -0.275 -0.275 0.315 0.315 0.31501558 0.59 0.59 0.735 0.735 0.58 0.58 0.41 
-0.94826262 -0.95 -0.95 -0.95 -0.95 -0.95 -1.765 -1.765 -1.765 -1.3689211 -1.025 -1.025 -1.025 -1.0249963 -0.135 -0.135 -0.135 0.35 0.35 0.35 -0.34496528 -0.34500376 -0.96 -0.96 -0.96 -0.96 -0.62502381 -0.625 -0.625 -0.25008624 -0.25 -0.25 -0.25 -0.25 0.34815084 0.07 0.07 0.067230922 -0.09 -0.09 -0.27499984 -0.275 0.29784563 0.315 0.315 0.5899999 0.59 0.59 0.735 0.735 0.675 0.675 0.585 
-0.95 -0.95 -0.95 -0.95 -0.95 -0.95 -1.765 -1.765 -1.765 -1.765 -1.0499993 -1.05 -1.05 -1.05 -0.13500157 -0.27922723 -0.36 -0.36 0.34869112 0.35 0.34999986 -0.95999911 -0.96 -0.96 -0.96 -0.96 -0.95975644 -0.625 -0.62498718 -0.25 -0.25 -0.25 -0.25 -0.25 0.07 0.07 0.07 0.07 0.07 0.069999611 0.15 0.15 0.1500001 0.445 0.445 0.445 0.31 0.31 0.395 0.395 0.675 0.6749998 0.585 
-0.95 -0.95 -0.95 -0.95 -0.95 -0.95 -1.765 -1.765 -1.765 -1.05 -1.05 -1.05 -1.05 -1.05 -0.86811765 -0.36 -0.36 -0.36 -0.36 -0.36 -0.32609984 -0.95999999 -0.96 -0.96 -0.96 -0.96439614 -1.0997806 -0.68967804 -0.2518493 -0.25 -0.25 -0.25 -0.25 -0.2499993 0.07 0.07 0.07 0.07 0.07 0.10721581 0.15 0.15 0.15 0.445 0.445 0.445 0.31 0.31 0.395 0.395 0.92999999 0.60403168 0.585 
-0.95 -0.95 -0.95 -0.95 -0.95 -0.95000024 -1.7649998 -1.765 -1.7353235 -1.05 -1.05 -1.05 -1.05 -1.05 -1.0169034 -0.36 -0.36 -0.36 -0.36 -0.36 -0.36 -1.0762711 -1.0999998 -1.1 -1.1 -1.1 -1.1 -1.1 -0.74442717 -0.7399942 -0.73999999 -0.74 -0.74 -0.73999942 0.07 0.07 0.07 0.07 0.07 0.14999999 0.15 0.15 0.15 0.15000013 0.44532064 0.645 0.31000003 0.39844301 0.39500438 0.93 0.93 0.93135113 0.995 
-0.95 -0.95 -0.95 -0.95 -0.95 -0.95005206 -1.764956 -1.7649567 -1.0500009 -1.05 -1.05 -1.05 -1.05 -1.05 -1.0368708 -0.36 -0.36 -0.36 -0.36 -0.36 -0.36 -1.1 -1.1 -1.1 -1.1 -1.1 -1.1 -1.1 -0.74009938 -0.74 -0.74 -0.74 -0.74 -0.74 -0.51806008 0.07 0.07 0.07 0.07 0.15 0.15 0.15 0.15 0.15012681 0.645 0.645 0.64346446 0.4 0.4 0.93 0.93 0.995 0.995 
-0.95 -0.95 -0.95 -0.95 -0.95000001 -0.95108691 -1.7640124 -1.1306831 -1.05 -1.05 -1.05 -1.05 -1.05 -1.05 -1.0379204 -0.36 -0.36 -0.36 -0.36 -0.36 -0.46536255 -1.1 -1.1 -1.1 -1.1 -1.1 -1.1 -1.1 -0.74000144 -0.74 -0.74 -0.74 -0.74 -0.74 -0.74 0.04776716 0.013261957 -0.0056169397 -0.0084744742 0.17506868 0.15000001 0.15 0.15 0.64496047 0.645 0.64013511 -0.16999728 0.4 0.4 1.244831 1.245 1.245 0.99500011 
-0.95 -0.95 -0.95 -0.95 -0.95000083 -0.95679647 -1.6974733 -1.0501966 -1.05 -1.05 -1.05 -1.05 -1.05 -1.05 -1.0338874 -0.36 -0.36 -0.36 -0.36 -0.36 -1.0999968 -1.1 -1.1 -1.1 -1.1 -1.1 -1.1 -1.1 -0.7400001 -0.74 -0.74 -0.74 -0.74 -0.74 -0.73999985 -0.01 -0.01 -0.01 -0.0099999978 0.54 0.54 0.54 0.54 -0.16999764 -0.17 -0.17 -0.17 -0.16999286 0.47 0.47 1.245 1.245 1.3037235 
-0.95 -0.95 -0.95 -0.95000006 -0.95002276 -0.97180134 -1.0976483 -1.0500093 -1.05 -1.05 -1.05 -1.05 -1.05 -1.05 -1.0265771 -0.36000028 -0.36 -0.36 -0.36 -0.36445374 -1.1 -1.1 -1.1 -1.1 -1.1 -1.1 -1.1 -1.1 -0.74000008 -0.74 -0.74 -0.74 -0.74 -0.74 -0.01000067 -0.01 -0.01 -0.01 -0.01 0.54 0.54 0.54 0.54 0.34837405 -0.17 -0.17 -0.17 0.46999284 0.47 0.47 1.33 1.33 1.33 
-0.95 -0.95 -0.95000004 -0.95000185 -0.95022133 -0.99936478 -1.0524936 -1.0500023 -1.05 -1.05 -1.05 -1.05 -1.05 -1.05 -1.0166745 -0.36001623 -0.36 -0.36 -0.36000085 -1.0850064 -1.1 -1.1 -1.1 -1.1 -1.1 -1.1 -1.1 -1.1 -0.74000034 -0.74 -0.74 -0.74 -0.74 0.11282864 -0.0099998677 -0.01 -0.01 -0.01 -0.01 0.54 0.54 0.54 0.54 0.54 -0.17 -0.17 -0.17 0.46999999 0.47 0.47 1.33 1.33 1.33 
-0.95000001 -0.95000006 -0.95000077 -0.95002169 -0.9511426 -1.0402229 -1.0504155 -1.0500014 -1.05 -1.05 -1.05 -1.05 -1.05 -1.0499987 -1.0049011 -0.360252 -0.36000001 -0.36000003 -0.36383134 -1.0999371 -1.1 -1.1 -1.1 -1.1 -1.1 -1.1 -1.1 -1.0999998 -0.74000226 -0.74 -0.73999917 0.32258231 0.425 0.425 0.425 -0.01 -0.01 -0.01 -0.01 0.54 0.54 0.54 0.54 0.54 -0.16998741 -0.17 -0.16999969 0.46999995 0.47 0.47000047 1.33 1.33 1.33 
