interpolatedSpi/07-09|21_1.tif
NCOLS 53
NROWS 52
XLLCORNER -116.03883
YLLCORNER 28.596182
DX 0.49850594
DY 0.49788537
NODATA_VALUE -9999
[rows 0 to 38 of 52, columns 0 to 52 of 53]
-1.0975 -1.0975 -1.2929487 -1.05 -1.24 -1.2025 -0.915 -0.9675 -0.98074235 -0.84 -1.1775 -0.9725 -1.1400237 -1.4275 -1.1575 -1.1575 -1.1575 -0.5675 -0.84 -0.84 -0.84 -0.83999417 -0.23500001 -1.56 -1.56 -1.56 -1.1274923 -1.1275 -1.1275 -0.4575 -0.4575 -0.4575 -0.4575 -0.74499994 -0.745 -0.745 -0.745 -0.745 -0.745 -0.74500002 -1.380653 -1.3871906 -0.1725 -0.1725 -0.1725 -0.1725 -0.17248775 -0.165 -0.165 -0.165 0.022499611 0.0225 0.0225
-1.0975182 -1.5075 -0.79999983 -0.89462608 -1.3699504 -0.785 -0.965 -1.1294952 -1.5275 -1.035 -1.09 -1.14 -1.14 -0.92169224 -1.4274915 -1.1575 -0.5675 -0.5675 -0.8396447 -0.84 -0.84 -0.84 -1.5751332 -1.56 -1.56 -1.56 -1.7025 -1.7025 -0.4575 -0.4575 -0.4575 -0.4575 -0.4575 -0.74499996 -0.745 -0.745 -0.745 -0.745 -0.74500002 -0.75191462 -0.7625145 -0.24409201 -0.1725 -0.1725 -0.1725 -0.1725 -0.1725 -0.165 -0.165 -0.165 -0.14945232 0.0225 0.0225
-1.3149829 -1.315 -0.65 -0.98 -0.855 -0.95 -0.7775 -1.03 -1.08 -0.88 -1.12 -1.2275 -0.9775 -1.0025 -0.92 -1.2125 -0.5675 -0.5675 -0.5675 -1.1024237 -1.1025 -1.1025 -1.8475 -1.56 -1.56 -1.56 -1.7025 -1.7025 -1.7025 -0.4575 -0.4575 -0.45750002 -0.70421753 -0.74571667 -0.74744331 -1.0050946 -1.0075 -1.0075 -0.97668546 -0.7625 -0.7625 -0.76174554 -0.1725 -0.1725 -0.1725 -0.1725 -0.1725 -0.165 -0.165 -0.165 -0.165 0.0225 0.0225
-0.5325 -1.3149999 -0.67994256 -0.4075 -0.465 -0.775 -0.6075 -0.7525 -0.42 -0.68258887 -0.7525 -0.9375 -0.8625 -1.0025 -0.9075 -1.2125 -1.4779534 -1.4793606 -1.3025 -1.1025 -1.1025 -1.79 -1.8475 -1.8475 -1.56 -1.5600007 -1.7025 -1.7025 -1.7025 -0.7 -0.84814299 -0.97 -0.97 -0.97000003 -1.0075 -1.0075 -1.0075 -1.0075 -0.7625 -0.7625 -0.7625 -0.76249998 -0.1725 -0.1725 -0.1725 -0.1725 -0.1725 -0.16500009 -0.165 -0.165 -0.165 0.022471909 0.0225
-0.5325 -0.33250064 -0.68 -0.67955994 -0.465 -0.5575 -0.82997153 -0.8025 -0.9 -0.50500029 -0.89383545 -1.0774986 -1.0675 -0.9075 -0.9075 -1.1157777 -1.48 -1.48 -1.3025 -1.3025 -1.1025013 -1.79 -1.3875 -1.1375 -1.2175 -1.2173358 -1.7025 -1.7025 -0.7 -0.7 -0.97 -0.97 -0.97 -1.0001716 -1.0075 -1.0075 -1.0075 -0.7625 -0.7625 -0.7625 -0.7625 -0.76252437 -0.17250001 -0.1725 -0.1725 -0.1725 -0.1725 -0.17243324 -0.165 -0.16503015 -0.8375 -0.8375 -0.8375
-1.065 -0.5675 -0.54 -0.71 -0.795 -0.4475 -0.775 -0.77852079 -0.715 -0.5375 -0.5725 -0.525 -0.52500036 -1.32 -1.32 -1.6398298 -1.64 -1.54 -1.54 -1.3024997 -1.0175 -1.0175 -1.1375 -1.2175 -1.2175 -0.515 -0.7125 -0.7125 -0.81248975 -0.7 -0.97 -0.97 -1.13 -1.1299266 -0.42755041 -0.76 -0.76 -0.76172657 -0.7625 -0.7625 -1.0146851 -1.015 -1.0149996 -1.1990529 -1.2173845 -1.2174997 -1.2175 -1.2174996 -0.50135104 -0.8375 -0.8375 -0.8375 -0.8375
-0.2975046 -0.5125 -0.71979188 -0.4525 -0.525 -0.74 -0.4075 -0.5025 -0.7375 -0.7375 -0.5725 -0.935 -1.0975 -1.32 -0.93500115 -0.935 -1.64 -0.9325 -0.945 -0.945 -1.0469541 -1.08 -1.08 -0.57750001 -0.515 -0.515 -0.7125 -0.7125 -0.81249869 -0.81247586 -0.59061753 -1.13 -1.13 -0.4275 -0.4275 -0.7545536 -0.76 -0.76 -1.0874886 -1.0150001 -1.015 -1.015 -1.0149965 -1.2174954 -1.2175 -1.2175 -1.2175 -1.2174995 -0.455 -0.8374242 -0.8375 -0.8375 -0.8375
-0.2975 -0.1775 -0.59 -1.0425 -1.1524937 -0.715 -0.3025 -0.915 -0.935 -0.855 -0.855 -0.9325 -1.0975 -1.0975 -0.9361149 -0.88946215 -0.885 -0.715 -0.69250026 -0.945 -1.0149547 -1.04 -0.575 -0.435 -0.434998 -0.28 -0.8225 -0.82249996 -0.79007884 -0.79 -0.59 -0.61827826 -0.8 -0.4275 -0.43577115 -0.75 -0.75 -1.0875 -1.0875 -1.015 -1.015 -1.015 -0.388464 -0.38750004 -1.2175 -1.2175 -1.2175 -0.45502902 -0.455 -0.455 -0.8375 -0.8375 -0.8375
-0.14108827 -0.1775 -0.1725 -0.8075 -0.47 -0.49 -0.62 -0.73 -1.0325 -0.83513419 -0.87 -1.1575 -1.1575 -0.9875 -0.98749814 -0.48611483 -0.485 -0.485 -0.71156534 -0.45750006 -0.745 -0.745 -0.72 -0.63214211 -0.29561991 -0.28 -0.8875 -0.8225 -0.3800859 -0.3775 -0.5675 -0.4475 -0.16545621 -0.7025 -0.7175 -0.755 -0.9025 -0.8725 -1.0299273 -1.0142746 -0.8525 -0.4575 -0.38750041 -0.3875 -0.39217169 -1.2175 -0.98500001 -0.455 -0.455 -0.455 -0.455 -0.87703111 -0.4925
0.0625 0.0625 -0.0925 -0.46 -0.225 -0.6725 -0.9825 -0.5075 -0.635 -0.7850037 -1.1025 -0.7775 -0.9875 -0.9875 -0.79 -0.78581679 -0.485 -0.48495311 -0.29 -0.4575 -0.4575 -0.49453964 -0.72 -0.55000322 -0.55 -0.55 -0.8875 -0.1375 -0.1375 -0.3775 -0.3775 -0.4464379 0.1125 -0.7025 -0.4575 -0.755 -0.9025 -0.9975 -1.03 -0.90210692 -0.45750002 -0.43270459 -0.39 -0.3875 -0.3875 -0.985 -0.985 -0.985 -0.455 -0.455 -1.155 -1.155 -1.1549998
0.0625 0.0625 -0.44 -0.49 -1.1075 -0.2375 -0.6175 -1.107352 -1.245 -0.9325 -0.975 -1.2875 -0.77817927 -0.79 -0.79 -0.78992963 -0.18 -0.18577332 -0.29 -0.75 -0.75 -0.3075 -0.3075 -0.55 -0.55 -0.55 -0.1375 -0.1375 -0.1375 0.06 0.06 0.060000087 -0.2425 -0.2425 -0.5 -0.53 -0.53 -1.0674928 -1.1825 -0.9 -0.9 -0.8449985 -0.39 -0.3875 -0.59500012 -0.805 -0.57925501 -0.5775 -0.5375 -0.5375 -1.155 -1.155 -1.155
0.0625 -0.15452147 -0.46133678 -0.85499569 -0.78 -0.615 -0.6175 -1.1075 -1.2449989 -0.93596212 -1.2874995 -1.2875 -0.8875 -0.79 -0.79 -0.18000002 -0.18 -0.18000626 -0.29 -0.75 -0.663102 -0.3075 -0.3075 -0.54999137 -0.55 -0.4735727 -0.3175 -0.3175 -0.31749998 0.06 0.06 -0.1875 -0.1875 -0.24250071 -0.5 -0.71000003 -0.48029044 -1.0675 -1.0675 -0.9 -0.845 -0.845 -0.84499812 -0.595 -0.595 -0.805 -0.5775 -0.5775 -0.5375 -0.5375 -1.155 -1.155 -1.155
-0.5375 -0.54417877 -0.55249774 -0.5546911 -0.77999934 -0.6150039 -0.6175 -1.1014684 -1.2355248 -1.2368398 -0.8875 -0.8875 -0.8875 -0.8875 -0.79001381 -0.18 -0.18 -0.18142028 -0.29 -0.7502126 -1.495 -1.495 -1.495 -1.495 -0.56578606 -0.3175 -0.3175 -0.3175 -0.3175 -0.31736277 -0.1875 -0.1875 -0.1875 -0.1875 -0.71 -0.71 -0.71 -1.0492738 -1.0659416 -0.86 -0.86 -0.84500081 -1.0849832 -0.5950472 -0.595 -0.805 -0.5775 -0.5775 -0.5375 -0.5375 -1.1527598 -1.155 -0.63955367
-0.5375 -0.5525 -0.5525 -0.5525 -0.5525 -0.55250003 -0.61749359 -0.84936761 -1.210246 -0.88787722 -0.8875 -0.8875 -0.8875 -0.8875 -0.88750006 -0.18000001 -0.18000002 -0.18754525 -0.29000237 -1.495 -1.495 -1.495 -1.495 -1.495 -1.4784045 -0.53276569 -0.61749994 -0.6175 -0.6175 -0.6175 -0.1875 -0.1875 -0.18750027 -0.4125 -0.4125 -0.71 -0.44750823 -0.44 -0.85999976 -0.86 -0.86 -0.86 -1.085 -1.085 -1.085 -1.0830515 -1.1786109 -1.1825 -1.1825 -1.1825 -1.1825 -0.50750013 -0.5075
-0.7325 -0.5525 -0.5525 -0.5525 -0.5525 -0.5525 -0.5525 -0.75142591 -0.97361494 -0.9725 -0.9725 -0.9725 -0.9725 -0.9725 -0.9725 -1.1193653 -0.1949668 -0.19506297 -1.4948485 -1.495 -1.495 -1.495 -1.495 -1.4949992 -0.7275 -0.7275 -0.72749985 -0.6175 -0.6175 -0.61683919 -0.2875 -0.2875 -0.4125 -0.4125 -0.4125 -0.43559466 -0.44 -0.44 -0.44 -0.86 -0.86 -0.86 -1.085 -1.085 -1.085 -1.085 -1.1825 -1.1825 -1.1825 -1.1825 -1.1825 -0.5075 -0.5075
-0.7325 -0.66548805 -0.5525 -0.5525 -0.5525 -0.5525 -0.79745191 -0.7975 -0.7975 -0.9725 -0.9725 -0.9725 -0.9725 -0.9725 -1.005591 -1.1225 -1.1225 -1.1225 -0.78217763 -0.78000073 -0.78 -0.78 -0.78 -0.78 -0.7275 -0.7275 -0.7275 -0.7275 -0.6175 -0.2875 -0.2875 -0.2875 -0.41249999 -0.4125 -0.4125 -0.1175 -0.439573 -0.44 -0.44 -0.85990397 -0.66853075 -0.22191282 -1.085 -1.085 -0.95789347 -0.9575 -0.9575 -1.1813663 -0.49491124 -0.49250006 -0.49250013 0.20239236 -0.50749856
-0.7325 -0.55976721 -0.55376512 -0.5525 -0.5525 -0.79735524 -0.7975 -0.7975 -0.7975 -0.7987611 -0.9725 -0.9725 -0.9725 -0.97250002 -1.1225 -1.1225 -1.1225 -1.1225 -0.78030595 -0.78 -0.78 -0.78 -0.78 -0.78 -0.7275 -0.7275 -0.7275 -0.7275 -0.72589957 -0.2875 -0.2875 -0.2875 -0.185 -0.4124645 -0.1175 -0.1175 -0.1175 -0.11298957 -0.23391088 -0.22 -0.22 -0.22 -0.79 -0.79 -0.9575 -0.9575 -0.9575 -0.49250001 -0.4925 -0.4925 -0.4925 0.2025 0.2025
-0.55515254 -0.555 -0.555 -0.555 -0.615 -0.79749529 -0.7975 -0.7975 -0.7975 -0.7975 -0.95811538 -0.97249752 -0.97249999 -1.1225 -1.1225 -1.1225 -1.1225 -1.1225 -1.0691359 -0.78 -0.78 -0.78 -0.78 -0.78 -0.72831289 -0.68500023 -0.685 -0.685 -0.685 -0.28749999 -0.185 -0.185 -0.185 -0.185 -0.1175 -0.11748914 0.295 0.295 -0.21356946 -0.22 -0.22 -0.22 -0.79 -0.79 -0.93156523 -0.9575 -0.9575 -0.4925 -0.4925 -0.4925 -0.48504779 0.2025 0.2025
-0.555 -0.555 -0.555 -0.5832549 -0.615 -0.615 -0.7975 -0.7975 -0.7975 -0.7975 -0.7825 -0.7825 -0.7825 -1.1225 -1.1225 -1.1225 -1.1225 -1.1223955 -0.7025 -0.7025 -0.77999997 -0.78 -0.77202675 -0.4525 -0.45459309 -0.685 -0.685 -0.685 -0.685 -0.18505091 -0.185 -0.185 -0.185 -0.185 0.29499855 0.295 0.295 0.295 0.2931552 -0.22 -0.22 -0.22 -0.79 -0.79 -0.79 -0.9575 -0.9575 -0.4925 -0.4925 -0.4925 0.2025 0.2025 0.2025
-0.555 -0.555 -0.555 -0.615 -0.615 -0.615 -0.61500028 -0.7975 -0.7975 -0.78251548 -0.7825 -0.7825 -0.7825 -0.78271183 -0.61054032 -0.49 -0.49 -0.49 -0.7025 -0.7025 -0.7025 -0.4525 -0.4525 -0.4525 -0.45247199 -0.51059567 -0.685 -0.685 -0.685 -0.088766158 -0.052513032 -0.0525 -0.0525 -0.0525 0.052671259 -0.28749868 -0.2875 -0.2875 -0.2875 -0.36747982 -0.3675 -0.3675 -0.79 -0.79 -0.43750147 -0.43749988 -0.11 -0.11 0.17 0.17 0.17 0.2025 0.57216918
-0.55499698 -0.555 -0.555 -0.615 -0.615 -0.615 -0.615 -0.31250014 -0.79556078 -0.78211689 -0.7825 -0.7825 -0.7825 -0.78192603 -0.49 -0.49 -0.49 -0.49000006 -0.7025 -0.7025 -0.7025 -0.4525 -0.4525 -0.4525 -0.3525 -0.3525 -0.3525 -0.3525 -0.3525 -0.35086341 -0.0525 -0.0525 -0.0525 -0.0525 -0.16993552 -0.2875 -0.2875 -0.2875 -0.2875 -0.3675 -0.3675 -0.3675 -0.36970247 -0.4375 -0.4375 -0.4375 -0.11 -0.11 0.17 0.17 0.17 0.57249999 0.5725
0.4175 -0.050123048 -0.77 -0.76995503 -0.615 -0.31425025 -0.3125 -0.3125 -0.31158905 -0.36 -0.36 -0.36 -0.36 0.099985025 0.099999997 -0.48999955 -0.49 -0.49559906 -0.7025 -0.7025 -0.7025 0.2475 0.2475 0.2475 -0.3525 -0.3525 -0.3525 -0.3525 -0.3525 -0.3524998 -0.074999857 -0.074999937 -0.053065504 -0.052524122 -0.52445946 -0.525 -0.525 -0.525 -0.525 -0.3675 -0.3675 -0.3675 -0.43364558 -0.4375 -0.4375 -0.43749997 -0.11 -0.11 -0.10998992 0.17 0.16998972 -0.06 0.5725
0.067566466 0.067499855 -0.77 -0.77 -0.77 -0.3125 -0.3125 -0.3125 -0.31 -0.31 -0.36 -0.36 -0.36 0.1 0.1 0.1 0.1 0.099908699 -0.7025 -0.7025 -0.70249996 0.2475 0.2475 0.2475 -0.3525 -0.3525 -0.3525 -0.3525 -0.3525 -0.078128833 -0.075 -0.075 -0.075 -0.075 -0.52477795 -0.525 -0.525 -0.525 -0.525 -0.3625 -0.3625 -0.3625 -0.3625 -0.43749852 -0.245 -0.245 -0.245 -0.2125 -0.2125 -0.2125 -0.06 -0.06 -0.06
0.0675 0.0675 -0.77 -0.77 -0.77 -0.3149047 -0.3125 -0.31 -0.31 -0.31 -0.35999384 -0.36 -0.05562104 0.09999998 0.1 0.1 0.1 0.2375 0.2375 0.2375 -0.33249999 -0.33249957 0.24749717 0.2475 0.2468528 -0.56 -0.56 -0.55999951 -0.35253353 -0.03250847 -0.032500226 -0.03250742 -0.074927363 -0.074963323 -0.44482586 -0.52499983 -0.52355059 -0.0925 -0.0925 -0.3625 -0.3625 -0.3625 -0.3625 -0.245 -0.245 -0.245 -0.245 -0.2125 -0.2125 -0.2125 -0.06 -0.06 -0.06
0.0675 0.0675 -0.77 -0.77 -0.77 -0.77 -0.31156432 -0.31 -0.31 -0.31 -0.30982186 0.0125 0.0125 0.0125 0.099484342 0.1 0.23658373 0.2375 0.2375 0.2375 -0.3325 -0.3325 -0.3325 -0.3325 -0.56 -0.56 -0.56 -0.56 -0.56 -0.0325 -0.0325 -0.0325 -0.0325 -0.03250059 -0.3125 -0.0925 -0.0925 -0.0925 -0.0925 -0.092500499 -0.2075 -0.2075 -0.2075 -0.34661204 -0.635 -0.635 -0.635 -0.21250001 -0.21250038 -0.605 -0.605 -0.56237775 -0.5625
0.0675 0.0675 -0.46772131 -0.77 -0.77 -0.76999998 0.086794625 -0.3087473 -0.31 -0.31 0.012500099 0.0125 0.0125 0.0125 0.0125 0.019705563 0.2375 0.2375 0.2375 0.2375 -0.33249559 -0.3325 -0.3325 -0.3325 -0.56 -0.56 -0.56 -0.56 -0.56 -0.37057256 -0.0325 -0.0325 -0.0325 -0.3125 -0.3125 -0.31232916 -0.0925 -0.0925 -0.10375557 -0.1125 -0.2075 -0.2075 -0.2075 -0.34315438 -0.635 -0.635 -0.635 0.05 -0.59683876 -0.605 -0.605 -0.5625 -0.5625
-0.2725 -0.2725 -0.2725 -0.64526307 -0.76864179 0.0875 0.0875 0.0875 0.0875 0.485 0.485 0.012500033 0.0125 0.0125 0.0125 0.012514278 0.2375 0.2375 0.2375 0.2375 -0.08377049 -0.3325 -0.3325 -0.34080911 -0.6459924 -0.56 -0.56 -0.56 -0.49 -0.49 -0.49 -0.48999808 -0.3125 -0.3125 -0.3125 -0.3125 -0.1125 -0.1125 -0.1125 -0.1125 -0.1525 -0.1525 -0.1525 -0.1574999 -0.1575 -0.1575 -0.15750015 0.05 0.05 -0.60420192 -0.605 -0.56249646 -0.5625
-0.2725 -0.2725 -0.2725 -0.27247698 0.155 0.14518439 0.0875 0.0875 0.0875 0.485 0.485 0.485 0.45499998 0.455 0.455 0.45499999 0.23744962 0.2375 0.2375 0.2375 0.22883944 -0.64999913 -0.65 -0.65 -0.65 -0.65000001 -0.905 -0.905 -0.49 -0.49 -0.49 -0.49 -0.31249978 -0.3125 -0.3125 -0.31247536 -0.11250001 -0.1125 -0.1125 -0.11365154 -0.1525 -0.1525 -0.1525 -0.15749977 -0.1575 -0.1575 -0.1575 0.05 0.05 0.050000012 0.14 0.14 0.2875
-0.2725 -0.2725 -0.2725 0.15499901 0.155 0.155 0.087500025 0.0875 0.0875 0.485 0.485 0.485 0.455 0.455 0.455 0.43634091 0.21 0.21 0.21000007 0.23734467 -0.65 -0.65 -0.65 -0.65 -0.65 -0.6501919 -0.905 -0.905 -0.905 -0.49 -0.49 -0.49019953 -0.01 -0.01 -0.01 -0.8875 -0.8875 -0.375 -0.375 -0.375 -0.29 -0.15254313 -0.15249896 -0.0125 -0.0125 -0.017995335 -0.15749927 0.05 0.05 0.14 0.14 0.14 0.2875
-0.2725 -0.2725 -0.2725 0.155 0.155 0.155 0.155 0.0875 0.0875 0.485 0.485 0.45619957 0.455 0.455 0.455 0.21 0.21 0.21 0.21 0.21 -0.65 -0.65 -0.65 -0.65 -0.65 -0.90499913 -0.905 -0.905 -0.905 -0.8 -0.8 -0.8 -0.01 -0.01 -0.01 -0.8875 -0.8875 -0.375 -0.375 -0.29 -0.29 -0.29 -0.0125 -0.0125 -0.0125 -0.0125 0.0098851485 0.26 0.26 0.26 0.14000001 0.625 0.625
-0.2725 -0.2725 -0.27190469 0.155 0.155 0.155 0.155 0.69526668 0.7225 0.72209224 0.485 0.45500628 0.455 0.455 0.45499915 0.21 0.21 0.21 0.21 0.21 -0.13688344 -0.65 -0.65 -0.65 -0.64991504 -0.90496244 -0.905 -0.905 -0.905 -0.8 -0.8 -0.8 -0.79988312 -0.01 -0.8875 -0.8875 -0.8875 -0.88747846 -0.3749942 -0.29 -0.29 -0.29 -0.012516846 -0.0125 -0.0125 -0.0125 0.25999927 0.26 0.26 0.26 0.625 0.625 0.625
-0.2425 -0.24250005 0.15476113 0.155 0.155 0.155 0.72237924 0.7225 0.7225 0.7225 0.53 0.53 0.53 0.53 0.21147691 0.21 0.21 0.21 0.21 -0.11499981 -0.115 -0.115 -0.23750007 -0.2375 -0.2375 -0.2375 -0.29511384 -0.905 -0.45251853 -0.4525 -0.4525 -0.4525 -0.4525 -0.26 -0.26 -0.26 -0.26 -0.26 0.0675 0.0675 0.0675 0.0675 0.0675 0.18969475 0.19 0.19 0.19 0.26 0.26 0.26 0.6249425 0.625 0.625
-0.2425 -0.2425 -0.23768571 0.33249964 0.33249996 0.33288005 0.7225 0.7225 0.7225 0.7225 0.53 0.53 0.53 0.53 0.53 0.21 0.21 0.21 -0.11499992 -0.115 -0.115 -0.115 -0.2375 -0.2375 -0.2375 -0.2375 -0.2375 -0.23764145 -0.45247104 -0.4525 -0.4525 -0.4525 -0.45248837 -0.23307217 -0.25997212 -0.26 -0.26 -0.26 0.0675 0.0675 0.0675 0.0675 0.0675 0.19 0.19 0.19 0.19 0.22273337 0.26 -0.11576037 -0.12 0.2225 0.2225
-0.2425 -0.2425 0.33242717 0.3325 0.3325 0.3325 0.43155835 0.7225 0.7225 0.7225 0.53 0.53 0.53 0.53 0.53 0.21024236 0.21 -0.11490471 -0.115 -0.115 -0.115 -0.115 -0.19211908 -0.2375 -0.2375 -0.2375 -0.2375 -0.23759922 -0.3775 -0.3775 -0.3775 -0.3775 -0.3775 -0.2125 -0.2125 -0.2125 -0.2125 -0.2125 0.1375 0.1375 0.1375 0.1375 0.1375 0.18953608 0.1899999 0.19 0.18996779 0.18608006 -0.12 -0.12 -0.12 0.22249808 0.2225
-0.24249934 0.11048145 0.33249997 0.3325 0.3325 0.3325 0.3325 0.72233394 0.7225 0.7225 0.53 0.53 0.53 0.53 0.11443983 0.105 0.105 -0.11499434 -0.115 -0.115 -0.115 -0.115 -0.115 -0.2375 -0.2375 -0.2375 -0.2375 -0.56249982 -0.56249991 -0.5231275 -0.3775 -0.3775 -0.3775 -0.2125 -0.2125 -0.2125 -0.2125 -0.21255588 0.1375 0.1375 0.1375 0.1375 0.13747625 -2.966315e-17 3.3328394e-46 3.2987122e-75 4.8365485e-27 -9.678162e-06 -0.12 -0.12 -0.12 -0.1199997 0.37521725
0.1175 0.1175 0.17649227 0.3325 0.3325 0.3325 0.3325 0.3325 0.72233304 0.4475 0.4475 0.4475 0.44769579 0.10500061 0.105 0.105 0.105 0.105 -0.11499976 -0.11294855 -0.095 -0.095 -0.095 -0.13095117 -0.23189745 -0.20191929 -0.17684929 -0.5625 -0.5625 -0.5625 -0.5625 -0.5625 -0.54827637 -0.29073509 -0.295 -0.295 -0.295 -0.295 0.079265383 -0.17249944 -0.1725 -0.1725 -0.1725 -0.14499957 -3.7742267e-08 -2.2407857e-27 -1.034669e-16 -0.1675 -0.12000076 -0.12 -0.12 0.3775 0.3775
0.1175 0.1175 0.2475 0.2475 0.2475 0.33247169 0.3325 0.3325 0.4475 0.4475 0.4475 0.4475 0.4475 0.10500002 0.105 0.105 0.105 0.105 -0.095 -0.095 -0.095 -0.095 -0.095 -0.1675 -0.1675 -0.1675 -0.1675 -0.5625 -0.5625 -0.5625 -0.5625 -0.5625 0.085 0.085 -0.295 -0.295 -0.295 -0.052541298 -0.0525 -0.1725 -0.1725 -0.1725 -0.17249998 -0.145 -0.145 -0.145 -0.1675 -0.1675 -0.1675 0.015 0.015 0.3775 0.3775
0.1175 0.1175 0.2475 0.2475 0.2475 0.2475 0.24750144 0.51 0.44755885 0.4475 0.4475 0.4475 0.4475 0.10927238 0.105 0.105 0.105 0.105 -0.094999996 -0.095 -0.095 -0.095 -0.095 -0.1675 -0.1675 -0.1675 -0.1675 -0.16750158 -0.5625 -0.5625 -0.5625 0.084966052 0.085 0.085 0.085 -0.295 -0.052500003 -0.0525 -0.0525 -0.055657425 -0.046048729 -0.0225 -0.0225 -0.145 -0.145 -0.145 -0.1675 -0.1675 -0.1675 0.015 0.015 0.015 0.33221418
0.2625 0.26249886 0.2475 0.2475 0.2475 0.2475 0.51 0.51 0.51 0.4475 0.4475 0.4475 0.4475 0.44739353 0.105 0.105 0.105 0.105 -0.094996347 -0.095 -0.095 -0.094999995 -0.15471977 -0.1675 -0.1675 -0.1675 -0.1675 -1.3686904e-07 -2.3524885e-19 -6.1986179e-09 -0.55643867 0.085 0.085 0.085 0.085000239 0.335 -0.0525 -0.0525 -0.0525 -0.0525 -0.0225 -0.0225 -0.0225 -0.0875 -0.0875 -0.0875 -0.18999781 -0.1675 -0.1675 0.015000002 0.015 0.015 0.32750256
