interpolatedSpi/07-09|21_2.tif
NCOLS 53
NROWS 52
XLLCORNER -116.03883
YLLCORNER 28.596182
DX 0.49850594
DY 0.49788537
NODATA_VALUE -9999
[rows 0 to 29 of 52, columns 0 to 52 of 53]
-1.5066667 -1.5066667 -1.7738661 -1.4766667 -1.58 -1.6666667 -1.1166667 -1.1433333 -1.4188397 -1.31 -1.6266667 -1.27 -1.940034 -2.3533333 -1.7366667 -1.7366667 -1.7366667 -0.63333333 -1.0966667 -1.0966667 -1.0966667 -1.0966547 0.14333332 -1.4466667 -1.4466667 -1.4466667 -1.6866563 -1.6866667 -1.6866667 -0.37 -0.37 -0.37 -0.37 -0.64666661 -0.64666667 -0.64666667 -0.64666667 -0.64666667 -0.64666667 -0.64666671 -2.1504681 -2.1660572 0.22666667 0.22666667 0.22666667 0.22666667 0.22700422 0.43333333 0.43333333 0.43333333 0.15333391 0.15333333 0.15333333
-1.5066978 -2.2066667 -1.4033327 -1.4621405 -1.953236 -1.22 -1.4633333 -1.6560319 -1.9266667 -1.5033333 -1.6566667 -1.94 -1.94 -1.38989 -2.3533162 -1.7366667 -0.63333333 -0.63333333 -1.0960625 -1.0966667 -1.0966667 -1.0966667 -1.4319283 -1.4466667 -1.4466667 -1.4466667 -1.6966666 -1.6966667 -0.37 -0.37 -0.37 -0.37 -0.37 -0.64666663 -0.64666667 -0.64666667 -0.64666667 -0.64666667 -0.64666669 -0.62907802 -0.50336472 0.13808664 0.22666667 0.22666667 0.22666667 0.22666667 0.22666667 0.43333333 0.43333333 0.43333333 0.41011547 0.15333333 0.15333333
-1.6333099 -1.6333333 -0.87333333 -1.0433333 -0.88333333 -1.3733333 -0.88333333 -1.4466667 -1.78 -1.58 -1.71 -2.0833333 -1.65 -1.54 -1.3866667 -1.8833333 -0.63333333 -0.63333333 -0.63333333 -1.0033605 -1.0033333 -1.0033333 -1.1666667 -1.4466667 -1.4466667 -1.4466667 -1.6966667 -1.6966667 -1.6966667 -0.37 -0.37 -0.36999999 -0.30260399 -0.64683877 -0.64911774 -0.90758695 -0.91 -0.91 -0.85885205 -0.50333334 -0.50333333 -0.50239985 0.22666667 0.22666667 0.22666667 0.22666667 0.22666667 0.43333333 0.43333333 0.43333333 0.43333333 0.15333333 0.15333333
0.023333333 -1.6333331 -0.40991371 -0.14666667 -0.43 -0.76333333 -0.79 -1.1833333 -0.73333333 -1.1601293 -1.31 -1.6 -1.56 -1.54 -1.2633333 -1.8833333 -2.0123387 -2.0123664 -1.58 -1.0033333 -1.0033333 -1.2566667 -1.1666667 -1.1666667 -1.4466667 -1.4466679 -1.6966667 -1.6966667 -1.6966667 -0.43666667 -0.32327327 -0.23 -0.23 -0.23000053 -0.91 -0.91 -0.91 -0.91 -0.50333333 -0.50333333 -0.50333333 -0.50333331 0.22666667 0.22666667 0.22666667 0.22666667 0.22666667 0.43333073 0.43333333 0.43333333 0.43333333 0.15328956 0.15333333
0.023333333 -0.20333371 -0.41 -0.72030956 -0.43 -0.54 -1.3732764 -1.39 -1.56 -0.92666709 -1.4816466 -1.7466309 -1.4966667 -1.2633333 -1.2633333 -1.6802167 -2.0133333 -2.0133333 -1.58 -1.58 -1.0033338 -1.2566667 -1.1866667 -0.97666667 -1.14 -1.1398388 -1.6966667 -1.6966667 -0.43666667 -0.43666667 -0.23 -0.23 -0.23 -0.25388581 -0.91 -0.91 -0.91 -0.50333333 -0.50333333 -0.50333333 -0.50333333 -0.50338578 0.22666665 0.22666667 0.22666667 0.22666667 0.22666667 0.22850626 0.43333333 0.43326069 -1.1866667 -1.1866667 -1.1866667
-1.3733333 -0.59333333 -0.33000001 -0.60666667 -0.52 -0.46333333 -1.2666667 -1.2824569 -1.11 -0.88333333 -0.52 -0.40333333 -0.40333405 -1.2 -1.2 -1.7797851 -1.78 -1.7633333 -1.7633333 -1.5799994 -0.58 -0.58 -0.97666667 -1.14 -1.14 -0.45 -0.32333333 -0.32333333 -0.23001864 -0.43666667 -0.23 -0.23 -0.35666667 -0.35660606 0.22329162 -0.36 -0.36 -0.45898989 -0.50333333 -0.50333333 -1.045989 -1.0466667 -1.0466656 -1.6430676 -1.6764563 -1.6766662 -1.6766666 -1.6766659 -0.72595826 -1.1866667 -1.1866667 -1.1866667 -1.1866667
-0.50334001 -0.65666667 -0.64320455 -0.35 -0.27666667 -0.91666667 -0.22666667 -0.53 -0.78666667 -0.78666667 -0.52 -0.94666667 -1.2199999 -1.2 -0.89000093 -0.89 -1.78 -0.57 -0.87333333 -0.87333333 -0.72609212 -0.89 -0.89 -0.38666668 -0.45 -0.45 -0.32333333 -0.32333333 -0.22999437 -0.22989628 0.40499917 -0.35666667 -0.35666667 0.22333333 0.22333333 -0.53610028 -0.36 -0.36 -0.81665084 -1.0466663 -1.0466667 -1.0466667 -1.0466597 -1.6766601 -1.6766667 -1.6766667 -1.6766667 -1.6766661 -0.68666667 -1.1865676 -1.1866667 -1.1866667 -1.1866667
-0.50333333 -0.13 -0.13333333 -0.70333333 -0.64000363 -0.67666667 -0.22 -1.2433333 -1.1866667 -0.76666667 -0.76666667 -1.0033333 -1.22 -1.22 -0.89226411 -0.81106773 -0.80333333 -0.46333333 -0.7800001 -0.87333333 -0.11682438 -0.12333333 0.34333333 0.22333333 0.22333454 0.31666667 -0.79 -0.78999984 -0.13367207 -0.13333332 0.40666667 -0.032186606 -0.04 0.22333333 0.19405157 -0.68333333 -0.68333333 -0.81666666 -0.81666667 -1.0466667 -1.0466667 -1.0466667 -0.49210512 -0.49333339 -1.6766667 -1.6766667 -1.6766667 -0.68670435 -0.68666667 -0.68666667 -1.1866667 -1.1866667 -1.1866667
-0.0066046945 -0.12999999 0.38666667 -0.17333333 0.15 -0.36666667 -0.58333333 -0.68666667 -1.1666667 -1.0390766 -1.1033333 -1.36 -1.36 -1.2 -1.1999946 -0.33464326 -0.33333333 -0.33333333 -0.51167299 0.23666661 -0.046666667 -0.046666668 -0.17666667 0.13840988 0.30726113 0.31666667 -0.89666667 -0.79 0.081572356 0.086666667 -0.03 0.37666667 0.55965863 -0.3 -0.80333333 -0.86333333 -0.84333333 -0.66666667 -0.74662973 -1.0447324 -0.61333333 -0.22 -0.49329209 -0.49333333 -0.49999377 -1.6766667 -1.7366667 -0.68666668 -0.68666667 -0.68666667 -0.68666667 -1.2372997 -0.59
0.68333333 0.68333333 0.30666667 0.23666667 0.19666667 -0.51666667 -1.12 -0.56666667 -0.49333333 -1.0066634 -1.4133333 -0.94 -1.2 -1.2 -0.62333333 -0.61935585 -0.33333333 -0.33327992 -0.12333333 0.23666667 0.23666667 0.20016382 -0.17666667 -0.19333302 -0.19333333 -0.19333333 -0.89666667 -0.26333333 -0.26333333 0.086666667 0.086666667 0.37735577 0.74 -0.3 -0.36333333 -0.86333333 -0.84333333 -0.61666667 -0.74666667 -1.310708 -0.22000002 -0.22734679 -0.24 -0.49333333 -0.49333333 -1.7366667 -1.7366667 -1.7366667 -0.68666667 -0.68666667 -1.5933333 -1.5933333 -1.593333
0.68333333 0.68333333 -0.2 -0.093333333 -0.56 0.16 -0.11333334 -0.84345797 -1.06 -0.93 -1.2133333 -1.48 -0.94071928 -0.62333333 -0.62333333 -0.6232472 0.12333333 0.11038711 -0.12333333 -0.81 -0.81 0.03 0.03 -0.19333333 -0.19333333 -0.19333333 -0.26333333 -0.26333333 -0.26333333 0.61666667 0.61666667 0.61666687 -0.21 -0.21 -0.74 -0.63666667 -0.49 -1.1299874 -1.1366667 -1.32 -1.32 -0.98666421 -0.24 -0.49333333 -0.99000023 -1.43 -1.0064916 -1.0033333 -0.79333333 -0.79333333 -1.5933333 -1.5933333 -1.5933333
0.68333333 0.30189683 -0.15448153 -0.64665787 -0.48 -0.3 -0.11333333 -0.84333333 -1.0599982 -0.93144024 -1.4799993 -1.48 -0.65 -0.62333333 -0.62333333 0.12333331 0.12333333 0.12331929 -0.12333333 -0.81 -0.64504109 0.03 0.03 -0.19332532 -0.19333333 -0.27770469 -0.45 -0.45 -0.44999998 0.61666667 0.61666667 -0.016666667 -0.016666667 -0.21000145 -0.74 -0.69333332 -0.35583742 -1.13 -1.13 -1.32 -0.98666667 -0.98666667 -0.98666657 -0.99 -0.99 -1.43 -1.0033333 -1.0033333 -0.79333333 -0.79333333 -1.5933333 -1.5933333 -1.5933333
-0.53333333 -0.41360215 -0.43332098 -0.4348759 -0.47999916 -0.30000425 -0.11333334 -0.83434746 -1.0450695 -1.0566054 -0.65 -0.65 -0.65 -0.65 -0.62333711 0.12333333 0.12333333 0.12014847 -0.12333333 -0.81004963 -0.99666667 -0.99666667 -0.99666667 -0.99666667 -0.20713723 -0.45 -0.45 -0.45 -0.45 -0.44949304 -0.016666667 -0.016666667 -0.016666667 -0.016666667 -0.69333333 -0.69333333 -0.69333333 -1.1072226 -1.1311767 -1.2866667 -1.2866667 -0.9866828 -1.4999825 -0.99004912 -0.99 -1.43 -1.0033333 -1.0033333 -0.79333334 -0.79333333 -1.590431 -1.5933333 -1.0197305
-0.53333333 -0.43333333 -0.43333333 -0.43333333 -0.43333333 -0.43333328 -0.11381117 -0.4587703 -1.0052361 -0.65043831 -0.65 -0.65 -0.65 -0.65 -0.65000008 0.12333332 0.12333329 0.10641368 -0.12333273 -0.99666667 -0.99666667 -0.99666667 -0.99666667 -0.99666667 -0.99428672 -0.73630528 -0.86666658 -0.86666667 -0.86666667 -0.86666667 -0.016666672 -0.016666667 -0.016667372 -0.60333333 -0.60333333 -0.69333333 -0.76786803 -0.77 -1.2866664 -1.2866667 -1.2866667 -1.2866667 -1.5 -1.5 -1.5 -1.4995129 -1.5995181 -1.6033333 -1.6033333 -1.6033333 -1.6033333 -0.94000013 -0.94
-0.81 -0.43333333 -0.43333333 -0.43333333 -0.43333333 -0.43333333 -0.43333331 -0.40595031 -0.76447472 -0.76333333 -0.76333333 -0.76333333 -0.76333333 -0.76333333 -0.76333333 -0.68484733 0.11050999 0.089556177 -0.99655678 -0.99666667 -0.99666667 -0.99666667 -0.99666667 -0.99666679 -0.88666667 -0.88666667 -0.88666664 -0.86666667 -0.86666667 -0.86567212 -0.37 -0.37 -0.60333333 -0.60333333 -0.60333333 -0.74330157 -0.77 -0.77 -0.77 -1.2866667 -1.2866667 -1.2866667 -1.5 -1.5 -1.5 -1.5 -1.6033333 -1.6033333 -1.6033333 -1.6033333 -1.6033333 -0.94 -0.94
-0.81 -0.66977128 -0.43333333 -0.43333333 -0.43333333 -0.43333333 -0.70661302 -0.70666667 -0.70666667 -0.76333333 -0.76333333 -0.76333333 -0.76333333 -0.76333333 -0.74568477 -0.68333333 -0.68333333 -0.68333333 -1.0996847 -1.0999999 -1.1 -1.1 -1.1 -1.1 -0.88666667 -0.88666667 -0.88666667 -0.88666667 -0.86666667 -0.37 -0.37 -0.37 -0.60333331 -0.60333333 -0.60333333 -0.21666667 -0.76926737 -0.77 -0.77 -1.2865057 -0.96555678 -0.21654129 -1.5 -1.5 -1.1311418 -1.13 -1.13 -1.6016403 -0.57693272 -0.57333342 -0.57333353 0.39979693 -0.93999728
-0.81 -0.57320202 -0.50080614 -0.43333333 -0.43333333 -0.70650517 -0.70666667 -0.70666667 -0.70666667 -0.70707502 -0.76333333 -0.76333333 -0.76333333 -0.76333332 -0.68333333 -0.68333333 -0.68333333 -0.68333333 -1.0996278 -1.1 -1.1 -1.1 -1.1 -1.1 -0.88666667 -0.88666667 -0.88666667 -0.88666667 -0.88478737 -0.37 -0.37 -0.37 -0.14000001 -0.60328282 -0.21666667 -0.21666667 -0.21666667 -0.20820693 -0.24854904 -0.21333333 -0.21333333 -0.21333333 -0.69333333 -0.69333333 -1.13 -1.13 -1.13 -0.57333334 -0.57333333 -0.57333333 -0.57333333 0.4 0.4
-0.56688897 -0.56666667 -0.56666667 -0.56666667 -0.52333333 -0.70666194 -0.70666667 -0.70666667 -0.70666667 -0.70666667 -0.73708781 -0.76332882 -0.76333332 -0.68333333 -0.68333333 -0.68333333 -0.68333333 -0.68333333 -0.7296756 -1.1 -1.1 -1.1 -1.1 -1.1 -0.92288896 -0.80000047 -0.8 -0.8 -0.8 -0.36999999 -0.14 -0.14 -0.14 -0.14 -0.21666667 -0.2166463 0.55666667 0.55666667 -0.20371874 -0.21333333 -0.21333333 -0.21333333 -0.69333333 -0.69333333 -1.062389 -1.13 -1.13 -0.57333333 -0.57333333 -0.57333333 -0.56289667 0.4 0.4
-0.56666667 -0.56666667 -0.56666667 -0.54626035 -0.52333333 -0.52333333 -0.70666667 -0.70666667 -0.70666667 -0.70666667 -0.41666667 -0.41666667 -0.41666667 -0.68333333 -0.68333333 -0.68333333 -0.68333333 -0.68328376 -0.9 -0.9 -1.0999999 -1.1 -1.0869344 -0.56333333 -0.56546394 -0.8 -0.8 -0.8 -0.8 -0.1400672 -0.14 -0.14 -0.14 -0.14 0.55666395 0.55666667 0.55666667 0.55666667 0.55391518 -0.21333333 -0.21333333 -0.21333333 -0.69333333 -0.69333333 -0.69333333 -1.13 -1.13 -0.57333333 -0.57333333 -0.57333333 0.4 0.4 0.4
-0.56666667 -0.56666667 -0.56666667 -0.52333333 -0.52333333 -0.52333333 -0.52333361 -0.70666667 -0.70666667 -0.41696603 -0.41666667 -0.41666667 -0.41666667 -0.41683281 -0.44050661 -0.38333333 -0.38333333 -0.38333334 -0.9 -0.9 -0.9 -0.56333333 -0.56333333 -0.56333333 -0.56332119 -0.65313319 -0.8 -0.8 -0.8 -0.022394628 0.023317269 0.023333333 0.023333333 0.023333333 0.24315817 -0.19666496 -0.19666667 -0.19666667 -0.19666667 -0.13334428 -0.13333333 -0.13333333 -0.69333333 -0.69333333 -0.37666799 -0.37666647 0.18666667 0.18666667 0.64333333 0.64333333 0.64333333 0.4 1.2725525
-0.56666357 -0.56666667 -0.56666667 -0.52333333 -0.52333333 -0.52333333 -0.52333333 0.039999783 -0.7036812 -0.41631302 -0.41666667 -0.41666667 -0.41666667 -0.41660126 -0.38333333 -0.38333333 -0.38333333 -0.38333348 -0.9 -0.9 -0.9 -0.56333333 -0.56333333 -0.56333333 -0.52 -0.52 -0.52666667 -0.52666667 -0.52666667 -0.52366624 0.023333333 0.023333333 0.023333333 0.023333333 -0.086606277 -0.19666667 -0.19666667 -0.19666667 -0.19666667 -0.13333333 -0.13333333 -0.13333333 -0.14098953 -0.37666667 -0.37666667 -0.37666667 0.18666667 0.18666667 0.64333333 0.64333333 0.64333333 1.2733333 1.2733333
0.43 -0.040002189 -0.29333333 -0.29340006 -0.52333333 0.036740572 0.04 0.04 0.061862718 -0.026666664 -0.026666667 -0.026666667 -0.026666667 0.18999295 0.19 -0.38333289 -0.38333333 -0.39694674 -0.9 -0.9 -0.9 0.50666667 0.50666667 0.50666667 -0.52 -0.52 -0.52666667 -0.52666667 -0.52666667 -0.52666632 -0.053332846 -0.053333118 0.021406432 0.023251141 -0.27632422 -0.27666667 -0.27666667 -0.27666667 -0.27666667 -0.13333333 -0.13333333 -0.13333333 -0.36326785 -0.37666667 -0.37666667 -0.37666659 0.18666667 0.18666667 0.18668311 0.64333333 0.64330784 0.073333333 1.2733333
0.01674516 0.016666613 -0.29333333 -0.29333333 -0.29333333 0.04 0.04 0.04 0.1 0.1 -0.026666667 -0.026666667 -0.026666667 0.19 0.19 0.19 0.19 0.18987686 -0.9 -0.9 -0.89999995 0.50666667 0.50666667 0.50666667 -0.52 -0.52 -0.52666667 -0.52666667 -0.52666667 -0.058670201 -0.053333333 -0.053333333 -0.053333333 -0.053333333 -0.27655647 -0.27666667 -0.27666667 -0.27666667 -0.27666667 0.043333287 0.043333333 0.043333333 0.043333333 -0.37666332 0.06 0.06 0.06 0.066666667 0.066666667 0.066666667 0.073333333 0.073333333 0.073333333
0.016666667 0.016666667 -0.29333333 -0.29333333 -0.29333333 0.03824794 0.04 0.1 0.1 0.1 -0.026651074 -0.026666667 0.14765327 0.19 0.19 0.19 0.19 0.24666667 0.24666667 0.24666667 -0.58999997 -0.58999919 0.50666132 0.50666667 0.50555038 -0.89 -0.89 -0.88999913 -0.52672538 -0.0999907 -0.099999752 -0.099991853 -0.053413092 -0.053373606 -0.2369205 -0.27666656 -0.27573949 -3.0135688e-12 -8.8841479e-16 0.043333333 0.043333333 0.043333333 0.043333333 0.06 0.06 0.06 0.06 0.066666667 0.066666667 0.066666667 0.073333333 0.073333333 0.073333333
0.016666667 0.016666667 -0.29333333 -0.29333333 -0.29333333 -0.29333333 0.062456247 0.1 0.1 0.1 0.10004787 0.18666667 0.18666667 0.18666667 0.18998036 0.19 0.24628905 0.24666667 0.24666667 0.24666667 -0.59 -0.59 -0.59 -0.59 -0.89 -0.89 -0.89 -0.89 -0.89 -0.1 -0.1 -0.1 -0.1 -0.10000028 -0.23333333 -1.9926051e-13 -1.3877788e-17 -1.3877788e-17 -1.3877788e-17 -5.3685463e-07 -0.17666667 -0.17666667 -0.17666667 -0.33503026 -0.66333333 -0.66333333 -0.66333333 0.066666646 0.066665842 -0.78333333 -0.78333333 -0.82644772 -0.82666667
0.016666667 0.016666667 -0.1814451 -0.29333333 -0.29333333 -0.29333331 0.68895303 0.10185935 0.1 0.1 0.18666684 0.18666667 0.18666667 0.18666667 0.18666667 0.18694881 0.24666667 0.24666667 0.24666667 0.24666667 -0.58999353 -0.59 -0.59 -0.59 -0.89 -0.89 -0.89 -0.89 -0.89 -0.61726949 -0.1 -0.1 -0.1 -0.23333333 -0.23333333 -0.23315214 -1.3877788e-17 -1.3877788e-17 1.7424538e-18 -7.4713667e-10 -0.17666667 -0.17666667 -0.17666667 -0.33051912 -0.66333333 -0.66333333 -0.66333333 0.0066666666 -0.77349001 -0.78333333 -0.78333333 -0.82666667 -0.82666667
-0.15 -0.15 -0.15 -0.25739573 -0.29170934 0.69 0.69 0.69 0.69 1.03 1.03 0.18666673 0.18666667 0.18666667 0.18666667 0.18667049 0.24666667 0.24666667 0.24666667 0.24666667 -0.22490581 -0.59 -0.59 -0.60168945 -1.0301358 -0.89 -0.89 -0.89 -0.8 -0.8 -0.8 -0.79999706 -0.23333333 -0.23333333 -0.23333333 -0.23333333 1.3876562e-17 1.3877788e-17 1.3877788e-17 1.3877788e-17 -0.12333333 -0.12333333 -0.12333333 0.043329982 0.043333333 0.043333333 0.04333311 0.0066666667 0.0066666667 -0.78237076 -0.78333333 -0.82666183 -0.82666667
-0.15 -0.15 -0.15 -0.14994812 0.81333333 0.79539864 0.69 0.69 0.69 1.03 1.03 1.03 0.69999998 0.7 0.7 0.69999998 0.24674605 0.24666667 0.24666667 0.24666667 0.23395544 -1.0366654 -1.0366667 -1.0366667 -1.0366667 -1.0366667 -1.5533333 -1.5533333 -0.8 -0.8 -0.8 -0.8 -0.23333307 -0.23333333 -0.23333333 -0.23330401 -1.4619232e-08 -2.4999853e-15 -9.4629197e-15 -0.0021787922 -0.12333333 -0.12333333 -0.12333333 0.043325605 0.043333333 0.043333333 0.043333333 0.0066666667 0.0066666667 0.0066666836 0.13333333 0.13333333 0.38666667
-0.15 -0.15 -0.15 0.81333111 0.81333333 0.81333333 0.69000005 0.69 0.69 1.03 1.03 1.03 0.7 0.7 0.7 0.66877458 0.29 0.29 0.28999989 0.24691141 -1.0366667 -1.0366667 -1.0366667 -1.0366667 -1.0366667 -1.0370555 -1.5533333 -1.5533333 -1.5533333 -0.8 -0.8 -0.80041838 0.12666667 0.12666667 0.12666667 -0.69333333 -0.69333333 -0.49666667 -0.49666667 -0.49666667 -0.39333333 -0.12341802 -0.12333438 -0.26333333 -0.26333333 -0.25171102 0.043332461 0.0066666669 0.0066666668 0.13333333 0.13333333 0.13333333 0.38666667
-0.15 -0.15 -0.15 0.81333333 0.81333333 0.81333333 0.81333333 0.69 0.69 1.03 1.03 0.71319524 0.7 0.7 0.7 0.29 0.29 0.29 0.29 0.29 -1.0366667 -1.0366667 -1.0366667 -1.0366667 -1.0366667 -1.5533316 -1.5533333 -1.5533333 -1.5533333 -1.45 -1.45 -1.45 0.12666667 0.12666667 0.12666667 -0.69333333 -0.69333333 -0.49666667 -0.49666667 -0.39333333 -0.39333333 -0.39333333 -0.26333333 -0.26333333 -0.26333333 -0.26333333 -0.22198584 0.24 0.24 0.24 0.13333335 0.88666667 0.88666667
