interpolatedSpi/07-09|20_1.tif
NCOLS 53
NROWS 52
XLLCORNER -116.03883
YLLCORNER 28.596182
DX 0.49850594
DY 0.49788537
NODATA_VALUE -9999
[rows 0 to 28 of 52, columns 0 to 52 of 53]
-0.88666667 -0.88666667 -0.64889459 -0.87666667 -0.41 -0.13666667 -0.22333333 0.17333333 -0.20426283 -0.56666667 -0.61333333 -0.10333333 0.12331686 -0.076666667 0.076666667 0.076666667 0.076666667 -0.25 -0.053333333 -0.053333333 -0.053333333 -0.053331824 0.10333333 0.096666667 0.096666667 0.096666667 0.16000058 0.16 0.16 -0.24333333 -0.24333333 -0.24333333 -0.24333333 0.32333322 0.32333333 0.32333333 0.32333333 0.32333333 0.32333333 0.32333334 0.73555962 0.7399761 0.64666667 0.64666667 0.64666667 0.64666667 0.64768478 1.27 1.27 1.27 0.87333416 0.87333333 0.87333333
-0.88665941 -0.72333333 -0.52666637 -0.39408323 -0.20007163 -0.24666667 -0.29 -0.26998724 -0.39 -0.22 0.18666667 0.12333333 0.12333333 0.24891074 -0.076661366 0.076666667 -0.25 -0.25 -0.05358976 -0.053333333 -0.053333333 -0.053333333 0.058241589 0.096666667 0.096666667 0.096666667 0.070000002 0.07 -0.24333333 -0.24333333 -0.24333333 -0.24333333 -0.24333333 0.32333325 0.32333333 0.32333333 0.32333333 0.32333333 0.32333335 0.3227199 0.29668273 0.60419708 0.64666667 0.64666667 0.64666667 0.64666667 0.64666667 1.27 1.27 1.27 1.237108 0.87333333 0.87333333
-0.60332936 -0.60333333 -0.27333333 0.066666667 0.14 -0.14333333 0.20333333 -0.17 0.31333333 0.27 0.42 0.55666667 -0.71666667 0.096666667 0.25 0.97333333 -0.25 -0.25 -0.25 -0.35991085 -0.36 -0.36 -0.63333333 0.096666667 0.096666667 0.096666667 0.07 0.07 0.07 -0.24333333 -0.24333333 -0.24333335 -0.38614869 0.32302471 0.32531901 0.53471179 0.53666667 0.53666667 0.50648099 0.29666667 0.29666667 0.29711423 0.64666667 0.64666667 0.64666667 0.64666667 0.64666667 1.27 1.27 1.27 1.27 0.87333333 0.87333333
-0.44333333 -0.60333331 -0.47666003 -0.086666667 -0.14666667 0.0033333333 0.36 0.0066666667 0.09 0.45658049 1.09 1 0.49333333 0.096666667 0.42333333 0.97333333 -0.59127033 -0.60308577 -0.34666667 -0.36 -0.36 -0.46333333 -0.63333333 -0.63333333 0.096666667 0.096666533 0.07 0.07 0.07 -0.17333333 -0.37451517 -0.54 -0.54 -0.53999915 0.53666667 0.53666667 0.53666667 0.53666667 0.29666667 0.29666667 0.29666667 0.29666668 0.64666667 0.64666667 0.64666667 0.64666667 0.64666667 1.2699921 1.27 1.27 1.27 0.87327715 0.87333333
-0.44333333 -0.4200001 -0.47666667 -0.10215984 -0.14666667 0.16333333 0.19332326 -0.34 -0.19666667 0.17666647 0.553663 0.72998042 0.59333333 0.42333333 0.42333333 0.76656582 -0.60333333 -0.60333333 -0.34666667 -0.34666667 -0.36000022 -0.46333333 -0.67666667 -0.53333333 -0.53666667 -0.53659012 0.07 0.07 -0.17333333 -0.17333333 -0.54 -0.54 -0.54 -0.39919879 0.53666667 0.53666667 0.53666667 0.29666667 0.29666667 0.29666667 0.29666667 0.29668147 0.64666666 0.64666667 0.64666667 0.64666667 0.64666667 0.65221511 1.27 1.2699051 -0.84666667 -0.84666667 -0.84666667
-1.1133333 -0.52 -0.16000001 -0.18333333 0.12666667 -0.1 -0.14 -0.16560573 -0.18 -0.21 0.42 -0.67 -0.66999917 0.066666667 0.066666667 -0.39331724 -0.39333333 -0.51666667 -0.51666667 -0.34666666 -0.63 -0.63 -0.53333333 -0.53666667 -0.53666667 -0.21 0.076666667 0.076666667 -0.020013888 -0.17333333 -0.54 -0.54 0.20666667 0.20660781 -0.35662623 0.023333333 0.023333333 0.21210476 0.29666667 0.29666667 0.44980876 0.45 0.4500011 -0.23417138 -0.2499009 -0.24999976 -0.24999997 -0.24999966 0.11821526 -0.84666667 -0.84666667 -0.84666667 -0.84666667
-1.1233346 -0.94 -1.1594058 -0.64666667 -0.49 -0.41333333 -0.15 0.19 -0.71666667 -0.71666667 0.42 -0.54666667 0.10333316 0.066666667 -0.32666549 -0.32666667 -0.39333333 -0.50333333 -0.34 -0.34 -0.80750978 -1.0066667 -1.0066667 -0.10333334 -0.21 -0.21 0.076666667 0.076666667 -0.019998446 -0.019971389 -0.05647128 0.20666667 0.20666667 -0.35666667 -0.35666667 -0.26714135 0.023333333 0.023333333 -0.67997562 0.44999843 0.45 0.45 0.45000418 -0.25000041 -0.25 -0.25 -0.25 -0.24999971 0.24333333 -0.84645066 -0.84666667 -0.84666667 -0.84666667
-1.1233333 -1.4866667 -1.1266667 -1.6 -1.4566749 -0.81333333 -0.34666667 -0.90666666 -0.92 -0.63 -0.63 -0.55666667 0.10333333 0.10333333 -0.32371647 -0.083798141 -0.06 -0.43 -0.41666659 -0.34 -0.16974284 -0.093333333 -0.43 -0.42666667 -0.42666873 -0.58666667 -0.17333333 -0.17333325 0.006573223 0.0066666653 -0.056666667 -0.40704373 -0.48 -0.35666667 -0.35324412 -0.51 -0.51 -0.68 -0.68 0.45 0.45 0.45000001 -0.32183399 -0.32333333 -0.25 -0.25 -0.25 0.24331456 0.24333333 0.24333333 -0.84666667 -0.84666667 -0.84666667
-1.480598 -1.4866667 -1.5266667 -1.3533333 -0.77666667 -0.80333333 -0.51333333 -0.69 -0.24666667 -0.4593167 -0.20666667 -0.43333333 -0.43333333 -0.47333333 -0.47333039 -0.39572835 -0.39666667 -0.39666667 -0.42796464 -1.16 -0.99333333 -0.99333332 -0.2 -0.33936078 -0.57054289 -0.58666667 -0.22 -0.17333333 -0.50472967 -0.50666667 -0.38666667 -0.25 -0.33730059 -0.25333333 -0.23666667 -0.26333333 -0.36333333 -0.55 -0.79655277 0.45209797 0.92 -0.19 -0.32332302 -0.32333333 -0.32292057 -0.25 -0.023333345 0.24333333 0.24333333 0.24333333 0.24333333 -0.79644866 -0.093333333
-1.4466667 -1.4466667 -1.46 -1.2233333 -0.81 -0.74 -0.56333333 -0.72333333 -0.57 -0.51336462 -0.58666667 -0.19 -0.47333333 -0.47333333 -0.16 -0.16324599 -0.39666667 -0.39673253 -0.69666667 -1.16 -1.16 -1.1385277 -0.2 -0.50666086 -0.50666667 -0.50666667 -0.22 -0.57333333 -0.57333333 -0.50666667 -0.50666667 -0.25032875 -0.42333333 -0.25333333 -0.21666667 -0.26333333 -0.36333333 -0.63 -0.79666667 -0.15720114 -0.18999995 -0.21571376 -0.26 -0.32333333 -0.32333333 -0.023333333 -0.023333333 -0.023333333 0.24333333 0.24333333 -0.44333333 -0.44333333 -0.4433332
-1.4466667 -1.4466667 -1.4033333 -1.12 -1.5566667 -0.95 -0.98 -0.24041546 -0.42666667 -0.43666667 -0.0033333333 -0.34333333 -0.19020455 -0.16 -0.16 -0.16004961 -0.59 -0.59559837 -0.69666667 -1.2366667 -1.2366667 -0.99 -0.99 -0.50666667 -0.50666667 -0.50666667 -0.57333333 -0.57333333 -0.57333333 -0.52666667 -0.52666667 -0.5266665 -0.89666667 -0.89666667 -0.55 -0.67 -0.71666667 -0.16666349 -0.30333333 -0.14666667 -0.14666667 -0.20666684 -0.26 -0.32333333 -0.080000419 -0.58 -0.73027553 -0.73333333 -0.5 -0.5 -0.44333333 -0.44333333 -0.44333333
-1.4466667 -1.4278654 -1.2824249 -1.2766666 -1.3333333 -1.4666667 -0.98 -0.24 -0.42666511 -0.43655588 -0.34333345 -0.34333333 -0.56666667 -0.16 -0.16 -0.58999999 -0.59 -0.59000607 -0.69666667 -1.2366667 -1.1882264 -0.99 -0.99 -0.50668552 -0.50666667 -0.607474 -0.81333333 -0.81333333 -0.8133333 -0.52666667 -0.52666667 -0.25333333 -0.25333333 -0.89666572 -0.55 -0.0033338466 -0.56860606 -0.16666667 -0.16666667 -0.14666667 -0.20666667 -0.20666667 -0.20666576 -0.08 -0.08 -0.58 -0.73333333 -0.73333333 -0.5 -0.5 -0.44333333 -0.44333333 -0.44333333
-0.43666667 -0.82521459 -0.78001305 -0.78360093 -1.3333341 -1.4666635 -0.98000001 -0.24910898 -0.41380342 -0.42692779 -0.56666667 -0.56666667 -0.56666667 -0.56666667 -0.16005761 -0.59 -0.59 -0.59137724 -0.69666667 -1.2364077 -0.35333333 -0.35333333 -0.35333333 -0.35333333 -0.50433279 -0.81333333 -0.81333333 -0.81333333 -0.81333333 -0.81302966 -0.25333333 -0.25333333 -0.25333333 -0.25333333 -0.0033333338 -0.0033333333 -0.0033333333 -0.15835572 -0.1616346 0.50333333 0.50333333 -0.20662848 0.46664795 -0.079947346 -0.08 -0.58 -0.73333333 -0.73333333 -0.5 -0.5 -0.44353891 -0.44333333 0.30756495
-0.43666667 -0.78 -0.78 -0.78 -0.78 -0.78000029 -0.98124574 -0.62988376 -0.37948551 -0.56651618 -0.56666667 -0.56666667 -0.56666667 -0.56666667 -0.5666669 -0.58999999 -0.59000002 -0.59731661 -0.69666407 -0.35333333 -0.35333333 -0.35333333 -0.35333333 -0.35333333 -0.34166207 -0.42824245 -0.3200001 -0.32 -0.32 -0.32 -0.25333333 -0.25333333 -0.2533335 -0.39 -0.39 -0.0033333333 0.41470911 0.42666667 0.50333329 0.50333333 0.50333333 0.50333333 0.46666667 0.46666667 0.46666667 0.45938282 0.021753685 0.026666667 0.026666667 0.026666667 0.026666657 0.57333312 0.57333333
-0.64 -0.78 -0.78 -0.78 -0.78 -0.78 -0.78000002 -0.82171542 -0.90042554 -0.90333333 -0.90333333 -0.90333333 -0.90333333 -0.90333333 -0.90333333 -0.59957634 -0.59006238 -0.60460621 -0.35337647 -0.35333333 -0.35333333 -0.35333333 -0.35333333 -0.35333324 0.18666667 0.18666667 0.18666595 -0.32 -0.32 -0.31950606 -0.073333333 -0.073333333 -0.39 -0.39 -0.39 0.29584557 0.42666667 0.42666667 0.42666667 0.50333333 0.50333333 0.50333333 0.46666667 0.46666667 0.46666667 0.46666667 0.026666667 0.026666667 0.026666667 0.026666667 0.026666667 0.57333333 0.57333333
-0.64 -0.69212041 -0.78 -0.78 -0.78 -0.78 -0.8599843 -0.86 -0.86 -0.90333333 -0.90333333 -0.90333333 -0.90333333 -0.90333333 -0.83494516 -0.59333333 -0.59333333 -0.59333333 -0.27690061 -0.27666674 -0.27666667 -0.27666667 -0.27666667 -0.27666667 0.18666667 0.18666667 0.18666667 0.18666667 -0.32 -0.073333333 -0.073333333 -0.073333333 -0.38999997 -0.39 -0.39 0.45 0.42669756 0.42666667 0.42666667 0.50331283 0.46244667 0.36707513 0.46666667 0.46666667 0.074547183 0.073333333 0.073333333 0.026705206 0.049918461 0.049999998 0.049999996 0.22338627 0.57333262
-0.64 -0.66595048 -0.72264812 -0.78 -0.78 -0.85995273 -0.86 -0.86 -0.86 -0.86031227 -0.90333333 -0.90333333 -0.90333333 -0.9033333 -0.59333333 -0.59333333 -0.59333333 -0.59333333 -0.27694954 -0.27666667 -0.27666667 -0.27666667 -0.27666667 -0.27666667 0.18666666 0.18666667 0.18666667 0.18666667 0.18572096 -0.073333333 -0.073333333 -0.073333333 0.29999999 -0.3898979 0.45 0.45 0.45 0.44362257 0.37044922 0.36666667 0.36666667 0.36666667 0.21333333 0.21333333 0.073333333 0.073333333 0.073333333 0.05 0.05 0.05 0.05 0.22333333 0.22333333
-0.66665484 -0.66666667 -0.66666667 -0.66666667 -0.62 -0.85999381 -0.86 -0.86 -0.86 -0.86 -0.90560456 -0.90333372 -0.90333333 -0.59333333 -0.59333333 -0.59333333 -0.59333333 -0.59333333 -0.58092363 -0.27666667 -0.27666667 -0.27666667 -0.27666667 -0.27666667 -0.011219655 0.063334002 0.063333333 0.063333333 0.063333333 -0.073333314 0.29999999 0.3 0.3 0.3 0.45 0.44998473 -0.13 -0.13 0.36046504 0.36666667 0.36666667 0.36666667 0.21333333 0.21333333 0.095010154 0.073333333 0.073333333 0.05 0.05 0.05 0.051858584 0.22333333 0.22333333
-0.66666667 -0.66666667 -0.66666667 -0.64469064 -0.62 -0.62 -0.86 -0.86 -0.86 -0.86 -0.93333333 -0.93333333 -0.93333333 -0.59333333 -0.59333333 -0.59333333 -0.59333333 -0.59339888 -0.79 -0.79 -0.27666688 -0.27666667 -0.28104891 -0.45666667 -0.45198533 0.063333333 0.063333333 0.063333333 0.063333333 0.2999759 0.3 0.3 0.3 0.3 -0.12999796 -0.13 -0.13 -0.13 -0.12825145 0.36666667 0.36666667 0.36666667 0.21333333 0.21333333 0.21333333 0.073333333 0.073333333 0.049999995 0.05 0.049999999 0.22333333 0.22333333 0.22333333
-0.66666667 -0.66666667 -0.66666667 -0.62 -0.62 -0.62 -0.62000037 -0.86 -0.86 -0.93325763 -0.93333333 -0.93333333 -0.93333333 -0.9331215 -0.91440422 -0.99 -0.99 -0.99 -0.79 -0.79 -0.79 -0.45666667 -0.45666667 -0.45666667 -0.45660037 -0.085281888 0.063333333 0.063333333 0.063333333 0.21590437 0.20334284 0.20333333 0.20333333 0.20333333 -0.11710409 -0.10000007 -0.1 -0.1 -0.1 -0.3265718 -0.32666667 -0.32666667 0.21333333 0.21333333 0.11333375 0.11333319 -0.29 -0.29 -0.34333333 -0.34333333 -0.34333333 0.22333333 0.076797804
-0.66666651 -0.66666667 -0.66666666 -0.62 -0.62 -0.62 -0.62 -0.76333336 -0.85961349 -0.93345424 -0.93333333 -0.93333333 -0.93333333 -0.93344453 -0.99 -0.99 -0.99 -0.98999994 -0.79 -0.79 -0.79 -0.45666667 -0.45666667 -0.45666667 -0.22 -0.22 -0.15666667 -0.15666667 -0.15666667 -0.15470275 0.20333333 0.20333333 0.20333333 0.20333333 0.051749852 -0.1 -0.1 -0.1 -0.1 -0.32666667 -0.32666667 -0.32666667 -0.31282258 0.11333333 0.11333333 0.11333333 -0.29 -0.29 -0.34333333 -0.34333333 -0.34333333 0.076666652 0.076666667
-0.61666667 -0.63657796 -0.47333333 -0.47337588 -0.62 -0.76250401 -0.76333333 -0.76333333 -0.7997712 -1.0666667 -1.0666667 -1.0666667 -1.0666667 -1.159997 -1.16 -0.99000013 -0.99 -0.98473029 -0.79 -0.79 -0.79 -0.61333333 -0.61333333 -0.61333333 -0.22 -0.22 -0.15666667 -0.15666667 -0.15666667 -0.15666652 0.04333435 0.043333783 0.19931197 0.2031618 -0.69896597 -0.7 -0.7 -0.7 -0.7 -0.32666667 -0.32666667 -0.32666667 0.089105027 0.11333333 0.11333333 0.11333323 -0.29 -0.29 -0.29000192 -0.34333333 -0.34330963 0.18666667 0.076666667
-0.63666287 -0.63666664 -0.47333333 -0.47333333 -0.47333333 -0.76333333 -0.76333333 -0.76333333 -0.86333333 -0.86333333 -1.0666667 -1.0666667 -1.0666667 -1.16 -1.16 -1.16 -1.16 -1.1599583 -0.79 -0.79 -0.78999999 -0.61333333 -0.61333333 -0.61333333 -0.22 -0.22 -0.15666667 -0.15666667 -0.15666667 0.041078319 0.043333333 0.043333333 0.043333333 0.043333333 -0.69963321 -0.7 -0.7 -0.7 -0.7 -1.1199998 -1.12 -1.12 -1.12 0.11332876 -0.48333333 -0.48333333 -0.48333333 -0.40666667 -0.40666667 -0.40666667 0.18666667 0.18666667 0.18666667
-0.63666667 -0.63666667 -0.47333333 -0.47333333 -0.47333333 -0.76180904 -0.76333333 -0.86333333 -0.86333333 -0.86333333 -1.0666416 -1.0666667 -1.3798978 -1.1600001 -1.16 -1.16 -1.16 -1.4866667 -1.4866667 -1.4866667 -1.01 -1.0099997 -0.61333527 -0.61333333 -0.61352327 -1.12 -1.12 -1.1199977 -0.15682235 -0.39324631 -0.39333101 -0.3932571 0.042587025 0.042956494 -0.56789345 -0.69999997 -0.69975424 -0.62666667 -0.62666667 -1.12 -1.12 -1.12 -1.12 -0.48333333 -0.48333333 -0.48333333 -0.48333333 -0.40666667 -0.40666667 -0.40666667 0.18666667 0.18666667 0.18666667
-0.63666667 -0.63666667 -0.47333333 -0.47333333 -0.47333333 -0.47333333 -0.80076041 -0.86333333 -0.86333333 -0.86333333 -0.8636574 -1.45 -1.45 -1.45 -1.161709 -1.16 -1.4844898 -1.4866667 -1.4866667 -1.4866667 -1.01 -1.01 -1.01 -1.01 -1.12 -1.12 -1.12 -1.12 -1.12 -0.39333333 -0.39333333 -0.39333333 -0.39333333 -0.39333393 -0.67666667 -0.62666667 -0.62666667 -0.62666667 -0.62666667 -0.62666771 -0.88 -0.88 -0.88 -0.84311794 -0.76666667 -0.76666667 -0.76666667 -0.40666668 -0.40666633 -0.063333333 -0.063333333 -0.19324089 -0.19333333
-0.63666667 -0.63666667 -0.5322852 -0.47333333 -0.47333333 -0.47333336 -1.5620912 -0.86553935 -0.86333333 -0.86333333 -1.45 -1.45 -1.45 -1.45 -1.45 -1.4262351 -1.4866667 -1.4866667 -1.4866667 -1.4866667 -1.0100037 -1.01 -1.01 -1.01 -1.12 -1.12 -1.12 -1.12 -1.12 -0.5657565 -0.39333333 -0.39333333 -0.39333333 -0.67666667 -0.67666667 -0.67662784 -0.62666667 -0.62666667 -0.52724246 -0.45000002 -0.88 -0.88 -0.88 -0.84265742 -0.76666667 -0.76666667 -0.76666667 -0.60666667 -0.070103214 -0.063333333 -0.063333333 -0.19333333 -0.19333333
-1.38 -1.38 -1.38 -0.70065959 -0.47508518 -1.5633333 -1.5633333 -1.5633333 -1.5633333 -1.56 -1.56 -1.45 -1.45 -1.45 -1.45 -1.4500023 -1.4866667 -1.4866667 -1.4866667 -1.4866667 -1.2180019 -1.01 -1.01 -1.0119192 -1.0849661 -1.12 -1.12 -1.12 -0.62666667 -0.62666667 -0.62666667 -0.62666569 -0.67666667 -0.67666667 -0.67666667 -0.67666667 -0.45 -0.45 -0.45 -0.45 -0.77 -0.77 -0.77 -0.50333869 -0.50333333 -0.50333333 -0.50333342 -0.60666667 -0.60666667 -0.063995355 -0.063333333 -0.19333434 -0.19333333
-1.38 -1.38 -1.38 -1.3800154 -1.6666667 -1.6516403 -1.5633333 -1.5633333 -1.5633333 -1.56 -1.56 -1.56 -1.8166667 -1.8166667 -1.8166667 -1.8166666 -1.4859828 -1.4866667 -1.4866667 -1.4866667 -1.4794427 -1.0833331 -1.0833333 -1.0833333 -1.0833333 -1.0833333 -0.43666667 -0.43666667 -0.62666667 -0.62666667 -0.62666667 -0.62666667 -0.67666662 -0.67666667 -0.67666667 -0.67666178 -0.45 -0.45 -0.45 -0.44928348 -0.77 -0.77 -0.77 -0.5033457 -0.50333333 -0.50333333 -0.50333333 -0.60666667 -0.60666667 -0.60666664 -0.39333333 -0.39333333 -0.12666667
-1.38 -1.38 -1.38 -1.666666 -1.6666667 -1.6666667 -1.5633334 -1.5633333 -1.5633333 -1.56 -1.56 -1.56 -1.8166667 -1.8166667 -1.8166667 -1.7631011 -1.1133333 -1.1133333 -1.1133343 -1.484558 -1.0833333 -1.0833333 -1.0833333 -1.0833333 -1.0833333 -1.0828467 -0.43666667 -0.43666667 -0.43666667 -0.62666667 -0.62666667 -0.6265079 -0.61666667 -0.61666667 -0.61666667 -0.24666667 -0.24666667 -0.28666667 -0.28666667 -0.28666667 -0.28 -0.7698463 -0.76999373 0.07 0.07 0.048271318 -0.50333199 -0.60666667 -0.60666667 -0.39333333 -0.39333333 -0.39333333 -0.12666667
