interpolatedSpi/07-09|20_3.tif
NCOLS 53
NROWS 52
XLLCORNER -116.03883
YLLCORNER 28.596182
DX 0.49850594
DY 0.49788537
NODATA_VALUE -9999
[rows 0 to 31 of 52, columns 0 to 52 of 53]
0.20333333 0.20333333 0.11613391 -0.42666667 0.37666667 0.62666667 0.96333333 1.64 0.58168436 0.15666667 0.11333333 0.80666667 0.71337917 1.27 1.3766667 1.3766667 1.3766667 0.41666667 0.43333333 0.43333333 0.43333333 0.43333815 0.93333333 0.62 0.62 0.62 1.3766664 1.3766667 1.3766667 0.39666667 0.39666667 0.39666667 0.39666667 0.9199999 0.92 0.92 0.92 0.92 0.92 0.92000002 1.5828594 1.5900989 1.98 1.98 1.98 1.98 1.981078 2.64 2.64 2.64 2.0933345 2.0933333 2.0933333
0.20333008 0.13 0.35333387 0.49553976 0.72998531 1.0433333 0.96666667 1.0101595 0.59 0.80333333 0.68333333 0.71333333 0.71333333 1.4493998 1.2700031 1.3766667 0.41666667 0.41666667 0.4333116 0.43333333 0.43333333 0.43333333 0.57087205 0.62 0.62 0.62 0.69999999 0.7 0.39666667 0.39666667 0.39666667 0.39666667 0.39666667 0.91999992 0.92 0.92 0.92 0.92 0.91999997 0.81748545 0.29670307 1.7757409 1.98 1.98 1.98 1.98 1.98 2.64 2.64 2.64 2.5946699 2.0933333 2.0933333
0.79998283 0.8 0.81666667 1.3366667 1.2833333 0.77666667 1.1333333 0.86 1.6033333 1.12 1.2 1.0333333 -0.47 1.0266667 1.45 1.9966667 0.41666667 0.41666667 0.41666667 -0.029865308 -0.03 -0.03 -0.31333333 0.62 0.62 0.62 0.7 0.7 0.7 0.39666667 0.39666667 0.39666663 0.074128622 0.91805588 0.91568736 0.46091241 0.45666667 0.45666667 0.43654288 0.29666667 0.29666667 0.29881923 1.98 1.98 1.98 1.98 1.98 2.64 2.64 2.64 2.64 2.0933333 2.0933333
-0.12666667 0.79999988 0.22664982 0.80666667 0.34666667 1.1733333 1.76 0.53333333 1.2466667 1.2101616 1.8933333 1.8866667 1.3833333 1.0266667 1.1933333 1.9966667 -0.4015102 -0.41941378 0.15666667 -0.03 -0.03 -0.52333333 -0.31333333 -0.31333333 0.62 0.6200004 0.7 0.7 0.7 0.11 -0.10032646 -0.27333333 -0.27333333 -0.27333275 0.45666667 0.45666667 0.45666667 0.45666667 0.29666667 0.29666667 0.29666667 0.29666673 1.98 1.98 1.98 1.98 1.98 2.6399917 2.64 2.64 2.64 2.0932392 2.0933333
-0.12666667 -0.12999935 0.22666667 0.57195583 0.34666667 1.46 1.4166837 0.71333333 0.31333333 1.0166665 1.1680101 1.2400754 1.7666667 1.1933333 1.1933333 1.6928732 -0.42 -0.42 0.15666667 0.15666667 -0.03000101 -0.52333333 -0.31666667 -0.19666667 -0.49333333 -0.49329951 0.7 0.7 0.11 0.11 -0.27333333 -0.27333333 -0.27333333 -0.082874505 0.45666667 0.45666667 0.45666667 0.29666667 0.29666667 0.29666667 0.29666667 0.29673424 1.98 1.98 1.98 1.98 1.98 1.9858748 2.64 2.6398462 -0.79 -0.79 -0.79
-0.79 -0.07 0.40333332 0.43666667 1.3766667 1.2666667 0.69333333 0.69589391 0.76 0.68333333 1.2366667 -0.16333333 -0.16333206 0.58333333 0.58333333 -0.17332448 -0.17333333 -0.40333333 -0.40333333 0.15666641 -0.76333333 -0.76333333 -0.19666667 -0.49333333 -0.49333333 -0.35 -0.43333333 -0.43333333 0.37997584 0.11 -0.27333333 -0.27333333 0.73666667 0.73660815 0.17670687 0.71666667 0.71666667 0.42660325 0.29666667 0.29666667 0.99579362 0.99666667 0.99666749 -0.017439429 -0.053108608 -0.053332791 -0.053333264 -0.053332567 0.0054743718 -0.79 -0.79 -0.79 -0.79
-1.1933324 -0.70333333 -0.87365236 0.13 0.93 0.54 0.84666667 1.1033333 0.56 0.56 1.2366667 -0.066666667 0.33333305 0.58333333 -0.13666451 -0.13666667 -0.17333333 -0.016666667 -0.14 -0.14 -0.85758631 -0.96333333 -0.96333333 -0.95999999 -0.35 -0.35 -0.43333333 -0.43333333 0.38001573 0.38028969 0.58686087 0.73666667 0.73666667 0.17666667 0.17666667 -0.2092214 0.71666667 0.71666667 -1.2899304 0.99666348 0.99666667 0.99666667 0.99666939 -0.05333127 -0.053333333 -0.053333333 -0.053333333 -0.053333272 0.05 -0.78983353 -0.79 -0.79 -0.79
-1.1933333 -1.4366667 -0.84666667 -1.1566667 -1.6166403 -0.36 0.28 -0.10999998 -0.14333333 -0.32666667 -0.32666667 -0.78666667 0.33333333 0.33333333 -0.13344203 0.13352457 0.16 -0.16666667 -0.29666651 -0.14 -0.14342182 -0.063333333 -0.62 -1.1933333 -1.1933354 -1.3566667 -1.04 -1.0399998 0.64905388 0.65 0.58666667 0.25747719 0.093333333 0.17666667 0.15670182 -0.98333333 -0.98333333 -1.29 -1.29 0.99666667 0.99666667 0.99666667 0.31462826 0.31666665 -0.053333333 -0.053333333 -0.053333333 0.049996067 0.05 0.05 -0.79 -0.79 -0.79
-1.4457696 -1.4366667 -1.2733333 -1.3633333 -0.12666667 -0.44666667 -0.29333333 0.22 0.61 0.27773433 -0.0033333333 -0.19666666 -0.19666667 -0.98 -0.9799921 -0.32531029 -0.32666667 -0.32666667 -0.18651137 -1.0833333 -1.0066667 -1.0066667 0.04 -0.35990486 -1.340207 -1.3566667 -0.88 -1.04 -0.75168519 -0.75 0.30333333 1.6566667 1.1647604 -0.2 -0.52333333 -0.77 -0.66666667 -0.77333333 -1.2697707 0.99827363 1.3566667 -0.11 0.31662379 0.31666667 0.31458411 -0.053333333 -0.34666665 0.049999996 0.05 0.05 0.049999995 -0.86138426 -0.19666667
-1.4966667 -1.4966667 -1.2533333 -1.1366667 -0.11 0.26333333 -0.016666667 0.02 0.49666667 0.19330781 -0.21 -0.23 -0.98 -0.98 -0.14 -0.14256022 -0.32666667 -0.32680455 -0.98666667 -1.0833333 -1.0833333 -1.0734561 0.04 -0.44665745 -0.44666667 -0.44666667 -0.88 -0.25666667 -0.25666667 -0.75 -0.75 1.6548143 0.68 -0.2 -0.02 -0.77 -0.66666667 -1.07 -1.27 0.77301024 -0.10999994 -0.050001233 0.053333333 0.31666667 0.31666667 -0.34666667 -0.34666667 -0.34666667 0.05 0.05 -1.3633333 -1.3633333 -1.3633329
-1.4966667 -1.4966667 -1.3033333 -1.0633333 -1.0033333 -0.60666667 -0.64666666 -0.10336795 -0.093333333 -0.18 0.17666667 0.16666667 -0.22947303 -0.14 -0.14 -0.14003499 -0.44333333 -0.47185002 -0.98666667 -0.2 -0.2 -0.063333333 -0.063333333 -0.44666667 -0.44666667 -0.44666667 -0.25666667 -0.25666667 -0.25666667 -0.61333333 -0.61333333 -0.6133312 -0.45333333 -0.45333333 -0.03 -0.89666667 -0.75 0.47666664 -0.74333333 0.80666667 0.80666667 0.66999797 0.053333333 0.31666667 -0.40666695 -0.97 -1.1399023 -1.1433333 -1.2766667 -1.2766667 -1.3633333 -1.3633333 -1.3633333
-1.4966667 -1.4131012 -1.2009168 -1.1033338 -0.99666667 -0.97 -0.64666667 -0.10333333 -0.093333417 -0.17903984 0.16666622 0.16666667 -0.49333333 -0.14 -0.14 -0.44333332 -0.44333333 -0.44336426 -0.98666667 -0.2 -0.17316145 -0.063333333 -0.063333333 -0.44665148 -0.44666667 -0.54856973 -0.75666667 -0.75666667 -0.7566666 -0.61333333 -0.61333333 -0.34 -0.34 -0.45333217 -0.03 0.85333246 -0.55383255 0.47666667 0.47666667 0.80666666 0.67 0.67 0.66999212 -0.40666667 -0.40666667 -0.97 -1.1433333 -1.1433333 -1.2766667 -1.2766667 -1.3633333 -1.3633333 -1.3633333
-0.16333333 -0.23467222 -0.14670111 -0.15359928 -0.99666654 -0.97000063 -0.64666668 -0.11002145 -0.094022436 -0.095596431 -0.49333333 -0.49333333 -0.49333333 -0.49333333 -0.14005005 -0.44333333 -0.44333333 -0.45034863 -0.98666667 -0.20003968 -0.32 -0.32 -0.32 -0.32 -0.44478662 -0.75666667 -0.75666667 -0.75666667 -0.75666667 -0.75651022 -0.34 -0.34 -0.34 -0.34 0.85333333 0.85333333 0.85333333 0.49482443 0.48207426 1.1966667 1.1966667 0.67002833 0.56996657 -0.4065726 -0.40666667 -0.97 -1.1433333 -1.1433333 -1.2766667 -1.2766667 -1.3630189 -1.3633333 -0.46350022
-0.16333333 -0.14666667 -0.14666667 -0.14666667 -0.14666667 -0.14666701 -0.64749432 -0.38958026 -0.095860919 -0.49290473 -0.49333333 -0.49333333 -0.49333333 -0.49333333 -0.49333342 -0.44333333 -0.44333342 -0.48060229 -0.98665694 -0.32 -0.32 -0.32 -0.32 -0.32 -0.32151487 -0.56706423 -0.49333339 -0.49333333 -0.49333333 -0.49333333 -0.34 -0.34 -0.33999986 -0.22333333 -0.22333333 0.85333333 1.0218466 1.0266667 1.1966666 1.1966667 1.1966667 1.1966667 0.57 0.57 0.57 0.559283 -0.38824216 -0.38333333 -0.38333333 -0.38333333 -0.38333335 0.47333295 0.47333333
-0.15666667 -0.14666667 -0.14666667 -0.14666667 -0.14666667 -0.14666667 -0.1466667 -0.499078 -0.61714917 -0.62 -0.62 -0.62 -0.62 -0.62 -0.62 -0.49587838 -0.44417513 -0.51773381 -0.32008364 -0.32 -0.32 -0.32 -0.32 -0.3200004 -0.39 -0.39 -0.39000015 -0.49333333 -0.49333333 -0.49348018 -0.56666667 -0.56666667 -0.22333333 -0.22333333 -0.22333333 0.82643019 1.0266667 1.0266667 1.0266667 1.1966667 1.1966667 1.1966667 0.57 0.57 0.57 0.57 -0.38333333 -0.38333333 -0.38333333 -0.38333333 -0.38333333 0.47333333 0.47333333
-0.15666667 -0.15294378 -0.14666667 -0.14666667 -0.14666667 -0.14666667 -0.44994047 -0.45 -0.45 -0.62 -0.62 -0.62 -0.62 -0.62 -0.59205645 -0.49333333 -0.49333333 -0.49333333 -0.66228766 -0.66333298 -0.66333333 -0.66333333 -0.66333333 -0.66333333 -0.39 -0.39 -0.39 -0.39 -0.49333333 -0.56666667 -0.56666667 -0.56666667 -0.22333336 -0.22333333 -0.22333333 0.83666667 1.0264151 1.0266667 1.0266667 1.1965707 1.0051974 0.55857949 0.57 0.57 -0.0082100858 -0.01 -0.01 -0.38212225 0.35075902 0.35333327 0.35333319 0.60664642 0.4733336
-0.15666667 0.054181081 -0.042083819 -0.14666667 -0.14666667 -0.44982078 -0.45 -0.45 -0.45 -0.45122507 -0.62 -0.62 -0.62 -0.61999998 -0.49333333 -0.49333333 -0.49333333 -0.49333333 -0.66318148 -0.66333333 -0.66333333 -0.66333333 -0.66333333 -0.66333333 -0.39000001 -0.39 -0.39 -0.39 -0.3906426 -0.56666667 -0.56666667 -0.56666667 0.086666651 -0.22321803 0.83666667 0.83666667 0.83666667 0.82601801 0.58639842 0.55666667 0.55666667 0.55666667 0.18666667 0.18666667 -0.01 -0.01 -0.01 0.35333333 0.35333333 0.35333333 0.35333333 0.60666667 0.60666667
0.05998581 0.06 0.06 0.059999996 -0.31333333 -0.44999647 -0.45 -0.45 -0.45 -0.45 -0.63615101 -0.62000278 -0.62000001 -0.49333333 -0.49333333 -0.49333333 -0.49333333 -0.49333333 -0.56221347 -0.66333333 -0.66333333 -0.66333333 -0.66333333 -0.66333333 -0.35772964 -0.073335049 -0.073333333 -0.073333333 -0.073333333 -0.56666663 0.086666655 0.086666667 0.086666667 0.086666667 0.83666667 0.83664112 -0.13333333 -0.13333333 0.54805099 0.55666667 0.55666667 0.55666667 0.18666667 0.18666667 0.020450772 -0.01 -0.01 0.35333333 0.35333333 0.35333333 0.35604973 0.60666667 0.60666667
0.06 0.06 0.06 -0.11580824 -0.31333333 -0.31333333 -0.45 -0.45 -0.45 -0.45 -0.83333333 -0.83333333 -0.83333333 -0.49333333 -0.49333333 -0.49333333 -0.49333333 -0.4934077 -1.3733333 -1.3733333 -0.66333362 -0.66333333 -0.66617368 -0.78 -0.77363819 -0.073333333 -0.073333333 -0.073333333 -0.073333333 0.086650374 0.086666667 0.086666667 0.086666667 0.086666667 -0.13332992 -0.13333333 -0.13333333 -0.13333333 -0.13087817 0.55666667 0.55666667 0.55666667 0.18666667 0.18666667 0.18666667 -0.01 -0.01 0.35333332 0.35333333 0.35333333 0.60666667 0.60666667 0.60666667
0.06 0.06 0.06 -0.31333333 -0.31333333 -0.31333333 -0.31333354 -0.45 -0.45 -0.83293762 -0.83333333 -0.83333333 -0.83333333 -0.8331215 -0.85757342 -0.94333333 -0.94333333 -0.94333334 -1.3733333 -1.3733333 -1.3733333 -0.78 -0.78 -0.78 -0.77993557 -0.32335659 -0.073333333 -0.073333333 -0.073333334 0.54645039 0.6566106 0.65666667 0.65666667 0.65666667 0.072553607 0.35999888 0.36 0.36 0.36 -0.1365718 -0.13666667 -0.13666667 0.18666667 0.18666667 0.37999919 0.37999985 -0.053333333 -0.053333333 0.083333333 0.083333333 0.083333333 0.60666667 0.43348831
0.060001448 0.06 0.059999987 -0.31333333 -0.31333333 -0.31333333 -0.31333334 -0.55666664 -0.45042649 -0.83303107 -0.83333333 -0.83333333 -0.83333333 -0.83354918 -0.94333333 -0.94333333 -0.94333333 -0.94333346 -1.3733333 -1.3733333 -1.3733333 -0.78 -0.78 -0.78 -0.55 -0.55 -0.35333334 -0.35333333 -0.35333333 -0.34782347 0.65666667 0.65666667 0.65666667 0.65666667 0.50841466 0.36 0.36 0.36 0.36 -0.13666667 -0.13666667 -0.13666667 -0.12041036 0.38 0.38 0.38 -0.053333333 -0.053333333 0.083333333 0.083333333 0.083333333 0.43333332 0.43333333
0.52666667 0.29164817 -0.41333333 -0.41330432 -0.31333333 -0.55525875 -0.55666667 -0.55666667 -0.4412801 -0.49999999 -0.5 -0.5 -0.5 -1.2766414 -1.2766667 -0.94333359 -0.94333333 -0.9546632 -1.3733333 -1.3733333 -1.3733333 -1.26 -1.26 -1.26 -0.55 -0.55 -0.35333333 -0.35333333 -0.35333333 -0.35333273 0.47666781 0.47666717 0.65214264 0.65647369 -0.43874409 -0.44 -0.44 -0.44 -0.44 -0.13666667 -0.13666667 -0.13666667 0.35154986 0.38 0.38 0.37999983 -0.053333333 -0.053333333 -0.053328414 0.083333333 0.083349431 0.44333333 0.43333333
0.15007153 0.1499999 -0.41333333 -0.41333333 -0.41333333 -0.55666667 -0.55666667 -0.55666667 -0.24 -0.24 -0.5 -0.5 -0.5 -1.2766667 -1.2766667 -1.2766667 -1.2766667 -1.2766761 -1.3733333 -1.3733333 -1.3733333 -1.26 -1.26 -1.26 -0.55 -0.55 -0.35333333 -0.35333333 -0.35333333 0.46730836 0.47666667 0.47666667 0.47666667 0.47666667 -0.43954768 -0.44 -0.44 -0.44 -0.44 -1.4199997 -1.42 -1.42 -1.42 0.37999251 -0.59666667 -0.59666667 -0.59666667 0.21666667 0.21666667 0.21666667 0.44333333 0.44333333 0.44333333
0.15 0.15 -0.41333333 -0.41333333 -0.41333333 -0.55591328 -0.55666667 -0.24 -0.24 -0.24 -0.49996799 -0.5 -1.1782135 -1.2766667 -1.2766667 -1.2766667 -1.2766667 -2.07 -2.07 -2.07 -1.7066667 -1.7066663 -1.2600022 -1.26 -1.2599587 -1.5266667 -1.5266667 -1.5266639 -0.35352295 0.17339378 0.17333495 0.17338629 0.47614824 0.47640489 -0.27693647 -0.44000022 -0.44189903 -1.0066667 -1.0066667 -1.42 -1.42 -1.42 -1.42 -0.59666667 -0.59666667 -0.59666667 -0.59666667 0.21666667 0.21666667 0.21666667 0.44333333 0.44333333 0.44333333
0.15 0.15 -0.41333333 -0.41333333 -0.41333333 -0.41333333 -0.43814758 -0.24 -0.24 -0.24 -0.2406021 -1.33 -1.33 -1.33 -1.276981 -1.2766667 -2.0647134 -2.07 -2.07 -2.07 -1.7066667 -1.7066667 -1.7066667 -1.7066667 -1.5266667 -1.5266667 -1.5266667 -1.5266667 -1.5266667 0.17333333 0.17333333 0.17333333 0.17333333 0.17333225 -0.34 -1.0066667 -1.0066667 -1.0066667 -1.0066667 -1.0066689 -1.65 -1.65 -1.65 -1.4015988 -0.88666667 -0.88666667 -0.88666667 0.21666663 0.21666647 0.013333333 0.013333333 -0.11653043 -0.11666667
0.15 0.15 -0.21000956 -0.41333333 -0.41333333 -0.41333335 -1.338048 -0.24346659 -0.24 -0.24 -1.33 -1.33 -1.33 -1.33 -1.33 -1.3257385 -2.07 -2.07 -2.07 -2.07 -1.7066695 -1.7066667 -1.7066667 -1.7066667 -1.5266667 -1.5266667 -1.5266667 -1.5266667 -1.5266667 -0.37349442 0.17333333 0.17333333 0.17333333 -0.34 -0.34 -0.34051768 -1.0066667 -1.0066667 -0.81157011 -0.66000003 -1.65 -1.65 -1.65 -1.40357 -0.88666667 -0.88666667 -0.88666667 -0.21 0.010550622 0.013333333 0.013333333 -0.11666667 -0.11666667
-1.31 -1.31 -1.31 -0.63815231 -0.41600309 -1.34 -1.34 -1.34 -1.34 -1.3433333 -1.3433333 -1.33 -1.33 -1.33 -1.33 -1.3300469 -2.07 -2.07 -2.07 -2.07 -1.8652135 -1.7066667 -1.7066667 -1.7044858 -1.6190289 -1.5266667 -1.5266667 -1.5266667 -0.56666667 -0.56666667 -0.56666667 -0.56666356 -0.34 -0.34 -0.34 -0.34 -0.66 -0.66 -0.66 -0.66 -1.1666667 -1.1666667 -1.1666667 -0.5500124 -0.55 -0.55 -0.55000011 -0.21 -0.21 0.013061214 0.013333333 -0.11666638 -0.11666667
-1.31 -1.31 -1.31 -1.3100503 -2.2433333 -2.1119738 -1.34 -1.34 -1.34 -1.3433333 -1.3433333 -1.3433333 -1.4 -1.4 -1.4 -1.4 -2.0688643 -2.07 -2.07 -2.07 -2.064486 -1.6233336 -1.6233333 -1.6233333 -1.6233333 -1.6233333 -0.84000001 -0.84 -0.56666667 -0.56666667 -0.56666667 -0.56666667 -0.34000002 -0.34 -0.34 -0.34000244 -0.65999997 -0.66 -0.66 -0.6550575 -1.1666667 -1.1666667 -1.1666667 -0.5500286 -0.55 -0.55 -0.55 -0.21 -0.21 -0.20999998 -0.06 -0.06 -0.18333333
-1.31 -1.31 -1.31 -2.2433312 -2.2433333 -2.2433333 -1.3400003 -1.34 -1.34 -1.3433333 -1.3433333 -1.3433333 -1.4 -1.4 -1.4 -1.403808 -1.45 -1.45 -1.4500016 -2.0664981 -1.6233333 -1.6233333 -1.6233333 -1.6233333 -1.6233333 -1.6227438 -0.84 -0.84 -0.84 -0.56666667 -0.56666667 -0.5665079 -0.37 -0.37 -0.37 0.80666666 0.80666666 0.46666667 0.46666667 0.46666667 0.55333333 -1.1661272 -1.1666547 0.44 0.44 0.40248013 -0.54999681 -0.21 -0.21 -0.06 -0.06 -0.06 -0.18333333
-1.31 -1.31 -1.31 -2.2433333 -2.2433333 -2.2433333 -2.2433333 -1.34 -1.34 -1.3433333 -1.3433333 -1.3977342 -1.4 -1.4 -1.4 -1.45 -1.45 -1.45 -1.45 -1.45 -1.6233333 -1.6233333 -1.6233333 -1.6233333 -1.6233333 -0.84000267 -0.84 -0.84 -0.84 -0.32 -0.32 -0.32 -0.37 -0.37 -0.37 0.80666667 0.80666667 0.46666667 0.46666667 0.55333333 0.55333333 0.55333333 0.44 0.44 0.44 0.44 0.44191677 0.46333333 0.46333333 0.46333333 -0.059999995 0.2 0.2
-1.31 -1.31 -1.3112997 -2.2433333 -2.2433333 -2.2433333 -2.2433333 -2.1354387 -2.13 -2.1286494 -1.3433333 -1.3999941 -1.4 -1.4 -1.4000002 -1.45 -1.45 -1.45 -1.45 -1.45 -0.61638683 -1.6233333 -1.6233333 -1.6233333 -1.6231672 -0.83999869 -0.84 -0.84 -0.84 -0.32 -0.32 -0.32 -0.32000266 -0.37 0.80666667 0.80666667 0.80666667 0.80665254 0.46667258 0.55333333 0.55333333 0.55333333 0.44000688 0.44 0.44 0.44 0.46333096 0.46333333 0.46333333 0.46333333 0.2 0.2 0.2
-2.6966667 -2.6966642 -2.2428585 -2.2433333 -2.2433333 -2.2433333 -2.1300241 -2.13 -2.13 -2.13 -1.33 -1.33 -1.33 -1.33 -1.4494462 -1.45 -1.45 -1.45 -1.45 -0.57333386 -0.57333333 -0.57333333 -0.8166668 -0.81666667 -0.81666667 -0.81666667 -0.81868063 -0.84 0.23662257 0.23666667 0.23666667 0.23666667 0.23666667 0.61666667 0.61666667 0.61666667 0.61666667 0.61666667 0.023333333 0.023333333 0.023333333 0.023333333 0.023333334 0.22698825 0.22666667 0.22666667 0.22666667 0.46333333 0.46333333 0.46333333 0.20004149 0.2 0.2
