interpolatedSpi/07-07|20_2.tif
NCOLS 53
NROWS 52
XLLCORNER -116.03883
YLLCORNER 28.596182
DX 0.49850594
DY 0.49788537
NODATA_VALUE -9999
1.075 1.075 0.70811966 0.215 1.07 0.97 1.795 1.705 0.90657207 0.98 0.995 0.94 0.59007823 1.54 1.39 1.39 1.39 0.85 0.96 0.96 0.96 0.96000188 1.155 0.715 0.715 0.715 1.9099976 1.91 1.91 0.97 0.97 0.97 0.97 1.3899999 1.39 1.39 1.39 1.39 1.39 1.39 1.9390845 1.9450925 2.31 2.31 2.31 2.31 2.3103675 2.535 2.535 2.535 2.2900005 2.29 2.29 
1.0749842 0.72 0.97500071 1.0888721 1.0900248 1.47 1.38 1.5951483 1.365 0.775 0.535 0.59 0.59 1.2410003 1.5399951 1.39 0.85 0.85 0.95985657 0.96 0.96 0.96 0.70736762 0.715 0.715 0.715 0.81499999 0.815 0.97 0.97 0.97 0.97 0.97 1.3899999 1.39 1.39 1.39 1.39 1.3899999 1.2025608 0.2750495 2.0630689 2.31 2.31 2.31 2.31 2.31 2.535 2.535 2.535 2.5146844 2.29 2.29 
1.7399724 1.74 1.59 1.7 1.42 1.175 1.095 1.165 1.49 0.68 0.825 0.355 0.15 0.57 1.24 1.585 0.85 0.85 0.85 0.82503924 0.825 0.825 0.57 0.715 0.715 0.715 0.815 0.815 0.815 0.97 0.97 0.96999997 0.62579895 1.3868712 1.3799475 0.31989655 0.31 0.31 0.30559792 0.275 0.275 0.27760225 2.31 2.31 2.31 2.31 2.31 2.535 2.535 2.535 2.535 2.29 2.29 
0.615 1.7399999 1.1549824 1.275 0.735 1.46 1.895 0.355 1.195 0.84067863 1 0.905 0.565 0.57 1.12 1.585 0.51822477 0.51023822 0.94 0.825 0.825 0.27 0.57 0.57 0.715 0.7150005 0.815 0.815 0.815 -0.155 0.069957868 0.255 0.255 0.25500005 0.31 0.31 0.31 0.31 0.275 0.275 0.275 0.27500008 2.31 2.31 2.31 2.31 2.31 2.5349972 2.535 2.535 2.535 2.289935 2.29 
0.615 0.47000126 1.155 1.1327016 0.735 1.865 1.2100796 1.225 0.56 1.2150001 0.91611506 0.77514324 1.775 1.12 1.12 1.414241 0.51 0.51 0.94 0.94 0.82499886 0.27 0.705 0.61 0.03 0.030007214 0.815 0.815 -0.155 -0.155 0.255 0.255 0.255 0.31062916 0.31 0.31 0.31 0.275 0.275 0.275 0.275 0.27504006 2.31 2.31 2.31 2.31 2.31 2.3120028 2.535 2.5348998 0.3 0.3 0.3 
-0.225 0.575 0.735 1.015 1.99 2.29 1.465 1.4342731 1.485 1.415 1.45 0.595 0.59500078 0.775 0.775 0.27006157 0.27 0.435 0.435 0.93999945 -0.08 -0.08 0.61 0.03 0.03 0.06 -0.975 -0.975 0.62492948 -0.155 0.255 0.255 0.55 0.55002664 0.80498168 0.77 0.77 0.42813955 0.275 0.275 0.68948241 0.69 0.68999863 0.57615709 0.54519507 0.54500047 0.54500006 0.54500065 -0.39828052 0.3 0.3 0.3 0.3 
-0.24499888 0.22 0.12788089 0.975 2.065 1.305 1.33 1.55 2 2 1.45 0.655 0.43499981 0.775 0.52500075 0.525 0.27 0.66 0.315 0.315 -0.056436755 -0.03 -0.03 -1.28 0.06 0.06 -0.975 -0.975 0.6250134 0.62524677 0.96964387 0.55 0.55 0.805 0.805 -0.014281657 0.77 0.77 -0.83994419 0.68999787 0.69 0.69 0.68999307 0.54500293 0.545 0.545 0.545 0.5449993 -0.62 0.29981768 0.3 0.3 0.3 
-0.245 -0.22 0.225 0.13 -0.51996274 0.535 1.06 1.205 1.02 0.535 0.535 -0.325 0.435 0.435 0.52438252 0.38838645 0.375 0.54 0.20000012 0.315 -0.43509068 -0.385 -0.73 -1.425 -1.4249986 -1.315 -1.695 -1.6949997 0.85419405 0.855 0.97 0.90608885 0.91 0.805 0.7644999 -0.67 -0.67 -0.83999999 -0.84 0.69 0.69 0.68999999 1.0630341 1.07 0.545 0.545 0.545 -0.61995566 -0.62 -0.62 0.3 0.3 0.3 
-0.24806737 -0.22 -0.13 -0.305 0.945 0.465 0.415 1.34 1.535 1.2000762 0.375 0.33 0.33 -0.64 -0.63999229 0.070850061 0.07 0.07 0.48809847 -0.4900001 -0.975 -0.97499999 -0.26 -0.54478073 -1.3260851 -1.315 -1.28 -1.695 -0.48706037 -0.48 0.905 2.97 2.3253173 -0.18 -0.615 -1.03 -0.685 -0.645 -1.0348199 0.68743333 0.115 -0.0049999997 1.0699243 1.07 1.067045 0.545 -0.55499994 -0.62 -0.62 -0.62 -0.62 0.014255434 -0.025 
-0.405 -0.405 -0.01 -0.02 1.01 1.505 0.855 1.01 1.725 1.1150086 0.585 0.095 -0.64 -0.64 0.18 0.1784913 0.07 0.069899604 -0.43 -0.49 -0.49 -0.55248425 -0.26 -0.5399947 -0.54 -0.54 -1.28 0.41 0.41 -0.48 -0.48 2.9675723 1.69 -0.18 -0.005 -1.03 -0.685 -0.675 -1.035 1.4244825 -0.0049999947 0.21907703 0.605 1.07 1.07 -0.555 -0.555 -0.555 -0.62 -0.62 -1.995 -1.995 -1.9949993 
-0.405 -0.405 -0.18 -0.095 0.39 0.445 0.37000001 0.56027524 0.695 0.49 0.415 -0.04 0.094819186 0.18 0.18 0.17999769 0.16 0.12903403 -0.43 0.805 0.805 0.275 0.275 -0.54 -0.54 -0.54 0.41 0.41 0.41 -0.545 -0.545 -0.54499632 -0.155 -0.155 -0.025 -0.75 -0.36 0.83499404 -1.07 1.465 1.465 1.1849981 0.605 1.07 -0.77499975 -0.905 -0.79396638 -0.795 -1.65 -1.65 -1.995 -1.995 -1.995 
-0.405 -0.30780733 -0.14372747 -0.06999992 0.13 0.225 0.37 0.56 0.69499887 0.49227115 -0.03999931 -0.04 0.33 0.18 0.18 0.16 0.16 0.15996642 -0.43 0.805 0.70091878 0.275 0.275 -0.53996727 -0.54 -0.49726646 -0.41 -0.41 -0.4099999 -0.545 -0.545 -0.7 -0.7 -0.15499964 -0.025 0.39499964 -0.28062426 0.835 0.835 1.465 1.185 1.185 1.1849857 -0.775 -0.775 -0.905 -0.795 -0.795 -1.65 -1.65 -1.995 -1.995 -1.995 
0.59 0.93092011 1.0249582 1.0170664 0.13000057 0.22499776 0.37 0.55766121 0.68569712 0.6896469 0.33 0.33 0.33 0.33 0.18002125 0.16 0.16 0.15238216 -0.43 0.80481426 0.19 0.19 0.19 0.19 -0.52754355 -0.41 -0.41 -0.41 -0.41 -0.41016034 -0.7 -0.7 -0.7 -0.7 0.395 0.395 0.395 0.81296798 0.83496245 0.83 0.83 1.1849809 -0.30001626 -0.77495425 -0.775 -0.905 -0.795 -0.795 -1.65 -1.65 -1.9937484 -1.995 -1.2520357 
0.59 1.025 1.025 1.025 1.025 1.0249997 0.36962884 0.45991845 0.66087786 0.33038801 0.33 0.33 0.33 0.33 0.33000023 0.16 0.15999991 0.11953003 -0.42998977 0.19 0.19 0.19 0.19 0.19 0.16708384 -0.62710318 -0.70499994 -0.705 -0.705 -0.705 -0.7 -0.7 -0.70000032 -0.965 -0.965 0.395 0.26861508 0.265 0.82999967 0.83 0.83 0.83 -0.3 -0.3 -0.3 -0.30421025 -1.1377782 -1.14 -1.14 -1.14 -1.14 -0.37500033 -0.375 
0.82 1.025 1.025 1.025 1.025 1.025 1.025 0.45518216 0.6499418 0.65 0.65 0.65 0.65 0.65 0.65 0.23355173 0.16097905 0.079209315 0.18992224 0.19 0.19 0.19 0.19 0.18999928 -0.87 -0.87 -0.86999977 -0.705 -0.705 -0.7053304 -0.87 -0.87 -0.965 -0.965 -0.965 0.067967389 0.265 0.265 0.265 0.83 0.83 0.83 -0.3 -0.3 -0.3 -0.3 -1.14 -1.14 -1.14 -1.14 -1.14 -0.375 -0.375 
0.82 0.89631917 1.025 1.025 1.025 1.025 0.55509224 0.555 0.555 0.65 0.65 0.65 0.65 0.65 0.55624203 0.225 0.225 0.225 -0.42811114 -0.42999937 -0.43 -0.43 -0.43 -0.43 -0.87 -0.87 -0.87 -0.87 -0.705 -0.87 -0.87 -0.87 -0.96499999 -0.965 -0.965 0.27 0.26500662 0.265 0.265 0.82986497 0.56074637 -0.067310099 -0.3 -0.3 -0.6788273 -0.68 -0.68 -1.1378966 0.13552698 0.13999989 0.13999976 0.48986898 -0.37499824 
0.82 1.0778831 1.0553628 1.025 1.025 0.5552777 0.555 0.555 0.555 0.5556846 0.65 0.65 0.65 0.64999995 0.225 0.225 0.225 0.225 -0.4294149 -0.43 -0.43 -0.43 -0.43 -0.43 -0.86999999 -0.87 -0.87 -0.87 -0.87 -0.87 -0.87 -0.87 -0.39000001 -0.9648605 0.27 0.27 0.27 0.26692171 -0.04879067 -0.07 -0.07 -0.07 -0.435 -0.435 -0.68 -0.68 -0.68 0.13999999 0.14 0.14 0.14 0.49 0.49 
1.0850177 1.085 1.085 1.085 0.5 0.55499858 0.555 0.555 0.555 0.555 0.59700423 0.64999088 0.64999998 0.225 0.225 0.225 0.225 0.225 0.091900149 -0.43 -0.43 -0.43 -0.43 -0.43 -0.4762661 -0.21500355 -0.215 -0.215 -0.215 -0.86999998 -0.39000001 -0.39 -0.39 -0.39 0.27 0.26999263 -0.01 -0.01 -0.069250811 -0.07 -0.07 -0.07 -0.435 -0.435 -0.64206556 -0.68 -0.68 0.14 0.14 0.14 0.14375291 0.49 0.49 
1.085 1.085 1.085 0.80951477 0.5 0.5 0.555 0.555 0.555 0.555 -0.05 -0.05 -0.05 0.225 0.225 0.225 0.225 0.22491489 -1.07 -1.07 -0.43000026 -0.43 -0.43243458 -0.53 -0.52716419 -0.215 -0.215 -0.215 -0.215 -0.38998218 -0.39 -0.39 -0.39 -0.39 -0.0099990157 -0.01 -0.01 -0.01 -0.010176818 -0.07 -0.07 -0.07 -0.435 -0.435 -0.435 -0.68 -0.68 0.14 0.14 0.14 0.49 0.49 0.49 
1.085 1.085 1.085 0.5 0.5 0.5 0.50000008 0.555 0.555 -0.049375466 -0.05 -0.05 -0.05 -0.04982867 -0.19185254 -0.29 -0.29 -0.29 -1.07 -1.07 -1.07 -0.53 -0.53 -0.53 -0.53004062 -0.45628118 -0.215 -0.215 -0.215 0.28894614 0.43991837 0.44 0.44 0.44 0.23765411 0.58499865 0.585 0.585 0.585 0.089978107 0.09 0.09 -0.435 -0.435 0.49499612 0.49500007 0.685 0.685 0.93 0.93 0.93 0.49 0.84468259 
1.0850018 1.085 1.085 0.5 0.5 0.5 0.5 0.2200001 0.55366054 -0.049564747 -0.05 -0.05 -0.05 -0.050470946 -0.29 -0.29 -0.29 -0.29000022 -1.07 -1.07 -1.07 -0.53 -0.53 -0.53 -0.675 -0.675 -0.485 -0.485 -0.485 -0.47995383 0.44 0.44 0.44 0.44 0.5124601 0.585 0.585 0.585 0.585 0.09 0.09 0.09 0.10274285 0.495 0.495 0.495 0.685 0.685 0.93 0.93 0.93 0.845 0.845 
1.665 1.36249 0.07 0.07012475 0.5 0.22162007 0.22 0.22 0.42769582 0.43000001 0.43 0.43 0.43 -0.71496273 -0.715 -0.29000033 -0.29 -0.31055185 -1.07 -1.07 -1.07 -0.88 -0.88 -0.88 -0.675 -0.675 -0.485 -0.485 -0.485 -0.48499935 0.40500022 0.4050001 0.43912033 0.43996248 0.045454313 0.045 0.045 0.045 0.045 0.09 0.09 0.09 0.47269906 0.495 0.495 0.49499994 0.685 0.685 0.68500882 0.93 0.92999352 0.785 0.845 
1.0801111 1.0799998 0.07 0.07 0.07 0.22 0.22 0.22 0.79 0.79 0.43 0.43 0.43 -0.715 -0.715 -0.715 -0.715 -0.71503778 -1.07 -1.07 -1.07 -0.88 -0.88 -0.88 -0.675 -0.675 -0.485 -0.485 -0.485 0.39496518 0.405 0.405 0.405 0.405 0.045177638 0.045 0.045 0.045 0.045 -0.47499985 -0.475 -0.475 -0.475 0.49499724 0.135 0.135 0.135 1.135 1.135 1.135 0.785 0.785 0.785 
1.08 1.08 0.07 0.07 0.07 0.21921157 0.22 0.79 0.79 0.79 0.43004432 0.43 0.22571882 -0.7149998 -0.715 -0.715 -0.715 -1.075 -1.075 -1.075 -1.085 -1.0849998 -0.880001 -0.88 -0.87997801 -0.94 -0.94 -0.93999892 -0.48507353 0.44999103 0.44999976 0.44999214 0.40507691 0.40503883 0.10914516 0.044999694 0.042352532 -0.745 -0.745 -0.475 -0.475 -0.475 -0.475 0.135 0.135 0.135 0.135 1.135 1.135 1.135 0.785 0.785 0.785 
1.08 1.08 0.07 0.07 0.07 0.070000001 0.43333435 0.79 0.79 0.79 0.78966305 0.18 0.18 0.18 -0.70972556 -0.715 -1.072601 -1.075 -1.075 -1.075 -1.085 -1.085 -1.085 -1.085 -0.94 -0.94 -0.94 -0.94 -0.94 0.45 0.45 0.45 0.45 0.44999914 0.04 -0.745 -0.745 -0.745 -0.745 -0.74500084 -1.055 -1.055 -1.055 -0.73609289 -0.075 -0.075 -0.075 1.135 1.1349992 0.355 0.355 0.13515813 0.135 
1.08 1.08 0.43453908 0.07 0.07 0.070000003 0.19605584 0.78812489 0.79 0.79 0.18 0.18 0.18 0.18 0.18 0.10645304 -1.075 -1.075 -1.075 -1.075 -1.0849999 -1.085 -1.085 -1.085 -0.94 -0.94 -0.94 -0.94 -0.94 -0.25570338 0.45 0.45 0.45 0.04 0.04 0.039390428 -0.745 -0.745 -0.4804941 -0.27500004 -1.055 -1.055 -1.055 -0.73994083 -0.075 -0.075 -0.075 0.54 0.35730508 0.355 0.355 0.135 0.135 
-0.325 -0.325 -0.325 -0.029037358 0.068902704 0.195 0.195 0.195 0.195 0.165 0.165 0.18 0.18 0.18 0.18 0.17992046 -1.075 -1.075 -1.075 -1.075 -1.0806363 -1.085 -1.085 -1.0810744 -0.93522265 -0.94 -0.94 -0.94 -0.505 -0.505 -0.505 -0.50499599 0.04 0.04 0.04 0.04 -0.275 -0.275 -0.275 -0.275 -0.79 -0.79 -0.79 -0.015015582 -0.015 -0.015 -0.015000019 0.54 0.54 0.35522541 0.355 0.13500098 0.135 
-0.325 -0.325 -0.325 -0.32501966 -0.69 -0.56130646 0.195 0.195 0.195 0.165 0.165 0.165 0.185 0.185 0.185 0.18499998 -1.0742215 -1.075 -1.075 -1.075 -1.0751434 -0.93500041 -0.935 -0.935 -0.935 -0.935 -0.775 -0.775 -0.505 -0.505 -0.505 -0.505 0.039999978 0.04 0.04 0.039997557 -0.27499997 -0.275 -0.275 -0.27094218 -0.79 -0.79 -0.79 -0.015035939 -0.015 -0.015 -0.015 0.54 0.54 0.53999997 0.33 0.33 -0.15 
-0.325 -0.325 -0.325 -0.68999916 -0.69 -0.69 0.19499967 0.195 0.195 0.165 0.165 0.165 0.185 0.185 0.185 0.12140678 -0.65 -0.65 -0.6500011 -1.0725995 -0.935 -0.935 -0.935 -0.935 -0.935 -0.93487959 -0.775 -0.775 -0.775 -0.505 -0.505 -0.50476828 0.01 0.01 0.01 0.65 0.65 0.65 0.65 0.65 0.485 -0.78960007 -0.78999131 0.375 0.375 0.36021944 -0.014998029 0.54 0.54 0.33 0.33 0.33 -0.15 
-0.325 -0.325 -0.325 -0.69 -0.69 -0.69 -0.69 0.195 0.195 0.165 0.165 0.18420029 0.185 0.185 0.185 -0.65 -0.65 -0.65 -0.65 -0.65 -0.935 -0.935 -0.935 -0.935 -0.935 -0.77500055 -0.775 -0.775 -0.775 -0.145 -0.145 -0.145 0.01 0.01 0.01 0.65 0.65 0.65 0.65 0.485 0.485 0.485 0.375 0.375 0.375 0.375 0.38033958 0.44 0.44 0.44 0.33 0.13 0.13 
-0.325 -0.325 -0.32550828 -0.69 -0.69 -0.69 -0.69 -1.0612846 -1.08 -1.0778625 0.16499998 0.18496524 0.185 0.185 0.18499711 -0.65 -0.65 -0.65 -0.65 -0.65 -0.31643481 -0.935 -0.935 -0.935 -0.93494748 -0.77499465 -0.775 -0.775 -0.775 -0.145 -0.145 -0.145 -0.14497644 0.01 0.65 0.65 0.65 0.64999987 0.64998875 0.485 0.485 0.485 0.37500668 0.375 0.375 0.375 0.43999719 0.44 0.44 0.44 0.13 0.13 0.13 
-1.29 -1.2899983 -0.68982922 -0.69 -0.69 -0.69 -1.079917 -1.08 -1.08 -1.08 -0.23000002 -0.23 -0.23 -0.23 -0.64806147 -0.65 -0.65 -0.65 -0.65 -0.29000021 -0.29 -0.29 -0.68000004 -0.68 -0.68 -0.68 -0.68819972 -0.775 -3.1740944e-05 -4.9037562e-26 -2.2323847e-87 -4.5577799e-30 -1.5082767e-12 0.47 0.47 0.47 0.47 0.47 0.035 0.035 0.035 0.035 0.035000001 0.1603241 0.16 0.16 0.16 0.44 0.44 0.44 0.13004884 0.13 0.13 
-1.29 -1.29 -1.2954001 -1.9349975 -1.9349997 -1.9341656 -1.08 -1.08 -1.08 -1.08 -0.23 -0.23 -0.23 -0.23 -0.23 -0.65 -0.65 -0.65 -0.29000009 -0.29 -0.29 -0.29 -0.68 -0.68 -0.68 -0.68 -0.68 -0.68001942 -6.5647242e-05 -7.0221452e-10 -1.0052685e-19 -3.9937e-11 -2.6372007e-05 0.35095066 0.46987673 0.47 0.47 0.47 0.035 0.035 0.035 0.035 0.034999998 0.16 0.16 0.16 0.16 0.29093347 0.44 0.48449794 0.485 0.23 0.23 
-1.29 -1.29 -1.9349183 -1.935 -1.935 -1.935 -1.7178336 -1.08 -1.08 -1.08 -0.23 -0.23 -0.23 -0.23 -0.23 -0.64968323 -0.65 -0.29010555 -0.29 -0.29 -0.29 -0.29 -0.53552197 -0.68 -0.68 -0.68 -0.68 -0.67963904 -0.17 -0.17 -0.17 -0.17 -0.17 0.26 0.26 0.26 0.26 0.26 -0.475 -0.475 -0.475 -0.475 -0.47499999 0.15952388 0.1599999 0.16 0.15996695 0.15606953 0.485 0.485 0.485 0.23000143 0.23 
-1.2900012 -1.9420352 -1.935 -1.935 -1.935 -1.935 -1.935 -1.0803641 -1.08 -1.08 -0.23 -0.23 -0.23 -0.23 -0.91934099 -0.935 -0.935 -0.2900166 -0.29 -0.29 -0.29 -0.29 -0.29000021 -0.68 -0.68 -0.68 -0.68 -0.7999994 -0.79999971 -0.66592069 -0.17 -0.17 -0.17 0.26 0.26 0.26 0.26 0.25977311 -0.475 -0.475 -0.475 -0.475 -0.47499234 -0.035 -0.035 -0.035 -0.035 -0.034958062 0.485 0.485 0.485 0.48499992 0.34823271 
-1.955 -1.955 -1.919451 -1.935 -1.935 -1.935 -1.935 -1.935 -1.0803651 -1.285 -1.285 -1.285 -1.2824963 -0.93499899 -0.935 -0.935 -0.935 -0.935 -0.29000899 -0.36692937 -1.04 -1.04 -1.04 -0.94994611 -0.70841291 -0.86044502 -0.988596 -0.8 -0.8 -0.8 -0.8 -0.8 -0.77384449 -0.079826046 -0.075 -0.075 -0.075 -0.075 -0.45621456 -0.37500018 -0.375 -0.375 -0.375 -0.19499953 -0.035000042 -0.035 -0.035 0.43 0.48499912 0.485 0.485 0.35 0.35 
-1.955 -1.955 -1.74 -1.74 -1.74 -1.934935 -1.935 -1.935 -1.285 -1.285 -1.285 -1.285 -1.285 -0.93500002 -0.935 -0.935 -0.935 -0.935 -1.04 -1.04 -1.04 -1.04 -1.04 -1.035 -1.035 -1.035 -1.035 -0.8 -0.8 -0.8 -0.8 -0.8 -0.505 -0.505 -0.075000003 -0.075 -0.075 -0.27996509 -0.28 -0.375 -0.375 -0.375 -0.37499997 -0.195 -0.195 -0.195 0.43 0.43 0.43 0.115 0.115 0.35 0.35 
-1.955 -1.955 -1.74 -1.74 -1.74 -1.74 -1.7399984 -1.455 -1.2851601 -1.285 -1.285 -1.285 -1.285 -0.93936593 -0.935 -0.935 -0.935 -0.935 -1.04 -1.04 -1.04 -1.04 -1.04 -1.035 -1.035 -1.035 -1.035 -1.0349991 -0.8 -0.8 -0.8 -0.50501547 -0.505 -0.505 -0.505 -0.075 -0.28 -0.28 -0.28 -0.28249963 -0.20639831 -0.175 -0.175 -0.195 -0.195 -0.195 0.43 0.43 0.43 0.115 0.115 0.115 0.023942113 
-1.74 -1.7400017 -1.74 -1.74 -1.74 -1.74 -1.455 -1.455 -1.455 -1.285 -1.285 -1.285 -1.285 -1.2848912 -0.935 -0.935 -0.935 -0.935 -1.0399981 -1.04 -1.04 -1.04 -1.0358775 -1.035 -1.035 -1.035 -1.035 -1.2149999 -1.215 -1.215 -0.80444304 -0.505 -0.505 -0.505 -0.50499945 0.074999992 -0.28 -0.28 -0.28 -0.28 -0.175 -0.175 -0.175 0.24 0.24 0.24 1.1149333 0.43 0.43 0.115 0.115 0.115 -0.0099984953 
-1.74 -1.74 -1.74 -1.74 -1.74 -1.455 -1.455 -1.455 -1.455 -1.303632 -1.285 -1.285 -1.285 -1.284997 -0.55504373 -0.555 -0.555 -0.555 -0.14676583 -0.9 -0.9 -0.9 -0.9 -1.035 -1.035 -1.035 -1.0350119 -1.215 -1.215 -1.215 -1.215 -0.50498154 -0.17876678 0.075 0.075 0.075 -0.27915888 -0.055004684 -0.055 -0.055 -0.17483159 0.039999994 0.04 0.24 0.24 0.2400037 1.115 1.115 0.165 0.165 0.165 0.345 0.53 
-1.74 -1.74 -1.37 -1.37 -1.37 -1.455 -1.455 -1.455 -1.455 -1.19 -1.19 -1.19 -1.19 -1.1452501 -0.555 -0.555 -0.555 -0.555 -0.12 -0.9 -0.9 -0.9 -0.9 -2.09 -2.0899996 -1.0350016 -1.215 -1.215 -1.215 -1.215 -0.85048183 -0.495 0.0071778176 0.075 0.075 0.075 -0.055 -0.055 -0.055 -0.055 0.04 0.04 0.04 0.72978242 0.73 1.1132695 1.115 1.115 0.16500213 0.165 0.345 0.345 0.53 
-1.74 -1.37 -1.37 -1.37 -1.37 -1.37 -1.4619478 -2.35 -2.35 -1.19 -1.19 -1.19 -1.19 -1.1898496 -0.555 -0.555 -0.555 -0.53534532 -0.12 -0.12 -0.9 -0.9 -2.09 -2.09 -2.09 -2.09 -1.215 -1.215 -1.215 -1.215 -0.495 -0.495 -0.495 0.074423207 0.075 0.075 -0.055 -0.055 -0.055 -0.055 0.04 0.04 0.04 0.73 0.73 0.73000907 0.89 0.89 0.54 0.54 0.345 0.345 0.53 
-1.3734748 -1.37 -1.37 -1.37 -1.37 -1.37 -2.35 -2.35 -2.35 -1.7291195 -1.19 -1.19 -1.19 -1.1899981 -0.555 -0.555 -0.555 -0.12 -0.12 -0.12 -0.89996103 -0.90000727 -2.09 -2.09 -2.09 -2.09 -1.2150622 -1.215 -1.215 -0.49516558 -0.495 -0.495 -0.495 -0.495 0.073750658 0.16 0.16 0.15627905 -0.055 -0.055 0.039999916 0.04 0.70993811 0.73 0.73 0.88999994 0.89 0.89 0.54 0.54 0.46 0.46 0.5 
-1.37 -1.37 -1.37 -1.37 -1.37 -1.37 -2.35 -2.35 -2.35 -2.35 -1.2449984 -1.245 -1.245 -1.245 -0.55500142 -0.71845752 -0.81 -0.81 -0.12127201 -0.12 -0.12000015 -2.0899983 -2.09 -2.09 -2.09 -2.09 -2.0893638 -1.215 -1.2149754 -0.495 -0.495 -0.495 -0.495 -0.495 0.16 0.16 0.16 0.16 0.16 0.15999873 -0.055 -0.055 -0.054999883 0.29 0.29 0.29 0.24 0.24 0.315 0.315 0.46 0.46000009 0.5 
-1.37 -1.37 -1.37 -1.37 -1.37 -1.37 -2.35 -2.35 -2.35 -1.245 -1.245 -1.245 -1.245 -1.245 -1.130335 -0.81 -0.81 -0.81 -0.81 -0.81 -0.77705477 -2.09 -2.09 -2.09 -2.09 -2.0628381 -1.2263554 -1.2163623 -0.49855066 -0.495 -0.495 -0.495 -0.495 -0.49499857 0.16 0.16 0.16 0.16 0.16 0.0599825 -0.055 -0.055 -0.055 0.29 0.29 0.29 0.24 0.24 0.315 0.315 0.76499999 0.5146185 0.5 
-1.37 -1.37 -1.37 -1.37 -1.37 -1.3700003 -2.3499998 -2.35 -2.3041363 -1.245 -1.245 -1.245 -1.245 -1.245 -1.2241347 -0.81 -0.81 -0.81 -0.81 -0.81 -0.81 -1.3559409 -1.2250012 -1.225 -1.225 -1.225 -1.225 -1.225 -0.84491837 -0.83999592 -0.83999999 -0.84 -0.84 -0.83999928 0.16 0.16 0.16 0.16 0.16 -0.054999975 -0.055 -0.055 -0.055 -0.054999847 0.29012024 0.365 0.24000001 0.31370251 0.315 0.765 0.765 0.7678062 0.9 
-1.37 -1.37 -1.37 -1.37 -1.37 -1.3700626 -2.3499471 -2.3499331 -1.2450014 -1.245 -1.245 -1.245 -1.245 -1.245 -1.2367229 -0.81 -0.81 -0.81 -0.81 -0.81 -0.81 -1.225 -1.225 -1.225 -1.225 -1.225 -1.225 -1.225 -0.84010628 -0.84 -0.84 -0.84 -0.84 -0.84 -0.5660001 0.16 0.16 0.16 0.16 -0.055 -0.055 -0.055 -0.055 -0.054892407 0.365 0.365 0.36468662 0.315 0.315 0.765 0.765 0.9 0.9 
-1.37 -1.37 -1.37 -1.37 -1.37 -1.371307 -2.3488056 -1.369692 -1.245 -1.245 -1.245 -1.245 -1.245 -1.245 -1.2373846 -0.81 -0.81 -0.81 -0.81 -0.81 -0.86908846 -1.225 -1.225 -1.225 -1.225 -1.225 -1.225 -1.225 -0.84000154 -0.84 -0.84 -0.84 -0.84 -0.84 -0.84 0.161361 0.16354613 0.16472606 0.16491559 -0.018361161 -0.054999987 -0.055 -0.055 0.36496646 0.365 0.36171694 -0.18499761 0.315 0.315 1.0648953 1.065 1.065 0.90000007 
-1.37 -1.37 -1.37 -1.37 -1.370001 -1.3781723 -2.2475991 -1.2453038 -1.245 -1.245 -1.245 -1.245 -1.245 -1.245 -1.2348421 -0.81 -0.81 -0.81 -0.81 -0.81 -1.2249982 -1.225 -1.225 -1.225 -1.225 -1.225 -1.225 -1.225 -0.84000011 -0.84 -0.84 -0.84 -0.84 -0.84 -0.8399998 0.165 0.165 0.165 0.165 0.515 0.515 0.515 0.515 -0.18499841 -0.185 -0.185 -0.185 -0.18499147 0.585 0.585 1.065 1.065 1.2092863 
-1.37 -1.37 -1.37 -1.3700001 -1.3700274 -1.3961037 -1.3191197 -1.2450144 -1.245 -1.245 -1.245 -1.245 -1.245 -1.245 -1.2302334 -0.81000018 -0.81 -0.81 -0.81 -0.8124977 -1.225 -1.225 -1.225 -1.225 -1.225 -1.225 -1.225 -1.225 -0.84000009 -0.84 -0.84 -0.84 -0.84 -0.84 0.16499908 0.165 0.165 0.165 0.165 0.515 0.515 0.515 0.515 0.32607301 -0.185 -0.185 -0.185 0.58499139 0.585 0.585 1.275 1.275 1.275 
-1.37 -1.37 -1.37 -1.3700022 -1.3702655 -1.4178584 -1.2489109 -1.2450036 -1.245 -1.245 -1.245 -1.245 -1.245 -1.245 -1.2239904 -0.81001023 -0.81 -0.81 -0.81000048 -1.2165914 -1.225 -1.225 -1.225 -1.225 -1.225 -1.225 -1.225 -1.225 -0.84000036 -0.84 -0.84 -0.84 -0.84 0.11165438 0.16500009 0.165 0.165 0.165 0.165 0.515 0.515 0.515 0.515 0.515 -0.185 -0.185 -0.185 0.58499999 0.585 0.585 1.275 1.275 1.275 
-1.37 -1.3700001 -1.3700009 -1.370026 -1.3713071 -1.3467776 -1.2456592 -1.2450022 -1.245 -1.245 -1.245 -1.245 -1.245 -1.2449992 -1.2165681 -0.81015887 -0.81000001 -0.81000001 -0.81214866 -1.2249647 -1.225 -1.225 -1.225 -1.225 -1.225 -1.225 -1.225 -1.2249998 -0.84000241 -0.84 -0.83999908 0.34571417 0.46 0.46 0.46 0.165 0.165 0.165 0.165 0.515 0.515 0.515 0.515 0.515 -0.18498759 -0.185 -0.18499962 0.58499994 0.585 0.58500037 1.275 1.275 1.275 
