interpolatedSpi/07-09|22_2.tif
NCOLS 53
NROWS 52
XLLCORNER -116.03883
YLLCORNER 28.596182
DX 0.49850594
DY 0.49788537
NODATA_VALUE -9999
[rows 0 to 29 of 52, columns 0 to 52 of 53]
-0.96333333 -0.96333333 -1.3613846 -1.5133333 -1.2666667 -0.83333333 -1.1766667 -1.2533333 -1.4850489 -0.83333333 -1.56 -0.99 -1.0566634 -1.0166667 -0.87666667 -0.87666667 -0.87666667 0.096666667 0.02 0.02 0.02 0.02000228 0.25666666 -0.093333333 -0.093333333 -0.093333333 -0.80333211 -0.80333333 -0.80333333 -1.0133333 -1.0133333 -1.0133333 -1.0133333 -1.4899999 -1.49 -1.49 -1.49 -1.49 -1.49 -1.49 0.16220414 0.17975113 -0.79666667 -0.79666667 -0.79666667 -0.79666667 -0.79655233 -0.72666667 -0.72666667 -0.72666667 -0.86333305 -0.86333333 -0.86333333
-0.96334622 -1.2533333 -1.1899999 -1.0969777 -0.67034714 -1.2833333 -1.4866667 -0.97711004 -0.78 -1.3033333 -0.96666667 -1.0566667 -1.0566667 -0.33561189 -1.0166572 -0.87666667 0.096666667 0.096666667 0.020099963 0.02 0.02 0.02 -0.12947747 -0.093333333 -0.093333333 -0.093333333 -1.2899999 -1.29 -1.0133333 -1.0133333 -1.0133333 -1.0133333 -1.0133333 -1.4899999 -1.49 -1.49 -1.49 -1.49 -1.4899999 -1.2629549 -0.1467216 -0.71779438 -0.79666667 -0.79666667 -0.79666667 -0.79666667 -0.79666667 -0.72666667 -0.72666667 -0.72666667 -0.7379992 -0.86333333 -0.86333333
-0.85995622 -0.86 -1.1166667 -0.87333333 -0.83333333 -0.96666667 -0.9 -0.61333333 -1.43 -0.49 -1 -0.85 -1.2533333 0.086666667 -0.33333333 -0.27666667 0.096666667 0.096666667 0.096666667 0.076650193 0.076666667 0.076666667 -0.78 -0.093333333 -0.093333333 -0.093333333 -1.29 -1.29 -1.29 -1.0133333 -1.0133333 -1.0133334 -1.284522 -1.4873172 -1.4771862 -0.12594838 -0.11333333 -0.11333333 -0.11752579 -0.14666667 -0.14666667 -0.14749785 -0.79666667 -0.79666667 -0.79666667 -0.79666667 -0.79666667 -0.72666667 -0.72666667 -0.72666667 -0.72666667 -0.86333333 -0.86333333
-0.89333333 -0.85999992 -0.44009498 -0.12 -1.1566667 -0.58666667 -1.1 -1.0666667 -0.69 -0.61960739 -0.67666667 0.17 -0.046666667 0.086666667 -0.13666667 -0.27666667 -0.91838572 -0.92261866 -1.2966667 0.076666667 0.076666667 -0.98 -0.78 -0.78 -0.093333333 -0.09333931 -1.29 -1.29 -1.29 -1.65 -1.6097636 -1.5766667 -1.5766667 -1.5766655 -0.11333333 -0.11333333 -0.11333333 -0.11333333 -0.14666667 -0.14666667 -0.14666667 -0.14666669 -0.79666667 -0.79666667 -0.79666667 -0.79666667 -0.79666667 -0.72666755 -0.72666667 -0.72666667 -0.72666667 -0.86330198 -0.86333333
-0.89333333 0.10999899 -0.44 -0.11955251 -1.1566667 -1.1933333 -1.153336 0.11 -0.76666667 0.27666619 0.09092247 0.0066590273 -0.046666667 -0.13666667 -0.13666667 -0.24050041 -0.92333333 -0.92333333 -1.2966667 -1.2966667 0.076664521 -0.98 1.1066667 -0.23333333 -1.22 -1.2196141 -1.29 -1.29 -1.65 -1.65 -1.5766667 -1.5766667 -1.5766667 -1.3434643 -0.11333333 -0.11333333 -0.11333333 -0.14666667 -0.14666667 -0.14666667 -0.14666667 -0.14667375 -0.79666666 -0.79666667 -0.79666667 -0.79666667 -0.79666667 -0.79604358 -0.72666667 -0.72662975 0.096666667 0.096666667 0.096666667
-1.8966667 -0.57 -0.61333334 -0.75 -0.50333333 -1.06 -1.1466667 -0.98577734 -0.57 -1.07 -1.59 -0.24 -0.23999987 -0.54 -0.54 -0.51338243 -0.51333333 -1.0433333 -1.0433333 -1.2966659 -1.33 -1.33 -0.23333333 -1.22 -1.22 0.43 -0.0033333333 -0.0033333333 -0.30012336 -1.65 -1.5766667 -1.5766667 -0.34 -0.33993069 0.32328589 0.53333333 0.53333333 0.063706856 -0.14666667 -0.14666667 -0.21990854 -0.22 -0.21999644 -0.76719625 -0.76666998 -0.76666667 -0.76666667 -0.76666667 0.036458196 0.096666667 0.096666667 0.096666667 0.096666667
-1.7499996 -0.22 0.02675672 -0.21 -0.51333333 -1.0866667 -0.23666667 0.35666667 0.24 0.24 -1.59 -0.46 -1.4166664 -0.54 -0.71666614 -0.71666667 -0.51333333 -0.72666667 -0.43333333 -0.43333333 -1.1901914 -1.0333333 -1.0333333 0.16666665 0.43 0.43 -0.0033333333 -0.0033333333 -0.30003361 -0.30061872 0.013911664 -0.34 -0.34 0.32333333 0.32333333 0.5678272 0.53333333 0.53333333 0.23001051 -0.21999937 -0.22 -0.22 -0.21997991 -0.76666105 -0.76666667 -0.76666667 -0.76666667 -0.76666618 0.053333333 0.096658079 0.096666667 0.096666667 0.096666667
-1.75 -0.34333333 0.016666667 -0.7 -0.23002694 -0.58 -0.12 1.0433333 0.16333333 0.13666667 0.13666667 -0.47666667 -1.4166667 -1.4166667 -0.72146932 -0.94739177 -0.97 -0.26333333 -0.6966664 -0.43333333 0.077835466 0.15 -0.55 0.30333333 0.30332856 -0.066666667 -0.35 -0.34999988 -0.87464595 -0.87666665 0.016666667 -0.14326403 0.37 0.32333333 0.32675588 0.59666667 0.59666667 0.23 0.23 -0.22 -0.22 -0.21999997 0.24137346 0.23999995 -0.76666667 -0.76666667 -0.76666667 0.053302121 0.053333333 0.053333333 0.096666667 0.096666667 0.096666667
-0.48291163 -0.34333333 0.31666667 0.37333333 -0.26333333 0.17666667 0.34333333 0.92333333 0.52666667 0.024280971 -0.62 -0.73 -0.73 -0.036666667 -0.036673531 -1.4253939 -1.4266667 -1.4266667 -0.32948234 -0.77666665 -0.7 -0.69999999 0.39333333 -0.17824784 -0.029380436 -0.066666667 -0.46666667 -0.35 -0.33674415 -0.33666667 -0.28666667 0.42 0.025472334 -0.15 0.44333333 0.56666667 0.91 0.02 1.1261557 -0.21337874 1.2633333 0.51666667 0.24008737 0.24 0.23433394 -0.76666667 0.86999991 0.053333341 0.053333333 0.053333333 0.053333331 0.0099264851 -0.16333333
-1.2633333 -1.2633333 0.05 0.36 0.4 0.94666667 0.46666667 0.51333333 0.12333333 -0.10331193 -0.27666667 0.17333333 -0.036666667 -0.036666667 -0.76666667 -0.77571886 -1.4266667 -1.4264276 -0.35333333 -0.77666667 -0.77666667 -0.76678943 0.39333333 -0.083324307 -0.083333333 -0.083333333 -0.46666667 0.50333333 0.50333333 -0.33666667 -0.33666667 0.41851432 -0.36333333 -0.15 -0.033333333 0.56666667 0.91 0.87333333 1.1266667 0.093683926 0.5166667 0.61217491 0.77666667 0.24 0.24 0.87 0.87 0.87 0.053333333 0.053333333 -0.6 -0.6 -0.59999984
-1.2633333 -1.2633333 -0.41666667 -0.47333333 -0.26 0.32333333 0.15333333 0.030522784 0.82333333 0.25333333 0.20333333 -0.25 0.17276944 -0.76666667 -0.76666667 -0.76664552 -0.58333333 -0.57126185 -0.35333333 -0.88666667 -0.88666667 -0.83333333 -0.83333333 -0.083333333 -0.083333333 -0.083333333 0.50333333 0.50333333 0.50333333 -1.1166667 -1.1166667 -1.1166654 -0.40666667 -0.40666667 -0.1 -0.65333333 0.62 0.52000343 0.23333333 0.076666667 0.076666667 -0.20999676 0.77666667 0.24 0.23999946 -0.48333333 0.29913588 0.29666667 -0.046666667 -0.046666667 -0.6 -0.6 -0.6
-1.2633333 -0.89771578 -0.44084835 -0.39999709 0.11 0.73666667 0.15333333 0.03 0.82332671 0.25964824 -0.24999934 -0.25 -0.15 -0.76666667 -0.76666667 -0.58333334 -0.58333333 -0.58332024 -0.35333333 -0.88666667 -0.87619309 -0.83333333 -0.83333333 -0.083363214 -0.083333333 -0.19071506 -0.41 -0.41 -0.40999989 -1.1166667 -1.1166667 -0.75666667 -0.75666667 -0.40666583 -0.1 -0.31999991 0.66863995 0.52 0.52 0.076666657 -0.21 -0.21 -0.20999659 0.24 0.24 -0.48333333 0.29666667 0.29666667 -0.046666667 -0.046666667 -0.6 -0.6 -0.6
-0.066666667 -0.12571212 -0.10001382 -0.10216693 0.11000287 0.73665187 0.15333335 0.03151818 0.76866455 0.80844911 -0.15 -0.15 -0.15 -0.15 -0.76657931 -0.58333333 -0.58333333 -0.58036367 -0.35333333 -0.8865524 -0.50333333 -0.50333333 -0.50333333 -0.50333333 -0.090713143 -0.41 -0.41 -0.41 -0.41 -0.41054866 -0.75666667 -0.75666667 -0.75666667 -0.75666667 -0.32 -0.32 -0.32 0.47996844 0.51186358 -0.56333333 -0.56333333 -0.21001901 -0.40331131 0.23993804 0.24 -0.48333333 0.29666667 0.29666667 -0.046666666 -0.046666667 -0.59799257 -0.6 -0.63772061
-0.066666667 -0.1 -0.1 -0.1 -0.1 -0.099999652 0.15482648 0.095079551 0.62281325 -0.14896596 -0.15 -0.15 -0.15 -0.15 -0.14999963 -0.58333334 -0.5833333 -0.5675569 -0.35333703 -0.50333333 -0.50333333 -0.50333333 -0.50333333 -0.50333333 -0.49973027 -0.69263154 -0.90333323 -0.90333333 -0.90333333 -0.90333333 -0.75666666 -0.75666667 -0.75666728 -1.2666667 -1.2666667 -0.32 -0.94544334 -0.96333333 -0.56333356 -0.56333333 -0.56333333 -0.56333333 -0.40333333 -0.40333333 -0.40333333 -0.40389006 0.061377837 0.06 0.06 0.06 0.059999998 0.036666535 0.036666667
-0.053333333 -0.1 -0.1 -0.1 -0.1 -0.1 -0.099999981 -0.070043175 0.37051891 0.37 0.37 0.37 0.37 0.37 0.36999999 0.030242061 -0.57368537 -0.55183853 -0.50331455 -0.50333333 -0.50333333 -0.50333333 -0.50333333 -0.50333267 -0.33666667 -0.33666667 -0.33666746 -0.90333333 -0.90333333 -0.90279935 -0.63666667 -0.63666667 -1.2666667 -1.2666667 -1.2666667 -1.011924 -0.96333333 -0.96333333 -0.96333333 -0.56333333 -0.56333333 -0.56333333 -0.40333333 -0.40333333 -0.40333333 -0.40333333 0.059999986 0.06 0.06 0.06 0.06 0.036666667 0.036666667
-0.053333333 -0.070706803 -0.1 -0.1 -0.1 -0.1 -0.55990972 -0.56 -0.55999998 0.37 0.37 0.37 0.37 0.37 0.29352291 0.023333333 0.023333333 0.023333333 0.061607842 0.063332755 0.063333333 0.063333333 0.063333333 0.063333333 -0.33666667 -0.33666667 -0.33666667 -0.33666667 -0.90333333 -0.63666667 -0.63666667 -0.63666667 -1.2666666 -1.2666667 -1.2666667 -0.79333333 -0.96310825 -0.96333333 -0.96333333 -0.56342586 -0.74782193 -1.1781569 -0.40333333 -0.40333333 -0.75889931 -0.76 -0.76 0.058693605 -0.73056099 -0.73333326 -0.73333318 -0.53991276 0.036665494
-0.053333333 -0.52692944 -0.32266026 -0.1 -0.1 -0.55972821 -0.56 -0.56 -0.56 -0.55329815 0.37 0.37 0.37 0.36999996 0.023333333 0.023333333 0.023333333 0.023333333 0.063297602 0.063333333 0.063333333 0.063333333 0.063333333 0.063333333 -0.33666666 -0.33666667 -0.33666667 -0.33666667 -0.33775787 -0.63666667 -0.63666667 -0.63666667 -0.16333334 -1.2665919 -0.79333333 -0.79333333 -0.79333333 -0.79206352 -1.1662677 -1.18 -1.18 -1.18 -1.0633333 -1.0633333 -0.76 -0.76 -0.76 -0.73333333 -0.73333333 -0.73333333 -0.73333333 -0.54 -0.54
-0.53967364 -0.54 -0.54 -0.54 -0.68 -0.5600031 -0.56 -0.56 -0.56 -0.56 0.36167174 0.36999857 0.37 0.023333333 0.023333333 0.023333333 0.023333333 0.023333333 0.014895572 0.063333333 0.063333333 0.063333333 0.063333333 0.063333333 -0.31753636 -0.6266651 -0.62666667 -0.62666667 -0.62666667 -0.63666664 -0.16333334 -0.16333333 -0.16333333 -0.16333333 -0.79333333 -0.79333026 -0.67666667 -0.67666667 -1.1737151 -1.18 -1.18 -1.18 -1.0633333 -1.0633333 -0.80696644 -0.76 -0.76 -0.73333333 -0.73333333 -0.73333333 -0.7312603 -0.54 -0.54
-0.54 -0.54 -0.54 -0.60592809 -0.68 -0.68 -0.56 -0.56 -0.56 -0.56 0.26 0.26 0.26 0.023333333 0.023333333 0.023333333 0.023333333 0.023321765 -0.16 -0.16 0.063333243 0.063333333 0.053757323 -0.33 -0.33267076 -0.62666667 -0.62666667 -0.62666667 -0.62666667 -0.16338051 -0.16333333 -0.16333333 -0.16333333 -0.16333333 -0.67666708 -0.67666667 -0.67666667 -0.67666667 -0.67843119 -1.18 -1.18 -1.18 -1.0633333 -1.0633333 -1.0633333 -0.76 -0.76 -0.73333332 -0.73333333 -0.73333333 -0.54 -0.54 -0.54
-0.54 -0.54 -0.54 -0.68 -0.68 -0.68 -0.67999982 -0.56 -0.56 0.25915352 0.26 0.26 0.26 0.25985254 -0.033326235 -0.046666667 -0.046666667 -0.046666667 -0.16 -0.16 -0.16 -0.33 -0.33 -0.33 -0.32998879 -0.45007682 -0.62666667 -0.62666667 -0.62666666 -0.10350958 -0.076675191 -0.076666667 -0.076666667 -0.076666667 -0.63435349 -0.57666689 -0.57666667 -0.57666667 -0.57666667 -1.0666822 -1.0666667 -1.0666667 -1.0633333 -1.0633333 -0.51666895 -0.51666644 0.13666667 0.13666667 -0.36 -0.36 -0.36 -0.54 0.40915058
-0.53999986 -0.54 -0.54000001 -0.68 -0.68 -0.68 -0.67999999 -0.1166668 -0.55822738 0.2599728 0.26 0.26 0.26 0.25939824 -0.046666667 -0.046666667 -0.046666667 -0.046666699 -0.16 -0.16 -0.16 -0.33 -0.33 -0.33 -0.29 -0.29 -0.16666667 -0.16666667 -0.16666667 -0.16617569 -0.076666667 -0.076666667 -0.076666667 -0.076666667 -0.32652944 -0.57666667 -0.57666667 -0.57666667 -0.57666667 -1.0666667 -1.0666667 -1.0666667 -1.0493616 -0.51666667 -0.51666667 -0.51666667 0.13666667 0.13666667 -0.36 -0.36 -0.36 0.40999997 0.41
-0.49333333 -0.5099788 -0.31666667 -0.31677208 -0.68 -0.11992609 -0.11666667 -0.11666667 -0.094803949 0.22999999 0.23 0.23 0.23 0.033339735 0.033333333 -0.046666605 -0.046666667 -0.049652833 -0.16 -0.16 -0.16 -0.30333333 -0.30333333 -0.30333333 -0.29 -0.29 -0.16666667 -0.16666667 -0.16666667 -0.16666689 -0.47666412 -0.47666554 -0.086720066 -0.077095494 -0.9123782 -0.91333333 -0.91333333 -0.91333333 -0.91333333 -1.0666667 -1.0666667 -1.0666667 -0.54695116 -0.51666667 -0.51666667 -0.51666661 0.13666667 0.13666667 0.13664879 -0.36 -0.35996691 0.38 0.41
-0.44001013 -0.43999998 -0.31666667 -0.31666667 -0.31666667 -0.11666667 -0.11666667 -0.11666667 -0.056666667 -0.056666667 0.23 0.23 0.23 0.033333333 0.033333333 0.033333333 0.033333333 0.033311574 -0.16 -0.16 -0.16000001 -0.30333333 -0.30333333 -0.30333333 -0.29 -0.29 -0.16666667 -0.16666667 -0.16666667 -0.47317139 -0.47666667 -0.47666667 -0.47666667 -0.47666667 -0.91311786 -0.91333333 -0.91333333 -0.91333333 -0.91333333 -0.72000009 -0.72 -0.72 -0.72 -0.51666421 -0.19666667 -0.19666667 -0.19666667 0.28 0.28 0.28 0.38 0.38 0.38
-0.44 -0.44 -0.31666667 -0.31666667 -0.31666667 -0.1177179 -0.11666667 -0.056666667 -0.056666667 -0.056666667 0.22996471 0.23 0.11560254 0.033333346 0.033333333 0.033333333 0.033333333 0.07 0.07 0.07 -0.5 -0.49999985 -0.30333429 -0.30333333 -0.30371099 -0.94666667 -0.94666667 -0.94666481 -0.16679272 -1.0398877 -1.039997 -1.0399016 -0.47762946 -0.47715282 -0.83592657 -0.91333346 -0.91439455 -1.23 -1.23 -0.72 -0.72 -0.72 -0.72 -0.19666667 -0.19666667 -0.19666667 -0.19666667 0.28 0.28 0.28 0.38 0.38 0.38
-0.44 -0.44 -0.31666667 -0.31666667 -0.31666667 -0.31666667 -0.094210419 -0.056666667 -0.056666667 -0.056666667 -0.05658565 0.09 0.09 0.09 0.033667283 0.033333333 0.069755662 0.07 0.07 0.07 -0.5 -0.5 -0.5 -0.5 -0.94666667 -0.94666667 -0.94666667 -0.94666667 -0.94666667 -1.04 -1.04 -1.04 -1.04 -1.0399995 -0.78 -1.23 -1.23 -1.23 -1.23 -1.2299985 -0.83 -0.83 -0.83 -0.72478082 -0.50666667 -0.50666667 -0.50666667 0.27999998 0.27999958 -0.15666667 -0.15666667 0.53329603 0.53333333
-0.44 -0.44 -0.36118134 -0.31666667 -0.31666667 -0.31666665 0.2660929 -0.055647699 -0.056666667 -0.056666666 0.090000058 0.09 0.09 0.09 0.09 0.085352241 0.07 0.07 0.07 0.07 -0.49999559 -0.5 -0.5 -0.5 -0.94666667 -0.94666667 -0.94666667 -0.94666667 -0.94666667 -1.1779385 -1.04 -1.04 -1.04 -0.78 -0.78 -0.78034944 -1.23 -1.23 -1.1812259 -1.1433333 -0.83 -0.83 -0.83 -0.72783232 -0.50666667 -0.50666667 -0.50666667 -1.0966667 -0.16837898 -0.15666667 -0.15666667 0.53333333 0.53333333
0.086666667 0.086666667 0.086666667 -0.21553991 -0.31588156 0.26666667 0.26666667 0.26666667 0.26666667 0.36666667 0.36666667 0.09000002 0.09 0.09 0.09 0.089998729 0.07 0.07 0.07 0.07 -0.25127049 -0.5 -0.5 -0.49110206 -0.19502938 -0.94666667 -0.94666667 -0.94666667 -1.2266667 -1.2266667 -1.2266667 -1.2266659 -0.78 -0.78 -0.78 -0.78 -1.1433333 -1.1433333 -1.1433333 -1.1433333 -0.95 -0.95 -0.95 -0.9899992 -0.99 -0.99 -0.98999985 -1.0966667 -1.0966667 -0.15781201 -0.15666667 0.53332843 0.53333333
0.086666667 0.086666667 0.086666667 0.086673667 0.21666667 0.22393749 0.26666667 0.26666667 0.26666667 0.36666667 0.36666667 0.36666667 0.010000005 0.01 0.01 0.010000013 0.070909805 0.07 0.07 0.07 0.061375335 -0.16000093 -0.16 -0.16 -0.16 -0.16000002 -0.46333334 -0.46333333 -1.2266667 -1.2266667 -1.2266667 -1.2266667 -0.77999994 -0.78 -0.78 -0.77999376 -1.1433333 -1.1433333 -1.1433333 -1.142339 -0.95 -0.95 -0.95 -0.98999815 -0.99 -0.99 -0.99 -1.0966667 -1.0966667 -1.0966666 -0.44 -0.44 -0.12
0.086666667 0.086666667 0.086666667 0.21666637 0.21666667 0.21666667 0.26666665 0.26666667 0.26666667 0.36666667 0.36666667 0.36666667 0.01 0.01 0.01 0.052395483 0.56666667 0.56666667 0.56666538 0.072805301 -0.16 -0.16 -0.16 -0.16 -0.16 -0.16022827 -0.46333333 -0.46333333 -0.46333333 -1.2266667 -1.2266667 -1.2264285 -0.70333333 -0.70333333 -0.70333333 -0.59666667 -0.59666667 -0.91666667 -0.91666667 -0.91666667 -0.55666667 -0.94987662 -0.94999781 -0.65666667 -0.65666667 -0.66929962 -0.9899993 -1.0966667 -1.0966667 -0.44 -0.44 -0.44 -0.12
0.086666667 0.086666667 0.086666667 0.21666667 0.21666667 0.21666667 0.21666667 0.26666667 0.26666667 0.36666667 0.36666667 0.024261522 0.01 0.01 0.01 0.56666667 0.56666667 0.56666667 0.56666667 0.56666667 -0.16 -0.16 -0.16 -0.16 -0.16 -0.4633323 -0.46333333 -0.46333333 -0.46333333 -0.85666667 -0.85666667 -0.85666667 -0.70333333 -0.70333333 -0.70333333 -0.59666667 -0.59666667 -0.91666667 -0.91666667 -0.55666667 -0.55666667 -0.55666667 -0.65666667 -0.65666667 -0.65666667 -0.65666667 -0.61696212 -0.17333333 -0.17333333 -0.17333333 -0.43999998 0.55 0.55
