interpolatedSpi/07-06|20_3.tif
NCOLS 53
NROWS 52
XLLCORNER -116.03883
YLLCORNER 28.596182
DX 0.49850594
DY 0.49788537
NODATA_VALUE -9999
1.39 1.39 0.68152138 0.12 1.06 1.02 2 1.35 0.65925765 0.76 0.76 0.63 7.1639889e-05 0.87 0.38 0.38 0.38 0.53 0.9 0.9 0.9 0.90000231 1.14 0.27 0.27 0.27 1.9799975 1.98 1.98 1.09 1.09 1.09 1.09 1.7299999 1.73 1.73 1.73 1.73 1.73 1.73 2.382965 2.3897298 1.33 1.33 1.33 1.33 1.330245 1.48 1.48 1.48 2.0199989 2.02 2.02 
1.3899618 0.53 1.1400009 1.2298146 1.3098788 1.61 1.32 1.6004115 1.01 0.45 0.12 1.3941119e-10 -6.8579095e-26 0.7803001 0.86999458 0.38 0.53 0.53 0.89951757 0.9 0.9 0.9 0.27526371 0.27 0.27 0.27 0.13000001 0.13 1.09 1.09 1.09 1.09 1.09 1.7299999 1.73 1.73 1.73 1.73 1.7299999 1.4466337 0.06006403 1.1758956 1.33 1.33 1.33 1.33 1.33 1.48 1.48 1.48 1.5247773 2.02 2.02 
2.1799557 2.18 1.94 1.86 1.46 1.39 1.07 0.81 0.73 0.19 0.39 -0.9 -0.29 -0.63 0.78 0.75 0.53 0.53 0.53 1.0799477 1.08 1.08 0.37 0.27 0.27 0.27 0.13 0.13 0.13 1.09 1.09 1.0899999 0.48824992 1.7248268 1.713432 -0.033689022 -0.05 -0.05 -0.036164899 0.059999999 0.06 0.061624009 1.33 1.33 1.33 1.33 1.33 1.48 1.48 1.48 1.48 2.02 2.02 
1.27 2.1799999 1.4599985 1.35 0.58 1.37 2.1 -0.03 0.82 0.1410341 0.03 -0.19 -0.68 -0.63 0.59 0.75 0.40267783 0.40009109 0.7 1.08 1.08 0.06 0.37 0.37 0.27 0.2699993 0.13 0.13 0.13 -1.09 -0.57972971 -0.16 -0.16 -0.15999991 -0.05 -0.05 -0.05 -0.05 0.06 0.06 0.06 0.060000048 1.33 1.33 1.33 1.33 1.33 1.4799981 1.48 1.48 1.48 2.019934 2.02 
1.27 0.4800018 1.46 1.3384593 0.58 1.48 0.8000581 0.96 0.2 0.5900003 0.26608573 0.11013035 1.02 0.59 0.59 0.69155675 0.4 0.4 0.7 0.7 1.0799979 0.06 0.34 0.34 -0.21 -0.21001395 0.13 0.13 -1.09 -1.09 -0.16 -0.16 -0.16 -0.11474228 -0.05 -0.05 -0.05 0.06 0.06 0.06 0.06 0.060044404 1.33 1.33 1.33 1.33 1.33 1.3313352 1.48 1.4799336 9.051478e-17 7.5254628e-31 6.5802608e-26 
-0.75 0.63 0.74 1.03 1.63 2.01 1.48 1.4134251 1.41 1.16 0.85 0.27 0.27000049 0.18 0.18 0.1700507 0.17 0.32 0.32 0.69999925 -0.6 -0.6 0.34 -0.21 -0.21 -0.27 -1.7 -1.7 0.079893783 -1.09 -0.16 -0.16 0.08 0.080066872 0.71995376 -0.64 -0.64 -0.15656098 0.06 0.06 0.51942628 0.52 0.51999929 0.15118329 0.13013262 0.13000032 0.13000004 0.13000044 -1.0848257 -2.6884808e-17 2.5326991e-43 -1.3615304e-79 -4.0766982e-58 
-0.35000573 0.25 0.10429278 1.05 2.18 1.07 0.75 1.2 1.84 1.84 0.85 0.6 -0.21000005 0.18 0.3799994 0.38 0.17 0.18 -0.15 -0.15 -0.51045967 -0.41 -0.41 -1.64 -0.27 -0.27 -1.7 -1.7 0.080001166 0.080021458 0.74799329 0.08 0.08 0.72 0.72 -0.89053442 -0.64 -0.64 -1.1999806 0.51999761 0.52 0.52 0.51999661 0.13000368 0.13 0.13 0.13 0.12999911 -1.36 -0.0002695148 -2.8312396e-36 -6.51985e-85 -7.3060949e-53 
-0.35 -0.49 0.42 -0.03 -0.54997019 0.41 0.7 1.02 1 0.68 0.68 -0.48 -0.21 -0.21 0.37595205 -0.038948206 -0.08 0.37 -0.16999998 -0.15 -1.6078289 -1.59 -1.63 -1.64 -1.6399947 -1.23 -2.11 -2.1099999 0.099929917 0.10000001 0.75 0.9987274 1.03 0.72 0.68349286 -1.1 -1.1 -1.2 -1.2 0.52 0.52 0.51999999 0.78538333 0.78999997 0.13 0.13 0.13 -1.3599433 -1.36 -1.36 -1.3216924e-11 -1.0018478e-33 -3.6130329e-14 
-0.44145103 -0.48999999 0.03 -0.04 0.86 0.37 0.54 1.81 1.54 1.2369737 -0.01 -0.039999999 -0.04 -0.88 -0.87999201 -0.30935897 -0.31 -0.31 0.28756816 -1.2800001 -1.8 -1.8 -1.57 -1.606355 -1.2713172 -1.23 -1.56 -2.11 -0.90703131 -0.9 0.99 2.55 1.9909402 -0.59 -0.56 -0.84 -0.78 -0.62 -0.79991688 0.51870551 0.23 0.08 0.78994301 0.79 0.78628516 0.13 -1.0899999 -1.36 -1.36 -1.36 -1.36 -0.32496441 -0.57 
-0.17 -0.17 0.17 -0.09 0.85 1.57 0.8 1.28 1.89 1.1600519 0.54 -0.07 -0.88 -0.88 -0.03 -0.033840327 -0.31 -0.31011747 -0.9 -1.28 -1.28 -1.3469934 -1.57 -1.6199991 -1.62 -1.62 -1.56 -0.010000001 -0.01 -0.9 -0.9 2.5478948 1.44 -0.59 -0.21 -0.84 -0.78 -0.9 -0.8 1.0396929 0.080000007 0.21224218 0.44 0.79 0.79 -1.09 -1.09 -1.09 -1.36 -1.36 -2.61 -2.61 -2.6099992 
-0.17 -0.17 -0.37 -0.45 0.17 0.51 0.40000001 0.77028043 0.92 0.85 0.26 -0.71 -0.070853228 -0.03 -0.03 -0.030014997 -0.16 -0.19883867 -0.9 0.23 0.23 -0.68 -0.68 -1.62 -1.62 -1.62 -0.01 -0.01 -0.01 -1.45 -1.45 -1.4499952 -0.33 -0.33 -0.53 -0.91 -0.45 0.019993788 -1.6 1.07 1.07 0.62999938 0.44 0.79 -1.2299995 -1.1 -0.91077522 -0.91 -2 -2 -2.61 -2.61 -2.61 
-0.17 -0.25639534 -0.40413885 -0.53999035 0.03 -0.02 0.4 0.77 0.91999875 0.85077552 -0.70999797 -0.71 0.25 -0.03 -0.03 -0.16 -0.16 -0.16004212 -0.9 0.23 0.051294513 -0.68 -0.68 -1.6199618 -1.62 -1.4424914 -1.08 -1.08 -1.0799999 -1.45 -1.45 -1.55 -1.55 -0.33000055 -0.53 -0.73999985 -0.49169223 0.02 0.02 1.07 0.63 0.63 0.62998652 -1.23 -1.23 -1.1 -0.91 -0.91 -2 -2 -2.61 -2.61 -2.61 
0.37 1.2037999 1.3399334 1.3263833 0.02999981 -0.019998819 0.39999999 0.76544552 0.90966347 0.91817211 0.25 0.25 0.25 0.25 -0.029960336 -0.16 -0.16 -0.16955458 -0.9 0.22983661 -0.31 -0.31 -0.31 -0.31 -1.5973872 -1.08 -1.08 -1.08 -1.08 -1.0803403 -1.55 -1.55 -1.55 -1.55 -0.74 -0.74 -0.74 -0.017496392 0.017521522 -0.31 -0.31 0.62994944 -1.2200003 -1.229999 -1.23 -1.1 -0.91 -0.91 -2 -2 -2.607787 -2.61 -1.7969346 
0.37 1.34 1.34 1.34 1.34 1.3399994 0.39892492 0.57508969 0.88208654 0.25071986 0.25 0.25 0.25 0.25 0.25000031 -0.16 -0.16000012 -0.21075895 -0.89998778 -0.31 -0.31 -0.31 -0.31 -0.31 -0.3359432 -1.3852386 -1.5299999 -1.53 -1.53 -1.53 -1.55 -1.55 -1.5500005 -1.94 -1.94 -0.74 -0.67194658 -0.67 -0.31000021 -0.31 -0.31 -0.31 -1.22 -1.22 -1.22 -1.2191649 -2.5989787 -2.61 -2.61 -2.61 -2.61 -0.89000035 -0.89 
0.6 1.34 1.34 1.34 1.34 1.34 1.3399999 0.32255795 0.68067237 0.68 0.68 0.68 0.68 0.68 0.68 -0.29984048 -0.16260493 -0.26133075 -0.31007393 -0.31 -0.31 -0.31 -0.31 -0.31000054 -1.51 -1.51 -1.51 -1.53 -1.53 -1.5301802 -1.62 -1.62 -1.94 -1.94 -1.94 -0.87344006 -0.67 -0.67 -0.67 -0.31 -0.31 -0.31 -1.22 -1.22 -1.22 -1.22 -2.61 -2.61 -2.61 -2.61 -2.61 -0.89 -0.89 
0.6 0.87549359 1.34 1.34 1.34 1.34 -0.08971934 -0.09 -0.089999981 0.68 0.68 0.68 0.68 0.68 0.459393 -0.32 -0.32 -0.32 -0.76859865 -0.76999953 -0.77 -0.77 -0.77 -0.77 -1.51 -1.51 -1.51 -1.51 -1.53 -1.62 -1.62 -1.62 -1.94 -1.94 -1.94 -0.41 -0.66965575 -0.67 -0.67 -0.31010948 -0.52839461 -1.0378182 -1.22 -1.22 -1.289784 -1.29 -1.29 -2.6063821 -0.417688 -0.41000019 -0.41000042 -0.18010752 -0.88999856 
0.6 0.64865748 0.99082823 1.34 1.34 -0.089155088 -0.09 -0.09 -0.09 -0.084451159 0.68 0.68 0.68 0.67999988 -0.32 -0.32 -0.32 -0.32 -0.76959802 -0.77 -0.77 -0.77 -0.77 -0.77 -1.51 -1.51 -1.51 -1.51 -1.5104001 -1.62 -1.62 -1.62 -0.98000002 -1.9398212 -0.41 -0.41 -0.41 -0.40870025 -1.016553 -1.04 -1.04 -1.04 -1.21 -1.21 -1.29 -1.29 -1.29 -0.41000001 -0.41 -0.41 -0.41 -0.18 -0.18 
0.65024122 0.65 0.65 0.64999999 -0.07 -0.089999484 -0.09 -0.09 -0.09 -0.09 0.63457479 0.67999218 0.67999998 -0.32 -0.32 -0.32 -0.32 -0.32 -0.42535018 -0.77 -0.77 -0.77 -0.77 -0.77 -1.0091284 -0.83000368 -0.83 -0.83 -0.83 -1.62 -0.98000001 -0.98 -0.98 -0.98 -0.41 -0.40999684 -0.29 -0.29 -1.0306351 -1.04 -1.04 -1.04 -1.21 -1.21 -1.2776132 -1.29 -1.29 -0.41 -0.41 -0.41 -0.4075338 -0.18 -0.18 
0.65 0.65 0.65 0.31094126 -0.07 -0.07 -0.09 -0.09 -0.09 -0.09 0.08 0.08 0.08 -0.32 -0.32 -0.32 -0.32 -0.3200661 -1.43 -1.43 -0.77000027 -0.77 -0.77535607 -0.99 -0.98855959 -0.83 -0.83 -0.83 -0.83 -0.97998473 -0.98 -0.98 -0.98 -0.98 -0.29000042 -0.29 -0.29 -0.29 -0.29263323 -1.04 -1.04 -1.04 -1.21 -1.21 -1.21 -1.29 -1.29 -0.41 -0.41 -0.41 -0.18 -0.18 -0.18 
0.65 0.65 0.65 -0.07 -0.07 -0.07 -0.070000031 -0.09 -0.09 0.079824511 0.08 0.08 0.08 0.079750776 -0.64376896 -0.72 -0.72 -0.72 -1.43 -1.43 -1.43 -0.99 -0.99 -0.99 -0.99005322 -1.0135835 -0.83 -0.83 -0.83 -0.48865776 -0.38005901 -0.38 -0.38 -0.38 -0.2569002 -0.21000018 -0.21 -0.21 -0.21 -0.59006157 -0.59 -0.59 -1.21 -1.21 -0.040004885 -0.039999805 0.51 0.51 0.6 0.6 0.6 -0.18 0.37949929 
0.65000164 0.65 0.64999997 -0.07 -0.07 -0.07 -0.069999999 -0.010000023 -0.089680129 0.08040805 0.08 0.08 0.08 0.07843018 -0.72 -0.72 -0.72 -0.7200002 -1.43 -1.43 -1.43 -0.99 -0.99 -0.99 -1.18 -1.18 -1.07 -1.07 -1.07 -1.0662358 -0.38 -0.38 -0.38 -0.38 -0.29504676 -0.21 -0.21 -0.21 -0.21 -0.59 -0.59 -0.59 -0.5726949 -0.04 -0.04 -0.04 0.51 0.51 0.6 0.6 0.6 0.38000001 0.38 
1.18 0.90047696 -0.36 -0.35991587 -0.07 -0.010347158 -0.01 -0.01 0.13939524 0.53 0.53 0.53 0.53 -0.84995508 -0.85 -0.7200001 -0.72 -0.73870746 -1.43 -1.43 -1.43 -1.29 -1.29 -1.29 -1.18 -1.18 -1.07 -1.07 -1.07 -1.0699996 -0.55999886 -0.55999949 -0.38452403 -0.38019297 -0.73958625 -0.74 -0.74 -0.74 -0.74 -0.59 -0.59 -0.59 -0.070284821 -0.04 -0.04 -0.040000009 0.51 0.51 0.51000324 0.6 0.59997854 0.12 0.38 
0.55011964 0.54999984 -0.36 -0.36 -0.36 -0.01 -0.01 -0.01 0.4 0.4 0.53 0.53 0.53 -0.85 -0.85 -0.85 -0.85 -0.85006387 -1.43 -1.43 -1.43 -1.29 -1.29 -1.29 -1.18 -1.18 -1.07 -1.07 -1.07 -0.56575029 -0.56 -0.56 -0.56 -0.56 -0.73991118 -0.74 -0.74 -0.74 -0.74 -0.73999996 -0.74 -0.74 -0.74 -0.040000384 -0.09 -0.09 -0.09 0.69 0.69 0.69 0.12 0.12 0.12 
0.55 0.55 -0.36 -0.36 -0.36 -0.011839662 -0.01 0.4 0.4 0.4 0.529984 0.53 -0.13187103 -0.84999987 -0.85 -0.85 -0.85 -0.98 -0.98 -0.98 -1.22 -1.2200001 -1.2899997 -1.29 -1.2898446 -1.08 -1.08 -1.08 -1.0700016 -0.43002591 -0.43000069 -0.4300227 -0.55977782 -0.55988781 -0.70785776 -0.74000031 -0.74268098 -1.54 -1.54 -0.74 -0.74 -0.74 -0.74 -0.09 -0.09 -0.09 -0.09 0.69 0.69 0.69 0.12 0.12 0.12 
0.55 0.55 -0.36 -0.36 -0.36 -0.36 0.14345102 0.4 0.4 0.4 0.39962438 -0.28 -0.28 -0.28 -0.84664086 -0.85 -0.97913371 -0.98 -0.98 -0.98 -1.22 -1.22 -1.22 -1.22 -1.08 -1.08 -1.08 -1.08 -1.08 -0.43 -0.43 -0.43 -0.43 -0.43000034 -0.59 -1.54 -1.54 -1.54 -1.54 -1.5399993 -1.46 -1.46 -1.46 -1.0564857 -0.22 -0.22 -0.22 0.68999997 0.68999928 -0.05 -0.05 0.10000487 0.1 
0.55 0.55 -0.0315539 -0.36 -0.36 -0.36000001 -0.84778184 0.39606069 0.4 0.4 -0.2800001 -0.28 -0.28 -0.28 -0.28 -0.32682519 -0.98 -0.98 -0.98 -0.98 -1.2199981 -1.22 -1.22 -1.22 -1.08 -1.08 -1.08 -1.08 -1.08 -1.0655025 -0.43 -0.43 -0.43 -0.59 -0.59 -0.5907377 -1.54 -1.54 -1.2867497 -1.09 -1.46 -1.46 -1.46 -1.0619047 -0.22 -0.22 -0.22 0.16 -0.04738342 -0.05 -0.05 0.1 0.1 
-0.71 -0.71 -0.71 -0.44775462 -0.36105321 -0.85 -0.85 -0.85 -0.85 -0.76 -0.76 -0.28000003 -0.28 -0.28 -0.28 -0.28004437 -0.98 -0.98 -0.98 -0.98 -1.1152718 -1.22 -1.22 -1.2150276 -1.0322264 -1.08 -1.08 -1.08 -1.29 -1.29 -1.29 -1.2899964 -0.59 -0.59 -0.59 -0.59 -1.09 -1.09 -1.09 -1.09 -1.04 -1.04 -1.04 -0.30001488 -0.3 -0.3 -0.29999997 0.16 0.16 -0.049744127 -0.05 0.1 0.1 
-0.71 -0.71 -0.71 -0.71001992 -1.08 -1.0465542 -0.85 -0.85 -0.85 -0.76 -0.76 -0.76 -0.43 -0.43 -0.43 -0.43000002 -0.98082432 -0.98 -0.98 -0.98 -0.98362888 -1.0300005 -1.03 -1.03 -1.03 -1.03 -1.52 -1.52 -1.29 -1.29 -1.29 -1.29 -0.59000019 -0.59 -0.59 -0.59002118 -1.09 -1.09 -1.09 -1.087324 -1.04 -1.04 -1.04 -0.30003432 -0.3 -0.3 -0.3 0.16 0.16 0.15999999 0.1 0.1 0.26 
-0.71 -0.71 -0.71 -1.0799991 -1.08 -1.08 -0.85000009 -0.85 -0.85 -0.76 -0.76 -0.76 -0.43 -0.43 -0.43 -0.50615955 -1.43 -1.43 -1.4299988 -0.98254172 -1.03 -1.03 -1.03 -1.03 -1.03 -1.0303688 -1.52 -1.52 -1.52 -1.29 -1.29 -1.2899099 -0.85 -0.85 -0.85 -0.7 -0.7 -0.48 -0.48 -0.48 -0.17 -1.0397271 -1.039994 -0.23 -0.23 -0.23265292 -0.29999904 0.16 0.16 0.1 0.1 0.1 0.26 
-0.71 -0.71 -0.71 -1.08 -1.08 -1.08 -1.08 -0.85 -0.85 -0.76 -0.76 -0.44319524 -0.43 -0.43 -0.43 -1.43 -1.43 -1.43 -1.43 -1.43 -1.03 -1.03 -1.03 -1.03 -1.03 -1.5199983 -1.52 -1.52 -1.52 -1.15 -1.15 -1.15 -0.85 -0.85 -0.85 -0.7 -0.7 -0.48 -0.48 -0.17 -0.17 -0.17 -0.23 -0.23 -0.23 -0.23 -0.21110611 9.116696e-28 1.8334781e-42 7.4264927e-18 0.1 0.2 0.2 
-0.71 -0.71 -0.71051524 -1.08 -1.08 -1.08 -1.08 -1.1942414 -1.2 -1.1992446 -0.76000001 -0.43004942 -0.43 -0.43 -0.43000346 -1.43 -1.43 -1.43 -1.43 -1.43 -1.5862391 -1.03 -1.03 -1.03 -1.030105 -1.5200011 -1.52 -1.52 -1.52 -1.15 -1.15 -1.15 -1.1499582 -0.85 -0.7 -0.7 -0.7 -0.69999089 -0.47997886 -0.17 -0.17 -0.17 -0.22999636 -0.23 -0.23 -0.23 -8.2375876e-07 -1.0926684e-44 8.415387e-144 3.681873e-47 0.2 0.2 0.2 
-0.16 -0.16000096 -1.0797729 -1.08 -1.08 -1.08 -1.1999745 -1.2 -1.2 -1.2 -1.02 -1.02 -1.02 -1.02 -1.4281076 -1.43 -1.43 -1.43 -1.43 -1.6099999 -1.61 -1.61 -1.5399999 -1.54 -1.54 -1.54 -1.5382737 -1.52 -1.3300078 -1.33 -1.33 -1.33 -1.33 -0.62 -0.62 -0.62 -0.62 -0.62 -0.47 -0.47 -0.47 -0.47 -0.47 -0.080226114 -0.08 -0.08 -0.08 -9.9468294e-24 2.9656708e-53 1.5857398e-33 0.19996849 0.2 0.2 
-0.16 -0.16 -0.16318181 -0.54000109 -0.54000012 -0.54064376 -1.2 -1.2 -1.2 -1.2 -1.02 -1.02 -1.02 -1.02 -1.02 -1.43 -1.43 -1.43 -1.61 -1.61 -1.61 -1.61 -1.54 -1.54 -1.54 -1.54 -1.54 -1.5399956 -1.3300154 -1.33 -1.33 -1.33 -1.3300062 -0.63700705 -0.62001761 -0.62 -0.62 -0.62 -0.47 -0.47 -0.47 -0.47 -0.47 -0.08 -0.08 -0.08 -0.08 -0.042590437 3.4635102e-11 0.42520252 0.43 -0.14 -0.14 
-0.16 -0.16 -0.53995187 -0.54 -0.54 -0.54 -0.70763722 -1.2 -1.2 -1.2 -1.02 -1.02 -1.02 -1.02 -1.02 -1.4296902 -1.43 -1.6099472 -1.61 -1.61 -1.61 -1.61 -1.565932 -1.54 -1.54 -1.54 -1.54 -1.5398797 -1.37 -1.37 -1.37 -1.37 -1.37 -0.65 -0.65 -0.65 -0.65 -0.65 -0.37 -0.37 -0.37 -0.37 -0.37 -0.078193167 -0.079999622 -0.079999997 -0.079874564 -0.064833309 0.43 0.43 0.43 -0.13999681 -0.14 
-0.15999932 0.20278649 -0.5399999 -0.54 -0.54 -0.54 -0.54 -1.199719 -1.2 -1.2 -1.02 -1.02 -1.02 -1.02 -1.6360068 -1.65 -1.65 -1.610001 -1.61 -1.61 -1.61 -1.61 -1.6100001 -1.54 -1.54 -1.54 -1.54 -1.6699997 -1.6699999 -1.6061527 -1.37 -1.37 -1.37 -0.65000001 -0.65 -0.65 -0.65 -0.65067051 -0.37 -0.37 -0.37 -0.37 -0.36998238 0.66 0.66 0.66 0.66 0.65998145 0.43 0.43 0.43 0.42999981 0.11617087 
0.21 0.21 0.034360464 -0.54 -0.54 -0.54 -0.54 -0.54 -1.1997177 -0.85000001 -0.85 -0.85 -0.85040344 -1.6499991 -1.65 -1.65 -1.65 -1.65 -1.6100034 -1.6387203 -1.89 -1.89 -1.89 -1.8025983 -1.5704138 -1.7331524 -1.870329 -1.67 -1.67 -1.67 -1.67 -1.67 -1.6587171 -1.6398877 -1.64 -1.64 -1.64 -1.64 -0.32679422 -0.14000041 -0.14 -0.14 -0.14 0.30000106 0.65999991 0.66 0.66 0.95 0.43000833 0.43 0.43 0.12 0.12 
0.21 0.21 -0.039999998 -0.04 -0.04 -0.53983345 -0.54 -0.54 -0.85 -0.85 -0.85 -0.85 -0.85 -1.65 -1.65 -1.65 -1.65 -1.65 -1.89 -1.89 -1.89 -1.89 -1.89 -1.92 -1.92 -1.92 -1.92 -1.67 -1.67 -1.67 -1.67 -1.67 -1.63 -1.63 -1.64 -1.64 -1.64 -1.2300698 -1.23 -0.14 -0.14 -0.14 -0.13999995 0.3 0.3 0.3 0.95 0.95 0.95 0.42 0.42 0.12 0.12 
0.21 0.21 -0.04 -0.04 -0.04 -0.04 -0.040004117 -0.79 -0.84994351 -0.85 -0.85 -0.85 -0.85 -1.6400207 -1.65 -1.65 -1.65 -1.65 -1.89 -1.89 -1.89 -1.89 -1.89 -1.92 -1.92 -1.92 -1.92 -1.919999 -1.67 -1.67 -1.67 -1.6300021 -1.63 -1.63 -1.63 -1.64 -1.23 -1.23 -1.23 -1.2013201 0.12133263 0.17 0.17 0.3 0.3 0.3 0.95 0.95 0.95 0.42 0.42 0.42 -0.03397178 
1.48 1.47999 -0.04 -0.04 -0.04 -0.04 -0.79 -0.79 -0.79 -0.85 -0.85 -0.85 -0.85 -0.8502487 -1.65 -1.65 -1.65 -1.65 -1.8899955 -1.89 -1.89 -1.89 -1.9146974 -1.92 -1.92 -1.92 -1.92 -1.8400001 -1.84 -1.84 -1.6718231 -1.63 -1.63 -1.63 -1.6299988 -0.41000002 -1.23 -1.23 -1.23 -1.23 0.17 0.17 0.17 0.86 0.86 0.86 1.2499708 0.95 0.95 0.42 0.42 0.42 -0.049998635 
1.48 1.48 -0.04 -0.04 -0.04 -0.79 -0.79 -0.79 -0.79 -0.84343438 -0.85 -0.85 -0.85 -0.85000275 -1.2000518 -1.2 -1.2 -1.2 -0.89936615 -1.16 -1.16 -1.16 -1.16 -1.92 -1.92 -1.92 -1.9199947 -1.84 -1.84 -1.84 -1.84 -1.6298806 -0.94378529 -0.41 -0.41 -0.41 -1.225667 -0.070024151 -0.07 -0.07 0.17041514 0.69999998 0.7 0.86 0.86 0.86000165 1.25 1.25 0.2 0.2 0.2 0.49 0.44 
1.48 1.48 0.18 0.18 0.18 -0.79 -0.79 -0.79 -0.79 -1.23 -1.23 -1.23 -1.23 -1.2278858 -1.2 -1.2 -1.2 -1.2 -0.89 -1.16 -1.16 -1.16 -1.16 -2.35 -2.3499998 -1.9200006 -1.84 -1.84 -1.84 -1.84 -1.3944778 -0.96 -0.47544246 -0.41 -0.41 -0.41 -0.07 -0.07 -0.07 -0.07 0.7 0.7 0.7 1.219836 1.22 1.2498652 1.25 1.25 0.20000206 0.2 0.49 0.49 0.44 
1.48 0.18000001 0.18 0.18 0.18 0.18 -0.79442485 -1.36 -1.36 -1.23 -1.23 -1.23 -1.23 -1.2299929 -1.2 -1.2 -1.2 -1.1859932 -0.89 -0.89 -1.16 -1.16 -2.35 -2.35 -2.35 -2.35 -1.84 -1.84 -1.84 -1.84 -0.96 -0.96 -0.96 -0.41055655 -0.41 -0.41 -0.07 -0.07 -0.07 -0.07 0.7 0.7 0.7 1.22 1.22 1.2199892 1.03 1.03 0.55 0.55 0.49 0.49 0.44 
0.19220862 0.18 0.18 0.18 0.18 0.18 -1.36 -1.36 -1.36 -1.2904186 -1.23 -1.23 -1.23 -1.2299993 -1.2 -1.2 -1.2 -0.89 -0.89 -0.89 -1.1599865 -1.1600073 -2.35 -2.35 -2.35 -2.35 -1.8400363 -1.84 -1.84 -0.96020238 -0.96 -0.96 -0.96 -0.96 -0.41067359 0.04 0.04 0.038096259 -0.07 -0.07 0.69999932 0.7 1.2048809 1.22 1.22 1.0300001 1.03 1.03 0.55 0.55 0.72 0.72 0.66 
0.18 0.18 0.18 0.18 0.18 0.18 -1.36 -1.36 -1.36 -1.36 -1.2000009 -1.2 -1.2 -1.2 -1.2000003 -1.2576909 -1.29 -1.29 -0.8907374 -0.89 -0.89000005 -2.3499983 -2.35 -2.35 -2.35 -2.35 -2.3496292 -1.84 -1.8399699 -0.96 -0.96 -0.96 -0.96 -0.96 0.04 0.04 0.04 0.04 0.04 0.039999837 0.14 0.14 0.14000017 0.65 0.65 0.65 0.67 0.67 0.6 0.6 0.72 0.71999987 0.66 
0.18 0.18 0.18 0.18 0.18 0.18 -1.36 -1.36 -1.36 -1.2 -1.2 -1.2 -1.2 -1.2 -1.2237238 -1.29 -1.29 -1.29 -1.29 -1.29 -1.2709013 -2.35 -2.35 -2.35 -2.35 -2.3120048 -1.1418961 -1.7446843 -0.9643397 -0.96 -0.96 -0.96 -0.96 -0.95999781 0.04 0.04 0.04 0.04 0.04 0.086519768 0.14 0.14 0.14 0.65 0.65 0.65 0.67 0.67 0.6 0.6 0.6 0.65669018 0.66 
0.18 0.18 0.18 0.18 0.18 0.17999954 -1.3599996 -1.36 -1.3533591 -1.2 -1.2 -1.2 -1.2 -1.2 -1.204317 -1.29 -1.29 -1.29 -1.29 -1.29 -1.29 -1.3254612 -1.1400017 -1.14 -1.14 -1.14 -1.14 -1.14 -0.4698257 -0.46000592 -0.46000001 -0.46 -0.46 -0.45999964 0.04 0.04 0.04 0.04 0.04 0.13999999 0.14 0.14 0.14 0.14000023 0.64988777 0.58 0.66999999 0.34570897 0.59977219 0.6 0.6 0.603118 0.75 
0.18 0.18 0.18 0.18 0.18 0.17990162 -1.3599169 -1.3599903 -1.2000002 -1.2 -1.2 -1.2 -1.2 -1.2 -1.2017125 -1.29 -1.29 -1.29 -1.29 -1.29 -1.29 -1.14 -1.14 -1.14 -1.14 -1.14 -1.14 -1.14 -0.46018771 -0.46 -0.46 -0.46 -0.46 -0.46 -0.32300005 0.04 0.04 0.04 0.04 0.14 0.14 0.14 0.14 0.14011272 0.58 0.58 0.5784958 0.34 0.34 0.6 0.6 0.75 0.75 
0.18 0.18 0.18 0.18 0.17999999 0.1779462 -1.3581674 -1.218055 -1.2 -1.2 -1.2 -1.2 -1.2 -1.2 -1.2015756 -1.29 -1.29 -1.29 -1.29 -1.29 -1.2686427 -1.14 -1.14 -1.14 -1.14 -1.14 -1.14 -1.14 -0.46000273 -0.46 -0.46 -0.46 -0.46 -0.46 -0.46 0.15936959 0.34496698 0.44644105 0.4618838 0.15864081 0.14000001 0.14 0.14 0.57996486 0.58 0.57737356 0.14000096 0.34 0.34 0.7099433 0.71 0.71 0.74999998 
0.18 0.18 0.18 0.18 0.17999844 0.16715707 -1.3353777 -1.200044 -1.2 -1.2 -1.2 -1.2 -1.2 -1.2 -1.2021016 -1.29 -1.29 -1.29 -1.29 -1.29 -1.1400006 -1.14 -1.14 -1.14 -1.14 -1.14 -1.14 -1.14 -0.46000019 -0.46 -0.46 -0.46 -0.46 -0.46 -0.45999981 0.47 0.47 0.47 0.47 0.43 0.43 0.43 0.43 0.14000127 0.14 0.14 0.14 0.14000344 0.45 0.45 0.71 0.71 0.71483939 
0.18 0.18 0.18 0.17999988 0.17995699 0.13826396 -1.2083249 -1.2000021 -1.2 -1.2 -1.2 -1.2 -1.2 -1.2 -1.2030552 -1.29 -1.29 -1.29 -1.29 -1.2890972 -1.14 -1.14 -1.14 -1.14 -1.14 -1.14 -1.14 -1.14 -0.46000015 -0.46 -0.46 -0.46 -0.46 -0.46 0.46999915 0.47 0.47 0.47 0.47 0.43 0.43 0.43 0.43 0.35173025 0.14 0.14 0.14 0.44999653 0.45 0.45 0.72 0.72 0.72 
0.18 0.18 0.17999993 0.17999651 0.17957886 0.030869467 -1.2002808 -1.2000005 -1.2 -1.2 -1.2 -1.2 -1.2 -1.2 -1.2043468 -1.2899979 -1.29 -1.29 -1.2899998 -1.1430392 -1.14 -1.14 -1.14 -1.14 -1.14 -1.14 -1.14 -1.14 -0.46000064 -0.46 -0.46 -0.46 -0.46 0.23543985 0.47000001 0.47 0.47 0.47 0.47 0.43 0.43 0.43 0.43 0.43 0.14 0.14 0.14 0.45 0.45 0.45 0.72 0.72 0.72 
0.17999999 0.1799999 0.17999854 0.17995877 0.1775166 -0.630143 -1.2000105 -1.2000003 -1.2 -1.2 -1.2 -1.2 -1.2 -1.2000002 -1.2058825 -1.2899671 -1.29 -1.29 -1.2892234 -1.1400128 -1.14 -1.14 -1.14 -1.14 -1.14 -1.14 -1.14 -1.1399996 -0.46000426 -0.46 -0.45999933 0.40648343 0.49 0.49 0.49 0.47 0.47 0.47 0.47 0.43 0.43 0.43 0.43 0.43 0.14000514 0.14 0.14000015 0.44999998 0.45 0.45000015 0.72 0.72 0.72 
