interpolatedSpi/07-09|23_3.tif
NCOLS 53
NROWS 52
XLLCORNER -116.03883
YLLCORNER 28.596182
DX 0.49850594
DY 0.49788537
NODATA_VALUE -9999
[rows 0 to 29 of 52, columns 0 to 52 of 53]
0.55333333 0.55333333 1.1869772 1.5133333 1.32 1.2466667 1.1933333 1.2133333 -0.21022879 -0.37 0.053333333 -0.14666667 -0.80995471 -0.26 -0.37 -0.37 -0.37 -1.19 -0.48 -0.48 -0.48 -0.47999955 -0.43333334 -0.65666667 -0.65666667 -0.65666667 -1.0033403 -1.0033333 -1.0033333 -1.2066667 -1.2066667 -1.2066667 -1.2066667 -0.82333341 -0.82333333 -0.82333333 -0.82333333 -0.82333333 -0.82333333 -0.8233333 0.46940918 0.48303451 -0.69 -0.69 -0.69 -0.69 -0.68903633 -0.1 -0.1 -0.1 0.63999846 0.64 0.64
0.55331467 0.13333333 1.3066656 1.1559065 1.3531368 0.35333333 0.44 -0.012883585 -0.61333333 -0.40666667 -0.26333333 -0.81 -0.81 -1.0174658 -0.26001015 -0.37 -1.19 -1.19 -0.48092574 -0.48 -0.48 -0.48 -0.71614658 -0.65666667 -0.65666667 -0.65666667 0.0099999541 0.0099999996 -1.2066667 -1.2066667 -1.2066667 -1.2066667 -1.2066667 -0.82333339 -0.82333333 -0.82333333 -0.82333333 -0.82333333 -0.82333333 -0.65744804 0.26655156 -0.57391683 -0.69 -0.69 -0.69 -0.69 -0.69 -0.1 -0.1 -0.1 -0.038638492 0.64 0.64
0.92332528 0.92333333 0.34333333 0.21 0.40333333 1.5166667 0.72 0.92333333 -0.26666667 -0.66666667 -0.56 -0.18333333 -0.60666667 -1.75 -1.02 -1.6133333 -1.19 -1.19 -1.19 -0.42334981 -0.42333333 -0.42333333 -1.7866667 -0.65666667 -0.65666667 -0.65666667 0.01 0.01 0.01 -1.2066667 -1.2066667 -1.2066667 -1.38318 -0.82400568 -0.82348846 -0.83984728 -0.84 -0.84 -0.7008105 0.26666666 0.26666667 0.26544333 -0.69 -0.69 -0.69 -0.69 -0.69 -0.1 -0.1 -0.1 -0.099999999 0.64 0.64
1.0666667 0.92333318 0.14645425 -0.0033333336 -0.95333333 -0.38333333 -0.033333333 -0.6 0.41333333 -0.50737166 -0.50666667 -1.2933333 -1.1033333 -1.75 -1.0033333 -1.6133333 -1.1833154 -1.180007 -0.83333333 -0.42333333 -0.42333333 -0.88666667 -1.7866667 -1.7866667 -0.65666667 -0.65666334 0.01 0.01 0.01 -1.5233333 -1.5507672 -1.5733333 -1.5733333 -1.5733328 -0.84 -0.84 -0.84 -0.84 0.26666667 0.26666667 0.26666667 0.26666663 -0.69 -0.69 -0.69 -0.69 -0.69 -0.10000744 -0.1 -0.1 -0.1 0.6398896 0.64
1.0666667 0.056666832 0.14666667 -0.53285214 -0.95333333 -1.0666667 -0.94667286 -0.81333333 -1.37 -0.52333377 -0.8904136 -1.0498825 -0.23 -1.0033333 -1.0033333 -1.404675 -1.18 -1.18 -0.83333333 -0.83333333 -0.42333426 -0.88666667 -0.80333333 -0.35 -0.6 -0.59997022 0.01 0.01 -1.5233333 -1.5233333 -1.5733333 -1.5733333 -1.5733333 -1.4777895 -0.84 -0.84 -0.84 0.26666667 0.26666667 0.26666667 0.26666667 0.26644658 -0.69000002 -0.69 -0.69 -0.69 -0.69 -0.68474827 -0.1 -0.10011838 -2.74 -2.74 -2.74
-0.92 -0.39666667 -0.46999998 -0.24333333 -0.26333333 -1.5233333 -1.6333333 -1.5283498 -0.83 -1.5433333 -1.8966667 -1.1766667 -1.176666 -1.89 -1.89 -1.1965186 -1.1966667 -1.8066667 -1.8066667 -0.83333355 -0.88333333 -0.88333333 -0.35 -0.6 -0.6 -0.47333333 -1.3066667 -1.3066667 -1.3566822 -1.5233333 -1.5733333 -1.5733333 -1.0666667 -1.0666486 -0.89334563 -0.35666667 -0.35666667 0.073824271 0.26666667 0.26666667 -2.0104897 -2.0133333 -2.0133307 -1.1451542 -1.1532821 -1.1533332 -1.1533333 -1.1533332 -2.3645407 -2.74 -2.74 -2.74 -2.74
-0.1933227 -0.5 0.12909646 -0.47666667 -1.0033333 -2 -1.2366667 -1.3833333 -1.84 -1.84 -1.8966667 -2.31 -2.0166664 -1.89 -0.58333725 -0.58333333 -1.1966667 -0.52333333 -1.08 -1.08 -0.56444409 -0.20666667 -0.20666667 -0.53333333 -0.47333333 -0.47333333 -1.3066667 -1.3066667 -1.3566843 -1.3569921 -1.0684969 -1.0666667 -1.0666667 -0.89333333 -0.89333333 -0.87770564 -0.35666667 -0.35666667 -1.1033075 -2.0133321 -2.0133333 -2.0133333 -2.0133188 -1.153336 -1.1533333 -1.1533333 -1.1533333 -1.1533341 -2.38 -2.7399287 -2.74 -2.74 -2.74
-0.19333333 -0.91333333 -0.46333333 -1.13 -0.33671215 -1.6366667 -2.4066667 -1.98 -2.26 -2.3266667 -2.3266667 -0.95 -2.0166667 -2.0166667 -0.59316733 -1.0053174 -1.0466667 -0.74 -1.0966666 -1.08 -1.0206869 -0.95333333 -1.0733333 -0.74333333 -0.74334464 -1.62 -1.2966667 -1.2966667 -1.6589371 -1.66 -1.0666667 -1.2937554 -1.0566667 -0.89333333 -0.91149183 -1.3133333 -1.3133333 -1.1033333 -1.1033333 -2.0133333 -2.0133333 -2.0133333 -1.6204468 -1.6233333 -1.1533333 -1.1533333 -1.1533333 -2.3799533 -2.38 -2.38 -2.74 -2.74 -2.74
-0.94367644 -0.91333333 -0.35 -1.0033333 -0.31666667 -1.4166667 -1 -0.83 -1.8866667 -1.3497253 -0.29666667 -1.28 -1.28 -0.83 -0.83000238 -0.1691193 -0.16666667 -0.16666667 -0.79444571 -1.63 -1.7466667 -1.7466667 -1.4433333 -1.2191442 -1.5316551 -1.62 -1.0866667 -1.2966667 -1.5452139 -1.5466667 -1.36 -1.39 -1.0542306 -1.7833333 -1.53 -1.9733333 -1.5566667 -0.19 -0.56316094 -2.0086613 -0.96666667 -1.1066667 -1.6232709 -1.6233333 -1.6206879 -1.1533333 -1.0633333 -2.38 -2.38 -2.38 -2.38 -2.6926872 -0.62333333
-1.1133333 -1.1133333 -0.12666667 -0.20333333 -0.78 0.086666667 -1.0733333 -2.1566667 -1.5633333 -1.2134338 -1.71 -0.68333333 -0.83 -0.83 -1.0833333 -1.0707608 -0.16666667 -0.16668624 -0.22 -1.63 -1.63 -1.6450305 -1.4433333 -1.6566626 -1.6566667 -1.6566667 -1.0866667 -0.96666667 -0.96666667 -1.5466667 -1.5466667 -1.3887356 -0.72333333 -1.7833333 -1.5566667 -1.9733333 -1.5566667 -1.3233333 -0.56333333 -0.80928165 -1.1066667 -1.1556453 -1.24 -1.6233333 -1.6233333 -1.0633333 -1.0633333 -1.0633333 -2.38 -2.38 -2.36 -2.36 -2.3599993
-1.1133333 -1.1133333 -0.43666667 -0.75 -0.62 0.053333333 -1.36 -0.5750471 0.11666667 0.21 -0.48333333 -0.38333333 -0.68293416 -1.0833333 -1.0833333 -1.0832714 -0.54666667 -0.52952167 -0.22 -0.53666667 -0.53666667 -0.40666667 -0.40666667 -1.6566667 -1.6566667 -1.6566667 -0.96666667 -0.96666667 -0.96666667 -1.2766667 -1.2766667 -1.2766658 -1.7933333 -1.7933333 -2.6033333 -1.7233333 -1.9 -1.0833422 -1.2266667 -0.81333333 -0.81333333 -1.146667 -1.24 -1.6233333 -1.0466666 -0.76333333 -1.3321705 -1.3333333 -2.3333333 -2.3333333 -2.36 -2.36 -2.36
-1.1133333 -0.82120941 -0.57037718 -0.19332713 -0.45 -0.34666667 -1.36 -0.57333333 0.1166609 0.20896598 -0.38333256 -0.38333333 -0.51 -1.0833333 -1.0833333 -0.54666668 -0.54666667 -0.54664807 -0.22 -0.53666667 -0.51113731 -0.40666667 -0.40666667 -1.656616 -1.6566667 -1.4419032 -1.0033333 -1.0033333 -1.0033333 -1.2766667 -1.2766667 -0.94666667 -0.94666667 -1.7933356 -2.6033333 -1.423334 -1.936881 -1.0833333 -1.0833333 -0.81333334 -1.1466667 -1.1466667 -1.146666 -1.0466667 -1.0466667 -0.76333333 -1.3333333 -1.3333333 -2.3333333 -2.3333333 -2.36 -2.36 -2.36
-0.41333333 -0.23505413 -0.21335277 -0.21319124 -0.44999957 -0.34666911 -1.36 -0.58301673 0.06911861 0.11910385 -0.51 -0.51 -0.51 -0.51 -1.0832521 -0.54666667 -0.54666667 -0.54244888 -0.22 -0.53651616 -0.023333333 -0.023333333 -0.023333333 -0.023333333 -1.6284894 -1.0033333 -1.0033333 -1.0033333 -1.0033333 -1.0032328 -0.94666667 -0.94666667 -0.94666667 -0.94666667 -1.4233333 -1.4233333 -1.4233333 -1.1009481 -1.0874391 -1.63 -1.63 -1.1466927 -1.5166506 -1.0467119 -1.0466667 -0.76333333 -1.3333333 -1.3333333 -2.3333333 -2.3333333 -2.3599033 -2.36 -1.9169362
-0.41333333 -0.21333333 -0.21333333 -0.21333333 -0.21333333 -0.21333339 -1.357406 -0.98768903 -0.057735176 -0.50932266 -0.51 -0.51 -0.51 -0.51 -0.50999924 -0.54666667 -0.54666662 -0.52425956 -0.22000391 -0.023333333 -0.023333333 -0.023333333 -0.023333333 -0.023333333 0.00022511098 -0.25386704 -0.063333528 -0.063333333 -0.063333333 -0.063333333 -0.94666664 -0.94666667 -0.94666566 -0.11 -0.11 -1.4233333 -0.79464935 -0.77666667 -1.6299995 -1.63 -1.63 -1.63 -1.5166667 -1.5166667 -1.5166667 -1.5114242 -1.3398382 -1.34 -1.34 -1.34 -1.34 -1.9966667 -1.9966667
-0.54 -0.21333333 -0.21333333 -0.21333333 -0.21333333 -0.21333333 -0.2133334 -0.59567658 0.54318703 0.54666667 0.54666667 0.54666667 0.54666667 0.54666667 0.54666666 1.3303259 -0.51659134 -0.50193468 -0.02335817 -0.023333333 -0.023333333 -0.023333333 -0.023333333 -0.023332139 1.0666667 1.0666667 1.0666651 -0.063333333 -0.063333333 -0.061237445 0.98333333 0.98333333 -0.11 -0.11 -0.11 -0.66987351 -0.77666667 -0.77666667 -0.77666667 -1.63 -1.63 -1.63 -1.5166667 -1.5166667 -1.5166667 -1.5166667 -1.34 -1.34 -1.34 -1.34 -1.34 -1.9966667 -1.9966667
-0.54 -0.41838571 -0.21333333 -0.21333333 -0.21333333 -0.21333333 0.84645862 0.84666667 0.84666666 0.54666667 0.54666667 0.54666667 0.54666667 0.54666667 0.72315226 1.3466667 1.3466667 1.3466667 1.0002078 1.0033323 1.0033333 1.0033333 1.0033333 1.0033333 1.0666667 1.0666667 1.0666667 1.0666667 -0.063333333 0.98333333 0.98333333 0.98333333 -0.1099999 -0.11 -0.11 0.15666667 -0.7754309 -0.77666667 -0.77666667 -1.6299183 -1.4674506 -1.0882906 -1.5166667 -1.5166667 -2.041708 -2.0433333 -2.0433333 -1.3405672 -1.6821335 -1.6833333 -1.6833333 -1.5733974 -1.9966658
-0.54 0.39746094 0.10884931 -0.21333333 -0.21333333 0.84604037 0.84666667 0.84666667 0.84666667 0.84450478 0.54666667 0.54666667 0.54666667 0.54666676 1.3466667 1.3466667 1.3466667 1.3466667 1.00364 1.0033333 1.0033333 1.0033333 1.0033333 1.0033333 1.0666667 1.0666667 1.0666667 1.0666667 1.0663636 0.98333333 0.98333333 0.98333333 1.3466667 -0.10993771 0.15666667 0.15666667 0.15666667 0.15615749 -1.0670036 -1.0866667 -1.0866667 -1.0866667 -2.1233333 -2.1233333 -2.0433333 -2.0433333 -2.0433333 -1.6833333 -1.6833333 -1.6833333 -1.6833333 -1.5733333 -1.5733333
0.42280596 0.42333333 0.42333333 0.42333334 1.0566667 0.84667208 0.84666667 0.84666667 0.84666667 0.84666667 0.56710799 0.54667018 0.54666667 1.3466667 1.3466667 1.3466667 1.3466667 1.3466667 1.3374271 1.0033333 1.0033333 1.0033333 1.0033333 1.0033333 1.1621354 1.3699984 1.37 1.37 1.37 0.98333335 1.3466667 1.3466667 1.3466667 1.3466667 0.15666667 0.15666561 0.11666667 0.11666667 -1.0716413 -1.0866667 -1.0866667 -1.0866667 -2.1233333 -2.1233333 -2.0557201 -2.0433333 -2.0433333 -1.6833333 -1.6833333 -1.6833333 -1.6821538 -1.5733333 -1.5733333
0.42333333 0.42333333 0.42333333 0.72157945 1.0566667 1.0566667 0.84666667 0.84666667 0.84666667 0.84666667 0.81666667 0.81666667 0.81666667 1.3466667 1.3466667 1.3466667 1.3466667 1.3467383 1.6266667 1.6266667 1.0033336 1.0033333 1.0090952 1.24 1.2411703 1.37 1.37 1.37 1.37 1.346669 1.3466667 1.3466667 1.3466667 1.3466667 0.11666681 0.11666667 0.11666667 0.11666667 0.11242752 -1.0866667 -1.0866667 -1.0866667 -2.1233333 -2.1233333 -2.1233333 -2.0433333 -2.0433333 -1.6833333 -1.6833333 -1.6833333 -1.5733333 -1.5733333 -1.5733333
0.42333333 0.42333333 0.42333333 1.0566667 1.0566667 1.0566667 1.0566663 0.84666667 0.84666667 0.81669764 0.81666667 0.81666667 0.81666667 0.81699689 1.6974164 1.78 1.78 1.78 1.6266667 1.6266667 1.6266667 1.24 1.24 1.24 1.2398786 1.074518 1.37 1.37 1.37 0.935176 0.84004983 0.84 0.84 0.84 0.067791847 -0.0033330608 -0.0033333333 -0.0033333333 -0.0033333333 -1.566601 -1.5666667 -1.5666667 -2.1233333 -2.1233333 -1.8933343 -1.8933332 -1.5866667 -1.5866667 -1.1766667 -1.1766667 -1.1766667 -1.5733333 -1.2569498
0.42333406 0.42333333 0.42333336 1.0566667 1.0566667 1.0566667 1.0566667 0.4900001 0.84524057 0.81668782 0.81666667 0.81666667 0.81666667 0.81855699 1.78 1.78 1.78 1.78 1.6266667 1.6266667 1.6266667 1.24 1.24 1.24 0.80666667 0.80666667 1.1633333 1.1633333 1.1633333 1.1615694 0.84 0.84 0.84 0.84 0.41856489 -0.0033333333 -0.0033333333 -0.0033333333 -0.0033333333 -1.5666667 -1.5666667 -1.5666667 -1.5769448 -1.8933333 -1.8933333 -1.8933333 -1.5866667 -1.5866667 -1.1766667 -1.1766667 -1.1766667 -1.2566667 -1.2566667
0.65666667 0.54998251 0.63 0.63012378 1.0566667 0.49327871 0.49 0.49 0.55680275 0.84 0.84 0.84 0.84 1.803302 1.8033333 1.78 1.78 1.7759599 1.6266667 1.6266667 1.6266667 1.0133333 1.0133333 1.0133333 0.80666667 0.80666667 1.1633333 1.1633333 1.1633333 1.1633334 1.3066637 1.3066654 0.85172897 0.8405003 0.10417457 0.10333333 0.10333333 0.10333333 0.10333333 -1.5666667 -1.5666667 -1.5666667 -1.8753454 -1.8933333 -1.8933333 -1.8933333 -1.5866667 -1.5866667 -1.5866519 -1.1766667 -1.1766753 -1.37 -1.2566667
0.59001266 0.59000001 0.63 0.63 0.63 0.49 0.49 0.49 0.67333333 0.67333333 0.84 0.84 0.84 1.8033333 1.8033333 1.8033333 1.8033333 1.8033136 1.6266667 1.6266667 1.6266666 1.0133333 1.0133333 1.0133333 0.80666667 0.80666667 1.1633333 1.1633333 1.1633333 1.3050506 1.3066667 1.3066667 1.3066667 1.3066667 0.10392711 0.10333333 0.10333333 0.10333333 0.10333333 -0.63666691 -0.63666667 -0.63666667 -0.63666667 -1.8933311 -1.5966667 -1.5966667 -1.5966667 -1.58 -1.58 -1.58 -1.37 -1.37 -1.37
0.59 0.59 0.63 0.63 0.63 0.49073586 0.49 0.67333333 0.67333333 0.67333333 0.83997948 0.84 0.96801621 1.8033331 1.8033333 1.8033333 1.8033333 1.0866667 1.0866667 1.0866667 1.4766667 1.4766663 1.0133356 1.0133333 1.0134117 1.2433333 1.2433333 1.2433331 1.1633463 1.1566966 1.1566675 1.1566929 1.3064103 1.3065372 0.31755231 0.10333333 0.10332216 0.1 0.1 -0.63666667 -0.63666667 -0.63666667 -0.63666667 -1.5966667 -1.5966667 -1.5966667 -1.5966667 -1.58 -1.58 -1.58 -1.37 -1.37 -1.37
0.59 0.59 0.63 0.63 0.63 0.63 0.55861631 0.67333333 0.67333333 0.67333333 0.67351194 0.99666667 0.99666667 0.99666667 1.7985795 1.8033333 1.0914424 1.0866667 1.0866667 1.0866667 1.4766667 1.4766667 1.4766667 1.4766667 1.2433333 1.2433333 1.2433333 1.2433333 1.2433333 1.1566667 1.1566667 1.1566667 1.1566667 1.1566647 0.21333333 0.1 0.1 0.1 0.1 0.099996364 -0.93333333 -0.93333333 -0.93333333 -1.0103507 -1.17 -1.17 -1.17 -1.58 -1.5800001 -1.6333333 -1.6333333 -0.7301557 -0.73
0.59 0.59 0.61556281 0.63 0.63 0.63 0.59014788 0.67307071 0.67333333 0.67333333 0.99666653 0.99666667 0.99666667 0.99666667 0.99666667 1.0627999 1.0866667 1.0866667 1.0866667 1.0866667 1.4766636 1.4766667 1.4766667 1.4766667 1.2433333 1.2433333 1.2433333 1.2433333 1.2433333 0.47436357 1.1566667 1.1566667 1.1566667 0.21333333 0.21333333 0.21324533 0.1 0.1 -0.031314987 -0.13333332 -0.93333333 -0.93333333 -0.93333333 -1.0086589 -1.17 -1.17 -1.17 -0.98333333 -1.6252344 -1.6333333 -1.6333333 -0.73 -0.73
0.84333333 0.84333333 0.84333333 0.68348853 0.62972408 0.59 0.59 0.59 0.59 0.34 0.34 0.99666662 0.99666667 0.99666667 0.99666667 0.99667232 1.0866667 1.0866667 1.0866667 1.0866667 1.3064833 1.4766667 1.4766667 1.483471 1.7146991 1.2433333 1.2433333 1.2433333 0.23333333 0.23333333 0.23333333 0.23333721 0.21333333 0.21333333 0.21333333 0.21333333 -0.13333333 -0.13333333 -0.13333333 -0.13333333 -0.68 -0.68 -0.68 -0.96999417 -0.97 -0.97 -0.97000006 -0.98333333 -0.98333333 -1.6325413 -1.6333333 -0.72999934 -0.73
0.84333333 0.84333333 0.84333333 0.84331161 0.44 0.46181246 0.59 0.59 0.59 0.34 0.34 0.34 -0.30999994 -0.31 -0.31 -0.30999999 1.082887 1.0866667 1.0866667 1.0866667 1.0925946 1.736666 1.7366667 1.7366667 1.7366667 1.7366666 0.72 0.72 0.23333333 0.23333333 0.23333333 0.23333333 0.21333332 0.21333333 0.21333333 0.21333198 -0.13333333 -0.13333333 -0.13333333 -0.13312861 -0.68 -0.68 -0.68 -0.96998655 -0.97 -0.97 -0.97 -0.98333333 -0.98333333 -0.98333328 -0.6 -0.6 -0.38666667
0.84333333 0.84333333 0.84333333 0.44000093 0.44 0.44 0.58999994 0.59 0.59 0.34 0.34 0.34 -0.31 -0.31 -0.31 -0.36077303 -0.97666667 -0.97666667 -0.97666134 1.0750124 1.7366667 1.7366667 1.7366667 1.7366667 1.7366667 1.7359016 0.72 0.72 0.72 0.23333333 0.23333333 0.23358007 0.19666667 0.19666667 0.19666667 -0.083333332 -0.083333333 -0.086666667 -0.086666667 -0.086666667 -0.48333333 -0.67993831 -0.67999764 -0.36333333 -0.36333333 -0.38632531 -0.96999842 -0.98333333 -0.98333333 -0.6 -0.6 -0.6 -0.38666667
0.84333333 0.84333333 0.84333333 0.44 0.44 0.44 0.44 0.59 0.59 0.34 0.34 -0.28400937 -0.31 -0.31 -0.31 -0.97666667 -0.97666667 -0.97666667 -0.97666667 -0.97666667 1.7366667 1.7366667 1.7366667 1.7366667 1.7366667 0.72000347 0.72 0.72 0.72 0.61666667 0.61666667 0.61666667 0.19666667 0.19666667 0.19666667 -0.083333333 -0.083333333 -0.086666667 -0.086666667 -0.48333333 -0.48333333 -0.48333333 -0.36333333 -0.36333333 -0.36333333 -0.36333333 -0.3540233 -0.25 -0.25 -0.25 -0.6 -0.53 -0.53
