interpolatedSpi/07-06|22_2.tif
NCOLS 53
NROWS 52
XLLCORNER -116.03883
YLLCORNER 28.596182
DX 0.49850594
DY 0.49788537
NODATA_VALUE -9999
0.82 0.82 0.0099743664 -0.25 0.14 0.35 0.6 0.2 0.19310045 0.88 1.05 2.42 1.6600099 1.78 1.67 1.67 1.67 1.53 1.56 1.56 1.56 1.5599936 0.9 1.04 1.04 1.04 0.73000216 0.73 0.73 0.65 0.65 0.65 0.65 2.1199997 2.12 2.12 2.12 2.12 2.12 2.12 1.0811898 1.070293 2.22 2.22 2.22 2.22 2.2204083 2.47 2.47 2.47 1.5600019 1.56 1.56 
0.81995912 -0.1 0.14000081 0.30359085 0.36013775 0.7 0.38 1.5288804 1.14 1.51 1.63 1.66 1.66 1.7401334 1.7799985 1.67 1.53 1.53 1.5599609 1.56 1.56 1.56 1.0526329 1.04 1.04 1.04 0.92000001 0.92 0.65 0.65 0.65 0.65 0.65 2.1199998 2.12 2.12 2.12 2.12 2.1199999 2.125162 2.2599231 2.2248529 2.22 2.22 2.22 2.22 2.22 2.47 2.47 2.47 2.3945419 1.56 1.56 
0.93996678 0.94 0.84 1.11 0.98 0.57 0.59 1.07 0.63 1.03 1.06 1.25 0.89 1.13 1.74 1.55 1.53 1.53 1.53 0.61027617 0.61 0.61 1.28 1.04 1.04 1.04 0.92 0.92 0.92 0.65 0.65 0.65000006 1.2469361 2.1178004 2.1106921 1.1291635 1.12 1.12 1.263382 2.26 2.26 2.2599488 2.22 2.22 2.22 2.22 2.22 2.47 2.47 2.47 2.47 1.56 1.56 
0.89 0.94000015 1.7000031 2.26 1.08 1.17 1.85 1.31 0.9 1.3868008 1.49 0.56 0.54 1.13 -0.8 1.55 -0.70263234 -0.71842352 -1.06 0.61 0.61 0.14 1.28 1.28 1.04 1.0399994 0.92 0.92 0.92 1.05 1.5108893 1.89 1.89 1.8899994 1.12 1.12 1.12 1.12 2.26 2.26 2.26 2.26 2.22 2.22 2.22 2.22 2.22 2.4699968 2.47 2.47 2.47 1.5599608 1.56 
0.89 2.5499984 1.7 1.6595104 1.08 1.56 1.3900558 2.36 1.26 1.7299998 0.93585025 0.54986249 -0.41 -0.8 -0.8 0.73671608 -0.72 -0.72 -1.06 -1.06 0.609999 0.14 0.23 0.47 1.38 1.3800958 0.92 0.92 1.05 1.05 1.89 1.89 1.89 1.7787421 1.12 1.12 1.12 2.26 2.26 2.26 2.26 2.2598542 2.22 2.22 2.22 2.22 2.22 2.2222253 2.47 2.4699054 0.36 0.36 0.36 
-0.7 1.67 1.08 1.14 0.74 1.87 2.18 2.2030452 1.2 0.07 -0.77 -0.47 -0.46999996 0.63 0.63 -0.10012796 -0.1 -0.27 -0.27 -1.0599997 -0.42 -0.42 0.47 1.38 1.38 1.79 1.27 1.27 1.6799426 1.05 1.89 1.89 1.3 1.3001578 2.8098915 1.65 1.65 2.0712826 2.26 2.26 0.75188329 0.75 0.7500015 1.0411833 1.0201326 1.0200003 1.02 1.0200004 0.70297877 0.36 0.36 0.36 0.36 
-0.59999836 0.42 1.3030062 0.57 0.48 1.35 1.67 1.47 0.67 0.67 -0.77 -0.43 -0.49 0.63 -0.62999623 -0.63 -0.1 -0.43 -0.73 -0.73 -0.30218378 -0.17 -0.17 1.53 1.79 1.79 1.27 1.27 1.6799913 1.6798391 1.5300007 1.3 1.3 2.81 2.81 1.7425888 1.65 1.65 1.9299903 0.75000164 0.75 0.75 0.75000767 1.0199986 1.02 1.02 1.02 1.0199998 0.7 0.36006738 0.36 0.36 0.36 
-0.6 1.25 1.38 0.31 0.15000917 0.45 0.79 0.61 -0.5 0.03 0.03 -0.5 -0.49 -0.49 -0.62903947 -1.5316494 -1.62 -0.63 -0.93999978 -0.73 -0.40971481 -0.38 -0.95 0.32999999 0.32999781 0.16 0.87 0.87000014 1.5305256 1.53 1.53 1.3758596 1.54 2.81 2.7809084 1.82 1.82 1.93 1.93 0.75 0.75 0.75000001 0.7587685 0.76000001 1.02 1.02 1.02 0.70001218 0.7 0.7 0.36 0.36 0.36 
0.99208358 1.25 0.68 -0.12 0.7 0.25 0.51 0.19 0.6 0.51228186 0.74 0.020000006 0.02 1.1 1.0999891 -1.1413378 -1.14 -1.14 -0.67732198 -0.48000005 -0.73 -0.73 -0.13 -0.62685147 0.17713151 0.16 1.26 0.87 1.4366877 1.44 1.33 2.35 1.790943 1.62 1.79 1.65 1.52 1.17 1.6897599 0.7527229 1.36 0.56 0.7599593 0.76 0.76146342 1.02 0.53000003 0.7 0.7 0.7 0.7 0.30023643 0.14 
-0.45 -0.45 1.24 -0.27 -0.22 0.27 -0.16 0.05 0.2 0.49000988 1.46 1.44 1.1 1.1 -0.06 -0.074812688 -1.14 -1.1398641 -0.54 -0.48 -0.48 -0.51220839 -0.13 1.6099671 1.61 1.61 1.26 1.23 1.23 1.44 1.44 2.3478948 1.24 1.62 1.08 1.65 1.52 2.06 1.69 -0.17920677 0.56000004 0.54163303 0.51 0.76 0.76 0.53 0.53 0.53 0.7 0.7 -0.12 -0.12 -0.1199999 
-0.45 -0.45 0.2 0.11 -0.11 -0.33 -0.0099999969 0.65025966 0.8 -0.04 0.96 0.18 1.4383221 -0.06 -0.06 -0.060058834 -0.57 -0.56842546 -0.54 -0.31 -0.31 -0.52 -0.52 1.61 1.61 1.61 1.23 1.23 1.23 0.23 0.23 0.23000167 0.86 0.86 0.51 0.17 0.71 0.4900006 1.23 -0.21 -0.21 0.16000115 0.51 0.76 0.8799999 0.77 0.2213351 0.22 0.52 0.52 -0.12 -0.12 -0.12 
-0.45 -0.16932445 0.16159379 -0.0099905173 0.81 -0.73 -0.01 0.65 0.79999875 -0.030693819 0.17999971 0.18 -0.43 -0.060000001 -0.06 -0.56999998 -0.57 -0.56999829 -0.54 -0.31 -0.35123973 -0.52 -0.52 1.6099147 1.61 1.2681317 0.57 0.57 0.57000008 0.23 0.23 0.09 0.09 0.85999904 0.51 1.0199999 0.68594716 0.49 0.49 -0.20999999 0.16 0.16 0.16000526 0.88 0.88 0.77 0.22 0.22 0.52 0.52 -0.12 -0.12 -0.12 
1.72 1.0193294 1.0899636 1.0820396 0.80999215 -0.72996364 -0.01000002 0.64187579 0.78966347 0.77806536 -0.43 -0.43 -0.43 -0.43 -0.060052413 -0.57 -0.57 -0.56961265 -0.54 -0.30993492 -0.08 -0.08 -0.08 -0.08 1.5805372 0.57 0.57 0.57 0.57 0.56965508 0.09 0.09 0.09 0.09 1.02 1.02 1.02 0.51563656 0.48812236 0.24 0.24 0.1600043 0.66000753 0.87997881 0.88 0.77 0.22 0.22 0.52 0.52 -0.11767815 -0.12 -0.07818098 
1.72 1.09 1.09 1.09 1.09 1.0899992 -0.011842884 0.30230689 0.76208641 -0.42869638 -0.43 -0.43 -0.43 -0.43 -0.43000025 -0.56999999 -0.57 -0.5679422 -0.53999893 -0.08 -0.08 -0.08 -0.08 -0.08 -0.077187324 0.20920275 0.04000011 0.04 0.04 0.04 0.089999992 0.09 0.090000794 0.75 0.75 1.02 0.92278083 0.92 0.24000039 0.24 0.24 0.24 0.66 0.66 0.66 0.6607655 0.98510434 0.99 0.99 0.99 0.98999999 0.45999988 0.46 
2.05 1.09 1.09 1.09 1.09 1.09 1.0899999 0.29285519 -0.77129407 -0.78 -0.78 -0.78 -0.78 -0.78 -0.78 0.54267323 -0.55190609 -0.56589174 -0.080057847 -0.08 -0.08 -0.08 -0.08 -0.079999826 0.05 0.05 0.049999986 0.04 0.04 0.038978755 -0.47 -0.47 0.75 0.75 0.75 0.89276765 0.92 0.92 0.92 0.24 0.24 0.24 0.66 0.66 0.66 0.66 0.98999999 0.99 0.99 0.99 0.99 0.46 0.46 
2.05 1.6926029 1.09 1.09 1.09 1.09 0.66008439 0.66 0.65999996 -0.78 -0.78 -0.78 -0.78 -0.78 -0.48218055 0.57 0.57 0.57 0.069544061 0.069999847 0.07 0.07 0.07 0.07 0.05 0.05 0.05 0.05 0.04 -0.47 -0.47 -0.47 0.74999989 0.75 0.75 0.48 0.91941743 0.92 0.92 0.24004521 0.32975121 0.53910337 0.66 0.66 0.3808641 0.38 0.38 0.98686179 -0.91332541 -0.91999983 -0.91999964 -0.69982447 0.45999764 
2.05 1.4661142 1.2721766 1.09 1.09 0.66025406 0.66 0.66 0.66 0.64962295 -0.78 -0.78 -0.78 -0.77999984 0.57 0.57 0.57 0.57 0.07044664 0.07 0.07 0.07 0.07 0.07 0.05 0.05 0.05 0.05 0.04810858 -0.47 -0.47 -0.47 -0.13000001 0.74995129 0.48 0.48 0.48 0.47607543 0.56404282 0.54 0.54 0.54 0.05 0.05 0.38 0.38 0.38 -0.91999998 -0.92 -0.92 -0.92 -0.7 -0.7 
1.4502909 1.45 1.45 1.45 0.48 0.65999536 0.66 0.66 0.66 0.66 -0.55514614 -0.7799613 -0.77999991 0.57 0.57 0.57 0.57 0.57 0.49734457 0.07 0.07 0.07 0.07 0.07 -0.062113361 -0.25999832 -0.26 -0.26 -0.26 -0.46999998 -0.13000001 -0.13 -0.13 -0.13 0.48 0.47999052 0.12 0.12 0.53475567 0.54 0.54 0.54 0.05 0.05 0.32890464 0.38 0.38 -0.92 -0.92 -0.92 -0.91764103 -0.7 -0.7 
1.45 1.45 1.45 0.99321253 0.48 0.48 0.66 0.66 0.66 0.66 2.19 2.19 2.19 0.57 0.57 0.57 0.57 0.56989589 0.04 0.04 0.069999988 0.07 0.069513084 0.05 0.047209204 -0.26 -0.26 -0.26 -0.26 -0.13001324 -0.13 -0.13 -0.13 -0.13 0.12000127 0.12 0.12 0.12 0.12147143 0.54 0.54 0.54 0.05 0.05 0.05 0.38 0.38 -0.91999997 -0.92 -0.92 -0.7 -0.7 -0.7 
1.45 1.45 1.45 0.48 0.48 0.48 0.48000028 0.66 0.66 2.1884206 2.19 2.19 2.19 2.1889907 0.060063881 -0.06 -0.06 -0.06 0.04 0.04 0.04 0.05 0.05 0.05 0.049910359 -0.26524524 -0.26 -0.26 -0.26 -0.17367359 -0.17999508 -0.18 -0.18 -0.18 0.078081947 0.020000227 0.02 0.02 0.02 -0.3098837 -0.31 -0.31 0.05 0.05 -0.93999587 -0.93999976 -0.26 -0.26 -0.03 -0.03 -0.03 -0.7 -0.080554355 
1.4499986 1.45 1.45 0.48 0.48 0.48 0.47999999 -0.10999978 0.65692124 2.188259 2.19 2.19 2.19 2.1855849 -0.06 -0.06 -0.06 -0.059999971 0.04 0.04 0.04 0.05 0.05 0.05 -0.27 -0.27 -0.38 -0.38 -0.38 -0.37890894 -0.18 -0.18 -0.18 -0.18 -0.080055009 0.02 0.02 0.02 0.02 -0.31 -0.31 -0.31 -0.32982221 -0.94 -0.94 -0.94 -0.26 -0.26 -0.03 -0.03 -0.03 -0.079999998 -0.08 
1 1.1773425 0.44 0.4400116 0.48 -0.10658628 -0.11 -0.11 -0.069918351 0.26999999 0.27 0.27 0.27 0.030007813 0.03 -0.059999931 -0.06 -0.057365147 0.04 0.04 0.04 -0.26 -0.26 -0.26 -0.27 -0.27 -0.38 -0.38 -0.38 -0.38000007 -0.47999809 -0.47999916 -0.18754005 -0.18032162 -0.57954058 -0.58 -0.58 -0.58 -0.58 -0.31 -0.31 -0.31 -0.90531067 -0.94 -0.94 -0.93999996 -0.26 -0.26 -0.25999172 -0.03 -0.030025041 -0.59 -0.08 
0.050180408 0.050000068 0.44 0.44 0.44 -0.11 -0.11 -0.11 -1.1748893e-28 3.9756164e-15 0.27 0.27 0.27 0.03 0.03 0.03 0.03 0.030000767 0.04 0.04 0.039999988 -0.26 -0.26 -0.26 -0.27 -0.27 -0.38 -0.38 -0.38 -0.47887249 -0.48 -0.48 -0.48 -0.48 -0.57995066 -0.58 -0.58 -0.58 -0.58 -0.96999983 -0.97 -0.97 -0.97 -0.93999808 -0.69 -0.69 -0.69 -0.45 -0.45 -0.45 -0.59 -0.59 -0.59 
0.05 0.05 0.44 0.44 0.44 -0.1071091 -0.11 -4.1940978e-18 -2.4054871e-188 9.650731e-40 0.26996676 0.27 -0.065021137 0.029999961 0.03 0.03 0.03 -0.33 -0.33 -0.33 -0.99999998 -0.99999945 -0.2600036 -0.26 -0.2603348 -0.82 -0.82 -0.81999895 -0.38007111 -1.1398685 -1.1399965 -1.1398848 -0.48112801 -0.48056957 -0.56261824 -0.58000021 -0.58180966 -1.12 -1.12 -0.97 -0.97 -0.97 -0.97 -0.69 -0.69 -0.69 -0.69 -0.45 -0.45 -0.45 -0.59 -0.59 -0.59 
0.05 0.05 0.44 0.44 0.44 0.44 -0.068830213 -3.0034965e-23 -7.7771305e-46 8.0401309e-36 -7.7332989e-05 -0.14 -0.14 -0.14 0.028998151 0.03 -0.32760105 -0.33 -0.33 -0.33 -1 -1 -1 -1 -0.82 -0.82 -0.82 -0.82 -0.82 -1.14 -1.14 -1.14 -1.14 -1.1399996 -0.97 -1.12 -1.12 -1.12 -1.12 -1.1199982 -0.59 -0.59 -0.59 -0.55420579 -0.48 -0.48 -0.48 -0.45 -0.44999998 -0.43 -0.43 -0.50002189 -0.5 
0.05 0.05 0.29923739 0.44 0.44 0.43999998 -0.31943215 -0.0010084633 -1.4401352e-10 2.4250622e-11 -0.13999997 -0.14 -0.14 -0.14 -0.14 -0.12609391 -0.33 -0.33 -0.33 -0.33 -0.99999482 -1 -1 -1 -0.82 -0.82 -0.82 -0.82 -0.82 -1.1326104 -1.14 -1.14 -1.14 -0.97 -0.97 -0.97011648 -1.12 -1.12 -0.73168282 -0.43000006 -0.59 -0.59 -0.59 -0.55540287 -0.48 -0.48 -0.48 -0.96 -0.43660375 -0.43 -0.43 -0.5 -0.5 
-0.94 -0.94 -0.94 0.093996065 0.43828934 -0.32 -0.32 -0.32 -0.32 0.019999997 0.02 -0.13999999 -0.14 -0.14 -0.14 -0.14001206 -0.33 -0.33 -0.33 -0.33 -0.70763373 -1 -1 -0.98953183 -0.60979636 -0.82 -0.82 -0.82 -1.13 -1.13 -1.13 -1.13 -0.97 -0.97 -0.97 -0.97 -0.43 -0.43 -0.43 -0.43 -0.59 -0.59 -0.59 -0.68999799 -0.69 -0.69 -0.68999993 -0.96 -0.96 -0.43064578 -0.43 -0.49999818 -0.5 
-0.94 -0.94 -0.94 -0.93998869 -0.73 -0.67037926 -0.32 -0.32 -0.32 0.02 0.02 0.02 -0.50999998 -0.51 -0.51 -0.50999998 -0.32930391 -0.33 -0.33 -0.33 -0.34013775 -0.6000011 -0.6 -0.6 -0.6 -0.60000002 -1.1 -1.1 -1.13 -1.13 -1.13 -1.13 -0.96999991 -0.97 -0.97 -0.96998941 -0.42999998 -0.43 -0.43 -0.42741177 -0.59 -0.59 -0.59 -0.68999536 -0.69 -0.69 -0.69 -0.96 -0.96 -0.95999989 -0.14 -0.14 -0.55 
-0.94 -0.94 -0.94 -0.73000048 -0.73 -0.73 -0.32000015 -0.32 -0.32 0.02 0.02 0.02 -0.51 -0.51 -0.51 -0.46735065 0.05 0.05 0.049999018 -0.32785366 -0.6 -0.6 -0.6 -0.6 -0.6 -0.60037628 -1.1 -1.1 -1.1 -1.13 -1.13 -1.1298648 -0.84 -0.84 -0.84 0.15 0.15 0.16 0.16 0.16 0.59 -0.58962987 -0.58999731 -0.23 -0.23 -0.24743348 -0.68999924 -0.96 -0.96 -0.14 -0.14 -0.14 -0.55 
-0.94 -0.94 -0.94 -0.73 -0.73 -0.73 -0.73 -0.32 -0.32 0.02 0.02 -0.48880764 -0.51 -0.51 -0.51 0.05 0.05 0.05 0.05 0.05 -0.6 -0.6 -0.6 -0.6 -0.6 -1.0999983 -1.1 -1.1 -1.1 -0.92 -0.92 -0.92 -0.84 -0.84 -0.84 0.15 0.15 0.16 0.16 0.59 0.59 0.59 -0.23 -0.23 -0.23 -0.23 -0.22753558 -0.2 -0.2 -0.2 -0.14 -0.12 -0.12 
-0.94 -0.94 -0.93970757 -0.73 -0.73 -0.73 -0.73 -1.2536065 -1.28 -1.2777681 0.019999962 -0.51003517 -0.51 -0.51 -0.50999806 0.05 0.05 0.05 0.05 0.05 0.74262429 -0.6 -0.6 -0.6 -0.5998929 -1.0999426 -1.1 -1.1 -1.1 -0.92 -0.92 -0.92 -0.91999156 -0.84 0.15 0.15 0.15 0.15000089 0.16002933 0.59 0.59 0.59 -0.22995022 -0.23 -0.23 -0.23 -0.19999619 -0.2 -0.2 -0.2 -0.12 -0.12 -0.12 
-1.99 -1.9899982 -0.73015493 -0.73 -0.73 -0.73 -1.279883 -1.28 -1.28 -1.28 -0.93000001 -0.93 -0.93 -0.93 0.045476988 0.05 0.05 0.05 0.05 0.79999955 0.8 0.8 -0.080000087 -0.08 -0.08 -0.08 -0.16803912 -1.1 -1.2999918 -1.3 -1.3 -1.3 -1.3 0.80999999 0.81 0.81 0.81 0.81 0.93 0.93 0.93 0.93 0.93 0.17938195 0.18 0.18 0.18 -0.2 -0.2 -0.2 -0.1200126 -0.12 -0.12 
-1.99 -1.99 -1.9868181 -1.6099982 -1.6099998 -1.6096777 -1.28 -1.28 -1.28 -1.28 -0.93 -0.93 -0.93 -0.93 -0.93 0.05 0.05 0.05 0.79999981 0.8 0.8 0.8 -0.079999997 -0.08 -0.08 -0.08 -0.08 -0.080217041 -1.2997529 -1.3 -1.3 -1.3 -1.2999007 0.71362672 0.80990021 0.81 0.81 0.81 0.93 0.93 0.93 0.93 0.93 0.18 0.18 0.18 0.18 0.0023045747 -0.2 -0.35821489 -0.36 -0.62 -0.62 
-1.99 -1.99 -1.6100481 -1.61 -1.61 -1.61 -1.5261814 -1.28 -1.28 -1.28 -0.93 -0.93 -0.93 -0.93 -0.93 0.04926147 0.05 0.7997801 0.8 0.8 0.8 0.8 0.2460017 -0.08 -0.08 -0.08 -0.08 -0.080410574 -0.66 -0.66 -0.66 -0.66 -0.66 0.64 0.64 0.64 0.64 0.64 0.92 0.92 0.92 0.92 0.92 0.18097667 0.1800002 0.18 0.1800678 0.18808074 -0.36 -0.36 -0.36 -0.61999854 -0.62 
-1.9899984 -1.1369615 -1.6099999 -1.61 -1.61 -1.61 -1.61 -1.2801405 -1.28 -1.28 -0.93 -0.93 -0.93 -0.93 0.74201858 0.78 0.78 0.79999949 0.8 0.8 0.8 0.8 0.79999993 -0.08 -0.08 -0.08 -0.08 -0.14000049 -0.14000024 -0.25066864 -0.66 -0.66 -0.66 0.64 0.64 0.64 0.64 0.63995259 0.92 0.92 0.92 0.92 0.91998698 0.58 0.58 0.58 0.58 0.57992419 -0.36 -0.36 -0.36 -0.36000025 -0.76779089 
-1.12 -1.12 -1.1231424 -1.61 -1.61 -1.61 -1.61 -1.61 -1.2801373 0.12999998 0.13 0.13 0.1274844 0.77999754 0.78 0.78 0.78 0.78 0.79999964 0.79692283 0.77 0.77 0.77 0.55076683 -0.1352251 -0.43072413 -0.67970733 -0.14 -0.14 -0.14 -0.14 -0.14 -0.15349852 0.56708192 0.57 0.57 0.57 0.57 0.88806484 0.75000031 0.75 0.75 0.75 0.20000111 0.5799999 0.58 0.58 0.12 -0.35999231 -0.36 -0.36 -0.77 -0.77 
-1.12 -1.12 -0.53 -0.53 -0.53 -1.6096402 -1.61 -1.61 0.13 0.13 0.13 0.13 0.13 0.77999997 0.78 0.78 0.78 0.78 0.77 0.77 0.77 0.77 0.77 -0.76999992 -0.77 -0.77 -0.77 -0.14 -0.14 -0.14 -0.14 -0.14 0.31 0.31 0.57 0.57 0.57 0.70997616 0.71 0.75 0.75 0.75 0.75000001 0.2 0.2 0.2 0.12 0.12 0.12 -0.2 -0.2 -0.77 -0.77 
-1.12 -1.12 -0.53 -0.53 -0.53 -0.53 -0.52999676 0.06 0.12993409 0.13 0.13 0.13 0.13 0.77189184 0.78 0.78 0.78 0.78 0.77 0.77 0.77 0.77 0.77 -0.77 -0.77 -0.77 -0.77 -0.76999745 -0.14 -0.14 -0.14 0.30997641 0.31 0.31 0.31 0.57 0.71 0.71 0.71 0.71105248 0.82587076 0.84 0.84 0.2 0.2 0.2 0.12 0.12 0.12 -0.2 -0.2 -0.2 -0.90585745 
-0.96 -0.96000126 -0.53 -0.53 -0.53 -0.53 0.06 0.06 0.06 0.13 0.13 0.13 0.13 0.13020207 0.78 0.78 0.78 0.78 0.77000027 0.77 0.77 0.77 -0.49869292 -0.77 -0.77 -0.77 -0.77 -0.77 -0.77 -0.76999999 -0.14674478 0.31 0.31 0.31 0.31 0.31 0.71 0.71 0.71 0.71 0.84 0.84 0.84 0.4 0.4 0.4 0.33997857 0.12 0.12 -0.2 -0.2 -0.2 -0.9199995 
-0.96 -0.96 -0.53 -0.53 -0.53 0.06 0.06 0.06 0.06 0.12233611 0.13 0.13 0.13 0.13000739 1.9998596 2 2 2 1.4547136 1.01 1.01 1.01 1.01 -0.77 -0.77 -0.77 -0.77 -0.77 -0.77 -0.77 -0.77 0.30988457 0.31 0.31 0.31 0.31 0.70697492 -0.099983136 -0.1 -0.1 0.83925588 -0.10999997 -0.11 0.4 0.4 0.39999975 0.34 0.34 -0.06 -0.06 -0.06 -0.42 -0.74 
-0.96 -0.96 -0.06 -0.06 -0.06 0.06 0.06 0.06 0.06 0.44 0.44 0.44 0.44 0.54993685 2 2 2 2 1.47 1.01 1.01 1.01 1.01 0.18 0.17999962 -0.7699986 -0.77 -0.77 -0.77 -0.77 -0.69405871 -0.62 0.19934275 0.31 0.31 0.31 -0.1 -0.1 -0.1 -0.1 -0.11 -0.11 -0.11 0.10993063 0.11 0.33896617 0.34 0.34 -0.059997658 -0.06 -0.42 -0.42 -0.74 
-0.96 -0.060000004 -0.06 -0.06 -0.06 -0.06 0.064890622 0.69 0.69 0.44 0.44 0.44 0.44 0.44036945 2 2 2 1.9760529 1.47 1.47 1.01 1.01 0.18 0.18 0.18 0.18 -0.77 -0.77 -0.77 -0.77 -0.62 -0.62 -0.62 0.30905892 0.31 0.31 -0.1 -0.1 -0.1 -0.1 -0.11 -0.11 -0.11 0.11 0.11 0.11000623 0.22 0.22 0.41 0.41 -0.42 -0.42 -0.74 
-0.068452119 -0.06 -0.06 -0.06 -0.06 -0.06 0.69 0.69 0.69 0.55618955 0.44 0.44 0.44 0.44002556 2 2 2 1.47 1.47 1.47 1.010023 1.0099949 0.18 0.18 0.18 0.18 -0.76993247 -0.77 -0.77 -0.6200345 -0.62 -0.62 -0.62 -0.62 0.30592537 -0.96 -0.96 -0.94511621 -0.1 -0.1 -0.10999999 -0.11 0.10360345 0.11 0.11 0.21999996 0.22 0.22 0.41 0.41 0.02 0.02 -0.41 
-0.06 -0.06 -0.06 -0.06 -0.06 -0.06 0.69 0.69 0.69 0.69 1.3999723 1.4 1.4 1.4 1.9999975 1.5769335 1.34 1.34 1.4697603 1.47 1.4699999 0.18000121 0.18 0.18 0.18 0.18 0.1793093 -0.77 -0.76999487 -0.62 -0.62 -0.62 -0.62 -0.62 -0.96 -0.96 -0.96 -0.96 -0.96 -0.95999705 -1.02 -1.02 -1.02 -0.98 -0.98 -0.98 -0.72 -0.72 -0.68 -0.68 0.02 0.019999064 -0.41 
-0.06 -0.06 -0.06 -0.06 -0.06 -0.06 0.69 0.69 0.69 1.4 1.4 1.4 1.4 1.4 1.3841841 1.34 1.34 1.34 1.34 1.34 1.3462071 0.18000001 0.18 0.18 0.18 0.15990335 -0.45899713 -0.72778613 -0.62073972 -0.62 -0.62 -0.62 -0.62 -0.62000074 -0.96 -0.96 -0.96 -0.96 -0.96 -0.98791186 -1.02 -1.02 -1.02 -0.98 -0.98 -0.98 -0.72 -0.72 -0.68 -0.68 -0.17000001 -0.39676045 -0.41 
-0.06 -0.06 -0.06 -0.06 -0.06 -0.059999775 0.68999983 0.69 0.71946896 1.4 1.4 1.4 1.4 1.4 1.397122 1.34 1.34 1.34 1.34 1.34 1.34 -0.35649907 -0.4599991 -0.46 -0.46 -0.46 -0.46 -0.46 -1.4552958 -1.4699899 -1.47 -1.47 -1.47 -1.4699996 -0.96 -0.96 -0.96 -0.96 -0.96 -1.02 -1.02 -1.02 -1.02 -1.02 -0.9800481 -1.01 -0.72000003 -0.49397898 -0.67983352 -0.17 -0.17 -0.17727533 -0.52 
-0.06 -0.06 -0.06 -0.06 -0.06 -0.059952088 0.68995955 0.69004296 1.3999991 1.4 1.4 1.4 1.4 1.4 1.3988583 1.34 1.34 1.34 1.34 1.34 1.34 -0.46 -0.46 -0.46 -0.46 -0.46 -0.46 -0.46 -1.4697212 -1.47 -1.47 -1.47 -1.47 -1.47 -1.3302601 -0.96 -0.96 -0.96 -0.96 -1.02 -1.02 -1.02 -1.02 -1.0199974 -1.01 -1.01 -1.0067409 -0.49 -0.49 -0.17 -0.17 -0.52 -0.52 
-0.06 -0.06 -0.06 -0.06 -0.059999995 -0.058999773 0.6891297 1.3198811 1.4 1.4 1.4 1.4 1.4 1.4 1.3989496 1.34 1.34 1.34 1.34 1.34 1.0837127 -0.46 -0.46 -0.46 -0.46 -0.46 -0.46 -0.46 -1.4699959 -1.47 -1.47 -1.47 -1.47 -1.47 -1.47 -1.1377005 -1.4139043 -1.5649355 -1.587914 -1.0399264 -1.02 -1.02 -1.02 -1.0100008 -1.01 -1.0102985 -1.0599973 -0.49 -0.49 0.049967287 0.05 0.05 -0.51999975 
-0.06 -0.06 -0.06 -0.06 -0.059999239 -0.053744977 0.74613007 1.3998048 1.4 1.4 1.4 1.4 1.4 1.4 1.3985989 1.34 1.34 1.34 1.34 1.34 -0.45999223 -0.46 -0.46 -0.46 -0.46 -0.46 -0.46 -0.46 -1.4699997 -1.47 -1.47 -1.47 -1.47 -1.47 -1.47 -1.6 -1.6 -1.6 -1.6 -1.33 -1.33 -1.33 -1.33 -1.0599999 -1.06 -1.06 -1.06 -1.0599894 -0.1 -0.1 0.05 0.05 0.25093139 
-0.06 -0.06 -0.059999999 -0.059999942 -0.059979053 -0.039316201 1.3499999 1.3999907 1.4 1.4 1.4 1.4 1.4 1.4 1.3979632 1.34 1.34 1.34 1.34 1.3291666 -0.46 -0.46 -0.46 -0.46 -0.46 -0.46 -0.46 -0.46 -1.4699998 -1.47 -1.47 -1.47 -1.47 -1.47 -1.5999999 -1.6 -1.6 -1.6 -1.6 -1.33 -1.33 -1.33 -1.33 -1.2571282 -1.06 -1.06 -1.06 -0.10001074 -0.1 -0.1 0.34 0.34 0.34 
-0.06 -0.059999998 -0.059999965 -0.059998299 -0.059792969 0.049577019 1.3972054 1.3999977 1.4 1.4 1.4 1.4 1.4 1.4 1.3971021 1.3400014 1.34 1.34 1.3399979 -0.42352915 -0.46 -0.46 -0.46 -0.46 -0.46 -0.46 -0.46 -0.46 -1.4699991 -1.47 -1.47 -1.47 -1.47 -1.1625427 -1.5999998 -1.6 -1.6 -1.6 -1.6 -1.33 -1.33 -1.33 -1.33 -1.33 -1.06 -1.06 -1.06 -0.10000001 -0.1 -0.1 0.34 0.34 0.34 
-0.059999994 -0.059999949 -0.05999929 -0.05997976 -0.058575965 0.75771087 1.3994927 1.3999986 1.4 1.4 1.4 1.4 1.4 1.3999999 1.3960784 1.3400219 1.34 1.3399999 1.3306805 -0.45984695 -0.46 -0.46 -0.46 -0.46 -0.46 -0.46 -0.46 -0.46000059 -1.4699937 -1.47 -1.4699997 -1.0869231 -1.05 -1.05 -1.05 -1.6 -1.6 -1.6 -1.6 -1.33 -1.33 -1.33 -1.33 -1.33 -1.0600048 -1.06 -1.0599995 -0.10000007 -0.1 -0.099999761 0.34 0.34 0.34 
