interpolatedSpi/07-06|23_1.tif
NCOLS 53
NROWS 52
XLLCORNER -116.03883
YLLCORNER 28.596182
DX 0.49850594
DY 0.49788537
NODATA_VALUE -9999
2.2 2.2 1.0053077 1.43 1.07 1.46 1.28 0.36 0.1126762 0.09 0.39 0.84 0.77994483 0.11 0.14 0.14 0.14 -0.11 -3.6427089e-16 -9.9073207e-55 -3.9328894e-43 -1.7337974e-06 -0.18000001 -0.87 -0.87 -0.87 -0.14000244 -0.14 -0.14 -3.07 -3.07 -3.07 -3.07 -3.14 -3.14 -3.14 -3.14 -3.14 -3.14 -3.1399999 0.2831314 0.32037103 1.78 1.78 1.78 1.78 1.7751816 -1.17 -1.17 -1.17 -0.46000147 -0.46 -0.46 
2.1999618 1.34 1.2000001 1.1101854 1.4500055 1.52 1.36 0.52017224 -0.37 0.23 1.52 0.78 0.78 0.18973324 0.11000123 0.14 -0.11 -0.11 -0.00014342527 1.2555673e-53 1.1253042e-46 2.0991343e-12 -0.90316137 -0.87 -0.87 -0.87 -0.26000004 -0.26 -3.07 -3.07 -3.07 -3.07 -3.07 -3.14 -3.14 -3.14 -3.14 -3.14 -3.1399998 -2.3149256 2.0196081 1.8091199 1.78 1.78 1.78 1.78 1.78 -1.17 -1.17 -1.17 -1.1111261 -0.46 -0.46 
2.1899792 2.19 1.28 1.66 2.07 1.49 1.02 1.17 -0.01 -0.67 0.11 1.24 1.28 -0.23 0.19 -0.44 -0.11 -0.11 -0.11 0.36989244 0.37 0.37 -1.5 -0.87 -0.87 -0.87 -0.26 -0.26 -0.26 -3.07 -3.07 -3.0699999 -1.7365218 -3.1328177 -3.1178473 -0.78180906 -0.76 -0.76 -0.41034927 2.02 2.02 2.0196931 1.78 1.78 1.78 1.78 1.78 -1.17 -1.17 -1.17 -1.17 -0.46 -0.46 
1.78 2.1899997 0.52988817 1.67 0.9 0.85 0.63 0.3 0.64 -0.007026961 -0.19 -0.69 0.38 -0.23 0.36 -0.44 -0.49954094 -0.49972674 -0.47 0.37 0.37 -0.64 -1.5 -1.5 -0.87 -0.86999695 -0.26 -0.26 -0.26 -0.89 -0.56628014 -0.3 -0.3 -0.30000036 -0.76 -0.76 -0.76 -0.76 2.02 2.02 2.02 2.02 1.78 1.78 1.78 1.78 1.78 -1.1699628 -1.17 -1.17 -1.17 -0.46008133 -0.46 
1.78 0.21000059 0.53 0.64706626 0.9 0.34 0.40998838 -0.78 -0.47 0.50999959 0.13342212 -0.029947002 0.34 0.36 0.36 -0.17622125 -0.5 -0.5 -0.47 -0.47 0.369998 -0.64 -0.18 0.46 0.16 0.1600607 -0.26 -0.26 -0.89 -0.89 -0.3 -0.3 -0.3 -0.27925674 -0.76 -0.76 -0.76 2.02 2.02 2.02 2.02 2.0195675 1.7799999 1.78 1.78 1.78 1.78 1.7537413 -1.17 -1.1700798 -2.95 -2.95 -2.95 
-1.04 0.46 0.13000001 0.85 -0.09 -0.98 -1.29 -1.2247054 -0.05 0.02 -1.97 -0.61 -0.60999937 -1.17 -1.17 -0.69997344 -0.7 -1.05 -1.05 -0.47000083 -0.49 -0.49 0.46 0.16 0.16 0.42 -0.01 -0.01 -0.25005877 -0.89 -0.3 -0.3 -0.19 -0.18990283 0.73993316 0.059999999 0.06 1.4136293 2.02 2.02 -2.4544125 -2.46 -2.4599953 -0.0078720157 -0.039798852 -0.039999515 -0.039999938 -0.039999329 -1.6034897 -2.95 -2.95 -2.95 -2.95 
1.0099853 -0.14 -0.13120835 -0.28 -0.48 -0.67 -0.65 -0.5 -1.18 -1.18 -1.97 -2.46 -1.86 -1.17 -0.59000174 -0.59 -0.7 -0.6 -1.41 -1.41 -0.10827544 0.32 0.32 0.3 0.42 0.42 -0.01 -0.01 -0.25002856 -0.25052573 -0.062096844 -0.19 -0.19 0.74 0.74 -0.58267525 0.06 0.06 -0.3699851 -2.4599971 -2.46 -2.46 -2.4599725 -0.0400058 -0.04 -0.04 -0.04 -0.040000806 -1.39 -2.9496909 -2.95 -2.95 -2.95 
1.01 -0.12 -0.66 -0.71 -0.1500321 -0.66 -1.32 -2.36 -1.88 -2.01 -2.01 -1.86 -1.86 -1.86 -0.59871338 -1.1910996 -1.25 -1.06 -1.0500004 -1.41 -0.16489945 -0.08 -0.02 -0.37 -0.37000258 -0.57 -1.18 -1.1799996 -0.73828297 -0.73999998 -0.06 0.33137792 0.05 0.74 0.70178159 -1.12 -1.12 -0.37 -0.37 -2.46 -2.46 -2.46 -1.0787069 -1.0799999 -0.04 -0.04 -0.04 -1.3899486 -1.39 -1.39 -2.95 -2.95 -2.95 
-0.2595783 -0.12000001 -0.22 -0.88 -0.96 -1.84 -0.4 -1.6 -2.3 -1.4068699 0.84 -1.88 -1.88 -0.88 -0.88001222 -0.99072464 -0.99 -0.99 -1.0584735 -0.83000005 -1.08 -1.08 -0.59 -0.24462763 -0.54984528 -0.57 -0.88 -1.18 -0.91156897 -0.91 0.41 0.65 0.76583764 0.02 -0.6 -1.19 -0.47 -0.28 -0.15006003 -2.4515635 -0.57 -0.69 -1.0799056 -1.08 -1.0741463 -0.04 -1.5999999 -1.39 -1.39 -1.39 -1.39 -2.7707093 -1.27 
-1.04 -1.04 0.1 -0.18 -1.24 0.21 -0.81 -2.1 -2.5 -1.1800395 -1.88 -0.58 -0.88 -0.88 -2.18 -2.1636786 -0.99 -0.98981515 -0.1 -0.83 -0.83 -0.86220833 -0.59 0.069987502 0.07 0.07 -0.88 -1.26 -1.26 -0.91 -0.91 0.65043622 0.88 0.02 -0.65 -1.19 -0.47 -2.08 -0.15 -0.58286902 -0.68999999 -0.62020552 -0.5 -1.08 -1.08 -1.6 -1.6 -1.6 -1.39 -1.39 -1.51 -1.51 -1.5099999 
-1.04 -1.04 -0.82 -1.33 -0.92 -0.64 -1.19 -0.22131908 0.18 0.34 -0.74 0.54 -0.57850939 -2.18 -2.18 -2.17985 -0.88 -0.83906194 -0.1 -0.28 -0.28 0.77 0.77 0.07 0.07 0.07 -1.26 -1.26 -1.26 -0.7 -0.7 -0.6999974 -0.36 -0.36 -2.15 -0.99 -0.93 -0.34000723 -1.1 -0.59 -0.59 -0.32000059 -0.5 -1.08 -1.0300003 -1.41 -1.0822395 -1.08 -1.5 -1.5 -1.51 -1.51 -1.51 
-1.04 -0.94514896 -1.0376352 -0.31001208 -0.75 -0.48 -1.19 -0.22 0.17999666 0.33822739 0.53999974 0.54 0.1 -2.18 -2.18 -0.88000004 -0.88 -0.87995561 -0.1 -0.28 -0.073801361 0.77 0.77 0.070028039 0.07 -0.31131469 -1.09 -1.09 -1.09 -0.7 -0.7 -0.01 -0.01 -0.36000491 -2.15 0.36999855 -0.97169101 -0.34 -0.34 -0.58999999 -0.32 -0.32 -0.32000516 -1.03 -1.03 -1.41 -1.08 -1.08 -1.5 -1.5 -1.51 -1.51 -1.51 
-0.76 -0.2279491 -0.17004228 -0.17102312 -0.74999876 -0.48000638 -1.19 -0.23194013 0.15243591 0.18417803 0.1 0.1 0.1 0.1 -2.179677 -0.88 -0.88 -0.86992896 -0.1 -0.27973845 0.62 0.62 0.62 0.62 0.078320759 -1.09 -1.09 -1.09 -1.09 -1.0895927 -0.01 -0.01 -0.01 -0.0099999999 0.37 0.37 0.37 -0.30675772 -0.34292911 -0.73 -0.73 -0.32002205 -0.87000548 -1.0299846 -1.03 -1.41 -1.08 -1.08 -1.5 -1.5 -1.5099637 -1.51 -1.3103705 
-0.76 -0.17 -0.17 -0.17 -0.17 -0.17000013 -1.1881825 -0.73098016 0.078897491 0.10009038 0.1 0.1 0.1 0.1 0.10000112 -0.88000002 -0.87999988 -0.82649732 -0.10000853 0.62 0.62 0.62 0.62 0.62 0.63469262 -0.48024339 -0.44000013 -0.44 -0.44 -0.44 -0.0099999788 -0.01 -0.0099994466 0.45 0.45 0.37 0.45749726 0.46 -0.72999931 -0.73 -0.73 -0.73 -0.87 -0.87 -0.87 -0.87375791 -0.59325665 -0.59 -0.59 -0.59 -0.59000002 -1.42 -1.42 
-0.51 -0.17 -0.17 -0.17 -0.17 -0.17 -0.17000006 -0.2886985 1.6910234 1.7 1.7 1.7 1.7 1.7 1.7 2.2385451 -0.83025906 -0.77319122 0.61990921 0.62 0.62 0.62 0.62 0.62000131 1.3 1.3 1.2999976 -0.44 -0.44 -0.43619536 1.46 1.46 0.45 0.45 0.45 0.45839812 0.46 0.46 0.46 -0.73 -0.73 -0.73 -0.87 -0.87 -0.87 -0.87 -0.59000002 -0.59 -0.59 -0.59 -0.59 -1.42 -1.42 
-0.51 -0.38342186 -0.17 -0.17 -0.17 -0.17 1.3896938 1.39 1.39 1.7 1.7 1.7 1.7 1.7 1.8213338 2.25 2.25 2.25 1.7465601 1.7499988 1.75 1.75 1.75 1.75 1.3 1.3 1.3 1.3 -0.44 1.46 1.46 1.46 0.45000009 0.45 0.45 0.48 0.46002648 0.46 0.46 -0.73004294 -0.8167595 -1.0191333 -0.87 -0.87 -1.7672225 -1.77 -1.77 -0.5917952 -1.6761909 -1.6799999 -1.6799998 -1.459994 -1.4200001 
-0.51 0.7550855 0.31580419 -0.17 -0.17 1.3890783 1.39 1.39 1.39 1.3922339 1.7 1.7 1.7 1.7000001 2.25 2.25 2.25 2.25 1.7504466 1.75 1.75 1.75 1.75 1.75 1.3 1.3 1.3 1.3 1.300582 1.46 1.46 1.46 1.55 0.45002961 0.48 0.48 0.48 0.4743923 -0.92627603 -1.02 -1.02 -1.02 -1.86 -1.86 -1.77 -1.77 -1.77 -1.68 -1.68 -1.68 -1.68 -1.46 -1.46 
0.78912734 0.79 0.79 0.79 1.05 1.3899912 1.39 1.39 1.39 1.39 1.6674454 1.6999944 1.7 2.25 2.25 2.25 2.25 2.25 2.202596 1.75 1.75 1.75 1.75 1.75 1.6032397 1.7099978 1.71 1.71 1.71 1.46 1.55 1.55 1.55 1.55 0.48 0.47998657 -0.03 -0.03 -1.0076384 -1.02 -1.02 -1.02 -1.86 -1.86 -1.7839351 -1.77 -1.77 -1.68 -1.68 -1.68 -1.677641 -1.46 -1.46 
0.79 0.79 0.79 0.91243788 1.05 1.05 1.39 1.39 1.39 1.39 1.27 1.27 1.27 2.25 2.25 2.25 2.25 2.2500744 2.12 2.12 1.7500002 1.75 1.7429397 1.46 1.4622506 1.71 1.71 1.71 1.71 1.5500163 1.55 1.55 1.55 1.55 -0.029998207 -0.03 -0.03 -0.03 -0.033484233 -1.02 -1.02 -1.02 -1.86 -1.86 -1.86 -1.77 -1.77 -1.68 -1.68 -1.68 -1.46 -1.46 -1.46 
0.79 0.79 0.79 1.05 1.05 1.05 1.0500005 1.39 1.39 1.2701239 1.27 1.27 1.27 1.2706106 2.6142401 2.7 2.7 2.7 2.12 2.12 2.12 1.46 1.46 1.46 1.4598683 1.3323425 1.71 1.71 1.71 0.85426752 0.69008458 0.69 0.69 0.69 -0.045660867 -0.069999909 -0.07 -0.07 -0.07 -0.57006157 -0.57 -0.57 -1.86 -1.86 -1.7100006 -1.71 -1.8 -1.8 -1.94 -1.94 -1.94 -1.46 -1.4000536 
0.78999944 0.79 0.79000001 1.05 1.05 1.05 1.05 0.15000036 1.385042 1.2699547 1.27 1.27 1.27 1.2728061 2.7 2.7 2.7 2.6999998 2.12 2.12 2.12 1.46 1.46 1.46 0.99 0.99 0.78 0.78 0.78 0.77950902 0.69 0.69 0.69 0.69 0.3102086 -0.07 -0.07 -0.07 -0.07 -0.57 -0.57 -0.57 -0.60586876 -1.71 -1.71 -1.71 -1.8 -1.8 -1.94 -1.94 -1.94 -1.4 -1.4 
0.61 0.69206384 0.7 0.70010154 1.05 0.15520737 0.15 0.15 0.33218931 1.22 1.22 1.22 1.22 2.509958 2.51 2.6999999 2.7 2.6847179 2.12 2.12 2.12 1.23 1.23 1.23 0.99 0.99 0.78 0.78 0.78 0.77999977 0.4700014 0.47000062 0.68447063 0.68976414 -0.46867493 -0.47 -0.47 -0.47 -0.47 -0.57 -0.57 -0.57 -1.6472278 -1.71 -1.71 -1.7099998 -1.8 -1.8 -1.800005 -1.94 -1.9400089 -2.14 -1.4 
0.55001139 0.55000003 0.7 0.7 0.7 0.15 0.15 0.15 0.65 0.65 1.22 1.22 1.22 2.51 2.51 2.51 2.51 2.5099574 2.12 2.12 2.12 1.23 1.23 1.23 0.99 0.99 0.78 0.78 0.78 0.47349527 0.47 0.47 0.47 0.47 -0.46953617 -0.47 -0.47 -0.47 -0.47 -0.25000008 -0.25 -0.25 -0.25 -1.709992 -0.67 -0.67 -0.67 -1.36 -1.36 -1.36 -2.14 -2.14 -2.14 
0.55 0.55 0.7 0.7 0.7 0.1528909 0.15 0.65 0.65 0.65 1.2199298 1.22 1.4242812 2.5099998 2.51 2.51 2.51 1.73 1.73 1.73 1.29 1.29 1.2300003 1.23 1.2297607 0.94 0.94 0.93999962 0.78002586 0.34002591 0.34000069 0.3400227 0.46977782 0.46988781 -0.30266727 -0.46999997 -0.46976541 -0.4 -0.4 -0.25 -0.25 -0.25 -0.25 -0.67 -0.67 -0.67 -0.67 -1.36 -1.36 -1.36 -2.14 -2.14 -2.14 
0.55 0.55 0.7 0.7 0.7 0.7 0.33713539 0.65 0.65 0.65 0.65045295 1.47 1.47 1.47 2.503871 2.51 1.7351977 1.73 1.73 1.73 1.29 1.29 1.29 1.29 0.94 0.94 0.94 0.94 0.94 0.34 0.34 0.34 0.34 0.33999922 -0.03 -0.4 -0.4 -0.4 -0.4 -0.40000176 -0.98 -0.98 -0.98 -0.90840834 -0.76 -0.76 -0.76 -1.36 -1.3600002 -1.52 -1.52 -1.7201022 -1.72 
0.55 0.55 0.64586053 0.7 0.7 0.7 0.61007098 0.64987394 0.65 0.65 1.4699998 1.47 1.47 1.47 1.47 1.5552841 1.73 1.73 1.73 1.73 1.2900034 1.29 1.29 1.29 0.94 0.94 0.94 0.94 0.94 -0.26594426 0.34 0.34 0.34 -0.03 -0.03 -0.030287314 -0.4 -0.4 -0.63073919 -0.80999997 -0.98 -0.98 -0.98 -0.90977921 -0.76 -0.76 -0.76 -1.09 -1.5146422 -1.52 -1.52 -1.72 -1.72 
0.59 0.59 0.59 0.67241998 0.69966505 0.61 0.61 0.61 0.61 0.51 0.51 1.4699999 1.47 1.47 1.47 1.4700164 1.73 1.73 1.73 1.73 1.4820017 1.29 1.29 1.3193109 2.3445426 0.94 0.94 0.94 -0.48 -0.48 -0.48 -0.47999656 -0.03 -0.03 -0.03 -0.03 -0.81 -0.81 -0.81 -0.81 -0.8 -0.8 -0.8 -0.88999819 -0.89 -0.89 -0.88999996 -1.09 -1.09 -1.5194761 -1.52 -1.719999 -1.72 
0.59 0.59 0.59 0.58999354 0.47 0.4903583 0.61 0.61 0.61 0.51 0.51 0.51 0.28000005 0.28 0.28 0.28000002 1.7277469 1.73 1.73 1.73 1.7233892 2.4099969 2.41 2.41 2.41 2.41 1.55 1.55 -0.48 -0.48 -0.48 -0.48 -0.029999682 -0.03 -0.03 -0.029964162 -0.81 -0.81 -0.81 -0.80973679 -0.8 -0.8 -0.8 -0.88999583 -0.89 -0.89 -0.89 -1.09 -1.09 -1.0900001 -1.53 -1.53 -1.27 
0.59 0.59 0.59 0.47000028 0.47 0.47 0.60999995 0.61 0.61 0.51 0.51 0.51 0.28 0.28 0.28 0.2967551 0.5 0.5 0.50000318 1.7230526 2.41 2.41 2.41 2.41 2.41 2.4093528 1.55 1.55 1.55 -0.48 -0.48 -0.47925979 0.41 0.41 0.41 -0.11 -0.11 -0.75 -0.75 -0.75 -1.29 -0.8001537 -0.80000313 -1.22 -1.22 -1.2074934 -0.89000121 -1.09 -1.09 -1.53 -1.53 -1.53 -1.27 
0.59 0.59 0.59 0.47 0.47 0.47 0.47 0.61 0.61 0.51 0.51 0.28919668 0.28 0.28 0.28 0.5 0.5 0.5 0.5 0.5 2.41 2.41 2.41 2.41 2.41 1.5500029 1.55 1.55 1.55 0.67 0.67 0.67 0.41 0.41 0.41 -0.11 -0.11 -0.75 -0.75 -1.29 -1.29 -1.29 -1.22 -1.22 -1.22 -1.22 -1.2413583 -1.48 -1.48 -1.48 -1.53 -0.93 -0.93 
0.59 0.59 0.58983289 0.47 0.47 0.47 0.47 0.81272424 0.83 0.8294506 0.50999998 0.27998744 0.28 0.28 0.28000076 0.5 0.5 0.5 0.5 0.5 0.39599893 2.41 2.41 2.41 2.4098908 1.5500186 1.55 1.55 1.55 0.67 0.67 0.67 0.6699646 0.41 -0.11 -0.11 -0.11 -0.11002569 -0.75003683 -1.29 -1.29 -1.29 -1.2200042 -1.22 -1.22 -1.22 -1.4800017 -1.48 -1.48 -1.48 -0.93 -0.93 -0.93 
0.99 0.9899993 0.47008147 0.47 0.47 0.47 0.8299234 0.83 0.83 0.83 0.13000002 0.13 0.13 0.13 0.49829233 0.5 0.5 0.5 0.5 0.31000011 0.31 0.31 1.8800001 1.88 1.88 1.88 1.8515168 1.55 0.93002539 0.93 0.93 0.93 0.93 0.77 0.77 0.77 0.77 0.77 -1.37 -1.37 -1.37 -1.37 -1.37 -1.6493518 -1.65 -1.65 -1.65 -1.48 -1.48 -1.48 -0.93008665 -0.93 -0.93 
0.99 0.99 0.98840908 0.79999934 0.79999993 0.80002901 0.83 0.83 0.83 0.83 0.13 0.13 0.13 0.13 0.13 0.5 0.5 0.5 0.31000005 0.31 0.31 0.31 1.88 1.88 1.88 1.88 1.88 1.8799292 0.93009268 0.93 0.93 0.93 0.93003723 0.88338032 0.7701174 0.77 0.77 0.77 -1.37 -1.37 -1.37 -1.37 -1.37 -1.65 -1.65 -1.65 -1.65 -1.5705047 -1.48 -2.0040868 -2.01 -1.8 -1.8 
0.99 0.99 0.80002407 0.8 0.8 0.8 0.80761987 0.83 0.83 0.83 0.13 0.13 0.13 0.13 0.13 0.49971258 0.5 0.31005571 0.31 0.31 0.31 0.31 1.2983833 1.88 1.88 1.88 1.88 1.8794972 1.17 1.17 1.17 1.17 1.17 0.97 0.97 0.97 0.97 0.97 -0.89 -0.89 -0.89 -0.89 -0.89000001 -1.6485594 -1.6499997 -1.65 -1.6499 -1.638018 -2.01 -2.01 -2.01 -1.8000012 -1.8 
0.99000063 1.3233714 0.80000007 0.8 0.8 0.8 0.8 0.82998723 0.83 0.83 0.13 0.13 0.13 0.13 -0.16333659 -0.17 -0.17 0.30998765 0.31 0.31 0.31 0.31 0.31000024 1.88 1.88 1.88 1.88 1.3399999 1.3399999 1.3038199 1.17 1.17 1.17 0.97 0.97 0.97 0.97 0.96982391 -0.89 -0.89 -0.89 -0.89 -0.88997318 -1.06 -1.06 -1.06 -1.06 -1.0600766 -2.01 -2.01 -2.01 -2.01 -2.0660236 
1.33 1.33 1.1668677 0.8 0.8 0.8 0.8 0.8 0.82998369 -0.61999998 -0.62 -0.62 -0.6182201 -0.16999957 -0.17 -0.17 -0.17 -0.17 0.3100066 0.36641487 0.86 0.86 0.86 1.1165179 1.8247749 1.5292759 1.2800184 1.34 1.34 1.34 1.34 1.34 1.3359706 0.71909099 0.71 0.71 0.71 0.71 -0.82425088 -0.54000063 -0.54 -0.54 -0.54 -0.67000114 -1.0599999 -1.06 -1.06 -0.46 -2.0099752 -2.01 -2.01 -2.07 -2.07 
1.33 1.33 0.89 0.89 0.89 0.80002998 0.8 0.8 -0.62 -0.62 -0.62 -0.62 -0.62 -0.17000002 -0.17 -0.17 -0.17 -0.17 0.86 0.86 0.86 0.86 0.86 1.19 1.19 1.19 1.19 1.34 1.34 1.34 1.34 1.34 1.52 1.52 0.71000001 0.71 0.71 -0.029873978 -0.03 -0.54 -0.54 -0.54 -0.53999999 -0.67 -0.67 -0.67 -0.46 -0.46 -0.46 0.01 0.01 -2.07 -2.07 
1.33 1.33 0.89 0.89 0.89 0.89 0.88999232 -0.51 -0.61989643 -0.62 -0.62 -0.62 -0.62 -0.17561334 -0.17 -0.17 -0.17 -0.17 0.85999998 0.86 0.86 0.86 0.86 1.19 1.19 1.19 1.19 1.1900005 1.34 1.34 1.34 1.5199906 1.52 1.52 1.52 0.71 -0.029999991 -0.03 -0.03 -0.043419056 -0.48098941 -0.47 -0.47 -0.67 -0.67 -0.67 -0.46 -0.46 -0.46 0.01 0.01 0.01 -0.86539725 
1.38 1.3799996 0.89 0.89 0.89 0.89 -0.51 -0.51 -0.51 -0.62 -0.62 -0.62 -0.62 -0.61986011 -0.17 -0.17 -0.17 -0.17 0.85998137 0.86 0.86 0.85999998 1.1318342 1.19 1.19 1.19 1.19 0.44000061 0.44 0.44000001 1.3303473 1.52 1.52 1.52 1.5199991 0.56000001 -0.03 -0.03 -0.03 -0.030000004 -0.47 -0.47 -0.47 -0.36 -0.36 -0.36 0.30992501 -0.46 -0.46 0.010000001 0.01 0.01 -0.73999763 
1.38 1.38 0.89 0.89 0.89 -0.51 -0.51 -0.51 -0.51 -0.60795354 -0.62 -0.62 -0.62 -0.62000116 -1.1298895 -1.13 -1.13 -1.13 -0.73767507 -0.38 -0.38 -0.38 -0.38 1.19 1.19 1.19 1.1899505 0.44 0.44 0.44 0.44 1.5197605 0.98002777 0.56 0.56 0.56 -0.028168849 0.4599898 0.46 0.46 -0.46950653 0.15999998 0.16 -0.36 -0.36 -0.35999716 0.31 0.31 0.23 0.23 0.23 0.7 0.11 
1.38 1.38 -0.21 -0.21 -0.21 -0.51 -0.51 -0.51 -0.51 -1 -1 -1 -1 -1.0091614 -1.13 -1.13 -1.13 -1.13 -0.75 -0.38 -0.38 -0.38 -0.38 -0.16 -0.15999947 1.189998 0.44 0.44 0.44 0.44 0.12610935 -0.18 0.47195015 0.56 0.56 0.56 0.46 0.46 0.46 0.46 0.16 0.16 0.16 0.76980765 0.77 0.31206767 0.31 0.31 0.23000221 0.23 0.7 0.7 0.11 
1.38 -0.20999999 -0.21 -0.21 -0.21 -0.21 -0.51170784 -0.73 -0.73 -1 -1 -1 -1 -1.0000308 -1.13 -1.13 -1.13 -1.1128304 -0.75 -0.75 -0.38 -0.38 -0.16 -0.16 -0.16 -0.16 0.44 0.44 0.44 0.44 -0.18 -0.18 -0.18 0.55925118 0.56 0.56 0.46 0.46 0.46 0.46 0.16 0.16 0.16 0.77 0.77 0.76998697 0.54 0.54 0.7 0.7 0.7 0.7 0.11 
-0.19506792 -0.21 -0.21 -0.21 -0.21 -0.21 -0.73 -0.73 -0.73 -0.87451528 -1 -1 -1 -1.0000112 -1.13 -1.13 -1.13 -0.75 -0.75 -0.75 -0.38001848 -0.37999866 -0.16 -0.16 -0.16 -0.16 0.43995735 0.44 0.44 -0.17985742 -0.18 -0.18 -0.18 -0.18 0.55685978 -0.38 -0.38 -0.36546234 0.46 0.46 0.16000027 0.16 0.75226412 0.77 0.77 0.54000008 0.54 0.54 0.7 0.7 0.79 0.79 1.17 
-0.21 -0.21 -0.21 -0.21 -0.21 -0.21 -0.73 -0.73 -0.73 -0.73 -1.5599839 -1.56 -1.56 -1.56 -1.1300004 -1.1107697 -1.1 -1.1 -0.75064522 -0.75 -0.74999993 -0.16000032 -0.16 -0.16 -0.16 -0.16 -0.15956377 0.44 0.43997881 -0.18 -0.18 -0.18 -0.18 -0.18 -0.38 -0.38 -0.38 -0.38 -0.38 -0.37999642 -0.14 -0.14 -0.13999987 0.24 0.24 0.24 0.24 0.24 0.48 0.48 0.79 0.79000083 1.17 
-0.21 -0.21 -0.21 -0.21 -0.21 -0.21 -0.73 -0.73 -0.73 -1.56 -1.56 -1.56 -1.56 -1.56 -1.4387451 -1.1 -1.1 -1.1 -1.1 -1.1 -1.0832887 -0.16 -0.16 -0.16 -0.16 -0.191087 -1.1484487 0.22349575 -0.17694248 -0.18 -0.18 -0.18 -0.18 -0.18000044 -0.38 -0.38 -0.38 -0.38 -0.38 -0.26835256 -0.14 -0.14 -0.14 0.24 0.24 0.24 0.24 0.24 0.48 0.48 0.27 1.1203521 1.17 
-0.21 -0.21 -0.21 -0.21 -0.21 -0.21000016 -0.72999988 -0.73 -0.76444963 -1.56 -1.56 -1.56 -1.56 -1.56 -1.5379356 -1.1 -1.1 -1.1 -1.1 -1.1 -1.1 -0.99848729 -1.1499986 -1.15 -1.15 -1.15 -1.15 -1.15 -0.83371513 -0.8299923 -0.82999999 -0.83 -0.83 -0.82999967 -0.38 -0.38 -0.38 -0.38 -0.38 -0.14000003 -0.14 -0.14 -0.14 -0.13999983 0.23958316 -0.02 0.23999997 -0.59529508 0.47904494 0.27 0.27 0.2675056 0.15 
-0.21 -0.21 -0.21 -0.21 -0.21 -0.21003322 -0.72997195 -0.73005022 -1.559999 -1.56 -1.56 -1.56 -1.56 -1.56 -1.5512472 -1.1 -1.1 -1.1 -1.1 -1.1 -1.1 -1.15 -1.15 -1.15 -1.15 -1.15 -1.15 -1.15 -0.83008833 -0.83 -0.83 -0.83 -0.83 -0.83 -0.70670004 -0.38 -0.38 -0.38 -0.38 -0.14 -0.14 -0.14 -0.14 -0.13996926 -0.02 -0.02 -0.023697835 -0.61 -0.61 0.27 0.27 0.15 0.15 
-0.21 -0.21 -0.21 -0.21 -0.21 -0.21069349 -0.72940609 -1.4663399 -1.56 -1.56 -1.56 -1.56 -1.56 -1.56 -1.5519469 -1.1 -1.1 -1.1 -1.1 -1.1 -1.1071191 -1.15 -1.15 -1.15 -1.15 -1.15 -1.15 -1.15 -0.83000128 -0.83 -0.83 -0.83 -0.83 -0.83 -0.83 -0.61600224 -0.9828417 -1.18343 -1.2139514 -0.19399408 -0.14000002 -0.14 -0.14 -0.020009584 -0.02 -0.027700259 -1.3099967 -0.61 -0.61 -0.4500567 -0.45 -0.45 0.14999974 
-0.21 -0.21 -0.21 -0.21 -0.21000053 -0.21433697 -0.79811629 -1.5597718 -1.56 -1.56 -1.56 -1.56 -1.56 -1.56 -1.5492583 -1.1 -1.1 -1.1 -1.1 -1.1 -1.1499998 -1.15 -1.15 -1.15 -1.15 -1.15 -1.15 -1.15 -0.83000009 -0.83 -0.83 -0.83 -0.83 -0.83 -0.83000008 -1.23 -1.23 -1.23 -1.23 -0.98 -0.98 -0.98 -0.98 -1.3099963 -1.31 -1.31 -1.31 -1.3099933 -0.71 -0.71 -0.45 -0.45 -0.81806676 
-0.21 -0.21 -0.21 -0.21000004 -0.21001452 -0.22449414 -1.5021635 -1.5599892 -1.56 -1.56 -1.56 -1.56 -1.56 -1.56 -1.5443848 -1.1000002 -1.1 -1.1 -1.1 -1.1003009 -1.15 -1.15 -1.15 -1.15 -1.15 -1.15 -1.15 -1.15 -0.83000007 -0.83 -0.83 -0.83 -0.83 -0.83 -1.2299996 -1.23 -1.23 -1.23 -1.23 -0.98 -0.98 -0.98 -0.98 -1.0690656 -1.31 -1.31 -1.31 -0.71000671 -0.71 -0.71 -0.99 -0.99 -0.99 
-0.21 -0.21 -0.21000002 -0.21000118 -0.21014437 -0.30181094 -1.5568059 -1.5599973 -1.56 -1.56 -1.56 -1.56 -1.56 -1.56 -1.537783 -1.1000108 -1.1 -1.1 -1.1000001 -1.1489869 -1.15 -1.15 -1.15 -1.15 -1.15 -1.15 -1.15 -1.15 -0.8300003 -0.83 -0.83 -0.83 -0.83 -1.0788943 -1.23 -1.23 -1.23 -1.23 -1.23 -0.98 -0.98 -0.98 -0.98 -0.98 -1.31 -1.31 -1.31 -0.71000001 -0.71 -0.71 -0.99 -0.99 -0.99 
-0.21 -0.21000004 -0.21000049 -0.2100141 -0.21107931 -0.95832896 -1.5594286 -1.5599983 -1.56 -1.56 -1.56 -1.56 -1.56 -1.5599991 -1.5299341 -1.100168 -1.1 -1.1 -1.1002589 -1.1499957 -1.15 -1.15 -1.15 -1.15 -1.15 -1.15 -1.15 -1.1499998 -0.830002 -0.83 -0.83000024 -1.1401099 -1.17 -1.17 -1.17 -1.23 -1.23 -1.23 -1.23 -0.98 -0.98 -0.98 -0.98 -0.98 -1.3099942 -1.31 -1.3099997 -0.71000004 -0.71 -0.71000015 -0.99 -0.99 -0.99 
