interpolatedSpi/07-06|23_2.tif
NCOLS 53
NROWS 52
XLLCORNER -116.03883
YLLCORNER 28.596182
DX 0.49850594
DY 0.49788537
NODATA_VALUE -9999
1.75 1.75 1.033735 1.55 0.95 1.65 1.03 0.32 -0.35262637 -0.36 -0.13 0.33 0.12995389 -0.43 -0.25 -0.25 -0.25 -0.48 0.12 0.12 0.12 0.12000337 0.46999999 -0.77 -0.77 -0.77 -0.90000162 -0.9 -0.9 -1.74 -1.74 -1.74 -1.74 -2.4799999 -2.48 -2.48 -2.48 -2.48 -2.48 -2.4799999 0.33963089 0.37021073 1.2 1.2 1.2 1.2 1.1962106 -1.12 -1.12 -1.12 -1.3499995 -1.35 -1.35 
1.7499645 0.95 0.87000022 0.81867738 1.2298292 1.29 1.13 0.10045932 -0.41 -0.22 0.95 0.13 0.13 0.30753249 -0.42998947 -0.25 -0.48 -0.48 0.11921768 0.12 0.12 0.12 -0.79052847 -0.77 -0.77 -0.77 -0.16000004 -0.16 -1.74 -1.74 -1.74 -1.74 -1.74 -2.4799999 -2.48 -2.48 -2.48 -2.48 -2.4799999 -1.8917446 1.2396922 1.2048518 1.2 1.2 1.2 1.2 1.2 -1.12 -1.12 -1.12 -1.1390718 -1.35 -1.35 
1.7399976 1.74 1.06 1.22 1.43 1.16 0.52 0.82 -0.4 -1.02 -0.63 0.63 0.53 -0.95 0.31 -0.43 -0.48 -0.48 -0.48 0.34993314 0.35 0.35 -1.16 -0.77 -0.77 -0.77 -0.16 -0.16 -0.16 -1.74 -1.74 -1.7399999 -1.2008319 -2.4757931 -2.4678067 -1.1820041 -1.17 -1.17 -0.86688552 1.24 1.24 1.2399488 1.2 1.2 1.2 1.2 1.2 -1.12 -1.12 -1.12 -1.12 -1.35 -1.35 
1.98 1.7399998 0.82976256 1.19 0.34 0.37 0.2 -0.41 0.37 -0.55673612 -0.75 -0.85 -0.18 -0.95 0.06 -0.43 -0.50938792 -0.50997898 -0.07 0.35 0.35 -1.04 -1.16 -1.16 -0.77 -0.76999695 -0.16 -0.16 -0.16 -1.47 -1.0036239 -0.62 -0.62 -0.62000043 -1.17 -1.17 -1.17 -1.17 1.24 1.24 1.24 1.24 1.2 1.2 1.2 1.2 1.2 -1.1199707 -1.12 -1.12 -1.12 -1.3500608 -1.35 
1.98 0.080001376 0.83 0.047066258 0.34 -0.08 -0.33001278 -1.47 -1.47 -0.18000051 -0.46122937 -0.57987968 0.26 0.06 0.06 -0.26911503 -0.51 -0.51 -0.07 -0.07 0.34999727 -1.04 6.6050825e-21 0.51 -0.01 -0.0099766511 -0.16 -0.16 -1.47 -1.47 -0.62 -0.62 -0.62 -0.56719947 -1.17 -1.17 -1.17 1.24 1.24 1.24 1.24 1.2397172 1.2 1.2 1.2 1.2 1.2 1.1793491 -1.12 -1.1200937 -3.21 -3.21 -3.21 
-0.96 -0.07 -0.32999997 0.25 -0.51 -1.08 -1.23 -1.2607269 -0.69 -0.73 -2.64 -1 -0.99999917 -1.71 -1.71 -0.11007002 -0.11 -1.46 -1.46 -0.070000934 -0.6 -0.6 0.51 -0.01 -0.01 0.09 -0.29 -0.29 -0.40009871 -1.47 -0.62 -0.62 -0.34 -0.33998642 -0.21000946 -0.58 -0.58 0.67694145 1.24 1.24 -1.6863457 -1.69 -1.6899984 -1.1871038 -1.2297314 -1.2299994 -1.2299999 -1.2299991 -2.1785655 -3.21 -3.21 -3.21 -3.21 
0.24001329 -0.9 -0.33939903 -1 -1 -0.97 -0.97 -1.42 -2.09 -2.09 -2.64 -1.98 -1.73 -1.71 -0.40000392 -0.4 -0.11 -0.38 -1.13 -1.13 -0.12402246 0.41 0.41 -0.089999999 0.09 0.09 -0.29 -0.29 -0.4000676 -0.40124459 -0.14437804 -0.34 -0.34 -0.21 -0.21 -1.3152641 -0.58 -0.58 -0.95998683 -1.689999 -1.69 -1.69 -1.6899914 -1.2300014 -1.23 -1.23 -1.23 -1.2300005 -2.04 -3.2097681 -3.21 -3.21 -3.21 
0.24 -0.91 -0.59 -1.81 -1.2300333 -1.69 -2.31 -3.16 -2.33 -2.38 -2.38 -1.59 -1.73 -1.73 -0.40912503 -0.93734661 -0.99 -0.68 -1.1 -1.13 -0.45763437 -0.36 0.03 -0.14 -0.14001212 -1.08 -1.09 -1.0899997 -1.5559352 -1.56 -0.14 -0.29735325 -0.61 -0.21 -0.24051769 -1.93 -1.93 -0.96 -0.96 -1.69 -1.69 -1.69 -1.4787223 -1.48 -1.23 -1.23 -1.23 -2.0399692 -2.04 -2.04 -3.21 -3.21 -3.21 
-0.94792888 -0.91 -0.75 -1.91 -1.66 -2.87 -1.62 -2.18 -3.22 -2.0557411 0.19 -1.22 -1.22 -0.74 -0.74000244 -0.73072464 -0.73 -0.73 -0.74411365 -0.44000022 -1.51 -1.51 -0.49 -0.17492345 -0.98527282 -1.08 -1.26 -1.09 -1.000523 -1 -0.21 -0.05 0.18167777 -1.07 -1.28 -1.62 -1.17 -0.66 -0.75995382 -1.6871878 -1.06 -1.25 -1.4799105 -1.48 -1.4785929 -1.23 -1.8 -2.04 -2.04 -2.04 -2.04 -3.0643263 -1.56 
-1.16 -1.16 -0.39 -0.48 -2.55 -0.88 -1.48 -2.62 -2.75 -1.7600025 -2.36 -0.6 -0.74 -0.74 -1 -0.99629683 -0.73 -0.72993102 -0.37 -0.44 -0.44 -0.57785187 -0.49 -0.20000549 -0.2 -0.2 -1.26 -1.29 -1.29 -1 -1 -0.049127557 0.41 -1.07 -1.65 -1.62 -1.17 -2.39 -0.76 -0.98627241 -1.25 -1.1324514 -0.93 -1.48 -1.48 -1.8 -1.8 -1.8 -2.04 -2.04 -2.04 -2.04 -2.0399998 
-1.16 -1.16 -1.56 -2.1 -1.82 -0.42 -1.58 -0.6216099 -0.6 -0.47 -0.97 0.35 -0.59873548 -1 -1 -0.99999308 -0.94 -0.91008373 -0.37 -0.39 -0.39 0.61 0.61 -0.2 -0.2 -0.2 -1.29 -1.29 -1.29 -0.64 -0.64 -0.63999827 -1.04 -1.04 -2.54 -1.76 -1.68 -0.89001021 -0.94 -0.99 -0.99 -0.65000092 -0.93 -1.48 -0.94000011 -0.95 -1.0432731 -1.04 -2.28 -2.28 -2.04 -2.04 -2.04 
-1.16 -1.3329067 -1.7904373 -1.3600031 -1.4 -0.91 -1.58 -0.62 -0.60000017 -0.47144024 0.34999893 0.35 0.15 -1 -1 -0.94 -0.94 -0.93996756 -0.37 -0.39 -0.19362034 0.61 0.61 -0.19996712 -0.2 -0.15069207 -0.05 -0.05 -0.050000156 -0.64 -0.64 0.07 0.07 -1.0400041 -2.54 -0.61000123 -1.7457443 -0.89 -0.89 -0.98999999 -0.65 -0.65 -0.65000214 -0.94 -0.94 -0.95 -1.04 -1.04 -2.28 -2.28 -2.04 -2.04 -2.04 
-0.15 0.0271009 0.16991631 0.15890891 -1.3999978 -0.91001157 -1.58 -0.63181704 -0.6013782 -0.59660535 0.15 0.15 0.15 0.15 -0.99983709 -0.94 -0.94 -0.93264039 -0.37 -0.38962954 0.89 0.89 0.89 0.89 -0.18143796 -0.05 -0.05 -0.05 -0.05 -0.05032203 0.07 0.07 0.07 0.07 -0.61 -0.61 -0.61 -0.87789925 -0.89097637 -1.02 -1.02 -0.6500199 -1.0999945 -0.94001541 -0.94 -0.95 -1.04 -1.04 -2.28 -2.28 -2.0408707 -2.04 -2.2883831 
-0.15 0.17 0.17 0.17 0.17 0.16999954 -1.5782849 -1.1257611 -0.60505512 0.1491957 0.15 0.15 0.15 0.15 0.15000075 -0.94 -0.93999991 -0.90090189 -0.37000386 0.89 0.89 0.89 0.89 0.89 0.89453575 0.1067452 0.029999983 0.03 0.03 0.03 0.070000018 0.07 0.070000926 0.84 0.84 -0.61 0.34274789 0.37 -1.0199992 -1.02 -1.02 -1.02 -1.1 -1.1 -1.1 -1.0989561 -1.4771185 -1.48 -1.48 -1.48 -1.48 -1.81 -1.81 
-0.86 0.17 0.17 0.17 0.17 0.17 0.16999989 -0.74938037 1.2001494 1.21 1.21 1.21 1.21 1.21 1.21 1.6800154 -0.89821249 -0.8619473 0.88984139 0.89 0.89 0.89 0.89 0.89000055 1.1 1.1 1.0999985 0.03 0.03 0.032643223 1.35 1.35 0.84 0.84 0.84 0.44528883 0.37 0.37 0.37 -1.02 -1.02 -1.02 -1.1 -1.1 -1.1 -1.1 -1.48 -1.48 -1.48 -1.48 -1.48 -1.81 -1.81 
-0.86 -0.4765427 0.17 0.17 0.17 0.17 0.7598842 0.76 0.76000001 1.21 1.21 1.21 1.21 1.21 1.3158914 1.69 1.69 1.69 1.3585694 1.3599995 1.36 1.36 1.36 1.36 1.1 1.1 1.1 1.1 0.03 1.35 1.35 1.35 0.84000005 0.84 0.84 0.24 0.36982788 0.37 0.37 -1.0200773 -1.1755688 -1.5384458 -1.1 -1.1 -2.5056487 -2.51 -2.51 -1.4814826 -2.3768549 -2.3799999 -2.3799998 -2.2999259 -1.810001 
-0.86 0.37589132 0.29145105 0.17 0.17 0.7596514 0.76 0.76 0.76 0.76324283 1.21 1.21 1.21 1.2100001 1.69 1.69 1.69 1.69 1.3602948 1.36 1.36 1.36 1.36 1.36 1.1 1.1 1.1 1.1 1.1009093 1.35 1.35 1.35 1.25 0.83994887 0.24 0.24 0.24 0.23022629 -1.4190577 -1.54 -1.54 -1.54 -2.12 -2.12 -2.51 -2.51 -2.51 -2.38 -2.38 -2.38 -2.38 -2.3 -2.3 
0.40923377 0.41 0.41 0.41 0.7 0.75999845 0.76 0.76 0.76 0.76 1.1320204 1.2099866 1.21 1.69 1.69 1.69 1.69 1.69 1.6445599 1.36 1.36 1.36 1.36 1.36 1.4103193 1.6899968 1.69 1.69 1.69 1.35 1.25 1.25 1.25 1.25 0.24 0.23997656 -0.65 -0.65 -1.528887 -1.54 -1.54 -1.54 -2.12 -2.12 -2.4496146 -2.51 -2.51 -2.38 -2.38 -2.38 -2.3791422 -2.3 -2.3 
0.41 0.41 0.41 0.54656533 0.7 0.7 0.76 0.76 0.76 0.76 0.18 0.18 0.18 1.69 1.69 1.69 1.69 1.6900182 1.38 1.38 1.36 1.36 1.3582958 1.29 1.293601 1.69 1.69 1.69 1.69 1.2500448 1.25 1.25 1.25 1.25 -0.64999687 -0.65 -0.65 -0.65 -0.6531423 -1.54 -1.54 -1.54 -2.12 -2.12 -2.12 -2.51 -2.51 -2.38 -2.38 -2.38 -2.3 -2.3 -2.3 
0.41 0.41 0.41 0.7 0.7 0.7 0.70000009 0.76 0.76 0.18059873 0.18 0.18 0.18 0.1809408 1.7790365 1.8 1.8 1.8 1.38 1.38 1.38 1.29 1.29 1.29 1.2899468 1.3805307 1.69 1.69 1.69 0.3818666 0.17010622 0.17 0.17 0.17 -0.73611813 -0.85999952 -0.86 -0.86 -0.86 -0.34016419 -0.34 -0.34 -2.12 -2.12 -0.48000685 -0.48000044 -1.71 -1.71 -2.22 -2.22 -2.22 -2.3 -1.8803755 
0.40999947 0.41 0.41000001 0.7 0.7 0.7 0.69999999 0.13000018 0.75748101 0.18014508 0.18 0.18 0.18 0.18317889 1.8 1.8 1.8 1.7999999 1.38 1.38 1.38 1.29 1.29 1.29 1.1 1.1 1.05 1.05 1.05 1.0451993 0.17 0.17 0.17 0.17 -0.34471727 -0.86 -0.86 -0.86 -0.86 -0.34 -0.34 -0.34 -0.34440494 -0.48 -0.48 -0.48 -1.71 -1.71 -2.22 -2.22 -2.22 -1.88 -1.88 
0.24 0.32384703 0.45 0.45007253 0.7 0.133298 0.13 0.13 0.1555065 0.34 0.34 0.34 0.34 1.599959 1.6 1.7999998 1.8 1.7889336 1.38 1.38 1.38 0.94 0.94 0.94 1.1 1.1 1.05 1.05 1.05 1.0499997 0.56999746 0.56999888 0.1800534 0.17042883 -1.2383875 -1.24 -1.24 -1.24 -1.24 -0.34 -0.34 -0.34 -0.4722913 -0.48 -0.48 -0.48000007 -1.71 -1.71 -1.7100184 -2.22 -2.2199996 -2.21 -1.88 
0.43996202 0.44 0.45 0.45 0.45 0.13 0.13 0.13 0.2 0.2 0.34 0.34 0.34 1.6 1.6 1.6 1.6 1.5999763 1.38 1.38 1.38 0.94 0.94 0.94 1.1 1.1 1.05 1.05 1.05 0.57541204 0.57 0.57 0.57 0.57 -1.2391069 -1.24 -1.24 -1.24 -1.24 -0.53999995 -0.54 -0.54 -0.54 -0.48000292 -0.86 -0.86 -0.86 -1.57 -1.57 -1.57 -2.21 -2.21 -2.21 
0.44 0.44 0.45 0.45 0.45 0.13168198 0.13 0.2 0.2 0.2 0.33998277 0.34 0.62599365 1.5999998 1.6 1.6 1.6 0.71 0.71 0.71 1.08 1.0799999 0.94000068 0.94 0.94043028 1.59 1.59 1.5899987 1.0500873 0.91993025 0.91999814 0.91993889 0.57059819 0.57030205 -0.91740515 -1.2399999 -1.2392292 -1.01 -1.01 -0.54 -0.54 -0.54 -0.54 -0.86 -0.86 -0.86 -0.86 -1.57 -1.57 -1.57 -2.21 -2.21 -2.21 
0.44 0.44 0.45 0.45 0.45 0.45 0.15619896 0.2 0.2 0.2 0.20027067 0.69 0.69 0.69 1.5946372 1.6 0.71593074 0.71 0.71 0.71 1.08 1.08 1.08 1.08 1.59 1.59 1.59 1.59 1.59 0.92 0.92 0.92 0.92 0.91999874 0.32 -1.01 -1.01 -1.01 -1.01 -1.0100012 -1.45 -1.45 -1.45 -1.313325 -1.03 -1.03 -1.03 -1.57 -1.57 -1.61 -1.61 -1.7301168 -1.73 
0.44 0.44 0.4463907 0.45 0.45 0.44999999 -0.11943215 0.19899154 0.2 0.2 0.68999981 0.69 0.69 0.69 0.69 0.76459275 0.71 0.71 0.71 0.71 1.0799971 1.08 1.08 1.08 1.59 1.59 1.59 1.59 1.59 1.2155826 0.92 0.92 0.92 0.32 0.32 0.31896722 -1.01 -1.01 -1.8260288 -2.4599999 -1.45 -1.45 -1.45 -1.3161992 -1.03 -1.03 -1.03 -1.43 -1.6077572 -1.61 -1.61 -1.73 -1.73 
0.38 0.38 0.38 0.43244908 0.44940819 -0.12 -0.12 -0.12 -0.12 -0.23 -0.23 0.68999993 0.69 0.69 0.69 0.69000122 0.71 0.71 0.71 0.71 0.918544 1.08 1.08 1.1124513 2.2874939 1.59 1.59 1.59 1.32 1.32 1.32 1.3199983 0.32 0.32 0.32 0.32 -2.46 -2.46 -2.46 -2.46 -1.72 -1.72 -1.72 -1.3500074 -1.35 -1.35 -1.3499999 -1.43 -1.43 -1.6097807 -1.61 -1.7299993 -1.73 
0.38 0.38 0.38 0.37998223 0.05 0.025279207 -0.12 -0.12 -0.12 -0.23 -0.23 -0.23 -0.51999995 -0.52 -0.52 -0.51999997 0.70833304 0.71 0.71 0.71 0.71567821 2.3199966 2.32 2.32 2.32 2.32 1.83 1.83 1.32 1.32 1.32 1.32 0.31999997 0.32 0.32 0.31999674 -2.46 -2.46 -2.46 -2.4576311 -1.72 -1.72 -1.72 -1.3500172 -1.35 -1.35 -1.35 -1.43 -1.43 -1.43 -1.59 -1.59 -1.54 
0.38 0.38 0.38 0.050000761 0.05 0.05 -0.11999994 -0.12 -0.12 -0.23 -0.23 -0.23 -0.52 -0.52 -0.52 -0.49562894 -0.2 -0.2 -0.19999765 0.7048601 2.32 2.32 2.32 2.32 2.32 2.3196312 1.83 1.83 1.83 1.32 1.32 1.3199228 0.28 0.28 0.28 -0.65 -0.65000001 -1.92 -1.92 -1.92 -1.1 -1.7198055 -1.7200005 -1.79 -1.79 -1.7733245 -1.3500013 -1.43 -1.43 -1.59 -1.59 -1.59 -1.54 
0.38 0.38 0.38 0.05 0.05 0.05 0.05 -0.12 -0.12 -0.23 -0.23 -0.50840418 -0.52 -0.52 -0.52 -0.2 -0.2 -0.2 -0.2 -0.2 2.32 2.32 2.32 2.32 2.32 1.8300017 1.83 1.83 1.83 1.2 1.2 1.2 0.28 0.28 0.28 -0.65 -0.65 -1.92 -1.92 -1.1 -1.1 -1.1 -1.79 -1.79 -1.79 -1.79 -1.7990362 -1.9 -1.9 -1.9 -1.59 -1 -1 
0.38 0.38 0.37954046 0.05 0.05 0.05 0.05 0.26896271 0.28 0.2791244 -0.23 -0.51998409 -0.52 -0.52 -0.51999889 -0.2 -0.2 -0.2 -0.2 -0.2 0.73750012 2.32 2.32 2.32 2.3198991 1.83 1.83 1.83 1.83 1.2 1.2 1.2 1.1998649 0.28 -0.65 -0.65 -0.65 -0.65005176 -1.9199441 -1.1 -1.1 -1.1 -1.7899581 -1.79 -1.79 -1.79 -1.8999977 -1.9 -1.9 -1.9 -1 -1 -1 
0.4 0.39999997 0.050185914 0.05 0.05 0.05 0.27995106 0.28 0.28 0.28 -0.32999998 -0.33 -0.33 -0.33 -0.20060003 -0.2 -0.2 -0.2 -0.2 0.66999948 0.67 0.67 1.8300001 1.83 1.83 1.83 1.83 1.83 0.92003727 0.92 0.92 0.92 0.92 0.039999998 0.04 0.04 0.04 0.04 -1.17 -1.17 -1.17 -1.17 -1.17 -1.6701809 -1.67 -1.67 -1.67 -1.9 -1.9 -1.9 -1.0001418 -1 -1 
0.4 0.4 0.39840913 0.20999968 0.20999996 0.21006812 0.28 0.28 0.28 0.28 -0.33 -0.33 -0.33 -0.33 -0.33 -0.2 -0.2 -0.2 0.66999978 0.67 0.67 0.67 1.83 1.83 1.83 1.83 1.83 1.8299991 0.92003475 0.92 0.92 0.92 0.92001396 0.17605639 0.040140881 0.04 0.04 0.040000003 -1.17 -1.17 -1.17 -1.17 -1.17 -1.67 -1.67 -1.67 -1.67 -1.7775525 -1.9 -1.692343 -1.69 -1.9 -1.9 
0.4 0.4 0.21002407 0.21 0.21 0.21 0.2277797 0.28 0.28 0.28 -0.33 -0.33 -0.33 -0.33 -0.33 -0.2000963 -0.2 0.66974492 0.67 0.67 0.67 0.67 1.4002705 1.83 1.83 1.83 1.83 1.8294194 1.01 1.01 1.01 1.01 1.01 0.28 0.28 0.28 0.28 0.28 -0.92 -0.92 -0.92 -0.92 -0.92 -1.6683885 -1.6699997 -1.67 -1.6698881 -1.6565413 -1.69 -1.69 -1.69 -1.8999988 -1.9 
0.3999998 0.29214456 0.21000001 0.21 0.21 0.21 0.21 0.27997019 0.28 0.28 -0.33 -0.33 -0.33 -0.33 0.070893343 0.08 0.08 0.66998482 0.67 0.67 0.67 0.67 0.67000017 1.83 1.83 1.83 1.83 1.3799997 1.3799998 1.301255 1.01 1.01 1.01 0.28 0.28 0.28 0.28 0.27997291 -0.92 -0.92 -0.92 -0.92 -0.91998391 -1.01 -1.01 -1.01 -1.01 -1.0100548 -1.69 -1.69 -1.69 -1.6900003 -2.1364654 
0.29 0.29 0.26632668 0.21 0.21 0.21 0.21 0.21 0.27996926 -0.089999994 -0.09 -0.09 -0.090569569 0.079999409 0.08 0.08 0.08 0.08 0.67000432 0.7069261 1.03 1.03 1.03 1.2326653 1.8139927 1.7283408 1.6559246 1.38 1.38 1.38 1.38 1.38 1.361177 0.24751969 0.24 0.24 0.24 0.24 -0.88055034 -0.71000038 -0.71 -0.71 -0.71 -0.85000047 -1.01 -1.01 -1.01 -0.89 -1.6899872 -1.69 -1.69 -2.14 -2.14 
0.29 0.29 0.23 0.23 0.23 0.21000666 0.21 0.21 -0.09 -0.09 -0.09 -0.09 -0.09 0.079999992 0.08 0.08 0.08 0.08 1.03 1.03 1.03 1.03 1.03 1.63 1.63 1.63 1.63 1.38 1.38 1.38 1.38 1.38 0.91 0.91 0.24 0.24 0.24 0.070028951 0.07 -0.71 -0.71 -0.71 -0.71000002 -0.85 -0.85 -0.85 -0.89 -0.89 -0.89 -1.08 -1.08 -2.14 -2.14 
0.29 0.29 0.23 0.23 0.23 0.23 0.23000362 0.89 -0.0890773 -0.09 -0.09 -0.09 -0.09 0.077879405 0.08 0.08 0.08 0.08 1.03 1.03 1.03 1.03 1.03 1.63 1.63 1.63 1.63 1.629999 1.38 1.38 1.38 0.91002464 0.91 0.91 0.91 0.24 0.070000002 0.07 0.07 0.049476738 -0.79430085 -0.81 -0.81 -0.85 -0.85 -0.85 -0.89 -0.89 -0.89 -1.08 -1.08 -1.08 -0.87199711 
0.55 0.54999796 0.23 0.23 0.23 0.23 0.89 0.89 0.89 -0.09 -0.09 -0.09 -0.09 -0.089947152 0.08 0.08 0.08 0.08 1.0299829 1.03 1.03 1.03 1.5242766 1.63 1.63 1.63 1.63 1.5500001 1.55 1.55 1.381807 0.91 0.91 0.91 0.90999938 0.26000001 0.07 0.07 0.07 0.069999992 -0.81 -0.81 -0.81 -0.92 -0.92 -0.92 -0.30005746 -0.89 -0.89 -1.08 -1.08 -1.08 -0.74000011 
0.55 0.55 0.23 0.23 0.23 0.89 0.89 0.89 0.89 0.017443814 -0.089999998 -0.09 -0.089999999 -0.089998446 0.15999079 0.16 0.16 0.16 0.1686352 0.13 0.13 0.13 0.13 1.63 1.63 1.63 1.6299947 1.55 1.55 1.55 1.55 0.90994719 0.5443938 0.26 0.26 0.26 0.069030055 -0.18999459 -0.19 -0.19 -0.80975718 -0.50000001 -0.5 -0.92 -0.92 -0.91999738 -0.3 -0.3 -0.72 -0.72 -0.72 -0.28 -0.78 
0.55 0.55 0.4 0.4 0.4 0.89 0.89 0.89 0.89 0.56 0.56 0.56 0.56 0.53181106 0.16 0.16 0.16 0.16 0.17 0.13 0.13 0.13 0.13 0.19 0.19000057 1.6299979 1.55 1.55 1.55 1.55 1.0892895 0.64 0.30521479 0.26 0.26 0.26 -0.19 -0.19 -0.19 -0.19 -0.5 -0.5 -0.5 0.36972566 0.37 -0.2969884 -0.3 -0.3 -0.71999682 -0.72 -0.28 -0.28 -0.78 
0.55 0.4 0.4 0.4 0.4 0.4 0.88246999 -0.08 -0.08 0.56 0.56 0.56 0.56 0.55990527 0.16 0.16 0.16 0.16045183 0.17 0.17 0.13 0.13 0.19 0.19 0.19 0.19 1.55 1.55 1.55 1.55 0.64 0.64 0.64 0.26038453 0.26 0.26 -0.19 -0.19 -0.19 -0.19 -0.5 -0.5 -0.5 0.37 0.37 0.37000793 0.51 0.51 -0.07 -0.07 -0.28 -0.28 -0.78 
0.40140869 0.4 0.4 0.4 0.4 0.4 -0.08 -0.08 -0.08 0.26255475 0.56 0.56 0.56 0.55998634 0.16 0.16 0.16 0.17 0.17 0.17 0.130002 0.13000037 0.19 0.19 0.19 0.19 1.5499033 1.55 1.55 0.64020928 0.64 0.64 0.64 0.64 0.26024988 -0.2 -0.2 -0.19982693 -0.19 -0.19 -0.49999973 -0.5 0.34470457 0.37 0.37 0.50999995 0.51 0.51 -0.07 -0.07 -0.22 -0.22 0.16 
0.4 0.4 0.4 0.4 0.4 0.4 -0.08 -0.08 -0.08 -0.079999996 -0.059982138 -0.06 -0.06 -0.06 0.15999902 -0.013072672 -0.11 -0.11 0.16948382 0.17 0.16999999 0.18999991 0.19 0.19 0.19 0.19 0.1909888 1.55 1.5499689 0.64 0.64 0.64 0.64 0.64 -0.2 -0.2 -0.2 -0.2 -0.2 -0.20000008 -0.25 -0.25 -0.24999996 -0.13 -0.13 -0.13 -0.51 -0.51 -0.27 -0.27 -0.22 -0.21999917 0.16 
0.4 0.4 0.4 0.4 0.4 0.4 -0.08 -0.08 -0.08 -0.06 -0.06 -0.06 -0.06 -0.06 -0.073179879 -0.11 -0.11 -0.11 -0.11 -0.11 -0.096630922 0.19 0.19 0.19 0.19 0.16456518 -0.61873074 1.2545177 0.64448765 0.64 0.64 0.64 0.64 0.63999816 -0.2 -0.2 -0.2 -0.2 -0.2 -0.22325988 -0.25 -0.25 -0.25 -0.13 -0.13 -0.13 -0.51 -0.51 -0.27 -0.27 -0.49 0.12414314 0.16 
0.4 0.4 0.4 0.4 0.4 0.39999986 -0.079999889 -0.08 -0.079169889 -0.06 -0.06 -0.06 -0.06 -0.06 -0.062398308 -0.11 -0.11 -0.11 -0.11 -0.11 -0.11 -0.49456136 -0.61999887 -0.62 -0.62 -0.62 -0.62 -0.62 0.20892749 0.22000497 0.22000001 0.22 0.22 0.2199997 -0.2 -0.2 -0.2 -0.2 -0.2 -0.24999999 -0.25 -0.25 -0.25 -0.24999995 -0.1309459 -0.72 -0.51000002 -1.1291011 -0.2707623 -0.49 -0.49 -0.48521907 -0.26 
0.4 0.4 0.4 0.4 0.4 0.39996934 -0.079974111 -0.07999879 -0.060000025 -0.06 -0.06 -0.06 -0.06 -0.06 -0.060951394 -0.11 -0.11 -0.11 -0.11 -0.11 -0.11 -0.62 -0.62 -0.62 -0.62 -0.62 -0.62 -0.62 0.21976812 0.22 0.22 0.22 0.22 0.22 0.10492004 -0.2 -0.2 -0.2 -0.2 -0.25 -0.25 -0.25 -0.25 -0.2501204 -0.72 -0.72 -0.72263236 -1.14 -1.14 -0.49 -0.49 -0.26 -0.26 
0.4 0.4 0.4 0.4 0.4 0.39935985 -0.079429655 -0.062256869 -0.06 -0.06 -0.06 -0.06 -0.06 -0.06 -0.060875336 -0.11 -0.11 -0.11 -0.11 -0.11 -0.18261473 -0.62 -0.62 -0.62 -0.62 -0.62 -0.62 -0.62 0.21999663 0.22 0.22 0.22 0.22 0.22 0.22 -0.19165953 -0.17872323 -0.17164365 -0.17057076 -0.25514229 -0.25 -0.25 -0.25 -0.71996247 -0.72 -0.7229846 -1.2199996 -1.14 -1.14 -0.63001527 -0.63 -0.63 -0.26000016 
0.4 0.4 0.4 0.4 0.39999951 0.395997 -0.074907998 -0.060005499 -0.06 -0.06 -0.06 -0.06 -0.06 -0.06 -0.061167577 -0.11 -0.11 -0.11 -0.11 -0.11 -0.6199978 -0.62 -0.62 -0.62 -0.62 -0.62 -0.62 -0.62 0.21999977 0.22 0.22 0.22 0.22 0.22 0.21999992 -0.17 -0.17 -0.17 -0.17 -0.33 -0.33 -0.33 -0.33 -1.2199986 -1.22 -1.22 -1.22 -1.2199943 -0.7 -0.7 -0.63 -0.63 -0.87373273 
0.4 0.4 0.4 0.39999996 0.3999866 0.3869778 -0.060545556 -0.060000261 -0.06 -0.06 -0.06 -0.06 -0.06 -0.06 -0.061697309 -0.10999998 -0.11 -0.11 -0.11 -0.11306947 -0.62 -0.62 -0.62 -0.62 -0.62 -0.62 -0.62 -0.62 0.21999981 0.22 0.22 0.22 0.22 0.22 -0.16999964 -0.17 -0.17 -0.17 -0.17 -0.33 -0.33 -0.33 -0.33 -0.57020717 -1.22 -1.22 -1.22 -0.70000582 -0.7 -0.7 -0.99 -0.99 -0.99 
0.4 0.4 0.39999998 0.39999891 0.39986866 0.35211704 -0.059976402 -0.060000065 -0.06 -0.06 -0.06 -0.06 -0.06 -0.060000003 -0.062414891 -0.10999882 -0.11 -0.11 -0.11000058 -0.60966659 -0.62 -0.62 -0.62 -0.62 -0.62 -0.62 -0.62 -0.62 0.21999921 0.22 0.22 0.22 0.22 -0.11673926 -0.17000002 -0.17 -0.17 -0.17 -0.17 -0.33 -0.33 -0.33 -0.33 -0.33 -1.22 -1.22 -1.22 -0.70000001 -0.7 -0.7 -0.99 -0.99 -0.99 
0.4 0.39999997 0.39999955 0.39998714 0.39921782 0.13144587 -0.059983858 -0.060000039 -0.06 -0.06 -0.06 -0.06 -0.06 -0.060000094 -0.063268038 -0.10998174 -0.11 -0.11000002 -0.11264052 -0.61995663 -0.62 -0.62 -0.62 -0.62 -0.62 -0.62 -0.62 -0.61999951 0.21999474 0.22 0.21999967 -0.1995604 -0.24 -0.24 -0.24 -0.17 -0.17 -0.17 -0.17 -0.33 -0.33 -0.33 -0.33 -0.33 -1.2199842 -1.22 -1.2199997 -0.70000004 -0.7 -0.70000016 -0.99 -0.99 -0.99 
