interpolatedSpi/07-09|19_2.tif
NCOLS 53
NROWS 52
XLLCORNER -116.03883
YLLCORNER 28.596182
DX 0.49850594
DY 0.49788537
NODATA_VALUE -9999
[rows 0 to 30 of 52, columns 0 to 52 of 53]
0.7 0.7 0.25513674 0.02 0.42 0.26333333 0.74 0.68 0.099737989 -0.49 -0.47666667 0.37333333 0.043307806 -0.26666667 0.35666667 0.35666667 0.35666667 0.15333333 0.76 0.76 0.76 0.75999961 0.72 0.84 0.84 0.84 -0.26666548 -0.26666667 -0.26666667 -0.093333333 -0.093333333 -0.093333333 -0.093333333 -0.30333329 -0.30333333 -0.30333333 -0.30333333 -0.30333333 -0.30333333 -0.30333331 0.41559034 0.42330189 0.3 0.3 0.3 0.3 0.2982741 -0.75666667 -0.75666667 -0.75666667 1.4899953 1.49 1.49
0.70000977 0.92 0.66333356 0.65691801 0.60009367 0.36666667 0.6 0.21032535 0.25333333 0.24 0.59 0.043333334 0.043333333 0.38781037 -0.26665323 0.35666667 0.15333333 0.15333333 0.75920899 0.76 0.76 0.76 0.79824124 0.84 0.84 0.84 0.75333334 0.75333333 -0.093333333 -0.093333333 -0.093333333 -0.093333333 -0.093333333 -0.3033333 -0.30333333 -0.30333333 -0.30333333 -0.30333333 -0.3033333 -0.10639374 0.94322941 0.3780628 0.3 0.3 0.3 0.3 0.3 -0.75666667 -0.75666667 -0.75666667 -0.57037092 1.49 1.49
0.040037336 0.04 0.86333333 0.78333333 0.56333333 1.1133333 1.1333333 1.28 0.37666667 0.37333333 0.46666667 0.53666667 0.76 0.12666667 0.39 -0.20666667 0.15333333 0.15333333 0.15333333 0.35678392 0.35666667 0.35666667 0.046666667 0.84 0.84 0.84 0.75333333 0.75333333 0.75333333 -0.093333333 -0.093333333 -0.093333321 0.02862135 -0.30208447 -0.29936198 0.11942359 0.12333333 0.12333333 0.22646772 0.94333333 0.94333333 0.94251067 0.3 0.3 0.3 0.3 0.3 -0.75666667 -0.75666667 -0.75666667 -0.75666666 1.49 1.49
0.44333333 0.03999979 -0.99994485 0.61666667 -0.083333333 1.0233333 0.67333333 0.76666667 0.01 -0.017597871 0.043333333 -0.16333333 0.91666667 0.12666667 0.55 -0.20666667 0.11750069 0.12002336 0.36666667 0.35666667 0.35666667 0.44333333 0.046666667 0.046666667 0.84 0.83999957 0.75333333 0.75333333 0.75333333 -0.54666667 -0.15893441 0.16 0.16 0.15999997 0.12333333 0.12333333 0.12333333 0.12333333 0.94333333 0.94333333 0.94333333 0.94333331 0.3 0.3 0.3 0.3 0.3 -0.75665334 -0.75666667 -0.75666667 -0.75666667 1.489938 1.49
0.44333333 0.56666379 -1 -0.85924162 -0.083333333 0.076666667 0.22665388 0.39666667 0.49333333 0.31666646 0.26726478 0.2466872 0.39 0.55 0.55 0.048848056 0.12 0.12 0.36666667 0.36666667 0.35666683 0.44333333 0.61 0.55 0.82333333 0.82350404 0.75333333 0.75333333 -0.54666666 -0.54666667 0.16 0.16 0.16 0.1549712 0.12333333 0.12333333 0.12333333 0.94333333 0.94333333 0.94333333 0.94333333 0.94328571 0.3 0.3 0.3 0.3 0.3 0.29059436 -0.75666667 -0.75665097 -0.40666667 -0.40666667 -0.40666667
-0.79 0.87333333 -0.099999938 -0.49666667 0.14 0.55333333 -0.25333333 -0.17011472 -0.22333333 -0.35666667 -0.14 -0.083333333 -0.083333021 -0.18666667 -0.18666667 0.79006921 0.79 0.46333333 0.46333333 0.36666719 0.32666667 0.32666667 0.55 0.82333333 0.82333333 1.5533333 -0.39666667 -0.39666667 -0.073375954 -0.54666667 0.16 0.16 0.13333333 0.13325149 -0.64994385 -0.63 -0.63 0.45658675 0.94333333 0.94333333 0.45061529 0.45 0.45000177 0.27380407 0.27333628 0.27333334 0.27333333 0.27333336 1.2030976 -0.40666667 -0.40666667 -0.40666667 -0.40666667
0.94332195 0.72333333 1.306289 0.65666667 0.94 -0.23 0.52333334 0.43 -0.3 -0.3 -0.14 0.14333333 0.35666663 -0.18666667 1.0766629 1.0766667 0.79 0.93666667 0.96 0.96 0.45547907 0.6 0.6 1.6933333 1.5533333 1.5533333 -0.39666667 -0.39666667 -0.073317599 -0.073043645 0.1302045 0.13333333 0.13333333 -0.65 -0.65 -0.047235158 -0.63 -0.63 0.099974697 0.44999951 0.45 0.45 0.45001152 0.27333921 0.27333333 0.27333333 0.27333333 0.27333409 1.5466667 -0.40627957 -0.40666667 -0.40666667 -0.40666667
0.94333333 1.11 1.53 0.073333333 0.62663495 0.093333333 -0.67666667 0.023333332 -0.12666667 -0.11333333 -0.11333333 0.22 0.35666667 0.35666667 1.0717268 0.83076228 0.80666667 0.44666667 0.44000053 0.96 0.77131993 0.76 0.94666667 0.41333334 0.41333768 0.75 0.99333333 0.99333284 0.19572055 0.19666666 0.13 0.17391397 -0.39666667 -0.65 -0.60274988 0.44 0.44 0.099999996 0.1 0.45 0.45 0.45000002 1.3270397 1.3266666 0.27333333 0.27333333 0.27333333 1.5466182 1.5466667 1.5466667 -0.40666667 -0.40666667 -0.40666667
1.0371765 1.11 1.7066667 0.83 0.64333333 0.29666667 0.38 0.62333333 -0.45333333 -0.030691399 -0.43 -0.17 -0.17 0.09 0.090001599 0.31470829 0.31333333 0.31333333 0.445649 0.84333334 0.89333333 0.89333333 1.23 1.0583237 0.71607289 0.75 0.62666667 0.99333333 0.78786761 0.78666667 0.33333333 1.08 0.92889861 1.2133333 1.0066667 0.74666667 0.71666667 0.32 0.85975065 0.45327343 1.1833333 1.51 1.3265999 1.3266667 1.3207379 0.27333333 1.5899999 1.5466667 1.5466667 1.5466667 1.5466667 -0.30166539 0.38333333
0.63 0.63 1.2366667 1 0.16333333 -0.19666667 -0.15 0.33333333 -0.066666667 0.076599154 -0.35333333 -0.036666667 0.09 0.09 0.26 0.26073149 0.31333333 0.31331762 0.19 0.84333333 0.84333333 0.84977504 1.23 0.72334293 0.72333333 0.72333333 0.62666667 1.13 1.13 0.78666667 0.78666667 1.079431 0.78 1.2133333 1.08 0.74666667 0.71666667 0.58333333 0.86 1.0665966 1.51 1.2920453 0.91666667 1.3266667 1.3266667 1.59 1.59 1.59 1.5466667 1.5466667 0.43666667 0.43666667 0.43666665
0.63 0.63 0.70666667 0.16333333 -0.54333333 -0.06 -0.50666666 -0.20677399 -0.19333333 -0.25 0.063333333 -0.4 -0.037150183 0.26 0.26 0.2600546 0.73333333 0.70481665 0.19 1.23 1.23 1.5933333 1.5933333 0.72333333 0.72333333 0.72333333 1.13 1.13 1.13 1.2666667 1.2666667 1.2666659 1.0433333 1.0433333 0.55333333 0.78333333 0.66666667 0.099998383 1.66 1.07 1.07 1.023333 0.91666667 1.3266667 1.1866666 1.1266667 1.0290928 1.0266667 1.6166667 1.6166667 0.43666667 0.43666667 0.43666667
0.63 0.66294069 0.47480695 0.16000904 0.14 0.24666667 -0.50666667 -0.20666667 -0.19333344 -0.2493722 -0.3999998 -0.4 0.35 0.26 0.26 0.73333332 0.73333333 0.73330241 0.19 1.23 1.3013513 1.5933333 1.5933333 0.72336823 0.72333333 0.95562849 1.43 1.43 1.43 1.2666667 1.2666667 0.78333333 0.78333333 1.043332 0.55333333 0.57666666 0.54533218 0.1 0.1 1.07 1.0233333 1.0233333 1.0233345 1.1866667 1.1866667 1.1266667 1.0266667 1.0266667 1.6166667 1.6166667 0.43666667 0.43666667 0.43666667
-0.16666667 0.18675274 0.15000113 0.15007302 0.14000023 0.24666415 -0.50666665 -0.21035949 -0.19425214 -0.19481305 0.35 0.35 0.35 0.35 0.26001275 0.73333333 0.73333333 0.72631803 0.19 1.23006 1.46 1.46 1.46 1.46 0.7363904 1.43 1.43 1.43 1.43 1.4298466 0.78333333 0.78333333 0.78333333 0.78333333 0.57666667 0.57666667 0.57666667 0.12276167 0.10665935 0.98666667 0.98666667 1.0233314 0.25336528 1.1865768 1.1866667 1.1266667 1.0266667 1.0266667 1.6166667 1.6166667 0.44094758 0.43666667 -0.15756341
-0.16666667 0.15 0.15 0.15 0.15 0.15000004 -0.50473827 -0.36471607 -0.19670343 0.34941347 0.35 0.35 0.35 0.35 0.35000014 0.73333333 0.73333325 0.69606437 0.19001169 1.46 1.46 1.46 1.46 1.46 1.4600719 1.3098927 1.22 1.22 1.22 1.22 0.78333334 0.78333333 0.78333393 1.2833333 1.2833333 0.57666667 1.4678424 1.4933333 0.98666696 0.98666667 0.98666667 0.98666667 0.25333333 0.25333333 0.25333333 0.25941094 -0.099272031 -0.10666667 -0.10666667 -0.10666667 -0.10666664 0.56333331 0.56333333
-0.18 0.15 0.15 0.15 0.15 0.15 0.14999996 -0.25691509 0.54587455 0.55 0.55 0.55 0.55 0.55 0.55 1.209713 0.74106107 0.65893302 1.4598405 1.46 1.46 1.46 1.46 1.4600007 1.4633333 1.4633333 1.463333 1.22 1.22 1.2199266 1.1833333 1.1833333 1.2833333 1.2833333 1.2833333 1.4596935 1.4933333 1.4933333 1.4933333 0.98666667 0.98666667 0.98666667 0.25333333 0.25333333 0.25333333 0.25333333 -0.10666666 -0.10666667 -0.10666667 -0.10666667 -0.10666667 0.56333333 0.56333333
-0.18 -0.057144749 0.15 0.15 0.15 0.15 0.18999215 0.19 0.19000001 0.55 0.55 0.55 0.55 0.55 0.69854204 1.2233333 1.2233333 1.2233333 2.0315863 2.0333327 2.0333333 2.0333333 2.0333333 2.0333333 1.4633333 1.4633333 1.4633333 1.4633333 1.22 1.1833333 1.1833333 1.1833333 1.2833333 1.2833333 1.2833333 1.1533333 1.4928832 1.4933333 1.4933333 0.98666837 0.98965837 0.99663678 0.25333333 0.25333333 0.46933135 0.47 0.47 -0.10617675 0.18896328 0.18999997 0.18999994 0.45668275 0.56333312
-0.18 -0.26758288 -0.062539335 0.15 0.15 0.18997637 0.19 0.19 0.19 0.19259426 0.55 0.55 0.55 0.55000008 1.2233333 1.2233333 1.2233333 1.2233333 2.0326098 2.0333333 2.0333333 2.0333333 2.0333333 2.0333333 1.4633333 1.4633333 1.4633333 1.4633333 1.4623149 1.1833333 1.1833333 1.1833333 1.9533333 1.2833363 1.1533333 1.1533333 1.1533333 1.1581587 1.0281274 0.99666667 0.99666667 0.99666667 0.65 0.65 0.47 0.47 0.47 0.19 0.19 0.19 0.19 0.45666667 0.45666667
-0.26996926 -0.27 -0.27 -0.27 -0.17666667 0.18999054 0.19 0.19 0.19 0.19 0.52123075 0.54999505 0.54999999 1.2233333 1.2233333 1.2233333 1.2233333 1.2233333 1.2834661 2.0333333 2.0333333 2.0333333 2.0333333 2.0333333 1.8094281 1.8833311 1.8833333 1.8833333 1.8833333 1.1833334 1.9533333 1.9533333 1.9533333 1.9533333 1.1533333 1.1533448 1.59 1.59 1.0040753 0.99666667 0.99666667 0.99666667 0.65 0.65 0.4978702 0.47 0.47 0.19 0.19 0.19 0.19285936 0.45666667 0.45666667
-0.27 -0.27 -0.27 -0.22604794 -0.17666667 -0.17666667 0.19 0.19 0.19 0.19 0.17 0.17 0.17 1.2233333 1.2233333 1.2233333 1.2233333 1.2232502 1.17 1.17 2.033333 2.0333333 2.0298438 1.89 1.88994 1.8833333 1.8833333 1.8833333 1.8833333 1.9533262 1.9533333 1.9533333 1.9533333 1.9533333 1.5899985 1.59 1.59 1.59 1.5879435 0.99666667 0.99666667 0.99666667 0.65 0.65 0.65 0.47 0.47 0.19000001 0.19 0.19 0.45666667 0.45666667 0.45666667
-0.27 -0.27 -0.27 -0.17666667 -0.17666667 -0.17666667 -0.17666611 0.19 0.19 0.17002065 0.17 0.17 0.17 0.17065627 0.81592405 0.72 0.72 0.72 1.17 1.17 1.17 1.89 1.89 1.89 1.8899655 1.8221388 1.8833333 1.8833333 1.8833333 2.1089181 2.1466477 2.1466667 2.1466667 2.1466667 1.8094206 2.1166655 2.1166667 2.1166667 2.1166667 0.71670498 0.71666667 0.71666667 0.65 0.65 0.58000029 0.58000007 0.79 0.79 0.72 0.72 0.72 0.45666667 0.87296078
-0.27000037 -0.27 -0.27 -0.17666667 -0.17666667 -0.17666667 -0.17666667 -0.21999988 0.18836066 0.16982469 0.17 0.17 0.17 0.17107925 0.72 0.72 0.72 0.72000013 1.17 1.17 1.17 1.89 1.89 1.89 1.7666667 1.7666667 1.77 1.77 1.77 1.7720548 2.1466667 2.1466667 2.1466667 2.1466667 2.1316748 2.1166667 2.1166667 2.1166667 2.1166667 0.71666667 0.71666667 0.71666667 0.71236661 0.58 0.58 0.58 0.79 0.79 0.72 0.72 0.72 0.87333333 0.87333333
-0.39 -0.31893001 0.066666667 0.066596071 -0.17666667 -0.21974927 -0.22 -0.22 -0.16169942 -0.023333334 -0.023333333 -0.023333333 -0.023333333 -0.16332877 -0.16333333 0.71999932 0.72 0.73185684 1.17 1.17 1.17 1.5433333 1.5433333 1.5433333 1.7666667 1.7666667 1.77 1.77 1.77 1.7700002 1.9866677 1.9866671 2.1426453 2.1464951 1.4874234 1.4866667 1.4866667 1.4866667 1.4866667 0.71666667 0.71666667 0.71666667 0.58752487 0.58 0.58 0.57999985 0.79 0.79 0.78999748 0.72 0.72001267 1.0033333 0.87333333
0.12990125 0.12999999 0.066666667 0.066666667 0.066666667 -0.22 -0.22 -0.22 -0.06 -0.06 -0.023333333 -0.023333333 -0.023333333 -0.16333333 -0.16333333 -0.16333333 -0.16333333 -0.16318201 1.17 1.17 1.17 1.5433333 1.5433333 1.5433333 1.7666667 1.7666667 1.77 1.77 1.77 1.9842237 1.9866667 1.9866667 1.9866667 1.9866667 1.4869134 1.4866667 1.4866667 1.4866667 1.4866667 0.076666833 0.076666667 0.076666667 0.076666667 0.57999363 -0.25 -0.25 -0.25 0.26666667 0.26666667 0.26666667 1.0033333 1.0033333 1.0033333
0.13 0.13 0.066666667 0.066666667 0.066666667 -0.21849323 -0.22 -0.06 -0.06 -0.06 -0.023337847 -0.023333333 -0.77508808 -0.16333351 -0.16333333 -0.16333333 -0.16333333 -0.75666667 -0.75666667 -0.75666667 0.046666699 0.046667779 1.543326 1.5433333 1.5433308 1.4333333 1.4333333 1.4333341 1.7699456 1.7733758 1.7733345 1.7733706 1.9863021 1.9864826 1.5755796 1.4866661 1.4820643 0.11333333 0.11333333 0.076666667 0.076666667 0.076666667 0.076666667 -0.25 -0.25 -0.25 -0.25 0.26666667 0.26666667 0.26666667 1.0033333 1.0033333 1.0033333
0.13 0.13 0.066666667 0.066666667 0.066666667 0.066666666 -0.16011667 -0.06 -0.06 -0.06 -0.060487937 -0.94333333 -0.94333333 -0.94333333 -0.16793005 -0.16333333 -0.75271284 -0.75666667 -0.75666667 -0.75666667 0.046666667 0.046666667 0.046666667 0.046666667 1.4333333 1.4333333 1.4333333 1.4333333 1.4333333 1.7733333 1.7733333 1.7733333 1.7733333 1.7733336 1.88 0.11333333 0.11333333 0.11333333 0.11333333 0.11333295 -0.0033333333 -0.0033333333 -0.0033333333 -0.029367516 -0.083333333 -0.083333333 -0.083333333 0.26666666 0.26666636 -0.05 -0.05 0.3001711 0.3
0.13 0.13 0.089525553 0.066666667 0.066666667 0.066666653 -0.55911274 -0.061575724 -0.06 -0.060000001 -0.9433333 -0.94333333 -0.94333333 -0.94333333 -0.94333333 -0.87937148 -0.75666667 -0.75666667 -0.75666667 -0.75666667 0.046660453 0.046666667 0.046666667 0.046666667 1.4333333 1.4333333 1.4333333 1.4333333 1.4333333 1.3693705 1.7733333 1.7733333 1.7733333 1.88 1.88 1.8786281 0.11333333 0.11333333 0.4153578 0.64999995 -0.0033333333 -0.0033333333 -0.0033333333 -0.027915232 -0.083333333 -0.083333333 -0.083333333 -0.12666667 -0.050955259 -0.05 -0.05 0.3 0.3
-0.36333333 -0.36333333 -0.36333333 -0.041146153 0.06594331 -0.56 -0.56 -0.56 -0.56 -0.76333333 -0.76333333 -0.94333332 -0.94333333 -0.94333333 -0.94333333 -0.94332152 -0.75666667 -0.75666667 -0.75666667 -0.75666667 -0.30388194 0.046666667 0.046666667 0.037070847 -0.24192606 1.4333333 1.4333333 1.4333333 1.2266667 1.2266667 1.2266667 1.226669 1.88 1.88 1.88 1.88 0.65 0.65 0.65 0.65 -0.03 -0.03 -0.03 0.23332804 0.23333333 0.23333333 0.23333323 -0.12666667 -0.12666667 -0.050093414 -0.05 0.29999842 0.3
-0.36333333 -0.36333333 -0.36333333 -0.36333656 -0.42333333 -0.44320691 -0.56 -0.56 -0.56 -0.76333333 -0.76333333 -0.76333333 -1.4466666 -1.4466667 -1.4466667 -1.4466667 -0.75764364 -0.75666667 -0.75666667 -0.75666667 -0.74450529 -0.31999899 -0.32 -0.32 -0.32 -0.31999996 0.42666667 0.42666667 1.2266667 1.2266667 1.2266667 1.2266667 1.8799995 1.88 1.88 1.8799389 0.65000001 0.65 0.65 0.65171086 -0.03 -0.03 -0.03 0.23332112 0.23333333 0.23333333 0.23333333 -0.12666667 -0.12666667 -0.12666665 -0.013333333 -0.013333333 -0.06
-0.36333333 -0.36333333 -0.36333333 -0.4233332 -0.42333333 -0.42333333 -0.55999995 -0.56 -0.56 -0.76333333 -0.76333333 -0.76333333 -1.4466667 -1.4466667 -1.4466667 -1.434735 -1.29 -1.29 -1.2899986 -0.75967907 -0.32 -0.32 -0.32 -0.32 -0.32 -0.31943809 0.42666667 0.42666667 0.42666667 1.2266667 1.2266667 1.2265079 1.13 1.13 1.13 0.97666667 0.97666667 1.04 1.04 1.04 1.0066667 -0.029674828 -0.029994104 0.76 0.76 0.74003993 0.23333412 -0.12666667 -0.12666667 -0.013333333 -0.013333333 -0.013333333 -0.06
-0.36333333 -0.36333333 -0.36333333 -0.42333333 -0.42333333 -0.42333333 -0.42333333 -0.56 -0.56 -0.76333333 -0.76333333 -1.4193432 -1.4466667 -1.4466667 -1.4466667 -1.29 -1.29 -1.29 -1.29 -1.29 -0.32 -0.32 -0.32 -0.32 -0.32 0.42666412 0.42666667 0.42666667 0.42666667 0.98 0.98 0.98 1.13 1.13 1.13 0.97666667 0.97666667 1.04 1.04 1.0066667 1.0066667 1.0066667 0.76 0.76 0.76 0.76 0.75096379 0.65 0.65 0.65 -0.013333324 0.47666667 0.47666667
-0.36333333 -0.36333333 -0.36341689 -0.42333333 -0.42333333 -0.42333333 -0.42333333 -1.1595558 -1.1966667 -1.1959227 -0.76333337 -1.4466859 -1.4466667 -1.4466667 -1.4466661 -1.29 -1.29 -1.29 -1.29 -1.29 -0.94340747 -0.32 -0.32 -0.32 -0.32006316 0.4266074 0.42666667 0.42666667 0.42666667 0.98 0.98 0.98 0.98001568 1.13 0.97666667 0.97666667 0.97666667 0.97666904 1.0399977 1.0066667 1.0066667 1.0066667 0.76001497 0.76 0.76 0.76 0.65000422 0.65 0.65 0.65 0.47666667 0.47666667 0.47666667
