interpolatedSpi/07-06|22_1.tif
NCOLS 53
NROWS 52
XLLCORNER -116.03883
YLLCORNER 28.596182
DX 0.49850594
DY 0.49788537
NODATA_VALUE -9999
1.48 1.48 0.60702565 0.2 0.18 0.3 0.66 0.54 0.7149657 1.54 1.53 2.6 1.9000231 2.18 1.99 1.99 1.99 1.77 2.03 2.03 2.03 2.0299969 1.71 0.59 0.59 0.59 -2.0299765 -2.03 -2.03 -0.64 -0.64 -0.64 -0.64 0.42999979 0.43 0.43 0.43 0.43 0.43 0.42999997 -0.55934243 -0.56950338 1.38 1.38 1.38 1.38 1.3802613 1.54 1.54 1.54 1.2400006 1.24 1.24 
1.479968 0.76 0.71000089 0.84151422 0.79008265 1.12 0.81 1.8389187 1.45 1.76 1.64 1.9 1.9 1.9009337 2.1799949 1.99 1.77 1.77 2.029661 2.03 2.03 2.03 0.58420992 0.59 0.59 0.59 -0.60999992 -0.61 -0.64 -0.64 -0.64 -0.64 -0.64 0.42999984 0.43 0.43 0.43 0.43 0.42999996 0.55612218 1.3198702 1.3727184 1.38 1.38 1.38 1.38 1.38 1.54 1.54 1.54 1.5151237 1.24 1.24 
1.6699675 1.67 1.48 1.62 1.55 1.29 0.94 1.49 1.04 1.25 1.13 1 0.81 1.06 1.9 1.79 1.77 1.77 1.77 0.77036629 0.77 0.77 0.48 0.59 0.59 0.59 -0.61 -0.61 -0.61 -0.64 -0.64 -0.63999996 -0.22118194 0.42864721 0.42450836 -0.15459355 -0.16 -0.16 0.026144995 1.32 1.32 1.3200767 1.38 1.38 1.38 1.38 1.38 1.54 1.54 1.54 1.54 1.24 1.24 
1.5 1.6700002 2.4500092 2.74 1.85 1.74 2.13 1.77 1.45 1.3577056 1.62 0.83 0.66 1.06 -0.04 1.79 -0.16492763 -0.17863372 -1.05 0.77 0.77 -0.29 0.48 0.48 0.59 0.58999401 -0.61 -0.61 -0.61 -0.3 -0.0092008045 0.23 0.23 0.22999969 -0.16 -0.16 -0.16 -0.16 1.32 1.32 1.32 1.32 1.38 1.38 1.38 1.38 1.38 1.539998 1.54 1.54 1.54 1.2399781 1.24 
1.5 3.0599989 2.45 2.5257451 1.85 2.19 1.8100267 2.61 1.43 1.4300001 1.2063047 1.0898596 0.11 -0.04 -0.04 1.1534984 -0.18 -0.18 -1.05 -1.05 0.76999773 -0.29 -0.41 -0.22 -0.47 -0.46975681 -0.61 -0.61 -0.3 -0.3 0.23 0.23 0.23 0.19417145 -0.16 -0.16 -0.16 1.32 1.32 1.32 1.32 1.3198668 1.38 1.38 1.38 1.38 1.38 1.3814242 1.54 1.5399565 0.57 0.57 0.57 
0.62 2.13 1.87 1.99 1.76 2.43 2.65 2.6448789 1.43 0.58 -0.33 0.4 0.39999981 1.29 1.29 0.62971269 0.63 -0.21 -0.21 -1.0499998 -1.76 -1.76 -0.22 -0.47 -0.47 0.57 -0.34 -0.34 0.49992693 -0.3 0.23 0.23 0.04 0.04016509 1.6198867 1.18 1.18 1.2766878 1.32 1.32 -0.058278843 -0.059999998 -0.059998342 -0.43734243 -0.46979554 -0.46999951 -0.46999994 -0.46999931 -0.43913575 0.57 0.57 0.57 0.57 
-0.52997198 1.32 1.942099 1.12 1.37 2.12 2.29 1.99 1.24 1.24 -0.33 0.28 -0.18999989 1.29 -0.55999446 -0.56 0.63 -0.4 -0.83 -0.83 -1.2557466 -0.69 -0.69 0.16999999 0.57 0.57 -0.34 -0.34 0.49998135 0.49965667 0.18997068 0.04 0.04 1.62 1.62 1.0002688 1.18 1.18 0.81001282 -0.059998789 -0.06 -0.06 -0.059992953 -0.47000251 -0.47 -0.47 -0.47 -0.47000013 -0.68 0.56975228 0.57 0.57 0.57 
-0.53 1.4 1.62 1.24 1.0400115 1.3 1.64 1.47 0.29 0.51 0.51 0.21 -0.19 -0.19 -0.55746146 -1.088239 -1.14 -0.71 -0.59000025 -0.83 -1.2901879 -1.28 -2.19 -0.42000001 -0.42001019 -1.21 -0.27 -0.27000002 0.18112132 0.18 0.19 0.48528293 0.54 1.62 1.5911936 0.85 0.85 0.81 0.81 -0.06 -0.06 -0.059999985 -0.91490982 -0.91999998 -0.47 -0.47 -0.47 -0.67999201 -0.68 -0.68 0.57 0.57 0.57 
1.2361472 1.4 0.92 0.5 1.27 1.03 1.37 0.86 1.28 1.1045637 1.07 0.60000001 0.6 1.38 1.3799917 -1.758272 -1.76 -1.76 -0.69168183 -1.55 -1.4 -1.4 -1.04 -1.7368039 -1.1303889 -1.21 0.17 -0.27 0.45575797 0.46 0.47 1.72 1.0652477 1.06 0.61 0.54 0.4 -0.61 0.5794505 -0.056919996 0.63 -0.22 -0.91988929 -0.92 -0.91746716 -0.47 -0.99999997 -0.68 -0.68 -0.68 -0.68 0.39942481 0.11 
0.32 0.32 1.45 0.58 0.77 1.06 0.68 0.72 0.75 1.0600173 1.96 2.16 1.38 1.38 0.5 0.46900308 -1.76 -1.7596478 -0.18 -1.55 -1.55 -1.530675 -1.04 1.2399568 1.24 1.24 0.17 0.32 0.32 0.46 0.46 1.7175344 0.42 1.06 0.26 0.54 0.4 0.95 0.58 -0.54152407 -0.21999996 -0.22734679 -0.24 -0.92 -0.92 -1 -1 -1 -0.68 -0.68 -0.8 -0.8 -0.79999966 
0.32 0.32 0.53 0.41 0.5 0.25 0.7 1.0803116 1.35 0.62 1.49 0.98 2.1584279 0.5 0.5 0.49988349 -0.51 -0.49268005 -0.18 -0.67 -0.67 -1.14 -1.14 1.24 1.24 1.24 0.32 0.32 0.32 -0.58 -0.58 -0.57999835 -0.75 -0.75 -1.31 -0.9 -0.44 -0.57000017 0.16 -0.56 -0.56 -0.79999816 -0.24 -0.92 0.0099995629 -0.34 -0.64155044 -0.64 -0.53 -0.53 -0.8 -0.8 -0.8 
0.32 0.41065147 0.47879172 0.1100094 0.6 0.01 0.7 1.08 1.3499977 0.62808751 0.97999953 0.98 0.4 0.5 0.5 -0.50999997 -0.51 -0.50998122 -0.18 -0.67 -0.76229844 -1.14 -1.14 1.2399048 1.24 0.50366818 -1 -1 -0.99999983 -0.58 -0.58 -0.9 -0.9 -0.75000154 -1.31 -0.77999997 -0.46405334 -0.57 -0.57 -0.56000001 -0.8 -0.8 -0.79999405 0.01 0.01 -0.34 -0.64 -0.64 -0.53 -0.53 -0.8 -0.8 -0.8 
1.78 1.2107243 1.269968 1.2616006 0.5999971 0.010013931 0.69999998 1.0753224 1.3313942 1.3309378 0.4 0.4 0.4 0.4 0.49998583 -0.51 -0.51 -0.50573917 -0.18 -0.66993906 -0.47 -0.47 -0.47 -0.47 1.2091838 -1 -1 -1 -1 -0.99981032 -0.9 -0.9 -0.9 -0.9 -0.78 -0.78 -0.78 -0.58014886 -0.57067595 -0.66 -0.66 -0.79999247 -0.33998802 0.0099662888 0.01 -0.34 -0.64 -0.64 -0.53 -0.53 -0.79902047 -0.8 -0.087271469 
1.78 1.27 1.27 1.27 1.27 1.2699995 0.69823379 0.87983688 1.2817557 0.40100478 0.4 0.4 0.4 0.4 0.39999957 -0.50999998 -0.50999995 -0.48736425 -0.18000554 -0.47 -0.47 -0.47 -0.47 -0.47 -0.46027465 -1.0238685 -1.2 -1.2 -1.2 -1.2 -0.9 -0.9 -0.89999911 -0.16 -0.16 -0.78 -0.34251372 -0.33 -0.65999981 -0.66 -0.66 -0.66 -0.34 -0.34 -0.34 -0.34 -0.67967744 -0.68 -0.68 -0.68 -0.68 0.71999969 0.72 
1.69 1.27 1.27 1.27 1.27 1.27 1.27 0.50139983 -0.19227816 -0.2 -0.2 -0.2 -0.2 -0.2 -0.19999999 0.43679328 -0.49473592 -0.46481179 -0.46996365 -0.47 -0.47 -0.47 -0.47 -0.46999941 -0.02 -0.02 -0.020001659 -1.2 -1.2 -1.1994193 -0.91 -0.91 -0.16 -0.16 -0.16 -0.30276808 -0.33 -0.33 -0.33 -0.66 -0.66 -0.66 -0.34 -0.34 -0.34 -0.34 -0.68 -0.68 -0.68 -0.68 -0.68 0.72 0.72 
1.69 1.5336388 1.27 1.27 1.27 1.27 -0.21970756 -0.22 -0.22 -0.2 -0.2 -0.2 -0.2 -0.2 -0.056605452 0.45 0.45 0.45 0.038447765 0.03999948 0.04 0.04 0.04 0.04 -0.02 -0.02 -0.02 -0.02 -1.2 -0.91 -0.91 -0.91 -0.16000007 -0.16 -0.16 -0.85 -0.3306885 -0.33 -0.33 -0.66008074 -0.82155218 -1.1983861 -0.34 -0.34 -0.81851869 -0.82 -0.82 -0.68152722 -1.6067501 -1.6099999 -1.6099998 -1.2397034 0.71999601 
1.69 0.7460514 0.99167468 1.27 1.27 -0.21911964 -0.22 -0.22 -0.22 -0.21985587 -0.2 -0.2 -0.2 -0.19999992 0.45 0.45 0.45 0.45 0.040366245 0.04 0.04 0.04 0.04 0.04 -0.019999999 -0.02 -0.02 -0.02 -0.023237236 -0.91 -0.91 -0.91 -0.60000001 -0.16008081 -0.85 -0.85 -0.85 -0.85941491 -1.1449402 -1.2 -1.2 -1.2 -1.32 -1.32 -0.82 -0.82 -0.82 -1.61 -1.61 -1.61 -1.61 -1.24 -1.24 
0.72049663 0.72 0.72 0.71999999 -0.3 -0.22000206 -0.22 -0.22 -0.22 -0.22 -0.085680647 -0.19998032 -0.19999996 0.45 0.45 0.45 0.45 0.45 0.34652299 0.04 0.04 0.04 0.04 0.04 0.0224727 0.039999675 0.04 0.04 0.04 -0.90999998 -0.60000001 -0.6 -0.6 -0.6 -0.85 -0.85002265 -1.71 -1.71 -1.2063681 -1.2 -1.2 -1.2 -1.32 -1.32 -0.89741722 -0.82 -0.82 -1.61 -1.61 -1.61 -1.6060326 -1.24 -1.24 
0.72 0.72 0.72 0.23966678 -0.3 -0.3 -0.22 -0.22 -0.22 -0.22 1.31 1.31 1.31 0.45 0.45 0.45 0.45 0.44976038 -0.68 -0.68 0.039999708 0.04 0.034643926 -0.18 -0.17801944 0.04 0.04 0.04 0.04 -0.59993483 -0.6 -0.6 -0.6 -0.6 -1.709997 -1.71 -1.71 -1.71 -1.7081931 -1.2 -1.2 -1.2 -1.32 -1.32 -1.32 -0.82 -0.82 -1.61 -1.61 -1.61 -1.24 -1.24 -1.24 
0.72 0.72 0.72 -0.3 -0.3 -0.3 -0.29999988 -0.22 -0.22 1.3084206 1.31 1.31 1.31 1.3094642 -0.7236625 -1 -1 -1 -0.68 -0.68 -0.68 -0.18 -0.18 -0.18 -0.18001681 -0.10686681 0.04 0.04 0.039999999 -0.23557905 -0.17004229 -0.17 -0.17 -0.17 -1.612469 -1.4800005 -1.48 -1.48 -1.48 -1.7299275 -1.73 -1.73 -1.32 -1.32 -1.3699998 -1.3699997 -0.5 -0.5 -0.58 -0.58 -0.58 -1.24 -0.081037181 
0.71999913 0.72 0.71999996 -0.3 -0.3 -0.3 -0.3 -0.19000001 -0.21988005 1.3087668 1.31 1.31 1.31 1.3054671 -1 -1 -1 -0.99999991 -0.68 -0.68 -0.68 -0.18 -0.18 -0.18 -0.24 -0.24 -0.18 -0.18 -0.18 -0.17994545 -0.17 -0.17 -0.17 -0.17 -0.82464028 -1.48 -1.48 -1.48 -1.48 -1.73 -1.73 -1.73 -1.718673 -1.37 -1.37 -1.37 -0.5 -0.5 -0.58 -0.58 -0.58 -0.080000017 -0.08 
0.44 0.54433828 0.05 0.049898459 -0.3 -0.19063646 -0.19 -0.19 -0.17542485 -0.050000002 -0.05 -0.05 -0.05 -1.1699635 -1.17 -1.0000001 -1 -0.99156847 -0.68 -0.68 -0.68 -0.73 -0.73 -0.73 -0.24 -0.24 -0.18 -0.18 -0.18 -0.18000017 -0.41999841 -0.4199993 -0.17628337 -0.17026802 -1.1988283 -1.2 -1.2 -1.2 -1.2 -1.73 -1.73 -1.73 -1.3898222 -1.37 -1.37 -1.3699998 -0.5 -0.5 -0.50000288 -0.58 -0.57999016 -0.36 -0.08 
-0.49982149 -0.4999999 0.05 0.05 0.05 -0.19 -0.19 -0.19 -0.15 -0.15 -0.05 -0.05 -0.05 -1.17 -1.17 -1.17 -1.17 -1.169945 -0.68 -0.68 -0.68 -0.73 -0.73 -0.73 -0.24 -0.24 -0.18 -0.18 -0.18 -0.41729398 -0.42 -0.42 -0.42 -0.42 -1.1996151 -1.2 -1.2 -1.2 -1.2 -0.9800002 -0.98 -0.98 -0.98 -1.3699914 -0.25 -0.25 -0.25 -0.32 -0.32 -0.32 -0.36 -0.36 -0.36 
-0.5 -0.5 0.05 0.05 0.05 -0.18873852 -0.19 -0.15 -0.15 -0.15 -0.05001231 -0.05 -0.12354123 -1.1699998 -1.17 -1.17 -1.17 -0.68 -0.68 -0.68 -1.73 -1.7299993 -0.73000487 -0.73 -0.73039598 -1.63 -1.63 -1.6299965 -0.18023433 -1.6197609 -1.6199936 -1.6197905 -0.42205092 -0.42103559 -1.0618574 -1.2000003 -1.2025804 -1.97 -1.97 -0.98 -0.98 -0.98 -0.98 -0.25 -0.25 -0.25 -0.25 -0.32 -0.32 -0.32 -0.36 -0.36 -0.36 
-0.5 -0.5 0.05 0.05 0.05 0.049999999 -0.17502917 -0.15 -0.15 -0.15 -0.14999448 -0.14 -0.14 -0.14 -1.16393 -1.17 -0.68326524 -0.68 -0.68 -0.68 -1.73 -1.73 -1.73 -1.73 -1.63 -1.63 -1.63 -1.63 -1.63 -1.62 -1.62 -1.62 -1.62 -1.619999 -1.13 -1.97 -1.97 -1.97 -1.97 -1.9699957 -0.77 -0.77 -0.77 -0.5845143 -0.2 -0.2 -0.2 -0.32 -0.31999955 0.14 0.14 -0.36 -0.36 
-0.5 -0.5 -0.14851138 0.05 0.05 0.04999999 -0.39955637 -0.15078786 -0.15 -0.15 -0.13999992 -0.14 -0.14 -0.14 -0.14 -0.22450611 -0.68 -0.68 -0.68 -0.68 -1.7299919 -1.73 -1.73 -1.73 -1.63 -1.63 -1.63 -1.63 -1.63 -1.4130922 -1.62 -1.62 -1.62 -1.13 -1.13 -1.1306523 -1.97 -1.97 -1.2440157 -0.68000011 -0.77 -0.77 -0.77 -0.58779531 -0.2 -0.2 -0.2 -0.66 0.13003208 0.14 0.14 -0.36 -0.36 
-1.35 -1.35 -1.35 -0.30101848 0.04855686 -0.4 -0.4 -0.4 -0.4 0.25999999 0.26 -0.13999997 -0.14 -0.14 -0.14 -0.14003421 -0.68 -0.68 -0.68 -0.68 -1.2718141 -1.73 -1.73 -1.7038296 -0.77007599 -1.63 -1.63 -1.63 -1.34 -1.34 -1.34 -1.3400012 -1.13 -1.13 -1.13 -1.13 -0.68 -0.68 -0.68 -0.68 -0.83 -0.83 -0.83 -0.46000744 -0.46 -0.46 -0.45999992 -0.66 -0.66 0.13902524 0.14 -0.35999879 -0.36 
-1.35 -1.35 -1.35 -1.3499779 -0.94 -0.86147513 -0.4 -0.4 -0.4 0.26 0.26 0.26 0.10999999 0.11 0.11 0.11000001 -0.67767358 -0.68 -0.68 -0.68 -0.69586714 -0.73000275 -0.73 -0.73 -0.73 -0.73000001 -0.86000001 -0.86 -1.34 -1.34 -1.34 -1.34 -1.13 -1.13 -1.13 -1.1299951 -0.67999999 -0.68 -0.68 -0.67872782 -0.83 -0.83 -0.83 -0.46001716 -0.46 -0.46 -0.46 -0.66 -0.66 -0.65999993 -0.12 -0.12 -0.53 
-1.35 -1.35 -1.35 -0.94000094 -0.94 -0.94 -0.4000002 -0.4 -0.4 0.26 0.26 0.26 0.11 0.11 0.11 0.14655658 0.59 0.59 0.58999672 -0.67282671 -0.73 -0.73 -0.73 -0.73 -0.73 -0.73009783 -0.86 -0.86 -0.86 -1.34 -1.34 -1.3397297 -1.07 -1.07 -1.07 -0.47 -0.47 -0.39 -0.39 -0.39 -0.27 -0.82982434 -0.82999522 -0.19 -0.19 -0.20023269 -0.45999963 -0.66 -0.66 -0.12 -0.12 -0.12 -0.53 
-1.35 -1.35 -1.35 -0.94 -0.94 -0.94 -0.94 -0.4 -0.4 0.26 0.26 0.11599784 0.11 0.11 0.11 0.59 0.59 0.59 0.59 0.59 -0.73 -0.73 -0.73 -0.73 -0.73 -0.85999956 -0.86 -0.86 -0.86 -0.92 -0.92 -0.92 -1.07 -1.07 -1.07 -0.47 -0.47 -0.39 -0.39 -0.27 -0.27 -0.27 -0.19 -0.19 -0.19 -0.19 -0.21957304 -0.55 -0.55 -0.55 -0.12 -0.25 -0.25 
-1.35 -1.35 -1.3494291 -0.94 -0.94 -0.94 -0.94 -0.38783317 -0.36 -0.35893554 0.26 0.11001591 0.11 0.11 0.11000166 0.59 0.59 0.59 0.59 0.59 1.7346834 -0.73 -0.73 -0.73 -0.72983523 -0.85994767 -0.86 -0.86 -0.86 -0.92 -0.92 -0.92 -0.92002272 -1.07 -0.47 -0.47 -0.47 -0.46999617 -0.38999182 -0.27 -0.27 -0.27 -0.19000486 -0.19 -0.19 -0.19 -0.54999856 -0.55 -0.55 -0.55 -0.25 -0.25 -0.25 
-1.34 -1.34 -0.94022975 -0.94 -0.94 -0.94 -0.36012342 -0.36 -0.36 -0.36 0.29999998 0.3 0.3 0.3 0.58866151 0.59 0.59 0.59 0.59 1.8399993 1.84 1.84 0.069999867 0.07 0.07 0.07 -0.010270962 -0.86 -1.0499922 -1.05 -1.05 -1.05 -1.05 0.27 0.27 0.27 0.27 0.27 -0.2 -0.2 -0.2 -0.2 -0.2 -0.40966837 -0.41 -0.41 -0.41 -0.55 -0.55 -0.55 -0.25004726 -0.25 -0.25 
-1.34 -1.34 -1.3341391 -0.6400006 -0.64000007 -0.63972727 -0.36 -0.36 -0.36 -0.36 0.3 0.3 0.3 0.3 0.3 0.59 0.59 0.59 1.8399997 1.84 1.84 1.84 0.070000006 0.07 0.07 0.07 0.07 0.069802109 -1.0496254 -1.05 -1.05 -1.05 -1.0498495 0.24165492 0.26997065 0.27 0.27 0.27 -0.2 -0.2 -0.2 -0.2 -0.2 -0.41 -0.41 -0.41 -0.41 -0.47546674 -0.55 -1.9244919 -1.94 -1.32 -1.32 
-1.34 -1.34 -0.64008867 -0.64 -0.64 -0.64 -0.56888118 -0.36 -0.36 -0.36 0.3 0.3 0.3 0.3 0.3 0.5897913 0.59 1.8396335 1.84 1.84 1.84 1.84 0.72570797 0.07 0.07 0.07 0.07 0.069893888 -0.08 -0.08 -0.08 -0.08 -0.08 0.22 0.22 0.22 0.22 0.22 0.29 0.29 0.29 0.29 0.28999999 -0.41229517 -0.41000048 -0.41 -0.41015934 -0.42939284 -1.94 -1.94 -1.94 -1.3200035 -1.32 
-1.3399978 -0.16339518 -0.63999993 -0.64 -0.64 -0.64 -0.64 -0.36011922 -0.36 -0.36 0.3 0.3 0.3 0.3 1.8546839 1.89 1.89 1.8400013 1.84 1.84 1.84 1.84 1.8399999 0.07 0.07 0.07 0.07 0.23999969 0.23999985 0.17189622 -0.08 -0.08 -0.08 0.22 0.22 0.22 0.22 0.2197765 0.29 0.29 0.29 0.29 0.28994177 -1.35 -1.35 -1.35 -1.35 -1.3500476 -1.94 -1.94 -1.94 -1.9399996 -1.3397055 
-0.14 -0.14 -0.12424902 -0.64 -0.64 -0.64 -0.64 -0.64 -0.36011527 1.34 1.34 1.34 1.3375319 1.8899977 1.89 1.89 1.89 1.89 1.840002 1.8574373 2.01 2.01 2.01 1.5153161 0.049190543 -0.062156919 -0.15586663 0.24 0.24 0.24 0.24 0.24 0.22752942 -0.10696965 -0.11 -0.11 -0.11 -0.11 0.14723132 -0.46999863 -0.47 -0.47 -0.47 -1.010001 -1.3499999 -1.35 -1.35 -1.81 -1.9399979 -1.94 -1.94 -1.34 -1.34 
-0.14 -0.14 0.58999999 0.59 0.59 -0.63959028 -0.64 -0.64 1.34 1.34 1.34 1.34 1.34 1.89 1.89 1.89 1.89 1.89 2.01 2.01 2.01 2.01 2.01 -0.18999989 -0.19 -0.19 -0.19 0.24 0.24 0.24 0.24 0.24 0.16 0.16 -0.11 -0.11 -0.11 -0.26997275 -0.27 -0.47 -0.47 -0.47 -0.46999989 -1.01 -1.01 -1.01 -1.81 -1.81 -1.81 -1.13 -1.13 -1.34 -1.34 
-0.14 -0.14 0.59 0.59 0.59 0.59 0.59000335 1.2 1.3398682 1.34 1.34 1.34 1.34 1.8831393 1.89 1.89 1.89 1.89 2.01 2.01 2.01 2.01 2.01 -0.19 -0.19 -0.19 -0.19 -0.1899983 0.24 0.24 0.24 0.16000419 0.16 0.16 0.16 -0.11 -0.27 -0.27 -0.27 -0.27526237 0.14539618 0.26 0.26 -1.01 -1.01 -1.01 -1.81 -1.81 -1.81 -1.13 -1.13 -1.13 -1.5573719 
0.51 0.5099949 0.59 0.59 0.59 0.59 1.2 1.2 1.2 1.34 1.34 1.34 1.34 1.340171 1.89 1.89 1.89 1.89 2.0099978 2.01 2.01 2.01 0.19756898 -0.19 -0.19 -0.19 -0.19 -0.66999961 -0.67 -0.66999999 0.23023027 0.16 0.16 0.16 0.16000027 0.44 -0.27 -0.27 -0.27 -0.27 0.26 0.26 0.26 0.59 0.59 0.59 0.33979062 -1.81 -1.81 -1.13 -1.13 -1.13 -1.5799997 
0.51 0.51 0.59 0.59 0.59 1.2 1.2 1.2 1.2 1.3246579 1.34 1.34 1.34 1.3400055 2.7099056 2.71 2.71 2.71 2.0332928 1.83 1.83 1.83 1.83 -0.19 -0.19 -0.19 -0.19003166 -0.67 -0.67 -0.67 -0.67 0.15995246 0.3174919 0.44 0.44 0.44 -0.26977364 -0.21000125 -0.21 -0.21 0.26010966 0.4 0.4 0.59 0.59 0.58999894 0.34 0.34 -0.36 -0.36 -0.36 -0.35 -1.46 
0.51 0.51 0.81 0.81 0.81 1.2 1.2 1.2 1.2 1.48 1.48 1.48 1.48 1.566681 2.71 2.71 2.71 2.71 2.04 1.83 1.83 1.83 1.83 0.93 0.92999956 -0.18999835 -0.67 -0.67 -0.67 -0.67 -0.47761541 -0.29 0.35314001 0.44 0.44 0.44 -0.21 -0.21 -0.21 -0.21 0.4 0.4 0.4 0.12008829 0.12 0.33901112 0.34 0.34 -0.35999564 -0.36 -0.35 -0.35 -1.46 
0.51 0.81 0.81 0.81 0.81 0.81 1.2047354 1.81 1.81 1.48 1.48 1.48 1.48 1.4802913 2.71 2.71 2.71 2.6797273 2.04 2.04 1.83 1.83 0.93 0.93 0.93 0.93 -0.67 -0.67 -0.67 -0.67 -0.29 -0.29 -0.29 0.4392613 0.44 0.44 -0.21 -0.21 -0.21 -0.21 0.4 0.4 0.4 0.12 0.12 0.1199949 0.03 0.03 0.52 0.52 -0.35 -0.35 -1.46 
0.80718263 0.81 0.81 0.81 0.81 0.81 1.81 1.81 1.81 1.6333702 1.48 1.48 1.48 1.4800149 2.71 2.71 2.71 2.04 2.04 2.04 1.8300105 1.8299945 0.93 0.93 0.93 0.93 -0.66988627 -0.67 -0.67 -0.29008739 -0.29 -0.29 -0.29 -0.29 0.43620448 -0.97 -0.97 -0.95684688 -0.21 -0.21 0.39999946 0.4 0.12814106 0.12 0.12 0.030000032 0.03 0.03 0.52 0.52 -0.16 -0.16 -0.61 
0.81 0.81 0.81 0.81 0.81 0.81 1.81 1.81 1.81 1.81 1.9599862 1.96 1.96 1.96 2.7099965 2.0882204 1.74 1.74 2.039447 2.04 2.04 0.93000131 0.93 0.93 0.93 0.93 0.92883671 -0.67 -0.66998701 -0.29 -0.29 -0.29 -0.29 -0.29 -0.97 -0.97 -0.97 -0.97 -0.97 -0.96999869 -1.58 -1.58 -1.58 -1.51 -1.51 -1.51 -0.82 -0.82 -0.66 -0.66 -0.16 -0.16000098 -0.61 
0.81 0.81 0.81 0.81 0.81 0.81 1.81 1.81 1.81 1.96 1.96 1.96 1.96 1.96 1.9020085 1.74 1.74 1.74 1.74 1.74 1.754324 0.93000001 0.93 0.93 0.93 0.91115939 0.33094019 -0.53383048 -0.29187396 -0.29 -0.29 -0.29 -0.29 -0.29000149 -0.97 -0.97 -0.97 -0.97 -0.97 -1.2537706 -1.58 -1.58 -1.58 -1.51 -1.51 -1.51 -0.82 -0.82 -0.66 -0.66 -0.39000001 -0.5978637 -0.61 
0.81 0.81 0.81 0.81 0.81 0.8100003 1.8099998 1.81 1.8162258 1.96 1.96 1.96 1.96 1.96 1.9494474 1.74 1.74 1.74 1.74 1.74 1.74 0.42616039 0.33000084 0.33 0.33 0.33 0.33 0.33 -1.0401739 -1.0599909 -1.06 -1.06 -1.06 -1.0599999 -0.97 -0.97 -0.97 -0.97 -0.97 -1.5799999 -1.58 -1.58 -1.58 -1.58 -1.5105772 -1.87 -0.82000011 -0.47605497 -0.65983352 -0.39 -0.39 -0.3881292 -0.3 
0.81 0.81 0.81 0.81 0.81 0.81006388 1.8099461 1.8100091 1.9599998 1.96 1.96 1.96 1.96 1.96 1.9558139 1.74 1.74 1.74 1.74 1.74 1.74 0.33 0.33 0.33 0.33 0.33 0.33 0.33 -1.0596163 -1.06 -1.06 -1.06 -1.06 -1.06 -1.03534 -0.97 -0.97 -0.97 -0.97 -1.58 -1.58 -1.58 -1.58 -1.5800743 -1.87 -1.87 -1.8612255 -0.47 -0.47 -0.39 -0.39 -0.3 -0.3 
0.81 0.81 0.81 0.81 0.81000001 0.81133364 1.8088172 1.9430735 1.96 1.96 1.96 1.96 1.96 1.96 1.9561485 1.74 1.74 1.74 1.74 1.74 1.5392416 0.33 0.33 0.33 0.33 0.33 0.33 0.33 -1.0599944 -1.06 -1.06 -1.06 -1.06 -1.06 -1.06 -1.0310822 -1.1260296 -1.1779466 -1.185852 -1.5632875 -1.58 -1.58 -1.58 -1.8699768 -1.87 -1.8670154 -1.3699957 -0.47 -0.47 -0.070122127 -0.07 -0.07 -0.2999999 
0.81 0.81 0.81 0.81 0.81000101 0.81833968 1.8159626 1.9599588 1.96 1.96 1.96 1.96 1.96 1.96 1.9548627 1.74 1.74 1.74 1.74 1.74 0.33000609 0.33 0.33 0.33 0.33 0.33 0.33 0.33 -1.0599996 -1.06 -1.06 -1.06 -1.06 -1.06 -1.06 -1.19 -1.19 -1.19 -1.19 -1.32 -1.32 -1.32 -1.32 -1.3700014 -1.37 -1.37 -1.37 -1.3699917 -0.63 -0.63 -0.07 -0.07 -0.33932914 
0.81 0.81 0.81 0.81000008 0.81002793 0.83721662 1.9479875 1.959998 1.96 1.96 1.96 1.96 1.96 1.96 1.9525318 1.7400001 1.74 1.74 1.74 1.7315138 0.33 0.33 0.33 0.33 0.33 0.33 0.33 0.33 -1.0599997 -1.06 -1.06 -1.06 -1.06 -1.06 -1.1899999 -1.19 -1.19 -1.19 -1.19 -1.32 -1.32 -1.32 -1.32 -1.3334948 -1.37 -1.37 -1.37 -0.63000828 -0.63 -0.63 -0.46 -0.46 -0.46 
0.81 0.81 0.81000005 0.81000227 0.81027409 0.91874411 1.9592378 1.9599995 1.96 1.96 1.96 1.96 1.96 1.96 1.9493745 1.7400052 1.74 1.74 1.7399984 0.35856883 0.33 0.33 0.33 0.33 0.33 0.33 0.33 0.33 -1.0599987 -1.06 -1.06 -1.06 -1.06 -1.4699433 -1.1900001 -1.19 -1.19 -1.19 -1.19 -1.32 -1.32 -1.32 -1.32 -1.32 -1.37 -1.37 -1.37 -0.63000001 -0.63 -0.63 -0.46 -0.46 -0.46 
0.81000001 0.81000007 0.81000095 0.81002682 0.81168175 1.4724241 1.9598417 1.9599997 1.96 1.96 1.96 1.96 1.96 1.9599996 1.9456206 1.7400803 1.74 1.74 1.7326997 0.33011989 0.33 0.33 0.33 0.33 0.33 0.33 0.33 0.32999919 -1.0599913 -1.06 -1.0600004 -1.5707692 -1.62 -1.62 -1.62 -1.19 -1.19 -1.19 -1.19 -1.32 -1.32 -1.32 -1.32 -1.32 -1.3699991 -1.37 -1.3699996 -0.63000005 -0.63 -0.62999991 -0.46 -0.46 -0.46 
