interpolatedSpi/07-07|21_1.tif
NCOLS 53
NROWS 52
XLLCORNER -116.03883
YLLCORNER 28.596182
DX 0.49850594
DY 0.49788537
NODATA_VALUE -9999
-1.58 -1.58 -1.8319402 -1.67 -0.38 -1.44 -1.04 -1.65 -1.5389894 -2.1 -2.8 -2.78 -2.590028 -2.93 -2.57 -2.57 -2.57 -1.46 -2.88 -2.88 -2.88 -2.8799889 -1.73 -3.45 -3.45 -3.45 -2.1999954 -2.2 -2.2 0.75 0.75 0.75 0.75 -1.3999996 -1.4 -1.4 -1.4 -1.4 -1.4 -1.4000001 -3.5073013 -3.5293887 -1.13 -1.13 -1.13 -1.13 -1.1304247 -1.39 -1.39 -1.39 0.1999967 0.2 0.2 
-1.5800053 -1.7 -1.44 -1.9692645 -2.9397355 -2.15 -2.34 -2.9374163 -3.36 -2.52 -3.25 -2.59 -2.59 -2.3120674 -2.9299893 -2.57 -1.46 -1.46 -2.8781485 -2.88 -2.88 -2.88 -3.5394831 -3.45 -3.45 -3.45 -2.81 -2.81 0.75 0.75 0.75 0.75 0.75 -1.3999997 -1.4 -1.4 -1.4 -1.4 -1.4 -1.4910696 -1.9899426 -1.2343538 -1.13 -1.13 -1.13 -1.13 -1.13 -1.39 -1.39 -1.39 -1.2581557 0.2 0.2 
-2.7099304 -2.71 -1.41 -2.04 -0.75 -1.89 -1.07 -2.05 -1.57 -1.07 -3.4 -2.1 -1.89 -1.94 -2.31 -3.12 -1.46 -1.46 -1.46 -3.0499506 -3.05 -3.05 -5.15 -3.45 -3.45 -3.45 -2.81 -2.81 -2.81 0.75 0.75 0.74999987 -0.58829219 -1.4006736 -1.4006516 -1.4693586 -1.47 -1.47 -1.5354023 -1.99 -1.99 -1.9889003 -1.13 -1.13 -1.13 -1.13 -1.13 -1.39 -1.39 -1.39 -1.39 0.2 0.2 
-1.14 -2.7099996 -0.87979013 -0.07 -0.62 -0.75 -0.54 -0.75 -0.5 -1.0089982 -0.99 -1.34 -1.43 -1.94 -2.16 -3.12 -2.9016832 -2.8989911 -2.82 -3.05 -3.05 -3.95 -5.15 -5.15 -3.45 -3.4499968 -2.81 -2.81 -2.81 -0.72 -1.4387678 -2.03 -2.03 -2.0299995 -1.47 -1.47 -1.47 -1.47 -1.99 -1.99 -1.99 -1.99 -1.13 -1.13 -1.13 -1.13 -1.13 -1.3899967 -1.39 -1.39 -1.39 0.19990364 0.2 
-1.14 -1.439999 -0.88 -1.3382398 -0.62 -0.72 -0.86007088 -2.26 -1.16 -1.3700002 -1.8091516 -2.0101031 -2.73 -2.16 -2.16 -2.7988778 -2.9 -2.9 -2.82 -2.82 -3.0500016 -3.95 -2.94 -0.73 -1.77 -1.7696705 -2.81 -2.81 -0.72 -0.72 -2.03 -2.03 -2.03 -1.8527412 -1.47 -1.47 -1.47 -1.99 -1.99 -1.99 -1.99 -1.9900521 -1.13 -1.13 -1.13 -1.13 -1.13 -1.1323143 -1.39 -1.390061 -2.75 -2.75 -2.75 
-1.79 -1.2 -0.46000002 -1.46 -2.01 -1.15 -2.13 -2.1466437 -1.1 -0.59 -1.74 -1.59 -1.5900008 -2.98 -2.98 -2.0698069 -2.07 -2.53 -2.53 -2.8199987 -2.02 -2.02 -0.73 -1.77 -1.77 -0.36 -0.81 -0.81 -1.0299717 -0.72 -2.03 -2.03 -1.09 -1.090023 -1.3099846 -2.67 -2.67 -2.2003735 -1.99 -1.99 -2.5293265 -2.53 -2.5300009 -1.7390553 -1.7499315 -1.7499998 -1.75 -1.7499998 -1.309167 -2.75 -2.75 -2.75 -2.75 
-1.350002 -0.37 0.72090595 -0.040000001 0.08 -0.68 0.17 -0.94 -0.91 -0.91 -1.74 -1.73 -1.2299999 -2.98 -1.2700051 -1.27 -2.07 -0.56 -1.36 -1.36 -1.8550573 -1.67 -1.67 -0.41000002 -0.36 -0.36 -0.81 -0.81 -1.0299948 -1.0299034 -0.69077221 -1.09 -1.09 -1.31 -1.31 -2.588304 -2.67 -2.67 -2.0300222 -2.5299993 -2.53 -2.53 -2.5300006 -1.7499943 -1.75 -1.75 -1.75 -1.7499996 -1.06 -2.7496651 -2.75 -2.75 -2.75 
-1.35 -0.21 0.38 -0.01 0.099993694 -0.78 0.5 -1.8 -1.25 -1.03 -1.03 -0.63 -1.23 -1.23 -1.2697256 -0.54139442 -0.47 -0.76 -1.9799994 -1.36 -2.5101879 -2.5 -0.85 -0.070000003 -0.069998968 0.01 -1.29 -1.2899998 -0.94031537 -0.94 -0.69 -1.111272 -0.4 -1.31 -1.3388064 -2.52 -2.52 -2.03 -2.03 -2.53 -2.53 -2.53 -0.71900185 -0.72000005 -1.75 -1.75 -1.75 -1.0600263 -1.06 -1.06 -2.75 -2.75 -2.75 
-0.35564692 -0.20999998 -0.05 0.52 0.79 0.04 0.06 0.04 -1.12 -0.7850762 -1.26 -2.3 -2.3 -0.32 -0.31999614 -0.15089187 -0.15 -0.15 -0.94623487 -0.34000048 -2.62 -2.62 -2.12 -1.3504861 0.0019381123 0.01 -1.6 -1.29 -0.61395148 -0.61 -1.31 -1.02 -1.0753993 -2.29 -2.32 -2.45 -2.28 -1.34 -1.7598061 -2.5318301 -2.94 -0.30000001 -0.72004557 -0.72 -0.7257974 -1.75 -2.36 -1.06 -1.06 -1.06 -1.06 -2.8558313 -1.98 
-1.17 -1.17 -0.16 -0.32 -0.01 -0.41 -1.28 -0.68 -0.13 -0.6998765 -1.77 -1.27 -0.32 -0.32 0.09 0.086708292 -0.15 -0.15009061 -0.64 -0.34 -0.34 -0.63374055 -2.12 -0.82002462 -0.82 -0.82 -1.6 -0.83 -0.83 -0.61 -0.61 -1.0202086 -1.13 -2.29 -2.22 -2.45 -2.28 -2.55 -1.76 -1.3763209 -0.30000012 -0.55713757 -1 -0.72 -0.72 -2.36 -2.36 -2.36 -1.06 -1.06 -3.6 -3.6 -3.5999994 
-1.17 -1.17 -1.74 -1.84 -1.92 0.75 0.34999999 -0.17086207 -0.77 -1.05 -0.63 -1.17 -1.2698655 0.09 0.09 0.090021919 0.28 0.23171408 -0.64 -1.97 -1.97 -1.09 -1.09 -0.82 -0.82 -0.82 -0.83 -0.83 -0.83 -0.75 -0.75 -0.75000063 -1.59 -1.59 -2.24 -2.06 -1.66 -0.97000502 -3.21 -1.37 -1.37 -2.6299946 -1 -0.72 -2.3899995 -2.16 -1.3643068 -1.36 -0.32 -0.32 -3.6 -3.6 -3.6 
-1.17 -1.4161868 -1.7826736 -1.9599947 -1.59 -1.54 0.35 -0.17 -0.76999499 -1.0468979 -1.1699998 -1.17 -0.89 0.089999998 0.09 0.27999999 0.28 0.27994764 -0.64 -1.97 -1.7971859 -1.09 -1.09 -0.82001116 -0.82 -0.7443945 -0.59 -0.59 -0.59000003 -0.75 -0.75 -1.26 -1.26 -1.5900018 -2.24 -2.6999998 -1.6439654 -0.97 -0.97 -1.37 -2.63 -2.63 -2.629998 -2.39 -2.39 -2.16 -1.36 -1.36 -0.32 -0.32 -3.6 -3.6 -3.6 
-1.75 -1.4833979 -1.4600141 -1.4636182 -1.5899999 -1.5400012 0.34999995 -0.16359911 -0.72865386 -0.77731154 -0.89 -0.89 -0.89 -0.89 0.089861177 0.28 0.28 0.26812133 -0.64 -1.9698238 -1.39 -1.39 -1.39 -1.39 -0.82944581 -0.59 -0.59 -0.59 -0.59 -0.59006014 -1.26 -1.26 -1.26 -1.26 -2.7 -2.7 -2.7 -1.0541033 -0.98021433 -2.33 -2.33 -2.6299839 -2.360001 -2.3899971 -2.39 -2.16 -1.36 -1.36 -0.32000001 -0.32 -3.5881005 -3.6 -2.2755872 
-1.75 -1.46 -1.46 -1.46 -1.46 -1.46 0.34516202 0.10387743 -0.61834626 -0.88987773 -0.89 -0.89 -0.89 -0.89 -0.89000006 0.28 0.27999985 0.21689428 -0.63998962 -1.39 -1.39 -1.39 -1.39 -1.39 -1.3770268 -0.53864081 -0.47000002 -0.47 -0.47 -0.47 -1.26 -1.26 -1.2600013 -2.38 -2.38 -2.7 -1.7666959 -1.74 -2.3299997 -2.33 -2.33 -2.33 -2.36 -2.36 -2.36 -2.3586082 -2.5026838 -2.51 -2.51 -2.51 -2.51 -0.97000054 -0.97 
-1.39 -1.46 -1.46 -1.46 -1.46 -1.46 -1.4599999 0.032442837 -0.98746942 -0.99 -0.99 -0.99 -0.99 -0.99 -0.99 -0.87227825 0.26166824 0.15402091 -1.3899054 -1.39 -1.39 -1.39 -1.39 -1.3899991 -0.79 -0.79 -0.78999955 -0.47 -0.47 -0.47042051 -0.68 -0.68 -2.38 -2.38 -2.38 -1.8425209 -1.74 -1.74 -1.74 -2.33 -2.33 -2.33 -2.36 -2.36 -2.36 -2.36 -2.51 -2.51 -2.51 -2.51 -2.51 -0.97 -0.97 
-1.39 -1.4160602 -1.46 -1.46 -1.46 -1.46 -0.45019823 -0.45 -0.45000001 -0.99 -0.99 -0.99 -0.99 -0.99 -0.96352716 -0.87 -0.87 -0.87 -0.58246681 -0.58000083 -0.58 -0.58 -0.58 -0.58 -0.79 -0.79 -0.79 -0.79 -0.47 -0.68 -0.68 -0.68 -2.3799998 -2.38 -2.38 -1.39 -1.7395366 -1.74 -1.74 -2.3298185 -1.9680034 -1.1236164 -2.36 -2.36 -1.6621602 -1.66 -1.66 -2.505531 0.20049483 0.20999976 0.20999948 0.52977288 -0.96999695 
-1.39 -0.50444015 -0.96407488 -1.46 -1.46 -0.45059676 -0.45 -0.45 -0.45 -0.45389139 -0.99 -0.99 -0.99 -0.98999999 -0.87 -0.87 -0.87 -0.87 -0.58025905 -0.58 -0.58 -0.58 -0.58 -0.58 -0.79 -0.79 -0.79 -0.79 -0.78959989 -0.68 -0.68 -0.68 -0.26000001 -2.3798481 -1.39 -1.39 -1.39 -1.3795831 -1.1592279 -1.12 -1.12 -1.12 -1.39 -1.39 -1.66 -1.66 -1.66 0.20999998 0.21 0.21 0.21 0.53 0.53 
-0.48061015 -0.48 -0.48 -0.47999999 0.16 -0.44998426 -0.45 -0.45 -0.45 -0.45 -0.95517403 -0.98999401 -0.98999999 -0.87 -0.87 -0.87 -0.87 -0.87 -0.83022084 -0.58 -0.58 -0.58 -0.58 -0.58 -0.4270676 -0.020004172 -0.02 -0.02 -0.02 -0.67999998 -0.26000001 -0.26 -0.26 -0.26 -1.39 -1.389975 -0.44 -0.44 -1.1115092 -1.12 -1.12 -1.12 -1.39 -1.39 -1.6181947 -1.66 -1.66 0.21 0.21 0.21 0.21343123 0.53 0.53 
-0.48 -0.48 -0.48 -0.17861445 0.16 0.16 -0.45 -0.45 -0.45 -0.45 -0.53 -0.53 -0.53 -0.87 -0.87 -0.87 -0.87 -0.86990911 -0.6 -0.6 -0.58000001 -0.58 -0.56247103 0.14 0.13855959 -0.02 -0.02 -0.02 -0.02 -0.25997556 -0.26 -0.26 -0.26 -0.26 -0.44000334 -0.44 -0.44 -0.44 -0.44235943 -1.12 -1.12 -1.12 -1.39 -1.39 -1.39 -1.66 -1.66 0.20999997 0.21 0.21 0.53 0.53 0.53 
-0.48 -0.48 -0.48 0.16 0.16 0.16 0.15999907 -0.45 -0.45 -0.52991742 -0.53 -0.53 -0.53 -0.53021183 -0.42481767 -0.32 -0.32 -0.32 -0.6 -0.6 -0.6 0.14 0.14 0.14 0.14001681 0.095395348 -0.02 -0.02 -0.02 0.10334812 0.17995672 0.18 0.18 0.18 -0.20665501 0.11999873 0.12 0.12 0.12 -0.58007389 -0.58 -0.58 -1.39 -1.39 -0.86000221 -0.85999988 -0.52 -0.52 0.25 0.25 0.25 0.53 1.0795082 
-0.47999646 -0.48 -0.47999998 0.16 0.16 0.16 0.16 0.29999978 -0.44700121 -0.52938339 -0.53 -0.53 -0.53 -0.52958792 -0.32 -0.32 -0.32 -0.32000008 -0.6 -0.6 -0.6 0.14 0.14 0.14 0.2 0.2 0.070000002 0.07 0.07 0.070600085 0.18 0.18 0.18 0.18 0.15001648 0.12 0.12 0.12 0.12 -0.58 -0.58 -0.58 -0.58880987 -0.86 -0.86 -0.86 -0.52 -0.52 0.25 0.25 0.25 1.08 1.08 
0.66 0.14198812 0.56 0.55988395 0.16 0.29918996 0.3 0.3 0.35101301 0.15000001 0.15 0.15 0.15 0.23999707 0.24 -0.31999957 -0.32 -0.32737759 -0.6 -0.6 -0.6 1.04 1.04 1.04 0.2 0.2 0.07 0.07 0.07 0.070000102 0.20999981 0.20999992 0.180754 0.18003216 0.17999968 0.18 0.18 0.18 0.18 -0.58 -0.58 -0.58 -0.84458184 -0.86 -0.86 -0.85999994 -0.52 -0.52 -0.51997228 0.25 0.24999195 0.07 1.08 
0.51002849 0.51000001 0.56 0.56 0.56 0.3 0.3 0.3 0.44 0.44 0.15 0.15 0.15 0.24 0.24 0.24 0.24 0.23990465 -0.6 -0.6 -0.59999994 1.04 1.04 1.04 0.2 0.2 0.07 0.07 0.07 0.20842149 0.21 0.21 0.21 0.21 0.1800148 0.18 0.18 0.18 0.18 0.13999981 0.14 0.14 0.14 -0.85999754 -0.54 -0.54 -0.54 -0.8 -0.8 -0.8 0.07 0.07 0.07 
0.51 0.51 0.56 0.56 0.56 0.30136661 0.3 0.44 0.44 0.44 0.1500357 0.15 -0.20953488 0.23999988 0.24 0.24 0.24 -0.059999999 -0.06 -0.06 -0.11999997 -0.11999914 1.0399943 1.04 1.0386437 -0.85 -0.85 -0.84999781 0.069851322 0.0700279 0.070000745 0.070024442 0.20976073 0.20987918 0.18525212 0.18000001 0.18006702 0.2 0.2 0.14 0.14 0.14 0.14 -0.54 -0.54 -0.54 -0.54 -0.8 -0.8 -0.8 0.07 0.07 0.07 
0.51 0.51 0.56 0.56 0.56 0.56 0.35239791 0.44 0.44 0.44 0.43959676 -0.29 -0.29 -0.29 0.23687659 0.24 -0.058000874 -0.06 -0.06 -0.06 -0.12 -0.12 -0.12 -0.12 -0.85 -0.85 -0.85 -0.85 -0.85 0.07 0.07 0.07 0.07 0.069999937 0.04 0.2 0.2 0.2 0.2 0.20000016 0.26 0.26 0.26 0.058242139 -0.36 -0.36 -0.36 -0.79999999 -0.79999964 -0.43 -0.43 -0.29990999 -0.3 
0.51 0.51 0.54195351 0.56 0.56 0.56 0.48991127 0.44015757 0.44 0.44 -0.2899997 -0.29 -0.29 -0.29 -0.29 -0.24652339 -0.06 -0.06 -0.06 -0.06 -0.11999954 -0.12 -0.12 -0.12 -0.85 -0.85 -0.85 -0.85 -0.85 -1.2675111 0.07 0.07 0.07 0.04 0.04 0.040124244 0.2 0.2 -0.013855836 -0.17999997 0.26 0.26 0.26 0.065976732 -0.36 -0.36 -0.36 0.61 -0.4170417 -0.43 -0.43 -0.3 -0.3 
1.18 1.18 1.18 0.71545104 0.56104063 0.49 0.49 0.49 0.49 1.12 1.12 -0.2899999 -0.29 -0.29 -0.29 -0.28998537 -0.06 -0.06 -0.06 -0.06 -0.093817946 -0.12 -0.12 -0.12732772 -0.42003798 -0.85 -0.85 -0.85 -1.74 -1.74 -1.74 -1.7399924 0.04 0.04 0.04 0.04 -0.18 -0.18 -0.18 -0.18 0.53 0.53 0.53 1.0999885 1.1 1.1 1.0999995 0.61 0.61 -0.42873282 -0.43 -0.29999511 -0.3 
1.18 1.18 1.18 1.1800054 1.28 1.165121 0.49 0.49 0.49 1.12 1.12 1.12 0.91999995 0.92 0.92 0.91999998 -0.05844295 -0.06 -0.06 -0.06 -0.060925099 -0.39999923 -0.4 -0.4 -0.4 -0.40000003 -1.47 -1.47 -1.74 -1.74 -1.74 -1.74 0.040000115 0.04 0.04 0.040013032 -0.18000001 -0.18 -0.18 -0.18140379 0.53 0.53 0.53 1.0999736 1.1 1.1 1.1 0.61 0.61 0.61000001 0.67 0.67 0.35 
1.18 1.18 1.18 1.2799998 1.28 1.28 0.4900003 0.49 0.49 1.12 1.12 1.12 0.92 0.92 0.92 0.91009926 0.79 0.79 0.7899978 -0.055198981 -0.4 -0.4 -0.4 -0.4 -0.4 -0.40080523 -1.47 -1.47 -1.47 -1.74 -1.74 -1.7398391 0.2 0.2 0.2 -0.27 -0.27 -0.5 -0.5 -0.5 -0.15 0.5297867 0.52999709 0.14 0.14 0.17638291 1.0999966 0.61 0.61 0.67 0.67 0.67 0.35 
1.18 1.18 1.18 1.28 1.28 1.28 1.28 0.49 0.49 1.12 1.12 0.92799712 0.92 0.92 0.92 0.79 0.79 0.79 0.79 0.79 -0.4 -0.4 -0.4 -0.4 -0.4 -1.4699963 -1.47 -1.47 -1.47 -1.49 -1.49 -1.49 0.2 0.2 0.2 -0.27 -0.27 -0.5 -0.5 -0.15 -0.15 -0.15 0.14 0.14 0.14 0.14 0.19996755 0.87 0.87 0.87 0.67000001 1.16 1.16 
1.18 1.18 1.1801393 1.28 1.28 1.28 1.28 2.08921 2.13 2.128266 1.12 0.91999246 0.92 0.92 0.91999955 0.79 0.79 0.79 0.79 0.79 0.54947767 -0.4 -0.4 -0.4 -0.39988672 -1.4699089 -1.47 -1.47 -1.47 -1.49 -1.49 -1.49 -1.4897468 0.2 -0.27 -0.27 -0.27 -0.27000971 -0.49997613 -0.15 -0.15 -0.15 0.13998239 0.14 0.14 0.14 0.86999612 0.87 0.87 0.87 1.16 1.16 1.16 
0.95 0.9500004 1.2799358 1.28 1.28 1.28 2.1298191 2.13 2.13 2.13 0.83000003 0.83 0.83 0.83 0.79018463 0.79 0.79 0.79 0.79 0.59000012 0.59 0.59 0.14999991 0.15 0.15 0.15 0.010173163 -1.47 -0.36004546 -0.36 -0.36 -0.36 -0.36 -0.61 -0.61 -0.61 -0.61 -0.61 0.2 0.2 0.2 0.2 0.2 0.4894724 0.49 0.49 0.49 0.87 0.87 0.87 1.1599543 1.16 1.16 
0.95 0.95 0.95560966 1.6199993 1.6199999 1.6204969 2.13 2.13 2.13 2.13 0.83 0.83 0.83 0.83 0.83 0.79 0.79 0.79 0.59000005 0.59 0.59 0.59 0.15 0.15 0.15 0.15 0.15 0.1496567 -0.35999614 -0.36 -0.36 -0.36 -0.35999845 -0.66669016 -0.6100587 -0.61 -0.61 -0.61 0.2 0.2 0.2 0.2 0.2 0.49 0.49 0.49 0.49 0.66769543 0.87 0.39535533 0.39 1.01 1.01 
0.95 0.95 1.6199151 1.62 1.62 1.62 1.7495378 2.13 2.13 2.13 0.83 0.83 0.83 0.83 0.83 0.79003069 0.79 0.59005864 0.59 0.59 0.59 0.59 0.31300085 0.15 0.15 0.15 0.15 0.14964602 -0.35 -0.35 -0.35 -0.35 -0.35 -0.71 -0.71 -0.71 -0.71 -0.71 0.45 0.45 0.45 0.45 0.45 0.49039067 0.49000008 0.49 0.49002712 0.493249 0.39 0.39 0.39 1.0099965 1.01 
0.95000011 1.0088302 1.6199999 1.62 1.62 1.62 1.62 2.1297828 2.13 2.13 0.83 0.83 0.83 0.83 0.82022211 0.82 0.82 0.59000592 0.59 0.59 0.59 0.59 0.59000004 0.15 0.15 0.15 0.15 0.0099996661 0.0099998334 -0.066616748 -0.35 -0.35 -0.35 -0.71 -0.71 -0.71 -0.71 -0.70966813 0.45 0.45 0.45 0.45 0.45002605 0.65 0.65 0.65 0.65 0.64997903 0.39 0.39 0.39 0.39000047 1.1577909 
1.01 1.01 1.1760642 1.62 1.62 1.62 1.62 1.62 2.1297829 2.28 2.28 2.28 2.2765589 0.82000002 0.82 0.82 0.82 0.82 0.59000336 0.6187203 0.87 0.87 0.87 0.68950317 0.19962255 0.46514342 0.68875666 0.01 0.01 0.01 0.01 0.01 0.0032034004 -0.21147024 -0.22 -0.22 -0.22 -0.22 0.51386994 0.78999939 0.79 0.79 0.79 0.30000103 0.64999991 0.65 0.65 0.2 0.38999696 0.39 0.39 1.16 1.16 
1.01 1.01 1.37 1.37 1.37 1.6199167 1.62 1.62 2.28 2.28 2.28 2.28 2.28 0.82000007 0.82 0.82 0.82 0.82 0.87 0.87 0.87 0.87 0.87 0.77000001 0.77 0.77 0.77 0.010000004 0.01 0.01 0.01 0.01 0.54 0.54 -0.22 -0.22 -0.22 0.26991655 0.27 0.79 0.79 0.79 0.79000001 0.3 0.3 0.3 0.2 0.2 0.2 0.43 0.43 1.16 1.16 
1.01 1.01 1.37 1.37 1.37 1.37 1.3700013 1.6 2.2793598 2.28 2.28 2.28 2.28 0.83821217 0.82 0.82 0.82 0.82 0.87 0.87 0.87 0.87 0.87 0.77 0.77 0.77 0.77 0.76999691 0.01 0.01 0.01 0.53997221 0.54 0.54 0.54 -0.22 0.26999999 0.27 0.27 0.28368217 0.85744068 0.87 0.87 0.3 0.3 0.3 0.2 0.2 0.2 0.43 0.43 0.43 1.051314 
1.28 1.2799979 1.37 1.37 1.37 1.37 1.6 1.6 1.6 2.28 2.28 2.28 2.28 2.2795461 0.82 0.82 0.82 0.82 0.86999874 0.87 0.87 0.86999999 0.78759317 0.77 0.77 0.77 0.77 0.56000017 0.56 0.55999999 0.015922783 0.54 0.54 0.54 0.54000049 1.05 0.27 0.27 0.27 0.27000001 0.87 0.87 0.87 1.13 1.13 1.13 0.47997273 0.2 0.2 0.43 0.43 0.43 1.0399994 
1.28 1.28 1.37 1.37 1.37 1.6 1.6 1.6 1.6 2.2054843 2.28 2.28 2.28 2.2799951 1.3599379 1.36 1.36 1.36 0.28640804 -0.12 -0.12 -0.12 -0.12 0.77 0.77 0.77 0.76998615 0.56 0.56 0.56 0.56 0.54004989 0.82686025 1.05 1.05 1.05 0.27104786 0.54999417 0.55 0.55 0.86958486 0.34000002 0.34 1.13 1.13 1.1299972 0.48 0.48 0.87 0.87 0.87 0.4 0.82 
1.28 1.28 1.32 1.32 1.32 1.6 1.6 1.6 1.6 3.07 3.07 3.07 3.07 2.9494923 1.36 1.36 1.36 1.36 0.3 -0.12 -0.12 -0.12 -0.12 0.35 0.35000017 0.76999938 0.56 0.56 0.56 0.56 0.69163156 0.82 1.0226332 1.05 1.05 1.05 0.55 0.55 0.55 0.55 0.34 0.34 0.34 0.56992747 0.57 0.48040454 0.48 0.48 0.86999789 0.87 0.4 0.4 0.82 
1.28 1.32 1.32 1.32 1.32 1.32 1.6061327 2.39 2.39 3.07 3.07 3.07 3.07 3.069595 1.36 1.36 1.36 1.3121058 0.3 0.3 -0.12 -0.12 0.35 0.35 0.35 0.35 0.56 0.56 0.56 0.56 0.82 0.82 0.82 1.0497673 1.05 1.05 0.55 0.55 0.55 0.55 0.34 0.34 0.34 0.57 0.57 0.57000113 0.59 0.59 0.45 0.45 0.4 0.4 0.82 
1.3196244 1.32 1.32 1.32 1.32 1.32 2.39 2.39 2.39 2.7539644 3.07 3.07 3.07 3.0699811 1.36 1.36 1.36 0.3 0.3 0.3 -0.11997902 -0.11999713 0.35 0.35 0.35 0.35 0.55998507 0.56 0.56 0.81994021 0.82 0.82 0.82 0.82 1.049215 0.89 0.89 0.88411571 0.55 0.55 0.34000019 0.34 0.5633127 0.57 0.57 0.58999999 0.59 0.59 0.45 0.45 0.75 0.75 1.01 
1.32 1.32 1.32 1.32 1.32 1.32 2.39 2.39 2.39 2.39 2.5000164 2.5 2.5 2.5 1.3599989 0.84078198 0.55 0.55 0.30046087 0.3 0.29999992 0.34999932 0.35 0.35 0.35 0.35 0.35015268 0.56 0.56000889 0.82 0.82 0.82 0.82 0.82 0.89 0.89 0.89 0.89 0.89 0.8900001 1.46 1.46 1.4599996 0.29 0.29 0.29 0.22 0.22 0.89 0.89 0.75 0.75000057 1.01 
1.32 1.32 1.32 1.32 1.32 1.32 2.39 2.39 2.39 2.5 2.5 2.5 2.5 2.5 1.9859847 0.55 0.55 0.55 0.55 0.55 0.53806332 0.35 0.35 0.35 0.35 0.34183574 0.090407418 0.49600285 0.81871782 0.82 0.82 0.82 0.82 0.82000015 0.89 0.89 0.89 0.89 0.89 1.1551627 1.46 1.46 1.46 0.29 0.29 0.29 0.22 0.22 0.89 0.89 1.38 1.0304107 1.01 
1.32 1.32 1.32 1.32 1.32 1.3200003 2.3899998 2.39 2.3945656 2.5 2.5 2.5 2.5 2.5 2.406466 0.55 0.55 0.55 0.55 0.55 0.55 0.13119498 0.090000364 0.09 0.09 0.09 0.09 0.09 0.98735297 0.99999787 1 1 1 0.99999992 0.89 0.89 0.89 0.89 0.89 1.4599999 1.46 1.46 1.46 1.4599995 0.29030461 0.48 0.22000003 1.1633921 0.8902541 1.38 1.38 1.3947585 2.09 
1.32 1.32 1.32 1.32 1.32 1.3200684 2.3899423 2.3900067 2.4999999 2.5 2.5 2.5 2.5 2.5 2.4628956 0.55 0.55 0.55 0.55 0.55 0.55 0.09 0.09 0.09 0.09 0.09 0.09 0.09 0.9997488 1 1 1 1 1 0.96986001 0.89 0.89 0.89 0.89 1.46 1.46 1.46 1.46 1.4597489 0.48 0.48 0.48438726 1.18 1.18 1.38 1.38 2.09 2.09 
1.32 1.32 1.32 1.32 1.32 1.321427 2.388733 2.4875872 2.5 2.5 2.5 2.5 2.5 2.5 2.4658619 0.55 0.55 0.55 0.55 0.55 0.48450436 0.09 0.09 0.09 0.09 0.09 0.09 0.09 0.99999635 1 1 1 1 1 1 1.125993 1.4928417 1.69343 1.723951 1.4606428 1.46 1.46 1.46 0.48007825 0.48 0.48167137 0.76000201 1.18 1.18 1.3298604 1.33 1.33 2.0899997 
1.32 1.32 1.32 1.32 1.3200011 1.3289234 2.3920139 2.4999698 2.5 2.5 2.5 2.5 2.5 2.5 2.4544645 0.55 0.55 0.55 0.55 0.55 0.090001986 0.09 0.09 0.09 0.09 0.09 0.09 0.09 0.99999975 1 1 1 1 1 1.0000001 1.74 1.74 1.74 1.74 1.47 1.47 1.47 1.47 0.75999919 0.76 0.76 0.76 0.75999935 0.69 0.69 1.33 1.33 0.98522857 
1.32 1.32 1.32 1.3200001 1.3200299 1.3490989 2.4906111 2.4999986 2.5 2.5 2.5 2.5 2.5 2.5 2.433805 0.5500008 0.55 0.55 0.55 0.54723146 0.09 0.09 0.09 0.09 0.09 0.09 0.09 0.09 0.9999998 1 1 1 1 1 1.7399993 1.74 1.74 1.74 1.74 1.47 1.47 1.47 1.47 1.2783741 0.76 0.76 0.76 0.69000078 0.69 0.69 0.83 0.83 0.83 
1.32 1.32 1.32 1.3200024 1.3202932 1.4339881 2.4993723 2.4999996 2.5 2.5 2.5 2.5 2.5 2.4999999 2.4058193 0.55004586 0.55 0.55 0.54999947 0.099320329 0.09 0.09 0.09 0.09 0.09 0.09 0.09 0.090000001 0.99999915 1 1 1 1 1.4099436 1.7399999 1.74 1.74 1.74 1.74 1.47 1.47 1.47 1.47 1.47 0.76 0.76 0.76 0.69 0.69 0.69 0.83 0.83 0.83 
1.32 1.3200001 1.320001 1.3200287 1.3217857 2.0016723 2.4998635 2.4999998 2.5 2.5 2.5 2.5 2.5 2.4999963 2.3725465 0.55071216 0.55000004 0.54999998 0.54761836 0.090039114 0.09 0.09 0.09 0.09 0.09 0.09 0.09 0.09000053 0.9999943 1 1.0000004 1.5107692 1.56 1.56 1.56 1.74 1.74 1.74 1.74 1.47 1.47 1.47 1.47 1.47 0.76001259 0.76 0.75999997 0.69000001 0.69 0.69000008 0.83 0.83 0.83 
