interpolatedSpi/07-06|22_3.tif
NCOLS 53
NROWS 52
XLLCORNER -116.03883
YLLCORNER 28.596182
DX 0.49850594
DY 0.49788537
NODATA_VALUE -9999
1.08 1.08 0.18036753 0.01 0.16 0.39 0.69 0.3 0.08835933 0.54 0.92 2.18 1.3400148 1.52 1.29 1.29 1.29 1.19 1.23 1.23 1.23 1.2299918 0.38 0.58 0.58 0.58 0.25000297 0.25 0.25 0.22 0.22 0.22 0.22 2.0599996 2.06 2.06 2.06 2.06 2.06 2.06 1.0310837 1.0203185 2.27 2.27 2.27 2.27 2.2701633 2.37 2.37 2.37 2.38 2.38 2.38 
1.0799382 -0.31 0.33000072 0.47755254 0.44014877 0.8 0.45 1.4688708 0.89 1.21 1.36 1.34 1.34 1.5997332 1.5199989 1.29 1.19 1.19 1.2299478 1.23 1.23 1.23 0.59842298 0.58 0.58 0.58 0.66999999 0.67 0.22 0.22 0.22 0.22 0.22 2.0599997 2.06 2.06 2.06 2.06 2.0599999 2.1509431 2.749873 2.3282432 2.27 2.27 2.27 2.27 2.27 2.37 2.37 2.37 2.3708292 2.38 2.38 
1.0999623 1.1 0.95 1.28 1.01 0.5 0.47 0.89 0.37 0.81 0.83 1.07 0.7 1.03 1.6 1.13 1.19 1.19 1.19 0.30027035 0.3 0.3 0.93 0.58 0.58 0.58 0.67 0.67 0.67 0.22 0.22 0.22000008 1.0672641 2.0581678 2.0518091 1.1880639 1.18 1.18 1.3774646 2.75 2.75 2.7493862 2.27 2.27 2.27 2.27 2.27 2.37 2.37 2.37 2.37 2.38 2.38 
0.92 1.1000002 1.8499831 2.29 0.99 1.16 1.79 1.13 0.7 1.3163806 1.33 0.44 0.41 1.03 -0.98 1.13 -1.0630914 -1.0784095 -1.08 0.3 0.3 -0.08 0.93 0.93 0.58 0.58000045 0.67 0.67 0.67 0.79 1.4429265 1.98 1.98 1.9799994 1.18 1.18 1.18 1.18 2.75 2.75 2.75 2.75 2.27 2.27 2.27 2.27 2.27 2.3699987 2.37 2.37 2.37 2.3799644 2.38 
0.92 2.3599991 1.85 1.6289236 0.99 1.47 1.4500337 2.31 1.03 1.5499998 0.85092126 0.50985676 -0.49 -0.98 -0.98 0.39707519 -1.08 -1.08 -1.08 -1.08 0.29999919 -0.08 -0.09 0.39 1.26 1.260077 0.67 0.67 0.79 0.79 1.98 1.98 1.98 1.8479991 1.18 1.18 1.18 2.75 2.75 2.75 2.75 2.7499276 2.27 2.27 2.27 2.27 2.27 2.2708901 2.37 2.3699516 1.29 1.29 1.29 
-1.51 1.55 1.04 1.15 0.62 1.67 1.91 1.9612115 1.13 0.14 -0.59 -0.29 -0.29000013 0.45 0.45 -0.36010623 -0.36 -0.48 -0.48 -1.0799998 -0.59 -0.59 0.39 1.26 1.26 1.59 1.12 1.12 1.6199243 0.79 1.98 1.98 1.28 1.2801808 3.009876 2.54 2.54 2.6850317 2.75 2.75 2.0009354 2 2.0000019 1.8868846 1.8800431 1.8800001 1.88 1.8800001 1.5784568 1.29 1.29 1.29 1.29 
-0.96000491 -0.17 0.84906217 0.38 0.54 1.02 1.34 1.12 0.35 0.35 -0.59 -0.26 -0.5199999 0.45 -0.79999626 -0.8 -0.36 -0.5 -0.85 -0.85 -0.47218378 -0.34 -0.34 1.27 1.59 1.59 1.12 1.12 1.6199854 1.6197318 1.9781181 1.28 1.28 3.01 3.01 2.485536 2.54 2.54 2.7299934 2.000001 2 2 2.0000096 1.8800002 1.88 1.88 1.88 1.8799998 1.6 1.2900614 1.29 1.29 1.29 
-0.96 0.98 0.95 -0.3 -0.41999312 0.12 0.36 0.35 -0.79 -0.21 -0.21 -0.15 -0.52 -0.52 -0.79807894 -1.5741434 -1.65 -0.6 -0.96999988 -0.85 -0.43754369 -0.39 -1.2 0.089999994 0.09 0.09 0.93 0.93000007 1.370876 1.37 1.98 1.2757426 1.69 3.01 2.9940281 2.44 2.44 2.73 2.73 2 2 2 1.9203329 1.92 1.88 1.88 1.88 1.6000107 1.6 1.6 1.29 1.29 1.29 
0.69477479 0.97999999 0.6 -0.65 0.24 -0.23 0.11 -0.2 0.38 0.20456373 0.55 0.31 0.31 1.11 1.1099883 -1.2211984 -1.22 -1.22 -0.65648107 -0.77000004 -0.95 -0.94999999 -0.4 -0.88473315 0.09 0.09 1.13 0.93 1.8545958 1.86 1.16 2.54 1.9759063 2.03 2.45 2.3 2.55 1.79 2.7295659 2.0034371 2.77 1.96 1.9199886 1.92 1.9197749 1.88 1.31 1.6 1.6 1.6 1.6 1.2862648 0.83 
-0.9 -0.9 0.92 -0.46 -0.68 -0.27 -0.59 -0.39 -0.15 0.15999012 1.12 1.27 1.11 1.11 -0.13 -0.14494984 -1.22 -1.2199281 -0.91 -0.77 -0.77 -0.79319003 -0.4 1.3299672 1.33 1.33 1.13 1.49 1.49 1.86 1.86 2.5378758 1.42 2.03 2.08 2.3 2.55 2.79 2.73 1.1854449 1.96 1.9195927 1.85 1.92 1.92 1.31 1.31 1.31 1.6 1.6 1.26 1.26 1.2599998 
-0.9 -0.9 -2.3925558e-15 -0.37 -0.53 -0.78 -0.39 0.3101558 0.33 -0.35 0.61 -0.18 1.2680694 -0.13 -0.13 -0.13008306 -0.85 -0.85314908 -0.91 -0.31 -0.31 -0.53 -0.53 1.33 1.33 1.33 1.49 1.49 1.49 0.51 0.51 0.5100015 1.86 1.86 1.33 1.44 2.46 1.3800026 2.25 1.16 1.16 1.1900022 1.85 1.92 1.8800002 2.11 1.8576313 1.86 2.24 2.24 1.26 1.26 1.26 
-0.9 -0.51144794 -0.1578922 -0.56998313 0.6 -1.09 -0.39 0.31 0.32999983 -0.34246642 -0.18000022 -0.18 -0.67 -0.13 -0.13 -0.84999998 -0.85 -0.85000341 -0.91 -0.31 -0.35320352 -0.53 -0.53 1.3299256 1.33 1.2774049 1.17 1.17 1.17 0.51 0.51 0.62 0.62 1.8599985 1.33 2.2499999 2.3365274 1.38 1.38 1.16 1.19 1.19 1.1900051 1.88 1.88 2.11 1.86 1.86 2.24 2.24 1.26 1.26 1.26 
1.36 0.65919004 0.71995976 0.71066847 0.59999133 -1.0899601 -0.39000002 0.30138341 0.3286218 0.31224339 -0.67 -0.67 -0.67 -0.67 -0.13007649 -0.85 -0.85 -0.8507747 -0.91 -0.30990833 0.02 0.02 0.02 0.02 1.3077087 1.17 1.17 1.17 1.17 1.1696205 0.62 0.62 0.62 0.62 2.25 2.25 2.25 1.4223103 1.3806759 1.47 1.47 1.1900151 1.5900099 1.8799721 1.88 2.11 1.86 1.86 2.24 2.24 1.2635553 1.26 1.5810106 
1.36 0.72 0.72 0.72 0.72 0.71999925 -0.39179168 -0.058783466 0.32494475 -0.66894 -0.67 -0.67 -0.67 -0.67 -0.6699999 -0.84999999 -0.85000001 -0.85411559 -0.90999615 0.02 0.02 0.02 0.02 0.02 0.038811137 1.1550133 1.19 1.19 1.19 1.19 0.62 0.62 0.62000097 1.43 1.43 2.25 1.9972302 1.99 1.4700003 1.47 1.47 1.47 1.59 1.59 1.59 1.5936187 1.6315484 1.63 1.63 1.63 1.63 1.8799999 1.88 
2.2 0.72 0.72 0.72 0.72 0.72 0.71999992 0.033701387 -0.54485722 -0.55 -0.55 -0.55 -0.55 -0.55 -0.55 0.87058554 -0.82223369 -0.85821559 0.01988309 0.02 0.02 0.02 0.02 0.020000744 0.89 0.89 0.89000042 1.19 1.19 1.1886183 0.5 0.5 1.43 1.43 1.43 1.9002938 1.99 1.99 1.99 1.47 1.47 1.47 1.59 1.59 1.59 1.59 1.63 1.63 1.63 1.63 1.63 1.88 1.88 
2.2 1.6490128 0.72 0.72 0.72 0.72 0.68000785 0.68 0.67999997 -0.55 -0.55 -0.55 -0.55 -0.55 -0.23011986 0.9 0.9 0.9 0.65805166 0.65999935 0.66 0.66 0.66 0.66 0.89 0.89 0.89 0.89 1.19 0.5 0.5 0.5 1.4299999 1.43 1.43 1.31 1.9890997 1.99 1.99 1.4699044 1.2785307 0.83191282 1.59 1.59 0.57314778 0.57 0.57 1.6267938 -0.31318563 -0.31999983 -0.31999963 -0.039709454 1.8799961 
2.2 1.5285317 1.1197764 0.72 0.72 0.68002363 0.68 0.68 0.68 0.67113627 -0.55 -0.55 -0.55 -0.54999982 0.9 0.9 0.9 0.9 0.66021439 0.66 0.66 0.66 0.66 0.66 0.88999999 0.89 0.89 0.89 0.88858143 0.5 0.5 0.5 0.62 1.4299682 1.31 1.31 1.31 1.303565 0.90343116 0.83 0.83 0.83 0.2 0.2 0.57 0.57 0.57 -0.31999999 -0.32 -0.32 -0.32 -0.04 -0.04 
1.5105676 1.51 1.51 1.51 0.34 0.67999123 0.68 0.68 0.68 0.68 -0.34331618 -0.54996443 -0.54999992 0.9 0.9 0.9 0.9 0.9 0.84772719 0.66 0.66 0.66 0.66 0.66 0.50908364 0.090004335 0.09 0.09 0.09 0.50000001 0.62 0.62 0.62 0.62 1.31 1.3099845 0.72 0.72 0.82862649 0.83 0.83 0.83 0.2 0.2 0.51271126 0.57 0.57 -0.32 -0.32 -0.32 -0.31699767 -0.04 -0.04 
1.51 1.51 1.51 0.95902955 0.34 0.34 0.68 0.68 0.68 0.68 2.18 2.18 2.18 0.9 0.9 0.9 0.9 0.89991902 0.37 0.37 0.65999988 0.66 0.65269626 0.36 0.35756931 0.09 0.09 0.09 0.09 0.61994603 0.62 0.62 0.62 0.62 0.72000207 0.72 0.72 0.72 0.72036158 0.83 0.83 0.83 0.2 0.2 0.2 0.57 0.57 -0.31999998 -0.32 -0.32 -0.04 -0.04 -0.04 
1.51 1.51 1.51 0.34 0.34 0.34 0.34000052 0.68 0.68 2.1784516 2.18 2.18 2.18 2.1792025 0.50338302 0.41 0.41 0.41 0.37 0.37 0.37 0.36 0.36 0.36 0.35984593 -0.056866807 0.09 0.09 0.089999998 0.20925351 0.13004819 0.13 0.13 0.13 0.53652204 0.280001 0.28 0.28 0.28 -0.41982896 -0.42 -0.42 0.2 0.2 -0.42999737 -0.42999982 0.07 0.07 0.12 0.12 0.12 -0.04 -0.19985694 
1.5099984 1.51 1.51 0.34 0.34 0.34 0.33999999 -0.24999973 0.6762815 2.1786217 2.18 2.18 2.18 2.1765268 0.41 0.41 0.41 0.40999999 0.37 0.37 0.37 0.36 0.36 0.36 -0.19 -0.19 -0.4 -0.4 -0.4 -0.39710868 0.13 0.13 0.13 0.13 0.20495866 0.28 0.28 0.28 0.28 -0.42 -0.42 -0.42 -0.42031464 -0.43 -0.43 -0.43 0.07 0.07 0.12 0.12 0.12 -0.19999999 -0.2 
0.98 1.1926538 0.26 0.26002321 0.34 -0.24658628 -0.25 -0.25 -0.16254913 0.65999998 0.66 0.66 0.66 0.1900153 0.19 0.40999983 0.41 0.40894606 0.37 0.37 0.37 -0.42 -0.42 -0.42 -0.19 -0.19 -0.4 -0.4 -0.4 -0.39999993 -0.29999727 -0.29999879 0.1191926 0.12953901 -0.68905937 -0.69 -0.69 -0.69 -0.69 -0.42 -0.42 -0.42 -0.42944979 -0.43 -0.43 -0.42999996 0.07 0.07 0.0700018 0.12 0.11996825 -0.59 -0.2 
0.20014812 0.20000001 0.26 0.26 0.26 -0.25 -0.25 -0.25 -0.01 -0.01 0.66 0.66 0.66 0.19 0.19 0.19 0.19 0.19002081 0.37 0.37 0.36999997 -0.42 -0.42 -0.42 -0.19 -0.19 -0.4 -0.4 -0.4 -0.30112751 -0.3 -0.3 -0.3 -0.3 -0.68980756 -0.69 -0.69 -0.69 -0.69 -1.0499998 -1.05 -1.05 -1.05 -0.42999847 -0.23 -0.23 -0.23 -0.36 -0.36 -0.36 -0.59 -0.59 -0.59 
0.2 0.2 0.26 0.26 0.26 -0.24731935 -0.25 -0.01 -0.01 -0.01 0.65991752 0.66 0.030813963 0.18999993 0.19 0.19 0.19 -0.4 -0.4 -0.4 -1.34 -1.3399993 -0.42000448 -0.42 -0.42036227 -1.14 -1.14 -1.1399982 -0.40011959 -0.94987046 -0.94999654 -0.94988652 -0.30111092 -0.30056094 -0.62096236 -0.69000029 -0.69247991 -1.43 -1.43 -1.05 -1.05 -1.05 -1.05 -0.23 -0.23 -0.23 -0.23 -0.36 -0.36 -0.36 -0.59 -0.59 -0.59 
0.2 0.2 0.26 0.26 0.26 0.26 -0.16017501 -0.01 -0.01 -0.01 -0.010055237 -0.11 -0.11 -0.11 0.18823203 0.19 -0.39606839 -0.4 -0.4 -0.4 -1.34 -1.34 -1.34 -1.34 -1.14 -1.14 -1.14 -1.14 -1.14 -0.95 -0.95 -0.95 -0.95 -0.95000023 -1.06 -1.43 -1.43 -1.43 -1.43 -1.4299973 -0.65 -0.65 -0.65 -0.53610463 -0.3 -0.3 -0.3 -0.36 -0.35999988 -0.24 -0.24 -0.30007055 -0.3 
0.2 0.2 0.23834421 0.26 0.26 0.25999998 -0.81856263 -0.012552673 -0.01 -0.01 -0.11000003 -0.11 -0.11 -0.11 -0.11 -0.085453105 -0.4 -0.4 -0.4 -0.4 -1.3399927 -1.34 -1.34 -1.34 -1.14 -1.14 -1.14 -1.14 -1.14 -1.408153 -0.95 -0.95 -0.95 -1.06 -1.06 -1.0602873 -1.43 -1.43 -0.94038269 -0.56000008 -0.65 -0.65 -0.65 -0.53900473 -0.3 -0.3 -0.3 -0.89 -0.24809894 -0.24 -0.24 -0.3 -0.3 
-1.06 -1.06 -1.06 -0.070960285 0.25816635 -0.82 -0.82 -0.82 -0.82 -0.24 -0.24 -0.11000001 -0.11 -0.11 -0.11 -0.11001841 -0.4 -0.4 -0.4 -0.4 -0.92981449 -1.34 -1.34 -1.3392149 -1.3024301 -1.14 -1.14 -1.14 -1.57 -1.57 -1.57 -1.5699974 -1.06 -1.06 -1.06 -1.06 -0.56 -0.56 -0.56 -0.56 -0.57 -0.57 -0.57 -0.70999719 -0.71 -0.71 -0.70999987 -0.89 -0.89 -0.24079199 -0.24 -0.29999975 -0.3 
-1.06 -1.06 -1.06 -1.0599962 -0.99 -0.96527921 -0.82 -0.82 -0.82 -0.24 -0.24 -0.24 -0.88999996 -0.89 -0.89 -0.88999998 -0.40018318 -0.4 -0.4 -0.4 -0.41425211 -1.3100001 -1.31 -1.31 -1.31 -1.31 -1.69 -1.69 -1.57 -1.57 -1.57 -1.57 -1.0600001 -1.06 -1.06 -1.0600098 -0.55999999 -0.56 -0.56 -0.55798206 -0.57 -0.57 -0.57 -0.70999351 -0.71 -0.71 -0.71 -0.89 -0.89 -0.88999991 -0.25 -0.25 -0.76 
-1.06 -1.06 -1.06 -0.99000016 -0.99 -0.99 -0.82000006 -0.82 -0.82 -0.24 -0.24 -0.24 -0.89 -0.89 -0.89 -0.86029778 -0.5 -0.5 -0.49999974 -0.40056483 -1.31 -1.31 -1.31 -1.31 -1.31 -1.310286 -1.69 -1.69 -1.69 -1.57 -1.57 -1.5699807 -1.18 -1.18 -1.18 -0.39 -0.39 -0.1 -0.1 -0.1 0.23 -0.56974906 -0.56999873 -0.4 -0.4 -0.41174865 -0.70999949 -0.89 -0.89 -0.25 -0.25 -0.25 -0.76 
-1.06 -1.06 -1.06 -0.99 -0.99 -0.99 -0.99 -0.82 -0.82 -0.24 -0.24 -0.86400937 -0.89 -0.89 -0.89 -0.5 -0.5 -0.5 -0.5 -0.5 -1.31 -1.31 -1.31 -1.31 -1.31 -1.6899987 -1.69 -1.69 -1.69 -1.54 -1.54 -1.54 -1.18 -1.18 -1.18 -0.39 -0.39 -0.1 -0.1 0.23 0.23 0.23 -0.4 -0.4 -0.4 -0.4 -0.37289138 -0.07 -0.07 -0.07 -0.25 -0.19 -0.19 
-1.06 -1.06 -1.0599025 -0.99 -0.99 -0.99 -0.99 -1.7325692 -1.77 -1.7673732 -0.24000004 -0.89003182 -0.89 -0.89 -0.88999865 -0.5 -0.5 -0.5 -0.5 -0.5 0.032635352 -1.31 -1.31 -1.31 -1.3098641 -1.6899415 -1.69 -1.69 -1.69 -1.54 -1.54 -1.54 -1.5399502 -1.18 -0.39 -0.39 -0.39 -0.38998762 -0.099977495 0.23 0.23 0.23 -0.39996175 -0.4 -0.4 -0.4 -0.069997726 -0.07 -0.07 -0.07 -0.19 -0.19 -0.19 
-2.17 -2.1699981 -0.99007847 -0.99 -0.99 -0.99 -1.769834 -1.77 -1.77 -1.77 -1.27 -1.27 -1.27 -1.27 -0.50355379 -0.5 -0.5 -0.5 -0.5 0.089999649 0.09 0.09 -0.65000011 -0.65 -0.65 -0.65 -0.73976538 -1.69 -1.7999955 -1.8 -1.8 -1.8 -1.8 0.22 0.22 0.22 0.22 0.22 0.47 0.47 0.47 0.47 0.47 0.15915584 0.16 0.16 0.16 -0.07 -0.07 -0.07 -0.18998109 -0.19 -0.19 
-2.17 -2.17 -2.1679903 -1.9299981 -1.9299998 -1.9298434 -1.77 -1.77 -1.77 -1.77 -1.27 -1.27 -1.27 -1.27 -1.27 -0.5 -0.5 -0.5 0.089999852 0.09 0.09 0.09 -0.65 -0.65 -0.65 -0.65 -0.65 -0.6502212 -1.7997451 -1.8 -1.8 -1.8 -1.7998976 0.17464787 0.21995304 0.22 0.22 0.22 0.47 0.47 0.47 0.47 0.47 0.16 0.16 0.16 0.16 0.052447506 -0.07 0.018995876 0.02 -0.41 -0.41 
-2.17 -2.17 -1.9300304 -1.93 -1.93 -1.93 -1.8893607 -1.77 -1.77 -1.77 -1.27 -1.27 -1.27 -1.27 -1.27 -0.50057985 -0.5 0.089827016 0.09 0.09 0.09 0.09 -0.37586221 -0.65 -0.65 -0.65 -0.65 -0.65034681 -1.14 -1.14 -1.14 -1.14 -1.14 0.14 0.14 0.14 0.14 0.14 0.6 0.6 0.6 0.6 0.6 0.16136733 0.16000029 0.16 0.16009492 0.17140175 0.02 0.02 0.02 -0.40999759 -0.41 
-2.1699988 -1.5522825 -1.9299999 -1.93 -1.93 -1.93 -1.93 -1.7700681 -1.77 -1.77 -1.27 -1.27 -1.27 -1.27 0.089126213 0.12 0.12 0.090000772 0.09 0.09 0.09 0.09 0.089999967 -0.65 -0.65 -0.65 -0.65 -0.55000056 -0.55000027 -0.67556634 -1.14 -1.14 -1.14 0.14 0.14 0.14 0.14 0.13997291 0.6 0.6 0.6 0.6 0.59999464 0.72 0.72 0.72 0.72 0.71994354 0.02 0.02 0.02 0.02 0.013667205 
-1.54 -1.54 -1.5661452 -1.93 -1.93 -1.93 -1.93 -1.93 -1.7700658 -0.78000002 -0.78 -0.78 -0.78116287 0.119998 0.12 0.12 0.12 0.12 0.090000839 0.097180075 0.16 0.16 0.16 -0.04823536 -0.69001819 -0.90414792 -1.0844885 -0.55 -0.55 -0.55 -0.55 -0.55 -0.56695558 0.096857445 0.1 0.1 0.1 0.1 0.58685017 0.53000013 0.53 0.53 0.53 0.54000053 0.71999995 0.72 0.72 0.54 0.02000833 0.02 0.02 0.02 0.02 
-1.54 -1.54 -1.23 -1.23 -1.23 -1.9297668 -1.93 -1.93 -0.78 -0.78 -0.78 -0.78 -0.78 0.11999996 0.12 0.12 0.12 0.12 0.16 0.16 0.16 0.16 0.16 -1.1499999 -1.15 -1.15 -1.15 -0.55 -0.55 -0.55 -0.55 -0.55 -0.18 -0.18 0.099999998 0.1 0.1 0.49993188 0.5 0.53 0.53 0.53 0.53000006 0.54 0.54 0.54 0.54 0.54 0.54 0.44 0.44 0.02 0.02 
-1.54 -1.54 -1.23 -1.23 -1.23 -1.23 -1.2299974 -0.76 -0.77998117 -0.78 -0.78 -0.78 -0.78 0.10877332 0.12 0.12 0.12 0.12 0.16 0.16 0.16 0.16 0.16 -1.15 -1.15 -1.15 -1.15 -1.1499976 -0.55 -0.55 -0.55 -0.1800194 -0.18 -0.18 -0.18 0.1 0.5 0.5 0.5 0.50078936 0.89249364 0.96 0.96 0.54 0.54 0.54 0.54 0.54 0.54 0.44 0.44 0.44 -0.28794356 
-1.32 -1.3200017 -1.23 -1.23 -1.23 -1.23 -0.76 -0.76 -0.76 -0.78 -0.78 -0.78 -0.78 -0.77972022 0.12 0.12 0.12 0.12 0.15999943 0.16 0.16 0.16000001 -0.9192093 -1.15 -1.15 -1.15 -1.15 -1.15 -1.15 -1.15 -0.55642579 -0.18 -0.18 -0.18 -0.17999986 -0.030000002 0.5 0.5 0.5 0.5 0.96 0.96 0.96 0.82 0.82 0.82 0.59999416 0.54 0.54 0.44 0.44 0.44 -0.32000056 
-1.32 -1.32 -1.23 -1.23 -1.23 -0.76 -0.76 -0.76 -0.76 -0.77779749 -0.78 -0.78 -0.78 -0.77999099 1.4498469 1.45 1.45 1.45 1.0512224 0.51 0.51 0.51 0.51 -1.15 -1.15 -1.15 -1.15 -1.15 -1.15 -1.15 -1.15 -0.18010353 -0.095629339 -0.03 -0.03 -0.03 0.4979824 -0.039988757 -0.04 -0.04 0.95944386 0.25000002 0.25 0.82 0.82 0.81999907 0.6 0.6 0.19 0.19 0.19 -0.15 -0.52 
-1.32 -1.32 -0.91 -0.91 -0.91 -0.76 -0.76 -0.76 -0.76 -0.44 -0.44 -0.44 -0.44 -0.30680727 1.45 1.45 1.45 1.45 1.07 0.51 0.51 0.51 0.51 -0.2 -0.20000038 -1.1499986 -1.15 -1.15 -1.15 -1.15 -1.0993725 -1.05 -0.15136601 -0.03 -0.03 -0.03 -0.04 -0.04 -0.04 -0.04 0.25 0.25 0.25 0.35996531 0.36 0.59892122 0.6 0.6 0.19000147 0.19 -0.15 -0.15 -0.52 
-1.32 -0.91 -0.91 -0.91 -0.91 -0.91 -0.75518701 -0.14 -0.14 -0.44 -0.44 -0.44 -0.44 -0.4395524 1.45 1.45 1.45 1.4328304 1.07 1.07 0.51 0.51 -0.2 -0.2 -0.2 -0.2 -1.15 -1.15 -1.15 -1.15 -1.05 -1.05 -1.05 -0.031032155 -0.03 -0.03 -0.04 -0.04 -0.04 -0.04 0.25 0.25 0.25 0.36 0.36 0.36000283 0.41 0.41 0.47 0.47 -0.15 -0.15 -0.52 
-0.91385041 -0.91 -0.91 -0.91 -0.91 -0.91 -0.14 -0.14 -0.14 -0.30057254 -0.44 -0.44 -0.44 -0.43996909 1.45 1.45 1.45 1.07 1.07 1.07 0.51002798 0.50999566 -0.2 -0.2 -0.2 -0.2 -1.1499325 -1.15 -1.15 -1.050023 -1.05 -1.05 -1.05 -1.05 -0.033669737 -0.87 -0.87 -0.85563541 -0.04 -0.04 0.24999974 0.25 0.35680173 0.36 0.36 0.40999998 0.41 0.41 0.47 0.47 0.27 0.27 -0.08 
-0.91 -0.91 -0.91 -0.91 -0.91 -0.91 -0.14 -0.14 -0.14 -0.14 0.71996658 0.72 0.72 0.72 1.449998 1.1743657 1.02 1.02 1.0699078 1.07 1.0699999 -0.19999897 -0.2 -0.2 -0.2 -0.2 -0.2006907 -1.15 -1.1499966 -1.05 -1.05 -1.05 -1.05 -1.05 -0.87 -0.87 -0.87 -0.87 -0.87 -0.86999706 -0.89 -0.89 -0.89000006 -1.07 -1.07 -1.07 -0.76 -0.76 -0.54 -0.54 0.27 0.26999924 -0.08 
-0.91 -0.91 -0.91 -0.91 -0.91 -0.91 -0.14 -0.14 -0.14 0.72 0.72 0.72 0.72 0.72 0.79907928 1.02 1.02 1.02 1.02 1.02 1.0223873 -0.19999999 -0.2 -0.2 -0.2 -0.21664254 -0.7291695 -1.0928082 -1.0504931 -1.05 -1.05 -1.05 -1.05 -1.0499996 -0.87 -0.87 -0.87 -0.87 -0.87 -0.87930395 -0.89 -0.89 -0.89 -1.07 -1.07 -1.07 -0.76 -0.76 -0.54 -0.54 -0.10000001 -0.081103146 -0.08 
-0.91 -0.91 -0.91 -0.91 -0.91 -0.90999977 -0.14000018 -0.14 -0.10430521 0.72 0.72 0.72 0.72 0.72 0.73438985 1.02 1.02 1.02 1.02 1.02 1.02 -0.64347345 -0.72999926 -0.73 -0.73 -0.73 -0.73 -0.73 -1.6959016 -1.7099922 -1.71 -1.71 -1.71 -1.7099994 -0.87 -0.87 -0.87 -0.87 -0.87 -0.89 -0.89 -0.89 -0.89 -0.89000008 -1.0699038 -1.01 -0.76000003 -0.56345998 -0.54001752 -0.1 -0.1 -0.097505603 0.02 
-0.91 -0.91 -0.91 -0.91 -0.91 -0.90995081 -0.14004153 -0.13994797 0.71999892 0.72 0.72 0.72 0.72 0.72 0.72570836 1.02 1.02 1.02 1.02 1.02 1.02 -0.73 -0.73 -0.73 -0.73 -0.73 -0.73 -0.73 -1.7097295 -1.71 -1.71 -1.71 -1.71 -1.71 -1.4798401 -0.87 -0.87 -0.87 -0.87 -0.89 -0.89 -0.89 -0.89 -0.89003074 -1.01 -1.01 -1.0071796 -0.56 -0.56 -0.1 -0.1 0.02 0.02 
-0.91 -0.91 -0.91 -0.91 -0.91 -0.9089731 -0.14088982 0.62295462 0.72 0.72 0.72 0.72 0.72 0.72 0.72525202 1.02 1.02 1.02 1.02 1.02 0.7708318 -0.73 -0.73 -0.73 -0.73 -0.73 -0.73 -0.73 -1.7099961 -1.71 -1.71 -1.71 -1.71 -1.71 -1.71 -1.0949074 -1.4444727 -1.6356215 -1.6647095 -0.93178113 -0.89000001 -0.89 -0.89 -1.0099904 -1.01 -1.0122086 -1.3799961 -0.56 -0.56 -0.030082871 -0.03 -0.03 0.019999979 
-0.91 -0.91 -0.91 -0.91 -0.90999922 -0.90357812 -0.071041489 0.71976352 0.72 0.72 0.72 0.72 0.72 0.72 0.72700546 1.02 1.02 1.02 1.02 1.02 -0.72999244 -0.73 -0.73 -0.73 -0.73 -0.73 -0.73 -0.73 -1.7099997 -1.71 -1.71 -1.71 -1.71 -1.71 -1.71 -1.68 -1.68 -1.68 -1.68 -1.54 -1.54 -1.54 -1.54 -1.3799989 -1.38 -1.38 -1.38 -1.3799892 -0.41 -0.41 -0.03 -0.03 0.053641901 
-0.91 -0.91 -0.91 -0.90999994 -0.90997849 -0.88870511 0.65967488 0.71998877 0.72 0.72 0.72 0.72 0.72 0.72 0.73018385 1.0199999 1.02 1.02 1.02 1.0094675 -0.73 -0.73 -0.73 -0.73 -0.73 -0.73 -0.73 -0.73 -1.7099998 -1.71 -1.71 -1.71 -1.71 -1.71 -1.68 -1.68 -1.68 -1.68 -1.68 -1.54 -1.54 -1.54 -1.54 -1.4968167 -1.38 -1.38 -1.38 -0.41001085 -0.41 -0.41 0.09 0.09 0.09 
-0.91 -0.91 -0.90999996 -0.90999825 -0.90978713 -0.79135474 0.71664329 0.71999719 0.72 0.72 0.72 0.72 0.72 0.72000002 0.73448935 1.0199929 1.02 1.02 1.019998 -0.69454223 -0.73 -0.73 -0.73 -0.73 -0.73 -0.73 -0.73 -0.73 -1.7099991 -1.71 -1.71 -1.71 -1.71 -1.073124 -1.6799997 -1.68 -1.68 -1.68 -1.68 -1.54 -1.54 -1.54 -1.54 -1.54 -1.38 -1.38 -1.38 -0.41000001 -0.41 -0.41 0.09 0.09 0.09 
-0.90999999 -0.90999995 -0.90999927 -0.90997919 -0.9085023 -9.2963835e-05 0.7193939 0.71999827 0.72 0.72 0.72 0.72 0.72 0.72000056 0.73960823 1.0198904 1.02 1.0199999 1.0109394 -0.7298512 -0.73 -0.73 -0.73 -0.73 -0.73 -0.73 -0.73 -0.73000057 -1.7099939 -1.71 -1.7099994 -0.91648359 -0.84 -0.84 -0.84 -1.68 -1.68 -1.68 -1.68 -1.54 -1.54 -1.54 -1.54 -1.54 -1.3800028 -1.38 -1.3799995 -0.41000007 -0.41 -0.40999973 0.09 0.09 0.09 
