interpolatedSpi/07-07|22_2.tif
NCOLS 53
NROWS 52
XLLCORNER -116.03883
YLLCORNER 28.596182
DX 0.49850594
DY 0.49788537
NODATA_VALUE -9999
0.18 0.18 -0.35847862 -0.95 -1.02 -0.83 -0.36 -0.43 -0.75406737 0.37 0.17 1.67 0.93999259 0.85 0.88 0.88 0.88 1.21 1 1 1 0.99999509 0.48999999 -0.46 -0.46 -0.46 -1.8299981 -1.83 -1.83 -1.31 -1.31 -1.31 -1.31 -0.8300001 -0.83 -0.83 -0.83 -0.83 -0.83 -0.82999998 -0.018737134 -0.0098753351 0.48 0.48 0.48 0.48 0.47973867 0.32 0.32 0.32 -0.16999898 -0.17 -0.17 
0.17998623 -0.13 -0.14999896 0.12585909 0.050137752 0.14 -0.36 0.85874645 0.45 0.95 0.99 0.94 0.94 1.4180994 0.85000715 0.88 1.21 1.21 1.0002738 1 1 1 -0.46421097 -0.46 -0.46 -0.46 -1.8999999 -1.9 -1.31 -1.31 -1.31 -1.31 -1.31 -0.83000007 -0.83 -0.83 -0.83 -0.83 -0.82999998 -0.53720456 1.0598203 0.55037725 0.48 0.48 0.48 0.48 0.48 0.32 0.32 0.32 0.27936873 -0.17 -0.17 
0.81996481 0.82 0.75 1.11 0.9 0.64 0.8 1.56 0.9 1.68 0.9 0.83 0.16 1.27 1.42 1.33 1.21 1.21 1.21 0.51014244 0.51 0.51 -0.54 -0.46 -0.46 -0.46 -1.9 -1.9 -1.9 -1.31 -1.31 -1.31 -1.016346 -0.8293094 -0.82730072 -0.54265741 -0.54 -0.54 -0.33876217 1.06 1.06 1.0592583 0.48 0.48 0.48 0.48 0.48 0.32 0.32 0.32 0.32 -0.17 -0.17 
0.67 0.82000023 1.9599586 2.4 1.46 1.83 1.78 1.39 1.64 1.2372855 1.48 1.66 1.48 1.27 0.38 1.33 -0.37684037 -0.38887895 -1.51 0.51 0.51 -0.87 -0.54 -0.54 -0.46 -0.46000719 -1.9 -1.9 -1.9 -0.95 -0.81283057 -0.7 -0.7 -0.69999986 -0.54 -0.54 -0.54 -0.54 1.06 1.06 1.06 1.06 0.48 0.48 0.48 0.48 0.48 0.32000202 0.32 0.32 0.32 -0.16995884 -0.17 
0.67 2.2499995 1.96 2.2001943 1.46 1.58 1.0100465 2.49 1.22 2.0899996 2.0358481 2.0097894 0.54 0.38 0.38 0.98861982 -0.39 -0.39 -1.51 -1.51 0.50999716 -0.87 -0.18 -0.74 -1.69 -1.6894364 -1.9 -1.9 -0.95 -0.95 -0.7 -0.7 -0.7 -0.52462662 -0.54 -0.54 -0.54 1.06 1.06 1.06 1.06 1.0598649 0.47999999 0.48 0.48 0.48 0.48 0.4785758 0.32 0.32003453 1.09 1.09 1.09 
-0.8 1.42 1.61 1.08 1.61 1.62 1.52 1.6441878 1.41 0.56 -0.92 0.87 0.86999978 0.93 0.93 0.55982617 0.56 -0.14 -0.14 -1.5099987 -1.73 -1.73 -0.74 -1.69 -1.69 0.72 -0.69 -0.69 0.80983925 -0.95 -0.7 -0.7 0.23 0.2301327 1.4999091 1.58 1.58 1.2208739 1.06 1.06 -0.3382539 -0.34 -0.33999702 -0.64969935 -0.6698729 -0.66999969 -0.66999996 -0.66999956 0.22101113 1.09 1.09 1.09 1.09 
-1.2499881 1.02 1.4648435 0.59 0.93 1.25 1.72 1.74 1.72 1.72 -0.92 0.55 -0.67999968 0.93 -0.15999673 -0.16 0.56 -0.41 -0.06 -0.06 -1.475517 -1.19 -1.19 0.44999997 0.72 0.72 -0.69 -0.69 0.80995921 0.80924896 0.75799679 0.23 0.23 1.5 1.5 1.498304 1.58 1.58 1.7299948 -0.33999712 -0.34 -0.34 -0.33998216 -0.66999308 -0.67 -0.67 -0.67 -0.66999956 0.07 1.0897979 1.09 1.09 1.09 
-1.25 0.56 1.47 0.81 0.79000115 1.08 1.66 1.73 1.11 1.73 1.73 0.5 -0.68 -0.68 -0.16356768 -0.59716335 -0.64 -0.02 0.019999918 -0.06 0.47812066 0.58 -0.32 0.7 0.69998904 -0.15 0.1 0.099999721 0.1124529 0.11000002 0.76 0.48102718 0.95 1.5 1.4803204 1.43 1.43 1.73 1.73 -0.34 -0.34 -0.33999997 0.56959958 0.56999994 -0.67 -0.67 -0.67 0.069971833 0.07 0.07 1.09 1.09 1.09 
0.46745352 0.56 0.84 0.52 1.05 0.91 1.8 1.72 2.31 1.4567418 0.7 0.55 0.55 1.31 1.3099928 -1.2682441 -1.27 -1.27 -0.01389395 -0.39000005 -0.62 -0.61999999 0.88 0.15290028 -0.064342443 -0.15 0.4 0.1 0.60703639 0.61 0.35 1.69 1.1359798 1.14 0.81 0.86 0.89 -0.71 1.6788964 -0.33450956 0.89 0.62 0.57012371 0.57 0.56302061 -0.67 1.5199999 0.070000013 0.07 0.07 0.070000001 0.99910957 0.08 
-0.05 -0.05 1.26 0.71 0.67 0.91 0.98 1.04 1.27 1.2400222 1.58 1.69 1.31 1.31 0.54 0.51517503 -1.27 -1.2696569 0.3 -0.39 -0.39 -0.41963173 0.88 1.0499968 1.05 1.05 0.4 1.45 1.45 0.61 0.61 1.6879137 0.59 1.14 0.87 0.86 0.89 0.89 1.68 -0.40564131 0.62000001 0.88081097 1.33 0.57 0.57 1.52 1.52 1.52 0.07 0.07 0.36 0.36 0.3599999 
-0.05 -0.05 0.37 0.25 0.45 0.29 0.49000001 1.0804466 1.41 0.94 1.25 0.8 1.6888146 0.54 0.54 0.53989964 -0.33 -0.29693464 0.3 -0.48 -0.48 -0.79 -0.79 1.05 1.05 1.05 1.45 1.45 1.45 -0.49 -0.49 -0.48999822 0.17 0.17 0.17 -0.27 0.59 0.29000238 0.47 -0.44 -0.44 -0.49999399 1.33 0.57 0.59999948 -0.09 0.28534039 0.28 -0.43 -0.43 0.36 0.36 0.36 
-0.05 0.1313406 0.31879172 0.16000871 0.63 0.18 0.49 1.08 1.4099972 0.94520703 0.80000018 0.8 0.47 0.54 0.54 -0.32999997 -0.33 -0.32996414 0.3 -0.48 -0.54087769 -0.79 -0.79 1.0499271 1.05 0.68840848 -0.05 -0.05 -0.049999812 -0.49 -0.49 -0.6 -0.6 0.17 0.17 -0.28999994 0.58679225 0.29 0.29 -0.44 -0.5 -0.5 -0.49999176 0.6 0.6 -0.09 0.28 0.28 -0.43 -0.43 0.36 0.36 0.36 
1.26 0.7742245 0.80997925 0.8052967 0.62999774 0.18001063 0.48999999 1.0727374 1.3872596 1.397727 0.47 0.47 0.47 0.47 0.53999008 -0.33 -0.33 -0.3218657 0.3 -0.47974051 0.4 0.4 0.4 0.4 1.038076 -0.05 -0.05 -0.05 -0.05 -0.050397721 -0.6 -0.6 -0.6 -0.6 -0.29 -0.29 -0.29 0.26236092 0.28181351 -0.8 -0.8 -0.50001614 -0.83995071 0.5998613 0.6 -0.09 0.28 0.28 -0.43 -0.43 0.35713397 0.36 -0.2869683 
1.26 0.81 0.81 0.81 0.81 0.80999974 0.48920651 0.76920886 1.3265903 0.47100059 0.47 0.47 0.47 0.47 0.47000002 -0.32999999 -0.3299999 -0.2867863 0.29999154 0.4 0.4 0.4 0.4 0.4 0.4032406 -0.29214132 -0.55999989 -0.56 -0.56 -0.56 -0.6 -0.6 -0.60000023 -0.79 -0.79 -0.29 -0.88303695 -0.9 -0.80000006 -0.8 -0.8 -0.8 -0.84 -0.84 -0.84 -0.83478068 -0.57448138 -0.58 -0.58 -0.58 -0.58 0.60999995 0.61 
1.02 0.81 0.81 0.81 0.81 0.81 0.80999998 0.29811729 0.4938452 0.49 0.49 0.49 0.49 0.49 0.49 0.31354815 -0.31978748 -0.24373178 0.39998721 0.4 0.4 0.4 0.4 0.4 0.55 0.55 0.54999844 -0.56 -0.56 -0.55959951 -0.36 -0.36 -0.79 -0.79 -0.79 -0.8823792 -0.9 -0.9 -0.9 -0.8 -0.8 -0.8 -0.84 -0.84 -0.84 -0.84 -0.58000001 -0.58 -0.58 -0.58 -0.58 0.61 0.61 
1.02 0.94181939 0.81 0.81 0.81 0.81 -0.529737 -0.53 -0.52999997 0.49 0.49 0.49 0.49 0.49 0.45029074 0.31 0.31 0.31 0.39999986 0.4 0.4 0.4 0.4 0.4 0.55 0.55 0.55 0.55 -0.56 -0.36 -0.36 -0.36 -0.78999996 -0.79 -0.79 -0.91 -0.90001324 -0.9 -0.9 -0.80008991 -0.97950242 -1.3982067 -0.84 -0.84 -1.4182101 -1.42 -1.42 -0.5817442 -1.6362958 -1.6399999 -1.6399998 -1.1697307 0.60999638 
1.02 0.15390287 0.4658887 0.81 0.81 -0.52920826 -0.53 -0.53 -0.53 -0.52264959 0.49 0.49 0.49 0.48999998 0.31 0.31 0.31 0.31 0.3999196 0.4 0.4 0.4 0.4 0.4 0.55 0.55 0.55 0.55 0.54669001 -0.36 -0.36 -0.36 0.14999999 -0.78998951 -0.91 -0.91 -0.91 -0.91208784 -1.3683376 -1.4 -1.4 -1.4 -1.4 -1.4 -1.42 -1.42 -1.42 -1.64 -1.64 -1.64 -1.64 -1.17 -1.17 
0.13048954 0.13 0.13 0.12999999 -0.62 -0.53000232 -0.53 -0.53 -0.53 -0.53 0.49984167 0.49000169 0.49 0.31 0.31 0.31 0.31 0.31 0.2469829 0.4 0.4 0.4 0.4 0.4 0.15683886 -0.34999512 -0.35 -0.35 -0.35 -0.35999997 0.14999999 0.15 0.15 0.15 -0.91 -0.910005 -1.1 -1.1 -1.3962541 -1.4 -1.4 -1.4 -1.4 -1.4 -1.4169033 -1.42 -1.42 -1.64 -1.64 -1.64 -1.6349604 -1.17 -1.17 
0.13 0.13 0.13 -0.22318619 -0.62 -0.62 -0.53 -0.53 -0.53 -0.53 0.62 0.62 0.62 0.31 0.31 0.31 0.31 0.30975707 -0.8 -0.8 0.39999951 0.4 0.38222757 -0.33 -0.33018005 -0.35 -0.35 -0.35 -0.35 0.14994909 0.15 0.15 0.15 0.15 -1.0999993 -1.1 -1.1 -1.1 -1.1010183 -1.4 -1.4 -1.4 -1.4 -1.4 -1.4 -1.42 -1.42 -1.64 -1.64 -1.64 -1.17 -1.17 -1.17 
0.13 0.13 0.13 -0.62 -0.62 -0.62 -0.61999986 -0.53 -0.53 0.61881287 0.62 0.62 0.62 0.61980683 -0.87985095 -1.16 -1.16 -1.16 -0.8 -0.8 -0.8 -0.33 -0.33 -0.33 -0.3300028 -0.34475476 -0.35 -0.35 -0.35 0.17101297 0.18999607 0.19 0.19 0.19 -0.83255422 -0.46000145 -0.46 -0.46 -0.46 -1.2900151 -1.29 -1.29 -1.4 -1.4 -1.0900013 -1.0899996 -0.03 -0.03 -0.95 -0.95 -0.95 -1.17 -0.001046122 
0.12999957 0.13 0.12999997 -0.62 -0.62 -0.62 -0.62 -0.66999996 -0.53055977 0.61871238 0.62 0.62 0.62 0.61650715 -1.16 -1.16 -1.16 -1.1599999 -0.8 -0.8 -0.8 -0.33 -0.33 -0.33 -0.34 -0.34 -0.040000004 -0.04 -0.04 -0.038745278 0.19 0.19 0.19 0.19 -0.13482161 -0.46 -0.46 -0.46 -0.46 -1.29 -1.29 -1.29 -1.2837072 -1.09 -1.09 -1.09 -0.03 -0.03 -0.95 -0.95 -0.95 -3.2069477e-08 -1.4772833e-51 
-0.01 0.033227369 -0.15 -0.15013636 -0.62 -0.6697107 -0.67 -0.67 -0.72830058 -0.8 -0.8 -0.8 -0.8 -1.3899808 -1.39 -1.1600002 -1.16 -1.1505145 -0.8 -0.8 -0.8 -0.95 -0.95 -0.95 -0.34 -0.34 -0.04 -0.04 -0.04 -0.040000254 -0.38999631 -0.38999837 0.17542257 0.1893782 -0.9087444 -0.91 -0.91 -0.91 -0.91 -1.29 -1.29 -1.29 -1.1010123 -1.09 -1.09 -1.0899999 -0.03 -0.03 -0.030033118 -0.95 -0.94994768 0.22 2.4172854e-20 
-1.1597816 -1.1599998 -0.15 -0.15 -0.15 -0.67 -0.67 -0.67 -0.83 -0.83 -0.8 -0.8 -0.8 -1.39 -1.39 -1.39 -1.39 -1.3899337 -0.8 -0.8 -0.80000001 -0.95 -0.95 -0.95 -0.34 -0.34 -0.04 -0.04 -0.04 -0.38605372 -0.39 -0.39 -0.39 -0.39 -0.90974341 -0.91 -0.91 -0.91 -0.91 -0.77000014 -0.77 -0.77 -0.77 -1.0899968 -0.67 -0.67 -0.67 0.19 0.19 0.19 0.22 0.22 0.22 
-1.16 -1.16 -0.15 -0.15 -0.15 -0.66726679 -0.67 -0.83 -0.83 -0.83 -0.80000369 -0.8 -0.62840381 -1.3899998 -1.39 -1.39 -1.39 -0.69 -0.69 -0.69 -1.52 -1.5199996 -0.95000278 -0.95 -0.94987022 -1.02 -1.02 -1.0199977 -0.040158375 -1.0098764 -1.0099967 -1.0098918 -0.39105964 -0.39053505 -0.81778655 -0.91000017 -0.91144103 -1.34 -1.34 -0.77 -0.77 -0.77 -0.77 -0.67 -0.67 -0.67 -0.67 0.19 0.19 0.19 0.22 0.22 0.22 
-1.16 -1.16 -0.15 -0.15 -0.15 -0.15 -0.72988333 -0.83 -0.83 -0.83 -0.82986743 -0.59 -0.59 -0.59 -1.3852854 -1.39 -0.69466463 -0.69 -0.69 -0.69 -1.52 -1.52 -1.52 -1.52 -1.02 -1.02 -1.02 -1.02 -1.02 -1.01 -1.01 -1.01 -1.01 -1.0099982 -0.17 -1.34 -1.34 -1.34 -1.34 -1.3399979 -0.76 -0.76 -0.76 -0.62983634 -0.36 -0.36 -0.36 0.18999998 0.18999976 -0.06 -0.06 0.020048655 0.02 
-1.16 -1.16 -0.51453908 -0.15 -0.15 -0.15000001 -0.78008873 -0.82984243 -0.83 -0.83 -0.5899999 -0.59 -0.59 -0.59 -0.59 -0.6555883 -0.69 -0.69 -0.69 -0.69 -1.5199936 -1.52 -1.52 -1.52 -1.02 -1.02 -1.02 -1.02 -1.02 -1.0173896 -1.01 -1.01 -1.01 -0.17 -0.17 -0.17090853 -1.34 -1.34 -0.99107732 -0.72000005 -0.76 -0.76 -0.76 -0.63400493 -0.36 -0.36 -0.36 -1.23 -0.074578086 -0.06 -0.06 0.02 0.02 
-1.98 -1.98 -1.98 -0.6088313 -0.15112873 -0.78 -0.78 -0.78 -0.78 -0.13000001 -0.13 -0.58999997 -0.59 -0.59 -0.59 -0.59000632 -0.69 -0.69 -0.69 -0.69 -1.1578149 -1.52 -1.52 -1.4885955 -0.35117022 -1.02 -1.02 -1.02 -1.02 -1.02 -1.02 -1.02 -0.17 -0.17 -0.17 -0.17 -0.72 -0.72 -0.72 -0.72 -1.23 -1.23 -1.23 -1.0700032 -1.07 -1.07 -1.0699998 -1.23 -1.23 -0.061425581 -0.06 0.019999143 0.02 
-1.98 -1.98 -1.98 -1.9799429 -0.92 -0.8996417 -0.78 -0.78 -0.78 -0.13 -0.13 -0.13 -0.070000022 -0.07 -0.07 -0.069999988 -0.68717899 -0.69 -0.69 -0.69 -0.70252024 -0.32000329 -0.32 -0.32 -0.32 -0.32 -7.8679685e-09 -3.2109762e-13 -1.02 -1.02 -1.02 -1.02 -0.17000009 -0.17 -0.17 -0.17001059 -0.71999998 -0.72 -0.72 -0.71719243 -1.23 -1.23 -1.23 -1.0700074 -1.07 -1.07 -1.07 -1.23 -1.23 -1.2299999 -0.15 -0.15 -0.65 
-1.98 -1.98 -1.98 -0.92000244 -0.92 -0.92 -0.78000005 -0.78 -0.78 -0.13 -0.13 -0.13 -0.07 -0.07 -0.07 6.6786037e-05 0.85 0.85 0.84999602 -0.68130167 -0.32 -0.32 -0.32 -0.32 -0.32 -0.31975918 -4.584097e-36 -1.4998925e-44 -2.0325763e-09 -1.02 -1.02 -1.0197039 -0.3 -0.3 -0.3 0.12 0.12 -0.08 -0.08 -0.08 0.06 -1.2295954 -1.2299913 -0.07 -0.07 -0.10789886 -1.0699976 -1.23 -1.23 -0.15 -0.15 -0.15 -0.65 
-1.98 -1.98 -1.98 -0.92 -0.92 -0.92 -0.92 -0.78 -0.78 -0.13 -0.13 -0.072399135 -0.07 -0.07 -0.07 0.85 0.85 0.85 0.85 0.85 -0.32 -0.32 -0.32 -0.32 -0.32 -1.0916951e-06 -8.07546e-56 -7.0272338e-134 -2.2975954e-27 -0.56 -0.56 -0.56 -0.3 -0.3 -0.3 0.12 0.12 -0.08 -0.08 0.06 0.06 0.06 -0.07 -0.07 -0.07 -0.07 -0.042069906 0.27 0.27 0.27 -0.14999998 0.71 0.71 
-1.98 -1.98 -1.9785239 -0.92 -0.92 -0.92 -0.92 -0.091749759 -0.05 -0.050137349 -0.12999998 -0.069958124 -0.07 -0.07 -0.069996817 0.85 0.85 0.85 0.85 0.85 2.3652396 -0.32 -0.32 -0.32 -0.3197652 4.6136142e-05 2.0982271e-33 -1.6525343e-49 -4.9381313e-16 -0.56 -0.56 -0.56 -0.55996501 -0.3 0.12 0.12 0.12 0.11999163 -0.079990452 0.06 0.06 0.06 -0.069992108 -0.07 -0.07 -0.07 0.26999476 0.27 0.27 0.27 0.71 0.71 0.71 
-0.09 -0.090003303 -0.92052819 -0.92 -0.92 -0.92 -0.050185126 -0.05 -0.05 -0.05 0.42999999 0.43 0.43 0.43 0.84806146 0.85 0.85 0.85 0.85 2.479999 2.48 2.48 0.81999981 0.82 0.82 0.82 0.74922345 3.2414972e-18 -0.86996437 -0.87 -0.87 -0.87 -0.87 -0.08 -0.08 -0.08 -0.08 -0.08 -0.12 -0.12 -0.12 -0.12 -0.12 -0.24972866 -0.25 -0.25 -0.25 0.27 0.27 0.27 0.70993068 0.71 0.71 
-0.09 -0.09 -0.083051077 0.73999666 0.73999963 0.7392287 -0.05 -0.05 -0.05 -0.05 0.43 0.43 0.43 0.43 0.43 0.85 0.85 0.85 2.4799996 2.48 2.48 2.48 0.82000001 0.82 0.82 0.82 0.82 0.81982481 -0.86965632 -0.87 -0.87 -0.87 -0.86986193 -0.34644376 -0.080275891 -0.08 -0.08 -0.080000007 -0.12 -0.12 -0.12 -0.12 -0.12 -0.25 -0.25 -0.25 -0.25 -0.006837839 0.27 -1.2528183 -1.27 -0.35 -0.35 
-0.09 -0.09 0.73989486 0.74 0.74 0.74 0.53934333 -0.05 -0.05 -0.05 0.43 0.43 0.43 0.43 0.43 0.84969245 0.85 2.4795221 2.48 2.48 2.48 2.48 1.4349578 0.82 0.82 0.82 0.82 0.81943349 0.02 0.02 0.02 0.02 0.02 -0.55 -0.55 -0.55 -0.55 -0.55 -0.52 -0.52 -0.52 -0.52 -0.52 -0.25290558 -0.25000061 -0.25000001 -0.25020172 -0.27441846 -1.27 -1.27 -1.27 -0.35000515 -0.35 
-0.089998471 0.72381834 0.74 0.74 0.74 0.74 0.74 -0.049663626 -0.05 -0.05 0.43 0.43 0.43 0.43 2.1117965 2.15 2.15 2.4799915 2.48 2.48 2.48 2.48 2.4799998 0.82 0.82 0.82 0.82 0.21999983 0.21999991 0.17743514 0.02 0.02 0.02 -0.55 -0.55 -0.55 -0.55 -0.54979004 -0.52 -0.52 -0.52 -0.52 -0.52003141 -1.44 -1.44 -1.44 -1.44 -1.4399863 -1.27 -1.27 -1.27 -1.2699997 -0.82293083 
0.74 0.74 0.80222433 0.74 0.74 0.74 0.74 0.74 -0.049659418 1.49 1.49 1.49 1.4874844 2.1499975 2.15 2.15 2.15 2.15 2.4799958 2.4440996 2.13 2.13 2.13 1.7929158 0.74956799 0.37269966 0.054856785 0.22 0.22 0.22 0.22 0.22 0.20777288 -0.23966332 -0.24 -0.24 -0.24 -0.24 -0.5970199 -0.92999926 -0.93 -0.93 -0.93 -1.2300006 -1.4399999 -1.44 -1.44 -1.18 -1.2699986 -1.27 -1.27 -0.83 -0.83 
0.74 0.74 1.16 1.16 1.16 0.74013991 0.74 0.74 1.49 1.49 1.49 1.49 1.49 2.15 2.15 2.15 2.15 2.15 2.13 2.13 2.13 2.13 2.13 -0.059999887 -0.06 -0.06 -0.06 0.22 0.22 0.22 0.22 0.22 -0.21 -0.21 -0.24 -0.24 -0.24 -0.87989101 -0.88 -0.93 -0.93 -0.93 -0.92999991 -1.23 -1.23 -1.23 -1.18 -1.18 -1.18 -0.1 -0.1 -0.83 -0.83 
0.74 0.74 1.16 1.16 1.16 1.16 1.159996 0.44 1.4890114 1.49 1.49 1.49 1.49 2.1417671 2.15 2.15 2.15 2.15 2.13 2.13 2.13 2.13 2.13 -0.06 -0.06 -0.06 -0.06 -0.059998923 0.22 0.22 0.22 -0.20997746 -0.21 -0.21 -0.21 -0.24 -0.87999999 -0.88 -0.88 -0.88131559 -0.40733475 -0.31 -0.31 -1.23 -1.23 -1.23 -1.18 -1.18 -1.18 -0.1 -0.1 -0.1 -1.3372012 
-0.01 -0.0099941128 1.16 1.16 1.16 1.16 0.44 0.44 0.44 1.49 1.49 1.49 1.49 1.4902052 2.15 2.15 2.15 2.15 2.13 2.13 2.13 2.13 0.32579262 -0.06 -0.06 -0.06 -0.06 -0.70999947 -0.71 -0.70999999 0.21000253 -0.21 -0.21 -0.21 -0.21000021 -0.43 -0.88 -0.88 -0.88 -0.88 -0.31 -0.31 -0.31 -0.34 -0.34 -0.34 -0.58005843 -1.18 -1.18 -0.1 -0.1 -0.1 -1.3899977 
-0.01 -0.01 1.16 1.16 1.16 0.44 0.44 0.44 0.44 1.3748716 1.49 1.49 1.49 1.4900032 2.3599758 2.36 2.36 2.36 1.3309925 1.34 1.34 1.34 1.34 -0.06 -0.06 -0.06 -0.060042875 -0.71 -0.71 -0.71 -0.71 -0.21008721 -0.33374364 -0.43 -0.43 -0.43 -0.88055844 -1.0299969 -1.03 -1.03 -0.31024282 -0.61999999 -0.62 -0.34 -0.34 -0.34000102 -0.58 -0.58 -0.7 -0.7 -0.7 -0.05 -0.57 
-0.01 -0.0099999998 0.03 0.03 0.03 0.44 0.44 0.44 0.44 0.46 0.46 0.46 0.46 0.59389745 2.36 2.36 2.36 2.36 1.33 1.34 1.34 1.34 1.34 -0.21 -0.20999994 -0.060000222 -0.71 -0.71 -0.71 -0.71 -0.78594129 -0.86 -0.4811641 -0.43 -0.43 -0.43 -1.03 -1.03 -1.03 -1.03 -0.62 -0.62 -0.62 -0.59000946 -0.59 -0.58004495 -0.58 -0.58 -0.69999477 -0.7 -0.05 -0.05 -0.57 
-0.01 0.03 0.03 0.03 0.03 0.03 0.44131969 0.61 0.61 0.46 0.46 0.46 0.46 0.46044997 2.36 2.36 2.36 2.3134613 1.33 1.33 1.34 1.34 -0.21 -0.21 -0.21 -0.21 -0.71 -0.71 -0.71 -0.71 -0.86 -0.86 -0.86 -0.43043512 -0.43 -0.43 -1.03 -1.03 -1.03 -1.03 -0.62 -0.62 -0.62 -0.59 -0.59 -0.58995637 0.18 0.18 0.42 0.42 -0.05 -0.05 -0.57 
0.02962435 0.03 0.03 0.03 0.03 0.03 0.61 0.61 0.61 0.52971373 0.46 0.46 0.46 0.46002602 2.36 2.36 2.36 1.33 1.33 1.33 1.3399995 1.3399905 -0.21 -0.21 -0.21 -0.21 -0.70996446 -0.71 -0.71 -0.8599655 -0.86 -0.86 -0.86 -0.86 -0.43252402 -1.46 -1.46 -1.4525581 -1.03 -1.03 -0.62000036 -0.62 -0.59087226 -0.59 -0.59 0.17999972 0.18 0.18 0.42 0.42 0.3 0.3 -0.14 
0.03 0.03 0.03 0.03 0.03 0.03 0.61 0.61 0.61 0.61 1.3599741 1.36 1.36 1.36 2.3599953 1.5138669 1.04 1.04 1.3294654 1.33 1.33 -0.20999775 -0.21 -0.21 -0.21 -0.21 -0.21036353 -0.71 -0.71000513 -0.86 -0.86 -0.86 -0.86 -0.86 -1.46 -1.46 -1.46 -1.46 -1.46 -1.4599995 -1.9 -1.9 -1.8999997 -1.12 -1.12 -1.12 -0.7 -0.7 -0.79 -0.79 0.3 0.29999904 -0.14 
0.03 0.03 0.03 0.03 0.03 0.03 0.61 0.61 0.61 1.36 1.36 1.36 1.36 1.36 1.2756488 1.04 1.04 1.04 1.04 1.04 1.0538465 -0.20999999 -0.21 -0.21 -0.21 -0.21973431 -0.51951423 -0.68412778 -0.85926028 -0.86 -0.86 -0.86 -0.86 -0.86000131 -1.46 -1.46 -1.46 -1.46 -1.46 -1.664687 -1.9 -1.9 -1.9 -1.12 -1.12 -1.12 -0.7 -0.7 -0.79 -0.79 0.11999998 -0.12565714 -0.14 
0.03 0.03 0.03 0.03 0.03 0.030000174 0.60999987 0.61 0.64112918 1.36 1.36 1.36 1.36 1.36 1.3446508 1.04 1.04 1.04 1.04 1.04 1.04 -0.46770483 -0.51999957 -0.52 -0.52 -0.52 -0.52 -0.52 -1.3578359 -1.369994 -1.37 -1.37 -1.37 -1.3700001 -1.46 -1.46 -1.46 -1.46 -1.46 -1.8999999 -1.9 -1.9 -1.9 -1.8999997 -1.1204168 -1.38 -0.70000007 -0.53294098 -0.78977219 0.12 0.12 0.12207866 0.22 
0.03 0.03 0.03 0.03 0.03 0.030037052 0.60996872 0.61004538 1.3599991 1.36 1.36 1.36 1.36 1.36 1.3539111 1.04 1.04 1.04 1.04 1.04 1.04 -0.52 -0.52 -0.52 -0.52 -0.52 -0.52 -0.52 -1.3697654 -1.37 -1.37 -1.37 -1.37 -1.37 -1.39466 -1.46 -1.46 -1.46 -1.46 -1.9 -1.9 -1.9 -1.9 -1.8998668 -1.38 -1.38 -1.3746726 -0.53 -0.53 0.12 0.12 0.22 0.22 
0.03 0.03 0.03 0.03 0.030000004 0.030773509 0.60933262 1.2753674 1.36 1.36 1.36 1.36 1.36 1.36 1.3543979 1.04 1.04 1.04 1.04 1.04 0.81788435 -0.52 -0.52 -0.52 -0.52 -0.52 -0.52 -0.52 -1.3699966 -1.37 -1.37 -1.37 -1.37 -1.37 -1.37 -1.5849334 -1.7791515 -1.8853453 -1.9014924 -1.8665751 -1.9 -1.9 -1.9 -1.3800415 -1.38 -1.3780899 -1.0599975 -0.53 -0.53 0.62979282 0.63 0.63 0.22000018 
0.03 0.03 0.03 0.03 0.030000588 0.034837306 0.67077936 1.3597938 1.36 1.36 1.36 1.36 1.36 1.36 1.3525275 1.04 1.04 1.04 1.04 1.04 -0.51999326 -0.52 -0.52 -0.52 -0.52 -0.52 -0.52 -0.52 -1.3699998 -1.37 -1.37 -1.37 -1.37 -1.37 -1.3700001 -1.91 -1.91 -1.91 -1.91 -1.38 -1.38 -1.38 -1.38 -1.0600009 -1.06 -1.06 -1.06 -1.0599918 -0.32 -0.32 0.63 0.63 0.041242399 
0.03 0.03 0.03 0.030000045 0.0300162 0.046086718 1.3075485 1.3599902 1.36 1.36 1.36 1.36 1.36 1.36 1.3491372 1.0400001 1.04 1.04 1.04 1.030611 -0.52 -0.52 -0.52 -0.52 -0.52 -0.52 -0.52 -0.52 -1.3699998 -1.37 -1.37 -1.37 -1.37 -1.37 -1.9099995 -1.91 -1.91 -1.91 -1.91 -1.38 -1.38 -1.38 -1.38 -1.2936334 -1.06 -1.06 -1.06 -0.32000828 -0.32 -0.32 -0.22 -0.22 -0.22 
0.03 0.030000001 0.030000027 0.030001316 0.030160597 0.12416205 1.3570913 1.3599975 1.36 1.36 1.36 1.36 1.36 1.36 1.3445447 1.0400075 1.04 1.04 1.0399982 -0.48839193 -0.52 -0.52 -0.52 -0.52 -0.52 -0.52 -0.52 -0.52 -1.3699992 -1.37 -1.37 -1.37 -1.37 -1.860468 -1.91 -1.91 -1.91 -1.91 -1.91 -1.38 -1.38 -1.38 -1.38 -1.38 -1.06 -1.06 -1.06 -0.32000001 -0.32 -0.32 -0.22 -0.22 -0.22 
0.030000005 0.030000039 0.03000055 0.030015693 0.031155977 0.77027614 1.359477 1.3599985 1.36 1.36 1.36 1.36 1.36 1.3599994 1.3390846 1.0401169 1.04 1.0399999 1.0319231 -0.51986735 -0.52 -0.52 -0.52 -0.52 -0.52 -0.52 -0.52 -0.52000049 -1.3699947 -1.37 -1.3700005 -1.9810988 -2.04 -2.04 -2.04 -1.91 -1.91 -1.91 -1.91 -1.38 -1.38 -1.38 -1.38 -1.38 -1.0600057 -1.06 -1.0599996 -0.32000005 -0.32 -0.31999995 -0.22 -0.22 -0.22 
