interpolatedSpi/07-08|20_2.tif
NCOLS 53
NROWS 52
XLLCORNER -116.03883
YLLCORNER 28.596182
DX 0.49850594
DY 0.49788537
NODATA_VALUE -9999
0.135 0.135 0.15088461 -0.33 0.335 0.6 0.82 1.68 0.64970682 0.23 0.2 0.855 0.90004735 1.475 1.645 1.645 1.645 0.53 0.335 0.335 0.335 0.33500578 0.935 0.79 0.79 0.79 1.3900005 1.39 1.39 0.64 0.64 0.64 0.64 0.68499999 0.685 0.685 0.685 0.685 0.685 0.68500001 1.2241918 1.2302567 2.24 2.24 2.24 2.24 2.2406533 2.64 2.64 2.64 1.9900013 1.99 1.99 
0.13500755 0.305 0.3100004 0.43028739 0.62503857 0.915 0.98 0.98503349 0.685 0.885 0.8 0.9 0.9 1.4949333 1.4750017 1.645 0.53 0.53 0.33525425 0.335 0.335 0.335 0.73473105 0.79 0.79 0.79 0.98499999 0.985 0.64 0.64 0.64 0.64 0.64 0.68499999 0.685 0.685 0.685 0.685 0.68499999 0.64016795 0.41001758 2.017944 2.24 2.24 2.24 2.24 2.24 2.64 2.64 2.64 2.5861014 1.99 1.99 
0.7999832 0.8 0.66 1.275 1.2 0.625 1.03 0.995 1.82 1.21 1.265 1.395 -0.205 1.41 1.495 2.015 0.53 0.53 0.53 -0.28981831 -0.29 -0.29 -0.26 0.79 0.79 0.79 0.985 0.985 0.985 0.64 0.64 0.63999997 0.37522996 0.68413307 0.68332458 0.50664942 0.505 0.505 0.4930515 0.41 0.41 0.41234011 2.24 2.24 2.24 2.24 2.24 2.64 2.64 2.64 2.64 1.99 1.99 
-0.385 0.79999987 0.14997549 0.765 0.375 1.165 1.475 0.605 1.275 1.3149838 2.045 2.105 1.7 1.41 1.195 2.015 -0.4956431 -0.51426781 0.12 -0.29 -0.29 -0.6 -0.26 -0.26 0.79 0.79000097 0.985 0.985 0.985 0.635 0.33597064 0.09 0.09 0.090000339 0.505 0.505 0.505 0.505 0.41 0.41 0.41 0.41000007 2.24 2.24 2.24 2.24 2.24 2.639995 2.64 2.64 2.64 1.9899084 1.99 
-0.385 -0.21999932 0.15 0.49935205 0.375 1.405 1.4300198 0.77 0.445 1.1449997 1.2389482 1.2850816 1.855 1.195 1.195 1.7039109 -0.515 -0.515 0.12 0.12 -0.29000062 -0.6 -0.255 -0.02 -0.245 -0.24498449 0.985 0.985 0.635 0.635 0.09 0.09 0.09 0.27008728 0.505 0.505 0.505 0.41 0.41 0.41 0.41 0.41008012 2.24 2.24 2.24 2.24 2.24 2.2435605 2.64 2.6398451 -0.815 -0.815 -0.815 
-0.485 -0.165 0.48499999 0.475 1.43 1.165 0.565 0.59124587 0.69 0.68 1.275 -0.035 -0.034998754 0.755 0.755 -0.015015693 -0.015 -0.405 -0.405 0.12000002 -0.6 -0.6 -0.02 -0.245 -0.245 -0.18 -0.07 -0.07 0.64000009 0.635 0.09 0.09 1.045 1.0449321 0.39504674 1.29 1.29 0.68224809 0.41 0.41 1.2389648 1.24 1.2400003 0.14760034 0.11023541 0.11000057 0.11000007 0.1100008 0.12640544 -0.815 -0.815 -0.815 -0.815 
-1.1149979 -0.715 -0.95472695 0.045000001 0.745 0.55 0.96 1.085 0.295 0.295 1.275 -0.14 0.31999973 0.755 -0.079997498 -0.08 -0.015 0.125 0.14 0.14 -0.6966093 -0.805 -0.805 -0.75499999 -0.18 -0.18 -0.07 -0.07 0.6400236 0.64043453 0.80075437 1.045 1.045 0.395 0.395 0.18438072 1.29 1.29 -0.87992478 1.239997 1.24 1.24 1.2400001 0.11000198 0.11 0.11 0.11 0.11000005 0.2 -0.81479885 -0.815 -0.815 -0.815 
-1.115 -1.67 -1.1 -1.08 -1.5799713 -0.365 0.315 -0.23999998 -0.52 -0.625 -0.625 -0.715 0.32 0.32 -0.077255629 0.33439442 0.375 -0.135 -0.0099998462 0.14 0.37052505 0.455 -0.105 -0.8 -0.80000387 -1.1 -0.72 -0.71999977 1.0435808 1.045 0.8 0.42495022 0.21 0.395 0.37660382 -0.74 -0.74 -0.87999999 -0.88 1.24 1.24 1.24 0.46348149 0.46499998 0.11 0.11 0.11 0.19999657 0.2 0.2 -0.815 -0.815 -0.815 
-1.6540699 -1.67 -1.775 -1.51 -0.205 -0.495 -0.47 -0.305 0.26 -0.28225758 0.01 -0.15 -0.15 -1.095 -1.0949929 -0.16848104 -0.17 -0.17 -0.11591856 -0.61999998 -0.54 -0.53999999 0.61 0.17676974 -1.0697679 -1.1 -0.615 -0.72 -0.38694669 -0.385 0.485 1.79 1.3417435 0.25 -0.25 -0.515 -0.375 -0.52 -1.0147714 1.2407365 1.405 0.11 0.46496988 0.465 0.46300187 0.11 -0.014999993 0.2 0.2 0.2 0.2 -0.82122537 -0.11 
-1.565 -1.565 -1.63 -1.355 -0.185 -0.095 -0.145 -0.62 -0.16 -0.42006051 -0.505 -0.375 -1.095 -1.095 -0.34 -0.33766837 -0.17 -0.17010517 -0.66 -0.62 -0.62 -0.60969328 0.61 0.045010699 0.045 0.045 -0.615 0.0099999994 0.0099999999 -0.385 -0.385 1.788312 0.9 0.25 0.455 -0.515 -0.375 -0.74 -1.015 1.1198309 0.11000006 0.1724477 0.28 0.465 0.465 -0.015 -0.015 -0.015 0.2 0.2 -0.865 -0.865 -0.86499972 
-1.565 -1.565 -1.545 -1.315 -1.045 -0.72 -0.91999999 -0.43511944 -0.49 -0.91 -0.07 0.305 -0.37409579 -0.34 -0.34 -0.34000461 -0.38 -0.39469571 -0.66 0.115 0.115 0.395 0.395 0.045 0.045 0.045 0.01 0.01 0.01 -0.16 -0.16 -0.15999825 0.04 0.04 0.465 -0.43 -0.265 0.90500038 -0.22 1.155 1.155 1.0449975 0.28 0.465 -0.16000028 -0.7 -0.90614544 -0.91 -0.99 -0.99 -0.865 -0.865 -0.865 
-1.565 -1.5562923 -1.4468508 -1.3150021 -1.28 -1.27 -0.92 -0.435 -0.48999954 -0.90534691 0.30499842 0.305 -0.585 -0.34 -0.34 -0.38 -0.38 -0.38001594 -0.66 0.115 0.1699863 0.395 0.395 0.04501361 0.045 -0.073339042 -0.315 -0.315 -0.31499996 -0.16 -0.16 0.195 0.195 0.040001165 0.465 1.534999 -0.070168684 0.905 0.905 1.155 1.045 1.045 1.0449912 -0.16 -0.16 -0.7 -0.91 -0.91 -0.99 -0.99 -0.865 -0.865 -0.865 
-0.305 -0.49169327 -0.40503417 -0.41159545 -1.2799999 -1.2700002 -0.92000001 -0.44097007 -0.48620994 -0.50096732 -0.585 -0.585 -0.585 -0.585 -0.34003471 -0.38 -0.38 -0.38361525 -0.66 0.11493002 -0.11 -0.11 -0.11 -0.11 0.042073926 -0.315 -0.315 -0.315 -0.315 -0.31481693 0.195 0.195 0.195 0.195 1.535 1.535 1.535 0.93542907 0.91194725 1.83 1.83 1.0450422 0.99496046 -0.15988875 -0.16 -0.7 -0.91 -0.91 -0.98999999 -0.99 -0.86545349 -0.865 -0.55530086 
-0.305 -0.405 -0.405 -0.405 -0.405 -0.40500036 -0.9208959 -0.69052319 -0.47609848 -0.58490815 -0.585 -0.585 -0.585 -0.585 -0.58499994 -0.38 -0.38000004 -0.39920609 -0.65999431 -0.11 -0.11 -0.11 -0.11 -0.11 -0.10924417 -0.095414141 0.019999931 0.02 0.02 0.02 0.19499999 0.195 0.19500011 0.29 0.29 1.535 1.539861 1.54 1.8299998 1.83 1.83 1.83 0.995 0.995 0.995 0.98320434 0.3120408 0.32 0.32 0.32 0.31999998 0.83499965 0.835 
-0.525 -0.405 -0.405 -0.405 -0.405 -0.405 -0.40500003 -0.7156115 -0.50978178 -0.51 -0.51 -0.51 -0.51 -0.51 -0.51 -0.28954306 -0.3785173 -0.41834131 -0.11006906 -0.11 -0.11 -0.11 -0.11 -0.11000033 -0.075 -0.075 -0.074999866 0.02 0.02 0.019569475 -0.195 -0.195 0.29 0.29 0.29 1.3397635 1.54 1.54 1.54 1.83 1.83 1.83 0.995 0.995 0.995 0.995 0.32 0.32 0.32 0.32 0.32 0.835 0.835 
-0.525 -0.48032536 -0.405 -0.405 -0.405 -0.405 -0.48998332 -0.49 -0.49 -0.51 -0.51 -0.51 -0.51 -0.51 -0.46036343 -0.285 -0.285 -0.285 -0.39413204 -0.39499971 -0.395 -0.395 -0.395 -0.395 -0.075 -0.075 -0.075 -0.075 0.02 -0.195 -0.195 -0.195 0.28999996 0.29 0.29 1.275 1.5396491 1.54 1.54 1.8298853 1.6011344 1.0672864 0.995 0.995 0.44171276 0.44 0.44 0.32090339 0.868078 0.86999995 0.8699999 1.0049742 0.83500035 
-0.525 -0.19413135 -0.29366987 -0.405 -0.405 -0.48994978 -0.49 -0.49 -0.49 -0.49014413 -0.51 -0.51 -0.51 -0.50999997 -0.285 -0.285 -0.285 -0.285 -0.39490174 -0.395 -0.395 -0.395 -0.395 -0.395 -0.075000007 -0.075 -0.075 -0.075 -0.07543648 -0.195 -0.195 -0.195 0.41999999 0.29010333 1.275 1.275 1.275 1.2623233 1.0950402 1.065 1.065 1.065 0.61 0.61 0.44 0.44 0.44 0.86999999 0.87 0.87 0.87 1.005 1.005 
-0.18512061 -0.185 -0.185 -0.185 -0.2 -0.48999252 -0.49 -0.49 -0.49 -0.49 -0.54141889 -0.51000541 -0.51000001 -0.285 -0.285 -0.285 -0.285 -0.285 -0.34538875 -0.395 -0.395 -0.395 -0.395 -0.395 -0.085329941 0.16999867 0.17 0.17 0.17 -0.19499997 0.41999999 0.42 0.42 0.42 1.275 1.2749696 0.12 0.12 1.0532003 1.065 1.065 1.065 0.61 0.61 0.46632185 0.44 0.44 0.87 0.87 0.87 0.87144755 1.005 1.005 
-0.185 -0.185 -0.185 -0.19206372 -0.2 -0.2 -0.49 -0.49 -0.49 -0.49 -0.925 -0.925 -0.925 -0.285 -0.285 -0.285 -0.285 -0.28510576 -1.105 -1.105 -0.39500029 -0.395 -0.39779977 -0.51 -0.50387826 0.17 0.17 0.17 0.17 0.41997454 0.42 0.42 0.42 0.42 0.12000406 0.12 0.12 0.12 0.12335069 1.065 1.065 1.065 0.61 0.61 0.61 0.44 0.44 0.86999998 0.87 0.87 1.005 1.005 1.005 
-0.185 -0.185 -0.185 -0.2 -0.2 -0.2 -0.20000044 -0.49 -0.49 -0.92455095 -0.925 -0.925 -0.925 -0.92460126 -0.80303034 -0.925 -0.925 -0.925 -1.105 -1.105 -1.105 -0.51 -0.51 -0.51 -0.50991596 -0.029319238 0.17 0.17 0.17 0.84518528 0.94994787 0.95 0.95 0.95 0.31625094 0.58999893 0.59 0.59 0.59 0.090133408 0.09 0.09 0.61 0.61 0.43500073 0.43499976 -0.235 -0.235 0.04 0.04 0.04 1.005 0.42551859 
-0.18499828 -0.185 -0.185 -0.2 -0.2 -0.2 -0.2 -0.58999997 -0.49039984 -0.92476424 -0.925 -0.925 -0.925 -0.925 -0.925 -0.925 -0.925 -0.92500005 -1.105 -1.105 -1.105 -0.51 -0.51 -0.51 -0.21 -0.21 -0.045000002 -0.045 -0.045 -0.039571963 0.95 0.95 0.95 0.95 0.77009874 0.59 0.59 0.59 0.59 0.09 0.09 0.09 0.10085502 0.435 0.435 0.435 -0.235 -0.235 0.04 0.04 0.04 0.42499999 0.425 
0.37 0.10659544 -0.17 -0.1700087 -0.2 -0.58774347 -0.59 -0.59 -0.50437102 -0.66499999 -0.665 -0.665 -0.665 -1.2899797 -1.29 -0.92500028 -0.925 -0.92974274 -1.105 -1.105 -1.105 -0.95 -0.95 -0.95 -0.21 -0.21 -0.045 -0.045 -0.045 -0.044999371 0.82000083 0.82000037 0.94673265 0.94986063 -0.058843832 -0.06 -0.06 -0.06 -0.06 0.09 0.09 0.09 0.41600227 0.435 0.435 0.43499977 -0.235 -0.235 -0.2349901 0.04 0.040009614 0.255 0.425 
0.21502943 0.21499993 -0.17 -0.17 -0.17 -0.59 -0.59 -0.59 -0.355 -0.355 -0.665 -0.665 -0.665 -1.29 -1.29 -1.29 -1.29 -1.2899781 -1.105 -1.105 -1.105 -0.95 -0.95 -0.95 -0.21 -0.21 -0.045 -0.045 -0.045 0.81024706 0.82 0.82 0.82 0.82 -0.059565773 -0.06 -0.06 -0.06 -0.06 -1.3349996 -1.335 -1.335 -1.335 0.43499006 -0.86 -0.86 -0.86 -0.38 -0.38 -0.38 0.255 0.255 0.255 
0.215 0.215 -0.17 -0.17 -0.17 -0.58779241 -0.59 -0.355 -0.355 -0.355 -0.66496184 -0.665 -1.2165592 -1.29 -1.29 -1.29 -1.29 -1.665 -1.665 -1.665 -1.555 -1.5549996 -0.95000295 -0.95 -0.95011236 -1.49 -1.49 -1.4899966 -0.045233522 0.47006975 0.47000186 0.47006111 0.81940181 0.81969795 0.096502613 -0.060000224 -0.061943711 -0.64 -0.64 -1.335 -1.335 -1.335 -1.335 -0.86 -0.86 -0.86 -0.86 -0.38 -0.38 -0.38 0.255 0.255 0.255 
0.215 0.215 -0.17 -0.17 -0.17 -0.17 -0.50204636 -0.355 -0.355 -0.355 -0.3555441 -1.34 -1.34 -1.34 -1.2902947 -1.29 -1.6625011 -1.665 -1.665 -1.665 -1.555 -1.555 -1.555 -1.555 -1.49 -1.49 -1.49 -1.49 -1.49 0.47 0.47 0.47 0.47 0.46999884 -0.08 -0.64 -0.64 -0.64 -0.64 -0.64000286 -1.435 -1.435 -1.435 -1.3992015 -1.325 -1.325 -1.325 -0.38000003 -0.38000004 -0.42 -0.42 -0.61978713 -0.62 
0.215 0.215 -0.031042035 -0.17 -0.17 -0.17000002 -1.2683763 -0.35788357 -0.355 -0.355 -1.34 -1.34 -1.34 -1.34 -1.34 -1.33595 -1.665 -1.665 -1.665 -1.665 -1.5550009 -1.555 -1.555 -1.555 -1.49 -1.49 -1.49 -1.49 -1.49 -0.091606877 0.47 0.47 0.47 -0.08 -0.08 -0.080434854 -0.64 -0.64 -0.50774705 -0.40500002 -1.435 -1.435 -1.435 -1.396917 -1.325 -1.325 -1.325 -0.49 -0.42087219 -0.42 -0.42 -0.62 -0.62 
-1.43 -1.43 -1.43 -0.48591664 -0.17297762 -1.27 -1.27 -1.27 -1.27 -1.11 -1.11 -1.34 -1.34 -1.34 -1.34 -1.3400206 -1.665 -1.665 -1.665 -1.665 -1.6030004 -1.555 -1.555 -1.5521213 -1.4470038 -1.49 -1.49 -1.49 -0.29 -0.29 -0.29 -0.28999681 -0.08 -0.08 -0.08 -0.08 -0.405 -0.405 -0.405 -0.405 -0.985 -0.985 -0.985 -0.55000875 -0.55 -0.55 -0.55000025 -0.49 -0.49 -0.42008529 -0.42 -0.6199974 -0.62 
-1.43 -1.43 -1.43 -1.430042 -2.21 -2.0733086 -1.27 -1.27 -1.27 -1.11 -1.11 -1.11 -1.185 -1.185 -1.185 -1.185 -1.6638917 -1.665 -1.665 -1.665 -1.663326 -1.4450003 -1.445 -1.445 -1.445 -1.445 -0.58000001 -0.58 -0.29 -0.29 -0.29 -0.29 -0.080000014 -0.08 -0.08 -0.080001629 -0.40499996 -0.405 -0.405 -0.39964807 -0.985 -0.985 -0.985 -0.55002017 -0.55 -0.55 -0.55 -0.49 -0.49 -0.48999995 -0.105 -0.105 -0.135 
-1.43 -1.43 -1.43 -2.2099982 -2.21 -2.21 -1.2700004 -1.27 -1.27 -1.11 -1.11 -1.11 -1.185 -1.185 -1.185 -1.1754801 -1.06 -1.06 -1.0600016 -1.6615828 -1.445 -1.445 -1.445 -1.445 -1.445 -1.444349 -0.58 -0.58 -0.58 -0.29 -0.29 -0.28981978 -0.1 -0.1 -0.1 1.225 1.225 0.815 0.815 0.815 0.915 -0.98440403 -0.98498791 0.635 0.635 0.59008985 -0.54999677 -0.49 -0.49 -0.105 -0.105 -0.105 -0.135 
-1.43 -1.43 -1.43 -2.21 -2.21 -2.21 -2.21 -1.27 -1.27 -1.11 -1.11 -1.1820011 -1.185 -1.185 -1.185 -1.06 -1.06 -1.06 -1.06 -1.06 -1.445 -1.445 -1.445 -1.445 -1.445 -0.58000295 -0.58 -0.58 -0.58 -0.01 -0.01 -0.01 -0.1 -0.1 -0.099999999 1.225 1.225 0.815 0.815 0.915 0.915 0.915 0.635 0.635 0.635 0.635 0.63171411 0.595 0.595 0.595 -0.10499999 0.46 0.46 
-1.43 -1.43 -1.4310862 -2.21 -2.21 -2.21 -2.21 -1.3341492 -1.29 -1.289691 -1.11 -1.1849728 -1.185 -1.185 -1.1849996 -1.06 -1.06 -1.06 -1.06 -1.06 -0.32296064 -1.445 -1.445 -1.445 -1.4447992 -0.57999381 -0.58 -0.58 -0.58 -0.01 -0.01 -0.01 -0.010007343 -0.1 1.225 1.225 1.225 1.224983 0.81500682 0.915 0.915 0.915 0.635017 0.635 0.635 0.635 0.5949985 0.595 0.595 0.595 0.46 0.46 0.46 
-2.81 -2.8099976 -2.209611 -2.21 -2.21 -2.21 -1.2901958 -1.29 -1.29 -1.29 -0.86000001 -0.86 -0.86 -0.86 -1.059077 -1.06 -1.06 -1.06 -1.06 -0.27500047 -0.275 -0.275 -0.47000016 -0.47 -0.47 -0.47 -0.47949441 -0.58 0.6799484 0.68 0.68 0.68 0.68 0.995 0.995 0.995 0.995 0.995 0.325 0.325 0.325 0.325 0.325 0.44528641 0.445 0.445 0.445 0.595 0.595 0.595 0.46002127 0.46 0.46 
-2.81 -2.81 -2.8022553 -1.8850007 -1.8850001 -1.8844202 -1.29 -1.29 -1.29 -1.29 -0.86 -0.86 -0.86 -0.86 -0.86 -1.06 -1.06 -1.06 -0.2750002 -0.275 -0.275 -0.275 -0.47 -0.47 -0.47 -0.47 -0.47 -0.47002212 0.68003862 0.68 0.68 0.68 0.68001551 0.86744713 0.99486792 0.995 0.995 0.995 0.325 0.325 0.325 0.325 0.325 0.445 0.445 0.445 0.445 0.51514293 0.595 0.56533471 0.565 0.9 0.9 
-2.81 -2.81 -1.8851172 -1.885 -1.885 -1.885 -1.7338725 -1.29 -1.29 -1.29 -0.86 -0.86 -0.86 -0.86 -0.86 -1.0598476 -1.06 -0.27523016 -0.275 -0.275 -0.275 -0.275 -0.39776099 -0.47 -0.47 -0.47 -0.47 -0.46911496 0.78 0.78 0.78 0.78 0.78 0.77 0.77 0.77 0.77 0.77 -0.43 -0.43 -0.43 -0.43 -0.42999999 0.44266821 0.44499951 0.445 0.44483812 0.42553884 0.565 0.565 0.565 0.89999812 0.9 
-2.8100006 -3.1531764 -1.8850002 -1.885 -1.885 -1.885 -1.885 -1.2902533 -1.29 -1.29 -0.86 -0.86 -0.86 -0.86 -1.0213351 -1.025 -1.025 -0.2750193 -0.275 -0.275 -0.275 -0.275 -0.2750002 -0.47 -0.47 -0.47 -0.47 0.13000059 0.1300003 0.2683358 0.78 0.78 0.78 0.77 0.77 0.77 0.77 0.77025737 -0.43 -0.43 -0.43 -0.43 -0.42996093 -0.51 -0.51 -0.51 -0.51 -0.5099133 0.565 0.565 0.565 0.56500002 0.60934459 
-3.16 -3.16 -2.79104 -1.885 -1.885 -1.885 -1.885 -1.885 -1.2902547 -1.695 -1.695 -1.695 -1.6930184 -1.0249998 -1.025 -1.025 -1.025 -1.025 -0.27500917 -0.35346796 -1.04 -1.04 -1.04 -0.89539561 -0.47760346 -0.5182881 -0.55222087 0.13 0.13 0.13 0.13 0.13 0.15186029 1.1370369 1.15 1.15 1.15 1.15 -0.33419433 0.079999084 0.08 0.08 0.08 -0.27500069 -0.50999994 -0.51 -0.51 -0.02 0.56499063 0.565 0.565 0.605 0.605 
-3.16 -3.16 -2.26 -2.26 -2.26 -1.8851249 -1.885 -1.885 -1.695 -1.695 -1.695 -1.695 -1.695 -1.025 -1.025 -1.025 -1.025 -1.025 -1.04 -1.04 -1.04 -1.04 -1.04 -0.56500002 -0.565 -0.565 -0.565 0.13 0.13 0.13 0.13 0.13 -0.005 -0.005 1.15 1.15 1.15 0.53510473 0.535 0.08 0.08 0.08 0.080000028 -0.275 -0.275 -0.275 -0.02 -0.02 -0.02 0.24 0.24 0.605 0.605 
-3.16 -3.16 -2.26 -2.26 -2.26 -2.26 -2.2599978 -1.86 -1.6951554 -1.695 -1.695 -1.695 -1.695 -1.0333576 -1.025 -1.025 -1.025 -1.025 -1.04 -1.04 -1.04 -1.04 -1.04 -0.565 -0.565 -0.565 -0.565 -0.56499722 0.13 0.13 0.13 -0.0049929221 -0.005 -0.005 -0.005 1.15 0.53500001 0.535 0.535 0.5230281 0.24438665 0.275 0.275 -0.275 -0.275 -0.275 -0.02 -0.02 -0.02 0.24 0.24 0.24 0.68198589 
-3.06 -3.0600008 -2.26 -2.26 -2.26 -2.26 -1.86 -1.86 -1.86 -1.695 -1.695 -1.695 -1.695 -1.6947917 -1.025 -1.025 -1.025 -1.025 -1.0399999 -1.04 -1.04 -1.04 -0.64868961 -0.565 -0.565 -0.565 -0.565 -0.91499971 -0.915 -0.91499999 0.1187793 -0.005 -0.005 -0.005 -0.00499979 0.215 0.535 0.535 0.535 0.535 0.275 0.275 0.275 1 1 1 1.0548953 -0.02 -0.02 0.24 0.24 0.24 0.68999901 
-3.06 -3.06 -2.26 -2.26 -2.26 -1.86 -1.86 -1.86 -1.86 -1.7131013 -1.695 -1.695 -1.695 -1.6949963 -0.79502647 -0.795 -0.795 -0.795 -0.45402955 -1.415 -1.415 -1.415 -1.415 -0.565 -0.565 -0.565 -0.56502309 -0.915 -0.915 -0.915 -0.915 -0.005064218 0.11874364 0.215 0.215 0.215 0.53380436 0.21500666 0.215 0.215 0.27506266 0.355 0.355 1 1 1.0000002 1.055 1.055 0.69 0.69 0.69 0.52 0.335 
-3.06 -3.06 -2.355 -2.355 -2.355 -1.86 -1.86 -1.86 -1.86 -2.18 -2.18 -2.18 -2.18 -2.0823958 -0.795 -0.795 -0.795 -0.795 -0.42 -1.415 -1.415 -1.415 -1.415 -1.485 -1.4849996 -0.56500136 -0.915 -0.915 -0.915 -0.915 -0.74286642 -0.575 0.12100083 0.215 0.215 0.215 0.215 0.215 0.215 0.215 0.355 0.355 0.355 1.2347225 1.235 1.0558091 1.055 1.055 0.69000136 0.69 0.52 0.52 0.335 
-3.06 -2.355 -2.355 -2.355 -2.355 -2.355 -1.8738179 -3.64 -3.64 -2.18 -2.18 -2.18 -2.18 -2.179672 -0.795 -0.795 -0.795 -0.77805631 -0.42 -0.42 -1.415 -1.415 -1.485 -1.485 -1.485 -1.485 -0.915 -0.915 -0.915 -0.915 -0.575 -0.575 -0.575 0.21420059 0.215 0.215 0.215 0.215 0.215 0.215 0.355 0.355 0.355 1.235 1.235 1.2349941 1.13 1.13 0.95 0.95 0.52 0.52 0.335 
-2.3616208 -2.355 -2.355 -2.355 -2.355 -2.355 -3.64 -3.64 -3.64 -2.858547 -2.18 -2.18 -2.18 -2.1799932 -0.795 -0.795 -0.795 -0.42 -0.42 -0.42 -1.4149503 -1.4150004 -1.485 -1.485 -1.485 -1.485 -0.91504052 -0.915 -0.915 -0.57507819 -0.575 -0.575 -0.575 -0.575 0.21251275 -0.19 -0.19 -0.18299077 0.215 0.215 0.35499988 0.355 1.2094138 1.235 1.235 1.13 1.13 1.13 0.95 0.95 0.555 0.555 0.47 
-2.355 -2.355 -2.355 -2.355 -2.355 -2.355 -3.64 -3.64 -3.64 -3.64 -2.1650004 -2.165 -2.165 -2.165 -0.79500266 -1.0834545 -1.245 -1.245 -0.42152088 -0.42 -0.4200002 -1.4849999 -1.485 -1.485 -1.485 -1.485 -1.4845856 -0.915 -0.91498838 -0.575 -0.575 -0.575 -0.575 -0.575 -0.19 -0.19 -0.19 -0.19 -0.19 -0.18999733 0.33 0.33 0.33000026 1.1 1.1 1.1 0.69 0.69 0.535 0.535 0.555 0.55499981 0.47 
-2.355 -2.355 -2.355 -2.355 -2.355 -2.355 -3.64 -3.64 -3.64 -2.165 -2.165 -2.165 -2.165 -2.165 -1.9224902 -1.245 -1.245 -1.245 -1.245 -1.245 -1.205609 -1.485 -1.485 -1.485 -1.485 -1.4972464 -1.8743889 -1.0457184 -0.5766767 -0.575 -0.575 -0.575 -0.575 -0.57499916 -0.19 -0.19 -0.19 -0.19 -0.19 0.051902792 0.33 0.33 0.33 1.1 1.1 1.1 0.69 0.69 0.535 0.535 0.97999999 0.49813377 0.47 
-2.355 -2.355 -2.355 -2.355 -2.355 -2.3550004 -3.6399997 -3.64 -3.5787793 -2.165 -2.165 -2.165 -2.165 -2.165 -2.1208711 -1.245 -1.245 -1.245 -1.245 -1.245 -1.245 -1.8133956 -1.8749995 -1.875 -1.875 -1.875 -1.875 -1.875 -1.1839705 -1.1749929 -1.175 -1.175 -1.175 -1.1749993 -0.19 -0.19 -0.19 -0.19 -0.19 0.32999994 0.33 0.33 0.33 0.33000034 1.1003447 1.315 0.69000006 0.90128052 0.5353242 0.98 0.98 0.97958427 0.96 
-2.355 -2.355 -2.355 -2.355 -2.355 -2.3550821 -3.6399307 -3.6399108 -2.1650019 -2.165 -2.165 -2.165 -2.165 -2.165 -2.1474944 -1.245 -1.245 -1.245 -1.245 -1.245 -1.245 -1.875 -1.875 -1.875 -1.875 -1.875 -1.875 -1.875 -1.1751932 -1.175 -1.175 -1.175 -1.175 -1.175 -0.9051101 -0.19 -0.19 -0.19 -0.19 0.33 0.33 0.33 0.33 0.33025233 1.315 1.315 1.3124303 0.905 0.905 0.98 0.98 0.96 0.96 
-2.355 -2.355 -2.355 -2.355 -2.355 -2.3567137 -3.6384331 -2.3314441 -2.165 -2.165 -2.165 -2.165 -2.165 -2.165 -2.1488938 -1.245 -1.245 -1.245 -1.245 -1.245 -1.3347006 -1.875 -1.875 -1.875 -1.875 -1.875 -1.875 -1.875 -1.1750028 -1.175 -1.175 -1.175 -1.175 -1.175 -1.175 -0.23167207 -0.29638383 -0.33178176 -0.33715087 0.32775025 0.33 0.33 0.33 1.3149213 1.315 1.3070908 -0.0099956266 0.905 0.905 1.1248735 1.125 1.125 0.96000007 
-2.355 -2.355 -2.355 -2.355 -2.3550013 -2.3657157 -3.5034731 -2.1654056 -2.165 -2.165 -2.165 -2.165 -2.165 -2.165 -2.1435166 -1.245 -1.245 -1.245 -1.245 -1.245 -1.8749973 -1.875 -1.875 -1.875 -1.875 -1.875 -1.875 -1.875 -1.1750002 -1.175 -1.175 -1.175 -1.175 -1.175 -1.1749998 -0.34 -0.34 -0.34 -0.34 0.295 0.295 0.295 0.295 -0.0099961629 -0.01 -0.01 -0.01 -0.0099936936 0.545 0.545 1.125 1.125 1.1491046 
-2.355 -2.355 -2.355 -2.3550001 -2.3550359 -2.389216 -2.2639779 -2.1650193 -2.165 -2.165 -2.165 -2.165 -2.165 -2.165 -2.1337695 -1.2450004 -1.245 -1.245 -1.245 -1.2487917 -1.875 -1.875 -1.875 -1.875 -1.875 -1.875 -1.875 -1.875 -1.1750002 -1.175 -1.175 -1.175 -1.175 -1.175 -0.34000077 -0.34 -0.34 -0.34 -0.34 0.295 0.295 0.295 0.295 0.21268181 -0.01 -0.01 -0.01 0.54499379 0.545 0.545 1.16 1.16 1.16 
-2.355 -2.355 -2.3550001 -2.3550029 -2.3553481 -2.4165294 -2.1702251 -2.1650048 -2.165 -2.165 -2.165 -2.165 -2.165 -2.1649999 -2.120566 -1.2450216 -1.245 -1.245 -1.2450007 -1.8622352 -1.875 -1.875 -1.875 -1.875 -1.875 -1.875 -1.875 -1.875 -1.1750007 -1.175 -1.175 -1.175 -1.175 -0.14648136 -0.33999983 -0.34 -0.34 -0.34 -0.34 0.295 0.295 0.295 0.295 0.295 -0.01 -0.01 -0.01 0.54499999 0.545 0.545 1.16 1.16 1.16 
-2.355 -2.3550001 -2.3550012 -2.3550341 -2.3567068 -2.3105347 -2.1658813 -2.165003 -2.165 -2.165 -2.165 -2.165 -2.165 -2.1649983 -2.1048681 -1.245336 -1.245 -1.245 -1.2482618 -1.8749464 -1.875 -1.875 -1.875 -1.875 -1.875 -1.875 -1.875 -1.8749996 -1.1750044 -1.175 -1.174999 0.10648339 0.23 0.23 0.23 -0.34 -0.34 -0.34 -0.34 0.295 0.295 0.295 0.295 0.295 -0.0099945932 -0.01 -0.009999728 0.54499996 0.545 0.54500033 1.16 1.16 1.16 
