interpolatedSpi/07-07|23_1.tif
NCOLS 53
NROWS 52
XLLCORNER -116.03883
YLLCORNER 28.596182
DX 0.49850594
DY 0.49788537
NODATA_VALUE -9999
-0.9 -0.9 1.2623077 1.28 1.21 0.89 1.05 1.29 0.040767259 -0.62 -0.95 -0.68 -1.6599366 -0.89 -1.35 -1.35 -1.35 -2.04 -1.13 -1.13 -1.13 -1.1299914 -0.24 -0.49 -0.49 -0.49 -0.0099989257 -0.01 -0.01 0.1 0.1 0.1 0.1 0.30999996 0.31 0.31 0.31 0.31 0.31 0.30999999 0.092343762 0.089493646 -1.9 -1.9 -1.9 -1.9 -1.8973213 -0.26 -0.26 -0.26 0.91999755 0.92 0.92 
-0.89997956 -0.44 1.3099985 1.1271632 0.9899449 -0.44 0.18 0.14019138 -0.3 -1.09 -1.87 -1.66 -1.66 -1.4780327 -0.89001119 -1.35 -2.04 -2.04 -1.1311865 -1.13 -1.13 -1.13 -0.55684911 -0.49 -0.49 -0.49 -0.090000028 -0.09 0.1 0.1 0.1 0.1 0.1 0.30999997 0.31 0.31 0.31 0.31 0.30999987 0.15957634 -0.49002577 -1.7289082 -1.9 -1.9 -1.9 -1.9 -1.9 -0.26 -0.26 -0.26 -0.16215327 0.92 0.92 
-0.36998184 -0.37 0.02 -1.25 -0.25 1.51 0.83 0.44 -0.4 -1.2 -0.74 -1.55 -1.75 -2.4 -1.48 -1.58 -2.04 -2.04 -2.04 -1.0900116 -1.09 -1.09 -1.76 -0.49 -0.49 -0.49 -0.09 -0.09 -0.09 0.1 0.1 0.09999991 -0.80021812 0.30470565 0.29361816 -1.4338723 -1.45 -1.45 -1.3292573 -0.49000001 -0.49 -0.49180304 -1.9 -1.9 -1.9 -1.9 -1.9 -0.26 -0.26 -0.26 -0.26 0.92 0.92 
0.04 -0.36999991 0.0898606 -1.32 -1.19 -0.56 -0.16 -0.56 0.72 -0.068707374 0.34 -0.78 -1.76 -2.4 -0.94 -1.58 -1.6494644 -1.6502733 -1.53 -1.09 -1.09 -1.04 -1.76 -1.76 -0.49 -0.489998 -0.09 -0.09 -0.09 -0.93 -1.3908893 -1.77 -1.77 -1.7699998 -1.45 -1.45 -1.45 -1.45 -0.49 -0.49 -0.49 -0.49000005 -1.9 -1.9 -1.9 -1.9 -1.9 -0.26002069 -0.26 -0.26 -0.26 0.91993598 0.92 
0.04 0.67999892 0.09 -0.57530601 -1.19 -1.42 -0.68002324 0.51 -0.61 -0.050000401 -0.17644946 -0.229947 0.14 -0.94 -0.94 -1.3693226 -1.65 -1.65 -1.53 -1.53 -1.0899999 -1.04 -1.56 -1.71 -1.79 -1.789906 -0.09 -0.09 -0.93 -0.93 -1.77 -1.77 -1.77 -1.8265719 -1.45 -1.45 -1.45 -0.49 -0.49 -0.49 -0.49 -0.49001158 -1.9 -1.9 -1.9 -1.9 -1.9 -1.885402 -0.26 -0.26003498 -1.04 -1.04 -1.04 
0.06 -0.03 -0.11999998 -0.9 0.16 -1.21 -0.64 -0.49276706 0.26 -1.28 -0.64 -0.12 -0.11999983 -1.39 -1.39 -1.8499203 -1.85 -2.87 -2.87 -1.5300001 -1.49 -1.49 -1.71 -1.79 -1.79 -1.39 -2.72 -2.72 -1.5399446 -0.93 -1.77 -1.77 -2.07 -2.0699561 -1.6500296 0.019999999 0.02 -0.33221986 -0.49 -0.49 -0.60985033 -0.61 -0.60999925 -0.39700869 -0.3701691 -0.37000041 -0.37000005 -0.37000059 -1.4730555 -1.04 -1.04 -1.04 -1.04 
-0.46997689 0.62 0.91642198 0.63 -0.55 -1.69 -0.16 -0.67 -0.82 -0.82 -0.64 -1.2 -1.5999995 -1.39 -1.5199996 -1.52 -1.85 -1.61 -1.64 -1.64 -1.4051723 -1.31 -1.31 -1.37 -1.39 -1.39 -2.72 -2.72 -1.5400017 -1.5400322 -1.659722 -2.07 -2.07 -1.65 -1.65 -0.17607041 0.02 0.02 -0.93996672 -0.61000046 -0.61 -0.61 -0.60999559 -0.37000084 -0.37 -0.37 -0.37 -0.37000073 -1.59 -1.040109 -1.04 -1.04 -1.04 
-0.47 -0.87 0.54 -0.87 -0.29003325 -0.6 -1.68 -0.54999999 -0.85 -1.11 -1.11 0.55 -1.6 -1.6 -1.5205489 -1.6748287 -1.69 -1.42 -1.9799997 -1.64 -1.3352819 -1.32 -1.25 -1.12 -1.1200048 -1.49 -2.03 -2.0300002 -1.5698949 -1.57 -1.66 -1.6869004 -1.64 -1.65 -1.6314612 -0.34 -0.34 -0.93999999 -0.94 -0.61 -0.61 -0.60999999 -0.51686845 -0.51999999 -0.37 -0.37 -0.37 -1.5899536 -1.59 -1.59 -1.04 -1.04 -1.04 
-1.1309507 -0.86999999 0.15 0.24 0.71 5.8687026e-61 -0.02 0.58 0.06 -0.075564394 -0.22 -0.42 -0.42 -0.45 -0.45000094 0.51384054 0.52 0.52 -1.5054848 -1.7699999 -1.5 -1.5 -1.45 -1.3288167 -1.4527138 -1.49 -1.05 -2.03 -1.7019176 -1.7 -1.7 -1.72 -1.4077354 -2.14 -1 -1.12 -1.01 0.93 0.40024473 -0.60861623 -0.3 -8.5635252e-10 -0.51997557 -0.52 -0.51915572 -0.37 0.31999996 -1.59 -1.59 -1.59 -1.59 -1.1209298 -0.2 
-2.59 -2.59 -0.31 -0.11 -0.51 0.27 -0.3 -0.75 0.02 -0.11010621 -0.4 -0.89 -0.45 -0.45 -0.55 -0.53532447 0.52 0.51997997 0.44 -1.77 -1.77 -1.7352149 -1.45 -1.7299947 -1.73 -1.73 -1.05 -1.41 -1.41 -1.7 -1.7 -1.7188241 -1.1 -2.14 -1.52 -1.12 -1.01 0.52 0.4 0.28194478 -1.3263451e-08 -0.13591557 -0.37 -0.52 -0.52 0.32 0.32 0.32 -1.59 -1.59 -1.69 -1.69 -1.6899994 
-2.59 -2.59 -0.66 -0.01 -0.1 0.29 -1.19 0.078286238 0.79 0.97 -0.67 -0.58 -0.88958665 -0.55 -0.55 -0.54989502 0.36 0.36419878 0.44 0.21 0.21 -0.21 -0.21 -1.73 -1.73 -1.73 -1.41 -1.41 -1.41 -1.81 -1.81 -1.8099988 -2.12 -2.12 -2.64 -1.47 -1.9 -0.55000868 -0.2 0.28 0.28 -1.2160669e-06 -0.37 -0.52 -0.85999906 0.32 -0.70556403 -0.71 -1.05 -1.05 -1.69 -1.69 -1.69 
-2.59 -1.7563231 -0.38262182 0.18001495 -0.51 -0.07 -1.19 0.08 0.78999407 0.96800582 -0.57999798 -0.58 -0.97 -0.55 -0.55 0.35999997 0.36 0.36000455 0.44 0.21 0.12752054 -0.21 -0.21 -1.7299391 -1.73 -1.5985122 -1.33 -1.33 -1.33 -1.81 -1.81 -1.99 -1.99 -2.1200014 -2.64 -1.9000001 -1.8470832 -0.55 -0.55 0.27999999 1.2261637e-24 -2.8970991e-39 -6.2777186e-06 -0.86 -0.86 0.32 -0.71 -0.71 -1.05 -1.05 -1.69 -1.69 -1.69 
-1.35 -1.3248424 -1.3899493 -1.3786277 -0.50999769 -0.070010389 -1.19 0.064367051 0.74107374 0.79470028 -0.97 -0.97 -0.97 -0.97 -0.5500595 0.36 0.36 0.36103293 0.44 0.20979893 -0.49 -0.49 -0.49 -0.49 -1.7086895 -1.33 -1.33 -1.33 -1.33 -1.3300449 -1.99 -1.99 -1.99 -1.99 -1.9 -1.9 -1.9 -0.61628261 -0.55563291 -1.3 -1.3 -6.9924276e-05 -1.4899784 -0.86006068 -0.86 0.32 -0.71 -0.71 -1.05 -1.05 -1.6876781 -1.69 -1.4946486 
-1.35 -1.39 -1.39 -1.39 -1.39 -1.3899994 -1.187133 -0.58899108 0.61054304 -0.96810008 -0.97 -0.97 -0.97 -0.97 -0.96999981 0.35999999 0.36000001 0.36548745 0.43999587 -0.49 -0.49 -0.49 -0.49 -0.49 -0.4867607 -0.73646769 -0.48000018 -0.48 -0.48 -0.48 -1.99 -1.99 -1.9899988 -1.02 -1.02 -1.9 -1.2680754 -1.25 -1.3 -1.3 -1.3 -1.3 -1.49 -1.49 -1.49 -1.477404 -1.0475739 -1.05 -1.05 -1.05 -1.05 -2.8699998 -2.87 
-1.17 -1.39 -1.39 -1.39 -1.39 -1.39 -1.39 -0.93275082 -0.71345469 -0.72 -0.72 -0.72 -0.72 -0.72 -0.72 0.10311091 0.35619843 0.37095455 -0.4898831 -0.49 -0.49 -0.49 -0.49 -0.49000035 -0.34 -0.34 -0.3400002 -0.48 -0.48 -0.47969963 -0.33 -0.33 -1.02 -1.02 -1.02 -1.2131563 -1.25 -1.25 -1.25 -1.3 -1.3 -1.3 -1.49 -1.49 -1.49 -1.49 -1.05 -1.05 -1.05 -1.05 -1.05 -2.87 -2.87 
-1.17 -1.2519035 -1.39 -1.39 -1.39 -1.39 -1.0400687 -1.04 -1.04 -0.72 -0.72 -0.72 -0.72 -0.72 -0.53469012 0.12 0.12 0.12 -0.7890851 -0.78999969 -0.79 -0.79 -0.79 -0.79 -0.34 -0.34 -0.34 -0.34 -0.48 -0.33 -0.33 -0.33 -1.0199999 -1.02 -1.02 -0.71 -1.249285 -1.25 -1.25 -1.299994 -1.2880332 -1.2601196 -1.49 -1.49 -1.779105 -1.78 -1.78 -1.0498068 -0.93041935 -0.93000001 -0.93000002 -0.25039674 -2.8699947 
-1.17 -2.1139485 -1.7695345 -1.39 -1.39 -1.0402068 -1.04 -1.04 -1.04 -1.037694 -0.72 -0.72 -0.72 -0.7199999 0.12 0.12 0.12 0.12 -0.78918712 -0.79 -0.79 -0.79 -0.79 -0.79 -0.34000001 -0.34 -0.34 -0.34 -0.33996363 -0.33 -0.33 -0.33 -0.38 -1.019953 -0.71 -0.71 -0.71 -0.71520671 -1.2593644 -1.26 -1.26 -1.26 -1.57 -1.57 -1.78 -1.78 -1.78 -0.93000001 -0.93 -0.93 -0.93 -0.25 -0.25 
-2.1393899 -2.14 -2.14 -2.14 -1.1 -1.0400015 -1.04 -1.04 -1.04 -1.04 -0.68593144 -0.71999414 -0.71999999 0.12 0.12 0.12 0.12 0.12 0.057498845 -0.79 -0.79 -0.79 -0.79 -0.79 -0.65471887 -0.77999762 -0.78 -0.78 -0.78 -0.33 -0.38 -0.38 -0.38 -0.38 -0.71 -0.71001238 -1.18 -1.18 -1.2590011 -1.26 -1.26 -1.26 -1.57 -1.57 -1.7474848 -1.78 -1.78 -0.93 -0.93 -0.93 -0.92270863 -0.25 -0.25 
-2.14 -2.14 -2.14 -1.6502485 -1.1 -1.1 -1.04 -1.04 -1.04 -1.04 -0.27 -0.27 -0.27 0.12 0.12 0.12 0.12 0.12007767 0.26 0.26 -0.78999957 -0.79 -0.77344486 -0.11 -0.11603171 -0.78 -0.78 -0.78 -0.78 -0.38004073 -0.38 -0.38 -0.38 -0.38 -1.1799983 -1.18 -1.18 -1.18 -1.1802273 -1.26 -1.26 -1.26 -1.57 -1.57 -1.57 -1.78 -1.78 -0.93 -0.93 -0.93 -0.25 -0.25 -0.25 
-2.14 -2.14 -2.14 -1.1 -1.1 -1.1 -1.0999999 -1.04 -1.04 -0.27079486 -0.27 -0.27 -0.27 -0.269757 0.50042853 0.59 0.59 0.59 0.26 0.26 0.26 -0.11 -0.11 -0.11 -0.10994117 -0.31841861 -0.78 -0.78 -0.77999999 0.058175494 0.16994591 0.17 0.17 0.17 -0.78790641 -0.24000213 -0.24 -0.24 -0.24 -1.1100205 -1.11 -1.11 -1.57 -1.57 -1.56 -1.5599996 -0.51 -0.51 0.36 0.36 0.36 -0.25 0.12966023 
-2.1399978 -2.14 -2.14 -1.1 -1.1 -1.1 -1.1 -1.17 -1.0405198 -0.27012695 -0.27 -0.27 -0.27 -0.26831244 0.59 0.59 0.59 0.58999991 0.26 0.26 0.26 -0.11 -0.11 -0.11 0.1 0.1 0.79999999 0.8 0.8 0.79656315 0.17 0.17 0.17 0.17 -0.034887283 -0.24 -0.24 -0.24 -0.24 -1.11 -1.11 -1.11 -1.1241587 -1.56 -1.56 -1.56 -0.51 -0.51 0.36 0.36 0.36 0.13000001 0.13 
-1.42 -1.7584328 -2.2 -2.1996809 -1.1 -1.169595 -1.17 -1.17 -1.0023858 -0.41000001 -0.41 -0.41 -0.41 0.29997689 0.3 0.58999978 0.59 0.58130499 0.26 0.26 0.26 0.23 0.23 0.23 0.1 0.1 0.8 0.8 0.8 0.80000033 1.2499931 1.249997 0.19714418 0.17115783 0.66942731 0.67 0.67 0.67 0.67 -1.11 -1.11 -1.11 -1.5352213 -1.56 -1.56 -1.5599999 -0.51 -0.51 -0.50996868 0.36 0.35999374 0.22 0.13 
-1.2900247 -1.2900002 -2.2 -2.2 -2.2 -1.17 -1.17 -1.17 -0.71 -0.71 -0.41 -0.41 -0.41 0.3 0.3 0.3 0.3 0.29999667 0.26 0.26 0.26 0.23 0.23 0.23 0.1 0.1 0.8 0.8 0.8 1.2449262 1.25 1.25 1.25 1.25 0.6702862 0.67 0.67 0.67 0.67 -0.64000012 -0.64 -0.64 -0.64 -1.5599971 -1.18 -1.18 -1.18 -0.3 -0.3 -0.3 0.22 0.22 0.22 
-1.29 -1.29 -2.2 -2.2 -2.2 -1.1754139 -1.17 -0.71 -0.71 -0.71 -0.41003693 -0.41 -0.083150111 0.29999993 0.3 0.3 0.3 0.17 0.17 0.17 0.78999999 0.78999958 0.23000273 0.23 0.22996943 0.24 0.24 0.24000134 0.7999095 1.309988 1.3099997 1.3099895 1.2501025 1.2500518 0.77333778 0.67000013 0.6711059 1 1 -0.64 -0.64 -0.64 -0.64 -1.18 -1.18 -1.18 -1.18 -0.3 -0.3 -0.3 0.22 0.22 0.22 
-1.29 -1.29 -2.2 -2.2 -2.2 -2.2 -0.99783544 -0.71 -0.71 -0.71 -0.70961333 -0.01 -0.01 -0.01 0.2981731 0.3 0.17086629 0.17 0.17 0.17 0.79 0.79 0.79 0.79 0.24 0.24 0.24 0.24 0.24 1.31 1.31 1.31 1.31 1.3099984 0.57 1 1 1 1 0.99999542 -0.19 -0.19 -0.19 -0.28112044 -0.47 -0.47 -0.47 -0.3 -0.30000016 -0.46 -0.46 0.67988809 0.68 
-1.29 -1.29 -1.8715539 -2.2 -2.2 -2.2 -0.64012422 -0.7097794 -0.71 -0.71 -0.010000113 -0.01 -0.01 -0.01 -0.01 0.015436478 0.17 0.17 0.17 0.17 0.7899952 0.79 0.79 0.79 0.24 0.24 0.24 0.24 0.24 0.046384527 1.31 1.31 1.31 0.57 0.57 0.57033391 1 1 1.2813893 1.4999999 -0.19 -0.19 -0.19 -0.27917577 -0.47 -0.47 -0.47 -0.19 -0.45663583 -0.46 -0.46 0.68 0.68 
-0.99 -0.99 -0.99 -1.8966197 -2.1981411 -0.64 -0.64 -0.64 -0.64 -0.55 -0.55 -0.010000038 -0.01 -0.01 -0.01 -0.0099886141 0.17 0.17 0.17 0.17 0.51945211 0.79 0.79 0.77560627 0.24000001 0.24 0.24 0.24 -0.4 -0.4 -0.4 -0.39999282 0.57 0.57 0.57 0.57 1.5 1.5 1.5 1.5 0.22 0.22 0.22 -0.24999055 -0.25 -0.25 -0.25000007 -0.19 -0.19 -0.45967102 -0.46 0.67999718 0.68 
-0.99 -0.99 -0.99 -0.98999731 -0.94 -0.89637507 -0.64 -0.64 -0.64 -0.55 -0.55 -0.55 -0.55999998 -0.56 -0.56 -0.56000001 0.16681263 0.17 0.17 0.17 0.17937138 0.24000151 0.24 0.24 0.24 0.23999999 -0.029999998 -0.03 -0.4 -0.4 -0.4 -0.4 0.56999944 0.57 0.57 0.56993728 1.5 1.5 1.5 1.4977627 0.22 0.22 0.22 -0.2499782 -0.25 -0.25 -0.25 -0.19 -0.19 -0.18999996 0.12 0.12 0.25 
-0.99 -0.99 -0.99 -0.94000012 -0.94 -0.94 -0.64000011 -0.64 -0.64 -0.55 -0.55 -0.55 -0.56 -0.56 -0.56 -0.63692115 -1.57 -1.57 -1.5699955 0.16017203 0.24 0.24 0.24 0.24 0.24 0.23979681 -0.03 -0.03 -0.030000001 -0.4 -0.4 -0.39950438 -0.2 -0.2 -0.2 0.14 0.14 0.99 0.99 0.99 0.55 0.22010351 0.21999918 0.11 0.11 0.096356409 -0.24999895 -0.19 -0.19 0.12 0.12 0.12 0.25 
-0.99 -0.99 -0.99 -0.94 -0.94 -0.94 -0.94 -0.64 -0.64 -0.55 -0.55 -0.55960014 -0.56 -0.56 -0.56 -1.57 -1.57 -1.57 -1.57 -1.57 0.24 0.24 0.24 0.24 0.24 -0.029999079 -0.03 -0.03 -0.03 0.37 0.37 0.37 -0.2 -0.2 -0.2 0.14 0.14 0.99 0.99 0.55 0.55 0.55 0.11 0.11 0.11 0.11 0.11985768 0.23 0.23 0.23 0.12 -0.09 -0.09 
-0.99 -0.99 -0.98993037 -0.94 -0.94 -0.94 -0.94 -1.2160834 -1.23 -1.2288325 -0.55000003 -0.56005863 -0.56 -0.56 -0.56000349 -1.57 -1.57 -1.57 -1.57 -1.57 -2.2726665 0.24 0.24 0.24 0.23994233 -0.030000563 -0.03 -0.03 -0.03 0.37 0.37 0.37 0.36991879 -0.2 0.14 0.14 0.14 0.14003485 0.98996999 0.55 0.55 0.55 0.11002671 0.11 0.11 0.11 0.23000109 0.23 0.23 0.23 -0.089999999 -0.09 -0.09 
-1.15 -1.1499997 -0.94003371 -0.94 -0.94 -0.94 -1.2299383 -1.23 -1.23 -1.23 -1.26 -1.26 -1.26 -1.26 -1.5685691 -1.57 -1.57 -1.57 -1.57 -2.3799995 -2.38 -2.38 -0.039999953 -0.04 -0.04 -0.04 -0.039136871 -0.03 0.49997829 0.5 0.5 0.5 0.5 -0.03 -0.03 -0.03 -0.03 -0.03 0.17 0.17 0.17 0.17 0.17 0.33965329 0.34 0.34 0.34 0.23 0.23 0.23 -0.089949586 -0.09 -0.09 
-1.15 -1.15 -1.1530978 -1.5199988 -1.5199999 -1.5197169 -1.23 -1.23 -1.23 -1.23 -1.26 -1.26 -1.26 -1.26 -1.26 -1.57 -1.57 -1.57 -2.3799998 -2.38 -2.38 -2.38 -0.040000008 -0.04 -0.04 -0.04 -0.04 -0.039997312 0.5006333 0.50000001 0.5 0.5 0.50025441 0.70130309 -0.029242766 -0.03 -0.03 -0.029999982 0.17 0.17 0.17 0.17 0.17 0.34 0.34 0.34 0.34 0.28856185 0.23 0.79364055 0.8 1.28 1.28 
-1.15 -1.15 -1.5199531 -1.52 -1.52 -1.52 -1.4463412 -1.23 -1.23 -1.23 -1.26 -1.26 -1.26 -1.26 -1.26 -1.5697688 -1.57 -2.3797625 -2.38 -2.38 -2.38 -2.38 -0.90686816 -0.04 -0.04 -0.04 -0.04 -0.038455789 2.14 2.14 2.14 2.14 2.14 1.26 1.26 1.26 1.26 1.26 0.27 0.27 0.27 0.27 0.27 0.34046392 0.3400001 0.34 0.34003221 0.34394154 0.8 0.8 0.8 1.2799973 1.28 
-1.1500007 -1.5323966 -1.52 -1.52 -1.52 -1.52 -1.52 -1.2301235 -1.23 -1.23 -1.26 -1.26 -1.26 -1.26 -2.0520088 -2.07 -2.07 -2.379992 -2.38 -2.38 -2.38 -2.38 -2.3799998 -0.04 -0.04 -0.04 -0.04 2.8599992 2.8599997 2.7067665 2.14 2.14 2.14 1.26 1.26 1.26 1.26 1.260298 0.27 0.27 0.27 0.27 0.27004827 0.53 0.53 0.53 0.53 0.53002178 0.8 0.8 0.8 0.79999963 0.2060529 
-1.54 -1.54 -1.5600085 -1.52 -1.52 -1.52 -1.52 -1.52 -1.2301246 -1.64 -1.64 -1.64 -1.6390982 -2.0699988 -2.07 -2.07 -2.07 -2.07 -2.3799965 -2.350254 -2.09 -2.09 -2.09 -1.5714806 -0.096025462 -0.39580709 -0.64670704 2.86 2.86 2.86 2.86 2.86 2.8312412 1.7103255 1.7 1.7 1.7 1.7 0.3883482 0.89999887 0.9 0.9 0.9 0.63999968 0.53000003 0.53 0.53 1.21 0.80000657 0.8 0.8 0.19 0.19 
-1.54 -1.54 -1.7 -1.7 -1.7 -1.52006 -1.52 -1.52 -1.64 -1.64 -1.64 -1.64 -1.64 -2.07 -2.07 -2.07 -2.07 -2.07 -2.09 -2.09 -2.09 -2.09 -2.09 -0.74000007 -0.74 -0.74 -0.74 2.86 2.86 2.86 2.86 2.86 2.62 2.62 1.7 1.7 1.7 1.7299949 1.73 0.9 0.9 0.9 0.89999997 0.64 0.64 0.64 1.21 1.21 1.21 1.41 1.41 0.19 0.19 
-1.54 -1.54 -1.7 -1.7 -1.7 -1.7 -1.6999992 -1.55 -1.6399153 -1.64 -1.64 -1.64 -1.64 -2.0646361 -2.07 -2.07 -2.07 -2.07 -2.09 -2.09 -2.09 -2.09 -2.09 -0.74 -0.74 -0.74 -0.74 -0.73998537 2.86 2.86 2.86 2.6200126 2.62 2.62 2.62 1.7 1.73 1.73 1.73 1.7081611 0.73982839 0.71 0.71 0.64 0.64 0.64 1.21 1.21 1.21 1.41 1.41 1.41 1.131945 
-1.34 -1.3400016 -1.7 -1.7 -1.7 -1.7 -1.55 -1.55 -1.55 -1.64 -1.64 -1.64 -1.64 -1.6401337 -2.07 -2.07 -2.07 -2.07 -2.0899997 -2.09 -2.09 -2.09 -0.97783172 -0.74 -0.74 -0.74 -0.74 0.12999929 0.13 0.13000003 2.8306908 2.62 2.62 2.62 2.6199988 1.37 1.73 1.73 1.73 1.73 0.71 0.71 0.71 0.64 0.64 0.64 0.40007888 1.21 1.21 1.41 1.41 1.41 1.2299977 
-1.34 -1.34 -1.7 -1.7 -1.7 -1.55 -1.55 -1.55 -1.55 -1.6301483 -1.64 -1.64 -1.64 -1.6400041 -2.5799413 -2.58 -2.58 -2.58 -2.3353975 -2.2 -2.2 -2.2 -2.2 -0.74 -0.74 -0.74 -0.73994261 0.13 0.13 0.13 0.13 2.6196849 1.9169112 1.37 1.37 1.37 1.7279083 1.1700117 1.17 1.17 0.71006266 0.79 0.79 0.64 0.64 0.63999898 0.4 0.4 0.17 0.17 0.17 0.31 0.4 
-1.34 -1.34 -1 -1 -1 -1.55 -1.55 -1.55 -1.55 -2.1 -2.1 -2.1 -2.1 -2.1338267 -2.58 -2.58 -2.58 -2.58 -2.34 -2.2 -2.2 -2.2 -2.2 -0.91 -0.90999993 -0.74000025 0.13 0.13 0.13 0.13 0.25656881 0.38 1.2522036 1.37 1.37 1.37 1.17 1.17 1.17 1.17 0.79 0.79 0.79 0.67003784 0.67 0.40121363 0.4 0.4 0.17000153 0.17 0.31 0.31 0.4 
-1.34 -1 -1 -1 -1 -1 -1.5555117 -2.26 -2.26 -2.1 -2.1 -2.1 -2.1 -2.1001137 -2.58 -2.58 -2.58 -2.569156 -2.34 -2.34 -2.2 -2.2 -0.91 -0.91 -0.91 -0.91 0.13 0.13 0.13 0.13 0.38 0.38 0.38 1.3689982 1.37 1.37 1.17 1.17 1.17 1.17 0.79 0.79 0.79 0.67 0.67 0.67002323 1.08 1.08 0.48 0.48 0.31 0.31 0.4 
-1.003193 -1 -1 -1 -1 -1 -2.26 -2.26 -2.26 -2.1743613 -2.1 -2.1 -2.1 -2.0999996 -2.58 -2.58 -2.58 -2.34 -2.34 -2.34 -2.200007 -2.1999921 -0.91 -0.91 -0.91 -0.91 0.12992608 0.13 0.13 0.37994251 0.38 0.38 0.38 0.38 1.3648847 -0.52 -0.52 -0.49075161 1.17 1.17 0.79000034 0.79 0.67348902 0.67 0.67 1.0799999 1.08 1.08 0.48 0.48 0.33 0.33 0.4 
-1 -1 -1 -1 -1 -1 -2.26 -2.26 -2.26 -2.26 -1.960004 -1.96 -1.96 -1.96 -2.5799988 -2.451798 -2.38 -2.38 -2.3400737 -2.34 -2.34 -0.91000187 -0.91 -0.91 -0.91 -0.91 -0.90924386 0.13 0.13000854 0.38 0.38 0.38 0.38 0.38 -0.52 -0.52 -0.52 -0.52 -0.52 -0.51999516 -1.05 -1.05 -1.0499997 -0.1 -0.1 -0.1 -0.17 -0.17 0.01 0.01 0.33 0.33000015 0.4 
-1 -1 -1 -1 -1 -1 -2.26 -2.26 -2.26 -1.96 -1.96 -1.96 -1.96 -1.96 -2.070711 -2.38 -2.38 -2.38 -2.38 -2.38 -2.3780901 -0.91000001 -0.91 -0.91 -0.91000001 -0.96024162 -2.5074928 -0.22947586 0.37876713 0.38 0.38 0.38 0.38 0.37999803 -0.52 -0.52 -0.52 -0.52 -0.52 -0.76655477 -1.05 -1.05 -1.05 -0.1 -0.1 -0.1 -0.17 -0.17 0.01 0.01 -0.90999998 0.32773488 0.4 
-1 -1 -1 -1 -1 -1.0000004 -2.2599997 -2.26 -2.2475483 -1.96 -1.96 -1.96 -1.96 -1.96 -1.9801458 -2.38 -2.38 -2.38 -2.38 -2.38 -2.38 -2.2649766 -2.5099978 -2.51 -2.51 -2.51 -2.51 -2.51 -0.81235409 -0.78998615 -0.78999997 -0.79 -0.79 -0.7899998 -0.52 -0.52 -0.52 -0.52 -0.52 -1.0499999 -1.05 -1.05 -1.05 -1.0499996 -0.10251706 -1.67 -0.17000016 -0.75962006 0.0093165618 -0.91 -0.91 -0.91394946 -1.1 
-1 -1 -1 -1 -1 -1.0000805 -2.259932 -2.2599818 -1.9600004 -1.96 -1.96 -1.96 -1.96 -1.96 -1.9679917 -2.38 -2.38 -2.38 -2.38 -2.38 -2.38 -2.51 -2.51 -2.51 -2.51 -2.51 -2.51 -2.51 -0.7904748 -0.79 -0.79 -0.79 -0.79 -0.79 -0.71602003 -0.52 -0.52 -0.52 -0.52 -1.05 -1.05 -1.05 -1.05 -1.0501588 -1.67 -1.67 -1.6643592 -0.77 -0.77 -0.91 -0.91 -1.1 -1.1 
-1 -1 -1 -1 -1 -1.0016804 -2.2584959 -1.993853 -1.96 -1.96 -1.96 -1.96 -1.96 -1.96 -1.9673528 -2.38 -2.38 -2.38 -2.38 -2.38 -2.3985096 -2.51 -2.51 -2.51 -2.51 -2.51 -2.51 -2.51 -0.7900069 -0.79 -0.79 -0.79 -0.79 -0.79 -0.79 -0.71435205 -1.0164579 -1.1816482 -1.2067818 -1.0435721 -1.05 -1.05 -1.05 -1.6699505 -1.67 -1.6654634 -0.90999933 -0.77 -0.77 -1.82 -1.82 -1.82 -1.1000003 
-1 -1 -1 -1 -1.0000013 -1.0105078 -2.2252354 -1.9600825 -1.96 -1.96 -1.96 -1.96 -1.96 -1.96 -1.9698076 -2.38 -2.38 -2.38 -2.38 -2.38 -2.5099994 -2.51 -2.51 -2.51 -2.51 -2.51 -2.51 -2.51 -0.79000047 -0.79 -0.79 -0.79 -0.79 -0.79 -0.79000009 -1.22 -1.22 -1.22 -1.22 -0.95 -0.95 -0.95 -0.95 -0.9100022 -0.91 -0.91 -0.91 -0.91000988 -1.82 -1.82 -1.82 -1.82 -1.7865715 
-1 -1 -1 -1.0000001 -1.0000352 -1.0340709 -1.9784115 -1.9600039 -1.96 -1.96 -1.96 -1.96 -1.96 -1.96 -1.9742574 -2.3799998 -2.38 -2.38 -2.38 -2.3807824 -2.51 -2.51 -2.51 -2.51 -2.51 -2.51 -2.51 -2.51 -0.79000038 -0.79 -0.79 -0.79 -0.79 -0.79 -1.2199996 -1.22 -1.22 -1.22 -1.22 -0.95 -0.95 -0.95 -0.95 -0.93920417 -0.91 -0.91 -0.91 -1.8199898 -1.82 -1.82 -1.78 -1.78 -1.78 
-1 -1 -1.0000001 -1.0000029 -1.0003442 -1.1140866 -1.9608588 -1.960001 -1.96 -1.96 -1.96 -1.96 -1.96 -1.96 -1.9802851 -2.3799901 -2.38 -2.38 -2.3800001 -2.507366 -2.51 -2.51 -2.51 -2.51 -2.51 -2.51 -2.51 -2.51 -0.79000161 -0.79 -0.79 -0.79 -0.79 -0.68019402 -1.2199998 -1.22 -1.22 -1.22 -1.22 -0.95 -0.95 -0.95 -0.95 -0.95 -0.91 -0.91 -0.91 -1.82 -1.82 -1.82 -1.78 -1.78 -1.78 
-1 -1.0000001 -1.0000012 -1.0000337 -1.0019858 -1.5720325 -1.9601186 -1.9600006 -1.96 -1.96 -1.96 -1.96 -1.96 -1.9600008 -1.9874515 -2.3798466 -2.38 -2.38 -2.3806731 -2.5099889 -2.51 -2.51 -2.51 -2.51 -2.51 -2.51 -2.51 -2.509999 -0.79001078 -0.79 -0.78999989 -0.65318683 -0.64 -0.64 -0.64 -1.22 -1.22 -1.22 -1.22 -0.95 -0.95 -0.95 -0.95 -0.95 -0.91000071 -0.91 -0.91000045 -1.8199999 -1.82 -1.82 -1.78 -1.78 -1.78 
