interpolatedSpi/07-07|19_3.tif
NCOLS 53
NROWS 52
XLLCORNER -116.03883
YLLCORNER 28.596182
DX 0.49850594
DY 0.49788537
NODATA_VALUE -9999
1.46 1.46 1.2992137 0.63 1.01 1.36 1.72 1.88 0.84096693 -0.15 0.01 1.18 0.26998682 0.11 1.09 1.09 1.09 0.63 0.82 0.82 0.82 0.81999191 -0.019999991 0.91 0.91 0.91 0.19000459 0.19 0.19 0.16 0.16 0.16 0.16 -1.1199997 -1.12 -1.12 -1.12 -1.12 -1.12 -1.12 -0.55607379 -0.55017564 -1.24 -1.24 -1.24 -1.24 -1.2404083 -1.49 -1.49 -1.49 0.8699951 0.87 0.87 
1.4599973 1.4 1.88 1.6426329 1.2003196 1.66 1.9 0.64069854 1.23 1.2 1.07 0.27 0.27 0.89736577 0.1100182 1.09 0.63 0.63 0.81975227 0.82 0.82 0.82 0.87052218 0.91 0.91 0.91 -0.5499999 -0.55 0.16 0.16 0.16 0.16 0.16 -1.1199998 -1.12 -1.12 -1.12 -1.12 -1.12 -0.99485856 -0.35005072 -1.1320058 -1.24 -1.24 -1.24 -1.24 -1.24 -1.49 -1.49 -1.49 -1.2943065 0.87 0.87 
1.1299968 1.13 1.88 1.5 1.12 1.2 1.49 2.26 0.42 0.32 0.74 1.01 1.42 0.44 0.9 -0.16 0.63 0.63 0.63 0.13020059 0.13 0.13 0.16 0.91 0.91 0.91 -0.55 -0.55 -0.55 0.16 0.16 0.15999997 -0.12402604 -1.11845 -1.1155322 -0.64439847 -0.64 -0.64 -0.60352564 -0.35 -0.35 -0.35113809 -1.24 -1.24 -1.24 -1.24 -1.24 -1.49 -1.49 -1.49 -1.49 0.87 0.87 
0.33 1.1299997 -0.19011029 0.91 0.29 1.32 1.35 1.05 0.6 0.16316693 0.04 0.1 1.07 0.44 1.01 -0.16 0.2567866 0.26025924 0.09 0.13 0.13 0.91 0.16 0.16 0.91 0.90999271 -0.55 -0.55 -0.55 -1.52 -0.92194128 -0.43 -0.43 -0.43000017 -0.64 -0.64 -0.64 -0.64 -0.35 -0.35 -0.35 -0.35000003 -1.24 -1.24 -1.24 -1.24 -1.24 -1.4899968 -1.49 -1.49 -1.49 0.86991867 0.87 
0.33 1.1599975 -0.19 -0.21305615 0.29 1.01 1.1600093 0.92 0.74 0.1199997 0.010552639 -0.040020053 -0.18 1.01 1.01 0.23375385 0.26 0.26 0.09 0.09 0.13000145 0.91 0.79 0.53 1.15 1.1499271 -0.55 -0.55 -1.52 -1.52 -0.43 -0.43 -0.43 -0.51297254 -0.64 -0.64 -0.64 -0.35 -0.35 -0.35 -0.35 -0.35007915 -1.24 -1.24 -1.24 -1.24 -1.24 -1.2422253 -1.49 -1.4900058 -1.62 -1.62 -1.62 
-1.02 1.18 -0.14999993 -0.14 0.79 1.36 -0.76 -0.54491189 -0.54 -0.8 -0.68 -0.51 -0.50999978 -1.13 -1.13 0.049985514 0.05 0.07 0.07 0.090000106 -0.08 -0.08 0.53 1.15 1.15 0.84 -0.68 -0.68 -0.2701138 -1.52 -0.43 -0.43 -0.87 -0.87014837 -2.289898 -1.46 -1.46 -0.69340384 -0.35 -0.35 -1.1689773 -1.17 -1.1699992 -0.60147428 -0.59007184 -0.59000017 -0.59000002 -0.59000023 0.017628378 -1.62 -1.62 -1.62 -1.62 
0.9100002 1.1 1.3195426 0.57 0.98 -0.54 -0.19 -0.5 -1.35 -1.35 -0.68 -0.73 -0.40000019 -1.13 -0.010003355 -0.01 0.05 0.18 0.21 0.21 -0.14126444 -0.21 -0.21 0.65000001 0.84 0.84 -0.68 -0.68 -0.27001282 -0.27023604 -0.92864061 -0.87 -0.87 -2.29 -2.29 -1.1168768 -1.46 -1.46 -1.2600069 -1.1700001 -1.17 -1.17 -1.1699934 -0.58999665 -0.59 -0.59 -0.59 -0.58999944 0.35 -1.6196096 -1.62 -1.62 -1.62 
0.91 1.22 1.85 -0.61 0.10995872 -1.19 -1.79 -1.01 -1.2 -1.01 -1.01 -1.12 -0.4 -0.4 -0.012675762 0.36341036 0.4 -0.46 -0.21999956 0.21 -0.31490603 -0.32 -0.51 -1.27 -1.2699947 -0.86 0.2 0.19999969 -0.48922909 -0.49000001 -0.93 -0.96550637 -1.88 -2.29 -2.2295351 -0.83 -0.83 -1.26 -1.26 -1.17 -1.17 -1.17 0.0069429121 0.0099999695 -0.59 -0.59 -0.59 0.34996422 0.35 0.35 -1.62 -1.62 -1.62 
1.1289707 1.22 1.58 0.5 0.23 -0.24 -0.2 -0.55 -1.56 -1.30482 -1.42 -1.22 -1.22 -0.75 -0.74999567 -0.058717941 -0.06 -0.06 -0.42336362 0.18999991 -0.26 -0.26 -0.08 -0.34054408 -0.90131717 -0.86 -0.45 0.2 -0.37662962 -0.38 -0.71 -0.4 -0.42015186 -0.82 -0.17 -0.14 -0.67 -1.48 -0.51044791 -1.1686162 -0.86 -0.32 0.0099137177 0.01 0.0066228752 -0.59 0.16999996 0.35 0.35 0.35 0.35 -1.469346 0.66 
0.62 0.62 1.58 1.41 0.27 -0.77 -0.59 -0.54 -0.63 -1.24 -1.41 -0.79 -0.75 -0.75 -0.29 -0.28684545 -0.06 -0.060203976 -1.05 0.19 0.19 0.13202495 -0.08 -0.38999413 -0.39 -0.39 -0.45 -0.18 -0.18 -0.38 -0.38 -0.40007586 -0.44 -0.82 0.03 -0.14 -0.67 -1.07 -0.51 -0.037779281 -0.32000002 -0.39346788 -0.52 0.01 0.01 0.17 0.17 0.17 0.35 0.35 -0.41 -0.41 -0.4099996 
0.62 0.62 0.96 0.29 -0.28 -0.47 -1.05 -1.0598546 -0.88 -1.43 -0.65 -1.74 -0.79126467 -0.29 -0.29 -0.28997924 -0.11 -0.15933561 -1.05 -0.27 -0.27 1.58 1.58 -0.39 -0.39 -0.39 -0.18 -0.18 -0.18 -0.18 -0.18 -0.18000043 0.2 0.2 -0.63 -0.55 -0.54 -1.2799982 0.37 -0.03 -0.03 0.099997962 -0.52 0.01 -0.13000027 -0.53 -0.66638232 -0.67 0.61 0.61 -0.41 -0.41 -0.41 
0.62 0.76662306 0.6740871 -0.35996329 0.36 0.18 -1.05 -1.06 -0.8800015 -1.4239067 -1.7399996 -1.74 -0.11 -0.29 -0.29 -0.11000001 -0.11 -0.1100535 -1.05 -0.27 0.093302364 1.58 1.58 -0.38992179 -0.39 -0.33411767 -0.22 -0.22 -0.21999999 -0.18 -0.18 -0.26 -0.26 0.19999772 -0.63 -0.48000002 -0.6249875 -1.28 -1.28 -0.029999996 0.1 0.1 0.099998239 -0.13 -0.13 -0.53 -0.67 -0.67 0.61 0.61 -0.41 -0.41 -0.41 
-1.21 -0.69795271 -0.82995769 -0.82657775 0.35999885 0.18000425 -1.05 -1.0598769 -0.89240384 -0.89436197 -0.11 -0.11 -0.11 -0.11 -0.2899745 -0.11 -0.11 -0.1221369 -1.05 -0.26980524 0.42 0.42 0.42 0.42 -0.37615668 -0.22 -0.22 -0.22 -0.22 -0.21997114 -0.26 -0.26 -0.26 -0.26 -0.48 -0.48 -0.48 -1.2411816 -1.2727148 -0.31 -0.31 0.099977947 -0.6499822 -0.13005009 -0.13 -0.53 -0.67 -0.67 0.60999999 0.61 -0.40629955 -0.41 -0.76804624 
-1.21 -0.83 -0.83 -0.83 -0.83 -0.82999957 -1.0468514 -1.0547082 -0.92549622 -0.11084295 -0.11 -0.11 -0.11 -0.11 -0.1099998 -0.11 -0.11000015 -0.17447758 -1.0499821 0.42 0.42 0.42 0.42 0.42 0.42821178 -0.11088997 -0.2 -0.2 -0.2 -0.2 -0.25999999 -0.26 -0.25999943 0.21 0.21 -0.48 0.39497255 0.42 -0.30999958 -0.31 -0.31 -0.31 -0.65 -0.65 -0.65 -0.64916491 -0.88853953 -0.89 -0.89 -0.89 -0.88999997 -0.19000005 -0.19 
-0.35 -0.83 -0.83 -0.83 -0.83 -0.83 -0.83000001 -0.87976609 0.16382098 0.17 0.17 0.17 0.17 0.17 0.17 1.0517314 -0.091357572 -0.23871711 0.41981549 0.42 0.42 0.42 0.42 0.42000119 0.8 0.8 0.79999859 -0.2 -0.2 -0.19857827 0.51 0.51 0.21 0.21 0.21 0.38636042 0.42 0.42 0.42 -0.31 -0.31 -0.31 -0.65 -0.65 -0.65 -0.65 -0.88999998 -0.89 -0.89 -0.89 -0.89 -0.19 -0.19 
-0.35 -0.52869855 -0.83 -0.83 -0.83 -0.83 -0.45007458 -0.45 -0.44999998 0.17 0.17 0.17 0.17 0.17 0.3685463 1.07 1.07 1.07 1.4368936 1.439999 1.44 1.44 1.44 1.44 0.8 0.8 0.8 0.8 -0.2 0.51 0.51 0.51 0.21000003 0.21 0.21 0.72 0.42039721 0.42 0.42 -0.30983345 0.022079482 0.79668245 -0.65 -0.65 0.40672878 0.41 0.41 -0.88748197 0.63465334 0.63999987 0.63999971 0.91983192 -0.18999774 
-0.35 -0.64194297 -0.73891171 -0.83 -0.83 -0.45022452 -0.45 -0.45 -0.45 -0.4455321 0.17 0.17 0.17 0.17000011 1.07 1.07 1.07 1.07 1.4396695 1.44 1.44 1.44 1.44 1.44 0.80000001 0.8 0.8 0.8 0.79894518 0.51 0.51 0.51 1.61 0.21008567 0.72 0.72 0.72 0.72624344 0.7759594 0.8 0.8 0.8 0.74 0.74 0.41 0.41 0.41 0.64 0.64 0.64 0.64 0.92 0.92 
-0.64992905 -0.65 -0.65 -0.65 -0.24 -0.44999458 -0.45 -0.45 -0.45 -0.45 0.15712937 0.16999778 0.17 1.07 1.07 1.07 1.07 1.07 1.1312015 1.44 1.44 1.44 1.44 1.44 1.4673201 1.9999935 2 2 2 0.51000006 1.61 1.61 1.61 1.61 0.72 0.72001501 1.29 1.29 0.80611838 0.8 0.8 0.8 0.74 0.74 0.46109536 0.41 0.41 0.64 0.64 0.64 0.64300233 0.92 0.92 
-0.65 -0.65 -0.65 -0.45692488 -0.24 -0.24 -0.45 -0.45 -0.45 -0.45 -6.4668882e-23 6.7906073e-37 1.4676169e-20 1.07 1.07 1.07 1.07 1.070076 1.58 1.58 1.4400001 1.44 1.4429215 1.56 1.5639611 2 2 2 2 1.6100397 1.61 1.61 1.61 1.61 1.289998 1.29 1.29 1.29 1.2883002 0.8 0.8 0.8 0.74 0.74 0.74 0.41 0.41 0.64000001 0.64 0.64 0.92 0.92 0.92 
-0.65 -0.65 -0.65 -0.24 -0.24 -0.24 -0.24000032 -0.45 -0.45 -0.00046452944 -9.8264545e-38 -7.0295846e-83 -4.1549118e-41 0.00066666594 1.4423343 1.53 1.53 1.53 1.58 1.58 1.58 1.56 1.56 1.56 1.5599468 1.6695497 2 2 2 2.0418384 2.1299489 2.13 2.13 2.13 1.4613504 1.6999991 1.7 1.7 1.7 1.2599371 1.26 1.26 0.74 0.74 1.209998 1.2100002 1.82 1.82 1.55 1.55 1.55 0.92 1.4695082 
-0.64999634 -0.65 -0.64999999 -0.24 -0.24 -0.24 -0.24 -0.040000119 -0.44836066 -0.00019042326 -1.9072633e-13 -3.9677197e-34 -8.173276e-20 0.0030022815 1.53 1.53 1.53 1.53 1.58 1.58 1.58 1.56 1.56 1.56 1.37 1.37 1.83 1.83 1.83 1.8316366 2.13 2.13 2.13 2.13 1.915118 1.7 1.7 1.7 1.7 1.26 1.26 1.26 1.2584268 1.21 1.21 1.21 1.82 1.82 1.55 1.55 1.55 1.47 1.47 
0.53 0.0069473993 0.61 0.6097534 -0.24 -0.041157193 -0.04 -0.04 0.098463879 -0.20999999 -0.21 -0.21 -0.21 0.89996387 0.9 1.5299995 1.53 1.5313174 1.58 1.58 1.58 0.97 0.97 0.97 1.37 1.37 1.83 1.83 1.83 1.8300002 2.0400006 2.0400003 2.127738 2.1299035 1.3808574 1.38 1.38 1.38 1.38 1.26 1.26 1.26 1.2127531 1.21 1.21 1.2099998 1.82 1.82 1.8199903 1.55 1.5499835 1.18 1.47 
1.0099088 1.0099999 0.61 0.61 0.61 -0.04 -0.04 -0.04 0.34 0.34 -0.21 -0.21 -0.21 0.9 0.9 0.9 0.9 0.90007786 1.58 1.58 1.58 0.97 0.97 0.97 1.37 1.37 1.83 1.83 1.83 2.0376322 2.04 2.04 2.04 2.04 1.3803257 1.38 1.38 1.38 1.38 1.18 1.18 1.18 1.18 1.209993 0.3 0.3 0.3 0.82 0.82 0.82 1.18 1.18 1.18 
1.01 1.01 0.61 0.61 0.61 -0.036583484 -0.04 0.34 0.34 0.34 -0.20993229 -0.21 -0.030232561 0.8999998 0.9 0.9 0.9 0.46 0.46 0.46 0.91 0.91000004 0.96999971 0.97 0.97016567 1.06 1.06 1.0600018 1.8298756 1.4701136 1.470003 1.4700995 2.0390258 2.0395081 1.497179 1.3799996 1.3764477 0.32 0.32 1.18 1.18 1.18 1.18 0.3 0.3 0.3 0.3 0.82 0.82 0.82 1.18 1.18 1.18 
1.01 1.01 0.61 0.61 0.61 0.61 0.1022229 0.34 0.34 0.34 0.33981771 0.01 0.01 0.01 0.89475503 0.9 0.46293205 0.46 0.46 0.46 0.91 0.91 0.91 0.91 1.06 1.06 1.06 1.06 1.06 1.47 1.47 1.47 1.47 1.4700009 1.89 0.32 0.32 0.32 0.32 0.32000034 0.29 0.29 0.29 0.41040092 0.66 0.66 0.66 0.82 0.8199996 0.41 0.41 1.0400341 1.04 
1.01 1.01 0.75437191 0.61 0.61 0.61 0.54962735 0.3406618 0.34 0.34 0.01000017 0.01 0.01 0.01 0.01 0.083017375 0.46 0.46 0.46 0.46 0.90999652 0.91 0.91 0.91 1.06 1.06 1.06 1.06 1.06 1.3887148 1.47 1.47 1.47 1.89 1.89 1.8887809 0.32 0.32 0.7364561 1.0599999 0.29 0.29 0.29 0.40986221 0.66 0.66 0.66 1.03 0.41772514 0.41 0.41 1.04 1.04 
1.11 1.11 1.11 0.73536374 0.61070793 0.55 0.55 0.55 0.55 0.82 0.82 0.010000057 0.01 0.01 0.01 0.010028548 0.46 0.46 0.46 0.46 0.7136346 0.91 0.91 0.89822331 0.48671732 1.06 1.06 1.06 1.36 1.36 1.36 1.3600005 1.89 1.89 1.89 1.89 1.06 1.06 1.06 1.06 0.62 0.62 0.62 0.93999357 0.94 0.94 0.93999991 1.03 1.03 0.41075544 0.41 1.0400005 1.04 
1.11 1.11 1.11 1.1099995 1.1 1.020021 0.55 0.55 0.55 0.82 0.82 0.82 0.70999997 0.71 0.71 0.70999999 0.46047627 0.46 0.46 0.46 0.46679903 0.46000124 0.46 0.46 0.46 0.46 0.22000001 0.22 1.36 1.36 1.36 1.36 1.8900001 1.89 1.89 1.8900081 1.06 1.06 1.06 1.0617986 0.62 0.62 0.62 0.93998516 0.94 0.94 0.94 1.03 1.03 1.03 1.13 1.13 0.81 
1.11 1.11 1.11 1.1 1.1 1.1 0.55000021 0.55 0.55 0.82 0.82 0.82 0.71 0.71 0.71 0.7107616 0.72 0.72 0.71999933 0.46146855 0.46 0.46 0.46 0.46 0.46 0.45981939 0.22 0.22 0.22 1.36 1.36 1.3595881 1.99 1.99 1.99 1.17 1.17 1.47 1.47 1.47 1.34 0.62022584 0.62000567 1.38 1.38 1.3633245 0.94000132 1.03 1.03 1.13 1.13 1.13 0.81 
1.11 1.11 1.11 1.1 1.1 1.1 1.1 0.55 0.55 0.82 0.82 0.71439841 0.71 0.71 0.71 0.72 0.72 0.72 0.72 0.72 0.46 0.46 0.46 0.46 0.46 0.22000082 0.22 0.22 0.22 0.72 0.72 0.72 1.99 1.99 1.99 1.17 1.17 1.47 1.47 1.34 1.34 1.34 1.38 1.38 1.38 1.38 1.3767141 1.34 1.34 1.34 1.13 0.9 0.9 
1.11 1.11 1.1099861 1.1 1.1 1.1 1.1 1.5950461 1.62 1.6186265 0.82 0.71000251 0.71 0.71 0.71000003 0.72 0.72 0.72 0.72 0.72 0.29699048 0.46 0.46 0.46 0.45997322 0.22000619 0.22 0.22 0.22 0.72 0.72 0.72 0.72018136 1.99 1.17 1.17 1.17 1.1700124 1.4699911 1.34 1.34 1.34 1.3799976 1.38 1.38 1.38 1.3400004 1.34 1.34 1.34 0.9 0.9 0.9 
1.4 1.3999995 1.1000159 1.1 1.1 1.1 1.6198893 1.62 1.62 1.62 0.74000002 0.74 0.74 0.74 0.7200923 0.72 0.72 0.72 0.72 0.29000026 0.29 0.29 0.33000002 0.33 0.33 0.33 0.32050559 0.22 0.47998935 0.48 0.48 0.48 0.48 1.28 1.28 1.28 1.28 1.28 1.59 1.59 1.59 1.59 1.59 1.38 1.38 1.38 1.38 1.34 1.34 1.34 0.90006932 0.9 0.9 
1.4 1.4 1.396316 0.96000028 0.96000003 0.96064348 1.62 1.62 1.62 1.62 0.74 0.74 0.74 0.74 0.74 0.72 0.72 0.72 0.29000011 0.29 0.29 0.29 0.33 0.33 0.33 0.33 0.33 0.32997688 0.48020853 0.48 0.48 0.48 0.48008377 1.5861269 1.280317 1.28 1.28 1.28 1.59 1.59 1.59 1.59 1.59 1.38 1.38 1.38 1.38 1.3612952 1.34 1.6267645 1.63 1.11 1.11 
1.4 1.4 0.96005573 0.96 0.96 0.96 1.1276372 1.62 1.62 1.62 0.74 0.74 0.74 0.74 0.74 0.72000803 0.72 0.29012607 0.29 0.29 0.29 0.29 0.31518174 0.33 0.33 0.33 0.33 0.33048874 1.02 1.02 1.02 1.02 1.02 1.82 1.82 1.82 1.82 1.82 2.43 2.43 2.43 2.43 2.43 1.3821731 1.3800005 1.38 1.3801509 1.3981887 1.63 1.63 1.63 1.1100029 1.11 
1.3999989 0.80189255 0.95999998 0.96 0.96 0.96 0.96 1.619719 1.62 1.62 0.74 0.74 0.74 0.74 -0.0520088 -0.07 -0.07 0.28999073 0.29 0.29 0.29 0.29 0.28999989 0.33 0.33 0.33 0.33 1.1899998 1.1899999 1.1538199 1.02 1.02 1.02 1.82 1.82 1.82 1.82 1.8201219 2.43 2.43 2.43 2.43 2.4299923 2.27 2.27 2.27 2.27 2.2699484 1.63 1.63 1.63 1.6300002 1.9277762 
0.79 0.79 0.72807979 0.96 0.96 0.96 0.96 0.96 1.6197141 -0.23999997 -0.24 -0.24 -0.23767426 -0.069998834 -0.07 -0.07 -0.07 -0.07 0.2899946 0.24384238 -0.16 -0.16 -0.16 -0.037845108 0.2835789 0.035188412 -0.17358163 1.19 1.19 1.19 1.19 1.19 1.189587 1.9964085 2 2 2 2 2.4112143 2.3300002 2.33 2.33 2.33 1.3500027 2.2699998 2.27 2.27 2.11 1.6300077 1.63 1.63 1.94 1.94 
0.79 0.79 0.16000001 0.16 0.16 0.95973351 0.96 0.96 -0.24 -0.24 -0.24 -0.24 -0.24 -0.070000008 -0.07 -0.07 -0.07 -0.07 -0.16 -0.16 -0.16 -0.16 -0.16 -0.25 -0.25 -0.25 -0.25 1.19 1.19 1.19 1.19 1.19 1.68 1.68 2 2 2 1.4400954 1.44 2.33 2.33 2.33 2.3299998 1.35 1.35 1.35 2.11 2.11 2.11 1.76 1.76 1.94 1.94 
0.79 0.79 0.16 0.16 0.16 0.16 0.15999544 -0.67 -0.24040486 -0.24 -0.24 -0.24 -0.24 -0.072120595 -0.07 -0.07 -0.07 -0.07 -0.16 -0.16 -0.16 -0.16 -0.16 -0.25 -0.25 -0.25 -0.25 -0.24999413 1.19 1.19 1.19 1.6799743 1.68 1.68 1.68 2 1.44 1.44 1.44 1.4634176 1.2678093 1.07 1.07 1.35 1.35 1.35 2.11 2.11 2.11 1.76 1.76 1.76 1.0433408 
0.94 0.93999882 0.16 0.16 0.16 0.16 -0.67 -0.67 -0.67 -0.24 -0.24 -0.24 -0.24 -0.23994715 -0.07 -0.07 -0.07 -0.07 -0.15999864 -0.16 -0.16 -0.16000001 -0.23415891 -0.25 -0.25 -0.25 -0.25 0.25999958 0.26 0.26000001 1.1800369 1.68 1.68 1.68 1.679999 0.68000001 1.44 1.44 1.44 1.44 1.07 1.07 1.07 1.73 1.73 1.73 1.6500448 2.11 2.11 1.76 1.76 1.76 0.95000095 
0.94 0.94 0.16 0.16 0.16 -0.67 -0.67 -0.67 -0.67 -0.28715733 -0.24 -0.24 -0.24 -0.24000153 -0.6399344 -0.64 -0.64 -0.64 -0.67269791 -0.75 -0.75 -0.75 -0.75 -0.25 -0.25 -0.25 -0.24996636 0.26 0.26 0.26 0.26 1.6798239 1.1175289 0.68 0.68 0.68 1.438019 0.91001103 0.91 0.91 1.0704151 1.6 1.6 1.73 1.73 1.7299997 1.65 1.65 1.29 1.29 1.29 1.15 1.29 
0.94 0.93999999 -1.34 -1.34 -1.34 -0.67 -0.67 -0.67 -0.67 -0.98 -0.98 -0.98 -0.98 -0.9560394 -0.64 -0.64 -0.64 -0.64 -0.67 -0.75 -0.75 -0.75 -0.75 -0.46 -0.45999992 -0.25000031 0.26 0.26 0.26 0.26 0.38150606 0.5 0.65858247 0.68 0.68 0.68 0.91 0.91 0.91 0.91 1.6 1.6 1.6 2.0598549 2.06 1.6518429 1.65 1.65 1.2900007 1.29 1.15 1.15 1.29 
0.94 -1.34 -1.34 -1.34 -1.34 -1.34 -0.67015526 -0.69 -0.69 -0.98 -0.98 -0.98 -0.98 -0.97991948 -0.64 -0.64 -0.64 -0.6413555 -0.67 -0.67 -0.75 -0.75 -0.46 -0.46 -0.46 -0.46 0.26 0.26 0.26 0.26 0.5 0.5 0.5 0.67981785 0.68 0.68 0.91 0.91 0.91 0.91 1.6 1.6 1.6 2.06 2.06 2.0599751 1.62 1.62 1.41 1.41 1.15 1.15 1.29 
-1.318588 -1.34 -1.34 -1.34 -1.34 -1.34 -0.69 -0.69 -0.69 -0.84522012 -0.98 -0.98 -0.98 -0.98000733 -0.64 -0.64 -0.64 -0.67 -0.67 -0.67 -0.749996 -0.74999823 -0.46 -0.46 -0.46 -0.46 0.25994882 0.26 0.26 0.49994481 0.5 0.5 0.5 0.5 0.68015932 1.09 1.09 1.0868848 0.91 0.91 1.5999994 1.6 2.0466254 2.06 2.06 1.6200002 1.62 1.62 1.41 1.41 1.2 1.2 1.29 
-1.34 -1.34 -1.34 -1.34 -1.34 -1.34 -0.69 -0.69 -0.69 -0.69 -1.4499865 -1.45 -1.45 -1.45 -0.64000271 -1.0694766 -1.31 -1.31 -0.67117984 -0.67 -0.67000002 -0.46000042 -0.46 -0.46 -0.46 -0.46 -0.45947652 0.26 0.2600082 0.5 0.5 0.5 0.5 0.5 1.09 1.09 1.09 1.09 1.09 1.0900005 1.59 1.59 1.5899998 1.07 1.07 1.07 0.93 0.93 1.08 1.08 1.2 1.2000002 1.29 
-1.34 -1.34 -1.34 -1.34 -1.34 -1.34 -0.69 -0.69 -0.69 -1.45 -1.45 -1.45 -1.45 -1.45 -1.4130963 -1.31 -1.31 -1.31 -1.31 -1.31 -1.2794421 -0.46 -0.46 -0.46 -0.46 -0.44492752 0.019247845 0.22731918 0.49881645 0.5 0.5 0.5 0.5 0.50000129 1.09 1.09 1.09 1.09 1.09 1.3225988 1.59 1.59 1.59 1.07 1.07 1.07 0.93 0.93 1.08 1.08 1.37 1.2944131 1.29 
-1.34 -1.34 -1.34 -1.34 -1.34 -1.3399998 -0.69000015 -0.69 -0.72154424 -1.45 -1.45 -1.45 -1.45 -1.45 -1.4432847 -1.31 -1.31 -1.31 -1.31 -1.31 -1.31 -0.057562604 0.019999328 0.02 0.02 0.02 0.02 0.02 0.6510711 0.65999811 0.66 0.66 0.66 0.66000031 1.09 1.09 1.09 1.09 1.09 1.5899999 1.59 1.59 1.59 1.5899998 1.0704329 1.34 0.93000004 1.6277171 1.0804907 1.37 1.37 1.3533707 0.57 
-1.34 -1.34 -1.34 -1.34 -1.34 -1.3399585 -0.69003506 -0.69004598 -1.449999 -1.45 -1.45 -1.45 -1.45 -1.45 -1.4473361 -1.31 -1.31 -1.31 -1.31 -1.31 -1.31 0.02 0.02 0.02 0.02 0.02 0.02 0.02 0.65982333 0.66 0.66 0.66 0.66 0.66 0.77781996 1.09 1.09 1.09 1.09 1.59 1.59 1.59 1.59 1.589936 1.34 1.34 1.3418803 1.64 1.64 1.37 1.37 0.57 0.57 
-1.34 -1.34 -1.34 -1.34 -1.34 -1.3391331 -0.69079297 -1.364239 -1.45 -1.45 -1.45 -1.45 -1.45 -1.45 -1.4475491 -1.31 -1.31 -1.31 -1.31 -1.31 -1.1206322 0.02 0.02 0.02 0.02 0.02 0.02 0.02 0.65999743 0.66 0.66 0.66 0.66 0.66 0.66 0.85677466 0.49425055 0.29602213 0.265876 1.5559323 1.59 1.59 1.59 1.34002 1.34 1.3431637 1.8699989 1.64 1.64 1.0800218 1.08 1.08 0.57000022 
-1.34 -1.34 -1.34 -1.34 -1.3399993 -1.3345796 -0.76026126 -1.449791 -1.45 -1.45 -1.45 -1.45 -1.45 -1.45 -1.4467308 -1.31 -1.31 -1.31 -1.31 -1.31 0.019994257 0.02 0.02 0.02 0.02 0.02 0.02 0.02 0.65999983 0.66 0.66 0.66 0.66 0.66 0.65999992 0.25 0.25 0.25 0.25 1.06 1.06 1.06 1.06 1.8699985 1.87 1.87 1.87 1.8699924 1.18 1.18 1.08 1.08 0.58687324 
-1.34 -1.34 -1.34 -1.34 -1.3399819 -1.3226986 -1.3989804 -1.4499901 -1.45 -1.45 -1.45 -1.45 -1.45 -1.45 -1.4452475 -1.3100001 -1.31 -1.31 -1.31 -1.3019953 0.019999999 0.02 0.02 0.02 0.02 0.02 0.02 0.02 0.65999986 0.66 0.66 0.66 0.66 0.66 0.25000038 0.25 0.25 0.25 0.25 1.06 1.06 1.06 1.06 1.2786155 1.87 1.87 1.87 1.1800077 1.18 1.18 0.37 0.37 0.37 
-1.34 -1.34 -1.34 -1.3399985 -1.3398239 -1.3095276 -1.4473053 -1.4499975 -1.45 -1.45 -1.45 -1.45 -1.45 -1.45 -1.4432383 -1.3100033 -1.31 -1.31 -1.3099985 -0.0069479075 0.02 0.02 0.02 0.02 0.02 0.02 0.02 0.02 0.6599994 0.66 0.66 0.66 0.66 -0.086682466 0.24999981 0.25 0.25 0.25 0.25 1.06 1.06 1.06 1.06 1.06 1.87 1.87 1.87 1.18 1.18 1.18 0.37 0.37 0.37 
-1.34 -1.34 -1.3399994 -1.3399827 -1.3391404 -1.3699525 -1.4495452 -1.4499985 -1.45 -1.45 -1.45 -1.45 -1.45 -1.4499997 -1.4408495 -1.3100511 -1.31 -1.31 -1.3031139 0.01988691 0.02 0.02 0.02 0.02 0.02 0.02 0.02 0.020000373 0.65999599 0.66 0.65999928 -0.27032958 -0.36 -0.36 -0.36 0.25 0.25 0.25 0.25 1.06 1.06 1.06 1.06 1.06 1.8699856 1.87 1.8699997 1.18 1.18 1.1799996 0.37 0.37 0.37 
