interpolatedSpi/07-06|20_1.tif
NCOLS 53
NROWS 52
XLLCORNER -116.03883
YLLCORNER 28.596182
DX 0.49850594
DY 0.49788537
NODATA_VALUE -9999
0.29 0.29 0.41194018 0.1 1.13 0.89 1.75 1.29 0.86456023 1.31 1.39 1.27 0.74004035 1.23 0.99 0.99 0.99 0.23 0.72 0.72 0.72 0.71999461 0.16000001 0.82 0.82 0.82 2.0199962 2.02 2.02 1.42 1.42 1.42 1.42 1.46 1.46 1.46 1.46 1.46 1.46 1.46 2.4592355 2.4699486 2.27 2.27 2.27 2.27 2.2711107 2.95 2.95 2.95 2.96 2.96 2.96 
0.29000044 0.3 0.60000038 0.76679852 0.84992837 1.03 1 1.6096364 1.47 0.83 0.69 0.74 0.74 1.0207002 1.2299953 0.99 0.23 0.23 0.71936111 0.72 0.72 0.72 0.83210653 0.82 0.82 0.82 1.03 1.03 1.42 1.42 1.42 1.42 1.42 1.46 1.46 1.46 1.46 1.46 1.4599999 1.2524421 0.23005158 2.0224622 2.27 2.27 2.27 2.27 2.27 2.95 2.95 2.95 2.9508292 2.96 2.96 
1.0799714 1.08 0.93 0.81 0.73 0.76 0.73 0.98 1.25 0.41 0.76 0.18 0.41 0.02 1.02 0.43 0.23 0.23 0.23 0.83996512 0.84 0.84 1.05 0.82 0.82 0.82 1.03 1.03 1.03 1.42 1.42 1.42 1.0541359 1.4568365 1.4484582 0.2313627 0.22 0.22 0.22125774 0.23 0.23 0.23260865 2.27 2.27 2.27 2.27 2.27 2.95 2.95 2.95 2.95 2.96 2.96 
0.28 1.08 0.85994792 0.7 0.37 1.08 1.16 -0.06 0.77 0.55009695 0.68 0.44 -0.01 0.02 0.55 0.43 1.0651034 1.0694114 1.14 0.84 0.84 0.87 1.05 1.05 0.82 0.82000105 1.03 1.03 1.03 -0.17 0.28540251 0.66 0.66 0.65999966 0.22 0.22 0.22 0.22 0.23 0.23 0.23 0.23000008 2.27 2.27 2.27 2.27 2.27 2.9499914 2.95 2.95 2.95 2.9599468 2.96 
0.28 0.030001522 0.86 0.39048962 0.37 1.1 0.75008366 0.71 0.05 0.9600002 0.82518002 0.76013035 1.67 0.55 0.55 0.47976346 1.07 1.07 1.14 1.14 0.84000003 0.87 1.19 0.96 0.3 0.30005865 1.03 1.03 -0.17 -0.17 0.66 0.66 0.66 0.67320024 0.22 0.22 0.22 0.23 0.23 0.23 0.23 0.23008495 2.27 2.27 2.27 2.27 2.27 2.2760528 2.95 2.9499274 1.33 1.33 1.33 
-0.29 -0.02 -0.049999996 0.91 1.73 2.21 1.11 1.0587885 1.24 1.42 1 0.59 0.59000071 0.85 0.85 0.36013762 0.36 0.87 0.87 1.1399996 0.61 0.61 0.96 0.3 0.3 0.55 -1.16 -1.16 0.83990838 -0.17 0.66 0.66 0.73 0.73005433 1.2499625 0.41 0.41 0.28568711 0.23 0.23 1.1089025 1.11 1.1099989 1.1206537 1.1001293 1.1000003 1.1 1.1000004 0.55567158 1.33 1.33 1.33 1.33 
-0.60999898 -0.15 -0.01398965 0.76 1.72 0.74 0.72 0.84 2.14 2.14 1 0.37 0.60999979 0.85 0.92999976 0.93 0.36 1.08 0.64 0.64 0.60528735 0.6 0.6 -1.21 0.55 0.55 -1.16 -1.16 0.84000408 0.8400751 1.1791661 0.73 0.73 1.25 1.25 0.21392959 0.41 0.41 -0.339974 1.109998 1.11 1.11 1.1099956 1.1000047 1.1 1.1 1.1 1.0999995 0.34 1.3298038 1.33 1.33 1.33 
-0.61 -0.04 0.16 0.39 -0.13996962 0.58 1.11 1.42 1.19 0.29 0.29 -0.23 0.61 0.61 0.9278045 0.45640638 0.41 0.92 0.63000001 0.64 -0.56754369 -0.52 -0.63 -1.34 -1.3399986 -1.23 -1.5 -1.4999999 0.90975471 0.91000001 1.18 1.062181 1.07 1.25 1.2089295 0.05 0.05 -0.34 -0.34 1.11 1.11 1.11 1.9409273 1.95 1.1 1.1 1.1 0.34002893 0.34 0.34 1.33 1.33 1.33 
-0.093100439 -0.039999997 0.22 -0.04 1.21 0.59 0.27 1.16 1.4 1.1049481 0.43 0.11 0.11 -0.38 -0.37999605 0.100864 0.1 0.1 0.87573105 0.079999757 -1.08 -1.08 -0.25 -0.48024825 -1.2410851 -1.23 -0.89 -1.5 -0.18767052 -0.18 1.06 3.34 2.7960469 0.52 -0.19 -0.46 -0.21 0.04 -0.16990303 1.1079913 0.66 0.6 1.9498372 1.95 1.9452157 1.1 0.090000053 0.34 0.34 0.34 0.33999999 0.91912546 0.58 
-0.39 -0.39 0.42 0.48 1.34 1.75 0.94 0.82 1.64 1.0300222 0.55 0.12 -0.38 -0.38 0.04 0.040822927 0.1 0.099946271 -0.18 0.08 0.08 -0.069446927 -0.25 -0.87998807 -0.88 -0.88 -0.89 0.81 0.81 -0.18 -0.18 3.3379517 2.26 0.52 0.08 -0.46 -0.21 -0.02 -0.17 1.8369377 0.6 0.72856879 0.95 1.95 1.95 0.09 0.09 0.09 0.34 0.34 -1.97 -1.97 -1.969999 
-0.39 -0.39 0.27 0.44 0.94 0.8 0.68000001 0.39042584 0.43 0.39 0.06 -0.46 0.11922711 0.04 0.04 0.040025379 0.26 0.23690674 -0.18 1.34 1.34 0.21 0.21 -0.88 -0.88 -0.88 0.81 0.81 0.81 -0.35 -0.35 -0.3499957 -0.24 -0.24 -0.33 -0.45 -0.12 1.3799926 -0.61 1.87 1.87 1.259999 0.95 1.95 -0.35999921 0.11 0.10991386 0.11 -0.83 -0.83 -1.97 -1.97 -1.97 
-0.39 -0.10492513 0.34254506 0.64999442 0.65 0.75 0.68 0.39 0.42999967 0.39044315 -0.45999889 -0.46 0.69 0.040000001 0.04 0.25999999 0.26 0.25997496 -0.18 1.34 1.118091 0.21 0.21 -0.87995616 -0.88 -0.64332192 -0.16 -0.16 -0.15999988 -0.35 -0.35 -1.22 -1.22 -0.24000025 -0.33 -0.18999995 -0.018977121 1.38 1.38 1.87 1.26 1.26 1.2599882 -0.36 -0.36 0.11 0.11 0.11 -0.83 -0.83 -1.97 -1.97 -1.97 
0.08 1.0727179 1.1399738 1.1364478 0.65000061 0.74999764 0.68 0.39356973 0.42724359 0.42895549 0.69 0.69 0.69 0.69 0.040092077 0.26 0.26 0.2543189 -0.18 1.3396519 0.17 0.17 0.17 0.17 -0.86163226 -0.16 -0.16 -0.16 -0.16 -0.16023253 -1.22 -1.22 -1.22 -1.22 -0.19 -0.19 -0.19 1.3032847 1.3756439 0.8 0.8 1.2599753 -0.090009242 -0.35997399 -0.36 0.11 0.11 0.11 -0.83 -0.83 -1.9658642 -1.97 -1.1575746 
0.08 1.14 1.14 1.14 1.14 1.1399998 0.68017919 0.54278798 0.41988975 0.68971906 0.69 0.69 0.69 0.69 0.69000032 0.26 0.25999993 0.229819 -0.17999273 0.17 0.17 0.17 0.17 0.17 0.14622023 -0.49182376 -0.59999991 -0.6 -0.6 -0.6 -1.22 -1.22 -1.2200009 -1.97 -1.97 -0.19 -0.26777534 -0.27 0.79999938 0.8 0.8 0.8 -0.09 -0.09 -0.09 -0.088608182 -1.2212815 -1.23 -1.23 -1.23 -1.23 -0.44000032 -0.44 
0.92 1.14 1.14 1.14 1.14 1.14 1.14 0.79729516 1.1461391 1.15 1.15 1.15 1.15 1.15 1.15 0.74819957 0.26757824 0.19974939 0.16995614 0.17 0.17 0.17 0.17 0.16999919 -0.93 -0.93 -0.92999954 -0.6 -0.6 -0.60026032 -0.73 -0.73 -1.97 -1.97 -1.97 -0.54232137 -0.27 -0.27 -0.27 0.8 0.8 0.8 -0.09 -0.09 -0.09 -0.09 -1.23 -1.23 -1.23 -1.23 -1.23 -0.44 -0.44 
0.92 1.0019035 1.14 1.14 1.14 1.14 1.2599764 1.26 1.26 1.15 1.15 1.15 1.15 1.15 1.0595511 0.74 0.74 0.74 -0.52786658 -0.52999929 -0.53 -0.53 -0.53 -0.53 -0.93 -0.93 -0.93 -0.93 -0.6 -0.73 -0.73 -0.73 -1.9699999 -1.97 -1.97 0.02 -0.26961603 -0.27 -0.27 0.79989172 0.58459709 0.082151921 -0.09 -0.09 -0.7479632 -0.75 -0.75 -1.2284054 -0.26338971 -0.26000008 -0.26000018 0.31988482 -0.43999845 
0.92 1.4065717 1.2816929 1.14 1.14 1.2599291 1.26 1.26 1.26 1.2592073 1.15 1.15 1.15 1.15 0.74 0.74 0.74 0.74 -0.52886554 -0.53 -0.53 -0.53 -0.53 -0.53 -0.92999999 -0.93 -0.93 -0.93 -0.92927253 -0.73 -0.73 -0.73 -0.93 -1.9697725 0.02 0.02 0.02 0.02030819 0.057842038 0.08 0.08 0.08 -0.18 -0.18 -0.75 -0.75 -0.75 -0.26000001 -0.26 -0.26 -0.26 0.32 0.32 
1.4199149 1.42 1.42 1.42 1 1.2599933 1.26 1.26 1.26 1.26 1.0871622 1.1499892 1.15 0.74 0.74 0.74 0.74 0.74 0.55205895 -0.53 -0.53 -0.53 -0.53 -0.53 -0.58562639 -0.37000303 -0.37 -0.37 -0.37 -0.73000001 -0.93 -0.93 -0.93 -0.93 0.02 0.02000079 0.05 0.05 0.079625405 0.08 0.08 0.08 -0.18 -0.18 -0.66174437 -0.75 -0.75 -0.26 -0.26 -0.26 -0.25378089 0.32 0.32 
1.42 1.42 1.42 1.2222157 1 1 1.26 1.26 1.26 1.26 0.32 0.32 0.32 0.74 0.74 0.74 0.74 0.73995208 -0.66 -0.66 -0.53000005 -0.53 -0.52853925 -0.47 -0.46909975 -0.37 -0.37 -0.37 -0.37 -0.92994298 -0.93 -0.93 -0.93 -0.93 0.049999895 0.05 0.05 0.05 0.050149208 0.08 0.08 0.08 -0.18 -0.18 -0.18 -0.75 -0.75 -0.25999999 -0.26 -0.26 0.32 0.32 0.32 
1.42 1.42 1.42 1 1 1 1.0000004 1.26 1.26 0.32097035 0.32 0.32 0.32 0.32026167 0.5052675 0.45 0.45 0.44999999 -0.66 -0.66 -0.66 -0.47 -0.47 -0.47 -0.47012326 -0.65324313 -0.37 -0.37 -0.37 -0.28284264 -0.15007672 -0.15 -0.15 -0.15 0.36531083 0.80999827 0.81 0.81 0.81 0.050004105 0.05 0.05 -0.18 -0.18 0.40999754 0.41000017 0.88 0.88 1.15 1.15 1.15 0.32 0.85951717 
1.4200013 1.42 1.42 1 1 1 1 0.70000016 1.2577609 0.32052593 0.32 0.32 0.32 0.3202551 0.45 0.45 0.45 0.44999968 -0.66 -0.66 -0.66 -0.47 -0.47 -0.47 -0.91 -0.91 -0.84 -0.84 -0.84 -0.83623583 -0.15 -0.15 -0.15 -0.15 0.32973634 0.81 0.81 0.81 0.81 0.05 0.05 0.05 0.061326977 0.41 0.41 0.41 0.88 0.88 1.15 1.15 1.15 0.86000001 0.86 
1.83 1.6094413 0.45 0.45015956 1 0.70173579 0.7 0.7 0.90769582 0.90000001 0.9 0.9 0.9 0.15002442 0.15 0.44999977 0.45 0.42075313 -0.66 -0.66 -0.66 -0.57 -0.57 -0.57 -0.91 -0.91 -0.84 -0.84 -0.84 -0.8399993 0.11999828 0.11999924 -0.14321396 -0.14971054 0.2795145 0.28 0.28 0.28 0.28 0.05 0.05 0.05 0.39017715 0.41 0.41 0.41000001 0.88 0.88 0.88000972 1.15 1.1499866 0.85 0.86 
1.3100987 1.3099999 0.45 0.45 0.45 0.7 0.7 0.7 1.27 1.27 0.9 0.9 0.9 0.15 0.15 0.15 0.15 0.14991126 -0.66 -0.66 -0.66 -0.57 -0.57 -0.57 -0.91 -0.91 -0.84 -0.84 -0.84 0.10917593 0.12 0.12 0.12 0.12 0.27992105 0.28 0.28 0.28 0.28 -0.13999995 -0.14 -0.14 -0.14 0.41000061 0.49 0.49 0.49 1.55 1.55 1.55 0.85 0.85 0.85 
1.31 1.31 0.45 0.45 0.45 0.69868596 0.7 1.27 1.27 1.27 0.90004555 0.9 0.98171247 0.15000019 0.15 0.15 0.15 -0.3 -0.3 -0.3 -0.61 -0.60999997 -0.57000019 -0.57 -0.57028518 -0.89 -0.89 -0.88999988 -0.84000808 -0.039968114 -0.039999148 -0.039972066 0.11972654 0.11986192 0.25139579 0.27999944 0.27517424 -1.16 -1.16 -0.14 -0.14 -0.14 -0.14 0.49 0.49 0.49 0.49 1.55 1.55 1.55 0.85 0.85 0.85 
1.31 1.31 0.45 0.45 0.45 0.45 0.91333435 1.27 1.27 1.27 1.2698509 1 1 1 0.15500925 0.15 -0.29700131 -0.3 -0.3 -0.3 -0.61 -0.61 -0.61 -0.61 -0.89 -0.89 -0.89 -0.89 -0.89 -0.04 -0.04 -0.04 -0.04 -0.040002022 -1 -1.16 -1.16 -1.16 -1.16 -1.1599978 -0.64 -0.64 -0.64 -0.32109327 0.34 0.34 0.34 1.55 1.549999 0.53 0.53 -0.12976159 -0.13 
1.31 1.31 0.76039961 0.45 0.45 0.45000001 1.0603726 1.2693382 1.27 1.27 1 1 1 1 1 0.93013485 -0.3 -0.3 -0.3 -0.3 -0.6099976 -0.61 -0.61 -0.61 -0.89 -0.89 -0.89 -0.89 -0.89 -0.95630596 -0.04 -0.04 -0.04 -1 -1 -1.0001242 -1.16 -1.16 -0.91237745 -0.72000004 -0.64 -0.64 -0.64 -0.32685466 0.34 0.34 0.34 0.79 0.53323957 0.53 0.53 -0.13 -0.13 
0.21 0.21 0.21 0.3898254 0.44965183 1.06 1.06 1.06 1.06 1.16 1.16 1 1 1 1 0.99991761 -0.3 -0.3 -0.3 -0.3 -0.47472606 -0.61 -0.61 -0.60241058 -0.34538146 -0.89 -0.89 -0.89 -1.28 -1.28 -1.28 -1.2799948 -1 -1 -1 -1 -0.72 -0.72 -0.72 -0.72 -1.18 -1.18 -1.18 -0.14002091 -0.14 -0.14 -0.13999985 0.79 0.79 0.5303168 0.53 -0.12999869 -0.13 
0.21 0.21 0.21 0.20999946 0.2 0.32505813 1.06 1.06 1.06 1.16 1.16 1.16 1 1 1 0.99999998 -0.29921232 -0.3 -0.3 -0.3 -0.30468487 -0.3200008 -0.32 -0.32 -0.32 -0.32000002 -0.82 -0.82 -1.28 -1.28 -1.28 -1.28 -0.99999995 -1 -1 -0.9999943 -0.71999997 -0.72 -0.72 -0.71565704 -1.18 -1.18 -1.18 -0.14004823 -0.14 -0.14 -0.14 0.79 0.79 0.78999991 0.13 0.13 -0.98 
0.21 0.21 0.21 0.20000002 0.2 0.2 1.0599997 1.06 1.06 1.16 1.16 1.16 1 1 1 0.93374119 0.13 0.13 0.12999889 -0.29757125 -0.32 -0.32 -0.32 -0.32 -0.32 -0.32037628 -0.82 -0.82 -0.82 -1.28 -1.28 -1.2794207 -0.93 -0.93 -0.93 0.24999999 0.25 0.27 0.27 0.27 -0.24 -1.1797051 -1.1799944 -0.43 -0.43 -0.41900933 -0.13999919 0.79 0.79 0.13 0.13 0.13 -0.98 
0.21 0.21 0.21 0.2 0.2 0.2 0.2 1.06 1.06 1.16 1.16 1.0063977 1 1 1 0.13 0.13 0.13 0.13 0.13 -0.32 -0.32 -0.32 -0.32 -0.32 -0.81999829 -0.82 -0.82 -0.82 -0.38 -0.38 -0.38 -0.93 -0.93 -0.93 0.25 0.25 0.27 0.27 -0.24 -0.24 -0.24 -0.43 -0.43 -0.43 -0.43 -0.37989013 0.18 0.18 0.18 0.12999999 -0.55 -0.55 
0.21 0.21 0.20998607 0.2 0.2 0.2 0.2 -0.028482825 -0.04 -0.037939762 1.16 0.99998493 1 1 0.99999699 0.13 0.13 0.13 0.13 0.13 0.015675948 -0.32 -0.32 -0.32 -0.32002678 -0.81997918 -0.82 -0.82 -0.82 -0.38 -0.38 -0.38 -0.38007546 -0.93 0.25 0.25 0.25 0.25000053 0.26996522 -0.24 -0.24 -0.24 -0.42998847 -0.43 -0.43 -0.43 0.17999563 0.18 0.18 0.18 -0.55 -0.55 -0.55 
-0.08 -0.079999493 0.19999537 0.2 0.2 0.2 -0.039948931 -0.04 -0.04 -0.04 0.81999998 0.82 0.82 0.82 0.13318464 0.13 0.13 0.13 0.13 0.03000006 0.03 0.03 -0.44999998 -0.45 -0.45 -0.45 -0.48193576 -0.82 0.09996232 0.1 0.1 0.1 0.1 -0.15 -0.15 -0.15 -0.15 -0.15 -0.98 -0.98 -0.98 -0.98 -0.98 -0.25027134 -0.25 -0.25 -0.25 0.18 0.18 0.18 -0.54988499 -0.55 -0.55 
-0.08 -0.08 -0.086446732 -0.84999789 -0.84999977 -0.84920965 -0.04 -0.04 -0.04 -0.04 0.82 0.82 0.82 0.82 0.82 0.13 0.13 0.13 0.030000025 0.03 0.03 0.03 -0.45 -0.45 -0.45 -0.45 -0.45 -0.45007775 0.09971038 0.099999997 0.1 0.1 0.099883653 -0.31440147 -0.15017023 -0.15 -0.15 -0.15 -0.98 -0.98 -0.98 -0.98 -0.98000001 -0.25 -0.25 -0.25 -0.25 -0.048923598 0.18 -0.10676449 -0.11 -0.44 -0.44 
-0.08 -0.08 -0.84990246 -0.85 -0.85 -0.85 -0.64426342 -0.04 -0.04 -0.04 0.82 0.82 0.82 0.82 0.82 0.13051702 0.13 0.030029319 0.03 0.03 0.03 0.03 -0.27218089 -0.45 -0.45 -0.45 -0.45 -0.45014184 -0.65 -0.65 -0.65 -0.65 -0.65 -0.44 -0.44 -0.44 -0.44 -0.44 -2.17 -2.17 -2.17 -2.17 -2.17 -0.25153825 -0.25000032 -0.25 -0.25010679 -0.26282949 -0.11 -0.11 -0.11 -0.43999815 -0.44 
-0.080000663 -0.43298145 -0.84999994 -0.85 -0.85 -0.85 -0.85 -0.04034489 -0.04 -0.04 0.82 0.82 0.82 0.82 -0.67601662 -0.71 -0.71 0.029980955 0.03 0.03 0.03 0.03 0.029999776 -0.45 -0.45 -0.45 -0.45 -1.1499995 -1.1499998 -1.0435878 -0.65 -0.65 -0.65 -0.44 -0.44 -0.44 -0.44 -0.44034541 -2.17 -2.17 -2.17 -2.17 -2.1699962 -0.88 -0.88 -0.88 -0.88 -0.8799379 -0.11 -0.11 -0.11 -0.10999991 0.023078108 
-0.44 -0.44 -0.56614076 -0.85 -0.85 -0.85 -0.85 -0.85 -0.040348188 -1.2 -1.2 -1.2 -1.1952061 -0.7099978 -0.71 -0.71 -0.71 -0.71 0.029990767 -0.048980823 -0.74 -0.74 -0.74 -0.67011084 -0.52203274 -0.90746626 -1.2325822 -1.15 -1.15 -1.15 -1.15 -1.15 -1.1263734 -0.9468574 -0.95 -0.95 -0.95 -0.95 -2.1606068 -2.1200001 -2.12 -2.12 -2.12 -0.88999997 -0.88 -0.88 -0.88 0.31 -0.10999327 -0.11 -0.11 0.03 0.03 
-0.44 -0.44 -0.78 -0.78 -0.78 -0.84997668 -0.85 -0.85 -1.2 -1.2 -1.2 -1.2 -1.2 -0.71000002 -0.71 -0.71 -0.71 -0.71 -0.74 -0.74 -0.74 -0.74 -0.74 -1.35 -1.35 -1.35 -1.35 -1.15 -1.15 -1.15 -1.15 -1.15 -0.67 -0.67 -0.95 -0.95 -0.95 -0.99999149 -1 -2.12 -2.12 -2.12 -2.1199999 -0.89 -0.89 -0.89 0.31 0.31 0.31 0.36 0.36 0.03 0.03 
-0.44 -0.44 -0.78 -0.78 -0.78 -0.78 -0.77999945 -0.68 -1.1995104 -1.2 -1.2 -1.2 -1.2 -0.7161123 -0.71 -0.71 -0.71 -0.71 -0.74 -0.74 -0.74 -0.74 -0.74 -1.35 -1.35 -1.35 -1.35 -1.3499992 -1.15 -1.15 -1.15 -0.67002517 -0.67 -0.67 -0.67 -0.95 -1 -1 -1 -1.0294693 -1.6732055 -1.59 -1.59 -0.89 -0.89 -0.89 0.31 0.31 0.31 0.36 0.36 0.36 -0.015285818 
-0.01 -0.010003375 -0.78 -0.78 -0.78 -0.78 -0.68 -0.68 -0.68 -1.2 -1.2 -1.2 -1.2 -1.1998477 -0.71 -0.71 -0.71 -0.71 -0.73999936 -0.74 -0.74 -0.74 -1.2425298 -1.35 -1.35 -1.35 -1.35 -1.2200001 -1.22 -1.22 -1.1507334 -0.67 -0.67 -0.67 -0.66999949 -0.14000001 -1 -1 -1 -1 -1.59 -1.59 -1.59 -0.64 -0.64 -0.64 1.2699065 0.31 0.31 0.36 0.36 0.36 -0.01999674 
-0.01 -0.01 -0.78 -0.78 -0.78 -0.68 -0.68 -0.68 -0.68 -1.1429847 -1.2 -1.2 -1.2 -1.1999965 -0.49002532 -0.49 -0.49 -0.49 0.070953434 -0.46 -0.46 -0.46 -0.46 -1.35 -1.35 -1.35 -1.3499914 -1.22 -1.22 -1.22 -1.22 -0.6699582 -0.37189033 -0.14 -0.14 -0.14 -0.99869056 -0.65000729 -0.65 -0.65 -1.589295 -0.69000003 -0.69 -0.64 -0.64 -0.63999191 1.27 1.27 0.6 0.6 0.6 0.83 1.15 
-0.01 -0.010000001 -0.21 -0.21 -0.21 -0.68 -0.68 -0.68 -0.68 -0.71 -0.71 -0.71 -0.71 -0.69449608 -0.49 -0.49 -0.49 -0.49 0.09 -0.46 -0.46 -0.46 -0.46 -1.19 -1.1900001 -1.3499998 -1.22 -1.22 -1.22 -1.22 -0.83523082 -0.46 -0.17807561 -0.14 -0.14 -0.14 -0.65 -0.65 -0.65 -0.65 -0.69 -0.69 -0.69 0.39965629 0.4 1.2660894 1.27 1.27 0.60000213 0.6 0.83 0.83 1.15 
-0.01 -0.21 -0.21 -0.21 -0.21 -0.21 -0.68038814 -0.73 -0.73 -0.71 -0.71 -0.71 -0.71 -0.7099479 -0.49 -0.49 -0.49 -0.46379376 0.09 0.09 -0.46 -0.46 -1.19 -1.19 -1.19 -1.19 -1.22 -1.22 -1.22 -1.22 -0.46 -0.46 -0.46 -0.14032381 -0.14 -0.14 -0.65 -0.65 -0.65 -0.65 -0.69 -0.69 -0.69 0.4 0.4 0.4000425 1.15 1.15 1 1 0.83 0.83 1.15 
-0.20812175 -0.21 -0.21 -0.21 -0.21 -0.21 -0.73 -0.73 -0.73 -0.71929516 -0.71 -0.71 -0.71 -0.70999593 -0.49 -0.49 -0.49 0.09 0.09 0.09 -0.45997252 -0.46000446 -1.19 -1.19 -1.19 -1.19 -1.2199979 -1.22 -1.22 -0.46017478 -0.46 -0.46 -0.46 -0.46 -0.14053908 0.02 0.02 0.0084044856 -0.65 -0.65 -0.68999996 -0.69 0.36830802 0.4 0.4 1.1499997 1.15 1.15 1 1 1.08 1.08 0.96 
-0.21 -0.21 -0.21 -0.21 -0.21 -0.21 -0.73 -0.73 -0.73 -0.73 -0.55000461 -0.55 -0.55 -0.55 -0.48999992 -0.45794951 -0.44 -0.44 0.089022948 0.09 0.089999892 -1.1899989 -1.19 -1.19 -1.19 -1.19 -1.1900218 -1.22 -1.219974 -0.46 -0.46 -0.46 -0.46 -0.46 0.02 0.02 0.02 0.02 0.02 0.019996497 -0.45 -0.45 -0.44999998 -0.38 -0.38 -0.38 0.17 0.17 0.74 0.74 1.08 1.0799997 0.96 
-0.21 -0.21 -0.21 -0.21 -0.21 -0.21 -0.73 -0.73 -0.73 -0.55 -0.55 -0.55 -0.55 -0.55 -0.52100426 -0.44 -0.44 -0.44 -0.44 -0.44 -0.41469424 -1.19 -1.19 -1.19 -1.19 -1.1786956 -0.83056412 -1.1668941 -0.46374792 -0.46 -0.46 -0.46 -0.46 -0.45999895 0.02 0.02 0.02 0.02 0.02 -0.19864291 -0.45 -0.45 -0.45 -0.38 -0.38 -0.38 0.17 0.17 0.74 0.74 0.74 0.94786393 0.96 
-0.21 -0.21 -0.21 -0.21 -0.21 -0.21000016 -0.72999988 -0.73 -0.722529 -0.55 -0.55 -0.55 -0.55 -0.55 -0.54472372 -0.44 -0.44 -0.44 -0.44 -0.44 -0.44 -0.88381294 -0.8300005 -0.83 -0.83 -0.83 -0.83 -0.83 -1.1547622 -1.1599917 -1.16 -1.16 -1.16 -1.1599991 0.02 0.02 0.02 0.02 0.02 -0.44999994 -0.45 -0.45 -0.45 -0.44999997 -0.37977555 -0.24 0.16999996 0.23878901 0.7395619 0.74 0.74 0.74145507 0.81 
-0.21 -0.21 -0.21 -0.21 -0.21 -0.21003322 -0.72997195 -0.72998911 -0.55000023 -0.55 -0.55 -0.55 -0.55 -0.55 -0.54790693 -0.44 -0.44 -0.44 -0.44 -0.44 -0.44 -0.83 -0.83 -0.83 -0.83 -0.83 -0.83 -0.83 -1.1599089 -1.16 -1.16 -1.16 -1.16 -1.16 -0.83668012 0.02 0.02 0.02 0.02 -0.45 -0.45 -0.45 -0.45 -0.4499462 -0.24 -0.24 -0.23699159 0.24 0.24 0.74 0.74 0.81 0.81 
-0.21 -0.21 -0.21 -0.21 -0.21 -0.21069349 -0.72937767 -0.57031182 -0.55 -0.55 -0.55 -0.55 -0.55 -0.55 -0.54807426 -0.44 -0.44 -0.44 -0.44 -0.44 -0.49552891 -0.83 -0.83 -0.83 -0.83 -0.83 -0.83 -0.83 -1.1599987 -1.16 -1.16 -1.16 -1.16 -1.16 -1.16 -0.03278278 -0.11475285 -0.15959023 -0.16640067 -0.40114822 -0.44999998 -0.45 -0.45 -0.24001677 -0.24 -0.24041784 -0.30999737 0.24 0.24 0.78991059 0.79 0.79 0.80999999 
-0.21 -0.21 -0.21 -0.21 -0.21000053 -0.21433652 -0.71079463 -0.5500495 -0.55 -0.55 -0.55 -0.55 -0.55 -0.55 -0.54743133 -0.44 -0.44 -0.44 -0.44 -0.44 -0.82999832 -0.83 -0.83 -0.83 -0.83 -0.83 -0.83 -0.83 -1.1599999 -1.16 -1.16 -1.16 -1.16 -1.16 -1.1599998 -0.17 -0.17 -0.17 -0.17 0.31 0.31 0.31 0.31 -0.3099998 -0.31 -0.31 -0.31 -0.30999232 0.38 0.38 0.79 0.79 0.90812954 
-0.21 -0.21 -0.21 -0.21000004 -0.21001452 -0.22403548 -0.56145328 -0.55000235 -0.55 -0.55 -0.55 -0.55 -0.55 -0.55 -0.54626592 -0.44000005 -0.44 -0.44 -0.44 -0.44234724 -0.83 -0.83 -0.83 -0.83 -0.83 -0.83 -0.83 -0.83 -1.1599999 -1.16 -1.16 -1.16 -1.16 -1.16 -0.17000091 -0.17 -0.17 -0.17 -0.17 0.31 0.31 0.31 0.31 0.14266467 -0.31 -0.31 -0.31 0.37999228 0.38 0.38 0.96 0.96 0.96 
-0.21 -0.21 -0.21000002 -0.21000118 -0.21014189 -0.25444839 -0.55056349 -0.55000059 -0.55 -0.55 -0.55 -0.55 -0.55 -0.54999999 -0.54468724 -0.44000259 -0.44 -0.44 -0.44000045 -0.82209798 -0.83 -0.83 -0.83 -0.83 -0.83 -0.83 -0.83 -0.83 -1.1599997 -1.16 -1.16 -1.16 -1.16 -0.25958852 -0.16999993 -0.17 -0.17 -0.17 -0.17 0.31 0.31 0.31 0.31 0.31 -0.31 -0.31 -0.31 0.37999999 0.38 0.38 0.96 0.96 0.96 
-0.21 -0.21000004 -0.21000049 -0.2100139 -0.21080424 -0.41589929 -0.55008549 -0.55000036 -0.55 -0.55 -0.55 -0.55 -0.55 -0.54999979 -0.54281032 -0.44004017 -0.44 -0.44000001 -0.44201922 -0.82996684 -0.83 -0.83 -0.83 -0.83 -0.83 -0.83 -0.83 -0.83000019 -1.1599979 -1.16 -1.1599991 -0.038131978 0.07 0.07 0.07 -0.17 -0.17 -0.17 -0.17 0.31 0.31 0.31 0.31 0.31 -0.30998901 -0.31 -0.30999966 0.37999995 0.38 0.38000031 0.96 0.96 0.96 
