interpolatedSpi/07-08|19_3.tif
NCOLS 53
NROWS 52
XLLCORNER -116.03883
YLLCORNER 28.596182
DX 0.49850594
DY 0.49788537
NODATA_VALUE -9999
1.325 1.325 1.1039316 0.5 0.97 1.285 1.715 1.9 0.80910168 -0.015 -0.005 1.16 0.27997653 -0.005 0.96 0.96 0.96 0.315 0.755 0.755 0.755 0.75499769 0.515 0.995 0.995 0.995 0.045006622 0.045 0.045 -0.045 -0.045 -0.045 -0.045 -1.0399998 -1.04 -1.04 -1.04 -1.04 -1.04 -1.04 0.0037581046 0.014806471 -0.745 -0.745 -0.745 -0.745 -0.74574317 -1.2 -1.2 -1.2 1.3499947 1.35 1.35 
1.3249993 1.31 1.7800002 1.5811248 1.1403444 1.47 1.725 0.77061721 1.13 1.06 1.045 0.28 0.28 0.84714903 -0.004981148 0.96 0.315 0.315 0.7544263 0.755 0.755 0.755 0.95315351 0.995 0.995 0.995 -0.0099999309 -0.01 -0.045 -0.045 -0.045 -0.045 -0.045 -1.0399999 -1.04 -1.04 -1.04 -1.04 -1.04 -0.82088937 0.32989613 -0.6145578 -0.745 -0.745 -0.745 -0.745 -0.745 -1.2 -1.2 -1.2 -0.98855156 1.35 1.35 
1.0950026 1.095 1.935 1.515 1.165 1.365 1.465 2.18 0.485 0.455 0.645 0.935 1.42 0.35 0.85 -0.3 0.315 0.315 0.315 0.22515407 0.225 0.225 0.2 0.995 0.995 0.995 -0.01 -0.01 -0.01 -0.045 -0.045 -0.045000013 -0.17497802 -1.0381103 -1.0340895 -0.4108188 -0.405 -0.405 -0.31255637 0.32999999 0.33 0.32862534 -0.745 -0.745 -0.745 -0.745 -0.745 -1.2 -1.2 -1.2 -1.2 1.35 1.35 
0.6 1.0949997 -0.47005515 0.98 0.255 1.355 1.235 1.145 0.375 0.072924566 0.055 -0.014999997 1.12 0.35 0.975 -0.3 0.34998863 0.35497197 0.325 0.225 0.225 0.995 0.2 0.2 0.995 0.99499498 -0.01 -0.01 -0.01 -1.35 -0.78211855 -0.315 -0.315 -0.31500007 -0.405 -0.405 -0.405 -0.405 0.33 0.33 0.33 0.32999996 -0.745 -0.745 -0.745 -0.745 -0.745 -1.1999943 -1.2 -1.2 -1.2 1.3499118 1.35 
0.6 1.0649972 -0.47 -0.45946182 0.255 0.92 0.92501743 0.88 0.7 0.16999967 -0.014746304 -0.099997851 -0.085 0.975 0.975 0.1321907 0.355 0.355 0.325 0.325 0.22500145 0.995 0.91 0.6 1.115 1.1149997 -0.01 -0.01 -1.35 -1.35 -0.315 -0.315 -0.315 -0.3706294 -0.405 -0.405 -0.405 0.33 0.33 0.33 0.33 0.32989816 -0.745 -0.745 -0.745 -0.745 -0.745 -0.74905006 -1.2 -1.2000067 -1.35 -1.35 -1.35 
-0.92 1.135 -0.084999927 -0.22 0.85 1.26 -0.57 -0.38435847 -0.515 -0.95 -0.605 -0.525 -0.52499971 -0.84 -0.84 0.49500604 0.495 0.365 0.365 0.32500023 0.165 0.165 0.6 1.115 1.115 1.115 -0.545 -0.545 -0.23510132 -1.35 -0.315 -0.315 -0.61 -0.61013792 -1.9299053 -1.46 -1.46 -0.22377736 0.33 0.33 -0.72368419 -0.725 -0.72499872 -0.50923666 -0.50502652 -0.50500006 -0.50500001 -0.50500008 0.49532209 -1.35 -1.35 -1.35 -1.35 
1.0599945 1.065 1.5337469 0.64 1.135 -0.405 0.225 -0.06 -1 -1 -0.605 -0.5 -0.040000135 -0.84 0.51999593 0.52 0.495 0.63 0.585 0.585 0.13908043 0.11 0.11 1.07 1.115 1.115 -0.545 -0.545 -0.23500321 -0.23505901 -0.59904273 -0.61 -0.61 -1.93 -1.93 -1.0161184 -1.46 -1.46 -1.1300114 -0.72500056 -0.725 -0.725 -0.72499045 -0.50499403 -0.505 -0.505 -0.505 -0.50499918 0.87 -1.3495601 -1.35 -1.35 -1.35 
1.06 1.265 1.925 -0.525 0.11496331 -0.81 -1.655 -0.61000001 -0.94 -0.605 -0.605 -0.545 -0.04 -0.04 0.51615788 0.71581275 0.735 -0.06 0.18000042 0.585 0.31160402 0.315 0.15 -0.725 -0.72499413 -0.27 0.525 0.52499962 -0.28980727 -0.29000001 -0.6 -0.63487463 -1.565 -1.93 -1.873528 -0.645 -0.645 -1.13 -1.13 -0.725 -0.725 -0.72499999 0.56199606 0.56499995 -0.505 -0.505 -0.505 0.86994766 0.87 0.87 -1.35 -1.35 -1.35 
1.1618334 1.265 1.74 0.545 0.23 -0.195 -0.045 -0.225 -1.37 -0.93140931 -1.1 -0.77 -0.77 -0.295 -0.29499694 0.1715747 0.17 0.17 -0.023363621 0.63999992 0.275 0.275 0.605 0.32930801 -0.31585199 -0.27 0.025 0.525 0.067673061 0.065 -0.375 0.09 -0.058583831 -0.245 0.05 -0.075 -0.39 -1.05 -0.19539481 -0.72267884 -0.205 0.26 0.56487547 0.565 0.55897746 -0.505 0.58499994 0.87 0.87 0.87 0.87 -1.2105517 0.56 
0.585 0.585 1.425 1.16 0.04 -0.725 -0.755 -0.345 -0.555 -0.82006545 -1.185 -0.555 -0.295 -0.295 0.03 0.031920163 0.17 0.16985612 -0.555 0.64 0.64 0.59297579 0.605 0.065010225 0.065 0.065 0.025 0.235 0.235 0.065 0.065 0.089440499 -0.205 -0.245 0.095 -0.075 -0.39 -0.705 -0.195 0.13457073 0.25999998 0.09102388 -0.2 0.565 0.565 0.585 0.585 0.585 0.87 0.87 -0.23 -0.23 -0.2299997 
0.585 0.585 0.75 0.045 -0.79 -0.615 -1.195 -1.0549948 -0.89 -1.25 -0.47 -1.48 -0.55623106 0.03 0.03 0.030039799 0.375 0.32618924 -0.555 0.425 0.425 1.835 1.835 0.065 0.065 0.065 0.235 0.235 0.235 0.415 0.415 0.41499898 0.335 0.335 -0.35 -0.335 -0.315 -1.4149973 0.555 0.14 0.14 0.029999244 -0.2 0.565 0.3649998 0.045 -0.12692066 -0.13 1.04 1.04 -0.23 -0.23 -0.23 
0.585 0.65603771 0.44915135 -0.3399769 -0.17 -0.075 -1.195 -1.055 -0.89000138 -1.2460116 -1.4799997 -1.48 -0.035 0.03 0.03 0.37499999 0.375 0.37494707 -0.555 0.425 0.70189531 1.835 1.835 0.065070269 0.065 0.12910031 0.26 0.26 0.26 0.415 0.415 0.02 0.02 0.33499812 -0.35 -0.24500008 -0.44007596 -1.415 -1.415 0.14 0.03 0.03 0.030002387 0.365 0.365 0.045 -0.13 -0.13 1.04 1.04 -0.23 -0.23 -0.23 
-0.975 -0.61341099 -0.7199708 -0.71724015 -0.16999981 -0.075002244 -1.195 -1.0567233 -0.90137019 -0.89940056 -0.035 -0.035 -0.035 -0.035 0.029990792 0.375 0.375 0.36299222 -0.555 0.42510091 0.795 0.795 0.795 0.795 0.077511438 0.26 0.26 0.26 0.26 0.26003095 0.02 0.02 0.02 0.02 -0.245 -0.245 -0.245 -1.358213 -1.4043726 1.2025847e-32 4.0573913e-20 0.029998386 -0.43497261 0.36492295 0.365 0.045 -0.13 -0.13 1.04 1.04 -0.22539258 -0.23 -0.57321467 
-0.975 -0.72 -0.72 -0.72 -0.72 -0.71999973 -1.192133 -1.1287358 -0.93170485 -0.035929785 -0.035 -0.035 -0.035 -0.035 -0.034999955 0.37499999 0.37499985 0.31120835 -0.55498267 0.795 0.795 0.795 0.795 0.795 0.7938089 0.17959563 0.045000044 0.045 0.045 0.045 0.020000008 0.02 0.020000535 0.465 0.465 -0.245 0.72719172 0.755 4.3654967e-07 4.098531e-71 6.3386453e-72 -1.4495354e-19 -0.435 -0.435 -0.435 -0.43165964 -0.86018148 -0.865 -0.865 -0.865 -0.86499997 -0.045000038 -0.045 
-0.47 -0.72 -0.72 -0.72 -0.72 -0.72 -0.72000002 -0.94665573 0.019644295 0.025 0.025 0.025 0.025 0.025 0.024999999 0.8627191 0.3829314 0.24765208 0.79483057 0.795 0.795 0.795 0.795 0.79500087 0.74 0.74 0.73999902 0.045 0.045 0.04604127 0.565 0.565 0.465 0.465 0.465 0.70854514 0.755 0.755 0.755 7.5476503e-30 5.0843988e-43 -1.3865185e-13 -0.435 -0.435 -0.435 -0.435 -0.86499998 -0.865 -0.865 -0.865 -0.865 -0.045 -0.045 
-0.47 -0.56307216 -0.72 -0.72 -0.72 -0.72 -0.41006084 -0.41 -0.40999999 0.025 0.025 0.025 0.025 0.025 0.21361898 0.88 0.88 0.88 1.5427153 1.5449992 1.545 1.545 1.545 1.545 0.74 0.74 0.74 0.74 0.045 0.565 0.565 0.565 0.46500001 0.465 0.465 0.72 0.75495366 0.755 0.755 9.167439e-05 0.18249413 0.60817684 -0.435 -0.435 0.053487831 0.055 0.055 -0.86345235 0.071715126 0.074999918 0.074999822 0.42492877 -0.044999044 
-0.47 -0.81546578 -0.77313483 -0.72 -0.72 -0.41018316 -0.41 -0.41 -0.41 -0.40686527 0.025 0.025 0.025 0.025000103 0.88 0.88 0.88 0.88 1.544406 1.545 1.545 1.545 1.545 1.545 0.74000002 0.74 0.74 0.74 0.73936347 0.565 0.565 0.565 1.585 0.46505298 0.72 0.72 0.72 0.72654319 0.61920175 0.61 0.61 0.61 0.375 0.375 0.055 0.055 0.055 0.075 0.075 0.075 0.075 0.425 0.425 
-0.8248581 -0.825 -0.825 -0.825 -0.515 -0.41000271 -0.41 -0.41 -0.41 -0.41 0.007586951 0.024997003 0.024999994 0.88 0.88 0.88 0.88 0.88 0.95517433 1.545 1.545 1.545 1.545 1.545 1.3882831 1.7499945 1.75 1.75 1.75 0.56500005 1.585 1.585 1.585 1.585 0.72 0.72001567 1.315 1.315 0.61880298 0.61 0.61 0.61 0.375 0.375 0.10454702 0.055 0.055 0.075 0.075 0.075 0.07875291 0.425 0.425 
-0.825 -0.825 -0.825 -0.67901638 -0.515 -0.515 -0.41 -0.41 -0.41 -0.41 -0.205 -0.205 -0.205 0.88 0.88 0.88 0.88 0.87998595 1.245 1.245 1.5449999 1.545 1.5462173 1.595 1.5963954 1.75 1.75 1.75 1.75 1.5850168 1.585 1.585 1.585 1.585 1.3149979 1.315 1.315 1.315 1.312548 0.61 0.61 0.61 0.375 0.375 0.375 0.055 0.055 0.075000016 0.075 0.075000002 0.425 0.425 0.425 
-0.825 -0.825 -0.825 -0.515 -0.515 -0.515 -0.51499984 -0.41 -0.41 -0.20521162 -0.205 -0.205 -0.205 -0.204324 0.8111991 0.795 0.795 0.795 1.245 1.245 1.245 1.595 1.595 1.595 1.5949552 1.5847748 1.75 1.75 1.75 1.9750596 2.0599533 2.06 2.06 2.06 1.5152913 1.7949989 1.795 1.795 1.795 0.74498153 0.745 0.745 0.375 0.375 0.67999873 0.68000018 1.18 1.18 0.99 0.99 0.99 0.425 1.1093875 
-0.82499863 -0.825 -0.82499999 -0.515 -0.515 -0.515 -0.515 -0.56499995 -0.41061975 -0.20529017 -0.205 -0.205 -0.205 -0.20303772 0.795 0.795 0.795 0.79500013 1.245 1.245 1.245 1.595 1.595 1.595 1.435 1.435 1.675 1.675 1.675 1.6771003 2.06 2.06 2.06 2.06 1.9275727 1.795 1.795 1.795 1.795 0.745 0.745 0.745 0.74295485 0.68 0.68 0.68 1.18 1.18 0.99 0.99 0.99 1.11 1.11 
-0.385 -0.56628999 0.025 0.024843337 -0.515 -0.5647107 -0.565 -0.565 -0.45386452 -0.52499999 -0.525 -0.525 -0.525 0.089979981 0.090000003 0.79499946 0.795 0.80685684 1.245 1.245 1.245 1.26 1.26 1.26 1.435 1.435 1.675 1.675 1.675 1.6750002 1.905001 1.9050004 2.0561043 2.0598338 1.2459329 1.245 1.245 1.245 1.245 0.745 0.745 0.745 0.6835789 0.68 0.68 0.67999983 1.18 1.18 1.1799932 0.99 0.98999217 0.815 1.11 
0.19988891 0.19999997 0.025 0.025 0.025 -0.565 -0.565 -0.565 -0.26 -0.26 -0.525 -0.525 -0.525 0.09 0.09 0.09 0.09 0.090130857 1.245 1.245 1.245 1.26 1.26 1.26 1.435 1.435 1.675 1.675 1.675 1.9024067 1.905 1.905 1.905 1.905 1.2453257 1.245 1.245 1.245 1.245 0.44000008 0.44 0.44 0.44 0.67999256 -0.29 -0.29 -0.29 0.315 0.315 0.315 0.815 0.815 0.815 
0.2 0.2 0.025 0.025 0.025 -0.56189885 -0.565 -0.26 -0.26 -0.26 -0.52496738 -0.525 -0.6802537 0.089999816 0.09 0.09 0.09 -0.08 -0.08 -0.08 0.55000002 0.55000053 1.2599965 1.26 1.2599869 1.155 1.155 1.1550012 1.674916 1.5100787 1.5100021 1.510069 1.9043249 1.9046591 1.3622928 1.2449995 1.2409115 0.025 0.025 0.44 0.44 0.44 0.44 -0.29 -0.29 -0.29 -0.29 0.315 0.315 0.315 0.815 0.815 0.815 
0.2 0.2 0.025 0.025 0.025 0.024999998 -0.45084741 -0.26 -0.26 -0.26 -0.26025133 -0.715 -0.715 -0.715 0.08525595 0.09 -0.078867162 -0.08 -0.08 -0.08 0.55 0.55 0.55 0.55 1.155 1.155 1.155 1.155 1.155 1.51 1.51 1.51 1.51 1.5100011 2.045 0.025 0.025 0.025 0.025 0.02499967 -0.145 -0.145 -0.145 -0.055513797 0.13 0.13 0.13 0.31499999 0.31499963 -0.07 -0.07 0.36510947 0.365 
0.2 0.2 0.088162712 0.025 0.025 0.024999993 -0.28994677 -0.26009454 -0.26 -0.26 -0.7149999 -0.715 -0.715 -0.715 -0.715 -0.64892228 -0.08 -0.08 -0.08 -0.08 0.54999513 0.55 0.55 0.55 1.155 1.155 1.155 1.155 1.155 1.4102409 1.51 1.51 1.51 2.045 2.045 2.0434314 0.025 0.025 0.48366449 0.83999993 -0.145 -0.145 -0.145 -0.055624063 0.13 0.13 0.13 0.225 -0.066324329 -0.07 -0.07 0.365 0.365 
0.035 0.035 0.035 0.027507275 0.025159386 -0.29 -0.29 -0.29 -0.29 -0.225 -0.225 -0.71499997 -0.715 -0.715 -0.715 -0.71495974 -0.08 -0.08 -0.08 -0.08 0.27508844 0.55 0.55 0.53953183 0.19475151 1.155 1.155 1.155 1.375 1.375 1.375 1.3750006 2.045 2.045 2.045 2.045 0.84 0.84 0.84 0.84 0.01 0.01 0.01 0.41999176 0.42 0.42 0.41999991 0.225 0.225 -0.069640559 -0.07 0.36500025 0.365 
0.035 0.035 0.035 0.035005654 0.14 0.077470935 -0.29 -0.29 -0.29 -0.225 -0.225 -0.225 -0.45000001 -0.45 -0.45 -0.45 -0.08021066 -0.08 -0.08 -0.08 -0.070468797 0.1500011 0.15 0.15 0.15 0.15000002 0.36000001 0.36 1.375 1.375 1.375 1.375 2.0449998 2.045 2.045 2.0449792 0.84000002 0.84 0.84 0.84228115 0.01 0.01 0.01 0.41998099 0.42 0.42 0.42 0.225 0.225 0.22500003 0.415 0.415 0.2 
0.035 0.035 0.035 0.13999976 0.14 0.14 -0.28999984 -0.29 -0.29 -0.225 -0.225 -0.225 -0.45 -0.45 -0.45 -0.43057931 -0.195 -0.195 -0.1949997 -0.080649548 0.15 0.15 0.15 0.15 0.15 0.15015804 0.36 0.36 0.36 1.375 1.375 1.3747232 1.79 1.79 1.79 1.135 1.135 1.36 1.36 1.36 1.355 0.010421887 0.010007575 1.025 1.025 1.0020712 0.42000127 0.225 0.225 0.415 0.415 0.415 0.2 
0.035 0.035 0.035 0.14 0.14 0.14 0.14 -0.29 -0.29 -0.225 -0.225 -0.44100325 -0.45 -0.45 -0.45 -0.195 -0.195 -0.195 -0.195 -0.195 0.15 0.15 0.15 0.15 0.15 0.35999928 0.36 0.36 0.36 0.945 0.945 0.945 1.79 1.79 1.79 1.135 1.135 1.36 1.36 1.355 1.355 1.355 1.025 1.025 1.025 1.025 1.0311611 1.1 1.1 1.1 0.41500001 0.82 0.82 
0.035 0.035 0.035146217 0.14 0.14 0.14 0.14 0.22568106 0.23 0.22921883 -0.22500001 -0.45000251 -0.45 -0.45 -0.44999912 -0.195 -0.195 -0.195 -0.195 -0.195 -0.3151317 0.15 0.15 0.15 0.14997631 0.35998171 0.36 0.36 0.36 0.945 0.945 0.945 0.94511727 1.79 1.135 1.135 1.135 1.1350092 1.3599997 1.355 1.355 1.355 1.02502 1.025 1.025 1.025 1.100002 1.1 1.1 1.1 0.82 0.82 0.82 
-0.02 -0.019999904 0.13993913 0.14 0.14 0.14 0.22998085 0.23 0.23 0.23 -0.47999998 -0.48 -0.48 -0.48 -0.19631538 -0.195 -0.195 -0.195 -0.195 -0.33499992 -0.335 -0.335 0.035000019 0.035 0.035 0.035 0.06305168 0.36 0.36999959 0.37 0.37 0.37 0.37 1.09 1.09 1.09 1.09 1.09 1.505 1.505 1.505 1.505 1.505 1.2995855 1.3 1.3 1.3 1.1 1.1 1.1 0.82004411 0.82 0.82 
-0.02 -0.02 -0.023348948 -0.41999887 -0.41999988 -0.41936597 0.23 0.23 0.23 0.23 -0.48 -0.48 -0.48 -0.48 -0.48 -0.195 -0.195 -0.195 -0.33499996 -0.335 -0.335 -0.335 0.034999999 0.035 0.035 0.035 0.035 0.035069104 0.36998069 0.37 0.37 0.37 0.36999224 1.09 1.09 1.09 1.09 1.09 1.505 1.505 1.505 1.505 1.505 1.3 1.3 1.3 1.3 1.2064761 1.1 1.60431 1.61 0.96 0.96 
-0.02 -0.02 -0.41994933 -0.42 -0.42 -0.42 -0.25490274 0.23 0.23 0.23 -0.48 -0.48 -0.48 -0.48 -0.48 -0.19522447 -0.195 -0.33495895 -0.335 -0.335 -0.335 -0.335 -0.1020689 0.035 0.035 0.035 0.035 0.035201948 0.32 0.32 0.32 0.32 0.32 1.09 1.09 1.09 1.09 1.09 2.02 2.02 2.02 2.02 2.02 1.3014162 1.3000003 1.3 1.3000983 1.3118745 1.61 1.61 1.61 0.96000364 0.96 
-0.020001704 -0.92696622 -0.42000007 -0.42 -0.42 -0.42 -0.42 0.22972324 0.23 0.23 -0.48 -0.48 -0.48 -0.48 -1.0373395 -1.05 -1.05 -0.3350184 -0.335 -0.335 -0.335 -0.335 -0.33500005 0.035 0.035 0.035 0.035 0.58999973 0.58999988 0.53253744 0.32 0.32 0.32 1.09 1.09 1.09 1.09 1.0900508 2.02 2.02 2.02 2.02 2.020018 1.88 1.88 1.88 1.88 1.8799782 1.61 1.61 1.61 1.6100002 1.9600517 
-0.945 -0.945 -0.85612755 -0.42 -0.42 -0.42 -0.42 -0.42 0.2297196 -1.11 -1.11 -1.11 -1.1085049 -1.0499992 -1.05 -1.05 -1.05 -1.05 -0.33500354 -0.36525889 -0.63 -0.63 -0.63 -0.46269615 0.00018417731 -0.18610869 -0.34273765 0.59 0.59 0.59 0.59 0.59 0.58259855 1.1607912 1.165 1.165 1.165 1.165 2.0641451 2.2549996 2.255 2.255 2.255 1.5950008 1.8799999 1.88 1.88 1.975 1.6100058 1.61 1.61 1.975 1.975 
-0.945 -0.945 -1 -1 -1 -0.4201932 -0.42 -0.42 -1.11 -1.11 -1.11 -1.11 -1.11 -1.05 -1.05 -1.05 -1.05 -1.05 -0.63 -0.63 -0.63 -0.63 -0.63 -0.40000001 -0.4 -0.4 -0.4 0.59 0.59 0.59 0.59 0.59 0.79 0.79 1.165 1.165 1.165 1.0500196 1.05 2.255 2.255 2.255 2.2549998 1.595 1.595 1.595 1.975 1.975 1.975 1.75 1.75 1.975 1.975 
-0.945 -0.945 -1 -1 -1 -1 -1.000002 -1.365 -1.1102401 -1.11 -1.11 -1.11 -1.11 -1.0507484 -1.05 -1.05 -1.05 -1.05 -0.63000001 -0.63 -0.63 -0.63 -0.63 -0.4 -0.4 -0.4 -0.4 -0.39999599 0.59 0.59 0.59 0.78998951 0.79 0.79 0.79 1.165 1.05 1.05 1.05 1.0817058 1.3276907 1.155 1.155 1.595 1.595 1.595 1.975 1.975 1.975 1.75 1.75 1.75 1.3092985 
-0.175 -0.17500604 -1 -1 -1 -1 -1.365 -1.365 -1.365 -1.11 -1.11 -1.11 -1.11 -1.1099813 -1.05 -1.05 -1.05 -1.05 -0.63000749 -0.63 -0.63 -0.63 -0.44052456 -0.4 -0.4 -0.4 -0.4 -0.28500009 -0.285 -0.28499999 0.58061637 0.79 0.79 0.79 0.78999923 -0.019999988 1.05 1.05 1.05 1.05 1.155 1.155 1.155 1.735 1.735 1.735 1.3700589 1.975 1.975 1.75 1.75 1.75 1.2400005 
-0.175 -0.175 -1 -1 -1 -1.365 -1.365 -1.365 -1.365 -1.1379723 -1.11 -1.11 -1.11 -1.1100006 -1.1699862 -1.17 -1.17 -1.17 -0.98087207 -0.86 -0.86 -0.86 -0.86 -0.4 -0.4 -0.4 -0.39999241 -0.285 -0.285 -0.285 -0.285 0.78985618 0.33439843 -0.02 -0.02 -0.02 1.0486712 0.69500739 0.695 0.695 1.155141 1.335 1.335 1.735 1.735 1.7349985 1.37 1.37 1.455 1.455 1.455 1.16 1.43 
-0.175 -0.17500001 -2 -2 -2 -1.365 -1.365 -1.365 -1.365 -1.78 -1.78 -1.78 -1.78 -1.7370119 -1.17 -1.17 -1.17 -1.17 -0.985 -0.86 -0.86 -0.86 -0.86 -0.66 -0.6599999 -0.40000038 -0.285 -0.285 -0.285 -0.285 -0.22930972 -0.175 -0.038442874 -0.02 -0.02 -0.02 0.695 0.695 0.695 0.695 1.335 1.335 1.335 1.5549306 1.555 1.3708316 1.37 1.37 1.4549986 1.455 1.16 1.16 1.43 
-0.175 -2 -2 -2 -2 -2 -1.3644954 -1.3 -1.3 -1.78 -1.78 -1.78 -1.78 -1.7798555 -1.17 -1.17 -1.17 -1.1616411 -0.985 -0.985 -0.86 -0.86 -0.66 -0.66 -0.66 -0.66 -0.285 -0.285 -0.285 -0.285 -0.175 -0.175 -0.175 -0.020156847 -0.02 -0.02 0.695 0.695 0.695 0.695 1.335 1.335 1.335 1.555 1.555 1.5549742 1.1 1.1 1.155 1.155 1.16 1.16 1.43 
-1.982861 -2 -2 -2 -2 -2 -1.3 -1.3 -1.3 -1.5569161 -1.78 -1.78 -1.78 -1.7799919 -1.17 -1.17 -1.17 -0.985 -0.985 -0.985 -0.86000624 -0.85999878 -0.66 -0.66 -0.66 -0.66 -0.28502666 -0.285 -0.285 -0.1750253 -0.175 -0.175 -0.175 -0.175 -0.019426352 0.635 0.635 0.6360384 0.695 0.695 1.3349994 1.335 1.5486035 1.555 1.555 1.1000002 1.1 1.1 1.155 1.155 0.9 0.9 1.37 
-2 -2 -2 -2 -2 -2 -1.3 -1.3 -1.3 -1.3 -1.5050079 -1.505 -1.505 -1.505 -1.1700006 -1.234101 -1.27 -1.27 -0.9855254 -0.985 -0.98499998 -0.66000029 -0.66 -0.66 -0.66 -0.66 -0.65972735 -0.285 -0.28499624 -0.175 -0.175 -0.175 -0.175 -0.175 0.635 0.635 0.635 0.635 0.635 0.63500105 0.995 0.995 0.99499986 0.59 0.59 0.59 0.67 0.67 0.775 0.775 0.9 0.90000102 1.37 
-2 -2 -2 -2 -2 -2 -1.3 -1.3 -1.3 -1.505 -1.505 -1.505 -1.505 -1.505 -1.4430546 -1.27 -1.27 -1.27 -1.27 -1.27 -1.2563922 -0.66 -0.66 -0.66 -0.66 -0.64853863 -0.29557195 -0.28636241 -0.17554246 -0.175 -0.175 -0.175 -0.175 -0.17499823 0.635 0.635 0.635 0.635 0.635 0.80247116 0.995 0.995 0.995 0.59 0.59 0.59 0.67 0.67 0.775 0.775 1.2 1.3606219 1.37 
-2 -2 -2 -2 -2 -1.9999998 -1.3000002 -1.3 -1.3085086 -1.505 -1.505 -1.505 -1.505 -1.505 -1.493728 -1.27 -1.27 -1.27 -1.27 -1.27 -1.27 -0.35386576 -0.29500051 -0.295 -0.295 -0.295 -0.295 -0.295 0.26180567 0.26999473 0.26999999 0.27 0.27 0.27000026 0.635 0.635 0.635 0.635 0.635 0.99499996 0.995 0.995 0.995 0.99499982 0.59034469 0.805 0.67000001 1.4021116 0.77556077 1.2 1.2 1.1876319 0.605 
-2 -2 -2 -2 -2 -1.9999553 -1.3000378 -1.3000124 -1.5049997 -1.505 -1.505 -1.505 -1.505 -1.505 -1.5005284 -1.27 -1.27 -1.27 -1.27 -1.27 -1.27 -0.295 -0.295 -0.295 -0.295 -0.295 -0.295 -0.295 0.26984403 0.27 0.27 0.27 0.27 0.27 0.37000996 0.635 0.635 0.635 0.635 0.995 0.995 0.995 0.995 0.99495133 0.805 0.805 0.80882319 1.415 1.415 1.2 1.2 0.605 0.605 
-2 -2 -2 -2 -2 -1.9990665 -1.3008367 -1.4818671 -1.505 -1.505 -1.505 -1.505 -1.505 -1.505 -1.5008859 -1.27 -1.27 -1.27 -1.27 -1.27 -1.1311777 -0.295 -0.295 -0.295 -0.295 -0.295 -0.295 -0.295 0.26999773 0.27 0.27 0.27 0.27 0.27 0.27 0.42953996 0.11017311 -0.064456692 -0.09100912 0.98118009 0.995 0.995 0.995 0.80501517 0.805 0.81037227 1.7049986 1.415 1.415 0.92504362 0.925 0.925 0.60500014 
-2 -2 -2 -2 -1.9999993 -1.9941624 -1.3226279 -1.5049436 -1.505 -1.505 -1.505 -1.505 -1.505 -1.505 -1.4995124 -1.27 -1.27 -1.27 -1.27 -1.27 -0.29500421 -0.295 -0.295 -0.295 -0.295 -0.295 -0.295 -0.295 0.26999985 0.27 0.27 0.27 0.27 0.27 0.26999992 -0.105 -0.105 -0.105 -0.105 0.78 0.78 0.78 0.78 1.7049974 1.705 1.705 1.705 1.7049936 1.125 1.125 0.925 0.925 0.63677318 
-2 -2 -2 -1.9999999 -1.9999805 -1.9810891 -1.4921416 -1.5049973 -1.505 -1.505 -1.505 -1.505 -1.505 -1.505 -1.4970226 -1.2700001 -1.27 -1.27 -1.27 -1.2641319 -0.295 -0.295 -0.295 -0.295 -0.295 -0.295 -0.295 -0.295 0.26999987 0.27 0.27 0.27 0.27 0.27 -0.10499966 -0.105 -0.105 -0.105 -0.105 0.78 0.78 0.78 0.78 1.0296535 1.705 1.705 1.705 1.1250065 1.125 1.125 0.51 0.51 0.51 
-2 -2 -2 -1.9999984 -1.9998089 -1.9384161 -1.5043803 -1.5049993 -1.505 -1.505 -1.505 -1.505 -1.505 -1.505 -1.49365 -1.2700055 -1.27 -1.27 -1.2699989 -0.31475504 -0.295 -0.295 -0.295 -0.295 -0.295 -0.295 -0.295 -0.295 0.26999947 0.27 0.27 0.27 0.27 -0.42177934 -0.10500017 -0.105 -0.105 -0.105 -0.105 0.78 0.78 0.78 0.78 0.78 1.705 1.705 1.705 1.125 1.125 1.125 0.51 0.51 0.51 
-2 -2 -1.9999993 -1.9999813 -1.9989072 -1.7027915 -1.5049092 -1.5049996 -1.505 -1.505 -1.505 -1.505 -1.505 -1.5049996 -1.4896402 -1.2700858 -1.27 -1.27 -1.264952 -0.2950829 -0.295 -0.295 -0.295 -0.295 -0.295 -0.295 -0.295 -0.29499967 0.26999646 0.27 0.26999933 -0.59192299 -0.675 -0.675 -0.675 -0.105 -0.105 -0.105 -0.105 0.78 0.78 0.78 0.78 0.78 1.7049836 1.705 1.7049997 1.125 1.125 1.1249997 0.51 0.51 0.51 
