interpolatedSpi/07-08|22_3.tif
NCOLS 53
NROWS 52
XLLCORNER -116.03883
YLLCORNER 28.596182
DX 0.49850594
DY 0.49788537
NODATA_VALUE -9999
-0.23 -0.23 -0.89787606 -1.31 -1.03 -0.675 -0.465 -0.735 -1.0994947 -0.12 -0.42 1.195 0.48499671 0.445 0.445 0.445 0.445 1.02 0.865 0.865 0.865 0.86499687 0.54 0.035 0.035 0.035 -0.64499891 -0.645 -0.645 -0.735 -0.735 -0.735 -0.735 -0.27000009 -0.27 -0.27 -0.27 -0.27 -0.27 -0.26999997 0.71934431 0.72999605 0.715 0.715 0.715 0.715 0.714804 0.595 0.595 0.595 -0.1249985 -0.125 -0.125 
-0.23002444 -0.78 -0.62999905 -0.35574474 -0.19997796 -0.32 -0.74 0.453823 0.195 0.395 0.65 0.485 0.485 1.1177492 0.44500815 0.445 1.02 1.02 0.8652021 0.865 0.865 0.865 0.025262138 0.035 0.035 0.035 -0.91499993 -0.915 -0.735 -0.735 -0.735 -0.735 -0.735 -0.27000007 -0.27 -0.27 -0.27 -0.27 -0.26999996 -0.037021018 1.1998804 0.77385022 0.715 0.715 0.715 0.715 0.715 0.595 0.595 0.595 0.53529691 -0.125 -0.125 
0.27498659 0.275 0.19 0.545 0.34 -0.05 0.27 0.99 0.21 1.165 0.45 0.58 -0.155 1 1.12 0.95 1.02 1.02 1.02 0.435125 0.435 0.435 -0.15 0.035 0.035 0.035 -0.915 -0.915 -0.915 -0.735 -0.735 -0.73499997 -0.43171796 -0.26875909 -0.26488067 0.27496009 0.28 0.28 0.39571175 1.2 1.2 1.1993798 0.715 0.715 0.715 0.715 0.715 0.595 0.595 0.595 0.595 -0.125 -0.125 
0.205 0.2750002 1.2699426 2.005 0.705 1.13 1.16 0.73 0.955 0.87149375 1.065 1.25 1.09 1 2.8586975e-16 0.95 -0.87096051 -0.88366525 -1.58 0.435 0.435 -0.77 -0.15 -0.15 0.035 0.034995255 -0.915 -0.915 -0.915 -0.705 -0.37579336 -0.105 -0.105 -0.10499969 0.28 0.28 0.28 0.28 1.2 1.2 1.2 1.2 0.715 0.715 0.715 0.715 0.715 0.59500151 0.595 0.595 0.595 -0.12497273 -0.125 
0.205 1.834999 1.27 1.5887886 0.705 0.795 0.39506042 2.065 0.77 1.9099995 1.5637456 1.3998288 0.205 1.770161e-18 1.3083271e-81 0.60681301 -0.885 -0.885 -1.58 -1.58 0.43499755 -0.77 0.71 -0.105 -0.405 -0.40461892 -0.915 -0.915 -0.705 -0.705 -0.105 -0.105 -0.105 0.015687134 0.28 0.28 0.28 1.2 1.2 1.2 1.2 1.1999068 0.71499999 0.715 0.715 0.715 0.715 0.71393185 0.595 0.59500516 0.71 0.71 0.71 
-1.54 0.94 0.90499997 0.635 0.805 0.945 0.865 1.0186344 0.895 -0.045 -1.415 0.235 0.23499998 0.39 0.39 -0.00011709653 -1.4978722e-44 -0.505 -0.505 -1.5799989 -1.225 -1.225 -0.105 -0.405 -0.405 1.225 0.4 0.4 0.98484583 -0.705 -0.105 -0.105 0.535 0.53512538 1.734914 1.46 1.46 1.2804369 1.2 1.2 0.23620356 0.235 0.23500323 -0.065966071 -0.079912136 -0.079999788 -0.079999973 -0.079999694 0.60664381 0.71 0.71 0.71 0.71 
-1.6949956 0.425 1.0608904 0.265 0.29 0.515 1.18 1.32 1.175 1.175 -1.415 -0.02 -1.0499997 0.39 -0.48499738 -0.485 -6.1828553e-23 -0.595 -0.3 -0.3 -1.0765516 -0.91 -0.91 0.93999998 1.225 1.225 0.4 0.4 0.98496911 0.98443135 1.0531503 0.535 0.535 1.735 1.735 1.4981248 1.46 1.46 1.7499899 0.23500211 0.235 0.235 0.23501851 -0.079994786 -0.08 -0.08 -0.08 -0.0799996 0.59 0.70997622 0.71 0.71 0.71 
-1.695 0.43 1.13 0.1 0.23499226 0.385 0.98 1.385 0.59 1.165 1.165 -0.075 -1.05 -1.05 -0.48887642 -0.97225498 -1.02 -0.175 -0.42999987 -0.3 0.36458208 0.455 -0.44 0.7 0.69999284 0.145 0.39 0.39 0.45685719 0.45500001 1.055 0.71476308 1.215 1.735 1.7200264 1.53 1.53 1.75 1.75 0.235 0.235 0.23500003 0.85450092 0.85499995 -0.08 -0.08 -0.08 0.5899745 0.59 0.59 0.71 0.71 0.71 
0.25704428 0.43 0.715 0.33 0.575 0.485 1.18 1.29 1.745 0.95952395 0.29 0.010000003 0.01 0.92 0.91999149 -1.3889688 -1.39 -1.39 -0.21392615 -0.44000004 -0.61 -0.60999999 0.78 0.040781947 0.20092935 0.145 0.55 0.39 0.78270465 0.785 0.575 1.725 1.1684624 0.98 1.21 1.215 1.415 0.4 1.9143004 0.24098146 1.575 0.85 0.85508139 0.855 0.84973731 -0.08 1.6799999 0.59000001 0.59 0.59 0.59 0.61724196 0.08 
-0.71 -0.71 0.91 0.32 0.3 0.835 0.575 0.68 0.835 0.76002099 1.085 1.265 0.92 0.92 0.015 -0.0042702098 -1.39 -1.3897256 -0.145 -0.44 -0.44 -0.46190172 0.78 1.0149956 1.015 1.015 0.55 1.395 1.395 0.785 0.785 1.7229042 0.62 0.98 0.81 1.215 1.415 1.63 1.915 -0.21491199 0.85000003 1.0355064 1.355 0.855 0.855 1.68 1.68 1.68 0.59 0.59 -0.035 -0.035 -0.034999957 
-0.71 -0.71 -0.03 -0.135 -0.03 0.115 0.13000001 0.66057125 1.23 0.545 0.935 0.3 1.2637148 0.015 0.015 0.014935975 -0.54 -0.51926855 -0.145 -0.63 -0.63 -0.88 -0.88 1.015 1.015 1.015 1.395 1.395 1.395 -0.495 -0.495 -0.49499816 0.395 0.395 0.385 -0.18 0.86 0.53500379 0.71 -0.25 -0.25 -0.21999482 1.355 0.855 0.76499955 0.14 0.55984511 0.555 -0.06 -0.06 -0.035 -0.035 -0.035 
-0.71 -0.41637318 -0.074807245 -0.079993537 0.605 0.19 0.13 0.66 1.2299952 0.55258897 0.30000032 0.3 -0.04 0.015 0.015 -0.53999998 -0.54 -0.53997752 -0.145 -0.63 -0.67909491 -0.88 -0.88 1.0149246 1.015 0.74216276 0.185 0.185 0.18500015 -0.495 -0.495 -0.395 -0.395 0.39499997 0.385 0.28 0.87924202 0.535 0.535 -0.25 -0.22 -0.22 -0.21999263 0.765 0.765 0.14 0.555 0.555 -0.06 -0.06 -0.035 -0.035 -0.035 
1.115 0.50345602 0.54997463 0.54544404 0.60499771 0.1900098 0.13 0.65347602 1.1907212 1.2121128 -0.04 -0.04 -0.04 -0.04 0.014992209 -0.54 -0.54 -0.53489992 -0.145 -0.62979733 0.06 0.06 0.06 0.06 0.99814593 0.185 0.185 0.185 0.185 0.18442633 -0.395 -0.395 -0.395 -0.395 0.28 0.28 0.28 0.52322387 0.52778988 -0.425 -0.425 -0.22001103 -0.13996902 0.76491283 0.765 0.14 0.555 0.555 -0.059999997 -0.06 -0.035090697 -0.035 -0.57698514 
1.115 0.55 0.55 0.55 0.55 0.54999985 0.13015364 0.38085025 1.0859288 -0.038649386 -0.04 -0.04 -0.04 -0.04 -0.039999919 -0.53999999 -0.53999994 -0.5129057 -0.14500484 0.06 0.06 0.06 0.06 0.06 0.063675218 -0.18644298 -0.45499987 -0.455 -0.455 -0.455 -0.395 -0.395 -0.39500017 -0.535 -0.535 0.28 -0.37622941 -0.395 -0.42499998 -0.425 -0.425 -0.425 -0.14 -0.14 -0.14 -0.13805146 0.38601989 0.385 0.385 0.385 0.38499999 0.31499993 0.315 
1.125 0.55 0.55 0.55 0.55 0.55 0.54999997 0.11998695 0.074963956 0.07 0.07 0.07 0.07 0.07 0.069999999 0.32955733 -0.52607905 -0.48591109 0.059974092 0.06 0.06 0.06 0.06 0.060000157 0.23 0.23 0.22999904 -0.455 -0.455 -0.45504005 -0.475 -0.475 -0.535 -0.535 -0.535 -0.41742647 -0.395 -0.395 -0.395 -0.425 -0.425 -0.425 -0.14 -0.14 -0.14 -0.14 0.38499998 0.385 0.385 0.385 0.385 0.315 0.315 
1.125 0.91093403 0.55 0.55 0.55 0.55 -0.21984888 -0.22 -0.21999999 0.07 0.07 0.07 0.07 0.07 0.12846085 0.335 0.335 0.335 0.19458916 0.19499986 0.195 0.195 0.195 0.195 0.23 0.23 0.23 0.23 -0.455 -0.475 -0.475 -0.475 -0.53499999 -0.535 -0.535 -0.39 -0.39499338 -0.395 -0.395 -0.42504267 -0.51026365 -0.7091482 -0.14 -0.14 -0.66836439 -0.67 -0.67 0.38254889 -1.0997931 -1.1049999 -1.1049997 -0.80483055 0.31499772 
1.125 0.44380003 0.48674425 0.55 0.55 -0.21954505 -0.22 -0.22 -0.22 -0.21791018 0.07 0.07 0.07 0.070000032 0.335 0.335 0.335 0.335 0.19512506 0.195 0.195 0.195 0.195 0.195 0.23 0.23 0.23 0.23 0.22743567 -0.475 -0.475 -0.475 0.12499999 -0.53496932 -0.39 -0.39 -0.39 -0.39016526 -0.69004899 -0.71 -0.71 -0.71 -0.945 -0.945 -0.67 -0.67 -0.67 -1.105 -1.105 -1.105 -1.105 -0.805 -0.805 
0.42539731 0.425 0.425 0.42499999 -0.31 -0.22000232 -0.22 -0.22 -0.22 -0.22 0.15630722 0.070014855 0.070000033 0.335 0.335 0.335 0.335 0.335 0.2782566 0.195 0.195 0.195 0.195 0.195 -0.062623169 -0.50499602 -0.505 -0.505 -0.505 -0.47499997 0.12499999 0.125 0.125 0.125 -0.39 -0.3900004 -0.405 -0.405 -0.70619162 -0.71 -0.71 -0.71 -0.945 -0.945 -0.71257947 -0.67 -0.67 -1.105 -1.105 -1.105 -1.1017832 -0.805 -0.805 
0.425 0.425 0.425 0.078877536 -0.31 -0.31 -0.22 -0.22 -0.22 -0.22 1.21 1.21 1.21 0.335 0.335 0.335 0.335 0.33487523 -0.39 -0.39 0.19499976 0.195 0.18416612 -0.25 -0.25229565 -0.505 -0.505 -0.505 -0.505 0.12493585 0.125 0.125 0.125 0.125 -0.40499995 -0.405 -0.405 -0.405 -0.40606036 -0.71 -0.71 -0.71 -0.945 -0.945 -0.945 -0.67 -0.67 -1.105 -1.105 -1.105 -0.805 -0.805 -0.805 
0.425 0.425 0.425 -0.31 -0.31 -0.31 -0.30999986 -0.22 -0.22 1.2085238 1.21 1.21 1.21 1.2094548 -0.27611392 -0.42 -0.42 -0.42 -0.39 -0.39 -0.39 -0.25 -0.25 -0.25 -0.25001961 -0.407963 -0.505 -0.505 -0.505 0.098289987 0.11000148 0.11 0.11 0.11 -0.31504741 -0.19000049 -0.19 -0.19 -0.19 -1.0649514 -1.065 -1.065 -0.945 -0.945 -0.81000056 -0.80999965 0.185 0.185 -0.425 -0.425 -0.425 -0.805 0.214088 
0.4249996 0.425 0.42499997 -0.31 -0.31 -0.31 -0.31 -0.40499995 -0.2207397 1.2088484 1.21 1.21 1.21 1.2068015 -0.42 -0.42 -0.42 -0.41999999 -0.39 -0.39 -0.39 -0.25 -0.25 -0.25 -0.32 -0.32 -0.16 -0.16 -0.16 -0.15852707 0.11 0.11 0.11 0.11 -0.039917763 -0.19 -0.19 -0.19 -0.19 -1.065 -1.065 -1.065 -1.0569767 -0.81 -0.81 -0.81 0.185 0.185 -0.425 -0.425 -0.425 0.21499998 0.215 
0.295 0.33555888 -0.02 -0.020084134 -0.31 -0.40445033 -0.405 -0.405 -0.38131539 -0.060000006 -0.06 -0.06 -0.06 -0.44498747 -0.445 -0.42000002 -0.42 -0.41920954 -0.39 -0.39 -0.39 -0.53 -0.53 -0.53 -0.32 -0.32 -0.16 -0.16 -0.16 -0.16000022 -0.46499635 -0.46499839 0.095548238 0.10938356 -0.99373609 -0.995 -0.995 -0.995 -0.995 -1.065 -1.065 -1.065 -0.82404102 -0.81 -0.81 -0.80999995 0.185 0.185 0.18497804 -0.425 -0.42497339 0.17 0.215 
-0.48985093 -0.48999992 -0.02 -0.02 -0.02 -0.405 -0.405 -0.405 -0.34 -0.34 -0.06 -0.06 -0.06 -0.445 -0.445 -0.445 -0.445 -0.4449938 -0.39 -0.39 -0.39000001 -0.53 -0.53 -0.53 -0.32 -0.32 -0.16 -0.16 -0.16 -0.4615611 -0.465 -0.465 -0.465 -0.465 -0.99473848 -0.995 -0.995 -0.995 -0.995 -0.95500003 -0.955 -0.955 -0.955 -0.8099977 -0.51 -0.51 -0.51 0.24 0.24 0.24 0.17 0.17 0.17 
-0.49 -0.49 -0.02 -0.02 -0.02 -0.40297637 -0.405 -0.34 -0.34 -0.34 -0.060034468 -0.06 -0.25202431 -0.44499997 -0.445 -0.445 -0.445 -0.425 -0.425 -0.425 -1.19 -1.1899995 -0.53000322 -0.53 -0.53023746 -1.03 -1.03 -1.0299979 -0.1601406 -1.2298475 -1.2299959 -1.2298664 -0.46630746 -0.46566019 -0.90110074 -0.99500021 -0.99680966 -1.535 -1.535 -0.955 -0.955 -0.955 -0.955 -0.51 -0.51 -0.51 -0.51 0.24 0.24 0.24 0.17 0.17 0.17 
-0.49 -0.49 -0.02 -0.02 -0.02 -0.020000002 -0.3806724 -0.34 -0.34 -0.34 -0.33997514 -0.295 -0.295 -0.295 -0.44411602 -0.445 -0.42513328 -0.425 -0.425 -0.425 -1.19 -1.19 -1.19 -1.19 -1.03 -1.03 -1.03 -1.03 -1.03 -1.23 -1.23 -1.23 -1.23 -1.229999 -0.75 -1.535 -1.535 -1.535 -1.535 -1.5349976 -0.875 -0.875 -0.875 -0.76761314 -0.545 -0.545 -0.545 0.23999998 0.23999954 -0.235 -0.235 0.1400073 0.14 
-0.49 -0.49 -0.189637 -0.02 -0.02 -0.020000003 -0.1752928 -0.33948001 -0.34 -0.34 -0.29499992 -0.295 -0.295 -0.295 -0.295 -0.30731436 -0.425 -0.425 -0.425 -0.425 -1.1899941 -1.19 -1.19 -1.19 -1.03 -1.03 -1.03 -1.03 -1.03 -1.3445382 -1.23 -1.23 -1.23 -0.75 -0.75 -0.75060957 -1.535 -1.535 -1.219844 -0.97500005 -0.875 -0.875 -0.875 -0.77175801 -0.545 -0.545 -0.545 -1.58 -0.25175857 -0.235 -0.235 0.14 0.14 
-0.62 -0.62 -0.62 -0.17043649 -0.020502872 -0.175 -0.175 -0.175 -0.175 0.069999998 0.07 -0.29499997 -0.295 -0.295 -0.295 -0.29500824 -0.425 -0.425 -0.425 -0.425 -0.85617882 -1.19 -1.19 -1.1681477 -0.385057 -1.03 -1.03 -1.03 -1.385 -1.385 -1.385 -1.3849993 -0.75 -0.75 -0.75 -0.75 -0.975 -0.975 -0.975 -0.975 -1.12 -1.12 -1.12 -1.3299958 -1.33 -1.33 -1.3299998 -1.58 -1.58 -0.23663881 -0.235 0.13999677 0.14 
-0.62 -0.62 -0.62 -0.61998627 -0.365 -0.33737088 -0.175 -0.175 -0.175 0.07 0.07 0.07 -0.39999999 -0.4 -0.4 -0.39999998 -0.42316818 -0.425 -0.425 -0.425 -0.43655454 -0.35500229 -0.355 -0.355 -0.355 -0.35500001 -0.56 -0.56 -1.385 -1.385 -1.385 -1.385 -0.75 -0.75 -0.75 -0.74999959 -0.97499998 -0.975 -0.975 -0.97247757 -1.12 -1.12 -1.12 -1.3299903 -1.33 -1.33 -1.33 -1.58 -1.58 -1.5799999 -0.5 -0.5 -0.545 
-0.62 -0.62 -0.62 -0.36500059 -0.365 -0.365 -0.17500007 -0.175 -0.175 0.07 0.07 0.07 -0.4 -0.4 -0.4 -0.32574444 0.575 0.575 0.57499742 -0.41935174 -0.355 -0.355 -0.355 -0.355 -0.355 -0.35515427 -0.56 -0.56 -0.56 -1.385 -1.385 -1.3847168 -0.745 -0.745 -0.745 -0.215 -0.215 -0.4 -0.4 -0.4 -0.015 -1.1196534 -1.119994 -0.32 -0.32 -0.35827785 -1.3299978 -1.58 -1.58 -0.5 -0.5 -0.5 -0.545 
-0.62 -0.62 -0.62 -0.365 -0.365 -0.365 -0.365 -0.175 -0.175 0.07 0.07 -0.38120678 -0.4 -0.4 -0.4 0.575 0.575 0.575 0.575 0.575 -0.355 -0.355 -0.355 -0.355 -0.355 -0.5599993 -0.56 -0.56 -0.56 -0.945 -0.945 -0.945 -0.745 -0.745 -0.745 -0.215 -0.215 -0.4 -0.4 -0.015 -0.015 -0.015 -0.32 -0.32 -0.32 -0.32 -0.29042696 0.04 0.04 0.04 -0.49999998 0.58 0.58 
-0.62 -0.62 -0.6196449 -0.365 -0.365 -0.365 -0.365 -0.26503876 -0.26 -0.25943343 0.069999999 -0.39996105 -0.4 -0.4 -0.39999663 0.575 0.575 0.575 0.575 0.575 1.7356521 -0.355 -0.355 -0.355 -0.35480124 -0.55993417 -0.56 -0.56 -0.56 -0.945 -0.945 -0.945 -0.944974 -0.745 -0.215 -0.215 -0.215 -0.21500757 -0.39997374 -0.015 -0.015 -0.015 -0.31998148 -0.32 -0.32 -0.32 0.039999565 0.04 0.04 0.04 0.58 0.58 0.58 
0.13 0.12999869 -0.36511664 -0.365 -0.365 -0.365 -0.26002234 -0.26 -0.26 -0.26 0.064999992 0.065 0.065 0.065 0.57264608 0.575 0.575 0.575 0.575 1.8249993 1.825 1.825 0.60999984 0.61 0.61 0.61 0.50901395 -0.56 -1.2949699 -1.295 -1.295 -1.295 -1.295 -0.155 -0.155 -0.155 -0.155 -0.155 0.1 0.1 0.1 0.1 0.099999999 -0.0004823772 -2.1224478e-22 -1.8444654e-36 1.2474383e-17 0.04 0.04 0.04 0.57991493 0.58 0.58 
0.13 0.13 0.13192553 0.35999854 0.35999984 0.3593951 -0.26 -0.26 -0.26 -0.26 0.065 0.065 0.065 0.065 0.065 0.575 0.575 0.575 1.8249997 1.825 1.825 1.825 0.61 0.61 0.61 0.61 0.61 0.60975053 -1.2947278 -1.295 -1.295 -1.295 -1.2948906 -0.38459516 -0.15523774 -0.155 -0.155 -0.15500001 0.1 0.1 0.1 0.1 0.099999998 -2.1602757e-22 -3.9159532e-52 -1.9825268e-89 -7.4589872e-31 0.018704782 0.04 -0.26159714 -0.265 -0.29 -0.29 
0.13 0.13 0.35997087 0.36 0.36 0.36 0.20252262 -0.26 -0.26 -0.26 0.065 0.065 0.065 0.065 0.065 0.57462279 0.575 1.8246335 1.825 1.825 1.825 1.825 1.0601046 0.61 0.61 0.61 0.61 0.60915026 -0.59 -0.59 -0.59 -0.59 -0.59 -0.56 -0.56 -0.56 -0.56 -0.56 -0.33 -0.33 -0.33 -0.33 -0.33 -0.00074470829 -1.5588782e-07 -1.2831191e-09 -5.1700105e-05 -0.0062590277 -0.265 -0.265 -0.265 -0.28999986 -0.29 
0.13000099 0.65456965 0.36000004 0.36 0.36 0.36 0.36 -0.25973601 -0.26 -0.26 0.064999999 0.065 0.065 0.065 1.702796 1.74 1.74 1.8249978 1.825 1.825 1.825 1.825 1.8249998 0.61 0.61 0.61 0.61 -0.23500031 -0.23500016 -0.31055263 -0.59 -0.59 -0.59 -0.56 -0.56 -0.56 -0.56 -0.55978327 -0.33 -0.33 -0.33 -0.33 -0.33000996 -0.305 -0.305 -0.305 -0.305 -0.30499677 -0.265 -0.265 -0.265 -0.26500013 -0.48212815 
0.665 0.665 0.66197063 0.36 0.36 0.36 0.36 0.36 -0.25973193 1.27 1.27 1.27 1.2671403 1.7399976 1.74 1.74 1.74 1.74 1.824995 1.7819196 1.405 1.405 1.405 1.1990247 0.54116872 0.17286558 -0.13790137 -0.235 -0.235 -0.235 -0.235 -0.235 -0.24692427 -0.23910215 -0.24 -0.24 -0.24 -0.24 -0.35442091 -0.45999977 -0.46 -0.46 -0.46 -0.41999966 -0.30500003 -0.305 -0.305 -0.145 -0.26499808 -0.265 -0.265 -0.485 -0.485 
0.665 0.665 1.025 1.025 1.025 0.36022152 0.36 0.36 1.27 1.27 1.27 1.27 1.27 1.74 1.74 1.74 1.74 1.74 1.405 1.405 1.405 1.405 1.405 -0.24999991 -0.25 -0.25 -0.25 -0.235 -0.235 -0.235 -0.235 -0.235 -0.16 -0.16 -0.24 -0.24 -0.24 -0.34498212 -0.345 -0.46 -0.46 -0.46 -0.45999994 -0.42 -0.42 -0.42 -0.145 -0.145 -0.145 0.36 0.36 -0.485 -0.485 
0.665 0.665 1.025 1.025 1.025 1.025 1.0249969 0.46 1.2692374 1.27 1.27 1.27 1.27 1.7341372 1.74 1.74 1.74 1.74 1.405 1.405 1.405 1.405 1.405 -0.25 -0.25 -0.25 -0.25 -0.24999998 -0.235 -0.235 -0.235 -0.16000393 -0.16 -0.16 -0.16 -0.24 -0.345 -0.345 -0.345 -0.34802587 -0.11858157 -0.055 -0.055 -0.42 -0.42 -0.42 -0.145 -0.145 -0.145 0.36 0.36 0.36 -0.61632887 
0.18 0.18000381 1.025 1.025 1.025 1.025 0.46 0.46 0.46 1.27 1.27 1.27 1.27 1.2701461 1.74 1.74 1.74 1.74 1.4050058 1.405 1.405 1.405 0.041552535 -0.25 -0.25 -0.25 -0.25 -0.72999961 -0.73 -0.72999999 -0.24030988 -0.16 -0.16 -0.16 -0.16000006 -0.22 -0.345 -0.345 -0.345 -0.345 -0.055 -0.055 -0.055 -0.11 -0.11 -0.11 -0.37997711 -0.145 -0.145 0.36 0.36 0.36 -0.62999882 
0.18 0.18 1.025 1.025 1.025 0.46 0.46 0.46 0.46 1.1811865 1.27 1.27 1.27 1.2700031 2.1499528 2.15 2.15 2.15 1.079999 1.06 1.06 1.06 1.06 -0.25 -0.25 -0.25 -0.25003166 -0.73 -0.73 -0.73 -0.73 -0.16007501 -0.19374826 -0.22 -0.22 -0.22 -0.34634346 -0.7049925 -0.705 -0.705 -0.055434725 -0.60999998 -0.61 -0.11 -0.11 -0.11000114 -0.38 -0.38 -0.35 -0.35 -0.35 -0.035 -0.205 
0.18 0.18 0.555 0.555 0.555 0.46 0.46 0.46 0.46 0.47 0.47 0.47 0.47 0.58839353 2.15 2.15 2.15 2.15 1.08 1.06 1.06 1.06 1.06 -0.08 -0.080000067 -0.24999975 -0.73 -0.73 -0.73 -0.73 -0.7401255 -0.75 -0.28306273 -0.22 -0.22 -0.22 -0.705 -0.705 -0.705 -0.705 -0.61 -0.61 -0.61 -0.15514348 -0.155 -0.37898864 -0.38 -0.38 -0.34999592 -0.35 -0.035 -0.035 -0.205 
0.18 0.555 0.555 0.555 0.555 0.555 0.46244531 0.775 0.775 0.47 0.47 0.47 0.47 0.47039787 2.15 2.15 2.15 2.101654 1.08 1.08 1.06 1.06 -0.08 -0.08 -0.08 -0.08 -0.73 -0.73 -0.73 -0.73 -0.75 -0.75 -0.75 -0.22053632 -0.22 -0.22 -0.705 -0.705 -0.705 -0.705 -0.61 -0.61 -0.61 -0.155 -0.155 -0.15496459 0.47 0.47 0.535 0.535 -0.034999999 -0.035 -0.205 
0.55147828 0.555 0.555 0.555 0.555 0.555 0.775 0.775 0.775 0.61175125 0.47 0.47 0.47 0.47002821 2.15 2.15 2.15 1.08 1.08 1.08 1.060001 1.059993 -0.08 -0.08 -0.08 -0.08 -0.7299538 -0.73 -0.73 -0.7499954 -0.75 -0.75 -0.75 -0.75 -0.22237448 -0.98 -0.98 -0.97524065 -0.705 -0.705 -0.61000008 -0.61 -0.16822922 -0.155 -0.155 0.46999978 0.47 0.47 0.535 0.535 0.86 0.86 0.605 
0.555 0.555 0.555 0.555 0.555 0.555 0.775 0.775 0.775 0.775 1.5399692 1.54 1.54 1.54 2.1499965 1.4929649 1.125 1.125 1.080083 1.08 1.08 -0.079998344 -0.08 -0.08 -0.08 -0.08 -0.080472586 -0.73 -0.73000068 -0.75 -0.75 -0.75 -0.75 -0.75 -0.98 -0.98 -0.98 -0.98 -0.98 -0.97999894 -0.95 -0.95 -0.94999973 -0.15 -0.15 -0.15 0.475 0.475 0.5 0.5 0.86 0.85999944 0.605 
0.555 0.555 0.555 0.555 0.555 0.555 0.775 0.775 0.775 1.54 1.54 1.54 1.54 1.54 1.430607 1.125 1.125 1.125 1.125 1.125 1.1228514 -0.079999991 -0.08 -0.08 -0.08 -0.076702894 0.024835465 -0.62719427 -0.74990137 -0.75 -0.75 -0.75 -0.75 -0.7500005 -0.98 -0.98 -0.98 -0.98 -0.98 -0.96604407 -0.95 -0.95 -0.95 -0.15 -0.15 -0.15 0.475 0.475 0.5 0.5 1.065 0.63037561 0.605 
0.555 0.555 0.555 0.555 0.555 0.55500007 0.77499995 0.775 0.80675176 1.54 1.54 1.54 1.54 1.54 1.520094 1.125 1.125 1.125 1.125 1.125 1.125 0.012402904 0.024999853 0.025 0.025 0.025 0.025 0.025 -1.0940869 -1.1099957 -1.11 -1.11 -1.11 -1.1099999 -0.98 -0.98 -0.98 -0.98 -0.98 -0.95 -0.95 -0.95 -0.95 -0.94999964 -0.15055311 -0.495 0.4749999 0.504481 0.50000438 1.065 1.065 1.0580365 0.73 
0.555 0.555 0.555 0.555 0.555 0.55501405 0.77498813 0.77504629 1.539999 1.54 1.54 1.54 1.54 1.54 1.5321034 1.125 1.125 1.125 1.125 1.125 1.125 0.025 0.025 0.025 0.025 0.025 0.025 0.025 -1.1096867 -1.11 -1.11 -1.11 -1.11 -1.11 -1.07438 -0.98 -0.98 -0.98 -0.98 -0.95 -0.95 -0.95 -0.95 -0.94988344 -0.495 -0.495 -0.48873248 0.505 0.505 1.065 1.065 0.73 0.73 
0.555 0.555 0.555 0.555 0.555 0.5552934 0.77476038 1.4536747 1.54 1.54 1.54 1.54 1.54 1.54 1.5327347 1.125 1.125 1.125 1.125 1.125 0.96837999 0.025 0.025 0.025 0.025 0.025 0.025 0.025 -1.1099954 -1.11 -1.11 -1.11 -1.11 -1.11 -1.11 -1.0369188 -1.1253912 -1.1737684 -1.1811187 -0.93714427 -0.95 -0.95 -0.95 -0.49503633 -0.495 -0.49467169 -0.43999548 0.505 0.505 0.86485825 0.865 0.865 0.73000006 
0.555 0.555 0.555 0.555 0.55500022 0.55683505 0.83959836 1.5397896 1.54 1.54 1.54 1.54 1.54 1.54 1.5303091 1.125 1.125 1.125 1.125 1.125 0.02500475 0.025 0.025 0.025 0.025 0.025 0.025 0.025 -1.1099997 -1.11 -1.11 -1.11 -1.11 -1.11 -1.11 -1.185 -1.185 -1.185 -1.185 -0.75 -0.75 -0.75 -0.75 -0.44000016 -0.44 -0.44 -0.44 -0.43999259 0.215 0.215 0.865 0.865 0.5295353 
0.555 0.555 0.555 0.55500002 0.55500615 0.56132007 1.4871393 1.53999 1.54 1.54 1.54 1.54 1.54 1.54 1.5259123 1.1250002 1.125 1.125 1.125 1.1183796 0.025000001 0.025 0.025 0.025 0.025 0.025 0.025 0.025 -1.1099997 -1.11 -1.11 -1.11 -1.11 -1.11 -1.1849999 -1.185 -1.185 -1.185 -1.185 -0.75 -0.75 -0.75 -0.75 -0.66633233 -0.44 -0.44 -0.44 0.21499267 0.215 0.215 0.38 0.38 0.38 
0.555 0.555 0.55500001 0.5550005 0.55506209 0.61324983 1.537109 1.5399975 1.54 1.54 1.54 1.54 1.54 1.54 1.5199564 1.1250098 1.125 1.125 1.1249987 0.047287743 0.025 0.025 0.025 0.025 0.025 0.025 0.025 0.024999999 -1.1099989 -1.11 -1.11 -1.11 -1.11 -0.79156203 -1.1849998 -1.185 -1.185 -1.185 -1.185 -0.75 -0.75 -0.75 -0.75 -0.75 -0.44 -0.44 -0.44 0.21499999 0.215 0.215 0.38 0.38 0.38 
0.555 0.55500001 0.55500021 0.55500605 0.55556934 1.0938605 1.5394891 1.5399985 1.54 1.54 1.54 1.54 1.54 1.5399992 1.5128753 1.1251516 1.125 1.125 1.1193048 0.025093533 0.025 0.025 0.025 0.025 0.025 0.025 0.025 0.024999339 -1.1099929 -1.11 -1.1099997 -0.7132418 -0.675 -0.675 -0.675 -1.185 -1.185 -1.185 -1.185 -0.75 -0.75 -0.75 -0.75 -0.75 -0.4400055 -0.44 -0.43999968 0.21499995 0.215 0.21500009 0.38 0.38 0.38 
