interpolatedSpi/07-08|22_2.tif
NCOLS 53
NROWS 52
XLLCORNER -116.03883
YLLCORNER 28.596182
DX 0.49850594
DY 0.49788537
NODATA_VALUE -9999
-0.93 -0.93 -1.2685513 -1.59 -1.425 -1.07 -1.05 -1.15 -1.6911011 -0.77 -1.45 -0.46 -0.49002223 -0.76 -0.635 -0.635 -0.635 0.51 0.195 0.195 0.195 0.19500092 0.28999999 -0.435 -0.435 -0.435 -1.0950006 -1.095 -1.095 -1.2 -1.2 -1.2 -1.2 -1.5899999 -1.59 -1.59 -1.59 -1.59 -1.59 -1.5899999 0.32932727 0.34980625 -0.41 -0.41 -0.41 -0.41 -0.41033483 -0.615 -0.615 -0.615 -0.95999928 -0.96 -0.96 
-0.93000444 -1.03 -0.96499933 -0.70678306 -0.49509092 -0.975 -1.305 -0.67070811 -0.56 -0.675 -0.275 -0.49 -0.49 0.29148213 -0.75998615 -0.635 0.51 0.51 0.19541072 0.195 0.195 0.195 -0.46421359 -0.435 -0.435 -0.435 -1.6649999 -1.665 -1.2 -1.2 -1.2 -1.2 -1.2 -1.5899999 -1.59 -1.59 -1.59 -1.59 -1.5899999 -1.268933 0.36488406 -0.31596036 -0.41 -0.41 -0.41 -0.41 -0.41 -0.615 -0.615 -0.615 -0.64360773 -0.96 -0.96 
-0.27998982 -0.28 -0.385 -0.06 -0.29 -0.54 -0.105 0.5 -0.265 0.785 -0.085 -0.05 -0.715 0.635 0.295 0.195 0.51 0.51 0.51 0.2699782 0.27 0.27 -0.99 -0.435 -0.435 -0.435 -1.665 -1.665 -1.665 -1.2 -1.2 -1.2 -1.337199 -1.5870574 -1.5767363 -0.17805795 -0.165 -0.165 -0.098339968 0.365 0.365 0.36400897 -0.41 -0.41 -0.41 -0.41 -0.41 -0.615 -0.615 -0.615 -0.615 -0.96 -0.96 
-0.4 -0.27999984 0.50991728 1.115 0.145 0.62 0.195 -0.005 0.61 0.29728549 0.335 1.21 1.025 0.635 0.37 0.195 -0.72292287 -0.72913118 -1.32 0.27 0.27 -1.015 -0.99 -0.99 -0.435 -0.43500614 -1.665 -1.665 -1.665 -1.54 -1.5098227 -1.485 -1.485 -1.4849989 -0.165 -0.165 -0.165 -0.165 0.365 0.365 0.365 0.36499997 -0.41 -0.41 -0.41 -0.41 -0.41 -0.61499741 -0.615 -0.615 -0.615 -0.95994366 -0.96 
-0.4 0.79499948 0.51 1.0172605 0.145 -0.08 -0.48495643 1.165 0.23 1.4599994 1.390432 1.3648718 0.47 0.37 0.37 0.23837484 -0.73 -0.73 -1.32 -1.32 0.26999741 -1.015 0.85 -0.35 -1.47 -1.4695019 -1.665 -1.665 -1.54 -1.54 -1.485 -1.485 -1.485 -1.20214 -0.165 -0.165 -0.165 0.365 0.365 0.365 0.365 0.36495704 -0.41 -0.41 -0.41 -0.41 -0.41 -0.41182475 -0.615 -0.61493812 0.765 0.765 0.765 
-1.705 0.005 0.38499998 0.1 0.425 -0.26 -0.435 -0.23015418 0.42 -0.165 -1.455 0.445 0.44500002 0.085 0.085 0.039926362 0.04 -0.445 -0.445 -1.3199988 -1.28 -1.28 -0.35 -1.47 -1.47 0.66 -0.16 -0.16 0.37482512 -1.54 -1.485 -1.485 0.015 0.015063215 0.61995679 1.035 1.035 0.57227979 0.365 0.365 -0.079444989 -0.079999996 -0.079996601 -0.58682251 -0.58998011 -0.58999995 -0.58999999 -0.58999992 0.4176289 0.765 0.765 0.765 0.765 
-1.5300001 0.225 0.30727168 -0.030000001 -0.045 -0.455 0.37 0.93 1.11 1.11 -1.455 0.18 -1.1199997 0.085 -0.26499895 -0.265 0.04 -0.48 0.06 0.06 -1.1645401 -1.035 -1.035 0.41499997 0.66 0.66 -0.16 -0.16 0.37495688 0.37420604 0.60699368 0.015 0.015 0.62 0.62 1.0704016 1.035 1.035 1.2149938 -0.079998197 -0.08 -0.08 -0.079979964 -0.58999239 -0.59 -0.59 -0.59 -0.58999941 0.395 0.76492668 0.765 0.765 0.765 
-1.53 -0.115 0.535 -0.185 0.17997908 0.08 0.72 1.5 0.995 1.43 1.43 0.175 -1.12 -1.12 -0.27086609 -0.49724303 -0.52 0.165 -0.014999923 0.06 0.69066764 0.79 -0.02 0.82 0.81999181 0.185 0.095 0.09499991 -0.36240694 -0.36499998 0.61 0.22941718 0.8 0.62 0.62270952 1.1 1.1 1.215 1.215 -0.08 -0.08 -0.07999997 0.7743982 0.77499993 -0.59 -0.59 -0.59 0.39496251 0.395 0.395 0.765 0.765 0.765 
-0.21513226 -0.115 0.575 0.57 0.235 0.505 1.17 1.535 1.935 0.92624142 -0.185 -0.065000001 -0.065 0.53 0.52999502 -1.0385507 -1.04 -1.04 0.13752271 -0.19500004 -0.38 -0.37999999 1.095 0.41940317 0.24899123 0.185 0.08 0.095 0.25407024 0.255 0.07 0.855 0.50244332 0.45 0.715 0.76 1.14 -0.14 1.6391781 -0.07368376 1.335 0.785 0.77509685 0.775 0.76731704 -0.59 1.7649999 0.39500001 0.395 0.395 0.395 0.68282509 0.08 
-0.775 -0.775 0.485 0.58 0.555 1.005 0.845 0.9 0.955 0.6700284 0.355 0.805 0.53 0.53 4.0707514e-27 -0.01426407 -1.04 -1.039728 0.21 -0.195 -0.195 -0.21883423 1.095 0.4350125 0.435 0.435 0.08 1.285 1.285 0.255 0.255 0.85367237 0.155 0.45 0.575 0.76 1.14 0.965 1.64 -0.086556859 0.78500002 0.99989354 1.37 0.775 0.775 1.765 1.765 1.765 0.395 0.395 0.105 0.105 0.10499999 
-0.775 -0.775 -0.13 -0.19 0.035 0.4 0.21500001 0.38570108 1.18 0.71 0.66 0.235 0.80424075 7.3716228e-26 1.4386962e-58 -3.9222605e-05 -0.34 -0.31113342 0.21 -0.505 -0.505 -0.72 -0.72 0.435 0.435 0.435 1.285 1.285 1.285 -0.77 -0.77 -0.76999847 0.15 0.15 0.345 -0.23 0.845 0.54000455 0.33 -0.115 -0.115 -0.25499466 1.37 0.775 0.60999946 -0.16 0.56021119 0.555 -0.295 -0.295 0.105 0.105 0.105 
-0.775 -0.49647375 -0.15560414 -0.044997731 0.38 0.675 0.215 0.385 1.1799934 0.71520703 0.23500062 0.235 0.17 2.7086578e-10 -2.2904873e-27 -0.33999999 -0.34 -0.3399687 0.21 -0.505 -0.54722163 -0.72 -0.72 0.43495445 0.435 0.31501736 0.07 0.07 0.070000152 -0.77 -0.77 -0.48 -0.48 0.15000053 0.345 -0.06999995 0.88188069 0.54 0.54 -0.115 -0.255 -0.255 -0.25499349 0.61 0.61 -0.16 0.555 0.555 -0.295 -0.295 0.105 0.105 0.105 
0.32 0.081249096 0.099989317 0.098955228 0.38000128 0.67499303 0.21500001 0.38290742 1.1252164 1.167727 0.17 0.17 0.17 0.17 2.408153e-05 -0.34 -0.34 -0.33289862 0.21 -0.5047684 0.28 0.28 0.28 0.28 0.4320697 0.07 0.07 0.07 0.07 0.069352356 -0.48 -0.48 -0.48 -0.48 -0.07 -0.07 -0.07 0.51121191 0.5316633 -0.57 -0.57 -0.25501694 -0.46996303 0.60989598 0.61 -0.16 0.555 0.555 -0.295 -0.295 0.10354884 0.105 -0.66217041 
0.32 0.1 0.1 0.1 0.1 0.10000024 0.21617748 0.29554085 0.97905867 0.171076 0.17 0.17 0.17 0.17 0.17000028 -0.33999999 -0.33999991 -0.30227375 0.20999256 0.28 0.28 0.28 0.28 0.28 0.2809718 -0.24030018 -0.49999988 -0.5 -0.5 -0.5 -0.48 -0.48 -0.4800007 -1.065 -1.065 -0.07 -0.8331705 -0.855 -0.57000016 -0.57 -0.57 -0.57 -0.47 -0.47 -0.47 -0.46784268 -0.031309752 -0.035 -0.035 -0.035 -0.035000005 0.17499999 0.175 
-0.0099999996 0.1 0.1 0.1 0.1 0.1 0.10000001 -0.0081566075 0.56625078 0.565 0.565 0.565 0.565 0.565 0.565 0.17789387 -0.33185764 -0.26468648 0.27999101 0.28 0.28 0.28 0.28 0.28000006 0.325 0.325 0.32499884 -0.5 -0.5 -0.4995895 -0.295 -0.295 -1.065 -1.065 -1.065 -0.88863963 -0.855 -0.855 -0.855 -0.57 -0.57 -0.57 -0.47 -0.47 -0.47 -0.47 -0.035000015 -0.035 -0.035 -0.035 -0.035 0.175 0.175 
-0.01 0.03095175 0.1 0.1 0.1 0.1 -0.66984888 -0.67 -0.66999997 0.565 0.565 0.565 0.565 0.565 0.47786024 0.17 0.17 0.17 0.33483227 0.33499994 0.335 0.335 0.335 0.335 0.325 0.325 0.325 0.325 -0.5 -0.295 -0.295 -0.295 -1.0649999 -1.065 -1.065 -0.67 -0.85475505 -0.855 -0.855 -0.57008699 -0.74351901 -1.1482665 -0.47 -0.47 -0.94851869 -0.95 -0.95 -0.036440932 -0.90694227 -0.90999992 -0.90999983 -0.59988277 0.17499842 
-0.01 -0.5160342 -0.218809 0.1 0.1 -0.66954505 -0.67 -0.67 -0.67 -0.66110024 0.565 0.565 0.565 0.56499995 0.17 0.17 0.17 0.17 0.33485261 0.335 0.335 0.335 0.335 0.335 0.325 0.325 0.325 0.325 0.32274484 -0.295 -0.295 -0.295 0.26999999 -1.0649276 -0.67 -0.67 -0.67 -0.6682 -1.1313043 -1.15 -1.15 -1.15 -1.08 -1.08 -0.95 -0.95 -0.95 -0.91 -0.91 -0.91 -0.91 -0.6 -0.6 
-0.52965236 -0.53 -0.53 -0.53 -0.7 -0.67000077 -0.67 -0.67 -0.67 -0.67 0.53585188 0.56499498 0.56499999 0.17 0.17 0.17 0.17 0.17 0.14127033 0.335 0.335 0.335 0.335 0.335 -0.0046436959 -0.54499529 -0.545 -0.545 -0.545 -0.29499997 0.26999999 0.27 0.27 0.27 -0.67 -0.66999565 -0.505 -0.505 -1.1419462 -1.15 -1.15 -1.15 -1.08 -1.08 -0.97012848 -0.95 -0.95 -0.91 -0.91 -0.91 -0.90667599 -0.6 -0.6 
-0.53 -0.53 -0.53 -0.61005554 -0.7 -0.7 -0.67 -0.67 -0.67 -0.67 0.18 0.18 0.18 0.17 0.17 0.17 0.17 0.16989093 -0.49 -0.49 0.33499967 0.335 0.31601028 -0.445 -0.44590025 -0.545 -0.545 -0.545 -0.545 0.26991701 0.27 0.27 0.27 0.27 -0.50500058 -0.505 -0.505 -0.505 -0.50724841 -1.15 -1.15 -1.15 -1.08 -1.08 -1.08 -0.95 -0.95 -0.90999998 -0.91 -0.91 -0.6 -0.6 -0.6 
-0.53 -0.53 -0.53 -0.7 -0.7 -0.7 -0.69999995 -0.67 -0.67 0.17912256 0.18 0.18 0.18 0.17999376 -0.36421879 -0.49 -0.49 -0.49 -0.49 -0.49 -0.49 -0.445 -0.445 -0.445 -0.44494958 -0.39813319 -0.545 -0.545 -0.545 0.2797071 0.30499656 0.305 0.305 0.305 -0.35860291 -0.15500079 -0.155 -0.155 -0.155 -1.0150185 -1.015 -1.015 -1.08 -1.08 -0.5050024 -0.50499968 0.385 0.385 -0.45 -0.45 -0.45 -0.6 0.37912376 
-0.52999963 -0.53 -0.53000001 -0.7 -0.7 -0.7 -0.7 -0.41500007 -0.66898041 0.17968716 0.18 0.18 0.18 0.17868528 -0.49 -0.49 -0.49 -0.49 -0.49 -0.49 -0.49 -0.445 -0.445 -0.445 -0.265 -0.265 0.089999995 0.09 0.09 0.091172893 0.305 0.305 0.305 0.305 0.075126194 -0.155 -0.155 -0.155 -0.155 -1.015 -1.015 -1.015 -0.99895345 -0.505 -0.505 -0.505 0.385 0.385 -0.45 -0.45 -0.45 0.37999997 0.38 
-0.41 -0.46599227 -0.275 -0.2751233 -0.7 -0.416649 -0.415 -0.415 -0.40042485 -0.165 -0.165 -0.165 -0.165 -0.5549873 -0.555 -0.49000005 -0.49 -0.49 -0.49 -0.49 -0.49 -0.47 -0.47 -0.47 -0.265 -0.265 0.09 0.09 0.09 0.089999724 -0.28999622 -0.28999833 0.29004557 0.30436212 -0.78375455 -0.785 -0.785 -0.785 -0.785 -1.015 -1.015 -1.015 -0.5330819 -0.505 -0.505 -0.50499995 0.385 0.385 0.38496994 -0.45 -0.44995528 0.55 0.38 
-0.72494018 -0.72499992 -0.275 -0.275 -0.275 -0.415 -0.415 -0.415 -0.375 -0.375 -0.165 -0.165 -0.165 -0.555 -0.555 -0.555 -0.555 -0.55499254 -0.49 -0.49 -0.49 -0.47 -0.47 -0.47 -0.265 -0.265 0.09 0.09 0.09 -0.28571547 -0.29 -0.29 -0.29 -0.29 -0.78475575 -0.785 -0.785 -0.785 -0.785 -0.58000011 -0.58 -0.58 -0.58 -0.50499793 -0.235 -0.235 -0.235 0.535 0.535 0.535 0.55 0.55 0.55 
-0.725 -0.725 -0.275 -0.275 -0.275 -0.41426414 -0.415 -0.375 -0.375 -0.375 -0.16502585 -0.165 -0.21402748 -0.55499992 -0.555 -0.555 -0.555 -0.27 -0.27 -0.27 -0.80499999 -0.80499975 -0.47000163 -0.47 -0.47017958 -0.87 -0.87 -0.86999771 0.089844857 -0.91987445 -0.91999665 -0.91989001 -0.29107674 -0.29054368 -0.69724628 -0.78500015 -0.78634049 -1.185 -1.185 -0.58 -0.58 -0.58 -0.58 -0.235 -0.235 -0.235 -0.235 0.535 0.535 0.535 0.55 0.55 0.55 
-0.725 -0.725 -0.275 -0.275 -0.275 -0.275 -0.40002917 -0.375 -0.375 -0.375 -0.37491714 -0.225 -0.225 -0.225 -0.55305523 -0.555 -0.27189917 -0.27 -0.27 -0.27 -0.805 -0.805 -0.805 -0.805 -0.87 -0.87 -0.87 -0.87 -0.87 -0.92 -0.92 -0.92 -0.92 -0.91999874 -0.32 -1.185 -1.185 -1.185 -1.185 -1.1849983 -0.73 -0.73 -0.73 -0.62749343 -0.415 -0.415 -0.415 0.53499997 0.53499945 -0.035 -0.035 0.47501825 0.475 
-0.725 -0.725 -0.4374184 -0.275 -0.275 -0.27499999 -0.020629958 -0.37388124 -0.375 -0.375 -0.22499992 -0.225 -0.225 -0.225 -0.225 -0.25205573 -0.27 -0.27 -0.27 -0.27 -0.80499586 -0.805 -0.805 -0.805 -0.87 -0.87 -0.87 -0.87 -0.87 -1.0640965 -0.92 -0.92 -0.92 -0.32 -0.32 -0.32067169 -1.185 -1.185 -1.0583748 -0.96000002 -0.73 -0.73 -0.73 -0.63143589 -0.415 -0.415 -0.415 -1.38 -0.051758569 -0.035 -0.035 0.475 0.475 
-0.495 -0.495 -0.495 -0.33016005 -0.27473372 -0.02 -0.02 -0.02 -0.02 0.135 0.135 -0.22499997 -0.225 -0.225 -0.225 -0.22500285 -0.27 -0.27 -0.27 -0.27 -0.57154335 -0.805 -0.805 -0.78694241 -0.1486193 -0.87 -0.87 -0.87 -1.115 -1.115 -1.115 -1.1149992 -0.32 -0.32 -0.32 -0.32 -0.96 -0.96 -0.96 -0.96 -1.03 -1.03 -1.03 -1.1599974 -1.16 -1.16 -1.1599998 -1.38 -1.38 -0.036638809 -0.035 0.47499511 0.475 
-0.495 -0.495 -0.495 -0.49497846 -0.095 -0.084093768 -0.02 -0.02 -0.02 0.135 0.135 0.135 -0.195 -0.195 -0.195 -0.19499998 -0.26817734 -0.27 -0.27 -0.27 -0.27807483 -0.11500189 -0.115 -0.115 -0.115 -0.11500001 -0.11500001 -0.115 -1.115 -1.115 -1.115 -1.115 -0.3200001 -0.32 -0.32 -0.32001181 -0.95999999 -0.96 -0.96 -0.95785045 -1.03 -1.03 -1.03 -1.159994 -1.16 -1.16 -1.16 -1.38 -1.38 -1.3799999 -0.495 -0.495 -0.28 
-0.495 -0.495 -0.495 -0.095000922 -0.095 -0.095 -0.020000028 -0.02 -0.02 0.135 0.135 0.135 -0.195 -0.195 -0.195 -0.12493321 0.725 0.725 0.72499743 -0.26437998 -0.115 -0.115 -0.115 -0.115 -0.115 -0.115 -0.115 -0.115 -0.115 -1.115 -1.115 -1.1147136 -0.465 -0.465 -0.465 -0.23 -0.23 -0.47 -0.47 -0.47 -0.175 -1.0297318 -1.0299944 -0.285 -0.285 -0.31816151 -1.1599981 -1.38 -1.38 -0.495 -0.495 -0.495 -0.28 
-0.495 -0.495 -0.495 -0.095 -0.095 -0.095 -0.095 -0.02 -0.02 0.135 0.135 -0.18180476 -0.195 -0.195 -0.195 0.725 0.725 0.725 0.725 0.725 -0.115 -0.115 -0.115 -0.115 -0.115 -0.115 -0.115 -0.115 -0.115 -0.67 -0.67 -0.67 -0.465 -0.465 -0.465 -0.23 -0.23 -0.47 -0.47 -0.175 -0.175 -0.175 -0.285 -0.285 -0.285 -0.285 -0.24474781 0.205 0.205 0.205 -0.49499997 0.905 0.905 
-0.495 -0.495 -0.49444298 -0.095 -0.095 -0.095 -0.095 0.28104465 0.3 0.29971672 0.13500001 -0.19494765 -0.195 -0.195 -0.19499682 0.725 0.725 0.725 0.725 0.725 1.9372865 -0.115 -0.115 -0.115 -0.11479918 -0.11494514 -0.115 -0.115 -0.115 -0.67 -0.67 -0.67 -0.66997291 -0.465 -0.23 -0.23 -0.23 -0.23001014 -0.46997988 -0.175 -0.175 -0.175 -0.28499332 -0.285 -0.285 -0.285 0.20499785 0.205 0.205 0.205 0.905 0.905 0.905 
0.73 0.72999786 -0.095181248 -0.095 -0.095 -0.095 0.29991595 0.3 0.3 0.3 0.43 0.43 0.43 0.43 0.72363836 0.725 0.725 0.725 0.725 2.0249992 2.025 2.025 0.85999984 0.86 0.86 0.86 0.77584496 -0.115 -0.97496478 -0.975 -0.975 -0.975 -0.975 -0.6 -0.6 -0.6 -0.6 -0.6 -0.27 -0.27 -0.27 -0.27 -0.27 -0.0054220801 -0.005 -0.005 -0.005 0.205 0.205 0.205 0.90488972 0.905 0.905 
0.73 0.73 0.73125564 0.87999804 0.87999978 0.87943391 0.3 0.3 0.3 0.3 0.43 0.43 0.43 0.43 0.43 0.725 0.725 0.725 2.0249997 2.025 2.025 2.025 0.86 0.86 0.86 0.86 0.86 0.85979186 -0.97478568 -0.975 -0.975 -0.975 -0.9749139 -0.90896138 -0.60031992 -0.6 -0.6 -0.60000001 -0.27 -0.27 -0.27 -0.27 -0.27 -0.005 -0.005 -0.005 -0.005 0.093200103 0.205 -0.26470046 -0.27 0.055 0.055 
0.73 0.73 0.879981 0.88 0.88 0.88 0.73268245 0.3 0.3 0.3 0.43 0.43 0.43 0.43 0.43 0.72478645 0.725 2.0246188 2.025 2.025 2.025 2.025 1.2915818 0.86 0.86 0.86 0.86 0.85909354 -0.42 -0.42 -0.42 -0.42 -0.42 -1.145 -1.145 -1.145 -1.145 -1.145 -1.02 -1.02 -1.02 -1.02 -1.02 -0.0067213749 -0.0050003603 -0.005000003 -0.0051195035 -0.019417538 -0.27 -0.27 -0.27 0.05499818 0.055 
0.7300005 0.99473609 0.88000002 0.88 0.88 0.88 0.88 0.30024696 0.3 0.3 0.43 0.43 0.43 0.43 1.8771272 1.91 1.91 2.024997 2.025 2.025 2.025 2.025 2.0249998 0.86 0.86 0.86 0.86 -0.22000015 -0.22000009 -0.26256486 -0.42 -0.42 -0.42 -1.145 -1.145 -1.145 -1.145 -1.144641 -1.02 -1.02 -1.02 -1.02 -1.020005 -0.71 -0.71 -0.71 -0.71 -0.70996451 -0.27 -0.27 -0.27 -0.26999995 -0.19131814 
1 1 1.0059729 0.88 0.88 0.88 0.88 0.88 0.30025022 1.5 1.5 1.5 1.4974607 1.9099979 1.91 1.91 1.91 1.91 2.0249936 1.9706366 1.495 1.495 1.495 1.3300981 0.79797181 0.46607072 0.18583713 -0.22 -0.22 -0.22 -0.22 -0.22 -0.22942733 -0.61269924 -0.615 -0.615 -0.615 -0.615 -1.0322104 -1.0849999 -1.085 -1.085 -1.085 -0.63000023 -0.70999998 -0.71 -0.71 -0.26 -0.26999984 -0.27 -0.27 -0.195 -0.195 
1 1 1.19 1.19 1.19 0.88010326 0.88 0.88 1.5 1.5 1.5 1.5 1.5 1.91 1.91 1.91 1.91 1.91 1.495 1.495 1.495 1.495 1.495 0.085000073 0.085 0.085 0.085 -0.22 -0.22 -0.22 -0.22 -0.22 -0.41 -0.41 -0.615 -0.615 -0.615 -0.93994465 -0.94 -1.085 -1.085 -1.085 -1.0849999 -0.63 -0.63 -0.63 -0.26 -0.26 -0.26 0.56 0.56 -0.195 -0.195 
1 1 1.19 1.19 1.19 1.19 1.1899967 0.58 1.4991338 1.5 1.5 1.5 1.5 1.9048856 1.91 1.91 1.91 1.91 1.495 1.495 1.495 1.495 1.495 0.085 0.085 0.085 0.085 0.084998719 -0.22 -0.22 -0.22 -0.40999004 -0.41 -0.41 -0.41 -0.615 -0.94 -0.94 -0.94 -0.94381522 -0.63820551 -0.555 -0.555 -0.63 -0.63 -0.63 -0.26 -0.26 -0.26 0.56 0.56 0.56 -0.37161469 
0.52 0.52000377 1.19 1.19 1.19 1.19 0.58 0.58 0.58 1.5 1.5 1.5 1.5 1.5001275 1.91 1.91 1.91 1.91 1.4950071 1.495 1.495 1.495 0.33338591 0.085 0.085 0.085 0.085 -0.47999954 -0.48 -0.48 -0.2227976 -0.41 -0.41 -0.41 -0.41000008 -0.49 -0.94 -0.94 -0.94 -0.94 -0.555 -0.555 -0.555 -0.44 -0.44 -0.44 -0.76495082 -0.26 -0.26 0.55999999 0.56 0.56 -0.38999834 
0.52 0.52 1.19 1.19 1.19 0.58 0.58 0.58 0.58 1.3991239 1.5 1.5 1.5 1.5000015 1.944996 1.945 1.945 1.945 0.81513449 0.94 0.94 0.94 0.94 0.085 0.085 0.085 0.084962731 -0.48 -0.48 -0.48 -0.48 -0.41001355 -0.45499769 -0.49 -0.49 -0.49 -0.93966252 -0.85000187 -0.85 -0.85 -0.55513316 -0.72499999 -0.725 -0.44 -0.44 -0.44000138 -0.765 -0.765 -0.47 -0.47 -0.47 0.205 0.205 
0.52 0.52 0.645 0.645 0.645 0.58 0.58 0.58 0.58 0.54 0.54 0.54 0.54 0.63901364 1.945 1.945 1.945 1.945 0.81 0.94 0.94 0.94 0.94 -0.05 -0.049999947 0.084999801 -0.48 -0.48 -0.48 -0.48 -0.4901255 -0.5 -0.49118986 -0.49 -0.49 -0.49 -0.85 -0.85 -0.85 -0.85 -0.725 -0.725 -0.725 -0.25014978 -0.25 -0.76268511 -0.765 -0.765 -0.4699958 -0.47 0.205 0.205 0.205 
0.52 0.645 0.645 0.645 0.645 0.645 0.58174665 0.805 0.805 0.54 0.54 0.54 0.54 0.54033274 1.945 1.945 1.945 1.8937171 0.81 0.81 0.94 0.94 -0.05 -0.05 -0.05 -0.05 -0.48 -0.48 -0.48 -0.48 -0.5 -0.5 -0.5 -0.49001012 -0.49 -0.49 -0.85 -0.85 -0.85 -0.85 -0.725 -0.725 -0.725 -0.25 -0.25 -0.24995694 0.51 0.51 0.465 0.465 0.205 0.205 0.205 
0.64382609 0.645 0.645 0.645 0.645 0.645 0.805 0.805 0.805 0.66316092 0.54 0.54 0.54 0.5400236 1.945 1.945 1.945 0.81 0.81 0.81 0.93999351 0.93999395 -0.05 -0.05 -0.05 -0.05 -0.47996944 -0.48 -0.48 -0.4999954 -0.5 -0.5 -0.5 -0.5 -0.49029872 -0.68 -0.68 -0.68294215 -0.85 -0.85 -0.72500011 -0.725 -0.26381072 -0.25 -0.25 0.50999973 0.51 0.51 0.465 0.465 1.16 1.16 1.05 
0.645 0.645 0.645 0.645 0.645 0.645 0.805 0.805 0.805 0.805 1.4349742 1.435 1.435 1.435 1.9449968 1.3360406 0.995 0.995 0.81034105 0.81 0.81000003 -0.049998562 -0.05 -0.05 -0.05 -0.05 -0.050312634 -0.48 -0.48000068 -0.5 -0.5 -0.5 -0.5 -0.5 -0.68 -0.68 -0.68 -0.68 -0.68 -0.68000052 -0.64 -0.64 -0.63999969 0.285 0.285 0.285 1.08 1.08 1.12 1.12 1.16 1.1599998 1.05 
0.645 0.645 0.645 0.645 0.645 0.645 0.805 0.805 0.805 1.435 1.435 1.435 1.435 1.435 1.3190171 0.995 0.995 0.995 0.995 0.995 0.98616686 -0.049999993 -0.05 -0.05 -0.049999999 -0.040422692 0.25452207 -0.37991815 -0.49990137 -0.5 -0.5 -0.5 -0.5 -0.50000039 -0.68 -0.68 -0.68 -0.68 -0.68 -0.66139209 -0.64 -0.64 -0.64 0.285 0.285 0.285 1.08 1.08 1.12 1.12 1.375 1.0679284 1.05 
0.645 0.645 0.645 0.645 0.645 0.64500005 0.80499996 0.805 0.83114851 1.435 1.435 1.435 1.435 1.435 1.4138949 0.995 0.995 0.995 0.995 0.995 0.995 0.210695 0.25499957 0.255 0.255 0.255 0.255 0.255 -0.61282027 -0.62499852 -0.625 -0.625 -0.625 -0.62500004 -0.68 -0.68 -0.68 -0.68 -0.68 -0.64 -0.64 -0.64 -0.64 -0.63999959 0.28419037 -0.22 1.0799999 0.91294098 1.119816 1.375 1.375 1.3712584 1.195 
0.645 0.645 0.645 0.645 0.645 0.64501022 0.80499137 0.80503812 1.4349992 1.435 1.435 1.435 1.435 1.435 1.4266277 0.995 0.995 0.995 0.995 0.995 0.995 0.255 0.255 0.255 0.255 0.255 0.255 0.255 -0.62475708 -0.625 -0.625 -0.625 -0.625 -0.625 -0.64006999 -0.68 -0.68 -0.68 -0.68 -0.64 -0.64 -0.64 -0.64 -0.63989241 -0.22 -0.22 -0.21291771 0.91 0.91 1.375 1.375 1.195 1.195 
0.645 0.645 0.645 0.645 0.645 0.64521338 0.8048278 1.3639086 1.435 1.435 1.435 1.435 1.435 1.435 1.427297 0.995 0.995 0.995 0.995 0.995 0.88963745 0.255 0.255 0.255 0.255 0.255 0.255 0.255 -0.62499647 -0.625 -0.625 -0.625 -0.625 -0.625 -0.625 -0.71192656 -0.76156094 -0.78869935 -0.7928171 -0.62168058 -0.63999999 -0.64 -0.64 -0.22003354 -0.22 -0.21925385 -0.094995196 0.91 0.91 1.1798146 1.18 1.18 1.195 
0.645 0.645 0.645 0.645 0.64500016 0.64633462 0.85834701 1.4348268 1.435 1.435 1.435 1.435 1.435 1.435 1.4247253 0.995 0.995 0.995 0.995 0.995 0.2550032 0.255 0.255 0.255 0.255 0.255 0.255 0.255 -0.62499976 -0.625 -0.625 -0.625 -0.625 -0.625 -0.62500003 -0.795 -0.795 -0.795 -0.795 -0.355 -0.355 -0.355 -0.355 -0.095000362 -0.095 -0.095 -0.095 -0.094995086 0.33 0.33 1.18 1.18 0.59536846 
0.645 0.645 0.645 0.64500001 0.64500447 0.64962985 1.3915041 1.4349918 1.435 1.435 1.435 1.435 1.435 1.435 1.4200637 0.99500018 0.995 0.995 0.995 0.99054626 0.255 0.255 0.255 0.255 0.255 0.255 0.255 0.255 -0.6249998 -0.625 -0.625 -0.625 -0.625 -0.625 -0.79499984 -0.795 -0.795 -0.795 -0.795 -0.355 -0.355 -0.355 -0.355 -0.28482712 -0.095 -0.095 -0.095 0.32999525 0.33 0.33 0.335 0.335 0.335 
0.645 0.645 0.64500001 0.64500036 0.64504534 0.69081659 1.4326235 1.4349979 1.435 1.435 1.435 1.435 1.435 1.435 1.413749 0.99501035 0.995 0.995 0.99499915 0.26999357 0.255 0.255 0.255 0.255 0.255 0.255 0.255 0.255 -0.62499918 -0.625 -0.625 -0.625 -0.625 -0.55179595 -0.79499992 -0.795 -0.795 -0.795 -0.795 -0.355 -0.355 -0.355 -0.355 -0.355 -0.095 -0.095 -0.095 0.33 0.33 0.33 0.335 0.335 0.335 
0.645 0.64500001 0.64500015 0.64500442 0.64543412 1.0764457 1.4345805 1.4349987 1.435 1.435 1.435 1.435 1.435 1.4349992 1.4062413 0.99516069 0.99500001 0.99499997 0.99116866 0.25506292 0.255 0.255 0.255 0.255 0.255 0.255 0.255 0.25499949 -0.62499449 -0.625 -0.62499993 -0.53379122 -0.525 -0.525 -0.525 -0.795 -0.795 -0.795 -0.795 -0.355 -0.355 -0.355 -0.355 -0.355 -0.095004609 -0.095 -0.094999792 0.32999997 0.33 0.33 0.335 0.335 0.335 
