interpolatedSpi/07-07|19_1.tif
NCOLS 53
NROWS 52
XLLCORNER -116.03883
YLLCORNER 28.596182
DX 0.49850594
DY 0.49788537
NODATA_VALUE -9999
1.245 1.245 1.0590299 0.775 1.135 1.405 1.63 1.825 1.1803712 0.165 0.365 1.325 0.7499823 0.535 1.235 1.235 1.235 0.42 0.775 0.775 0.775 0.77499576 0.33500001 0.9 0.9 0.9 0.38500189 0.385 0.385 0.32 0.32 0.32 0.32 -1.1349997 -1.135 -1.135 -1.135 -1.135 -1.135 -1.135 -0.23964385 -0.23024954 -1.21 -1.21 -1.21 -1.21 -1.2098367 -1.11 -1.11 -1.11 0.98999564 0.99 0.99 
1.244998 1.2 1.565 1.4046168 1.1752424 1.145 1.525 0.90548324 1.48 1.455 1.255 0.75 0.75 0.94363287 0.53501114 1.235 0.42 0.42 0.77453713 0.775 0.775 0.775 0.88131383 0.9 0.9 0.9 -0.084999932 -0.085 0.32 0.32 0.32 0.32 0.32 -1.1349998 -1.135 -1.135 -1.135 -1.135 -1.135 -1.010263 -0.36505227 -1.1074662 -1.21 -1.21 -1.21 -1.21 -1.21 -1.11 -1.11 -1.11 -0.93586599 0.99 0.99 
1.0750005 1.075 1.58 1.47 1.22 1.265 1.445 1.925 0.76 0.765 0.865 1.12 1.35 0.72 0.945 0.39 0.42 0.42 0.42 0.32013227 0.32 0.32 0.545 0.9 0.9 0.9 -0.085 -0.085 -0.085 0.32 0.32 0.31999999 0.23816199 -1.1329933 -1.1307649 -0.68416938 -0.68 -0.68 -0.6403813 -0.365 -0.365 -0.36608054 -1.21 -1.21 -1.21 -1.21 -1.21 -1.11 -1.11 -1.11 -1.11 0.99 0.99 
0.495 1.0749998 -0.13003676 1.05 0.54 1.35 1.19 1.17 0.525 0.44682583 0.5 0.49 1.075 0.72 1.025 0.39 0.57358457 0.5748914 0.645 0.32 0.32 1.155 0.545 0.545 0.9 0.89999508 -0.085 -0.085 -0.085 -0.855 -0.30357888 0.15 0.15 0.14999935 -0.68 -0.68 -0.68 -0.68 -0.365 -0.365 -0.365 -0.36500003 -1.21 -1.21 -1.21 -1.21 -1.21 -1.1100013 -1.11 -1.11 -1.11 0.98994202 0.99 
0.495 0.89999811 -0.13 -0.13929085 0.54 0.865 1.0100023 1.025 0.825 0.53999972 0.38275429 0.30999785 0.295 1.025 1.025 0.60302923 0.575 0.575 0.645 0.645 0.32000159 1.155 1.04 0.89 1.325 1.3249517 -0.085 -0.085 -0.855 -0.855 0.15 0.15 0.15 0.12642809 -0.68 -0.68 -0.68 -0.365 -0.365 -0.365 -0.365 -0.36499566 -1.21 -1.21 -1.21 -1.21 -1.21 -1.2091099 -1.11 -1.1099854 -0.785 -0.785 -0.785 
-0.18 0.975 0.090000049 -0.05 0.705 1.055 -0.03 0.10507021 -0.015 -0.4 0.17 0.205 0.20500006 -0.245 -0.245 0.50499879 0.505 0.45 0.45 0.64500009 0.395 0.395 0.89 1.325 1.325 1.12 -0.015 -0.015 0.31989325 -0.855 0.15 0.15 0.025 0.024882452 -1.0999193 -0.66 -0.66 -0.45626498 -0.365 -0.365 -0.32005612 -0.32 -0.31999985 -0.16380017 -0.1451177 -0.14500028 -0.14500004 -0.14500039 0.24238375 -0.785 -0.785 -0.785 -0.785 
0.92499724 0.845 1.2717248 0.58 0.955 0.18 0.52 0.26 -0.28 -0.28 0.17 0.19 0.30499986 -0.245 0.49999777 0.5 0.505 0.68 0.75 0.75 0.37850573 0.36 0.36 1.035 1.12 1.12 -0.015 -0.015 0.31999767 0.31995708 -0.28824016 0.025 0.025 -1.1 -1.1 -0.42035838 -0.66 -0.66 -0.37001005 -0.32000007 -0.32 -0.32 -0.31999804 -0.14499805 -0.145 -0.145 -0.145 -0.14499964 0.465 -0.78475228 -0.785 -0.785 -0.785 
0.925 1.34 1.355 -0.24 0.22497334 -0.375 -0.755 -0.095000012 -0.315 -0.375 -0.375 -0.235 0.305 0.305 0.49866212 0.47267729 0.47 -0.17 0.15000062 0.75 0.039763437 0.03 0.18 -0.545 -0.54499555 -0.2 0.725 0.72499974 0.28014017 0.27999999 -0.29 -0.21027726 -0.945 -1.1 -1.0607834 -0.22 -0.22 -0.37 -0.37 -0.32 -0.32 -0.32 0.20370337 0.20499998 -0.145 -0.145 -0.145 0.46497678 0.465 0.465 -0.785 -0.785 -0.785 
1.2800724 1.34 1.54 0.325 -0.04 -0.21 0.2 0.04 -0.58 -0.57601281 -1.13 -0.6 -0.6 -0.425 -0.42499868 -0.32278427 -0.325 -0.325 -0.1211515 0.52499992 0.145 0.145 0.515 0.31201799 -0.23476689 -0.2 0.015 0.725 -0.075322144 -0.08 -0.005 0.045 -0.065807327 -0.305 0.275 0.2 -0.085 -0.655 -0.21020548 -0.31973217 -0.26 0.069999999 0.20493977 0.205 0.20303001 -0.145 0.26999998 0.465 0.465 0.465 0.465 -0.68228136 0.83 
0.945 0.945 1.23 0.925 -0.135 -0.59 -0.525 -0.145 -0.15 -0.57503828 -0.94 -0.445 -0.425 -0.425 -0.285 -0.28554862 -0.325 -0.32502812 -0.505 0.525 0.525 0.47604328 0.515 0.29000426 0.29 0.29 0.015 0.32 0.32 -0.08 -0.08 0.044582745 -0.175 -0.305 0.29 0.2 -0.085 -0.64 -0.21 0.34092413 0.069999985 -0.016324757 -0.165 0.205 0.205 0.27 0.27 0.27 0.465 0.465 0.04 0.04 0.040000296 
0.945 0.945 0.61 0.17 -1 -0.575 -0.87 -0.73983382 -0.44 -1.175 -0.145 -1.065 -0.44582537 -0.285 -0.285 -0.2849602 0.06 0.030346149 -0.505 0.38 0.38 1.56 1.56 0.29 0.29 0.29 0.32 0.32 0.32 0.465 0.465 0.46499894 0.555 0.555 -0.02 -0.105 -0.045 -0.64499881 0.32 0.35 0.35 0.38999818 -0.165 0.205 0.089999817 -0.185 -0.56140385 -0.565 0.485 0.485 0.04 0.04 0.04 
0.945 0.8001932 0.42223631 -0.2699892 -0.54 -0.21 -0.87 -0.74 -0.44000251 -1.1668571 -1.0650001 -1.065 -0.035 -0.285 -0.285 0.059999989 0.06 0.059967844 -0.505 0.38 0.61172799 1.56 1.56 0.29005036 0.29 0.31958476 0.38 0.38 0.37999999 0.465 0.465 0.305 0.305 0.55499842 -0.02 0.074999927 -0.11876268 -0.645 -0.645 0.35 0.39 0.39 0.38999774 0.09 0.09 -0.185 -0.565 -0.565 0.485 0.485 0.04 0.04 0.04 
-0.44 -0.32142503 -0.39497858 -0.3940966 -0.53999859 -0.21000779 -0.86999998 -0.74160022 -0.46067307 -0.45919281 -0.035 -0.035 -0.035 -0.035 -0.28496459 0.06 0.06 0.05270495 -0.505 0.3801015 0.75 0.75 0.75 0.75 0.29785611 0.38 0.38 0.38 0.38 0.37990161 0.305 0.305 0.305 0.305 0.075 0.075 0.075 -0.61012059 -0.63951731 0.085 0.085 0.38998359 -0.2749875 0.089964844 0.09 -0.185 -0.565 -0.565 0.48499999 0.485 0.041614412 0.04 -0.20006737 
-0.44 -0.395 -0.395 -0.395 -0.395 -0.39499992 -0.86831055 -0.80844989 -0.51582701 -0.035454518 -0.035 -0.035 -0.035 -0.035 -0.034999946 0.059999994 0.059999911 0.021244856 -0.50498806 0.75 0.75 0.75 0.75 0.75 0.74102749 0.061610326 -0.15499989 -0.155 -0.155 -0.155 0.305 0.305 0.30500014 0.425 0.425 0.075 0.48332052 0.495 0.085000237 0.085 0.085 0.085 -0.275 -0.275 -0.275 -0.27437368 -0.35131994 -0.35 -0.35 -0.35 -0.34999998 -0.21999995 -0.22 
-0.325 -0.395 -0.395 -0.395 -0.395 -0.395 -0.39500003 -0.60027164 0.041831299 0.045 0.045 0.045 0.045 0.045 0.044999999 0.82389438 0.072327973 -0.017367154 0.7498424 0.75 0.75 0.75 0.75 0.75000029 0.335 0.335 0.33499931 -0.155 -0.155 -0.15441929 0.135 0.135 0.425 0.425 0.425 0.48378677 0.495 0.495 0.495 0.085 0.085 0.085 -0.275 -0.275 -0.275 -0.275 -0.34999999 -0.35 -0.35 -0.35 -0.35 -0.22 -0.22 
-0.325 -0.3510602 -0.395 -0.395 -0.395 -0.395 -0.0050765437 -0.005 -0.0049999988 0.045 0.045 0.045 0.045 0.045 0.22038256 0.84 0.84 0.84 0.99923853 0.99999974 1 1 1 1 0.335 0.335 0.335 0.335 -0.155 0.135 0.135 0.135 0.42499997 0.425 0.425 0.515 0.49502648 0.495 0.495 0.085032371 0.1493217 0.29935741 -0.275 -0.275 -0.00084866622 -3.1874667e-27 -1.0499873e-23 -0.34944012 -0.011188146 -0.01000003 -0.010000064 0.27492501 -0.21999899 
-0.325 -0.63154002 -0.51898128 -0.395 -0.395 -0.0052304305 -0.005 -0.005 -0.005 -0.0046396857 0.045 0.045 0.045 0.045000096 0.84 0.84 0.84 0.84 0.99985708 1 1 1 1 1 0.33500002 0.335 0.335 0.335 0.33427254 0.135 0.135 0.135 0.92499998 0.42502122 0.515 0.515 0.515 0.51692221 0.31235702 0.3 0.3 0.3 0.21 0.21 1.2931336e-21 8.4542396e-80 -1.4998149e-51 -0.0099999999 -0.01 -0.01 -0.01 0.275 0.275 
-0.63984746 -0.64 -0.64 -0.64 -0.23 -0.005005804 -0.005 -0.005 -0.005 -0.005 0.044242899 0.04499987 0.045 0.84 0.84 0.84 0.84 0.84 0.84149565 1 1 1 1 1 0.83635024 1.079996 1.08 1.08 1.08 0.13500004 0.92499999 0.925 0.925 0.925 0.515 0.51500461 0.69 0.69 0.30486973 0.3 0.3 0.3 0.21 0.21 0.032515231 5.7077152e-53 -4.6340153e-42 -0.01 -0.01 -0.01 -0.0069440589 0.275 0.275 
-0.64 -0.64 -0.64 -0.44692488 -0.23 -0.23 -0.005 -0.005 -0.005 -0.005 0.035 0.035 0.035 0.84 0.84 0.84 0.84 0.83990415 0.665 0.665 0.99999986 1 1.0023129 1.095 1.094865 1.08 1.08 1.08 1.08 0.92501578 0.925 0.925 0.925 0.925 0.68999938 0.69 0.69 0.69 0.68863523 0.3 0.3 0.3 0.21 0.21 0.21 6.1510634e-15 1.256258e-15 -0.0099999862 -0.01 -0.0099999982 0.275 0.275 0.275 
-0.64 -0.64 -0.64 -0.23 -0.23 -0.23 -0.22999966 -0.005 -0.005 0.034958708 0.035 0.035 0.035 0.035501543 0.370535 0.26 0.26 0.26 0.665 0.665 0.665 1.095 1.095 1.095 1.0949412 0.97771776 1.08 1.08 1.08 0.59921319 0.52003983 0.52 0.52 0.52 0.73960361 0.80999973 0.81 0.81 0.81 0.46997674 0.47 0.47 0.21 0.21 0.31499956 0.31500022 0.935 0.935 0.69 0.69 0.69 0.275 0.9044367 
-0.64000005 -0.64 -0.63999999 -0.23 -0.23 -0.23 -0.23 -0.46999986 -0.0068592517 0.034832246 0.035 0.035 0.035 0.035441512 0.26 0.26 0.26 0.26000012 0.665 0.665 0.665 1.095 1.095 1.095 0.885 0.885 0.785 0.785 0.785 0.78355434 0.52 0.52 0.52 0.52 0.66492032 0.81 0.81 0.81 0.81 0.47 0.47 0.47 0.46512311 0.315 0.315 0.315 0.935 0.935 0.69 0.69 0.69 0.90499999 0.905 
-0.655 -0.63296586 -0.13 -0.13002901 -0.23 -0.46861137 -0.47 -0.47 -0.38801481 -0.15 -0.15 -0.15 -0.15 -0.25999642 -0.26 0.2599996 0.26 0.27067115 0.665 0.665 0.665 0.575 0.575 0.575 0.885 0.885 0.785 0.785 0.785 0.78499986 0.58999956 0.5899998 0.52175934 0.52007504 0.455077 0.455 0.455 0.455 0.455 0.47 0.47 0.47 0.32353464 0.315 0.315 0.31499988 0.935 0.935 0.93499118 0.69 0.69000134 0.72 0.905 
-0.34505887 -0.34499996 -0.13 -0.13 -0.13 -0.47 -0.47 -0.47 -0.245 -0.245 -0.15 -0.15 -0.15 -0.26 -0.26 -0.26 -0.26 -0.25989537 0.665 0.665 0.665 0.575 0.575 0.575 0.885 0.885 0.785 0.785 0.785 0.59219864 0.59 0.59 0.59 0.59 0.45506661 0.455 0.455 0.455 0.455 0.25500006 0.255 0.255 0.255 0.31499497 -0.34 -0.34 -0.34 0.175 0.175 0.175 0.72 0.72 0.72 
-0.345 -0.345 -0.13 -0.13 -0.13 -0.4682129 -0.47 -0.245 -0.245 -0.245 -0.15001169 -0.15 -0.78735728 -0.26000015 -0.26 -0.26 -0.26 -0.43 -0.43 -0.43 0.19500001 0.19500028 0.57499815 0.575 0.57506036 0.53 0.53 0.53000061 0.78495879 0.37504285 0.37500114 0.37503754 0.58963254 0.58981446 0.47890548 0.45499976 0.45290548 -0.17 -0.17 0.255 0.255 0.255 0.255 -0.34 -0.34 -0.34 -0.34 0.175 0.175 0.175 0.72 0.72 0.72 
-0.345 -0.345 -0.13 -0.13 -0.13 -0.13 -0.38578907 -0.245 -0.245 -0.245 -0.24537838 -0.93 -0.93 -0.93 -0.26394846 -0.26 -0.42886716 -0.43 -0.43 -0.43 0.195 0.195 0.195 0.195 0.53 0.53 0.53 0.53 0.53 0.375 0.375 0.375 0.375 0.37500119 0.94 -0.17 -0.17 -0.17 -0.17 -0.17000059 -0.425 -0.425 -0.425 -0.36154496 -0.23 -0.23 -0.23 0.17499999 0.17499925 -0.595 -0.595 -0.39472875 -0.395 
-0.345 -0.345 -0.2075999 -0.13 -0.13 -0.13000001 -0.54446764 -0.24594543 -0.245 -0.245 -0.92999993 -0.93 -0.93 -0.93 -0.93 -0.87500788 -0.43 -0.43 -0.43 -0.43 0.19499517 0.195 0.195 0.195 0.53 0.53 0.53 0.53 0.53 0.69275126 0.375 0.375 0.375 0.94 0.94 0.93913806 -0.17 -0.17 0.083250332 0.27999996 -0.425 -0.425 -0.425 -0.3622463 -0.23 -0.23 -0.23 -0.455 -0.59325561 -0.595 -0.595 -0.395 -0.395 
-0.575 -0.575 -0.575 -0.24157373 -0.12992247 -0.545 -0.545 -0.545 -0.545 -0.575 -0.575 -0.92999997 -0.93 -0.93 -0.93 -0.9299683 -0.43 -0.43 -0.43 -0.43 -0.077729726 0.195 0.195 0.19212125 0.10481535 0.53 0.53 0.53 0.805 0.805 0.805 0.80499819 0.94 0.94 0.94 0.94 0.28 0.28 0.28 0.28 -0.475 -0.475 -0.475 -0.20000553 -0.2 -0.2 -0.20000001 -0.455 -0.455 -0.59482942 -0.595 -0.39500111 -0.395 
-0.575 -0.575 -0.575 -0.57497281 -0.07 -0.1390728 -0.545 -0.545 -0.545 -0.575 -0.575 -0.575 -0.76000001 -0.76 -0.76 -0.75999999 -0.42958784 -0.43 -0.43 -0.43 -0.42052878 0.085000302 0.085 0.085 0.085 0.085000001 -0.049999996 -0.05 0.805 0.805 0.805 0.805 0.94000015 0.94 0.94 0.9400171 0.28 0.28 0.28 0.28059222 -0.475 -0.475 -0.475 -0.20001275 -0.2 -0.2 -0.2 -0.455 -0.455 -0.45500002 -0.615 -0.615 -0.525 
-0.575 -0.575 -0.575 -0.070001164 -0.07 -0.07 -0.54499982 -0.545 -0.545 -0.575 -0.575 -0.575 -0.76 -0.76 -0.76 -0.71773145 -0.205 -0.205 -0.20500058 -0.42872914 0.085 0.085 0.085 0.085 0.085 0.084898405 -0.05 -0.05 -0.049999998 0.805 0.805 0.80430807 1.15 1.15 1.15 0.070000005 0.070000002 0.415 0.415 0.415 0.07 -0.47482905 -0.47499489 0.21 0.21 0.19446147 -0.19999935 -0.455 -0.455 -0.615 -0.615 -0.615 -0.525 
-0.575 -0.575 -0.575 -0.07 -0.07 -0.07 -0.07 -0.545 -0.545 -0.575 -0.575 -0.75260267 -0.76 -0.76 -0.76 -0.205 -0.205 -0.205 -0.205 -0.205 0.085 0.085 0.085 0.085 0.085 -0.049999539 -0.05 -0.05 -0.05 -0.27 -0.27 -0.27 1.15 1.15 1.15 0.07 0.07 0.415 0.415 0.07 0.07 0.07 0.21 0.21 0.21 0.21 0.23587641 0.525 0.525 0.525 -0.61499999 0.13 0.13 
-0.575 -0.575 -0.57429676 -0.07 -0.07 -0.07 -0.07 -0.150921 -0.155 -0.15572108 -0.575 -0.7599799 -0.76 -0.76 -0.75999808 -0.205 -0.205 -0.205 -0.205 -0.205 -0.36574312 0.085 0.085 0.085 0.08500206 -0.049991842 -0.05 -0.05 -0.05 -0.27 -0.27 -0.27 -0.26979646 1.15 0.07 0.07 0.07 0.070014011 0.41497647 0.07 0.07 0.07 0.2099915 0.21 0.21 0.21 0.52499857 0.525 0.525 0.525 0.13 0.13 0.13 
-0.3 -0.30000048 -0.070273716 -0.07 -0.07 -0.07 -0.15498191 -0.155 -0.155 -0.155 -0.51999999 -0.52 -0.52 -0.52 -0.20645388 -0.205 -0.205 -0.205 -0.205 -0.38499989 -0.385 -0.385 0.094999998 0.095 0.095 0.095 0.082484635 -0.05 -0.44498382 -0.445 -0.445 -0.445 -0.445 -0.185 -0.185 -0.185 -0.185 -0.185 0.09 0.09 0.09 0.09 0.09 0.3847362 0.385 0.385 0.385 0.525 0.525 0.525 0.13006223 0.13 0.13 
-0.3 -0.3 -0.30272099 -0.62499888 -0.62499988 -0.62454144 -0.155 -0.155 -0.155 -0.155 -0.52 -0.52 -0.52 -0.52 -0.52 -0.205 -0.205 -0.205 -0.38499995 -0.385 -0.385 -0.385 0.094999998 0.095 0.095 0.095 0.095 0.094968777 -0.44498069 -0.445 -0.445 -0.445 -0.44499224 -0.25019369 -0.18506751 -0.185 -0.185 -0.185 0.09 0.09 0.09 0.09 0.090000001 0.385 0.385 0.385 0.385 0.45046674 0.525 0.86615086 0.87 0.64 0.64 
-0.3 -0.3 -0.62495883 -0.625 -0.625 -0.625 -0.50562198 -0.155 -0.155 -0.155 -0.52 -0.52 -0.52 -0.52 -0.52 -0.20524456 -0.205 -0.38494723 -0.385 -0.385 -0.385 -0.385 -0.08281911 0.095 0.095 0.095 0.095 0.094653024 -0.395 -0.395 -0.395 -0.395 -0.395 -0.3 -0.3 -0.3 -0.3 -0.3 0.28 0.28 0.28 0.28 0.28 0.38574471 0.38500016 0.385 0.3850517 0.39129071 0.87 0.87 0.87 0.64000129 0.64 
-0.30000089 -0.77554445 -0.62500002 -0.625 -0.625 -0.625 -0.625 -0.15520012 -0.155 -0.155 -0.52 -0.52 -0.52 -0.52 -0.75466927 -0.76 -0.76 -0.38500965 -0.385 -0.385 -0.385 -0.385 -0.38499997 0.095 0.095 0.095 0.095 -0.25000013 -0.25000007 -0.28085952 -0.395 -0.395 -0.395 -0.3 -0.3 -0.3 -0.3 -0.30006434 0.28 0.28 0.28 0.28 0.28002069 0.69 0.69 0.69 0.69 0.69001452 0.87 0.87 0.87 0.8700003 1.3444699 
-0.785 -0.785 -0.79913692 -0.625 -0.625 -0.625 -0.625 -0.625 -0.1552024 -0.97999999 -0.98 -0.98 -0.97890833 -0.75999965 -0.76 -0.76 -0.76 -0.76 -0.3850003 -0.38756431 -0.41 -0.41 -0.41 -0.28294825 0.068587997 -0.072737628 -0.19199727 -0.25 -0.25 -0.25 -0.25 -0.25 -0.25231139 -0.39056674 -0.395 -0.395 -0.395 -0.395 0.33072006 0.54999951 0.55 0.55 0.55 0.39500087 0.68999992 0.69 0.69 0.73 0.86999776 0.87 0.87 1.355 1.355 
-0.785 -0.785 -1.08 -1.08 -1.08 -0.62515156 -0.625 -0.625 -0.98 -0.98 -0.98 -0.98 -0.98 -0.76000001 -0.76 -0.76 -0.76 -0.76 -0.41 -0.41 -0.41 -0.41 -0.41 -0.23500001 -0.235 -0.235 -0.235 -0.25 -0.25 -0.25 -0.25 -0.25 -3.8683712e-18 -1.6959205e-22 -0.395 -0.395 -0.395 -0.37000426 -0.37 0.55 0.55 0.55 0.54999996 0.395 0.395 0.395 0.73 0.73 0.73 0.85 0.85 1.355 1.355 
-0.785 -0.785 -1.08 -1.08 -1.08 -1.08 -1.0799997 -1.03 -0.98004708 -0.98 -0.98 -0.98 -0.98 -0.7627443 -0.76 -0.76 -0.76 -0.76 -0.41000001 -0.41 -0.41 -0.41 -0.41 -0.235 -0.235 -0.235 -0.235 -0.23500006 -0.25 -0.25 -0.25 -1.3107164e-05 -1.2130941e-40 -4.7104241e-74 -8.0591795e-31 -0.395 -0.37 -0.37 -0.37 -0.34579308 0.33924788 0.3 0.3 0.395 0.395 0.395 0.73 0.73 0.73 0.85 0.85 0.85 1.2372569 
-0.32 -0.32000365 -1.08 -1.08 -1.08 -1.08 -1.03 -1.03 -1.03 -0.98 -0.98 -0.98 -0.98 -0.97993161 -0.76 -0.76 -0.76 -0.76 -0.41000617 -0.41 -0.41 -0.41 -0.26582982 -0.235 -0.235 -0.235 -0.235 -0.28499996 -0.285 -0.285 -0.2503663 -4.7616064e-17 -2.146287e-27 -5.3465776e-43 -5.537543e-07 -0.57999999 -0.37 -0.37 -0.37 -0.36999999 0.3 0.3 0.3 0.785 0.785 0.785 0.49002337 0.73 0.73 0.85 0.85 0.85 1.2250001 
-0.32 -0.32 -1.08 -1.08 -1.08 -1.03 -1.03 -1.03 -1.03 -0.98548518 -0.98 -0.98 -0.98 -0.9799988 -0.69500748 -0.695 -0.695 -0.695 -0.28967491 -0.415 -0.415 -0.415 -0.415 -0.235 -0.235 -0.235 -0.2350033 -0.285 -0.285 -0.285 -0.285 -4.9487863e-05 -0.32623322 -0.58 -0.58 -0.58 -0.36914211 -0.14000479 -0.14 -0.14 0.3003564 0.75499999 0.755 0.785 0.785 0.78499875 0.49 0.49 1.19 1.19 1.19 1.02 1.245 
-0.32 -0.32 -0.79 -0.79 -0.79 -1.03 -1.03 -1.03 -1.03 -1.125 -1.125 -1.125 -1.125 -1.0946969 -0.695 -0.695 -0.695 -0.695 -0.285 -0.415 -0.415 -0.415 -0.415 0.015 0.014999901 -0.23499963 -0.285 -0.285 -0.285 -0.285 -0.27234312 -0.26 -0.54192439 -0.58 -0.58 -0.58 -0.14 -0.14 -0.14 -0.14 0.755 0.755 0.755 1.0699007 1.07 0.49260706 0.49 0.49 1.1899991 1.19 1.02 1.02 1.245 
-0.32 -0.79 -0.79 -0.79 -0.79 -0.79 -1.0277099 -0.735 -0.735 -1.125 -1.125 -1.125 -1.125 -1.1248982 -0.695 -0.695 -0.695 -0.6764749 -0.285 -0.285 -0.415 -0.415 0.015 0.015 0.015 0.015 -0.285 -0.285 -0.285 -0.285 -0.26 -0.26 -0.26 -0.57967619 -0.58 -0.58 -0.14 -0.14 -0.14 -0.14 0.755 0.755 0.755 1.07 1.07 1.0699924 0.935 0.935 1.055 1.055 1.02 1.02 1.245 
-0.78558612 -0.79 -0.79 -0.79 -0.79 -0.79 -0.735 -0.735 -0.735 -0.9437443 -1.125 -1.125 -1.125 -1.1249998 -0.695 -0.695 -0.695 -0.285 -0.285 -0.285 -0.41499351 -0.41499737 0.015 0.015 0.015 0.015 -0.28497868 -0.285 -0.285 -0.26000575 -0.26 -0.26 -0.26 -0.26 -0.57832621 0.045 0.045 0.041798253 -0.14 -0.14 0.75499921 0.755 1.0608413 1.07 1.07 0.93500005 0.935 0.935 1.055 1.055 0.73 0.73 1.02 
-0.79 -0.79 -0.79 -0.79 -0.79 -0.79 -0.735 -0.735 -0.735 -0.735 -1.2199973 -1.22 -1.22 -1.22 -0.69500066 -0.72384545 -0.74 -0.74 -0.28583879 -0.285 -0.28500003 0.014999376 0.015 0.015 0.015 0.015 0.014781883 -0.285 -0.28499915 -0.26 -0.26 -0.26 -0.26 -0.26 0.045 0.045 0.045 0.045 0.045 0.044999952 0.31 0.31 0.30999989 -0.02 -0.02 -0.02 0.67 0.67 0.89 0.89 0.73 0.73000063 1.02 
-0.79 -0.79 -0.79 -0.79 -0.79 -0.79 -0.735 -0.735 -0.735 -1.22 -1.22 -1.22 -1.22 -1.22 -1.0934732 -0.74 -0.74 -0.74 -0.74 -0.74 -0.71827525 0.014999997 0.015 0.015 0.015000001 0.019239136 0.14978846 -0.22576767 -0.26012329 -0.26 -0.26 -0.26 -0.26 -0.25999933 0.045 0.045 0.045 0.045 0.045 0.16827738 0.31 0.31 0.31 -0.02 -0.02 -0.02 0.67 0.67 0.89 0.89 0.99 1.0183449 1.02 
-0.79 -0.79 -0.79 -0.79 -0.79 -0.78999998 -0.73500001 -0.735 -0.7551302 -1.22 -1.22 -1.22 -1.22 -1.22 -1.1969762 -0.74 -0.74 -0.74 -0.74 -0.74 -0.74 0.12656474 0.14999981 0.15 0.15 0.15 0.15 0.15 0.29737096 0.29999337 0.29999999 0.3 0.3 0.29999982 0.045 0.045 0.045 0.045 0.045 0.30999997 0.31 0.31 0.31 0.30999985 -0.019503001 0.29 0.66999996 1.4365061 0.89049067 0.99 0.99 0.97409822 0.225 
-0.79 -0.79 -0.79 -0.79 -0.79 -0.78999649 -0.73500297 -0.73502935 -1.2199994 -1.22 -1.22 -1.22 -1.22 -1.22 -1.2108666 -0.74 -0.74 -0.74 -0.74 -0.74 -0.74 0.15 0.15 0.15 0.15 0.15 0.15 0.15 0.29995859 0.3 0.3 0.3 0.3 0.3 0.23013003 0.045 0.045 0.045 0.045 0.31 0.31 0.31 0.31 0.30999488 0.29 0.29 0.29727032 1.45 1.45 0.99 0.99 0.225 0.225 
-0.79 -0.79 -0.79 -0.79 -0.79 -0.78992665 -0.73507894 -1.1652709 -1.22 -1.22 -1.22 -1.22 -1.22 -1.22 -1.2115968 -0.74 -0.74 -0.74 -0.74 -0.74 -0.61328017 0.15 0.15 0.15 0.15 0.15 0.15 0.15 0.2999994 0.3 0.3 0.3 0.3 0.3 0.3 0.065829579 0.098191915 0.11589088 0.11859008 0.31 0.31 0.31 0.31 0.2900016 0.29 0.29567073 1.240001 1.45 1.45 0.61502399 0.615 0.615 0.22500017 
-0.79 -0.79 -0.79 -0.79 -0.78999994 -0.78954154 -0.77731702 -1.2198666 -1.22 -1.22 -1.22 -1.22 -1.22 -1.22 -1.2087913 -0.74 -0.74 -0.74 -0.74 -0.74 0.14999616 0.15 0.15 0.15 0.15 0.15 0.15 0.15 0.29999996 0.3 0.3 0.3 0.3 0.3 0.29999996 0.12 0.12 0.12 0.12 0.31 0.31 0.31 0.31 1.2399972 1.24 1.24 1.24 1.2399944 0.725 0.725 0.615 0.615 0.4477687 
-0.79 -0.79 -0.79 -0.79 -0.78999847 -0.78872708 -1.1868219 -1.2199937 -1.22 -1.22 -1.22 -1.22 -1.22 -1.22 -1.2037058 -0.7400002 -0.74 -0.74 -0.74 -0.73464348 0.15 0.15 0.15 0.15 0.15 0.15 0.15 0.15 0.29999997 0.3 0.3 0.3 0.3 0.3 0.12000017 0.12 0.12 0.12 0.12 0.31 0.31 0.31 0.31 0.561003 1.24 1.24 1.24 0.72500576 0.725 0.725 0.375 0.375 0.375 
-0.79 -0.79 -0.79 -0.78999988 -0.78998613 -0.80714935 -1.2182069 -1.2199984 -1.22 -1.22 -1.22 -1.22 -1.22 -1.22 -1.196817 -0.74001129 -0.74 -0.74 -0.73999898 0.13196719 0.15 0.15 0.15 0.15 0.15 0.15 0.15 0.15 0.29999986 0.3 0.3 0.3 0.3 -0.077001426 0.1199999 0.12 0.12 0.12 0.12 0.31 0.31 0.31 0.31 0.31 1.24 1.24 1.24 0.72500001 0.725 0.725 0.375 0.375 0.375 
-0.79 -0.79 -0.78999995 -0.78999863 -0.79004184 -1.0184711 -1.2196879 -1.219999 -1.22 -1.22 -1.22 -1.22 -1.22 -1.2199991 -1.1886268 -0.7401753 -0.74000001 -0.73999997 -0.73539204 0.14992432 0.15 0.15 0.15 0.15 0.15 0.15 0.15 0.15000009 0.29999906 0.3 0.29999963 -0.16972523 -0.215 -0.215 -0.215 0.12 0.12 0.12 0.12 0.31 0.31 0.31 0.31 0.31 1.2399835 1.24 1.2399997 0.72500004 0.725 0.72499981 0.375 0.375 0.375 
