interpolatedSpi/07-07|22_1.tif
NCOLS 53
NROWS 52
XLLCORNER -116.03883
YLLCORNER 28.596182
DX 0.49850594
DY 0.49788537
NODATA_VALUE -9999
-0.135 -0.135 -0.36228632 -0.79 -0.835 -0.715 -0.43 -0.485 -1.011831 -0.26 -0.565 0.3 0.37996294 -0.07 0.02 0.02 0.02 0.82 0.23 0.23 0.23 0.2299986 0.084999995 -0.395 -0.395 -0.395 -1.4049954 -1.405 -1.405 -0.97 -0.97 -0.97 -0.97 -0.73500005 -0.735 -0.735 -0.735 -0.735 -0.735 -0.73499998 -0.037511874 -0.029940226 0.205 0.205 0.205 0.205 0.20486933 0.125 0.125 0.125 -0.23999924 -0.24 -0.24 
-0.13499956 -0.125 -0.17999931 0.042932635 -0.054870513 -0.065 -0.46 0.18418184 -0.09 0.295 0.5 0.38 0.38 0.87184893 -0.06998779 0.02 0.82 0.82 0.23076928 0.23 0.23 0.23 -0.39842141 -0.395 -0.395 -0.395 -1.4099999 -1.41 -0.97 -0.97 -0.97 -0.97 -0.97 -0.73500003 -0.735 -0.735 -0.735 -0.735 -0.73499998 -0.49677049 0.80485221 0.2778043 0.205 0.205 0.205 0.205 0.205 0.125 0.125 0.125 0.094733851 -0.24 -0.24 
0.54997312 0.55 0.415 0.785 0.535 0.415 0.605 1.16 0.625 1.22 0.645 0.56 0.095 0.92 0.875 0.615 0.82 0.82 0.82 0.39495203 0.395 0.395 -0.46 -0.395 -0.395 -0.395 -1.41 -1.41 -1.41 -0.97 -0.97 -0.96999998 -0.81354498 -0.73449328 -0.73299881 -0.52197015 -0.52 -0.52 -0.35334992 0.80499999 0.805 0.80423275 0.205 0.205 0.205 0.205 0.205 0.125 0.125 0.125 0.125 -0.24 -0.24 
0.11 0.55000013 1.2099824 1.85 1.03 1.345 1.145 0.875 1.135 0.81343269 0.99 1.21 1.055 0.92 0.345 0.615 -0.17391749 -0.17929934 -0.95 0.395 0.395 -0.565 -0.46 -0.46 -0.395 -0.39500507 -1.41 -1.41 -1.41 -0.575 -0.61340744 -0.645 -0.645 -0.64499989 -0.52 -0.52 -0.52 -0.52 0.805 0.805 0.805 0.80499998 0.205 0.205 0.205 0.205 0.205 0.12500101 0.125 0.125 0.125 -0.23996619 -0.24 
0.11 1.19 1.21 1.6420895 1.03 0.95 0.55003602 1.74 0.92 1.6499997 1.5736187 1.5398489 0.485 0.345 0.345 0.51316601 -0.18 -0.18 -0.95 -0.95 0.39499802 -0.565 -0.035 -0.47 -1.445 -1.4445229 -1.41 -1.41 -0.575 -0.575 -0.645 -0.645 -0.645 -0.4705696 -0.52 -0.52 -0.52 0.805 0.805 0.805 0.805 0.80490588 0.20499999 0.205 0.205 0.205 0.205 0.2042879 0.125 0.12503004 0.795 0.795 0.795 
-0.865 0.61 1.12 0.875 1.145 0.705 0.505 0.66311537 1.08 0.47 -0.735 0.76 0.75999982 0.695 0.695 0.45987445 0.46 0.02 0.019999997 -0.94999916 -1.145 -1.145 -0.47 -1.445 -1.445 0.595 -0.43 -0.43 0.6748858 -0.575 -0.645 -0.645 0.28 0.28007889 1.034946 1.155 1.155 0.91328049 0.805 0.805 -0.16878397 -0.17 -0.16999787 -0.37949662 -0.38993424 -0.38999984 -0.38999998 -0.38999977 0.18214789 0.795 0.795 0.795 0.795 
-1.0799943 0.63 0.20032774 0.025 0.46 0.395 0.875 1.185 1.365 1.365 -0.735 0.51 -0.48999974 0.695 -0.059997738 -0.06 0.46 -0.22 1.5233868e-11 1.5727782e-44 -0.96356302 -0.76 -0.76 0.40999997 0.595 0.595 -0.43 -0.43 0.67496999 0.67444745 0.61858244 0.28 0.28 1.035 1.035 1.1087056 1.155 1.155 1.3099946 -0.16999794 -0.17 -0.17 -0.16998768 -0.38999632 -0.39 -0.39 -0.39 -0.38999972 0.08 0.79485831 0.795 0.795 0.795 
-1.08 -0.23 0.92 0.425 0.45999799 0.655 1.19 1.28 1.01 1.485 1.485 0.49 -0.49 -0.49 -0.062950199 -0.37421115 -0.405 0.045 0.11999988 1.2102694e-29 0.17972139 0.24 -0.545 0.455 0.45499226 -0.145 0.225 0.22499977 0.16180463 0.16000001 0.62 0.41327085 0.765 1.035 1.0238767 1.07 1.07 1.31 1.31 -0.17 -0.17 -0.16999998 0.2706577 0.26999997 -0.39 -0.39 -0.39 0.07998211 0.08 0.08 0.795 0.795 0.795 
-0.20117405 -0.22999999 0.64 0.47 0.655 0.67 1.395 1.365 2.01 1.1926264 0.38 0.465 0.465 0.915 0.91499591 -0.80887123 -0.81 -0.81 0.056448857 -0.39000002 -0.47 -0.46999999 0.425 -0.16273894 -0.084535842 -0.145 0.39 0.225 0.53816953 0.54 0.315 1.16 0.83766112 0.88 0.645 0.66 0.745 -0.4 1.234245 -0.16607188 0.71 0.43 0.27008953 0.27 0.26628516 -0.39 0.78999994 0.080000006 0.08 0.08 0.08 0.71407016 0.135 
-0.04 -0.04 0.875 0.6 0.545 0.67 0.875 0.915 1.065 0.98501111 1.005 1.17 0.915 0.915 0.48 0.46230707 -0.81 -0.80974618 0.355 -0.39 -0.39 -0.40030669 0.425 0.80999271 0.81 0.81 0.39 1.03 1.03 0.54 0.54 1.1587862 0.52 0.88 0.74 0.66 0.745 0.725 1.235 -0.17182409 0.43000001 0.57326236 0.82 0.27 0.27 0.79 0.79 0.79 0.08 0.08 0.145 0.145 0.145 
-0.04 -0.04 0.305 0.25 0.405 0.33 0.37000001 0.81539988 1.085 0.84 0.805 0.61 1.1692541 0.48 0.48 0.4799279 -0.145 -0.11875765 0.355 -0.245 -0.245 -0.43 -0.43 0.81 0.81 0.81 1.03 1.03 1.03 -0.27 -0.27 -0.2699987 0.125 0.125 -0.05 -0.18 0.415 0.26500153 0.405 -0.195 -0.195 -0.23999652 0.82 0.27 0.50499962 0.055 0.23739026 0.235 -0.2 -0.2 0.145 0.145 0.145 
-0.04 0.10897191 0.28152954 0.230005 0.54 0.295 0.37 0.815 1.0849977 0.8427143 0.6100003 0.61 0.42 0.48 0.48 -0.14499998 -0.145 -0.14497154 0.355 -0.245 -0.28133024 -0.43 -0.43 0.80995077 0.81 0.54044996 -0.01 -0.01 -0.0099998696 -0.27 -0.27 -0.33 -0.33 0.12499952 -0.05 -0.16999996 0.41981017 0.265 0.265 -0.195 -0.24 -0.24 -0.23999445 0.505 0.505 0.055 0.235 0.235 -0.2 -0.2 0.145 0.145 0.145 
0.795 0.55321656 0.57498795 0.57250454 0.53999875 0.29500578 0.37 0.80952231 1.0663942 1.0786024 0.42 0.42 0.42 0.42 0.4799915 -0.145 -0.145 -0.1385442 0.355 -0.24483855 0.3 0.3 0.3 0.3 0.80068066 -0.01 -0.01 -0.01 -0.01 -0.010255384 -0.33 -0.33 -0.33 -0.33 -0.17 -0.17 -0.17 0.24423569 0.25932954 -0.49 -0.49 -0.24001345 -0.50496543 0.50490272 0.505 0.055 0.235 0.235 -0.2 -0.2 0.14374838 0.145 -0.13781044 
0.795 0.575 0.575 0.575 0.575 0.57499988 0.36980804 0.58059248 1.0167558 0.42071004 0.42 0.42 0.42 0.42 0.42000001 -0.14499999 -0.14499992 -0.11070341 0.35499285 0.3 0.3 0.3 0.3 0.3 0.30356544 -0.18481632 -0.38499992 -0.385 -0.385 -0.385 -0.33 -0.33 -0.33000016 -0.46 -0.46 -0.17 -0.45679656 -0.465 -0.48999999 -0.49 -0.49 -0.49 -0.505 -0.505 -0.505 -0.50110291 -0.26178421 -0.265 -0.265 -0.265 -0.265 0.50999992 0.51 
0.545 0.575 0.575 0.575 0.575 0.575 0.57499999 0.22225344 0.43759579 0.435 0.435 0.435 0.435 0.435 0.435 0.31736142 -0.13765556 -0.076533178 0.30000675 0.3 0.3 0.3 0.3 0.30000005 0.465 0.465 0.4649988 -0.385 -0.385 -0.38465958 -0.215 -0.215 -0.46 -0.46 -0.46 -0.46419907 -0.465 -0.465 -0.465 -0.49 -0.49 -0.49 -0.505 -0.505 -0.505 -0.505 -0.26500001 -0.265 -0.265 -0.265 -0.265 0.51 0.51 
0.545 0.55616866 0.575 0.575 0.575 0.575 -0.40980668 -0.41 -0.40999998 0.435 0.435 0.435 0.435 0.435 0.40852716 0.315 0.315 0.315 0.34486293 0.34499995 0.345 0.345 0.345 0.345 0.465 0.465 0.465 0.465 -0.385 -0.215 -0.215 -0.215 -0.45999998 -0.46 -0.46 -0.49 -0.4650331 -0.465 -0.465 -0.4900569 -0.60368487 -0.86886426 -0.505 -0.505 -1.0283798 -1.03 -1.03 -0.26645657 -1.1469073 -1.1499999 -1.1499998 -0.77980483 0.50999738 
0.545 -0.21405132 0.16510271 0.575 0.575 -0.40941802 -0.41 -0.41 -0.41 -0.40391069 0.435 0.435 0.435 0.43499999 0.315 0.315 0.315 0.315 0.3449732 0.345 0.345 0.345 0.345 0.345 0.465 0.465 0.465 0.465 0.4625266 -0.215 -0.215 -0.215 0.19499999 -0.45998724 -0.49 -0.49 -0.49 -0.49203177 -0.84435498 -0.87 -0.87 -0.87 -1.025 -1.025 -1.03 -1.03 -1.03 -1.15 -1.15 -1.15 -1.15 -0.78 -0.78 
-0.23449627 -0.235 -0.235 -0.235 -0.475 -0.41000168 -0.41 -0.41 -0.41 -0.41 0.40623057 0.43499505 0.43499999 0.315 0.315 0.315 0.315 0.315 0.26590212 0.345 0.345 0.345 0.345 0.345 0.17342944 -0.19499642 -0.195 -0.195 -0.195 -0.21499998 0.19499999 0.195 0.195 0.195 -0.49 -0.49000487 -0.675 -0.675 -0.86756513 -0.87 -0.87 -0.87 -1.025 -1.025 -1.0292258 -1.03 -1.03 -1.15 -1.15 -1.15 -1.1460326 -0.78 -0.78 
-0.235 -0.235 -0.235 -0.34801958 -0.475 -0.475 -0.41 -0.41 -0.41 -0.41 0.055 0.055 0.055 0.315 0.315 0.315 0.315 0.31481491 -0.5 -0.5 0.34499966 0.345 0.33209673 -0.185 -0.18509003 -0.195 -0.195 -0.195 -0.195 0.19496029 0.195 0.195 0.195 0.195 -0.67499935 -0.675 -0.675 -0.675 -0.67566916 -0.87 -0.87 -0.87 -1.025 -1.025 -1.025 -1.03 -1.03 -1.15 -1.15 -1.15 -0.78 -0.78 -0.78 
-0.235 -0.235 -0.235 -0.475 -0.475 -0.475 -0.4749999 -0.41 -0.41 0.054519986 0.055 0.055 0.055 0.055161975 -0.5915531 -0.805 -0.805 -0.805 -0.5 -0.5 -0.5 -0.185 -0.185 -0.185 -0.1849972 -0.18450951 -0.195 -0.195 -0.195 0.17382665 0.18000148 0.18 0.18 0.18 -0.5534574 -0.38500066 -0.385 -0.385 -0.385 -1.0799713 -1.08 -1.08 -1.025 -1.025 -0.81500088 -0.8149997 0.04 0.04 -0.625 -0.625 -0.625 -0.78 0.079231056 
-0.23500112 -0.235 -0.23500001 -0.475 -0.475 -0.475 -0.475 -0.64999993 -0.41095961 0.05388013 0.055 0.055 0.055 0.053312442 -0.805 -0.805 -0.805 -0.80499991 -0.5 -0.5 -0.5 -0.185 -0.185 -0.185 -0.175 -0.175 0.094999996 0.095 0.095 0.095463702 0.18 0.18 0.18 0.18 -0.10234491 -0.385 -0.385 -0.385 -0.385 -1.08 -1.08 -1.08 -1.0716621 -0.815 -0.815 -0.815 0.04 0.04 -0.625 -0.625 -0.625 0.079999976 0.08 
-0.595 -0.42874136 -0.085 -0.085113146 -0.475 -0.64898746 -0.65 -0.65 -1.0234881 -1.18 -1.18 -1.18 -1.18 -0.99500602 -0.995 -0.80500015 -0.805 -0.7969637 -0.5 -0.5 -0.5 -0.56 -0.56 -0.56 -0.175 -0.175 0.095 0.095 0.095 0.094999757 -0.23999733 -0.23999882 0.16944393 0.17954973 -0.62907603 -0.63 -0.63 -0.63 -0.63 -1.08 -1.08 -1.08 -0.82959137 -0.815 -0.815 -0.81499993 0.04 0.04 0.039976062 -0.625 -0.62496154 0.235 0.08 
-1.0249183 -1.0249998 -0.085 -0.085 -0.085 -0.65 -0.65 -0.65 -1.675 -1.675 -1.18 -1.18 -1.18 -0.995 -0.995 -0.995 -0.995 -0.99494435 -0.5 -0.5 -0.5 -0.56 -0.56 -0.56 -0.175 -0.175 0.095 0.095 0.095 -0.23622285 -0.24 -0.24 -0.24 -0.24 -0.62980756 -0.63 -0.63 -0.63 -0.63 -0.55000014 -0.55 -0.55 -0.55 -0.81499705 -0.43 -0.43 -0.43 0.185 0.185 0.185 0.235 0.235 0.235 
-1.025 -1.025 -0.085 -0.085 -0.085 -0.64703026 -0.65 -1.675 -1.675 -1.675 -1.1800609 -1.18 -0.55081396 -0.99499987 -0.995 -0.995 -0.995 -0.405 -0.405 -0.405 -1.05 -1.0499996 -0.56000239 -0.56 -0.56004011 -0.81 -0.81 -0.80999784 0.094853746 -0.82488342 -0.82499689 -0.82489787 -0.24099983 -0.24050485 -0.56091786 -0.63000018 -0.63155832 -1.095 -1.095 -0.55 -0.55 -0.55 -0.55 -0.43 -0.43 -0.43 -0.43 0.185 0.185 0.185 0.235 0.235 0.235 
-1.025 -1.025 -0.085 -0.085 -0.085 -0.085000002 -1.0336276 -1.675 -1.675 -1.675 -1.6743012 -0.41 -0.41 -0.41 -0.99155246 -0.995 -0.40893161 -0.405 -0.405 -0.405 -1.05 -1.05 -1.05 -1.05 -0.81 -0.81 -0.81 -0.81 -0.81 -0.825 -0.825 -0.825 -0.825 -0.82499859 -0.155 -1.095 -1.095 -1.095 -1.095 -1.0949978 -0.495 -0.495 -0.495 -0.4152747 -0.25 -0.25 -0.25 0.18499999 0.18499984 0.015 0.015 0.10503163 0.105 
-1.025 -1.025 -0.42427399 -0.085 -0.085 -0.08500001 -0.53203183 -1.6713916 -1.675 -1.675 -0.40999994 -0.41 -0.41 -0.41 -0.41 -0.45794982 -0.405 -0.405 -0.405 -0.405 -1.049995 -1.05 -1.05 -1.05 -0.81 -0.81 -0.81 -0.81 -0.81 -0.74371479 -0.825 -0.825 -0.825 -0.155 -0.155 -0.15572993 -1.095 -1.095 -0.70668282 -0.40500006 -0.495 -0.495 -0.495 -0.41773965 -0.25 -0.25 -0.25 -0.83 0.0044713822 0.015 0.015 0.105 0.105 
-1.085 -1.085 -1.085 -0.33572749 -0.085719275 -0.53 -0.53 -0.53 -0.53 -0.105 -0.105 -0.40999998 -0.41 -0.41 -0.41 -0.40999967 -0.405 -0.405 -0.405 -0.405 -0.76854292 -1.05 -1.05 -1.0273626 -0.21283055 -0.81 -0.81 -0.81 -0.715 -0.715 -0.715 -0.71500046 -0.155 -0.155 -0.155 -0.155 -0.405 -0.405 -0.405 -0.405 -0.705 -0.705 -0.705 -0.6600009 -0.66 -0.66 -0.65999987 -0.83 -0.83 0.013970414 0.015 0.10499917 0.105 
-1.085 -1.085 -1.085 -1.0849725 -0.575 -0.56845626 -0.53 -0.53 -0.53 -0.105 -0.105 -0.105 0.034999981 0.035 0.035 0.035000008 -0.40299415 -0.405 -0.405 -0.405 -0.41473327 -0.18500237 -0.185 -0.185 -0.185 -0.185 0.029999994 0.03 -0.715 -0.715 -0.715 -0.715 -0.1550001 -0.155 -0.155 -0.155011 -0.40499999 -0.405 -0.405 -0.40337687 -0.705 -0.705 -0.705 -0.66000209 -0.66 -0.66 -0.66 -0.83 -0.83 -0.8299999 -0.06 -0.06 -0.395 
-1.085 -1.085 -1.085 -0.57500118 -0.575 -0.575 -0.53000002 -0.53 -0.53 -0.105 -0.105 -0.105 0.035 0.035 0.035 0.084884505 0.69 0.69 0.68999717 -0.39881515 -0.185 -0.185 -0.185 -0.185 -0.185 -0.1848382 0.03 0.03 0.029999999 -0.715 -0.715 -0.71476185 -0.29 -0.29 -0.29 0.019999999 0.02 -0.035 -0.035 -0.035 0.06 -0.70476004 -0.70499493 -0.025 -0.025 -0.049065778 -0.65999861 -0.83 -0.83 -0.06 -0.06 -0.06 -0.395 
-1.085 -1.085 -1.085 -0.575 -0.575 -0.575 -0.575 -0.53 -0.53 -0.105 -0.105 0.029402019 0.035 0.035 0.035 0.69 0.69 0.69 0.69 0.69 -0.185 -0.185 -0.185 -0.185 -0.185 0.029999267 0.03 0.03 0.03 -0.345 -0.345 -0.345 -0.29 -0.29 -0.29 0.02 0.02 -0.035 -0.035 0.06 0.06 0.06 -0.025 -0.025 -0.025 -0.025 -0.01514232 0.095 0.095 0.095 -0.059999988 0.54 0.54 
-1.085 -1.085 -1.0842898 -0.575 -0.575 -0.575 -0.575 -0.060913644 -0.035 -0.035120181 -0.10499998 0.035030988 0.035 0.035 0.035002266 0.69 0.69 0.69 0.69 0.69 1.8241346 -0.185 -0.185 -0.185 -0.18483935 0.030031789 0.03 0.03 0.03 -0.345 -0.345 -0.345 -0.34499394 -0.29 0.02 0.02 0.02 0.019997744 -0.034993521 0.06 0.06 0.06 -0.02499484 -0.025 -0.025 -0.025 0.094997382 0.095 0.095 0.095 0.54 0.54 0.54 
-0.405 -0.40500119 -0.57526222 -0.575 -0.575 -0.575 -0.035114906 -0.035 -0.035 -0.035 0.40499999 0.405 0.405 0.405 0.68868456 0.69 0.69 0.69 0.69 1.9099993 1.91 1.91 0.59499987 0.595 0.595 0.595 0.54623323 0.03 -0.57497522 -0.575 -0.575 -0.575 -0.575 0.029999999 0.03 0.03 0.03 0.03 -0.04 -0.04 -0.04 -0.04 -0.04 -0.16478896 -0.165 -0.165 -0.165 0.095 0.095 0.095 0.53992989 0.54 0.54 
-0.405 -0.405 -0.3995998 0.23999836 0.23999982 0.23973134 -0.035 -0.035 -0.035 -0.035 0.405 0.405 0.405 0.405 0.405 0.69 0.69 0.69 1.9099997 1.91 1.91 1.91 0.595 0.595 0.595 0.595 0.595 0.59487929 -0.57474707 -0.575 -0.575 -0.575 -0.57489839 -0.20809868 0.029753459 0.03 0.03 0.029999994 -0.04 -0.04 -0.04 -0.04 -0.040000002 -0.165 -0.165 -0.165 -0.165 -0.04341892 0.095 -0.9680063 -0.98 -0.33 -0.33 
-0.405 -0.405 0.2399183 0.24 0.24 0.24 0.17015116 -0.035 -0.035 -0.035 0.405 0.405 0.405 0.405 0.405 0.68979265 0.69 1.9096423 1.91 1.91 1.91 1.91 1.0821503 0.595 0.595 0.595 0.595 0.59463531 0.08 0.08 0.08 0.08 0.08 -0.39 -0.39 -0.39 -0.39 -0.39 -0.395 -0.395 -0.395 -0.395 -0.395 -0.16692892 -0.1650004 -0.165 -0.16513391 -0.18123043 -0.98 -0.98 -0.98 -0.33000364 -0.33 
-0.40499858 0.3499881 0.24000002 0.24 0.24 0.24 0.24 -0.034882908 -0.035 -0.035 0.405 0.405 0.405 0.405 1.6907921 1.72 1.72 1.9099951 1.91 1.91 1.91 1.91 1.9099998 0.595 0.595 0.595 0.595 0.1999999 0.19999994 0.17446108 0.08 0.08 0.08 -0.39 -0.39 -0.39 -0.39 -0.38977988 -0.395 -0.395 -0.395 -0.395 -0.39501341 -0.955 -0.955 -0.955 -0.955 -0.95500202 -0.98 -0.98 -0.98 -0.97999978 -0.62065541 
0.365 0.365 0.41597638 0.24 0.24 0.24 0.24 0.24 -0.034879749 1.2 1.2 1.2 1.1981133 1.7199981 1.72 1.72 1.72 1.72 1.909994 1.8587138 1.41 1.41 1.41 1.1998658 0.54337654 0.26714918 0.034210384 0.2 0.2 0.2 0.2 0.2 0.19229042 -0.06528061 -0.065 -0.065 -0.065 -0.065 -0.42787435 -0.56999969 -0.57 -0.57 -0.57 -0.81500041 -0.95499996 -0.955 -0.955 -0.85 -0.97999792 -0.98 -0.98 -0.625 -0.625 
0.365 0.365 0.865 0.865 0.865 0.24020819 0.24 0.24 1.2 1.2 1.2 1.2 1.2 1.72 1.72 1.72 1.72 1.72 1.41 1.41 1.41 1.41 1.41 -0.049999924 -0.05 -0.05 -0.05 0.2 0.2 0.2 0.2 0.2 -0.09 -0.09 -0.065 -0.065 -0.065 -0.65489952 -0.655 -0.57 -0.57 -0.57 -0.56999994 -0.815 -0.815 -0.815 -0.85 -0.85 -0.85 -0.115 -0.115 -0.625 -0.625 
0.365 0.365 0.865 0.865 0.865 0.865 0.86499887 0.66 1.1994916 1.2 1.2 1.2 1.2 1.7135135 1.72 1.72 1.72 1.72 1.41 1.41 1.41 1.41 1.41 -0.05 -0.05 -0.05 -0.05 -0.049999026 0.2 0.2 0.2 -0.089984796 -0.09 -0.09 -0.09 -0.065 -0.65499999 -0.655 -0.655 -0.65276349 -0.23701165 -0.175 -0.175 -0.815 -0.815 -0.815 -0.85 -0.85 -0.85 -0.115 -0.115 -0.115 -0.98275796 
0.22 0.22000114 0.865 0.865 0.865 0.865 0.66 0.66 0.66 1.2 1.2 1.2 1.2 1.2001617 1.72 1.72 1.72 1.72 1.4100052 1.41 1.41 1.41 0.20719308 -0.05 -0.05 -0.05 -0.05 -0.48999964 -0.49 -0.48999999 0.19258361 -0.09 -0.09 -0.09 -0.090000282 -0.385 -0.655 -0.655 -0.655 -0.655 -0.175 -0.175 -0.175 -0.28 -0.28 -0.28 -0.49003506 -0.85 -0.85 -0.115 -0.115 -0.115 -1.0199986 
0.22 0.22 0.865 0.865 0.865 0.66 0.66 0.66 0.66 1.1407928 1.2 1.2 1.2 1.2000023 1.7249994 1.725 1.725 1.725 0.77645124 0.8 0.8 0.8 0.8 -0.05 -0.05 -0.05 -0.050029023 -0.49 -0.49 -0.49 -0.49 -0.090077643 -0.25592897 -0.385 -0.385 -0.385 -0.65548439 -0.78499729 -0.785 -0.785 -0.17525849 -0.50499999 -0.505 -0.28 -0.28 -0.28000089 -0.49 -0.49 -0.5 -0.5 -0.5 0.02 -0.51 
0.22 0.22 0.4 0.4 0.4 0.66 0.66 0.66 0.66 0.725 0.725 0.725 0.725 0.79547234 1.725 1.725 1.725 1.725 0.775 0.8 0.8 0.8 0.8 -0.08 -0.079999988 -0.050000044 -0.49 -0.49 -0.49 -0.49 -0.56847266 -0.645 -0.41593643 -0.385 -0.385 -0.385 -0.785 -0.785 -0.785 -0.785 -0.505 -0.505 -0.505 -0.43002365 -0.43 -0.4897303 -0.49 -0.49 -0.49999606 -0.5 0.02 0.02 -0.51 
0.22 0.4 0.4 0.4 0.4 0.4 0.66302753 1.05 1.05 0.725 0.725 0.725 0.725 0.72523683 1.725 1.725 1.725 1.682076 0.775 0.775 0.8 0.8 -0.08 -0.08 -0.08 -0.08 -0.49 -0.49 -0.49 -0.49 -0.645 -0.645 -0.645 -0.3852631 -0.385 -0.385 -0.785 -0.785 -0.785 -0.785 -0.505 -0.505 -0.505 -0.43 -0.43 -0.42996487 0.19 0.19 0.35 0.35 0.02 0.02 -0.51 
0.39830958 0.4 0.4 0.4 0.4 0.4 1.05 1.05 1.05 0.87604642 0.725 0.725 0.725 0.72501571 1.725 1.725 1.725 0.775 0.775 0.775 0.79999875 0.79999462 -0.08 -0.08 -0.08 -0.08 -0.48997086 -0.49 -0.49 -0.64496435 -0.645 -0.645 -0.645 -0.645 -0.38676062 -1.17 -1.17 -1.1633369 -0.785 -0.785 -0.50500025 -0.505 -0.43218064 -0.43 -0.43 0.18999978 0.19 0.19 0.35 0.35 0.27 0.27 -0.05 
0.4 0.4 0.4 0.4 0.4 0.4 1.05 1.05 1.05 1.05 1.3049833 1.305 1.305 1.305 1.724997 1.1320658 0.8 0.8 0.77504609 0.775 0.775 -0.079998722 -0.08 -0.08 -0.08 -0.08 -0.080298093 -0.49 -0.4900053 -0.645 -0.645 -0.645 -0.645 -0.645 -1.17 -1.17 -1.17 -1.17 -1.17 -1.169999 -1.345 -1.345 -1.3449998 -0.705 -0.705 -0.705 -0.44 -0.44 -0.5 -0.5 0.27 0.2699993 -0.05 
0.4 0.4 0.4 0.4 0.4 0.4 1.05 1.05 1.05 1.305 1.305 1.305 1.305 1.305 1.1718832 0.8 0.8 0.8 0.8 0.8 0.79880633 -0.079999993 -0.08 -0.08 -0.08 -0.082826091 -0.16985897 -0.44642669 -0.64423562 -0.645 -0.645 -0.645 -0.645 -0.64500115 -1.17 -1.17 -1.17 -1.17 -1.17 -1.2514096 -1.345 -1.345 -1.345 -0.705 -0.705 -0.705 -0.44 -0.44 -0.5 -0.5 0.13999999 -0.03951868 -0.05 
0.4 0.4 0.4 0.4 0.4 0.40000019 1.0499999 1.05 1.0605839 1.305 1.305 1.305 1.305 1.305 1.2807771 0.8 0.8 0.8 0.8 0.8 0.8 -0.15319305 -0.16999987 -0.17 -0.17 -0.17 -0.17 -0.17 -0.88481466 -0.89499704 -0.89499999 -0.895 -0.895 -0.8950002 -1.17 -1.17 -1.17 -1.17 -1.17 -1.345 -1.345 -1.345 -1.345 -1.3449997 -0.70548898 -1.01 -0.44000006 -0.26802748 -0.49979409 0.14 0.14 0.141559 0.215 
0.4 0.4 0.4 0.4 0.4 0.40004152 1.0499649 1.0500154 1.3049997 1.305 1.305 1.305 1.305 1.305 1.2953909 0.8 0.8 0.8 0.8 0.8 0.8 -0.17 -0.17 -0.17 -0.17 -0.17 -0.17 -0.17 -0.89479987 -0.895 -0.895 -0.895 -0.895 -0.895 -0.97034997 -1.17 -1.17 -1.17 -1.17 -1.345 -1.345 -1.345 -1.345 -1.3449142 -1.01 -1.01 -1.0053307 -0.265 -0.265 0.14 0.14 0.215 0.215 
0.4 0.4 0.4 0.4 0.4 0.40086686 1.0492356 1.2762249 1.305 1.305 1.305 1.305 1.305 1.305 1.2961591 0.8 0.8 0.8 0.8 0.8 0.66188963 -0.17 -0.17 -0.17 -0.17 -0.17 -0.17 -0.17 -0.89499709 -0.895 -0.895 -0.895 -0.895 -0.895 -0.895 -1.1699925 -1.17 -1.17 -1.169991 -1.3135035 -1.345 -1.345 -1.345 -1.0100267 -1.01 -1.0079108 -0.65999811 -0.265 -0.265 0.58984516 0.59 0.59 0.21500016 
0.4 0.4 0.4 0.4 0.40000066 0.40542086 1.0674927 1.3049299 1.305 1.305 1.305 1.305 1.305 1.305 1.2932075 0.8 0.8 0.8 0.8 0.79999999 -0.16999581 -0.17 -0.17 -0.17 -0.17 -0.17 -0.17 -0.17 -0.8949998 -0.895 -0.895 -0.895 -0.895 -0.895 -0.89500006 -1.17 -1.17 -1.17 -1.17 -0.855 -0.855 -0.855 -0.855 -0.66000101 -0.66 -0.66 -0.66 -0.659994 -0.12 -0.12 0.59 0.59 0.13935048 
0.4 0.4 0.4 0.40000005 0.40001815 0.41776233 1.2863868 1.3049967 1.305 1.305 1.305 1.305 1.305 1.305 1.2878572 0.80000021 0.8 0.8 0.8 0.79416199 -0.17 -0.17 -0.17 -0.17 -0.17 -0.17 -0.17 -0.17 -0.89499984 -0.895 -0.895 -0.895 -0.895 -0.895 -1.1699997 -1.17 -1.17 -1.17 -1.17 -0.855 -0.855 -0.855 -0.855 -0.80237034 -0.66 -0.66 -0.66 -0.12000604 -0.12 -0.12 -0.06 -0.06 -0.06 
0.4 0.4 0.40000003 0.40000147 0.40017854 0.47806942 1.3039186 1.3049992 1.305 1.305 1.305 1.305 1.305 1.305 1.2806096 0.80001188 0.8 0.8 0.79999889 -0.15034626 -0.17 -0.17 -0.17 -0.17 -0.17 -0.17 -0.17 -0.17 -0.89499932 -0.895 -0.895 -0.895 -0.895 -1.4001087 -1.1700001 -1.17 -1.17 -1.17 -1.17 -0.855 -0.855 -0.855 -0.855 -0.855 -0.66 -0.66 -0.66 -0.12000001 -0.12 -0.12 -0.06 -0.06 -0.06 
0.40000001 0.40000004 0.40000062 0.40001747 0.40113603 0.91516247 1.3047947 1.3049995 1.305 1.305 1.305 1.305 1.305 1.3049991 1.2719928 0.80018443 0.80000001 0.79999997 0.79497784 -0.16991752 -0.17 -0.17 -0.17 -0.17 -0.17 -0.17 -0.17 -0.17000042 -0.89499546 -0.895 -0.89500049 -1.5243406 -1.585 -1.585 -1.585 -1.17 -1.17 -1.17 -1.17 -0.855 -0.855 -0.855 -0.855 -0.855 -0.66000346 -0.66 -0.65999974 -0.12000004 -0.12 -0.11999997 -0.06 -0.06 -0.06 
