interpolatedSpi/07-07|19_1.tif
NCOLS 53
NROWS 52
XLLCORNER -116.03883
YLLCORNER 28.596182
DX 0.49850594
DY 0.49788537
NODATA_VALUE -9999
0.96 0.96 0.37120512 0.77 1.71 1.84 1.83 2.24 1.4929882 -1 -0.38 1.27 0.39003953 0.87 1.9 1.9 1.9 1.11 1.62 1.62 1.62 1.6199866 0.23000001 1.29 1.29 1.29 0.59998624 0.6 0.6 0.4 0.4 0.4 0.4 -0.39999984 -0.4 -0.4 -0.4 -0.4 -0.4 -0.39999998 0.47062289 0.48002531 0.58 0.58 0.58 0.58 0.57591665 -1.92 -1.92 -1.92 1.2199935 1.22 1.22 
0.96001866 1.38 1.3099996 1.2041471 1.3601433 0.72 1.39 0.4805263 1.56 1.71 1.08 0.39 0.39 0.74043348 0.87000753 1.9 1.11 1.11 1.619335 1.62 1.62 1.62 1.2378893 1.29 1.29 1.29 0.37000006 0.37 0.4 0.4 0.4 0.4 0.4 -0.39999988 -0.4 -0.4 -0.4 -0.4 -0.39999997 -0.21404606 0.7699068 0.60305446 0.58 0.58 0.58 0.58 0.58 -1.92 -1.92 -1.92 -1.6596282 1.22 1.22 
0.070047889 0.07 0.98 1.6 1.14 1.7 2.03 2.21 0.53 0.91 1.27 1.62 1.46 1.35 0.74 0.63 1.11 1.11 1.11 0.27039245 0.27 0.27 0.3 1.29 1.29 1.29 0.37 0.37 0.37 0.4 0.4 0.4 0.44332601 -0.39830039 -0.3956253 0.065693169 0.07 0.07 0.15804155 0.77 0.77 0.76975704 0.58 0.58 0.58 0.58 0.58 -1.92 -1.92 -1.92 -1.92 1.22 1.22 
-0.41 0.069999796 -0.94003217 0.94 0.25 1.83 1.41 1.26 0.35 0.2947504 0.51 0.41 1.87 1.35 1.19 0.63 0.02466708 0.020763717 0.54 0.27 0.27 0.98 0.3 0.3 1.29 1.2899954 0.37 0.37 0.37 -0.34 0.11540251 0.49 0.49 0.48999967 0.07 0.07 0.07 0.07 0.77 0.77 0.77 0.76999999 0.58 0.58 0.58 0.58 0.58 -1.9199685 -1.92 -1.92 -1.92 1.2199526 1.22 
-0.41 0.24999782 -0.94 -1.0844492 0.25 -0.07 0.92993493 0.78 1.16 0.84999984 0.9711055 1.0300344 1.27 1.19 1.19 0.80572109 0.02 0.02 0.54 0.54 0.27000132 0.98 0.84 0.96 1.6 1.5999576 0.37 0.37 -0.34 -0.34 0.49 0.49 0.49 0.42211333 0.07 0.07 0.07 0.77 0.77 0.77 0.77 0.76995946 0.58 0.58 0.58 0.58 0.58 0.5577469 -1.92 -1.9199242 -0.23 -0.23 -0.23 
-0.5 1.12 -0.36999994 -0.5 -0.35 0.57 -0.29 -0.15300936 -0.02 -0.17 0.62 0.83 0.83000029 -0.44 -0.44 0.26998793 0.27 -0.08 -0.079999998 0.54000005 0.05 0.05 0.96 1.6 1.6 1.42 -0.36 -0.36 0.22994896 -0.34 0.49 0.49 0.13 0.12985685 -1.2399016 -0.29 -0.29 0.4420648 0.77 0.77 0.35052383 0.35 0.3500009 0.26564888 0.26003537 0.26000009 0.26000001 0.26000013 1.2720328 -0.23 -0.23 -0.23 -0.23 
1.5899871 0.86 1.1863714 0.25 0.86 -0.02 0.5 0.18 0.07 0.07 0.62 0.59 0.2499998 -0.44 0.21999802 0.22 0.27 0.26 0.6 0.6 0.22908066 0.43 0.43 1.6 1.42 1.42 -0.36 -0.36 0.23003147 0.23057938 -0.98456934 0.13 0.13 -1.24 -1.24 0.20562244 -0.29 -0.29 0.32997851 0.34999997 0.35 0.35 0.35000688 0.26000558 0.26 0.26 0.26 0.26000082 1.64 -0.22962942 -0.23 -0.23 -0.23 
1.59 2.14 1.17 0.26 1.6299215 0.61 -0.35 0.05 0.53 -1.16 -1.16 -0.58 0.25 0.25 0.22020583 -0.67254183 -0.76 -1.22 -0.79999856 0.6 -1.1468892 -1.18 -0.03 -0.83 -0.82999407 -0.37 0.74999999 0.74999961 0.76810776 0.76999996 -0.99 -0.20803372 -1.06 -1.24 -1.1749717 0.62 0.62 0.33 0.33 0.35 0.35 0.35000001 1.259143 1.2599999 0.26 0.26 0.26 1.6399475 1.64 1.64 -0.23 -0.23 -0.23 
2.0110418 2.14 2.23 0.32 0.75 0.66 0.82 1.03 0.22 -0.25048819 -2.19 -1.61 -1.61 -1.51 -1.509999 -1.9865719 -1.99 -1.99 -1.1558863 -0.57000005 -0.79 -0.79 -0.26 -0.12063922 -0.41635585 -0.37 -0.79 0.75 -0.7412835 -0.75 0.03 -0.32 -0.32503941 0.02 1.04 1.09 0.45 0.17 0.9096583 0.3516516 0.72 1.25 1.2599202 1.26 1.2543715 0.26 1.9499999 1.64 1.64 1.64 1.64 -0.16899135 1.09 
1.29 1.29 2.07 1.62 0.12 -0.69 0.5 0.29 -0.17 -0.36993578 -1.17 -0.69 -1.51 -1.51 -1.4 -1.4080921 -1.99 -1.9898552 -1.37 -0.57 -0.57 -0.59834334 -0.26 -0.040004166 -0.04 -0.04 -0.79 0.25 0.25 -0.75 -0.75 -0.32001897 -0.33 0.02 1.38 1.09 0.45 0.55 0.91 1.0280553 1.25 1.0736771 0.77 1.26 1.26 1.95 1.95 1.95 1.64 1.64 0.26 0.26 0.26000031 
1.29 1.29 1.06 0.48 -0.43 -0.03 -0.23 0.099875363 0.28 -0.9 -0.01 -0.94 -0.69033404 -1.4 -1.4 -1.3999781 -1.21 -1.2183976 -1.37 -0.51 -0.51 0.54 0.54 -0.04 -0.04 -0.04 0.25 0.25 0.25 0.32 0.32 0.31999893 0.76 0.76 0.34 0.52 -0.13 -0.11000383 2 1.03 1.03 1.7299968 0.77 1.26 1.0999999 0.95 1.0339622 1.03 1.28 1.28 0.26 0.26 0.26 
1.29 1.1904952 0.81249331 0.14000396 -0.27 0.92 -0.23 0.1 0.2799985 -0.88692703 -0.93999995 -0.94 -0.29 -1.4 -1.4 -1.21 -1.21 -1.2100091 -1.37 -0.51 -0.30380136 0.54 0.54 -0.039976688 -0.04 0.24269882 0.82 0.82 0.81999993 0.32 0.32 -0.06 -0.06 0.75999885 0.34 0.17000006 -0.19895193 -0.11 -0.11 1.03 1.73 1.73 1.7299953 1.1 1.1 0.95 1.03 1.03 1.28 1.28 0.26 0.26 0.26 
-0.13 0.19574748 0.1300136 0.13006702 -0.2699943 0.9199719 -0.22999997 0.095937895 0.26759616 0.24918706 -0.29 -0.29 -0.29 -0.29 -1.3998428 -1.21 -1.21 -1.2120659 -1.37 -0.5097132 0.5 0.5 0.5 0.5 -0.030139429 0.82 0.82 0.82 0.82 0.81963643 -0.06 -0.06 -0.06 -0.06 0.17 0.17 0.17 -0.097024283 -0.10369115 0.73 0.73 1.7299462 -0.60994146 1.0998353 1.1 0.95 1.03 1.03 1.28 1.28 0.26370045 0.26 0.069292603 
-0.13 0.13 0.13 0.13 0.13 0.13000032 -0.22705636 -0.073832884 0.23450367 -0.28941547 -0.29 -0.29 -0.29 -0.29 -0.28999941 -1.21 -1.21 -1.2209749 -1.3699917 0.5 0.5 0.5 0.5 0.5 0.51859159 0.71890405 0.56000005 0.56 0.56 0.56 -0.059999988 -0.06 -0.059999158 0.64 0.64 0.17 0.88942188 0.91 0.7300001 0.73 0.73 0.73 -0.61 -0.61 -0.61 -0.59914382 -0.052924691 -0.06 -0.06 -0.06 -0.059999976 -0.13999992 -0.14 
-0.38 0.13 0.13 0.13 0.13 0.13 0.12999998 0.054525647 0.54822557 0.55 0.55 0.55 0.55 0.55 0.54999999 1.4903372 -1.1668492 -1.2319087 0.49976494 0.5 0.5 0.5 0.5 0.50000178 1.36 1.36 1.3599989 0.56 0.56 0.56044054 0.78 0.78 0.64 0.64 0.64 0.86674894 0.91 0.91 0.91 0.73 0.73 0.73 -0.61 -0.61 -0.61 -0.61 -0.059999993 -0.06 -0.06 -0.06 -0.06 -0.14 -0.14 
-0.38 -0.19013279 0.13 0.13 0.13 0.13 0.56991364 0.57 0.57 0.55 0.55 0.55 0.55 0.55 0.76178272 1.51 1.51 1.51 2.0253405 2.0299984 2.03 2.03 2.03 2.03 1.36 1.36 1.36 1.36 0.56 0.78 0.78 0.78 0.64000001 0.64 0.64 0.91 0.91 0.91 0.91 0.73006298 0.8556517 1.1487447 -0.61 -0.61 0.38691394 0.39 0.39 -0.058963604 0.56779844 0.56999995 0.56999988 0.93983644 -0.1399978 
-0.38 -0.37026864 -0.12302302 0.13 0.13 0.56974003 0.57 0.57 0.57 0.56985587 0.55 0.55 0.55 0.55000012 1.51 1.51 1.51 1.51 2.0295355 2.03 2.03 2.03 2.03 2.03 1.36 1.36 1.36 1.36 1.3578903 0.78 0.78 0.78 1.84 0.64005643 0.91 0.91 0.91 0.91604592 1.1348165 1.15 1.15 1.15 0.89 0.89 0.39 0.39 0.39 0.57 0.57 0.57 0.57 0.94 0.94 
-0.37005676 -0.37 -0.37 -0.37 0.04 0.56998633 0.57 0.57 0.57 0.57 0.51366008 0.54999375 0.54999999 1.51 1.51 1.51 1.51 1.51 1.5469775 2.03 2.03 2.03 2.03 2.03 1.8151465 1.9799966 1.98 1.98 1.98 0.78000005 1.84 1.84 1.84 1.84 0.91 0.91001448 1.46 1.46 1.1538708 1.15 1.15 1.15 0.89 0.89 0.46741722 0.39 0.39 0.57 0.57 0.57 0.57396736 0.94 0.94 
-0.37 -0.37 -0.37 -0.17692488 0.04 0.04 0.57 0.57 0.57 0.57 0.07 0.07 0.07 1.51 1.51 1.51 1.51 1.5098414 1.45 1.45 2.0299998 2.03 2.0375472 2.34 2.3367591 1.98 1.98 1.98 1.98 1.8400143 1.84 1.84 1.84 1.84 1.4599981 1.46 1.46 1.46 1.4589545 1.15 1.15 1.15 0.89 0.89 0.89 0.39 0.39 0.57000001 0.57 0.57 0.94 0.94 0.94 
-0.37 -0.37 -0.37 0.04 0.04 0.04 0.04000081 0.57 0.57 0.070516144 0.07 0.07 0.07 0.070897171 0.73295448 0.55 0.55 0.55 1.45 1.45 1.45 2.34 2.34 2.34 2.3398655 1.9170571 1.98 1.98 1.98 2.0790649 2.1299715 2.13 2.13 2.13 1.7847613 2.2399982 2.24 2.24 2.24 1.3899672 1.39 1.39 0.89 0.89 1.0699992 1.0700001 1.24 1.24 1.26 1.26 1.26 0.94 1.4095798 
-0.37000006 -0.37 -0.36999999 0.04 0.04 0.04 0.039999998 -0.1099998 0.56728109 0.069927458 0.07 0.07 0.07 0.070941892 0.55 0.55 0.55 0.55000026 1.45 1.45 1.45 2.34 2.34 2.34 1.86 1.86 2.09 2.09 2.09 2.0902182 2.13 2.13 2.13 2.13 2.1849697 2.24 2.24 2.24 2.24 1.39 1.39 1.39 1.3799316 1.07 1.07 1.07 1.24 1.24 1.26 1.26 1.26 1.41 1.41 
-0.39 -0.35720882 0.56 0.55984914 0.04 -0.10913211 -0.11 -0.11 -0.12457515 -0.010000003 -0.01 -0.01 -0.01 -0.45998535 -0.46 0.54999922 0.55 0.57371368 1.45 1.45 1.45 1.13 1.13 1.13 1.86 1.86 2.09 2.09 2.09 2.0900001 2.1699997 2.1699999 2.1310053 2.1300429 1.4308044 1.43 1.43 1.43 1.43 1.39 1.39 1.39 1.0876198 1.07 1.07 1.0699998 1.24 1.24 1.2400007 1.26 1.2600049 1.37 1.41 
-0.090056971 -0.089999887 0.56 0.56 0.56 -0.11 -0.11 -0.11 -0.15 -0.15 -0.01 -0.01 -0.01 -0.46 -0.46 -0.46 -0.46 -0.4597842 1.45 1.45 1.45 1.13 1.13 1.13 1.86 1.86 2.09 2.09 2.09 2.169098 2.17 2.17 2.17 2.17 1.4303651 1.43 1.43 1.43 1.43 0.81000015 0.81 0.81 0.81 1.0699907 -0.14 -0.14 -0.14 0.09 0.09 0.09 1.37 1.37 1.37 
-0.09 -0.09 0.56 0.56 0.56 -0.10647836 -0.11 -0.15 -0.15 -0.15 -0.010017234 -0.01 -1.2275158 -0.46000024 -0.46 -0.46 -0.46 -1.53 -1.53 -1.53 0.030000023 0.030000817 1.1299946 1.13 1.1301931 1.11 1.11 1.1100023 2.0898416 0.80027302 0.80000729 0.80023918 2.1676585 2.1688177 1.5609081 1.4299995 1.425811 0.18 0.18 0.81 0.81 0.81 0.81 -0.14 -0.14 -0.14 -0.14 0.09 0.09 0.09 1.37 1.37 1.37 
-0.09 -0.09 0.56 0.56 0.56 0.56 -0.12497083 -0.15 -0.15 -0.15 -0.15074572 -1.5 -1.5 -1.5 -0.46612896 -0.46 -1.5228698 -1.53 -1.53 -1.53 0.03 0.03 0.03 0.03 1.11 1.11 1.11 1.11 1.11 0.8 0.8 0.8 0.8 0.80000139 1.46 0.18 0.18 0.18 0.18 0.17999946 -0.09 -0.09 -0.09 -0.15833594 -0.3 -0.3 -0.3 0.089999989 0.089998953 -0.99 -0.99 -0.98942587 -0.99 
-0.09 -0.09 0.32539564 0.56 0.56 0.55999997 -0.7888643 -0.15201693 -0.15 -0.15 -1.4999999 -1.5 -1.5 -1.5 -1.5 -1.414759 -1.53 -1.53 -1.53 -1.53 0.029987933 0.03 0.03 0.03 1.11 1.11 1.11 1.11 1.11 1.0734139 0.8 0.8 0.8 1.46 1.46 1.459006 0.18 0.18 0.19125557 0.2 -0.09 -0.09 -0.09 -0.15690299 -0.3 -0.3 -0.3 -1.09 -0.99124599 -0.99 -0.99 -0.99 -0.99 
-0.69 -0.69 -0.69 0.24659064 0.55881167 -0.79 -0.79 -0.79 -0.79 -0.87 -0.87 -1.5 -1.5 -1.5 -1.5 -1.5000019 -1.53 -1.53 -1.53 -1.53 -0.6507334 0.03 0.03 0.020578649 -0.26587843 1.11 1.11 1.11 1.17 1.17 1.17 1.1699984 1.46 1.46 1.46 1.46 0.2 0.2 0.2 0.2 -0.47 -0.47 -0.47 -0.14000663 -0.14 -0.14 -0.14000005 -1.09 -1.09 -0.99012184 -0.99 -0.99000368 -0.99 
-0.69 -0.69 -0.69 -0.68997577 -0.24 -0.31997904 -0.79 -0.79 -0.79 -0.87 -0.87 -0.87 -1.21 -1.21 -1.21 -1.21 -1.5294321 -1.53 -1.53 -1.53 -1.5063645 -0.32999901 -0.33 -0.33 -0.33 -0.32999998 -0.15999999 -0.16 1.17 1.17 1.17 1.17 1.46 1.46 1.46 1.4600024 0.2 0.2 0.2 0.2001316 -0.47 -0.47 -0.47 -0.1400153 -0.14 -0.14 -0.14 -1.09 -1.09 -1.0900001 -1.72 -1.72 -1.33 
-0.69 -0.69 -0.69 -0.24000104 -0.24 -0.24 -0.78999979 -0.79 -0.79 -0.87 -0.87 -0.87 -1.21 -1.21 -1.21 -1.2107616 -1.22 -1.22 -1.2200008 -1.528249 -0.33 -0.33 -0.33 -0.33 -0.33 -0.32987207 -0.16 -0.16 -0.16 1.17 1.17 1.1686805 1.49 1.49 1.49 -0.12999999 -0.13 0.23 0.23 0.23 -0.37 -0.46996863 -0.46999679 -0.04 -0.04 -0.043789886 -0.14000134 -1.09 -1.09 -1.72 -1.72 -1.72 -1.33 
-0.69 -0.69 -0.69 -0.24 -0.24 -0.24 -0.24 -0.79 -0.79 -0.87 -0.87 -1.1964049 -1.21 -1.21 -1.21 -1.22 -1.22 -1.22 -1.22 -1.22 -0.33 -0.33 -0.33 -0.33 -0.33 -0.16000058 -0.16 -0.16 -0.16 -0.88 -0.88 -0.88 1.49 1.49 1.49 -0.13 -0.13 0.23 0.23 -0.37 -0.37 -0.37 -0.04 -0.04 -0.04 -0.04 -0.02274906 0.17 0.17 0.17 -1.72 -0.46 -0.46 
-0.69 -0.69 -0.68937335 -0.24 -0.24 -0.24 -0.24 -0.28760059 -0.29 -0.29099578 -0.87 -1.2099757 -1.21 -1.21 -1.21 -1.22 -1.22 -1.22 -1.22 -1.22 -0.74242519 -0.33 -0.33 -0.33 -0.33001442 -0.1600135 -0.16 -0.16 -0.16 -0.88 -0.88 -0.88 -0.87965708 1.49 -0.13 -0.13 -0.13 -0.12998564 0.22995908 -0.37 -0.37 -0.37 -0.040020034 -0.04 -0.04 -0.04 0.17000439 0.17 0.17 0.17 -0.46 -0.46 -0.46 
-0.68 -0.68000002 -0.2402522 -0.24 -0.24 -0.24 -0.28998936 -0.29 -0.29 -0.29 -0.91999998 -0.92 -0.92 -0.92 -1.2186154 -1.22 -1.22 -1.22 -1.22 -0.76000027 -0.76 -0.76 -0.39999999 -0.4 -0.4 -0.4 -0.37928491 -0.16 -0.77997461 -0.78 -0.78 -0.78 -0.78 -0.74999999 -0.75 -0.75 -0.75 -0.75 -0.4 -0.4 -0.4 -0.4 -0.4 0.60902017 0.61 0.61 0.61 0.17 0.17 0.17 -0.45990075 -0.46 -0.46 
-0.68 -0.68 -0.68502336 -1.2799979 -1.2799998 -1.2790342 -0.29 -0.29 -0.29 -0.29 -0.92 -0.92 -0.92 -0.92 -0.92 -1.22 -1.22 -1.22 -0.76000012 -0.76 -0.76 -0.76 -0.4 -0.4 -0.4 -0.4 -0.4 -0.3999496 -0.78 -0.78 -0.78 -0.78 -0.78 -0.93707754 -0.75019371 -0.75 -0.75 -0.75 -0.4 -0.4 -0.4 -0.4 -0.4 0.61 0.61 0.61 0.61 0.4042474 0.17 0.6545331 0.66 0.35 0.35 
-0.68 -0.68 -1.279924 -1.28 -1.28 -1.28 -1.0285442 -0.29 -0.29 -0.29 -0.92 -0.92 -0.92 -0.92 -0.92 -1.2197736 -1.22 -0.76013487 -0.76 -0.76 -0.76 -0.76 -0.53336433 -0.4 -0.4 -0.4 -0.4 -0.40026915 -0.78 -0.78 -0.78 -0.78 -0.78 -1.08 -1.08 -1.08 -1.08 -1.08 -0.1 -0.1 -0.1 -0.1 -0.1 0.60938958 0.60999987 0.61 0.60995762 0.60490813 0.66 0.66 0.66 0.35000174 0.35 
-0.68000101 -1.2192772 -1.28 -1.28 -1.28 -1.28 -1.28 -0.29042153 -0.29 -0.29 -0.92 -0.92 -0.92 -0.92 -1.3991164 -1.41 -1.41 -0.76001673 -0.76 -0.76 -0.76 -0.76 -0.75999988 -0.4 -0.4 -0.4 -0.4 -0.82999994 -0.82999998 -0.81935878 -0.78 -0.78 -0.78 -1.08 -1.08 -1.08 -1.08 -1.0800474 -0.1 -0.1 -0.1 -0.1 -0.099988508 0.36 0.36 0.36 0.36 0.36002419 0.66 0.66 0.66 0.66000048 1.4337998 
-1.23 -1.23 -1.2985013 -1.28 -1.28 -1.28 -1.28 -1.28 -0.29042467 -1.34 -1.34 -1.34 -1.3390033 -1.4099993 -1.41 -1.41 -1.41 -1.41 -0.75999556 -0.72204818 -0.39 -0.39 -0.39 -0.39129054 -0.37678945 -0.25259421 -0.14820918 -0.83 -0.83 -0.83 -0.83 -0.83 -0.81886464 -1.1374298 -1.15 -1.15 -1.15 -1.15 -0.071822526 0.049999731 0.05 0.05 0.05 -0.57999724 0.35999976 0.36 0.36 -0.01 0.65998927 0.66 0.66 1.45 1.45 
-1.23 -1.23 -1.63 -1.63 -1.63 -1.2801166 -1.28 -1.28 -1.34 -1.34 -1.34 -1.34 -1.34 -1.41 -1.41 -1.41 -1.41 -1.41 -0.39 -0.39 -0.39 -0.39 -0.39 -0.11000001 -0.11 -0.11 -0.11 -0.83 -0.83 -0.83 -0.83 -0.83 -0.03 -0.03 -1.15 -1.15 -1.15 -1.2099898 -1.21 0.05 0.05 0.05 0.049999944 -0.58 -0.58 -0.58 -0.01 -0.01 -0.01 1.1 1.1 1.45 1.45 
-1.23 -1.23 -1.63 -1.63 -1.63 -1.63 -1.6299988 -1.41 -1.3400659 -1.34 -1.34 -1.34 -1.34 -1.4091268 -1.41 -1.41 -1.41 -1.41 -0.39000002 -0.39 -0.39 -0.39 -0.39 -0.11 -0.11 -0.11 -0.11 -0.11000294 -0.83 -0.83 -0.83 -0.030041943 -0.03 -0.03 -0.03 -1.15 -1.21 -1.21 -1.21 -1.176847 -0.25348305 -0.31 -0.31 -0.58 -0.58 -0.58 -0.01 -0.01 -0.01 1.1 1.1 1.1 1.5858575 
-0.38 -0.38000667 -1.63 -1.63 -1.63 -1.63 -1.41 -1.41 -1.41 -1.34 -1.34 -1.34 -1.34 -1.3400218 -1.41 -1.41 -1.41 -1.41 -0.39001817 -0.39 -0.39 -0.39000001 -0.15933953 -0.11 -0.11 -0.11 -0.11 -0.48999969 -0.49 -0.49 -0.82632099 -0.03 -0.03 -0.03 -0.030000649 -0.70999999 -1.21 -1.21 -1.21 -1.21 -0.31 -0.31 -0.31 -0.18 -0.18 -0.18 0.24997468 -0.01 -0.0099999993 1.1 1.1 1.1 1.5999991 
-0.38 -0.38 -1.63 -1.63 -1.63 -1.41 -1.41 -1.41 -1.41 -1.3476705 -1.34 -1.34 -1.34 -1.3399983 -0.79007135 -0.79 -0.79 -0.79 -0.53273696 -0.89 -0.89 -0.89 -0.89 -0.11 -0.11 -0.11 -0.11002507 -0.49 -0.49 -0.49 -0.49 -0.030104587 -0.41248033 -0.71 -0.71 -0.71 -1.2086918 -0.86000729 -0.86 -0.86 -0.309953 -0.25 -0.25 -0.18 -0.18 -0.17999818 0.25 0.25 1.27 1.27 1.27 0.94 1.28 
-0.38 -0.38 -1.37 -1.37 -1.37 -1.41 -1.41 -1.41 -1.41 -1.25 -1.25 -1.25 -1.25 -1.2175827 -0.79 -0.79 -0.79 -0.79 -0.52 -0.89 -0.89 -0.89 -0.89 -0.1 -0.1 -0.10999999 -0.49 -0.49 -0.49 -0.49 -0.60138055 -0.71 -0.71 -0.71 -0.71 -0.71 -0.86 -0.86 -0.86 -0.86 -0.25 -0.25 -0.25 1.0096027 1.01 0.25341615 0.25 0.25 1.2699988 1.27 0.94 0.94 1.28 
-0.38 -1.37 -1.37 -1.37 -1.37 -1.37 -1.4047989 -0.74 -0.74 -1.25 -1.25 -1.25 -1.25 -1.2498911 -0.79 -0.79 -0.79 -0.77780054 -0.52 -0.52 -0.89 -0.89 -0.1 -0.1 -0.1 -0.1 -0.49 -0.49 -0.49 -0.49 -0.71 -0.71 -0.71 -0.71 -0.71 -0.71 -0.86 -0.86 -0.86 -0.86 -0.25 -0.25 -0.25 1.01 1.01 1.0100006 1.02 1.02 1.1 1.1 0.94 0.94 1.28 
-1.3607027 -1.37 -1.37 -1.37 -1.37 -1.37 -0.74 -0.74 -0.74 -1.0129733 -1.25 -1.25 -1.25 -1.2499982 -0.79 -0.79 -0.79 -0.52 -0.52 -0.52 -0.88998152 -0.88999517 -0.1 -0.1 -0.1 -0.1 -0.48997228 -0.49 -0.49 -0.70994941 -0.71 -0.71 -0.71 -0.71 -0.71020237 -0.85 -0.85 -0.85017307 -0.86 -0.86 -0.25000054 -0.25 0.97336524 1.01 1.01 1.02 1.02 1.02 1.1 1.1 0.64 0.64 1.41 
-1.37 -1.37 -1.37 -1.37 -1.37 -1.37 -0.74 -0.74 -0.74 -0.74 -1.2699994 -1.27 -1.27 -1.27 -0.79000326 -1.4245998 -1.78 -1.78 -0.5223228 -0.52 -0.52000007 -0.10000115 -0.1 -0.1 -0.1 -0.1 -0.10028355 -0.49 -0.49000752 -0.71 -0.71 -0.71 -0.71 -0.71 -0.85 -0.85 -0.85 -0.85 -0.85 -0.84999969 -0.7 -0.7 -0.70000017 -1.19 -1.19 -1.19 0.51 0.51 1.36 1.36 0.64 0.64000168 1.41 
-1.37 -1.37 -1.37 -1.37 -1.37 -1.37 -0.74 -0.74 -0.74 -1.27 -1.27 -1.27 -1.27 -1.27 -1.4044348 -1.78 -1.78 -1.78 -1.78 -1.78 -1.7198391 -0.1 -0.1 -0.1 -0.1 -0.10785025 -0.34960825 -0.47093646 -0.70891507 -0.71 -0.71 -0.71 -0.71 -0.71000031 -0.85 -0.85 -0.85 -0.85 -0.85 -0.78022035 -0.7 -0.7 -0.7 -1.19 -1.19 -1.19 0.51 0.51 1.36 1.36 1.42 1.4105513 1.41 
-1.37 -1.37 -1.37 -1.37 -1.37 -1.3699998 -0.74000015 -0.74 -0.76199795 -1.27 -1.27 -1.27 -1.27 -1.27 -1.2944627 -1.78 -1.78 -1.78 -1.78 -1.78 -1.78 -0.31627097 -0.34999965 -0.35 -0.35 -0.35 -0.35 -0.35 -0.42919182 -0.43000332 -0.43000001 -0.43 -0.43 -0.4300003 -0.85 -0.85 -0.85 -0.85 -0.85 -0.70000002 -0.7 -0.7 -0.7 -0.70000022 -1.1885731 -0.3 0.50999992 2.4360922 1.3609726 1.42 1.42 1.4014999 0.53 
-1.37 -1.37 -1.37 -1.37 -1.37 -1.3699598 -0.74003398 -0.74003207 -1.2699993 -1.27 -1.27 -1.27 -1.27 -1.27 -1.2797042 -1.78 -1.78 -1.78 -1.78 -1.78 -1.78 -0.35 -0.35 -0.35 -0.35 -0.35 -0.35 -0.35 -0.42997792 -0.43 -0.43 -0.43 -0.43 -0.43 -0.54507996 -0.85 -0.85 -0.85 -0.85 -0.7 -0.7 -0.7 -0.7 -0.69989753 -0.3 -0.3 -0.28263898 2.47 2.47 1.42 1.42 0.53 0.53 
-1.37 -1.37 -1.37 -1.37 -1.37 -1.3691598 -0.74076275 -1.210193 -1.27 -1.27 -1.27 -1.27 -1.27 -1.27 -1.2789284 -1.78 -1.78 -1.78 -1.78 -1.78 -1.576394 -0.35 -0.35 -0.35 -0.35 -0.35 -0.35 -0.35 -0.42999968 -0.43 -0.43 -0.43 -0.43 -0.43 -0.43 -0.73338176 -0.55212528 -0.45301107 -0.43793347 -0.69871443 -0.7 -0.7 -0.7 -0.30003194 -0.3 -0.29128498 1.1600063 2.47 2.47 0.6100916 0.61 0.61 0.53000003 
-1.37 -1.37 -1.37 -1.37 -1.3699994 -1.3647463 -0.79023601 -1.2698543 -1.27 -1.27 -1.27 -1.27 -1.27 -1.27 -1.2819093 -1.78 -1.78 -1.78 -1.78 -1.78 -0.35000617 -0.35 -0.35 -0.35 -0.35 -0.35 -0.35 -0.35 -0.42999998 -0.43 -0.43 -0.43 -0.43 -0.43 -0.43 -0.43 -0.43 -0.43 -0.43 -0.68 -0.68 -0.68 -0.68 1.1599958 1.16 1.16 1.16 1.1599989 1.03 1.03 0.61 0.61 1.0837873 
-1.37 -1.37 -1.37 -1.37 -1.3699824 -1.3531371 -1.2347248 -1.2699931 -1.27 -1.27 -1.27 -1.27 -1.27 -1.27 -1.2873125 -1.7799998 -1.78 -1.78 -1.78 -1.7713935 -0.35 -0.35 -0.35 -0.35 -0.35 -0.35 -0.35 -0.35 -0.42999998 -0.43 -0.43 -0.43 -0.43 -0.43 -0.43 -0.43 -0.43 -0.43 -0.43 -0.68 -0.68 -0.68 -0.68 -0.18339191 1.16 1.16 1.16 1.0300015 1.03 1.03 1.3 1.3 1.3 
-1.37 -1.37 -1.37 -1.3699986 -1.3698289 -1.3307763 -1.2681568 -1.2699983 -1.27 -1.27 -1.27 -1.27 -1.27 -1.27 -1.2946319 -1.779988 -1.78 -1.78 -1.7799984 -0.37897407 -0.35 -0.35 -0.35 -0.35 -0.35 -0.35 -0.35 -0.35 -0.42999993 -0.43 -0.43 -0.43 -0.43 -0.49588373 -0.43000003 -0.43 -0.43 -0.43 -0.43 -0.68 -0.68 -0.68 -0.68 -0.68 1.16 1.16 1.16 1.03 1.03 1.03 1.3 1.3 1.3 
-1.37 -1.37 -1.3699994 -1.3699832 -1.3691106 -1.2880662 -1.2696935 -1.2699989 -1.27 -1.27 -1.27 -1.27 -1.27 -1.270001 -1.303334 -1.7798137 -1.78 -1.78 -1.7725962 -0.35012159 -0.35 -0.35 -0.35 -0.35 -0.35 -0.35 -0.35 -0.35000005 -0.4299995 -0.43 -0.43000006 -0.5120879 -0.52 -0.52 -0.52 -0.43 -0.43 -0.43 -0.43 -0.68 -0.68 -0.68 -0.68 -0.68 1.1599674 1.16 1.1599999 1.03 1.03 1.0300001 1.3 1.3 1.3 
