interpolatedSpi/07-08|21_3.tif
NCOLS 53
NROWS 52
XLLCORNER -116.03883
YLLCORNER 28.596182
DX 0.49850594
DY 0.49788537
NODATA_VALUE -9999
-1.69 -1.69 -1.9535128 -1.7 -1.365 -2.115 -1.53 -1.665 -1.2038552 -1.005 -1.63 -0.815 -1.715028 -2.055 -2.365 -2.365 -2.365 -0.14 -0.905 -0.905 -0.905 -0.90499225 -0.10000002 -1.76 -1.76 -1.76 -0.64499927 -0.645 -0.645 0.185 0.185 0.185 0.185 -0.26999991 -0.27 -0.27 -0.27 -0.27 -0.27 -0.27000005 -1.9320976 -1.9496116 -0.425 -0.425 -0.425 -0.425 -0.42445283 -0.09 -0.09 -0.09 0.55499866 0.555 0.555 
-1.6900182 -2.1 -1.8749993 -1.9295303 -2.5647961 -1.52 -1.76 -1.4992775 -1.735 -1.555 -1.33 -1.715 -1.715 -1.0782678 -2.0549909 -2.365 -0.14 -0.14 -0.90400254 -0.905 -0.905 -0.905 -1.7586841 -1.76 -1.76 -1.76 -1.755 -1.755 0.185 0.185 0.185 0.185 0.185 -0.26999993 -0.27 -0.27 -0.27 -0.27 -0.27000008 -0.49984437 -1.6599236 -0.57485723 -0.425 -0.425 -0.425 -0.425 -0.425 -0.09 -0.09 -0.09 -0.036515983 0.555 0.555 
-2.3049588 -2.305 -1.27 -1.67 -1.105 -1.49 -0.84 -1.09 -1.46 -1.185 -1.455 -1.59 -1.065 -1.725 -1.075 -2.075 -0.14 -0.14 -0.14 -1.114939 -1.115 -1.115 -1.735 -1.76 -1.76 -1.76 -1.755 -1.755 -1.755 0.185 0.185 0.18499996 -0.19530605 -0.27250671 -0.28033173 -1.3698285 -1.38 -1.38 -1.4152166 -1.66 -1.66 -1.6584207 -0.425 -0.425 -0.425 -0.425 -0.425 -0.09 -0.09 -0.09 -0.089999999 0.555 0.555 
-0.22 -2.3049997 -0.85986366 -0.265 -0.455 -1 -0.555 -0.74 -0.56 -0.98527468 -1.095 -1.145 -1.315 -1.725 -1.535 -2.075 -2.2685081 -2.2685076 -1.93 -1.115 -1.115 -1.745 -1.735 -1.735 -1.76 -1.76 -1.755 -1.755 -1.755 -0.525 -0.56889422 -0.605 -0.605 -0.60500061 -1.38 -1.38 -1.38 -1.38 -1.66 -1.66 -1.66 -1.66 -0.425 -0.425 -0.425 -0.425 -0.425 -0.090004226 -0.09 -0.09 -0.09 0.55492667 0.555 
-0.22 0.19499807 -0.86 -1.1015154 -0.455 -0.775 -1.2949768 -0.945 -1.355 -0.83000042 -1.3063062 -1.5300766 -2.065 -1.535 -1.535 -1.8993767 -2.27 -2.27 -1.93 -1.93 -1.1150012 -1.745 -1.655 -1.12 -1.405 -1.4047931 -1.755 -1.755 -0.525 -0.525 -0.605 -0.605 -0.605 -0.61159992 -1.38 -1.38 -1.38 -1.66 -1.66 -1.66 -1.66 -1.6600309 -0.42500002 -0.425 -0.425 -0.425 -0.425 -0.42201808 -0.09 -0.090071744 -1.69 -1.69 -1.69 
-1.84 -0.55 -0.62500001 -0.72 -1.42 -0.85 -1.35 -1.2981484 -1.155 -0.525 -0.825 -0.8 -0.80000083 -1.78 -1.78 -2.2047803 -2.205 -2.255 -2.255 -1.9299991 -1.285 -1.285 -1.12 -1.405 -1.405 -0.52 -0.29 -0.29 -0.38001303 -0.525 -0.605 -0.605 -0.64 -0.63993417 -0.010045562 -1.545 -1.545 -1.6244221 -1.66 -1.66 -1.9796009 -1.98 -1.9799983 -2.4388119 -2.4747734 -2.4749995 -2.4749999 -2.4749992 -1.5865534 -1.69 -1.69 -1.69 -1.69 
-0.895 -0.785 -0.43509497 -0.795 -1.17 -1.645 -0.965 -0.91 -0.86 -0.86 -0.825 -1.52 -1.47 -1.78 -1.2950015 -1.295 -2.205 -1.08 -0.945 -0.945 -1.365115 -1.455 -1.455 -0.37000001 -0.52 -0.52 -0.29 -0.29 -0.37999388 -0.37988734 0.098841831 -0.64 -0.64 -0.01 -0.01 -1.6239728 -1.545 -1.545 -1.774992 -1.9799997 -1.98 -1.98 -1.9799894 -2.4749931 -2.475 -2.475 -2.475 -2.4749995 -1.62 -1.6899861 -1.69 -1.69 -1.69 
-0.895 -0.295 -0.035 -1.145 -1.2249954 -1.2 -0.55 -1.905 -1.595 -1.03 -1.03 -1.295 -1.47 -1.47 -1.2962007 -1.1356175 -1.12 -0.835 -1.5249994 -0.945 -0.13915101 -0.14 0.3 0.17 0.17000277 0.385 -0.555 -0.55499991 -0.27536793 -0.27499999 0.1 -0.84200928 -0.885 -0.01 -0.042656776 -1.69 -1.69 -1.775 -1.775 -1.98 -1.98 -1.98 -1.2337329 -1.2350001 -2.475 -2.475 -2.475 -1.6200325 -1.62 -1.62 -1.69 -1.69 -1.69 
-0.27527698 -0.29499999 0.26 -0.315 -0.275 -0.895 -0.99 -1.26 -1.59 -1.526205 -1.33 -1.305 -1.305 -1.305 -1.3049985 -0.77596154 -0.775 -0.775 -0.94032955 -0.34999995 -0.13 -0.13 -0.17 0.11478073 0.36333368 0.385 -0.815 -0.555 -0.18217913 -0.18 -0.83 0.135 0.16269688 -0.735 -1.155 -1.125 -1.395 -1.32 -1.4699307 -1.9769423 -1.295 -0.93 -1.2349528 -1.235 -1.2419794 -2.475 -2.105 -1.62 -1.62 -1.62 -1.62 -1.8207328 -1 
-0.165 -0.165 0.3 -0.02 -0.18 -1.12 -1.815 -1.475 -1.32 -1.5100247 -1.78 -0.735 -1.305 -1.305 -1.145 -1.1399253 -0.775 -0.7750024 -0.825 -0.35 -0.35 -0.32165662 -0.17 -0.090001515 -0.09 -0.09 -0.815 0.325 0.325 -0.18 -0.18 0.13510431 0.19 -0.735 -0.29 -1.125 -1.395 -1.285 -1.47 -1.8044897 -0.93000002 -0.93551009 -0.945 -1.235 -1.235 -2.105 -2.105 -2.105 -1.62 -1.62 -2.74 -2.74 -2.7399993 
-0.165 -0.165 -0.52 -0.885 -1.265 -0.16 -0.79000001 -1.6000364 -1.55 -1.555 -1.415 -1.58 -0.73612579 -1.145 -1.145 -1.1449175 -0.43 -0.45073145 -0.825 -1.525 -1.525 -0.34 -0.34 -0.09 -0.09 -0.09 0.325 0.325 0.325 0.265 0.265 0.26499988 -0.52 -0.52 -0.885 -1.39 -1.145 -1.9449822 -2.1 -1.81 -1.81 -1.6349977 -0.945 -1.235 -2.4350002 -2.995 -1.6121318 -1.61 -1.76 -1.76 -2.74 -2.74 -2.74 
-0.165 -0.31841978 -0.67575852 -1.3299873 -0.78 -1.025 -0.79 -1.6 -1.5500004 -1.5549446 -1.58 -1.58 -1.185 -1.145 -1.145 -0.43000002 -0.43 -0.43002248 -0.825 -1.525 -1.2922901 -0.34 -0.34 -0.090010965 -0.09 -0.15574391 -0.29 -0.29 -0.28999992 0.265 0.265 -0.75 -0.75 -0.520001 -0.885 -1.2400001 -0.93734182 -1.945 -1.945 -1.81 -1.635 -1.635 -1.6350057 -2.435 -2.435 -2.995 -1.61 -1.61 -1.76 -1.76 -2.74 -2.74 -2.74 
-2.335 -1.1381401 -1.1849885 -1.1860415 -0.7800014 -1.0249942 -0.79000001 -1.5900294 -1.5534455 -1.5501306 -1.185 -1.185 -1.185 -1.185 -1.1450057 -0.43 -0.43 -0.43510008 -0.825 -1.5249261 -1.285 -1.285 -1.285 -1.285 -0.1103802 -0.29 -0.29 -0.29 -0.29 -0.28982285 -0.75 -0.75 -0.75 -0.75 -1.24 -1.24 -1.24 -1.9085631 -1.947516 -2.28 -2.28 -1.6350347 -2.6449928 -2.4350202 -2.435 -2.995 -1.61 -1.61 -1.76 -1.76 -2.7364447 -2.74 -0.85668428 
-2.335 -1.185 -1.185 -1.185 -1.185 -1.1849999 -0.79060148 -1.1732554 -1.5626378 -1.1853933 -1.185 -1.185 -1.185 -1.185 -1.1850002 -0.43000001 -0.43000006 -0.4570943 -0.82499599 -1.285 -1.285 -1.285 -1.285 -1.285 -1.2811051 -0.67895766 -0.81999989 -0.82 -0.82 -0.82 -0.75 -0.75 -0.75000054 -1.2 -1.2 -1.24 -1.4490212 -1.455 -2.2799995 -2.28 -2.28 -2.28 -2.645 -2.645 -2.645 -2.6474357 -2.7130656 -2.72 -2.72 -2.72 -2.72 -1.3550003 -1.355 
-2.305 -1.185 -1.185 -1.185 -1.185 -1.185 -1.185 -1.1304212 -1.4158477 -1.415 -1.415 -1.415 -1.415 -1.415 -1.415 -1.5079565 -0.4471742 -0.48408897 -1.284942 -1.285 -1.285 -1.285 -1.285 -1.2850003 -1.105 -1.105 -1.1049996 -0.82 -0.82 -0.81985983 -0.75 -0.75 -1.2 -1.2 -1.2 -1.4141516 -1.455 -1.455 -1.455 -2.28 -2.28 -2.28 -2.645 -2.645 -2.645 -2.645 -2.72 -2.72 -2.72 -2.72 -2.72 -1.355 -1.355 
-2.305 -1.8880367 -1.185 -1.185 -1.185 -1.185 -1.5049372 -1.505 -1.505 -1.415 -1.415 -1.415 -1.415 -1.415 -1.4359577 -1.51 -1.51 -1.51 -1.5840864 -1.5849997 -1.585 -1.585 -1.585 -1.585 -1.105 -1.105 -1.105 -1.105 -0.82 -0.75 -0.75 -0.75 -1.2 -1.2 -1.2 -1.12 -1.4545564 -1.455 -1.455 -2.2799083 -2.0975059 -1.6718232 -2.645 -2.645 -2.3160184 -2.315 -2.315 -2.717265 -1.0608184 -1.0550001 -1.0550003 0.4597249 -1.3549963 
-2.305 -1.677323 -1.4253719 -1.185 -1.185 -1.5048109 -1.505 -1.505 -1.505 -1.5043514 -1.415 -1.415 -1.415 -1.415 -1.51 -1.51 -1.51 -1.51 -1.584933 -1.585 -1.585 -1.585 -1.585 -1.585 -1.105 -1.105 -1.105 -1.105 -1.1037087 -0.75 -0.75 -0.75 -0.98999999 -1.1999868 -1.12 -1.12 -1.12 -1.1195303 -1.6563703 -1.67 -1.67 -1.67 -1.9 -1.9 -2.315 -2.315 -2.315 -1.055 -1.055 -1.055 -1.055 0.46 0.46 
-1.6604612 -1.66 -1.66 -1.66 -1.115 -1.5049899 -1.505 -1.505 -1.505 -1.505 -1.4032653 -1.414998 -1.415 -1.51 -1.51 -1.51 -1.51 -1.51 -1.5168265 -1.585 -1.585 -1.585 -1.585 -1.585 -1.1807606 -0.89500114 -0.895 -0.895 -0.895 -0.75000001 -0.99 -0.99 -0.99 -0.99 -1.12 -1.1199988 -1.075 -1.075 -1.6625705 -1.67 -1.67 -1.67 -1.9 -1.9 -2.2507437 -2.315 -2.315 -1.055 -1.055 -1.055 -1.0387553 0.46 0.46 
-1.66 -1.66 -1.66 -1.4033514 -1.115 -1.115 -1.505 -1.505 -1.505 -1.505 -1.26 -1.26 -1.26 -1.51 -1.51 -1.51 -1.51 -1.5099058 -1.525 -1.525 -1.585 -1.585 -1.5781832 -1.305 -1.3013089 -0.895 -0.895 -0.895 -0.895 -0.98999033 -0.99 -0.99 -0.99 -0.99 -1.0750002 -1.075 -1.075 -1.075 -1.0771157 -1.67 -1.67 -1.67 -1.9 -1.9 -1.9 -2.315 -2.315 -1.055 -1.055 -1.055 0.46 0.46 0.46 
-1.66 -1.66 -1.66 -1.115 -1.115 -1.115 -1.1150006 -1.505 -1.505 -1.2602529 -1.26 -1.26 -1.26 -1.2601558 -1.0486292 -0.94 -0.94 -0.94 -1.525 -1.525 -1.525 -1.305 -1.305 -1.305 -1.3048165 -0.76649154 -0.895 -0.895 -0.895 -1.1382526 -1.1749818 -1.175 -1.175 -1.175 -1.2412234 -1.4749991 -1.475 -1.475 -1.475 -1.1750677 -1.175 -1.175 -1.9 -1.9 -1.1250032 -1.1249997 -0.225 -0.225 0.42 0.42 0.42 0.46 1.5490254 
-1.6599953 -1.66 -1.66 -1.115 -1.115 -1.115 -1.115 -0.67000024 -1.5016613 -1.2593245 -1.26 -1.26 -1.26 -1.2593721 -0.94 -0.94 -0.94 -0.94000017 -1.525 -1.525 -1.525 -1.305 -1.305 -1.305 -0.65 -0.65 -0.98499999 -0.985 -0.985 -0.98603651 -1.175 -1.175 -1.175 -1.175 -1.3249176 -1.475 -1.475 -1.475 -1.475 -1.175 -1.175 -1.175 -1.1734268 -1.125 -1.125 -1.125 -0.225 -0.225 0.42 0.42 0.42 1.55 1.55 
-0.14 -0.85101383 -0.945 -0.94504932 -1.115 -0.67257475 -0.67 -0.67 -0.66271243 -0.515 -0.515 -0.515 -0.515 -0.23000928 -0.23 -0.93999945 -0.94 -0.95541389 -1.525 -1.525 -1.525 -0.1 -0.1 -0.1 -0.65 -0.65 -0.985 -0.985 -0.985 -0.98500004 -1.0450008 -1.0450004 -1.1717326 -1.1748606 -1.3048525 -1.305 -1.305 -1.305 -1.305 -1.175 -1.175 -1.175 -1.1277528 -1.125 -1.125 -1.1249999 -0.225 -0.225 -0.22497678 0.42 0.41996915 -0.27 1.55 
-0.78987656 -0.79000003 -0.945 -0.945 -0.945 -0.67 -0.67 -0.67 -0.65 -0.65 -0.515 -0.515 -0.515 -0.23 -0.23 -0.23 -0.23 -0.23014641 -1.525 -1.525 -1.5249999 -0.1 -0.1 -0.1 -0.65 -0.65 -0.985 -0.985 -0.985 -1.0443235 -1.045 -1.045 -1.045 -1.045 -1.3048717 -1.305 -1.305 -1.305 -1.305 -0.69000013 -0.69 -0.69 -0.69 -1.1249955 -0.54 -0.54 -0.54 -0.58 -0.58 -0.58 -0.27 -0.27 -0.27 
-0.79 -0.79 -0.945 -0.945 -0.945 -0.67144545 -0.67 -0.65 -0.65 -0.65 -0.51501662 -0.515 -0.50274313 -0.23000006 -0.23 -0.23 -0.23 -0.26 -0.26 -0.26 -0.77999998 -0.77999949 -0.10000331 -0.1 -0.10079471 -1.18 -1.18 -1.1799995 -0.98503151 -0.54509964 -0.54500266 -0.54508729 -1.0441454 -1.0445685 -1.2583687 -1.3049997 -1.302319 -0.505 -0.505 -0.69 -0.69 -0.69 -0.69 -0.54 -0.54 -0.54 -0.54 -0.58 -0.58 -0.58 -0.27 -0.27 -0.27 
-0.79 -0.79 -0.945 -0.945 -0.945 -0.945 -0.66251458 -0.65 -0.65 -0.65 -0.64991714 -0.5 -0.5 -0.5 -0.23159117 -0.23 -0.25980009 -0.26 -0.26 -0.26 -0.78 -0.78 -0.78 -0.78 -1.18 -1.18 -1.18 -1.18 -1.18 -0.545 -0.545 -0.545 -0.545 -0.54500096 -1 -0.505 -0.505 -0.505 -0.505 -0.50499971 -0.385 -0.385 -0.385 -0.57861858 -0.98 -0.98 -0.98 -0.58000001 -0.58000004 -0.62 -0.62 -0.44495743 -0.445 
-0.79 -0.79 -0.88905588 -0.945 -0.945 -0.94499998 -0.20578966 -0.64859761 -0.65 -0.65 -0.49999983 -0.5 -0.5 -0.5 -0.5 -0.47783327 -0.26 -0.26 -0.26 -0.26 -0.77999598 -0.78 -0.78 -0.78 -1.18 -1.18 -1.18 -1.18 -1.18 -0.9772895 -0.545 -0.545 -0.545 -1 -1 -0.99961562 -0.505 -0.505 -0.41776933 -0.35000001 -0.385 -0.385 -0.385 -0.57062028 -0.98 -0.98 -0.98 0.545 -0.60548421 -0.62 -0.62 -0.445 -0.445 
-0.385 -0.385 -0.385 -0.80459261 -0.94347073 -0.205 -0.205 -0.205 -0.205 0.305 0.305 -0.49999994 -0.5 -0.5 -0.5 -0.49998476 -0.26 -0.26 -0.26 -0.26 -0.55308887 -0.78 -0.78 -0.77241058 -0.52072492 -1.18 -1.18 -1.18 -1.13 -1.13 -1.13 -1.1299975 -1 -1 -1 -1 -0.35 -0.35 -0.35 -0.35 -0.14 -0.14 -0.14 0.58498542 0.585 0.585 0.5849995 0.545 0.545 -0.61858051 -0.62 -0.44499365 -0.445 
-0.385 -0.385 -0.385 -0.38497388 0.1 0.055647989 -0.205 -0.205 -0.205 0.305 0.305 0.305 0.21499997 0.215 0.215 0.21499999 -0.25910241 -0.26 -0.26 -0.26 -0.26786922 -0.4900008 -0.49 -0.49 -0.49 -0.49000002 -1.14 -1.14 -1.13 -1.13 -1.13 -1.13 -0.99999938 -1 -1 -0.99992954 -0.35000001 -0.35 -0.35 -0.35116251 -0.14 -0.14 -0.14 0.58496638 0.585 0.585 0.585 0.545 0.545 0.54500004 0.815 0.815 0.865 
-0.385 -0.385 -0.385 0.099998882 0.1 0.1 -0.20499989 -0.205 -0.205 0.305 0.305 0.305 0.215 0.215 0.215 0.21614239 0.23 0.23 0.22999873 -0.25723235 -0.49 -0.49 -0.49 -0.49 -0.49 -0.49048916 -1.14 -1.14 -1.14 -1.13 -1.13 -1.1301223 -0.135 -0.135 -0.135 -0.92 -0.92 -0.615 -0.615 -0.615 -0.345 -0.1400643 -0.13999481 0.555 0.555 0.55613697 0.58499985 0.545 0.545 0.815 0.815 0.815 0.865 
-0.385 -0.385 -0.385 0.1 0.1 0.1 0.1 -0.205 -0.205 0.305 0.305 0.2185987 0.215 0.215 0.215 0.23 0.23 0.23 0.23 0.23 -0.49 -0.49 -0.49 -0.49 -0.49 -1.1399978 -1.14 -1.14 -1.14 -1.32 -1.32 -1.32 -0.135 -0.135 -0.135 -0.92 -0.92 -0.615 -0.615 -0.345 -0.345 -0.345 0.555 0.555 0.555 0.555 0.5841623 0.91 0.91 0.91 0.81500001 1.22 1.22 
-0.385 -0.385 -0.38432462 0.1 0.1 0.1 0.1 1.0234514 1.07 1.0686866 0.305 0.21501382 0.215 0.215 0.21500005 0.23 0.23 0.23 0.23 0.23 0.59370311 -0.49 -0.49 -0.49 -0.48980742 -1.1399108 -1.14 -1.14 -1.14 -1.32 -1.32 -1.32 -1.3198232 -0.135 -0.92 -0.92 -0.92 -0.91998724 -0.61498159 -0.345 -0.345 -0.345 0.55494536 0.555 0.555 0.555 0.90999571 0.91 0.91 0.91 1.22 1.22 1.22 
-0.2 -0.20000032 0.099734332 0.1 0.1 0.1 1.0697936 1.07 1.07 1.07 0.38000002 0.38 0.38 0.38 0.23069228 0.23 0.23 0.23 0.23 0.63999976 0.64 0.64 0.44499984 0.445 0.445 0.445 0.30819411 -1.14 -0.6200213 -0.62 -0.62 -0.62 -0.62 -0.635 -0.635 -0.635 -0.635 -0.635 0.18 0.18 0.18 0.18 0.18 0.48510552 0.485 0.485 0.485 0.91 0.91 0.91 1.2199512 1.22 1.22 
-0.2 -0.2 -0.19225537 0.72499874 0.72499986 0.72533586 1.07 1.07 1.07 1.07 0.38 0.38 0.38 0.38 0.38 0.23 0.23 0.23 0.6399999 0.64 0.64 0.64 0.445 0.445 0.445 0.445 0.445 0.44466355 -0.61995559 -0.62 -0.62 -0.62 -0.61998216 -0.65484156 -0.63502055 -0.635 -0.635 -0.635 0.18 0.18 0.18 0.18 0.18 0.485 0.485 0.485 0.485 0.6837383 0.91 -0.13322944 -0.145 0.075 0.075 
-0.2 -0.2 0.72488283 0.725 0.725 0.725 0.81262854 1.07 1.07 1.07 0.38 0.38 0.38 0.38 0.38 0.23011365 0.23 0.63987979 0.64 0.64 0.64 0.64 0.51723901 0.445 0.445 0.445 0.445 0.44432725 -0.505 -0.505 -0.505 -0.505 -0.505 -0.67 -0.67 -0.67 -0.67 -0.67 0.285 0.285 0.285 0.285 0.285 0.48496338 0.48499999 0.485 0.48499746 0.48460333 -0.145 -0.145 -0.145 0.074998768 0.075 
-0.19999899 0.33927721 0.72499995 0.725 0.725 0.725 0.725 1.0698531 1.07 1.07 0.38 0.38 0.38 0.38 0.18933121 0.185 0.185 0.63998829 0.64 0.64 0.64 0.64 0.63999996 0.445 0.445 0.445 0.445 -0.33500014 -0.33500008 -0.37118013 -0.505 -0.505 -0.505 -0.67 -0.67 -0.67 -0.67 -0.66975279 0.285 0.285 0.285 0.285 0.2850249 0.47 0.47 0.47 0.47 0.4699504 -0.145 -0.145 -0.145 -0.14499955 0.58734174 
0.35 0.35 0.49263644 0.725 0.725 0.725 0.725 0.725 1.069853 1.1 1.1 1.1 1.0982913 0.18500028 0.185 0.185 0.185 0.185 0.63999868 0.62871703 0.53 0.53 0.53 0.50876399 0.45220327 0.49074663 0.52277257 -0.335 -0.335 -0.335 -0.335 -0.335 -0.32975503 -0.29439389 -0.305 -0.305 -0.305 -0.305 0.34605242 0.60999942 0.61 0.61 0.61 0.075001158 0.4699999 0.47 0.47 0.2 -0.14499447 -0.145 -0.145 0.595 0.595 
0.35 0.35 0.845 0.845 0.845 0.72503997 0.725 0.725 1.1 1.1 1.1 1.1 1.1 0.18500004 0.185 0.185 0.185 0.185 0.53 0.53 0.53 0.53 0.53 0.535 0.535 0.535 0.535 -0.335 -0.335 -0.335 -0.335 -0.335 0.64 0.64 -0.30499999 -0.305 -0.305 0.92978968 0.93 0.61 0.61 0.61 0.61 0.075 0.075 0.075 0.2 0.2 0.2 0.235 0.235 0.595 0.595 
0.35 0.35 0.845 0.845 0.845 0.845 0.8450014 1.1 1.1 1.1 1.1 1.1 1.1 0.19641379 0.185 0.185 0.185 0.185 0.52999999 0.53 0.53 0.53 0.53 0.535 0.535 0.535 0.535 0.53499651 -0.335 -0.335 -0.335 0.63994888 0.64 0.64 0.64 -0.305 0.92999999 0.93 0.93 0.9215802 0.61843008 0.62 0.62 0.075 0.075 0.075 0.2 0.2 0.2 0.235 0.235 0.235 0.54065702 
0.64 0.63999772 0.845 0.845 0.845 0.845 1.1 1.1 1.1 1.1 1.1 1.1 1.1 1.0997156 0.185 0.185 0.185 0.185 0.52999401 0.53 0.53 0.53 0.53412492 0.535 0.535 0.535 0.535 0.89499971 0.895 0.89499999 -0.32176236 0.64 0.64 0.64 0.64000049 1.155 0.93 0.93 0.93 0.93 0.62 0.62 0.62 0.685 0.685 0.685 0.4299776 0.2 0.2 0.235 0.235 0.235 0.53500415 
0.64 0.64 0.845 0.845 0.845 1.1 1.1 1.1 1.1 1.1000362 1.1 1.1 1.1 1.0999981 0.7349367 0.735 0.735 0.735 0.7458427 0.77 0.77 0.77 0.77 0.535 0.535 0.535 0.53502375 0.895 0.895 0.895 0.895 0.64008976 0.9296726 1.155 1.155 1.155 0.92865687 0.5700075 0.57 0.57 0.62004308 0.675 0.675 0.685 0.685 0.68499892 0.43 0.43 0.975 0.975 0.975 1.64 2.025 
0.64 0.64 1.5 1.5 1.5 1.1 1.1 1.1 1.1 2.31 2.31 2.31 2.31 2.1990061 0.735 0.735 0.735 0.735 0.745 0.77 0.77 0.77 0.77 1.285 1.2849997 0.53500111 0.895 0.895 0.895 0.895 1.069665 1.24 1.1651138 1.155 1.155 1.155 0.57 0.57 0.57 0.57 0.675 0.675 0.675 0.75497477 0.755 0.43146085 0.43 0.43 0.97500109 0.975 1.64 1.64 2.025 
0.64 1.5 1.5 1.5 1.5 1.5 1.1081899 2.155 2.155 2.31 2.31 2.31 2.31 2.309627 0.735 0.735 0.735 0.73545183 0.745 0.745 0.77 0.77 1.285 1.285 1.285 1.285 0.895 0.895 0.895 0.895 1.24 1.24 1.24 1.155086 1.155 1.155 0.57 0.57 0.57 0.57 0.675 0.675 0.675 0.755 0.755 0.7550068 0.875 0.875 1.26 1.26 1.64 1.64 2.025 
1.4919235 1.5 1.5 1.5 1.5 1.5 2.155 2.155 2.155 2.2379625 2.31 2.31 2.31 2.3099891 0.735 0.735 0.735 0.745 0.745 0.745 0.76999875 0.77000315 1.285 1.285 1.285 1.285 0.89502772 0.895 0.895 1.2399207 1.24 1.24 1.24 1.24 1.1551034 1.085 1.085 1.076087 0.57 0.57 0.67499991 0.675 0.75267398 0.755 0.755 0.87499996 0.875 0.875 1.26 1.26 1.58 1.58 1.95 
1.5 1.5 1.5 1.5 1.5 1.5 2.155 2.155 2.155 2.155 2.1250053 2.125 2.125 2.125 0.73500219 0.91127772 1.01 1.01 0.74548853 0.745 0.745 1.2849993 1.285 1.285 1.285 1.285 1.2847164 0.895 0.89501179 1.24 1.24 1.24 1.24 1.24 1.085 1.085 1.085 1.085 1.085 1.084999 1.47 1.47 1.4699998 0.98 0.98 0.98 0.815 0.815 1.18 1.18 1.58 1.5800008 1.95 
1.5 1.5 1.5 1.5 1.5 1.5 2.155 2.155 2.155 2.125 2.125 2.125 2.125 2.125 1.8310887 1.01 1.01 1.01 1.01 1.01 0.99734712 1.285 1.285 1.285 1.285 1.2807609 1.1502115 0.92972376 1.2382986 1.24 1.24 1.24 1.24 1.2399997 1.085 1.085 1.085 1.085 1.085 1.2641011 1.47 1.47 1.47 0.98 0.98 0.98 0.815 0.815 1.18 1.18 1.435 1.9215903 1.95 
1.5 1.5 1.5 1.5 1.5 1.5000002 2.1549998 2.155 2.1537548 2.125 2.125 2.125 2.125 2.125 2.0715177 1.01 1.01 1.01 1.01 1.01 1.01 1.1701995 1.1500002 1.15 1.15 1.15 1.15 1.15 0.88899351 0.8850042 0.88500001 0.885 0.885 0.88500014 1.085 1.085 1.085 1.085 1.085 1.47 1.47 1.47 1.47 1.4699998 0.9802004 1.105 0.81500003 1.001713 1.1798467 1.435 1.435 1.4477838 2.05 
1.5 1.5 1.5 1.5 1.5 1.5000418 2.1549647 2.1549982 2.125 2.125 2.125 2.125 2.125 2.125 2.1037839 1.01 1.01 1.01 1.01 1.01 1.01 1.15 1.15 1.15 1.15 1.15 1.15 1.15 0.88507315 0.885 0.885 0.885 0.885 0.885 0.93979998 1.085 1.085 1.085 1.085 1.47 1.47 1.47 1.47 1.4699065 1.105 1.105 1.1043732 1.005 1.005 1.435 1.435 2.05 2.05 
1.5 1.5 1.5 1.5 1.5 1.5008735 2.1542216 2.1283853 2.125 2.125 2.125 2.125 2.125 2.125 2.10548 1.01 1.01 1.01 1.01 1.01 1.0299335 1.15 1.15 1.15 1.15 1.15 1.15 1.15 0.88500106 0.885 0.885 0.885 0.885 0.885 0.885 1.3043265 1.6452882 1.8317173 1.8600861 1.4851055 1.47 1.47 1.47 1.1050291 1.105 1.105776 1.2349989 1.005 1.005 2.0198561 2.02 2.02 2.05 
1.5 1.5 1.5 1.5 1.5000007 1.5054624 2.1478174 2.1250082 2.125 2.125 2.125 2.125 2.125 2.125 2.098963 1.01 1.01 1.01 1.01 1.01 1.1499994 1.15 1.15 1.15 1.15 1.15 1.15 1.15 0.88500007 0.885 0.885 0.885 0.885 0.885 0.8850002 1.875 1.875 1.875 1.875 1.705 1.705 1.705 1.705 1.2349996 1.235 1.235 1.235 1.2350013 1.36 1.36 2.02 2.02 1.8317618 
1.5 1.5 1.5 1.5000001 1.5000183 1.5177686 2.1259303 2.1250004 2.125 2.125 2.125 2.125 2.125 2.125 2.08715 1.0100005 1.01 1.01 1.01 1.0108426 1.15 1.15 1.15 1.15 1.15 1.15 1.15 1.15 0.88500006 0.885 0.885 0.885 0.885 0.885 1.8749991 1.875 1.875 1.875 1.875 1.705 1.705 1.705 1.705 1.578149 1.235 1.235 1.235 1.3599986 1.36 1.36 1.745 1.745 1.745 
1.5 1.5 1.5 1.5000015 1.5001792 1.5652133 2.1249779 2.1250001 2.125 2.125 2.125 2.125 2.125 2.1249999 2.0711479 1.0100262 1.01 1.01 1.0100002 1.1471634 1.15 1.15 1.15 1.15 1.15 1.15 1.15 1.15 0.88500025 0.885 0.885 0.885 0.885 1.529197 1.875 1.875 1.875 1.875 1.875 1.705 1.705 1.705 1.705 1.705 1.235 1.235 1.235 1.36 1.36 1.36 1.745 1.745 1.745 
1.5 1.5 1.5000006 1.5000175 1.5010666 1.86501 2.1249797 2.1250001 2.125 2.125 2.125 2.125 2.125 2.1249979 2.0521228 1.0104072 1.01 1.01 1.0107248 1.1499881 1.15 1.15 1.15 1.15 1.15 1.15 1.15 1.1499998 0.88500166 0.885 0.88500062 1.6876373 1.765 1.765 1.765 1.875 1.875 1.875 1.875 1.705 1.705 1.705 1.705 1.705 1.2350083 1.235 1.2350001 1.36 1.36 1.3600002 1.745 1.745 1.745 
