interpolatedSpi/07-08|23_2.tif
NCOLS 53
NROWS 52
XLLCORNER -116.03883
YLLCORNER 28.596182
DX 0.49850594
DY 0.49788537
NODATA_VALUE -9999
0.545 0.545 1.3621368 1.57 1.5 1.325 1.42 1.44 0.12785709 -0.095 0.185 0.025 -0.66996089 -0.195 -0.425 -0.425 -0.425 -1.175 -0.46 -0.46 -0.46 -0.4599999 -0.45 -0.52 -0.52 -0.52 -0.51000459 -0.51 -0.51 -0.79 -0.79 -0.79 -0.79 -0.54000005 -0.54 -0.54 -0.54 -0.54 -0.54 -0.53999997 0.42955703 0.43975937 -0.505 -0.505 -0.505 -0.505 -0.503971 0.125 0.125 0.125 1.1249979 1.125 1.125 
0.54498667 0.245 1.5199988 1.3339555 1.4948127 0.36 0.555 0.30035406 -0.385 -0.23 -0.235 -0.67 -0.67 -1.062099 -0.19501254 -0.425 -1.175 -1.175 -0.46093226 -0.46 -0.46 -0.46 -0.58632274 -0.52 -0.52 -0.52 0.11499996 0.115 -0.79 -0.79 -0.79 -0.79 -0.79 -0.54000004 -0.54 -0.54 -0.54 -0.54 -0.54000001 -0.38895214 0.4698831 -0.38669227 -0.505 -0.505 -0.505 -0.505 -0.505 0.125 0.125 0.125 0.20792096 1.125 1.125 
0.68500325 0.685 0.445 0.13 0.44 1.595 0.855 0.99 -0.045 -0.575 -0.355 -0.205 -0.505 -1.61 -1.065 -1.61 -1.175 -1.175 -1.175 -0.42501017 -0.425 -0.425 -1.78 -0.52 -0.52 -0.52 0.115 0.115 0.115 -0.79 -0.79 -0.79000003 -1.052363 -0.54103746 -0.54167542 -0.71835058 -0.72 -0.72 -0.57032936 0.46999999 0.47 0.46875322 -0.505 -0.505 -0.505 -0.505 -0.505 0.125 0.125 0.125 0.125 1.125 1.125 
0.965 0.6849999 0.20483149 -0.205 -0.905 -0.425 0.105 -0.33 0.705 -0.21780254 -0.175 -1.11 -0.995 -1.61 -0.805 -1.61 -1.29741 -1.2949159 -1.065 -0.425 -0.425 -0.7 -1.78 -1.78 -0.52 -0.51999683 0.115 0.115 0.115 -1.145 -1.2492488 -1.335 -1.335 -1.3349995 -0.72 -0.72 -0.72 -0.72 0.47 0.47 0.47 0.46999996 -0.505 -0.505 -0.505 -0.505 -0.505 0.12499205 0.125 0.125 0.125 1.1248889 1.125 
0.965 0.34999973 0.205 -0.21958422 -0.905 -1.01 -0.75500465 -0.36 -0.96 -0.29000039 -0.57324395 -0.69492265 -0.155 -0.805 -0.805 -1.338675 -1.295 -1.295 -1.065 -1.065 -0.42500056 -0.7 -0.81 -0.39 -0.54 -0.53996125 0.115 0.115 -1.145 -1.145 -1.335 -1.335 -1.335 -1.2944567 -0.72 -0.72 -0.72 0.47 0.47 0.47 0.47 0.46977316 -0.50500002 -0.505 -0.505 -0.505 -0.505 -0.49939222 0.125 0.12489238 -2.275 -2.275 -2.275 
-0.57 -0.065 -0.18499999 -0.11 0.075 -1.355 -1.48 -1.3366079 -0.385 -1.34 -1.485 -0.83 -0.82999955 -1.65 -1.65 -1.5198286 -1.52 -1.78 -1.78 -1.0650001 -0.81 -0.81 -0.39 -0.54 -0.54 -0.375 -1.285 -1.285 -1.2549901 -1.145 -1.335 -1.335 -1.12 -1.1199566 -0.70502958 -0.1 -0.1 0.29365749 0.47 0.47 -1.877069 -1.88 -1.8799971 -0.67199904 -0.67498121 -0.67499995 -0.67499999 -0.67499995 -2.0307799 -2.275 -2.275 -2.275 -2.275 
-0.0099930463 -0.02 0.32244712 -0.06 -0.695 -1.81 -0.97 -1.205 -1.42 -1.42 -1.485 -2.1 -1.9349997 -1.65 -0.81000252 -0.81 -1.52 -0.745 -1.19 -1.19 -0.54137901 -0.24 -0.24 -0.44 -0.375 -0.375 -1.285 -1.285 -1.2550035 -1.2550644 -1.0308795 -1.12 -1.12 -0.705 -0.705 -0.56566723 -0.1 -0.1 -0.83997435 -1.8799986 -1.88 -1.88 -1.8799834 -0.67500304 -0.675 -0.675 -0.675 -0.67500083 -2.065 -2.2749584 -2.275 -2.275 -2.275 
-0.01 -0.665 -0.3 -0.79 -4.5289048e-05 -1.27 -2.135 -1.505 -1.845 -1.92 -1.92 -0.555 -1.935 -1.935 -0.81771854 -1.2289482 -1.27 -0.915 -1.1250001 -1.19 -1.0253726 -0.96 -1.03 -0.85 -0.85000716 -1.405 -1.5 -1.4999999 -1.3147898 -1.315 -1.03 -1.143566 -0.87 -0.705 -0.72111448 -0.955 -0.955 -0.84 -0.84 -1.88 -1.88 -1.88 -1.2173902 -1.22 -0.675 -0.675 -0.675 -2.0649471 -2.065 -2.065 -2.275 -2.275 -2.275 
-0.73327199 -0.665 -0.14 -0.565 0.055 -0.94 -0.52 -0.375 -1.235 -0.93197371 -0.105 -1.15 -1.15 -0.805 -0.80500456 -0.073344501 -0.07 -0.07 -0.94705682 -1.685 -1.73 -1.73 -1.41 -1.1797518 -1.3490707 -1.405 -0.965 -1.5 -1.5745642 -1.575 -1.22 -1.4 -1.1003249 -1.62 -1.27 -1.79 -1.365 0.15 -0.22482684 -1.874822 -0.72 -0.71 -1.2199609 -1.22 -1.2169324 -0.675 -0.58000001 -2.065 -2.065 -2.065 -2.065 -2.2202167 -0.4 
-1.115 -1.115 -0.07 -0.145 -0.415 0.415 -0.74 -1.74 -1.09 -0.85510374 -1.3 -0.605 -0.805 -0.805 -1.29 -1.2732671 -0.07 -0.069992142 -0.005 -1.685 -1.685 -1.6907975 -1.41 -1.619996 -1.62 -1.62 -0.965 -1.025 -1.025 -1.575 -1.575 -1.3988715 -0.805 -1.62 -1.275 -1.79 -1.365 -0.705 -0.225 -0.5594897 -0.71 -0.80918164 -0.98 -1.22 -1.22 -0.58 -0.58 -0.58 -2.065 -2.065 -1.835 -1.835 -1.8349995 
-1.115 -1.115 -0.255 -0.385 -0.28 0.08 -1.245 -0.29163067 0.505 0.61 -0.32 -0.505 -0.60486717 -1.29 -1.29 -1.2898869 -0.31 -0.29399217 -0.005 -0.275 -0.275 -0.31 -0.31 -1.62 -1.62 -1.62 -1.025 -1.025 -1.025 -1.595 -1.595 -1.5949987 -1.755 -1.755 -2.69 -1.68 -1.955 -1.0700099 -1.025 -0.565 -0.565 -0.79500061 -0.98 -1.22 -1.0899997 -0.625 -1.1923513 -1.195 -1.895 -1.895 -1.835 -1.835 -1.835 
-1.115 -0.74364645 -0.31047564 0.25500509 -0.295 -0.2 -1.245 -0.29 0.50499336 0.60883673 -0.50499855 -0.505 -0.69 -1.29 -1.29 -0.31000003 -0.31 -0.30998264 -0.005 -0.275 -0.28187329 -0.31 -0.31 -1.6199472 -1.62 -1.4983738 -1.25 -1.25 -1.25 -1.595 -1.595 -1.4 -1.4 -1.7550026 -2.69 -2.2900002 -1.9990976 -1.07 -1.07 -0.56500001 -0.795 -0.795 -0.79500216 -1.09 -1.09 -0.625 -1.195 -1.195 -1.895 -1.895 -1.835 -1.835 -1.835 
-0.59 -0.34908861 -0.35500074 -0.35058574 -0.29499953 -0.20000224 -1.245 -0.30175548 0.45021637 0.50774183 -0.69 -0.69 -0.69 -0.69 -1.289915 -0.31 -0.31 -0.30606196 -0.005 -0.27498094 -0.215 -0.215 -0.215 -0.215 -1.5959243 -1.25 -1.25 -1.25 -1.25 -1.2499371 -1.4 -1.4 -1.4 -1.4 -2.29 -2.29 -2.29 -1.1301778 -1.0736802 -1.56 -1.56 -0.79504115 -1.6199819 -1.090051 -1.09 -0.625 -1.195 -1.195 -1.895 -1.895 -1.8352177 -1.835 -1.6301347 
-0.59 -0.355 -0.355 -0.355 -0.355 -0.35499994 -1.2423249 -0.79302633 0.30405875 -0.68871034 -0.69 -0.69 -0.69 -0.69 -0.6899994 -0.31000002 -0.30999995 -0.28907908 -0.0050049294 -0.215 -0.215 -0.215 -0.215 -0.215 -0.19392769 -0.49745487 -0.2950002 -0.295 -0.295 -0.295 -1.4 -1.4 -1.3999991 -0.63 -0.63 -2.29 -0.9629583 -0.925 -1.5599996 -1.56 -1.56 -1.56 -1.62 -1.62 -1.62 -1.6130757 -1.3786779 -1.38 -1.38 -1.38 -1.38 -1.67 -1.67 
-0.465 -0.355 -0.355 -0.355 -0.355 -0.355 -0.35500005 -0.52139445 0.14563437 0.145 0.145 0.145 0.145 0.145 0.14499999 1.124684 -0.28688273 -0.26823503 -0.2149737 -0.215 -0.215 -0.215 -0.215 -0.21499907 0.76 0.76 0.75999852 -0.295 -0.295 -0.29333797 0.535 0.535 -0.63 -0.63 -0.63 -0.87774382 -0.925 -0.925 -0.925 -1.56 -1.56 -1.56 -1.62 -1.62 -1.62 -1.62 -1.38 -1.38 -1.38 -1.38 -1.38 -1.67 -1.67 
-0.465 -0.42404825 -0.355 -0.355 -0.355 -0.355 0.71978901 0.72 0.71999999 0.145 0.145 0.145 0.145 0.145 0.365607 1.145 1.145 1.145 0.58256499 0.58499918 0.585 0.585 0.585 0.585 0.76 0.76 0.76 0.76 -0.295 0.535 0.535 0.535 -0.6299999 -0.63 -0.63 -0.055 -0.92384809 -0.925 -0.925 -1.5599256 -1.4119105 -1.0664794 -1.62 -1.62 -1.9539662 -1.955 -1.955 -1.3806267 -1.7586721 -1.76 -1.7599999 -1.2550629 -1.6699992 
-0.465 0.38649994 0.032125218 -0.355 -0.355 0.71936484 0.72 0.72 0.72 0.71585639 0.145 0.145 0.145 0.14500012 1.145 1.145 1.145 1.145 0.58550024 0.585 0.585 0.585 0.585 0.585 0.76 0.76 0.76 0.76 0.7591816 0.535 0.535 0.535 0.98999999 -0.6299024 -0.055 -0.055 -0.055 -0.054295281 -1.0561028 -1.065 -1.065 -1.065 -1.87 -1.87 -1.955 -1.955 -1.955 -1.76 -1.76 -1.76 -1.76 -1.255 -1.255 
0.40948208 0.41 0.41 0.41 0.91 0.7200049 0.72 0.72 0.72 0.72 0.20140282 0.14500971 0.14500002 1.145 1.145 1.145 1.145 1.145 1.1153029 0.585 0.585 0.585 0.585 0.585 0.74899985 0.87999935 0.88 0.88 0.88 0.53500002 0.98999999 0.99 0.99 0.99 -0.055 -0.054998157 0.015 0.015 -1.0515146 -1.065 -1.065 -1.065 -1.87 -1.87 -1.9418391 -1.955 -1.955 -1.76 -1.76 -1.76 -1.7545851 -1.255 -1.255 
0.41 0.41 0.41 0.64545746 0.91 0.91 0.72 0.72 0.72 0.72 0.89 0.89 0.89 1.145 1.145 1.145 1.145 1.1450818 1.37 1.37 0.58500032 0.585 0.59266892 0.9 0.89981995 0.88 0.88 0.88 0.88 0.9899888 0.99 0.99 0.99 0.99 0.014999754 0.015 0.015 0.015 0.011207564 -1.065 -1.065 -1.065 -1.87 -1.87 -1.87 -1.955 -1.955 -1.76 -1.76 -1.76 -1.255 -1.255 -1.255 
0.41 0.41 0.41 0.91 0.91 0.91 0.90999971 0.72 0.72 0.88982451 0.89 0.89 0.89 0.89015888 1.5456641 1.64 1.64 1.64 1.37 1.37 1.37 0.9 0.9 0.9 0.89989775 0.69903911 0.88 0.88 0.88 0.77604698 0.73002557 0.73 0.73 0.73 0.059540792 0.11999976 0.12 0.12 0.12 -1.4149521 -1.415 -1.415 -1.87 -1.87 -2.0399993 -2.0399998 -1.545 -1.545 -0.885 -0.885 -0.885 -1.255 -0.8803353 
0.41000102 0.41 0.41000002 0.91 0.91 0.91 0.90999999 0.26500013 0.71818073 0.89 0.89 0.89 0.89 0.89147171 1.64 1.64 1.64 1.6399999 1.37 1.37 1.37 0.9 0.9 0.9 0.535 0.535 0.99499999 0.995 0.995 0.99355434 0.73 0.73 0.73 0.73 0.42516753 0.12 0.12 0.12 0.12 -1.415 -1.415 -1.415 -1.4346649 -2.04 -2.04 -2.04 -1.545 -1.545 -0.885 -0.885 -0.885 -0.88 -0.88 
0.74 0.58305817 0.605 0.60508849 0.91 0.26873195 0.265 0.265 0.38706684 0.88999999 0.89 0.89 0.89 1.8699681 1.87 1.6400002 1.64 1.6328859 1.37 1.37 1.37 0.835 0.835 0.835 0.535 0.535 0.995 0.995 0.995 0.99500016 1.2099969 1.2099987 0.74206408 0.73051459 0.44532455 0.445 0.445 0.445 0.445 -1.415 -1.415 -1.415 -2.0055849 -2.04 -2.04 -2.0399999 -1.545 -1.545 -1.5449762 -0.885 -0.88500604 -1.02 -0.88 
0.37007026 0.37000004 0.605 0.605 0.605 0.265 0.265 0.265 0.6 0.6 0.89 0.89 0.89 1.87 1.87 1.87 1.87 1.8699436 1.37 1.37 1.37 0.835 0.835 0.835 0.535 0.535 0.995 0.995 0.995 1.2075759 1.21 1.21 1.21 1.21 0.44537748 0.445 0.445 0.445 0.445 -0.45000025 -0.45 -0.45 -0.45 -2.0399965 -1.59 -1.59 -1.59 -1.335 -1.335 -1.335 -1.02 -1.02 -1.02 
0.37 0.37 0.605 0.605 0.605 0.2667871 0.265 0.6 0.6 0.6 0.8899643 0.89 1.0697674 1.8699998 1.87 1.87 1.87 1.265 1.265 1.265 1.48 1.4799995 0.83500314 0.835 0.83496319 0.915 0.915 0.91500019 0.99498707 1.0550309 1.0550008 1.0550271 1.2097351 1.2098662 0.58114674 0.44499997 0.44474866 0.37 0.37 -0.45 -0.45 -0.45 -0.45 -1.59 -1.59 -1.59 -1.59 -1.335 -1.335 -1.335 -1.02 -1.02 -1.02 
0.37 0.37 0.605 0.605 0.605 0.605 0.39038071 0.6 0.6 0.6 0.60028172 1.11 1.11 1.11 1.8655211 1.87 1.2690316 1.265 1.265 1.265 1.48 1.48 1.48 1.48 0.915 0.915 0.915 0.915 0.915 1.055 1.055 1.055 1.055 1.0549981 0.165 0.37 0.37 0.37 0.37 0.36999651 -0.605 -0.605 -0.605 -0.69612041 -0.885 -0.885 -0.885 -1.335 -1.3349999 -1.245 -1.245 -0.42514475 -0.425 
0.37 0.37 0.5201815 0.605 0.605 0.605 0.67486691 0.60023636 0.6 0.6 1.1099999 1.11 1.11 1.11 1.11 1.1723178 1.265 1.265 1.265 1.265 1.4799983 1.48 1.48 1.48 0.915 0.915 0.915 0.915 0.915 0.061103619 1.055 1.055 1.055 0.165 0.165 0.16515919 0.37 0.37 0.51632241 0.62999997 -0.605 -0.605 -0.605 -0.69405194 -0.885 -0.885 -0.885 -0.63 -1.2373372 -1.245 -1.245 -0.425 -0.425 
0.655 0.655 0.655 0.61753637 0.6046397 0.675 0.675 0.675 0.675 0.425 0.425 1.11 1.11 1.11 1.11 1.1100098 1.265 1.265 1.265 1.265 1.386181 1.48 1.48 1.4822245 1.5360562 0.915 0.915 0.915 -0.29 -0.29 -0.29 -0.28999435 0.165 0.165 0.165 0.165 0.63 0.63 0.63 0.63 -0.185 -0.185 -0.185 -0.62999105 -0.63 -0.63 -0.63000008 -0.63 -0.63 -1.2442507 -1.245 -0.42499909 -0.425 
0.655 0.655 0.655 0.65498384 0.355 0.40153326 0.675 0.675 0.675 0.425 0.425 0.425 -0.04999995 -0.05 -0.05 -0.050000001 1.2610066 1.265 1.265 1.265 1.2682648 1.5649998 1.565 1.565 1.565 1.565 0.585 0.585 -0.29 -0.29 -0.29 -0.29 0.16499994 0.165 0.165 0.16499267 0.63 0.63 0.63 0.62927617 -0.185 -0.185 -0.185 -0.62997936 -0.63 -0.63 -0.63 -0.63 -0.63 -0.62999995 -0.245 -0.245 -0.125 
0.655 0.655 0.655 0.35500069 0.355 0.355 0.67499988 0.675 0.675 0.425 0.425 0.425 -0.05 -0.05 -0.05 -0.11587801 -0.915 -0.915 -0.91499437 1.2526868 1.565 1.565 1.565 1.565 1.565 1.5642625 0.585 0.585 0.585 -0.29 -0.29 -0.28943358 0.075 0.075 0.075 0.19 0.19 0.465 0.465 0.465 -0.1 -0.18497334 -0.1849978 0.11 0.11 0.081954841 -0.62999804 -0.63 -0.63 -0.245 -0.245 -0.245 -0.125 
0.655 0.655 0.655 0.355 0.355 0.355 0.355 0.675 0.675 0.425 0.425 -0.031006851 -0.05 -0.05 -0.05 -0.915 -0.915 -0.915 -0.915 -0.915 1.565 1.565 1.565 1.565 1.565 0.58500334 0.585 0.585 0.585 0.59 0.59 0.59 0.075 0.075 0.075 0.19 0.19 0.465 0.465 -0.1 -0.1 -0.1 0.11 0.11 0.11 0.11 0.12026842 0.235 0.235 0.235 -0.245 -0.225 -0.225 
0.655 0.655 0.65458224 0.355 0.355 0.355 0.355 0.02179588 0.005 0.0057210832 0.42499996 -0.050046481 -0.05 -0.05 -0.050002992 -0.915 -0.915 -0.915 -0.915 -0.915 -1.8299792 1.565 1.565 1.565 1.5648146 0.5850045 0.585 0.585 0.585 0.59 0.59 0.59 0.58992632 0.075 0.19 0.19 0.19 0.19001132 0.46496147 -0.1 -0.1 -0.1 0.10998725 0.11 0.11 0.11 0.23499703 0.235 0.235 0.235 -0.225 -0.225 -0.225 
0.66 0.65999999 0.35516855 0.355 0.355 0.355 0.005074476 0.005 0.005 0.005 -0.60499998 -0.605 -0.605 -0.605 -0.91356914 -0.915 -0.915 -0.915 -0.915 -1.9749994 -1.975 -1.975 0.66500015 0.665 0.665 0.665 0.65809497 0.585 0.66999652 0.67 0.67 0.67 0.67 0.195 0.195 0.195 0.195 0.195 -0.695 -0.695 -0.695 -0.695 -0.695 -0.059743737 -0.06 -0.06 -0.06 0.235 0.235 0.235 -0.22492753 -0.225 -0.225 
0.66 0.66 0.65326006 -0.144999 -0.14499989 -0.14485342 0.005 0.005 0.005 0.005 -0.605 -0.605 -0.605 -0.605 -0.605 -0.915 -0.915 -0.915 -1.9749997 -1.975 -1.975 -1.975 0.66499999 0.665 0.665 0.665 0.665 0.6649831 0.67041705 0.67 0.67 0.67 0.67016754 0.70521146 0.1955283 0.195 0.195 0.19500001 -0.695 -0.695 -0.695 -0.695 -0.695 -0.06 -0.06 -0.06 -0.06 0.077947764 0.235 0.52176449 0.525 0.81 0.81 
0.66 0.66 -0.14489803 -0.145 -0.145 -0.145 -0.10690063 0.005 0.005 0.005 -0.605 -0.605 -0.605 -0.605 -0.605 -0.91477241 -0.915 -1.9746892 -1.975 -1.975 -1.975 -1.975 -0.31300511 0.665 0.665 0.665 0.665 0.66576871 1.75 1.75 1.75 1.75 1.75 1.095 1.095 1.095 1.095 1.095 -0.27 -0.27 -0.27 -0.27 -0.27 -0.059218667 -0.059999836 -0.059999999 -0.059945757 -0.053388944 0.525 0.525 0.525 0.8099984 0.81 
0.65999913 0.19426059 -0.14499995 -0.145 -0.145 -0.145 -0.145 0.0049361315 0.005 0.005 -0.605 -0.605 -0.605 -0.605 -1.7832353 -1.81 -1.81 -1.9749958 -1.975 -1.975 -1.975 -1.975 -1.9749997 0.665 0.665 0.665 0.665 2.4949992 2.4949997 2.3364459 1.75 1.75 1.75 1.095 1.095 1.095 1.095 1.0951219 -0.27 -0.27 -0.27 -0.27 -0.26993066 0.26 0.26 0.26 0.26 0.26002137 0.525 0.525 0.525 0.52499988 0.33706917 
0.185 0.185 0.0069744517 -0.145 -0.145 -0.145 -0.145 -0.145 0.004932987 -1.255 -1.255 -1.255 -1.2534574 -1.8099983 -1.81 -1.81 -1.81 -1.81 -1.9749963 -1.9437154 -1.67 -1.67 -1.67 -1.0807237 0.57655981 0.10333309 -0.29430039 2.495 2.495 2.495 2.495 2.495 2.4656899 1.2863356 1.275 1.275 1.275 1.275 -0.099992168 0.63499837 0.635 0.635 0.635 0.29999988 0.26000001 0.26 0.26 0.845 0.52500513 0.525 0.525 0.33 0.33 
0.185 0.185 -0.60499999 -0.605 -0.605 -0.14515323 -0.145 -0.145 -1.255 -1.255 -1.255 -1.255 -1.255 -1.81 -1.81 -1.81 -1.81 -1.81 -1.67 -1.67 -1.67 -1.67 -1.67 -0.44000006 -0.44 -0.44 -0.44 2.495 2.495 2.495 2.495 2.495 2.285 2.285 1.275 1.275 1.275 1.1500213 1.15 0.635 0.635 0.635 0.63499997 0.3 0.3 0.3 0.845 0.845 0.845 1.155 1.155 0.33 0.33 
0.185 0.185 -0.605 -0.605 -0.605 -0.605 -0.60500593 -1.685 -1.2554049 -1.255 -1.255 -1.255 -1.255 -1.8030769 -1.81 -1.81 -1.81 -1.81 -1.67 -1.67 -1.67 -1.67 -1.67 -0.44 -0.44 -0.44 -0.44 -0.43998812 2.495 2.495 2.495 2.285011 2.285 2.285 2.285 1.275 1.15 1.15 1.15 1.1364494 0.44953814 0.415 0.415 0.3 0.3 0.3 0.845 0.845 0.845 1.155 1.155 1.155 1.4168596 
0.29 0.28999918 -0.605 -0.605 -0.605 -0.605 -1.685 -1.685 -1.685 -1.255 -1.255 -1.255 -1.255 -1.2551725 -1.81 -1.81 -1.81 -1.81 -1.6700027 -1.67 -1.67 -1.67 -0.65670241 -0.44 -0.44 -0.44 -0.44 -0.31000011 -0.31 -0.30999997 2.464887 2.285 2.285 2.285 2.2849985 0.75000002 1.15 1.15 1.15 1.15 0.415 0.415 0.415 0.2 0.2 0.2 0.065075962 0.845 0.845 1.155 1.155 1.155 1.5299968 
0.29 0.29 -0.605 -0.605 -0.605 -1.685 -1.685 -1.685 -1.685 -1.3021771 -1.255 -1.255 -1.255 -1.2550054 -2.3199413 -2.32 -2.32 -2.32 -2.6600017 -2.24 -2.24 -2.24 -2.24 -0.44 -0.44 -0.44 -0.43999142 -0.31 -0.31 -0.31 -0.31 2.2846218 1.4216069 0.75 0.75 0.75 1.1475162 0.48501385 0.485 0.485 0.41499608 0.41 0.41 0.2 0.2 0.19999943 0.065 0.065 -0.005 -0.005 -0.005 0.295 0.39 
0.29 0.29 -0.53 -0.53 -0.53 -1.685 -1.685 -1.685 -1.685 -2.655 -2.655 -2.655 -2.655 -2.6313918 -2.32 -2.32 -2.32 -2.32 -2.675 -2.24 -2.24 -2.24 -2.24 -1.095 -1.0949997 -0.44000097 -0.31 -0.31 -0.31 -0.31 -0.3530334 -0.395 0.6137607 0.75 0.75 0.75 0.485 0.485 0.485 0.485 0.41 0.41 0.41 0.56495112 0.565 0.067247465 0.065 0.065 -0.0049986058 -0.005 0.295 0.295 0.39 
0.29 -0.53 -0.53 -0.53 -0.53 -0.53 -1.6922195 -2.615 -2.615 -2.655 -2.655 -2.655 -2.655 -2.6549207 -2.32 -2.32 -2.32 -2.33604 -2.675 -2.675 -2.24 -2.24 -1.095 -1.095 -1.095 -1.095 -0.31 -0.31 -0.31 -0.31 -0.395 -0.395 -0.395 0.74884135 0.75 0.75 0.485 0.485 0.485 0.485 0.41 0.41 0.41 0.565 0.565 0.56501445 0.82 0.82 0.29 0.29 0.295 0.295 0.39 
-0.52229918 -0.53 -0.53 -0.53 -0.53 -0.53 -2.615 -2.615 -2.615 -2.6364097 -2.655 -2.655 -2.655 -2.6549899 -2.32 -2.32 -2.32 -2.675 -2.675 -2.675 -2.2400217 -2.239993 -1.095 -1.095 -1.095 -1.095 -0.3100558 -0.31 -0.31 -0.39498045 -0.395 -0.395 -0.395 -0.395 0.74465613 -1.04 -1.04 -1.0136072 0.485 0.485 0.41000007 0.41 0.56049334 0.565 0.565 0.81999991 0.82 0.82 0.29 0.29 0.105 0.105 0.155 
-0.53 -0.53 -0.53 -0.53 -0.53 -0.53 -2.615 -2.615 -2.615 -2.615 -2.205013 -2.205 -2.205 -2.205 -2.3199997 -2.2751293 -2.25 -2.25 -2.6742165 -2.675 -2.6749999 -1.0950017 -1.095 -1.095 -1.095 -1.095 -1.0944293 -0.31 -0.31000291 -0.395 -0.395 -0.395 -0.395 -0.395 -1.04 -1.04 -1.04 -1.04 -1.04 -1.0399952 -1.315 -1.315 -1.3149997 -0.495 -0.495 -0.495 -0.47 -0.47 -0.365 -0.365 0.105 0.10500011 0.155 
-0.53 -0.53 -0.53 -0.53 -0.53 -0.53 -2.615 -2.615 -2.615 -2.205 -2.205 -2.205 -2.205 -2.205 -2.2168619 -2.25 -2.25 -2.25 -2.25 -2.25 -2.2702924 -1.095 -1.095 -1.095 -1.095 -1.1108575 -1.5992087 -0.48565422 -0.39458082 -0.395 -0.395 -0.395 -0.395 -0.39500141 -1.04 -1.04 -1.04 -1.04 -1.04 -1.1679294 -1.315 -1.315 -1.315 -0.495 -0.495 -0.495 -0.47 -0.47 -0.365 -0.365 -1.555 0.06066922 0.155 
-0.53 -0.53 -0.53 -0.53 -0.53 -0.53000062 -2.6149995 -2.615 -2.5979827 -2.205 -2.205 -2.205 -2.205 -2.205 -2.2071585 -2.25 -2.25 -2.25 -2.25 -2.25 -2.25 -1.5248356 -1.5999993 -1.6 -1.6 -1.6 -1.6 -1.6 -1.3130323 -1.3099892 -1.31 -1.31 -1.31 -1.3099998 -1.04 -1.04 -1.04 -1.04 -1.04 -1.315 -1.315 -1.315 -1.315 -1.3149996 -0.49658719 -1.485 -0.47000011 -1.5411431 -0.36604706 -1.555 -1.555 -1.5541685 -1.515 
-0.53 -0.53 -0.53 -0.53 -0.53 -0.53013319 -2.6148875 -2.6149752 -2.2050005 -2.205 -2.205 -2.205 -2.205 -2.205 -2.2058563 -2.25 -2.25 -2.25 -2.25 -2.25 -2.25 -1.6 -1.6 -1.6 -1.6 -1.6 -1.6 -1.6 -1.3100801 -1.31 -1.31 -1.31 -1.31 -1.31 -1.23602 -1.04 -1.04 -1.04 -1.04 -1.315 -1.315 -1.315 -1.315 -1.3150435 -1.485 -1.485 -1.4854701 -1.56 -1.56 -1.555 -1.555 -1.515 -1.515 
-0.53 -0.53 -0.53 -0.53 -0.53000001 -0.53278063 -2.6125135 -2.2512658 -2.205 -2.205 -2.205 -2.205 -2.205 -2.205 -2.2057878 -2.25 -2.25 -2.25 -2.25 -2.25 -2.1574518 -1.6 -1.6 -1.6 -1.6 -1.6 -1.6 -1.6 -1.3100012 -1.31 -1.31 -1.31 -1.31 -1.31 -1.31 -1.2343521 -1.5364579 -1.7016482 -1.7268138 -1.3969553 -1.315 -1.315 -1.315 -1.4849864 -1.485 -1.4896858 -2.2699966 -1.56 -1.56 -2.5949695 -2.595 -2.595 -1.5150005 
-0.53 -0.53 -0.53 -0.53 -0.53000212 -0.54738791 -2.5649452 -2.2051127 -2.205 -2.205 -2.205 -2.205 -2.205 -2.205 -2.2060508 -2.25 -2.25 -2.25 -2.25 -2.25 -1.6000028 -1.6 -1.6 -1.6 -1.6 -1.6 -1.6 -1.6 -1.3100001 -1.31 -1.31 -1.31 -1.31 -1.31 -1.3100001 -1.74 -1.74 -1.74 -1.74 -2.59 -2.59 -2.59 -2.59 -2.2699977 -2.27 -2.27 -2.27 -2.2700018 -2.455 -2.455 -2.595 -2.595 -2.3700256 
-0.53 -0.53 -0.53 -0.53000016 -0.53005822 -0.58641845 -2.2295374 -2.2050054 -2.205 -2.205 -2.205 -2.205 -2.205 -2.205 -2.2065276 -2.25 -2.25 -2.25 -2.25 -2.2460879 -1.6 -1.6 -1.6 -1.6 -1.6 -1.6 -1.6 -1.6 -1.3100001 -1.31 -1.31 -1.31 -1.31 -1.31 -1.7399996 -1.74 -1.74 -1.74 -1.74 -2.59 -2.59 -2.59 -2.59 -2.5036334 -2.27 -2.27 -2.27 -2.4549979 -2.455 -2.455 -2.28 -2.28 -2.28 
-0.53 -0.53000001 -0.5300001 -0.53000473 -0.5305697 -0.72283912 -2.2060996 -2.2050013 -2.205 -2.205 -2.205 -2.205 -2.205 -2.205 -2.2071734 -2.2499989 -2.25 -2.25 -2.2499993 -1.61317 -1.6 -1.6 -1.6 -1.6 -1.6 -1.6 -1.6 -1.6 -1.3100003 -1.31 -1.31 -1.31 -1.31 -0.97692139 -1.7399997 -1.74 -1.74 -1.74 -1.74 -2.59 -2.59 -2.59 -2.59 -2.59 -2.27 -2.27 -2.27 -2.455 -2.455 -2.455 -2.28 -2.28 -2.28 
-0.53000002 -0.53000014 -0.53000197 -0.53005578 -0.53330961 -1.5229948 -2.20514 -2.2050008 -2.205 -2.205 -2.205 -2.205 -2.205 -2.2050001 -2.2079412 -2.2499836 -2.25 -2.25 -2.2466346 -1.6000553 -1.6 -1.6 -1.6 -1.6 -1.6 -1.6 -1.6 -1.5999998 -1.3100018 -1.31 -1.3099997 -0.89500004 -0.855 -0.855 -0.855 -1.74 -1.74 -1.74 -1.74 -2.59 -2.59 -2.59 -2.59 -2.59 -2.2700057 -2.27 -2.2700001 -2.455 -2.455 -2.4549999 -2.28 -2.28 -2.28 
