interpolatedSpi/07-08|20_1.tif
NCOLS 53
NROWS 52
XLLCORNER -116.03883
YLLCORNER 28.596182
DX 0.49850594
DY 0.49788537
NODATA_VALUE -9999
[rows 0 to 28 of 52, columns 0 to 52 of 53]
-0.08 -0.08 0.093643879 -0.19 0.39333333 0.58666667 0.73666667 1.1133333 0.56196924 0.32333333 0.29666667 0.8 0.74334761 0.91666667 0.85333333 0.85333333 0.85333333 -0.12 0.096666667 0.096666667 0.096666667 0.096670295 0.47333333 0.58 0.58 0.58 1.0966654 1.0966667 1.0966667 0.6 0.6 0.6 0.6 0.69333331 0.69333333 0.69333333 0.69333333 0.69333333 0.69333333 0.69333334 1.1253462 1.1300668 1.3933333 1.3933333 1.3933333 1.3933333 1.3944494 2.0766667 2.0766667 2.0766667 1.7800006 1.78 1.78
-0.079994816 0.036666667 0.27666683 0.38572724 0.61327823 0.69333333 0.73 0.86324721 0.6 0.74666667 0.73333333 0.74333333 0.74333333 1.0927442 0.91666824 0.85333333 -0.12 -0.12 0.096384162 0.096666667 0.096666667 0.096666667 0.54420678 0.58 0.58 0.58 0.75333332 0.75333333 0.6 0.6 0.6 0.6 0.6 0.69333332 0.69333333 0.69333333 0.69333333 0.69333333 0.69333331 0.62896733 0.31001731 1.2618794 1.3933333 1.3933333 1.3933333 1.3933333 1.3933333 2.0766667 2.0766667 2.0766667 2.0520668 1.78 1.78
0.24665866 0.24666667 0.41666667 0.76333333 0.84666667 0.57 0.82333333 0.74 1.2533333 0.86333333 0.98 0.82 -0.12666667 0.54 1.0933333 0.84333333 -0.12 -0.12 -0.12 -0.10660756 -0.10666667 -0.10666667 -0.1 0.58 0.58 0.58 0.75333333 0.75333333 0.75333333 0.6 0.6 0.59999998 0.3962073 0.69215934 0.68992045 0.33002661 0.32666667 0.32666667 0.32457044 0.31 0.31 0.31138531 1.3933333 1.3933333 1.3933333 1.3933333 1.3933333 2.0766667 2.0766667 2.0766667 2.0766667 1.78 1.78
-0.33 0.2466666 -0.073332823 0.50666667 0.25 0.86 1.11 0.45 0.89 0.98296709 1.37 1.26 0.86 0.54 0.48333333 0.84333333 -0.20855666 -0.21659894 0.066666667 -0.10666667 -0.10666667 -0.29666667 -0.1 -0.1 0.58 0.58000087 0.75333333 0.75333333 0.75333333 0.09 0.13755207 0.17666667 0.17666667 0.17666679 0.32666667 0.32666667 0.32666667 0.32666667 0.31 0.31 0.31 0.31000004 1.3933333 1.3933333 1.3933333 1.3933333 1.3933333 2.076658 2.0766667 2.0766667 2.0766667 1.7799286 1.78
-0.33 -0.38333276 -0.073333333 0.24074996 0.25 0.86 1.0566585 0.49 0.24333333 0.72333327 0.9091269 0.99669913 1.2233333 0.48333333 0.48333333 0.70755468 -0.21666667 -0.21666667 0.066666667 0.066666667 -0.10666706 -0.29666667 -0.09 0.0033333333 -0.23333333 -0.23327618 0.75333333 0.75333333 0.090000001 0.09 0.17666667 0.17666667 0.17666667 0.29798201 0.32666667 0.32666667 0.32666667 0.31 0.31 0.31 0.31 0.31006982 1.3933333 1.3933333 1.3933333 1.3933333 1.3933333 1.3994158 2.0766667 2.0765553 -0.40666667 -0.40666667 -0.40666667
-0.55333333 -0.35666667 0.039999992 0.37333333 0.94666667 0.87666667 0.44666667 0.45221457 0.57 0.55666667 0.66333333 -0.31 -0.30999899 0.28666667 0.28666667 -0.036657009 -0.036666667 -0.11 -0.11 0.06666667 -0.39666667 -0.39666667 0.0033333333 -0.23333333 -0.23333333 0.0099999999 -0.22666667 -0.22666667 0.50329596 0.09 0.17666667 0.17666667 0.82 0.81995751 0.41336243 0.41 0.41 0.34093728 0.31 0.31 1.0324312 1.0333333 1.0333336 0.18832069 0.16680224 0.16666699 0.16666671 0.16666713 0.3227965 -0.40666667 -0.40666667 -0.40666667 -0.40666667
-1.0833289 -0.66 -0.90881288 -0.14333333 0.31666667 0.19 0.36333334 0.62666667 0.11 0.11 0.66333333 -0.28333333 -0.086666798 0.28666667 0.0033341822 0.0033333333 -0.036666667 -0.04 0.07 0.07 -0.49406141 -0.60333333 -0.60333333 -0.53333333 0.01 0.01 -0.22666667 -0.22666667 0.50334033 0.50346208 0.64659405 0.82 0.82 0.41333333 0.41333333 -0.032973899 0.41 0.41 -0.59996499 1.0333311 1.0333333 1.0333333 1.0333339 0.16666895 0.16666667 0.16666667 0.16666667 0.1666668 0.38666667 -0.40650945 -0.40666667 -0.40666667 -0.40666667
-1.0833333 -1.3133333 -1.0066667 -1.09 -1.2233257 -0.36 0.17 -0.22666666 -0.51666667 -0.51333333 -0.51333333 -0.59666667 -0.086666667 -0.086666667 0.0027158499 0.20369987 0.22333333 -0.056666667 0.06000001 0.07 -0.15002584 -0.073333333 -0.35333333 -0.67333333 -0.67333437 -0.75333333 -0.45666667 -0.45666659 0.62291284 0.62333333 0.64666667 0.40517761 0.25666667 0.41333333 0.40002344 -0.40333333 -0.40333333 -0.59999999 -0.6 1.0333333 1.0333333 1.0333333 0.57539092 0.57666665 0.16666667 0.16666667 0.16666667 0.38665829 0.38666667 0.38666667 -0.40666667 -0.40666667 -0.40666667
-1.2794502 -1.3133333 -1.36 -1.18 -0.16666667 -0.39666667 -0.34 -0.31333333 0.16 -0.27593256 -0.15333333 -0.37 -0.37 -0.72333333 -0.7233301 -0.33178186 -0.33333333 -0.33333333 -0.038857322 -0.6433334 -0.97666667 -0.97666666 -0.056666667 -0.23642188 -0.74527145 -0.75333333 -0.29 -0.45666667 -0.27108472 -0.27 0.44666667 1.2 0.99014128 0.31333333 -0.053333333 -0.18666667 -0.13333333 -0.19 -0.52317941 1.0339583 1.1733333 0.30666667 0.57662054 0.57666667 0.57435896 0.16666667 0.19333333 0.38666666 0.38666667 0.38666667 0.38666666 -0.44733909 0.023333333
-1.09 -1.09 -1.15 -0.96333333 -0.13 -0.14333333 -0.20666667 -0.57333333 -0.18 -0.38669548 -0.45 -0.38333333 -0.72333333 -0.72333333 -0.38 -0.37935995 -0.33333333 -0.33336869 -0.5 -0.64333333 -0.64333333 -0.68627784 -0.056666667 -0.29999539 -0.3 -0.3 -0.29 0.093333333 0.093333333 -0.27 -0.27 1.1992097 0.78333333 0.31333333 0.19666667 -0.18666667 -0.13333333 -0.30666667 -0.52333333 0.76543557 0.3066667 0.30176881 0.29333333 0.57666667 0.57666667 0.19333333 0.19333333 0.19333333 0.38666667 0.38666667 -0.73333333 -0.73333333 -0.73333305
-1.09 -1.09 -1.0333333 -0.88666667 -0.75666667 -0.52333333 -0.66333333 -0.27019388 -0.39333333 -0.66666667 -0.28666667 -0.75 -0.38382198 -0.38 -0.38 -0.38000077 -0.38666667 -0.39261493 -0.5 -0.27 -0.27 -0.24 -0.24 -0.3 -0.3 -0.3 0.093333333 0.093333333 0.093333333 -0.14 -0.14 -0.13999848 -0.1 -0.1 0.036666667 -0.34333333 -0.28666667 0.74666661 -0.14333333 0.78666667 0.78666667 0.5566658 0.29333333 0.57666667 0.056666544 -0.24 -0.43063443 -0.43333333 -0.44333333 -0.44333333 -0.73333333 -0.73333333 -0.73333333
-1.09 -1.0654834 -0.97074544 -0.93333475 -0.96333333 -0.97666667 -0.66333333 -0.27 -0.3933323 -0.66363846 -0.74999989 -0.75 -0.40666667 -0.38 -0.38 -0.38666667 -0.38666667 -0.38667312 -0.5 -0.27 -0.26410861 -0.24 -0.24 -0.2999976 -0.3 -0.29452134 -0.28333333 -0.28333333 -0.28333329 -0.14 -0.14 -0.16666667 -0.16666667 -0.099999625 0.036666667 0.4766662 -0.12203612 0.74666667 0.74666667 0.78666666 0.55666667 0.55666667 0.55666301 0.056666667 0.056666667 -0.24 -0.43333333 -0.43333333 -0.44333333 -0.44333333 -0.73333333 -0.73333333 -0.73333333
-0.29 -0.30060305 -0.24002428 -0.24502587 -0.96333331 -0.97666635 -0.66333334 -0.27484171 -0.38483441 -0.40047079 -0.40666667 -0.40666667 -0.40666667 -0.40666667 -0.38000378 -0.38666667 -0.38666667 -0.38812998 -0.5 -0.26999856 -0.26 -0.26 -0.26 -0.26 -0.29930938 -0.28333333 -0.28333333 -0.28333333 -0.28333333 -0.28317873 -0.16666667 -0.16666667 -0.16666667 -0.16666667 0.47666667 0.47666667 0.47666667 0.73364036 0.74992123 1.18 1.18 0.55670019 0.75997592 0.05673441 0.056666667 -0.24 -0.43333333 -0.43333333 -0.44333333 -0.44333333 -0.73228124 -0.73333333 -0.34820344
-0.29 -0.24 -0.24 -0.24 -0.24 -0.24000031 -0.66413538 -0.47723865 -0.36216011 -0.4066591 -0.40666667 -0.40666667 -0.40666667 -0.40666667 -0.40666658 -0.38666667 -0.38666668 -0.39444056 -0.49999764 -0.26 -0.26 -0.26 -0.26 -0.26 -0.25632521 -0.11419107 -0.02666672 -0.026666667 -0.026666667 -0.026666667 -0.16666667 -0.16666667 -0.16666677 -0.25 -0.25 0.47666667 0.7780461 0.78666667 1.1799998 1.18 1.18 1.18 0.76 0.76 0.76 0.75304091 0.020402253 0.023333333 0.023333333 0.023333333 0.023333325 0.18333314 0.18333333
-0.28333333 -0.24 -0.24 -0.24 -0.24 -0.24 -0.24000003 -0.478282 -0.28366983 -0.28333333 -0.28333333 -0.28333333 -0.28333333 -0.28333333 -0.28333333 -0.12985336 -0.38255067 -0.40218572 -0.26003014 -0.26 -0.26 -0.26 -0.26 -0.26000009 -0.09 -0.09 -0.089999911 -0.026666667 -0.026666667 -0.026886935 -0.13666667 -0.13666667 -0.25 -0.25 -0.25 0.62060392 0.78666667 0.78666667 0.78666667 1.18 1.18 1.18 0.76 0.76 0.76 0.76 0.023333337 0.023333333 0.023333333 0.023333333 0.023333333 0.18333333 0.18333333
-0.28333333 -0.26720083 -0.24 -0.24 -0.24 -0.24 -0.24666536 -0.24666667 -0.24666667 -0.28333333 -0.28333333 -0.28333333 -0.28333333 -0.28333333 -0.24877157 -0.12666667 -0.12666667 -0.12666667 -0.33975607 -0.33999992 -0.34 -0.34 -0.34 -0.34 -0.09 -0.09 -0.09 -0.09 -0.026666667 -0.13666667 -0.13666667 -0.13666667 -0.24999999 -0.25 -0.25 0.73 0.78659164 0.78666667 0.78666667 1.1799329 1.0463704 0.73466832 0.76 0.76 0.26486608 0.26333333 0.26333333 0.023859816 0.34221508 0.34333331 0.34333327 0.42329699 0.18333382
-0.28333333 -0.10167992 -0.16746673 -0.24 -0.24 -0.24666273 -0.24666667 -0.24666667 -0.24666667 -0.2469309 -0.28333333 -0.28333333 -0.28333333 -0.28333331 -0.12666667 -0.12666667 -0.12666667 -0.12666667 -0.33980943 -0.34 -0.34 -0.34 -0.34 -0.34 -0.090000006 -0.09 -0.09 -0.09 -0.090169742 -0.13666667 -0.13666667 -0.13666667 0.089999995 -0.24989211 0.73 0.73 0.73 0.72289569 0.73668897 0.73333333 0.73333333 0.73333333 0.55333333 0.55333333 0.26333333 0.26333333 0.26333333 0.34333333 0.34333333 0.34333333 0.34333333 0.42333333 0.42333333
-0.09670214 -0.096666667 -0.096666667 -0.096666666 -0.063333333 -0.24666194 -0.24666667 -0.24666667 -0.24666667 -0.24666667 -0.31033591 -0.28333798 -0.28333334 -0.12666667 -0.12666667 -0.12666667 -0.12666667 -0.12666667 -0.19031636 -0.34 -0.34 -0.34 -0.34 -0.34 -0.1215667 0.039999296 0.04 0.04 0.04 -0.13666666 0.089999996 0.09 0.09 0.09 0.73 0.72998297 0.083333333 0.083333333 0.72521711 0.73333333 0.73333333 0.73333333 0.55333333 0.55333333 0.30823532 0.26333333 0.26333333 0.34333333 0.34333333 0.34333333 0.34419114 0.42333333 0.42333333
-0.096666667 -0.096666667 -0.096666667 -0.080969503 -0.063333333 -0.063333333 -0.24666667 -0.24666667 -0.24666667 -0.24666667 -0.64 -0.64 -0.64 -0.12666667 -0.12666667 -0.12666667 -0.12666667 -0.12676472 -0.87 -0.87 -0.34000022 -0.34 -0.34373302 -0.49333333 -0.48853197 0.04 0.04 0.04 0.04 0.089994909 0.09 0.09 0.09 0.09 0.083335607 0.083333333 0.083333333 0.083333333 0.085643598 0.73333333 0.73333333 0.73333333 0.55333333 0.55333333 0.55333333 0.26333333 0.26333333 0.34333333 0.34333333 0.34333333 0.42333333 0.42333333 0.42333333
-0.096666667 -0.096666667 -0.096666667 -0.063333333 -0.063333333 -0.063333333 -0.063333613 -0.24666667 -0.24666667 -0.63959397 -0.64 -0.64 -0.64 -0.63968018 -0.60692396 -0.72 -0.72 -0.72 -0.87 -0.87 -0.87 -0.49333333 -0.49333333 -0.49333333 -0.49330812 -0.19253911 0.04 0.04 0.039999999 0.41136736 0.48662765 0.48666667 0.48666667 0.48666667 0.25826085 0.50333238 0.50333333 0.50333333 0.50333333 0.010098973 0.01 0.01 0.55333333 0.55333333 0.34666753 0.34666655 0.02 0.02 0.18 0.18 0.18 0.42333333 0.38669945
-0.096665674 -0.096666667 -0.096666665 -0.063333333 -0.063333333 -0.063333333 -0.063333336 -0.3533333 -0.24709316 -0.6399728 -0.64 -0.64 -0.64 -0.64015698 -0.72 -0.72 -0.72 -0.72000004 -0.87 -0.87 -0.87 -0.49333333 -0.49333333 -0.49333333 -0.40333333 -0.40333333 -0.30333333 -0.30333333 -0.30333333 -0.29902364 0.48666667 0.48666667 0.48666667 0.48666667 0.49499533 0.50333333 0.50333333 0.50333333 0.50333333 0.01 0.01 0.01 0.020592821 0.34666667 0.34666667 0.34666667 0.02 0.02 0.18 0.18 0.18 0.38666666 0.38666667
0.22333333 0.071965858 -0.07 -0.069998066 -0.063333333 -0.3516554 -0.35333333 -0.35333333 -0.31446628 -0.60999999 -0.61 -0.61 -0.61 -1.1099837 -1.11 -0.7200003 -0.72 -0.72395228 -0.87 -0.87 -0.87 -0.80333333 -0.80333333 -0.80333333 -0.40333333 -0.40333333 -0.30333333 -0.30333333 -0.30333333 -0.30333278 0.45666686 0.45666675 0.48591266 0.4866345 -0.046054489 -0.046666667 -0.046666667 -0.046666667 -0.046666667 0.01 0.01 0.01 0.32812817 0.34666667 0.34666667 0.34666653 0.02 0.02 0.02000576 0.18 0.17999836 0.14333333 0.38666667
0.14334853 0.1433333 -0.07 -0.07 -0.07 -0.35333333 -0.35333333 -0.35333333 -0.24666667 -0.24666667 -0.61 -0.61 -0.61 -1.11 -1.11 -1.11 -1.11 -1.1099719 -0.87 -0.87 -0.87 -0.80333333 -0.80333333 -0.80333333 -0.40333333 -0.40333333 -0.30333333 -0.30333333 -0.30333333 0.44809761 0.45666667 0.45666667 0.45666667 0.45666667 -0.046418302 -0.046666667 -0.046666667 -0.046666667 -0.046666667 -0.85666644 -0.85666667 -0.85666667 -0.85666667 0.34666071 -0.43 -0.43 -0.43 -0.27666667 -0.27666667 -0.27666667 0.14333333 0.14333333 0.14333333
0.14333333 0.14333333 -0.07 -0.07 -0.07 -0.35184408 -0.35333333 -0.24666667 -0.24666667 -0.24666667 -0.60995527 -0.61 -0.79793869 -1.1099999 -1.11 -1.11 -1.11 -1.4666667 -1.4666667 -1.4666667 -1.2033333 -1.203333 -0.80333528 -0.80333333 -0.80345816 -1.2033333 -1.2033333 -1.2033312 -0.30347878 -0.023237676 -0.023330778 -0.023249532 0.4558463 0.45625243 0.042665139 -0.046666918 -0.048844963 -0.69666667 -0.69666667 -0.85666667 -0.85666667 -0.85666667 -0.85666667 -0.43 -0.43 -0.43 -0.43 -0.27666667 -0.27666667 -0.27666667 0.14333333 0.14333333 0.14333333
0.14333333 0.14333333 -0.07 -0.07 -0.07 -0.070000001 -0.31341112 -0.24666667 -0.24666667 -0.24666667 -0.24699441 -0.84 -0.84 -0.84 -1.1084088 -1.11 -1.4642899 -1.4666667 -1.4666667 -1.4666667 -1.2033333 -1.2033333 -1.2033333 -1.2033333 -1.2033333 -1.2033333 -1.2033333 -1.2033333 -1.2033333 -0.023333333 -0.023333333 -0.023333333 -0.023333333 -0.023334752 -0.69666667 -0.69666667 -0.69666667 -0.69666667 -0.69666667 -0.69666795 -1.0766667 -1.0766667 -1.0766667 -1.0094116 -0.87 -0.87 -0.87 -0.27666668 -0.27666676 -0.37 -0.37 -0.68979727 -0.69
0.14333333 0.14333333 0.0069983531 -0.07 -0.07 -0.070000017 -0.85225679 -0.24857854 -0.24666667 -0.24666667 -0.83999999 -0.84 -0.84 -0.84 -0.84 -0.86222425 -1.4666667 -1.4666667 -1.4666667 -1.4666667 -1.2033354 -1.2033333 -1.2033333 -1.2033333 -1.2033333 -1.2033333 -1.2033333 -1.2033333 -1.2033333 -0.62435122 -0.023333333 -0.023333333 -0.023333333 -0.69666667 -0.69666667 -0.69666667 -0.69666667 -0.69666667 -0.59911839 -0.52333335 -1.0766667 -1.0766667 -1.0766667 -1.0095517 -0.87 -0.87 -0.87 -0.59 -0.37274118 -0.37 -0.37 -0.69 -0.69
-0.85666667 -0.85666667 -0.85666667 -0.26723896 -0.071532655 -0.85333333 -0.85333333 -0.85333333 -0.85333333 -0.80666667 -0.80666667 -0.84 -0.84 -0.84 -0.84 -0.84003973 -1.4666667 -1.4666667 -1.4666667 -1.4666667 -1.3182435 -1.2033333 -1.2033333 -1.1989716 -1.0440881 -1.2033333 -1.2033333 -1.2033333 -0.83666667 -0.83666667 -0.83666667 -0.83666325 -0.69666667 -0.69666667 -0.69666667 -0.69666667 -0.52333333 -0.52333333 -0.52333333 -0.52333333 -1.1 -1.1 -1.1 -0.66667538 -0.66666667 -0.66666667 -0.66666673 -0.59 -0.59 -0.37026806 -0.37 -0.68999919 -0.69
-0.85666667 -0.85666667 -0.85666667 -0.85668067 -1.1166667 -1.0783737 -0.85333333 -0.85333333 -0.85333333 -0.80666667 -0.80666667 -0.80666667 -1.1633333 -1.1633333 -1.1633333 -1.1633333 -1.4655676 -1.4666667 -1.4666667 -1.4666667 -1.4626645 -1.0366671 -1.0366667 -1.0366667 -1.0366667 -1.0366667 -0.62666667 -0.62666667 -0.83666667 -0.83666667 -0.83666667 -0.83666667 -0.69666664 -0.69666667 -0.69666667 -0.69666395 -0.52333332 -0.52333333 -0.52333333 -0.5209352 -1.1 -1.1 -1.1 -0.66668676 -0.66666667 -0.66666667 -0.66666667 -0.59 -0.59 -0.58999999 -0.53 -0.53 -0.63333333
-0.85666667 -0.85666667 -0.85666667 -1.1166661 -1.1166667 -1.1166667 -0.85333343 -0.85333333 -0.85333333 -0.80666667 -0.80666667 -0.80666667 -1.1633333 -1.1633333 -1.1633333 -1.1407393 -0.86666667 -0.86666667 -0.86666822 -1.4632777 -1.0366667 -1.0366667 -1.0366667 -1.0366667 -1.0366667 -1.0363581 -0.62666667 -0.62666667 -0.62666667 -0.83666667 -0.83666667 -0.83630193 -0.66333333 -0.66333333 -0.66333333 0.16 0.16 0.023333333 0.023333333 0.023333333 -0.17 -1.0997083 -1.0999927 -0.11666667 -0.11666667 -0.13751104 -0.66666508 -0.59 -0.59 -0.53 -0.53 -0.53 -0.63333333
