interpolatedSpi/07-08|23_1.tif
NCOLS 53
NROWS 52
XLLCORNER -116.03883
YLLCORNER 28.596182
DX 0.49850594
DY 0.49788537
NODATA_VALUE -9999
[rows 0 to 29 of 52, columns 0 to 52 of 53]
0.73 0.73 0.9445698 1.1033333 1.0533333 0.96 1.0433333 0.96333333 0.22158242 0.12333333 0.35 0.22333333 -0.15664443 0.11333333 -0.08 -0.08 -0.08 -0.57333333 -0.086666667 -0.086666667 -0.086666667 -0.086668144 -0.24 -0.22333333 -0.22333333 -0.22333333 -0.45667296 -0.45666667 -0.45666667 -1.1066667 -1.1066667 -1.1066667 -1.1066667 -0.91333337 -0.91333333 -0.91333333 -0.91333333 -0.91333333 -0.91333333 -0.9133333 0.43547225 0.4498581 -0.10666667 -0.10666667 -0.10666667 -0.10666667 -0.10623655 0.15666667 0.15666667 0.15666667 0.76333207 0.76333333 0.76333333
0.72998667 0.43 1.006666 0.91257519 1.1464885 0.47333333 0.53666667 0.32022966 -0.15333333 0.026666667 0.076666667 -0.15666667 -0.15666667 -0.43151049 0.11332502 -0.08 -0.57333333 -0.57333333 -0.087301215 -0.086666667 -0.086666667 -0.086666667 -0.26439027 -0.22333333 -0.22333333 -0.22333333 0.2033333 0.20333333 -1.1066667 -1.1066667 -1.1066667 -1.1066667 -1.1066667 -0.91333336 -0.91333333 -0.91333333 -0.91333333 -0.91333333 -0.9133333 -0.69077207 0.49987947 -0.033053185 -0.10666667 -0.10666667 -0.10666667 -0.10666667 -0.10666667 0.15666667 0.15666667 0.15666667 0.20697205 0.76333333 0.76333333
0.80999672 0.81 0.46666667 0.42333333 0.49333333 1.0266667 0.62 0.80333333 0.10666667 -0.2 0.0033333333 0.083333333 -0.11333333 -0.82333333 -0.43333333 -0.80333333 -0.57333333 -0.57333333 -0.57333333 -0.10999322 -0.11 -0.11 -1.0033333 -0.22333333 -0.22333333 -0.22333333 0.20333333 0.20333333 0.20333333 -1.1066667 -1.1066667 -1.1066666 -0.93015331 -0.91230519 -0.90923787 -0.47736526 -0.47333333 -0.47333333 -0.35091365 0.49999999 0.5 0.49922422 -0.10666667 -0.10666667 -0.10666667 -0.10666667 -0.10666667 0.15666667 0.15666667 0.15666667 0.15666667 0.76333333 0.76333333
0.86666667 0.80999989 0.25655433 0.22333333 -0.39 -0.083333333 0.22666667 -0.043333333 0.45333333 -0.065093972 -0.16333333 -0.61666667 -0.38 -0.82333333 -0.31 -0.80333333 -0.65448098 -0.65327728 -0.52666667 -0.11 -0.11 -0.29 -1.0033333 -1.0033333 -0.22333333 -0.2233312 0.20333333 0.20333333 0.20333333 -0.60333333 -0.67831929 -0.74 -0.74 -0.73999979 -0.47333333 -0.47333333 -0.47333333 -0.47333333 0.5 0.5 0.5 0.49999998 -0.10666667 -0.10666667 -0.10666667 -0.10666667 -0.10666667 0.15666334 0.15666667 0.15666667 0.15666667 0.76324743 0.76333333
0.86666667 0.16000018 0.25666667 0.0048248181 -0.39 -0.51666667 -0.41999651 -0.52666667 -0.59666667 -0.20333357 -0.41608771 -0.50661224 -0.12666667 -0.31 -0.31 -0.63773175 -0.65333333 -0.65333333 -0.52666667 -0.52666667 -0.11000037 -0.29 -0.44333333 -0.12333333 -0.25333333 -0.25329112 0.20333333 0.20333333 -0.60333333 -0.60333333 -0.74 -0.74 -0.74 -0.72051404 -0.47333333 -0.47333333 -0.47333333 0.5 0.5 0.5 0.5 0.49980179 -0.10666669 -0.10666667 -0.10666667 -0.10666667 -0.10666667 -0.10432267 0.15666667 0.15657594 -1.8666667 -1.8666667 -1.8666667
-0.58333333 0.02 -0.043333327 0.04 0.12 -0.84666667 -1.1833333 -1.0992612 -0.48666667 -0.94 -1.16 -0.73 -0.7299996 -1.1 -1.1 -0.88321744 -0.88333333 -1.1533333 -1.1533333 -0.52666679 -0.36333333 -0.36333333 -0.12333333 -0.25333333 -0.25333333 -0.073333333 -0.82666667 -0.82666667 -0.65999492 -0.60333333 -0.74 -0.74 -0.63666667 -0.63664089 -0.39001758 0.0066666661 0.0066666667 0.34737607 0.5 0.5 -1.5507724 -1.5533333 -1.5533306 -0.4537627 -0.45996095 -0.45999991 -0.45999999 -0.45999988 -1.4372121 -1.8666667 -1.8666667 -1.8666667 -1.8666667
0.13000075 -0.083333333 0.21848688 -0.12666667 -0.34333333 -1.17 -0.83 -0.96 -1.0133333 -1.0133333 -1.16 -1.54 -1.2833332 -1.1 -0.40333542 -0.40333333 -0.88333333 -0.35 -0.66333333 -0.66333333 -0.20467415 -0.026666667 -0.026666667 -0.15 -0.073333333 -0.073333333 -0.82666667 -0.82666667 -0.66000291 -0.66005365 -0.53055543 -0.63666667 -0.63666667 -0.39 -0.39 -0.36187309 0.0066666667 0.0066666667 -0.42665165 -1.5533318 -1.5533333 -1.5533333 -1.5533179 -0.46000247 -0.46 -0.46 -0.46 -0.46000057 -1.42 -1.8665781 -1.8666667 -1.8666667 -1.8666667
0.13 -0.37 -0.3 -0.42666667 0.13996751 -0.97666667 -1.4833333 -1.1633333 -1.44 -1.4633333 -1.4633333 -0.71 -1.2833333 -1.2833333 -0.40937095 -0.74334927 -0.77666667 -0.45 -0.62333337 -0.66333333 -0.52704034 -0.47666667 -0.49333333 -0.37 -0.37000568 -0.81 -0.95666666 -0.95666662 -0.70982479 -0.71 -0.53 -0.61728206 -0.41666667 -0.39 -0.399412 -0.67 -0.67 -0.42666666 -0.42666667 -1.5533333 -1.5533333 -1.5533333 -0.90165689 -0.90333331 -0.46 -0.46 -0.46 -1.4199635 -1.42 -1.42 -1.8666667 -1.8666667 -1.8666667
-0.45900645 -0.37 -0.06 -0.45333333 -0.033333333 -0.81666667 -0.39 -0.41666667 -1.2133333 -0.7694264 -0.026666667 -0.86666666 -0.86666667 -0.48 -0.48000436 -0.075293582 -0.073333333 -0.073333333 -0.4764596 -1.0433333 -1.07 -1.07 -0.77666667 -0.60499034 -0.76565962 -0.81 -0.47666667 -0.95666667 -0.97655045 -0.97666667 -0.67333333 -0.76 -0.57196855 -0.91 -0.72 -1.0766667 -0.84 -0.18333333 -0.31993689 -1.5485125 -0.47333333 -0.54666667 -0.90328883 -0.90333333 -0.90083801 -0.46 -0.63999999 -1.42 -1.42 -1.42 -1.42 -1.7778514 -0.33666667
-0.95666667 -0.95666667 0.1 0.0066666667 -0.18333333 0.45 -0.48333333 -1.2233333 -0.97666667 -0.65670948 -1.0566667 -0.37 -0.48 -0.48 -0.94333333 -0.93140089 -0.073333333 -0.073327182 -0.01 -1.0433333 -1.0433333 -1.0467689 -0.77666667 -0.9633298 -0.96333333 -0.96333333 -0.47666667 -0.56333333 -0.56333333 -0.97666667 -0.97666667 -0.75929193 -0.38666667 -0.91 -0.72333333 -1.0766667 -0.84 -1.0433333 -0.32 -0.5331552 -0.54666666 -0.57727828 -0.63 -0.90333333 -0.90333333 -0.64 -0.64 -0.64 -1.42 -1.42 -1.1533333 -1.1533333 -1.153333
-0.95666667 -0.95666667 -0.056666667 -0.2 -0.10666667 0.16333333 -0.81666666 -0.087944198 0.39666667 0.4 -0.076666667 -0.21333333 -0.36979159 -0.94333333 -0.94333333 -0.94326758 -0.37333333 -0.3542639 -0.01 -0.36 -0.36 -0.24 -0.24 -0.96333333 -0.96333333 -0.96333333 -0.56333333 -0.56333333 -0.56333333 -1.04 -1.04 -1.0399989 -1.01 -1.01 -1.85 -1 -1.1666667 -0.73667242 -0.81666667 -0.53666667 -0.53666667 -0.6899998 -0.63 -0.90333333 -0.68 -0.62333333 -0.76612114 -0.76666667 -1.2633333 -1.2633333 -1.1533333 -1.1533333 -1.1533333
-0.95666667 -0.56804329 -0.11783211 0.30333461 -0.093333333 -0.026666667 -0.81666667 -0.086666667 0.39666263 0.39996307 -0.21333254 -0.21333333 -0.34666667 -0.94333333 -0.94333333 -0.37333335 -0.37333333 -0.37331265 -0.01 -0.36 -0.33643444 -0.24 -0.24 -0.96330393 -0.96333333 -0.89978088 -0.77 -0.77 -0.76999997 -1.04 -1.04 -0.80333333 -0.80333333 -1.0100023 -1.85 -0.96666713 -1.2062205 -0.73666667 -0.73666667 -0.53666667 -0.69 -0.69 -0.68999992 -0.68 -0.68 -0.62333333 -0.76666667 -0.76666667 -1.2633333 -1.2633333 -1.1533333 -1.1533333 -1.1533333
-0.37333333 -0.13863817 -0.1433351 -0.14010135 -0.093333011 -0.026668241 -0.81666664 -0.095652533 0.36336006 0.39675371 -0.34666667 -0.34666667 -0.34666667 -0.34666667 -0.94324881 -0.37333333 -0.37333333 -0.36864212 -0.01 -0.35987724 0.056666667 0.056666667 0.056666667 0.056666667 -0.94591855 -0.77 -0.77 -0.77 -0.77 -0.76993715 -0.80333333 -0.80333333 -0.80333333 -0.80333333 -0.96666667 -0.96666667 -0.96666667 -0.74854594 -0.73929536 -1.0866667 -1.0866667 -0.69002134 -1.0833195 -0.68003885 -0.68 -0.62333333 -0.76666667 -0.76666667 -1.2633333 -1.2633333 -1.1537324 -1.1533333 -1.1128505
-0.37333333 -0.14333333 -0.14333333 -0.14333333 -0.14333333 -0.14333328 -0.81464436 -0.47119508 0.27450111 -0.34586598 -0.34666667 -0.34666667 -0.34666667 -0.34666667 -0.34666619 -0.37333334 -0.37333328 -0.34841115 -0.010004846 0.056666667 0.056666667 0.056666667 0.056666667 0.056666667 0.072803967 -0.15209481 0.026666502 0.026666667 0.026666667 0.026666667 -0.80333331 -0.80333333 -0.8033326 -0.19 -0.19 -0.96666667 -0.46112697 -0.44666667 -1.0866663 -1.0866667 -1.0866667 -1.0866667 -1.0833333 -1.0833333 -1.0833333 -1.0801322 -0.94215411 -0.94333333 -0.94333333 -0.94333333 -0.94333334 -0.97000004 -0.97
-0.26666667 -0.14333333 -0.14333333 -0.14333333 -0.14333333 -0.14333333 -0.14333337 -0.24527436 0.32297592 0.32333333 0.32333333 0.32333333 0.32333333 0.32333333 0.32333333 1.0253955 -0.35087211 -0.32358056 0.056658163 0.056666667 0.056666667 0.056666667 0.056666667 0.056667415 0.80333333 0.80333333 0.80333224 0.026666667 0.026666667 0.02807505 0.73 0.73 -0.19 -0.19 -0.19 -0.40555113 -0.44666667 -0.44666667 -0.44666667 -1.0866667 -1.0866667 -1.0866667 -1.0833333 -1.0833333 -1.0833333 -1.0833333 -0.94333334 -0.94333333 -0.94333333 -0.94333333 -0.94333333 -0.97 -0.97
-0.26666667 -0.22075107 -0.14333333 -0.14333333 -0.14333333 -0.14333333 0.74982467 0.75 0.74999999 0.32333333 0.32333333 0.32333333 0.32333333 0.32333333 0.48143501 1.04 1.04 1.04 0.69804167 0.69999934 0.7 0.7 0.7 0.7 0.80333333 0.80333333 0.80333333 0.80333333 0.026666667 0.73 0.73 0.73 -0.18999992 -0.19 -0.19 0.30333333 -0.44567364 -0.44666667 -0.44666667 -1.086595 -0.94406196 -0.61142465 -1.0833333 -1.0833333 -1.5286216 -1.53 -1.53 -0.94395461 -1.3186837 -1.32 -1.3199999 -1.0466551 -0.97000016
-0.26666667 0.093396176 -0.018508644 -0.14333333 -0.14333333 0.74947218 0.75 0.75 0.75 0.74692532 0.32333333 0.32333333 0.32333333 0.32333342 1.04 1.04 1.04 1.04 0.70030372 0.7 0.7 0.7 0.7 0.7 0.80333333 0.80333333 0.80333333 0.80333333 0.80306659 0.73 0.73 0.73 1.0133333 -0.18992077 0.30333333 0.30333333 0.30333333 0.30474318 -0.59962678 -0.61 -0.61 -0.61 -1.5166667 -1.5166667 -1.53 -1.53 -1.53 -1.32 -1.32 -1.32 -1.32 -1.0466667 -1.0466667
0.10312286 0.10333333 0.10333333 0.10333334 0.68333333 0.74999828 0.75 0.75 0.75 0.75 0.36169231 0.32333994 0.32333335 1.04 1.04 1.04 1.04 1.04 1.0261819 0.7 0.7 0.7 0.7 0.7 0.8258457 0.94999921 0.95 0.95 0.95 0.73000001 1.0133333 1.0133333 1.0133333 1.0133333 0.30333333 0.30333684 0.43666667 0.43666667 -0.59693081 -0.61 -0.61 -0.61 -1.5166667 -1.5166667 -1.5279355 -1.53 -1.53 -1.32 -1.32 -1.32 -1.3170692 -1.0466667 -1.0466667
0.10333333 0.10333333 0.10333333 0.37646399 0.68333333 0.68333333 0.75 0.75 0.75 0.75 0.83 0.83 0.83 1.04 1.04 1.04 1.04 1.0400722 1.2433333 1.2433333 0.70000022 0.7 0.70259688 0.80666667 0.80795703 0.95 0.95 0.95 0.95 1.0133269 1.0133333 1.0133333 1.0133333 1.0133333 0.4366662 0.43666667 0.43666667 0.43666667 0.43297662 -0.61 -0.61 -0.61 -1.5166667 -1.5166667 -1.5166667 -1.53 -1.53 -1.32 -1.32 -1.32 -1.0466667 -1.0466667 -1.0466667
0.10333333 0.10333333 0.10333333 0.68333333 0.68333333 0.68333333 0.68333344 0.75 0.75 0.82991742 0.83 0.83 0.83 0.83013085 1.3934478 1.4766667 1.4766667 1.4766667 1.2433333 1.2433333 1.2433333 0.80666667 0.80666667 0.80666667 0.80658356 0.7192093 0.95 0.95 0.95 0.78687839 0.73669388 0.73666667 0.73666667 0.73666667 0.3733933 0.28333368 0.28333333 0.28333333 0.28333333 -0.85330004 -0.85333333 -0.85333333 -1.5166667 -1.5166667 -1.363334 -1.3633333 -1.3033333 -1.3033333 -1 -1 -1 -1.0466667 -0.70697067
0.10333413 0.10333333 0.10333335 0.68333333 0.68333333 0.68333333 0.68333333 0.17666683 0.74770759 0.82996373 0.83 0.83 0.83 0.83126894 1.4766667 1.4766667 1.4766667 1.4766666 1.2433333 1.2433333 1.2433333 0.80666667 0.80666667 0.80666667 0.51 0.51 0.81333333 0.81333333 0.81333333 0.81291509 0.73666667 0.73666667 0.73666667 0.73666667 0.51012446 0.28333333 0.28333333 0.28333333 0.28333333 -0.85333333 -0.85333333 -0.85333333 -0.86937988 -1.3633333 -1.3633333 -1.3633333 -1.3033333 -1.3033333 -1 -1 -1 -0.70666668 -0.70666667
0.36 0.23438714 7.9485136e-12 0.00019824672 0.68333333 0.17959822 0.17666667 0.17666667 0.2993408 0.78999999 0.79 0.79 0.79 1.5699746 1.57 1.4766667 1.4766667 1.4705187 1.2433333 1.2433333 1.2433333 0.79666667 0.79666667 0.79666667 0.51 0.51 0.81333333 0.81333333 0.81333333 0.81333332 0.78999966 0.78999985 0.73800712 0.73672384 0.27386206 0.27333333 0.27333333 0.27333333 0.27333333 -0.85333333 -0.85333333 -0.85333333 -1.3352507 -1.3633333 -1.3633333 -1.3633333 -1.3033333 -1.3033333 -1.3033224 -1 -1.0000034 -1.0766667 -0.70666667
0.18336688 0.1833333 -7.4014868e-17 -7.4014868e-17 -7.4014868e-17 0.17666667 0.17666667 0.17666667 0.51333333 0.51333333 0.79 0.79 0.79 1.57 1.57 1.57 1.57 1.5699634 1.2433333 1.2433333 1.2433333 0.79666667 0.79666667 0.79666667 0.51 0.51 0.81333333 0.81333333 0.81333333 0.79026309 0.79 0.79 0.79 0.79 0.27358828 0.27333333 0.27333333 0.27333333 0.27333333 -0.15666685 -0.15666667 -0.15666667 -0.15666667 -1.3633299 -0.91 -0.91 -0.91 -1.1966667 -1.1966667 -1.1966667 -1.0766667 -1.0766667 -1.0766667
0.18333333 0.18333333 -7.4014868e-17 -7.4014868e-17 -7.4014868e-17 0.17573808 0.17666667 0.51333333 0.51333333 0.51333333 0.78996594 0.79 0.90712121 1.5699999 1.57 1.57 1.57 1.13 1.13 1.13 1.2333333 1.233333 0.79666879 0.79666667 0.79659803 0.81666667 0.81666667 0.81666666 0.81333387 0.62003388 0.6200009 0.62002968 0.78970945 0.78985329 0.3652417 0.27333327 0.27280831 0.11666667 0.11666667 -0.15666667 -0.15666667 -0.15666667 -0.15666667 -0.91 -0.91 -0.91 -0.91 -1.1966667 -1.1966667 -1.1966667 -1.0766667 -1.0766667 -1.0766667
0.18333333 0.18333333 1.4741711e-12 -7.4014868e-17 -7.4014868e-17 6.9465268e-10 0.30267117 0.51333333 0.51333333 0.51333333 0.51356533 0.93333333 0.93333333 0.93333333 1.566248 1.57 1.1329321 1.13 1.13 1.13 1.2333333 1.2333333 1.2333333 1.2333333 0.81666667 0.81666667 0.81666667 0.81666667 0.81666667 0.62 0.62 0.62 0.62 0.61999867 -0.013333333 0.11666667 0.11666667 0.11666667 0.11666667 0.11666479 -0.43333333 -0.43333333 -0.43333333 -0.47997813 -0.57666667 -0.57666667 -0.57666667 -1.1966666 -1.1966665 -0.99666667 -0.99666667 -0.63010866 -0.63
0.18333333 0.18333333 0.06617046 -7.4013862e-17 -7.4014868e-17 1.2509192e-08 0.5632446 0.51349091 0.51333333 0.51333333 0.93333323 0.93333333 0.93333333 0.93333333 0.93333333 0.98554811 1.13 1.13 1.13 1.13 1.2333325 1.2333333 1.2333333 1.2333333 0.81666667 0.81666667 0.81666667 0.81666667 0.81666667 0.090414568 0.62 0.62 0.62 -0.013333333 -0.013333333 -0.013232385 0.11666667 0.11666667 0.099783311 0.086666667 -0.43333333 -0.43333333 -0.43333333 -0.47854356 -0.57666667 -0.57666667 -0.57666667 -0.46 -0.98997985 -0.99666667 -0.99666667 -0.63 -0.63
0.44 0.44 0.44 0.1103201 0.00052893323 0.56333333 0.56333333 0.56333333 0.56333333 0.44333333 0.44333333 0.9333333 0.93333333 0.93333333 0.93333333 0.93334577 1.13 1.13 1.13 1.13 1.188242 1.2333333 1.2333333 1.2347291 1.2657381 0.81666667 0.81666667 0.81666667 -0.096666667 -0.096666667 -0.096666667 -0.096663658 -0.013333333 -0.013333333 -0.013333333 -0.013333333 0.086666667 0.086666667 0.086666667 0.086666667 -0.11 -0.11 -0.11 -0.33999538 -0.34 -0.34 -0.34000007 -0.46 -0.46 -0.99601277 -0.99666667 -0.629998 -0.63
0.44 0.44 0.44 0.43999551 0.35666667 0.3867194 0.56333333 0.56333333 0.56333333 0.44333333 0.44333333 0.44333333 0.1266667 0.12666667 0.12666667 0.12666667 1.1272706 1.13 1.13 1.13 1.1315698 1.2866665 1.2866667 1.2866667 1.2866667 1.2866666 0.52333334 0.52333333 -0.096666667 -0.096666667 -0.096666667 -0.096666667 -0.01333316 -0.013333333 -0.013333333 -0.013313785 0.086666666 0.086666667 0.086666667 0.086564307 -0.11 -0.11 -0.11 -0.33998933 -0.34 -0.34 -0.34 -0.46 -0.46 -0.45999997 -0.23333333 -0.23333333 -0.15
0.44 0.44 0.44 0.35666686 0.35666667 0.35666667 0.56333326 0.56333333 0.56333333 0.44333333 0.44333333 0.44333333 0.12666667 0.12666667 0.12666667 0.089602352 -0.36 -0.36 -0.35999615 1.1215841 1.2866667 1.2866667 1.2866667 1.2866667 1.2866667 1.2860922 0.52333333 0.52333333 0.52333333 -0.096666667 -0.096666667 -0.096254724 0.22666667 0.22666667 0.22666667 0.22666667 0.22666667 0.063333333 0.063333333 0.063333333 -0.36666667 -0.11008051 -0.10999853 0.086666667 0.086666667 0.070496485 -0.33999908 -0.46 -0.46 -0.23333333 -0.23333333 -0.23333333 -0.15
0.44 0.44 0.44 0.35666667 0.35666667 0.35666667 0.35666667 0.56333333 0.56333333 0.44333333 0.44333333 0.13932877 0.12666667 0.12666667 0.12666667 -0.36 -0.36 -0.36 -0.36 -0.36 1.2866667 1.2866667 1.2866667 1.2866667 1.2866667 0.52333594 0.52333333 0.52333333 0.52333333 0.54333333 0.54333333 0.54333333 0.22666667 0.22666667 0.22666667 0.22666667 0.22666667 0.063333333 0.063333333 -0.36666667 -0.36666667 -0.36666667 0.086666667 0.086666667 0.086666667 0.086666667 0.088583438 0.11 0.11 0.11 -0.23333333 -0.08 -0.08
