interpolatedSpi/07-09|20_2.tif
NCOLS 53
NROWS 52
XLLCORNER -116.03883
YLLCORNER 28.596182
DX 0.49850594
DY 0.49788537
NODATA_VALUE -9999
[rows 0 to 31 of 52, columns 0 to 52 of 53]
-0.57 -0.57 -0.34837891 -0.70666667 0.04 0.37666667 0.41 1.0566667 0.36234354 -0.08 -0.096666667 0.76666667 0.68667353 0.77 0.72666667 0.72666667 0.72666667 -0.12333333 0.036666667 0.036666667 0.036666667 0.036670198 0.40333333 0.41333333 0.41333333 0.41333333 0.83333391 0.83333333 0.83333333 0.18333333 0.18333333 0.18333333 0.18333333 0.62333325 0.62333333 0.62333333 0.62333333 0.62333333 0.62333333 0.62333335 1.2070455 1.2133992 1.4733333 1.4733333 1.4733333 1.4733333 1.4748142 2.38 2.38 2.38 1.910001 1.91 1.91
-0.569992 -0.39 -0.13999975 0.017175527 0.39990449 0.45333333 0.43 0.62656141 0.19 0.73333333 0.72333333 0.68666667 0.68666667 1.1454107 0.77000417 0.72666667 -0.12333333 -0.12333333 0.036458048 0.036666667 0.036666667 0.036666667 0.36122261 0.41333333 0.41333333 0.41333333 0.53333333 0.53333333 0.18333333 0.18333333 0.18333333 0.18333333 0.18333333 0.62333327 0.62333333 0.62333333 0.62333333 0.62333333 0.62333332 0.56599844 0.26669259 1.326914 1.4733333 1.4733333 1.4733333 1.4733333 1.4733333 2.38 2.38 2.38 2.3410272 1.91 1.91
-0.12667384 -0.12666667 0.073333333 0.62666667 0.8 0.4 0.87666667 0.52333333 1.2566667 1 1.1533333 0.98666667 -0.61666667 0.59333333 1.1466667 1.38 -0.12333333 -0.12333333 -0.12333333 -0.38321124 -0.38333333 -0.38333333 -0.57666667 0.41333333 0.41333333 0.41333333 0.53333333 0.53333333 0.53333333 0.18333333 0.18333333 0.18333331 -0.073413369 0.62213714 0.62162689 0.44167997 0.44 0.44 0.41819923 0.26666667 0.26666667 0.26820969 1.4733333 1.4733333 1.4733333 1.4733333 1.4733333 2.38 2.38 2.38 2.38 1.91 1.91
-0.57 -0.12666671 -0.34334457 0.28666667 0.02 0.73333333 1.1866667 0.43333333 0.89333333 1.0264189 1.69 1.6566667 1.13 0.59333333 0.69 1.38 -0.60139027 -0.61632101 -0.22666667 -0.38333333 -0.38333333 -0.60333333 -0.57666667 -0.57666667 0.41333333 0.41333393 0.53333333 0.53333333 0.53333333 -0.096666667 -0.23566502 -0.35 -0.35 -0.34999937 0.44 0.44 0.44 0.44 0.26666667 0.26666667 0.26666667 0.26666671 1.4733333 1.4733333 1.4733333 1.4733333 1.4733333 2.3799886 2.38 2.38 2.38 1.9099128 1.91
-0.57 -0.53999964 -0.34333333 0.010823133 0.02 0.69666667 1.0966334 0.11666667 0.01 0.54999985 0.98542796 1.1900048 1.2233333 0.69 0.69 1.1203075 -0.61666667 -0.61666667 -0.22666667 -0.22666667 -0.38333379 -0.60333333 -0.55666667 -0.44 -0.63333333 -0.63325274 0.53333333 0.53333333 -0.096666666 -0.096666667 -0.35 -0.35 -0.35 -0.13879816 0.44 0.44 0.44 0.26666667 0.26666667 0.26666667 0.26666667 0.26675386 1.4733333 1.4733333 1.4733333 1.4733333 1.4733333 1.4814038 2.38 2.3798592 -0.76 -0.76 -0.76
-1 -0.59666667 -0.093333344 -3.5611595e-11 0.67 0.51666667 0.15333333 0.14863895 0.22 0.21 0.66333333 -0.64 -0.63999877 0.26 0.26 -0.36665459 -0.36666667 -0.56666667 -0.56666667 -0.22666668 -0.76666667 -0.76666667 -0.44 -0.63333333 -0.63333333 -0.29 -0.20666667 -0.20666667 0.2433026 -0.096666667 -0.35 -0.35 0.77 0.76992372 0.040052328 0.32 0.32 0.28316655 0.26666667 0.26666667 1.1688733 1.17 1.1700013 -0.082049829 -0.10982501 -0.10999958 -0.10999995 -0.1099994 0.38631506 -0.76 -0.76 -0.76 -0.76
-1.3600015 -1.1233333 -1.3356867 -0.48666667 -0.056666667 -0.15333333 0.12 0.43666667 -0.29 -0.29 0.66333333 -0.57 0.23999972 0.26 -0.31666494 -0.31666667 -0.36666667 -0.33 -0.24 -0.24 -0.92375496 -1.1 -1.1 -0.64333333 -0.29 -0.29 -0.20666667 -0.20666667 0.24333936 0.2434442 0.32340486 0.77 0.77 0.04 0.04 -0.25005657 0.32 0.32 -1.0666186 1.1699969 1.17 1.17 1.1700049 -0.10999825 -0.11 -0.11 -0.11 -0.10999963 0.51333333 -0.75974766 -0.76 -0.76 -0.76
-1.36 -1.7933333 -1.32 -1.6033333 -1.7799899 -0.77666667 -0.16333333 -0.68666665 -0.74 -0.76 -0.76 -0.81666667 0.24 0.24 -0.31284742 -0.0070092968 0.023333333 -0.36666667 -0.31999992 -0.24 -0.16581109 -0.076666667 -0.56 -0.90333333 -0.90333617 -1.1233333 -0.5 -0.4999999 0.34630457 0.34666667 0.32333333 -0.02550783 -0.26 0.04 0.03030279 -0.72666667 -0.72666667 -1.0666667 -1.0666667 1.17 1.17 1.17 0.20342861 0.20333332 -0.11 -0.11 -0.11 0.51330961 0.51333333 0.51333333 -0.76 -0.76 -0.76
-1.7827132 -1.7933333 -1.6966667 -1.64 -0.58333333 -0.79333333 -0.61 -0.52333333 -0.04 -0.33239379 -0.18666667 -0.52666666 -0.52666667 -0.88 -0.8799943 -0.43206056 -0.43333333 -0.43333333 -0.35954293 -1.2066666 -1.1266667 -1.1266667 -0.076666667 -0.36952628 -1.1011631 -1.1233333 -0.45333333 -0.5 -0.68558195 -0.68666667 0.04 0.71333333 0.5202629 0.016666667 -0.3 -0.4 -0.39 -0.45 -0.87313785 1.1725741 1.7466667 0.083333338 0.20328612 0.20333333 0.20156972 -0.11 -0.003333339 0.51333333 0.51333333 0.51333333 0.51333333 -0.76954557 -0.066666667
-1.7233333 -1.7233333 -1.5866667 -1.36 -0.54666667 -0.37666667 -0.44 -0.66333333 -0.36333333 -0.40670701 -0.6 -0.31333333 -0.88 -0.88 -0.27333333 -0.27552781 -0.43333333 -0.43345141 -0.98333333 -1.2066667 -1.2066667 -1.19636 -0.076666667 -0.56332412 -0.56333333 -0.56333333 -0.45333333 -0.49333333 -0.49333333 -0.68666667 -0.68666667 0.7126063 0.33 0.016666667 -0.14666667 -0.4 -0.39 -0.77666667 -0.87333333 0.44494939 0.083333407 0.020885637 -0.086666667 0.20333333 0.20333333 -0.0033333333 -0.0033333333 -0.0033333333 0.51333333 0.51333333 -0.83666667 -0.83666667 -0.83666638
-1.7233333 -1.7233333 -1.5733333 -1.2433333 -1.4533333 -0.93666667 -0.98333333 -0.4402285 -0.53333333 -0.58 -0.073333333 0.096666667 -0.31278834 -0.27333333 -0.27333333 -0.27337909 -0.67 -0.6864452 -0.98333333 -0.84 -0.84 -0.72666667 -0.72666667 -0.56333333 -0.56333333 -0.56333333 -0.49333333 -0.49333333 -0.49333333 -0.51333333 -0.51333333 -0.51333194 -0.65333333 -0.65333333 -0.25 -0.81 -0.80333333 0.38333594 -0.38666667 0.46666667 0.46666667 0.19999906 -0.086666667 0.20333333 -0.073333594 -0.49333333 -0.79324996 -0.79666666 -0.76333333 -0.76333333 -0.83666667 -0.83666667 -0.83666667
-1.7233333 -1.6584536 -1.4325106 -1.3333343 -1.3366667 -1.4366667 -0.98333333 -0.44 -0.53333255 -0.57948299 0.096665786 0.096666667 -0.62666667 -0.27333333 -0.27333333 -0.66999999 -0.67 -0.67001783 -0.98333333 -0.84 -0.81774364 -0.72666667 -0.72666667 -0.56333972 -0.56333333 -0.65099188 -0.83 -0.83 -0.82999996 -0.51333333 -0.51333333 -0.29333333 -0.29333333 -0.65333223 -0.25 0.6033325 -0.56387049 0.38333333 0.38333333 0.46666666 0.2 0.2 0.19999798 -0.073333333 -0.073333333 -0.49333333 -0.79666667 -0.79666667 -0.76333333 -0.76333333 -0.83666667 -0.83666667 -0.83666667
-0.56 -0.73992949 -0.67335499 -0.67811743 -1.3366672 -1.4366643 -0.98333335 -0.44668812 -0.52690171 -0.53455192 -0.62666667 -0.62666667 -0.62666667 -0.62666667 -0.27338339 -0.67 -0.67 -0.67404563 -0.98333333 -0.83991122 -0.53 -0.53 -0.53 -0.53 -0.56299517 -0.83 -0.83 -0.83 -0.83 -0.82966224 -0.29333333 -0.29333333 -0.29333333 -0.29333333 0.60333333 0.60333333 0.60333333 0.39429879 0.38916652 1.16 1.16 0.20005164 0.85663483 -0.073243758 -0.073333333 -0.49333333 -0.79666667 -0.79666667 -0.76333333 -0.76333333 -0.83640062 -0.83666667 -0.12400551
-0.56 -0.67333333 -0.67333333 -0.67333333 -0.67333333 -0.67333365 -0.98449375 -0.72626034 -0.50974276 -0.62656734 -0.62666667 -0.62666667 -0.62666667 -0.62666667 -0.62666682 -0.66999999 -0.67000005 -0.69149253 -0.9833275 -0.53 -0.53 -0.53 -0.53 -0.53 -0.52092209 -0.43641214 -0.27666678 -0.27666667 -0.27666667 -0.27666667 -0.29333333 -0.29333333 -0.29333312 -0.11333333 -0.11333333 0.60333333 0.91767532 0.92666667 1.1599999 1.16 1.16 1.16 0.85666667 0.85666667 0.85666667 0.8472719 -0.00843204 -0.0033333333 -0.0033333333 -0.0033333333 -0.0033333471 0.66333302 0.66333333
-0.62 -0.67333333 -0.67333333 -0.67333333 -0.67333333 -0.67333333 -0.67333336 -0.82930237 -0.84478855 -0.84666667 -0.84666667 -0.84666667 -0.84666667 -0.84666667 -0.84666666 -0.58211574 -0.66854671 -0.71290577 -0.53005689 -0.53 -0.53 -0.53 -0.53 -0.53000005 -0.11 -0.11 -0.11000023 -0.27666667 -0.27666667 -0.27665332 -0.27 -0.27 -0.11333333 -0.11333333 -0.11333333 0.76006994 0.92666667 0.92666667 0.92666667 1.16 1.16 1.16 0.85666667 0.85666667 0.85666667 0.85666667 -0.0033333305 -0.0033333333 -0.0033333333 -0.0033333333 -0.0033333333 0.66333333 0.66333333
-0.62 -0.63985539 -0.67333333 -0.67333333 -0.67333333 -0.67333333 -0.76331567 -0.76333333 -0.76333334 -0.84666667 -0.84666667 -0.84666667 -0.84666667 -0.84666667 -0.78710278 -0.57666667 -0.57666667 -0.57666667 -0.57652457 -0.57666662 -0.57666667 -0.57666667 -0.57666667 -0.57666667 -0.11 -0.11 -0.11 -0.11 -0.27666667 -0.27 -0.27 -0.27 -0.11333335 -0.11333333 -0.11333333 0.82 0.92652544 0.92666667 0.92666667 1.1599375 1.0353455 0.74457866 0.85666667 0.85666667 0.16879605 0.16666667 0.16666667 -0.0028236253 0.30558336 0.30666664 0.30666661 0.48669336 0.66333297
-0.62 -0.45456567 -0.56031639 -0.67333333 -0.67333333 -0.76328016 -0.76333333 -0.76333333 -0.76333333 -0.76393386 -0.84666667 -0.84666667 -0.84666667 -0.84666663 -0.57666667 -0.57666667 -0.57666667 -0.57666667 -0.57666667 -0.57666667 -0.57666667 -0.57666667 -0.57666667 -0.57666667 -0.11000001 -0.11 -0.11 -0.11 -0.11058197 -0.27 -0.27 -0.27 0.17333332 -0.11323148 0.82 0.82 0.82 0.80967492 0.75491193 0.74333333 0.74333333 0.74333333 0.41666667 0.41666667 0.16666667 0.16666667 0.16666667 0.30666666 0.30666667 0.30666667 0.30666667 0.48666667 0.48666667
-0.45005912 -0.45 -0.45 -0.45 -0.50666667 -0.76332671 -0.76333333 -0.76333333 -0.76333333 -0.76333333 -0.85701342 -0.84666845 -0.84666667 -0.57666667 -0.57666667 -0.57666667 -0.57666667 -0.57666667 -0.61286032 -0.57666667 -0.57666667 -0.57666667 -0.57666667 -0.57666667 -0.2400954 -0.05333364 -0.053333333 -0.053333333 -0.053333333 -0.26999998 0.17333333 0.17333333 0.17333333 0.17333333 0.82 0.81997525 -0.12 -0.12 0.73255333 0.74333333 0.74333333 0.74333333 0.41666667 0.41666667 0.20537527 0.16666667 0.16666667 0.30666667 0.30666667 0.30666667 0.30859673 0.48666667 0.48666667
-0.45 -0.45 -0.45 -0.47668518 -0.50666667 -0.50666667 -0.76333333 -0.76333333 -0.76333333 -0.76333333 -0.98333333 -0.98333333 -0.98333333 -0.57666667 -0.57666667 -0.57666667 -0.57666667 -0.57673167 -1.15 -1.15 -0.5766669 -0.57666667 -0.5808866 -0.75 -0.74372821 -0.053333333 -0.053333333 -0.053333333 -0.053333333 0.17331025 0.17333333 0.17333333 0.17333333 0.17333333 -0.1199967 -0.12 -0.12 -0.12 -0.11694421 0.74333333 0.74333333 0.74333333 0.41666667 0.41666667 0.41666667 0.16666667 0.16666667 0.30666666 0.30666667 0.30666667 0.48666667 0.48666667 0.48666667
-0.45 -0.45 -0.45 -0.50666667 -0.50666667 -0.50666667 -0.50666706 -0.76333333 -0.76333333 -0.98310623 -0.98333333 -0.98333333 -0.98333333 -0.98307997 -0.89503948 -0.97 -0.97 -0.97 -1.15 -1.15 -1.15 -0.75 -0.75 -0.75 -0.74992156 -0.27188513 -0.053333333 -0.053333333 -0.053333334 0.42828285 0.49330186 0.49333333 0.49333333 0.49333333 0.020601669 0.2166659 0.21666667 0.21666667 0.21666667 -0.30985587 -0.31 -0.31 0.41666667 0.41666667 0.23666742 0.23666648 -0.28333333 -0.28333333 -0.22333333 -0.22333333 -0.22333333 0.48666667 0.21024737
-0.44999908 -0.45 -0.45 -0.50666667 -0.50666667 -0.50666667 -0.50666667 -0.72666668 -0.76318673 -0.98325172 -0.98333333 -0.98333333 -0.98333333 -0.98330717 -0.97 -0.97 -0.97 -0.97000005 -1.15 -1.15 -1.15 -0.75 -0.75 -0.75 -0.47 -0.47 -0.34666667 -0.34666667 -0.34666667 -0.3420842 0.49333333 0.49333333 0.49333333 0.49333333 0.35507584 0.21666667 0.21666667 0.21666667 0.21666667 -0.31 -0.31 -0.31 -0.29279978 0.23666667 0.23666667 0.23666667 -0.28333333 -0.28333333 -0.22333333 -0.22333333 -0.22333333 0.20999999 0.21
-0.15333333 -0.29310526 -0.35 -0.35004545 -0.50666667 -0.72539375 -0.72666667 -0.72666667 -0.70723314 -0.89333333 -0.89333333 -0.89333333 -0.89333333 -1.1933236 -1.1933333 -0.97000017 -0.97 -0.97474274 -1.15 -1.15 -1.15 -1.0233333 -1.0233333 -1.0233333 -0.47 -0.47 -0.34666667 -0.34666667 -0.34666667 -0.34666618 0.31666779 0.31666716 0.48889308 0.49314393 -0.55546416 -0.55666667 -0.55666667 -0.55666667 -0.55666667 -0.31 -0.31 -0.31 0.20656475 0.23666667 0.23666667 0.23666649 -0.28333333 -0.28333333 -0.28333117 -0.22333333 -0.22331142 0.26666667 0.21
-0.29330675 -0.29333334 -0.35 -0.35 -0.35 -0.72666667 -0.72666667 -0.72666667 -0.67333333 -0.67333333 -0.89333333 -0.89333333 -0.89333333 -1.1933333 -1.1933333 -1.1933333 -1.1933333 -1.1933277 -1.15 -1.15 -1.15 -1.0233333 -1.0233333 -1.0233333 -0.47 -0.47 -0.34666667 -0.34666667 -0.34666667 0.30918753 0.31666667 0.31666667 0.31666667 0.31666667 -0.55623573 -0.55666667 -0.55666667 -0.55666667 -0.55666667 -1.413333 -1.4133333 -1.4133333 -1.4133333 0.23665917 -0.74 -0.74 -0.74 -0.22 -0.22 -0.22 0.26666667 0.26666667 0.26666667
-0.29333333 -0.29333333 -0.35 -0.35 -0.35 -0.72468684 -0.72666667 -0.67333333 -0.67333333 -0.67333333 -0.89330625 -0.89333333 -1.3999507 -1.1933334 -1.1933333 -1.1933333 -1.1933333 -1.6333333 -1.6333333 -1.6333333 -1.46 -1.4599997 -1.0233355 -1.0233333 -1.0234981 -1.5633333 -1.5633333 -1.5633304 -0.34686329 -0.19989704 -0.19999725 -0.1999098 0.31578363 0.31622079 -0.40145951 -0.55666682 -0.55801833 -0.96 -0.96 -1.4133333 -1.4133333 -1.4133333 -1.4133333 -0.74 -0.74 -0.74 -0.74 -0.22 -0.22 -0.22 0.26666667 0.26666667 0.26666667
-0.29333333 -0.29333333 -0.35 -0.35 -0.35 -0.35 -0.70670556 -0.67333333 -0.67333333 -0.67333333 -0.67379733 -1.5133333 -1.5133333 -1.5133333 -1.1952192 -1.1933333 -1.6304013 -1.6333333 -1.6333333 -1.6333333 -1.46 -1.46 -1.46 -1.46 -1.5633333 -1.5633333 -1.5633333 -1.5633333 -1.5633333 -0.2 -0.2 -0.2 -0.2 -0.20000112 -0.73 -0.96 -0.96 -0.96 -0.96 -0.96000142 -1.3366667 -1.3366667 -1.3366667 -1.2433793 -1.05 -1.05 -1.05 -0.22000002 -0.21999995 -0.16666667 -0.16666667 -0.29986214 -0.3
-0.29333333 -0.29333333 -0.32954731 -0.35 -0.35 -0.35000003 -1.5917008 -0.67623267 -0.67333333 -0.67333333 -1.5133333 -1.5133333 -1.5133333 -1.5133333 -1.5133333 -1.4871218 -1.6333333 -1.6333333 -1.6333333 -1.6333333 -1.4600013 -1.46 -1.46 -1.46 -1.5633333 -1.5633333 -1.5633333 -1.5633333 -1.5633333 -0.7148063 -0.2 -0.2 -0.2 -0.73 -0.73 -0.7301786 -0.96 -0.96 -0.85307208 -0.77000002 -1.3366667 -1.3366667 -1.3366667 -1.2431414 -1.05 -1.05 -1.05 -0.51333333 -0.1709861 -0.16666667 -0.16666667 -0.3 -0.3
-1.5066667 -1.5066667 -1.5066667 -0.64000813 -0.3534344 -1.5933333 -1.5933333 -1.5933333 -1.5933333 -1.5166667 -1.5166667 -1.5133333 -1.5133333 -1.5133333 -1.5133333 -1.513341 -1.6333333 -1.6333333 -1.6333333 -1.6333333 -1.535637 -1.46 -1.46 -1.4606106 -1.4868956 -1.5633333 -1.5633333 -1.5633333 -0.89666667 -0.89666667 -0.89666667 -0.89666374 -0.73 -0.73 -0.73 -0.73 -0.77 -0.77 -0.77 -0.77 -1.12 -1.12 -1.12 -0.64667618 -0.64666667 -0.64666667 -0.64666679 -0.51333333 -0.51333333 -0.16708906 -0.16666667 -0.30000008 -0.3
-1.5066667 -1.5066667 -1.5066667 -1.5067311 -2.7033333 -2.5419211 -1.5933333 -1.5933333 -1.5933333 -1.5166667 -1.5166667 -1.5166667 -2.03 -2.03 -2.03 -2.03 -1.6328021 -1.6333333 -1.6333333 -1.6333333 -1.6307063 -1.4833333 -1.4833333 -1.4833333 -1.4833333 -1.4833333 -0.81000001 -0.81 -0.89666667 -0.89666667 -0.89666667 -0.89666667 -0.73000002 -0.73 -0.73 -0.73000271 -0.76999998 -0.77 -0.77 -0.7665929 -1.12 -1.12 -1.12 -0.64668862 -0.64666667 -0.64666667 -0.64666667 -0.51333333 -0.51333333 -0.51333331 -0.31666667 -0.31666667 -0.28666667
-1.5066667 -1.5066667 -1.5066667 -2.7033306 -2.7033333 -2.7033333 -1.5933338 -1.5933333 -1.5933333 -1.5166667 -1.5166667 -1.5166667 -2.03 -2.03 -2.03 -1.9777038 -1.3433333 -1.3433333 -1.3433341 -1.6316953 -1.4833333 -1.4833333 -1.4833333 -1.4833333 -1.4833333 -1.4828266 -0.81 -0.81 -0.81 -0.89666667 -0.89666667 -0.89643495 -0.76333333 -0.76333333 -0.76333333 0.23666666 0.23666667 0.0066666667 0.0066666667 0.0066666667 0.063333333 -1.1196288 -1.1199905 0.15666667 0.15666667 0.12622125 -0.64666432 -0.51333333 -0.51333333 -0.31666667 -0.31666667 -0.31666667 -0.28666667
-1.5066667 -1.5066667 -1.5066667 -2.7033333 -2.7033333 -2.7033333 -2.7033333 -1.5933333 -1.5933333 -1.5166667 -1.5166667 -2.0094741 -2.03 -2.03 -2.03 -1.3433333 -1.3433333 -1.3433333 -1.3433333 -1.3433333 -1.4833333 -1.4833333 -1.4833333 -1.4833333 -1.4833333 -0.8100023 -0.81 -0.81 -0.81 -0.53666667 -0.53666667 -0.53666667 -0.76333333 -0.76333333 -0.76333333 0.23666667 0.23666667 0.0066666667 0.0066666667 0.063333333 0.063333333 0.063333333 0.15666667 0.15666667 0.15666667 0.15666667 0.17227466 0.34666667 0.34666667 0.34666667 -0.31666666 0.03 0.03
-1.5066667 -1.5066667 -1.5083331 -2.7033333 -2.7033333 -2.7033333 -2.7033333 -2.0813523 -2.05 -2.0490843 -1.5166667 -2.0299442 -2.03 -2.03 -2.0299976 -1.3433333 -1.3433333 -1.3433333 -1.3433333 -1.3433333 -0.61384369 -1.4833333 -1.4833333 -1.4833333 -1.4831871 -0.80999794 -0.81 -0.81 -0.81 -0.53666667 -0.53666667 -0.53666667 -0.53669262 -0.76333333 0.23666667 0.23666667 0.23666667 0.23665722 0.0066705312 0.063333333 0.063333333 0.063333333 0.156661 0.15666667 0.15666667 0.15666667 0.34666431 0.34666667 0.34666667 0.34666667 0.030000001 0.03 0.03
-2.43 -2.4299984 -2.7026943 -2.7033333 -2.7033333 -2.7033333 -2.050139 -2.05 -2.05 -2.05 -1.3633334 -1.3633333 -1.3633333 -1.3633333 -1.3434257 -1.3433333 -1.3433333 -1.3433333 -1.3433333 -0.57666712 -0.57666667 -0.57666667 -0.77333345 -0.77333333 -0.77333333 -0.77333333 -0.77649814 -0.81 0.28995495 0.29 0.29 0.29 0.29 0.26 0.26 0.26 0.26 0.26 -0.23 -0.23 -0.23 -0.23 -0.23 0.11339866 0.11333333 0.11333333 0.11333333 0.34666667 0.34666667 0.34666667 0.030049889 0.03 0.03
