interpolatedSpi/07-09|23_1.tif
NCOLS 53
NROWS 52
XLLCORNER -116.03883
YLLCORNER 28.596182
DX 0.49850594
DY 0.49788537
NODATA_VALUE -9999
[rows 0 to 28 of 52, columns 0 to 52 of 53]
-0.49 -0.49 -0.04307977 0.24 0.07 -0.38333333 2.2479096e-16 0.21666667 -0.4660886 -0.64 -0.24 -0.42666667 -0.80659832 0.023333333 -0.013333333 -0.013333333 -0.013333333 -0.72333333 -0.48333333 -0.48333333 -0.48333333 -0.48333227 -0.37333333 -0.20666667 -0.20666667 -0.20666667 -0.95333989 -0.95333333 -0.95333333 -0.9 -0.9 -0.9 -0.9 -0.043333505 -0.043333333 -0.043333333 -0.043333333 -0.043333333 -0.043333333 -0.043333326 0.22049106 0.22292015 -1.4 -1.4 -1.4 -1.4 -1.398089 -0.23 -0.23 -0.23 -0.076666985 -0.076666667 -0.076666667
-0.48999763 -0.43666667 0.3133326 0.3015719 0.020078978 -0.40666667 -0.34 -0.28663796 -0.40333333 -0.49666667 -0.76 -0.80666667 -0.80666667 -0.71419916 0.023324071 -0.013333333 -0.72333333 -0.72333333 -0.48364626 -0.48333333 -0.48333333 -0.48333333 -0.24140715 -0.20666667 -0.20666667 -0.20666667 -0.076666676 -0.076666667 -0.9 -0.9 -0.9 -0.9 -0.9 -0.043333458 -0.043333333 -0.043333333 -0.043333333 -0.043333333 -0.043333384 -0.12913643 -0.53332477 -1.2948369 -1.4 -1.4 -1.4 -1.4 -1.4 -0.23 -0.23 -0.23 -0.21728545 -0.076666667 -0.076666667
0.25997683 0.26 -0.32333333 -0.23333333 -0.34666667 0.54333333 0.27666667 0.35333333 -0.1 -0.056666667 -0.19333333 -0.38 -0.82 -0.84 -0.71666667 -0.82666667 -0.72333333 -0.72333333 -0.72333333 -0.47333624 -0.47333333 -0.47333333 -0.86666667 -0.20666667 -0.20666667 -0.20666667 -0.076666667 -0.076666667 -0.076666667 -0.9 -0.9 -0.90000001 -0.96579134 -0.045554728 -0.049724733 -0.72370775 -0.73 -0.73 -0.70526452 -0.53333333 -0.53333333 -0.53444158 -1.4 -1.4 -1.4 -1.4 -1.4 -0.23 -0.23 -0.23 -0.23 -0.076666667 -0.076666667
-0.10666667 0.2599999 -0.260096 -0.26666667 -0.77666667 -0.27 -0.09 -0.32666667 -0.15333333 -0.29558948 -0.19666667 -0.51666667 -0.71 -0.84 -0.87 -0.82666667 -0.53888544 -0.53679746 -0.35666667 -0.47333333 -0.47333333 -0.38333333 -0.86666667 -0.86666667 -0.20666667 -0.20666602 -0.076666667 -0.076666667 -0.076666667 -0.74333333 -0.9042788 -1.0366667 -1.0366667 -1.0366664 -0.73 -0.73 -0.73 -0.73 -0.53333333 -0.53333333 -0.53333333 -0.53333337 -1.4 -1.4 -1.4 -1.4 -1.4 -0.23001476 -0.23 -0.23 -0.23 -0.076702597 -0.076666667
-0.10666667 -0.39999974 -0.26 -0.81614467 -0.77666667 -0.68333333 -0.62332365 -0.36333333 -0.53666667 -0.43333347 -0.6848143 -0.79658789 -0.24666667 -0.87 -0.87 -0.83644946 -0.53666667 -0.53666667 -0.35666667 -0.35666667 -0.47333317 -0.38333333 -0.63333333 -0.66666667 -0.84333333 -0.84327545 -0.076666667 -0.076666667 -0.74333333 -0.74333333 -1.0366667 -1.0366667 -1.0366667 -0.961866 -0.73 -0.73 -0.73 -0.53333333 -0.53333333 -0.53333333 -0.53333333 -0.53336036 -1.4 -1.4 -1.4 -1.4 -1.4 -1.3895856 -0.23 -0.23004245 -1.1766667 -1.1766667 -1.1766667
-1.0333333 -0.76333333 -0.47333333 -0.48333333 -0.27333333 -0.79 -0.78 -0.72665473 -0.88333333 -1.09 -0.57333333 -0.69666667 -0.69666637 -0.81666667 -0.81666667 -0.63319089 -0.63333333 -0.89333333 -0.89333333 -0.35666663 -0.58 -0.58 -0.66666667 -0.84333333 -0.84333333 -0.59666667 -1.0566667 -1.0566667 -0.85998929 -0.74333333 -1.0366667 -1.0366667 -0.64 -0.64001916 -0.82332001 -0.086666667 -0.086666667 -0.3951468 -0.53333333 -0.53333333 -0.81298411 -0.81333333 -0.81333228 -0.69925895 -0.6867455 -0.68666686 -0.68666669 -0.68666694 -1.2458247 -1.1766667 -1.1766667 -1.1766667 -1.1766667
-0.32666101 -0.44 0.32642908 -0.36333333 -0.44333333 -1.3433333 -0.74 -0.68666667 -0.77 -0.77 -0.57333333 -0.97 -0.85333322 -0.81666667 -0.04333565 -0.043333333 -0.63333333 -0.043333333 -0.31666667 -0.31666667 -0.54701146 -0.51 -0.51 -0.57666667 -0.59666667 -0.59666667 -1.0566667 -1.0566667 -0.85999495 -0.85990701 -0.76668767 -0.64 -0.64 -0.82333333 -0.82333333 -0.29907628 -0.086666667 -0.086666667 -0.50331889 -0.8133329 -0.81333333 -0.81333333 -0.81332776 -0.68666789 -0.68666667 -0.68666667 -0.68666667 -0.68666703 -1.2933333 -1.1766898 -1.1766667 -1.1766667 -1.1766667
-0.32666667 -0.50333333 -0.06 -0.27 0.11997764 -0.84 -1.2 -0.52666667 -1.0766667 -1.2133333 -1.2133333 -0.37333333 -0.85333333 -0.85333333 -0.048890684 -0.23155644 -0.25 -0.08 -0.37666661 -0.31666667 -0.53534455 -0.51666667 -0.79333333 -0.37666667 -0.37667376 -0.92666667 -0.46333333 -0.46333354 -0.77363703 -0.77333333 -0.76666667 -1.0596558 -0.67666667 -0.82333333 -0.82285798 -0.47666667 -0.47666667 -0.50333333 -0.50333333 -0.81333333 -0.81333333 -0.81333332 -0.90342443 -0.90666666 -0.68666667 -0.68666667 -0.68666667 -1.2933102 -1.2933333 -1.2933333 -1.1766667 -1.1766667 -1.1766667
-0.53923934 -0.50333333 0.04 -0.15666667 0.33666667 -0.25333333 -0.39333333 0.076666667 -0.71333333 -0.41030704 -0.49333333 -0.45333333 -0.45333333 -0.19333333 -0.19333268 0.33835562 0.34 0.34 -0.12528662 -1.0166666 -0.73666667 -0.73666666 -0.91333333 -0.84062336 -0.87124119 -0.92666667 -0.36666667 -0.46333333 -0.75496211 -0.75666667 -1.1666667 -1.1366667 -0.91673679 -1.0433333 -0.80666667 -0.82333333 -0.77333333 -0.13 -0.36655738 -0.81138415 -0.37666667 -0.39666667 -0.90660697 -0.90666667 -0.90542839 -0.68666667 -0.43000001 -1.2933333 -1.2933333 -1.2933333 -1.2933333 -1.2106987 -0.19
-0.74 -0.74 0.18666667 0.21666667 0.22 0.35333333 -0.27 -0.69333333 -0.33333333 -0.33340085 -0.66333333 -0.28 -0.19333333 -0.19333333 -0.12333333 -0.11697851 0.34 0.33992655 0.04 -1.0166667 -1.0166667 -0.98059326 -0.91333333 -1.4566564 -1.4566667 -1.4566667 -0.36666667 -0.24 -0.24 -0.75666667 -0.75666667 -1.1358385 -0.7 -1.0433333 -0.71666667 -0.82333333 -0.77333333 -0.55666667 -0.36666667 -0.28468394 -0.39666667 -0.44931865 -0.54 -0.90666667 -0.90666667 -0.43 -0.43 -0.43 -1.2933333 -1.2933333 -1.45 -1.45 -1.4499995
-0.74 -0.74 0.19 0.1 0.2 0.38 -0.37333333 -0.23423349 0.086666667 0.016666667 -0.016666667 -0.35 -0.28009306 -0.12333333 -0.12333333 -0.12334064 -0.18666667 -0.17477014 0.04 -0.42333333 -0.42333333 -0.86 -0.86 -1.4566667 -1.4566667 -1.4566667 -0.24 -0.24 -0.24 -0.65333333 -0.65333333 -0.65333341 -0.96 -0.96 -1.1066667 -0.61666667 -0.75 -0.47666956 -0.63 -0.28333333 -0.28333333 -0.80666579 -0.54 -0.90666667 -0.29000001 -0.14666667 -0.57603501 -0.57666667 -1.14 -1.14 -1.45 -1.45 -1.45
-0.74 -0.33840487 0.15159379 0.066675471 0.29333333 0.26 -0.37333333 -0.23333333 0.086663994 0.017442182 -0.34999952 -0.35 -0.26 -0.12333333 -0.12333333 -0.18666666 -0.18666667 -0.18665377 0.04 -0.42333333 -0.50908578 -0.86 -0.86 -1.4566419 -1.4566667 -1.1334258 -0.47333333 -0.47333333 -0.4733333 -0.65333333 -0.65333333 -0.55333333 -0.55333333 -0.9600004 -1.1066667 -0.91000006 -0.76069038 -0.47666667 -0.47666667 -0.28333335 -0.80666667 -0.80666667 -0.80666289 -0.29 -0.29 -0.14666667 -0.57666667 -0.57666667 -1.14 -1.14 -1.45 -1.45 -1.45
-0.12333333 -0.072354808 -0.093326031 -0.092169045 0.29333313 0.26000079 -0.37333332 -0.23505664 0.064615394 0.084838779 -0.26 -0.26 -0.26 -0.26 -0.12335269 -0.18666667 -0.18666667 -0.18374004 0.04 -0.42323014 -0.076666667 -0.076666667 -0.076666667 -0.076666667 -1.4324949 -0.47333333 -0.47333333 -0.47333333 -0.47333333 -0.47322351 -0.55333333 -0.55333333 -0.55333333 -0.55333333 -0.91 -0.91 -0.91 -0.49795726 -0.47954571 -0.86 -0.86 -0.80666954 -0.66332055 -0.29003596 -0.29 -0.14666667 -0.57666667 -0.57666667 -1.14 -1.14 -1.4488754 -1.45 -1.0806176
-0.12333333 -0.093333333 -0.093333333 -0.093333333 -0.093333333 -0.093333184 -0.37171208 -0.307049 0.0057846381 -0.25962836 -0.26 -0.26 -0.26 -0.26 -0.25999971 -0.18666667 -0.18666663 -0.17111888 0.039996463 -0.076666667 -0.076666667 -0.076666667 -0.076666667 -0.076666667 -0.061248203 0.088600674 0.30333317 0.30333333 0.30333333 0.30333333 -0.55333332 -0.55333333 -0.55333262 0.036666667 0.036666667 -0.91 -0.56649226 -0.55666667 -0.85999982 -0.86 -0.86 -0.86 -0.66333333 -0.66333333 -0.66333333 -0.6597378 -0.28515256 -0.28333333 -0.28333333 -0.28333333 -0.28333335 -1.2633334 -1.2633333
-0.07 -0.093333333 -0.093333333 -0.093333333 -0.093333333 -0.093333333 -0.093333348 -0.099569455 0.14256818 0.14333333 0.14333333 0.14333333 0.14333333 0.14333333 0.14333333 0.49599952 -0.17569654 -0.15562829 -0.076652074 -0.076666667 -0.076666667 -0.076666667 -0.076666667 -0.076666077 0.63666667 0.63666667 0.6366662 0.30333333 0.30333333 0.30410761 0.69 0.69 0.036666667 0.036666667 0.036666667 -0.46162069 -0.55666667 -0.55666667 -0.55666667 -0.86 -0.86 -0.86 -0.66333333 -0.66333333 -0.66333333 -0.66333333 -0.28333334 -0.28333333 -0.28333333 -0.28333333 -0.28333333 -1.2633333 -1.2633333
-0.07 -0.078686735 -0.093333333 -0.093333333 -0.093333333 -0.093333333 0.49988355 0.5 0.49999999 0.14333333 0.14333333 0.14333333 0.14333333 0.14333333 0.22275185 0.50333333 0.50333333 0.50333333 0.42845738 0.42999948 0.43 0.43 0.43 0.43 0.63666667 0.63666667 0.63666667 0.63666667 0.30333333 0.69 0.69 0.69 0.036666725 0.036666667 0.036666667 0.42333333 -0.55536912 -0.55666667 -0.55666667 -0.85989803 -0.65656392 -0.18203237 -0.66333333 -0.66333333 -0.59022631 -0.59 -0.59 -0.28357565 -0.42948747 -0.42999999 -0.42999997 -0.57677057 -1.2633319
-0.07 -0.16407038 -0.13044338 -0.093333333 -0.093333333 0.49964943 0.5 0.5 0.5 0.49742976 0.14333333 0.14333333 0.14333333 0.14333338 0.50333333 0.50333333 0.50333333 0.50333333 0.43006551 0.43 0.43 0.43 0.43 0.43 0.63666666 0.63666667 0.63666667 0.63666667 0.63686066 0.69 0.69 0.69 0.86 0.036725874 0.42333333 0.42333333 0.42333333 0.42553218 -0.2038194 -0.18 -0.18 -0.18 -0.99 -0.99 -0.59 -0.59 -0.59 -0.43 -0.43 -0.43 -0.43 -0.57666667 -0.57666667
-0.1665366 -0.16666667 -0.16666667 -0.16666666 0.58333333 0.50000215 0.5 0.5 0.5 0.5 0.18345881 0.14334024 0.14333335 0.50333333 0.50333333 0.50333333 0.50333333 0.50333333 0.52872776 0.43 0.43 0.43 0.43 0.43 0.60133717 0.71999955 0.72 0.72 0.72 0.69000001 0.86 0.86 0.86 0.86 0.42333333 0.42333878 0.63 0.63 -0.16988594 -0.18 -0.18 -0.18 -0.99 -0.99 -0.65193377 -0.59 -0.59 -0.43 -0.43 -0.43 -0.43157265 -0.57666667 -0.57666667
-0.16666667 -0.16666667 -0.16666667 0.18651952 0.58333333 0.58333333 0.5 0.5 0.5 0.5 0.67333333 0.67333333 0.67333333 0.50333333 0.50333333 0.50333333 0.50333333 0.50339227 0.99666667 0.99666667 0.43000023 0.43 0.4361676 0.68333333 0.68366343 0.72 0.72 0.72 0.72 0.85998574 0.86 0.86 0.86 0.86 0.62999927 0.63 0.63 0.63 0.62713773 -0.18 -0.18 -0.18 -0.99 -0.99 -0.99 -0.59 -0.59 -0.43 -0.43 -0.43 -0.57666667 -0.57666667 -0.57666667
-0.16666667 -0.16666667 -0.16666667 0.58333333 0.58333333 0.58333333 0.58333321 0.5 0.5 0.6731544 0.67333333 0.67333333 0.67333333 0.67322742 0.79202733 0.86 0.86 0.86 0.99666667 0.99666667 0.99666667 0.68333333 0.68333333 0.68333333 0.68325863 0.56089429 0.72 0.72 0.72 0.80256173 0.79333989 0.79333333 0.79333333 0.79333333 0.53332829 0.3966672 0.39666667 0.39666667 0.39666667 -1.0032207 -1.0033333 -1.0033333 -0.99 -0.99 -0.85666722 -0.85666658 -0.60333333 -0.60333333 -0.27333333 -0.27333333 -0.27333333 -0.57666667 -0.23364032
-0.16666551 -0.16666667 -0.16666664 0.58333333 0.58333333 0.58333333 0.58333333 0.47000001 0.49988005 0.67329102 0.67333333 0.67333333 0.67333333 0.67369962 0.86 0.86 0.86 0.86000004 0.99666667 0.99666667 0.99666667 0.68333333 0.68333333 0.68333333 0.41666667 0.41666667 0.77999999 0.78 0.78 0.78007274 0.79333333 0.79333333 0.79333333 0.79333333 0.59510892 0.39666667 0.39666667 0.39666667 0.39666667 -1.0033333 -1.0033333 -1.0033333 -0.99871864 -0.85666667 -0.85666667 -0.85666667 -0.60333333 -0.60333333 -0.27333333 -0.27333333 -0.27333333 -0.23333333 -0.23333333
0.20666667 0.035857537 -0.023333333 -0.023157329 0.58333333 0.47065574 0.47 0.47 0.52101301 0.62666667 0.62666667 0.62666667 0.62666667 0.8599924 0.86 0.86 0.86 0.86360097 0.99666667 0.99666667 0.99666667 0.59 0.59 0.59 0.41666667 0.41666667 0.78 0.78 0.78 0.7800001 0.92333251 0.92333297 0.79660069 0.7934727 0.45705071 0.45666667 0.45666667 0.45666667 0.45666667 -1.0033333 -1.0033333 -1.0033333 -0.8647421 -0.85666667 -0.85666667 -0.85666665 -0.60333333 -0.60333333 -0.60332145 -0.27333333 -0.27333482 -0.30666667 -0.23333333
0.34997278 0.34999994 -0.023333333 -0.023333333 -0.023333333 0.47 0.47 0.47 0.61 0.61 0.62666667 0.62666667 0.62666667 0.86 0.86 0.86 0.86 0.86001517 0.99666667 0.99666667 0.99666665 0.59 0.59 0.59 0.41666667 0.41666667 0.78 0.78 0.78 0.92171724 0.92333333 0.92333333 0.92333333 0.92333333 0.45689694 0.45666667 0.45666667 0.45666667 0.45666667 -0.27333352 -0.27333333 -0.27333333 -0.27333333 -0.85666616 -0.79 -0.79 -0.79 -0.69333333 -0.69333333 -0.69333333 -0.30666667 -0.30666667 -0.30666667
0.35 0.35 -0.023333333 -0.023333333 -0.023333333 0.46740695 0.47 0.61 0.61 0.61 0.62666461 0.62666667 0.56674419 0.85999993 0.86 0.86 0.86 0.37666667 0.37666667 0.37666667 0.86666666 0.86666646 0.59000135 0.59 0.5900284 0.72 0.72 0.72000014 0.7799903 0.76669789 0.7666675 0.76669402 0.92306557 0.92319813 0.53967865 0.45666664 0.45644325 0.39 0.39 -0.27333333 -0.27333333 -0.27333333 -0.27333333 -0.79 -0.79 -0.79 -0.79 -0.69333333 -0.69333333 -0.69333333 -0.30666667 -0.30666667 -0.30666667
0.35 0.35 -0.023333333 -0.023333333 -0.023333333 -0.023333331 0.52239791 0.61 0.61 0.61 0.6099687 0.55333333 0.55333333 0.55333333 0.85819274 0.86 0.37988748 0.37666667 0.37666667 0.37666667 0.86666667 0.86666667 0.86666667 0.86666667 0.72 0.72 0.72 0.72 0.72 0.76666667 0.76666667 0.76666667 0.76666667 0.76666542 0.17666667 0.39 0.39 0.39 0.39 0.38999776 -0.21333333 -0.21333333 -0.21333333 -0.32831439 -0.56666667 -0.56666667 -0.56666667 -0.69333333 -0.69333335 -0.71333333 -0.71333333 0.049913231 0.05
0.35 0.35 0.11141378 -0.023333333 -0.023333333 -0.023333322 0.49686778 0.60964284 0.61 0.61 0.5533333 0.55333333 0.55333333 0.55333333 0.55333333 0.57844353 0.37666667 0.37666667 0.37666667 0.37666667 0.86666288 0.86666667 0.86666667 0.86666667 0.72 0.72 0.72 0.72 0.72 0.30112412 0.76666667 0.76666667 0.76666667 0.17666667 0.17666667 0.17683233 0.39 0.39 0.23242202 0.11000002 -0.21333333 -0.21333333 -0.21333333 -0.32571679 -0.56666667 -0.56666667 -0.56666667 -0.41333333 -0.70959536 -0.71333333 -0.71333333 0.05 0.05
0.63333333 0.63333333 0.63333333 0.14131105 -0.022665448 0.49666667 0.49666667 0.49666667 0.49666667 0.38666667 0.38666667 0.55333332 0.55333333 0.55333333 0.55333333 0.55332211 0.37666667 0.37666667 0.37666667 0.37666667 0.65284656 0.86666667 0.86666667 0.85663467 0.49387184 0.72 0.72 0.72 0.13666667 0.13666667 0.13666667 0.13666931 0.17666667 0.17666667 0.17666667 0.17666667 0.11 0.11 0.11 0.11 -0.093333333 -0.093333333 -0.093333333 -0.24666358 -0.24666667 -0.24666667 -0.24666677 -0.41333333 -0.41333333 -0.7129678 -0.71333333 0.049999176 0.05
0.63333333 0.63333333 0.63333333 0.63332238 0.43 0.43969443 0.49666667 0.49666667 0.49666667 0.38666667 0.38666667 0.38666667 -0.1333333 -0.13333333 -0.13333333 -0.13333334 0.37457228 0.37666667 0.37666667 0.37666667 0.38407588 0.48333439 0.48333333 0.48333333 0.48333333 0.48333332 -0.24999999 -0.25 0.13666667 0.13666667 0.13666667 0.13666667 0.17666676 0.17666667 0.17666667 0.17667698 0.11 0.11 0.11 0.11020472 -0.093333333 -0.093333333 -0.093333333 -0.24665956 -0.24666667 -0.24666667 -0.24666667 -0.41333333 -0.41333333 -0.41333329 -0.11333333 -0.11333333 0.37333333
0.63333333 0.63333333 0.63333333 0.43000047 0.43 0.43 0.49666664 0.49666667 0.49666667 0.38666667 0.38666667 0.38666667 -0.13333333 -0.13333333 -0.13333333 -0.18156772 -0.76666667 -0.76666667 -0.76666371 0.37020882 0.48333333 0.48333333 0.48333333 0.48333333 0.48333333 0.48278146 -0.25 -0.25 -0.25 0.13666667 0.13666667 0.13656583 0.30333333 0.30333333 0.30333333 0.033333334 0.033333334 0.15666667 0.15666667 0.15666667 -0.32333333 -0.093405478 -0.093332861 -0.03 -0.03 -0.03821142 -0.24666638 -0.41333333 -0.41333333 -0.11333333 -0.11333333 -0.11333333 0.37333333
