interpolatedSpi/07-09|19_3.tif
NCOLS 53
NROWS 52
XLLCORNER -116.03883
YLLCORNER 28.596182
DX 0.49850594
DY 0.49788537
NODATA_VALUE -9999
[rows 0 to 29 of 52, columns 0 to 52 of 53]
1.11 1.11 0.71728204 0.31666667 0.87666667 1.04 1.39 1.5633333 0.56280931 -0.45 -0.36333333 0.83 0.1433089 -0.15333333 0.79 0.79 0.79 0.33666667 0.87333333 0.87333333 0.87333333 0.87333022 0.55 1.0333333 1.0333333 1.0333333 -0.11999832 -0.12 -0.12 -0.03 -0.03 -0.03 -0.03 -0.60999988 -0.61 -0.61 -0.61 -0.61 -0.61 -0.60999998 0.17817776 0.18658856 -0.12 -0.12 -0.12 -0.12 -0.1215789 -1.0866667 -1.0866667 -1.0866667 1.4433281 1.4433333 1.4433333
1.1100059 1.2433333 1.3200001 1.2013164 1.0168779 0.96666667 1.35 0.42727271 0.79 0.75666667 0.9 0.14333333 0.14333333 0.64399909 -0.15331534 0.79 0.33666667 0.33666667 0.87263359 0.87333333 0.87333333 0.87333333 0.98420538 1.0333333 1.0333333 1.0333333 0.41666671 0.41666667 -0.03 -0.03 -0.03 -0.03 -0.03 -0.60999992 -0.61 -0.61 -0.61 -0.61 -0.60999996 -0.40007935 0.71322637 -0.018882199 -0.12 -0.12 -0.12 -0.12 -0.12 -1.0866667 -1.0866667 -1.0866667 -0.87687664 1.4433333 1.4433333
0.47002759 0.47 1.4133333 1.2633333 0.89666667 1.3666667 1.5233333 1.96 0.47 0.43333333 0.65 0.85333333 1.16 0.35333333 0.64666667 -0.22666667 0.33666667 0.33666667 0.33666667 0.30349903 0.30333333 0.30333333 0.1 1.0333333 1.0333333 1.0333333 0.41666667 0.41666667 0.41666667 -0.03 -0.03 -0.03 -0.034814001 -0.6084997 -0.60528402 -0.10797616 -0.10333333 -0.10333333 -0.0006181898 0.71333333 0.71333333 0.71226771 -0.12 -0.12 -0.12 -0.12 -0.12 -1.0866667 -1.0866667 -1.0866667 -1.0866667 1.4433333 1.4433333
0.44 0.46999972 -0.89999592 0.87 0.04 1.3733333 1.0533333 1.0133333 0.2 0.016607985 0.043333333 -0.079999997 1.1633333 0.35333333 0.86666667 -0.22666667 0.19011993 0.19343376 0.32333333 0.30333333 0.30333333 0.72666667 0.1 0.1 1.0333333 1.0333303 0.41666667 0.41666667 0.41666667 -0.98333333 -0.46574734 -0.04 -0.04 -0.040000052 -0.10333333 -0.10333333 -0.10333333 -0.10333333 0.71333333 0.71333333 0.71333333 0.7133333 -0.12 -0.12 -0.12 -0.12 -0.12 -1.0866545 -1.0866667 -1.0866667 -1.0866667 1.4432584 1.4433333
0.44 0.83666348 -0.9 -0.77237937 0.04 0.41666667 0.62332714 0.65333333 0.66666667 0.29666638 0.20215688 0.16001289 0.25 0.86666667 0.86666667 0.14171805 0.19333333 0.19333333 0.32333333 0.32333333 0.30333412 0.72666667 0.76666667 0.61333333 1.0566667 1.0567616 0.41666667 0.41666667 -0.98333333 -0.98333333 -0.04 -0.04 -0.04 -0.070800527 -0.10333333 -0.10333333 -0.10333333 0.71333333 0.71333333 0.71333333 0.71333333 0.71326126 -0.12 -0.12 -0.12 -0.12 -0.12 -0.12860453 -1.0866667 -1.0866561 -0.85 -0.85 -0.85
-0.97666667 1.0933333 -0.16999993 -0.42333333 0.39666667 0.89 -0.49333333 -0.34652716 -0.4 -0.59 -0.34 -0.25 -0.24999967 -0.56333333 -0.56333333 0.59672381 0.59666667 0.36666667 0.36666667 0.32333379 0.2 0.2 0.61333333 1.0566667 1.0566667 1.4633333 -0.54333333 -0.54333333 -0.13674338 -0.98333333 -0.04 -0.04 -0.20333333 -0.2034413 -1.2365926 -1.0133333 -1.0133333 0.17914958 0.71333333 0.71333333 -0.032402079 -0.033333331 -0.033331523 0.010979636 0.013318597 0.013333298 0.013333329 0.013333297 0.96211599 -0.85 -0.85 -0.85 -0.85
1.0999898 0.93 1.4739127 0.68666667 1.09 -0.38666667 0.32666667 0.14 -0.72 -0.72 -0.34 -0.15 0.10999991 -0.56333333 0.83332915 0.83333333 0.59666667 0.79333333 0.83666667 0.83666667 0.27854415 0.36666667 0.36666667 1.52 1.4633333 1.4633333 -0.54333333 -0.54333333 -0.13665948 -0.13653434 -0.23265477 -0.20333333 -0.20333333 -1.2366667 -1.2366667 -0.42512209 -1.0133333 -1.0133333 -0.36002265 -0.033333788 -0.033333333 -0.033333333 -0.033321193 0.013339207 0.013333333 0.013333333 0.013333333 0.013334127 1.3433333 -0.84956534 -0.85 -0.85 -0.85
1.1 1.28 1.83 -0.18666667 0.49996063 -0.37333333 -1.1533333 -0.34333334 -0.54666667 -0.43333333 -0.43333333 -0.21666667 0.11 0.11 0.8283706 0.77868792 0.77333333 0.21 0.3166672 0.83666667 0.51798659 0.50666667 0.6 -0.036666664 -0.036661722 0.34666667 0.84 0.83999951 -0.013765511 -0.013333338 -0.23333333 -0.19788472 -0.93 -1.2366667 -1.1816208 0.066666667 0.066666667 -0.36 -0.36 -0.033333333 -0.033333333 -0.033333317 1.0663723 1.0666666 0.013333333 0.013333333 0.013333333 1.3432827 1.3433333 1.3433333 -0.85 -0.85 -0.85
1.1925107 1.28 1.84 0.8 0.55 0.11333333 0.19666667 0.27 -0.91666667 -0.47807598 -0.78 -0.52666667 -0.52666667 -0.19 -0.18999705 0.35450391 0.35333333 0.35333333 0.22628284 0.70999999 0.64 0.64 0.97666667 0.74843814 0.30803679 0.34666667 0.35333333 0.84 0.52185952 0.52 0.0066666667 0.76666667 0.64746238 0.78666667 0.69333333 0.47666667 0.32 -0.24333333 0.45301164 -0.030015262 0.71 1.1733333 1.0665831 1.0666667 1.0607379 0.013333333 1.2633333 1.3433333 1.3433333 1.3433333 1.3433333 -0.72217236 0.52
0.70333333 0.70333333 1.48 1.2466667 0.17333333 -0.45666667 -0.37666667 0.033333333 -0.29 -0.36672183 -0.72 -0.34666667 -0.19 -0.19 0.12333333 0.12648789 0.35333333 0.3532217 -0.21 0.71 0.71 0.70098169 0.97666667 0.44001016 0.44 0.44 0.35333333 0.83333333 0.83333333 0.52 0.52 0.7662178 0.53 0.78666667 0.84333333 0.47666667 0.32 0.076666667 0.45333333 0.85012993 1.1733333 0.94558291 0.55333333 1.0666667 1.0666667 1.2633333 1.2633333 1.2633333 1.3433333 1.3433333 0.17666667 0.17666667 0.1766668
0.70333333 0.70333333 0.84333333 0.17666667 -0.55 -0.22666667 -0.80666666 -0.5467186 -0.51 -0.65 -0.2 -0.87666667 -0.34737202 0.12333333 0.12333333 0.12337909 0.52 0.48168618 -0.21 0.91666667 0.91666667 1.8833333 1.8833333 0.44 0.44 0.44 0.83333333 0.83333333 0.83333333 0.95666667 0.95666667 0.95666596 0.92 0.92 0.24666667 0.43666667 0.40666667 -0.32666667 1.3533333 0.85666667 0.85666667 0.83999906 0.55333333 1.0666667 0.8933333 0.80333333 0.64600353 0.64333333 1.49 1.49 0.17666667 0.17666667 0.17666667
0.70333333 0.76358666 0.55884289 -0.023313513 0.21666667 0.2 -0.80666667 -0.54666667 -0.51000031 -0.64844897 -0.87666637 -0.87666667 0.27 0.12333333 0.12333333 0.51999999 0.52 0.51995845 -0.21 0.91666667 1.1065003 1.8833333 1.8833333 0.44005759 0.44 0.71393297 1.2733333 1.2733333 1.2733333 0.95666667 0.95666667 0.61 0.61 0.91999815 0.24666667 0.31999997 0.28907377 -0.32666667 -0.32666667 0.85666667 0.84 0.84 0.84000034 0.89333333 0.89333333 0.80333333 0.64333333 0.64333333 1.49 1.49 0.17666667 0.17666667 0.17666667
-0.59666667 -0.12659269 -0.19998525 -0.19871357 0.21666626 0.20000039 -0.80666664 -0.54986712 -0.51252671 -0.51365577 0.27 0.27 0.27 0.27 0.12335411 0.52 0.52 0.51057454 -0.21 0.91678206 1.34 1.34 1.34 1.34 0.45592668 1.2733333 1.2733333 1.2733333 1.2733333 1.2730785 0.61 0.61 0.61 0.61 0.32 0.32 0.32 -0.29548648 -0.31870549 0.73333333 0.73333333 0.83999426 -0.019968734 0.89324536 0.89333333 0.80333333 0.64333333 0.64333333 1.49 1.49 0.1814313 0.17666667 -0.39069463
-0.59666667 -0.2 -0.2 -0.2 -0.2 -0.19999983 -0.80408977 -0.68363955 -0.51926776 0.2691565 0.27 0.27 0.27 0.27 0.27000012 0.51999999 0.51999988 0.46992698 -0.20998481 1.34 1.34 1.34 1.34 1.34 1.3412967 1.1366949 1.0200001 1.02 1.02 1.02 0.61000001 0.61 0.61000052 1.0433333 1.0433333 0.32 1.2079351 1.2333333 0.73333362 0.73333333 0.73333333 0.73333333 -0.02 -0.02 -0.02 -0.01427035 -0.41635999 -0.42333333 -0.42333333 -0.42333333 -0.4233333 0.38999996 0.39
-0.29 -0.2 -0.2 -0.2 -0.2 -0.2 -0.20000003 -0.54168226 0.43468546 0.44 0.44 0.44 0.44 0.44 0.44 1.2564588 0.53189011 0.42003884 1.3398054 1.34 1.34 1.34 1.34 1.3400008 1.4 1.4 1.3999995 1.02 1.02 1.0202069 1.1233333 1.1233333 1.0433333 1.0433333 1.0433333 1.2028974 1.2333333 1.2333333 1.2333333 0.73333333 0.73333333 0.73333333 -0.02 -0.02 -0.02 -0.02 -0.42333332 -0.42333333 -0.42333333 -0.42333333 -0.42333333 0.39 0.39
-0.29 -0.25649402 -0.2 -0.2 -0.2 -0.2 -0.033366044 -0.033333333 -0.033333322 0.44 0.44 0.44 0.44 0.44 0.62383916 1.2733333 1.2733333 1.2733333 2.0146051 2.016666 2.0166667 2.0166667 2.0166667 2.0166667 1.4 1.4 1.4 1.4 1.02 1.1233333 1.1233333 1.1233333 1.0433333 1.0433333 1.0433333 1.1466667 1.2332186 1.2333333 1.2333333 0.73337797 0.82208731 1.0291133 -0.02 -0.02 0.44190346 0.44333333 0.44333333 -0.42211424 0.3140807 0.3166666 0.31666653 0.59996814 0.39000043
-0.29 -0.46192196 -0.33494561 -0.2 -0.2 -0.033431808 -0.033333333 -0.033333333 -0.033333333 -0.029922358 0.44 0.44 0.44 0.4400001 1.2733333 1.2733333 1.2733333 1.2733333 2.0160027 2.0166667 2.0166667 2.0166667 2.0166667 2.0166667 1.4 1.4 1.4 1.4 1.3989937 1.1233333 1.1233333 1.1233333 2.1566666 1.0433707 1.1466667 1.1466667 1.1466667 1.1531587 1.0428946 1.03 1.03 1.03 0.75666667 0.75666667 0.44333333 0.44333333 0.44333333 0.31666667 0.31666667 0.31666667 0.31666667 0.6 0.6
-0.46661464 -0.46666667 -0.46666667 -0.46666666 -0.25333333 -0.033339008 -0.033333333 -0.033333333 -0.033333333 -0.033333333 0.41678264 0.439996 0.43999999 1.2733333 1.2733333 1.2733333 1.2733333 1.2733333 1.3406551 2.0166667 2.0166667 2.0166667 2.0166667 2.0166667 1.8569324 2.0699964 2.07 2.07 2.07 1.1233334 2.1566666 2.1566667 2.1566667 2.1566667 1.1466667 1.1466822 1.7366667 1.7366667 1.0388238 1.03 1.03 1.03 0.75666667 0.75666667 0.49184812 0.44333333 0.44333333 0.31666667 0.31666667 0.31666667 0.31970474 0.6 0.6
-0.46666667 -0.46666667 -0.46666667 -0.36620482 -0.25333333 -0.25333333 -0.033333333 -0.033333333 -0.033333333 -0.033333333 0.13333333 0.13333333 0.13333333 1.2733333 1.2733333 1.2733333 1.2733333 1.2733025 1.4166667 1.4166667 2.0166664 2.0166667 2.0138263 1.9 1.9015304 2.07 2.07 2.07 2.07 2.1566578 2.1566667 2.1566667 2.1566667 2.1566667 1.7366646 1.7366667 1.7366667 1.7366667 1.734205 1.03 1.03 1.03 0.75666667 0.75666667 0.75666667 0.44333333 0.44333333 0.31666668 0.31666667 0.31666667 0.6 0.6 0.6
-0.46666667 -0.46666667 -0.46666667 -0.25333333 -0.25333333 -0.25333333 -0.253333 -0.033333333 -0.033333333 0.13316129 0.13333333 0.13333333 0.13333333 0.1340436 1.1222411 1.0866667 1.0866667 1.0866667 1.4166667 1.4166667 1.4166667 1.9 1.9 1.9 1.8999813 1.9458626 2.07 2.07 2.07 2.5260067 2.6132884 2.6133333 2.6133333 2.6133333 1.9094494 2.1499991 2.15 2.15 2.15 0.95334382 0.95333333 0.95333333 0.75666667 0.75666667 0.83999965 0.84000013 1.1933333 1.1933333 1.0433333 1.0433333 1.0433333 0.6 1.1395172
-0.46666569 -0.46666667 -0.46666666 -0.25333333 -0.25333333 -0.25333333 -0.25333333 -0.18666662 -0.03394642 0.13316407 0.13333333 0.13333333 0.13333333 0.13520404 1.0866667 1.0866667 1.0866667 1.0866668 1.4166667 1.4166667 1.4166667 1.9 1.9 1.9 1.8333333 1.8333333 2 2 2 2.0033459 2.6133333 2.6133333 2.6133333 2.6133333 2.3817938 2.15 2.15 2.15 2.15 0.95333333 0.95333333 0.95333333 0.94976743 0.84 0.84 0.84 1.1933333 1.1933333 1.0433333 1.0433333 1.0433333 1.14 1.14
-0.15333333 -0.27923549 0.18666667 0.18653902 -0.25333333 -0.1870524 -0.18666667 -0.18666667 -0.080996865 -0.05333333 -0.053333333 -0.053333333 -0.053333333 0.24332368 0.24333334 1.086666 1.0866667 1.0953617 1.4166667 1.4166667 1.4166667 1.49 1.49 1.49 1.8333333 1.8333333 2 2 2 2.0000004 2.5000007 2.5000003 2.6104849 2.6132118 1.6044888 1.6033333 1.6033333 1.6033333 1.6033333 0.95333333 0.95333333 0.95333333 0.84624014 0.84 0.84 0.83999983 1.1933333 1.1933333 1.1933279 1.0433333 1.0433371 1.1266667 1.14
0.41322572 0.41333329 0.18666667 0.18666667 0.18666667 -0.18666667 -0.18666667 -0.18666667 0.10333333 0.10333333 -0.053333333 -0.053333333 -0.053333333 0.24333333 0.24333333 0.24333333 0.24333333 0.24346675 1.4166667 1.4166667 1.4166667 1.49 1.49 1.49 1.8333333 1.8333333 2 2 2 2.4943625 2.5 2.5 2.5 2.5 1.6037758 1.6033333 1.6033333 1.6033333 1.6033333 0.43333347 0.43333333 0.43333333 0.43333333 0.83999246 -0.14333333 -0.14333333 -0.14333333 0.48 0.48 0.48 1.1266667 1.1266667 1.1266667
0.41333333 0.41333333 0.18666667 0.18666667 0.18666667 -0.18470436 -0.18666667 0.10333333 0.10333333 0.10333333 -0.053314048 -0.053333333 -0.41014446 0.24333317 0.24333333 0.24333333 0.24333333 -0.47 -0.47 -0.47 0.34000002 0.34000085 1.4899944 1.49 1.490047 1.4066667 1.4066667 1.4066681 1.9999041 1.8834562 1.8833366 1.883441 2.4989461 2.4994678 1.7626325 1.6033328 1.5985076 0.16333333 0.16333333 0.43333333 0.43333333 0.43333333 0.43333333 -0.14333333 -0.14333333 -0.14333333 -0.14333333 0.48 0.48 0.48 1.1266667 1.1266667 1.1266667
0.41333333 0.41333333 0.18666667 0.18666667 0.18666667 0.18666667 -0.078128138 0.10333333 0.10333333 0.10333333 0.10300559 -0.49 -0.49 -0.49 0.23901163 0.24333333 -0.46524652 -0.47 -0.47 -0.47 0.34 0.34 0.34 0.34 1.4066667 1.4066667 1.4066667 1.4066667 1.4066667 1.8833333 1.8833333 1.8833333 1.8833333 1.8833337 2.07 0.16333333 0.16333333 0.16333333 0.16333333 0.16333321 0.08 0.08 0.08 0.097353662 0.13333333 0.13333333 0.13333333 0.47999999 0.47999968 0.15333333 0.15333333 0.71676641 0.71666667
0.41333333 0.41333333 0.26847742 0.18666667 0.18666667 0.18666666 -0.18947947 0.10240891 0.10333333 0.10333333 -0.48999995 -0.49 -0.49 -0.49 -0.49 -0.42988805 -0.47 -0.47 -0.47 -0.47 0.33999373 0.34 0.34 0.34 1.4066667 1.4066667 1.4066667 1.4066667 1.4066667 1.4867601 1.8833333 1.8833333 1.8833333 2.07 2.07 2.0685194 0.16333333 0.16333333 0.53476715 0.82333327 0.08 0.08 0.08 0.098361082 0.13333333 0.13333333 0.13333333 0.27666667 0.15487005 0.15333333 0.15333333 0.71666667 0.71666667
0.12 0.12 0.12 0.1699515 0.18641695 -0.19 -0.19 -0.19 -0.19 -0.27333333 -0.27333333 -0.48999998 -0.49 -0.49 -0.49 -0.48999875 -0.47 -0.47 -0.47 -0.47 -0.013457725 0.34 0.34 0.32831055 -0.039279648 1.4066667 1.4066667 1.4066667 1.3466667 1.3466667 1.3466667 1.3466689 2.07 2.07 2.07 2.07 0.82333333 0.82333333 0.82333333 0.82333333 0.2 0.2 0.2 0.47999437 0.48 0.48 0.47999989 0.27666667 0.27666667 0.15348361 0.15333333 0.71666529 0.71666667
0.12 0.12 0.12 0.11999461 0.02 -0.01053745 -0.19 -0.19 -0.19 -0.27333333 -0.27333333 -0.27333333 -0.88999998 -0.89 -0.89 -0.88999999 -0.4705984 -0.47 -0.47 -0.47 -0.4577419 -0.10666544 -0.10666667 -0.10666667 -0.10666667 -0.10666664 0.34333334 0.34333333 1.3466667 1.3466667 1.3466667 1.3466667 2.0699997 2.07 2.07 2.0699617 0.82333335 0.82333333 0.82333333 0.82533665 0.2 0.2 0.2 0.47998702 0.48 0.48 0.48 0.27666667 0.27666667 0.27666669 0.44333333 0.44333333 0.31333333
0.12 0.12 0.12 0.02000023 0.02 0.02 -0.18999992 -0.19 -0.19 -0.27333333 -0.27333333 -0.27333333 -0.89 -0.89 -0.89 -0.88289178 -0.79666667 -0.79666667 -0.79666582 -0.4718451 -0.10666667 -0.10666667 -0.10666667 -0.10666667 -0.10666667 -0.10632802 0.34333333 0.34333333 0.34333334 1.3466667 1.3466667 1.3464307 1.6 1.6 1.6 1.0733333 1.0733333 1.28 1.28 1.28 1.2266667 0.20032204 0.20000607 1.0133333 1.0133333 0.99312061 0.48000107 0.27666667 0.27666667 0.44333333 0.44333333 0.44333333 0.31333333
0.12 0.12 0.12 0.02 0.02 0.02 0.02 -0.19 -0.19 -0.27333333 -0.27333333 -0.86534223 -0.89 -0.89 -0.89 -0.79666667 -0.79666667 -0.79666667 -0.79666667 -0.79666667 -0.10666667 -0.10666667 -0.10666667 -0.10666667 -0.10666667 0.3433318 0.34333333 0.34333333 0.34333333 0.98 0.98 0.98 1.6 1.6 1.6 1.0733333 1.0733333 1.28 1.28 1.2266667 1.2266667 1.2266667 1.0133333 1.0133333 1.0133333 1.0133333 1.0053924 0.91666667 0.91666667 0.91666667 0.44333334 0.63333333 0.63333333
