interpolatedSpi/07-08|23_3.tif
NCOLS 53
NROWS 52
XLLCORNER -116.03883
YLLCORNER 28.596182
DX 0.49850594
DY 0.49788537
NODATA_VALUE -9999
1.205 1.205 1.4752821 1.865 1.56 1.735 1.495 1.245 -0.10205246 -0.295 0.01 0.11 -0.5699893 -0.44 -0.575 -0.575 -0.575 -1.22 -0.36 -0.36 -0.36 -0.35999865 -0.22000001 -0.75 -0.75 -0.75 -0.78000594 -0.78 -0.78 -1.22 -1.22 -1.22 -1.22 -1.2 -1.2 -1.2 -1.2 -1.2 -1.2 -1.2 0.48188491 0.49990557 0.13 0.13 0.13 0.13 0.1293875 -0.245 -0.245 -0.245 0.54499836 0.545 0.545 
1.2049718 0.57 1.5499991 1.3767862 1.6648044 0.915 0.93 0.24546889 -0.525 -0.355 0.225 -0.57 -0.57 -0.79879959 -0.44000554 -0.575 -1.22 -1.22 -0.36112132 -0.36 -0.36 -0.36 -0.81132221 -0.75 -0.75 -0.75 -5.1589494e-08 -3.3385446e-10 -1.22 -1.22 -1.22 -1.22 -1.22 -1.2 -1.2 -1.2 -1.2 -1.2 -1.2 -0.88618714 0.82980436 0.21493819 0.13 0.13 0.13 0.13 0.13 -0.245 -0.245 -0.245 -0.17949244 0.545 0.545 
1.2700003 1.27 0.805 0.6 1.06 1.75 0.9 1.085 -0.28 -1.005 -0.615 0.09 -0.21 -1.85 -0.8 -1.6 -1.22 -1.22 -1.22 -0.23003779 -0.23 -0.23 -1.915 -0.75 -0.75 -0.75 -1.2788808e-25 -3.9058682e-53 -7.6660727e-21 -1.22 -1.22 -1.22 -1.287396 -1.1995957 -1.1974869 -0.93247414 -0.93 -0.93 -0.70863838 0.82999999 0.83 0.82910487 0.13 0.13 0.13 0.13 0.13 -0.245 -0.245 -0.245 -0.245 0.545 0.545 
1.635 1.2699998 0.45477022 0.395 -0.555 -0.125 0.14 -0.48 0.705 -0.52154223 -0.485 -1.34 -0.975 -1.85 -0.71 -1.6 -1.2675631 -1.2649685 -0.895 -0.23 -0.23 -1.04 -1.915 -1.915 -0.75 -0.74999625 -4.5372136e-41 -7.4485454e-121 -1.197079e-24 -1.535 -1.4389814 -1.36 -1.36 -1.3599997 -0.93 -0.93 -0.93 -0.93 0.83 0.83 0.83 0.82999997 0.13 0.13 0.13 0.13 0.13 -0.24499527 -0.245 -0.245 -0.245 0.54488404 0.545 
1.635 0.28500031 0.455 -0.17669904 -0.555 -0.915 -0.76001743 -0.885 -1.405 -0.28000054 -0.6572457 -0.81988541 -0.02 -0.71 -0.71 -1.3002341 -1.265 -1.265 -0.895 -0.895 -0.23000161 -1.04 -0.7 -0.14 -0.51 -0.50995661 -2.7423706e-14 -2.7686147e-24 -1.535 -1.535 -1.36 -1.36 -1.36 -1.3081423 -0.93 -0.93 -0.93 0.83 0.83 0.83 0.83 0.82970414 0.12999997 0.13 0.13 0.13 0.13 0.12666204 -0.245 -0.24512376 -3.005 -3.005 -3.005 
-0.825 -0.1 -0.32499998 0.0099999999 -0.185 -1.585 -1.775 -1.6610545 -0.59 -1.315 -2.27 -1.095 -1.0949993 -2.05 -2.05 -1.2349034 -1.235 -2.14 -2.14 -0.89500044 -0.95 -0.95 -0.14 -0.51 -0.51 -0.325 -1.09 -1.09 -1.1350372 -1.535 -1.36 -1.36 -1.085 -1.0849572 -0.67502932 -0.365 -0.365 0.46029947 0.83 0.83 -2.2311773 -2.235 -2.234997 -1.0537284 -1.0748668 -1.0749997 -1.075 -1.0749996 -2.5263631 -3.005 -3.005 -3.005 -3.005 
0.030011044 -0.395 0.024266977 -0.465 -1.055 -1.895 -1.21 -1.485 -2.045 -2.045 -2.27 -2.555 -2.2549997 -2.05 -0.83500364 -0.835 -1.235 -0.775 -1.39 -1.39 -0.54235587 -0.085 -0.085 -0.44 -0.325 -0.325 -1.09 -1.09 -1.1350367 -1.1356759 -0.90266728 -1.085 -1.085 -0.675 -0.675 -0.99133605 -0.365 -0.365 -1.144973 -2.2349985 -2.235 -2.235 -2.2349832 -1.0750033 -1.075 -1.075 -1.075 -1.0750009 -2.525 -3.0049049 -3.005 -3.005 -3.005 
0.03 -0.92 -0.555 -1.43 -0.59004816 -1.77 -2.59 -2.45 -2.415 -2.44 -2.44 -1.125 -2.255 -2.255 -0.84474252 -1.322255 -1.37 -1.04 -1.395 -1.39 -1.0023525 -0.92 -0.795 -0.715 -0.71501077 -1.55 -1.625 -1.6249998 -1.7627924 -1.765 -0.9 -1.0060926 -1.01 -0.675 -0.6988152 -1.515 -1.515 -1.145 -1.145 -2.235 -2.235 -2.235 -1.6576163 -1.66 -1.075 -1.075 -1.075 -2.5249448 -2.525 -2.525 -3.005 -3.005 -3.005 
-0.98978915 -0.92 -0.47 -1.265 -0.665 -1.845 -1.115 -1.22 -2.165 -1.6028065 0.05 -1.43 -1.43 -0.96 -0.96000433 -0.4126756 -0.41 -0.41 -1.0941913 -1.4950001 -1.89 -1.89 -1.305 -0.99598261 -1.465854 -1.55 -1.31 -1.625 -1.6100872 -1.61 -1.005 -0.875 -0.58791884 -1.65 -1.51 -2.13 -1.51 -0.18 -0.50484993 -2.2296658 -1.04 -1.2 -1.6599389 -1.66 -1.6567073 -1.075 -1.235 -2.525 -2.525 -2.525 -2.525 -2.9184673 -0.79 
-1.38 -1.38 -0.275 -0.39 -1.355 -0.08 -1.28 -2.56 -1.99 -1.4600815 -1.96 -0.715 -0.96 -0.96 -1.42 -1.4061474 -0.41 -0.40997143 -0.245 -1.495 -1.495 -1.5458892 -1.305 -1.1200035 -1.12 -1.12 -1.31 -1.275 -1.275 -1.61 -1.61 -0.87391893 -0.305 -1.65 -1.64 -2.13 -1.51 -1.51 -0.505 -0.94770693 -1.2 -1.2312238 -1.285 -1.66 -1.66 -1.235 -1.235 -1.235 -2.525 -2.525 -2.31 -2.31 -2.3099994 
-1.38 -1.38 -0.86 -1.15 -1.025 -0.145 -1.705 -0.54193188 0.13 0.285 -0.73 -0.17 -0.71427481 -1.42 -1.42 -1.41991 -0.64 -0.61926855 -0.245 -0.47 -0.47 0.105 0.105 -1.12 -1.12 -1.12 -1.275 -1.275 -1.275 -1.41 -1.41 -1.4099982 -1.73 -1.73 -2.965 -1.965 -2.18 -1.2050113 -1.245 -0.955 -0.955 -0.95500108 -1.285 -1.66 -1.2899998 -0.965 -1.4789448 -1.48 -2.47 -2.47 -2.31 -2.31 -2.31 
-1.38 -1.1555254 -0.98375334 -0.37499622 -0.895 -0.63 -1.705 -0.54 0.1299944 0.28328279 -0.16999941 -0.17 -0.485 -1.42 -1.42 -0.64000003 -0.64 -0.63997752 -0.245 -0.47 -0.3570817 0.105 0.105 -1.1199506 -1.12 -1.0756229 -0.985 -0.985 -0.98500004 -1.41 -1.41 -0.975 -0.975 -1.7300034 -2.965 -1.4300009 -2.236925 -1.205 -1.205 -0.955 -0.955 -0.955 -0.95500247 -1.29 -1.29 -0.965 -1.48 -1.48 -2.47 -2.47 -2.31 -2.31 -2.31 
-0.605 -0.36637115 -0.32003031 -0.32040567 -0.89499877 -0.63000626 -1.705 -0.55434046 0.083830148 0.13404746 -0.485 -0.485 -0.485 -0.485 -1.4198676 -0.64 -0.64 -0.63489992 -0.245 -0.46980183 0.21 0.21 0.21 0.21 -1.0973915 -0.985 -0.985 -0.985 -0.985 -0.98504185 -0.975 -0.975 -0.975 -0.975 -1.43 -1.43 -1.43 -1.2174004 -1.2090932 -1.75 -1.75 -0.95504276 -1.7599839 -1.2900453 -1.29 -0.965 -1.48 -1.48 -2.47 -2.47 -2.3105805 -2.31 -2.1348484 
-0.605 -0.32 -0.32 -0.32 -0.32 -0.32000013 -1.7022481 -1.1536784 -0.039346713 -0.48433366 -0.485 -0.485 -0.485 -0.485 -0.48499915 -0.64000001 -0.63999994 -0.6129057 -0.24500403 0.21 0.21 0.21 0.21 0.21 0.22869379 -0.35097116 -0.24000015 -0.24 -0.24 -0.24 -0.97499997 -0.975 -0.97499904 -0.175 -0.175 -1.43 -0.70085621 -0.68 -1.7499994 -1.75 -1.75 -1.75 -1.76 -1.76 -1.76 -1.7544675 -1.8425182 -1.845 -1.845 -1.845 -1.845 -2.09 -2.09 
-0.83 -0.32 -0.32 -0.32 -0.32 -0.32 -0.32000008 -0.7889798 0.70567803 0.71 0.71 0.71 0.71 0.71 0.70999999 1.6650826 -0.60306825 -0.58591079 0.20994266 0.21 0.21 0.21 0.21 0.21000105 1.075 1.075 1.0749982 -0.24 -0.24 -0.23760708 0.955 0.955 -0.175 -0.175 -0.175 -0.5991042 -0.68 -0.68 -0.68 -1.75 -1.75 -1.75 -1.76 -1.76 -1.76 -1.76 -1.845 -1.845 -1.845 -1.845 -1.845 -2.09 -2.09 
-0.83 -0.64013279 -0.32 -0.32 -0.32 -0.32 0.80977822 0.81 0.81 0.71 0.71 0.71 0.71 0.71 0.92509182 1.685 1.685 1.685 1.1122453 1.1149991 1.115 1.115 1.115 1.115 1.075 1.075 1.075 1.075 -0.24 0.955 0.955 0.955 -0.1749999 -0.175 -0.175 -0.005 -0.67910628 -0.68 -0.68 -1.7499636 -1.678199 -1.5107173 -1.76 -1.76 -2.7270065 -2.73 -2.73 -1.8456447 -2.2336371 -2.235 -2.2349999 -1.9300243 -2.0899997 
-0.83 0.38642849 0.054474067 -0.32 -0.32 0.80933234 0.81 0.81 0.81 0.80927937 0.71 0.71 0.71 0.71000012 1.685 1.685 1.685 1.685 1.1155092 1.115 1.115 1.115 1.115 1.115 1.075 1.075 1.075 1.075 1.0745635 0.955 0.955 0.955 1.305 -0.17494698 -0.005 -0.005 -0.005 -0.0083480186 -1.4574179 -1.51 -1.51 -1.51 -2.395 -2.395 -2.73 -2.73 -2.73 -2.235 -2.235 -2.235 -2.235 -1.93 -1.93 
0.41926214 0.42 0.42 0.42 0.9 0.81000232 0.81 0.81 0.81 0.81 0.71000004 0.71 0.71 1.685 1.685 1.685 1.685 1.685 1.6399994 1.115 1.115 1.115 1.115 1.115 1.2353257 1.4599979 1.46 1.46 1.46 0.95500002 1.305 1.305 1.305 1.305 -0.005 -0.0050079003 -0.305 -0.305 -1.4949538 -1.51 -1.51 -1.51 -2.395 -2.395 -2.6781305 -2.73 -2.73 -2.235 -2.235 -2.235 -2.2317296 -1.93 -1.93 
0.42 0.42 0.42 0.64603916 0.9 0.9 0.81 0.81 0.81 0.81 0.71 0.71 0.71 1.685 1.685 1.685 1.685 1.6850603 1.68 1.68 1.1150002 1.115 1.1192605 1.29 1.2915304 1.46 1.46 1.46 1.46 1.3050158 1.305 1.305 1.305 1.305 -0.30499895 -0.305 -0.305 -0.305 -0.30923581 -1.51 -1.51 -1.51 -2.395 -2.395 -2.395 -2.73 -2.73 -2.235 -2.235 -2.235 -1.93 -1.93 -1.93 
0.42 0.42 0.42 0.9 0.9 0.9 0.89999986 0.81 0.81 0.71010323 0.71 0.71 0.71 0.71060748 1.9804392 2.05 2.05 2.05 1.68 1.68 1.68 1.29 1.29 1.29 1.2898978 1.1793795 1.46 1.46 1.46 0.77185253 0.64506491 0.645 0.645 0.645 -0.2871396 -0.26500009 -0.265 -0.265 -0.265 -1.415013 -1.415 -1.415 -2.395 -2.395 -2.0800013 -2.0799999 -1.9 -1.9 -1.535 -1.535 -1.535 -1.93 -1.6252727 
0.42000043 0.42 0.42000002 0.9 0.9 0.9 0.89999999 0.16500019 0.80742104 0.71003627 0.71 0.71 0.71 0.71262945 2.05 2.05 2.05 2.0499999 1.68 1.68 1.68 1.29 1.29 1.29 0.925 0.925 1.15 1.15 1.15 1.1472451 0.645 0.645 0.645 0.645 0.19024986 -0.265 -0.265 -0.265 -0.265 -1.415 -1.415 -1.415 -1.4359234 -2.08 -2.08 -2.08 -1.9 -1.9 -1.535 -1.535 -1.535 -1.625 -1.625 
0.56 0.49382718 0.525 0.52510879 0.9 0.16925269 0.165 0.165 0.26338223 0.74999999 0.75 0.75 0.75 2.1699538 2.17 2.0500001 2.05 2.040251 1.68 1.68 1.68 1.12 1.12 1.12 0.925 0.925 1.15 1.15 1.15 1.15 1.1599967 1.1599986 0.65794375 0.64555212 -0.15908063 -0.16 -0.16 -0.16 -0.16 -1.415 -1.415 -1.415 -2.0433825 -2.08 -2.08 -2.0799999 -1.9 -1.9 -1.8999869 -1.535 -1.5350116 -1.795 -1.625 
0.40003038 0.40000002 0.525 0.525 0.525 0.165 0.165 0.165 0.435 0.435 0.75 0.75 0.75 2.17 2.17 2.17 2.17 2.1699452 1.68 1.68 1.68 1.12 1.12 1.12 0.925 0.925 1.15 1.15 1.15 1.1598872 1.16 1.16 1.16 1.16 -0.15934866 -0.16 -0.16 -0.16 -0.16 -0.6650002 -0.665 -0.665 -0.665 -2.0799967 -1.655 -1.655 -1.655 -1.835 -1.835 -1.835 -1.795 -1.795 -1.795 
0.4 0.4 0.525 0.525 0.525 0.16689222 0.165 0.435 0.435 0.435 0.74996122 0.75 1.0359937 2.1699998 2.17 2.17 2.17 1.415 1.415 1.415 1.65 1.6499996 1.1200026 1.12 1.1200668 1.325 1.325 1.3249996 1.1500283 1.115009 1.1150002 1.1150079 1.1599231 1.1599612 0.075066221 -0.15999998 -0.15984919 -0.115 -0.115 -0.665 -0.665 -0.665 -0.665 -1.655 -1.655 -1.655 -1.655 -1.835 -1.835 -1.835 -1.795 -1.795 -1.795 
0.4 0.4 0.525 0.525 0.525 0.525 0.26605311 0.435 0.435 0.435 0.43536733 1.1 1.1 1.1 2.1636942 2.17 1.4200311 1.415 1.415 1.415 1.65 1.65 1.65 1.65 1.325 1.325 1.325 1.325 1.325 1.115 1.115 1.115 1.115 1.1149981 0.23 -0.115 -0.115 -0.115 -0.115 -0.11500355 -1.15 -1.15 -1.15 -1.182544 -1.25 -1.25 -1.25 -1.835 -1.8349999 -1.75 -1.75 -1.0401837 -1.04 
0.4 0.4 0.47988378 0.525 0.525 0.525 0.39507098 0.43487394 0.435 0.435 1.0999998 1.1 1.1 1.1 1.1 1.1877513 1.415 1.415 1.415 1.415 1.6499982 1.65 1.65 1.65 1.325 1.325 1.325 1.325 1.325 0.52752965 1.115 1.115 1.115 0.23 0.23 0.2297321 -0.115 -0.115 -0.21348624 -0.28999999 -1.15 -1.15 -1.15 -1.1818075 -1.25 -1.25 -1.25 -1.11 -1.7420257 -1.75 -1.75 -1.04 -1.04 
0.56 0.56 0.56 0.53377546 0.52455559 0.395 0.395 0.395 0.395 0.17 0.17 1.0999999 1.1 1.1 1.1 1.1000199 1.415 1.415 1.415 1.415 1.5474536 1.65 1.65 1.665964 2.2183655 1.325 1.325 1.325 0.32 0.32 0.32 0.32000334 0.23 0.23 0.23 0.23 -0.29 -0.29 -0.29 -0.29 -0.9 -0.9 -0.9 -1.1599948 -1.16 -1.16 -1.16 -1.11 -1.11 -1.7492202 -1.75 -1.039999 -1.04 
0.56 0.56 0.56 0.55998169 0.22 0.24544788 0.395 0.395 0.395 0.17 0.17 0.17 -0.30499994 -0.305 -0.305 -0.30499999 1.4108601 1.415 1.415 1.415 1.4185967 2.2599983 2.26 2.26 2.26 2.26 1.3 1.3 0.32 0.32 0.32 0.32 0.22999993 0.23 0.23 0.22999226 -0.29 -0.29 -0.29 -0.28984646 -0.9 -0.9 -0.9 -1.1599879 -1.16 -1.16 -1.16 -1.11 -1.11 -1.11 -0.835 -0.835 -0.82 
0.56 0.56 0.56 0.22000078 0.22 0.22 0.39499993 0.395 0.395 0.17 0.17 0.17 -0.305 -0.305 -0.305 -0.34612616 -0.845 -0.845 -0.84499416 1.4022349 2.26 2.26 2.26 2.26 2.26 2.2592775 1.3 1.3 1.3 0.32 0.32 0.32038298 0.135 0.135 0.135 -0.13 -0.13 -0.255 -0.255 -0.255 -0.545 -0.89988865 -0.89999769 -0.59 -0.59 -0.61160235 -1.1599984 -1.11 -1.11 -0.835 -0.835 -0.835 -0.82 
0.56 0.56 0.56 0.22 0.22 0.22 0.22 0.395 0.395 0.17 0.17 -0.28600685 -0.305 -0.305 -0.305 -0.845 -0.845 -0.845 -0.845 -0.845 2.26 2.26 2.26 2.26 2.26 1.3000033 1.3 1.3 1.3 0.915 0.915 0.915 0.135 0.135 0.135 -0.13 -0.13 -0.255 -0.255 -0.545 -0.545 -0.545 -0.59 -0.59 -0.59 -0.59 -0.58137453 -0.485 -0.485 -0.485 -0.835 -0.635 -0.635 
0.56 0.56 0.55952653 0.22 0.22 0.22 0.22 0.086718352 0.08 0.080154518 0.16999997 -0.30502973 -0.305 -0.305 -0.30500187 -0.845 -0.845 -0.845 -0.845 -0.845 -1.1542022 2.26 2.26 2.26 2.2598177 1.3000042 1.3 1.3 1.3 0.915 0.915 0.915 0.91488712 0.135 -0.13 -0.13 -0.13 -0.13000495 -0.25501978 -0.545 -0.545 -0.545 -0.58999727 -0.59 -0.59 -0.59 -0.48500242 -0.485 -0.485 -0.485 -0.635 -0.635 -0.635 
0.655 0.65499983 0.22019417 0.22 0.22 0.22 0.08002979 0.08 0.08 0.08 -0.65999998 -0.66 -0.66 -0.66 -0.8441461 -0.845 -0.845 -0.845 -0.845 -1.2999997 -1.3 -1.3 1.3750001 1.375 1.375 1.375 1.3685265 1.3 0.8800172 0.88 0.88 0.88 0.88 0.14 0.14 0.14 0.14 0.14 -1.06 -1.06 -1.06 -1.06 -1.06 -0.7247965 -0.725 -0.725 -0.725 -0.485 -0.485 -0.485 -0.63497637 -0.635 -0.635 
0.655 0.655 0.64838561 -0.13499929 -0.13499992 -0.13479016 0.08 0.08 0.08 0.08 -0.66 -0.66 -0.66 -0.66 -0.66 -0.845 -0.845 -0.845 -1.2999999 -1.3 -1.3 -1.3 1.375 1.375 1.375 1.375 1.375 1.3749836 0.88034175 0.88 0.88 0.88 0.88013729 0.57084523 0.14044612 0.14 0.14 0.14000001 -1.06 -1.06 -1.06 -1.06 -1.06 -0.725 -0.725 -0.725 -0.725 -0.61277131 -0.485 -0.26745452 -0.265 -0.11 -0.11 
0.655 0.655 -0.13489993 -0.135 -0.135 -0.135 -0.080390907 0.08 0.08 0.08 -0.66 -0.66 -0.66 -0.66 -0.66 -0.84486605 -0.845 -1.2998666 -1.3 -1.3 -1.3 -1.3 0.38402892 1.375 1.375 1.375 1.375 1.3752765 1.765 1.765 1.765 1.765 1.765 0.9 0.9 0.9 0.9 0.9 -0.655 -0.655 -0.655 -0.655 -0.655 -0.72385242 -0.72499976 -0.725 -0.72492033 -0.7153475 -0.265 -0.265 -0.265 -0.11000087 -0.11 
0.65499897 0.10591775 -0.13499997 -0.135 -0.135 -0.135 -0.135 0.079908455 0.08 0.08 -0.66 -0.66 -0.66 -0.66 -1.5644545 -1.585 -1.585 -1.3000073 -1.3 -1.3 -1.3 -1.3 -1.2999997 1.375 1.375 1.375 1.375 2.4799993 2.4799997 2.3278306 1.765 1.765 1.765 0.9 0.9 0.9 0.9 0.90006434 -0.655 -0.655 -0.655 -0.655 -0.65493909 -0.255 -0.255 -0.255 -0.255 -0.25500081 -0.265 -0.265 -0.265 -0.26500022 -0.61741537 
0.095 0.095 -0.049730066 -0.135 -0.135 -0.135 -0.135 -0.135 0.079905187 -1.215 -1.215 -1.215 -1.2136829 -1.5849987 -1.585 -1.585 -1.585 -1.585 -1.2999952 -1.258971 -0.9 -0.9 -0.9 -0.3257291 1.291362 0.84383085 0.46743086 2.48 2.48 2.48 2.48 2.48 2.44903 1.0066724 0.995 0.995 0.995 0.995 -0.50565598 0.13999857 0.14 0.14 0.14 -0.17000025 -0.25499998 -0.255 -0.255 0.28 -0.26499127 -0.265 -0.265 -0.625 -0.625 
0.095 0.095 -0.59499999 -0.595 -0.595 -0.13515323 -0.135 -0.135 -1.215 -1.215 -1.215 -1.215 -1.215 -1.585 -1.585 -1.585 -1.585 -1.585 -0.9 -0.9 -0.9 -0.9 -0.9 0.32999994 0.33 0.33 0.33 2.48 2.48 2.48 2.48 2.48 2.035 2.035 0.99500001 0.995 0.995 0.84502554 0.845 0.14 0.14 0.14 0.13999998 -0.17 -0.17 -0.17 0.28 0.28 0.28 0.465 0.465 -0.625 -0.625 
0.095 0.095 -0.595 -0.595 -0.595 -0.595 -0.5950039 -1.305 -1.2150847 -1.215 -1.215 -1.215 -1.215 -1.5803846 -1.585 -1.585 -1.585 -1.585 -0.90000001 -0.9 -0.9 -0.9 -0.9 0.33 0.33 0.33 0.33 0.3300087 2.48 2.48 2.48 2.0350233 2.035 2.035 2.035 0.995 0.845 0.845 0.845 0.82645013 0.021978814 1.0793964e-27 1.6923925e-26 -0.17 -0.17 -0.17 0.28 0.28 0.28 0.465 0.465 0.465 0.66111722 
0.325 0.32499819 -0.595 -0.595 -0.595 -0.595 -1.305 -1.305 -1.305 -1.215 -1.215 -1.215 -1.215 -1.215115 -1.585 -1.585 -1.585 -1.585 -0.90001238 -0.9 -0.9 -0.90000001 0.11329242 0.33 0.33 0.33 0.33 0.41499993 0.415 0.41500002 2.4578204 2.035 2.035 2.035 2.0349986 0.60500002 0.845 0.845 0.845 0.84499999 3.4741718e-34 2.7652824e-100 7.3940509e-34 -0.25 -0.25 -0.25 -0.099962993 0.28 0.28 0.465 0.465 0.465 0.7949977 
0.325 0.325 -0.595 -0.595 -0.595 -1.305 -1.305 -1.305 -1.305 -1.2249002 -1.215 -1.215 -1.215 -1.2150041 -2.0399476 -2.04 -2.04 -2.04 -2.2017164 -1.685 -1.685 -1.685 -1.685 0.33 0.33 0.33 0.33000561 0.415 0.415 0.415 0.415 2.0346975 1.2306664 0.605 0.605 0.605 0.84279672 0.25501228 0.255 0.255 3.9164438e-05 0.049999998 0.05 -0.25 -0.25 -0.24999936 -0.1 -0.1 -0.305 -0.305 -0.305 0.185 -0.03 
0.325 0.325 -0.465 -0.465 -0.465 -1.305 -1.305 -1.305 -1.305 -2.375 -2.375 -2.375 -2.375 -2.3513918 -2.04 -2.04 -2.04 -2.04 -2.22 -1.685 -1.685 -1.685 -1.685 -0.87 -0.86999953 0.32999823 0.415 0.415 0.415 0.415 0.17451926 -0.06 0.52587412 0.605 0.605 0.605 0.255 0.255 0.255 0.255 0.05 0.05 0.05 0.55484076 0.555 -0.097055821 -0.1 -0.1 -0.30499732 -0.305 0.185 0.185 -0.03 
0.325 -0.465 -0.465 -0.465 -0.465 -0.465 -1.3119866 -2.205 -2.205 -2.375 -2.375 -2.375 -2.375 -2.3749207 -2.04 -2.04 -2.04 -2.048133 -2.22 -2.22 -1.685 -1.685 -0.87 -0.87 -0.87 -0.87 0.415 0.415 0.415 0.415 -0.06 -0.06 -0.06 0.60432708 0.605 0.605 0.255 0.255 0.255 0.255 0.05 0.05 0.05 0.555 0.555 0.55501586 0.835 0.835 0.255 0.255 0.185 0.185 -0.03 
-0.45758092 -0.465 -0.465 -0.465 -0.465 -0.465 -2.205 -2.205 -2.205 -2.2959911 -2.375 -2.375 -2.375 -2.374995 -2.04 -2.04 -2.04 -2.22 -2.22 -2.22 -1.6850267 -1.684995 -0.87 -0.87 -0.87 -0.87 0.41490866 0.415 0.415 -0.059890762 -0.06 -0.06 -0.06 -0.06 0.60120918 -0.91 -0.91 -0.88983765 0.255 0.255 0.050000181 0.05 0.54031702 0.555 0.555 0.8349999 0.835 0.835 0.255 0.255 0.02 0.02 0.215 
-0.465 -0.465 -0.465 -0.465 -0.465 -0.465 -2.205 -2.205 -2.205 -2.205 -2.1950052 -2.195 -2.195 -2.195 -2.0400001 -2.0207697 -2.01 -2.01 -2.2196129 -2.22 -2.2199999 -0.87000118 -0.87 -0.87 -0.87 -0.87 -0.86906573 0.415 0.41498377 -0.06 -0.06 -0.06 -0.06 -0.06 -0.91 -0.91 -0.91 -0.91 -0.91 -0.90999615 -1.055 -1.055 -1.0549998 -0.465 -0.465 -0.465 -0.595 -0.595 -0.4 -0.4 0.02 0.020000424 0.215 
-0.465 -0.465 -0.465 -0.465 -0.465 -0.465 -2.205 -2.205 -2.205 -2.195 -2.195 -2.195 -2.195 -2.195 -2.1462344 -2.01 -2.01 -2.01 -2.01 -2.01 -2.0200268 -0.87000001 -0.87 -0.87 -0.87 -0.8916667 -1.5589188 0.14607098 -0.057657548 -0.06 -0.06 -0.06 -0.06 -0.060001861 -0.91 -0.91 -0.91 -0.91 -0.91 -0.97745366 -1.055 -1.055 -1.055 -0.465 -0.465 -0.465 -0.595 -0.595 -0.4 -0.4 -1.3 0.13142618 0.215 
-0.465 -0.465 -0.465 -0.465 -0.465 -0.46500052 -2.2049996 -2.205 -2.2045849 -2.195 -2.195 -2.195 -2.195 -2.195 -2.1861263 -2.01 -2.01 -2.01 -2.01 -2.01 -2.01 -1.4559236 -1.559999 -1.56 -1.56 -1.56 -1.56 -1.56 -0.98207224 -0.97498917 -0.97499998 -0.975 -0.975 -0.97499995 -0.91 -0.91 -0.91 -0.91 -0.91 -1.055 -1.055 -1.055 -1.055 -1.0549997 -0.46720443 -1.84 -0.59500013 -1.9265586 -0.40135811 -1.3 -1.3 -1.301559 -1.375 
-0.465 -0.465 -0.465 -0.465 -0.465 -0.46511115 -2.2049062 -2.2049994 -2.195 -2.195 -2.195 -2.195 -2.195 -2.195 -2.1914798 -2.01 -2.01 -2.01 -2.01 -2.01 -2.01 -1.56 -1.56 -1.56 -1.56 -1.56 -1.56 -1.56 -0.97516149 -0.975 -0.975 -0.975 -0.975 -0.975 -0.95719001 -0.91 -0.91 -0.91 -0.91 -1.055 -1.055 -1.055 -1.055 -1.0552011 -1.84 -1.84 -1.8406894 -1.95 -1.95 -1.3 -1.3 -1.375 -1.375 
-0.465 -0.465 -0.465 -0.465 -0.46500001 -0.46732053 -2.2029343 -2.1961284 -2.195 -2.195 -2.195 -2.195 -2.195 -2.195 -2.1917613 -2.01 -2.01 -2.01 -2.01 -2.01 -1.9459282 -1.56 -1.56 -1.56 -1.56 -1.56 -1.56 -1.56 -0.97500235 -0.975 -0.975 -0.975 -0.975 -0.975 -0.975 -1.1404391 -1.4986572 -1.6945257 -1.7243395 -1.1067443 -1.055 -1.055 -1.055 -1.8399373 -1.84 -1.8452827 -2.7249963 -1.95 -1.95 -2.6000044 -2.6 -2.6 -1.3750005 
-0.465 -0.465 -0.465 -0.465 -0.46500177 -0.47951092 -2.1919451 -2.1950027 -2.195 -2.195 -2.195 -2.195 -2.195 -2.195 -2.19068 -2.01 -2.01 -2.01 -2.01 -2.01 -1.5600019 -1.56 -1.56 -1.56 -1.56 -1.56 -1.56 -1.56 -0.97500016 -0.975 -0.975 -0.975 -0.975 -0.975 -0.97500015 -1.74 -1.74 -1.74 -1.74 -1.86 -1.86 -1.86 -1.86 -2.7249974 -2.725 -2.725 -2.725 -2.7249986 -2.62 -2.62 -2.6 -2.6 -2.5763028 
-0.465 -0.465 -0.465 -0.46500013 -0.46504859 -0.51223386 -2.1926899 -2.1950001 -2.195 -2.195 -2.195 -2.195 -2.195 -2.195 -2.18872 -2.0100001 -2.01 -2.01 -2.01 -2.0072916 -1.56 -1.56 -1.56 -1.56 -1.56 -1.56 -1.56 -1.56 -0.97500013 -0.975 -0.975 -0.975 -0.975 -0.975 -1.7399993 -1.74 -1.74 -1.74 -1.74 -1.86 -1.86 -1.86 -1.86 -2.0934598 -2.725 -2.725 -2.725 -2.6200012 -2.62 -2.62 -2.58 -2.58 -2.58 
-0.465 -0.465 -0.46500008 -0.46500395 -0.46547625 -0.64150659 -2.1946819 -2.195 -2.195 -2.195 -2.195 -2.195 -2.195 -2.195 -2.1860649 -2.0100044 -2.01 -2.01 -2.0099995 -1.5691177 -1.56 -1.56 -1.56 -1.56 -1.56 -1.56 -1.56 -1.56 -0.97500055 -0.975 -0.975 -0.975 -0.975 -0.85055337 -1.7399997 -1.74 -1.74 -1.74 -1.74 -1.86 -1.86 -1.86 -1.86 -1.86 -2.725 -2.725 -2.725 -2.62 -2.62 -2.62 -2.58 -2.58 -2.58 
-0.46500001 -0.46500012 -0.46500165 -0.46504662 -0.46785243 -1.4720749 -2.1949008 -2.195 -2.195 -2.195 -2.195 -2.195 -2.195 -2.1949997 -2.1829083 -2.0100676 -2.01 -2.01 -2.0076701 -1.5600383 -1.56 -1.56 -1.56 -1.56 -1.56 -1.56 -1.56 -1.5599997 -0.97500367 -0.975 -0.97499988 -0.81994507 -0.805 -0.805 -0.805 -1.74 -1.74 -1.74 -1.74 -1.86 -1.86 -1.86 -1.86 -1.86 -2.7249847 -2.725 -2.7249999 -2.62 -2.62 -2.62 -2.58 -2.58 -2.58 
