interpolatedSpi/07-07|22_2.tif
NCOLS 53
NROWS 52
XLLCORNER -116.03883
YLLCORNER 28.596182
DX 0.49850594
DY 0.49788537
NODATA_VALUE -9999
0.5 0.5 -0.17425213 -0.6 -0.44 -0.24 0.12 -0.115 -0.28048346 0.625 0.61 2.045 1.3000012 1.315 1.275 1.275 1.275 1.37 1.28 1.28 1.28 1.2799944 0.695 0.29 0.29 0.29 -0.54999797 -0.55 -0.55 -0.33 -0.33 -0.33 -0.33 0.6449998 0.645 0.645 0.645 0.645 0.645 0.645 0.53122633 0.53020882 1.35 1.35 1.35 1.35 1.3500735 1.395 1.395 1.395 0.69500145 0.695 0.695 
0.49997267 -0.115 -0.0049990772 0.21472497 0.20513775 0.42 0.01 1.1938134 0.795 1.23 1.31 1.3 1.3 1.5791164 1.3150028 1.275 1.37 1.37 1.2801173 1.28 1.28 1.28 0.29421097 0.29 0.29 0.29 -0.48999995 -0.49 -0.33 -0.33 -0.33 -0.33 -0.33 0.64499986 0.645 0.645 0.645 0.645 0.64499997 0.79397871 1.6598717 1.3876151 1.35 1.35 1.35 1.35 1.35 1.395 1.395 1.395 1.3369553 0.695 0.695 
0.8799658 0.88 0.795 1.11 0.94 0.605 0.695 1.315 0.765 1.355 0.98 1.04 0.525 1.2 1.58 1.44 1.37 1.37 1.37 0.56020931 0.56 0.56 0.37 0.29 0.29 0.29 -0.49 -0.49 -0.49 -0.33 -0.33 -0.32999996 0.11529506 0.64424548 0.64169571 0.29325303 0.29 0.29 0.46230989 1.66 1.66 1.6596036 1.35 1.35 1.35 1.35 1.35 1.395 1.395 1.395 1.395 0.695 0.695 
0.78 0.88000019 1.8299809 2.33 1.27 1.5 1.815 1.35 1.27 1.3120431 1.485 1.11 1.01 1.2 -0.21 1.44 -0.53973635 -0.55365123 -1.285 0.56 0.56 -0.365 0.37 0.37 0.29 0.2899961 -0.49 -0.49 -0.49 0.05 0.34902936 0.595 0.595 0.59499976 0.29 0.29 0.29 0.29 1.66 1.66 1.66 1.66 1.35 1.35 1.35 1.35 1.35 1.3949994 1.395 1.395 1.395 0.69500098 0.695 
0.78 2.399999 1.83 1.9298523 1.27 1.57 1.2000511 2.425 1.24 1.9099997 1.4858492 1.279826 0.065 -0.21 -0.21 0.86266795 -0.555 -0.555 -1.285 -1.285 0.55999808 -0.365 0.025 -0.135 -0.155 -0.15467033 -0.49 -0.49 0.049999999 0.05 0.595 0.595 0.595 0.62705776 0.29 0.29 0.29 1.66 1.66 1.66 1.66 1.6598595 1.35 1.35 1.35 1.35 1.35 1.3504006 1.395 1.39497 0.725 0.725 0.725 
-0.75 1.545 1.345 1.11 1.175 1.745 1.85 1.9236165 1.305 0.315 -0.845 0.2 0.19999991 0.78 0.78 0.2298491 0.23 -0.205 -0.205 -1.2849992 -1.075 -1.075 -0.135 -0.155 -0.155 1.255 0.29 0.29 1.2448909 0.05 0.595 0.595 0.765 0.76514524 2.1549003 1.615 1.615 1.6460782 1.66 1.66 0.2068147 0.205 0.20500224 0.19574197 0.17512986 0.17500031 0.17500004 0.17500044 0.46199495 0.725 0.725 0.725 0.725 
-0.92499325 0.72 1.3839249 0.58 0.705 1.3 1.695 1.605 1.195 1.195 -0.845 0.06 -0.58499984 0.78 -0.39499648 -0.395 0.23 -0.42 -0.395 -0.395 -0.88885037 -0.68 -0.68 0.98999998 1.255 1.255 0.29 0.29 1.2449752 1.244544 1.1439988 0.765 0.765 2.155 2.155 1.6204464 1.615 1.615 1.8299925 0.20500226 0.205 0.205 0.20501276 0.17500273 0.175 0.175 0.175 0.17500013 0.385 0.72493262 0.725 0.725 0.725 
-0.925 0.905 1.425 0.56 0.47000516 0.765 1.225 1.17 0.305 0.88 0.88 5.2283045e-20 -0.585 -0.585 -0.39630358 -1.0644064 -1.13 -0.325 -0.45999993 -0.395 0.034202925 0.1 -0.635 0.515 0.51499342 0.005 0.485 0.48499993 0.82148926 0.82000001 1.145 0.9284434 1.245 2.155 2.1306144 1.625 1.625 1.83 1.83 0.205 0.205 0.20500002 0.66418404 0.66499998 0.175 0.175 0.175 0.38499201 0.385 0.385 0.725 0.725 0.725 
0.72976855 0.905 0.76 0.2 0.875 0.58 1.155 0.955 1.455 0.98451181 0.72 0.285 0.285 1.205 1.2049909 -1.204791 -1.205 -1.205 -0.34560796 -0.43500005 -0.675 -0.67499999 0.375 -0.2369756 0.056394534 0.005 0.83 0.485 1.0218621 1.025 0.84 2.02 1.4634614 1.38 1.3 1.255 1.205 0.23 1.6843281 0.20910667 1.125 0.59 0.66504151 0.665 0.66224201 0.175 1.025 0.38500001 0.385 0.385 0.385 0.649673 0.11 
-0.25 -0.25 1.25 0.22 0.225 0.59 0.41 0.545 0.735 0.86501605 1.52 1.565 1.205 1.205 0.24 0.22018117 -1.205 -1.2047605 -0.12 -0.435 -0.435 -0.46592006 0.375 1.3299819 1.33 1.33 0.83 1.34 1.34 1.025 1.025 2.0179042 0.915 1.38 0.975 1.255 1.205 1.475 1.685 -0.29242404 0.59000002 0.711222 0.92 0.665 0.665 1.025 1.025 1.025 0.385 0.385 0.12 0.12 0.12 
-0.25 -0.25 0.285 0.18 0.17 -0.02 0.24000001 0.86535314 1.105 0.45 1.105 0.49 1.5635683 0.24 0.24 0.2399204 -0.45 -0.43268005 -0.12 -0.395 -0.395 -0.655 -0.655 1.33 1.33 1.33 1.34 1.34 1.34 -0.13 -0.13 -0.12999828 0.515 0.515 0.34 -0.05 0.65 0.39000149 0.85 -0.325 -0.325 -0.16999642 0.92 0.665 0.73999969 0.34 0.25333774 0.25 0.045 0.045 0.12 0.12 0.12 
-0.25 -0.018991925 0.24019275 0.075009097 0.72 -0.275 0.24 0.865 1.104998 0.45725661 0.48999995 0.49 0.02 0.24 0.24 -0.44999998 -0.45 -0.44998122 -0.12 -0.395 -0.44605871 -0.655 -0.655 1.3299209 1.33 0.97827007 0.26 0.26 0.26000014 -0.13 -0.13 -0.255 -0.255 0.51499952 0.34 0.36499998 0.6363697 0.39 0.39 -0.32499999 -0.17 -0.17 -0.16999325 0.74 0.74 0.34 0.25 0.25 0.045 0.045 0.12 0.12 0.12 
1.49 0.89677695 0.9499714 0.94366814 0.71999494 -0.27497651 0.23999999 0.85730662 1.0884615 1.0878962 0.02 0.02 0.02 0.02 0.23996884 -0.45 -0.45 -0.44573917 -0.12 -0.39483771 0.16 0.16 0.16 0.16 1.3093066 0.26 0.26 0.26 0.26 0.25962868 -0.255 -0.255 -0.255 -0.255 0.365 0.365 0.365 0.38899874 0.38496794 -0.28 -0.28 -0.17000592 -0.089971587 0.73992006 0.74 0.34 0.25 0.25 0.045000001 0.045 0.11972791 0.12 -0.18257464 
1.49 0.95 0.95 0.95 0.95 0.94999949 0.23868181 0.53575788 1.0443384 0.021152106 0.02 0.02 0.02 0.02 0.019999884 -0.44999999 -0.44999995 -0.42736425 -0.12000369 0.16 0.16 0.16 0.16 0.16 0.16302664 -0.041469283 -0.25999989 -0.26 -0.26 -0.26 -0.255 -0.255 -0.25499972 -0.02 -0.02 0.365 0.019871938 0.01 -0.27999983 -0.28 -0.28 -0.28 -0.09 -0.09 -0.09 -0.087007592 0.20531148 0.205 0.205 0.205 0.205 0.53499991 0.535 
1.535 0.95 0.95 0.95 0.95 0.95 0.94999995 0.29548624 -0.13872444 -0.145 -0.145 -0.145 -0.145 -0.145 -0.145 0.42811069 -0.43584679 -0.40481176 0.15996468 0.16 0.16 0.16 0.16 0.16000009 0.3 0.3 0.29999921 -0.26 -0.26 -0.26031038 -0.415 -0.415 -0.02 -0.02 -0.02 0.0051942263 0.01 0.01 0.01 -0.28 -0.28 -0.28 -0.09 -0.09 -0.09 -0.09 0.20499999 0.205 0.205 0.205 0.205 0.535 0.535 
1.535 1.3172111 0.95 0.95 0.95 0.95 0.065173695 0.065 0.064999995 -0.145 -0.145 -0.145 -0.145 -0.145 -0.015944907 0.44 0.44 0.44 0.23477196 0.23499992 0.235 0.235 0.235 0.235 0.3 0.3 0.3 0.3 -0.26 -0.415 -0.415 -0.415 -0.020000035 -0.02 -0.02 -0.215 0.009702093 0.01 0.01 -0.28002235 -0.32487561 -0.42955168 -0.09 -0.09 -0.51867299 -0.52 -0.52 0.20255879 -1.2748106 -1.2799999 -1.2799997 -0.93477758 0.53499701 
1.535 0.81000856 0.86903263 0.95 0.95 0.0655229 0.065 0.065 0.065 0.06348668 -0.145 -0.145 -0.145 -0.14499993 0.44 0.44 0.44 0.44 0.23518312 0.235 0.235 0.235 0.235 0.235 0.3 0.3 0.3 0.3 0.2973993 -0.415 -0.415 -0.415 0.0099999897 -0.020019111 -0.215 -0.215 -0.215 -0.21800621 -0.40214738 -0.43 -0.43 -0.43 -0.675 -0.675 -0.52 -0.52 -0.52 -1.28 -1.28 -1.28 -1.28 -0.935 -0.935 
0.79039021 0.79 0.79 0.78999999 -0.07 0.064996518 0.065 0.065 0.065 0.065 -0.027652232 -0.1449798 -0.14499996 0.44 0.44 0.44 0.44 0.44 0.37216373 0.235 0.235 0.235 0.235 0.235 0.047362749 -0.30499672 -0.305 -0.305 -0.305 -0.41499998 0.0099999927 0.01 0.01 0.01 -0.215 -0.21500724 -0.49 -0.49 -0.43074919 -0.43 -0.43 -0.43 -0.675 -0.675 -0.54399934 -0.52 -0.52 -1.28 -1.28 -1.28 -1.2763007 -0.935 -0.935 
0.79 0.79 0.79 0.38501317 -0.07 -0.07 0.065 0.065 0.065 0.065 1.405 1.405 1.405 0.44 0.44 0.44 0.44 0.43982648 -0.38 -0.38 0.23499975 0.235 0.22587033 -0.14 -0.14148542 -0.305 -0.305 -0.305 -0.305 0.009967925 0.01 0.01 0.01 0.01 -0.48999903 -0.49 -0.49 -0.49 -0.48977345 -0.43 -0.43 -0.43 -0.675 -0.675 -0.675 -0.52 -0.52 -1.28 -1.28 -1.28 -0.935 -0.935 -0.935 
0.79 0.79 0.79 -0.07 -0.07 -0.07 -0.069999794 0.065 0.065 1.4036167 1.405 1.405 1.405 1.4043987 -0.40989353 -0.61 -0.61 -0.61 -0.38 -0.38 -0.38 -0.14 -0.14 -0.14 -0.14004622 -0.305 -0.305 -0.305 -0.305 -0.0013303135 0.0050004918 0.005 0.005 0.005 -0.37723614 -0.22000061 -0.22 -0.22 -0.22 -0.79994937 -0.8 -0.8 -0.675 -0.675 -1.0149986 -1.0149997 -0.145 -0.145 -0.49 -0.49 -0.49 -0.935 -0.040800239 
0.78999908 0.79 0.78999997 -0.07 -0.07 -0.07 -0.070000003 -0.38999987 0.063180732 1.4034857 1.405 1.405 1.405 1.401046 -0.61 -0.61 -0.61 -0.60999993 -0.38 -0.38 -0.38 -0.14 -0.14 -0.14 -0.305 -0.305 -0.21 -0.21 -0.21 -0.20882711 0.005 0.005 0.005 0.005 -0.10743831 -0.22 -0.22 -0.22 -0.22 -0.8 -0.8 -0.8 -0.80676472 -1.015 -1.015 -1.015 -0.145 -0.145 -0.49 -0.49 -0.49 -0.040000015 -0.04 
0.495 0.60528493 0.145 0.14493762 -0.07 -0.38814849 -0.39 -0.39 -0.39910947 -0.265 -0.265 -0.265 -0.265 -0.67998649 -0.68 -0.61000005 -0.61 -0.60393984 -0.38 -0.38 -0.38 -0.605 -0.605 -0.605 -0.305 -0.305 -0.21 -0.21 -0.21 -0.21000016 -0.4349972 -0.43499876 -0.0060587393 0.0045282896 -0.74414249 -0.745 -0.745 -0.745 -0.745 -0.8 -0.8 -0.8 -1.0031615 -1.015 -1.015 -1.0149999 -0.145 -0.145 -0.14501242 -0.49 -0.48998636 -0.185 -0.04 
-0.5548006 -0.55499988 0.145 0.145 0.145 -0.39 -0.39 -0.39 -0.415 -0.415 -0.265 -0.265 -0.265 -0.68 -0.68 -0.68 -0.68 -0.67996644 -0.38 -0.38 -0.38000001 -0.605 -0.605 -0.605 -0.305 -0.305 -0.21 -0.21 -0.21 -0.43246311 -0.435 -0.435 -0.435 -0.435 -0.74484703 -0.745 -0.745 -0.745 -0.745 -0.86999998 -0.87 -0.87 -0.87 -1.0149974 -0.68 -0.68 -0.68 -0.13 -0.13 -0.13 -0.185 -0.185 -0.185 
-0.555 -0.555 0.145 0.145 0.145 -0.38718794 -0.39 -0.415 -0.415 -0.415 -0.26501847 -0.265 -0.34671247 -0.67999993 -0.68 -0.68 -0.68 -0.51 -0.51 -0.51 -1.26 -1.2599995 -0.60500319 -0.605 -0.60510251 -0.92 -0.92 -0.91999831 -0.21011474 -1.0748725 -1.0749966 -1.0748883 -0.43609383 -0.43555231 -0.6902024 -0.74500019 -0.74662534 -1.23 -1.23 -0.87 -0.87 -0.87 -0.87 -0.68 -0.68 -0.68 -0.68 -0.13 -0.13 -0.13 -0.185 -0.185 -0.185 
-0.555 -0.555 0.145 0.145 0.145 0.145 -0.39935677 -0.415 -0.415 -0.415 -0.41497238 -0.365 -0.365 -0.365 -0.67814363 -0.68 -0.51113284 -0.51 -0.51 -0.51 -1.26 -1.26 -1.26 -1.26 -0.92 -0.92 -0.92 -0.92 -0.92 -1.075 -1.075 -1.075 -1.075 -1.0749989 -0.57 -1.23 -1.23 -1.23 -1.23 -1.2299981 -0.675 -0.675 -0.675 -0.59202106 -0.42 -0.42 -0.42 -0.13000001 -0.13000011 -0.245 -0.245 -0.23998662 -0.24 
-0.555 -0.555 -0.10765085 0.145 0.145 0.14499998 -0.54976044 -0.41542545 -0.415 -0.415 -0.36499993 -0.365 -0.365 -0.365 -0.365 -0.39084111 -0.51 -0.51 -0.51 -0.51 -1.2599942 -1.26 -1.26 -1.26 -0.92 -0.92 -0.92 -0.92 -0.92 -1.075 -1.075 -1.075 -1.075 -0.57 -0.57 -0.57051251 -1.23 -1.23 -0.86138007 -0.57500006 -0.675 -0.675 -0.675 -0.5947039 -0.42 -0.42 -0.42 -1.095 -0.25559092 -0.245 -0.245 -0.24 -0.24 
-1.46 -1.46 -1.46 -0.25741762 0.14358031 -0.55 -0.55 -0.55 -0.55 -0.055000004 -0.055 -0.36499998 -0.365 -0.365 -0.365 -0.36500919 -0.51 -0.51 -0.51 -0.51 -0.93272433 -1.26 -1.26 -1.2390637 -0.48048329 -0.92 -0.92 -0.92 -1.075 -1.075 -1.075 -1.075 -0.57 -0.57 -0.57 -0.57 -0.575 -0.575 -0.575 -0.575 -0.91 -0.91 -0.91 -0.8800006 -0.88 -0.88 -0.87999985 -1.095 -1.095 -0.24603568 -0.245 -0.23999952 -0.24 
-1.46 -1.46 -1.46 -1.4599658 -0.825 -0.78501048 -0.55 -0.55 -0.55 -0.055 -0.055 -0.055 -0.29 -0.29 -0.29 -0.28999998 -0.50824145 -0.51 -0.51 -0.51 -0.52132899 -0.4600022 -0.46 -0.46 -0.46 -0.46000001 -0.55 -0.55 -1.075 -1.075 -1.075 -1.075 -0.57 -0.57 -0.57 -0.57 -0.57499998 -0.575 -0.575 -0.5723021 -0.91 -0.91 -0.91 -0.88000139 -0.88 -0.88 -0.88 -1.095 -1.095 -1.0949999 -0.145 -0.145 -0.6 
-1.46 -1.46 -1.46 -0.82500146 -0.825 -0.825 -0.5500001 -0.55 -0.55 -0.055 -0.055 -0.055 -0.29 -0.29 -0.29 -0.23364193 0.45 0.45 0.44999752 -0.50457767 -0.46 -0.46 -0.46 -0.46 -0.46 -0.46006773 -0.55 -0.55 -0.55 -1.075 -1.075 -1.0747844 -0.57 -0.57 -0.57 0.135 0.135 0.04 0.04 0.04 0.325 -0.90961262 -0.90999433 -0.15 -0.15 -0.17766617 -0.87999843 -1.095 -1.095 -0.145 -0.145 -0.145 -0.6 
-1.46 -1.46 -1.46 -0.825 -0.825 -0.825 -0.825 -0.55 -0.55 -0.055 -0.055 -0.28060339 -0.29 -0.29 -0.29 0.45 0.45 0.45 0.45 0.45 -0.46 -0.46 -0.46 -0.46 -0.46 -0.54999969 -0.55 -0.55 -0.55 -0.74 -0.74 -0.74 -0.57 -0.57 -0.57 0.135 0.135 0.04 0.04 0.325 0.325 0.325 -0.15 -0.15 -0.15 -0.15 -0.13480274 0.035 0.035 0.035 -0.14499999 0.295 0.295 
-1.46 -1.46 -1.4591157 -0.825 -0.825 -0.825 -0.825 -0.67267812 -0.665 -0.66395271 -0.055000008 -0.28999665 -0.29 -0.29 -0.28999744 0.45 0.45 0.45 0.45 0.45 1.5539319 -0.46 -0.46 -0.46 -0.45982905 -0.54994824 -0.55 -0.55 -0.55 -0.74 -0.74 -0.74 -0.73997828 -0.57 0.135 0.135 0.135 0.13499626 0.040019436 0.325 0.325 0.325 -0.14997116 -0.15 -0.15 -0.15 0.034999281 0.035 0.035 0.035 0.295 0.295 0.295 
-1.04 -1.0400007 -0.82534156 -0.825 -0.825 -0.825 -0.66503405 -0.665 -0.665 -0.665 -0.25000001 -0.25 -0.25 -0.25 0.44676922 0.45 0.45 0.45 0.45 1.6399993 1.64 1.64 0.36999986 0.37 0.37 0.37 0.29059217 -0.55 -1.0849781 -1.085 -1.085 -1.085 -1.085 0.365 0.365 0.365 0.365 0.365 0.405 0.405 0.405 0.405 0.405 -0.035173354 -0.035 -0.035 -0.035 0.035 0.035 0.035 0.29495904 0.295 0.295 
-1.04 -1.04 -1.0349346 -0.43500078 -0.43500009 -0.43522449 -0.665 -0.665 -0.665 -0.665 -0.25 -0.25 -0.25 -0.25 -0.25 0.45 0.45 0.45 1.6399997 1.64 1.64 1.64 0.37 0.37 0.37 0.37 0.37 0.36980388 -1.0847046 -1.085 -1.085 -1.085 -1.0848813 0.18359148 0.36481216 0.365 0.365 0.365 0.405 0.405 0.405 0.405 0.405 -0.035 -0.035 -0.035 -0.035 -0.0022666322 0.035 -0.80551661 -0.815 -0.485 -0.485 
-1.04 -1.04 -0.43507663 -0.435 -0.435 -0.435 -0.49341903 -0.665 -0.665 -0.665 -0.25 -0.25 -0.25 -0.25 -0.25 0.44947696 0.45 1.6396511 1.64 1.64 1.64 1.64 0.84047973 0.37 0.37 0.37 0.37 0.36951146 -0.32 -0.32 -0.32 -0.32 -0.32 0.045 0.045 0.045 0.045 0.045 0.2 0.2 0.2 0.2 0.2 -0.035964458 -0.035000202 -0.035000002 -0.035066956 -0.043168859 -0.815 -0.815 -0.815 -0.48500185 -0.485 
-1.0399984 -0.20657158 -0.43499997 -0.435 -0.435 -0.435 -0.435 -0.66490207 -0.665 -0.665 -0.25 -0.25 -0.25 -0.25 1.4269075 1.465 1.465 1.6399955 1.64 1.64 1.64 1.64 1.6399999 0.37 0.37 0.37 0.37 0.039999672 0.039999833 -0.036616748 -0.32 -0.32 -0.32 0.045000001 0.045 0.045 0.045 0.045081274 0.2 0.2 0.2 0.2 0.19997778 -0.43 -0.43 -0.43 -0.43 -0.43003105 -0.815 -0.815 -0.815 -0.81499999 -0.79536086 
-0.19 -0.19 -0.16045906 -0.435 -0.435 -0.435 -0.435 -0.435 -0.66489835 0.80999998 0.81 0.81 0.8074844 1.4649975 1.465 1.465 1.465 1.465 1.6399977 1.6205112 1.45 1.45 1.45 1.1718413 0.30717145 -0.029012236 -0.31242527 0.04 0.04 0.04 0.04 0.04 0.027137177 0.1637093 0.165 0.165 0.165 0.165 0.14552247 -0.089999479 -0.09 -0.09 -0.09 -0.51499975 -0.43000002 -0.43 -0.43 -0.53 -0.81499543 -0.815 -0.815 -0.8 -0.8 
-0.19 -0.19 0.315 0.315 0.315 -0.43475017 -0.435 -0.435 0.81 0.81 0.81 0.81 0.81 1.465 1.465 1.465 1.465 1.465 1.45 1.45 1.45 1.45 1.45 -0.4149999 -0.415 -0.415 -0.415 0.039999998 0.04 0.04 0.04 0.04 0.05 0.05 0.165 0.165 0.165 -0.084957425 -0.085 -0.09 -0.09 -0.09 -0.089999948 -0.515 -0.515 -0.515 -0.53 -0.53 -0.53 -0.15 -0.15 -0.8 -0.8 
-0.19 -0.19 0.315 0.315 0.315 0.315 0.31499964 0.25 0.80947274 0.81 0.81 0.81 0.81 1.4568295 1.465 1.465 1.465 1.465 1.45 1.45 1.45 1.45 1.45 -0.415 -0.415 -0.415 -0.415 -0.41499819 0.04 0.04 0.04 0.049999476 0.05 0.05 0.05 0.165 -0.084999997 -0.085 -0.085 -0.085131559 0.20926801 0.265 0.265 -0.515 -0.515 -0.515 -0.53 -0.53 -0.53 -0.15 -0.15 -0.15 -1.1215293 
-0.485 -0.48499768 0.315 0.315 0.315 0.315 0.25 0.25 0.25 0.81 0.81 0.81 0.81 0.81020362 1.465 1.465 1.465 1.465 1.4500002 1.45 1.45 1.45 -0.086450149 -0.415 -0.415 -0.415 -0.415 -0.73999973 -0.74 -0.73999999 0.031628878 0.05 0.05 0.05 0.049999895 -0.059999998 -0.085 -0.085 -0.085 -0.084999997 0.265 0.265 0.265 0.03 0.03 0.03 -0.12003993 -0.53 -0.53 -0.15 -0.15 -0.15 -1.1549986 
-0.485 -0.485 0.315 0.315 0.315 0.25 0.25 0.25 0.25 0.74860388 0.81 0.81 0.81 0.81000531 2.1799177 2.18 2.18 2.18 1.3928531 1.175 1.175 1.175 1.175 -0.415 -0.415 -0.415 -0.41502144 -0.74 -0.74 -0.74 -0.74 0.04989868 -0.011871818 -0.06 -0.06 -0.06 -0.08679176 -0.56499001 -0.565 -0.565 0.26450653 -0.36499998 -0.365 0.03 0.03 0.029999365 -0.12 -0.12 -0.38 -0.38 -0.38 -0.235 -0.655 
-0.485 -0.485 -0.015 -0.015 -0.015 0.25 0.25 0.25 0.25 0.45 0.45 0.45 0.45 0.57191715 2.18 2.18 2.18 2.18 1.4 1.175 1.175 1.175 1.175 -0.015 -0.015000158 -0.41499941 -0.74 -0.74 -0.74 -0.74 -0.74 -0.74 -0.14091067 -0.06 -0.06 -0.06 -0.565 -0.565 -0.565 -0.565 -0.365 -0.365 -0.365 -0.24003942 -0.24 -0.12053939 -0.12 -0.12 -0.37999621 -0.38 -0.235 -0.235 -0.655 
-0.485 -0.015000002 -0.015 -0.015 -0.015 -0.015 0.25310516 0.65 0.65 0.45 0.45 0.45 0.45 0.45040971 2.18 2.18 2.18 2.1447571 1.4 1.4 1.175 1.175 -0.015 -0.015 -0.015 -0.015 -0.74 -0.74 -0.74 -0.74 -0.74 -0.74 -0.74 -0.060688104 -0.06 -0.06 -0.565 -0.565 -0.565 -0.565 -0.365 -0.365 -0.365 -0.24 -0.24 -0.23997507 0.2 0.2 0.415 0.415 -0.235 -0.235 -0.655 
-0.019413884 -0.015 -0.015 -0.015 -0.015 -0.015 0.65 0.65 0.65 0.54295164 0.45 0.45 0.45 0.45002579 2.18 2.18 2.18 1.4 1.4 1.4 1.1750112 1.1749927 -0.015 -0.015 -0.015 -0.015 -0.73994847 -0.74 -0.74 -0.74 -0.74 -0.74 -0.74 -0.74 -0.063299327 -1.21 -1.21 -1.1988372 -0.565 -0.565 -0.36500018 -0.365 -0.2436344 -0.24 -0.24 0.19999984 0.2 0.2 0.415 0.415 0.16 0.16 -0.275 
-0.015 -0.015 -0.015 -0.015 -0.015 -0.015 0.65 0.65 0.65 0.65 1.3799732 1.38 1.38 1.38 2.1799964 1.5454002 1.19 1.19 1.3996129 1.4 1.4 -0.014998272 -0.015 -0.015 -0.015 -0.015 -0.015527115 -0.74 -0.74 -0.74 -0.74 -0.74 -0.74 -0.74 -1.21 -1.21 -1.21 -1.21 -1.21 -1.2099983 -1.46 -1.46 -1.4599999 -1.05 -1.05 -1.05 -0.71 -0.71 -0.735 -0.735 0.16 0.15999905 -0.275 
-0.015 -0.015 -0.015 -0.015 -0.015 -0.015 0.65 0.65 0.65 1.38 1.38 1.38 1.38 1.38 1.3299165 1.19 1.19 1.19 1.19 1.19 1.2000268 -0.01499999 -0.015 -0.015 -0.015000002 -0.02991548 -0.48925568 -0.70595696 -0.74 -0.74 -0.74 -0.74 -0.74 -0.74000103 -1.21 -1.21 -1.21 -1.21 -1.21 -1.3262994 -1.46 -1.46 -1.46 -1.05 -1.05 -1.05 -0.71 -0.71 -0.735 -0.735 -0.025000014 -0.26120879 -0.275 
-0.015 -0.015 -0.015 -0.015 -0.015 -0.014999801 0.64999985 0.65 0.68029907 1.38 1.38 1.38 1.38 1.38 1.3708864 1.19 1.19 1.19 1.19 1.19 1.19 -0.41210195 -0.48999933 -0.49 -0.49 -0.49 -0.49 -0.49 -1.4065659 -1.4199919 -1.42 -1.42 -1.42 -1.4199998 -1.21 -1.21 -1.21 -1.21 -1.21 -1.46 -1.46 -1.46 -1.46 -1.4599998 -1.0502325 -1.195 -0.71000005 -0.51345998 -0.73480285 -0.025 -0.025 -0.027598331 -0.15 
-0.015 -0.015 -0.015 -0.015 -0.015 -0.014957518 0.64996413 0.65004417 1.3799991 1.38 1.38 1.38 1.38 1.38 1.3763847 1.19 1.19 1.19 1.19 1.19 1.19 -0.49 -0.49 -0.49 -0.49 -0.49 -0.49 -0.49 -1.4197433 -1.42 -1.42 -1.42 -1.42 -1.42 -1.36246 -1.21 -1.21 -1.21 -1.21 -1.46 -1.46 -1.46 -1.46 -1.4599321 -1.195 -1.195 -1.1907068 -0.51 -0.51 -0.025 -0.025 -0.15 -0.15 
-0.015 -0.015 -0.015 -0.015 -0.014999996 -0.014113132 0.64923116 1.2976243 1.38 1.38 1.38 1.38 1.38 1.38 1.3766737 1.19 1.19 1.19 1.19 1.19 0.95079853 -0.49 -0.49 -0.49 -0.49 -0.49 -0.49 -0.49 -1.4199963 -1.42 -1.42 -1.42 -1.42 -1.42 -1.42 -1.3613169 -1.5965279 -1.7251404 -1.7447032 -1.4532507 -1.46 -1.46 -1.46 -1.1950212 -1.195 -1.1941942 -1.0599974 -0.51 -0.51 0.33988005 0.34 0.34 -0.14999978 
-0.015 -0.015 -0.015 -0.015 -0.014999325 -0.0094538355 0.70845471 1.3797993 1.38 1.38 1.38 1.38 1.38 1.38 1.3755632 1.19 1.19 1.19 1.19 1.19 -0.48999275 -0.49 -0.49 -0.49 -0.49 -0.49 -0.49 -0.49 -1.4199997 -1.42 -1.42 -1.42 -1.42 -1.42 -1.4200001 -1.755 -1.755 -1.755 -1.755 -1.355 -1.355 -1.355 -1.355 -1.0600004 -1.06 -1.06 -1.06 -1.0599906 -0.21 -0.21 0.34 0.34 0.1460869 
-0.015 -0.015 -0.014999999 -0.014999949 -0.014981427 0.0033852585 1.3287742 1.3799905 1.38 1.38 1.38 1.38 1.38 1.38 1.3735502 1.1900001 1.19 1.19 1.19 1.1798888 -0.49 -0.49 -0.49 -0.49 -0.49 -0.49 -0.49 -0.49 -1.4199998 -1.42 -1.42 -1.42 -1.42 -1.42 -1.7549997 -1.755 -1.755 -1.755 -1.755 -1.355 -1.355 -1.355 -1.355 -1.2753808 -1.06 -1.06 -1.06 -0.21000951 -0.21 -0.21 0.06 0.06 0.06 
-0.015 -0.014999998 -0.014999969 -0.014998491 -0.014816186 0.086869535 1.3771484 1.3799976 1.38 1.38 1.38 1.38 1.38 1.38 1.3708234 1.1900045 1.19 1.19 1.1899981 -0.45596054 -0.49 -0.49 -0.49 -0.49 -0.49 -0.49 -0.49 -0.49 -1.4199991 -1.42 -1.42 -1.42 -1.42 -1.5115054 -1.7549999 -1.755 -1.755 -1.755 -1.755 -1.355 -1.355 -1.355 -1.355 -1.355 -1.06 -1.06 -1.06 -0.21000001 -0.21 -0.21 0.06 0.06 0.06 
-0.014999994 -0.014999955 -0.01499937 -0.014982033 -0.013709994 0.76399351 1.3794848 1.3799985 1.38 1.38 1.38 1.38 1.38 1.3799996 1.3675815 1.1900694 1.19 1.1899999 1.1813018 -0.48985715 -0.49 -0.49 -0.49 -0.49 -0.49 -0.49 -0.49 -0.49000054 -1.4199942 -1.42 -1.4200001 -1.534011 -1.545 -1.545 -1.545 -1.755 -1.755 -1.755 -1.755 -1.355 -1.355 -1.355 -1.355 -1.355 -1.0600052 -1.06 -1.0599996 -0.21000006 -0.21 -0.20999985 0.06 0.06 0.06 
