interpolatedSpi/07-08|20_1.tif
NCOLS 53
NROWS 52
XLLCORNER -116.03883
YLLCORNER 28.596182
DX 0.49850594
DY 0.49788537
NODATA_VALUE -9999
-0.265 -0.265 -0.065504269 -0.335 0.025 0.435 0.23 1.025 0.41067374 -0.17 -0.25 0.565 0.74500124 0.76 0.785 0.785 0.785 -0.295 -0.215 -0.215 -0.215 -0.21499186 0.63 0.46 0.46 0.46 0.63500007 0.635 0.635 0.19 0.19 0.19 0.19 0.30999998 0.31 0.31 0.31 0.31 0.31 0.31 0.4584015 0.4601259 0.955 0.955 0.955 0.955 0.95611884 1.64 1.64 1.64 1.1900009 1.19 1.19 
-0.26499245 -0.095 0.11500005 0.1951916 0.49495316 0.525 0.595 0.49005263 0.165 0.705 0.755 0.745 0.745 1.1287662 0.76000469 0.785 -0.295 -0.295 -0.21510431 -0.215 -0.215 -0.215 0.4002569 0.46 0.46 0.46 0.61499999 0.615 0.19 0.19 0.19 0.19 0.19 0.30999998 0.31 0.31 0.31 0.31 0.31000001 0.31722996 0.35000017 0.88158803 0.955 0.955 0.955 0.955 0.955 1.64 1.64 1.64 1.6026856 1.19 1.19 
-0.16999771 -0.17 0.16 0.74 0.905 0.475 0.87 0.62 1.255 1.09 1.09 1.14 -0.395 0.8 1.13 1.05 -0.295 -0.295 -0.295 -0.57989389 -0.58 -0.58 -0.675 0.46 0.46 0.46 0.615 0.615 0.615 0.19 0.19 0.18999999 0.067242983 0.30982074 0.31065155 0.37935856 0.38 0.38 0.37622679 0.35 0.35 0.35077364 0.955 0.955 0.955 0.955 0.955 1.64 1.64 1.64 1.64 1.19 1.19 
-0.635 -0.17000007 -0.53997319 0.41 0.19 0.75 1.085 0.705 0.95 1.1994022 1.715 1.67 1.295 0.8 0.45 1.05 -0.84538668 -0.85960413 -0.47 -0.58 -0.58 -0.88 -0.675 -0.675 0.46 0.46000077 0.615 0.615 0.615 0.22 0.063626848 -0.065 -0.065 -0.064999638 0.38 0.38 0.38 0.38 0.35 0.35 0.35 0.35000002 0.955 0.955 0.955 0.955 0.955 1.6399914 1.64 1.64 1.64 1.1899195 1.19 
-0.635 -0.58999991 -0.54 0.16588012 0.19 0.74 1.209946 0.38 0.34 0.60499981 0.95110033 1.1149835 1 0.45 0.45 0.82145029 -0.86 -0.86 -0.47 -0.47 -0.5800006 -0.88 -0.73 -0.475 -0.5 -0.49994359 0.615 0.615 0.22 0.22 -0.065 -0.065 -0.065 0.1103729 0.38 0.38 0.38 0.35 0.35 0.35 0.35 0.35006226 0.955 0.955 0.955 0.955 0.955 0.96109735 1.64 1.6398693 -1.275 -1.275 -1.275 
-0.685 -0.525 0.084999986 0.105 0.555 0.21 0.115 0.14892759 0.235 0.125 0.495 -0.76 -0.75999884 0.005 0.005 -0.23505432 -0.235 -0.6 -0.6 -0.46999978 -0.9 -0.9 -0.475 -0.5 -0.5 -0.26 0.24 0.24 0.33498975 0.22 -0.065 -0.065 0.865 0.8649091 -0.0049376067 0.41 0.41 0.36856237 0.35 0.35 0.99419555 0.995 0.99500098 -0.27784581 -0.2998613 -0.29999967 -0.29999996 -0.29999952 0.20635896 -1.275 -1.275 -1.275 -1.275 
-1.3199939 -0.915 -1.3562245 -0.595 -0.385 -0.085 0.185 0.52 -0.905 -0.905 0.495 -0.61 -0.43500009 0.005 -0.45999861 -0.46 -0.235 -0.6 -0.215 -0.215 -1.0437358 -1.205 -1.205 -0.195 -0.26 -0.26 0.24 0.24 0.33500845 0.33515557 0.38030801 0.865 0.865 -0.0049999999 -0.0050000001 -0.15642564 0.41 0.41 -0.72996049 0.9949976 0.995 0.995 0.995003 -0.29999894 -0.3 -0.3 -0.3 -0.29999958 0.41 -1.2746661 -1.275 -1.275 -1.275 
-1.32 -1.95 -1.59 -1.83 -1.7650037 -0.83 -0.3 -1.05 -1.37 -0.915 -0.915 -0.78 -0.435 -0.435 -0.45982848 0.077346612 0.13 -0.545 -0.22499999 -0.215 0.058733089 0.15 -0.215 -0.34 -0.34000226 -0.515 0.065 0.065000062 0.4794919 0.48 0.38 0.07667593 -0.15 -0.005 -0.0044295788 -0.63 -0.63 -0.72999999 -0.73 0.995 0.995 0.99500001 -0.10737728 -0.11000001 -0.3 -0.3 -0.3 0.40997297 0.41 0.41 -1.275 -1.275 -1.275 
-1.8726251 -1.95 -2.15 -1.75 -0.855 -0.89 -0.645 -1.05 -0.46 -0.96637288 -0.445 -0.61 -0.61 -0.895 -0.89499713 -0.54810478 -0.55 -0.55 -0.49615151 -1.005 -0.925 -0.92499999 0.04 -0.11450869 -0.49736462 -0.515 0.01 0.065 -0.31279182 -0.315 0.14 0.13 0.087188479 0.21 0.015 -0.05 -0.095 -0.305 -0.6998176 0.99694174 1.43 0.16 -0.10998778 -0.11 -0.11106942 -0.3 0.24499997 0.41 0.41 0.41 0.41 -1.1305714 -0.255 
-1.44 -1.44 -1.935 -1.685 -0.865 -1.09 -0.78 -1.27 -1.09 -1.0950543 -0.95 -0.635 -0.895 -0.895 -0.59 -0.58945138 -0.55 -0.55002618 -0.66 -1.005 -1.005 -0.9946933 0.04 -0.0099990532 -0.01 -0.01 0.01 -0.265 -0.265 -0.315 -0.315 0.12983879 0.045 0.21 0.255 -0.05 -0.095 -0.45 -0.7 0.2296845 0.16000006 0.088368819 -0.035 -0.11 -0.11 0.245 0.245 0.245 0.41 0.41 -0.115 -0.115 -0.11500005 
-1.44 -1.44 -1.685 -1.55 -1.605 -1.185 -1.335 -0.60050374 -0.805 -1.195 -0.46 -0.895 -0.63534652 -0.59 -0.59 -0.59001384 -0.71 -0.70737577 -0.66 -1.075 -1.075 -0.465 -0.465 -0.01 -0.01 -0.01 -0.265 -0.265 -0.265 -0.035 -0.035 -0.034999868 -0.03 -0.03 0.22 -0.29 -0.37 0.43000362 0.09 0.245 0.245 0.20499921 -0.035 -0.11 0.26499942 -0.415 -0.70090857 -0.705 -0.25 -0.25 -0.115 -0.115 -0.115 
-1.44 -1.5457625 -1.6273907 -1.7249993 -1.77 -1.84 -1.335 -0.6 -0.80499829 -1.1906793 -0.89500039 -0.895 -0.955 -0.59 -0.59 -0.71 -0.71 -0.70999715 -0.66 -1.075 -0.95520841 -0.465 -0.465 -0.010018328 -0.01 -0.12012105 -0.345 -0.345 -0.34499999 -0.035 -0.035 0.36 0.36 -0.029999315 0.22 0.80999928 -0.17356562 0.43 0.43 0.245 0.205 0.205 0.2050004 0.265 0.265 -0.415 -0.705 -0.705 -0.25 -0.25 -0.115 -0.115 -0.115 
-0.475 -0.98726354 -0.93002332 -0.9357627 -1.7700003 -1.8399983 -1.335 -0.60904743 -0.7908734 -0.81518394 -0.955 -0.955 -0.955 -0.955 -0.5900517 -0.71 -0.71 -0.70935442 -0.66 -1.0748238 -0.475 -0.475 -0.475 -0.475 -0.018147943 -0.345 -0.345 -0.345 -0.345 -0.34465183 0.36 0.36 0.36 0.36 0.81 0.81 0.81 0.44881819 0.43705991 1.37 1.37 0.20506266 1.1849685 0.26508861 0.265 -0.415 -0.705 -0.705 -0.24999999 -0.25 -0.11548977 -0.115 0.056482165 
-0.475 -0.93 -0.93 -0.93 -0.93 -0.93000038 -1.3362927 -0.98725196 -0.75318503 -0.95484818 -0.955 -0.955 -0.955 -0.955 -0.95500003 -0.71 -0.70999999 -0.70657034 -0.6600001 -0.475 -0.475 -0.475 -0.475 -0.475 -0.45759793 0.074625271 0.25999987 0.26 0.26 0.26 0.36 0.36 0.3600003 0.61 0.61 0.81 1.3009568 1.315 1.37 1.37 1.37 1.37 1.185 1.185 1.185 1.1738655 0.64124412 0.65 0.65 0.65 0.64999998 0.49499987 0.495 
-0.885 -0.93 -0.93 -0.93 -0.93 -0.93 -0.93000003 -1.1160706 -0.9985743 -1 -1 -1 -1 -1 -1 -0.56887983 -0.70761513 -0.70315328 -0.47502328 -0.475 -0.475 -0.475 -0.475 -0.47499973 0.33 0.33 0.3299999 0.26 0.26 0.25979976 0.16 0.16 0.61 0.61 0.61 1.2020666 1.315 1.315 1.315 1.37 1.37 1.37 1.185 1.185 1.185 1.185 0.65 0.65 0.65 0.65 0.65 0.495 0.495 
-0.885 -0.90175299 -0.93 -0.93 -0.93 -0.93 -0.99998626 -1 -1 -1 -1 -1 -1 -1 -0.90293292 -0.56 -0.56 -0.56 -0.24570082 -0.24500023 -0.245 -0.245 -0.245 -0.245 0.33 0.33 0.33 0.33 0.26 0.16 0.16 0.16 0.60999996 0.61 0.61 1.085 1.3146955 1.315 1.315 1.3699535 1.2772571 1.0609265 1.185 1.185 0.77128071 0.77 0.77 0.64999241 0.64501747 0.645 0.645 0.47500307 0.49499996 
-0.885 -0.85580571 -0.89204655 -0.93 -0.93 -0.99995864 -1 -1 -1 -1 -1 -1 -1 -0.99999995 -0.56 -0.56 -0.56 -0.56 -0.24528138 -0.245 -0.245 -0.245 -0.245 -0.245 0.32999999 0.33 0.33 0.33 0.32938165 0.16 0.16 0.16 0.59999999 0.61004808 1.085 1.085 1.085 1.0741894 1.0761124 1.06 1.06 1.06 0.92 0.92 0.77 0.77 0.77 0.645 0.645 0.645 0.645 0.475 0.475 
-0.85501064 -0.855 -0.855 -0.855 -0.595 -0.99998955 -1 -1 -1 -1 -1.009085 -1.0000016 -1 -0.56 -0.56 -0.56 -0.56 -0.56 -0.56150401 -0.245 -0.245 -0.245 -0.245 -0.245 0.11046314 0.24500046 0.245 0.245 0.245 0.16000002 0.59999999 0.6 0.6 0.6 1.085 1.0849741 0.1 0.1 1.048013 1.06 1.06 1.06 0.92 0.92 0.79322516 0.77 0.77 0.645 0.645 0.645 0.64317716 0.475 0.475 
-0.855 -0.855 -0.855 -0.73256212 -0.595 -0.595 -1 -1 -1 -1 -1.12 -1.12 -1.12 -0.56 -0.56 -0.56 -0.56 -0.56012312 -0.975 -0.975 -0.2450003 -0.245 -0.25132991 -0.505 -0.49824808 0.245 0.245 0.245 0.245 0.59996385 0.6 0.6 0.6 0.6 0.10000346 0.1 0.1 0.1 0.10339079 1.06 1.06 1.06 0.92 0.92 0.92 0.77 0.77 0.64499999 0.645 0.645 0.475 0.475 0.475 
-0.855 -0.855 -0.855 -0.595 -0.595 -0.595 -0.59500062 -1 -1 -1.1198761 -1.12 -1.12 -1.12 -1.1196511 -1.1630197 -1.305 -1.305 -1.305 -0.975 -0.975 -0.975 -0.505 -0.505 -0.505 -0.50490055 0.037812897 0.245 0.245 0.245 0.75847236 0.80497984 0.805 0.805 0.805 0.20473586 0.34999943 0.35 0.35 0.35 -0.0098535935 -0.01 -0.01 0.92 0.92 0.31500253 0.31499974 -0.41 -0.41 -0.305 -0.305 -0.305 0.475 0.15029059 
-0.85499915 -0.855 -0.85499999 -0.595 -0.595 -0.595 -0.595 -0.88000003 -0.99952019 -1.1202222 -1.12 -1.12 -1.12 -1.120363 -1.305 -1.305 -1.305 -1.3049999 -0.975 -0.975 -0.975 -0.505 -0.505 -0.505 -0.15 -0.15 -0.035000002 -0.035 -0.035 -0.030417536 0.805 0.805 0.805 0.805 0.57762483 0.35 0.35 0.35 0.35 -0.01 -0.01 -0.01 0.00022574341 0.315 0.315 0.315 -0.41 -0.41 -0.305 -0.305 -0.305 0.14999998 0.15 
-0.58 -0.69677186 -0.33 -0.33007688 -0.595 -0.878351 -0.88 -0.88 -0.92554733 -1.365 -1.365 -1.365 -1.365 -1.7399878 -1.74 -1.3050003 -1.305 -1.296305 -0.975 -0.975 -0.975 -0.92 -0.92 -0.92 -0.15 -0.15 -0.035 -0.035 -0.035 -0.03499952 0.62500114 0.62500051 0.80047597 0.80480703 -0.20883898 -0.21 -0.21 -0.21 -0.21 -0.01 -0.01 -0.01 0.29710368 0.315 0.315 0.31499979 -0.41 -0.41 -0.40999622 -0.305 -0.30499575 -0.21 0.15 
-0.44002659 -0.43999998 -0.33 -0.33 -0.33 -0.88 -0.88 -0.88 -1.005 -1.005 -1.365 -1.365 -1.365 -1.74 -1.74 -1.74 -1.74 -1.7399135 -0.975 -0.975 -0.975 -0.92 -0.92 -0.92 -0.15 -0.15 -0.035 -0.035 -0.035 0.61755845 0.625 0.625 0.625 0.625 -0.20958798 -0.21 -0.21 -0.21 -0.21 -1.2149997 -1.215 -1.215 -1.215 0.31499076 -0.89 -0.89 -0.89 -1.19 -1.19 -1.19 -0.21 -0.21 -0.21 
-0.44 -0.44 -0.33 -0.33 -0.33 -0.8771091 -0.88 -1.005 -1.005 -1.005 -1.3649557 -1.365 -1.6877643 -1.74 -1.74 -1.74 -1.74 -2.05 -2.05 -2.05 -1.5 -1.4999996 -0.92000283 -0.92 -0.92004465 -1.36 -1.36 -1.3599968 -0.035214129 -0.014872457 -0.014996593 -0.014888264 0.62390617 0.62444769 -0.061700187 -0.2100001 -0.21085456 -0.465 -0.465 -1.215 -1.215 -1.215 -1.215 -0.89 -0.89 -0.89 -0.89 -1.19 -1.19 -1.19 -0.21 -0.21 -0.21 
-0.44 -0.44 -0.33 -0.33 -0.33 -0.33 -0.92678385 -1.005 -1.005 -1.005 -1.005417 -1.76 -1.76 -1.76 -1.7401179 -1.74 -2.0479342 -2.05 -2.05 -2.05 -1.5 -1.5 -1.5 -1.5 -1.36 -1.36 -1.36 -1.36 -1.36 -0.015 -0.015 -0.015 -0.015 -0.015001116 -0.545 -0.465 -0.465 -0.465 -0.465 -0.465003 -1.295 -1.295 -1.295 -1.3535708 -1.475 -1.475 -1.475 -1.19 -1.1899996 -0.82 -0.82 -0.96981511 -0.97 
-0.44 -0.44 -0.36970228 -0.33 -0.33 -0.33000003 -1.8085715 -1.0075369 -1.005 -1.005 -1.76 -1.76 -1.76 -1.76 -1.76 -1.7584038 -2.05 -2.05 -2.05 -2.05 -1.5000043 -1.5 -1.5 -1.5 -1.36 -1.36 -1.36 -1.36 -1.36 -0.45837385 -0.015 -0.015 -0.015 -0.545 -0.545 -0.54493788 -0.465 -0.465 -0.44248886 -0.42500001 -1.295 -1.295 -1.295 -1.3509002 -1.475 -1.475 -1.475 -1.28 -0.82573156 -0.82 -0.82 -0.97 -0.97 
-1.39 -1.39 -1.39 -0.59577114 -0.3321249 -1.81 -1.81 -1.81 -1.81 -1.79 -1.79 -1.76 -1.76 -1.76 -1.76 -1.7600184 -2.05 -2.05 -2.05 -2.05 -1.7400022 -1.5 -1.5 -1.4972521 -1.3934415 -1.36 -1.36 -1.36 -0.615 -0.615 -0.615 -0.61499748 -0.545 -0.545 -0.545 -0.545 -0.425 -0.425 -0.425 -0.425 -1.06 -1.06 -1.06 -0.93000261 -0.93 -0.93 -0.93000017 -1.28 -1.28 -0.82056048 -0.82 -0.96999945 -0.97 
-1.39 -1.39 -1.39 -1.3900207 -1.775 -1.7800896 -1.81 -1.81 -1.81 -1.79 -1.79 -1.79 -2.245 -2.245 -2.245 -2.245 -2.0487452 -2.05 -2.05 -2.05 -2.0416543 -1.3950003 -1.395 -1.395 -1.395 -1.395 -0.53000001 -0.53 -0.615 -0.615 -0.615 -0.615 -0.54499999 -0.545 -0.545 -0.54499878 -0.42499999 -0.425 -0.425 -0.42357428 -1.06 -1.06 -1.06 -0.93000603 -0.93 -0.93 -0.93 -1.28 -1.28 -1.2799999 -0.86 -0.86 -0.46 
-1.39 -1.39 -1.39 -1.7749991 -1.775 -1.775 -1.81 -1.81 -1.81 -1.79 -1.79 -1.79 -2.245 -2.245 -2.245 -2.1779796 -1.365 -1.365 -1.3650018 -2.0461309 -1.395 -1.395 -1.395 -1.395 -1.395 -1.394349 -0.53 -0.53 -0.53 -0.615 -0.615 -0.61474254 -0.53 -0.53 -0.53 0.115 0.115 -0.1 -0.1 -0.1 -0.135 -1.0597099 -1.0599918 0.04 0.04 0.0032381028 -0.92999803 -1.28 -1.28 -0.86 -0.86 -0.86 -0.46 
-1.39 -1.39 -1.39 -1.775 -1.775 -1.775 -1.775 -1.81 -1.81 -1.79 -1.79 -2.2268066 -2.245 -2.245 -2.245 -1.365 -1.365 -1.365 -1.365 -1.365 -1.395 -1.395 -1.395 -1.395 -1.395 -0.53000295 -0.53 -0.53 -0.53 -0.215 -0.215 -0.215 -0.53 -0.53 -0.53 0.115 0.115 -0.1 -0.1 -0.135 -0.135 -0.135 0.04 0.04 0.04 0.04 0.053143573 0.2 0.2 0.2 -0.85999998 0.195 0.195 
-1.39 -1.39 -1.3905361 -1.775 -1.775 -1.775 -1.775 -1.3275545 -1.305 -1.3058327 -1.79 -2.2449175 -2.245 -2.245 -2.244997 -1.365 -1.365 -1.365 -1.365 -1.365 -0.67096406 -1.395 -1.395 -1.395 -1.3948332 -0.53000309 -0.53 -0.53 -0.53 -0.215 -0.215 -0.215 -0.215039 -0.53 0.115 0.115 0.115 0.11499129 -0.10000239 -0.135 -0.135 -0.135 0.039989376 0.04 0.04 0.04 0.20000069 0.2 0.2 0.2 0.195 0.195 0.195 
-1.545 -1.5449997 -1.7747894 -1.775 -1.775 -1.775 -1.3051 -1.305 -1.305 -1.305 -1.26 -1.26 -1.26 -1.26 -1.3645155 -1.365 -1.365 -1.365 -1.365 -0.64000043 -0.64 -0.64 -0.58500013 -0.585 -0.585 -0.585 -0.58025279 -0.53 0.57495474 0.575 0.575 0.575 0.575 0.305 0.305 0.305 0.305 0.305 -0.035 -0.035 -0.035 -0.035 -0.035 0.26965329 0.27 0.27 0.27 0.2 0.2 0.2 0.19500079 0.195 0.195 
-1.545 -1.545 -1.5423627 -1.2300011 -1.2300001 -1.2300735 -1.305 -1.305 -1.305 -1.305 -1.26 -1.26 -1.26 -1.26 -1.26 -1.365 -1.365 -1.365 -0.64000018 -0.64 -0.64 -0.64 -0.585 -0.585 -0.585 -0.585 -0.585 -0.5849872 0.57499614 0.575 0.575 0.575 0.57499845 0.43822188 0.30513795 0.305 0.305 0.305 -0.035 -0.035 -0.035 -0.035 -0.035 0.27 0.27 0.27 0.27 0.23726663 0.2 0.6202583 0.625 0.915 0.915 
-1.545 -1.545 -1.2300399 -1.23 -1.23 -1.23 -1.2490497 -1.305 -1.305 -1.305 -1.26 -1.26 -1.26 -1.26 -1.26 -1.3649178 -1.365 -0.64021257 -0.64 -0.64 -0.64 -0.64 -0.60537511 -0.585 -0.585 -0.585 -0.585 -0.58418564 0.565 0.565 0.565 0.565 0.565 0.54 0.54 0.54 0.54 0.54 -0.095 -0.095 -0.095 -0.095 -0.094999999 0.26887683 0.26999976 0.27 0.26992203 0.26066884 0.625 0.625 0.625 0.91499838 0.915 
-1.5449999 -1.4812672 -1.23 -1.23 -1.23 -1.23 -1.23 -1.3049681 -1.305 -1.305 -1.26 -1.26 -1.26 -1.26 -1.1084428 -1.105 -1.105 -0.64001197 -0.64 -0.64 -0.64 -0.64 -0.64000011 -0.585 -0.585 -0.585 -0.585 0.29500023 0.29500012 0.35246256 0.565 0.565 0.565 0.54 0.54 0.54 0.54 0.54029123 -0.095 -0.095 -0.095 -0.095 -0.09496514 -0.19 -0.19 -0.19 -0.19 -0.18993427 0.625 0.625 0.625 0.62500007 0.74750366 
-1.48 -1.48 -1.4604672 -1.23 -1.23 -1.23 -1.23 -1.23 -1.3049686 -1.545 -1.545 -1.545 -1.5443236 -1.1050002 -1.105 -1.105 -1.105 -1.105 -0.64000564 -0.68820907 -1.11 -1.11 -1.11 -0.97682255 -0.59220327 -0.63074663 -0.66271543 0.295 0.295 0.295 0.295 0.295 0.30292641 0.96068453 0.97 0.97 0.97 0.97 -0.0095264352 0.35999918 0.36 0.36 0.36 0.10499913 -0.18999992 -0.19 -0.19 0.11 0.62499175 0.625 0.625 0.745 0.745 
-1.48 -1.48 -1.66 -1.66 -1.66 -1.2301432 -1.23 -1.23 -1.545 -1.545 -1.545 -1.545 -1.545 -1.105 -1.105 -1.105 -1.105 -1.105 -1.11 -1.11 -1.11 -1.11 -1.11 -0.67500002 -0.675 -0.675 -0.675 0.295 0.295 0.295 0.295 0.295 0.14 0.14 0.96999999 0.97 0.97 0.54007323 0.54 0.36 0.36 0.36 0.36000006 0.105 0.105 0.105 0.11 0.11 0.11 0.445 0.445 0.745 0.745 
-1.48 -1.48 -1.66 -1.66 -1.66 -1.66 -1.659999 -1.48 -1.5449388 -1.545 -1.545 -1.545 -1.545 -1.1104886 -1.105 -1.105 -1.105 -1.105 -1.11 -1.11 -1.11 -1.11 -1.11 -0.675 -0.675 -0.675 -0.675 -0.67499608 0.295 0.295 0.295 0.14000813 0.14 0.14 0.14 0.97 0.54000001 0.54 0.54 0.53526386 0.67612818 0.735 0.735 0.105 0.105 0.105 0.11 0.11 0.11 0.445 0.445 0.445 0.86274313 
-1.355 -1.355001 -1.66 -1.66 -1.66 -1.66 -1.48 -1.48 -1.48 -1.545 -1.545 -1.545 -1.545 -1.5448632 -1.105 -1.105 -1.105 -1.105 -1.1099999 -1.11 -1.11 -1.11 -0.75163598 -0.675 -0.675 -0.675 -0.675 -0.73499995 -0.735 -0.73499999 0.28393954 0.14 0.14 0.14 0.14000007 0.215 0.54 0.54 0.54 0.54 0.735 0.735 0.735 1.39 1.39 1.39 0.72494011 0.11 0.11 0.445 0.445 0.445 0.87499778 
-1.355 -1.355 -1.66 -1.66 -1.66 -1.48 -1.48 -1.48 -1.48 -1.5378784 -1.545 -1.545 -1.545 -1.544999 -1.434962 -1.435 -1.435 -1.435 -1.5428675 -1.2 -1.2 -1.2 -1.2 -0.675 -0.675 -0.675 -0.67500396 -0.735 -0.735 -0.735 -0.735 0.13993893 0.18218533 0.215 0.215 0.215 0.5397376 0.47000146 0.47 0.47 0.73515666 0.93499999 0.935 1.39 1.39 1.3899972 0.725 0.725 0.74 0.74 0.74 0.39 0.08 
-1.355 -1.355 -1.59 -1.59 -1.59 -1.48 -1.48 -1.48 -1.48 -1.66 -1.66 -1.66 -1.66 -1.6441437 -1.435 -1.435 -1.435 -1.435 -1.555 -1.2 -1.2 -1.2 -1.2 -1.155 -1.1549998 -0.67500071 -0.735 -0.735 -0.735 -0.735 -0.55020954 -0.37 0.14539302 0.215 0.215 0.215 0.47 0.47 0.47 0.47 0.935 0.935 0.935 1.3148802 1.315 0.72765201 0.725 0.725 0.74000006 0.74 0.39 0.39 0.08 
-1.355 -1.59 -1.59 -1.59 -1.59 -1.59 -1.4862103 -2.28 -2.28 -1.66 -1.66 -1.66 -1.66 -1.6599467 -1.435 -1.435 -1.435 -1.440422 -1.555 -1.555 -1.2 -1.2 -1.155 -1.155 -1.155 -1.155 -0.735 -0.735 -0.735 -0.735 -0.37 -0.37 -0.37 0.21440803 0.215 0.215 0.47 0.47 0.47 0.47 0.935 0.935 0.935 1.315 1.315 1.3149773 0.915 0.915 0.755 0.755 0.39 0.39 0.08 
-1.5877931 -1.59 -1.59 -1.59 -1.59 -1.59 -2.28 -2.28 -2.28 -1.9481501 -1.66 -1.66 -1.66 -1.6599974 -1.435 -1.435 -1.435 -1.555 -1.555 -1.555 -1.2000177 -1.1999997 -1.155 -1.155 -1.155 -1.155 -0.73502985 -0.735 -0.735 -0.37008394 -0.37 -0.37 -0.37 -0.37 0.21311467 -0.115 -0.115 -0.10487556 0.47 0.47 0.93499959 0.935 1.3039514 1.315 1.315 0.91500014 0.915 0.915 0.755 0.755 0.305 0.305 0.24 
-1.59 -1.59 -1.59 -1.59 -1.59 -1.59 -2.28 -2.28 -2.28 -2.28 -1.5800023 -1.58 -1.58 -1.58 -1.4349999 -1.367694 -1.33 -1.33 -1.5545852 -1.555 -1.5549999 -1.1550001 -1.155 -1.155 -1.155 -1.155 -1.1546946 -0.735 -0.73498752 -0.37 -0.37 -0.37 -0.37 -0.37 -0.115 -0.115 -0.115 -0.115 -0.115 -0.11499621 0.61 0.61 0.61000022 1.25 1.25 1.25 0.79 0.79 0.44 0.44 0.305 0.30499986 0.24 
-1.59 -1.59 -1.59 -1.59 -1.59 -1.59 -2.28 -2.28 -2.28 -1.58 -1.58 -1.58 -1.58 -1.58 -1.5141006 -1.33 -1.33 -1.33 -1.33 -1.33 -1.340743 -1.155 -1.155 -1.155 -1.155 -1.1722706 -1.7041382 -0.8670796 -0.37179999 -0.37 -0.37 -0.37 -0.37 -0.36999944 -0.115 -0.115 -0.115 -0.115 -0.115 0.22226832 0.61 0.61 0.61 1.25 1.25 1.25 0.79 0.79 0.44 0.44 0.72999999 0.26703048 0.24 
-1.59 -1.59 -1.59 -1.59 -1.59 -1.5900002 -2.2799998 -2.28 -2.2509461 -1.58 -1.58 -1.58 -1.58 -1.58 -1.5680085 -1.33 -1.33 -1.33 -1.33 -1.33 -1.33 -1.6197356 -1.7049992 -1.705 -1.705 -1.705 -1.705 -1.705 -0.70849815 -0.69499615 -0.69499999 -0.695 -0.695 -0.69499958 -0.115 -0.115 -0.115 -0.115 -0.115 0.60999991 0.61 0.61 0.61 0.61000028 1.2504008 1.5 0.79000007 0.93740501 0.4404381 0.73 0.73 0.72927247 0.695 
-1.59 -1.59 -1.59 -1.59 -1.59 -1.5900441 -2.2799628 -2.2799576 -1.5800009 -1.58 -1.58 -1.58 -1.58 -1.58 -1.575243 -1.33 -1.33 -1.33 -1.33 -1.33 -1.33 -1.705 -1.705 -1.705 -1.705 -1.705 -1.705 -1.705 -0.69527881 -0.695 -0.695 -0.695 -0.695 -0.695 -0.53608006 -0.115 -0.115 -0.115 -0.115 0.61 0.61 0.61 0.61 0.610228 1.5 1.5 1.4964902 0.94 0.94 0.73 0.73 0.695 0.695 
-1.59 -1.59 -1.59 -1.59 -1.59 -1.5909202 -2.2791612 -1.6589904 -1.58 -1.58 -1.58 -1.58 -1.58 -1.58 -1.5756233 -1.33 -1.33 -1.33 -1.33 -1.33 -1.3833932 -1.705 -1.705 -1.705 -1.705 -1.705 -1.705 -1.705 -0.69500405 -0.695 -0.695 -0.695 -0.695 -0.695 -0.695 -0.124733 -0.13982289 -0.14808241 -0.14933356 0.57400395 0.60999999 0.61 0.61 1.4999289 1.5 1.4928668 0.30500304 0.94 0.94 0.87991713 0.88 0.88 0.69500008 
-1.59 -1.59 -1.59 -1.59 -1.5900007 -1.595754 -2.2146459 -1.5801925 -1.58 -1.58 -1.58 -1.58 -1.58 -1.58 -1.5741621 -1.33 -1.33 -1.33 -1.33 -1.33 -1.7049984 -1.705 -1.705 -1.705 -1.705 -1.705 -1.705 -1.705 -0.69500028 -0.695 -0.695 -0.695 -0.695 -0.695 -0.69499989 -0.15 -0.15 -0.15 -0.15 0.05 0.05 0.05 0.05 0.30500346 0.305 0.305 0.305 0.3050023 0.5 0.5 0.88 0.88 0.75500968 
-1.59 -1.59 -1.59 -1.5900001 -1.5900193 -1.6084146 -1.6268345 -1.5800091 -1.58 -1.58 -1.58 -1.58 -1.58 -1.58 -1.5715135 -1.3300001 -1.33 -1.33 -1.33 -1.332257 -1.705 -1.705 -1.705 -1.705 -1.705 -1.705 -1.705 -1.705 -0.69500023 -0.695 -0.695 -0.695 -0.695 -0.695 -0.1500005 -0.15 -0.15 -0.15 -0.15 0.05 0.05 0.05 0.05 0.1188234 0.305 0.305 0.305 0.49999782 0.5 0.5 0.7 0.7 0.7 
-1.59 -1.59 -1.59 -1.5900016 -1.5901872 -1.6273544 -1.5824634 -1.5800023 -1.58 -1.58 -1.58 -1.58 -1.58 -1.58 -1.5679255 -1.3300059 -1.33 -1.33 -1.3300004 -1.6974019 -1.705 -1.705 -1.705 -1.705 -1.705 -1.705 -1.705 -1.705 -0.69500095 -0.695 -0.695 -0.695 -0.695 -0.069104295 -0.14999991 -0.15 -0.15 -0.15 -0.15 0.05 0.05 0.05 0.05 0.05 0.305 0.305 0.305 0.5 0.5 0.5 0.7 0.7 0.7 
-1.59 -1.59 -1.5900007 -1.5900183 -1.5909416 -1.6155457 -1.5804134 -1.5800014 -1.58 -1.58 -1.58 -1.58 -1.58 -1.5799995 -1.5636598 -1.3300913 -1.33 -1.33 -1.3319416 -1.7049681 -1.705 -1.705 -1.705 -1.705 -1.705 -1.705 -1.705 -1.7049994 -0.69500633 -0.695 -0.69499939 0.084835088 0.16 0.16 0.16 -0.15 -0.15 -0.15 -0.15 0.05 0.05 0.05 0.05 0.05 0.30499548 0.305 0.3050001 0.49999999 0.5 0.50000011 0.7 0.7 0.7 
