interpolatedSpi/07-09|23_2.tif
NCOLS 53
NROWS 52
XLLCORNER -116.03883
YLLCORNER 28.596182
DX 0.49850594
DY 0.49788537
NODATA_VALUE -9999
[rows 0 to 32 of 52, columns 0 to 52 of 53]
0.35 0.35 0.79339032 1.0233333 0.98666667 0.69666667 0.89333333 1.0633333 -0.073705589 -0.1 0.4 -0.05 -0.54994565 0.11 0.0033333333 0.0033333333 0.0033333333 -0.80666667 -0.32 -0.32 -0.32 -0.32000215 -0.54333333 -0.33 -0.33 -0.33 -0.9933407 -0.99333333 -0.99333333 -1.0666667 -1.0666667 -1.0666667 -1.0666667 -0.45000012 -0.45 -0.45 -0.45 -0.45 -0.45 -0.44999997 0.49317418 0.50298791 -0.85333333 -0.85333333 -0.85333333 -0.85333333 -0.85153666 0.24666667 0.24666667 0.24666667 0.89666532 0.89666667 0.89666667
0.34998549 0.023333333 0.96666564 0.86188298 1.0164738 0.11333333 0.096666667 0.00033491869 -0.43 -0.096666667 -0.2 -0.55 -0.55 -0.86341 0.10998726 0.0033333333 -0.80666667 -0.80666667 -0.32063455 -0.32 -0.32 -0.32 -0.38281255 -0.33 -0.33 -0.33 0.1433333 0.14333333 -1.0666667 -1.0666667 -1.0666667 -1.0666667 -1.0666667 -0.45000009 -0.45 -0.45 -0.45 -0.45 -0.45000001 -0.36937929 0.086605942 -0.73927217 -0.85333333 -0.85333333 -0.85333333 -0.85333333 -0.85333333 0.24666667 0.24666667 0.24666667 0.30056529 0.89666667 0.89666667
0.67332078 0.67333333 0.08 0.21 0.08 1.0466667 0.52 0.80666667 0.023333333 -0.10666667 -0.18666667 -0.06 -0.47666667 -1.1333333 -0.86666667 -1.32 -0.80666667 -0.80666667 -0.80666667 -0.32999709 -0.33 -0.33 -1.3333333 -0.33 -0.33 -0.33 0.14333333 0.14333333 0.14333333 -1.0666667 -1.0666667 -1.0666667 -1.1693653 -0.45085419 -0.45068258 -0.52266135 -0.52333333 -0.52333333 -0.44661141 0.086666662 0.086666666 0.085464643 -0.85333333 -0.85333333 -0.85333333 -0.85333333 -0.85333333 0.24666667 0.24666667 0.24666667 0.24666667 0.89666667 0.89666667
0.63666667 0.67333319 -0.030146038 -0.056666667 -0.92 -0.4 0.023333333 -0.33333333 0.21 -0.32163138 -0.39 -0.96666667 -0.74666667 -1.1333333 -0.91 -1.32 -0.90652123 -0.9032656 -0.64666667 -0.33 -0.33 -0.42 -1.3333333 -1.3333333 -0.33 -0.32999764 0.14333333 0.14333333 0.14333333 -1.1033333 -1.2002664 -1.28 -1.28 -1.2799994 -0.52333333 -0.52333333 -0.52333333 -0.52333333 0.086666667 0.086666667 0.086666667 0.086666631 -0.85333333 -0.85333333 -0.85333333 -0.85333333 -0.85333333 0.24665279 0.24666667 0.24666667 0.24666667 0.89656672 0.89666667
0.63666667 -0.17333307 -0.03 -0.47347969 -0.92 -0.86333333 -0.82998915 -0.66333333 -0.93333333 -0.54333359 -0.86347879 -1.0032412 -0.36 -0.91 -0.91 -1.1777839 -0.90333333 -0.90333333 -0.64666667 -0.64666667 -0.33000019 -0.42 -0.59 -0.2 -0.33 -0.32997493 0.14333333 0.14333333 -1.1033333 -1.1033333 -1.28 -1.28 -1.28 -1.1825705 -0.52333333 -0.52333333 -0.52333333 0.086666667 0.086666667 0.086666667 0.086666667 0.086490661 -0.85333335 -0.85333333 -0.85333333 -0.85333333 -0.85333333 -0.84354197 0.24666667 0.2465586 -2.1633333 -2.1633333 -2.1633333
-0.90333333 -0.46 -0.36666666 -0.18666667 -0.096666667 -1.1633333 -1.3866667 -1.2940593 -0.97666667 -1.3933333 -1.2866667 -1.0733333 -1.0733329 -1.3866667 -1.3866667 -1.0698036 -1.07 -1.1633333 -1.1633333 -0.64666665 -0.50333333 -0.50333333 -0.2 -0.33 -0.33 -0.22333333 -0.99 -0.99 -1.1299975 -1.1033333 -1.28 -1.28 -0.76333333 -0.76332741 -0.7066706 -0.16333333 -0.16333333 0.0093234597 0.086666667 0.086666667 -1.7343926 -1.7366667 -1.7366641 -0.87625477 -0.87666409 -0.87666666 -0.87666667 -0.87666667 -1.896945 -2.1633333 -2.1633333 -2.1633333 -2.1633333
-0.14666353 -0.42333333 0.19382429 -0.41666667 -0.64333333 -1.73 -1.13 -1.11 -1.3333333 -1.3333333 -1.2866667 -1.8233333 -1.5266665 -1.3866667 -0.25667005 -0.25666667 -1.07 -0.19 -0.63333333 -0.63333333 -0.29911855 -0.07 -0.07 -0.28 -0.22333333 -0.22333333 -0.99 -0.99 -1.1299949 -1.129907 -0.8771816 -0.76333333 -0.76333333 -0.70666667 -0.70666667 -0.56273603 -0.16333333 -0.16333333 -0.72331392 -1.7366653 -1.7366667 -1.7366667 -1.7366525 -0.87666921 -0.87666667 -0.87666667 -0.87666667 -0.87666729 -1.9266667 -2.1632864 -2.1633333 -2.1633333 -2.1633333
-0.14666667 -0.62 -0.41666667 -0.53333333 0.15662711 -1.2566667 -1.87 -1.28 -1.82 -1.8666667 -1.8666667 -0.76666667 -1.5266667 -1.5266667 -0.26538004 -0.63614874 -0.67333333 -0.35666667 -0.55666675 -0.63333333 -0.77653699 -0.72333333 -0.94333333 -0.57333333 -0.5733424 -1.2766667 -0.90333333 -0.90333336 -1.043637 -1.0433333 -0.87666667 -1.1496953 -0.68333333 -0.70666667 -0.72216318 -0.89666667 -0.89666667 -0.72333333 -0.72333333 -1.7366667 -1.7366667 -1.7366666 -1.3304006 -1.3333333 -0.87666667 -0.87666667 -0.87666667 -1.9266267 -1.9266667 -1.9266667 -2.1633333 -2.1633333 -2.1633333
-0.62505718 -0.62 -0.14 -0.59333333 0.07 -0.82333333 -0.63 -0.36666667 -1.37 -0.90748619 -0.4 -0.99333333 -0.99333333 -0.6 -0.60000241 0.018067622 0.02 0.02 -0.38719697 -1.45 -1.35 -1.35 -1.2266667 -1.0549903 -1.2057892 -1.2766667 -0.63333333 -0.90333333 -1.2446716 -1.2466667 -1.28 -1.4333333 -1.1395334 -1.3933333 -1.25 -1.59 -1.3266667 -0.27666667 -0.5998507 -1.7321136 -0.71666667 -0.80666667 -1.3332807 -1.3333333 -1.330763 -0.87666667 -0.80666667 -1.9266667 -1.9266667 -1.9266667 -1.9266667 -2.1218308 -0.33666667
-0.65333333 -0.65333333 0.11 0.033333333 -0.01 0.44 -0.65 -1.4866667 -0.97333333 -0.79009633 -1.2366667 -0.41333333 -0.6 -0.6 -0.85666667 -0.84464279 0.02 0.019954478 -0.15 -1.45 -1.45 -1.4371166 -1.2266667 -1.7433235 -1.7433333 -1.7433333 -0.63333333 -0.51666667 -0.51666667 -1.2466667 -1.2466667 -1.432227 -0.85 -1.3933333 -1.04 -1.59 -1.3266667 -1.0966667 -0.6 -0.61311729 -0.80666666 -0.88135901 -1.01 -1.3333333 -1.3333333 -0.80666667 -0.80666667 -0.80666667 -1.9266667 -1.9266667 -1.83 -1.83 -1.8299994
-0.65333333 -0.65333333 0.11333333 -0.19666667 -0.056666667 0.23333333 -0.86 -0.36798574 0.22666667 0.21 -0.05 -0.47333333 -0.41341349 -0.85666667 -0.85666667 -0.85661975 -0.45 -0.43425459 -0.15 -0.53666667 -0.53666667 -0.78333333 -0.78333333 -1.7433333 -1.7433333 -1.7433333 -0.51666667 -0.51666667 -0.51666667 -1.1466667 -1.1466667 -1.1466662 -1.4366667 -1.4366667 -2 -1.2666667 -1.43 -0.89667308 -1.14 -0.61333333 -0.61333333 -1.1166663 -1.01 -1.3333333 -0.75333334 -0.61 -1.058909 -1.06 -1.86 -1.86 -1.83 -1.83 -1.83
-0.65333333 -0.32234196 -0.018954723 0.24667155 0.08 0.01 -0.86 -0.36666667 0.22666171 0.21018465 -0.47333244 -0.47333333 -0.43666667 -0.85666667 -0.85666667 -0.45000001 -0.45 -0.44998293 -0.15 -0.53666667 -0.58510698 -0.78333333 -0.78333333 -1.7432941 -1.7433333 -1.4650174 -0.89666667 -0.89666667 -0.89666662 -1.1466667 -1.1466667 -0.87666667 -0.87666667 -1.4366682 -2 -1.6600002 -1.465278 -0.89666667 -0.89666667 -0.61333335 -1.1166667 -1.1166667 -1.116664 -0.75333333 -0.75333333 -0.61 -1.06 -1.06 -1.86 -1.86 -1.83 -1.83 -1.83
-0.19 -0.0074927439 -0.013339646 -0.011450558 0.079999606 0.010001652 -0.85999998 -0.3727393 0.18577993 0.22623145 -0.43666667 -0.43666667 -0.43666667 -0.43666667 -0.85660717 -0.45 -0.45 -0.44612652 -0.15 -0.5365543 -0.15666667 -0.15666667 -0.15666667 -0.15666667 -1.7157818 -0.89666667 -0.89666667 -0.89666667 -0.89666667 -0.89654236 -0.87666667 -0.87666667 -0.87666667 -0.87666667 -1.66 -1.66 -1.66 -0.934351 -0.90007145 -1.35 -1.35 -1.1166792 -1.2133176 -0.75337764 -0.75333333 -0.61 -1.06 -1.06 -1.86 -1.86 -1.8301088 -1.83 -1.426386
-0.19 -0.013333333 -0.013333333 -0.013333333 -0.013333333 -0.013333323 -0.85777289 -0.626496 0.07669792 -0.43595262 -0.43666667 -0.43666667 -0.43666667 -0.43666667 -0.43666611 -0.45000001 -0.44999995 -0.42942205 -0.1500042 -0.15666667 -0.15666667 -0.15666667 -0.15666667 -0.15666667 -0.13181025 -0.1428563 0.079999798 0.08 0.08 0.08 -0.87666664 -0.87666667 -0.87666581 -0.16333333 -0.16333333 -1.66 -0.75910234 -0.73333333 -1.3499996 -1.35 -1.35 -1.35 -1.2133333 -1.2133333 -1.2133333 -1.2091347 -0.82146806 -0.82 -0.82 -0.82 -0.82000002 -1.3433334 -1.3433333
-0.12666667 -0.013333333 -0.013333333 -0.013333333 -0.013333333 -0.013333333 -0.013333383 -0.23759847 0.33854614 0.34 0.34 0.34 0.34 0.34 0.33999999 1.0453167 -0.42601036 -0.40891967 -0.15666593 -0.15666667 -0.15666667 -0.15666667 -0.15666667 -0.1566655 0.99333333 0.99333333 0.99333205 0.08 0.08 0.081568579 0.86333333 0.86333333 -0.16333333 -0.16333333 -0.16333333 -0.64202504 -0.73333333 -0.73333333 -0.73333333 -1.35 -1.35 -1.35 -1.2133333 -1.2133333 -1.2133333 -1.2133333 -0.82000001 -0.82 -0.82 -0.82 -0.82 -1.3433333 -1.3433333
-0.12666667 -0.084473954 -0.013333333 -0.013333333 -0.013333333 -0.013333333 1.0231299 1.0233333 1.0233333 0.34 0.34 0.34 0.34 0.34 0.49883704 1.06 1.06 1.06 0.8402888 0.84333231 0.84333333 0.84333333 0.84333333 0.84333333 0.99333333 0.99333333 0.99333333 0.99333333 0.08 0.86333333 0.86333333 0.86333333 -0.16333324 -0.16333333 -0.16333333 0.37333333 -0.73186807 -0.73333333 -0.73333333 -1.3498819 -1.1146524 -0.56568451 -1.2133333 -1.2133333 -1.2864404 -1.2866667 -1.2866667 -0.8206316 -1.2019938 -1.2033333 -1.2033333 -1.1233667 -1.3433329
-0.12666667 0.58372763 0.29872839 -0.013333333 -0.013333333 1.0227208 1.0233333 1.0233333 1.0233333 1.018409 0.34 0.34 0.34 0.34000009 1.06 1.06 1.06 1.06 0.84352688 0.84333333 0.84333333 0.84333333 0.84333333 0.84333333 0.99333333 0.99333333 0.99333333 0.99333333 0.99286048 0.86333333 0.86333333 0.86333333 1.3566667 -0.16324205 0.37333333 0.37333333 0.37333333 0.37607238 -0.57405736 -0.56333333 -0.56333333 -0.56333333 -1.5966667 -1.5966667 -1.2866667 -1.2866667 -1.2866667 -1.2033333 -1.2033333 -1.2033333 -1.2033333 -1.1233333 -1.1233333
0.60295022 0.60333333 0.60333333 0.60333334 1.2233333 1.0233385 1.0233333 1.0233333 1.0233333 1.0233333 0.39324835 0.34000916 0.34000002 1.06 1.06 1.06 1.06 1.06 1.0728953 0.84333333 0.84333333 0.84333333 0.84333333 0.84333333 1.0453091 1.2566652 1.2566667 1.2566667 1.2566667 0.86333336 1.3566667 1.3566667 1.3566667 1.3566667 0.37333333 0.37334009 0.63 0.63 -0.54843279 -0.56333333 -0.56333333 -0.56333333 -1.5966667 -1.5966667 -1.3346653 -1.2866667 -1.2866667 -1.2033333 -1.2033333 -1.2033333 -1.2024755 -1.1233333 -1.1233333
0.60333333 0.60333333 0.60333333 0.89530058 1.2233333 1.2233333 1.0233333 1.0233333 1.0233333 1.0233333 1.0433333 1.0433333 1.0433333 1.06 1.06 1.06 1.06 1.0600744 1.5333333 1.5333333 0.84333361 0.84333333 0.84933863 1.09 1.0915004 1.2566667 1.2566667 1.2566667 1.2566667 1.3566565 1.3566667 1.3566667 1.3566667 1.3566667 0.6299991 0.63 0.63 0.63 0.62578721 -0.56333333 -0.56333333 -0.56333333 -1.5966667 -1.5966667 -1.5966667 -1.2866667 -1.2866667 -1.2033333 -1.2033333 -1.2033333 -1.1233333 -1.1233333 -1.1233333
0.60333333 0.60333333 0.60333333 1.2233333 1.2233333 1.2233333 1.223333 1.0233333 1.0233333 1.0433127 1.0433333 1.0433333 1.0433333 1.0433437 1.4242401 1.51 1.51 1.51 1.5333333 1.5333333 1.5333333 1.09 1.09 1.09 1.0898637 0.91397745 1.2566667 1.2566667 1.2566667 1.0480331 0.98003705 0.98 0.98 0.98 0.51696498 0.35666729 0.35666667 0.35666667 0.35666667 -1.3965526 -1.3966667 -1.3966667 -1.5966667 -1.5966667 -1.6099999 -1.6099999 -1.28 -1.28 -0.83 -0.83 -0.83 -1.1233333 -0.78030698
0.60333427 0.60333333 0.60333336 1.2233333 1.2233333 1.2233333 1.2233333 0.72333342 1.0221338 1.0433454 1.0433333 1.0433333 1.0433333 1.0442491 1.51 1.51 1.51 1.51 1.5333333 1.5333333 1.5333333 1.09 1.09 1.09 0.60333333 0.60333333 0.98333333 0.98333333 0.98333333 0.98331515 0.98 0.98 0.98 0.98 0.66850448 0.35666667 0.35666667 0.35666667 0.35666667 -1.3966667 -1.3966667 -1.3966667 -1.4033789 -1.61 -1.61 -1.61 -1.28 -1.28 -0.83 -0.83 -0.83 -0.78 -0.78
0.90666667 0.76506902 0.80666667 0.80678755 1.2233333 0.72622632 0.72333333 0.72333333 0.79742365 1.0566667 1.0566667 1.0566667 1.0566667 1.6566471 1.6566667 1.5100001 1.51 1.5106148 1.5333333 1.5333333 1.5333333 0.88666667 0.88666667 0.88666667 0.60333333 0.60333333 0.98333333 0.98333333 0.98333333 0.98333343 1.1166658 1.1166663 0.98343491 0.98014652 0.42063877 0.42 0.42 0.42 0.42 -1.3966667 -1.3966667 -1.3966667 -1.5982525 -1.61 -1.61 -1.61 -1.28 -1.28 -1.2799838 -0.83 -0.83000343 -0.90666667 -0.78
0.71337005 0.71333335 0.80666667 0.80666667 0.80666667 0.72333333 0.72333333 0.72333333 0.92666667 0.92666667 1.0566667 1.0566667 1.0566667 1.6566667 1.6566667 1.6566667 1.6566667 1.6566524 1.5333333 1.5333333 1.5333333 0.88666667 0.88666667 0.88666667 0.60333333 0.60333333 0.98333333 0.98333333 0.98333333 1.1151633 1.1166667 1.1166667 1.1166667 1.1166667 0.42034376 0.42 0.42 0.42 0.42 -0.38000026 -0.38 -0.38 -0.38 -1.6099983 -1.3866667 -1.3866667 -1.3866667 -1.2366667 -1.2366667 -1.2366667 -0.90666667 -0.90666667 -0.90666667
0.71333333 0.71333333 0.80666667 0.80666667 0.80666667 0.72377135 0.72333333 0.92666667 0.92666667 0.92666667 1.0566507 1.0566667 1.0512192 1.6566665 1.6566667 1.6566667 1.6566667 1 1 1 1.3066667 1.3066664 0.88666871 0.88666667 0.88665035 0.99333333 0.99333333 0.99333331 0.98333495 0.89337784 0.89333452 0.89337232 1.116285 1.1164739 0.54393198 0.41999993 0.41941912 0.24666667 0.24666667 -0.38 -0.38 -0.38 -0.38 -1.3866667 -1.3866667 -1.3866667 -1.3866667 -1.2366667 -1.2366667 -1.2366667 -0.90666667 -0.90666667 -0.90666667
0.71333333 0.71333333 0.80666667 0.80666667 0.80666667 0.80666667 0.79943506 0.92666667 0.92666667 0.92666667 0.92673479 1.05 1.05 1.05 1.6530914 1.6566667 1.0043759 1 1 1 1.3066667 1.3066667 1.3066667 1.3066667 0.99333333 0.99333333 0.99333333 0.99333333 0.99333333 0.89333333 0.89333333 0.89333333 0.89333333 0.89333159 0.066666667 0.24666667 0.24666667 0.24666667 0.24666667 0.24666384 -0.54666667 -0.54666667 -0.54666667 -0.65622593 -0.88333333 -0.88333333 -0.88333333 -1.2366667 -1.2366667 -1.28 -1.28 -0.43011596 -0.43
0.71333333 0.71333333 0.77297989 0.80666667 0.80666667 0.80666667 0.88341023 0.9265301 0.92666667 0.92666667 1.0499999 1.05 1.05 1.05 1.05 1.0997191 1 1 1 1 1.3066643 1.3066667 1.3066667 1.3066667 0.99333333 0.99333333 0.99333333 0.99333333 0.99333333 0.1987143 0.89333333 0.89333333 0.89333333 0.066666667 0.066666667 0.066806441 0.24666667 0.24666667 0.17350546 0.11666668 -0.54666667 -0.54666667 -0.54666667 -0.65373006 -0.88333333 -0.88333333 -0.88333333 -0.68 -1.2725241 -1.28 -1.28 -0.43 -0.43
1.0333333 1.0333333 1.0333333 0.86349823 0.80646574 0.88333333 0.88333333 0.88333333 0.88333333 0.61 0.61 1.05 1.05 1.05 1.05 1.0499968 1 1 1 1 1.1728473 1.3066667 1.3066667 1.3062305 1.2767898 0.99333333 0.99333333 0.99333333 -0.046666667 -0.046666667 -0.046666667 -0.046662721 0.066666667 0.066666667 0.066666667 0.066666667 0.11666667 0.11666667 0.11666667 0.11666667 -0.24666667 -0.24666667 -0.24666667 -0.57332677 -0.57333333 -0.57333333 -0.57333343 -0.68 -0.68 -1.2792689 -1.28 -0.42999882 -0.43
1.0333333 1.0333333 1.0333333 1.0333136 0.66666667 0.69817356 0.88333333 0.88333333 0.88333333 0.61 0.61 0.61 -0.019999953 -0.02 -0.02 -0.020000001 0.99669051 1 1 1 1.0046492 1.29 1.29 1.29 1.29 1.29 0.22666667 0.22666667 -0.046666667 -0.046666667 -0.046666667 -0.046666667 0.066666816 0.066666667 0.066666667 0.0666835 0.11666667 0.11666667 0.11666667 0.11679827 -0.24666667 -0.24666667 -0.24666667 -0.57331818 -0.57333333 -0.57333333 -0.57333333 -0.68 -0.68 -0.67999994 -0.19666667 -0.19666667 0.09
1.0333333 1.0333333 1.0333333 0.66666751 0.66666667 0.66666667 0.88333325 0.88333333 0.88333333 0.61 0.61 0.61 -0.02 -0.02 -0.02 -0.079912179 -0.80666667 -0.80666667 -0.806662 0.98979548 1.29 1.29 1.29 1.29 1.29 1.2891998 0.22666667 0.22666667 0.22666667 -0.046666667 -0.046666667 -0.046415639 0.27333333 0.27333333 0.27333333 0.10333333 0.10333333 0.14666667 0.14666667 0.14666667 -0.4 -0.24671476 -0.24666386 0.13 0.13 0.10334447 -0.57333166 -0.68 -0.68 -0.19666667 -0.19666667 -0.19666667 0.09
1.0333333 1.0333333 1.0333333 0.66666667 0.66666667 0.66666667 0.66666667 0.88333333 0.88333333 0.61 0.61 0.0051909136 -0.02 -0.02 -0.02 -0.80666667 -0.80666667 -0.80666667 -0.80666667 -0.80666667 1.29 1.29 1.29 1.29 1.29 0.22667029 0.22666667 0.22666667 0.22666667 0.34333333 0.34333333 0.34333333 0.27333333 0.27333333 0.27333333 0.10333333 0.10333333 0.14666667 0.14666667 -0.4 -0.4 -0.4 0.13 0.13 0.13 0.13 0.13903621 0.24 0.24 0.24 -0.19666667 -0.22666667 -0.22666667
1.0333333 1.0333333 1.0328227 0.66666667 0.66666667 0.66666667 0.66666667 0.38740988 0.37333333 0.37373966 0.60999996 -0.020027077 -0.02 -0.02 -0.020002721 -0.80666667 -0.80666667 -0.80666667 -0.80666667 -0.80666667 -1.41768 1.29 1.29 1.29 1.2898311 0.22668036 0.22666667 0.22666667 0.22666667 0.34333333 0.34333333 0.34333333 0.34332364 0.27333333 0.10333333 0.10333333 0.10333333 0.10333498 0.14662939 -0.4 -0.4 -0.4 0.12996782 0.13 0.13 0.13 0.23999692 0.24 0.24 0.24 -0.22666666 -0.22666667 -0.22666667
1.24 1.2399996 0.66687975 0.66666667 0.66666667 0.66666667 0.37339575 0.37333333 0.37333333 0.37333333 -0.34333332 -0.34333333 -0.34333333 -0.34333333 -0.80452815 -0.80666667 -0.80666667 -0.80666667 -0.80666667 -1.5333329 -1.5333333 -1.5333333 0.47000014 0.47 0.47 0.47 0.4489972 0.22666667 0.39332651 0.39333333 0.39333333 0.39333333 0.39333333 -0.089999999 -0.09 -0.09 -0.09 -0.09 -0.85 -0.85 -0.85 -0.85 -0.85 -0.066370206 -0.066666667 -0.066666667 -0.066666667 0.24 0.24 0.24 -0.22659315 -0.22666667 -0.22666667
1.24 1.24 1.2339437 0.51666697 0.5166667 0.51652705 0.37333333 0.37333333 0.37333333 0.37333333 -0.34333333 -0.34333333 -0.34333333 -0.34333333 -0.34333333 -0.80666667 -0.80666667 -0.80666667 -1.5333332 -1.5333333 -1.5333333 -1.5333333 0.46999999 0.47 0.47 0.47 0.47 0.46994845 0.39360493 0.39333334 0.39333333 0.39333333 0.39344244 0.30683114 -0.089589098 -0.09 -0.09 -0.08999999 -0.85 -0.85 -0.85 -0.85 -0.85 -0.066666667 -0.066666667 -0.066666667 -0.066666667 0.076736659 0.24 0.44765704 0.45 0.6 0.6
