interpolatedSpi/07-09|19_1.tif
NCOLS 53
NROWS 52
XLLCORNER -116.03883
YLLCORNER 28.596182
DX 0.49850594
DY 0.49788537
NODATA_VALUE -9999
[rows 0 to 28 of 52, columns 0 to 52 of 53]
0.34333333 0.34333333 -0.002250723 -0.076666667 0.07 -0.29666667 0.11666667 0.033333333 -0.16615721 -0.63333333 -0.51333333 0.02 -0.060023605 -0.34666667 0.063333333 0.063333333 0.063333333 0.20333333 0.67 0.67 0.67 0.66999628 0.28333334 0.58666667 0.58666667 0.58666667 -0.30667016 -0.30666667 -0.30666667 0.016666667 0.016666667 0.016666667 0.016666667 0.28666661 0.28666667 0.28666667 0.28666667 0.28666667 0.28666667 0.28666666 0.055820447 0.053503126 0.72 0.72 0.72 0.72 0.71795288 -0.53333333 -0.53333333 -0.53333333 0.85999711 0.86 0.86
0.34334548 0.61666667 0.12333344 0.17786362 0.33990633 -0.0033333333 0.16666667 -0.013135572 -0.04 -0.12333333 0.23333333 -0.06 -0.06 0.19153272 -0.34665652 0.063333333 0.20333333 0.20333333 0.66939153 0.67 0.67 0.67 0.55701444 0.58666667 0.58666667 0.58666667 0.87666665 0.87666667 0.016666667 0.016666667 0.016666667 0.016666667 0.016666667 0.28666663 0.28666667 0.28666667 0.28666667 0.28666667 0.28666668 0.38378821 0.90994286 0.74305463 0.72 0.72 0.72 0.72 0.72 -0.53333333 -0.53333333 -0.53333333 -0.4177968 0.86 0.86
-0.38329085 -0.38333333 0.21333333 0.30333333 0.19 0.70333333 0.82666667 0.71666667 0.33 0.30333333 0.34333333 0.28 0.33 0.05 0.19333333 -0.12666667 0.20333333 0.20333333 0.20333333 0.41007558 0.41 0.41 0.023333333 0.58666667 0.58666667 0.58666667 0.87666667 0.87666667 0.87666667 0.016666667 0.016666667 0.016666683 0.17552869 0.28697764 0.28787669 0.41547542 0.41666667 0.41666667 0.478715 0.91 0.91 0.90975704 0.72 0.72 0.72 0.72 0.72 -0.53333333 -0.53333333 -0.53333333 -0.53333333 0.86 0.86
0.19 -0.38333343 -0.87992596 0.38 -0.12333333 0.7 0.40666667 0.46333333 0.046666667 -0.004835447 0.11333333 -0.11 0.63666667 0.05 0.27666667 -0.12666667 0.025493521 0.02679045 0.31 0.41 0.41 0.093333333 0.023333333 0.023333333 0.58666667 0.58666812 0.87666667 0.87666667 0.87666667 0.013333333 0.19622591 0.34666667 0.34666667 0.34666672 0.41666667 0.41666667 0.41666667 0.41666667 0.91 0.91 0.91 0.90999999 0.72 0.72 0.72 0.72 0.72 -0.53331752 -0.53333333 -0.53333333 -0.53333333 0.85997637 0.86
0.19 0.33999776 -0.88 -0.70912764 -0.12333333 -0.22 0.053304284 0.21666667 0.41 0.40999991 0.43385314 0.44668242 0.55666667 0.27666667 0.27666667 0.0092061262 0.026666667 0.026666667 0.31 0.31 0.40999939 0.093333333 0.41666667 0.47 0.58333333 0.58351972 0.87666667 0.87666667 0.013333335 0.013333333 0.34666667 0.34666667 0.34666667 0.35295234 0.41666667 0.41666667 0.41666667 0.91 0.91 0.91 0.91 0.90998938 0.72 0.72 0.72 0.72 0.72 0.70884378 -0.53333333 -0.53330329 0.13666667 0.13666667 0.13666667
-0.71666667 0.71333333 -0.083333288 -0.44666667 -0.16333333 0.20333333 -0.076666667 -0.039111599 0.04 0.12 0.13333333 0.1 0.1000003 0.11 0.11 0.6200845 0.62 0.38333333 0.38333333 0.3100005 0.31 0.31 0.47 0.58333333 0.58333333 1.38 -0.14666667 -0.14666667 0.13998888 0.013333333 0.34666667 0.34666667 0.38 0.37995403 -0.059968429 0.020000001 0.02 0.63465818 0.91 0.91 0.80013719 0.8 0.80000178 0.57264791 0.57001658 0.57000004 0.57000001 0.57000007 1.3059715 0.13666667 0.13666667 0.13666667 0.13666667
0.77998759 0.49 0.93787474 0.63 0.71 -0.12 0.45 0.45333333 0.043333333 0.043333333 0.13333333 0.38666667 0.41333331 0.11 0.96999742 0.97 0.62 0.78333333 0.87333333 0.87333333 0.50164772 0.71666667 0.71666667 1.5766667 1.38 1.38 -0.14666667 -0.14666667 0.14001671 0.14030757 0.30038964 0.38 0.38 -0.06 -0.06 0.57371737 0.02 0.02 0.61664599 0.79999974 0.8 0.8 0.80001092 0.57000454 0.57 0.57 0.57 0.5700006 1.57 0.13695071 0.13666667 0.13666667 0.13666667
0.78 0.91666667 1.15 0.43 0.89330677 0.44666667 -0.076666667 0.24666667 0.28666667 -0.046666667 -0.046666667 0.32666667 0.41333333 0.41333333 0.96618075 0.59051793 0.55333333 0.45333333 0.37000052 0.87333333 0.48078416 0.45333333 0.96333333 0.80333333 0.80333531 0.95666667 0.92666667 0.92666629 0.42566215 0.42666666 0.3 0.48827854 0.16 -0.06 -0.021686523 1.0366667 1.0366667 0.61666666 0.61666667 0.8 0.8 0.80000002 1.3843383 1.3833333 0.57 0.57 0.57 1.5699619 1.57 1.57 0.13666667 0.13666667 0.13666667
0.86407195 0.91666667 1.48 0.90333333 0.9 0.60666667 0.55666667 0.94333333 0.086666667 0.33918858 -0.35666667 -0.093333329 -0.093333333 -0.08 -0.079998589 0.091291349 0.09 0.09 0.44061238 0.6266667 0.77666667 0.77666666 1.0766667 1.0079961 0.94121472 0.95666667 0.63 0.92666667 0.74108472 0.74 0.58 1.1066667 1.0949111 1.49 1.2833333 1.0233333 1.0466667 0.96333333 1.1732364 0.80330319 1.54 1.6266667 1.3833035 1.3833333 1.3787555 0.57 1.6333333 1.57 1.57 1.57 1.57 0.19477014 0.38333333
0.57 0.57 1.04 0.96666667 0.42333333 0.096666667 0.37666667 0.63 0.22 0.4033251 0.056666667 0.13 -0.08 -0.08 0.07 0.070274309 0.09 0.090036949 0.22666667 0.62666667 0.62666667 0.64599172 1.0766667 0.81000505 0.81 0.81 0.63 1.2166667 1.2166667 0.74 0.74 1.1066224 1.0833333 1.49 1.33 1.0233333 1.0466667 1.0666667 1.1733333 1.1995679 1.6266667 1.4699352 1.2 1.3833333 1.3833333 1.6333333 1.6333333 1.6333333 1.57 1.57 0.60333333 0.60333333 0.60333325
0.57 0.57 0.76666667 0.36666667 0.046666667 0.48 0.12333333 0.44311522 0.29 0.33 0.32666667 0.20666667 0.13010175 0.07 0.07 0.070047682 0.48333333 0.46986226 0.22666667 1.15 1.15 1.16 1.16 0.81 0.81 0.81 1.2166667 1.2166667 1.2166667 1.2466667 1.2466667 1.2466664 1.1733333 1.1733333 0.92666667 1.1633333 0.93666667 0.51333231 1.68 1.2 1.2 1.1033337 1.2 1.3833333 1.3533334 1.4166667 1.4441516 1.4433333 1.5133333 1.5133333 0.60333333 0.60333333 0.60333333
0.57 0.65480738 0.5959724 0.50000626 0.63 0.64666667 0.12333333 0.44333333 0.29000128 0.32955685 0.20666683 0.20666667 0.55666667 0.070000001 0.07 0.48333332 0.48333333 0.48331873 0.22666667 1.15 1.1519638 1.16 1.16 0.8100142 0.81 1.0247634 1.4633333 1.4633333 1.4633333 1.2466667 1.2466667 0.96 0.96 1.1733327 0.92666667 0.82000003 0.84954098 0.51333333 0.51333333 1.2 1.1033333 1.1033333 1.1033352 1.3533333 1.3533333 1.4166667 1.4433333 1.4433333 1.5133333 1.5133333 0.60333333 0.60333333 0.60333333
0.19666667 0.561749 0.54999369 0.54963996 0.62999983 0.64666627 0.12333335 0.43939431 0.30056623 0.29104451 0.55666667 0.55666667 0.55666667 0.55666667 0.07006894 0.48333333 0.48333333 0.48001936 0.22666667 1.1500298 1.2733333 1.2733333 1.2733333 1.2733333 0.81838907 1.4633333 1.4633333 1.4633333 1.4633333 1.4631959 0.96 0.96 0.96 0.96 0.82 0.82 0.82 0.52797982 0.5174391 1.06 1.06 1.103331 0.47336346 1.3532486 1.3533333 1.4166667 1.4433333 1.4433333 1.5133333 1.5133333 0.60663472 0.60333333 0.045511666
0.19666667 0.55 0.55 0.55 0.55 0.55000004 0.12467298 0.27472555 0.32875597 0.55638054 0.55666667 0.55666667 0.55666667 0.55666667 0.5566669 0.48333333 0.48333329 0.46572775 0.22667364 1.2733333 1.2733333 1.2733333 1.2733333 1.2733333 1.2765766 1.4360313 1.4233333 1.4233333 1.4233333 1.4233333 0.96000001 0.96 0.96000049 1.37 1.37 0.82 1.3547054 1.37 1.0600002 1.06 1.06 1.06 0.47333333 0.47333333 0.47333333 0.47989807 0.35379643 0.34666667 0.34666667 0.34666667 0.34666669 0.68999998 0.69
0.093333333 0.55 0.55 0.55 0.55 0.55 0.54999998 0.267479 0.89022932 0.89333333 0.89333333 0.89333333 0.89333333 0.89333333 0.89333333 1.0859658 0.49293801 0.44818728 1.2732018 1.2733333 1.2733333 1.2733333 1.2733333 1.2733338 1.4233333 1.4233333 1.4233333 1.4233333 1.4233333 1.4231998 1.3566667 1.3566667 1.37 1.37 1.37 1.3699999 1.37 1.37 1.37 1.06 1.06 1.06 0.47333333 0.47333333 0.47333333 0.47333333 0.34666667 0.34666667 0.34666667 0.34666667 0.34666667 0.69 0.69
0.093333333 0.26334515 0.55 0.55 0.55 0.55 0.44002159 0.44 0.44000001 0.89333333 0.89333333 0.89333333 0.89333333 0.89333333 0.93671938 1.09 1.09 1.09 1.645529 1.6466663 1.6466667 1.6466667 1.6466667 1.6466667 1.4233333 1.4233333 1.4233333 1.4233333 1.4233333 1.3566667 1.3566667 1.3566667 1.37 1.37 1.37 1.1033333 1.3696469 1.37 1.37 1.0600116 1.0829364 1.1364375 0.47333333 0.47333333 0.71923877 0.72 0.72 0.34682179 0.43967384 0.43999999 0.43999998 0.58001662 0.68999978
0.093333333 0.10630857 0.32565292 0.55 0.55 0.44006499 0.44 0.44 0.44 0.44326685 0.89333333 0.89333333 0.89333333 0.89333336 1.09 1.09 1.09 1.09 1.6461694 1.6466667 1.6466667 1.6466667 1.6466667 1.6466667 1.4233333 1.4233333 1.4233333 1.4233333 1.4230908 1.3566667 1.3566667 1.3566667 1.5766667 1.3699779 1.1033333 1.1033333 1.1033333 1.1065777 1.1514463 1.1366667 1.1366667 1.1366667 0.84 0.84 0.72 0.72 0.72 0.44 0.44 0.44 0.44 0.58 0.58
0.10665721 0.10666667 0.10666667 0.10666667 0.12 0.43999175 0.44 0.44 0.44 0.44 0.85421726 0.8933266 0.89333332 1.09 1.09 1.09 1.09 1.09 1.1344814 1.6466667 1.6466667 1.6466667 1.6466667 1.6466667 1.4972455 1.4266666 1.4266667 1.4266667 1.4266667 1.3566667 1.5766667 1.5766667 1.5766667 1.5766667 1.1033333 1.1033411 1.3966667 1.3966667 1.1399132 1.1366667 1.1366667 1.1366667 0.84 0.84 0.73858013 0.72 0.72 0.44 0.44 0.44 0.44150116 0.58 0.58
0.10666667 0.10666667 0.10666667 0.11294553 0.12 0.12 0.44 0.44 0.44 0.44 0.37666667 0.37666667 0.37666667 1.09 1.09 1.09 1.09 1.0899504 1.1033333 1.1033333 1.6466664 1.6466667 1.6413917 1.43 1.42997 1.4266667 1.4266667 1.4266667 1.4266667 1.5766514 1.5766667 1.5766667 1.5766667 1.5766667 1.3966656 1.3966667 1.3966667 1.3966667 1.3957804 1.1366667 1.1366667 1.1366667 0.84 0.84 0.84 0.72 0.72 0.44000001 0.44 0.44 0.58 0.58 0.58
0.10666667 0.10666667 0.10666667 0.12 0.12 0.12 0.12000049 0.44 0.44 0.37673204 0.37666667 0.37666667 0.37666667 0.3771111 0.84717328 0.79 0.79 0.79 1.1033333 1.1033333 1.1033333 1.43 1.43 1.43 1.4300317 1.4878612 1.4266667 1.4266667 1.4266667 1.8090415 1.8666381 1.8666667 1.8666667 1.8666667 1.600748 1.8866656 1.8866667 1.8866667 1.8866667 0.73338852 0.73333333 0.73333333 0.84 0.84 0.68333399 0.68333331 0.63 0.63 0.72666667 0.72666667 0.72666667 0.58 0.79980329
0.10666663 0.10666667 0.10666667 0.12 0.12 0.12 0.12 0.24333339 0.43921365 0.3765639 0.37666667 0.37666667 0.37666667 0.37747774 0.79 0.79 0.79 0.79000009 1.1033333 1.1033333 1.1033333 1.43 1.43 1.43 1.5433333 1.5433333 1.6033333 1.6033333 1.6033333 1.6047699 1.8666667 1.8666667 1.8666667 1.8666667 1.8766611 1.8866667 1.8866667 1.8866667 1.8866667 0.73333333 0.73333333 0.73333333 0.73176014 0.68333333 0.68333333 0.68333333 0.63 0.63 0.72666667 0.72666667 0.72666667 0.8 0.8
0.093333333 0.11276192 0.46666667 0.46656609 0.12 0.24261973 0.24333333 0.24333333 0.2518355 0.26333333 0.26333333 0.26333333 0.26333333 -0.0033246514 -0.0033333299 0.78999939 0.79 0.79825587 1.1033333 1.1033333 1.1033333 1.2566667 1.2566667 1.2566667 1.5433333 1.5433333 1.6033333 1.6033333 1.6033333 1.6033335 1.86 1.86 1.8664991 1.8666595 1.4970915 1.4966667 1.4966667 1.4966667 1.4966667 0.73333333 0.73333333 0.73333333 0.68608622 0.68333333 0.68333333 0.68333324 0.63 0.63 0.63000348 0.72666667 0.72668112 1.05 0.8
0.48659197 0.48666666 0.46666667 0.46666667 0.46666667 0.24333333 0.24333333 0.24333333 0.26666667 0.26666667 0.26333333 0.26333333 0.26333333 -0.0033333333 -0.0033333333 -0.0033333333 -0.0033333333 -0.0032075041 1.1033333 1.1033333 1.1033333 1.2566667 1.2566667 1.2566667 1.5433333 1.5433333 1.6033333 1.6033333 1.6033333 1.8571061 1.86 1.86 1.86 1.86 1.4968459 1.4966667 1.4966667 1.4966667 1.4966667 0.32333344 0.32333333 0.32333333 0.32333333 0.68332916 0.14 0.14 0.14 0.38666667 0.38666667 0.38666667 1.05 1.05 1.05
0.48666667 0.48666667 0.46666667 0.46666667 0.46666667 0.24450721 0.24333333 0.26666667 0.26666667 0.26666667 0.26333374 0.26333333 -0.38491895 -0.0033334536 -0.0033333333 -0.0033333333 -0.0033333333 -0.80666667 -0.80666667 -0.80666667 0.063333359 0.06333422 1.2566609 1.2566667 1.2567136 1.2 1.2 1.200001 1.6032682 1.5167351 1.5166685 1.5167266 1.8594132 1.8597037 1.5611531 1.4966662 1.4928686 0.36333333 0.36333333 0.32333333 0.32333333 0.32333333 0.32333333 0.14 0.14 0.14 0.14 0.38666667 0.38666667 0.38666667 1.05 1.05 1.05
0.48666667 0.48666667 0.46666667 0.46666667 0.46666667 0.46666667 0.25206632 0.26666667 0.26666667 0.26666667 0.2662266 -0.53 -0.53 -0.53 -0.0064371012 -0.0033333333 -0.80131345 -0.80666667 -0.80666667 -0.80666667 0.063333333 0.063333333 0.063333333 0.063333333 1.2 1.2 1.2 1.2 1.2 1.5166667 1.5166667 1.5166667 1.5166667 1.5166659 1.1366667 0.36333333 0.36333333 0.36333333 0.36333333 0.36333345 0.40666667 0.40666667 0.40666667 0.33290589 0.18 0.18 0.18 0.38666666 0.38666651 0.23 0.23 0.46014353 0.46
0.48666667 0.48666667 0.47388526 0.46666667 0.46666667 0.46666665 -0.25241058 0.26502791 0.26666667 0.26666667 -0.52999999 -0.53 -0.53 -0.53 -0.53 -0.48687198 -0.80666667 -0.80666667 -0.80666667 -0.80666667 0.063326604 0.063333333 0.063333333 0.063333333 1.2 1.2 1.2 1.2 1.2 1.0388082 1.5166667 1.5166667 1.5166667 1.1366667 1.1366667 1.1360662 0.36333333 0.36333333 0.48151682 0.57333331 0.40666667 0.40666667 0.40666667 0.33495336 0.18 0.18 0.18 0.1 0.22838021 0.23 0.23 0.46 0.46
0.026666667 0.026666667 0.026666667 0.35634657 0.46563241 -0.25333333 -0.25333333 -0.25333333 -0.25333333 -0.47333333 -0.47333333 -0.53 -0.53 -0.53 -0.53 -0.53001756 -0.80666667 -0.80666667 -0.80666667 -0.80666667 -0.31630644 0.063333333 0.063333333 0.053737513 -0.2363916 1.2 1.2 1.2 0.87 0.87 0.87 0.87000271 1.1366667 1.1366667 1.1366667 1.1366667 0.57333333 0.57333333 0.57333333 0.57333333 0.40666667 0.40666667 0.40666667 0.49333159 0.49333333 0.49333333 0.49333323 0.1 0.1 0.2298416 0.23 0.45999763 0.46
0.026666667 0.026666667 0.026666667 0.026652486 -0.23666667 -0.23909027 -0.25333333 -0.25333333 -0.25333333 -0.47333333 -0.47333333 -0.47333333 -1.0466666 -1.0466667 -1.0466667 -1.0466667 -0.80750931 -0.80666667 -0.80666667 -0.80666667 -0.79349439 -0.30333233 -0.30333333 -0.30333333 -0.30333333 -0.30333331 0.16333334 0.16333333 0.87 0.87 0.87 0.87 1.1366663 1.1366667 1.1366667 1.1366284 0.57333334 0.57333333 0.57333333 0.57435693 0.40666667 0.40666667 0.40666667 0.49332931 0.49333333 0.49333333 0.49333333 0.1 0.1 0.099999985 -0.01 -0.01 0.08
0.026666667 0.026666667 0.026666667 -0.23666606 -0.23666667 -0.23666667 -0.25333333 -0.25333333 -0.25333333 -0.47333333 -0.47333333 -0.47333333 -1.0466667 -1.0466667 -1.0466667 -1.0634218 -1.2666667 -1.2666667 -1.2666655 -0.80926486 -0.30333333 -0.30333333 -0.30333333 -0.30333333 -0.30333333 -0.30298214 0.16333333 0.16333333 0.16333333 0.87 0.87 0.8696889 0.66666667 0.66666667 0.66666667 0.70333333 0.70333333 0.80666667 0.80666667 0.80666667 0.73 0.40676809 0.4066692 0.74666667 0.74666667 0.73706562 0.49333334 0.1 0.1 -0.01 -0.01 -0.01 0.08
