interpolatedSpi/07-07|19_2.tif
NCOLS 53
NROWS 52
XLLCORNER -116.03883
YLLCORNER 28.596182
DX 0.49850594
DY 0.49788537
NODATA_VALUE -9999
1.45 1.45 1.4679359 0.64 0.705 1.065 1.53 1.595 0.79046162 0.53 0.505 1.24 0.609958 0.1 0.7 0.7 0.7 0.3 0.42 0.42 0.42 0.41999721 0.13000001 0.655 0.655 0.655 0.1200106 0.12 0.12 0.155 0.155 0.155 0.155 -1.2799997 -1.28 -1.28 -1.28 -1.28 -1.28 -1.28 -0.64187321 -0.63527492 -1.715 -1.715 -1.715 -1.715 -1.7138648 -1.02 -1.02 -1.02 0.68499646 0.685 0.685 
1.4499887 1.195 1.8200002 1.5826329 1.0203306 1.575 1.775 0.90562199 1.215 1.12 1.195 0.61 0.61 0.95713236 0.10001569 0.7 0.3 0.3 0.41984354 0.42 0.42 0.42 0.63999843 0.655 0.655 0.655 -0.55499992 -0.555 0.155 0.155 0.155 0.155 0.155 -1.2799998 -1.28 -1.28 -1.28 -1.28 -1.28 -1.1845962 -0.69503727 -1.5912312 -1.715 -1.715 -1.715 -1.715 -1.715 -1.02 -1.02 -1.02 -0.87861977 0.685 0.685 
1.4999765 1.5 1.99 1.34 1.125 0.91 1.09 1.885 0.645 0.395 0.535 0.76 1.3 0.165 0.96 -0.085 0.3 0.3 0.3 0.21006105 0.21 0.21 0.37 0.655 0.655 0.655 -0.555 -0.555 -0.555 0.155 0.155 0.15499997 -0.097735036 -1.2784527 -1.2764165 -0.89852794 -0.895 -0.895 -0.86984527 -0.695 -0.695 -0.69630432 -1.715 -1.715 -1.715 -1.715 -1.715 -1.02 -1.02 -1.02 -1.02 0.685 0.685 
0.795 1.4999997 0.19991192 0.92 0.48 1.035 1.16 0.99 0.63 0.33613105 0.195 0.26 0.57 0.165 0.85 -0.085 0.61460608 0.61977579 0.36 0.21 0.21 0.995 0.37 0.37 0.655 0.65499396 -0.555 -0.555 -0.555 -1.475 -0.86871111 -0.37 -0.37 -0.37000041 -0.895 -0.895 -0.895 -0.895 -0.695 -0.695 -0.695 -0.69500004 -1.715 -1.715 -1.715 -1.715 -1.715 -1.0200088 -1.02 -1.02 -1.02 0.684927 0.685 
0.795 1.314998 0.2 0.20422964 0.48 1.35 1.095036 1.005 0.56 0.074999669 -0.15636795 -0.26503294 -0.495 0.85 0.85 0.23546966 0.62 0.62 0.36 0.36 0.21000149 0.995 0.915 0.6 1 0.99994582 -0.555 -0.555 -1.475 -1.475 -0.37 -0.37 -0.37 -0.41242924 -0.895 -0.895 -0.895 -0.695 -0.695 -0.695 -0.695 -0.69504344 -1.715 -1.715 -1.715 -1.715 -1.715 -1.7088136 -1.02 -1.0200238 -1.55 -1.55 -1.55 
-0.645 0.975 0.14000005 0.05 1.195 1.425 -0.37 -0.19396062 -0.34 -0.72 -0.56 -0.6 -0.59999993 -0.735 -0.735 0.31998914 0.32 0.455 0.455 0.36000009 0.245 0.245 0.6 1 1 0.77 -0.265 -0.265 -0.02013265 -1.475 -0.37 -0.37 -0.595 -0.59512225 -1.7649161 -1.305 -1.305 -0.88371743 -0.695 -0.695 -1.1444388 -1.145 -1.1449996 -0.6049476 -0.58512489 -0.5850003 -0.58500004 -0.58500042 -0.30299264 -1.55 -1.55 -1.55 -1.55 
0.66500164 0.97 1.342858 0.725 1 -0.17 0.079999999 -0.2 -1.08 -1.08 -0.56 -0.575 -0.16000012 -0.735 0.27499697 0.275 0.32 0.535 0.465 0.465 0.11540216 -0.03 -0.03 0.52500001 0.77 0.77 -0.265 -0.265 -0.020023019 -0.020423803 -0.36515244 -0.595 -0.595 -1.765 -1.765 -1.1170992 -1.305 -1.305 -1.2350024 -1.1450001 -1.145 -1.145 -1.1449964 -0.58499852 -0.585 -0.585 -0.585 -0.58499969 -0.065 -1.5497057 -1.55 -1.55 -1.55 
0.665 0.855 1.74 -0.68 -0.40501577 -1.25 -1.565 -0.70500002 -1.25 -0.4 -0.4 -0.6 -0.16 -0.16 0.2720155 0.90342231 0.965 0.135 0.35500011 0.465 0.38235905 0.39 -0.14 -0.915 -0.91499555 -0.57 0.39 0.38999977 -0.41361586 -0.415 -0.365 -0.69010567 -1.46 -1.765 -1.725926 -0.96 -0.96 -1.235 -1.235 -1.145 -1.145 -1.145 -0.32265999 -0.32000001 -0.585 -0.585 -0.585 -0.065019793 -0.065 -0.065 -1.55 -1.55 -1.55 
0.81024392 0.85500001 1.345 0.415 -0.17 -0.535 -0.305 -0.715 -1.51 -1.1591275 -0.855 -0.50500001 -0.505 -0.115 -0.1149969 0.59104516 0.59 0.59 0.16858334 0.81499989 0.3 0.3 0.48 0.1043318 -0.60476689 -0.57 0.1 0.39 0.01220818 0.01 -0.475 -0.085 -0.18573579 -0.795 -0.395 -0.405 -0.7 -1.48 -0.81530707 -1.1443751 -1.005 -0.635 -0.32007 -0.32 -0.32149156 -0.585 -0.505 -0.065000004 -0.065 -0.065 -0.065000001 -1.399346 0.6 
0.56 0.56 1.16 0.96 0.01 -0.67 -0.895 -0.56 -0.425 -1.0700556 -1.125 -0.57 -0.115 -0.115 0.215 0.22014329 0.59 0.58978362 -0.455 0.815 0.815 0.74865076 0.48 -0.0099907214 -0.01 -0.01 0.1 9.1842009e-11 2.2003229e-12 0.01 0.01 -0.085379323 -0.285 -0.795 -0.325 -0.405 -0.7 -1.29 -0.815 -0.13618277 -0.63500002 -0.67724403 -0.75 -0.32 -0.32 -0.505 -0.505 -0.505 -0.065 -0.065 -0.34 -0.34 -0.33999965 
0.56 0.56 0.685 0.12 -0.825 -0.725 -1.21 -1.2447455 -0.99 -1.425 -0.51 -1.49 -0.57122412 0.215 0.215 0.21503172 0.49 0.44040197 -0.455 0.38 0.38 2.07 2.07 -0.01 -0.01 -0.01 -7.9485836e-13 -5.1994654e-55 1.0293085e-46 0.12 0.12 0.11999933 0.23 0.23 -0.59 -0.645 -0.35 -1.2299967 -0.245 -0.125 -0.125 -0.31500143 -0.75 -0.32 -0.47500026 -0.87 -1.2517699 -1.255 0.235 0.235 -0.34 -0.34 -0.34 
0.56 0.61380682 0.44389435 -0.49497206 -0.16 -0.3 -1.21 -1.245 -0.99000213 -1.4201807 -1.4899999 -1.49 0.04 0.215 0.215 0.48999999 0.49 0.48994622 -0.455 0.38 0.71188162 2.07 2.07 -0.009917603 -0.01 -0.059307934 -0.16 -0.16 -0.15999998 0.12 0.12 0.09 0.09 0.22999775 -0.59 -0.3300001 -0.42937515 -1.23 -1.23 -0.12500001 -0.315 -0.315 -0.31500123 -0.475 -0.475 -0.87 -1.255 -1.255 0.235 0.235 -0.34 -0.34 -0.34 
-1.07 -0.76414638 -0.87996228 -0.87720081 -0.16000096 -0.2999967 -1.21 -1.2445692 -1.0075721 -1.001359 0.04 0.04 0.04 0.04 0.21497521 0.49 0.49 0.47779854 -0.455 0.3800758 0.66 0.66 0.66 0.66 0.001204786 -0.16 -0.16 -0.16 -0.16 -0.15990444 0.09 0.09 0.09 0.09 -0.33 -0.33 -0.33 -1.1861557 -1.2235409 -0.37 -0.37 -0.31500296 -0.37500342 -0.47499037 -0.475 -0.87 -1.255 -1.255 0.23499999 0.235 -0.33791396 -0.34 -0.70331572 
-1.07 -0.88 -0.88 -0.88 -0.88 -0.87999975 -1.2076705 -1.2265276 -1.0544529 0.038879854 0.04 0.04 0.04 0.04 0.039999967 0.49 0.48999985 0.42517945 -0.45498322 0.66 0.66 0.66 0.66 0.66 0.65189041 -0.26135818 -0.40499995 -0.405 -0.405 -0.405 0.090000001 0.09 0.090000114 0.185 0.185 -0.33 0.28248079 0.3 -0.36999961 -0.37 -0.37 -0.37 -0.375 -0.375 -0.375 -0.37844475 -0.8078479 -0.805 -0.805 -0.805 -0.80499998 -0.20500003 -0.205 
-0.295 -0.88 -0.88 -0.88 -0.88 -0.88 -0.88000002 -1.0123836 -0.015893862 -0.0099999999 -0.01 -0.01 -0.01 -0.01 -0.0099999995 0.71506721 0.49372464 0.36059801 0.65986013 0.66 0.66 0.66 0.66 0.66000044 0.285 0.285 0.28499903 -0.405 -0.405 -0.40383858 0.175 0.175 0.185 0.185 0.185 0.28157834 0.3 0.3 0.3 -0.37 -0.37 -0.37 -0.375 -0.375 -0.375 -0.375 -0.80499999 -0.805 -0.805 -0.805 -0.805 -0.205 -0.205 
-0.295 -0.51278885 -0.88 -0.88 -0.88 -0.88 -0.50007458 -0.5 -0.49999999 -0.01 -0.01 -0.01 -0.01 -0.01 0.15324918 0.73 0.73 0.73 1.0338577 1.0349996 1.035 1.035 1.035 1.035 0.285 0.285 0.285 0.285 -0.405 0.175 0.175 0.175 0.185 0.185 0.185 0.5 0.30026481 0.3 0.3 -0.36990611 -0.18301831 0.25313201 -0.375 -0.375 0.093549552 0.095 0.095 -0.80336218 0.18652293 0.18999991 0.18999981 0.42490458 -0.20499872 
-0.295 -0.70372006 -0.7965024 -0.88 -0.88 -0.50022452 -0.5 -0.5 -0.5 -0.49646892 -0.01 -0.01 -0.01 -0.0099999106 0.73 0.73 0.73 0.73 1.0347275 1.035 1.035 1.035 1.035 1.035 0.28500002 0.285 0.285 0.285 0.2845999 0.175 0.175 0.175 0.95499998 0.18505063 0.5 0.5 0.5 0.50339281 0.25786641 0.255 0.255 0.255 0.26 0.26 0.095 0.095 0.095 0.19 0.19 0.19 0.19 0.425 0.425 
-0.71481908 -0.715 -0.715 -0.715 -0.33 -0.49999561 -0.5 -0.5 -0.5 -0.5 -0.0096216465 -0.0099999348 -0.0099999997 0.73 0.73 0.73 0.73 0.73 0.76874556 1.035 1.035 1.035 1.035 1.035 0.9421797 1.3649941 1.365 1.365 1.365 0.17500004 0.95499999 0.955 0.955 0.955 0.5 0.50000816 0.81 0.81 0.26193 0.255 0.255 0.255 0.26 0.26 0.12054768 0.095 0.095 0.19 0.19 0.19 0.19251981 0.425 0.425 
-0.715 -0.715 -0.715 -0.53369776 -0.33 -0.33 -0.5 -0.5 -0.5 -0.5 -0.005 -0.005 -0.005 0.73 0.73 0.73 0.73 0.73002644 0.965 0.965 1.035 1.035 1.036339 1.09 1.0924757 1.365 1.365 1.365 1.365 0.95504175 0.955 0.955 0.955 0.955 0.80999891 0.81 0.81 0.81 0.80805548 0.255 0.255 0.255 0.26 0.26 0.26 0.095 0.095 0.19000002 0.19 0.19 0.425 0.425 0.425 
-0.715 -0.715 -0.715 -0.33 -0.33 -0.33 -0.33000026 -0.5 -0.5 -0.0055109824 -0.005 -0.005 -0.005 -0.004542059 0.85950759 0.89 0.89 0.89 0.965 0.965 0.965 1.09 1.09 1.09 1.0899566 1.1394545 1.365 1.365 1.365 1.0904842 1.1099848 1.11 1.11 1.11 0.86437493 0.9399997 0.94 0.94 0.94 0.61995006 0.62 0.62 0.26 0.26 0.58999862 0.59000026 1.325 1.325 0.915 0.915 0.915 0.425 0.99948588 
-0.71499853 -0.715 -0.71499999 -0.33 -0.33 -0.33 -0.33 -0.35500004 -0.49942023 -0.0052357621 -0.005 -0.005 -0.005 -0.0032437636 0.89 0.89 0.89 0.89000002 0.965 0.965 0.965 1.09 1.09 1.09 0.935 0.935 1.12 1.12 1.12 1.1199454 1.11 1.11 1.11 1.11 1.0250466 0.94 0.94 0.94 0.94 0.62 0.62 0.62 0.61905609 0.59 0.59 0.59 1.325 1.325 0.915 0.915 0.915 1 1 
-0.24 -0.44125379 0.055 0.054888305 -0.33 -0.35485535 -0.355 -0.355 -0.22017991 -0.26499999 -0.265 -0.265 -0.265 0.35497982 0.355 0.88999959 0.89 0.89197614 0.965 0.965 0.965 0.655 0.655 0.655 0.935 0.935 1.12 1.12 1.12 1.1199999 1.0100006 1.0100003 1.1074867 1.1098928 0.70546324 0.705 0.705 0.705 0.705 0.62 0.62 0.62 0.59165183 0.59 0.59 0.58999989 1.325 1.325 1.3249852 0.915 0.91499262 0.75 1 
0.21991264 0.21999997 0.055 0.055 0.055 -0.355 -0.355 -0.355 0.015 0.015 -0.265 -0.265 -0.265 0.355 0.355 0.355 0.355 0.35506973 0.965 0.965 0.96499999 0.655 0.655 0.655 0.935 0.935 1.12 1.12 1.12 1.0112403 1.01 1.01 1.01 1.01 0.7051505 0.705 0.705 0.705 0.705 0.53000002 0.53 0.53 0.53 0.5899952 -0.035 -0.035 -0.035 0.575 0.575 0.575 0.75 0.75 0.75 
0.22 0.22 0.055 0.055 0.055 -0.35284497 -0.355 0.015 0.015 0.015 -0.26496553 -0.265 -0.30994186 0.35499985 0.355 0.355 0.355 0.405 0.405 0.405 0.565 0.56500007 0.65499956 0.655 0.65507862 0.655 0.655 0.65500111 1.1199249 0.92001794 0.92000048 0.92001571 1.0098462 1.0099223 0.75926395 0.70499973 0.7026709 0.01 0.01 0.53 0.53 0.53 0.53 -0.035 -0.035 -0.035 -0.035 0.575 0.575 0.575 0.75 0.75 0.75 
0.22 0.22 0.055 0.055 0.055 0.054999998 -0.21651981 0.015 0.015 0.015 0.014814952 -0.32 -0.32 -0.32 0.35102207 0.355 0.40466681 0.405 0.405 0.405 0.565 0.565 0.565 0.565 0.655 0.655 0.655 0.655 0.655 0.92 0.92 0.92 0.92 0.92000085 1.325 0.01 0.01 0.01 0.01 0.0099998493 -0.12 -0.12 -0.12 0.024806975 0.325 0.325 0.325 0.57499999 0.57499956 0.12 0.12 0.55004866 0.55 
0.22 0.22 0.11455341 0.055 0.055 0.054999999 0.02997338 0.015047272 0.015 0.015 -0.3199999 -0.32 -0.32 -0.32 -0.32 -0.26456458 0.405 0.405 0.405 0.405 0.56499876 0.565 0.565 0.565 0.655 0.655 0.655 0.655 0.655 1.0086748 0.92 0.92 0.92 1.325 1.325 1.3239789 0.01 0.01 0.41801442 0.73499993 -0.12 -0.12 -0.12 0.023833351 0.325 0.325 0.325 0.61 0.12610535 0.12 0.12 0.55 0.55 
0.2 0.2 0.2 0.091355486 0.055723191 0.030000001 0.03 0.03 0.03 0.175 0.175 -0.31999996 -0.32 -0.32 -0.32 -0.31995403 0.405 0.405 0.405 0.405 0.49518119 0.565 0.565 0.56081273 0.41613222 0.655 0.655 0.655 1.04 1.04 1.04 1.0399995 1.325 1.325 1.325 1.325 0.735 0.735 0.735 0.735 0.13 0.13 0.13 0.56999115 0.57 0.57 0.56999992 0.61 0.61 0.12059704 0.12 0.55000083 0.55 
0.2 0.2 0.2 0.20001912 0.555 0.47865637 0.03 0.03 0.03 0.175 0.175 0.175 0.089999983 0.09 0.09 0.090000003 0.40523814 0.405 0.405 0.405 0.40741743 0.40500044 0.405 0.405 0.405 0.40499999 0.13 0.13 1.04 1.04 1.04 1.04 1.3250001 1.325 1.325 1.3250155 0.73500001 0.735 0.735 0.73677667 0.13 0.13 0.13 0.5699796 0.57 0.57 0.57 0.61 0.61 0.61000001 0.715 0.715 0.48 
0.2 0.2 0.2 0.55499918 0.555 0.555 0.030000197 0.03 0.03 0.175 0.175 0.175 0.09 0.09 0.09 0.123891 0.535 0.535 0.53499966 0.40573427 0.405 0.405 0.405 0.405 0.405 0.40479305 0.13 0.13 0.13 1.04 1.04 1.0396428 1.515 1.515 1.515 0.875 0.875 1.14 1.14 1.14 1.04 0.13028544 0.13000761 1.15 1.15 1.1280187 0.5700016 0.61 0.61 0.715 0.715 0.715 0.48 
0.2 0.2 0.2 0.555 0.555 0.555 0.555 0.03 0.03 0.175 0.175 0.093398774 0.09 0.09 0.09 0.535 0.535 0.535 0.535 0.535 0.405 0.405 0.405 0.405 0.405 0.13000094 0.13 0.13 0.13 0.485 0.485 0.485 1.515 1.515 1.515 0.875 0.875 1.14 1.14 1.04 1.04 1.04 1.15 1.15 1.15 1.15 1.1590362 1.26 1.26 1.26 0.715 0.785 0.785 
0.2 0.2 0.20049435 0.555 0.555 0.555 0.555 0.83108341 0.845 0.8438497 0.175 0.090010888 0.09 0.09 0.090001539 0.535 0.535 0.535 0.535 0.535 0.083748927 0.405 0.405 0.405 0.40498455 0.13001125 0.13 0.13 0.13 0.485 0.485 0.485 0.48514581 1.515 0.875 0.875 0.875 0.87501087 1.1399932 1.04 1.04 1.04 1.1499933 1.15 1.15 1.15 1.259997 1.26 1.26 1.26 0.785 0.785 0.785 
0.49 0.48999949 0.554811 0.555 0.555 0.555 0.84493829 0.845 0.845 0.845 0.22000002 0.22 0.22 0.22 0.53354613 0.535 0.535 0.535 0.535 0.070000277 0.07 0.07 0.33000001 0.33 0.33 0.33 0.31273743 0.13 0.1349998 0.135 0.135 0.135 0.135 0.825 0.825 0.825 0.825 0.825 1.16 1.16 1.16 1.16 1.16 0.96028641 0.96 0.96 0.96 1.26 1.26 1.26 0.78507483 0.785 0.785 
0.49 0.49 0.48811621 0.26500058 0.26500006 0.2655656 0.845 0.845 0.845 0.845 0.22 0.22 0.22 0.22 0.22 0.535 0.535 0.535 0.070000117 0.07 0.07 0.07 0.33 0.33 0.33 0.33 0.33 0.32995749 0.13514288 0.135 0.135 0.135 0.1350574 0.88169016 0.8250587 0.825 0.825 0.825 1.16 1.16 1.16 1.16 1.16 0.96 0.96 0.96 0.96 1.1002859 1.26 1.4627128 1.465 1.015 1.015 
0.49 0.49 0.2650285 0.265 0.265 0.265 0.41231755 0.845 0.845 0.845 0.22 0.22 0.22 0.22 0.22 0.53475413 0.535 0.070136335 0.07 0.07 0.07 0.07 0.23368132 0.33 0.33 0.33 0.33 0.330124 0.505 0.505 0.505 0.505 0.505 0.925 0.925 0.925 0.925 0.925 1.435 1.435 1.435 1.435 1.435 0.96180683 0.96000038 0.96 0.96012544 0.97516597 1.465 1.465 1.465 1.0150025 1.015 
0.48999947 0.20565383 0.26499999 0.265 0.265 0.265 0.265 0.84475304 0.845 0.845 0.22 0.22 0.22 0.22 -0.15644863 -0.165 -0.165 0.069993952 0.07 0.07 0.07 0.07 0.069999941 0.33 0.33 0.33 0.33 0.67499983 0.67499992 0.63881987 0.505 0.505 0.505 0.925 0.925 0.925 0.925 0.92495598 1.435 1.435 1.435 1.435 1.4350176 1.7 1.7 1.7 1.7 1.699981 1.465 1.465 1.465 1.4650001 1.6554272 
0.2 0.2 0.17867765 0.265 0.265 0.265 0.265 0.265 0.84475033 -0.12999998 -0.13 -0.13 -0.12916938 -0.16499945 -0.165 -0.165 -0.165 -0.165 0.069996283 0.038202526 -0.24 -0.24 -0.24 -0.097578573 0.28197818 0.025022495 -0.19125771 0.675 0.675 0.675 0.675 0.675 0.67079566 0.85977554 0.86 0.86 0.86 0.86 1.4782059 1.6649996 1.665 1.665 1.665 1.2850012 1.6999999 1.7 1.7 1.815 1.4650056 1.465 1.465 1.665 1.665 
0.2 0.2 -0.024999998 -0.025 -0.025 0.2649034 0.265 0.265 -0.13 -0.13 -0.13 -0.13 -0.13 -0.165 -0.165 -0.165 -0.165 -0.165 -0.24 -0.24 -0.24 -0.24 -0.24 -0.27 -0.27 -0.27 -0.27 0.675 0.675 0.675 0.675 0.675 0.84 0.84 0.86 0.86 0.86 0.76501618 0.765 1.665 1.665 1.665 1.6649999 1.285 1.285 1.285 1.815 1.815 1.815 1.365 1.365 1.665 1.665 
0.2 0.2 -0.025 -0.025 -0.025 -0.025 -0.02500129 -0.26 -0.1301224 -0.13 -0.13 -0.13 -0.13 -0.16456341 -0.165 -0.165 -0.165 -0.165 -0.24 -0.24 -0.24 -0.24 -0.24 -0.27 -0.27 -0.27 -0.27 -0.26999615 0.675 0.675 0.675 0.83999135 0.84 0.84 0.84 0.86 0.765 0.765 0.765 0.78868069 1.0411737 0.925 0.925 1.285 1.285 1.285 1.815 1.815 1.815 1.365 1.365 1.365 0.91778401 
0.675 0.67499627 -0.025 -0.025 -0.025 -0.025 -0.26 -0.26 -0.26 -0.13 -0.13 -0.13 -0.13 -0.13001088 -0.165 -0.165 -0.165 -0.165 -0.23999875 -0.24 -0.24 -0.24 -0.26471924 -0.27 -0.27 -0.27 -0.27 0.11999968 0.12 0.12000001 0.66904952 0.84 0.84 0.84 0.83999928 0.085000011 0.765 0.765 0.765 0.765 0.925 0.925 0.925 1.675 1.675 1.675 1.2100589 1.815 1.815 1.365 1.365 1.365 0.84000106 
0.675 0.675 -0.025 -0.025 -0.025 -0.26 -0.26 -0.26 -0.26 -0.14426364 -0.13 -0.13 -0.13 -0.1300015 -0.47496432 -0.475 -0.475 -0.475 -0.4055538 -0.42 -0.42 -0.42 -0.42 -0.27 -0.27 -0.27 -0.26997427 0.12 0.12 0.12 0.12 0.83990684 0.41533434 0.085 0.085 0.085 0.7644751 0.62500291 0.625 0.625 0.92548956 1.55 1.55 1.675 1.675 1.674998 1.21 1.21 1.175 1.175 1.175 1.09 1.22 
0.675 0.67499999 -0.665 -0.665 -0.665 -0.26 -0.26 -0.26 -0.26 -0.58 -0.58 -0.58 -0.58 -0.5726004 -0.475 -0.475 -0.475 -0.475 -0.405 -0.42 -0.42 -0.42 -0.42 -0.245 -0.24500001 -0.26999996 0.12 0.12 0.12 0.12 0.19594129 0.27 0.10701246 0.085 0.085 0.085 0.625 0.625 0.625 0.625 1.55 1.55 1.55 1.7499369 1.75 1.2124273 1.21 1.21 1.1750003 1.175 1.09 1.09 1.22 
0.675 -0.66499999 -0.665 -0.665 -0.665 -0.665 -0.26058222 -0.335 -0.335 -0.58 -0.58 -0.58 -0.58 -0.57997513 -0.475 -0.475 -0.475 -0.47183718 -0.405 -0.405 -0.42 -0.42 -0.245 -0.245 -0.245 -0.245 0.12 0.12 0.12 0.12 0.27 0.27 0.27 0.085187205 0.085 0.085 0.625 0.625 0.625 0.625 1.55 1.55 1.55 1.75 1.75 1.7499759 1.325 1.325 1.235 1.235 1.09 1.09 1.22 
-0.65241573 -0.665 -0.665 -0.665 -0.665 -0.665 -0.335 -0.335 -0.335 -0.46613424 -0.58 -0.58 -0.58 -0.58000663 -0.475 -0.475 -0.475 -0.405 -0.405 -0.405 -0.41999925 -0.41999893 -0.245 -0.245 -0.245 -0.245 0.11997406 0.12 0.12 0.2699655 0.27 0.27 0.27 0.27 0.086572843 0.865 0.865 0.86084638 0.625 0.625 1.5499992 1.55 1.744185 1.75 1.75 1.3250002 1.325 1.325 1.235 1.235 1.015 1.015 1.03 
-0.665 -0.665 -0.665 -0.665 -0.665 -0.665 -0.335 -0.335 -0.335 -0.335 -0.9549892 -0.955 -0.955 -0.955 -0.47500078 -0.54230604 -0.58 -0.58 -0.40532261 -0.405 -0.405 -0.24500025 -0.245 -0.245 -0.245 -0.245 -0.24473462 0.12 0.12000513 0.27 0.27 0.27 0.27 0.27 0.865 0.865 0.865 0.865 0.865 0.86500023 1.335 1.335 1.3349999 1.005 1.005 1.005 0.88 0.88 0.835 0.835 1.015 1.015 1.03 
-0.665 -0.665 -0.665 -0.665 -0.665 -0.665 -0.335 -0.335 -0.335 -0.955 -0.955 -0.955 -0.955 -0.955 -0.8561509 -0.58 -0.58 -0.58 -0.58 -0.58 -0.57164433 -0.245 -0.245 -0.245 -0.245 -0.22977051 0.23924001 0.13633907 0.26926028 0.27 0.27 0.27 0.27 0.2700013 0.865 0.865 0.865 0.865 0.865 1.0836429 1.335 1.335 1.335 1.005 1.005 1.005 0.88 0.88 0.835 0.835 1.075 1.0324823 1.03 
-0.665 -0.665 -0.665 -0.665 -0.665 -0.6649999 -0.33500008 -0.335 -0.36073346 -0.955 -0.955 -0.955 -0.955 -0.955 -0.93701269 -0.58 -0.58 -0.58 -0.58 -0.58 -0.58 0.16327503 0.23999932 0.24 0.24 0.24 0.24 0.24 0.76222853 0.76999408 0.76999999 0.77 0.77 0.77000007 0.865 0.865 0.865 0.865 0.865 1.3349999 1.335 1.335 1.335 1.3349999 1.005016 1.015 0.88000001 1.3271285 0.8354381 1.075 1.075 1.0592022 0.315 
-0.665 -0.665 -0.665 -0.665 -0.665 -0.66497892 -0.3350178 -0.33503751 -0.95499922 -0.955 -0.955 -0.955 -0.955 -0.955 -0.94786455 -0.58 -0.58 -0.58 -0.58 -0.58 -0.58 0.24 0.24 0.24 0.24 0.24 0.24 0.24 0.7698537 0.77 0.77 0.77 0.77 0.77 0.79602999 0.865 0.865 0.865 0.865 1.335 1.335 1.335 1.335 1.334918 1.015 1.015 1.0170056 1.335 1.335 1.075 1.075 0.315 0.315 
-0.665 -0.665 -0.665 -0.665 -0.665 -0.6645599 -0.33540917 -0.88503705 -0.955 -0.955 -0.955 -0.955 -0.955 -0.955 -0.94843498 -0.58 -0.58 -0.58 -0.58 -0.58 -0.4632469 0.24 0.24 0.24 0.24 0.24 0.24 0.24 0.76999787 0.77 0.77 0.77 0.77 0.77 0.77 0.735897 0.53521013 0.42547654 0.40879603 1.3205373 1.335 1.335 1.335 1.0150256 1.015 1.0187606 1.6449985 1.335 1.335 0.89 0.89 0.89 0.31500025 
-0.665 -0.665 -0.665 -0.665 -0.66499967 -0.6622482 -0.39091536 -0.95482952 -0.955 -0.955 -0.955 -0.955 -0.955 -0.955 -0.94624317 -0.58 -0.58 -0.58 -0.58 -0.58 0.23999646 0.24 0.24 0.24 0.24 0.24 0.24 0.24 0.76999986 0.77 0.77 0.77 0.77 0.77 0.76999993 0.4 0.4 0.4 0.4 1.11 1.11 1.11 1.11 1.6449982 1.645 1.645 1.645 1.6449917 0.89 0.89 0.89 0.89 0.32179848 
-0.665 -0.665 -0.665 -0.66499997 -0.66499079 -0.65632254 -0.91303389 -0.9549919 -0.955 -0.955 -0.955 -0.955 -0.955 -0.955 -0.94227019 -0.58000015 -0.58 -0.58 -0.58 -0.57506478 0.24 0.24 0.24 0.24 0.24 0.24 0.24 0.24 0.76999988 0.77 0.77 0.77 0.77 0.77 0.40000034 0.4 0.4 0.4 0.4 1.11 1.11 1.11 1.11 1.2543942 1.645 1.645 1.645 0.89000845 0.89 0.89 0.07 0.07 0.07 
-0.665 -0.665 -0.66499998 -0.66499925 -0.66491119 -0.66050972 -0.95276076 -0.95499797 -0.955 -0.955 -0.955 -0.955 -0.955 -0.95499998 -0.93688832 -0.58000882 -0.58 -0.58 -0.57999906 0.2233855 0.24 0.24 0.24 0.24 0.24 0.24 0.24 0.24 0.7699995 0.77 0.77 0.77 0.77 0.067240041 0.39999982 0.4 0.4 0.4 0.4 1.11 1.11 1.11 1.11 1.11 1.645 1.645 1.645 0.89000001 0.89 0.89 0.07 0.07 0.07 
-0.665 -0.66499998 -0.66499969 -0.66499129 -0.66462736 -0.8059611 -0.95461679 -0.95499876 -0.955 -0.955 -0.955 -0.955 -0.955 -0.9549993 -0.93048972 -0.58013695 -0.58000001 -0.57999997 -0.57575446 0.23993028 0.24 0.24 0.24 0.24 0.24 0.24 0.24 0.24000031 0.76999668 0.77 0.76999932 -0.10560431 -0.19 -0.19 -0.19 0.4 0.4 0.4 0.4 1.11 1.11 1.11 1.11 1.11 1.6449905 1.645 1.6449996 0.89000005 0.89 0.88999955 0.07 0.07 0.07 
