interpolatedSpi/07-11|23_2.tif
NCOLS 53
NROWS 52
XLLCORNER -116.03883
YLLCORNER 28.596182
DX 0.49850594
DY 0.49788537
NODATA_VALUE -9999
[rows 0 to 38 of 52, columns 0 to 52 of 53]
-0.46 -0.46 -0.3086 -0.2 -0.086 -0.488 -0.376 -0.284 -0.82279477 -1.042 -0.42 -0.688 -1.0899373 -0.328 0.034 0.034 0.034 -0.798 -0.21 -0.21 -0.21 -0.2100032 -0.542 -0.476 -0.476 -0.476 -1.3620025 -1.362 -1.362 -1.566 -1.566 -1.566 -1.566 -0.79200015 -0.792 -0.792 -0.792 -0.792 -0.792 -0.79199998 -0.2300521 -0.22408703 -0.566 -0.566 -0.566 -0.566 -0.56492853 0.09 0.09 0.09 0.046000091 0.046 0.046
-0.46001111 -0.71 -0.11800057 -0.17894561 -0.24012232 -0.804 -0.774 -0.69810143 -1.07 -0.56 -0.944 -1.09 -1.09 -1.0834725 -0.32800596 0.034 -0.798 -0.798 -0.21076667 -0.21 -0.21 -0.21 -0.51158267 -0.476 -0.476 -0.476 -0.40000001 -0.4 -1.566 -1.566 -1.566 -1.566 -1.566 -0.79200011 -0.792 -0.792 -0.792 -0.792 -0.79199995 -0.59515611 0.42791413 -0.44538639 -0.566 -0.566 -0.566 -0.566 -0.566 0.09 0.09 0.09 0.086351478 0.046 0.046
0.42197071 0.422 -0.61 -0.28 -0.66 0.056 -0.178 -0.168 -0.652 -0.696 -0.806 -0.752 -1.068 -1.466 -1.086 -1.298 -0.798 -0.798 -0.798 -0.45992732 -0.46 -0.46 -1.152 -0.476 -0.476 -0.476 -0.4 -0.4 -0.4 -1.566 -1.566 -1.566 -1.27716 -0.79080385 -0.78574512 -0.12615785 -0.12 -0.12 -0.051076042 0.428 0.428 0.42672892 -0.566 -0.566 -0.566 -0.566 -0.566 0.09 0.09 0.09 0.09 0.046 0.046
0.288 0.42199988 -0.18612316 -0.2 -0.912 -0.73 -0.672 -1.048 -0.478 -0.77706285 -0.978 -1.238 -1.292 -1.466 -1.356 -1.298 -0.92487676 -0.92191312 -0.638 -0.46 -0.46 -0.668 -1.152 -1.152 -0.476 -0.47599962 -0.4 -0.4 -0.4 -0.93 -0.9497524 -0.966 -0.966 -0.96599933 -0.12 -0.12 -0.12 -0.12 0.428 0.428 0.428 0.42799996 -0.566 -0.566 -0.566 -0.566 -0.566 0.089991725 0.09 0.09 0.09 0.045956623 0.046
0.288 -0.27799983 -0.186 -0.39598483 -0.912 -0.886 -1.0099603 -1.074 -1.178 -0.94000011 -1.1906599 -1.3038805 -0.47 -1.356 -1.356 -1.3112848 -0.922 -0.922 -0.638 -0.638 -0.46000042 -0.668 -0.616 -0.342 -0.442 -0.44198081 -0.4 -0.4 -0.93 -0.93 -0.966 -0.966 -0.966 -0.84342741 -0.12 -0.12 -0.12 0.428 0.428 0.428 0.428 0.42790328 -0.566 -0.566 -0.566 -0.566 -0.566 -0.56016079 0.09 0.08993848 -1.282 -1.282 -1.282
-1.456 -0.582 -0.30399999 0.018 -0.28 -0.722 -1.136 -1.1280622 -1.286 -1.396 -1.148 -0.992 -0.99199966 -1.154 -1.154 -0.76586866 -0.766 -0.854 -0.854 -0.63799986 -0.732 -0.732 -0.342 -0.442 -0.442 -0.36 -0.768 -0.768 -0.64202601 -0.93 -0.966 -0.966 -0.316 -0.31600209 -0.33599843 0.214 0.214 0.36179421 0.428 0.428 -0.57275029 -0.574 -0.57399873 -0.1357319 -0.12804841 -0.12800012 -0.12800001 -0.12800018 -1.120702 -1.282 -1.282 -1.282 -1.282
-0.3259998 -0.666 -0.022749137 -0.118 -0.29 -1.17 -0.638 -0.908 -1.416 -1.416 -1.148 -1.402 -1.1179999 -1.154 -0.22200279 -0.222 -0.766 -0.202 -0.476 -0.476 -0.56140211 -0.37 -0.37 -0.388 -0.36 -0.36 -0.768 -0.768 -0.64199382 -0.64188627 -0.26683403 -0.316 -0.316 -0.336 -0.336 -0.10951618 0.214 0.214 -0.19598579 -0.57399947 -0.574 -0.574 -0.57399328 -0.12800262 -0.128 -0.128 -0.128 -0.1280006 -1.136 -1.2819711 -1.282 -1.282 -1.282
-0.326 -0.624 -0.23 -0.364 -0.090015708 -0.702 -1.096 -0.884 -1.332 -1.538 -1.538 -0.734 -1.118 -1.118 -0.22814739 -0.47336892 -0.498 -0.214 -0.60199987 -0.476 -0.26522223 -0.208 -0.718 -0.208 -0.20800893 -0.9 -0.224 -0.22400019 -0.53637144 -0.536 -0.266 -0.56110381 -0.336 -0.336 -0.3393655 -0.38 -0.38 -0.196 -0.196 -0.574 -0.574 -0.57399999 -0.59553423 -0.59799998 -0.128 -0.128 -0.128 -1.1359616 -1.136 -1.136 -1.282 -1.282 -1.282
-0.68620337 -0.624 -0.246 -0.622 -0.032 -0.434 -0.112 0.01 -0.844 -0.18372166 -0.396 -0.90799999 -0.908 -0.364 -0.36400075 0.050467104 0.052 0.052 -0.27322879 -1.078 -0.882 -0.88199999 -0.874 -0.77947703 -0.83026467 -0.9 -0.194 -0.224 -0.58986155 -0.592 -0.624 -0.826 -0.62655186 -0.914 -0.454 -0.622 -0.522 0.298 0.08209974 -0.57168777 -0.056 -0.202 -0.59800259 -0.598 -0.59535459 -0.128 -0.49399998 -1.136 -1.136 -1.136 -1.136 -1.3093916 -0.448
-1.034 -1.034 -0.056 0.058 -0.23 0.112 -0.21 -0.746 -0.278 -0.016089908 -0.84 0.06 -0.364 -0.364 -0.444 -0.43719714 0.052 0.051953292 -0.136 -1.078 -1.078 -1.0527486 -0.874 -0.97999799 -0.98 -0.98 -0.194 0.062 0.062 -0.592 -0.592 -0.82524894 -0.43 -0.914 -0.712 -0.622 -0.522 -0.164 0.082 0.056421327 -0.20199999 -0.35334383 -0.614 -0.598 -0.598 -0.494 -0.494 -0.494 -1.136 -1.136 -1.502 -1.502 -1.5019996
-1.034 -1.034 -0.25 -0.492 -0.362 0.022 -0.508 0.030932274 -0.05 0.466 0.476 0.168 0.060143152 -0.444 -0.444 -0.44398431 -0.308 -0.29897263 -0.136 -0.29 -0.29 -0.452 -0.452 -0.98 -0.98 -0.98 0.062 0.062 0.062 -0.382 -0.382 -0.38200008 -0.81 -0.81 -1.074 -0.7 -0.592 -0.27800482 -0.522 0.056 0.056 -0.64199991 -0.614 -0.598 -0.31399997 -0.206 -0.66127646 -0.662 -1.198 -1.198 -1.502 -1.502 -1.502
-1.034 -0.69550198 -0.35327003 -0.2879965 0.018 -0.12 -0.508 0.032 -0.049999315 0.46028335 0.16800039 0.168 -0.012 -0.444 -0.444 -0.308 -0.308 -0.30799021 -0.136 -0.29 -0.3218135 -0.452 -0.452 -0.97997808 -0.98 -0.7683046 -0.336 -0.336 -0.33599995 -0.382 -0.382 -0.464 -0.464 -0.81000072 -1.074 -0.88000009 -0.63240939 -0.278 -0.278 0.055999977 -0.642 -0.642 -0.64199762 -0.314 -0.314 -0.206 -0.662 -0.662 -1.198 -1.198 -1.502 -1.502 -1.502
-0.472 -0.26804411 -0.26600807 -0.2661548 0.017999167 -0.11999674 -0.50799999 0.02535291 -0.044349361 -0.036525865 -0.012 -0.012 -0.012 -0.012 -0.4439388 -0.308 -0.308 -0.30577921 -0.136 -0.28984513 0.242 0.242 0.242 0.242 -0.95878752 -0.336 -0.336 -0.336 -0.336 -0.33584207 -0.464 -0.464 -0.464 -0.464 -0.88 -0.88 -0.88 -0.30768681 -0.28168016 -0.768 -0.768 -0.64200678 -0.69798685 -0.31403699 -0.314 -0.206 -0.662 -0.662 -1.198 -1.198 -1.5008971 -1.502 -1.3985919
-0.472 -0.266 -0.266 -0.266 -0.266 -0.26599994 -0.50700675 -0.25250272 -0.029273909 -0.012027968 -0.012 -0.012 -0.012 -0.012 -0.011999672 -0.308 -0.30799997 -0.29620197 -0.13600117 0.242 0.242 0.242 0.242 0.242 0.25583249 0.17244629 0.33199986 0.332 0.332 0.332 -0.46399998 -0.464 -0.46399941 0.026 0.026 -0.88 -0.47751263 -0.466 -0.76799983 -0.768 -0.768 -0.768 -0.698 -0.698 -0.698 -0.69457613 -0.40955791 -0.408 -0.408 -0.408 -0.40800001 -0.98200011 -0.982
-0.33 -0.266 -0.266 -0.266 -0.266 -0.266 -0.26600001 -0.10581206 0.44754899 0.45 0.45 0.45 0.45 0.45 0.45 0.99268398 -0.2871639 -0.28444716 0.24195242 0.242 0.242 0.242 0.242 0.24200067 0.882 0.882 0.88199923 0.332 0.332 0.33284904 0.756 0.756 0.026 0.026 0.026 -0.38718664 -0.466 -0.466 -0.466 -0.768 -0.768 -0.768 -0.698 -0.698 -0.698 -0.698 -0.408 -0.408 -0.408 -0.408 -0.408 -0.982 -0.982
-0.33 -0.30617353 -0.266 -0.266 -0.266 -0.266 0.58183357 0.582 0.582 0.45 0.45 0.45 0.45 0.45 0.57221628 1.004 1.004 1.004 0.81624645 0.81799941 0.818 0.818 0.818 0.818 0.882 0.882 0.882 0.882 0.332 0.756 0.756 0.756 0.026000066 0.026 0.026 0.24 -0.46506523 -0.466 -0.466 -0.76790672 -0.58191582 -0.14785902 -0.698 -0.698 -0.64416665 -0.644 -0.644 -0.40828025 -0.57740593 -0.57799999 -0.57799997 -0.47607661 -0.98199897
-0.33 0.041740672 -0.10507736 -0.266 -0.266 0.58149896 0.582 0.582 0.582 0.58104877 0.45 0.45 0.45 0.45000007 1.004 1.004 1.004 1.004 0.81816615 0.818 0.818 0.818 0.818 0.818 0.882 0.882 0.882 0.882 0.88154169 0.756 0.756 0.756 0.814 0.026040791 0.24 0.24 0.24 0.24287147 -0.1662371 -0.146 -0.146 -0.146 -0.914 -0.914 -0.644 -0.644 -0.644 -0.578 -0.578 -0.578 -0.578 -0.476 -0.476
0.051875132 0.052 0.052 0.052000006 0.684 0.58200263 0.582 0.582 0.582 0.582 0.49224522 0.45000727 0.45000002 1.004 1.004 1.004 1.004 1.004 1.0165638 0.818 0.818 0.818 0.818 0.818 0.84817496 0.84800018 0.848 0.848 0.848 0.756 0.814 0.814 0.814 0.814 0.24 0.240007 0.506 0.506 -0.13785881 -0.146 -0.146 -0.146 -0.914 -0.914 -0.6858053 -0.644 -0.644 -0.578 -0.578 -0.578 -0.57690629 -0.476 -0.476
0.052 0.052 0.052 0.34961823 0.684 0.684 0.582 0.582 0.582 0.582 1.008 1.008 1.008 1.004 1.004 1.004 1.004 1.0040906 1.434 1.434 0.81800025 0.818 0.81722093 0.786 0.78655816 0.848 0.848 0.848 0.848 0.81400346 0.814 0.814 0.814 0.814 0.50599906 0.506 0.506 0.506 0.50370984 -0.146 -0.146 -0.146 -0.914 -0.914 -0.914 -0.644 -0.644 -0.578 -0.578 -0.578 -0.476 -0.476 -0.476
0.052 0.052 0.052 0.684 0.684 0.684 0.68399984 0.582 0.582 1.0075602 1.008 1.008 1.008 1.0079975 1.4475635 1.552 1.552 1.552 1.434 1.434 1.434 0.786 0.786 0.786 0.78598936 0.79554757 0.848 0.848 0.848 0.96443684 0.9979819 0.998 0.998 0.998 0.52823993 0.55799988 0.558 0.558 0.558 -0.53394691 -0.534 -0.534 -0.914 -0.914 -0.70400088 -0.70399994 -0.534 -0.534 -0.148 -0.148 -0.148 -0.476 -0.16228075
0.052001266 0.052 0.052000023 0.684 0.684 0.684 0.684 0.65999998 0.58231187 1.0078041 1.008 1.008 1.008 1.0090675 1.552 1.552 1.552 1.552 1.434 1.434 1.434 0.786 0.786 0.786 0.748 0.748 1.11 1.11 1.11 1.109389 0.998 0.998 0.998 0.998 0.77812082 0.558 0.558 0.558 0.558 -0.534 -0.534 -0.534 -0.53934885 -0.704 -0.704 -0.704 -0.534 -0.534 -0.148 -0.148 -0.148 -0.162 -0.162
0.46 0.28401535 0.75 0.74998085 0.684 0.66013886 0.66 0.66 0.70955549 0.792 0.792 0.792 0.792 1.5139765 1.514 1.552 1.552 1.5488909 1.434 1.434 1.434 1.07 1.07 1.07 0.748 0.748 1.11 1.11 1.11 1.1100002 1.3859975 1.3859989 1.0077518 0.99841596 0.64240693 0.642 0.642 0.642 0.642 -0.534 -0.534 -0.534 -0.69463881 -0.704 -0.704 -0.70400002 -0.534 -0.534 -0.53398611 -0.148 -0.14802021 -0.6 -0.162
0.59397455 0.59400003 0.75 0.75 0.75 0.66 0.66 0.66 0.796 0.796 0.792 0.792 0.792 1.514 1.514 1.514 1.514 1.5139913 1.434 1.434 1.434 1.07 1.07 1.07 0.748 0.748 1.11 1.11 1.11 1.3828881 1.386 1.386 1.386 1.386 0.64236712 0.642 0.642 0.642 0.642 0.15199982 0.152 0.152 0.152 -0.70400097 -0.83 -0.83 -0.83 -0.796 -0.796 -0.796 -0.6 -0.6 -0.6
0.594 0.594 0.75 0.75 0.75 0.66047306 0.66 0.796 0.796 0.796 0.79200049 0.792 0.61550106 1.5139998 1.514 1.514 1.514 0.492 0.492 0.492 0.97 0.97000007 1.0699995 1.07 1.0698527 0.974 0.974 0.97400032 1.109978 1.2120347 1.2120009 1.2120304 1.3857026 1.3858498 0.77439465 0.642 0.6420067 0.644 0.644 0.152 0.152 0.152 0.152 -0.83 -0.83 -0.83 -0.83 -0.796 -0.796 -0.796 -0.6 -0.6 -0.6
0.594 0.594 0.75 0.75 0.75 0.75 0.71090083 0.796 0.796 0.796 0.79587848 0.576 0.576 0.576 1.5084722 1.514 0.49881036 0.492 0.492 0.492 0.97 0.97 0.97 0.97 0.974 0.974 0.974 0.974 0.974 1.212 1.212 1.212 1.212 1.2119984 0.468 0.644 0.644 0.644 0.644 0.64399668 -0.328 -0.328 -0.328 -0.46142035 -0.738 -0.738 -0.738 -0.796 -0.79600004 -0.834 -0.834 -0.15210899 -0.152
0.594 0.594 0.69369495 0.75 0.75 0.75 0.54045428 0.79519323 0.796 0.796 0.57599994 0.576 0.576 0.576 0.576 0.65287234 0.492 0.492 0.492 0.492 0.9699963 0.97 0.97 0.97 0.974 0.974 0.974 0.974 0.974 0.23509962 1.212 1.212 1.212 0.468 0.468 0.46813667 0.644 0.644 0.19940497 -0.14599993 -0.328 -0.328 -0.328 -0.45975052 -0.738 -0.738 -0.738 -0.756 -0.83302813 -0.834 -0.834 -0.152 -0.152
0.662 0.662 0.662 0.72793598 0.74938733 0.54 0.54 0.54 0.54 0.314 0.314 0.57599998 0.576 0.576 0.576 0.57599464 0.492 0.492 0.492 0.492 0.76141631 0.97 0.97 0.95864204 0.55550365 0.974 0.974 0.974 -0.11 -0.11 -0.11 -0.10999445 0.468 0.468 0.468 0.468 -0.146 -0.146 -0.146 -0.146 -0.544 -0.544 -0.544 -0.74599594 -0.746 -0.746 -0.746 -0.756 -0.756 -0.83390496 -0.834 -0.15200151 -0.152
0.662 0.662 0.662 0.66198212 0.33 0.36053745 0.54 0.54 0.54 0.314 0.314 0.314 -0.34599996 -0.346 -0.346 -0.34599999 0.48975418 0.492 0.492 0.492 0.49922449 0.53600119 0.536 0.536 0.536 0.53599998 -0.26199999 -0.262 -0.11 -0.11 -0.11 -0.11 0.46799977 0.468 0.468 0.46797442 -0.146 -0.146 -0.146 -0.1461667 -0.544 -0.544 -0.544 -0.74599063 -0.746 -0.746 -0.746 -0.756 -0.756 -0.75599996 -0.452 -0.452 0.014
0.662 0.662 0.662 0.33000077 0.33 0.33 0.53999992 0.54 0.54 0.314 0.314 0.314 -0.346 -0.346 -0.346 -0.37554991 -0.734 -0.734 -0.73399683 0.48507523 0.536 0.536 0.536 0.536 0.536 0.53539946 -0.262 -0.262 -0.262 -0.11 -0.11 -0.11007209 0.154 0.154 0.154 -0.226 -0.226 -0.184 -0.184 -0.184 -0.606 -0.54401945 -0.54399782 -0.252 -0.252 -0.27072204 -0.74599871 -0.756 -0.756 -0.452 -0.452 -0.452 0.014
0.662 0.662 0.662 0.33 0.33 0.33 0.33 0.54 0.54 0.314 0.314 -0.31960952 -0.346 -0.346 -0.346 -0.734 -0.734 -0.734 -0.734 -0.734 0.536 0.536 0.536 0.536 0.536 -0.26199728 -0.262 -0.262 -0.262 -0.222 -0.222 -0.222 0.154 0.154 0.154 -0.226 -0.226 -0.184 -0.184 -0.606 -0.606 -0.606 -0.252 -0.252 -0.252 -0.252 -0.26185768 -0.372 -0.372 -0.372 -0.452 -0.418 -0.418
0.662 0.662 0.66153768 0.33 0.33 0.33 0.33 0.032972328 0.018 0.018508192 0.31399996 -0.3460201 -0.346 -0.346 -0.34600134 -0.734 -0.734 -0.734 -0.734 -0.734 -1.1538198 0.536 0.536 0.536 0.53592132 -0.26197659 -0.262 -0.262 -0.262 -0.222 -0.222 -0.222 -0.22194414 0.154 -0.226 -0.226 -0.226 -0.22599828 -0.18402878 -0.606 -0.606 -0.606 -0.25202149 -0.252 -0.252 -0.252 -0.37199917 -0.372 -0.372 -0.372 -0.418 -0.418 -0.418
0.764 0.76399982 0.33018993 0.33 0.33 0.33 0.01806639 0.018 0.018 0.018 -0.58599998 -0.586 -0.586 -0.586 -0.73331689 -0.734 -0.734 -0.734 -0.734 -1.2259997 -1.226 -1.226 0.15400006 0.154 0.154 0.154 0.11809385 -0.262 -0.028009584 -0.028 -0.028 -0.028 -0.028 -0.238 -0.238 -0.238 -0.238 -0.238 -0.398 -0.398 -0.398 -0.398 -0.398 -0.28994272 -0.29 -0.29 -0.29 -0.372 -0.372 -0.372 -0.41799275 -0.418 -0.418
0.764 0.764 0.76066763 0.36599993 0.36599999 0.36566074 0.018 0.018 0.018 0.018 -0.586 -0.586 -0.586 -0.586 -0.586 -0.734 -0.734 -0.734 -1.2259999 -1.226 -1.226 -1.226 0.154 0.154 0.154 0.154 0.154 0.1539118 -0.027784523 -0.027999998 -0.028 -0.028 -0.027913438 0.077197302 -0.23767363 -0.238 -0.238 -0.23799999 -0.398 -0.398 -0.398 -0.398 -0.398 -0.29 -0.29 -0.29 -0.29 -0.3283448 -0.372 -0.19598593 -0.194 -0.258 -0.258
0.764 0.764 0.36605041 0.366 0.366 0.366 0.27760947 0.018 0.018 0.018 -0.586 -0.586 -0.586 -0.586 -0.586 -0.73389253 -0.734 -1.2258557 -1.226 -1.226 -1.226 -1.226 -0.35722994 0.154 0.154 0.154 0.154 0.15426649 0.53 0.53 0.53 0.53 0.53 0.318 0.318 0.318 0.318 0.318 -0.398 -0.398 -0.398 -0.398 -0.398 -0.28931633 -0.28999986 -0.29 -0.28995254 -0.28427522 -0.194 -0.194 -0.194 -0.25799964 -0.258
0.76399962 0.56397718 0.36600003 0.366 0.366 0.366 0.366 0.018148175 0.018 0.018 -0.586 -0.586 -0.586 -0.586 -1.2763188 -1.292 -1.292 -1.2260017 -1.226 -1.226 -1.226 -1.226 -1.2259999 0.154 0.154 0.154 0.154 1.0439995 1.0439998 0.93460831 0.53 0.53 0.53 0.318 0.318 0.318 0.318 0.31812868 -0.398 -0.398 -0.398 -0.398 -0.39795817 -0.01 -0.01 -0.01 -0.01 -0.010014839 -0.194 -0.194 -0.194 -0.19399976 0.19916647
0.56 0.56 0.41866342 0.366 0.366 0.366 0.366 0.366 0.018146406 -0.79799999 -0.798 -0.798 -0.79749688 -1.291999 -1.292 -1.292 -1.292 -1.292 -1.2259986 -1.2141016 -1.11 -1.11 -1.11 -0.79086942 0.10869941 -0.13369545 -0.33739721 1.044 1.044 1.044 1.044 1.044 1.0221084 0.51078339 0.508 0.508 0.508 0.508 -0.29543179 0.14799902 0.148 0.148 0.148 0.1619995 -0.0099999552 -0.01 -0.01 0.524 -0.1939885 -0.194 -0.194 0.206 0.206
0.56 0.56 -0.15199999 -0.152 -0.152 0.36582745 0.366 0.366 -0.798 -0.798 -0.798 -0.798 -0.798 -1.292 -1.292 -1.292 -1.292 -1.292 -1.11 -1.11 -1.11 -1.11 -1.11 -0.41200004 -0.412 -0.412 -0.412 1.044 1.044 1.044 1.044 1.044 0.756 0.756 0.508 0.508 0.508 0.31803236 0.318 0.148 0.148 0.148 0.14800002 0.162 0.162 0.162 0.524 0.524 0.524 0.352 0.352 0.206 0.206
0.56 0.56 -0.152 -0.152 -0.152 -0.152 -0.15200574 -1.198 -0.79837661 -0.798 -0.798 -0.798 -0.798 -1.2858378 -1.292 -1.292 -1.292 -1.292 -1.11 -1.11 -1.11 -1.11 -1.11 -0.412 -0.412 -0.412 -0.412 -0.4119941 1.044 1.044 1.044 0.7560151 0.756 0.756 0.756 0.508 0.318 0.318 0.318 0.31352698 0.2677072 0.29 0.29 0.162 0.162 0.162 0.524 0.524 0.524 0.352 0.352 0.352 0.19150854
0.266 0.26600231 -0.152 -0.152 -0.152 -0.152 -1.198 -1.198 -1.198 -0.798 -0.798 -0.798 -0.798 -0.79815357 -1.292 -1.292 -1.292 -1.292 -1.1100033 -1.11 -1.11 -1.11 -0.53497264 -0.412 -0.412 -0.412 -0.412 -0.21200016 -0.212 -0.21199999 1.030509 0.756 0.756 0.756 0.75599944 0.17200001 0.318 0.318 0.318 0.318 0.29 0.29 0.29 0.018 0.018 0.018 -0.28992073 0.524 0.524 0.352 0.352 0.352 0.18999764
