interpolatedSpi/07-10|21_3.tif
NCOLS 53
NROWS 52
XLLCORNER -116.03883
YLLCORNER 28.596182
DX 0.49850594
DY 0.49788537
NODATA_VALUE -9999
[rows 0 to 39 of 52, columns 0 to 52 of 53]
-1.415 -1.415 -1.6947607 -1.4675 -1.44 -1.765 -1.3175 -1.3575 -1.5331129 -1.45 -1.82 -1.2925 -1.925001 -1.9375 -1.7525 -1.7525 -1.7525 -0.7125 -1.2475 -1.2475 -1.2475 -1.2474867 0.13499998 -1.7825 -1.7825 -1.7825 -1.7249913 -1.725 -1.725 -0.5675 -0.5675 -0.5675 -0.5675 -0.77499996 -0.775 -0.775 -0.775 -0.775 -0.775 -0.77500003 -2.0265191 -2.0394525 0.11 0.11 0.11 0.11 0.11042875 0.3725 0.3725 0.3725 0.1300005 0.13 0.13
-1.4150323 -2.1425 -1.4399992 -1.4464153 -1.8499325 -1.0975 -1.515 -1.6470311 -2.035 -1.625 -1.6375 -1.925 -1.925 -1.4840172 -1.9374929 -1.7525 -0.7125 -0.7125 -1.2468024 -1.2475 -1.2475 -1.2475 -1.7597345 -1.7825 -1.7825 -1.7825 -1.76 -1.76 -0.5675 -0.5675 -0.5675 -0.5675 -0.5675 -0.77499997 -0.775 -0.775 -0.775 -0.775 -0.77500002 -0.78253839 -0.79501517 0.00018521374 0.11 0.11 0.11 0.11 0.11 0.3725 0.3725 0.3725 0.35239167 0.13 0.13
-1.7149779 -1.715 -0.7625 -0.975 -0.87 -1.4 -0.755 -1.315 -1.8425 -1.6575 -1.6325 -2.01 -1.52 -1.4275 -1.4825 -1.965 -0.7125 -0.7125 -0.7125 -1.1400313 -1.14 -1.14 -1.35 -1.7825 -1.7825 -1.7825 -1.76 -1.76 -1.76 -0.5675 -0.5675 -0.5675 -0.52417399 -0.775302 -0.77758293 -1.0499571 -1.0525 -1.0525 -1.0201133 -0.795 -0.795 -0.79384273 0.11 0.11 0.11 0.11 0.11 0.3725 0.3725 0.3725 0.3725 0.13 0.13
-0.0525 -1.7149998 -0.58991 -0.205 -0.5425 -0.8275 -0.7275 -1.1625 -0.7375 -1.2851697 -1.4275 -1.655 -1.62 -1.4275 -1.31 -1.965 -2.0964862 -2.0965296 -1.755 -1.14 -1.14 -1.3075 -1.35 -1.35 -1.7825 -1.7824999 -1.76 -1.76 -1.76 -0.7 -0.57791921 -0.4775 -0.4775 -0.47750045 -1.0525 -1.0525 -1.0525 -1.0525 -0.795 -0.795 -0.795 -0.79499997 0.11 0.11 0.11 0.11 0.11 0.37249669 0.3725 0.3725 0.3725 0.1299604 0.13
-0.0525 -0.052500986 -0.59 -0.88531766 -0.5425 -0.5225 -1.4124553 -1.395 -1.6325 -0.92750041 -1.4252773 -1.6624989 -1.655 -1.31 -1.31 -1.7503411 -2.0975 -2.0975 -1.755 -1.755 -1.1400003 -1.3075 -1.315 -1.0925 -1.17 -1.1698312 -1.76 -1.76 -0.7 -0.7 -0.4775 -0.4775 -0.4775 -0.49777147 -1.0525 -1.0525 -1.0525 -0.795 -0.795 -0.795 -0.795 -0.79503934 0.10999998 0.11 0.11 0.11 0.11 0.11233658 0.3725 0.37243476 -1.0825 -1.0825 -1.0825
-1.6475 -0.6725 -0.47000001 -0.725 -0.6675 -0.6225 -1.3025 -1.3143426 -1.115 -0.8125 -0.57 -0.43 -0.43000081 -1.405 -1.405 -1.857296 -1.8575 -1.8375 -1.8375 -1.7549993 -0.62 -0.62 -1.0925 -1.17 -1.17 -0.4475 -0.365 -0.365 -0.35753093 -0.7 -0.4775 -0.4775 -0.585 -0.58493052 0.079952182 -0.56 -0.56 -0.72229739 -0.795 -0.795 -1.2019918 -1.2025 -1.2024984 -1.6533133 -1.6848016 -1.6849995 -1.6849999 -1.6849993 -0.58101917 -1.0825 -1.0825 -1.0825 -1.0825
-0.43500547 -0.8 -0.71661585 -0.4175 -0.5075 -1.1525 -0.4575 -0.6175 -0.865 -0.865 -0.57 -1.0575 -1.5299999 -1.405 -1.0125012 -1.0125 -1.8575 -0.8025 -0.94 -0.94 -0.75077601 -0.8975 -0.8975 -0.31000001 -0.4475 -0.4475 -0.365 -0.365 -0.35749272 -0.35736589 0.23355618 -0.585 -0.585 0.08 0.08 -0.68254401 -0.56 -0.56 -1.0324836 -1.2024998 -1.2025 -1.2025 -1.2024893 -1.6849925 -1.685 -1.685 -1.685 -1.6849993 -0.5275 -1.08239 -1.0825 -1.0825 -1.0825
-0.435 -0.085 -0.0675 -0.87 -0.75500659 -0.8175 -0.325 -1.3975 -1.1925 -0.7775 -0.7775 -1.2525 -1.53 -1.53 -1.0160505 -1.0603147 -1.065 -0.665 -0.86250008 -0.94 -0.046981536 -0.0525 0.415 0.3 0.30000116 0.39 -0.8125 -0.81249984 -0.23293802 -0.23249999 0.235 -0.27321956 -0.41 0.08 0.056969131 -0.785 -0.785 -1.0325 -1.0325 -1.2025 -1.2025 -1.2025 -0.33786036 -0.33750007 -1.685 -1.685 -1.685 -0.52754406 -0.5275 -0.5275 -1.0825 -1.0825 -1.0825
0.014752967 -0.084999992 0.4725 -0.26 0.01 -0.485 -0.675 -0.78 -1.135 -1.0692114 -1.1725 -1.3925 -1.3925 -1.335 -1.3349944 -0.58384477 -0.5825 -0.5825 -0.69514868 0.14499997 0.0125 0.012499999 0.005 0.25342574 0.38093038 0.39 -0.9075 -0.8125 -0.1439079 -0.14 -0.235 0.19 0.3750898 -0.4375 -0.7275 -0.7725 -0.8975 -0.845 -0.83250577 -1.1994981 -0.53 -0.28 -0.33746785 -0.3375 -0.34508446 -1.685 -1.6175 -0.52750001 -0.5275 -0.5275 -0.5275 -1.1488002 -0.5275
0.5725 0.5725 0.5775 0.315 0.11 -0.6 -1.2025 -0.6275 -0.5925 -1.052521 -1.4125 -0.76 -1.335 -1.335 -0.7375 -0.7353741 -0.5825 -0.58242266 -0.2575 0.145 0.145 0.12792955 0.005 -0.18249645 -0.1825 -0.1825 -0.9075 -0.2175 -0.2175 -0.14 -0.14 0.19069701 0.5575 -0.4375 -0.1775 -0.7725 -0.8975 -0.64 -0.8325 -1.26045 -0.28000001 -0.22857249 -0.14 -0.3375 -0.3375 -1.6175 -1.6175 -1.6175 -0.5275 -0.5275 -1.615 -1.615 -1.6149996
0.5725 0.5725 -0.07 -0.1625 -0.8375 0.1075 -0.32750001 -1.0649766 -1.0775 -0.965 -1.21 -1.3875 -0.76083624 -0.7375 -0.7375 -0.73742761 -0.11 -0.11774149 -0.2575 -0.8525 -0.8525 -0.0175 -0.0175 -0.1825 -0.1825 -0.1825 -0.2175 -0.2175 -0.2175 0.47 0.47 0.47000014 -0.24 -0.24 -0.6375 -0.5725 -0.3375 -1.0949857 -1.22 -1.2675 -1.2675 -0.9299974 -0.14 -0.3375 -0.87750033 -1.4625 -1.1644596 -1.1625 -0.9375 -0.9375 -1.615 -1.615 -1.615
0.5725 0.29500656 -0.10947305 -0.77498708 -0.4525 -0.5025 -0.3275 -1.065 -1.0774999 -0.96624636 -1.3874995 -1.3875 -0.765 -0.7375 -0.7375 -0.11000002 -0.11 -0.11000839 -0.2575 -0.8525 -0.68852299 -0.0175 -0.0175 -0.18249439 -0.1825 -0.2581055 -0.4125 -0.4125 -0.41249998 0.47 0.47 -0.065 -0.065 -0.24000109 -0.6375 -0.57250002 -0.18917286 -1.095 -1.095 -1.2675 -0.93 -0.93 -0.9299995 -0.8775 -0.8775 -1.4625 -1.1625 -1.1625 -0.9375 -0.9375 -1.615 -1.615 -1.615
-0.85 -0.48823669 -0.52248668 -0.52432382 -0.45250041 -0.50249882 -0.3275 -1.0559218 -1.0766386 -1.0745623 -0.765 -0.765 -0.765 -0.765 -0.7375039 -0.11 -0.11 -0.11190446 -0.2575 -0.85256925 -1.105 -1.105 -1.105 -1.105 -0.19829679 -0.4125 -0.4125 -0.4125 -0.4125 -0.41204123 -0.065 -0.065 -0.065 -0.065 -0.5725 -0.5725 -0.5725 -1.0678439 -1.0960327 -1.2325 -1.2325 -0.93001627 -1.4999787 -0.87755996 -0.8775 -1.4625 -1.1625 -1.1625 -0.93750001 -0.9375 -1.6125421 -1.615 -0.87721367
-0.85 -0.5225 -0.5225 -0.5225 -0.5225 -0.52249999 -0.32794793 -0.67645919 -1.0743405 -0.76533379 -0.765 -0.765 -0.765 -0.765 -0.76500023 -0.11000001 -0.11000002 -0.12011749 -0.25750069 -1.105 -1.105 -1.105 -1.105 -1.105 -1.094351 -0.55047786 -0.61499996 -0.615 -0.615 -0.615 -0.065000001 -0.065 -0.0650004 -0.3975 -0.3975 -0.5725 -0.56520856 -0.565 -1.2324996 -1.2325 -1.2325 -1.2325 -1.5 -1.5 -1.5 -1.499739 -1.8505567 -1.855 -1.855 -1.855 -1.855 -0.79250017 -0.7925
-1.275 -0.5225 -0.5225 -0.5225 -0.5225 -0.5225 -0.52249999 -0.60576628 -1.0798736 -1.08 -1.08 -1.08 -1.08 -1.08 -1.08 -0.85209367 -0.12171688 -0.1301979 -1.1048934 -1.105 -1.105 -1.105 -1.105 -1.1049997 -0.6125 -0.6125 -0.6125 -0.615 -0.615 -0.61408388 -0.1575 -0.1575 -0.3975 -0.3975 -0.3975 -0.53816811 -0.565 -0.565 -0.565 -1.2325 -1.2325 -1.2325 -1.5 -1.5 -1.5 -1.5 -1.855 -1.855 -1.855 -1.855 -1.855 -0.7925 -0.7925
-1.275 -0.9948528 -0.5225 -0.5225 -0.5225 -0.5225 -0.86743229 -0.8675 -0.86750001 -1.08 -1.08 -1.08 -1.08 -1.08 -1.0287089 -0.8475 -0.8475 -0.8475 -0.86822313 -0.86750024 -0.8675 -0.8675 -0.8675 -0.8675 -0.6125 -0.6125 -0.6125 -0.6125 -0.615 -0.1575 -0.1575 -0.1575 -0.39749998 -0.3975 -0.3975 -0.0825 -0.56436116 -0.565 -0.565 -1.2323503 -0.93407722 -0.23798131 -1.5 -1.5 -1.4028009 -1.4025 -1.4025 -1.8533152 -0.83358191 -0.83000009 -0.83000019 0.1023643 -0.79249818
-1.275 -0.81275723 -0.66292778 -0.5225 -0.5225 -0.86729616 -0.8675 -0.8675 -0.8675 -0.86903134 -1.08 -1.08 -1.08 -1.08 -0.8475 -0.8475 -0.8475 -0.8475 -0.86748213 -0.8675 -0.8675 -0.8675 -0.8675 -0.8675 -0.61250001 -0.6125 -0.6125 -0.6125 -0.61084501 -0.1575 -0.1575 -0.1575 -0.025000003 -0.39745897 -0.0825 -0.0825 -0.0825 -0.076462519 -0.25586847 -0.235 -0.235 -0.235 -0.855 -0.855 -1.4025 -1.4025 -1.4025 -0.83000001 -0.83 -0.83 -0.83 0.1025 0.1025
-0.80032281 -0.8 -0.8 -0.8 -0.5475 -0.86749175 -0.8675 -0.8675 -0.8675 -0.8675 -1.045742 -1.0799941 -1.08 -0.8475 -0.8475 -0.8475 -0.8475 -0.8475 -0.85538072 -0.8675 -0.8675 -0.8675 -0.8675 -0.8675 -0.61795156 -0.4100011 -0.41 -0.41 -0.41 -0.15749999 -0.025000002 -0.025 -0.025 -0.025 -0.0825 -0.08248545 0.47 0.47 -0.22619702 -0.235 -0.235 -0.235 -0.855 -0.855 -1.3177281 -1.4025 -1.4025 -0.83 -0.83 -0.83 -0.82000118 0.1025 0.1025
-0.8 -0.8 -0.8 -0.68109398 -0.5475 -0.5475 -0.8675 -0.8675 -0.8675 -0.8675 -0.6275 -0.6275 -0.6275 -0.8475 -0.8475 -0.8475 -0.8475 -0.84744051 -0.9475 -0.9475 -0.86750003 -0.8675 -0.86129182 -0.6125 -0.61067698 -0.41 -0.41 -0.41 -0.41 -0.025039203 -0.025 -0.025 -0.025 -0.025 0.46999806 0.47 0.47 0.47 0.46748451 -0.235 -0.235 -0.235 -0.855 -0.855 -0.855 -1.4025 -1.4025 -0.82999999 -0.83 -0.83 0.1025 0.1025 0.1025
-0.8 -0.8 -0.8 -0.5475 -0.5475 -0.5475 -0.54750049 -0.8675 -0.8675 -0.62774775 -0.6275 -0.6275 -0.6275 -0.62763706 -0.55610793 -0.4875 -0.4875 -0.4875 -0.9475 -0.9475 -0.9475 -0.6125 -0.6125 -0.6125 -0.61242016 -0.36672674 -0.41 -0.41 -0.41 -0.04201806 -0.034999016 -0.035 -0.035 -0.035 0.20981657 -0.15499858 -0.155 -0.155 -0.155 -0.16500958 -0.165 -0.165 -0.855 -0.855 -0.48750153 -0.48749982 0.0325 0.0325 0.39 0.39 0.39 0.1025 1.0816238
-0.79999624 -0.8 -0.79999999 -0.5475 -0.5475 -0.5475 -0.54749999 0.032499738 -0.86390145 -0.62689246 -0.6275 -0.6275 -0.6275 -0.62722528 -0.4875 -0.4875 -0.4875 -0.48750013 -0.9475 -0.9475 -0.9475 -0.6125 -0.6125 -0.6125 -0.3275 -0.3275 -0.365 -0.365 -0.365 -0.36319975 -0.035 -0.035 -0.035 -0.035 -0.094967115 -0.155 -0.155 -0.155 -0.155 -0.165 -0.165 -0.165 -0.17514708 -0.4875 -0.4875 -0.4875 0.0325 0.0325 0.39 0.39 0.39 1.0825 1.0825
0.41 -0.1519185 -0.13 -0.13012112 -0.5475 0.02914414 0.0325 0.0325 0.071670703 0.042500002 0.0425 0.0425 0.0425 0.2299939 0.23 -0.48749945 -0.4875 -0.49962032 -0.9475 -0.9475 -0.9475 0.49 0.49 0.49 -0.3275 -0.3275 -0.365 -0.365 -0.365 -0.36499984 -0.14749928 -0.14749968 -0.037827519 -0.035120608 -0.5344274 -0.535 -0.535 -0.535 -0.535 -0.165 -0.165 -0.165 -0.46974203 -0.4875 -0.4875 -0.48749991 0.0325 0.0325 0.032512869 0.39 0.38997764 -0.11 1.0825
0.030072163 0.029999972 -0.13 -0.13 -0.13 0.0325 0.0325 0.0325 0.14 0.14 0.0425 0.0425 0.0425 0.23 0.23 0.23 0.23 0.2298666 -0.9475 -0.9475 -0.94749994 0.49 0.49 0.49 -0.3275 -0.3275 -0.365 -0.365 -0.365 -0.14995233 -0.1475 -0.1475 -0.1475 -0.1475 -0.53480879 -0.535 -0.535 -0.535 -0.535 -0.0050000416 -0.005 -0.005 -0.005 -0.48749616 0.0125 0.0125 0.0125 0.0125 0.0125 0.0125 -0.11 -0.11 -0.11
0.03 0.03 -0.13 -0.13 -0.13 0.031645871 0.0325 0.14 0.14 0.14 0.042512002 0.0425 0.20592494 0.23 0.23 0.23 0.23 0.2525 0.2525 0.2525 -0.53499998 -0.53499924 0.48999501 0.49 0.48900568 -0.8 -0.8 -0.79999896 -0.3650703 -0.142501 -0.14250003 -0.14250087 -0.14749145 -0.14749569 -0.46598166 -0.53499986 -0.53379356 -0.175 -0.175 -0.005 -0.005 -0.005 -0.005 0.0125 0.0125 0.0125 0.0125 0.0125 0.0125 0.0125 -0.11 -0.11 -0.11
0.03 0.03 -0.13 -0.13 -0.13 -0.13 0.07273411 0.14 0.14 0.14 0.14005662 0.2425 0.2425 0.2425 0.23007367 0.23 0.25235007 0.2525 0.2525 0.2525 -0.535 -0.535 -0.535 -0.535 -0.8 -0.8 -0.8 -0.8 -0.8 -0.1425 -0.1425 -0.1425 -0.1425 -0.14250048 -0.3725 -0.175 -0.175 -0.175 -0.175 -0.17499979 -0.135 -0.135 -0.135 -0.27736494 -0.5725 -0.5725 -0.5725 0.012499983 0.012499355 -0.6525 -0.6525 -0.57738627 -0.5775
0.03 0.03 -0.072251235 -0.13 -0.13 -0.12999999 0.52930793 0.14122906 0.14 0.14 0.24250013 0.2425 0.2425 0.2425 0.2425 0.2414769 0.2525 0.2525 0.2525 0.2525 -0.53499391 -0.535 -0.535 -0.535 -0.8 -0.8 -0.8 -0.8 -0.8 -0.50643604 -0.1425 -0.1425 -0.1425 -0.3725 -0.3725 -0.37234664 -0.175 -0.175 -0.10465269 -0.050000011 -0.135 -0.135 -0.135 -0.27250545 -0.5725 -0.5725 -0.5725 0.2475 -0.64128609 -0.6525 -0.6525 -0.5775 -0.5775
-0.0325 -0.0325 -0.0325 -0.10555407 -0.12895382 0.53 0.53 0.53 0.53 0.8725 0.8725 0.24250004 0.2425 0.2425 0.2425 0.24250065 0.2525 0.2525 0.2525 0.2525 -0.19136055 -0.535 -0.535 -0.54501018 -0.91226785 -0.8 -0.8 -0.8 -0.635 -0.635 -0.635 -0.63499793 -0.3725 -0.3725 -0.3725 -0.3725 -0.05 -0.05 -0.05 -0.05 -0.07 -0.07 -0.07 0.28999276 0.29 0.29 0.28999973 0.2475 0.2475 -0.6514034 -0.6525 -0.5774945 -0.5775
-0.0325 -0.0325 -0.0325 -0.032466882 0.5825 0.57486564 0.53 0.53 0.53 0.8725 0.8725 0.8725 0.59749999 0.5975 0.5975 0.59749999 0.25248168 0.2525 0.2525 0.2525 0.24053782 -0.91749895 -0.9175 -0.9175 -0.9175 -0.91750001 -1.2875 -1.2875 -0.635 -0.635 -0.635 -0.635 -0.37249959 -0.3725 -0.3725 -0.37245398 -0.050000013 -0.05 -0.05 -0.052006975 -0.07 -0.07 -0.07 0.28998331 0.29 0.29 0.29 0.2475 0.2475 0.24750004 0.5125 0.5125 0.7125
-0.0325 -0.0325 -0.0325 0.58249858 0.5825 0.5825 0.53000002 0.53 0.53 0.8725 0.8725 0.8725 0.5975 0.5975 0.5975 0.57046336 0.2425 0.2425 0.24250003 0.25244351 -0.9175 -0.9175 -0.9175 -0.9175 -0.9175 -0.91777844 -1.2875 -1.2875 -1.2875 -0.635 -0.635 -0.63533792 0.1925 0.1925 0.1925 -0.595 -0.595 -0.5075 -0.5075 -0.5075 -0.3225 -0.070079202 -0.069999104 0.05 0.05 0.059095727 0.28999929 0.2475 0.2475 0.5125 0.5125 0.5125 0.7125
-0.0325 -0.0325 -0.0325 0.5825 0.5825 0.5825 0.5825 0.53 0.53 0.8725 0.8725 0.60849603 0.5975 0.5975 0.5975 0.2425 0.2425 0.2425 0.2425 0.2425 -0.9175 -0.9175 -0.9175 -0.9175 -0.9175 -1.2874987 -1.2875 -1.2875 -1.2875 -1.16 -1.16 -1.16 0.1925 0.1925 0.1925 -0.595 -0.595 -0.5075 -0.5075 -0.3225 -0.3225 -0.3225 0.05 0.05 0.05 0.05 0.086144827 0.49 0.49 0.49 0.51250001 0.9975 0.9975
-0.0325 -0.0325 -0.031643585 0.5825 0.5825 0.5825 0.5825 1.1584671 1.1875 1.1869592 0.87249999 0.59750314 0.5975 0.5975 0.59749877 0.2425 0.2425 0.2425 0.2425 0.2425 -0.20297579 -0.9175 -0.9175 -0.9175 -0.91734655 -1.2874373 -1.2875 -1.2875 -1.2875 -1.16 -1.16 -1.16 -1.1597987 0.1925 -0.595 -0.595 -0.595 -0.59499615 -0.50748738 -0.3225 -0.3225 -0.3225 0.049977386 0.05 0.05 0.05 0.48999768 0.49 0.49 0.49 0.9975 0.9975 0.9975
-0.215 -0.21499968 0.5821484 0.5825 0.5825 0.5825 1.1873713 1.1875 1.1875 1.1875 0.63500001 0.635 0.635 0.635 0.24431153 0.2425 0.2425 0.2425 0.2425 -0.17249975 -0.1725 -0.1725 -0.17250012 -0.1725 -0.1725 -0.1725 -0.26873884 -1.2875 -0.42003553 -0.42 -0.42 -0.42 -0.42 -0.245 -0.245 -0.245 -0.245 -0.245 0.235 0.235 0.235 0.235 0.235 0.26217967 0.2625 0.2625 0.2625 0.49 0.49 0.49 0.99742005 0.9975 0.9975
-0.215 -0.215 -0.20708777 0.7299997 0.72999997 0.73044587 1.1875 1.1875 1.1875 1.1875 0.635 0.635 0.635 0.635 0.635 0.2425 0.2425 0.2425 -0.1724999 -0.1725 -0.1725 -0.1725 -0.1725 -0.1725 -0.1725 -0.1725 -0.1725 -0.17273618 -0.41998842 -0.42 -0.42 -0.42 -0.41999535 -0.29035213 -0.24504696 -0.245 -0.245 -0.245 0.235 0.235 0.235 0.235 0.235 0.2625 0.2625 0.2625 0.2625 0.36888345 0.49 -0.056335796 -0.0625 0.395 0.395
-0.215 -0.215 0.7298803 0.73 0.73 0.73 0.84620307 1.1875 1.1875 1.1875 0.635 0.635 0.635 0.635 0.635 0.24279533 0.2425 -0.17237832 -0.1725 -0.1725 -0.1725 -0.1725 -0.1725 -0.1725 -0.1725 -0.1725 -0.1725 -0.17265415 -0.39 -0.39 -0.39 -0.39 -0.39 -0.325 -0.325 -0.325 -0.325 -0.325 0.2125 0.2125 0.2125 0.2125 0.2125 0.26254273 0.26250001 0.2625 0.26250297 0.26281013 -0.0625 -0.0625 -0.0625 0.39499744 0.395
-0.21499973 -0.070375657 0.72999989 0.73 0.73 0.73 0.73 1.1873052 1.1875 1.1875 0.635 0.635 0.635 0.635 -0.083674652 -0.1 -0.1 -0.17249813 -0.1725 -0.1725 -0.1725 -0.1725 -0.17250001 -0.1725 -0.1725 -0.1725 -0.1725 -0.67249972 -0.67249987 -0.61237713 -0.39 -0.39 -0.39 -0.325 -0.325 -0.325 -0.325 -0.3251253 0.2125 0.2125 0.2125 0.2125 0.21248295 0.28 0.28 0.28 0.28 0.27997238 -0.0625 -0.0625 -0.0625 -0.062499538 0.68811859
-0.0675 -0.0675 0.15877088 0.73 0.73 0.73 0.73 0.73 1.1873037 0.69500001 0.695 0.695 0.69485761 -0.099998941 -0.1 -0.1 -0.1 -0.1 -0.17250048 -0.1766029 -0.2125 -0.2125 -0.2125 -0.20188043 -0.16429627 -0.12039968 -0.08370381 -0.6725 -0.6725 -0.6725 -0.6725 -0.6725 -0.65365285 -0.5034904 -0.51 -0.51 -0.51 -0.51 0.17070252 -0.0099996003 -0.01 -0.01 -0.01 -0.027499098 0.27999992 0.28 0.28 -0.0425 -0.06249968 -0.0625 -0.0625 0.6925 0.6925
-0.0675 -0.0675 0.465 0.465 0.465 0.72991173 0.73 0.73 0.695 0.695 0.695 0.695 0.695 -0.099999964 -0.1 -0.1 -0.1 -0.1 -0.2125 -0.2125 -0.2125 -0.2125 -0.2125 -0.070000007 -0.07 -0.07 -0.07 -0.6725 -0.6725 -0.6725 -0.6725 -0.6725 0.07 0.07 -0.51 -0.51 -0.51 0.084898672 0.085 -0.01 -0.01 -0.01 -0.0099999541 -0.0275 -0.0275 -0.0275 -0.0425 -0.0425 -0.0425 -0.03 -0.03 0.6925 0.6925
-0.0675 -0.0675 0.465 0.465 0.465 0.465 0.4650013 0.7025 0.69500706 0.695 0.695 0.695 0.695 -0.090083098 -0.1 -0.1 -0.1 -0.1 -0.2125 -0.2125 -0.2125 -0.2125 -0.2125 -0.07 -0.07 -0.07 -0.07 -0.07000243 -0.6725 -0.6725 -0.6725 0.069961072 0.07 0.07 0.07 -0.51 0.084999993 0.085 0.085 0.082500372 0.24711758 0.295 0.295 -0.0275 -0.0275 -0.0275 -0.0425 -0.0425 -0.0425 -0.03 -0.03 -0.03 0.567964
0.275 0.27499731 0.465 0.465 0.465 0.465 0.7025 0.7025 0.7025 0.695 0.695 0.695 0.695 0.69475286 -0.1 -0.1 -0.1 -0.1 -0.21249786 -0.2125 -0.2125 -0.21249999 -0.095094685 -0.07 -0.07 -0.07 -0.07 0.0074999367 0.0075 0.0074999925 -0.66517403 0.07 0.07 0.07 0.070000277 0.36 0.085 0.085 0.085 0.085000002 0.295 0.295 0.295 0.1475 0.1475 0.1475 -0.2149832 -0.0425 -0.0425 -0.029999998 -0.03 -0.03 0.55500301
0.275 0.275 0.465 0.465 0.465 0.7025 0.7025 0.7025 0.7025 0.69585791 0.695 0.695 0.695 0.69499883 0.49243181 0.4925 0.4925 0.4925 0.13201277 0.1825 0.1825 0.1825 0.1825 -0.07 -0.07 -0.07 -0.069994888 0.0075 0.0075 0.0075 0.0075 0.070027847 0.23311661 0.36 0.36 0.36 0.085150242 0.12499917 0.125 0.125 0.29494321 0.2225 0.2225 0.1475 0.1475 0.14749847 -0.215 -0.215 0.375 0.375 0.375 1.17 1.635
