interpolatedSpi/07-12|23_1.tif
NCOLS 53
NROWS 52
XLLCORNER -116.03883
YLLCORNER 28.596182
DX 0.49850594
DY 0.49788537
NODATA_VALUE -9999
[rows 0 to 28 of 52, columns 0 to 52 of 53]
-0.93833333 -0.93833333 -0.66247008 -0.88666667 -0.56 -1.0583333 -0.92 -0.83666667 -0.86661467 -1.2283333 -0.84833333 -1.0666667 -1.2999632 -0.85333333 -0.50666667 -0.50666667 -0.50666667 -0.72666667 -0.63833333 -0.63833333 -0.63833333 -0.63833577 -0.89166666 -0.21 -0.21 -0.21 -1.5849971 -1.585 -1.585 -1.3816667 -1.3816667 -1.3816667 -1.3816667 -0.65833348 -0.65833333 -0.65833333 -0.65833333 -0.65833333 -0.65833333 -0.65833333 -0.42089052 -0.41845885 -0.91166667 -0.91166667 -0.91166667 -0.91166667 -0.90975838 0.25666667 0.25666667 0.25666667 -0.17333244 -0.17333333 -0.17333333
-0.93834015 -1.0916667 -0.82500037 -0.85654203 -0.97345088 -1.1766667 -0.915 -0.60703189 -0.96833333 -0.635 -1.3883333 -1.3 -1.3 -0.92309992 -0.85333112 -0.50666667 -0.72666667 -0.72666667 -0.63844851 -0.63833333 -0.63833333 -0.63833333 -0.2269316 -0.21 -0.21 -0.21 -0.28999999 -0.29 -1.3816667 -1.3816667 -1.3816667 -1.3816667 -1.3816667 -0.65833344 -0.65833333 -0.65833333 -0.65833333 -0.65833333 -0.65833332 -0.56766271 -0.083381895 -0.81115524 -0.91166667 -0.91166667 -0.91166667 -0.91166667 -0.91166667 0.25666667 0.25666667 0.25666667 0.22101066 -0.17333333 -0.17333333
-0.24002312 -0.24 -1.1483333 -0.76666667 -1.1516667 -0.51 -0.375 -0.50666667 -0.78666667 -0.77833333 -0.85 -1.185 -1.1433333 -1.2516667 -0.92333333 -0.89166667 -0.72666667 -0.72666667 -0.72666667 -0.5850155 -0.585 -0.585 -0.53166667 -0.21 -0.21 -0.21 -0.29 -0.29 -0.29 -1.3816667 -1.3816667 -1.3816666 -1.0872103 -0.65805565 -0.65659587 -0.47337718 -0.47166667 -0.47166667 -0.42282457 -0.083333336 -0.083333334 -0.084392563 -0.91166667 -0.91166667 -0.91166667 -0.91166667 -0.91166667 0.25666667 0.25666667 0.25666667 0.25666667 -0.17333333 -0.17333333
-0.22833333 -0.24000002 -0.34004136 -0.555 -0.71666667 -0.86666667 -0.915 -1.0783333 -0.44166667 -0.76283783 -0.87 -1.0183333 -1.225 -1.2516667 -1.0033333 -0.89166667 -0.80400917 -0.80327962 -0.59333333 -0.585 -0.585 -0.56333333 -0.53166667 -0.53166667 -0.21 -0.2100004 -0.29 -0.29 -0.29 -0.56833333 -0.67898334 -0.77 -0.77 -0.76999975 -0.47166667 -0.47166667 -0.47166667 -0.47166667 -0.083333333 -0.083333333 -0.083333333 -0.083333364 -0.91166667 -0.91166667 -0.91166667 -0.91166667 -0.91166667 0.25665193 0.25666667 0.25666667 0.25666667 -0.17334498 -0.17333333
-0.22833333 -0.21666689 -0.34 -0.47352825 -0.71666667 -0.68333333 -0.78328666 -0.88833333 -0.82 -0.77166673 -0.93598429 -1.0115647 -0.3 -1.0033333 -1.0033333 -0.92722953 -0.80333333 -0.80333333 -0.59333333 -0.59333333 -0.58499997 -0.56333333 -0.685 -0.71166667 -0.74 -0.73996714 -0.29 -0.29 -0.56833333 -0.56833333 -0.77 -0.77 -0.77 -0.61537003 -0.47166667 -0.47166667 -0.47166667 -0.083333333 -0.083333333 -0.083333333 -0.083333333 -0.083327381 -0.91166665 -0.91166667 -0.91166667 -0.91166667 -0.91166667 -0.90126705 0.25666667 0.25663139 -0.53 -0.53 -0.53
-1.05 -0.46 -0.26666664 0.093333333 -0.29833333 -0.38166667 -0.62166667 -0.65580764 -0.995 -1.1833333 -0.84166667 -0.775 -0.77499969 -0.89 -0.89 -0.6582613 -0.65833333 -0.79 -0.79 -0.59333309 -0.65666667 -0.65666667 -0.71166667 -0.74 -0.74 -0.6 -0.90666667 -0.90666667 -0.44334485 -0.56833333 -0.77 -0.77 0.05 0.049967609 -0.2599777 0.13833333 0.13833333 -0.01475569 -0.083333333 -0.083333333 -0.021743578 -0.021666667 -0.021666552 -0.19455317 -0.18174735 -0.18166686 -0.18166669 -0.18166695 -0.77104208 -0.53 -0.53 -0.53 -0.53
-0.44166271 -0.28166667 -0.07862328 -0.093333333 -0.14 -0.8 -0.50333333 -0.84666667 -1.125 -1.125 -0.84166667 -1.0016667 -0.77333336 -0.89 -0.36000159 -0.36 -0.65833333 -0.39166667 -0.31666667 -0.31666667 -0.65745211 -0.65833333 -0.65833333 -0.70166667 -0.6 -0.6 -0.90666667 -0.90666667 -0.44334062 -0.44346745 -0.053261057 0.05 0.05 -0.26 -0.26 -0.12944802 0.13833333 0.13833333 -0.12832409 -0.021666815 -0.021666667 -0.021666667 -0.021666494 -0.18166709 -0.18166667 -0.18166667 -0.18166667 -0.18166706 -0.84833333 -0.53006308 -0.53 -0.53 -0.53
-0.44166667 -0.385 -0.18666667 -0.205 -0.24333114 -0.535 -0.65333333 -0.64833333 -1.045 -1.2883333 -1.2883333 -0.88333333 -0.77333333 -0.77333333 -0.36283585 -0.51786454 -0.53333333 -0.29166667 -0.53833311 -0.31666667 -0.09608117 -0.045 -0.51333333 -0.32666667 -0.32667101 -0.66333333 -0.285 -0.28500022 -0.56789532 -0.56833332 -0.051666667 -0.30622615 -0.018333333 -0.26 -0.2638979 -0.35333333 -0.35333333 -0.12833333 -0.12833333 -0.021666667 -0.021666667 -0.021666665 -0.25786136 -0.25833333 -0.18166667 -0.18166667 -0.18166667 -0.84830796 -0.84833333 -0.84833333 -0.53 -0.53 -0.53
-0.46414494 -0.385 -0.27666667 -0.48333333 0.013333333 -0.24666667 -0.36666667 -0.036666667 -0.76166667 -0.12371658 -0.62166667 -0.79166666 -0.79166667 -0.22833333 -0.22833305 -0.099545715 -0.098333333 -0.098333333 -0.32932071 -0.8183333 -0.64666667 -0.64666666 -0.63 -0.55930975 -0.62940622 -0.66333333 0.058333333 -0.285 -0.39933173 -0.4 -0.38666667 -0.63666667 -0.48221094 -0.69166667 -0.39666667 -0.33666667 -0.425 -0.086666667 -0.10665743 -0.021413719 0.035 -0.21333333 -0.25836263 -0.25833333 -0.25790181 -0.18166667 -0.34999999 -0.84833333 -0.84833333 -0.84833333 -0.84833333 -0.55593905 -0.27
-0.90666667 -0.90666667 -0.105 -0.036666667 -0.20333333 -0.19166667 -0.27166667 -0.45666667 -0.12166667 0.03824853 -0.77833333 -0.071666667 -0.22833333 -0.22833333 -0.19833333 -0.19696179 -0.098333333 -0.098358258 -0.20166667 -0.81833333 -0.81833333 -0.7962169 -0.63 -0.71166512 -0.71166667 -0.71166667 0.058333333 0.155 0.155 -0.4 -0.4 -0.63608504 -0.33 -0.69166667 -0.57333333 -0.33666667 -0.425 -0.13666667 -0.10666667 0.017947103 -0.21333332 -0.2959847 -0.43833333 -0.25833333 -0.25833333 -0.35 -0.35 -0.35 -0.84833333 -0.84833333 -0.73833333 -0.73833333 -0.73833316
-0.90666667 -0.90666667 -0.355 -0.345 -0.315 -0.085 -0.46 0.18078555 -0.22333333 0.10666667 -0.0066666667 -0.10666667 -0.071713494 -0.19833333 -0.19833333 -0.19834083 -0.26333333 -0.26009678 -0.20166667 -0.33 -0.33 -0.61833333 -0.61833333 -0.71166667 -0.71166667 -0.71166667 0.155 0.155 0.155 -0.51833333 -0.51833333 -0.51833302 -0.62166667 -0.62166667 -0.91333333 -0.67 -0.50666667 -0.13500486 -0.27 0.02 0.02 -0.29166715 -0.43833333 -0.25833333 -0.10499991 0.05 -0.39314671 -0.39333333 -0.45 -0.45 -0.73833333 -0.73833333 -0.73833333
-0.90666667 -0.66842451 -0.35073264 -0.47166524 -0.265 -0.13166667 -0.46 0.18166667 -0.22332995 0.10301067 -0.10666639 -0.10666667 -0.19666667 -0.19833333 -0.19833333 -0.26333333 -0.26333333 -0.26332982 -0.20166667 -0.33 -0.3866228 -0.61833333 -0.61833333 -0.71166248 -0.71166667 -0.5648386 -0.265 -0.265 -0.26499995 -0.51833333 -0.51833333 -0.68 -0.68 -0.62166747 -0.91333333 -0.61833337 -0.53873752 -0.135 -0.135 0.01999999 -0.29166667 -0.29166667 -0.29166534 -0.105 -0.105 0.05 -0.39333333 -0.39333333 -0.45 -0.45 -0.73833333 -0.73833333 -0.73833333
-0.21 -0.36098475 -0.3616661 -0.3624608 -0.26499938 -0.13166981 -0.45999999 0.17376811 -0.19542469 -0.21471615 -0.19666667 -0.19666667 -0.19666667 -0.19666667 -0.1983331 -0.26333333 -0.26333333 -0.26253712 -0.20166667 -0.32995147 -0.165 -0.165 -0.165 -0.165 -0.70204303 -0.265 -0.265 -0.265 -0.265 -0.26504036 -0.68 -0.68 -0.68 -0.68 -0.61833333 -0.61833333 -0.61833333 -0.1589717 -0.13630183 -0.30833333 -0.30833333 -0.29166756 -0.10833322 -0.10500032 -0.105 0.05 -0.39333333 -0.39333333 -0.45 -0.45 -0.73728729 -0.73833333 -0.95851784
-0.21 -0.36166667 -0.36166667 -0.36166667 -0.36166667 -0.36166657 -0.45915952 -0.15643975 -0.12096699 -0.19668714 -0.19666667 -0.19666667 -0.19666667 -0.19666667 -0.19666674 -0.26333333 -0.26333332 -0.25910342 -0.20166741 -0.165 -0.165 -0.165 -0.165 -0.165 -0.15880354 -0.00010193168 0.12333325 0.12333333 0.12333333 0.12333333 -0.67999998 -0.68 -0.6799992 -0.013333333 -0.013333333 -0.61833333 -0.093349803 -0.078333333 -0.3083332 -0.30833333 -0.30833333 -0.30833333 -0.10833333 -0.10833333 -0.10833333 -0.10723148 0.047207594 0.05 0.05 0.05 0.049999991 -0.52000005 -0.52
-0.275 -0.36166667 -0.36166667 -0.36166667 -0.36166667 -0.36166667 -0.36166667 -0.249968 -0.30205532 -0.30333333 -0.30333333 -0.30333333 -0.30333333 -0.30333333 -0.30333333 -0.06655819 -0.2601275 -0.25488906 -0.16500463 -0.165 -0.165 -0.165 -0.165 -0.16499984 0.12166667 0.12166667 0.12166667 0.12333333 0.12333333 0.12383061 0.37166667 0.37166667 -0.013333333 -0.013333333 -0.013333333 -0.067920814 -0.078333333 -0.078333333 -0.078333333 -0.30833333 -0.30833333 -0.30833333 -0.10833333 -0.10833333 -0.10833333 -0.10833333 0.049999998 0.05 0.05 0.05 0.05 -0.52 -0.52
-0.275 -0.30726502 -0.36166667 -0.36166667 -0.36166667 -0.36166667 -0.10005136 -0.1 -0.10000001 -0.30333333 -0.30333333 -0.30333333 -0.30333333 -0.30333333 -0.25001998 -0.061666667 -0.061666667 -0.061666667 -0.02708793 -0.026666808 -0.026666667 -0.026666667 -0.026666667 -0.026666667 0.12166667 0.12166667 0.12166667 0.12166667 0.12333333 0.37166667 0.37166667 0.37166667 -0.013333299 -0.013333333 -0.013333333 0.43 -0.077660284 -0.078333333 -0.078333333 -0.30824512 -0.13232124 0.2782416 -0.10833333 -0.10833333 -0.086733531 -0.086666667 -0.086666667 0.049490464 -0.25891669 -0.25999997 -0.25999994 -0.41334944 -0.51999978
-0.275 -0.39988654 -0.38275192 -0.36166667 -0.36166667 -0.10015461 -0.1 -0.1 -0.1 -0.10146528 -0.30333333 -0.30333333 -0.30333333 -0.3033333 -0.061666667 -0.061666667 -0.061666667 -0.061666667 -0.026697931 -0.026666667 -0.026666667 -0.026666667 -0.026666667 -0.026666667 0.12166666 0.12166667 0.12166667 0.12166667 0.122576 0.37166667 0.37166667 0.37166667 0.51333333 -0.013275524 0.43 0.43 0.43 0.43256374 0.25732774 0.28 0.28 0.28 -0.32 -0.32 -0.086666667 -0.086666667 -0.086666667 -0.26 -0.26 -0.26 -0.26 -0.41333333 -0.41333333
-0.40316542 -0.40333333 -0.40333333 -0.40333333 0.125 -0.099994196 -0.1 -0.1 -0.1 -0.1 -0.26169375 -0.30332617 -0.30333332 -0.061666667 -0.061666667 -0.061666667 -0.061666667 -0.061666667 -0.044298078 -0.026666667 -0.026666667 -0.026666667 -0.026666667 -0.026666667 0.11359997 0.2266661 0.22666667 0.22666667 0.22666667 0.37166667 0.51333333 0.51333333 0.51333333 0.51333333 0.43 0.43000623 0.66666667 0.66666667 0.28482811 0.28 0.28 0.28 -0.32 -0.32 -0.1227947 -0.086666667 -0.086666667 -0.26 -0.26 -0.26 -0.26164413 -0.41333333 -0.41333333
-0.40333333 -0.40333333 -0.40333333 -0.15453329 0.125 0.125 -0.1 -0.1 -0.1 -0.1 0.24666667 0.24666667 0.24666667 -0.061666667 -0.061666667 -0.061666667 -0.061666667 -0.061582386 0.17 0.17 -0.026666587 -0.026666667 -0.026017446 -2.4772127e-11 0.0020405808 0.22666667 0.22666667 0.22666667 0.22666667 0.51330414 0.51333333 0.51333333 0.51333333 0.51333333 0.66666583 0.66666667 0.66666667 0.66666667 0.66529953 0.28 0.28 0.28 -0.32 -0.32 -0.32 -0.086666667 -0.086666667 -0.26 -0.26 -0.26 -0.41333333 -0.41333333 -0.41333333
-0.40333333 -0.40333333 -0.40333333 0.125 0.125 0.125 0.12499966 -0.1 -0.1 0.24630881 0.24666667 0.24666667 0.24666667 0.24647457 0.35113876 0.44833333 0.44833333 0.44833333 0.17 0.17 0.17 4.4430755e-17 3.7007434e-17 3.7007434e-17 1.9609027e-05 0.14449119 0.22666667 0.22666667 0.22666667 0.68022754 0.72664568 0.72666667 0.72666667 0.72666667 0.61484203 0.54166695 0.54166667 0.54166667 0.54166667 -0.22659734 -0.22666667 -0.22666667 -0.32 -0.32 -0.35333319 -0.35333333 -0.35 -0.35 -0.13 -0.13 -0.13 -0.41333333 -0.12026228
-0.403332 -0.40333333 -0.40333331 0.125 0.125 0.125 0.125 0.16333326 -0.09894709 0.24662133 0.24666667 0.24666667 0.24666667 0.24706239 0.44833333 0.44833333 0.44833333 0.44833325 0.17 0.17 0.17 9.0292309e-15 3.7007434e-17 3.7007434e-17 0.07 0.07 0.57999999 0.58 0.58 0.58080011 0.72666667 0.72666667 0.72666667 0.72666667 0.63421747 0.54166667 0.54166667 0.54166667 0.54166667 -0.22666667 -0.22666667 -0.22666667 -0.23065208 -0.35333333 -0.35333333 -0.35333333 -0.35 -0.35 -0.13 -0.13 -0.13 -0.12 -0.12
0.025 -0.16431313 0.073333333 0.073348323 0.125 0.16311154 0.16333333 0.16333333 0.21981202 0.19666667 0.19666667 0.19666667 0.19666667 0.61998622 0.62 0.44833347 0.44833333 0.44099966 0.17 0.17 0.17 0.155 0.155 0.155 0.07 0.07 0.58 0.58 0.58 0.58000024 0.91666546 0.91666613 0.73144203 0.72687036 0.62012183 0.62 0.62 0.62 0.62 -0.22666667 -0.22666667 -0.22666667 -0.34635842 -0.35333333 -0.35333333 -0.35333335 -0.35 -0.35 -0.34999208 -0.13 -0.13000924 -0.33666667 -0.12
0.20996487 0.20999998 0.073333333 0.073333333 0.073333333 0.16333333 0.16333333 0.16333333 0.31833333 0.31833333 0.19666667 0.19666667 0.19666667 0.62 0.62 0.62 0.62 0.61994941 0.17 0.17 0.17 0.155 0.155 0.155 0.07 0.07 0.58 0.58 0.58 0.91287073 0.91666667 0.91666667 0.91666667 0.91666667 0.62014639 0.62 0.62 0.62 0.62 0.1549999 0.155 0.155 0.155 -0.35333387 -0.42333333 -0.42333333 -0.42333333 -0.53166667 -0.53166667 -0.53166667 -0.33666667 -0.33666667 -0.33666667
0.21 0.21 0.073333333 0.073333333 0.073333333 0.16286028 0.16333333 0.31833333 0.31833333 0.31833333 0.19668164 0.19666667 0.10542107 0.61999988 0.62 0.62 0.62 -0.019999999 -0.02 -0.02 0.205 0.20499996 0.15500024 0.155 0.15523699 0.595 0.595 0.59499996 0.58000242 0.92999734 0.92999993 0.92999767 0.91668945 0.91667817 0.67284506 0.61999997 0.61975424 0.54666667 0.54666667 0.155 0.155 0.155 0.155 -0.42333333 -0.42333333 -0.42333333 -0.42333333 -0.53166667 -0.53166667 -0.53166667 -0.33666667 -0.33666667 -0.33666667
0.21 0.21 0.073333333 0.073333333 0.073333333 0.073333334 0.22134531 0.31833333 0.31833333 0.31833333 0.31820444 0.085 0.085 0.085 0.61684712 0.62 -0.015735198 -0.02 -0.02 -0.02 0.205 0.205 0.205 0.205 0.595 0.595 0.595 0.595 0.595 0.93 0.93 0.93 0.93 0.92999907 0.48666667 0.54666667 0.54666667 0.54666667 0.54666667 0.54666469 -0.016666667 -0.016666667 -0.016666667 -0.1441206 -0.40833333 -0.40833333 -0.40833333 -0.53166666 -0.53166653 -0.395 -0.395 0.058237239 0.058333333
0.21 0.21 0.1226604 0.073333333 0.073333333 0.073333334 0.12534307 0.31772405 0.31833333 0.31833333 0.084999989 0.085 0.085 0.085 0.085 0.12883661 -0.02 -0.02 -0.02 -0.02 0.20499826 0.205 0.205 0.205 0.595 0.595 0.595 0.595 0.595 0.393025 0.93 0.93 0.93 0.48666667 0.48666667 0.48671326 0.54666667 0.54666667 0.32530712 0.15333337 -0.016666667 -0.016666667 -0.016666667 -0.14176765 -0.40833333 -0.40833333 -0.40833333 -0.24833333 -0.39317255 -0.395 -0.395 0.058333333 0.058333333
0.145 0.145 0.145 0.091302137 0.073221106 0.125 0.125 0.125 0.125 0.033333334 0.033333333 0.084999996 0.085 0.085 0.085 0.084993326 -0.02 -0.02 -0.02 -0.02 0.1068173 0.205 0.205 0.20055103 0.059936166 0.595 0.595 0.595 0.20333333 0.20333333 0.20333333 0.20333638 0.48666667 0.48666667 0.48666667 0.48666667 0.15333333 0.15333333 0.15333333 0.15333333 -0.15833333 -0.15833333 -0.15833333 -0.2016658 -0.20166667 -0.20166667 -0.20166673 -0.24833333 -0.24833333 -0.39482129 -0.395 0.058332468 0.058333333
0.145 0.145 0.145 0.14499192 -0.005 0.013904136 0.125 0.125 0.125 0.033333333 0.033333333 0.033333333 -0.39666664 -0.39666667 -0.39666667 -0.39666666 -0.021077723 -0.02 -0.02 -0.02 -0.016597481 0.035000467 0.035 0.035 0.035 0.035 -0.16333333 -0.16333333 0.20333333 0.20333333 0.20333333 0.20333333 0.48666654 0.48666667 0.48666667 0.48665228 0.15333333 0.15333333 0.15333333 0.15333333 -0.15833333 -0.15833333 -0.15833333 -0.20166466 -0.20166667 -0.20166667 -0.20166667 -0.24833333 -0.24833333 -0.24833332 -0.11333333 -0.11333333 0.13
0.145 0.145 0.145 -0.0049996543 -0.005 -0.005 0.12499995 0.125 0.125 0.033333333 0.033333333 0.033333333 -0.39666667 -0.39666667 -0.39666667 -0.4127871 -0.60833333 -0.60833333 -0.60833181 -0.02332306 0.035 0.035 0.035 0.035 0.035 0.034850744 -0.16333333 -0.16333333 -0.16333333 0.20333333 0.20333333 0.20319495 0.31 0.31 0.31 0.16833333 0.16833333 0.15333333 0.15333333 0.15333333 -0.065 -0.15830406 -0.15833154 0.081666667 0.081666667 0.070928655 -0.201666 -0.24833333 -0.24833333 -0.11333333 -0.11333333 -0.11333333 0.13
