interpolatedSpi/07-12|21_2.tif
NCOLS 53
NROWS 52
XLLCORNER -116.03883
YLLCORNER 28.596182
DX 0.49850594
DY 0.49788537
NODATA_VALUE -9999
[rows 0 to 28 of 52, columns 0 to 52 of 53]
-0.66666667 -0.66666667 -0.62289601 -0.62333333 -0.62166667 -0.855 -0.80333333 -0.94166667 -1.0388386 -1.185 -1.15 -0.65 -0.90830067 -0.51166667 -0.155 -0.155 -0.155 -0.29 -0.61666667 -0.61666667 -0.61666667 -0.6166602 0.054999989 -1.095 -1.095 -1.095 -1.0816587 -1.0816667 -1.0816667 -0.46333333 -0.46333333 -0.46333333 -0.46333333 -1.2216665 -1.2216667 -1.2216667 -1.2216667 -1.2216667 -1.2216667 -1.2216667 -0.93805414 -0.93479726 -0.13833333 -0.13833333 -0.13833333 -0.13833333 -0.13852389 -0.255 -0.255 -0.255 -0.18666681 -0.18666667 -0.18666667
-0.66668947 -1.18 -0.59833297 -0.59833333 -0.88672728 -0.48 -0.73666667 -1.0547257 -1.4533333 -1.1866667 -0.88666667 -0.90833333 -0.90833333 -1.094716 -0.51167058 -0.155 -0.29 -0.29 -0.61624074 -0.61666667 -0.61666667 -0.61666667 -1.0764893 -1.095 -1.095 -1.095 -1.1183333 -1.1183333 -0.46333333 -0.46333333 -0.46333333 -0.46333333 -0.46333333 -1.2216666 -1.2216667 -1.2216667 -1.2216667 -1.2216667 -1.2216666 -1.0591005 -0.2150703 -0.1476366 -0.13833333 -0.13833333 -0.13833333 -0.13833333 -0.13833333 -0.255 -0.255 -0.255 -0.24933373 -0.18666667 -0.18666667
-0.85499672 -0.855 -0.285 -0.47833333 -0.575 -0.95 -0.64 -1.2483333 -1.4833333 -1.27 -1.0833333 -1.3133333 -0.98333333 -0.48 -1.0966667 -1.3466667 -0.29 -0.29 -0.29 -0.52669283 -0.52666667 -0.52666667 -0.74333333 -1.095 -1.095 -1.095 -1.1183333 -1.1183333 -1.1183333 -0.46333333 -0.46333333 -0.46333332 -0.36946032 -1.2197264 -1.2164232 -0.66349542 -0.65833333 -0.65833333 -0.60257368 -0.215 -0.215 -0.21490196 -0.13833333 -0.13833333 -0.13833333 -0.13833333 -0.13833333 -0.255 -0.255 -0.255 -0.255 -0.18666667 -0.18666667
-0.32333333 -0.85499995 -0.60495966 -0.021666667 -0.585 -0.62666667 -0.76666667 -1.155 -0.91 -0.85148652 -1.0016667 -1.4733333 -1.4566667 -0.48 -0.92333333 -1.3466667 -1.3251658 -1.3242748 -1.345 -0.52666667 -0.52666667 -0.90166667 -0.74333333 -0.74333333 -1.095 -1.0950001 -1.1183333 -1.1183333 -1.1183333 -0.65333333 -0.44209241 -0.26833333 -0.26833333 -0.26833364 -0.65833333 -0.65833333 -0.65833333 -0.65833333 -0.215 -0.215 -0.215 -0.215 -0.13833333 -0.13833333 -0.13833333 -0.13833333 -0.13833333 -0.25499853 -0.255 -0.255 -0.255 -0.18670064 -0.18666667
-0.32333333 -0.45666694 -0.605 -0.68717181 -0.585 -0.81166667 -1.1483054 -1.3316667 -1.4683333 -0.82000014 -0.88623109 -0.91834217 -0.98 -0.92333333 -0.92333333 -1.2062445 -1.325 -1.325 -1.345 -1.345 -0.52666736 -0.90166667 -0.60833333 -0.5 -0.47166667 -0.47156938 -1.1183333 -1.1183333 -0.65333333 -0.65333333 -0.26833333 -0.26833333 -0.26833333 -0.26550464 -0.65833333 -0.65833333 -0.65833333 -0.215 -0.215 -0.215 -0.215 -0.21499823 -0.13833333 -0.13833333 -0.13833333 -0.13833333 -0.13833333 -0.13937181 -0.255 -0.25504357 -1.2266667 -1.2266667 -1.2266667
-1.2183333 -0.735 -0.16833334 -0.56 -0.42166667 -0.54333333 -0.84 -0.90294741 -0.50833333 -0.51166667 -0.6 -0.11333333 -0.1133339 -1.42 -1.42 -1.7813967 -1.7816667 -1.3516667 -1.3516667 -1.3449993 -0.375 -0.375 -0.5 -0.47166667 -0.47166667 -0.055 -0.16166667 -0.16166667 -0.4016894 -0.65333333 -0.26833333 -0.26833333 -0.25333333 -0.25328736 0.18663506 -0.135 -0.135 -0.19025017 -0.215 -0.215 -0.19668953 -0.19666666 -0.19666507 -0.66552636 -0.67494069 -0.67499986 -0.67499998 -0.67499979 -0.33893718 -1.2266667 -1.2266667 -1.2266667 -1.2266667
0.43164328 -0.20333333 -0.67285763 -0.018333334 -0.18833333 -0.8 -0.42833333 -0.69833333 -0.915 -0.915 -0.6 -1.0383333 -1.4049999 -1.42 -0.6633356 -0.66333333 -1.7816667 -0.8 -0.555 -0.555 -0.41191575 -0.45333333 -0.45333333 -0.073333339 -0.055 -0.055 -0.16166667 -0.16166667 -0.40166162 -0.40157368 0.18677908 -0.25333333 -0.25333333 0.18666667 0.18666667 -0.1159376 -0.135 -0.135 -0.17499861 -0.19666664 -0.19666667 -0.19666667 -0.19665696 -0.67499447 -0.675 -0.675 -0.675 -0.67499971 -0.19 -1.2264612 -1.2266667 -1.2266667 -1.2266667
0.43166667 -0.081666667 -0.29 -0.72666667 -0.476681 -0.59166667 -0.42666667 -1.02 -1.0183333 -0.95333333 -0.95333333 -1.0883333 -1.405 -1.405 -0.66842185 -1.1187118 -1.1633333 -0.52 -0.6833332 -0.555 -0.15196587 -0.15833333 0.24833333 0.14666667 0.14666692 0.16666667 -0.44833333 -0.44833323 -0.31530369 -0.31499999 0.18833333 -0.2263213 -0.29666667 0.18666667 0.17611382 -0.1 -0.1 -0.175 -0.175 -0.19666667 -0.19666667 -0.19666665 0.3162981 0.31666662 -0.675 -0.675 -0.675 -0.19001846 -0.19 -0.19 -1.2266667 -1.2266667 -1.2266667
-0.016934703 -0.081666657 0.64333333 -0.37666667 -0.065 -0.24833333 -0.52 -0.50166667 -0.765 -0.63873904 -0.87 -0.93333333 -0.93333333 -0.80166667 -0.80166186 -0.59492197 -0.59333333 -0.59333333 -0.54493308 -0.13333332 -0.083333333 -0.083333334 0.15166667 0.21023859 0.16465119 0.16666667 -0.54333333 -0.44833333 -0.032430936 -0.03 -0.20666667 0.078333333 0.16647098 -0.13833333 -0.18333333 -0.23333333 -0.22666667 -0.59166667 -0.36677056 -0.19369082 0.47 0.32666667 0.31663981 0.31666667 0.31108503 -0.675 -0.97166665 -0.19000001 -0.19 -0.19 -0.19 -1.1789388 -0.28
0.345 0.345 0.975 0.87166667 -0.06 -0.32166667 -0.455 -0.035 -0.17666667 -0.60664855 -0.83833333 -0.45166667 -0.80166667 -0.80166667 -0.29 -0.29416035 -0.59333333 -0.59323333 -0.18833333 -0.13333333 -0.13333333 -0.12689166 0.15166667 -0.17832708 -0.17833333 -0.17833333 -0.54333333 -0.035 -0.035 -0.03 -0.03 0.078665241 0.25333333 -0.13833333 0.14166667 -0.23333333 -0.22666667 -0.096666667 -0.36666667 -0.38470286 0.32666667 0.26238227 0.15166667 0.31666667 0.31666667 -0.97166667 -0.97166667 -0.97166667 -0.19 -0.19 -0.84333333 -0.84333333 -0.84333312
0.345 0.345 0.315 0.015 -0.77 -0.041666667 -0.61166667 -0.96488402 -0.90333333 -0.76 -0.99833333 -1.2316667 -0.45270559 -0.29 -0.29 -0.28994866 0.155 0.13698026 -0.18833333 -0.63 -0.63 -0.24833333 -0.24833333 -0.17833333 -0.17833333 -0.17833333 -0.035 -0.035 -0.035 0.44833333 0.44833333 0.44833301 0.20166667 0.20166667 -0.0083333333 0.09 0.54 -0.068325349 -0.32333333 -0.385 -0.385 -0.16999894 0.15166667 0.31666667 0.13999971 -0.3 -0.40080255 -0.39833333 -0.14 -0.14 -0.84333333 -0.84333333 -0.84333333
0.345 0.33195228 0.1869793 -0.21499268 -0.27 -0.64333333 -0.61166667 -0.965 -0.90333385 -0.76158796 -1.2316661 -1.2316667 -0.66166667 -0.29 -0.29 0.15499999 0.155 0.15498046 -0.18833333 -0.63 -0.55504843 -0.24833333 -0.24833333 -0.17833651 -0.17833333 -0.17175894 -0.15833333 -0.15833333 -0.15833332 0.44833333 0.44833333 0.365 0.365 0.20166609 -0.0083333333 0.24499997 0.59291655 -0.068333333 -0.068333333 -0.38499999 -0.17 -0.17 -0.16999771 0.14 0.14 -0.3 -0.39833333 -0.39833333 -0.14 -0.14 -0.84333333 -0.84333333 -0.84333333
-0.038333333 -0.044953432 -0.071663163 -0.072705654 -0.27000202 -0.64332452 -0.61166667 -0.96065067 -0.9075828 -0.89959052 -0.66166667 -0.66166667 -0.66166667 -0.66166667 -0.29005265 0.155 0.155 0.15056702 -0.18833333 -0.62999478 -0.62166667 -0.62166667 -0.62166667 -0.62166667 -0.18581449 -0.15833333 -0.15833333 -0.15833333 -0.15833333 -0.15797623 0.365 0.365 0.365 0.365 0.245 0.245 0.245 -0.052130724 -0.06829578 -0.063333333 -0.063333333 -0.16999426 -0.21832107 0.13996549 0.14 -0.3 -0.39833333 -0.39833333 -0.14 -0.14 -0.84078172 -0.84333333 -0.42961823
-0.038333333 -0.071666667 -0.071666667 -0.071666667 -0.071666667 -0.071666905 -0.61174764 -0.77884286 -0.91891994 -0.6619234 -0.66166667 -0.66166667 -0.66166667 -0.66166667 -0.66166685 0.15499999 0.15499995 0.13144968 -0.18832996 -0.62166667 -0.62166667 -0.62166667 -0.62166667 -0.62166667 -0.61197332 -0.15291582 -0.14666667 -0.14666667 -0.14666667 -0.14666667 0.365 0.365 0.36499994 0.31333333 0.31333333 0.245 0.29847054 0.3 -0.063333123 -0.063333333 -0.063333333 -0.063333333 -0.21833333 -0.21833333 -0.21833333 -0.21890166 -0.4413643 -0.44166667 -0.44166667 -0.44166667 -0.44166666 -0.31666678 -0.31666667
-0.22166667 -0.071666667 -0.071666667 -0.071666667 -0.071666667 -0.071666667 -0.071666702 -0.60070787 -0.91814272 -0.91833333 -0.91833333 -0.91833333 -0.91833333 -0.91833333 -0.91833333 -0.6014216 0.14306733 0.10798599 -0.62161207 -0.62166667 -0.62166667 -0.62166667 -0.62166667 -0.62166648 -0.17333333 -0.17333333 -0.1733333 -0.14666667 -0.14666667 -0.1458223 0.275 0.275 0.31333333 0.31333333 0.31333333 0.30213598 0.3 0.3 0.3 -0.063333333 -0.063333333 -0.063333333 -0.21833333 -0.21833333 -0.21833333 -0.21833333 -0.44166667 -0.44166667 -0.44166667 -0.44166667 -0.44166667 -0.31666667 -0.31666667
-0.22166667 -0.16582337 -0.071666667 -0.071666667 -0.071666667 -0.071666667 -0.36660877 -0.36666667 -0.36666668 -0.91833333 -0.91833333 -0.91833333 -0.91833333 -0.91833333 -0.84700374 -0.595 -0.595 -0.595 -0.46381565 -0.46333349 -0.46333333 -0.46333333 -0.46333333 -0.46333333 -0.17333333 -0.17333333 -0.17333333 -0.17333333 -0.14666667 0.275 0.275 0.275 0.31333333 0.31333333 0.31333333 0.585 0.30037735 0.3 0.3 -0.063250807 0.10121055 0.48502284 -0.21833333 -0.21833333 -0.42270069 -0.42333333 -0.42333333 -0.4415462 -0.3685896 -0.36833334 -0.36833335 -0.063371754 -0.31666615
-0.22166667 -0.13570567 -0.10287284 -0.071666667 -0.071666667 -0.36649237 -0.36666667 -0.36666667 -0.36666667 -0.37064213 -0.91833333 -0.91833333 -0.91833333 -0.91833329 -0.595 -0.595 -0.595 -0.595 -0.46345095 -0.46333333 -0.46333333 -0.46333333 -0.46333333 -0.46333333 -0.17333334 -0.17333333 -0.17333333 -0.17333333 -0.17170259 0.275 0.275 0.275 0.36166666 0.31336213 0.585 0.585 0.585 0.58838648 0.47486258 0.48666667 0.48666667 0.48666667 -0.10333333 -0.10333333 -0.42333333 -0.42333333 -0.42333333 -0.36833333 -0.36833333 -0.36833333 -0.36833333 -0.063333333 -0.063333333
-0.13334279 -0.13333333 -0.13333333 -0.13333333 -0.038333333 -0.3666582 -0.36666667 -0.36666667 -0.36666667 -0.36666667 -0.87265585 -0.91832547 -0.91833332 -0.595 -0.595 -0.595 -0.595 -0.595 -0.57436704 -0.46333333 -0.46333333 -0.46333333 -0.46333333 -0.46333333 -0.26191311 -0.15833341 -0.15833333 -0.15833333 -0.15833333 0.275 0.36166667 0.36166667 0.36166667 0.36166667 0.585 0.58500816 0.895 0.895 0.49176532 0.48666667 0.48666667 0.48666667 -0.10333333 -0.10333333 -0.37378632 -0.42333333 -0.42333333 -0.36833333 -0.36833333 -0.36833333 -0.36506294 -0.063333333 -0.063333333
-0.13333333 -0.13333333 -0.13333333 -0.088596416 -0.038333333 -0.038333333 -0.36666667 -0.36666667 -0.36666667 -0.36666667 -0.315 -0.315 -0.315 -0.595 -0.595 -0.595 -0.595 -0.59494299 -0.43166667 -0.43166667 -0.46333332 -0.46333333 -0.45627305 -0.17333333 -0.17319829 -0.15833333 -0.15833333 -0.15833333 -0.15833333 0.36161372 0.36166667 0.36166667 0.36166667 0.36166667 0.89499891 0.895 0.895 0.895 0.89353836 0.48666667 0.48666667 0.48666667 -0.10333333 -0.10333333 -0.10333333 -0.42333333 -0.42333333 -0.36833333 -0.36833333 -0.36833333 -0.063333333 -0.063333333 -0.063333333
-0.13333333 -0.13333333 -0.13333333 -0.038333333 -0.038333333 -0.038333333 -0.038333835 -0.36666667 -0.36666667 -0.31505333 -0.315 -0.315 -0.315 -0.31517445 -0.31574927 -0.25 -0.25 -0.25 -0.43166667 -0.43166667 -0.43166667 -0.17333333 -0.17333333 -0.17333333 -0.17331512 -0.13210712 -0.15833333 -0.15833333 -0.15833333 0.27242649 0.26667601 0.26666667 0.26666667 0.26666667 0.71008745 0.45166767 0.45166667 0.45166667 0.45166667 0.1817084 0.18166667 0.18166667 -0.10333333 -0.10333333 -0.17999968 -0.17999997 -0.083333333 -0.083333333 0.063333333 0.063333333 0.063333333 -0.063333333 0.056559372
-0.13333151 -0.13333333 -0.13333333 -0.038333333 -0.038333333 -0.038333333 -0.038333329 0.37333312 -0.36370786 -0.31471134 -0.315 -0.315 -0.315 -0.31487245 -0.25 -0.25 -0.25 -0.25000005 -0.43166667 -0.43166667 -0.43166667 -0.17333333 -0.17333333 -0.17333333 -0.10833333 -0.10833333 0.029999998 0.03 0.03 0.031291091 0.26666667 0.26666667 0.26666667 0.26666667 0.35911579 0.45166667 0.45166667 0.45166667 0.45166667 0.18166667 0.18166667 0.18166667 0.17028725 -0.18 -0.18 -0.18 -0.083333333 -0.083333333 0.063333333 0.063333333 0.063333333 0.056666667 0.056666667
0.455 0.18636203 0.305 0.30490039 -0.038333333 0.37095144 0.37333333 0.37333333 0.38912307 0.0033333427 0.0033333333 0.0033333333 0.0033333333 0.27165793 0.27166666 -0.2499996 -0.25 -0.25478665 -0.43166667 -0.43166667 -0.43166667 0.54166667 0.54166667 0.54166667 -0.10833333 -0.10833333 0.03 0.03 0.03 0.030000125 0.20166708 0.20166685 0.26503299 0.26659698 -0.07460673 -0.075 -0.075 -0.075 -0.075 0.18166667 0.18166667 0.18166667 -0.1600855 -0.18 -0.18 -0.17999995 -0.083333333 -0.083333333 -0.083328054 0.063333333 0.063319397 -0.24833333 0.056666667
0.4250057 0.42499998 0.305 0.305 0.305 0.37333333 0.37333333 0.37333333 0.41666667 0.41666667 0.0033333333 0.0033333333 0.0033333333 0.27166667 0.27166667 0.27166667 0.27166667 0.27158663 -0.43166667 -0.43166667 -0.43166663 0.54166667 0.54166667 0.54166667 -0.10833333 -0.10833333 0.03 0.03 0.03 0.19973111 0.20166667 0.20166667 0.20166667 0.20166667 -0.074863482 -0.075 -0.075 -0.075 -0.075 0.19 0.19 0.19 0.19 -0.17999792 0.091666667 0.091666667 0.091666667 0.091666667 0.091666667 0.091666667 -0.24833333 -0.24833333 -0.24833333
0.425 0.425 0.305 0.305 0.305 0.37297416 0.37333333 0.41666667 0.41666667 0.41666667 0.003384215 0.0033333333 0.32882135 0.2716667 0.27166667 0.27166667 0.27166667 0.31333333 0.31333333 0.31333333 -0.25999998 -0.2599994 0.54166276 0.54166667 0.54087649 -0.48333333 -0.48333333 -0.48333211 0.029917042 -0.13493291 -0.13499821 -0.13494122 0.20109127 0.20137613 -0.025943575 -0.075000012 -0.075106122 -0.10666667 -0.10666667 0.19 0.19 0.19 0.19 0.091666667 0.091666667 0.091666667 0.091666667 0.091666667 0.091666667 0.091666667 -0.24833333 -0.24833333 -0.24833333
0.425 0.425 0.305 0.305 0.305 0.305 0.38955173 0.41666667 0.41666667 0.41666667 0.41665838 0.40166667 0.40166667 0.40166667 0.27243279 0.27166667 0.31305568 0.31333333 0.31333333 0.31333333 -0.26 -0.26 -0.26 -0.26 -0.48333333 -0.48333333 -0.48333333 -0.48333333 -0.48333333 -0.135 -0.135 -0.135 -0.135 -0.13500031 -0.28333333 -0.10666667 -0.10666667 -0.10666667 -0.10666667 -0.10666623 -0.015 -0.015 -0.015 -0.03832021 -0.086666667 -0.086666667 -0.086666667 0.091666662 0.09166618 -0.41 -0.41 -0.46161477 -0.46166667
0.425 0.425 0.34831157 0.305 0.305 0.30500001 0.63793998 0.41736524 0.41666667 0.41666667 0.40166675 0.40166667 0.40166667 0.40166667 0.40166667 0.39099785 0.31333333 0.31333333 0.31333333 0.31333333 -0.25999557 -0.26 -0.26 -0.26 -0.48333333 -0.48333333 -0.48333333 -0.48333333 -0.48333333 -0.53280487 -0.135 -0.135 -0.135 -0.28333333 -0.28333333 -0.28319615 -0.10666667 -0.10666667 -0.071024027 -0.043333339 -0.015 -0.015 -0.015 -0.036538341 -0.086666667 -0.086666667 -0.086666667 -0.03 -0.40526524 -0.41 -0.41 -0.46166667 -0.46166667
0.255 0.255 0.255 0.29246363 0.3055889 0.63833333 0.63833333 0.63833333 0.63833333 0.81 0.81 0.4016667 0.40166667 0.40166667 0.40166667 0.40166108 0.31333333 0.31333333 0.31333333 0.31333333 -0.0098159316 -0.26 -0.26 -0.28102357 -1.0375066 -0.48333333 -0.48333333 -0.48333333 -0.67333333 -0.67333333 -0.67333333 -0.67333107 -0.28333333 -0.28333333 -0.28333333 -0.28333333 -0.043333333 -0.043333333 -0.043333333 -0.043333333 0.12666667 0.12666667 0.12666667 0.33332918 0.33333333 0.33333333 0.3333332 -0.03 -0.03 -0.40953699 -0.41 -0.46166411 -0.46166667
0.255 0.255 0.255 0.25502432 0.70666667 0.69672988 0.63833333 0.63833333 0.63833333 0.81 0.81 0.81 0.61833333 0.61833333 0.61833333 0.61833332 0.31315931 0.31333333 0.31333333 0.31333333 0.3045957 -1.0633311 -1.0633333 -1.0633333 -1.0633333 -1.0633333 -1.4933333 -1.4933333 -0.67333333 -0.67333333 -0.67333333 -0.67333333 -0.28333323 -0.28333333 -0.28333333 -0.28332112 -0.043333344 -0.043333333 -0.043333333 -0.044905281 0.12666667 0.12666667 0.12666667 0.33332375 0.33333333 0.33333333 0.33333333 -0.03 -0.03 -0.02999999 0.045 0.045 0.40333333
0.255 0.255 0.255 0.70666563 0.70666667 0.70666667 0.63833336 0.63833333 0.63833333 0.81 0.81 0.81 0.61833333 0.61833333 0.61833333 0.58786951 0.21833333 0.21833333 0.21833358 0.31279674 -1.0633333 -1.0633333 -1.0633333 -1.0633333 -1.0633333 -1.0636569 -1.4933333 -1.4933333 -1.4933333 -0.67333333 -0.67333333 -0.67368091 -0.13333333 -0.13333333 -0.13333333 -0.65166666 -0.65166667 -0.40166667 -0.40166667 -0.40166667 -0.27166667 0.12654172 0.12666507 -0.086666667 -0.086666667 -0.070749144 0.33333161 -0.03 -0.03 0.045 0.045 0.045 0.40333333
