interpolatedSpi/07-10|22_1.tif
NCOLS 53
NROWS 52
XLLCORNER -116.03883
YLLCORNER 28.596182
DX 0.49850594
DY 0.49788537
NODATA_VALUE -9999
[rows 0 to 39 of 52, columns 0 to 52 of 53]
-0.446 -0.446 -0.65891965 -0.886 -0.748 -0.548 -0.768 -0.74 -0.83069245 -0.508 -0.864 -0.644 -0.85199835 -0.832 -0.618 -0.618 -0.618 -0.072 -0.254 -0.254 -0.254 -0.2540038 -0.648 -0.158 -0.158 -0.158 -0.92199535 -0.922 -0.922 -0.77 -0.77 -0.77 -0.77 -0.47600006 -0.476 -0.476 -0.476 -0.476 -0.476 -0.47599998 0.24622111 0.25382227 -0.444 -0.444 -0.444 -0.444 -0.44369947 -0.26 -0.26 -0.26 -0.29599993 -0.296 -0.296
-0.44600924 -0.654 -0.62800015 -0.61324475 -0.55225677 -0.68 -0.728 -0.50041147 -0.778 -0.884 -0.876 -0.852 -0.852 -0.31174059 -0.8319918 -0.618 -0.072 -0.072 -0.2537627 -0.254 -0.254 -0.254 -0.1738964 -0.158 -0.158 -0.158 -0.84599995 -0.846 -0.77 -0.77 -0.77 -0.77 -0.77 -0.47600004 -0.476 -0.476 -0.476 -0.476 -0.47599998 -0.35125345 0.31193533 -0.35226574 -0.444 -0.444 -0.444 -0.444 -0.444 -0.26 -0.26 -0.26 -0.26298515 -0.296 -0.296
-0.53398004 -0.534 -0.756 -0.344 -0.486 -0.422 -0.45 -0.376 -1.01 -0.624 -0.934 -0.93 -1.004 -0.098 -0.31 -0.462 -0.072 -0.072 -0.072 -0.028065699 -0.028 -0.028 -0.46 -0.158 -0.158 -0.158 -0.846 -0.846 -0.846 -0.77 -0.77 -0.77000001 -0.84798681 -0.47581603 -0.47333795 -0.19262075 -0.19 -0.19 -0.12686163 0.312 0.312 0.31103327 -0.444 -0.444 -0.444 -0.444 -0.444 -0.26 -0.26 -0.26 -0.26 -0.296 -0.296
-0.464 -0.53399994 -0.21604841 -0.026 -0.736 -0.334 -0.594 -0.698 -0.534 -0.54484667 -0.51 -0.316 -0.524 -0.098 -0.552 -0.462 -0.58505128 -0.58563986 -0.894 -0.028 -0.028 -0.68 -0.46 -0.46 -0.158 -0.15800344 -0.846 -0.846 -0.846 -1.074 -0.99608776 -0.932 -0.932 -0.93199941 -0.19 -0.19 -0.19 -0.19 0.312 0.312 0.312 0.31199997 -0.444 -0.444 -0.444 -0.444 -0.444 -0.26000232 -0.26 -0.26 -0.26 -0.29599308 -0.296
-0.464 0.021999563 -0.216 -0.15567749 -0.736 -0.836 -0.49801046 0.226 -0.442 0.013999857 -0.11961917 -0.18400172 -0.196 -0.552 -0.552 -0.49372937 -0.586 -0.586 -0.894 -0.894 -0.028001351 -0.68 0.064 -0.386 -0.844 -0.84376192 -0.846 -0.846 -1.074 -1.074 -0.932 -0.932 -0.932 -0.78755283 -0.19 -0.19 -0.19 0.312 0.312 0.312 0.312 0.31194807 -0.444 -0.444 -0.444 -0.444 -0.444 -0.44236217 -0.26 -0.25999211 -0.084 -0.084 -0.084
-1.322 -0.344 -0.22200001 -0.344 -0.242 -0.494 -0.584 -0.4802968 -0.16 -0.488 -0.7 -0.176 -0.17600001 -0.328 -0.328 -0.3860029 -0.386 -0.586 -0.586 -0.89399951 -1.158 -1.158 -0.386 -0.844 -0.844 0.174 -0.39 -0.39 -0.22407757 -1.074 -0.932 -0.932 -0.166 -0.16596029 0.21397287 0.504 0.504 0.37139958 0.312 0.312 -0.225329 -0.226 -0.22599797 -0.51276431 -0.51399226 -0.51399998 -0.514 -0.51399997 -0.38615381 -0.084 -0.084 -0.084 -0.084
-1.1399992 -0.02 0.03328552 0.0019999991 -0.078 -0.56 -0.14 0.004 0.026 0.026 -0.7 -0.256 -0.8579999 -0.328 -0.39799979 -0.398 -0.386 -0.38 -0.334 -0.334 -0.93556297 -0.686 -0.686 0.065999987 0.174 0.174 -0.39 -0.39 -0.22401702 -0.22431329 -0.013554477 -0.166 -0.166 0.214 0.214 0.51053568 0.504 0.504 0.17401144 -0.22599944 -0.226 -0.226 -0.22598938 -0.51399932 -0.514 -0.514 -0.514 -0.51399996 -0.442 -0.084070946 -0.084 -0.084 -0.084
-1.14 -0.25 0.334 -0.142 0.13998383 -0.132 -0.056 0.21599999 -0.102 -0.114 -0.114 -0.502 -0.858 -0.858 -0.40115603 -0.71676494 -0.748 -0.24 -0.54999978 -0.334 -0.25096044 -0.226 -0.592 -0.022000002 -0.022002657 -0.228 -0.222 -0.22200006 -0.51497679 -0.51599999 -0.012 -0.12034749 0.086 0.214 0.21616761 0.516 0.516 0.174 0.174 -0.226 -0.226 -0.22599998 -0.38873143 -0.39200001 -0.514 -0.514 -0.514 -0.44200274 -0.442 -0.442 -0.084 -0.084 -0.084
-0.31796856 -0.25 0.214 0.296 0.288 0.278 0.27 0.716 0.074 0.022963993 -0.144 -0.464 -0.464 0.17 0.16999601 -1.1189632 -1.12 -1.12 -0.28732198 -0.42000002 -0.52 -0.52 -0.116 -0.40441622 -0.20724064 -0.228 -0.228 -0.222 -0.22398838 -0.224 -0.178 0.638 0.23306156 0.068 0.29 0.39 0.442 -0.228 0.61161212 -0.22221472 0.622 0.108 -0.39189711 -0.392 -0.39268668 -0.514 -0.24800001 -0.442 -0.442 -0.442 -0.442 -0.15322614 -0.472
-0.698 -0.698 0.336 0.494 0.332 0.73 0.526 0.53 0.028 0.00999753 0.206 0.344 0.17 0.17 -0.254 -0.26587758 -1.12 -1.1197562 -0.036 -0.42 -0.42 -0.43288335 -0.116 -0.11999992 -0.12 -0.12 -0.228 0.202 0.202 -0.224 -0.224 0.63647512 -0.166 0.068 0.086 0.39 0.442 0.58 0.612 0.021724162 0.10800002 0.1564888 0.24 -0.392 -0.392 -0.248 -0.248 -0.248 -0.442 -0.442 -0.64 -0.64 -0.63999994
-0.698 -0.698 -0.074 -0.2 0.054 0.27 0.32 0.46807063 0.664 0.576 0.012 0.192 0.34379739 -0.254 -0.254 -0.25398985 -0.166 -0.15917699 -0.036 -0.322 -0.322 -0.356 -0.356 -0.12 -0.12 -0.12 0.202 0.202 0.202 -0.618 -0.618 -0.61799925 -0.306 -0.306 -0.336 -0.578 0.268 0.17600094 0.27 0.012 0.012 -0.14599873 0.24 -0.392 -0.13800034 -0.524 -0.05085274 -0.050000001 -0.162 -0.162 -0.64 -0.64 -0.64
-0.698 -0.42856291 -0.12776869 -0.20999548 0.342 0.3 0.32 0.468 0.66399836 0.57697493 0.1920005 0.192 0.216 -0.254 -0.254 -0.166 -0.166 -0.1659926 -0.036 -0.322 -0.32867691 -0.356 -0.356 -0.12000925 -0.12 -0.17522489 -0.288 -0.288 -0.28799994 -0.618 -0.618 -0.476 -0.476 -0.30600008 -0.336 -0.3999999 0.27088586 0.176 0.176 0.011999995 -0.146 -0.146 -0.14599988 -0.138 -0.138 -0.524 -0.05 -0.05 -0.162 -0.162 -0.64 -0.64 -0.64
-0.016 0.0035492669 0.011992248 0.010399356 0.34199967 0.30000099 0.32 0.46617821 0.6504936 0.66170209 0.216 0.216 0.216 0.216 -0.25393342 -0.166 -0.166 -0.16432149 -0.036 -0.32193224 -0.094 -0.094 -0.094 -0.094 -0.11970239 -0.288 -0.288 -0.288 -0.288 -0.28823011 -0.476 -0.476 -0.476 -0.476 -0.4 -0.4 -0.4 0.14835546 0.17060743 -0.542 -0.542 -0.1460213 -0.45798905 -0.13803082 -0.138 -0.524 -0.05 -0.05 -0.162 -0.162 -0.63826587 -0.64 -0.31657173
-0.016 0.012 0.012 0.012 0.012 0.012000122 0.3199488 0.39005353 0.61445975 0.21648031 0.216 0.216 0.216 0.216 0.21600018 -0.166 -0.16599998 -0.15708289 -0.036002 -0.094 -0.094 -0.094 -0.094 -0.094 -0.095773372 -0.35715305 -0.42399997 -0.424 -0.424 -0.424 -0.476 -0.476 -0.47600043 -0.834 -0.834 -0.4 -0.76943285 -0.78 -0.54200014 -0.542 -0.542 -0.542 -0.458 -0.458 -0.458 -0.4584593 -0.19912249 -0.2 -0.2 -0.2 -0.2 0.10599985 0.106
0.142 0.012 0.012 0.012 0.012 0.012 0.01200002 0.19243714 0.47435407 0.474 0.474 0.474 0.474 0.474 0.474 0.17412263 -0.16068802 -0.14819859 -0.093992751 -0.094 -0.094 -0.094 -0.094 -0.093999716 -0.176 -0.176 -0.17600035 -0.424 -0.424 -0.42411614 -0.482 -0.482 -0.834 -0.834 -0.834 -0.78865026 -0.78 -0.78 -0.78 -0.542 -0.542 -0.542 -0.458 -0.458 -0.458 -0.458 -0.20000001 -0.2 -0.2 -0.2 -0.2 0.106 0.106
0.142 0.093602477 0.012 0.012 0.012 0.012 -0.21395564 -0.214 -0.21399998 0.474 0.474 0.474 0.474 0.474 0.40649426 0.168 0.168 0.168 0.14925708 0.14999975 0.15 0.15 0.15 0.15 -0.176 -0.176 -0.176 -0.176 -0.424 -0.482 -0.482 -0.482 -0.83399997 -0.834 -0.834 -0.898 -0.78015624 -0.78 -0.78 -0.54205731 -0.65628321 -0.92285829 -0.458 -0.458 -0.77701246 -0.778 -0.778 -0.20106003 -0.84174951 -0.84399994 -0.84399988 -0.64588622 0.10599847
0.142 -0.32900104 -0.1671403 0.012 0.012 -0.21386647 -0.214 -0.214 -0.214 -0.20904207 0.474 0.474 0.474 0.47399996 0.168 0.168 0.168 0.168 0.15001608 0.15 0.15 0.15 0.15 0.15 -0.17599999 -0.176 -0.176 -0.176 -0.17711303 -0.482 -0.482 -0.482 -0.406 -0.83399618 -0.898 -0.898 -0.898 -0.89706784 -0.91488048 -0.924 -0.924 -0.924 -1.03 -1.03 -0.778 -0.778 -0.778 -0.844 -0.844 -0.844 -0.844 -0.646 -0.646
-0.34165519 -0.342 -0.342 -0.342 -0.382 -0.21400433 -0.214 -0.214 -0.214 -0.214 0.45507269 0.47399674 0.47399999 0.168 0.168 0.168 0.168 0.168 0.15206935 0.15 0.15 0.15 0.15 0.15 -0.12354151 -0.31599924 -0.316 -0.316 -0.316 -0.482 -0.406 -0.406 -0.406 -0.406 -0.898 -0.89799779 -0.814 -0.814 -0.92262649 -0.924 -0.924 -0.924 -1.03 -1.03 -0.81701828 -0.778 -0.778 -0.844 -0.844 -0.844 -0.84187693 -0.646 -0.646
-0.342 -0.342 -0.342 -0.3608366 -0.382 -0.382 -0.214 -0.214 -0.214 -0.214 0.224 0.224 0.224 0.168 0.168 0.168 0.168 0.16796265 -0.062 -0.062 0.14999991 0.15 0.14152767 -0.198 -0.1990623 -0.316 -0.316 -0.316 -0.316 -0.40599084 -0.406 -0.406 -0.406 -0.406 -0.8140003 -0.814 -0.814 -0.814 -0.81438079 -0.924 -0.924 -0.924 -1.03 -1.03 -1.03 -0.778 -0.778 -0.84399999 -0.844 -0.844 -0.646 -0.646 -0.646
-0.342 -0.342 -0.342 -0.382 -0.382 -0.382 -0.38199974 -0.214 -0.214 0.22354786 0.224 0.224 0.224 0.22396511 -0.014929465 -0.058 -0.058 -0.058 -0.062 -0.062 -0.062 -0.198 -0.198 -0.198 -0.19801177 -0.27613615 -0.316 -0.316 -0.316 -0.30796036 -0.28801161 -0.288 -0.288 -0.288 -0.76929291 -0.70800024 -0.708 -0.708 -0.708 -1.025986 -1.026 -1.026 -1.03 -1.03 -0.81800089 -0.81799985 -0.404 -0.404 -0.532 -0.532 -0.532 -0.646 0.0094134564
-0.34200014 -0.342 -0.342 -0.382 -0.382 -0.382 -0.382 -0.17400001 -0.21384006 0.22357926 0.224 0.224 0.224 0.22344664 -0.058 -0.058 -0.058 -0.058000001 -0.062 -0.062 -0.062 -0.198 -0.198 -0.198 -0.24 -0.24 -0.252 -0.252 -0.252 -0.25219639 -0.288 -0.288 -0.288 -0.288 -0.49788469 -0.708 -0.708 -0.708 -0.708 -1.026 -1.026 -1.026 -1.0194555 -0.818 -0.818 -0.818 -0.404 -0.404 -0.532 -0.532 -0.532 0.0099999817 0.01
-0.388 -0.3610744 -0.152 -0.15206673 -0.382 -0.17520348 -0.174 -0.174 -0.29060116 -0.24000001 -0.24 -0.24 -0.24 -0.042006446 -0.042 -0.057999988 -0.058 -0.058105394 -0.062 -0.062 -0.062 -0.318 -0.318 -0.318 -0.24 -0.24 -0.252 -0.252 -0.252 -0.25200016 -0.47399882 -0.47399948 -0.29267483 -0.2881994 -0.73548957 -0.736 -0.736 -0.736 -0.736 -1.026 -1.026 -1.026 -0.82945299 -0.818 -0.818 -0.81799995 -0.404 -0.404 -0.40400461 -0.532 -0.53198185 -0.126 0.01
-0.29401785 -0.29399998 -0.152 -0.152 -0.152 -0.174 -0.174 -0.174 -0.494 -0.494 -0.24 -0.24 -0.24 -0.042 -0.042 -0.042 -0.042 -0.04200228 -0.062 -0.062 -0.06200001 -0.318 -0.318 -0.318 -0.24 -0.24 -0.252 -0.252 -0.252 -0.47149693 -0.474 -0.474 -0.474 -0.474 -0.73587072 -0.736 -0.736 -0.736 -0.736 -0.81400006 -0.814 -0.814 -0.814 -0.81799785 -0.538 -0.538 -0.538 -0.254 -0.254 -0.254 -0.126 -0.126 -0.126
-0.294 -0.294 -0.152 -0.152 -0.152 -0.17388436 -0.174 -0.494 -0.494 -0.494 -0.24003127 -0.24 -0.11089429 -0.042000009 -0.042 -0.042 -0.042 -0.082 -0.082 -0.082 -0.59399999 -0.59399979 -0.31800134 -0.318 -0.31822947 -0.742 -0.742 -0.74199883 -0.25207919 -0.91391231 -0.91399766 -0.91392318 -0.47475201 -0.47437972 -0.68962207 -0.73600008 -0.73665684 -0.932 -0.932 -0.814 -0.814 -0.814 -0.814 -0.538 -0.538 -0.538 -0.538 -0.254 -0.254 -0.254 -0.126 -0.126 -0.126
-0.294 -0.294 -0.152 -0.152 -0.152 -0.152 -0.29376665 -0.494 -0.494 -0.494 -0.49377242 -0.082 -0.082 -0.082 -0.042235729 -0.042 -0.08173345 -0.082 -0.082 -0.082 -0.594 -0.594 -0.594 -0.594 -0.742 -0.742 -0.742 -0.742 -0.742 -0.914 -0.914 -0.914 -0.914 -0.91399956 -0.706 -0.932 -0.932 -0.932 -0.932 -0.9319993 -0.73 -0.73 -0.73 -0.65320256 -0.494 -0.494 -0.494 -0.25400001 -0.25400003 -0.28 -0.28 0.12193967 0.122
-0.294 -0.294 -0.20325203 -0.152 -0.152 -0.152 -0.01285532 -0.492481 -0.494 -0.494 -0.081999959 -0.082 -0.082 -0.082 -0.082 -0.078721329 -0.082 -0.082 -0.082 -0.082 -0.59399604 -0.594 -0.594 -0.594 -0.742 -0.742 -0.742 -0.742 -0.742 -0.92877913 -0.914 -0.914 -0.914 -0.706 -0.706 -0.70617549 -0.932 -0.932 -0.85883879 -0.80200001 -0.73 -0.73 -0.73 -0.65443453 -0.494 -0.494 -0.494 -0.654 -0.28466 -0.28 -0.28 0.122 0.122
-0.074 -0.074 -0.074 -0.13244326 -0.15182315 -0.012 -0.012 -0.012 -0.012 0.112 0.112 -0.081999986 -0.082 -0.082 -0.082 -0.081999991 -0.082 -0.082 -0.082 -0.082 -0.37057981 -0.594 -0.594 -0.58494504 -0.26999726 -0.742 -0.742 -0.742 -0.934 -0.934 -0.934 -0.93399992 -0.706 -0.706 -0.706 -0.706 -0.802 -0.802 -0.802 -0.802 -0.704 -0.704 -0.704 -0.56600277 -0.566 -0.566 -0.56599998 -0.654 -0.654 -0.2804557 -0.28 0.12199831 0.122
-0.074 -0.074 -0.074 -0.073997738 -0.032 -0.029091671 -0.012 -0.012 -0.012 0.112 0.112 0.112 0.13799999 0.138 0.138 0.138 -0.081047452 -0.082 -0.082 -0.082 -0.089744852 -0.24800095 -0.248 -0.248 -0.248 -0.24800001 -0.508 -0.508 -0.934 -0.934 -0.934 -0.934 -0.70599987 -0.706 -0.706 -0.70598566 -0.802 -0.802 -0.802 -0.80173679 -0.704 -0.704 -0.704 -0.5660064 -0.566 -0.566 -0.566 -0.654 -0.654 -0.65399994 -0.214 -0.214 -0.078
-0.074 -0.074 -0.074 -0.032000097 -0.032 -0.032 -0.012000008 -0.012 -0.012 0.112 0.112 0.112 0.138 0.138 0.138 0.16084787 0.438 0.438 0.43799866 -0.079062906 -0.248 -0.248 -0.248 -0.248 -0.248 -0.24819566 -0.508 -0.508 -0.508 -0.934 -0.934 -0.93387642 -0.53 -0.53 -0.53 -0.556 -0.556 -0.742 -0.742 -0.742 -0.538 -0.70394793 -0.7039987 -0.53 -0.53 -0.53136436 -0.56600005 -0.654 -0.654 -0.214 -0.214 -0.214 -0.078
-0.074 -0.074 -0.074 -0.032 -0.032 -0.032 -0.032 -0.012 -0.012 0.112 0.112 0.13696037 0.138 0.138 0.138 0.438 0.438 0.438 0.438 0.438 -0.248 -0.248 -0.248 -0.248 -0.248 -0.50799911 -0.508 -0.508 -0.508 -0.742 -0.742 -0.742 -0.53 -0.53 -0.53 -0.556 -0.556 -0.742 -0.742 -0.538 -0.538 -0.538 -0.53 -0.53 -0.53 -0.53 -0.50206991 -0.19 -0.19 -0.19 -0.21399999 0.232 0.232
-0.074 -0.074 -0.073941513 -0.032 -0.032 -0.032 -0.032 0.25550755 0.27 0.26972874 0.11200001 0.1380206 0.138 0.138 0.13800104 0.438 0.438 0.438 0.438 0.438 0.79734135 -0.248 -0.248 -0.248 -0.24796087 -0.50797468 -0.508 -0.508 -0.508 -0.742 -0.742 -0.742 -0.74197076 -0.53 -0.556 -0.556 -0.556 -0.55600766 -0.74198609 -0.538 -0.538 -0.538 -0.53000049 -0.53 -0.53 -0.53 -0.1900014 -0.19 -0.19 -0.19 0.232 0.232 0.232
0.216 0.21599949 -0.032013334 -0.032 -0.032 -0.032 0.26993574 0.27 0.27 0.27 0.384 0.384 0.384 0.384 0.43775073 0.438 0.438 0.438 0.438 0.84199976 0.842 0.842 -0.058000032 -0.058 -0.058 -0.058 -0.096840788 -0.508 -0.90798362 -0.908 -0.908 -0.908 -0.908 -0.566 -0.566 -0.566 -0.566 -0.566 -0.61 -0.61 -0.61 -0.61 -0.61 -0.32630752 -0.326 -0.326 -0.326 -0.19 -0.19 -0.19 0.23193352 0.232 0.232
0.216 0.216 0.21747349 0.39199915 0.39199991 0.39188077 0.27 0.27 0.27 0.27 0.384 0.384 0.384 0.384 0.384 0.438 0.438 0.438 0.8419999 0.842 0.842 0.842 -0.057999997 -0.058 -0.058 -0.058 -0.058 -0.058096068 -0.90792972 -0.908 -0.908 -0.908 -0.90797177 -0.78709163 -0.56622893 -0.566 -0.566 -0.56600001 -0.61 -0.61 -0.61 -0.61 -0.61 -0.326 -0.326 -0.326 -0.326 -0.26240374 -0.19 -0.38381324 -0.386 -0.42 -0.42
0.216 0.216 0.39197771 0.392 0.392 0.392 0.36101251 0.27 0.27 0.27 0.384 0.384 0.384 0.384 0.384 0.43796453 0.438 0.84188155 0.842 0.842 0.842 0.842 0.27541083 -0.058 -0.058 -0.058 -0.058 -0.058473073 -0.726 -0.726 -0.726 -0.726 -0.726 -0.956 -0.956 -0.956 -0.956 -0.956 -0.902 -0.902 -0.902 -0.902 -0.902 -0.32606837 -0.32600001 -0.326 -0.32600475 -0.32657974 -0.386 -0.386 -0.386 -0.41999981 -0.42
0.21600053 0.49838516 0.39200002 0.392 0.392 0.392 0.392 0.27005195 0.27 0.27 0.384 0.384 0.384 0.384 1.0391184 1.054 1.054 0.84200546 0.842 0.842 0.842 0.842 0.84199993 -0.058 -0.058 -0.058 -0.058 -0.66600004 -0.66600003 -0.67876946 -0.726 -0.726 -0.726 -0.956 -0.956 -0.956 -0.956 -0.9559106 -0.902 -0.902 -0.902 -0.902 -0.90199556 -0.354 -0.354 -0.354 -0.354 -0.35400258 -0.386 -0.386 -0.386 -0.3860001 -0.55005598
0.504 0.504 0.5105624 0.392 0.392 0.392 0.392 0.392 0.27005368 0.95599999 0.956 0.956 0.95464253 1.053999 1.054 1.054 1.054 1.054 0.8419995 0.83769196 0.8 0.8 0.8 0.58147212 -0.062482037 -0.086464567 -0.1070165 -0.666 -0.666 -0.666 -0.666 -0.666 -0.66424353 -0.81845564 -0.824 -0.824 -0.824 -0.824 -0.89110442 -0.8440001 -0.844 -0.844 -0.844 -0.40799984 -0.35400001 -0.354 -0.354 -0.384 -0.38599997 -0.386 -0.386 -0.552 -0.552
0.504 0.504 0.688 0.688 0.688 0.3920986 0.392 0.392 0.956 0.956 0.956 0.956 0.956 1.054 1.054 1.054 1.054 1.054 0.8 0.8 0.8 0.8 0.8 -0.11399995 -0.114 -0.114 -0.114 -0.666 -0.666 -0.666 -0.666 -0.666 -0.33 -0.33 -0.824 -0.824 -0.824 -0.63603202 -0.636 -0.844 -0.844 -0.844 -0.84399994 -0.408 -0.408 -0.408 -0.384 -0.384 -0.384 -0.228 -0.228 -0.552 -0.552
0.504 0.504 0.688 0.688 0.688 0.688 0.68800019 0.722 0.95577968 0.956 0.956 0.956 0.956 1.0527775 1.054 1.054 1.054 1.054 0.80000001 0.8 0.8 0.8 0.8 -0.114 -0.114 -0.114 -0.114 -0.11400225 -0.666 -0.666 -0.666 -0.33001762 -0.33 -0.33 -0.33 -0.824 -0.636 -0.636 -0.636 -0.64147287 -0.48825043 -0.422 -0.422 -0.408 -0.408 -0.408 -0.384 -0.384 -0.384 -0.228 -0.228 -0.228 -0.37810246
0.61 0.60999917 0.688 0.688 0.688 0.688 0.722 0.722 0.722 0.956 0.956 0.956 0.956 0.95603047 1.054 1.054 1.054 1.054 0.80000444 0.8 0.8 0.8 0.047016496 -0.114 -0.114 -0.114 -0.114 -0.27799987 -0.278 -0.278 -0.66182316 -0.33 -0.33 -0.33 -0.32999985 -0.17 -0.636 -0.636 -0.636 -0.636 -0.422 -0.422 -0.422 -0.162 -0.162 -0.162 -0.41399708 -0.384 -0.384 -0.228 -0.228 -0.228 -0.35999948
0.61 0.61 0.688 0.688 0.688 0.722 0.722 0.722 0.722 0.93033748 0.956 0.956 0.956 0.95600108 1.3259687 1.326 1.326 1.326 0.60937711 0.692 0.692 0.692 0.692 -0.114 -0.114 -0.114 -0.11401082 -0.278 -0.278 -0.278 -0.278 -0.32998185 -0.24000463 -0.17 -0.17 -0.17 -0.63533396 -0.45800371 -0.458 -0.458 -0.42194047 -0.346 -0.346 -0.162 -0.162 -0.16200107 -0.414 -0.414 -0.438 -0.438 -0.438 -0.126 -0.172
