interpolatedSpi/07-10|22_2.tif
NCOLS 53
NROWS 52
XLLCORNER -116.03883
YLLCORNER 28.596182
DX 0.49850594
DY 0.49788537
NODATA_VALUE -9999
[rows 0 to 38 of 52, columns 0 to 52 of 53]
-0.9475 -0.9475 -1.1929615 -1.44 -1.255 -0.93 -1.3375 -1.355 -1.3598596 -0.8725 -1.505 -1.19 -1.3974971 -1.3625 -1.0875 -1.0875 -1.0875 -0.3275 -0.4175 -0.4175 -0.4175 -0.41750226 -0.6525 -0.2175 -0.2175 -0.2175 -1.0199979 -1.02 -1.02 -1.085 -1.085 -1.085 -1.085 -1 -1 -1 -1 -1 -1 -0.99999996 0.36776771 0.38215746 -0.9625 -0.9625 -0.9625 -0.9625 -0.96204266 -0.6825 -0.6825 -0.6825 -0.69999996 -0.7 -0.7
-0.94750977 -1.1675 -1.1975002 -1.1790559 -0.93038157 -1.365 -1.4925 -1.0479569 -1.2 -1.545 -1.3825 -1.3975 -1.3975 -0.69722576 -1.3624895 -1.0875 -0.3275 -0.3275 -0.41738265 -0.4175 -0.4175 -0.4175 -0.24723996 -0.2175 -0.2175 -0.2175 -1.2174999 -1.2175 -1.085 -1.085 -1.085 -1.085 -1.085 -1 -1 -1 -1 -1 -0.99999994 -0.83032479 0.024944369 -0.84267486 -0.9625 -0.9625 -0.9625 -0.9625 -0.9625 -0.6825 -0.6825 -0.6825 -0.68395112 -0.7 -0.7
-1.0999551 -1.1 -1.37 -0.9725 -1.0375 -0.945 -0.97 -0.9125 -1.7075 -1.0025 -1.4625 -1.33 -1.56 -0.125 -0.695 -0.7875 -0.3275 -0.3275 -0.3275 -0.16257413 -0.1625 -0.1625 -0.7825 -0.2175 -0.2175 -0.2175 -1.2175 -1.2175 -1.2175 -1.085 -1.085 -1.085 -1.279967 -0.99875566 -0.99227447 -0.17760568 -0.17 -0.17 -0.14547414 0.024999999 0.025 0.023737236 -0.9625 -0.9625 -0.9625 -0.9625 -0.9625 -0.6825 -0.6825 -0.6825 -0.6825 -0.7 -0.7
-0.9875 -1.0999999 -0.70758502 -0.49 -1.415 -0.765 -1.3025 -1.3875 -1.05 -0.92961667 -0.99 -0.415 -0.6425 -0.125 -0.6875 -0.7875 -0.91650538 -0.91708661 -1.395 -0.1625 -0.1625 -1.01 -0.7825 -0.7825 -0.2175 -0.21750499 -1.2175 -1.2175 -1.2175 -1.52 -1.5035397 -1.49 -1.49 -1.489999 -0.17 -0.17 -0.17 -0.17 0.025 0.025 0.025 0.024999963 -0.9625 -0.9625 -0.9625 -0.9625 -0.9625 -0.68250353 -0.6825 -0.6825 -0.6825 -0.6999862 -0.7
-0.9875 -0.37000062 -0.7075 -0.64077668 -1.415 -1.42 -1.1600163 -0.1825 -1.01 -0.18500028 -0.35710126 -0.43749212 -0.3825 -0.6875 -0.6875 -0.75645229 -0.9175 -0.9175 -1.395 -1.395 -0.16250175 -1.01 0.5525 -0.5075 -1.19 -1.1896872 -1.2175 -1.2175 -1.52 -1.52 -1.49 -1.49 -1.49 -1.2948266 -0.17 -0.17 -0.17 0.025 0.025 0.025 0.025 0.02495632 -0.96249999 -0.9625 -0.9625 -0.9625 -0.9625 -0.96000765 -0.6825 -0.68248184 -0.2775 -0.2775 -0.2775
-2.0475 -0.87 -0.78750001 -0.9675 -0.795 -1.1575 -1.295 -1.1525681 -0.64 -1.0775 -1.3325 -0.3425 -0.34250003 -0.735 -0.735 -0.71999698 -0.72 -1.0875 -1.0875 -1.3949992 -1.5675 -1.5675 -0.5075 -1.19 -1.19 0.1475 -0.4075 -0.4075 -0.53009056 -1.52 -1.49 -1.49 -0.455 -0.45492947 0.21995172 0.4475 0.4475 0.15571002 0.025 0.025 -0.42693564 -0.4275 -0.42749682 -0.86426527 -0.86251105 -0.86250003 -0.8625 -0.86250003 -0.42013044 -0.2775 -0.2775 -0.2775 -0.2775
-1.7125025 -0.3925 -0.10083235 -0.2325 -0.5875 -1.23 -0.5775 -0.195 -0.195 -0.195 -1.3325 -0.5875 -1.4399998 -0.735 -0.70750008 -0.7075 -0.72 -0.73 -0.5025 -0.5025 -1.342471 -1.09 -1.09 -0.035000016 0.1475 0.1475 -0.4075 -0.4075 -0.5300287 -0.53052841 -0.20004446 -0.455 -0.455 0.22 0.22 0.488348 0.4475 0.4475 0.027514558 -0.42749937 -0.4275 -0.4275 -0.42748237 -0.86249633 -0.8625 -0.8625 -0.8625 -0.86249974 -0.435 -0.27753121 -0.2775 -0.2775 -0.2775
-1.7125 -0.365 0.035 -0.715 -0.24502694 -0.615 -0.46 0.30499999 -0.28 -0.2325 -0.2325 -0.8175 -1.44 -1.44 -0.71252563 -0.99211155 -1.02 -0.3775 -0.81499968 -0.5025 -0.18360494 -0.135 -0.58 0.032499997 0.032496356 -0.25 -0.5025 -0.50249997 -1.0207742 -1.0225 -0.1975 -0.37026366 0.0225 0.22 0.22142606 0.5225 0.5225 0.027500002 0.0275 -0.4275 -0.4275 -0.42749997 -0.20224855 -0.20500003 -0.8625 -0.8625 -0.8625 -0.43501627 -0.435 -0.435 -0.2775 -0.2775 -0.2775
-0.49737181 -0.365 0.1225 0.19 -0.0875 0.06 0.0675 0.7425 -0.0375 -0.22290424 -0.585 -0.91499999 -0.915 -0.115 -0.11500557 -1.4911831 -1.4925 -1.4925 -0.44428505 -0.55750003 -0.7075 -0.70749999 0.0675 -0.32483089 -0.22153146 -0.25 -0.5225 -0.5025 -0.55220945 -0.5525 -0.48 0.5 0.016492128 -0.205 0.27 0.4425 0.61 -0.2 0.83951977 -0.42157434 0.9 0.2625 -0.20489011 -0.205 -0.20870077 -0.8625 0.19249994 -0.43499999 -0.435 -0.435 -0.435 -0.33166074 -0.55
-1.2375 -1.2375 0.13 0.4 0.2375 0.77 0.43 0.44 -0.085 -0.26997592 -0.205 0.14 -0.115 -0.115 -0.7075 -0.71826663 -1.4925 -1.4922177 -0.23 -0.5575 -0.5575 -0.57682504 0.0675 -0.40999096 -0.41 -0.41 -0.5225 0.2875 0.2875 -0.5525 -0.5525 0.49817925 -0.46 -0.205 -0.085 0.4425 0.61 0.6925 0.84 0.10461468 0.26250003 0.33872292 0.47 -0.205 -0.205 0.1925 0.1925 0.1925 -0.435 -0.435 -0.7125 -0.7125 -0.71249994
-1.2375 -1.2375 -0.34 -0.4725 -0.1925 0.205 0.1975 0.21519475 0.635 0.3875 -0.1575 -0.125 0.13964683 -0.7075 -0.7075 -0.70747087 -0.455 -0.44319094 -0.23 -0.63 -0.63 -0.6025 -0.6025 -0.41 -0.41 -0.41 0.2875 0.2875 0.2875 -1.0075 -1.0075 -1.0074991 -0.5 -0.5 -0.2925 -0.825 0.45 0.45750136 0.2975 0.0925 0.0925 -0.19499781 0.47 -0.205 -0.13250044 -0.7 0.040656782 0.04 1.3823967e-17 1.3877064e-17 -0.7125 -0.7125 -0.7125
-1.2375 -0.84995329 -0.39654248 -0.47249421 0.1975 0.4375 0.1975 0.215 0.63499649 0.390242 -0.12499933 -0.125 -0.0475 -0.7075 -0.7075 -0.45500001 -0.455 -0.45498719 -0.23 -0.63 -0.62459956 -0.6025 -0.6025 -0.41000753 -0.41 -0.41739619 -0.4325 -0.4325 -0.43249991 -1.0075 -1.0075 -0.795 -0.795 -0.49999943 -0.2925 -0.51749988 0.47685853 0.4575 0.4575 0.092499991 -0.195 -0.195 -0.19499944 -0.1325 -0.1325 -0.7 0.04 0.04 1.3877788e-17 1.3877788e-17 -0.7125 -0.7125 -0.7125
-0.275 -0.19445056 -0.18001074 -0.18210982 0.19750099 0.43749433 0.19750001 0.21478459 0.6060577 0.62853711 -0.0475 -0.0475 -0.0475 -0.0475 -0.70740651 -0.455 -0.455 -0.45209489 -0.23 -0.62992298 -0.3725 -0.3725 -0.3725 -0.3725 -0.4093848 -0.4325 -0.4325 -0.4325 -0.4325 -0.43292737 -0.795 -0.795 -0.795 -0.795 -0.5175 -0.5175 -0.5175 0.4106753 0.44882533 -0.6975 -0.6975 -0.19502703 -0.62998297 -0.13254792 -0.1325 -0.7 0.04 0.04 -1.06645e-09 1.3572496e-17 -0.70991513 -0.7125 -0.43594204
-0.275 -0.18 -0.18 -0.18 -0.18 -0.17999974 0.19811432 0.20583486 0.52884232 -0.046771096 -0.0475 -0.0475 -0.0475 -0.0475 -0.047499602 -0.455 -0.45499996 -0.43956654 -0.2300036 -0.3725 -0.3725 -0.3725 -0.3725 -0.3725 -0.37336497 -0.62579878 -0.76499993 -0.765 -0.765 -0.765 -0.795 -0.795 -0.79500063 -1.3225 -1.3225 -0.5175 -1.0838017 -1.1 -0.69750023 -0.6975 -0.6975 -0.6975 -0.63 -0.63 -0.63 -0.63048714 -0.16878736 -0.17 -0.17 -0.17 -0.17 0.024999848 0.025
-0.02 -0.18 -0.18 -0.18 -0.18 -0.18 -0.17999997 0.021652001 0.51444942 0.515 0.515 0.515 0.515 0.515 0.51499999 0.015215982 -0.44768001 -0.42418989 -0.37248216 -0.3725 -0.3725 -0.3725 -0.3725 -0.37249952 -0.4125 -0.4125 -0.4125005 -0.765 -0.765 -0.76488987 -0.71 -0.71 -1.3225 -1.3225 -1.3225 -1.135642 -1.1 -1.1 -1.1 -0.6975 -0.6975 -0.6975 -0.63 -0.63 -0.63 -0.63 -0.17000001 -0.17 -0.17 -0.17 -0.17 0.025 0.025
-0.02 -0.079566182 -0.18 -0.18 -0.18 -0.18 -0.42995093 -0.43 -0.42999998 0.515 0.515 0.515 0.515 0.515 0.40249043 0.005 0.005 0.005 0.036251551 0.037499582 0.0375 0.0375 0.0375 0.0375 -0.4125 -0.4125 -0.4125 -0.4125 -0.765 -0.71 -0.71 -0.71 -1.3224999 -1.3225 -1.3225 -1.03 -1.0999073 -1.1 -1.1 -0.69758479 -0.86653145 -1.2608113 -0.63 -0.63 -0.8767362 -0.8775 -0.8775 -0.17120596 -0.89994024 -0.90249994 -0.90249986 -0.72988576 0.024998465
-0.02 -0.5527956 -0.37609284 -0.18 -0.18 -0.42985229 -0.43 -0.43 -0.43 -0.42319006 0.515 0.515 0.515 0.51499994 0.005 0.005 0.005 0.005 0.037470968 0.0375 0.0375 0.0375 0.0375 0.0375 -0.41249999 -0.4125 -0.4125 -0.4125 -0.41358211 -0.71 -0.71 -0.71 -0.44750001 -1.3224491 -1.03 -1.03 -1.03 -1.0292082 -1.2522031 -1.2625 -1.2625 -1.2625 -1.1975 -1.1975 -0.8775 -0.8775 -0.8775 -0.9025 -0.9025 -0.9025 -0.9025 -0.73 -0.73
-0.56711511 -0.5675 -0.5675 -0.5675 -0.685 -0.43000658 -0.43 -0.43 -0.43 -0.43 0.49399062 0.51499638 0.51499999 0.005 0.005 0.005 0.005 0.005 0.0028131948 0.0375 0.0375 0.0375 0.0375 0.0375 -0.35414938 -0.64249875 -0.6425 -0.6425 -0.6425 -0.70999999 -0.4475 -0.4475 -0.4475 -0.4475 -1.03 -1.0299981 -0.9575 -0.9575 -1.2586916 -1.2625 -1.2625 -1.2625 -1.1975 -1.1975 -0.92704702 -0.8775 -0.8775 -0.9025 -0.9025 -0.9025 -0.90065035 -0.73 -0.73
-0.5675 -0.5675 -0.5675 -0.6228325 -0.685 -0.685 -0.43 -0.43 -0.43 -0.43 0.2375 0.2375 0.2375 0.005 0.005 0.005 0.005 0.005 -0.07 -0.07 0.037499956 0.0375 0.029952805 -0.2725 -0.27583095 -0.6425 -0.6425 -0.6425 -0.6425 -0.44751986 -0.4475 -0.4475 -0.4475 -0.4475 -0.95750025 -0.9575 -0.9575 -0.9575 -0.95856366 -1.2625 -1.2625 -1.2625 -1.1975 -1.1975 -1.1975 -0.8775 -0.8775 -0.90249999 -0.9025 -0.9025 -0.73 -0.73 -0.73
-0.5675 -0.5675 -0.5675 -0.685 -0.685 -0.685 -0.68499961 -0.43 -0.43 0.23681095 0.2375 0.2375 0.2375 0.23735514 0.005 0.005 0.005 0.0049999996 -0.07 -0.07 -0.07 -0.2725 -0.2725 -0.2725 -0.27253011 -0.50481237 -0.6425 -0.6425 -0.6425 -0.40725274 -0.39250541 -0.3925 -0.3925 -0.3925 -0.89135724 -0.80000036 -0.8 -0.8 -0.8 -1.2325041 -1.2325 -1.2325 -1.1975 -1.1975 -0.8375015 -0.83749982 -0.34 -0.34 -0.62 -0.62 -0.62 -0.73 0.15670647
-0.56749995 -0.5675 -0.5675 -0.685 -0.685 -0.685 -0.68499999 -0.13000009 -0.42880048 0.23738665 0.2375 0.2375 0.2375 0.23704377 0.005 0.005 0.005 0.0049999784 -0.07 -0.07 -0.07 -0.2725 -0.2725 -0.2725 -0.38 -0.38 -0.3975 -0.3975 -0.3975 -0.39747272 -0.3925 -0.3925 -0.3925 -0.3925 -0.59613815 -0.8 -0.8 -0.8 -0.8 -1.2325 -1.2325 -1.2325 -1.2200718 -0.8375 -0.8375 -0.8375 -0.34 -0.34 -0.62 -0.62 -0.62 0.15749997 0.1575
-0.55 -0.55220652 -0.38 -0.38008849 -0.685 -0.13321121 -0.13 -0.13 -0.10540444 0.1125 0.1125 0.1125 0.1125 0.12249967 0.1225 0.0050000902 0.005 0.0030238603 -0.07 -0.07 -0.07 -0.46 -0.46 -0.46 -0.38 -0.38 -0.3975 -0.3975 -0.3975 -0.39750022 -0.69499808 -0.69499915 -0.40010288 -0.3928243 -0.99930685 -1 -1 -1 -1 -1.2325 -1.2325 -1.2325 -0.85924976 -0.8375 -0.8375 -0.83749995 -0.34 -0.34 -0.34001008 -0.62 -0.61997351 -0.0275 0.1575
-0.40002849 -0.4 -0.38 -0.38 -0.38 -0.13 -0.13 -0.13 -0.0625 -0.0625 0.1125 0.1125 0.1125 0.1225 0.1225 0.1225 0.1225 0.12247819 -0.07 -0.07 -0.070000015 -0.46 -0.46 -0.46 -0.38 -0.38 -0.3975 -0.3975 -0.3975 -0.69164567 -0.695 -0.695 -0.695 -0.695 -0.9998495 -1 -1 -1 -1 -0.96500007 -0.965 -0.965 -0.965 -0.83749804 -0.5825 -0.5825 -0.5825 -0.195 -0.195 -0.195 -0.0275 -0.0275 -0.0275
-0.4 -0.4 -0.38 -0.38 -0.38 -0.13131404 -0.13 -0.0625 -0.0625 -0.0625 0.11247846 0.1125 0.041001587 0.12249998 0.1225 0.1225 0.1225 2.3026801e-10 2.0816032e-17 -2.9115041e-13 -0.5875 -0.58749991 -0.46000062 -0.46 -0.46023395 -0.8925 -0.8925 -0.89249882 -0.39758 -1.0624268 -1.062498 -1.0624358 -0.6956281 -0.69531715 -0.94591636 -1.0000001 -1.0006535 -1.195 -1.195 -0.965 -0.965 -0.965 -0.965 -0.5825 -0.5825 -0.5825 -0.5825 -0.195 -0.195 -0.195 -0.0275 -0.0275 -0.0275
-0.4 -0.4 -0.38 -0.38 -0.38 -0.38 -0.10473672 -0.0625 -0.0625 -0.0625 -0.062451666 0.025 0.025 0.025 0.12192541 0.1225 0.00081630976 2.0816682e-17 2.0816682e-17 2.0816682e-17 -0.5875 -0.5875 -0.5875 -0.5875 -0.8925 -0.8925 -0.8925 -0.8925 -0.8925 -1.0625 -1.0625 -1.0625 -1.0625 -1.0624995 -0.8075 -1.195 -1.195 -1.195 -1.195 -1.1949992 -0.965 -0.965 -0.965 -0.87551045 -0.69 -0.69 -0.69 -0.19500001 -0.19500021 -0.4125 -0.4125 0.30491911 0.305
-0.4 -0.4 -0.3872186 -0.38 -0.38 -0.37999999 0.12716284 -0.061901225 -0.0625 -0.0625 0.025000045 0.025 0.025 0.025 0.025 0.032988042 2.0854038e-17 2.0816682e-17 2.0816682e-17 2.0816682e-17 -0.58749546 -0.5875 -0.5875 -0.5875 -0.8925 -0.8925 -0.8925 -0.8925 -0.8925 -1.1068374 -1.0625 -1.0625 -1.0625 -0.8075 -0.8075 -0.8078009 -1.195 -1.195 -1.2020347 -1.2075 -0.965 -0.965 -0.965 -0.87746428 -0.69 -0.69 -0.69 -0.9225 -0.41885455 -0.4125 -0.4125 0.305 0.305
0.0825 0.0825 0.0825 -0.26403854 -0.3792938 0.1275 0.1275 0.1275 0.1275 0.24 0.24 0.025000015 0.025 0.025 0.025 0.024998419 2.0816689e-17 2.0816682e-17 2.0816682e-17 2.0816682e-17 -0.33113406 -0.5875 -0.5875 -0.57977973 -0.31921732 -0.8925 -0.8925 -0.8925 -1.1225 -1.1225 -1.1225 -1.1224997 -0.8075 -0.8075 -0.8075 -0.8075 -1.2075 -1.2075 -1.2075 -1.2075 -1.045 -1.045 -1.045 -0.92000251 -0.92 -0.92 -0.91999993 -0.9225 -0.9225 -0.41312141 -0.4125 0.30499677 0.305
0.0825 0.0825 0.0825 0.082500942 0.1 0.10399895 0.1275 0.1275 0.1275 0.24 0.24 0.24 0.1225 0.1225 0.1225 0.12250001 0.00093880932 9.3980045e-14 2.0816847e-17 2.0635893e-17 -0.0088924843 -0.29250081 -0.2925 -0.2925 -0.2925 -0.29250001 -0.52 -0.52 -1.1225 -1.1225 -1.1225 -1.1225 -0.80749984 -0.8075 -0.8075 -0.80748228 -1.2075 -1.2075 -1.2075 -1.2067981 -1.045 -1.045 -1.045 -0.9200058 -0.92 -0.92 -0.92 -0.9225 -0.9225 -0.92249992 -0.335 -0.335 -0.145
0.0825 0.0825 0.0825 0.09999996 0.1 0.1 0.12749999 0.1275 0.1275 0.24 0.24 0.24 0.1225 0.1225 0.1225 0.15220222 0.5125 0.5125 0.51249868 0.0028947314 -0.2925 -0.2925 -0.2925 -0.2925 -0.2925 -0.29267121 -0.52 -0.52 -0.52 -1.1225 -1.1225 -1.1222972 -0.59 -0.59 -0.59 -0.6 -0.6 -1.0475 -1.0475 -1.0475 -0.74 -1.0449043 -1.0449987 -0.8725 -0.8725 -0.8743002 -0.91999988 -0.9225 -0.9225 -0.335 -0.335 -0.335 -0.145
0.0825 0.0825 0.0825 0.1 0.1 0.1 0.1 0.1275 0.1275 0.24 0.24 0.12719831 0.1225 0.1225 0.1225 0.5125 0.5125 0.5125 0.5125 0.5125 -0.2925 -0.2925 -0.2925 -0.2925 -0.2925 -0.51999922 -0.52 -0.52 -0.52 -0.8075 -0.8075 -0.8075 -0.59 -0.59 -0.59 -0.6 -0.6 -1.0475 -1.0475 -0.74 -0.74 -0.74 -0.8725 -0.8725 -0.8725 -0.8725 -0.82013107 -0.235 -0.235 -0.235 -0.33499999 0.4125 0.4125
0.0825 0.0825 0.08252437 0.1 0.1 0.1 0.1 0.38560353 0.4 0.3997253 0.24000001 0.12252534 0.1225 0.1225 0.12250135 0.5125 0.5125 0.5125 0.5125 0.5125 0.9662238 -0.2925 -0.2925 -0.2925 -0.29243512 -0.51996948 -0.52 -0.52 -0.52 -0.8075 -0.8075 -0.8075 -0.80747139 -0.59 -0.6 -0.6 -0.6 -0.60001863 -1.047479 -0.74 -0.74 -0.74 -0.87249196 -0.8725 -0.8725 -0.8725 -0.23500202 -0.235 -0.235 -0.235 0.4125 0.4125 0.4125
0.79 0.78999876 0.10001516 0.1 0.1 0.1 0.39993616 0.4 0.4 0.4 0.425 0.425 0.425 0.425 0.51209611 0.5125 0.5125 0.5125 0.5125 1.0199997 1.02 1.02 0.022499948 0.0225 0.0225 0.0225 -0.024324728 -0.52 -1.1474743 -1.1475 -1.1475 -1.1475 -1.1475 -0.9 -0.9 -0.9 -0.9 -0.9 -0.855 -0.855 -0.855 -0.855 -0.855 -0.43066704 -0.43 -0.43 -0.43 -0.235 -0.235 -0.235 0.41239799 0.4125 0.4125
0.79 0.79 0.78995794 0.78499862 0.78499985 0.7846242 0.4 0.4 0.4 0.4 0.425 0.425 0.425 0.425 0.425 0.5125 0.5125 0.5125 1.0199999 1.02 1.02 1.02 0.022500003 0.0225 0.0225 0.0225 0.0225 0.022384037 -1.1474459 -1.1475 -1.1475 -1.1475 -1.1474783 -1.1976234 -0.90030818 -0.9 -0.9 -0.90000001 -0.855 -0.855 -0.855 -0.855 -0.855 -0.43 -0.43 -0.43 -0.43 -0.33881419 -0.235 -0.32646798 -0.3275 -0.4275 -0.4275
0.79 0.79 0.78500063 0.785 0.785 0.785 0.68721162 0.4 0.4 0.4 0.425 0.425 0.425 0.425 0.425 0.51244082 0.5125 1.0198512 1.02 1.02 1.02 1.02 0.39203034 0.0225 0.0225 0.0225 0.0225 0.021770517 -1.0075 -1.0075 -1.0075 -1.0075 -1.0075 -1.425 -1.425 -1.425 -1.425 -1.425 -1.405 -1.405 -1.405 -1.405 -1.405 -0.43030521 -0.43000006 -0.43 -0.43002119 -0.43253477 -0.3275 -0.3275 -0.3275 -0.42749944 -0.4275
0.79000025 0.9248193 0.78500002 0.785 0.785 0.785 0.785 0.40016393 0.4 0.4 0.425 0.425 0.425 0.425 1.3025653 1.3225 1.3225 1.0200078 1.02 1.02 1.02 1.02 1.0199999 0.0225 0.0225 0.0225 0.0225 -1.0299999 -1.03 -1.0252115 -1.0075 -1.0075 -1.0075 -1.425 -1.425 -1.425 -1.425 -1.4248425 -1.405 -1.405 -1.405 -1.405 -1.404992 -0.555 -0.555 -0.555 -0.555 -0.55498165 -0.3275 -0.3275 -0.3275 -0.32750021 -0.6664286
0.9275 0.9275 0.9089438 0.785 0.785 0.785 0.785 0.785 0.40016626 1.2675 1.2675 1.2675 1.2655006 1.3224987 1.3225 1.3225 1.3225 1.3225 1.0199986 1.0076913 0.9 0.9 0.9 0.67557522 0.00069008808 -0.11601062 -0.21492875 -1.03 -1.03 -1.03 -1.03 -1.03 -1.0249016 -1.1865516 -1.1925 -1.1925 -1.1925 -1.1925 -1.3852753 -1.3000002 -1.3 -1.3 -1.3 -0.61749982 -0.55500002 -0.555 -0.555 -0.41 -0.32750132 -0.3275 -0.3275 -0.67 -0.67
0.9275 0.9275 0.98 0.98 0.98 0.78506496 0.785 0.785 1.2675 1.2675 1.2675 1.2675 1.2675 1.3225 1.3225 1.3225 1.3225 1.3225 0.9 0.9 0.9 0.9 0.9 -0.24999994 -0.25 -0.25 -0.25 -1.03 -1.03 -1.03 -1.03 -1.03 -0.6625 -0.6625 -1.1925 -1.1925 -1.1925 -1.0700209 -1.07 -1.3 -1.3 -1.3 -1.2999999 -0.6175 -0.6175 -0.6175 -0.41 -0.41 -0.41 -0.1475 -0.1475 -0.67 -0.67
0.9275 0.9275 0.98 0.98 0.98 0.98 0.97999872 0.7475 1.2670104 1.2675 1.2675 1.2675 1.2675 1.3218139 1.3225 1.3225 1.3225 1.3225 0.90000001 0.9 0.9 0.9 0.9 -0.25 -0.25 -0.25 -0.25 -0.25000318 -1.03 -1.03 -1.03 -0.66251927 -0.6625 -0.6625 -0.6625 -1.1925 -1.07 -1.07 -1.07 -1.0760517 -0.9122161 -0.84 -0.84 -0.6175 -0.6175 -0.6175 -0.41 -0.41 -0.41 -0.1475 -0.1475 -0.1475 -0.3960208
0.7825 0.78250114 0.98 0.98 0.98 0.98 0.7475 0.7475 0.7475 1.2675 1.2675 1.2675 1.2675 1.2675171 1.3225 1.3225 1.3225 1.3225 0.90000739 0.9 0.9 0.9 -0.047408168 -0.25 -0.25 -0.25 -0.25 -0.51499978 -0.515 -0.51500001 -1.0244589 -0.6625 -0.6625 -0.6625 -0.6624998 -0.4575 -1.07 -1.07 -1.07 -1.07 -0.84 -0.84 -0.84 -0.4325 -0.4325 -0.4325 -0.79996202 -0.41 -0.41 -0.1475 -0.1475 -0.1475 -0.36749924
