interpolatedSpi/07-12|23_1.tif
NCOLS 53
NROWS 52
XLLCORNER -116.03883
YLLCORNER 28.596182
DX 0.49850594
DY 0.49788537
NODATA_VALUE -9999
[rows 26 to 51 of 52, columns 0 to 52 of 53]
0.20857143 0.20857143 0.20857143 0.17431897 0.1627131 0.19428571 0.19428571 0.19428571 0.19428571 0.10142857 0.10142857 0.28285713 0.28285714 0.28285714 0.28285714 0.28285377 0.23 0.23 0.23 0.23 0.30327222 0.36 0.36 0.36037386 0.38630851 0.64428571 0.64428571 0.64428571 0.10571429 0.10571429 0.10571429 0.10571739 0.41285714 0.41285714 0.41285714 0.41285714 0.015714286 0.015714286 0.015714286 0.015714286 -0.25 -0.25 -0.25 -0.29999899 -0.3 -0.3 -0.30000005 -0.36857143 -0.36857143 -0.55548626 -0.55571429 -0.19571489 -0.19571429
0.20857143 0.20857143 0.20857143 0.20856358 0.062857143 0.081969017 0.19428571 0.19428571 0.19428571 0.10142857 0.10142857 0.10142857 -0.29999997 -0.3 -0.3 -0.29999999 0.22875436 0.23 0.23 0.23 0.23197204 0.37428568 0.37428571 0.37428571 0.37428571 0.37428571 0.081428576 0.081428571 0.10571429 0.10571429 0.10571429 0.10571429 0.41285708 0.41285714 0.41285714 0.41284993 0.015714286 0.015714286 0.015714286 0.015751887 -0.25 -0.25 -0.25 -0.29999768 -0.3 -0.3 -0.3 -0.36857143 -0.36857143 -0.36857142 -0.31571429 -0.31571429 -0.07
0.20857143 0.20857143 0.20857143 0.062857479 0.062857143 0.062857143 0.19428566 0.19428571 0.19428571 0.10142857 0.10142857 0.10142857 -0.3 -0.3 -0.3 -0.31142393 -0.45 -0.45 -0.44999824 0.22615918 0.37428571 0.37428571 0.37428571 0.37428571 0.37428571 0.37406532 0.081428571 0.081428571 0.081428571 0.10571429 0.10571429 0.10570141 0.32428571 0.32428571 0.32428571 0.12857143 0.12857143 0.024285714 0.024285714 0.024285714 -0.24 -0.24999686 -0.24999891 -0.10428571 -0.10428571 -0.11170306 -0.2999996 -0.36857143 -0.36857143 -0.31571429 -0.31571429 -0.31571429 -0.07
0.20857143 0.20857143 0.20857143 0.062857143 0.062857143 0.062857143 0.062857143 0.19428571 0.19428571 0.10142857 0.10142857 -0.28394865 -0.3 -0.3 -0.3 -0.45 -0.45 -0.45 -0.45 -0.45 0.37428571 0.37428571 0.37428571 0.37428571 0.37428571 0.081429571 0.081428571 0.081428571 0.081428571 0.085714286 0.085714286 0.085714286 0.32428571 0.32428571 0.32428571 0.12857143 0.12857143 0.024285714 0.024285714 -0.24 -0.24 -0.24 -0.10428571 -0.10428571 -0.10428571 -0.10428571 -0.14512467 -0.60142857 -0.60142857 -0.60142857 -0.31571429 -0.29428571 -0.29428571
0.20857143 0.20857143 0.20836851 0.062857143 0.062857143 0.062857143 0.062857143 -0.090824757 -0.098571429 -0.098228056 0.10142855 -0.30000335 -0.3 -0.3 -0.30000052 -0.45 -0.45 -0.45 -0.45 -0.45 -0.57379669 0.37428571 0.37428571 0.37428571 0.37425864 0.081437654 0.081428571 0.081428571 0.081428571 0.085714286 0.085714286 0.085714286 0.085750325 0.32428571 0.12857143 0.12857143 0.12857143 0.1285672 0.024267691 -0.24 -0.24 -0.24 -0.10429395 -0.10428571 -0.10428571 -0.10428571 -0.60142421 -0.60142857 -0.60142857 -0.60142857 -0.29428572 -0.29428571 -0.29428571
0.17857143 0.17857148 0.062937864 0.062857143 0.062857143 0.062857143 -0.098537078 -0.098571429 -0.098571429 -0.098571429 -0.33999999 -0.34 -0.34 -0.34 -0.4494923 -0.45 -0.45 -0.45 -0.45 -0.61428562 -0.61428571 -0.61428571 0.24285716 0.24285714 0.24285714 0.24285714 0.22892378 0.081428571 0.28142038 0.28142857 0.28142857 0.28142857 0.28142857 0.21428571 0.21428571 0.21428571 0.21428571 0.21428571 -0.075714286 -0.075714286 -0.075714286 -0.075714286 -0.075714286 -0.17132736 -0.17142857 -0.17142857 -0.17142857 -0.60142857 -0.60142857 -0.60142857 -0.2943341 -0.29428571 -0.29428571
0.17857143 0.17857143 0.17805709 0.11714275 0.11714285 0.11693254 -0.098571429 -0.098571429 -0.098571429 -0.098571429 -0.34 -0.34 -0.34 -0.34 -0.34 -0.45 -0.45 -0.45 -0.61428567 -0.61428571 -0.61428571 -0.61428571 0.24285714 0.24285714 0.24285714 0.24285714 0.24285714 0.24282303 0.28157531 0.28142857 0.28142857 0.28142857 0.28148752 0.4183703 0.21449704 0.21428571 0.21428571 0.21428572 -0.075714286 -0.075714286 -0.075714286 -0.075714286 -0.075714286 -0.17142857 -0.17142857 -0.17142857 -0.17142857 -0.37250497 -0.60142857 -0.46016528 -0.45857143 -0.43 -0.43
0.17857143 0.17857143 0.11715064 0.11714286 0.11714286 0.11714286 0.062352339 -0.098571429 -0.098571429 -0.098571429 -0.34 -0.34 -0.34 -0.34 -0.34 -0.44991776 -0.45 -0.61423755 -0.61428571 -0.61428571 -0.61428571 -0.61428571 -0.074676983 0.24285714 0.24285714 0.24285714 0.24285714 0.24315369 0.66142857 0.66142857 0.66142857 0.66142857 0.66142857 0.57428571 0.57428571 0.57428571 0.57428571 0.57428571 -0.045714286 -0.045714286 -0.045714286 -0.045714286 -0.045714286 -0.17132742 -0.17142855 -0.17142857 -0.17142155 -0.17062494 -0.45857143 -0.45857143 -0.45857143 -0.43000016 -0.43
0.17857158 0.25841247 0.11714288 0.11714286 0.11714286 0.11714286 0.11714286 -0.09847958 -0.098571429 -0.098571429 -0.34 -0.34 -0.34 -0.34 -0.59841557 -0.60428571 -0.60428571 -0.61428546 -0.61428571 -0.61428571 -0.61428571 -0.61428571 -0.61428559 0.24285714 0.24285714 0.24285714 0.24285714 0.93428544 0.93428559 0.87621508 0.66142857 0.66142857 0.66142857 0.57428571 0.57428571 0.57428571 0.57428571 0.57435248 -0.045714286 -0.045714286 -0.045714286 -0.045714286 -0.045700933 -0.13 -0.13 -0.13 -0.13 -0.1300265 -0.45857143 -0.45857143 -0.45857143 -0.45857138 -0.37369871
0.26 0.26 0.17179873 0.11714286 0.11714286 0.11714286 0.11714286 0.11714286 -0.09848042 -0.49857142 -0.49857143 -0.49857143 -0.49819511 -0.60428533 -0.60428571 -0.60428571 -0.60428571 -0.60428571 -0.6142826 -0.58761686 -0.35428571 -0.35428571 -0.35428571 -0.20342116 0.2233054 0.11868773 0.030945586 0.93428571 0.93428571 0.93428571 0.93428571 0.93428571 0.92221492 0.67364278 0.67285714 0.67285714 0.67285714 0.67285714 -0.012973942 0.12857112 0.12857143 0.12857143 0.12857143 0.0028567533 -0.12999997 -0.13 -0.13 0.13285714 -0.45856195 -0.45857143 -0.45857143 -0.37285714 -0.37285714
0.26 0.26 -0.15714285 -0.15714286 -0.15714286 0.11705149 0.11714286 0.11714286 -0.49857143 -0.49857143 -0.49857143 -0.49857143 -0.49857143 -0.60428571 -0.60428571 -0.60428571 -0.60428571 -0.60428571 -0.35428571 -0.35428571 -0.35428571 -0.35428571 -0.35428571 -0.0014285897 -0.0014285714 -0.0014285714 -0.0014285714 0.93428571 0.93428571 0.93428571 0.93428571 0.93428571 0.74285714 0.74285714 0.67285714 0.67285714 0.67285714 0.30149183 0.30142857 0.12857143 0.12857143 0.12857143 0.12857144 0.0028571429 0.0028571429 0.0028571429 0.13285714 0.13285714 0.13285714 -0.017142857 -0.017142857 -0.37285714 -0.37285714
0.26 0.26 -0.15714286 -0.15714286 -0.15714286 -0.15714286 -0.15714557 -0.65142857 -0.49871535 -0.49857143 -0.49857143 -0.49857143 -0.49857143 -0.60296702 -0.60428571 -0.60428571 -0.60428571 -0.60428571 -0.35428572 -0.35428571 -0.35428571 -0.35428571 -0.35428571 -0.0014285714 -0.0014285714 -0.0014285714 -0.0014285714 -0.0014247816 0.93428571 0.93428571 0.93428571 0.74286718 0.74285714 0.74285714 0.74285714 0.67285714 0.30142858 0.30142857 0.30142857 0.29688038 0.19480781 0.20714286 0.20714286 0.0028571429 0.0028571429 0.0028571429 0.13285714 0.13285714 0.13285714 -0.017142857 -0.017142857 -0.017142857 -0.26028954
0.18142857 0.18142919 -0.15714286 -0.15714286 -0.15714286 -0.15714286 -0.65142857 -0.65142857 -0.65142857 -0.49857143 -0.49857143 -0.49857143 -0.49857143 -0.49860429 -0.60428571 -0.60428571 -0.60428571 -0.60428571 -0.35429018 -0.35428571 -0.35428571 -0.35428572 -0.063595149 -0.0014285714 -0.0014285714 -0.0014285714 -0.0014285714 0.075714223 0.075714286 0.075714295 0.92506378 0.74285714 0.74285714 0.74285714 0.74285669 0.27142858 0.30142857 0.30142857 0.30142857 0.30142857 0.20714286 0.20714286 0.20714286 -0.035714286 -0.035714286 -0.035714286 -0.24139212 0.13285714 0.13285714 -0.01714286 -0.017142857 -0.017142857 -0.24857227
0.18142857 0.18142857 -0.15714286 -0.15714286 -0.15714286 -0.65142857 -0.65142857 -0.65142857 -0.65142857 -0.51533632 -0.49857143 -0.49857143 -0.49857143 -0.49857229 -0.6414243 -0.64142857 -0.64142857 -0.64142857 -0.47988758 -0.51428571 -0.51428571 -0.51428571 -0.51428571 -0.0014285714 -0.0014285714 -0.0014285714 -0.0014234829 0.075714286 0.075714286 0.075714286 0.075714286 0.7427497 0.47769221 0.27142857 0.27142857 0.27142857 0.29934332 -0.25713123 -0.25714286 -0.25714286 0.20704886 0.087142861 0.087142857 -0.035714286 -0.035714286 -0.035715157 -0.24142857 -0.24142857 -0.46 -0.46 -0.46 -0.53428571 -0.55
0.18142857 0.18142857 -0.015714286 -0.015714286 -0.015714286 -0.65142857 -0.65142857 -0.65142857 -0.65142857 -0.80571429 -0.80571429 -0.80571429 -0.80571429 -0.79413669 -0.64142857 -0.64142857 -0.64142857 -0.64142857 -0.47857143 -0.51428571 -0.51428571 -0.51428571 -0.51428571 -0.037142857 -0.037142843 -0.0014286242 0.075714286 0.075714286 0.075714286 0.075714286 0.032319265 -0.01 0.23794243 0.27142857 0.27142857 0.27142857 -0.25714286 -0.25714286 -0.25714286 -0.25714286 0.087142857 0.087142857 0.087142857 0.25994549 0.26 -0.23917469 -0.24142857 -0.24142857 -0.4599998 -0.46 -0.53428571 -0.53428571 -0.55
0.18142857 -0.015714285 -0.015714286 -0.015714286 -0.015714286 -0.015714286 -0.65177236 -0.69571429 -0.69571429 -0.80571429 -0.80571429 -0.80571429 -0.80571429 -0.80567538 -0.64142857 -0.64142857 -0.64142857 -0.63407017 -0.47857143 -0.47857143 -0.51428571 -0.51428571 -0.037142857 -0.037142857 -0.037142857 -0.037142857 0.075714286 0.075714286 0.075714286 0.075714286 -0.01 -0.01 -0.01 0.27114379 0.27142857 0.27142857 -0.25714286 -0.25714286 -0.25714286 -0.25714286 0.087142857 0.087142857 0.087142857 0.26 0.26 0.25997782 -0.13142857 -0.13142857 -0.43571429 -0.43571429 -0.53428571 -0.53428571 -0.55
-0.013862869 -0.015714286 -0.015714286 -0.015714286 -0.015714286 -0.015714286 -0.69571429 -0.69571429 -0.69571429 -0.75459088 -0.80571429 -0.80571429 -0.80571429 -0.80571229 -0.64142857 -0.64142857 -0.64142857 -0.47857143 -0.47857143 -0.47857143 -0.51428393 -0.5142828 -0.037142857 -0.037142857 -0.037142857 -0.037142857 0.075706264 0.075714286 0.075714286 -0.0099802879 -0.01 -0.01 -0.01 -0.01 0.26982389 -0.37 -0.37 -0.36804681 -0.25714286 -0.25714286 0.087142553 0.087142857 0.25497414 0.26 0.26 -0.13142843 -0.13142857 -0.13142857 -0.43571429 -0.43571429 -0.60714286 -0.60714286 -0.89857143
-0.015714286 -0.015714286 -0.015714286 -0.015714286 -0.015714286 -0.015714286 -0.69571429 -0.69571429 -0.69571429 -0.69571429 -0.74143042 -0.74142857 -0.74142857 -0.74142857 -0.64142879 -0.66890042 -0.68428571 -0.68428571 -0.47895066 -0.47857143 -0.47857144 -0.03714355 -0.037142857 -0.037142857 -0.037142857 -0.037142857 -0.037060804 0.075714286 0.075711356 -0.01 -0.01 -0.01 -0.01 -0.01 -0.37 -0.37 -0.37 -0.37 -0.37 -0.37000079 -0.88428571 -0.88428571 -0.88428558 -0.47714286 -0.47714286 -0.47714286 -0.61285714 -0.61285714 -0.67428571 -0.67428571 -0.60714286 -0.60714349 -0.89857143
-0.015714286 -0.015714286 -0.015714286 -0.015714286 -0.015714286 -0.015714286 -0.69571429 -0.69571429 -0.69571429 -0.74142857 -0.74142857 -0.74142857 -0.74142857 -0.74142857 -0.72636585 -0.68428571 -0.68428571 -0.68428571 -0.68428571 -0.68428571 -0.67446353 -0.037142861 -0.037142857 -0.037142857 -0.037142859 -0.054278837 -0.58200201 -0.013960106 -0.0095773018 -0.01 -0.01 -0.01 -0.01 -0.010000788 -0.37 -0.37 -0.37 -0.37 -0.37 -0.60924452 -0.88428571 -0.88428571 -0.88428571 -0.47714286 -0.47714286 -0.47714286 -0.61285714 -0.61285714 -0.67428571 -0.67428571 -1.1685714 -0.91346565 -0.89857143
-0.015714286 -0.015714286 -0.015714286 -0.015714286 -0.015714286 -0.015714489 -0.69571413 -0.69571429 -0.69761168 -0.74142857 -0.74142857 -0.74142857 -0.74142857 -0.74142857 -0.73868765 -0.68428571 -0.68428571 -0.68428571 -0.68428571 -0.68428571 -0.68428571 -0.49974455 -0.58285638 -0.58285714 -0.58285714 -0.58285714 -0.58285714 -0.58285714 -0.23601403 -0.23142595 -0.23142857 -0.23142857 -0.23142857 -0.23142867 -0.37 -0.37 -0.37 -0.37 -0.37 -0.88428565 -0.88428571 -0.88428571 -0.88428571 -0.88428553 -0.47776124 -0.86285714 -0.61285717 -0.97645618 -0.67455609 -1.1685714 -1.1685714 -1.168512 -1.1657143
-0.015714286 -0.015714286 -0.015714286 -0.015714286 -0.015714286 -0.015757726 -0.69567761 -0.69571705 -0.74142851 -0.74142857 -0.74142857 -0.74142857 -0.74142857 -0.74142857 -0.74034126 -0.68428571 -0.68428571 -0.68428571 -0.68428571 -0.68428571 -0.68428571 -0.58285714 -0.58285714 -0.58285714 -0.58285714 -0.58285714 -0.58285714 -0.58285714 -0.23152558 -0.23142857 -0.23142857 -0.23142857 -0.23142857 -0.23142857 -0.26939713 -0.37 -0.37 -0.37 -0.37 -0.88428571 -0.88428571 -0.88428571 -0.88428571 -0.88428022 -0.86285714 -0.86285714 -0.86360924 -0.98285714 -0.98285714 -1.1685714 -1.1685714 -1.1657143 -1.1657143
-0.015714286 -0.015714286 -0.015714286 -0.015714286 -0.01571429 -0.016621158 -0.69490838 -0.73627001 -0.74142857 -0.74142857 -0.74142857 -0.74142857 -0.74142857 -0.74142857 -0.74042819 -0.68428571 -0.68428571 -0.68428571 -0.68428571 -0.68428571 -0.66984413 -0.58285714 -0.58285714 -0.58285714 -0.58285714 -0.58285714 -0.58285714 -0.58285714 -0.23142998 -0.23142857 -0.23142857 -0.23142857 -0.23142857 -0.23142857 -0.23142857 -0.45844291 -0.59593899 -0.67111746 -0.6825654 -0.88520398 -0.88428571 -0.88428571 -0.88428571 -0.86285885 -0.86285714 -0.86422153 -1.0914281 -0.98285714 -0.98285714 -1.0785453 -1.0785714 -1.0785714 -1.1657142
-0.015714286 -0.015714286 -0.015714286 -0.015714286 -0.015714976 -0.021385242 -0.69490256 -0.741416 -0.74142857 -0.74142857 -0.74142857 -0.74142857 -0.74142857 -0.74142857 -0.7400942 -0.68428571 -0.68428571 -0.68428571 -0.68428571 -0.68428571 -0.58285758 -0.58285714 -0.58285714 -0.58285714 -0.58285714 -0.58285714 -0.58285714 -0.58285714 -0.23142867 -0.23142857 -0.23142857 -0.23142857 -0.23142857 -0.23142857 -0.23142866 -0.68857143 -0.68857143 -0.68857143 -0.68857143 -0.89857143 -0.89857143 -0.89857143 -0.89857143 -1.0914279 -1.0914286 -1.0914286 -1.0914286 -1.0914271 -0.95857143 -0.95857143 -1.0785714 -1.0785714 -0.96846538
-0.015714286 -0.015714286 -0.015714286 -0.015714338 -0.015733276 -0.034196029 -0.7371215 -0.74142797 -0.74142857 -0.74142857 -0.74142857 -0.74142857 -0.74142857 -0.74142857 -0.73948879 -0.68428574 -0.68428571 -0.68428571 -0.68428571 -0.68367526 -0.58285714 -0.58285714 -0.58285714 -0.58285714 -0.58285714 -0.58285714 -0.58285714 -0.58285714 -0.23142865 -0.23142857 -0.23142857 -0.23142857 -0.23142857 -0.23142857 -0.68857101 -0.68857143 -0.68857143 -0.68857143 -0.68857143 -0.89857143 -0.89857143 -0.89857143 -0.89857143 -0.95062274 -1.0914286 -1.0914286 -1.0914286 -0.95857291 -0.95857143 -0.95857143 -0.92285714 -0.92285714 -0.92285714
-0.015714286 -0.015714287 -0.015714317 -0.015715828 -0.015900528 -0.087020843 -0.74111966 -0.74142842 -0.74142857 -0.74142857 -0.74142857 -0.74142857 -0.74142857 -0.74142857 -0.7386687 -0.68428706 -0.68428571 -0.68428571 -0.6842856 -0.58491225 -0.58285714 -0.58285714 -0.58285714 -0.58285714 -0.58285714 -0.58285714 -0.58285714 -0.58285714 -0.2314289 -0.23142857 -0.23142857 -0.23142857 -0.23142857 -0.30044987 -0.68857132 -0.68857143 -0.68857143 -0.68857143 -0.68857143 -0.89857143 -0.89857143 -0.89857143 -0.89857143 -0.89857143 -1.0914286 -1.0914286 -1.0914286 -0.95857143 -0.95857143 -0.95857143 -0.92285714 -0.92285714 -0.92285714
-0.015714292 -0.015714332 -0.01571493 -0.015732514 -0.016842545 -0.43593391 -0.74135754 -0.74142848 -0.74142857 -0.74142857 -0.74142857 -0.74142857 -0.74142857 -0.74142846 -0.73769367 -0.68430658 -0.68428572 -0.68428571 -0.68376057 -0.58286577 -0.58285714 -0.58285714 -0.58285714 -0.58285714 -0.58285714 -0.58285714 -0.58285714 -0.58285694 -0.23143077 -0.23142857 -0.23142864 -0.31742542 -0.32571429 -0.32571429 -0.32571429 -0.68857143 -0.68857143 -0.68857143 -0.68857143 -0.89857143 -0.89857143 -0.89857143 -0.89857143 -0.89857143 -1.0914252 -1.0914286 -1.0914285 -0.95857144 -0.95857143 -0.95857141 -0.92285714 -0.92285714 -0.92285714
