interpolatedSpi/07-11|23_1.tif
NCOLS 53
NROWS 52
XLLCORNER -116.03883
YLLCORNER 28.596182
DX 0.49850594
DY 0.49788537
NODATA_VALUE -9999
[rows 0 to 38 of 52, columns 0 to 52 of 53]
-0.764 -0.764 -0.4748017 -0.55 -0.36 -0.838 -0.694 -0.592 -0.78926762 -1.064 -0.578 -0.84 -1.1199405 -0.398 -0.098 -0.098 -0.098 -0.596 -0.174 -0.174 -0.174 -0.17400137 -0.316 -0.146 -0.146 -0.146 -0.91400234 -0.914 -0.914 -0.974 -0.974 -0.974 -0.974 -0.4660001 -0.466 -0.466 -0.466 -0.466 -0.466 -0.466 -0.29978995 -0.29816231 -0.936 -0.936 -0.936 -0.936 -0.93428499 0.114 0.114 0.114 -0.20599934 -0.206 -0.206
-0.76400471 -0.87 -0.48200038 -0.51343511 -0.70415318 -1.158 -0.842 -0.70825454 -0.98 -0.58 -1.224 -1.12 -1.12 -0.91427274 -0.39800361 -0.098 -0.596 -0.596 -0.17455023 -0.174 -0.174 -0.174 -0.17221327 -0.146 -0.146 -0.146 -0.25599999 -0.256 -0.974 -0.974 -0.974 -0.974 -0.974 -0.46600007 -0.466 -0.466 -0.466 -0.466 -0.46599999 -0.3861631 0.037958827 -0.81781302 -0.936 -0.936 -0.936 -0.936 -0.936 0.114 0.114 0.114 0.087465294 -0.206 -0.206
-0.16601702 -0.166 -0.808 -0.598 -1.014 -0.432 -0.358 -0.528 -0.736 -0.762 -0.808 -1.052 -1.168 -1.27 -0.916 -0.942 -0.596 -0.596 -0.596 -0.42792616 -0.428 -0.428 -0.644 -0.146 -0.146 -0.146 -0.256 -0.256 -0.256 -0.974 -0.974 -0.97399998 -0.80743558 -0.46576622 -0.46426874 -0.28170441 -0.28 -0.28 -0.24000398 0.037999998 0.038 0.036754499 -0.936 -0.936 -0.936 -0.936 -0.936 0.114 0.114 0.114 0.114 -0.206 -0.206
-0.14 -0.16600004 -0.36606771 -0.534 -0.836 -0.858 -0.96 -1.21 -0.514 -0.69179964 -0.844 -0.944 -1.244 -1.27 -1.076 -0.942 -0.64826468 -0.64596497 -0.438 -0.428 -0.428 -0.464 -0.644 -0.644 -0.146 -0.14600055 -0.256 -0.256 -0.256 -0.476 -0.55939901 -0.628 -0.628 -0.62799972 -0.28 -0.28 -0.28 -0.28 0.038 0.038 0.038 0.037999963 -0.936 -0.936 -0.936 -0.936 -0.936 0.11398675 0.114 0.114 0.114 -0.206013 -0.206
-0.14 -0.22200026 -0.366 -0.54210218 -0.836 -0.824 -0.94794469 -0.892 -0.992 -0.83600009 -0.97279186 -1.0359083 -0.396 -1.076 -1.076 -0.98169029 -0.646 -0.646 -0.438 -0.438 -0.42800008 -0.464 -0.504 -0.452 -0.466 -0.46597422 -0.256 -0.256 -0.476 -0.476 -0.628 -0.628 -0.628 -0.54314209 -0.28 -0.28 -0.28 0.038 0.038 0.038 0.038 0.037998069 -0.93599999 -0.936 -0.936 -0.936 -0.936 -0.9266537 0.114 0.1139678 -0.604 -0.604 -0.604
-1.198 -0.524 -0.36599998 -0.12 -0.314 -0.386 -0.772 -0.78736344 -0.996 -1.15 -0.68 -0.734 -0.73399978 -0.74 -0.74 -0.52990294 -0.53 -0.646 -0.646 -0.43799976 -0.538 -0.538 -0.452 -0.466 -0.466 -0.356 -0.656 -0.656 -0.34401191 -0.476 -0.628 -0.628 -0.178 -0.17801714 -0.34198809 0.282 0.282 0.11348697 0.038 0.038 0.018024944 0.018 0.018000383 -0.03224052 -0.016101679 -0.016000245 -0.016000031 -0.016000352 -0.60283737 -0.604 -0.604 -0.604 -0.604
-0.4239975 -0.47 -0.028552755 -0.16 -0.278 -0.91 -0.46 -0.79 -1.046 -1.046 -0.68 -0.824 -0.54399997 -0.74 -0.12800183 -0.128 -0.53 -0.11 -0.164 -0.164 -0.48050568 -0.416 -0.416 -0.414 -0.356 -0.356 -0.656 -0.656 -0.34399674 -0.34393992 -0.12450655 -0.178 -0.178 -0.342 -0.342 0.085929586 0.282 0.282 0.032008665 0.018000019 0.018 0.018 0.018001577 -0.016001138 -0.016 -0.016 -0.016 -0.016000365 -0.628 -0.60400476 -0.604 -0.604 -0.604
-0.424 -0.488 -0.182 -0.312 -0.32199943 -0.652 -0.728 -0.526 -1.03 -1.012 -1.012 -0.402 -0.544 -0.544 -0.13085415 -0.23729084 -0.248 0.008 -0.37199979 -0.164 0.075078464 0.116 -0.336 0.019999998 0.019992958 -0.526 -0.02 -0.020000225 -0.28819623 -0.288 -0.124 -0.36165581 -0.16 -0.342 -0.33794999 -0.078 -0.078 0.032000001 0.032 0.018 0.018 0.018000004 -0.21929456 -0.21999999 -0.016 -0.016 -0.016 -0.6279767 -0.628 -0.628 -0.604 -0.604 -0.604
-0.56507149 -0.488 -0.192 -0.546 0.002 -0.332 -0.39 0.048 -0.662 0.038150223 -0.454 -0.428 -0.428 -1.398931e-24 2.4442856e-07 0.31243366 0.314 0.314 -0.05000758 -0.53999996 -0.366 -0.36599999 -0.312 -0.32654199 -0.47097762 -0.526 0.06 -0.02 -0.3540475 -0.356 -0.418 -0.604 -0.47909255 -0.62 -0.2 -0.196 -0.29 0.118 0.1519843 0.018740986 0.184 -0.138 -0.22002279 -0.22 -0.21885178 -0.016 -0.24399999 -0.628 -0.628 -0.628 -0.628 -0.65305593 -0.216
-0.996 -0.996 -0.114 0.05 -0.078 -0.038 -0.21 -0.454 -0.014 0.21588836 -0.566 0.19 -1.1269723e-15 3.6146742e-35 0.026 0.02995005 0.314 0.31394359 0.07 -0.54 -0.54 -0.51758295 -0.312 -0.53999568 -0.54 -0.54 0.06 0.082 0.082 -0.356 -0.356 -0.60352964 -0.356 -0.62 -0.41 -0.196 -0.29 0.178 0.152 0.17954617 -0.13799999 -0.21954934 -0.36 -0.22 -0.22 -0.244 -0.244 -0.244 -0.628 -0.628 -0.998 -0.998 -0.99799971
-0.996 -0.996 -0.192 -0.254 -0.242 0.158 -0.178 0.18512962 -0.014 0.324 0.434 0.154 0.18995179 0.026 0.026 0.026000692 0.032 0.033994418 0.07 0.036 0.036 -0.358 -0.358 -0.54 -0.54 -0.54 0.082 0.082 0.082 -0.386 -0.386 -0.38599995 -0.566 -0.566 -0.696 -0.454 -0.412 -0.14000357 -0.2 0.18 0.18 -0.3300001 -0.36 -0.22 -0.059999959 0.036 -0.32763823 -0.328 -0.668 -0.668 -0.998 -0.998 -0.998
-0.996 -0.6488094 -0.21845761 -0.26999607 0.022 0.02 -0.178 0.186 -0.01399833 0.32025537 0.15400022 0.154 0.048 0.026 0.026 0.032 0.032 0.032002163 0.07 0.036 -0.041373584 -0.358 -0.358 -0.53999227 -0.54 -0.45782011 -0.29 -0.29 -0.28999995 -0.386 -0.386 -0.556 -0.556 -0.56600036 -0.696 -0.72799995 -0.43573261 -0.14 -0.14 0.17999998 -0.33 -0.33 -0.32999805 -0.06 -0.06 0.036 -0.328 -0.328 -0.668 -0.668 -0.998 -0.998 -0.998
-0.33 -0.22431657 -0.22600097 -0.22631431 0.021999875 0.020000047 -0.17799999 0.18151937 -0.00021795459 -0.0051739193 0.048 0.048 0.048 0.048 0.026003116 0.032 0.032 0.032490641 0.07 0.03600772 0.062 0.062 0.062 0.062 -0.52960689 -0.29 -0.29 -0.29 -0.29 -0.28994038 -0.556 -0.556 -0.556 -0.556 -0.728 -0.728 -0.728 -0.16884145 -0.14371021 -0.634 -0.634 -0.33001635 -0.48598542 -0.060041031 -0.06 0.036 -0.328 -0.328 -0.668 -0.668 -0.9968028 -0.998 -0.9489288
-0.33 -0.226 -0.226 -0.226 -0.226 -0.2259999 -0.17749314 -0.0057946873 0.036551308 0.047941671 0.048 0.048 0.048 0.048 0.047999971 0.032 0.032000006 0.034606541 0.069999445 0.062 0.062 0.062 0.062 0.062 0.066149073 0.0073340057 0.12799991 0.128 0.128 0.128 -0.55599999 -0.556 -0.55599948 -0.126 -0.126 -0.728 -0.51022905 -0.504 -0.63399992 -0.634 -0.634 -0.634 -0.486 -0.486 -0.486 -0.48236736 -0.24447093 -0.244 -0.244 -0.244 -0.24400001 -0.63200008 -0.632
-0.234 -0.226 -0.226 -0.226 -0.226 -0.226 -0.226 -0.03946159 0.0082982078 0.0080000001 0.008 0.008 0.008 0.008 0.0080000004 0.2157076 0.034986848 0.037203508 0.062000993 0.062 0.062 0.062 0.062 0.062000109 0.254 0.254 0.25399982 0.128 0.128 0.12842051 0.338 0.338 -0.126 -0.126 -0.126 -0.44344824 -0.504 -0.504 -0.504 -0.634 -0.634 -0.634 -0.486 -0.486 -0.486 -0.486 -0.244 -0.244 -0.244 -0.244 -0.244 -0.632 -0.632
-0.234 -0.23102169 -0.226 -0.226 -0.226 -0.226 0.093937195 0.094 0.093999998 0.008 0.008 0.008 0.008 0.008 0.054768683 0.22 0.22 0.22 0.15571388 0.1559999 0.156 0.156 0.156 0.156 0.254 0.254 0.254 0.254 0.128 0.338 0.338 0.338 -0.12599996 -0.126 -0.126 0.12 -0.5031738 -0.504 -0.504 -0.63393464 -0.50356157 -0.19930311 -0.486 -0.486 -0.53783952 -0.538 -0.538 -0.24447424 -0.53099357 -0.53199997 -0.53199995 -0.41603272 -0.63199956
-0.234 -0.32742159 -0.27862879 -0.226 -0.226 0.093810929 0.094 0.094 0.094 0.093380259 0.008 0.008 0.008 0.0080000256 0.22 0.22 0.22 0.22 0.15605717 0.156 0.156 0.156 0.156 0.156 0.254 0.254 0.254 0.254 0.25430554 0.338 0.338 0.338 0.354 -0.12596339 0.12 0.12 0.12 0.12210809 -0.21735521 -0.198 -0.198 -0.198 -0.798 -0.798 -0.538 -0.538 -0.538 -0.532 -0.532 -0.532 -0.532 -0.416 -0.416
-0.32985101 -0.33 -0.33 -0.32999999 0.252 0.094004076 0.094 0.094 0.094 0.094 0.048428204 0.0080069583 0.0080000153 0.22 0.22 0.22 0.22 0.22 0.23846654 0.156 0.156 0.156 0.156 0.156 0.22748351 0.26799992 0.268 0.268 0.268 0.338 0.354 0.354 0.354 0.354 0.12 0.12000516 0.316 0.316 -0.19158194 -0.198 -0.198 -0.198 -0.798 -0.798 -0.57825695 -0.538 -0.538 -0.532 -0.532 -0.532 -0.53075618 -0.416 -0.416
-0.33 -0.33 -0.33 -0.055927518 0.252 0.252 0.094 0.094 0.094 0.094 0.542 0.542 0.542 0.22 0.22 0.22 0.22 0.22008164 0.592 0.592 0.15600018 0.156 0.15590262 0.152 0.1530443 0.268 0.268 0.268 0.268 0.35399124 0.354 0.354 0.354 0.354 0.31599931 0.316 0.316 0.316 0.3141883 -0.198 -0.198 -0.198 -0.798 -0.798 -0.798 -0.538 -0.538 -0.532 -0.532 -0.532 -0.416 -0.416 -0.416
-0.33 -0.33 -0.33 0.252 0.252 0.252 0.25199976 0.094 0.094 0.54153754 0.542 0.542 0.542 0.54179939 0.61985467 0.714 0.714 0.714 0.592 0.592 0.592 0.152 0.152 0.152 0.15197703 0.16414419 0.268 0.268 0.268 0.49353045 0.52798289 0.528 0.528 0.528 0.28804363 0.24800015 0.248 0.248 0.248 -0.62994089 -0.63 -0.63 -0.798 -0.798 -0.59400085 -0.59399997 -0.504 -0.504 -0.252 -0.252 -0.252 -0.416 -0.13425214
-0.32999872 -0.33 -0.32999998 0.252 0.252 0.252 0.252 0.36399992 0.095079566 0.54184766 0.542 0.542 0.542 0.54233751 0.714 0.714 0.714 0.71399996 0.592 0.592 0.592 0.152 0.152 0.152 0.07 0.07 0.49799999 0.498 0.498 0.49816366 0.528 0.528 0.528 0.528 0.3880769 0.248 0.248 0.248 0.248 -0.63 -0.63 -0.63 -0.6288673 -0.594 -0.594 -0.594 -0.504 -0.504 -0.252 -0.252 -0.252 -0.134 -0.134
0.082 -0.099740319 0.172 0.17202321 0.252 0.36335197 0.364 0.364 0.38003266 0.374 0.374 0.374 0.374 0.84598463 0.846 0.7140001 0.714 0.71078548 0.592 0.592 0.592 0.492 0.492 0.492 0.07 0.07 0.498 0.498 0.498 0.49800025 0.84399799 0.84399911 0.53594219 0.52833877 0.39215529 0.392 0.392 0.392 0.392 -0.63 -0.63 -0.63 -0.59598192 -0.594 -0.594 -0.59400001 -0.504 -0.504 -0.50399093 -0.252 -0.25200814 -0.434 -0.134
0.22397303 0.22399999 0.172 0.172 0.172 0.364 0.364 0.364 0.408 0.408 0.374 0.374 0.374 0.846 0.846 0.846 0.846 0.84597131 0.592 0.592 0.592 0.492 0.492 0.492 0.07 0.07 0.498 0.498 0.498 0.84009882 0.844 0.844 0.844 0.844 0.39222303 0.392 0.392 0.392 0.392 -0.10800014 -0.108 -0.108 -0.108 -0.59400031 -0.634 -0.634 -0.634 -0.662 -0.662 -0.662 -0.434 -0.434 -0.434
0.224 0.224 0.172 0.172 0.172 0.36299081 0.364 0.408 0.408 0.408 0.37400419 0.374 0.25306554 0.84599986 0.846 0.846 0.846 0.144 0.144 0.144 0.516 0.51599998 0.49200012 0.492 0.49192538 0.566 0.566 0.56599984 0.49801099 0.85999681 0.85999991 0.85999721 0.84402735 0.84401381 0.47251238 0.39200002 0.39214075 0.434 0.434 -0.108 -0.108 -0.108 -0.108 -0.634 -0.634 -0.634 -0.634 -0.662 -0.662 -0.662 -0.434 -0.434 -0.434
0.224 0.224 0.172 0.172 0.172 0.172 0.38046791 0.408 0.408 0.408 0.40789947 0.226 0.226 0.226 0.8423462 0.846 0.14867795 0.144 0.144 0.144 0.516 0.516 0.516 0.516 0.566 0.566 0.566 0.566 0.566 0.86 0.86 0.86 0.86 0.85999904 0.402 0.434 0.434 0.434 0.434 0.43399753 -0.26 -0.26 -0.26 -0.36868855 -0.594 -0.594 -0.594 -0.662 -0.66199992 -0.578 -0.578 -0.090083687 -0.09
0.224 0.224 0.19076835 0.172 0.172 0.172 0.30019165 0.40765964 0.408 0.408 0.22599998 0.226 0.226 0.226 0.226 0.27680721 0.144 0.144 0.144 0.144 0.51599712 0.516 0.516 0.516 0.566 0.566 0.566 0.566 0.566 0.25848948 0.86 0.86 0.86 0.402 0.402 0.40202485 0.434 0.434 0.15936408 -0.053999959 -0.26 -0.26 -0.26 -0.36686648 -0.594 -0.594 -0.594 -0.522 -0.57730225 -0.578 -0.578 -0.09 -0.09
0.29 0.29 0.29 0.20158584 0.17200288 0.3 0.3 0.3 0.3 0.124 0.124 0.22599999 0.226 0.226 0.226 0.22599478 0.144 0.144 0.144 0.144 0.35367127 0.516 0.516 0.50338586 0.057689363 0.566 0.566 0.566 0.046 0.046 0.046 0.046003417 0.402 0.402 0.402 0.402 -0.054 -0.054 -0.054 -0.054 -0.356 -0.356 -0.356 -0.46999771 -0.47 -0.47 -0.47000004 -0.522 -0.522 -0.57793177 -0.578 -0.09000121 -0.09
0.29 0.29 0.29 0.28999365 0.172 0.1906133 0.3 0.3 0.3 0.124 0.124 0.124 -0.23399998 -0.234 -0.234 -0.234 0.14249791 0.144 0.144 0.144 0.14961453 0.034001323 0.034 0.034 0.034 0.033999993 -0.41399999 -0.414 0.046 0.046 0.046 0.046 0.40199983 0.402 0.402 0.40198061 -0.053999999 -0.054 -0.054 -0.053850848 -0.356 -0.356 -0.356 -0.46999471 -0.47 -0.47 -0.47 -0.522 -0.522 -0.52199997 -0.33 -0.33 0.024
0.29 0.29 0.29 0.17200027 0.172 0.172 0.29999995 0.3 0.3 0.124 0.124 0.124 -0.234 -0.234 -0.234 -0.26766252 -0.676 -0.676 -0.67599788 0.13936842 0.034 0.034 0.034 0.034 0.034 0.033662856 -0.414 -0.414 -0.414 0.046 0.046 0.04583651 0.164 0.164 0.164 -0.047999999 -0.048 -0.02 -0.02 -0.02 -0.332 -0.35599247 -0.35599867 -0.178 -0.178 -0.18906647 -0.46999932 -0.522 -0.522 -0.33 -0.33 -0.33 0.024
0.29 0.29 0.29 0.172 0.172 0.172 0.172 0.3 0.3 0.124 0.124 -0.21968516 -0.234 -0.234 -0.234 -0.676 -0.676 -0.676 -0.676 -0.676 0.034 0.034 0.034 0.034 0.034 -0.41399847 -0.414 -0.414 -0.414 -0.208 -0.208 -0.208 0.164 0.164 0.164 -0.048 -0.048 -0.02 -0.02 -0.332 -0.332 -0.332 -0.178 -0.178 -0.178 -0.178 -0.2212095 -0.704 -0.704 -0.704 -0.33 -0.368 -0.368
0.29 0.29 0.28983568 0.172 0.172 0.172 0.172 -0.01078626 -0.02 -0.019752771 0.12399998 -0.23401524 -0.234 -0.234 -0.23400153 -0.676 -0.676 -0.676 -0.676 -0.676 -0.9077726 0.034 0.034 0.034 0.033950568 -0.4139883 -0.414 -0.414 -0.414 -0.208 -0.208 -0.208 -0.20794524 0.164 -0.048 -0.048 -0.048 -0.047998916 -0.020021278 -0.332 -0.332 -0.332 -0.17800935 -0.178 -0.178 -0.178 -0.70399367 -0.704 -0.704 -0.704 -0.368 -0.368 -0.368
0.282 0.28200001 0.17206594 0.172 0.172 0.172 -0.019959145 -0.02 -0.02 -0.02 -0.41599999 -0.416 -0.416 -0.416 -0.67479997 -0.676 -0.676 -0.676 -0.676 -0.94799984 -0.948 -0.948 -0.20599996 -0.206 -0.206 -0.206 -0.22395308 -0.414 -0.078013761 -0.078 -0.078 -0.078 -0.078 -0.142 -0.142 -0.142 -0.142 -0.142 -0.114 -0.114 -0.114 -0.114 -0.114 -0.078150743 -0.078 -0.078 -0.078 -0.704 -0.704 -0.704 -0.36805293 -0.368 -0.368
0.282 0.282 0.28136366 0.20599993 0.20599999 0.20577967 -0.02 -0.02 -0.02 -0.02 -0.416 -0.416 -0.416 -0.416 -0.416 -0.676 -0.676 -0.676 -0.94799993 -0.948 -0.948 -0.948 -0.206 -0.206 -0.206 -0.206 -0.206 -0.20604388 -0.077858665 -0.077999998 -0.078 -0.078 -0.077943223 0.094964878 -0.14175463 -0.142 -0.142 -0.14199999 -0.114 -0.114 -0.114 -0.114 -0.114 -0.078 -0.078 -0.078 -0.078 -0.37072983 -0.704 -0.14827019 -0.142 -0.136 -0.136
0.282 0.282 0.20600963 0.206 0.206 0.206 0.14859695 -0.02 -0.02 -0.02 -0.416 -0.416 -0.416 -0.416 -0.416 -0.67580354 -0.676 -0.94792025 -0.948 -0.948 -0.948 -0.948 -0.48087871 -0.206 -0.206 -0.206 -0.206 -0.20565002 0.288 0.288 0.288 0.288 0.288 0.276 0.276 0.276 0.276 0.276 -0.148 -0.148 -0.148 -0.148 -0.148 -0.077726533 -0.077999943 -0.078 -0.077981015 -0.075724834 -0.142 -0.142 -0.142 -0.13600003 -0.136
0.28199988 0.21924774 0.206 0.206 0.206 0.206 0.206 -0.019903771 -0.02 -0.02 -0.416 -0.416 -0.416 -0.416 -0.8032043 -0.812 -0.812 -0.9479965 -0.948 -0.948 -0.948 -0.948 -0.94799991 -0.206 -0.206 -0.206 -0.206 0.59399969 0.59399986 0.52887576 0.288 0.288 0.288 0.276 0.276 0.276 0.276 0.27609347 -0.148 -0.148 -0.148 -0.148 -0.14797671 0.034 0.034 0.034 0.034 0.033985806 -0.142 -0.142 -0.142 -0.14199986 0.084701056
0.218 0.218 0.15207652 0.206 0.206 0.206 0.206 0.206 -0.019904751 -0.47999999 -0.48 -0.48 -0.47984811 -0.81199943 -0.812 -0.812 -0.812 -0.812 -0.94799818 -0.93240898 -0.796 -0.796 -0.796 -0.6470379 -0.2271296 -0.3401901 -0.43498304 0.594 0.594 0.594 0.594 0.594 0.57993433 0.41310212 0.414 0.414 0.414 0.414 -0.090892428 0.15599945 0.156 0.156 0.156 0.17999957 0.034000038 0.034 0.034 0.362 -0.14199193 -0.142 -0.142 0.088 0.088
0.218 0.218 -0.212 -0.212 -0.212 0.20586076 0.206 0.206 -0.48 -0.48 -0.48 -0.48 -0.48 -0.81199998 -0.812 -0.812 -0.812 -0.812 -0.796 -0.796 -0.796 -0.796 -0.796 -0.47000002 -0.47 -0.47 -0.47 0.59399999 0.594 0.594 0.594 0.594 0.334 0.334 0.414 0.414 0.414 0.21603372 0.216 0.156 0.156 0.156 0.15600001 0.18 0.18 0.18 0.362 0.362 0.362 0.134 0.134 0.088 0.088
0.218 0.218 -0.212 -0.212 -0.212 -0.212 -0.21200308 -0.774 -0.48027681 -0.48 -0.48 -0.48 -0.48 -0.8078586 -0.812 -0.812 -0.812 -0.812 -0.796 -0.796 -0.796 -0.796 -0.796 -0.47 -0.47 -0.47 -0.47 -0.46999568 0.594 0.594 0.594 0.33401363 0.334 0.334 0.334 0.414 0.216 0.216 0.216 0.21442129 0.23187076 0.246 0.246 0.18 0.18 0.18 0.362 0.362 0.362 0.134 0.134 0.134 0.069885673
0.022 0.022001538 -0.212 -0.212 -0.212 -0.212 -0.774 -0.774 -0.774 -0.48 -0.48 -0.48 -0.48 -0.48010321 -0.812 -0.812 -0.812 -0.812 -0.79600028 -0.796 -0.796 -0.796 -0.52743117 -0.47 -0.47 -0.47 -0.47 -0.31600013 -0.316 -0.31599999 0.58422354 0.334 0.334 0.334 0.33399967 -0.013999995 0.216 0.216 0.216 0.216 0.246 0.246 0.246 0.032 0.032 0.032 -0.29793572 0.362 0.362 0.134 0.134 0.134 0.067998295
