interpolatedSpi/07-10|23_2.tif
NCOLS 53
NROWS 52
XLLCORNER -116.03883
YLLCORNER 28.596182
DX 0.49850594
DY 0.49788537
NODATA_VALUE -9999
[rows 0 to 37 of 52, columns 0 to 52 of 53]
-0.1725 -0.1725 0.030042737 0.3575 0.245 -0.13 0.0975 0.215 -0.60604338 -0.725 -0.1075 -0.395 -0.80743639 -0.035 0.1025 0.1025 0.1025 -0.7975 -0.3525 -0.3525 -0.3525 -0.35250193 -0.5525 -0.5125 -0.5125 -0.5125 -1.3500046 -1.35 -1.35 -1.5175 -1.5175 -1.5175 -1.5175 -0.58500019 -0.585 -0.585 -0.585 -0.585 -0.585 -0.58499998 0.072913806 0.07978553 -0.7625 -0.7625 -0.7625 -0.7625 -0.76138933 -0.0825 -0.0825 -0.0825 0.18499944 0.185 0.185
-0.17250933 -0.3825 0.38499922 0.33608313 0.21998485 -0.3575 -0.3925 -0.42492345 -0.745 -0.435 -0.525 -0.8075 -0.8075 -0.92452399 -0.035009566 0.1025 -0.7975 -0.7975 -0.35308022 -0.3525 -0.3525 -0.3525 -0.55329375 -0.5125 -0.5125 -0.5125 -0.26000002 -0.26 -1.5175 -1.5175 -1.5175 -1.5175 -1.5175 -0.58500014 -0.585 -0.585 -0.585 -0.585 -0.58499998 -0.46093549 0.20493132 -0.64510192 -0.7625 -0.7625 -0.7625 -0.7625 -0.7625 -0.0825 -0.0825 -0.0825 -0.060318644 0.185 0.185
0.64247115 0.6425 -0.29 0.005 -0.205 0.655 0.27 0.4175 -0.2675 -0.2675 -0.4 -0.2275 -0.7025 -1.1225 -0.9275 -1.2175 -0.7975 -0.7975 -0.7975 -0.41498183 -0.415 -0.415 -1.2875 -0.5125 -0.5125 -0.5125 -0.26 -0.26 -0.26 -1.5175 -1.5175 -1.5175 -1.3550275 -0.58505731 -0.58290573 -0.36206178 -0.36 -0.36 -0.28893789 0.205 0.205 0.20376281 -0.7625 -0.7625 -0.7625 -0.7625 -0.7625 -0.0825 -0.0825 -0.0825 -0.0825 0.185 0.185
0.34 0.64249984 -0.17263404 -0.015 -0.835 -0.355 -0.2025 -0.5525 -0.225 -0.54840845 -0.54 -0.96 -0.8775 -1.1225 -1.1675 -1.2175 -0.82552213 -0.82248248 -0.5575 -0.415 -0.415 -0.5925 -1.2875 -1.2875 -0.5125 -0.51249874 -0.26 -0.26 -0.26 -1.1025 -1.1450225 -1.18 -1.18 -1.1799993 -0.36 -0.36 -0.36 -0.36 0.205 0.205 0.205 0.20499996 -0.7625 -0.7625 -0.7625 -0.7625 -0.7625 -0.082508578 -0.0825 -0.0825 -0.0825 0.18493843 0.185
0.34 -0.36999964 -0.1725 -0.55666212 -0.835 -0.7525 -0.77498751 -0.7375 -0.9075 -0.61750018 -0.9512642 -1.0998904 -0.335 -1.1675 -1.1675 -1.1947489 -0.8225 -0.8225 -0.5575 -0.5575 -0.41500037 -0.5925 -0.6475 -0.37 -0.5425 -0.54246777 -0.26 -0.26 -1.1025 -1.1025 -1.18 -1.18 -1.18 -1.0607274 -0.36 -0.36 -0.36 0.205 0.205 0.205 0.205 0.20487137 -0.76250001 -0.7625 -0.7625 -0.7625 -0.7625 -0.75644716 -0.0825 -0.082572529 -1.7 -1.7 -1.7
-1.3375 -0.6775 -0.42499999 -0.165 -0.2875 -0.965 -1.135 -1.0841086 -1.165 -1.275 -1.1 -0.9575 -0.95749959 -1.175 -1.175 -0.80733703 -0.8075 -0.9575 -0.9575 -0.55750001 -0.6975 -0.6975 -0.37 -0.5425 -0.5425 -0.405 -0.91 -0.91 -0.93001553 -1.1025 -1.18 -1.18 -0.5475 -0.54749974 -0.54500004 0.0074999995 0.0075 0.14389887 0.205 0.205 -1.1258381 -1.1275 -1.1274982 -0.56357468 -0.56002238 -0.56000005 -0.56000001 -0.56000009 -1.517978 -1.7 -1.7 -1.7 -1.7
-0.21749867 -0.6425 0.17284375 -0.325 -0.4925 -1.455 -0.84 -0.8075 -1.2475 -1.2475 -1.1 -1.5475 -1.3099999 -1.175 -0.13250312 -0.1325 -0.8075 -0.13 -0.5725 -0.5725 -0.52077567 -0.3225 -0.3225 -0.4025 -0.405 -0.405 -0.91 -0.91 -0.92999432 -0.92989539 -0.60570279 -0.5475 -0.5475 -0.545 -0.545 -0.34515443 0.0075 0.0075 -0.49498258 -1.1274991 -1.1275 -1.1275 -1.1274901 -0.56000254 -0.56 -0.56 -0.56 -0.56000058 -1.5375 -1.6999678 -1.7 -1.7 -1.7
-0.2175 -0.6 -0.24 -0.41 0.072472339 -0.905 -1.4225 -1.0175 -1.5225 -1.6975 -1.6975 -0.7575 -1.31 -1.31 -0.14057874 -0.45354183 -0.485 -0.2725 -0.5725 -0.5725 -0.58610494 -0.5375 -0.955 -0.4325 -0.43250896 -1.1275 -0.5025 -0.50250014 -0.83284165 -0.8325 -0.605 -0.90991422 -0.5875 -0.545 -0.55319984 -0.64 -0.64 -0.495 -0.495 -1.1275 -1.1275 -1.1275 -1.0116096 -1.015 -0.56 -0.56 -0.56 -1.5374628 -1.5375 -1.5375 -1.7 -1.7 -1.7
-0.6443768 -0.6 -0.1325 -0.485 0.0875 -0.5575 -0.3425 -0.1425 -1.075 -0.53672961 -0.4075 -0.95999999 -0.96 -0.4975 -0.49750103 0.01609949 0.0175 0.0175 -0.31829546 -1.3549999 -1.11 -1.11 -1.23 -1.063373 -1.0574624 -1.1275 -0.455 -0.5025 -0.86040804 -0.8625 -1 -1.1075 -0.8506354 -1.1225 -0.8325 -1.0475 -0.8475 0.0625 -0.23486263 -1.1242303 -0.395 -0.4525 -1.0149593 -1.015 -1.012439 -0.56 -0.66999999 -1.5375 -1.5375 -1.5375 -1.5375 -1.7102719 -0.445
-0.8925 -0.8925 0.1125 0.145 -0.075 0.3075 -0.3775 -1.055 -0.615 -0.40008707 -1.015 -0.195 -0.4975 -0.4975 -0.6075 -0.59892784 0.0175 0.017447022 -0.1875 -1.355 -1.355 -1.3234358 -1.23 -1.4574957 -1.4575 -1.4575 -0.455 -0.2175 -0.2175 -0.8625 -0.8625 -1.1065327 -0.5975 -1.1225 -0.8875 -1.0475 -0.8475 -0.625 -0.235 -0.22762161 -0.4525 -0.56729356 -0.765 -1.015 -1.015 -0.67 -0.67 -0.67 -1.5375 -1.5375 -1.7825 -1.7825 -1.7824995
-0.8925 -0.8925 -0.0425 -0.3325 -0.1225 0.1225 -0.645 -0.23111135 0.0125 0.26 0.1625 -0.13 -0.19491391 -0.6075 -0.6075 -0.60748356 -0.465 -0.4504355 -0.1875 -0.565 -0.565 -0.6875 -0.6875 -1.4575 -1.4575 -1.4575 -0.2175 -0.2175 -0.2175 -0.6375 -0.6375 -0.63749993 -1.0525 -1.0525 -1.4 -0.865 -0.8725 -0.49000494 -0.8175 -0.2275 -0.2275 -0.90999952 -0.765 -1.015 -0.48250002 -0.3675 -0.84673555 -0.8475 -1.5275 -1.5275 -1.7825 -1.7825 -1.7825
-0.8925 -0.52551465 -0.16625334 -0.084994591 0.155 0.02 -0.645 -0.23 0.012497975 0.257258 -0.12999949 -0.13 -0.175 -0.6075 -0.6075 -0.465 -0.465 -0.46498421 -0.1875 -0.565 -0.58905651 -0.6875 -0.6875 -1.4574683 -1.4575 -1.1665832 -0.5725 -0.5725 -0.57249996 -0.6375 -0.6375 -0.525 -0.525 -1.052501 -1.4 -1.1025002 -0.90417006 -0.49 -0.49 -0.22750002 -0.91 -0.91 -0.90999689 -0.4825 -0.4825 -0.3675 -0.8475 -0.8475 -1.5275 -1.5275 -1.7825 -1.7825 -1.7825
-0.38 -0.16158632 -0.16750572 -0.16689794 0.15499923 0.020003187 -0.64499998 -0.2351084 -0.0042107301 0.018962884 -0.175 -0.175 -0.175 -0.175 -0.60743873 -0.465 -0.465 -0.46141703 -0.1875 -0.56481464 0.0675 0.0675 0.0675 0.0675 -1.430959 -0.5725 -0.5725 -0.5725 -0.5725 -0.57230835 -0.525 -0.525 -0.525 -0.525 -1.1025 -1.1025 -1.1025 -0.52020942 -0.49360506 -0.97 -0.97 -0.91000323 -0.8299881 -0.48253347 -0.4825 -0.3675 -0.8475 -0.8475 -1.5275 -1.5275 -1.7815749 -1.7825 -1.4943684
-0.38 -0.1675 -0.1675 -0.1675 -0.1675 -0.16749992 -0.64329767 -0.44860595 -0.048793369 -0.17479179 -0.175 -0.175 -0.175 -0.175 -0.17499945 -0.465 -0.46499996 -0.44596539 -0.18750304 0.0675 0.0675 0.0675 0.0675 0.0675 0.087276865 0.063224824 0.25749983 0.2575 0.2575 0.2575 -0.52499998 -0.525 -0.52499927 0.08 0.08 -1.1025 -0.54592024 -0.53 -0.96999975 -0.97 -0.97 -0.97 -0.83 -0.83 -0.83 -0.82678142 -0.42268177 -0.42 -0.42 -0.42 -0.42000002 -1.3075001 -1.3075
-0.23 -0.1675 -0.1675 -0.1675 -0.1675 -0.1675 -0.16750003 -0.13385505 0.58410531 0.5875 0.5875 0.5875 0.5875 0.5875 0.58749999 1.109084 -0.43982214 -0.42700063 0.067467846 0.0675 0.0675 0.0675 0.0675 0.067500989 0.9825 0.9825 0.98249898 0.2575 0.2575 0.25882662 0.92 0.92 0.08 0.08 0.08 -0.43228423 -0.53 -0.53 -0.53 -0.97 -0.97 -0.97 -0.83 -0.83 -0.83 -0.83 -0.42000001 -0.42 -0.42 -0.42 -0.42 -1.3075 -1.3075
-0.23 -0.20673196 -0.1675 -0.1675 -0.1675 -0.1675 0.89729098 0.8975 0.89749999 0.5875 0.5875 0.5875 0.5875 0.5875 0.70497323 1.12 1.12 1.12 0.91491218 0.91749913 0.9175 0.9175 0.9175 0.9175 0.9825 0.9825 0.9825 0.9825 0.2575 0.92 0.92 0.92 0.080000075 0.08 0.08 0.39 -0.52878189 -0.53 -0.53 -0.96989348 -0.7575888 -0.26212203 -0.83 -0.83 -0.7477546 -0.7475 -0.7475 -0.42038741 -0.65417878 -0.65499998 -0.65499996 -0.67509573 -1.3074987
-0.23 0.27603436 0.064016062 -0.1675 -0.1675 0.89687075 0.8975 0.8975 0.8975 0.89526605 0.5875 0.5875 0.5875 0.58750006 1.12 1.12 1.12 1.12 0.91768089 0.9175 0.9175 0.9175 0.9175 0.9175 0.9825 0.9825 0.9825 0.9825 0.98227267 0.92 0.92 0.92 1.145 0.080057242 0.39 0.39 0.39 0.39234988 -0.27706488 -0.26 -0.26 -0.26 -1.145 -1.145 -0.7475 -0.7475 -0.7475 -0.655 -0.655 -0.655 -0.655 -0.675 -0.675
0.28978361 0.29 0.29 0.29000001 1.0175 0.8975031 0.8975 0.8975 0.8975 0.8975 0.63027524 0.58750736 0.58750002 1.12 1.12 1.12 1.12 1.12 1.1314281 0.9175 0.9175 0.9175 0.9175 0.9175 1.0082328 1.1049993 1.105 1.105 1.105 0.92000001 1.145 1.145 1.145 1.145 0.39 0.39000579 0.61 0.61 -0.24913675 -0.26 -0.26 -0.26 -1.145 -1.145 -0.80904669 -0.7475 -0.7475 -0.655 -0.655 -0.655 -0.65521445 -0.675 -0.675
0.29 0.29 0.29 0.6325906 1.0175 1.0175 0.8975 0.8975 0.8975 0.8975 1.1525 1.1525 1.1525 1.12 1.12 1.12 1.12 1.1200731 1.5525 1.5525 0.91750026 0.9175 0.91999544 1.02 1.0207652 1.105 1.105 1.105 1.105 1.1449959 1.145 1.145 1.145 1.145 0.60999923 0.61 0.61 0.61 0.6069338 -0.26 -0.26 -0.26 -1.145 -1.145 -1.145 -0.7475 -0.7475 -0.655 -0.655 -0.655 -0.675 -0.675 -0.675
0.29 0.29 0.29 1.0175 1.0175 1.0175 1.0174998 0.8975 0.8975 1.1522368 1.1525 1.1525 1.1525 1.1524798 1.4781694 1.5625 1.5625 1.5625 1.5525 1.5525 1.5525 1.02 1.02 1.02 1.0199202 0.91092601 1.105 1.105 1.105 1.0607239 1.0425101 1.0425 1.0425 1.0425 0.56489442 0.50000025 0.5 0.5 0.5 -0.90991106 -0.91 -0.91 -1.145 -1.145 -1.0450004 -1.0449999 -0.7575 -0.7575 -0.3575 -0.3575 -0.3575 -0.675 -0.36028165
0.29000119 0.29 0.29000003 1.0175 1.0175 1.0175 1.0175 0.78750003 0.89706018 1.1524139 1.1525 1.1525 1.1525 1.1533045 1.5625 1.5625 1.5625 1.5625 1.5525 1.5525 1.5525 1.02 1.02 1.02 0.735 0.735 1.085 1.085 1.085 1.0847681 1.0425 1.0425 1.0425 1.0425 0.77139896 0.5 0.5 0.5 0.5 -0.91 -0.91 -0.91 -0.91424762 -1.045 -1.045 -1.045 -0.7575 -0.7575 -0.3575 -0.3575 -0.3575 -0.36 -0.36
0.675 0.50599977 0.82 0.8200573 1.0175 0.78883077 0.7875 0.7875 0.8539991 1.0575 1.0575 1.0575 1.0575 1.5249848 1.525 1.5625 1.5625 1.5622365 1.5525 1.5525 1.5525 1.0175 1.0175 1.0175 0.735 0.735 1.085 1.085 1.085 1.0850002 1.2974984 1.2974993 1.048909 1.0427734 0.56554512 0.565 0.565 0.565 0.565 -0.91 -0.91 -0.91 -1.0375659 -1.045 -1.045 -1.045 -0.7575 -0.7575 -0.7574856 -0.3575 -0.35751118 -0.6075 -0.36
0.77998006 0.78000001 0.82 0.82 0.82 0.7875 0.7875 0.7875 0.97 0.97 1.0575 1.0575 1.0575 1.525 1.525 1.525 1.525 1.5250032 1.5525 1.5525 1.5525 1.0175 1.0175 1.0175 0.735 0.735 1.085 1.085 1.085 1.295104 1.2975 1.2975 1.2975 1.2975 0.56536144 0.565 0.565 0.565 0.565 -0.087500214 -0.0875 -0.0875 -0.0875 -1.0449998 -1.015 -1.015 -1.015 -0.855 -0.855 -0.855 -0.6075 -0.6075 -0.6075
0.78 0.78 0.82 0.82 0.82 0.78767083 0.7875 0.97 0.97 0.97 1.0574892 1.0575 0.85730444 1.5249998 1.525 1.525 1.525 0.6675 0.6675 0.6675 1.1175 1.1174999 1.0175005 1.0175 1.0174103 1 1 1.0000002 1.0849863 1.0925409 1.0925011 1.0925358 1.2971496 1.2973231 0.69532619 0.56499999 0.56489109 0.5325 0.5325 -0.0875 -0.0875 -0.0875 -0.0875 -1.015 -1.015 -1.015 -1.015 -0.855 -0.855 -0.855 -0.6075 -0.6075 -0.6075
0.78 0.78 0.82 0.82 0.82 0.82 0.85580442 0.97 0.97 0.97 0.969913 0.8125 0.8125 0.8125 1.5208011 1.525 0.67321417 0.6675 0.6675 0.6675 1.1175 1.1175 1.1175 1.1175 1 1 1 1 1 1.0925 1.0925 1.0925 1.0925 1.0924984 0.315 0.5325 0.5325 0.5325 0.5325 0.53249677 -0.39 -0.39 -0.39 -0.51040482 -0.76 -0.76 -0.76 -0.855 -0.85500013 -0.9925 -0.9925 -0.17760461 -0.1775
0.78 0.78 0.80556281 0.82 0.82 0.82 0.70547025 0.96916487 0.97 0.97 0.81249993 0.8125 0.8125 0.8125 0.8125 0.87087976 0.6675 0.6675 0.6675 0.6675 1.1174965 1.1175 1.1175 1.1175 1 1 1 1 1 0.24454751 1.0925 1.0925 1.0925 0.315 0.315 0.31516889 0.5325 0.5325 0.19623984 -0.06499995 -0.39 -0.39 -0.39 -0.50841949 -0.76 -0.76 -0.76 -0.7125 -0.98901123 -0.9925 -0.9925 -0.1775 -0.1775
0.93 0.93 0.93 0.84758002 0.81957764 0.705 0.705 0.705 0.705 0.4925 0.4925 0.81249998 0.8125 0.8125 0.8125 0.81249077 0.6675 0.6675 0.6675 0.6675 0.9211346 1.1175 1.1175 1.1115462 0.89489818 1 1 1 -0.055 -0.055 -0.055 -0.054995183 0.315 0.315 0.315 0.315 -0.065 -0.065 -0.065 -0.065 -0.4125 -0.4125 -0.4125 -0.63249558 -0.6325 -0.6325 -0.63250004 -0.7125 -0.7125 -0.99215884 -0.9925 -0.17750086 -0.1775
0.93 0.93 0.93 0.92997846 0.53 0.55544788 0.705 0.705 0.705 0.4925 0.4925 0.4925 -0.24999995 -0.25 -0.25 -0.24999999 0.66491255 0.6675 0.6675 0.6675 0.67431118 0.89000062 0.89 0.89 0.89 0.88999997 -0.089999992 -0.09 -0.055 -0.055 -0.055 -0.055 0.31499998 0.315 0.315 0.31499756 -0.065 -0.065 -0.065 -0.065043868 -0.4125 -0.4125 -0.4125 -0.6324898 -0.6325 -0.6325 -0.6325 -0.7125 -0.7125 -0.71249995 -0.3475 -0.3475 0.155
0.93 0.93 0.93 0.53000092 0.53 0.53 0.70499993 0.705 0.705 0.4925 0.4925 0.4925 -0.25 -0.25 -0.25 -0.28769898 -0.745 -0.745 -0.74499635 0.65952183 0.89 0.89 0.89 0.89 0.89 0.8892625 -0.09 -0.09 -0.09 -0.055 -0.055 -0.054998391 0.285 0.285 0.285 -0.1575 -0.1575 -0.075 -0.075 -0.075 -0.585 -0.41255411 -0.4124981 -0.1575 -0.1575 -0.17550196 -0.63249888 -0.7125 -0.7125 -0.3475 -0.3475 -0.3475 0.155
0.93 0.93 0.93 0.53 0.53 0.53 0.53 0.705 0.705 0.4925 0.4925 -0.22031071 -0.25 -0.25 -0.25 -0.745 -0.745 -0.745 -0.745 -0.745 0.89 0.89 0.89 0.89 0.89 -0.089996657 -0.09 -0.09 -0.09 -0.0525 -0.0525 -0.0525 0.285 0.285 0.285 -0.1575 -0.1575 -0.075 -0.075 -0.585 -0.585 -0.585 -0.1575 -0.1575 -0.1575 -0.1575 -0.1575 -0.1575 -0.1575 -0.1575 -0.3475 -0.295 -0.295
0.93 0.93 0.92944298 0.53 0.53 0.53 0.53 0.21821615 0.2025 0.20299789 0.49249996 -0.25002177 -0.25 -0.25 -0.25000171 -0.745 -0.745 -0.745 -0.745 -0.745 -1.159944 0.89 0.89 0.89 0.88989496 -0.089973556 -0.09 -0.09 -0.09 -0.0525 -0.0525 -0.0525 -0.052449461 0.285 -0.1575 -0.1575 -0.1575 -0.15749671 -0.075034781 -0.585 -0.585 -0.585 -0.15752595 -0.1575 -0.1575 -0.1575 -0.15750013 -0.1575 -0.1575 -0.1575 -0.295 -0.295 -0.295
1.13 1.1299997 0.53023156 0.53 0.53 0.53 0.20256969 0.2025 0.2025 0.2025 -0.50999998 -0.51 -0.51 -0.51 -0.74391534 -0.745 -0.745 -0.745 -0.745 -1.2474997 -1.2475 -1.2475 0.38000008 0.38 0.38 0.38 0.33943295 -0.09 0.16998935 0.17 0.17 0.17 0.17 -0.3 -0.3 -0.3 -0.3 -0.3 -0.63 -0.63 -0.63 -0.63 -0.63 -0.16998116 -0.17 -0.17 -0.17 -0.1575 -0.1575 -0.1575 -0.29497834 -0.295 -0.295
1.13 1.13 1.1255833 0.60249985 0.60249998 0.60211002 0.2025 0.2025 0.2025 0.2025 -0.51 -0.51 -0.51 -0.51 -0.51 -0.745 -0.745 -0.745 -1.2474999 -1.2475 -1.2475 -1.2475 0.37999999 0.38 0.38 0.38 0.38 0.37990035 0.17024232 0.17 0.17 0.17 0.17009734 0.082658595 -0.29960377 -0.3 -0.3 -0.29999999 -0.63 -0.63 -0.63 -0.63 -0.63 -0.17 -0.17 -0.17 -0.17 -0.16415476 -0.1575 0.14409714 0.1475 0.21 0.21
1.13 1.13 0.60256682 0.6025 0.6025 0.6025 0.50090169 0.2025 0.2025 0.2025 -0.51 -0.51 -0.51 -0.51 -0.51 -0.74482753 -0.745 -1.2473527 -1.2475 -1.2475 -1.2475 -1.2475 -0.22291792 0.38 0.38 0.38 0.38 0.3802959 0.7975 0.7975 0.7975 0.7975 0.7975 0.375 0.375 0.375 0.375 0.375 -0.425 -0.425 -0.425 -0.425 -0.425 -0.16895008 -0.16999978 -0.17 -0.16992711 -0.16118388 0.1475 0.1475 0.1475 0.20999965 0.21
1.1299995 0.88487399 0.60250004 0.6025 0.6025 0.6025 0.6025 0.20267032 0.2025 0.2025 -0.51 -0.51 -0.51 -0.51 -1.4095656 -1.43 -1.43 -1.2475047 -1.2475 -1.2475 -1.2475 -1.2475 -1.2474999 0.38 0.38 0.38 0.38 1.3599994 1.3599997 1.2402863 0.7975 0.7975 0.7975 0.375 0.375 0.375 0.375 0.375149 -0.425 -0.425 -0.425 -0.425 -0.4249435 0.26 0.26 0.26 0.26 0.25999093 0.1475 0.1475 0.1475 0.14750017 0.42922315
0.88 0.88 0.71204692 0.6025 0.6025 0.6025 0.6025 0.6025 0.20266817 -0.77999998 -0.78 -0.78 -0.77935923 -1.4299987 -1.43 -1.43 -1.43 -1.43 -1.2474992 -1.2408328 -1.1825 -1.1825 -1.1825 -0.78844965 0.31577081 -0.027907413 -0.3168859 1.36 1.36 1.36 1.36 1.36 1.3349366 0.5989843 0.595 0.595 0.595 0.595 -0.28645786 0.31249868 0.3125 0.3125 0.3125 0.34499975 0.26000002 0.26 0.26 0.6925 0.14750873 0.1475 0.1475 0.4325 0.4325
0.88 0.88 0.092500006 0.0925 0.0925 0.60233012 0.6025 0.6025 -0.78 -0.78 -0.78 -0.78 -0.78 -1.43 -1.43 -1.43 -1.43 -1.43 -1.1825 -1.1825 -1.1825 -1.1825 -1.1825 -0.42250004 -0.4225 -0.4225 -0.4225 1.36 1.36 1.36 1.36 1.36 0.95 0.95 0.595 0.595 0.595 0.37503747 0.375 0.3125 0.3125 0.3125 0.31250001 0.345 0.345 0.345 0.6925 0.6925 0.6925 0.52 0.52 0.4325 0.4325
0.88 0.88 0.0925 0.0925 0.0925 0.0925 0.092493125 -1.16 -0.78035778 -0.78 -0.78 -0.78 -0.78 -1.4218918 -1.43 -1.43 -1.43 -1.43 -1.1825 -1.1825 -1.1825 -1.1825 -1.1825 -0.4225 -0.4225 -0.4225 -0.4225 -0.42249278 1.36 1.36 1.36 0.9500215 0.95 0.95 0.95 0.595 0.375 0.375 0.375 0.37335551 0.38626324 0.4 0.4 0.345 0.345 0.345 0.6925 0.6925 0.6925 0.52 0.52 0.52 0.58420749
