interpolatedSpi/07-11|20_2.tif
NCOLS 53
NROWS 52
XLLCORNER -116.03883
YLLCORNER 28.596182
DX 0.49850594
DY 0.49788537
NODATA_VALUE -9999
[rows 0 to 39 of 52, columns 0 to 52 of 53]
-0.6 -0.6 -0.4062564 -0.948 -0.232 0.016 0.262 0.69 0.0094685153 -0.136 -0.29 0.55 0.29799736 0.266 0.044 0.044 0.044 -0.07 0.246 0.246 0.246 0.24599482 -0.292 0.198 0.198 0.198 0.58999918 0.59 0.59 0.146 0.146 0.146 0.146 -0.11799995 -0.118 -0.118 -0.118 -0.118 -0.118 -0.11799995 1.5599268 1.5779288 1.3 1.3 1.3 1.3 1.3001339 1.382 1.382 1.382 1.4119999 1.412 1.412
-0.60000622 -0.74 -0.47599957 -0.3624487 -0.092144364 0.094 0.174 0.16006698 -0.314 0.188 0.4 0.298 0.298 0.45536645 0.26600033 0.044 -0.07 -0.07 0.24558798 0.246 0.246 0.246 0.15778526 0.198 0.198 0.198 -0.005999986 -0.0059999997 0.146 0.146 0.146 0.146 0.146 -0.11799996 -0.118 -0.118 -0.118 -0.118 -0.11799987 0.054979084 0.8340075 1.243455 1.3 1.3 1.3 1.3 1.3 1.382 1.382 1.382 1.3844876 1.412 1.412
-0.20201069 -0.202 -0.102 0.298 0.168 -0.124 0.274 -0.078 0.376 0.412 0.592 0.364 -0.464 0.472 0.456 0.926 -0.07 -0.07 -0.07 -0.10389825 -0.104 -0.104 -0.566 0.198 0.198 0.198 -0.006 -0.006 -0.006 0.146 0.146 0.14599995 -0.36043287 -0.11522318 -0.10197186 1.5882205 1.604 1.604 1.5071543 0.83400001 0.834 0.8345959 1.3 1.3 1.3 1.3 1.3 1.382 1.382 1.382 1.382 1.412 1.412
-0.022 -0.20199995 0.039957414 0.298 0.03 0.148 0.548 -0.188 0.352 0.48199354 0.894 0.758 0.408 0.472 0.454 0.926 -0.40573242 -0.41575757 -0.354 -0.104 -0.104 -0.454 -0.566 -0.566 0.198 0.19799898 -0.006 -0.006 -0.006 -0.656 -0.79316943 -0.906 -0.906 -0.90599803 1.604 1.604 1.604 1.604 0.834 0.834 0.834 0.83400002 1.3 1.3 1.3 1.3 1.3 1.381999 1.382 1.382 1.382 1.4119195 1.412
-0.022 0.10599988 0.04 0.19414183 0.03 0.39 0.2120251 -0.166 -0.344 0.21999983 0.49314477 0.62001375 0.716 0.454 0.454 0.74872975 -0.416 -0.416 -0.354 -0.354 -0.10400073 -0.454 -0.892 -0.48 -0.522 -0.52197274 -0.006 -0.006 -0.656 -0.656 -0.906 -0.906 -0.906 -0.78983898 1.604 1.604 1.604 0.834 0.834 0.834 0.834 0.83394266 1.3 1.3 1.3 1.3 1.3 1.3007299 1.382 1.3818909 -1.052 -1.052 -1.052
-1.154 -0.186 0.17 0.212 0.312 0.32 0.052 0.024089757 -0.052 -0.232 0.438 -0.512 -0.51199919 0.546 0.546 -0.4259324 -0.426 -0.488 -0.488 -0.35399999 -0.716 -0.716 -0.48 -0.522 -0.522 -0.406 -0.52 -0.52 -0.28803323 -0.656 -0.906 -0.906 -0.29 -0.29004138 -0.68597161 -0.518 -0.518 0.41572794 0.834 0.834 0.24074085 0.24 0.24000155 -0.4230371 -0.45380615 -0.45399953 -0.45399994 -0.45399934 -0.2935398 -1.052 -1.052 -1.052 -1.052
-0.35800209 -0.486 -0.82019483 -0.284 0.006 -0.396 -0.099999995 0.182 -0.194 -0.194 0.438 -0.362 0.58599976 0.546 -0.14599793 -0.146 -0.426 -0.116 -0.348 -0.348 -0.83381622 -0.966 -0.966 -0.672 -0.406 -0.406 -0.52 -0.52 -0.28799207 -0.28785408 -0.40521654 -0.29 -0.29 -0.686 -0.686 -0.77289154 -0.518 -0.518 -1.1479782 0.23999807 0.24 0.24 0.24000672 -0.45399989 -0.454 -0.454 -0.454 -0.45399986 -0.222 -1.0518355 -1.052 -1.052 -1.052
-0.358 -0.722 -0.61 -1.172 -1.311992 -0.75 0.012 -0.65399999 -0.46 -0.274 -0.274 -0.312 0.586 0.586 -0.1409778 -0.17514422 -0.178 -0.294 -0.55799978 -0.348 -0.74011013 -0.698 -0.902 -0.95 -0.95000351 -1.222 -0.84 -0.83999989 -0.15247656 -0.15200001 -0.406 -0.74392698 -0.758 -0.686 -0.68445986 -0.986 -0.986 -1.148 -1.148 0.24 0.24 0.24000001 -0.43269551 -0.434 -0.454 -0.454 -0.454 -0.22200883 -0.222 -0.222 -1.052 -1.052 -1.052
-0.807871 -0.72199999 -0.556 -0.974 -0.448 -0.626 -0.416 -0.214 0.172 0.25014889 0.414 -0.047999999 -0.048 -0.22 -0.21999675 -0.32159866 -0.322 -0.322 -0.3343 -0.87600007 -1.194 -1.194 -0.524 -0.75303642 -1.1945896 -1.222 -0.896 -0.84 -0.9573143 -0.958 -0.74 -0.234 -0.31357908 -0.582 -0.632 -0.744 -0.822 -0.952 -1.0499547 0.24291038 0.892 -0.32 -0.43397721 -0.434 -0.43411257 -0.454 -0.55599999 -0.222 -0.222 -0.222 -0.222 -1.0056832 -0.092
-1.288 -1.288 -0.924 -0.63 -0.576 -0.222 -0.124 -0.108 0.152 0.26998419 0.082 0.444 -0.22 -0.22 0.126 0.11985548 -0.322 -0.32195679 -0.118 -0.876 -0.876 -0.91696906 -0.524 -0.73599599 -0.736 -0.736 -0.896 -0.678 -0.678 -0.958 -0.958 -0.23429967 -0.392 -0.582 -0.55 -0.744 -0.822 -1.09 -1.05 0.030204787 -0.31999995 -0.31044918 -0.294 -0.434 -0.434 -0.556 -0.556 -0.556 -0.222 -0.222 -0.68 -0.68 -0.67999978
-1.288 -1.288 -0.918 -0.602 -1.17 -0.456 -0.53799999 0.10576527 0.046 -0.014 0.298 0.384 0.44391914 0.126 0.126 0.12595547 -0.26 -0.25254717 -0.118 -0.404 -0.404 -0.444 -0.444 -0.736 -0.736 -0.736 -0.678 -0.678 -0.678 -0.848 -0.848 -0.84799925 -0.822 -0.822 -0.624 -0.862 -0.832 -0.27199641 -0.726 0.048 0.048 -0.054000789 -0.294 -0.434 -0.20400018 -0.382 -0.63366407 -0.634 -0.61 -0.61 -0.68 -0.68 -0.68
-1.288 -1.1281169 -0.78315153 -0.75799701 -0.452 -0.958 -0.538 0.106 0.046000501 -0.013335273 0.38399948 0.384 0.048 0.126 0.126 -0.25999999 -0.26 -0.25999192 -0.118 -0.404 -0.41185519 -0.444 -0.444 -0.73598818 -0.736 -0.83395843 -1.034 -1.034 -1.034 -0.848 -0.848 -0.722 -0.722 -0.82199946 -0.624 -0.21000049 -0.67453203 -0.272 -0.272 0.047999997 -0.054 -0.054 -0.054001122 -0.204 -0.204 -0.382 -0.634 -0.634 -0.61 -0.61 -0.68 -0.68 -0.68
-0.298 -0.063040301 0.0059769287 0.00046667552 -0.45200276 -0.95798805 -0.53800001 0.098072731 0.050134614 0.04443324 0.048 0.048 0.048 0.048 0.12598895 -0.26 -0.26 -0.25816655 -0.118 -0.40399125 -0.38 -0.38 -0.38 -0.38 -0.7302311 -1.034 -1.034 -1.034 -1.034 -1.0337975 -0.722 -0.722 -0.722 -0.722 -0.21 -0.21 -0.21 -0.26851824 -0.26834988 0.214 0.214 -0.053985585 0.3159822 -0.20394991 -0.204 -0.382 -0.634 -0.634 -0.61 -0.61 -0.67974605 -0.68 0.05952351
-0.298 0.006 0.006 0.006 0.006 0.0059995971 -0.53907504 -0.23329095 0.061165357 0.047996296 0.048 0.048 0.048 0.048 0.047999733 -0.25999999 -0.25999998 -0.25025977 -0.11800283 -0.38 -0.38 -0.38 -0.38 -0.38 -0.37585215 -0.75363052 -0.69400007 -0.694 -0.694 -0.694 -0.722 -0.722 -0.72199996 -0.69 -0.69 -0.21 -0.021394806 -0.016 0.21399987 0.214 0.214 0.214 0.316 0.316 0.316 0.31114256 -0.079578206 -0.076 -0.076 -0.076 -0.07600001 1.1019996 1.102
-0.328 0.006 0.006 0.006 0.006 0.006 0.0059999628 -0.45155195 -0.32004752 -0.322 -0.322 -0.322 -0.322 -0.322 -0.322 -0.00063797312 -0.25576608 -0.24055542 -0.37996711 -0.38 -0.38 -0.38 -0.38 -0.37999993 -0.188 -0.188 -0.18800071 -0.694 -0.694 -0.69345934 -0.424 -0.424 -0.69 -0.69 -0.69 -0.1239674 -0.016 -0.016 -0.016 0.214 0.214 0.214 0.316 0.316 0.316 0.316 -0.075999999 -0.076 -0.076 -0.076 -0.076 1.102 1.102
-0.328 -0.20365559 0.006 0.006 0.006 0.006 -0.61387832 -0.614 -0.61399999 -0.322 -0.322 -0.322 -0.322 -0.322 -0.24964091 0.006 0.006 0.006 -0.31818827 -0.31800006 -0.318 -0.318 -0.318 -0.318 -0.188 -0.188 -0.188 -0.188 -0.694 -0.424 -0.424 -0.424 -0.68999998 -0.69 -0.69 0.132 -0.015804043 -0.016 -0.016 0.21399901 0.21220498 0.20801793 0.316 0.316 -0.014975428 -0.016 -0.016 -0.076019388 -0.087958065 -0.087999999 -0.087999998 0.17813979 1.1019981
-0.328 -0.31048341 -0.15391055 0.006 0.006 -0.61363367 -0.614 -0.614 -0.614 -0.61189576 -0.322 -0.322 -0.322 -0.32199996 0.006 0.006 0.006 0.006 -0.31771058 -0.318 -0.318 -0.318 -0.318 -0.318 -0.188 -0.188 -0.188 -0.188 -0.18885841 -0.424 -0.424 -0.424 0.0059999896 -0.68989959 0.132 0.132 0.132 0.12748203 0.19380406 0.208 0.208 0.208 0.05 0.05 -0.016 -0.016 -0.016 -0.087999999 -0.088 -0.088 -0.088 0.178 0.178
-0.30999149 -0.31 -0.31 -0.31 -0.706 -0.61400237 -0.614 -0.614 -0.614 -0.614 -0.32109161 -0.32199984 -0.322 0.006 0.006 0.006 0.006 0.006 -0.065357402 -0.318 -0.318 -0.318 -0.318 -0.318 -0.16446716 -0.016000932 -0.016 -0.016 -0.016 -0.42399998 0.0059999926 0.006 0.006 0.006 0.132 0.1319892 -0.278 -0.278 0.20193157 0.208 0.208 0.208 0.05 0.05 -0.0057809275 -0.016 -0.016 -0.088 -0.088 -0.088 -0.085147788 0.178 0.178
-0.31 -0.31 -0.31 -0.49648231 -0.706 -0.706 -0.614 -0.614 -0.614 -0.614 -0.31 -0.31 -0.31 0.006 0.006 0.006 0.006 0.0058836597 -0.722 -0.722 -0.31800016 -0.318 -0.31882776 -0.352 -0.34897514 -0.016 -0.016 -0.016 -0.016 0.0059977595 0.006 0.006 0.006 0.006 -0.27799856 -0.278 -0.278 -0.278 -0.2762831 0.208 0.208 0.208 0.05 0.05 0.05 -0.016 -0.016 -0.088000001 -0.088 -0.088 0.178 0.178 0.178
-0.31 -0.31 -0.31 -0.706 -0.706 -0.706 -0.70599986 -0.614 -0.614 -0.31031382 -0.31 -0.31 -0.31 -0.30980313 -0.56383338 -0.698 -0.698 -0.698 -0.722 -0.722 -0.722 -0.352 -0.352 -0.352 -0.35199328 -0.17965158 -0.016 -0.016 -0.016000001 0.088401968 0.10798997 0.108 0.108 0.108 -0.22268134 -0.1460003 -0.146 -0.146 -0.146 -0.40191653 -0.402 -0.402 0.05 0.05 0.040000042 0.039999903 -0.234 -0.234 -0.184 -0.184 -0.184 0.178 0.40579614
-0.30999991 -0.31 -0.31000001 -0.706 -0.706 -0.706 -0.706 -0.92599991 -0.6152475 -0.31027747 -0.31 -0.31 -0.31 -0.31076136 -0.698 -0.698 -0.698 -0.69800001 -0.722 -0.722 -0.722 -0.352 -0.352 -0.352 -0.328 -0.328 -0.332 -0.332 -0.332 -0.32959966 0.108 0.108 0.108 0.108 -0.018930356 -0.146 -0.146 -0.146 -0.146 -0.402 -0.402 -0.402 -0.38809299 0.04 0.04 0.04 -0.234 -0.234 -0.184 -0.184 -0.184 0.40599998 0.406
-0.282 -0.30415005 -0.506 -0.50605802 -0.706 -0.92472709 -0.926 -0.926 -0.89320592 -0.61600001 -0.616 -0.616 -0.616 -0.98798789 -0.988 -0.69800022 -0.698 -0.69863236 -0.722 -0.722 -0.722 -0.802 -0.802 -0.802 -0.328 -0.328 -0.332 -0.332 -0.332 -0.33199987 -0.1599983 -0.15999925 0.10126422 0.10771269 -0.72504561 -0.726 -0.726 -0.726 -0.726 -0.402 -0.402 -0.402 0.015661664 0.04 0.04 0.039999904 -0.234 -0.234 -0.2339982 -0.184 -0.18396727 0.548 0.406
-0.61793619 -0.61799998 -0.506 -0.506 -0.506 -0.926 -0.926 -0.926 -0.836 -0.836 -0.616 -0.616 -0.616 -0.988 -0.988 -0.988 -0.988 -0.98796938 -0.722 -0.722 -0.722 -0.802 -0.802 -0.802 -0.328 -0.328 -0.332 -0.332 -0.332 -0.16193931 -0.16 -0.16 -0.16 -0.16 -0.72572071 -0.726 -0.726 -0.726 -0.726 -1.0499998 -1.05 -1.05 -1.05 0.039995842 -0.502 -0.502 -0.502 0.102 0.102 0.102 0.548 0.548 0.548
-0.618 -0.618 -0.506 -0.506 -0.506 -0.92379241 -0.926 -0.836 -0.836 -0.836 -0.61602708 -0.616 -1.2860423 -0.9880001 -0.988 -0.988 -0.988 -1.472 -1.472 -1.472 -1.272 -1.2719997 -0.80200229 -0.802 -0.80219535 -1.356 -1.356 -1.3559976 -0.33216549 -0.45194181 -0.45199845 -0.45194902 -0.16049906 -0.16025199 -0.62538381 -0.72600004 -0.72634183 -0.828 -0.828 -1.05 -1.05 -1.05 -1.05 -0.502 -0.502 -0.502 -0.502 0.102 0.102 0.102 0.548 0.548 0.548
-0.618 -0.618 -0.506 -0.506 -0.506 -0.506 -0.89231563 -0.836 -0.836 -0.836 -0.83633143 -1.436 -1.436 -1.436 -0.99064017 -0.988 -1.4687747 -1.472 -1.472 -1.472 -1.272 -1.272 -1.272 -1.272 -1.356 -1.356 -1.356 -1.356 -1.356 -0.452 -0.452 -0.452 -0.452 -0.4520009 -0.878 -0.828 -0.828 -0.828 -0.828 -0.82800029 -0.886 -0.886 -0.886 -0.79748666 -0.614 -0.614 -0.614 0.10199998 0.10200006 0.16 0.16 -0.0018661981 -0.002
-0.618 -0.618 -0.54642414 -0.506 -0.506 -0.50600003 -1.6625307 -0.8386094 -0.836 -0.836 -1.436 -1.436 -1.436 -1.436 -1.436 -1.3992842 -1.472 -1.472 -1.472 -1.472 -1.2720015 -1.272 -1.272 -1.272 -1.356 -1.356 -1.356 -1.356 -1.356 -0.9131088 -0.452 -0.452 -0.452 -0.878 -0.878 -0.87796117 -0.828 -0.828 -0.78635439 -0.75400001 -0.886 -0.886 -0.886 -0.7978789 -0.614 -0.614 -0.614 -0.268 0.15466716 0.16 0.16 -0.002 -0.002
-1.566 -1.566 -1.566 -0.77177114 -0.50868364 -1.664 -1.664 -1.664 -1.664 -1.508 -1.508 -1.436 -1.436 -1.436 -1.436 -1.4360023 -1.472 -1.472 -1.472 -1.472 -1.3592735 -1.272 -1.272 -1.2715813 -1.2604529 -1.356 -1.356 -1.356 -1.076 -1.076 -1.076 -1.0759974 -0.878 -0.878 -0.878 -0.878 -0.754 -0.754 -0.754 -0.754 -0.934 -0.934 -0.934 -0.40601062 -0.406 -0.406 -0.40600007 -0.268 -0.268 0.15947851 0.16 -0.0020018353 -0.002
-1.566 -1.566 -1.566 -1.5660418 -2.342 -2.2434077 -1.664 -1.664 -1.664 -1.508 -1.508 -1.508 -1.812 -1.812 -1.812 -1.812 -1.4717142 -1.472 -1.472 -1.472 -1.4689664 -1.256 -1.256 -1.256 -1.256 -1.256 -0.942 -0.942 -1.076 -1.076 -1.076 -1.076 -0.87800013 -0.878 -0.878 -0.87801515 -0.75399999 -0.754 -0.754 -0.7527015 -0.934 -0.934 -0.934 -0.40602448 -0.406 -0.406 -0.406 -0.268 -0.268 -0.26800001 -0.366 -0.366 -0.372
-1.566 -1.566 -1.566 -2.3419982 -2.342 -2.342 -1.6640003 -1.664 -1.664 -1.508 -1.508 -1.508 -1.812 -1.812 -1.812 -1.7742249 -1.316 -1.316 -1.3160004 -1.4711189 -1.256 -1.256 -1.256 -1.256 -1.256 -1.2557637 -0.942 -0.942 -0.942 -1.076 -1.076 -1.0758983 -1.064 -1.064 -1.064 -0.386 -0.386 -0.458 -0.458 -0.458 -0.392 -0.93382999 -0.93399496 -0.258 -0.258 -0.26360903 -0.40599938 -0.268 -0.268 -0.366 -0.366 -0.366 -0.372
-1.566 -1.566 -1.566 -2.342 -2.342 -2.342 -2.342 -1.664 -1.664 -1.508 -1.508 -1.7998444 -1.812 -1.812 -1.812 -1.316 -1.316 -1.316 -1.316 -1.316 -1.256 -1.256 -1.256 -1.256 -1.256 -0.94200107 -0.942 -0.942 -0.942 -0.918 -0.918 -0.918 -1.064 -1.064 -1.064 -0.386 -0.386 -0.458 -0.458 -0.392 -0.392 -0.392 -0.258 -0.258 -0.258 -0.258 -0.22612683 0.13 0.13 0.13 -0.366 -0.154 -0.154
-1.566 -1.566 -1.5670806 -2.342 -2.342 -2.342 -2.342 -1.9592913 -1.94 -1.9392583 -1.508 -1.811961 -1.812 -1.812 -1.8119983 -1.316 -1.316 -1.316 -1.316 -1.316 -0.40634321 -1.256 -1.256 -1.256 -1.2558974 -0.94198965 -0.942 -0.942 -0.942 -0.918 -0.918 -0.918 -0.91801634 -1.064 -0.386 -0.386 -0.386 -0.38600288 -0.4579955 -0.392 -0.392 -0.392 -0.25800813 -0.258 -0.258 -0.258 0.12999872 0.13 0.13 0.13 -0.154 -0.154 -0.154
-2.146 -2.145999 -2.341585 -2.342 -2.342 -2.342 -1.9400855 -1.94 -1.94 -1.94 -1.346 -1.346 -1.346 -1.346 -1.3161385 -1.316 -1.316 -1.316 -1.316 -0.37000056 -0.37 -0.37 -0.75800008 -0.758 -0.758 -0.758 -0.77388157 -0.942 -0.34002466 -0.34 -0.34 -0.34 -0.34 -0.27 -0.27 -0.27 -0.27 -0.27 -0.566 -0.566 -0.566 -0.566 -0.566 0.0056020388 0.006 0.006 0.006 0.13 0.13 0.13 -0.15395526 -0.154 -0.154
-2.146 -2.146 -2.1427348 -1.7560012 -1.7560001 -1.7561798 -1.94 -1.94 -1.94 -1.94 -1.346 -1.346 -1.346 -1.346 -1.346 -1.316 -1.316 -1.316 -0.37000024 -0.37 -0.37 -0.37 -0.758 -0.758 -0.758 -0.758 -0.758 -0.75803851 -0.33987566 -0.34 -0.34 -0.34 -0.33995005 -0.076119645 -0.26979925 -0.27 -0.27 -0.27 -0.566 -0.566 -0.566 -0.566 -0.566 0.006 0.006 0.006 0.006 0.063984823 0.13 0.49191656 0.496 0.536 0.536
-2.146 -2.146 -1.7560494 -1.756 -1.756 -1.756 -1.8027352 -1.94 -1.94 -1.94 -1.346 -1.346 -1.346 -1.346 -1.346 -1.3160208 -1.316 -0.37027736 -0.37 -0.37 -0.37 -0.37 -0.61426289 -0.758 -0.758 -0.758 -0.758 -0.75747591 -0.018 -0.018 -0.018 -0.018 -0.018 0.072 0.072 0.072 0.072 0.072 -0.412 -0.412 -0.412 -0.412 -0.412 0.0054726 0.0059998896 0.0059999991 0.0059633862 0.0016649705 0.496 0.496 0.496 0.53599978 0.536
-2.1460001 -2.1950252 -1.7560001 -1.756 -1.756 -1.756 -1.756 -1.9399217 -1.94 -1.94 -1.346 -1.346 -1.346 -1.346 -1.105464 -1.1 -1.1 -0.37001879 -0.37 -0.37 -0.37 -0.37 -0.37000019 -0.758 -0.758 -0.758 -0.758 -0.024000017 -0.023999997 -0.022723054 -0.018 -0.018 -0.018 0.072000003 0.072 0.072 0.072 0.072256013 -0.412 -0.412 -0.412 -0.412 -0.41196246 -0.21 -0.21 -0.21 -0.21 -0.20994306 0.496 0.496 0.496 0.49600009 0.64832107
-2.196 -2.196 -2.0892049 -1.756 -1.756 -1.756 -1.756 -1.756 -1.9399212 -1.784 -1.784 -1.784 -1.7829605 -1.1000004 -1.1 -1.1 -1.1 -1.1 -0.37000779 -0.43667212 -1.02 -1.02 -1.02 -0.95415663 -0.77304684 -0.85355962 -0.92096981 -0.024 -0.024 -0.024 -0.024 -0.024 -0.025206905 0.44331081 0.45 0.45 0.45 0.45 -0.31995156 0.07799912 0.078 0.078 0.078 0.08999912 -0.20999992 -0.21 -0.21 0.316 0.49599712 0.496 0.496 0.65 0.65
-2.196 -2.196 -2.024 -2.024 -2.024 -1.7560893 -1.756 -1.756 -1.784 -1.784 -1.784 -1.784 -1.784 -1.1 -1.1 -1.1 -1.1 -1.1 -1.02 -1.02 -1.02 -1.02 -1.02 -0.946 -0.946 -0.946 -0.946 -0.024000004 -0.024 -0.024 -0.024 -0.024 -0.146 -0.146 0.45 0.45 0.45 0.35601601 0.356 0.078 0.078 0.078 0.078000048 0.09 0.09 0.09 0.316 0.316 0.316 0.538 0.538 0.65 0.65
-2.196 -2.196 -2.024 -2.024 -2.024 -2.024 -2.024 -2.022 -1.7842241 -1.784 -1.784 -1.784 -1.784 -1.1085323 -1.1 -1.1 -1.1 -1.1 -1.02 -1.02 -1.02 -1.02 -1.02 -0.946 -0.946 -0.946 -0.946 -0.94599627 -0.024 -0.024 -0.024 -0.1459936 -0.146 -0.146 -0.146 0.45 0.356 0.356 0.356 0.3486853 0.34607669 0.396 0.396 0.09 0.09 0.09 0.316 0.316 0.316 0.538 0.538 0.538 0.46523386
-2.382 -2.3819985 -2.024 -2.024 -2.024 -2.024 -2.022 -2.022 -2.022 -1.784 -1.784 -1.784 -1.784 -1.7837874 -1.1 -1.1 -1.1 -1.1 -1.0200015 -1.02 -1.02 -1.02 -0.95904112 -0.946 -0.946 -0.946 -0.946 -0.97399998 -0.974 -0.97399999 -0.034200611 -0.146 -0.146 -0.146 -0.14599974 0.13 0.356 0.356 0.356 0.356 0.396 0.396 0.396 0.91 0.91 0.91 0.55397682 0.316 0.316 0.538 0.538 0.538 0.44599901
-2.382 -2.382 -2.024 -2.024 -2.024 -2.022 -2.022 -2.022 -2.022 -1.8100939 -1.784 -1.784 -1.784 -1.783997 -1.1659924 -1.166 -1.166 -1.166 -0.86435731 -1.21 -1.21 -1.21 -1.21 -0.946 -0.946 -0.946 -0.94600185 -0.974 -0.974 -0.974 -0.974 -0.1460134 0.0092420161 0.13 0.13 0.13 0.3553721 0.1880035 0.188 0.188 0.3960658 0.48 0.48 0.91 0.91 0.90999849 0.554 0.554 0.71 0.71 0.71 0.356 0.09
