interpolatedSpi/07-10|21_2.tif
NCOLS 53
NROWS 52
XLLCORNER -116.03883
YLLCORNER 28.596182
DX 0.49850594
DY 0.49788537
NODATA_VALUE -9999
[rows 0 to 38 of 52, columns 0 to 52 of 53]
-1.29 -1.29 -1.4644722 -1.255 -1.28 -1.4175 -1.1675 -1.2725 -1.5287586 -1.3925 -1.765 -1.31 -1.7299979 -1.705 -1.265 -1.265 -1.265 -1 -1.28 -1.28 -1.28 -1.2799893 -0.17000001 -1.6275 -1.6275 -1.6275 -1.8949905 -1.895 -1.895 -0.79 -0.79 -0.79 -0.79 -0.96249997 -0.9625 -0.9625 -0.9625 -0.9625 -0.9625 -0.96250002 -1.704507 -1.7120226 0.1625 0.1625 0.1625 0.1625 0.16249592 0.16 0.16 0.16 -0.13999938 -0.14 -0.14
-1.2900252 -1.8575 -1.0724995 -1.1214169 -1.5224835 -0.97 -1.3525 -1.5595383 -2.015 -1.53 -1.535 -1.73 -1.73 -1.5604835 -1.7049944 -1.265 -1 -1 -1.2796349 -1.28 -1.28 -1.28 -1.6128932 -1.6275 -1.6275 -1.6275 -1.7625 -1.7625 -0.79 -0.79 -0.79 -0.79 -0.79 -0.96249997 -0.9625 -0.9625 -0.9625 -0.9625 -0.9625 -0.89472361 -0.52004506 0.079683692 0.1625 0.1625 0.1625 0.1625 0.1625 0.16 0.16 0.16 0.13512371 -0.14 -0.14
-1.457489 -1.4575 -0.6675 -0.91 -0.835 -1.25 -0.845 -1.4475 -1.7175 -1.54 -1.61 -1.8775 -1.465 -1.165 -1.56 -1.7225 -1 -1 -1 -1.1650334 -1.165 -1.165 -1.35 -1.6275 -1.6275 -1.6275 -1.7625 -1.7625 -1.7625 -0.79 -0.79 -0.79 -0.75269149 -0.96224691 -0.96231384 -0.94268327 -0.9425 -0.9425 -0.88936063 -0.52 -0.52 -0.51912726 0.1625 0.1625 0.1625 0.1625 0.1625 0.16 0.16 0.16 0.16 -0.14 -0.14
-0.56 -1.4574998 -0.66492762 -0.315 -0.6 -0.835 -0.7925 -1.18 -0.76 -1.1552343 -1.2575 -1.575 -1.495 -1.165 -1.115 -1.7225 -1.9209698 -1.9218536 -1.6475 -1.165 -1.165 -1.3925 -1.35 -1.35 -1.6275 -1.6275007 -1.7625 -1.7625 -1.7625 -0.8475 -0.77342851 -0.7125 -0.7125 -0.71250018 -0.9425 -0.9425 -0.9425 -0.9425 -0.52 -0.52 -0.52 -0.51999997 0.1625 0.1625 0.1625 0.1625 0.1625 0.16000003 0.16 0.16 0.16 -0.1400294 -0.14
-0.56 -0.52000027 -0.665 -0.79932145 -0.6 -0.645 -1.1774724 -1.2975 -1.385 -0.80750032 -1.2104041 -1.402485 -1.2975 -1.115 -1.115 -1.5246194 -1.9225 -1.9225 -1.6475 -1.6475 -1.1650004 -1.3925 -1.2275 -1.13 -1.0375 -1.037368 -1.7625 -1.7625 -0.8475 -0.8475 -0.7125 -0.7125 -0.7125 -0.6743138 -0.9425 -0.9425 -0.9425 -0.52 -0.52 -0.52 -0.52 -0.52003692 0.16249998 0.1625 0.1625 0.1625 0.1625 0.16247775 0.16 0.15994619 -1.04 -1.04 -1.04
-1.56 -0.895 -0.48250001 -0.7425 -0.575 -0.6025 -1.085 -1.1122061 -0.89 -0.725 -0.5975 -0.31 -0.31000065 -1.4875 -1.4875 -2.0597386 -2.06 -1.755 -1.755 -1.6474994 -0.6775 -0.6775 -1.13 -1.0375 -1.0375 -0.4725 -0.4225 -0.4225 -0.49253215 -0.8475 -0.7125 -0.7125 -0.51 -0.50994201 0.044960104 -0.465 -0.465 -0.50298449 -0.52 -0.52 -0.90202294 -0.9025 -0.90249886 -1.2005068 -1.2248467 -1.2249996 -1.225 -1.2249995 -0.36109169 -1.04 -1.04 -1.04 -1.04
-0.20250946 -0.755 -0.90682578 -0.2375 -0.3125 -0.87 -0.3325 -0.615 -0.975 -0.975 -0.5975 -1.0675 -1.6999999 -1.4875 -0.97750153 -0.9775 -2.06 -0.8775 -0.9575 -0.9575 -0.75525871 -0.8425 -0.8425 -0.45500001 -0.4725 -0.4725 -0.4225 -0.4225 -0.49249621 -0.49243026 -0.053657975 -0.51 -0.51 0.045 0.045 -0.485424 -0.465 -0.465 -0.77998908 -0.90249983 -0.9025 -0.9025 -0.90249201 -1.2249933 -1.225 -1.225 -1.225 -1.2249994 -0.2625 -1.0398459 -1.04 -1.04 -1.04
-0.2025 -0.1225 -0.4175 -0.8725 -0.69751003 -0.655 -0.24 -1.1 -1.0525 -0.9275 -0.9275 -1.2525 -1.7 -1.7 -0.98245702 -1.0708526 -1.08 -0.7275 -0.69250027 -0.9575 -0.29540183 -0.3075 0.22 -0.034999999 -0.034997807 0.135 -0.785 -0.78499987 -0.42772777 -0.42749999 -0.0525 -0.32232694 -0.5275 0.045 0.028029886 -0.5025 -0.5025 -0.78 -0.78 -0.9025 -0.9025 -0.90249999 -0.024089454 -0.022500061 -1.225 -1.225 -1.225 -0.26253664 -0.2625 -0.2625 -1.04 -1.04 -1.04
-0.023884899 -0.12249999 0.295 -0.565 -0.0825 -0.3075 -0.5025 -0.5375 -0.985 -0.86538436 -1.0875 -1.355 -1.355 -1.2825 -1.2824936 -0.58637961 -0.585 -0.585 -0.7221572 -0.025000029 -0.165 -0.165 -0.1175 0.086996798 0.11786849 0.135 -0.8625 -0.785 -0.23322511 -0.23 -0.265 -0.06 0.17041901 -0.4075 -0.55 -0.6225 -0.6675 -0.6375 -0.69747229 -0.90041319 -0.435 -0.16 -0.022510178 -0.0225 -0.029268321 -1.225 -1.21 -0.26250001 -0.2625 -0.2625 -0.2625 -1.0630339 -0.4625
0.5275 0.5275 0.4125 0.08 0.06 -0.41 -0.8775 -0.3225 -0.3875 -0.83500494 -1.2575 -0.835 -1.2825 -1.2825 -0.605 -0.60472569 -0.585 -0.58492078 -0.2475 -0.025 -0.025 -0.043036703 -0.1175 -0.31499626 -0.315 -0.315 -0.8625 -0.3475 -0.3475 -0.23 -0.23 -0.059132299 0.3975 -0.4075 -0.185 -0.6225 -0.6675 -0.5775 -0.6975 -0.94344827 -0.16000001 -0.13244955 -0.085 -0.0225 -0.0225 -1.21 -1.21 -1.21 -0.2625 -0.2625 -1.225 -1.225 -1.2249997
0.5275 0.5275 -0.0625 0.0275 -0.8525 0.03 -0.3425 -0.92994547 -1.07 -0.89 -1.16 -1.4725 -0.83584936 -0.605 -0.605 -0.60494665 -0.1425 -0.14801089 -0.2475 -0.79 -0.79 -0.1475 -0.1475 -0.315 -0.315 -0.315 -0.3475 -0.3475 -0.3475 0.375 0.375 0.37500004 -0.06 -0.06 -0.36 -0.19 -0.09 -0.64998985 -0.915 -0.9475 -0.9475 -0.67999804 -0.085 -0.0225 -0.32500028 -0.7775 -0.79678731 -0.795 -0.49 -0.49 -1.225 -1.225 -1.225
0.5275 0.27273494 -0.02409379 -0.54249209 -0.43 -0.4425 -0.3425 -0.93 -1.0699988 -0.89199418 -1.4724992 -1.4725 -0.8875 -0.605 -0.605 -0.14250002 -0.1425 -0.14250598 -0.2475 -0.79 -0.66382607 -0.1475 -0.1475 -0.31499401 -0.315 -0.33636677 -0.38 -0.38 -0.38 0.375 0.375 0.1825 0.1825 -0.060000823 -0.36 -0.3 0.011423657 -0.65 -0.65 -0.94749999 -0.68 -0.68 -0.67999734 -0.325 -0.325 -0.7775 -0.795 -0.795 -0.49 -0.49 -1.225 -1.225 -1.225
-0.205 -0.32836394 -0.35248614 -0.35387466 -0.43000024 -0.4424997 -0.3425 -0.92276822 -1.0603526 -1.0652997 -0.8875 -0.8875 -0.8875 -0.8875 -0.60504002 -0.1425 -0.1425 -0.14385572 -0.2475 -0.79003922 -0.9375 -0.9375 -0.9375 -0.9375 -0.32558331 -0.38 -0.38 -0.38 -0.38 -0.37959348 0.1825 0.1825 0.1825 0.1825 -0.3 -0.3 -0.3 -0.63173292 -0.65088249 -0.7675 -0.7675 -0.68000471 -0.92497946 -0.32505779 -0.325 -0.7775 -0.795 -0.795 -0.49 -0.49 -1.2223335 -1.225 -0.84153996
-0.205 -0.3525 -0.3525 -0.3525 -0.3525 -0.35250004 -0.34275595 -0.62050132 -1.0346141 -0.88769207 -0.8875 -0.8875 -0.8875 -0.8875 -0.88750011 -0.14250001 -0.14250002 -0.14970228 -0.24750077 -0.9375 -0.9375 -0.9375 -0.9375 -0.9375 -0.92739198 -0.46051004 -0.50249997 -0.5025 -0.5025 -0.5025 0.1825 0.1825 0.18249965 -0.1125 -0.1125 -0.3 -0.2416685 -0.24 -0.76749969 -0.7675 -0.7675 -0.7675 -0.925 -0.925 -0.925 -0.92397353 -1.199845 -1.2025 -1.2025 -1.2025 -1.2025 -0.55750014 -0.5575
-0.6525 -0.3525 -0.3525 -0.3525 -0.3525 -0.3525 -0.3525 -0.51783784 -1.0446876 -1.045 -1.045 -1.045 -1.045 -1.045 -1.045 -0.72402664 -0.15163431 -0.15687819 -0.93741321 -0.9375 -0.9375 -0.9375 -0.9375 -0.93749974 -0.47 -0.47 -0.47000005 -0.5025 -0.5025 -0.50145372 0.02 0.02 -0.1125 -0.1125 -0.1125 -0.21957569 -0.24 -0.24 -0.24 -0.7675 -0.7675 -0.7675 -0.925 -0.925 -0.925 -0.925 -1.2025 -1.2025 -1.2025 -1.2025 -1.2025 -0.5575 -0.5575
-0.6525 -0.54081341 -0.3525 -0.3525 -0.3525 -0.3525 -0.60994946 -0.61 -0.61000001 -1.045 -1.045 -1.045 -1.045 -1.045 -0.97275121 -0.7175 -0.7175 -0.7175 -0.7131851 -0.71250023 -0.7125 -0.7125 -0.7125 -0.7125 -0.47 -0.47 -0.47 -0.47 -0.5025 0.02 0.02 0.02 -0.11249999 -0.1125 -0.1125 0.215 -0.23939757 -0.24 -0.24 -0.76735188 -0.47206893 0.21704858 -0.925 -0.925 -0.8427546 -0.8425 -0.8425 -1.201423 -0.54978893 -0.54750006 -0.54750012 0.017412827 -0.55749883
-0.6525 -0.35569149 -0.34996977 -0.3525 -0.3525 -0.60984786 -0.61 -0.61 -0.61 -0.61313473 -1.045 -1.045 -1.045 -1.045 -0.7175 -0.7175 -0.7175 -0.7175 -0.71250447 -0.7125 -0.7125 -0.7125 -0.7125 -0.7125 -0.47000001 -0.47 -0.47 -0.47 -0.4682177 0.02 0.02 0.02 0.22749999 -0.11245848 0.215 0.215 0.215 0.22189145 0.19089924 0.22 0.22 0.22 -0.385 -0.385 -0.8425 -0.8425 -0.8425 -0.5475 -0.5475 -0.5475 -0.5475 0.0175 0.0175
-0.34771107 -0.3475 -0.3475 -0.3475 -0.255 -0.60999084 -0.61 -0.61 -0.61 -0.61 -1.0022247 -1.0449926 -1.045 -0.7175 -0.7175 -0.7175 -0.7175 -0.7175 -0.70779657 -0.7125 -0.7125 -0.7125 -0.7125 -0.7125 -0.49243122 -0.3225008 -0.3225 -0.3225 -0.3225 0.020000011 0.2275 0.2275 0.2275 0.2275 0.215 0.21501659 0.845 0.845 0.22780406 0.22 0.22 0.22 -0.385 -0.385 -0.77166325 -0.8425 -0.8425 -0.5475 -0.5475 -0.5475 -0.54144173 0.0175 0.0175
-0.3475 -0.3475 -0.3475 -0.30394037 -0.255 -0.255 -0.61 -0.61 -0.61 -0.61 -0.48 -0.48 -0.48 -0.7175 -0.7175 -0.7175 -0.7175 -0.71743224 -0.57 -0.57 -0.71249994 -0.7125 -0.70099661 -0.24 -0.24074271 -0.3225 -0.3225 -0.3225 -0.3225 0.227444 0.2275 0.2275 0.2275 0.2275 0.84499779 0.845 0.845 0.845 0.84277177 0.22 0.22 0.22 -0.385 -0.385 -0.385 -0.8425 -0.8425 -0.5475 -0.5475 -0.5475 0.0175 0.0175 0.0175
-0.3475 -0.3475 -0.3475 -0.255 -0.255 -0.255 -0.25500054 -0.61 -0.61 -0.4801342 -0.48 -0.48 -0.48 -0.48014797 -0.38563681 -0.3075 -0.3075 -0.3075 -0.57 -0.57 -0.57 -0.24 -0.24 -0.24 -0.23998669 -0.25431184 -0.3225 -0.3225 -0.3225 0.32866439 0.36748623 0.3675 0.3675 0.3675 0.62741379 0.32250119 0.3225 0.3225 0.3225 0.15500889 0.155 0.155 -0.385 -0.385 -0.27000048 -0.26999993 -0.085 -0.085 0.19 0.19 0.19 0.0175 0.55701717
-0.34749695 -0.3475 -0.3475 -0.255 -0.255 -0.255 -0.25499999 0.25749975 -0.6065314 -0.47954661 -0.48 -0.48 -0.48 -0.47966151 -0.3075 -0.3075 -0.3075 -0.30750008 -0.57 -0.57 -0.57 -0.24 -0.24 -0.24 -0.1925 -0.1925 -0.1175 -0.1175 -0.1175 -0.11485417 0.3675 0.3675 0.3675 0.3675 0.34501228 0.3225 0.3225 0.3225 0.3225 0.155 0.155 0.155 0.14162787 -0.27 -0.27 -0.27 -0.085 -0.085 0.19 0.19 0.19 0.55749999 0.5575
0.635 0.17919185 0.1675 0.16737743 -0.255 0.25453469 0.2575 0.2575 0.28209556 0.020000007 0.02 0.02 0.02 0.34998926 0.35 -0.3074995 -0.3075 -0.31441649 -0.57 -0.57 -0.57 0.675 0.675 0.675 -0.1925 -0.1925 -0.1175 -0.1175 -0.1175 -0.11749972 0.26500065 0.26500029 0.36492382 0.36739011 -0.10945264 -0.11 -0.11 -0.11 -0.11 0.155 0.155 0.155 -0.24659811 -0.27 -0.27 -0.26999994 -0.085 -0.085 -0.084990101 0.19 0.18998904 -0.055 0.5575
0.3975451 0.39749996 0.1675 0.1675 0.1675 0.2575 0.2575 0.2575 0.325 0.325 0.02 0.02 0.02 0.35 0.35 0.35 0.35 0.3498954 -0.57 -0.57 -0.56999995 0.675 0.675 0.675 -0.1925 -0.1925 -0.1175 -0.1175 -0.1175 0.26068728 0.265 0.265 0.265 0.265 -0.10981496 -0.11 -0.11 -0.11 -0.11 0.24999998 0.25 0.25 0.25 -0.26999745 0.0625 0.0625 0.0625 0.0725 0.0725 0.0725 -0.055 -0.055 -0.055
0.3975 0.3975 0.1675 0.1675 0.1675 0.25702694 0.2575 0.325 0.325 0.325 0.020037546 0.02 0.3141649 0.35000001 0.35 0.35 0.35 0.4 0.4 0.4 -0.34749998 -0.34749924 0.67499502 0.675 0.67404648 -0.5225 -0.5225 -0.52249903 -0.11756545 0.087535373 0.087500945 0.087530989 0.26469663 0.26484682 -0.043326619 -0.10999994 -0.10950569 0.0375 0.0375 0.25 0.25 0.25 0.25 0.0625 0.0625 0.0625 0.0625 0.0725 0.0725 0.0725 -0.055 -0.055 -0.055
0.3975 0.3975 0.1675 0.1675 0.1675 0.1675 0.28276328 0.325 0.325 0.325 0.32503038 0.38 0.38 0.38 0.3501768 0.35 0.39966681 0.4 0.4 0.4 -0.3475 -0.3475 -0.3475 -0.3475 -0.5225 -0.5225 -0.5225 -0.5225 -0.5225 0.0875 0.0875 0.0875 0.0875 0.087499558 -0.1225 0.0375 0.0375 0.0375 0.0375 0.03749998 -0.0025 -0.0025 -0.0025 -0.125341 -0.38 -0.38 -0.38 0.072499987 0.072499401 -0.545 -0.545 -0.53738262 -0.5375
0.3975 0.3975 0.25051385 0.1675 0.1675 0.16750001 0.74675026 0.32633149 0.325 0.325 0.38000013 0.38 0.38 0.38 0.38 0.37754397 0.4 0.4 0.4 0.4 -0.34749422 -0.3475 -0.3475 -0.3475 -0.5225 -0.5225 -0.5225 -0.5225 -0.5225 -0.39466906 0.0875 0.0875 0.0875 -0.1225 -0.1225 -0.12237576 0.0375 0.0375 0.058604194 0.074999996 -0.0025 -0.0025 -0.0025 -0.12184334 -0.38 -0.38 -0.38 0.1 -0.53696336 -0.545 -0.545 -0.5375 -0.5375
0.1525 0.1525 0.1525 0.16373909 0.16840325 0.7475 0.7475 0.7475 0.7475 0.9875 0.9875 0.38000004 0.38 0.38 0.38 0.38000128 0.4 0.4 0.4 0.4 -0.021315248 -0.3475 -0.3475 -0.36451077 -0.97634878 -0.5225 -0.5225 -0.5225 -0.565 -0.565 -0.565 -0.56499726 -0.1225 -0.1225 -0.1225 -0.1225 0.075 0.075 0.075 0.075 0.0375 0.0375 0.0375 0.16749739 0.1675 0.1675 0.16749983 0.1 0.1 -0.5442141 -0.545 -0.53749579 -0.5375
0.1525 0.1525 0.1525 0.15253393 0.7825 0.77741042 0.7475 0.7475 0.7475 0.9875 0.9875 0.9875 0.74749999 0.7475 0.7475 0.74749998 0.39981224 0.4 0.4 0.4 0.38862976 -0.99749822 -0.9975 -0.9975 -0.9975 -0.9975 -1.33 -1.33 -0.565 -0.565 -0.565 -0.565 -0.12249979 -0.1225 -0.1225 -0.12247597 0.074999986 0.075 0.075 0.072916256 0.0375 0.0375 0.0375 0.16749397 0.1675 0.1675 0.1675 0.1 0.1 0.10000003 0.2975 0.2975 0.575
0.1525 0.1525 0.1525 0.78249855 0.7825 0.7825 0.74750001 0.7475 0.7475 0.9875 0.9875 0.9875 0.7475 0.7475 0.7475 0.7132282 0.2975 0.2975 0.29750026 0.39942104 -0.9975 -0.9975 -0.9975 -0.9975 -0.9975 -0.99775022 -1.33 -1.33 -1.33 -0.565 -0.565 -0.56535079 0.1725 0.1725 0.1725 -0.5125 -0.5125 -0.4 -0.4 -0.4 -0.3025 0.037393352 0.037498657 -0.1425 -0.1425 -0.13075135 0.16749907 0.1 0.1 0.2975 0.2975 0.2975 0.575
0.1525 0.1525 0.1525 0.7825 0.7825 0.7825 0.7825 0.7475 0.7475 0.9875 0.9875 0.75709654 0.7475 0.7475 0.7475 0.2975 0.2975 0.2975 0.2975 0.2975 -0.9975 -0.9975 -0.9975 -0.9975 -0.9975 -1.3299989 -1.33 -1.33 -1.33 -1.11 -1.11 -1.11 0.1725 0.1725 0.1725 -0.5125 -0.5125 -0.4 -0.4 -0.3025 -0.3025 -0.3025 -0.1425 -0.1425 -0.1425 -0.1425 -0.10738201 0.285 0.285 0.285 0.29750001 0.8425 0.8425
0.1525 0.1525 0.1533773 0.7825 0.7825 0.7825 0.7825 1.2632659 1.2875 1.2869849 0.98749999 0.74749833 0.7475 0.7475 0.74749844 0.2975 0.2975 0.2975 0.2975 0.2975 -0.37886499 -0.9975 -0.9975 -0.9975 -0.99740011 -1.329954 -1.33 -1.33 -1.33 -1.11 -1.11 -1.11 -1.1098091 0.1725 -0.5125 -0.5125 -0.5125 -0.51249515 -0.39999335 -0.3025 -0.3025 -0.3025 -0.14250971 -0.1425 -0.1425 -0.1425 0.28499871 0.285 0.285 0.285 0.8425 0.8425 0.8425
-0.005 -0.0049997248 0.78214086 0.7825 0.7825 0.7825 1.2873925 1.2875 1.2875 1.2875 0.72750001 0.7275 0.7275 0.7275 0.29948462 0.2975 0.2975 0.2975 0.2975 -0.35249961 -0.3525 -0.3525 -0.51250008 -0.5125 -0.5125 -0.5125 -0.58306076 -1.33 -0.40753778 -0.4075 -0.4075 -0.4075 -0.4075 -0.2075 -0.2075 -0.2075 -0.2075 -0.2075 0.1675 0.1675 0.1675 0.1675 0.1675 0.159544 0.16 0.16 0.16 0.285 0.285 0.285 0.84241217 0.8425 0.8425
-0.005 -0.005 0.0019493878 0.82499991 0.82499999 0.82545082 1.2875 1.2875 1.2875 1.2875 0.7275 0.7275 0.7275 0.7275 0.7275 0.2975 0.2975 0.2975 -0.35249984 -0.3525 -0.3525 -0.3525 -0.5125 -0.5125 -0.5125 -0.5125 -0.5125 -0.51267287 -0.40749131 -0.4075 -0.4075 -0.4075 -0.40749651 -0.20324824 -0.2074956 -0.2075 -0.2075 -0.2075 0.1675 0.1675 0.1675 0.1675 0.1675 0.16 0.16 0.16 0.16 0.21845244 0.285 0.047677663 0.045 0.555 0.555
-0.005 -0.005 0.82489486 0.825 0.825 0.825 0.94247305 1.2875 1.2875 1.2875 0.7275 0.7275 0.7275 0.7275 0.7275 0.29782407 0.2975 -0.35230942 -0.3525 -0.3525 -0.3525 -0.3525 -0.45322696 -0.5125 -0.5125 -0.5125 -0.5125 -0.51240984 -0.385 -0.385 -0.385 -0.385 -0.385 -0.2 -0.2 -0.2 -0.2 -0.2 0.205 0.205 0.205 0.205 0.205 0.15996338 0.15999999 0.16 0.15999746 0.15967749 0.045 0.045 0.045 0.55499714 0.555
-0.0050000046 -0.0074512601 0.82499988 0.825 0.825 0.825 0.825 1.2873031 1.2875 1.2875 0.7275 0.7275 0.7275 0.7275 -0.00339701 -0.02 -0.02 -0.35249144 -0.3525 -0.3525 -0.3525 -0.3525 -0.35250001 -0.5125 -0.5125 -0.5125 -0.5125 -0.75249965 -0.75249983 -0.67428707 -0.385 -0.385 -0.385 -0.2 -0.2 -0.2 -0.2 -0.20016424 0.205 0.205 0.205 0.205 0.20497261 0.145 0.145 0.145 0.145 0.14499193 0.045 0.045 0.045 0.045000411 0.71510679
-0.0075 -0.0075 0.20523826 0.825 0.825 0.825 0.825 0.825 1.2873014 0.70000001 0.7 0.7 0.70006526 -0.019998923 -0.02 -0.02 -0.02 -0.02 -0.35250018 -0.35403859 -0.3675 -0.3675 -0.3675 -0.40346041 -0.49529218 -0.40321639 -0.32578248 -0.7525 -0.7525 -0.7525 -0.7525 -0.7525 -0.73146318 -0.43848761 -0.4425 -0.4425 -0.4425 -0.4425 0.13784228 -0.15249936 -0.1525 -0.1525 -0.1525 -0.062499392 0.14499995 0.145 0.145 -0.165 0.044996636 0.045 0.045 0.7175 0.7175
-0.0075 -0.0075 0.39 0.39 0.39 0.8248551 0.825 0.825 0.7 0.7 0.7 0.7 0.7 -0.019999967 -0.02 -0.02 -0.02 -0.02 -0.3675 -0.3675 -0.3675 -0.3675 -0.3675 -0.2975 -0.2975 -0.2975 -0.2975 -0.7525 -0.7525 -0.7525 -0.7525 -0.7525 -0.085 -0.085 -0.4425 -0.4425 -0.4425 -0.12005492 -0.12 -0.1525 -0.1525 -0.1525 -0.15249995 -0.0625 -0.0625 -0.0625 -0.165 -0.165 -0.165 -0.025 -0.025 0.7175 0.7175
-0.0075 -0.0075 0.39 0.39 0.39 0.39 0.39000118 0.605 0.69991055 0.7 0.7 0.7 0.7 -0.011018655 -0.02 -0.02 -0.02 -0.02 -0.36749999 -0.3675 -0.3675 -0.3675 -0.3675 -0.2975 -0.2975 -0.2975 -0.2975 -0.29750185 -0.7525 -0.7525 -0.7525 -0.085034996 -0.085 -0.085 -0.085 -0.4425 -0.12 -0.12 -0.12 -0.12085514 0.10251006 0.15 0.15 -0.0625 -0.0625 -0.0625 -0.165 -0.165 -0.165 -0.025 -0.025 -0.025 0.55899964
0.31 0.30999751 0.39 0.39 0.39 0.39 0.605 0.605 0.605 0.7 0.7 0.7 0.7 0.69977617 -0.02 -0.02 -0.02 -0.02 -0.36749376 -0.3675 -0.3675 -0.3675 -0.30982449 -0.2975 -0.2975 -0.2975 -0.2975 -0.36499994 -0.365 -0.365 -0.74831614 -0.085 -0.085 -0.085 -0.084999749 0.1775 -0.12 -0.12 -0.12 -0.12 0.15 0.15 0.15 -0.0725 -0.0725 -0.0725 -0.40747638 -0.165 -0.165 -0.024999999 -0.025 -0.025 0.5425024
