interpolatedSpi/07-11|21_2.tif
NCOLS 53
NROWS 52
XLLCORNER -116.03883
YLLCORNER 28.596182
DX 0.49850594
DY 0.49788537
NODATA_VALUE -9999
[rows 0 to 40 of 52, columns 0 to 52 of 53]
-0.942 -0.942 -0.96636923 -0.89 -0.87 -1.098 -1.026 -1.162 -1.3219863 -1.344 -1.466 -0.912 -1.2739707 -0.918 -0.582 -0.582 -0.582 -0.64 -0.988 -0.988 -0.988 -0.98799108 -0.062000013 -1.384 -1.384 -1.384 -1.5399922 -1.54 -1.54 -0.658 -0.658 -0.658 -0.658 -1.0099999 -1.01 -1.01 -1.01 -1.01 -1.01 -1.01 -1.302845 -1.3056177 0.196 0.196 0.196 0.196 0.19585627 0.108 0.108 0.108 -0.14399948 -0.144 -0.144
-0.94202257 -1.45 -0.80799961 -0.82724598 -1.1659956 -0.722 -1.122 -1.3736517 -1.8 -1.426 -1.196 -1.274 -1.274 -1.4063661 -0.91800295 -0.582 -0.64 -0.64 -0.98754625 -0.988 -0.988 -0.988 -1.3675772 -1.384 -1.384 -1.384 -1.448 -1.448 -0.658 -0.658 -0.658 -0.658 -0.658 -1.0099999 -1.01 -1.01 -1.01 -1.01 -1.01 -0.9085071 -0.37205047 0.12707738 0.196 0.196 0.196 0.196 0.196 0.108 0.108 0.108 0.087103919 -0.144 -0.144
-1.1399957 -1.14 -0.466 -0.722 -0.71 -1.11 -0.716 -1.408 -1.702 -1.538 -1.466 -1.596 -1.16 -0.736 -1.408 -1.508 -0.64 -0.64 -0.64 -0.902025 -0.902 -0.902 -1.072 -1.384 -1.384 -1.384 -1.448 -1.448 -1.448 -0.658 -0.658 -0.65799999 -0.57134799 -1.0090221 -1.0075613 -0.75040083 -0.748 -0.748 -0.70070911 -0.372 -0.372 -0.37127367 0.196 0.196 0.196 0.196 0.196 0.108 0.108 0.108 0.108 -0.144 -0.144
-0.5 -1.1399999 -0.57794608 -0.196 -0.574 -0.76 -0.768 -1.182 -0.934 -1.0790664 -1.192 -1.584 -1.602 -0.736 -0.944 -1.508 -1.6032655 -1.6033246 -1.506 -0.902 -0.902 -1.108 -1.072 -1.072 -1.384 -1.3840003 -1.448 -1.448 -1.448 -0.748 -0.59985701 -0.478 -0.478 -0.47800021 -0.748 -0.748 -0.748 -0.748 -0.372 -0.372 -0.372 -0.37199998 0.196 0.196 0.196 0.196 0.196 0.10800111 0.108 0.108 0.108 -0.14403632 -0.144
-0.5 -0.47200019 -0.578 -0.6867041 -0.574 -0.744 -1.1259847 -1.348 -1.478 -0.92400015 -1.0331366 -1.0860106 -1.16 -0.944 -0.944 -1.3228797 -1.604 -1.604 -1.506 -1.506 -0.90200035 -1.108 -0.922 -0.858 -0.686 -0.68589495 -1.448 -1.448 -0.748 -0.748 -0.478 -0.478 -0.478 -0.43651378 -0.748 -0.748 -0.748 -0.372 -0.372 -0.372 -0.372 -0.37200849 0.19599999 0.196 0.196 0.196 0.196 0.19521669 0.108 0.10793884 -1.256 -1.256 -1.256
-1.416 -0.824 -0.23400001 -0.638 -0.402 -0.592 -0.996 -1.0410661 -0.608 -0.528 -0.662 -0.112 -0.11200069 -1.512 -1.512 -2.0077146 -2.008 -1.548 -1.548 -1.5059994 -0.492 -0.492 -0.858 -0.686 -0.686 -0.236 -0.184 -0.184 -0.42002961 -0.748 -0.478 -0.478 -0.258 -0.25794964 0.22396534 -0.274 -0.274 -0.34168146 -0.372 -0.372 -0.45989025 -0.46 -0.4599986 -0.71758295 -0.73389722 -0.73399975 -0.73399997 -0.73399965 -0.36917548 -1.256 -1.256 -1.256 -1.256
0.19798376 -0.53 -0.80893353 -0.0040000008 -0.168 -0.784 -0.384 -0.722 -1.032 -1.032 -0.662 -1.184 -1.7259999 -1.512 -0.82600206 -0.826 -2.008 -0.926 -0.77 -0.77 -0.53912649 -0.592 -0.592 -0.24000001 -0.236 -0.236 -0.184 -0.184 -0.41999231 -0.41985837 0.088832439 -0.258 -0.258 0.224 0.224 -0.25548224 -0.274 -0.274 -0.38799605 -0.4599999 -0.46 -0.46 -0.45999072 -0.73399364 -0.734 -0.734 -0.734 -0.7339997 -0.234 -1.2557975 -1.256 -1.256 -1.256
0.198 0.04 -0.34 -0.706 -0.45801422 -0.51 -0.236 -1.092 -0.998 -0.99 -0.99 -1.314 -1.726 -1.726 -0.83217483 -1.1957673 -1.232 -0.672 -0.71200006 -0.77 -0.1772275 -0.192 0.388 0.086000001 0.086001806 0.226 -0.532 -0.53199988 -0.28846255 -0.28799999 0.09 -0.22873404 -0.396 0.224 0.2101387 -0.24 -0.24 -0.388 -0.388 -0.46 -0.46 -0.45999999 0.40376156 0.40599994 -0.734 -0.734 -0.734 -0.23401903 -0.234 -0.234 -1.256 -1.256 -1.256
0.10281023 0.040000007 0.538 -0.49 0.026 -0.14 -0.324 -0.324 -0.776 -0.70423061 -0.974 -1.15 -1.15 -1.044 -1.0439941 -0.63965553 -0.638 -0.638 -0.67810606 -0.023999999 -0.018 -0.018000002 0.222 0.32258213 0.2118917 0.226 -0.648 -0.532 -0.15818494 -0.156 -0.182 -0.036 0.13725491 -0.24 -0.262 -0.316 -0.354 -0.514 -0.43403694 -0.45742887 0.116 0.162 0.40595669 0.406 0.39958346 -0.734 -0.95799999 -0.23400001 -0.234 -0.234 -0.234 -1.2455414 -0.51
0.454 0.454 0.782 0.564 0.092 -0.168 -0.552 -0.052 -0.188 -0.68599555 -1.064 -0.606 -1.044 -1.044 -0.418 -0.4210174 -0.638 -0.63790053 -0.22 -0.024 -0.024 -0.023227004 0.222 -0.16799261 -0.168 -0.168 -0.648 -0.21 -0.21 -0.156 -0.156 -0.035347564 0.308 -0.24 0.08 -0.316 -0.354 -0.266 -0.434 -0.53631447 0.162 0.15391853 0.14 0.406 0.406 -0.958 -0.958 -0.958 -0.234 -0.234 -1.172 -1.172 -1.1719998
0.454 0.454 0.232 0.124 -0.802 0.014 -0.394 -0.91786082 -0.992 -0.868 -1.064 -1.374 -0.60702308 -0.418 -0.418 -0.41795524 -0.03 -0.039972091 -0.22 -0.72 -0.72 -0.18 -0.18 -0.168 -0.168 -0.168 -0.21 -0.21 -0.21 0.422 0.422 0.42199981 0.154 0.154 -0.04 0.144 0.318 -0.14999125 -0.524 -0.538 -0.538 -0.31399851 0.14 0.406 -0.0020002458 -0.436 -0.69712837 -0.696 -0.466 -0.466 -1.172 -1.172 -1.172
0.454 0.35809572 0.18591255 -0.27799224 -0.278 -0.562 -0.394 -0.918 -0.99199938 -0.86937377 -1.3739993 -1.374 -0.858 -0.418 -0.418 -0.030000013 -0.03 -0.030010814 -0.22 -0.72 -0.61395499 -0.18 -0.18 -0.16800103 -0.168 -0.17917647 -0.202 -0.202 -0.202 0.422 0.422 0.396 0.396 0.15399947 -0.04 0.088 0.40779799 -0.15 -0.15 -0.53799999 -0.314 -0.314 -0.31399767 -0.002 -0.002 -0.436 -0.696 -0.696 -0.466 -0.466 -1.172 -1.172 -1.172
-0.092 -0.19670649 -0.23198675 -0.23233266 -0.2780016 -0.56199329 -0.394 -0.91154986 -0.98690064 -0.98876203 -0.858 -0.858 -0.858 -0.858 -0.41806233 -0.03 -0.03 -0.032453203 -0.22 -0.72000608 -0.752 -0.752 -0.752 -0.752 -0.17790594 -0.202 -0.202 -0.202 -0.202 -0.2016255 0.396 0.396 0.396 0.396 0.088 0.088 0.088 -0.13732511 -0.15145704 -0.344 -0.344 -0.31400161 -0.52598206 -0.0020504705 -0.002 -0.436 -0.696 -0.696 -0.466 -0.466 -1.1694387 -1.172 -0.75294227
-0.092 -0.232 -0.232 -0.232 -0.232 -0.23200014 -0.39442998 -0.64194691 -0.97329601 -0.85814126 -0.858 -0.858 -0.858 -0.858 -0.85800019 -0.030000006 -0.03000003 -0.043032703 -0.21999908 -0.752 -0.752 -0.752 -0.752 -0.752 -0.7381631 -0.17109921 -0.16400001 -0.164 -0.164 -0.164 0.396 0.396 0.39599979 0.218 0.218 0.088 0.12494329 0.126 -0.34399973 -0.344 -0.344 -0.344 -0.526 -0.526 -0.526 -0.52537368 -0.90656665 -0.908 -0.908 -0.908 -0.90799999 -0.44000015 -0.44
-0.466 -0.232 -0.232 -0.232 -0.232 -0.232 -0.23200001 -0.48720635 -1.1228641 -1.124 -1.124 -1.124 -1.124 -1.124 -1.124 -0.66926914 -0.04001469 -0.056017529 -0.75193305 -0.752 -0.752 -0.752 -0.752 -0.75199958 -0.112 -0.112 -0.11200007 -0.164 -0.164 -0.1630188 0.326 0.326 0.218 0.218 0.218 0.14073757 0.126 0.126 0.126 -0.344 -0.344 -0.344 -0.526 -0.526 -0.526 -0.526 -0.908 -0.908 -0.908 -0.908 -0.908 -0.44 -0.44
-0.466 -0.37888446 -0.232 -0.232 -0.232 -0.232 -0.41196467 -0.412 -0.41200002 -1.124 -1.124 -1.124 -1.124 -1.124 -1.0216384 -0.66 -0.66 -0.66 -0.38910876 -0.38800037 -0.388 -0.388 -0.388 -0.388 -0.112 -0.112 -0.112 -0.112 -0.164 0.326 0.326 0.326 0.21800001 0.218 0.218 0.512 0.12651108 0.126 0.126 -0.34388478 -0.1142369 0.42170462 -0.526 -0.526 -0.68949389 -0.69 -0.69 -0.907385 -0.53530696 -0.53400003 -0.53400007 -0.16404187 -0.43999944
-0.466 -0.25385487 -0.24009674 -0.232 -0.232 -0.41189365 -0.412 -0.412 -0.412 -0.41713088 -1.124 -1.124 -1.124 -1.1239999 -0.66 -0.66 -0.66 -0.66 -0.38824297 -0.388 -0.388 -0.388 -0.388 -0.388 -0.11200001 -0.112 -0.112 -0.112 -0.11040684 0.326 0.326 0.326 0.474 0.21803609 0.512 0.512 0.512 0.51735763 0.40515327 0.424 0.424 0.424 -0.224 -0.224 -0.69 -0.69 -0.69 -0.534 -0.534 -0.534 -0.534 -0.164 -0.164
-0.24812771 -0.248 -0.248 -0.248 -0.056 -0.41199082 -0.412 -0.412 -0.412 -0.412 -1.0723667 -1.1239911 -1.124 -0.66 -0.66 -0.66 -0.66 -0.66 -0.61582414 -0.388 -0.388 -0.388 -0.388 -0.388 -0.14896181 0.025999252 0.026 0.026 0.026 0.32600001 0.474 0.474 0.474 0.474 0.512 0.5120129 1.002 1.002 0.43121719 0.424 0.424 0.424 -0.224 -0.224 -0.61784715 -0.69 -0.69 -0.534 -0.534 -0.534 -0.53003264 -0.164 -0.164
-0.248 -0.248 -0.248 -0.15758434 -0.056 -0.056 -0.412 -0.412 -0.412 -0.412 -0.442 -0.442 -0.442 -0.66 -0.66 -0.66 -0.66 -0.65991803 -0.298 -0.298 -0.38799996 -0.388 -0.37865122 -0.0040000004 -0.0037299231 0.026 0.026 0.026 0.026 0.47395438 0.474 0.474 0.474 0.474 1.0019983 1.002 1.002 1.002 0.99994343 0.424 0.424 0.424 -0.224 -0.224 -0.224 -0.69 -0.69 -0.534 -0.534 -0.534 -0.164 -0.164 -0.164
-0.248 -0.248 -0.248 -0.056 -0.056 -0.056 -0.056000544 -0.412 -0.412 -0.44196903 -0.442 -0.442 -0.442 -0.44213582 -0.25852648 -0.164 -0.164 -0.164 -0.298 -0.298 -0.298 -0.004 -0.004 -0.004 -0.0039955179 0.01865666 0.026 0.026 0.026 0.46528861 0.4759998 0.476 0.476 0.476 0.83023275 0.59000094 0.59 0.59 0.59 0.26202217 0.262 0.262 -0.224 -0.224 -0.17800019 -0.17799999 -0.156 -0.156 -0.008 -0.008 -0.008 -0.164 0.14971925
-0.24799733 -0.248 -0.24799999 -0.056 -0.056 -0.056 -0.055999995 0.43399975 -0.40861736 -0.44162459 -0.442 -0.442 -0.442 -0.44145449 -0.164 -0.164 -0.164 -0.16400004 -0.298 -0.298 -0.298 -0.004 -0.004 -0.004 0.012 0.012 0.104 0.104 0.104 0.10602938 0.476 0.476 0.476 0.476 0.53296861 0.59 0.59 0.59 0.59 0.262 0.262 0.262 0.24815592 -0.178 -0.178 -0.178 -0.156 -0.156 -0.0080000002 -0.008 -0.008 0.14999999 0.15
0.612 0.21796394 0.37 0.36987641 -0.056 0.43116488 0.434 0.434 0.4442026 -0.027999989 -0.028 -0.028 -0.028 0.47198372 0.472 -0.16399951 -0.164 -0.1675307 -0.298 -0.298 -0.298 0.744 0.744 0.744 0.012 0.012 0.104 0.104 0.104 0.10400012 0.27400128 0.27400057 0.47092303 0.47578344 0.0045418164 0.004 0.004 0.004 0.004 0.262 0.262 0.262 -0.15377216 -0.178 -0.178 -0.17799994 -0.156 -0.156 -0.15599467 -0.008 -0.0080067075 -0.158 0.15
0.50801975 0.50799998 0.37 0.37 0.37 0.434 0.434 0.434 0.462 0.462 -0.028 -0.028 -0.028 0.472 0.472 0.472 0.472 0.47191213 -0.298 -0.298 -0.29799996 0.744 0.744 0.744 0.012 0.012 0.104 0.104 0.104 0.27208324 0.274 0.274 0.274 0.274 0.0041332288 0.004 0.004 0.004 0.004 0.35999997 0.36 0.36 0.36 -0.17799738 0.164 0.164 0.164 0.178 0.178 0.178 -0.158 -0.158 -0.158
0.508 0.508 0.37 0.37 0.37 0.4336636 0.434 0.462 0.462 0.462 -0.027939681 -0.028 0.38383086 0.472 0.472 0.472 0.472 0.394 0.394 0.394 -0.18799998 -0.18799931 0.74399546 0.744 0.74316605 -0.316 -0.316 -0.315999 0.10393213 -0.0039445984 -0.0039985202 -0.0039514649 0.27352487 0.27376009 0.051907146 0.0040000279 0.0042412882 0.076 0.076 0.36 0.36 0.36 0.36 0.164 0.164 0.164 0.164 0.178 0.178 0.178 -0.158 -0.158 -0.158
0.508 0.508 0.37 0.37 0.37 0.37 0.44447958 0.462 0.462 0.462 0.46200773 0.476 0.476 0.476 0.47202357 0.472 0.39451977 0.394 0.394 0.394 -0.188 -0.188 -0.188 -0.188 -0.316 -0.316 -0.316 -0.316 -0.316 -0.004 -0.004 -0.004 -0.004 -0.0040003918 -0.19 0.076 0.076 0.076 0.076 0.076000452 0.174 0.174 0.174 0.11217247 -0.016 -0.016 -0.016 0.17799999 0.17799953 -0.306 -0.306 -0.31596156 -0.316
0.508 0.508 0.41980831 0.37 0.37 0.37000001 0.75348184 0.46292022 0.462 0.462 0.47600009 0.476 0.476 0.476 0.476 0.47565993 0.394 0.394 0.394 0.394 -0.1879955 -0.188 -0.188 -0.188 -0.316 -0.316 -0.316 -0.316 -0.316 -0.45476341 -0.004 -0.004 -0.004 -0.19 -0.19 -0.18979344 0.076 0.076 0.13678008 0.18399999 0.174 0.174 0.174 0.11478404 -0.016 -0.016 -0.016 0.2 -0.29969529 -0.306 -0.306 -0.316 -0.316
0.26 0.26 0.26 0.34241998 0.37055868 0.754 0.754 0.754 0.754 0.892 0.892 0.47600003 0.476 0.476 0.476 0.47599481 0.394 0.394 0.394 0.394 0.065965921 -0.188 -0.188 -0.21176274 -1.0612675 -0.316 -0.316 -0.316 -0.614 -0.614 -0.614 -0.61399744 -0.19 -0.19 -0.19 -0.19 0.184 0.184 0.184 0.184 0.304 0.304 0.304 0.49999606 0.5 0.5 0.49999984 0.2 0.2 -0.30538347 -0.306 -0.31599635 -0.316
0.26 0.26 0.26 0.26002639 0.75 0.75058167 0.754 0.754 0.754 0.892 0.892 0.892 0.69399999 0.694 0.694 0.69399998 0.39349808 0.394 0.394 0.394 0.38512524 -1.0959975 -1.096 -1.096 -1.096 -1.096 -1.31 -1.31 -0.614 -0.614 -0.614 -0.614 -0.18999982 -0.19 -0.19 -0.18998013 0.18399999 0.184 0.184 0.18206979 0.304 0.304 0.304 0.49999091 0.5 0.5 0.5 0.2 0.2 0.20000003 0.408 0.408 0.696
0.26 0.26 0.26 0.74999887 0.75 0.75 0.754 0.754 0.754 0.892 0.892 0.892 0.694 0.694 0.694 0.65028442 0.12 0.12 0.12000071 0.39245236 -1.096 -1.096 -1.096 -1.096 -1.096 -1.096161 -1.31 -1.31 -1.31 -0.614 -0.614 -0.61429093 0.054 0.054 0.054 -0.456 -0.456 -0.256 -0.256 -0.256 -0.144 0.30385948 0.30399825 0.07 0.07 0.086296511 0.49999836 0.2 0.2 0.408 0.408 0.408 0.696
0.26 0.26 0.26 0.75 0.75 0.75 0.75 0.754 0.754 0.892 0.892 0.70191714 0.694 0.694 0.694 0.12 0.12 0.12 0.12 0.12 -1.096 -1.096 -1.096 -1.096 -1.096 -1.3099993 -1.31 -1.31 -1.31 -1.066 -1.066 -1.066 0.054 0.054 0.054 -0.456 -0.456 -0.256 -0.256 -0.144 -0.144 -0.144 0.07 0.07 0.07 0.07 0.08725094 0.28 0.28 0.28 0.40800001 0.686 0.686
0.26 0.26 0.26068235 0.75 0.75 0.75 0.75 1.0203713 1.034 1.0337562 0.89199999 0.69398794 0.694 0.694 0.69399801 0.12 0.12 0.12 0.12 0.12 -0.53395058 -1.096 -1.096 -1.096 -1.0959151 -1.3099648 -1.31 -1.31 -1.31 -1.066 -1.066 -1.066 -1.0658331 0.054 -0.456 -0.456 -0.456 -0.45599158 -0.25599236 -0.144 -0.144 -0.144 0.069987008 0.07 0.07 0.07 0.27999846 0.28 0.28 0.28 0.686 0.686 0.686
0.036 0.036000391 0.74971709 0.75 0.75 0.75 1.0339396 1.034 1.034 1.034 0.55000001 0.55 0.55 0.55 0.12198464 0.12 0.12 0.12 0.12 -0.50999962 -0.51 -0.51 -0.68400007 -0.684 -0.684 -0.684 -0.73803185 -1.31 -0.42803612 -0.428 -0.428 -0.428 -0.428 -0.198 -0.198 -0.198 -0.198 -0.198 0.26 0.26 0.26 0.26 0.26 0.12791257 0.128 0.128 0.128 0.28 0.28 0.28 0.68593604 0.686 0.686
0.036 0.036 0.04147581 0.69000012 0.69000001 0.69033538 1.034 1.034 1.034 1.034 0.55 0.55 0.55 0.55 0.55 0.12 0.12 0.12 -0.50999984 -0.51 -0.51 -0.51 -0.684 -0.684 -0.684 -0.684 -0.684 -0.6841322 -0.42797529 -0.428 -0.428 -0.428 -0.42799007 -0.15038026 -0.19795069 -0.198 -0.198 -0.198 0.26 0.26 0.26 0.26 0.26 0.128 0.128 0.128 0.128 0.19907817 0.28 0.036744605 0.034 0.416 0.416
0.036 0.036 0.68991716 0.69 0.69 0.69 0.77737455 1.034 1.034 1.034 0.55 0.55 0.55 0.55 0.55 0.12032438 0.12 -0.50981529 -0.51 -0.51 -0.51 -0.51 -0.61954057 -0.684 -0.684 -0.684 -0.684 -0.68377349 -0.364 -0.364 -0.364 -0.364 -0.364 -0.114 -0.114 -0.114 -0.114 -0.114 0.282 0.282 0.282 0.282 0.282 0.12822463 0.12800005 0.128 0.12801559 0.12986292 0.034 0.034 0.034 0.41599786 0.416
0.035999764 -0.089504515 0.68999989 0.69 0.69 0.69 0.69 1.0338535 1.034 1.034 0.55 0.55 0.55 0.55 -0.14814109 -0.164 -0.164 -0.5099911 -0.51 -0.51 -0.51 -0.51 -0.51000001 -0.684 -0.684 -0.684 -0.684 -0.67399971 -0.67399986 -0.60802447 -0.364 -0.364 -0.364 -0.114 -0.114 -0.114 -0.114 -0.11415036 0.282 0.282 0.282 0.282 0.28197364 0.22 0.22 0.22 0.22 0.219985 0.034 0.034 0.034 0.034000369 0.63473051
-0.092 -0.092 0.10170175 0.69 0.69 0.69 0.69 0.69 1.0338519 0.46000001 0.46 0.46 0.46021359 -0.16399897 -0.164 -0.164 -0.164 -0.164 -0.50999983 -0.50856399 -0.496 -0.496 -0.496 -0.54227335 -0.65518691 -0.5010135 -0.37112139 -0.674 -0.674 -0.674 -0.674 -0.674 -0.65664034 -0.33384509 -0.336 -0.336 -0.336 -0.336 0.21737831 -0.061999382 -0.062 -0.062 -0.062 -0.027999273 0.21999994 0.22 0.22 -0.186 0.033996476 0.034 0.034 0.638 0.638
-0.092 -0.092 0.24 0.24 0.24 0.6898501 0.69 0.69 0.46 0.46 0.46 0.46 0.46 -0.16399997 -0.164 -0.164 -0.164 -0.164 -0.496 -0.496 -0.496 -0.496 -0.496 -0.32400001 -0.324 -0.324 -0.324 -0.674 -0.674 -0.674 -0.674 -0.674 -0.144 -0.144 -0.336 -0.336 -0.336 -0.022053474 -0.022 -0.062 -0.062 -0.062 -0.061999962 -0.028 -0.028 -0.028 -0.186 -0.186 -0.186 -0.084 -0.084 0.638 0.638
-0.092 -0.092 0.24 0.24 0.24 0.24 0.2400005 0.332 0.45987948 0.46 0.46 0.46 0.46 -0.15621617 -0.164 -0.164 -0.164 -0.164 -0.49599999 -0.496 -0.496 -0.496 -0.496 -0.324 -0.324 -0.324 -0.324 -0.32400143 -0.674 -0.674 -0.674 -0.14402779 -0.144 -0.144 -0.144 -0.336 -0.022000004 -0.022 -0.022 -0.023052475 0.14875212 0.188 0.188 -0.028 -0.028 -0.028 -0.186 -0.186 -0.186 -0.084 -0.084 -0.084 0.39345658
0.11 0.10999841 0.24 0.24 0.24 0.24 0.332 0.332 0.332 0.46 0.46 0.46 0.46 0.45980602 -0.164 -0.164 -0.164 -0.164 -0.49599409 -0.496 -0.496 -0.496 -0.35429729 -0.324 -0.324 -0.324 -0.324 -0.47799987 -0.478 -0.478 -0.67187659 -0.144 -0.144 -0.144 -0.14399982 0.043999997 -0.022 -0.022 -0.022 -0.021999998 0.188 0.188 0.188 -0.124 -0.124 -0.124 -0.46597273 -0.186 -0.186 -0.083999999 -0.084 -0.084 0.36800173
0.11 0.11 0.24 0.24 0.24 0.332 0.332 0.332 0.332 0.44598769 0.46 0.46 0.46 0.45999815 0.08197169 0.082 0.082 0.082 -0.33566711 -0.334 -0.334 -0.334 -0.334 -0.324 -0.324 -0.324 -0.32401016 -0.478 -0.478 -0.478 -0.478 -0.14400435 -0.038255438 0.044 0.044 0.044 -0.022126701 -0.055999292 -0.056 -0.056 0.18781671 -0.045999993 -0.046 -0.124 -0.124 -0.12400145 -0.466 -0.466 0.094 0.094 0.094 0.644 0.988
0.11 0.11 0.448 0.448 0.448 0.332 0.332 0.332 0.332 1.082 1.082 1.082 1.082 1.0115277 0.082 0.082 0.082 0.082 -0.336 -0.334 -0.334 -0.334 -0.334 -0.036 -0.036000114 -0.32399957 -0.478 -0.478 -0.478 -0.478 -0.34940609 -0.224 0.012111676 0.044 0.044 0.044 -0.056 -0.056 -0.056 -0.056 -0.046 -0.046 -0.046 -0.33990729 -0.34 -0.46543364 -0.466 -0.466 0.09399973 0.094 0.644 0.644 0.988
