interpolatedSpi/07-12|20_1.tif
NCOLS 53
NROWS 52
XLLCORNER -116.03883
YLLCORNER 28.596182
DX 0.49850594
DY 0.49788537
NODATA_VALUE -9999
[rows 0 to 27 of 52, columns 0 to 52 of 53]
-0.50333333 -0.50333333 -0.37567236 -0.78833333 -0.47333333 -0.33666667 -0.16 0.053333333 -0.32847992 -0.46 -0.46166667 -0.058333333 -0.13666529 -0.12 -0.22166667 -0.22166667 -0.22166667 -0.091666667 -0.0066666667 -0.0066666667 -0.0066666667 -0.0066696045 -0.31166666 0.16166667 0.16166667 0.16166667 0.29666567 0.29666667 0.29666667 0.13833333 0.13833333 0.13833333 0.13833333 -0.71333316 -0.71333333 -0.71333333 -0.71333333 -0.71333333 -0.71333333 -0.71333328 1.4154042 1.438091 0.48833333 0.48833333 0.48833333 0.48833333 0.48781339 0.17 0.17 0.17 0.70999888 0.71 0.71
-0.5033377 -0.60166667 -0.49166644 -0.4633323 -0.35680717 -0.14333333 -0.105 -0.36154546 -0.63333333 -0.25166667 -0.073333333 -0.13666667 -0.13666667 0.0029220821 -0.11999941 -0.22166667 -0.091666667 -0.091666667 -0.0067774953 -0.0066666667 -0.0066666667 -0.0066666667 0.12692619 0.16166667 0.16166667 0.16166667 -0.33999997 -0.34 0.13833333 0.13833333 0.13833333 0.13833333 0.13833333 -0.71333321 -0.71333333 -0.71333333 -0.71333333 -0.71333333 -0.71333321 -0.51505843 0.40498987 0.47822178 0.48833333 0.48833333 0.48833333 0.48833333 0.48833333 0.17 0.17 0.17 0.21477732 0.71 0.71
-0.47833211 -0.47833333 -0.29166667 0.096666667 -0.17833333 -0.445 -0.15 -0.40666667 -0.2 -0.14166667 -0.046666667 -0.14666667 -0.37833333 -0.09 0.0033333333 0.22666667 -0.091666667 -0.091666667 -0.091666667 -0.20160998 -0.20166667 -0.20166667 -0.49833333 0.16166667 0.16166667 0.16166667 -0.34 -0.34 -0.34 0.13833333 0.13833333 0.13833329 -0.33183407 -0.70999867 -0.69733932 0.9892541 1.005 1.005 0.92953581 0.405 0.405 0.40510656 0.48833333 0.48833333 0.48833333 0.48833333 0.48833333 0.17 0.17 0.17 0.17 0.71 0.71
0.088333333 -0.47833324 -0.026709048 0.105 -0.065 -0.31333333 -0.055 -0.45 -0.085 -0.0064404572 0.02 -0.10333333 -0.30666667 -0.09 -0.18666667 0.22666667 -0.59532913 -0.60130933 -0.64166667 -0.20166667 -0.20166667 -0.61666667 -0.49833333 -0.49833333 0.16166667 0.16166416 -0.34 -0.34 -0.34 -0.63833333 -0.74806888 -0.83833333 -0.83833333 -0.83833188 1.005 1.005 1.005 1.005 0.405 0.405 0.405 0.405 0.48833333 0.48833333 0.48833333 0.48833333 0.48833333 0.17000402 0.17 0.17 0.17 0.70994213 0.71
0.088333333 0.093333113 -0.026666667 0.18222104 -0.065 0.13833333 -0.19329073 -0.15166667 -0.45 0.029999857 -0.14016099 -0.22331734 -0.11166667 -0.18666667 -0.18666667 0.076879711 -0.60166667 -0.60166667 -0.64166667 -0.64166667 -0.20166748 -0.61666667 -0.58666667 -0.41166667 -0.28 -0.27992518 -0.34 -0.34 -0.63833333 -0.63833333 -0.83833333 -0.83833333 -0.83833333 -0.71513225 1.005 1.005 1.005 0.405 0.405 0.405 0.405 0.40497136 0.48833333 0.48833333 0.48833333 0.48833333 0.48833333 0.48549977 0.17 0.16994477 -1.0616667 -1.0616667 -1.0616667
-0.87833333 -0.056666667 0.53833333 0.32833333 0.21 0.22 0.098333333 0.066326174 -0.18333333 -0.35 0.17 -0.44666667 -0.44666645 0.24 0.24 -0.29829672 -0.29833333 -0.35 -0.35 -0.64166617 -0.51333333 -0.51333333 -0.41166667 -0.28 -0.28 0.04 -0.25666667 -0.25666667 -0.34169353 -0.63833333 -0.83833333 -0.83833333 -0.185 -0.18503866 -0.55497347 -0.40833333 -0.40833333 0.15337677 0.405 0.405 0.10870334 0.10833333 0.10833417 -0.69539512 -0.71653349 -0.71666635 -0.71666663 -0.71666621 -0.69856206 -1.0616667 -1.0616667 -1.0616667 -1.0616667
-0.20666909 -0.015 -0.5224094 0.018333333 0.205 -0.145 0.17333334 0.20166667 -0.285 -0.285 0.17 -0.25 0.29499991 0.24 -0.14666551 -0.14666667 -0.29833333 0.065 -0.083333334 -0.083333333 -0.56360159 -0.62 -0.62 0.039999996 0.04 0.04 -0.25666667 -0.25666667 -0.34166356 -0.34160944 -0.31325641 -0.185 -0.185 -0.555 -0.555 -0.55175521 -0.40833333 -0.40833333 -0.51999613 0.10833246 0.10833333 0.10833333 0.10833629 -0.71666621 -0.71666667 -0.71666667 -0.71666667 -0.71666664 -0.66666667 -1.0615884 -1.0616667 -1.0616667 -1.0616667
-0.20666667 -0.6 -0.26166667 -0.61 -0.7716574 -0.50333333 0.25166667 -0.43166666 -0.205 0.043333333 0.043333333 -0.025 0.295 0.295 -0.14363642 -0.1967583 -0.20166667 0.051666667 -0.3466664 -0.083333333 -0.3179844 -0.27666667 -0.555 -0.28166667 -0.28167116 -0.63 -0.35833333 -0.3583333 -0.28852022 -0.28833333 -0.31333333 -0.63961375 -0.56666667 -0.555 -0.55395422 -0.67166667 -0.67166667 -0.52 -0.52 0.10833333 0.10833333 0.10833334 -0.63244675 -0.635 -0.71666667 -0.71666667 -0.71666667 -0.66666857 -0.66666667 -0.66666667 -1.0616667 -1.0616667 -1.0616667
-0.64323893 -0.59999999 -0.078333333 -0.47 -0.30166667 -0.36666667 -0.11166667 -0.16833333 0.083333333 0.12453428 0.31333333 0.11166666 0.11166667 0.025 0.024999467 -0.29806392 -0.29833333 -0.29833333 -0.0091395292 -0.6216667 -0.76333333 -0.76333333 -0.31 -0.45844953 -0.5948972 -0.63 -0.46166667 -0.35833333 -0.53894433 -0.54 -0.66 -0.58 -0.57916053 -0.6 -0.51833333 -0.51833333 -0.52 -0.93833333 -0.62681058 0.10994773 0.47 -0.32666666 -0.63496255 -0.635 -0.63545966 -0.71666667 -0.86333333 -0.66666667 -0.66666667 -0.66666667 -0.66666666 -0.94317708 -0.078333333
-0.885 -0.885 -0.52166667 -0.285 -0.54 -0.37833333 -0.075 -0.11166667 0.025 0.13501358 0.043333333 0.43666667 0.025 0.025 -0.031666667 -0.03532412 -0.29833333 -0.2982697 0.016666667 -0.62166667 -0.62166667 -0.63991809 -0.31 -0.433331 -0.43333333 -0.43333333 -0.46166667 -0.46333333 -0.46333333 -0.54 -0.54 -0.57999684 -0.57833333 -0.6 -0.27 -0.51833333 -0.52 -0.69333333 -0.62666667 -0.14296839 -0.32666663 -0.35544159 -0.405 -0.635 -0.635 -0.86333333 -0.86333333 -0.86333333 -0.66666667 -0.66666667 -0.11 -0.11 -0.10999999
-0.885 -0.885 -0.555 -0.45833333 -0.87666667 -0.23166667 -0.39166666 0.03310137 -0.14333333 -0.255 0.0066666667 -0.28333333 0.43570752 -0.031666667 -0.031666667 -0.031702044 -0.33833333 -0.31970127 0.016666667 -0.61833333 -0.61833333 -0.54833333 -0.54833333 -0.43333333 -0.43333333 -0.43333333 -0.46333333 -0.46333333 -0.46333333 -0.79 -0.79 -0.78999965 -0.73 -0.73 -0.51833333 -0.64666667 -0.53333333 -0.38832983 -0.35166667 -0.135 -0.135 0.14499819 -0.405 -0.635 -0.21166696 -0.49333333 -0.46505604 -0.46333333 -0.23 -0.23 -0.11 -0.11 -0.11
-0.885 -0.74245865 -0.51374889 -0.59333253 -0.31 -0.73833333 -0.39166667 0.033333333 -0.14333186 -0.25376287 -0.2833333 -0.28333333 -0.075 -0.031666667 -0.031666667 -0.33833332 -0.33833333 -0.33831313 0.016666667 -0.61833333 -0.60458676 -0.54833333 -0.54833333 -0.43333782 -0.43333333 -0.57906567 -0.87666667 -0.87666667 -0.87666661 -0.79 -0.79 -0.68 -0.68 -0.72999942 -0.51833333 -0.53166688 -0.44406968 -0.38833333 -0.38833333 -0.13499999 0.145 0.145 0.14499733 -0.21166667 -0.21166667 -0.49333333 -0.46333333 -0.46333333 -0.23 -0.23 -0.11 -0.11 -0.11
-0.28833333 -0.27440147 -0.25167452 -0.25413939 -0.31000232 -0.73832322 -0.39166668 0.028101825 -0.13115919 -0.14624925 -0.075 -0.075 -0.075 -0.075 -0.031672805 -0.33833333 -0.33833333 -0.33374972 0.016666667 -0.61826423 -0.39333333 -0.39333333 -0.39333333 -0.39333333 -0.43303188 -0.87666667 -0.87666667 -0.87666667 -0.87666667 -0.87656863 -0.68 -0.68 -0.68 -0.68 -0.53166667 -0.53166667 -0.53166667 -0.39476414 -0.38641815 -0.13333333 -0.13333333 0.14498503 0.079990016 -0.21163857 -0.21166667 -0.49333333 -0.46333333 -0.46333333 -0.23 -0.23 -0.11043535 -0.11 0.32732915
-0.28833333 -0.25166667 -0.25166667 -0.25166667 -0.25166667 -0.25166687 -0.39255399 -0.19059541 -0.098679746 -0.075076436 -0.075 -0.075 -0.075 -0.075 -0.075000307 -0.33833333 -0.33833328 -0.31398276 0.016660391 -0.39333333 -0.39333333 -0.39333333 -0.39333333 -0.39333333 -0.39247057 -0.72592572 -0.70500004 -0.705 -0.705 -0.705 -0.68 -0.68 -0.6799999 -0.59666667 -0.59666667 -0.53166667 -0.23028723 -0.22166667 -0.13333338 -0.13333333 -0.13333333 -0.13333333 0.08 0.08 0.08 0.076010122 0.10957511 0.11333333 0.11333333 0.11333333 0.11333333 0.5233332 0.52333333
-0.32666667 -0.25166667 -0.25166667 -0.25166667 -0.25166667 -0.25166667 -0.25166668 -0.40346034 -0.49618352 -0.49833333 -0.49833333 -0.49833333 -0.49833333 -0.49833333 -0.49833333 -0.31869507 -0.33793147 -0.28972198 -0.3932819 -0.39333333 -0.39333333 -0.39333333 -0.39333333 -0.39333338 -0.35333333 -0.35333333 -0.35333383 -0.705 -0.705 -0.70435588 -0.38333333 -0.38333333 -0.59666667 -0.59666667 -0.59666667 -0.28173751 -0.22166667 -0.22166667 -0.22166667 -0.13333333 -0.13333333 -0.13333333 0.08 0.08 0.08 0.08 0.11333333 0.11333333 0.11333333 0.11333333 0.11333333 0.52333333 0.52333333
-0.32666667 -0.29874502 -0.25166667 -0.25166667 -0.25166667 -0.25166667 -0.68158227 -0.68166667 -0.68166666 -0.49833333 -0.49833333 -0.49833333 -0.49833333 -0.49833333 -0.45788872 -0.315 -0.315 -0.315 -0.43154976 -0.43166663 -0.43166667 -0.43166667 -0.43166667 -0.43166667 -0.35333333 -0.35333333 -0.35333333 -0.35333333 -0.705 -0.38333333 -0.38333333 -0.38333333 -0.59666665 -0.59666667 -0.59666667 -0.048333333 -0.22143717 -0.22166667 -0.22166667 -0.13329343 -0.053554479 0.13253633 0.08 0.08 0.086646093 0.086666667 0.086666667 0.11300218 -0.0876286 -0.088333316 -0.088333295 -0.098239234 0.52333207
-0.32666667 -0.42235903 -0.33938131 -0.25166667 -0.25166667 -0.6814126 -0.68166667 -0.68166667 -0.68166667 -0.68034551 -0.49833333 -0.49833333 -0.49833333 -0.49833331 -0.315 -0.315 -0.315 -0.315 -0.43156245 -0.43166667 -0.43166667 -0.43166667 -0.43166667 -0.43166667 -0.35333334 -0.35333333 -0.35333333 -0.35333333 -0.35344245 -0.38333333 -0.38333333 -0.38333333 -0.18333334 -0.59660091 -0.048333333 -0.048333333 -0.048333333 -0.049738629 0.11084999 0.13333333 0.13333333 0.13333333 0.0033333333 0.0033333333 0.086666667 0.086666667 0.086666667 -0.088333331 -0.088333333 -0.088333333 -0.088333333 -0.098333333 -0.098333333
-0.42493023 -0.425 -0.425 -0.425 -0.57166667 -0.68166383 -0.68166667 -0.68166667 -0.68166667 -0.68166667 -0.49227675 -0.49833229 -0.49833333 -0.315 -0.315 -0.315 -0.315 -0.315 -0.34929222 -0.43166667 -0.43166667 -0.43166667 -0.43166667 -0.43166667 -0.36988216 -0.33000013 -0.33 -0.33 -0.33 -0.38333332 -0.18333334 -0.18333333 -0.18333333 -0.18333333 -0.048333333 -0.048336669 -0.175 -0.175 0.12948333 0.13333333 0.13333333 0.13333333 0.0033333333 0.0033333333 0.073763797 0.086666667 0.086666667 -0.088333333 -0.088333333 -0.088333333 -0.088440559 -0.098333333 -0.098333333
-0.425 -0.425 -0.425 -0.49406752 -0.57166667 -0.57166667 -0.68166667 -0.68166667 -0.68166667 -0.68166667 -0.41833333 -0.41833333 -0.41833333 -0.315 -0.315 -0.315 -0.315 -0.31507767 -0.71333333 -0.71333333 -0.43166678 -0.43166667 -0.43669813 -0.63833333 -0.63555754 -0.33 -0.33 -0.33 -0.33 -0.18334827 -0.18333333 -0.18333333 -0.18333333 -0.18333333 -0.17499955 -0.175 -0.175 -0.175 -0.17391163 0.13333333 0.13333333 0.13333333 0.0033333333 0.0033333333 0.0033333333 0.086666667 0.086666667 -0.088333334 -0.088333333 -0.088333334 -0.098333333 -0.098333333 -0.098333333
-0.425 -0.425 -0.425 -0.57166667 -0.57166667 -0.57166667 -0.57166683 -0.68166667 -0.68166667 -0.41860517 -0.41833333 -0.41833333 -0.41833333 -0.41826896 -0.69542853 -0.785 -0.785 -0.785 -0.71333333 -0.71333333 -0.71333333 -0.63833333 -0.63833333 -0.63833333 -0.63827824 -0.38857188 -0.33 -0.33 -0.33 -0.14200478 -0.12833874 -0.12833333 -0.12833333 -0.12833333 -0.14656454 -0.10666682 -0.10666667 -0.10666667 -0.10666667 -0.20662014 -0.20666667 -0.20666667 0.0033333333 0.0033333333 -0.064999715 -0.065000092 -0.325 -0.325 -0.27666667 -0.27666667 -0.27666667 -0.098333333 0.06485396
-0.42500011 -0.425 -0.42500001 -0.57166667 -0.57166667 -0.57166667 -0.57166667 -0.73833332 -0.68189324 -0.41851469 -0.41833333 -0.41833333 -0.41833333 -0.41905283 -0.785 -0.785 -0.785 -0.78499998 -0.71333333 -0.71333333 -0.71333333 -0.63833333 -0.63833333 -0.63833333 -0.44166667 -0.44166667 -0.41333333 -0.41333333 -0.41333333 -0.41177857 -0.12833333 -0.12833333 -0.12833333 -0.12833333 -0.117506 -0.10666667 -0.10666667 -0.10666667 -0.10666667 -0.20666667 -0.20666667 -0.20666667 -0.20220929 -0.065 -0.065 -0.065 -0.325 -0.325 -0.27666667 -0.27666667 -0.27666667 0.064999988 0.065
-0.46 -0.44637817 -0.44333333 -0.44337057 -0.57166667 -0.73736901 -0.73833333 -0.73833333 -0.73711874 -0.61833334 -0.61833333 -0.61833333 -0.61833333 -0.86999181 -0.87 -0.78500007 -0.785 -0.78311169 -0.71333333 -0.71333333 -0.71333333 -0.67666667 -0.67666667 -0.67666667 -0.44166667 -0.44166667 -0.41333333 -0.41333333 -0.41333333 -0.41333307 -0.055000466 -0.055000206 -0.12649021 -0.12825471 -0.39968773 -0.4 -0.4 -0.4 -0.4 -0.20666667 -0.20666667 -0.20666667 -0.072800868 -0.065 -0.065 -0.065000059 -0.325 -0.325 -0.32499826 -0.27666667 -0.2766461 0.18333333 0.065
-0.62830137 -0.6283333 -0.44333333 -0.44333333 -0.44333333 -0.73833333 -0.73833333 -0.73833333 -0.735 -0.735 -0.61833333 -0.61833333 -0.61833333 -0.87 -0.87 -0.87 -0.87 -0.86998229 -0.71333333 -0.71333333 -0.71333333 -0.67666667 -0.67666667 -0.67666667 -0.44166667 -0.44166667 -0.41333333 -0.41333333 -0.41333333 -0.059040235 -0.055 -0.055 -0.055 -0.055 -0.39982976 -0.4 -0.4 -0.4 -0.4 -0.59333323 -0.59333333 -0.59333333 -0.59333333 -0.065002532 -0.395 -0.395 -0.395 -0.255 -0.255 -0.255 0.18333333 0.18333333 0.18333333
-0.62833333 -0.62833333 -0.44333333 -0.44333333 -0.44333333 -0.73678276 -0.73833333 -0.735 -0.735 -0.735 -0.6183477 -0.61833333 -0.96424947 -0.87000004 -0.87 -0.87 -0.87 -1.0716667 -1.0716667 -1.0716667 -0.87166666 -0.87166652 -0.67666762 -0.67666667 -0.67668764 -0.82333333 -0.82333333 -0.82333236 -0.41339959 -0.21663445 -0.21666581 -0.21663844 -0.055276305 -0.055139517 -0.33865927 -0.39999995 -0.39952524 -0.25833333 -0.25833333 -0.59333333 -0.59333333 -0.59333333 -0.59333333 -0.395 -0.395 -0.395 -0.395 -0.255 -0.255 -0.255 0.18333333 0.18333333 0.18333333
-0.62833333 -0.62833333 -0.44333333 -0.44333333 -0.44333333 -0.44333333 -0.73708576 -0.735 -0.735 -0.735 -0.7351694 -1.0416667 -1.0416667 -1.0416667 -0.87101167 -0.87 -1.0703228 -1.0716667 -1.0716667 -1.0716667 -0.87166667 -0.87166667 -0.87166667 -0.87166667 -0.82333333 -0.82333333 -0.82333333 -0.82333333 -0.82333333 -0.21666667 -0.21666667 -0.21666667 -0.21666667 -0.21666695 -0.35 -0.25833333 -0.25833333 -0.25833333 -0.25833333 -0.25833396 -0.40333333 -0.40333333 -0.40333333 -0.38923228 -0.36 -0.36 -0.36 -0.255 -0.25499968 0.08 0.08 -0.064939586 -0.065
-0.62833333 -0.62833333 -0.51010534 -0.44333333 -0.44333333 -0.44333335 -1.2790329 -0.73671754 -0.735 -0.735 -1.0416667 -1.0416667 -1.0416667 -1.0416667 -1.0416667 -1.0276002 -1.0716667 -1.0716667 -1.0716667 -1.0716667 -0.87166821 -0.87166667 -0.87166667 -0.87166667 -0.82333333 -0.82333333 -0.82333333 -0.82333333 -0.82333333 -0.45559591 -0.21666667 -0.21666667 -0.21666667 -0.35 -0.35 -0.34992882 -0.25833333 -0.25833333 -0.21800087 -0.18666667 -0.40333333 -0.40333333 -0.40333333 -0.38847433 -0.36 -0.36 -0.36 -0.16333333 0.07696809 0.08 0.08 -0.065 -0.065
-1.0383333 -1.0383333 -1.0383333 -0.59251619 -0.44447395 -1.28 -1.28 -1.28 -1.28 -1.1916667 -1.1916667 -1.0416667 -1.0416667 -1.0416667 -1.0416667 -1.0416686 -1.0716667 -1.0716667 -1.0716667 -1.0716667 -0.95894018 -0.87166667 -0.87166667 -0.86791557 -0.73256358 -0.82333333 -0.82333333 -0.82333333 -0.54 -0.54 -0.54 -0.53999864 -0.35 -0.35 -0.35 -0.35 -0.18666667 -0.18666667 -0.18666667 -0.18666667 -0.39166667 -0.39166667 -0.39166667 -0.095005965 -0.095 -0.095 -0.095000084 -0.16333333 -0.16333333 0.079703512 0.08 -0.065001429 -0.065
-1.0383333 -1.0383333 -1.0383333 -1.038343 -1.2183333 -1.2273007 -1.28 -1.28 -1.28 -1.1916667 -1.1916667 -1.1916667 -1.1483333 -1.1483333 -1.1483333 -1.1483333 -1.0713034 -1.0716667 -1.0716667 -1.0716667 -1.0686261 -0.72833373 -0.72833333 -0.72833333 -0.72833333 -0.72833333 -0.47166667 -0.47166667 -0.54 -0.54 -0.54 -0.54 -0.35000011 -0.35 -0.35 -0.35001235 -0.18666667 -0.18666667 -0.18666667 -0.18692988 -0.39166667 -0.39166667 -0.39166667 -0.095013757 -0.095 -0.095 -0.095 -0.16333333 -0.16333333 -0.16333336 -0.34833333 -0.34833333 -0.31833333
