interpolatedSpi/07-12|21_3.tif
NCOLS 53
NROWS 52
XLLCORNER -116.03883
YLLCORNER 28.596182
DX 0.49850594
DY 0.49788537
NODATA_VALUE -9999
[rows 0 to 29 of 52, columns 0 to 52 of 53]
-0.905 -0.905 -0.9445584 -0.91166667 -0.85333333 -1.215 -1.0916667 -1.2 -1.2918912 -1.4 -1.49 -0.9 -1.2682926 -0.77333333 -0.62666667 -0.62666667 -0.62666667 -0.42333333 -0.89833333 -0.89833333 -0.89833333 -0.89832434 0.034999984 -1.5316667 -1.5316667 -1.5316667 -1.3649915 -1.365 -1.365 -0.63666667 -0.63666667 -0.63666667 -0.63666667 -1.2633332 -1.2633333 -1.2633333 -1.2633333 -1.2633333 -1.2633333 -1.2633333 -1.276524 -1.2763553 -0.053333333 -0.053333333 -0.053333333 -0.053333333 -0.053382334 -0.083333333 -0.083333333 -0.083333333 -0.10999994 -0.11 -0.11
-0.90502733 -1.52 -0.90333277 -0.88515657 -1.186708 -0.65333333 -1.0283333 -1.311378 -1.7733333 -1.4633333 -1.18 -1.2683333 -1.2683333 -1.3414327 -0.77333892 -0.62666667 -0.42333333 -0.42333333 -0.897714 -0.89833333 -0.89833333 -0.89833333 -1.5076291 -1.5316667 -1.5316667 -1.5316667 -1.4183333 -1.4183333 -0.63666667 -0.63666667 -0.63666667 -0.63666667 -0.63666667 -1.2633332 -1.2633333 -1.2633333 -1.2633333 -1.2633333 -1.2633333 -1.1466694 -0.53838556 -0.11218455 -0.053333333 -0.053333333 -0.053333333 -0.053333333 -0.053333333 -0.083333333 -0.083333333 -0.083333333 -0.085544559 -0.11 -0.11
-1.2216572 -1.2216667 -0.41666667 -0.64333333 -0.70833333 -1.1616667 -0.67166667 -1.3283333 -1.7133333 -1.5083333 -1.3183333 -1.6066667 -1.1916667 -0.735 -1.3433333 -1.6666667 -0.42333333 -0.42333333 -0.42333333 -0.83168605 -0.83166667 -0.83166667 -1.075 -1.5316667 -1.5316667 -1.5316667 -1.4183333 -1.4183333 -1.4183333 -0.63666667 -0.63666667 -0.63666666 -0.55322399 -1.2618907 -1.2597963 -0.88681545 -0.88333333 -0.88333333 -0.83994143 -0.53833334 -0.53833333 -0.53771314 -0.053333333 -0.053333333 -0.053333333 -0.053333333 -0.053333333 -0.083333333 -0.083333333 -0.083333333 -0.083333333 -0.11 -0.11
-0.33666667 -1.2216666 -0.72660641 -0.13 -0.67166667 -0.76833333 -0.775 -1.2283333 -0.92333333 -1.1093944 -1.2533333 -1.6616667 -1.63 -0.735 -1.115 -1.6666667 -1.6699745 -1.6691265 -1.645 -0.83166667 -0.83166667 -1.125 -1.075 -1.075 -1.5316667 -1.5316661 -1.4183333 -1.4183333 -1.4183333 -0.81 -0.61979172 -0.46333333 -0.46333333 -0.46333366 -0.88333333 -0.88333333 -0.88333333 -0.88333333 -0.53833333 -0.53833333 -0.53833333 -0.53833332 -0.053333333 -0.053333333 -0.053333333 -0.053333333 -0.053333333 -0.083332955 -0.083333333 -0.083333333 -0.083333333 -0.11003637 -0.11
-0.33666667 -0.31666742 -0.72666667 -0.86485719 -0.67166667 -0.76666667 -1.2799764 -1.4333333 -1.61 -0.88000024 -1.0639767 -1.1516877 -1.2983333 -1.115 -1.115 -1.4841715 -1.67 -1.67 -1.645 -1.645 -0.83166719 -1.125 -0.935 -0.78833333 -0.74166667 -0.74153782 -1.4183333 -1.4183333 -0.81 -0.81 -0.46333333 -0.46333333 -0.46333333 -0.4608189 -0.88333333 -0.88333333 -0.88333333 -0.53833333 -0.53833333 -0.53833333 -0.53833333 -0.53833687 -0.053333341 -0.053333333 -0.053333333 -0.053333333 -0.053333333 -0.053600371 -0.083333333 -0.083384451 -1.2233333 -1.2233333 -1.2233333
-1.44 -0.815 -0.36000001 -0.71333333 -0.58833333 -0.68833333 -1.0333333 -1.0845448 -0.72 -0.59166667 -0.65166667 -0.20166667 -0.20166739 -1.5966667 -1.5966667 -1.9214128 -1.9216667 -1.615 -1.615 -1.6449992 -0.52666667 -0.52666667 -0.78833333 -0.74166667 -0.74166667 -0.19 -0.26166667 -0.26166667 -0.49002889 -0.81 -0.46333333 -0.46333333 -0.45 -0.44994149 0.10995975 -0.37333333 -0.37333333 -0.48728682 -0.53833333 -0.53833333 -0.57495427 -0.575 -0.5749981 -0.96855353 -0.98489703 -0.98499975 -0.98499997 -0.98499964 -0.36553429 -1.2233333 -1.2233333 -1.2233333 -1.2233333
0.26164611 -0.45666667 -0.76887408 -0.16 -0.385 -1.0433333 -0.56166666 -0.76 -0.99833333 -0.99833333 -0.65166667 -1.145 -1.5933333 -1.5966667 -0.87000218 -0.87 -1.9216667 -0.96 -0.75833333 -0.75833333 -0.57772036 -0.635 -0.635 -0.14333334 -0.19 -0.19 -0.26166667 -0.26166667 -0.48999291 -0.48986946 0.12181492 -0.45 -0.45 0.11 0.11 -0.36879467 -0.37333333 -0.37333333 -0.51332848 -0.57499991 -0.575 -0.575 -0.57498793 -0.98499272 -0.985 -0.985 -0.985 -0.98499955 -0.22833333 -1.2231362 -1.2233333 -1.2233333 -1.2233333
0.26166667 -0.063333333 -0.23166667 -0.87 -0.62001433 -0.72166667 -0.41833333 -1.2466667 -1.1366667 -1.0116667 -1.0116667 -1.3 -1.5933333 -1.5933333 -0.87496274 -1.2995737 -1.3416667 -0.69333333 -0.80999995 -0.75833333 -0.13470189 -0.14333333 0.35166667 0.195 0.19500067 0.24666667 -0.60166667 -0.60166655 -0.36875967 -0.36833332 0.12333333 -0.36388797 -0.515 0.11 0.097973561 -0.365 -0.365 -0.51333333 -0.51333333 -0.575 -0.575 -0.57499998 0.31803705 0.31999993 -0.985 -0.985 -0.985 -0.22836214 -0.22833333 -0.22833333 -1.2233333 -1.2233333 -1.2233333
0.001145771 -0.063333323 0.66666667 -0.42 -0.095 -0.34166667 -0.55833333 -0.56833333 -0.88666667 -0.80825197 -1.06 -1.1716667 -1.1716667 -1.0916667 -1.0916612 -0.76660722 -0.765 -0.765 -0.71114268 -0.11999998 -0.041666667 -0.041666668 0.21833333 0.29912219 0.24146003 0.24666667 -0.71 -0.60166667 -0.18410729 -0.18166667 -0.32166667 -0.0066666667 0.12595973 -0.29666667 -0.31166667 -0.355 -0.45666667 -0.73833333 -0.55508466 -0.57148106 0.21333333 0.12333333 0.31996852 0.32 0.31265475 -0.985 -1.11 -0.22833334 -0.22833333 -0.22833333 -0.22833334 -1.2125427 -0.35833333
0.36166667 0.36166667 1.0316667 0.83333333 -0.033333333 -0.405 -0.72666667 -0.20833333 -0.33666667 -0.7883391 -1.075 -0.52166667 -1.0916667 -1.0916667 -0.51 -0.51349744 -0.765 -0.76488782 -0.29666667 -0.12 -0.12 -0.10990804 0.21833333 -0.20832525 -0.20833333 -0.20833333 -0.71 -0.115 -0.115 -0.18166667 -0.18166667 -0.0061672248 0.25666667 -0.29666667 0.13 -0.355 -0.45666667 -0.28333333 -0.555 -0.64190171 0.12333334 0.1245578 0.12666667 0.32 0.32 -1.11 -1.11 -1.11 -0.22833333 -0.22833333 -1.1366667 -1.1366667 -1.1366664
0.36166667 0.36166667 0.28166667 -0.075 -0.95166667 -0.03 -0.61333334 -1.1331568 -1.03 -0.88833333 -1.1483333 -1.35 -0.52277027 -0.51 -0.51 -0.50994713 -0.051666667 -0.064525416 -0.29666667 -0.76666667 -0.76666667 -0.25666667 -0.25666667 -0.20833333 -0.20833333 -0.20833333 -0.115 -0.115 -0.115 0.39 0.39 0.38999978 0.075 0.075 -0.125 -0.0033333333 0.35333333 -0.31498916 -0.64833333 -0.64333333 -0.64333333 -0.37333169 0.12666667 0.32 -0.090000334 -0.64333333 -0.72831759 -0.72666667 -0.47166667 -0.47166667 -1.1366667 -1.1366667 -1.1366667
0.36166667 0.3270089 0.12946428 -0.4283224 -0.33333333 -0.72333333 -0.61333333 -1.1333333 -1.0300009 -0.88990283 -1.3499994 -1.35 -0.8 -0.51 -0.51 -0.051666682 -0.051666667 -0.05168061 -0.29666667 -0.76666667 -0.66651304 -0.25666667 -0.25666667 -0.20833585 -0.20833333 -0.21490772 -0.22833333 -0.22833333 -0.22833332 0.39 0.39 0.275 0.275 0.074999452 -0.125 0.074999967 0.45034721 -0.315 -0.315 -0.64333332 -0.37333333 -0.37333333 -0.37333121 -0.09 -0.09 -0.64333333 -0.72666667 -0.72666667 -0.47166667 -0.47166667 -1.1366667 -1.1366667 -1.1366667
-0.40833333 -0.20506934 -0.24166016 -0.24301711 -0.33333548 -0.72332412 -0.61333334 -1.1269324 -1.0371207 -1.0263007 -0.8 -0.8 -0.8 -0.8 -0.51004108 -0.051666667 -0.051666667 -0.054830007 -0.29666667 -0.7666902 -0.85833333 -0.85833333 -0.85833333 -0.85833333 -0.21934368 -0.22833333 -0.22833333 -0.22833333 -0.22833333 -0.2279496 0.275 0.275 0.275 0.275 0.075 0.075 0.075 -0.29470995 -0.31570098 -0.40833333 -0.40833333 -0.37333522 -0.6266483 -0.090051691 -0.09 -0.64333333 -0.72666667 -0.72666667 -0.47166667 -0.47166667 -1.1342541 -1.1366667 -0.56280559
-0.40833333 -0.24166667 -0.24166667 -0.24166667 -0.24166667 -0.24166687 -0.61361482 -0.85936458 -1.0561181 -0.80024423 -0.8 -0.8 -0.8 -0.8 -0.80000027 -0.051666674 -0.051666705 -0.068471995 -0.29666508 -0.85833333 -0.85833333 -0.85833333 -0.85833333 -0.85833333 -0.84193813 -0.16715846 -0.14500002 -0.145 -0.145 -0.145 0.275 0.275 0.27499995 0.23166667 0.23166667 0.075 0.1414331 0.14333333 -0.40833301 -0.40833333 -0.40833333 -0.40833333 -0.62666667 -0.62666667 -0.62666667 -0.62678265 -1.0164183 -1.0183333 -1.0183333 -1.0183333 -1.0183333 -0.40666682 -0.40666667
-0.69333333 -0.24166667 -0.24166667 -0.24166667 -0.24166667 -0.24166667 -0.24166669 -0.70132702 -1.175851 -1.1766667 -1.1766667 -1.1766667 -1.1766667 -1.1766667 -1.1766667 -0.78300244 -0.063167403 -0.085215557 -0.85826263 -0.85833333 -0.85833333 -0.85833333 -0.85833333 -0.85833283 -0.1 -0.1 -0.10000006 -0.145 -0.145 -0.14405885 0.325 0.325 0.23166667 0.23166667 0.23166667 0.15748353 0.14333333 0.14333333 0.14333333 -0.40833333 -0.40833333 -0.40833333 -0.62666667 -0.62666667 -0.62666667 -0.62666667 -1.0183333 -1.0183333 -1.0183333 -1.0183333 -1.0183333 -0.40666667 -0.40666667
-0.69333333 -0.52518296 -0.24166667 -0.24166667 -0.24166667 -0.24166667 -0.61659307 -0.61666667 -0.61666668 -1.1766667 -1.1766667 -1.1766667 -1.1766667 -1.1766667 -1.0880562 -0.775 -0.775 -0.775 -0.42798159 -0.42666711 -0.42666667 -0.42666667 -0.42666667 -0.42666667 -0.1 -0.1 -0.1 -0.1 -0.145 0.325 0.325 0.325 0.23166668 0.23166667 0.23166667 0.49833333 0.14380336 0.14333333 0.14333333 -0.40822352 -0.1894401 0.32114654 -0.62666667 -0.62666667 -0.86260297 -0.86333333 -0.86333333 -1.017717 -0.64464379 -0.64333337 -0.6433334 -0.16670311 -0.40666618
-0.69333333 -0.45166949 -0.34456269 -0.24166667 -0.24166667 -0.6164451 -0.61666667 -0.61666667 -0.61666667 -0.62070219 -1.1766667 -1.1766667 -1.1766667 -1.1766666 -0.775 -0.775 -0.775 -0.775 -0.42697783 -0.42666667 -0.42666667 -0.42666667 -0.42666667 -0.42666667 -0.10000001 -0.1 -0.1 -0.1 -0.098454128 0.325 0.325 0.325 0.41333333 0.23169818 0.49833333 0.49833333 0.49833333 0.5023192 0.31195547 0.32333333 0.32333333 0.32333333 -0.38666667 -0.38666667 -0.86333333 -0.86333333 -0.86333333 -0.64333334 -0.64333333 -0.64333333 -0.64333333 -0.16666667 -0.16666667
-0.44510879 -0.445 -0.445 -0.445 -0.23666667 -0.61665686 -0.61666667 -0.61666667 -0.61666667 -0.61666667 -1.1258158 -1.1766579 -1.1766666 -0.775 -0.775 -0.775 -0.775 -0.775 -0.73075304 -0.42666667 -0.42666667 -0.42666667 -0.42666667 -0.42666667 -0.13481882 0.086665655 0.086666667 0.086666667 0.086666667 0.325 0.41333333 0.41333333 0.41333333 0.41333333 0.49833333 0.49834295 0.86333333 0.86333333 0.33007604 0.32333333 0.32333333 0.32333333 -0.38666667 -0.38666667 -0.78952892 -0.86333333 -0.86333333 -0.64333333 -0.64333333 -0.64333333 -0.63822223 -0.16666667 -0.16666667
-0.445 -0.445 -0.445 -0.34689273 -0.23666667 -0.23666667 -0.61666667 -0.61666667 -0.61666667 -0.61666667 -0.505 -0.505 -0.505 -0.775 -0.775 -0.775 -0.775 -0.77492977 -0.50666667 -0.50666667 -0.4266667 -0.42666667 -0.42086425 -0.18833333 -0.18585763 0.086666667 0.086666667 0.086666667 0.086666667 0.41330007 0.41333333 0.41333333 0.41333333 0.41333333 0.86333205 0.86333333 0.86333333 0.86333333 0.86141024 0.32333333 0.32333333 0.32333333 -0.38666667 -0.38666667 -0.38666667 -0.86333333 -0.86333333 -0.64333333 -0.64333333 -0.64333333 -0.16666667 -0.16666667 -0.16666667
-0.445 -0.445 -0.445 -0.23666667 -0.23666667 -0.23666667 -0.23666725 -0.61666667 -0.61666667 -0.50511527 -0.505 -0.505 -0.505 -0.50516822 -0.43099548 -0.35 -0.35 -0.35 -0.50666667 -0.50666667 -0.50666667 -0.18833333 -0.18833333 -0.18833333 -0.18827684 0.048201551 0.086666667 0.086666667 0.086666667 0.32176097 0.31001016 0.31 0.31 0.31 0.6902844 0.44833428 0.44833333 0.44833333 0.44833333 0.13169289 0.13166667 0.13166667 -0.38666667 -0.38666667 -0.31000032 -0.30999994 -0.14666667 -0.14666667 0.035 0.035 0.035 -0.16666667 0.24796227
-0.44499735 -0.445 -0.44499999 -0.23666667 -0.23666667 -0.23666667 -0.23666666 0.26166641 -0.61315475 -0.50452999 -0.505 -0.505 -0.505 -0.50469585 -0.35 -0.35 -0.35 -0.35000005 -0.50666667 -0.50666667 -0.50666667 -0.18833333 -0.18833333 -0.18833333 0.013333333 0.013333333 0.081666666 0.081666667 0.081666667 0.082912297 0.31 0.31 0.31 0.31 0.37912857 0.44833333 0.44833333 0.44833333 0.44833333 0.13166667 0.13166667 0.13166667 0.11777014 -0.31 -0.31 -0.31 -0.14666667 -0.14666667 0.035 0.035 0.035 0.24833333 0.24833333
0.40833333 0.018175818 0.21 0.20987041 -0.23666667 0.25878333 0.26166667 0.26166667 0.28838777 0.013333341 0.013333333 0.013333333 0.013333333 0.35998871 0.36 -0.34999945 -0.35 -0.35412794 -0.50666667 -0.50666667 -0.50666667 0.66166667 0.66166667 0.66166667 0.013333333 0.013333333 0.081666667 0.081666667 0.081666667 0.081666714 0.1466677 0.14666713 0.30589486 0.3098249 -0.26433963 -0.265 -0.265 -0.265 -0.265 0.13166667 0.13166667 0.13166667 -0.28568041 -0.31 -0.31 -0.30999993 -0.14666667 -0.14666667 -0.14666013 0.035 0.034985542 -0.28833333 0.24833333
0.30335327 0.30333332 0.21 0.21 0.21 0.26166667 0.26166667 0.26166667 0.335 0.335 0.013333333 0.013333333 0.013333333 0.36 0.36 0.36 0.36 0.35990112 -0.50666667 -0.50666667 -0.50666662 0.66166667 0.66166667 0.66166667 0.013333333 0.013333333 0.081666667 0.081666667 0.081666667 0.14593379 0.14666667 0.14666667 0.14666667 0.14666667 -0.26479687 -0.265 -0.265 -0.265 -0.265 0.19499998 0.195 0.195 0.195 -0.30999712 0.065 0.065 0.065 0.073333333 0.073333333 0.073333333 -0.28833333 -0.28833333 -0.28833333
0.30333333 0.30333333 0.21 0.21 0.21 0.2613951 0.26166667 0.335 0.335 0.335 0.013372931 0.013333333 0.3360976 0.36000001 0.36 0.36 0.36 0.34166667 0.34166667 0.34166667 -0.27166665 -0.27166597 0.66166212 0.66166667 0.66083546 -0.43333333 -0.43333333 -0.43333211 0.081583439 -0.10994885 -0.10999863 -0.10995519 0.146228 0.14644517 -0.19184772 -0.26499995 -0.26460344 -0.14666667 -0.14666667 0.195 0.195 0.195 0.195 0.065 0.065 0.065 0.065 0.073333333 0.073333333 0.073333333 -0.28833333 -0.28833333 -0.28833333
0.30333333 0.30333333 0.21 0.21 0.21 0.21 0.28911319 0.335 0.335 0.335 0.33504051 0.40833333 0.40833333 0.40833333 0.36028484 0.36 0.34178884 0.34166667 0.34166667 0.34166667 -0.27166667 -0.27166667 -0.27166667 -0.27166667 -0.43333333 -0.43333333 -0.43333333 -0.43333333 -0.43333333 -0.11 -0.11 -0.11 -0.11 -0.11000056 -0.375 -0.14666667 -0.14666667 -0.14666667 -0.14666667 -0.14666592 0.035 0.035 0.035 -0.028454315 -0.16 -0.16 -0.16 0.073333327 0.073332869 -0.405 -0.405 -0.37331265 -0.37333333
0.30333333 0.30333333 0.24368678 0.21 0.21 0.21000001 0.55960073 0.33570908 0.335 0.335 0.40833341 0.40833333 0.40833333 0.40833333 0.40833333 0.40436169 0.34166667 0.34166667 0.34166667 0.34166667 -0.27166192 -0.27166667 -0.27166667 -0.27166667 -0.43333333 -0.43333333 -0.43333333 -0.43333333 -0.43333333 -0.49425734 -0.11 -0.11 -0.11 -0.375 -0.375 -0.37482269 -0.14666667 -0.14666667 -0.064125818 -1.2467855e-08 0.035 0.035 0.035 -0.025419189 -0.16 -0.16 -0.16 0.19 -0.39758636 -0.405 -0.405 -0.37333333 -0.37333333
0.20666667 0.20666667 0.20666667 0.20916424 0.2105941 0.56 0.56 0.56 0.56 0.77333333 0.77333333 0.40833336 0.40833333 0.40833333 0.40833333 0.40832912 0.34166667 0.34166667 0.34166667 0.34166667 -0.0040278958 -0.27166667 -0.27166667 -0.292603 -1.0432424 -0.43333333 -0.43333333 -0.43333333 -0.63 -0.63 -0.63 -0.62999782 -0.375 -0.375 -0.375 -0.375 -4.7403542e-11 9.2518585e-18 9.2518585e-18 9.2518586e-18 0.15666667 0.15666667 0.15666667 0.4699937 0.47 0.47 0.4699998 0.19 0.19 -0.40427503 -0.405 -0.37332921 -0.37333333
0.20666667 0.20666667 0.20666667 0.20668866 0.615 0.6070021 0.56 0.56 0.56 0.77333333 0.77333333 0.77333333 0.61499999 0.615 0.615 0.61499999 0.34144074 0.34166667 0.34166667 0.34166667 0.33232268 -1.0716645 -1.0716667 -1.0716667 -1.0716667 -1.0716667 -1.32 -1.32 -0.63 -0.63 -0.63 -0.63 -0.37499972 -0.375 -0.375 -0.37496796 -1.2215397e-08 -2.0912579e-15 -7.9092803e-15 -0.0018205344 0.15666667 0.15666667 0.15666667 0.46998547 0.47 0.47 0.47 0.19 0.19 0.19000003 0.445 0.445 0.705
0.20666667 0.20666667 0.20666667 0.61499906 0.615 0.615 0.56000002 0.56 0.56 0.77333333 0.77333333 0.77333333 0.615 0.615 0.615 0.58479005 0.21833333 0.21833333 0.21833365 0.34097004 -1.0716667 -1.0716667 -1.0716667 -1.0716667 -1.0716667 -1.0718536 -1.32 -1.32 -1.32 -0.63 -0.63 -0.63028106 0.018333333 0.018333333 0.018333333 -0.575 -0.575 -0.415 -0.415 -0.415 -0.245 0.15654068 0.15666626 0.10166667 0.10166667 0.11562608 0.46999855 0.19 0.19 0.445 0.445 0.445 0.705
0.20666667 0.20666667 0.20666667 0.615 0.615 0.615 0.615 0.56 0.56 0.77333333 0.77333333 0.62133105 0.615 0.615 0.615 0.21833333 0.21833333 0.21833333 0.21833333 0.21833333 -1.0716667 -1.0716667 -1.0716667 -1.0716667 -1.0716667 -1.3199992 -1.32 -1.32 -1.32 -1.0666667 -1.0666667 -1.0666667 0.018333333 0.018333333 0.018333333 -0.575 -0.575 -0.415 -0.415 -0.245 -0.245 -0.245 0.10166667 0.10166667 0.10166667 0.10166667 0.1165901 0.28333333 0.28333333 0.28333333 0.445 0.65 0.65
