interpolatedSpi/07-10|20_1.tif
NCOLS 53
NROWS 52
XLLCORNER -116.03883
YLLCORNER 28.596182
DX 0.49850594
DY 0.49788537
NODATA_VALUE -9999
[rows 0 to 37 of 52, columns 0 to 52 of 53]
-0.7 -0.7 -0.47178205 -0.9425 -0.4325 -0.175 -0.005 0.4025 -0.12589986 -0.255 -0.4775 0.1825 0.18247653 -0.1025 -0.095 -0.095 -0.095 -0.3575 0.0725 0.0725 0.0725 0.072498025 -0.1325 -0.01 -0.01 -0.01 0.21750114 0.2175 0.2175 -0.13 -0.13 -0.13 -0.13 0.0024999735 0.0025 0.0025 0.0025 0.0025 0.0025 0.0025000242 0.88796277 0.89747945 0.8175 0.8175 0.8175 0.8175 0.8177205 0.9525 0.9525 0.9525 0.86000019 0.86 0.86
-0.70000378 -0.785 -0.56749957 -0.48891224 -0.28759367 -0.23 -0.2325 -0.18492345 -0.5325 -0.215 0.3 0.1825 0.1825 0.017099864 -0.10249848 -0.095 -0.3575 -0.3575 0.071939338 0.0725 0.0725 0.0725 -0.051714895 -0.01 -0.01 -0.01 -0.15249999 -0.1525 -0.13 -0.13 -0.13 -0.13 -0.13 0.0024999807 0.0025 0.0025 0.0025 0.0025 0.002500095 0.13972452 0.76500092 0.81112982 0.8175 0.8175 0.8175 0.8175 0.8175 0.9525 0.9525 0.9525 0.94482981 0.86 0.86
-0.35250267 -0.3525 -0.195 0.06 -0.03 -0.2575 0.02 -0.295 0.0925 0.22 0.3225 0.3625 -0.5275 0.195 0.0175 0.49 -0.3575 -0.3575 -0.3575 -0.40236192 -0.4025 -0.4025 -0.8025 -0.01 -0.01 -0.01 -0.1525 -0.1525 -0.1525 -0.13 -0.13 -0.13000003 -0.42245054 0.004467349 0.014576954 1.2881104 1.3 1.3 1.2327111 0.765 0.765 0.76506714 0.8175 0.8175 0.8175 0.8175 0.8175 0.9525 0.9525 0.9525 0.9525 0.86 0.86
-0.03 -0.35249994 -0.040013787 0.04 0.0725 -0.0725 0.2425 -0.1875 0.0175 0.33502424 0.6225 0.595 0.215 0.195 -0.0375 0.49 -0.88936518 -0.89961989 -0.6075 -0.4025 -0.4025 -0.57 -0.8025 -0.8025 -0.01 -0.010000712 -0.1525 -0.1525 -0.1525 -0.485 -0.62354113 -0.7375 -0.7375 -0.7374984 1.3 1.3 1.3 1.3 0.765 0.765 0.765 0.765 0.8175 0.8175 0.8175 0.8175 0.8175 0.9524983 0.9525 0.9525 0.9525 0.85994137 0.86
-0.03 0.16249963 -0.04 0.24287886 0.0725 0.265 -0.024972693 -0.32 -0.3025 0.052499802 0.11171177 0.13750215 0.1525 -0.0375 -0.0375 0.29361056 -0.9 -0.9 -0.6075 -0.6075 -0.40250036 -0.57 -0.7 -0.6575 -0.5775 -0.57745546 -0.1525 -0.1525 -0.485 -0.485 -0.7375 -0.7375 -0.7375 -0.64274205 1.3 1.3 1.3 0.765 0.765 0.765 0.765 0.76493967 0.81749999 0.8175 0.8175 0.8175 0.8175 0.81870167 0.9525 0.95241536 -0.935 -0.935 -0.935
-0.96 -0.0575 0.1425 0.1475 0.175 0.095 -0.005 -0.045329021 -0.27 -0.425 0.12 -0.7825 -0.78249938 -0.1275 -0.1275 -0.6149831 -0.615 -0.6125 -0.6125 -0.60749995 -0.8075 -0.8075 -0.6575 -0.5775 -0.5775 -0.3875 -0.29 -0.29 -0.17752775 -0.485 -0.7375 -0.7375 -0.235 -0.23504206 -0.63747111 -0.375 -0.375 0.41231498 0.765 0.765 0.14077951 0.14 0.14000131 -0.24589091 -0.26488036 -0.26499971 -0.26499996 -0.26499959 -0.13830806 -0.935 -0.935 -0.935 -0.935
-0.38250061 -0.365 -0.62307177 -0.315 -0.2125 -0.395 -0.195 0.145 -0.5025 -0.5025 0.12 -0.4975 -0.015000103 -0.1275 -0.54499875 -0.545 -0.615 -0.6675 -0.55 -0.55 -0.92649438 -1.06 -1.06 -0.37 -0.3875 -0.3875 -0.29 -0.29 -0.17749242 -0.17736052 -0.29174429 -0.235 -0.235 -0.6375 -0.6375 -0.56426241 -0.375 -0.375 -0.749987 0.13999876 0.14 0.14 0.14000563 -0.26500113 -0.265 -0.265 -0.265 -0.26499987 -0.04 -0.93482264 -0.935 -0.935 -0.935
-0.3825 -0.8125 -0.6 -1.07 -0.99250444 -0.6025 -0.095 -0.75249999 -0.685 -0.3925 -0.3925 -0.39 -0.015 -0.015 -0.54136371 -0.44937052 -0.44 -0.5825 -0.63249992 -0.55 -0.47815612 -0.42 -0.7375 -0.7525 -0.7525009 -0.8225 -0.4525 -0.45249994 -0.047955538 -0.047500005 -0.2925 -0.59502633 -0.5325 -0.6375 -0.62844452 -0.7225 -0.7225 -0.75 -0.75 0.14 0.14 0.14000001 -0.4653375 -0.46749999 -0.265 -0.265 -0.265 -0.040008564 -0.04 -0.04 -0.935 -0.935 -0.935
-0.84284311 -0.81249999 -0.7025 -0.8125 -0.465 -0.59 -0.3275 -0.44 -0.1 -0.12192953 0.1425 -0.3025 -0.3025 -0.295 -0.29499683 -0.43002787 -0.43 -0.43 -0.59013257 -0.82500006 -1.105 -1.105 -0.4675 -0.63109744 -0.81544585 -0.8225 -0.5225 -0.4525 -0.63642496 -0.6375 -0.6125 -0.46 -0.49273767 -0.395 -0.32 -0.3725 -0.495 -0.665 -0.79743882 0.14244392 0.6875 -0.205 -0.46745645 -0.4675 -0.46636022 -0.265 -0.2025 -0.040000001 -0.04 -0.04 -0.040000001 -0.86154061 -0.12
-1.0125 -1.0125 -0.965 -0.675 -0.5925 -0.4775 -0.3225 -0.4125 -0.2225 -0.12754261 -0.095 0.2025 -0.295 -0.295 0.0425 0.036019449 -0.43 -0.42993529 -0.1325 -0.825 -0.825 -0.86107339 -0.4675 -0.48499967 -0.485 -0.485 -0.5225 -0.5075 -0.5075 -0.6375 -0.6375 -0.46012328 -0.525 -0.395 -0.3175 -0.3725 -0.495 -0.745 -0.7975 -0.086709488 -0.20499996 -0.2031633 -0.2 -0.4675 -0.4675 -0.2025 -0.2025 -0.2025 -0.04 -0.04 -0.345 -0.345 -0.34499992
-1.0125 -1.0125 -0.935 -0.6425 -1.2275 -0.595 -0.68249999 0.074626088 -0.0225 -0.1275 0.135 -0.0025 0.20222635 0.0425 0.0425 0.042464527 -0.265 -0.25804578 -0.1325 -0.71 -0.71 -0.5725 -0.5725 -0.485 -0.485 -0.485 -0.5075 -0.5075 -0.5075 -0.5175 -0.5175 -0.51750001 -0.7075 -0.7075 -0.48 -0.525 -0.5725 -0.24999645 -0.3775 -0.075 -0.075 -0.12500025 -0.2 -0.4675 0.034999666 -0.285 -0.46884794 -0.47 -0.3 -0.3 -0.345 -0.345 -0.345
-1.0125 -0.97894101 -0.81017982 -0.85999658 -0.7475 -1.045 -0.6825 0.075 -0.022499186 -0.12633673 -0.0025001626 -0.0025 -0.14 0.0425 0.0425 -0.26499999 -0.265 -0.26499246 -0.1325 -0.71 -0.6829978 -0.5725 -0.5725 -0.48500323 -0.485 -0.57786328 -0.7675 -0.7675 -0.76749997 -0.5175 -0.5175 -0.3575 -0.3575 -0.70749938 -0.48 -0.19000035 -0.45383785 -0.25 -0.25 -0.075000002 -0.125 -0.125 -0.12499885 0.035 0.035 -0.285 -0.47 -0.47 -0.3 -0.3 -0.345 -0.345 -0.345
-0.18 -0.27026415 -0.21751625 -0.2221552 -0.74750164 -1.044993 -0.68250001 0.065675611 -0.015781253 -0.025241829 -0.14 -0.14 -0.14 -0.14 0.042474148 -0.265 -0.265 -0.26328921 -0.1325 -0.70986689 -0.2625 -0.2625 -0.2625 -0.2625 -0.48147586 -0.7675 -0.7675 -0.7675 -0.7675 -0.76724008 -0.3575 -0.3575 -0.3575 -0.3575 -0.19 -0.19 -0.19 -0.24661993 -0.24645127 0.2225 0.2225 -0.12498131 0.36998853 0.035032266 0.035 -0.285 -0.47 -0.47 -0.3 -0.3 -0.34483674 -0.345 0.33670112
-0.18 -0.2175 -0.2175 -0.2175 -0.2175 -0.21750035 -0.68342787 -0.32409184 0.0021437093 -0.13987611 -0.14 -0.14 -0.14 -0.14 -0.14000017 -0.265 -0.26499998 -0.2559114 -0.13250227 -0.2625 -0.2625 -0.2625 -0.2625 -0.2625 -0.25326081 -0.43630917 -0.35500009 -0.355 -0.355 -0.355 -0.3575 -0.3575 -0.35750013 -0.4675 -0.4675 -0.19 0.10894895 0.1175 0.22249994 0.2225 0.2225 0.2225 0.37 0.37 0.37 0.3654418 0.096329802 0.1 0.1 0.1 0.099999993 0.83999976 0.84
-0.355 -0.2175 -0.2175 -0.2175 -0.2175 -0.2175 -0.21750003 -0.53105549 -0.38048815 -0.3825 -0.3825 -0.3825 -0.3825 -0.3825 -0.3825 -0.066519894 -0.26173497 -0.24685629 -0.2624837 -0.2625 -0.2625 -0.2625 -0.2625 -0.26249976 0.165 0.165 0.16499927 -0.355 -0.355 -0.35445433 -0.0825 -0.0825 -0.4675 -0.4675 -0.4675 0.023789429 0.1175 0.1175 0.1175 0.2225 0.2225 0.2225 0.37 0.37 0.37 0.37 0.1 0.1 0.1 0.1 0.1 0.84 0.84
-0.355 -0.30381031 -0.2175 -0.2175 -0.2175 -0.2175 -0.59742542 -0.5975 -0.59749999 -0.3825 -0.3825 -0.3825 -0.3825 -0.3825 -0.31135424 -0.06 -0.06 -0.06 -0.055631819 -0.055000212 -0.055 -0.055 -0.055 -0.055 0.165 0.165 0.165 0.165 -0.355 -0.0825 -0.0825 -0.0825 -0.46749997 -0.4675 -0.4675 0.2575 0.11768536 0.1175 0.1175 0.22249808 0.21876037 0.21003736 0.37 0.37 0.10581781 0.105 0.105 0.099823576 -0.0071243362 -0.0074999906 -0.0074999796 0.11760933 0.83999853
-0.355 -0.43771716 -0.33009524 -0.2175 -0.2175 -0.59727548 -0.5975 -0.5975 -0.5975 -0.59595065 -0.3825 -0.3825 -0.3825 -0.38249996 -0.06 -0.06 -0.06 -0.06 -0.055004466 -0.055 -0.055 -0.055 -0.055 -0.055 0.16499999 0.165 0.165 0.165 0.16409976 -0.0825 -0.0825 -0.0825 0.28499999 -0.46740809 0.2575 0.2575 0.2575 0.25317499 0.20413325 0.21 0.21 0.21 0.1475 0.1475 0.105 0.105 0.105 -0.0074999986 -0.0075 -0.0075 -0.0075 0.1175 0.1175
-0.43996807 -0.44 -0.44 -0.44 -0.6275 -0.59750077 -0.5975 -0.5975 -0.5975 -0.5975 -0.38268935 -0.38250003 -0.3825 -0.06 -0.06 -0.06 -0.06 -0.06 -0.084385961 -0.055 -0.055 -0.055 -0.055 -0.055 0.095360575 0.16999997 0.17 0.17 0.17 -0.082499981 0.28499999 0.285 0.285 0.285 0.2575 0.25748966 -0.135 -0.135 0.20569216 0.21 0.21 0.21 0.1475 0.1475 0.11158046 0.105 0.105 -0.0075 -0.0075 -0.0075 -0.006159675 0.1175 0.1175
-0.44 -0.44 -0.44 -0.52829655 -0.6275 -0.6275 -0.5975 -0.5975 -0.5975 -0.5975 -0.385 -0.385 -0.385 -0.06 -0.06 -0.06 -0.06 -0.060099154 -0.4525 -0.4525 -0.055000161 -0.055 -0.05731285 -0.15 -0.14711918 0.17 0.17 0.17 0.17 0.28498829 0.285 0.285 0.285 0.285 -0.13499862 -0.135 -0.135 -0.135 -0.13378789 0.21 0.21 0.21 0.1475 0.1475 0.1475 0.105 0.105 -0.0075000026 -0.0075 -0.0075000006 0.1175 0.1175 0.1175
-0.44 -0.44 -0.44 -0.6275 -0.6275 -0.6275 -0.62749995 -0.5975 -0.5975 -0.38521936 -0.385 -0.385 -0.385 -0.38479752 -0.54565345 -0.66 -0.66 -0.66 -0.4525 -0.4525 -0.4525 -0.15 -0.15 -0.15 -0.14997689 0.045425476 0.17 0.17 0.17 0.21523088 0.20250811 0.2025 0.2025 0.2025 -0.14389814 -0.15749995 -0.1575 -0.1575 -0.1575 -0.2774333 -0.2775 -0.2775 0.1475 0.1475 0.097500209 0.097499864 -0.285 -0.285 -0.255 -0.255 -0.255 0.1175 0.27735694
-0.44000038 -0.44 -0.44000001 -0.6275 -0.6275 -0.6275 -0.6275 -0.86749992 -0.59857957 -0.38539445 -0.385 -0.385 -0.385 -0.38553963 -0.66 -0.66 -0.66 -0.65999994 -0.4525 -0.4525 -0.4525 -0.15 -0.15 -0.15 -0.0675 -0.0675 -0.08 -0.08 -0.08 -0.078458874 0.2025 0.2025 0.2025 0.2025 0.022598757 -0.1575 -0.1575 -0.1575 -0.1575 -0.2775 -0.2775 -0.2775 -0.26570107 0.0975 0.0975 0.0975 -0.285 -0.285 -0.255 -0.255 -0.255 0.27749998 0.2775
-0.5625 -0.5089163 -0.535 -0.53502684 -0.6275 -0.86611137 -0.8675 -0.8675 -0.88571893 -0.82 -0.82 -0.82 -0.82 -0.97249504 -0.9725 -0.66000024 -0.66 -0.65453268 -0.4525 -0.4525 -0.4525 -0.455 -0.455 -0.455 -0.0675 -0.0675 -0.08 -0.08 -0.08 -0.079999987 -0.062498316 -0.062499256 0.19583962 0.2022159 -0.67399645 -0.675 -0.675 -0.675 -0.675 -0.2775 -0.2775 -0.2775 0.076850918 0.0975 0.0975 0.097499894 -0.285 -0.285 -0.28499892 -0.255 -0.25497283 0.3525 0.2775
-0.70997199 -0.70999997 -0.535 -0.535 -0.535 -0.8675 -0.8675 -0.8675 -0.9175 -0.9175 -0.82 -0.82 -0.82 -0.9725 -0.9725 -0.9725 -0.9725 -0.97244111 -0.4525 -0.4525 -0.4525 -0.455 -0.455 -0.455 -0.0675 -0.0675 -0.08 -0.08 -0.08 -0.062697314 -0.0625 -0.0625 -0.0625 -0.0625 -0.67469777 -0.675 -0.675 -0.675 -0.675 -0.88999984 -0.89 -0.89 -0.89 0.097495416 -0.5 -0.5 -0.5 -0.25 -0.25 -0.25 0.3525 0.3525 0.3525
-0.71 -0.71 -0.535 -0.535 -0.535 -0.86575232 -0.8675 -0.9175 -0.9175 -0.9175 -0.820012 -0.82 -1.2571617 -0.97250009 -0.9725 -0.9725 -0.9725 -1.3425 -1.3425 -1.3425 -0.88499999 -0.88499968 -0.45500209 -0.455 -0.45520837 -0.99 -0.99 -0.98999783 -0.080147062 -0.40493174 -0.40499818 -0.4049402 -0.063085368 -0.062795574 -0.56613434 -0.67499997 -0.67469839 -0.585 -0.585 -0.89 -0.89 -0.89 -0.89 -0.5 -0.5 -0.5 -0.5 -0.25 -0.25 -0.25 0.3525 0.3525 0.3525
-0.71 -0.71 -0.535 -0.535 -0.535 -0.535 -0.88621354 -0.9175 -0.9175 -0.9175 -0.91774167 -1.355 -1.355 -1.355 -0.97475416 -0.9725 -1.3400344 -1.3425 -1.3425 -1.3425 -0.885 -0.885 -0.885 -0.885 -0.99 -0.99 -0.99 -0.99 -0.99 -0.405 -0.405 -0.405 -0.405 -0.40500067 -0.7225 -0.585 -0.585 -0.585 -0.585 -0.58500067 -0.7475 -0.7475 -0.7475 -0.71170358 -0.6375 -0.6375 -0.6375 -0.25000001 -0.24999979 -0.03 -0.03 -0.17987046 -0.18
-0.71 -0.71 -0.59816271 -0.535 -0.535 -0.53500002 -1.5289131 -0.91943026 -0.9175 -0.9175 -1.355 -1.355 -1.355 -1.355 -1.355 -1.3236458 -1.3425 -1.3425 -1.3425 -1.3425 -0.88500354 -0.885 -0.885 -0.885 -0.99 -0.99 -0.99 -0.99 -0.99 -0.6728717 -0.405 -0.405 -0.405 -0.7225 -0.7225 -0.72239323 -0.585 -0.585 -0.55545413 -0.53250001 -0.7475 -0.7475 -0.7475 -0.71161207 -0.6375 -0.6375 -0.6375 -0.58 -0.036852947 -0.03 -0.03 -0.18 -0.18
-1.38 -1.38 -1.38 -0.74686473 -0.53658928 -1.53 -1.53 -1.53 -1.53 -1.52 -1.52 -1.355 -1.355 -1.355 -1.355 -1.3549992 -1.3425 -1.3425 -1.3425 -1.3425 -1.0846382 -0.885 -0.885 -0.88742076 -0.97805661 -0.99 -0.99 -0.99 -0.7675 -0.7675 -0.7675 -0.76749848 -0.7225 -0.7225 -0.7225 -0.7225 -0.5325 -0.5325 -0.5325 -0.5325 -0.76 -0.76 -0.76 -0.48250558 -0.4825 -0.4825 -0.48250005 -0.58 -0.58 -0.030670145 -0.03 -0.18000175 -0.18
-1.38 -1.38 -1.38 -1.3800128 -1.6175 -1.6047761 -1.53 -1.53 -1.53 -1.52 -1.52 -1.52 -1.735 -1.735 -1.735 -1.735 -1.3421428 -1.3425 -1.3425 -1.3425 -1.3355677 -0.97749975 -0.9775 -0.9775 -0.9775 -0.97749999 -0.575 -0.575 -0.7675 -0.7675 -0.7675 -0.7675 -0.72250009 -0.7225 -0.7225 -0.72251059 -0.5325 -0.5325 -0.5325 -0.53247807 -0.76 -0.76 -0.76 -0.48251287 -0.4825 -0.4825 -0.4825 -0.58 -0.58 -0.57999999 -0.5275 -0.5275 -0.2825
-1.38 -1.38 -1.38 -1.6174995 -1.6175 -1.6175 -1.53 -1.53 -1.53 -1.52 -1.52 -1.52 -1.735 -1.735 -1.735 -1.6902563 -1.1475 -1.1475 -1.1475005 -1.3413986 -0.9775 -0.9775 -0.9775 -0.9775 -0.9775 -0.9771971 -0.575 -0.575 -0.575 -0.7675 -0.7675 -0.76737931 -0.8525 -0.8525 -0.8525 -0.615 -0.615 -0.5275 -0.5275 -0.5275 -0.5525 -0.75993491 -0.75999625 -0.2575 -0.2575 -0.26602724 -0.48249957 -0.58 -0.58 -0.5275 -0.5275 -0.5275 -0.2825
-1.38 -1.38 -1.38 -1.6175 -1.6175 -1.6175 -1.6175 -1.53 -1.53 -1.52 -1.52 -1.7264031 -1.735 -1.735 -1.735 -1.1475 -1.1475 -1.1475 -1.1475 -1.1475 -0.9775 -0.9775 -0.9775 -0.9775 -0.9775 -0.57500137 -0.575 -0.575 -0.575 -0.58 -0.58 -0.58 -0.8525 -0.8525 -0.8525 -0.615 -0.615 -0.5275 -0.5275 -0.5525 -0.5525 -0.5525 -0.2575 -0.2575 -0.2575 -0.2575 -0.23162359 0.0575 0.0575 0.0575 -0.52749999 -0.07 -0.07
-1.38 -1.38 -1.3803307 -1.6175 -1.6175 -1.6175 -1.6175 -1.4389978 -1.43 -1.4301545 -1.52 -1.7349508 -1.735 -1.735 -1.734998 -1.1475 -1.1475 -1.1475 -1.1475 -1.1475 -0.3565688 -0.9775 -0.9775 -0.9775 -0.97739547 -0.57499409 -0.575 -0.575 -0.575 -0.58 -0.58 -0.58 -0.58003596 -0.8525 -0.615 -0.615 -0.615 -0.61499622 -0.5275017 -0.5525 -0.5525 -0.5525 -0.25751791 -0.2575 -0.2575 -0.2575 0.057500171 0.0575 0.0575 0.0575 -0.069999999 -0.07 -0.07
-1.4625 -1.4624999 -1.6173696 -1.6175 -1.6175 -1.6175 -1.4300399 -1.43 -1.43 -1.43 -1.1475 -1.1475 -1.1475 -1.1475 -1.1475001 -1.1475 -1.1475 -1.1475 -1.1475 -0.33000049 -0.33 -0.33 -0.47000008 -0.47 -0.47 -0.47 -0.47906285 -0.575 -0.16751669 -0.1675 -0.1675 -0.1675 -0.1675 -0.3675 -0.3675 -0.3675 -0.3675 -0.3675 -0.3925 -0.3925 -0.3925 -0.3925 -0.3925 0.076995011 0.0775 0.0775 0.0775 0.0575 0.0575 0.0575 -0.069979913 -0.07 -0.07
-1.4625 -1.4625 -1.4602395 -1.1925009 -1.1925001 -1.1927318 -1.43 -1.43 -1.43 -1.43 -1.1475 -1.1475 -1.1475 -1.1475 -1.1475 -1.1475 -1.1475 -1.1475 -0.33000021 -0.33 -0.33 -0.33 -0.47 -0.47 -0.47 -0.47 -0.47 -0.47002191 -0.16739284 -0.1675 -0.1675 -0.1675 -0.16745695 -0.055704108 -0.36717715 -0.3675 -0.3675 -0.36749999 -0.3925 -0.3925 -0.3925 -0.3925 -0.3925 0.0775 0.0775 0.0775 0.0775 0.068147609 0.0575 0.50000727 0.505 0.4625 0.4625
-1.4625 -1.4625 -1.1925342 -1.1925 -1.1925 -1.1925 -1.252824 -1.43 -1.43 -1.43 -1.1475 -1.1475 -1.1475 -1.1475 -1.1475 -1.1474976 -1.1475 -0.33023969 -0.33 -0.33 -0.33 -0.33 -0.41813609 -0.47 -0.47 -0.47 -0.47 -0.46958919 0.11 0.11 0.11 0.11 0.11 0.1825 0.1825 0.1825 0.1825 0.1825 -0.095 -0.095 -0.095 -0.095 -0.095000003 0.077335188 0.077499966 0.0775 0.077488558 0.076184817 0.505 0.505 0.505 0.46250024 0.4625
-1.4624996 -1.2296303 -1.1925 -1.1925 -1.1925 -1.1925 -1.1925 -1.4298989 -1.43 -1.43 -1.1475 -1.1475 -1.1475 -1.1475 -0.88838601 -0.8825 -0.8825 -0.33001422 -0.33 -0.33 -0.33 -0.33 -0.3300001 -0.47 -0.47 -0.47 -0.47 0.20749989 0.20749995 0.18674963 0.11 0.11 0.11 0.1825 0.1825 0.1825 0.1825 0.18277261 -0.095 -0.095 -0.095 -0.095 -0.09496763 0.01 0.01 0.01 0.01 0.010039922 0.505 0.505 0.505 0.50500014 0.73098678
-1.225 -1.225 -1.2545507 -1.1925 -1.1925 -1.1925 -1.1925 -1.1925 -1.4298986 -1.375 -1.375 -1.375 -1.3744601 -0.88250038 -0.8825 -0.8825 -0.8825 -0.8825 -0.33000459 -0.36923398 -0.7125 -0.7125 -0.7125 -0.65146421 -0.48220555 -0.54751512 -0.60214934 0.2075 0.2075 0.2075 0.2075 0.2075 0.20273065 0.57955661 0.585 0.585 0.585 0.585 -0.015631715 0.32749924 0.3275 0.3275 0.3275 0.31249911 0.010000079 0.01 0.01 0.375 0.50499792 0.505 0.505 0.735 0.735
-1.225 -1.225 -1.465 -1.465 -1.465 -1.1925908 -1.1925 -1.1925 -1.375 -1.375 -1.375 -1.375 -1.375 -0.88250002 -0.8825 -0.8825 -0.8825 -0.8825 -0.7125 -0.7125 -0.7125 -0.7125 -0.7125 -0.6225 -0.6225 -0.6225 -0.6225 0.2075 0.2075 0.2075 0.2075 0.2075 0.1 0.1 0.585 0.585 0.585 0.54750639 0.5475 0.3275 0.3275 0.3275 0.32750005 0.3125 0.3125 0.3125 0.375 0.375 0.375 0.5925 0.5925 0.735 0.735
-1.225 -1.225 -1.465 -1.465 -1.465 -1.465 -1.4650001 -1.475 -1.3750942 -1.375 -1.375 -1.375 -1.375 -0.88864349 -0.8825 -0.8825 -0.8825 -0.8825 -0.7125 -0.7125 -0.7125 -0.7125 -0.7125 -0.6225 -0.6225 -0.6225 -0.6225 -0.62249665 0.2075 0.2075 0.2075 0.10000564 0.1 0.1 0.1 0.585 0.5475 0.5475 0.5475 0.54171139 0.60358527 0.655 0.655 0.3125 0.3125 0.3125 0.375 0.375 0.375 0.5925 0.5925 0.5925 0.64669266
