interpolatedSpi/07-12|19_1.tif
NCOLS 53
NROWS 52
XLLCORNER -116.03883
YLLCORNER 28.596182
DX 0.49850594
DY 0.49788537
NODATA_VALUE -9999
[rows 0 to 28 of 52, columns 0 to 52 of 53]
0.48 0.48 0.15982051 0.125 0.34166667 0.12 0.245 0.165 0.068756499 -0.2 -0.325 0.11333333 -0.11334898 -0.30333333 -0.29166667 -0.29166667 -0.29166667 -0.02 0.056666667 0.056666667 0.056666667 0.056663809 -0.24 -0.26833333 -0.26833333 -0.26833333 -0.38666923 -0.38666667 -0.38666667 -0.16666667 -0.16666667 -0.16666667 -0.16666667 -0.11333334 -0.11333333 -0.11333333 -0.11333333 -0.11333333 -0.11333333 -0.11333333 0.12081169 0.12333121 0.115 0.115 0.115 0.115 0.11356266 -0.765 -0.765 -0.765 0.51999733 0.52 0.52
0.48000896 0.68166667 0.15166724 0.19229707 0.47804773 0.12333333 0.235 0.045173839 0.056666667 -0.023333333 0.15833333 -0.11333333 -0.11333333 0.033871838 -0.30332914 -0.29166667 -0.02 -0.02 0.056566704 0.056666667 0.056666667 0.056666667 -0.28447537 -0.26833333 -0.26833333 -0.26833333 -0.20833334 -0.20833333 -0.16666667 -0.16666667 -0.16666667 -0.16666667 -0.16666667 -0.11333334 -0.11333333 -0.11333333 -0.11333333 -0.11333333 -0.11333328 -0.017691432 0.44331655 0.15484068 0.115 0.115 0.115 0.115 0.115 -0.765 -0.765 -0.765 -0.65844657 0.52 0.52
0.68666494 0.68666667 0.65 0.755 0.39166667 0.43666667 0.435 0.35666667 0.17333333 0.14666667 0.14333333 0.048333333 0.035 -0.11333333 0.035 -0.575 -0.02 -0.02 -0.02 -0.17826502 -0.17833333 -0.17833333 -0.575 -0.26833333 -0.26833333 -0.26833333 -0.20833333 -0.20833333 -0.20833333 -0.16666667 -0.16666667 -0.16666667 -0.22603934 -0.11214919 -0.10712809 0.54722435 0.55333333 0.55333333 0.53949823 0.44333333 0.44333333 0.44291348 0.115 0.115 0.115 0.115 0.115 -0.765 -0.765 -0.765 -0.765 0.52 0.52
0.61833333 0.68666652 -0.054986724 0.585 0.061666667 0.46666667 0.17833333 0.041666667 -0.16 -0.097880914 -0.066666667 -0.35666667 0.18 -0.11333333 -0.18 -0.575 -0.32525882 -0.3231208 -0.085 -0.17833333 -0.17833333 -0.495 -0.575 -0.575 -0.26833333 -0.26833303 -0.20833333 -0.20833333 -0.20833333 -0.56333333 -0.41336142 -0.29 -0.29 -0.28999934 0.55333333 0.55333333 0.55333333 0.55333333 0.44333333 0.44333333 0.44333333 0.44333332 0.115 0.115 0.115 0.115 0.115 -0.7649889 -0.765 -0.765 -0.765 0.519973 0.52
0.61833333 0.47333236 -0.055 -0.27107149 0.061666667 -0.15 -0.090004261 -0.073333333 0.033333333 0.11499988 -0.051031127 -0.129963 0.12833333 -0.18 -0.18 -0.44033977 -0.32333333 -0.32333333 -0.085 -0.085 -0.17833395 -0.495 -0.39833333 -0.26333333 -0.26833333 -0.26824094 -0.20833333 -0.20833333 -0.56333333 -0.56333333 -0.29 -0.29 -0.29 -0.24599963 0.55333333 0.55333333 0.55333333 0.44333333 0.44333333 0.44333333 0.44333333 0.44332995 0.115 0.115 0.115 0.115 0.115 0.10716691 -0.765 -0.76497945 -0.30666667 -0.30666667 -0.30666667
-0.67666667 0.56833333 0.50166668 -0.081666666 -0.025 0.15333333 -0.10833333 -0.10385233 -0.056666667 -0.081666667 0.12166667 -0.068333333 -0.068333204 -0.013333333 -0.013333333 0.1067053 0.10666667 -0.15333333 -0.15333333 -0.084999878 -0.32 -0.32 -0.26333333 -0.26833333 -0.26833333 0.12666667 -0.86666667 -0.86666667 -0.23169661 -0.56333333 -0.29 -0.29 -0.056666667 -0.056688957 -0.2699847 -0.30166667 -0.30166667 0.21285058 0.44333333 0.44333333 0.40837699 0.40833333 0.40833449 -0.12403783 -0.12830644 -0.12833327 -0.12833333 -0.12833324 0.29513884 -0.30666667 -0.30666667 -0.30666667 -0.30666667
-0.17000095 0.645 0.18245511 0.59666667 0.715 -0.12 0.19666667 0.14166667 -0.091666667 -0.091666667 0.12166667 0.24166667 0.13166667 -0.013333333 0.26666583 0.26666667 0.10666667 0.11166667 0.053333333 0.053333333 -0.1911876 -0.046666667 -0.046666667 0.21833333 0.12666667 0.12666667 -0.86666667 -0.86666667 -0.2316589 -0.23152361 -0.091687894 -0.056666667 -0.056666667 -0.27 -0.27 0.095012829 -0.30166667 -0.30166667 -0.24166875 0.40833243 0.40833333 0.40833333 0.40833997 -0.1283297 -0.12833333 -0.12833333 -0.12833333 -0.128333 0.435 -0.30651969 -0.30666667 -0.30666667 -0.30666667
-0.17 -0.24833333 0.49333333 0.31833333 0.49832301 0.30666667 0.086666667 -0.033333328 5.2617847e-11 0.028333333 0.028333333 0.12666667 0.13166667 0.13166667 0.26574044 -0.0065604244 -0.033333333 0.23666667 -0.073333203 0.053333333 -0.0072488726 -0.013333333 0.04 -0.025 -0.024999721 -0.0033333333 0.028333333 0.028333017 -0.098800552 -0.098333334 -0.091666667 0.084042939 -0.098333333 -0.27 -0.24789607 0.42666667 0.42666667 -0.24166667 -0.24166667 0.40833333 0.40833333 0.40833334 0.52489957 0.5233333 -0.12833333 -0.12833333 -0.12833333 0.43497856 0.435 0.435 -0.30666667 -0.30666667 -0.30666667
-0.22380599 -0.24833333 0.325 0.74833333 0.81333333 0.31166667 0.23 0.55 -0.021666667 0.32388963 -0.16333333 -0.021666665 -0.021666667 -0.073333333 -0.073330262 -0.22446581 -0.225 -0.225 0.18934469 0.15999998 0.058333333 0.058333333 0.14666667 0.082035579 -0.0055167613 -0.0033333333 3.7007434e-17 0.028333333 0.038275223 0.038333333 0.135 0.45666667 0.44659146 0.665 0.505 0.43 0.36333333 0.415 0.55493535 0.41052058 0.89833333 0.79 0.52337756 0.52333333 0.5196654 -0.12833333 0.34166664 0.435 0.435 0.435 0.435 -0.21992649 -0.23666667
-0.086666667 -0.086666667 -0.0066666667 0.36666667 0.15 0.036666667 0.25833333 0.36833333 0.32666667 0.41166502 0.18 0.19 -0.073333333 -0.073333333 0.25333333 0.24677278 -0.225 -0.22492895 0.05 0.16 0.16 0.14690193 0.14666667 -0.0033304929 -0.0033333333 -0.0033333333 3.8077817e-17 0.59666667 0.59666667 0.038333333 0.038333334 0.45662873 0.43666667 0.665 0.65333333 0.43 0.36333333 0.34 0.555 1.0124638 0.79 0.7918367 0.795 0.52333333 0.52333333 0.34166667 0.34166667 0.34166667 0.435 0.435 0.39 0.39 0.38999977
-0.086666667 -0.086666667 -0.26 -0.47 -0.38 0.33166667 0.075000002 0.58297327 0.35666667 0.50833333 0.48666667 0.33166667 0.19018821 0.25333333 0.25333333 0.25335275 0.42166667 0.40215986 0.05 0.63666667 0.63666667 0.40833333 0.40833333 -0.0033333333 -0.0033333333 -0.0033333333 0.59666667 0.59666667 0.59666667 0.53833333 0.53833333 0.53833317 0.57833333 0.57833333 0.335 0.26166667 0.61833333 0.078333206 0.69333333 1.02 1.02 0.8249999 0.795 0.52333333 0.95499988 0.90333333 1.0071216 1.01 1.0433333 1.0433333 0.39 0.39 0.39
-0.086666667 -0.16158581 -0.34961449 -0.47832978 -0.29166667 -0.12333333 0.075 0.58333333 0.35666856 0.50665305 0.3316669 0.33166667 0.45666667 0.25333333 0.25333333 0.42166666 0.42166667 0.42164551 0.05 0.63666667 0.59182665 0.40833333 0.40833333 -0.003316536 -0.0033333333 0.26292951 0.80666667 0.80666667 0.80666664 0.53833333 0.53833333 0.47666667 0.47666667 0.57833267 0.335 0.76499985 0.52933705 0.078333333 0.078333333 1.02 0.825 0.825 0.82500094 0.955 0.955 0.90333333 1.01 1.01 1.0433333 1.0433333 0.39 0.39 0.39
-0.19 -0.036980481 -0.015016708 -0.018355134 -0.29166589 -0.12333731 0.074999995 0.57707604 0.37228632 0.36062709 0.45666667 0.45666667 0.45666667 0.45666667 0.25336214 0.42166667 0.42166667 0.41686786 0.05 0.63666488 0.64333333 0.64333333 0.64333333 0.64333333 0.008288987 0.80666667 0.80666667 0.80666667 0.80666667 0.80652674 0.47666667 0.47666667 0.47666667 0.47666667 0.765 0.765 0.765 0.11142469 0.085969049 1.095 1.095 0.82501452 0.69834212 0.95497528 0.955 0.90333333 1.01 1.01 1.0433333 1.0433333 0.39237022 0.39 -0.065318475
-0.19 -0.015 -0.015 -0.015 -0.015 -0.015000047 0.074492314 0.315495 0.41395811 0.45656276 0.45666667 0.45666667 0.45666667 0.45666667 0.45666663 0.42166666 0.42166661 0.39617287 0.050007101 0.64333333 0.64333333 0.64333333 0.64333333 0.64333333 0.64992709 0.85541553 0.86666665 0.86666667 0.86666667 0.86666667 0.47666668 0.47666667 0.47666749 1.16 1.16 0.765 1.1652189 1.1766667 1.095 1.095 1.095 1.095 0.69833333 0.69833333 0.69833333 0.69975995 0.62748279 0.625 0.625 0.625 0.62500001 0.82666658 0.82666667
-0.29666667 -0.015 -0.015 -0.015 -0.015 -0.015 -0.014999995 0.14232446 0.40998438 0.41 0.41 0.41 0.41 0.41 0.41 0.42633041 0.42171296 0.37077311 0.64325886 0.64333333 0.64333333 0.64333333 0.64333333 0.64333358 0.94833333 0.94833333 0.94833322 0.86666667 0.86666667 0.86719064 1.1283333 1.1283333 1.16 1.16 1.16 1.1739968 1.1766667 1.1766667 1.1766667 1.095 1.095 1.095 0.69833333 0.69833333 0.69833333 0.69833333 0.625 0.625 0.625 0.625 0.625 0.82666667 0.82666667
-0.29666667 -0.19180537 -0.015 -0.015 -0.015 -0.015 0.013327772 0.013333333 0.013333343 0.41 0.41 0.41 0.41 0.41 0.41367678 0.42666667 0.42666667 0.42666667 0.85435482 0.85499978 0.855 0.855 0.855 0.855 0.94833333 0.94833333 0.94833333 0.94833333 0.86666667 1.1283333 1.1283333 1.1283333 1.16 1.16 1.16 1.12 1.1765916 1.1766667 1.1766667 1.0949628 1.0207059 0.84740888 0.69833333 0.69833333 0.90270069 0.90333333 0.90333333 0.62524217 0.77115413 0.77166665 0.77166664 0.79333837 0.8266666
-0.29666667 -0.3631647 -0.19211611 -0.015 -0.015 0.013316593 0.013333333 0.013333333 0.013333333 0.016191827 0.41 0.41 0.41 0.41 0.42666667 0.42666667 0.42666667 0.42666667 0.85461738 0.855 0.855 0.855 0.855 0.855 0.94833333 0.94833333 0.94833333 0.94833333 0.94898806 1.1283333 1.1283333 1.1283333 1.3166667 1.1599997 1.12 1.12 1.12 1.1201325 0.86756662 0.84666667 0.84666667 0.84666667 0.815 0.815 0.90333333 0.90333333 0.90333333 0.77166667 0.77166667 0.77166667 0.77166667 0.79333333 0.79333333
-0.3649125 -0.365 -0.365 -0.365 -0.13666667 0.013329464 0.013333333 0.013333333 0.013333333 0.013333333 0.37933803 0.40999472 0.40999999 0.42666667 0.42666667 0.42666667 0.42666667 0.42666667 0.47497568 0.855 0.855 0.855 0.855 0.855 0.97409809 1.0949992 1.095 1.095 1.095 1.1283333 1.3166667 1.3166667 1.3166667 1.3166667 1.12 1.1200003 1.1316667 1.1316667 0.85022532 0.84666667 0.84666667 0.84666667 0.815 0.815 0.88965629 0.90333333 0.90333333 0.77166667 0.77166667 0.77166667 0.77189899 0.79333333 0.79333333
-0.365 -0.365 -0.365 -0.25747443 -0.13666667 -0.13666667 0.013333333 0.013333333 0.013333333 0.013333333 0.005 0.005 0.005 0.42666667 0.42666667 0.42666667 0.42666667 0.42666061 0.66 0.66 0.85499992 0.855 0.85552749 0.87666667 0.87863223 1.095 1.095 1.095 1.095 1.3166441 1.3166667 1.3166667 1.3166667 1.3166667 1.1316666 1.1316667 1.1316667 1.1316667 1.1306765 0.84666667 0.84666667 0.84666667 0.815 0.815 0.815 0.90333333 0.90333333 0.77166667 0.77166667 0.77166667 0.79333333 0.79333333 0.79333333
-0.365 -0.365 -0.365 -0.13666667 -0.13666667 -0.13666667 -0.13666644 0.013333333 0.013333333 0.0050086024 0.005 0.005 0.005 0.005262717 0.39698784 0.39 0.39 0.39 0.66 0.66 0.66 0.87666667 0.87666667 0.87666667 0.87669561 1.0346797 1.095 1.095 1.095 1.3156299 1.3216662 1.3216667 1.3216667 1.3216667 1.2198071 1.3433329 1.3433333 1.3433333 1.3433333 0.78167556 0.78166667 0.78166667 0.815 0.815 0.82999994 0.83 0.83666667 0.83666667 0.94166667 0.94166667 0.94166667 0.79333333 0.89324392
-0.365 -0.365 -0.36499999 -0.13666667 -0.13666667 -0.13666667 -0.13666667 -0.14999995 0.012680263 0.0048473591 0.005 0.005 0.005 0.005755476 0.39 0.39 0.39 0.39000008 0.66 0.66 0.66 0.87666667 0.87666667 0.87666667 0.98 0.98 1.25 1.25 1.25 1.250391 1.3216667 1.3216667 1.3216667 1.3216667 1.332494 1.3433333 1.3433333 1.3433333 1.3433333 0.78166667 0.78166667 0.78166667 0.78318742 0.83 0.83 0.83 0.83666667 0.83666667 0.94166667 0.94166667 0.94166667 0.89333333 0.89333333
-0.365 -0.35488588 -0.085 -0.085014989 -0.13666667 -0.14992285 -0.15 -0.15 -0.15789487 -0.16333333 -0.16333333 -0.16333333 -0.16333333 -0.028337727 -0.028333331 0.38999968 0.39 0.3971141 0.66 0.66 0.66 0.735 0.735 0.735 0.98 0.98 1.25 1.25 1.25 1.2500002 1.4783323 1.4783329 1.3256042 1.3218346 1.1635158 1.1633333 1.1633333 1.1633333 1.1633333 0.78166667 0.78166667 0.78166667 0.82733857 0.83 0.83 0.82999995 0.83666667 0.83666667 0.83667045 0.94166667 0.94166719 0.95333333 0.89333333
-0.066723321 -0.06666667 -0.085 -0.085 -0.085 -0.15 -0.15 -0.15 -0.17166667 -0.17166667 -0.16333333 -0.16333333 -0.16333333 -0.028333333 -0.028333333 -0.028333333 -0.028333333 -0.028255355 0.66 0.66 0.66 0.735 0.735 0.735 0.98 0.98 1.25 1.25 1.25 1.4757589 1.4783333 1.4783333 1.4783333 1.4783333 1.1634888 1.1633333 1.1633333 1.1633333 1.1633333 0.71000002 0.71 0.71 0.71 0.82999781 0.545 0.545 0.545 0.58833333 0.58833333 0.58833333 0.95333333 0.95333333 0.95333333
-0.066666667 -0.066666667 -0.085 -0.085 -0.085 -0.14965835 -0.15 -0.17166667 -0.17166667 -0.17166667 -0.16333436 -0.16333333 -0.30905391 -0.028333405 -0.028333333 -0.028333333 -0.028333333 -0.25 -0.25 -0.25 0.23666668 0.23666704 0.73499757 0.735 0.73502532 0.66166667 0.66166667 0.66166807 1.2499049 1.1067407 1.1066686 1.1067316 1.4776981 1.4780126 1.2191938 1.1633331 1.1613952 0.585 0.585 0.71 0.71 0.71 0.71 0.545 0.545 0.545 0.545 0.58833333 0.58833333 0.58833333 0.95333333 0.95333333 0.95333333
-0.066666667 -0.066666667 -0.085 -0.085 -0.085 -0.085 -0.1581092 -0.17166667 -0.17166667 -0.17166667 -0.17176057 -0.34166667 -0.34166667 -0.34166667 -0.030179879 -0.028333333 -0.24852287 -0.25 -0.25 -0.25 0.23666667 0.23666667 0.23666667 0.23666667 0.66166667 0.66166667 0.66166667 0.66166667 0.66166667 1.1066667 1.1066667 1.1066667 1.1066667 1.1066662 0.90833333 0.585 0.585 0.585 0.585 0.58499996 0.55166667 0.55166667 0.55166667 0.49905904 0.39 0.39 0.39 0.58833333 0.58833292 0.16666667 0.16666667 0.28016381 0.28
-0.066666667 -0.066666667 -0.078382954 -0.085 -0.085 -0.085000003 -0.2332239 -0.17186101 -0.17166667 -0.17166667 -0.34166665 -0.34166667 -0.34166667 -0.34166667 -0.34166667 -0.31597011 -0.25 -0.25 -0.25 -0.25 0.2366629 0.23666667 0.23666667 0.23666667 0.66166667 0.66166667 0.66166667 0.66166667 0.66166667 0.66329282 1.1066667 1.1066667 1.1066667 0.90833333 0.90833333 0.90808226 0.585 0.585 0.64971953 0.69999999 0.55166667 0.55166667 0.55166667 0.49923147 0.39 0.39 0.39 -0.073333333 0.16367629 0.16666667 0.16666667 0.28 0.28
-0.18 -0.18 -0.18 -0.10881911 -0.084950257 -0.23333333 -0.23333333 -0.23333333 -0.23333333 -0.26833333 -0.26833333 -0.34166666 -0.34166667 -0.34166667 -0.34166667 -0.34166086 -0.25 -0.25 -0.25 -0.25 0.02430112 0.23666667 0.23666667 0.23125811 0.058127401 0.66166667 0.66166667 0.66166667 0.50666667 0.50666667 0.50666667 0.50666919 0.90833333 0.90833333 0.90833333 0.90833333 0.7 0.7 0.7 0.7 0.305 0.305 0.305 0.25000111 0.25 0.25 0.25000004 -0.073333333 -0.073333333 0.16637424 0.16666667 0.2799985 0.28
-0.18 -0.18 -0.18 -0.17999291 -0.048333333 -0.075235373 -0.23333333 -0.23333333 -0.23333333 -0.26833333 -0.26833333 -0.26833333 -0.48833333 -0.48833333 -0.48833333 -0.48833334 -0.25078463 -0.25 -0.25 -0.25 -0.24263169 0.030000567 0.03 0.03 0.03 0.030000005 -0.0033333282 -0.0033333333 0.50666667 0.50666667 0.50666667 0.50666667 0.90833314 0.90833333 0.90833333 0.90831134 0.7 0.7 0.7 0.6994224 0.305 0.305 0.305 0.25000255 0.25 0.25 0.25 -0.073333333 -0.073333333 -0.073333326 -0.016666667 -0.016666667 0.046666667
-0.18 -0.18 -0.18 -0.048333637 -0.048333333 -0.048333333 -0.23333326 -0.23333333 -0.23333333 -0.26833333 -0.26833333 -0.26833333 -0.48833333 -0.48833333 -0.48833333 -0.50280365 -0.67833333 -0.67833333 -0.67833223 -0.25241934 0.03 0.03 0.03 0.03 0.03 0.029974915 -0.0033333333 -0.0033333333 -0.0033333323 0.50666667 0.50666667 0.50652506 0.63833333 0.63833333 0.63833333 0.52833333 0.52833333 0.56833333 0.56833333 0.56833333 0.35 0.30501412 0.3049996 0.25166667 0.25166667 0.2516035 0.24999946 -0.073333333 -0.073333333 -0.016666667 -0.016666667 -0.016666667 0.046666667
