interpolatedSpi/07-12|21_1.tif
NCOLS 53
NROWS 52
XLLCORNER -116.03883
YLLCORNER 28.596182
DX 0.49850594
DY 0.49788537
NODATA_VALUE -9999
[rows 0 to 26 of 52, columns 0 to 52 of 53]
-0.15666667 -0.15666667 -0.17894017 -0.21166667 -0.21 -0.305 -0.33666667 -0.47833333 -0.60072989 -0.88666667 -0.87666667 -0.57666667 -0.5566373 -0.2 0.135 0.135 0.135 -0.255 -0.66166667 -0.66166667 -0.66166667 -0.66166058 -0.030000009 -0.93666667 -0.93666667 -0.93666667 -0.75499263 -0.755 -0.755 -0.26833333 -0.26833333 -0.26833333 -0.26833333 -1.3466665 -1.3466667 -1.3466667 -1.3466667 -1.3466667 -1.3466667 -1.3466666 -0.58816925 -0.57995641 -0.40833333 -0.40833333 -0.40833333 -0.40833333 -0.40882061 -0.70666667 -0.70666667 -0.70666667 -0.17666777 -0.17666667 -0.17666667
-0.15668555 -0.58166667 -0.14833306 -0.16437165 -0.32177687 -0.055 -0.26166667 -0.62806699 -1.03 -0.81333333 -0.68166667 -0.55666667 -0.55666667 -0.79633821 -0.20000427 0.135 -0.255 -0.255 -0.66113643 -0.66166667 -0.66166667 -0.66166667 -0.93596484 -0.93666667 -0.93666667 -0.93666667 -0.84166667 -0.84166667 -0.26833333 -0.26833333 -0.26833333 -0.26833333 -0.26833333 -1.3466665 -1.3466667 -1.3466667 -1.3466667 -1.3466667 -1.3466666 -1.1449302 -0.10841305 -0.37193108 -0.40833333 -0.40833333 -0.40833333 -0.40833333 -0.40833333 -0.70666667 -0.70666667 -0.70666667 -0.66271856 -0.17666667 -0.17666667
-0.36499876 -0.365 0.085 -0.023333333 -0.15 -0.5 -0.28 -0.74666667 -0.89833333 -0.73 -0.795 -0.79 -0.64333333 -0.083333333 -0.79833333 -0.90666667 -0.255 -0.255 -0.255 -0.48338518 -0.48333333 -0.48333333 -0.92333333 -0.93666667 -0.93666667 -0.93666667 -0.84166667 -0.84166667 -0.84166667 -0.26833333 -0.26833333 -0.26833335 -0.42238135 -1.3444148 -1.3392049 -0.55234605 -0.545 -0.545 -0.49007884 -0.10833334 -0.10833333 -0.10871696 -0.40833333 -0.40833333 -0.40833333 -0.40833333 -0.40833333 -0.70666667 -0.70666667 -0.70666667 -0.70666667 -0.17666667 -0.17666667
-0.225 -0.36500001 -0.42830295 0.23 -0.43 -0.225 -0.435 -0.70333333 -0.525 -0.66708677 -0.555 -0.97166666 -0.92 -0.083333333 -0.58666667 -0.90666667 -0.83554832 -0.83459362 -0.92833333 -0.48333333 -0.48333333 -0.96 -0.92333333 -0.92333333 -0.93666667 -0.93666619 -0.84166667 -0.84166667 -0.84166667 -0.55 -0.57103265 -0.58833333 -0.58833333 -0.5883333 -0.545 -0.545 -0.545 -0.545 -0.10833333 -0.10833333 -0.10833333 -0.10833334 -0.40833333 -0.40833333 -0.40833333 -0.40833333 -0.40833333 -0.7066629 -0.70666667 -0.70666667 -0.70666667 -0.17668659 -0.17666667
-0.225 -0.39833339 -0.42833333 -0.4412143 -0.43 -0.46666667 -0.73165292 -1.0783333 -0.99666667 -0.50000008 -0.49888175 -0.49833859 -0.535 -0.58666667 -0.58666667 -0.79965211 -0.835 -0.835 -0.92833333 -0.92833333 -0.48333422 -0.96 -0.47666667 -0.195 -0.34833333 -0.34822159 -0.84166667 -0.84166667 -0.55 -0.55 -0.58833333 -0.58833333 -0.58833333 -0.6175621 -0.545 -0.545 -0.545 -0.10833333 -0.10833333 -0.10833333 -0.10833333 -0.10833478 -0.40833333 -0.40833333 -0.40833333 -0.40833333 -0.40833333 -0.41098887 -0.70666667 -0.70667025 -0.78666667 -0.78666667 -0.78666667
-0.93333333 -0.52666667 -0.050000001 -0.40333333 -0.27166667 -0.37166667 -0.54 -0.60892208 -0.18166667 -0.25666667 -0.39166667 -0.048333333 -0.048333654 -1.1166667 -1.1166667 -1.0481599 -1.0483333 -0.8 -0.8 -0.92833279 -0.29166667 -0.29166667 -0.195 -0.34833333 -0.34833333 0.13 -0.28833333 -0.28833333 -0.51167016 -0.55 -0.58833333 -0.58833333 -0.74333333 -0.74329398 -0.36669363 -0.33166667 -0.33166667 -0.1774266 -0.10833333 -0.10833333 -0.12331463 -0.12333333 -0.12333257 -0.46563692 -0.46666022 -0.46666665 -0.46666666 -0.46666664 -0.11125711 -0.78666667 -0.78666667 -0.78666667 -0.78666667
0.17331765 0.08 -0.25364196 0.031666666 0.081666667 -0.40833333 -0.11166667 -0.39833333 -0.55666667 -0.55666667 -0.39166667 -0.60333333 -0.88333325 -1.1166667 -0.33000236 -0.33 -1.0483333 -0.42 -0.31166667 -0.31166667 -0.27595784 -0.25833333 -0.25833333 0.081666661 0.13 0.13 -0.28833333 -0.28833333 -0.51166706 -0.51167382 -0.19599813 -0.74333333 -0.74333333 -0.36666667 -0.36666667 -0.20095306 -0.33166667 -0.33166667 -0.25333605 -0.12333351 -0.12333333 -0.12333333 -0.12332814 -0.46666225 -0.46666667 -0.46666667 -0.46666667 -0.46666637 0.025 -0.78650582 -0.78666667 -0.78666667 -0.78666667
0.17333333 -0.165 -0.091666667 -0.41833333 -0.26667536 -0.39 -0.2 -0.61333333 -0.52333333 -0.55166667 -0.55166667 -0.59166667 -0.88333333 -0.88333333 -0.33379638 -0.711 -0.74833333 -0.27666667 -0.35499996 -0.31166667 -0.58503242 -0.59833333 -0.29833333 0.096666665 0.096664947 -0.036666667 -0.395 -0.39499996 -0.51830997 -0.51833333 -0.195 -0.27590351 -0.35666667 -0.36666667 -0.36115257 -0.091666667 -0.091666667 -0.25333333 -0.25333333 -0.12333333 -0.12333333 -0.12333333 0.32526622 0.32499996 -0.46666667 -0.46666667 -0.46666667 0.024981285 0.025 0.025 -0.78666667 -0.78666667 -0.78666667
-0.11265814 -0.16499999 0.47333333 -0.17 0.018333333 -0.06 -0.295 -0.265 -0.33333333 -0.19245269 -0.41833333 -0.59666667 -0.59666667 -0.30833333 -0.30832929 -0.27798124 -0.27666667 -0.27666667 -0.28862437 -0.19833338 -0.44166667 -0.44166667 -0.275 -0.28913805 -0.023230187 -0.036666667 -0.45 -0.395 -0.043719887 -0.041666667 -0.25333333 -0.14 -0.04850405 -0.25166667 -0.17333333 -0.24833333 -0.19166667 -0.56333333 -0.30845108 -0.12190493 0.19666667 0.43 0.32499159 0.325 0.32054407 -0.46666667 -0.84999998 0.024999992 0.025 0.025 0.024999999 -0.73831627 -0.043333333
0.18 0.18 0.765 0.49166667 -0.078333333 -0.18833333 -0.15 0.21833333 0.15666667 -0.15663909 -0.34333333 -0.23166667 -0.30833333 -0.30833333 0.12166667 0.11620335 -0.27666667 -0.27659144 0.026666667 -0.19833333 -0.19833333 -0.22968284 -0.275 -0.28833308 -0.28833333 -0.28833333 -0.45 0.035 0.035 -0.041666667 -0.041666666 -0.13965545 0.041666667 -0.25166667 -0.026666667 -0.24833333 -0.19166667 -0.18166667 -0.30833333 -0.1050161 0.42999999 0.37245016 0.27333333 0.325 0.325 -0.85 -0.85 -0.85 0.025 0.025 -0.39833333 -0.39833333 -0.3983332
0.18 0.18 0.145 -0.13 -0.74333333 0.09 -0.40333333 -0.53493595 -0.4 -0.26166667 -0.50166667 -0.60833333 -0.23216823 0.12166667 0.12166667 0.12168705 0.29833333 0.28407499 0.026666667 -0.305 -0.305 -0.27666667 -0.27666667 -0.28833333 -0.28833333 -0.28833333 0.035 0.035 0.035 0.23666667 0.23666667 0.23666635 0.105 0.105 -0.093333333 0.02 0.61166667 0.066669787 -0.25666667 -0.10166667 -0.10166667 -0.06833221 0.27333333 0.325 0.31666645 0.02 0.014593624 0.018333331 0.30166667 0.30166667 -0.39833333 -0.39833333 -0.39833333
0.18 0.16480043 0.027647692 -0.25832858 -0.25666667 -0.525 -0.40333333 -0.535 -0.40000113 -0.26319923 -0.60833288 -0.60833333 -0.27833333 0.12166667 0.12166667 0.29833333 0.29833333 0.29831787 0.026666667 -0.305 -0.29943591 -0.27666667 -0.27666667 -0.28833326 -0.28833333 -0.21217997 -0.056666667 -0.056666667 -0.056666655 0.23666667 0.23666667 0.27166667 0.27166667 0.10499946 -0.093333333 0.20999998 0.58306992 0.066666667 0.066666667 -0.10166667 -0.068333333 -0.068333333 -0.068330495 0.31666667 0.31666667 0.02 0.018333333 0.018333333 0.30166667 0.30166667 -0.39833333 -0.39833333 -0.39833333
0.125 0.12163546 0.12332417 0.1205673 -0.25666817 -0.52499366 -0.40333334 -0.53337926 -0.40930288 -0.39638775 -0.27833333 -0.27833333 -0.27833333 -0.27833333 0.12161 0.29833333 0.29833333 0.29482568 0.026666667 -0.30511025 -0.69333333 -0.69333333 -0.69333333 -0.69333333 -0.29498709 -0.056666667 -0.056666667 -0.056666667 -0.056666667 -0.056477121 0.27166667 0.27166667 0.27166667 0.27166667 0.21 0.21 0.21 0.074005502 0.068444161 0.30333333 0.30333333 -0.068313342 0.19333756 0.31665479 0.31666667 0.02 0.018333333 0.018333333 0.30166666 0.30166667 -0.39579381 -0.39833333 -0.24791788
0.125 0.12333333 0.12333333 0.12333333 0.12333333 0.12333306 -0.4036447 -0.46561559 -0.43412208 -0.27846096 -0.27833333 -0.27833333 -0.27833333 -0.27833333 -0.2783335 0.29833333 0.29833329 0.27969885 0.026668117 -0.69333333 -0.69333333 -0.69333333 -0.69333333 -0.69333333 -0.67913581 -0.015618045 0.0099999862 0.01 0.01 0.01 0.27166667 0.27166667 0.27166667 0.27666667 0.27666667 0.21 0.38013355 0.385 0.30333338 0.30333333 0.30333333 0.30333333 0.19333333 0.19333333 0.19333333 0.19212709 -0.056178344 -0.056666667 -0.056666667 -0.056666667 -0.05666666 -0.12500006 -0.125
0.088333333 0.12333333 0.12333333 0.12333333 0.12333333 0.12333333 0.1233333 -0.31836332 -0.52107304 -0.52166667 -0.52166667 -0.52166667 -0.52166667 -0.52166667 -0.52166666 -0.21294996 0.29029507 0.26113291 -0.69324271 -0.69333333 -0.69333333 -0.69333333 -0.69333333 -0.69333269 -0.036666667 -0.036666667 -0.036666601 0.01 0.01 0.010574033 0.29666667 0.29666667 0.27666667 0.27666667 0.27666667 0.36764627 0.385 0.385 0.385 0.30333333 0.30333333 0.30333333 0.19333333 0.19333333 0.19333333 0.19333333 -0.056666666 -0.056666667 -0.056666667 -0.056666667 -0.056666667 -0.125 -0.125
0.088333333 0.10136344 0.12333333 0.12333333 0.12333333 0.12333333 -0.029969906 -0.03 -0.030000012 -0.52166667 -0.52166667 -0.52166667 -0.52166667 -0.52166667 -0.45217546 -0.20666667 -0.20666667 -0.20666667 -0.14334652 -0.14166723 -0.14166667 -0.14166667 -0.14166667 -0.14166667 -0.036666667 -0.036666667 -0.036666667 -0.036666667 0.01 0.29666667 0.29666667 0.29666667 0.27666667 0.27666667 0.27666667 0.595 0.38527805 0.385 0.385 0.30338379 0.40405414 0.63899378 0.19333333 0.19333333 -0.0010648852 -0.0016666667 -0.0016666667 -0.056592521 -0.011823921 -0.011666671 -0.011666675 0.078302534 -0.12499959
0.088333334 0.17105055 0.14863564 0.12333333 0.12333333 -0.029909403 -0.03 -0.03 -0.03 -0.033543091 -0.52166667 -0.52166667 -0.52166667 -0.52166663 -0.20666667 -0.20666667 -0.20666667 -0.20666667 -0.14172473 -0.14166667 -0.14166667 -0.14166667 -0.14166667 -0.14166667 -0.036666669 -0.036666667 -0.036666667 -0.036666667 -0.03545422 0.29666667 0.29666667 0.29666667 0.43166666 0.27670279 0.595 0.595 0.595 0.59857528 0.62386599 0.64 0.64 0.64 0.21333333 0.21333333 -0.0016666667 -0.0016666667 -0.0016666667 -0.011666667 -0.011666667 -0.011666667 -0.011666667 0.078333333 0.078333333
0.17334871 0.17333333 0.17333333 0.17333333 0.12166667 -0.029996088 -0.03 -0.03 -0.03 -0.03 -0.47699865 -0.52165898 -0.52166665 -0.20666667 -0.20666667 -0.20666667 -0.20666667 -0.20666667 -0.20546393 -0.14166667 -0.14166667 -0.14166667 -0.14166667 -0.14166667 -0.11800895 -0.15999933 -0.16 -0.16 -0.16 0.29666667 0.43166666 0.43166667 0.43166667 0.43166667 0.595 0.5950086 0.92166667 0.92166667 0.64351703 0.64 0.64 0.64 0.21333333 0.21333333 0.031622736 -0.0016666667 -0.0016666667 -0.011666667 -0.011666667 -0.011666667 -0.010701633 0.078333333 0.078333333
0.17333333 0.17333333 0.17333333 0.14900273 0.12166667 0.12166667 -0.03 -0.03 -0.03 -0.03 0.068333333 0.068333333 0.068333333 -0.20666667 -0.20666667 -0.20666667 -0.20666667 -0.2066394 -0.26833333 -0.26833333 -0.14166672 -0.14166667 -0.14154494 -0.13666667 -0.13687673 -0.16 -0.16 -0.16 -0.16 0.43160642 0.43166667 0.43166667 0.43166667 0.43166667 0.92166552 0.92166667 0.92166667 0.92166667 0.92065216 0.64 0.64 0.64 0.21333333 0.21333333 0.21333333 -0.0016666667 -0.0016666667 -0.011666665 -0.011666667 -0.011666666 0.078333333 0.078333333 0.078333333
0.17333333 0.17333333 0.17333333 0.12166667 0.12166667 0.12166667 0.12166643 -0.03 -0.03 0.068231825 0.068333333 0.068333333 0.068333333 0.068161998 -0.073111969 -0.041666667 -0.041666667 -0.041666668 -0.26833333 -0.26833333 -0.26833333 -0.13666667 -0.13666667 -0.13666667 -0.13665313 -0.12240909 -0.16 -0.16 -0.16 0.32857881 0.32167749 0.32166667 0.32166667 0.32166667 0.74855627 0.50666761 0.50666667 0.50666667 0.50666667 0.37003694 0.37 0.37 0.21333333 0.21333333 0.080000557 0.079999999 0.078333333 0.078333333 0.17166667 0.17166667 0.17166667 0.078333333 0.061681569
0.1733342 0.17333333 0.17333333 0.12166667 0.12166667 0.12166667 0.12166667 0.38333321 -0.028347332 0.068566073 0.068333333 0.068333333 0.068333333 0.068117483 -0.041666667 -0.041666667 -0.041666667 -0.041666732 -0.26833333 -0.26833333 -0.26833333 -0.13666667 -0.13666667 -0.13666667 -0.088333333 -0.088333333 0.074999998 0.075 0.075 0.076345644 0.32166667 0.32166667 0.32166667 0.32166667 0.41411582 0.50666667 0.50666667 0.50666667 0.50666667 0.37 0.37 0.37 0.36087549 0.08 0.08 0.08 0.078333333 0.078333333 0.17166667 0.17166667 0.17166667 0.06166667 0.061666667
0.45333333 0.3259661 0.39166667 0.39158834 0.12166667 0.38181934 0.38333333 0.38333333 0.43252445 0.325 0.325 0.325 0.325 0.26333534 0.26333333 -0.041666433 -0.041666667 -0.047639 -0.26833333 -0.26833333 -0.26833333 0.415 0.415 0.415 -0.088333333 -0.088333333 0.075 0.075 0.075 0.075000157 0.29166686 0.29166675 0.32091266 0.3216345 0.15352778 0.15333333 0.15333333 0.15333333 0.15333333 0.37 0.37 0.37 0.095968247 0.08 0.08 0.080000012 0.078333333 0.078333333 0.078336693 0.17166667 0.17165482 -0.093333333 0.061666667
0.45833238 0.45833332 0.39166667 0.39166667 0.39166667 0.38333333 0.38333333 0.38333333 0.51833333 0.51833333 0.325 0.325 0.325 0.26333333 0.26333333 0.26333333 0.26333333 0.26327317 -0.26833333 -0.26833333 -0.26833331 0.415 0.415 0.415 -0.088333333 -0.088333333 0.075 0.075 0.075 0.28922373 0.29166667 0.29166667 0.29166667 0.29166667 0.15340159 0.15333333 0.15333333 0.15333333 0.15333333 0.28000002 0.28 0.28 0.28 0.080000524 0.14833333 0.14833333 0.14833333 0.11333333 0.11333333 0.11333333 -0.093333333 -0.093333333 -0.093333333
0.45833333 0.45833333 0.39166667 0.39166667 0.39166667 0.38337713 0.38333333 0.51833333 0.51833333 0.51833333 0.3250238 0.325 0.39309373 0.26333337 0.26333333 0.26333333 0.26333333 0.31166667 0.31166667 0.31166667 -0.11833332 -0.11833294 0.4149974 0.415 0.41440712 -0.34666667 -0.34666667 -0.34666566 0.074931856 0.01672147 0.01666813 0.016714678 0.29119666 0.29142934 0.17779229 0.15333327 0.15274687 -0.021666667 -0.021666667 0.28 0.28 0.28 0.28 0.14833333 0.14833333 0.14833333 0.14833333 0.11333333 0.11333333 0.11333333 -0.093333333 -0.093333333 -0.093333333
0.45833333 0.45833333 0.39166667 0.39166667 0.39166667 0.39166667 0.43385989 0.51833333 0.51833333 0.51833333 0.51827257 0.40833333 0.40833333 0.40833333 0.26418785 0.26333333 0.31134459 0.31166667 0.31166667 0.31166667 -0.11833333 -0.11833333 -0.11833333 -0.11833333 -0.34666667 -0.34666667 -0.34666667 -0.34666667 -0.34666667 0.016666667 0.016666667 0.016666667 0.016666667 0.016666625 -0.0033333333 -0.021666667 -0.021666667 -0.021666667 -0.021666667 -0.021666437 0.0033333333 0.0033333333 0.0033333333 -0.014563172 -0.051666667 -0.051666667 -0.051666667 0.11333333 0.11333289 -0.34333333 -0.34333333 -0.43325062 -0.43333333
0.45833333 0.45833333 0.41572865 0.39166667 0.39166667 0.39166667 0.4567761 0.51813899 0.51833333 0.51833333 0.40833339 0.40833333 0.40833333 0.40833333 0.40833333 0.39643377 0.31166667 0.31166667 0.31166667 0.31166667 -0.11833001 -0.11833333 -0.11833333 -0.11833333 -0.34666667 -0.34666667 -0.34666667 -0.34666667 -0.34666667 -0.30477937 0.016666667 0.016666667 0.016666667 -0.0033333333 -0.0033333333 -0.0033475696 -0.021666667 -0.021666667 -0.06481302 -0.098333326 0.0033333333 0.0033333333 0.0033333333 -0.013971051 -0.051666667 -0.051666667 -0.051666667 -0.14333333 -0.34084135 -0.34333333 -0.34333333 -0.43333333 -0.43333333
0.295 0.295 0.295 0.36742968 0.39193833 0.45666667 0.45666667 0.45666667 0.45666667 0.70166666 0.70166667 0.40833335 0.40833333 0.40833333 0.40833333 0.40832721 0.31166667 0.31166667 0.31166667 0.31166667 0.069304718 -0.11833333 -0.11833333 -0.133076 -0.66674949 -0.34666667 -0.34666667 -0.34666667 -0.41833333 -0.41833333 -0.41833333 -0.41833151 -0.0033333333 -0.0033333333 -0.0033333333 -0.0033333333 -0.098333333 -0.098333333 -0.098333333 -0.098333333 0.018333333 0.018333333 0.018333333 0.051665996 0.051666667 0.051666667 0.051666634 -0.14333333 -0.14333333 -0.34308964 -0.34333333 -0.43333211 -0.43333333
