interpolatedSpi/07-10|22_3.tif
NCOLS 53
NROWS 52
XLLCORNER -116.03883
YLLCORNER 28.596182
DX 0.49850594
DY 0.49788537
NODATA_VALUE -9999
[rows 0 to 38 of 52, columns 0 to 52 of 53]
-0.9675 -0.9675 -1.3956581 -1.6525 -1.345 -0.9075 -1.22 -1.405 -1.5504835 -0.895 -1.515 -0.76 -1.0549934 -0.975 -0.86 -0.86 -0.86 0.0875 -0.04 -0.04 -0.04 -0.04000053 -0.095 -0.0525 -0.0525 -0.0525 -0.70249827 -0.7025 -0.7025 -1.005 -1.005 -1.005 -1.005 -0.78000005 -0.78 -0.78 -0.78 -0.78 -0.78 -0.77999996 0.64712842 0.66219754 -0.525 -0.525 -0.525 -0.525 -0.52475908 -0.3775 -0.3775 -0.3775 -0.65749942 -0.6575 -0.6575
-0.96751911 -1.3975 -1.2999998 -1.1877318 -0.83031545 -1.345 -1.57 -0.89313156 -0.8875 -1.24 -0.9125 -1.055 -1.055 -0.27982579 -0.97499056 -0.86 0.0875 0.0875 -0.039833757 -0.04 -0.04 -0.04 -0.081187215 -0.0525 -0.0525 -0.0525 -1.0449999 -1.045 -1.005 -1.005 -1.005 -1.005 -1.005 -0.78000003 -0.78 -0.78 -0.78 -0.78 -0.77999993 -0.58590537 0.39743292 -0.41306217 -0.525 -0.525 -0.525 -0.525 -0.525 -0.3775 -0.3775 -0.3775 -0.40071787 -0.6575 -0.6575
-0.91746151 -0.9175 -1.1425 -0.795 -0.91 -1.0225 -0.8475 -0.595 -1.4525 -0.49 -1.015 -0.8525 -1.3025 0.095 -0.2775 -0.3 0.0875 0.0875 0.0875 0.0049869184 0.005 0.005 -0.5975 -0.0525 -0.0525 -0.0525 -1.045 -1.045 -1.045 -1.005 -1.005 -1.005 -1.084431 -0.77852557 -0.77159965 0.11422997 0.1225 0.1225 0.15708775 0.3975 0.3975 0.39632035 -0.525 -0.525 -0.525 -0.525 -0.525 -0.3775 -0.3775 -0.3775 -0.3775 -0.6575 -0.6575
-0.82 -0.91749988 -0.31509344 0.135 -0.9975 -0.4625 -0.8425 -1.06 -0.7 -0.51817501 -0.525 0.1025 -0.125 0.095 -0.4475 -0.3 -1.1310923 -1.1366417 -1.58 0.005 0.005 -1.0425 -0.5975 -0.5975 -0.0525 -0.052504957 -1.045 -1.045 -1.045 -1.485 -1.3121665 -1.17 -1.17 -1.169999 0.1225 0.1225 0.1225 0.1225 0.3975 0.3975 0.3975 0.39749997 -0.525 -0.525 -0.525 -0.525 -0.525 -0.37750186 -0.3775 -0.3775 -0.3775 -0.65748048 -0.6575
-0.82 0.24499897 -0.315 -0.056785523 -0.9975 -1.075 -0.97998489 0.395 -0.655 0.48999955 0.17447346 0.027458461 -0.2625 -0.4475 -0.4475 -0.36196625 -1.1375 -1.1375 -1.58 -1.58 0.0049978675 -1.0425 1.035 -0.235 -0.82 -0.81966095 -1.045 -1.045 -1.485 -1.485 -1.17 -1.17 -1.17 -0.98236944 0.1225 0.1225 0.1225 0.3975 0.3975 0.3975 0.3975 0.39744763 -0.52499999 -0.525 -0.525 -0.525 -0.525 -0.52368707 -0.3775 -0.37748576 -0.06 -0.06 -0.06
-2.1675 -0.4775 -0.44750002 -0.625 -0.53 -0.7875 -0.9125 -0.74510255 -0.36 -1 -1.6625 -0.4 -0.39999991 -0.5975 -0.5975 -0.66753078 -0.6675 -1.1 -1.1 -1.5799991 -1.4425 -1.4425 -0.235 -0.82 -0.82 0.63 0.1225 0.1225 -0.09762674 -1.485 -1.17 -1.17 -0.175 -0.17490753 0.70993663 0.76 0.76 0.50964765 0.3975 0.3975 -0.14432339 -0.145 -0.14499636 -0.63796993 -0.63998729 -0.63999997 -0.64 -0.63999995 -0.04467285 -0.06 -0.06 -0.06 -0.06
-2.0900005 -0.2975 0.13885335 -0.1825 -0.5425 -0.945 -0.185 0.285 0.175 0.175 -1.6625 -0.6025 -1.5524998 -0.5975 -0.79499941 -0.795 -0.6675 -0.825 -0.54 -0.54 -1.268132 -1.0725 -1.0725 0.37499998 0.63 0.63 0.1225 0.1225 -0.097532635 -0.098100834 0.23473977 -0.175 -0.175 0.71 0.71 0.82808 0.76 0.76 0.59250581 -0.14499897 -0.145 -0.145 -0.14497982 -0.63999545 -0.64 -0.64 -0.64 -0.63999964 -0.03 -0.059994055 -0.06 -0.06 -0.06
-2.09 -0.2325 0.27 -0.6925 -0.25002537 -0.4975 -0.1525 0.83499998 -0.0875 0.145 0.145 -0.7325 -1.5525 -1.5525 -0.80019715 -1.1410876 -1.175 -0.3525 -0.87249966 -0.54 0.0066559411 0.075 -0.585 0.31 0.30999516 -0.065 -0.235 -0.23499987 -0.65553768 -0.65749998 0.2375 -0.019834133 0.455 0.71 0.70864524 0.885 0.885 0.5925 0.5925 -0.145 -0.145 -0.14499997 0.17681037 0.17499996 -0.64 -0.64 -0.64 -0.030023219 -0.03 -0.03 -0.06 -0.06 -0.06
-0.3990078 -0.2325 0.2725 0.2375 -0.02 0.1025 0.3 0.885 0.5 0.039479779 -0.5075 -0.8675 -0.8675 0.0675 0.0674933 -1.6262388 -1.6275 -1.6275 -0.43187881 -0.54000004 -0.73 -0.72999999 0.3525 -0.21554666 -0.027209901 -0.065 -0.2275 -0.235 -0.1629213 -0.1625 -0.1525 0.895 0.33846272 0.0625 0.6625 0.775 1.0525 0.2275 1.3244932 -0.13823738 1.37 0.5025 0.1750993 0.175 0.17041274 -0.64 0.72999993 -0.029999993 -0.03 -0.03 -0.030000002 -0.13968476 -0.3525
-1.33 -1.33 0.3025 0.31 0.2175 0.8725 0.425 0.4575 0.145 -0.077470978 0.05 0.3875 0.0675 0.0675 -0.645 -0.65847543 -1.6275 -1.6272097 -0.325 -0.54 -0.54 -0.56447839 0.3525 -0.0024932777 -0.0025 -0.0025 -0.2275 0.64 0.64 -0.1625 -0.1625 0.89290424 -0.21 0.0625 0.1525 0.775 1.0525 1.2075 1.325 0.036231077 0.50250004 0.60627338 0.785 0.175 0.175 0.73 0.73 0.73 -0.03 -0.03 -0.7 -0.7 -0.69999987
-1.33 -1.33 -0.38 -0.53 -0.285 0.165 0.080000002 0.21790767 0.8375 0.3675 0.13 -0.125 0.38681724 -0.645 -0.645 -0.64499452 -0.5975 -0.58319792 -0.325 -0.7325 -0.7325 -0.8375 -0.8375 -0.0025 -0.0025 -0.0025 0.64 0.64 0.64 -0.9975 -0.9975 -0.9974987 -0.24 -0.24 -0.045 -0.6725 0.66 0.53750296 0.4675 0.015 0.015 -0.20749674 0.785 0.175 0.1624995 -0.5125 0.24708878 0.245 0.035 0.035 -0.7 -0.7 -0.7
-1.33 -0.91978659 -0.44401035 -0.49249348 0.3025 0.48 0.08 0.2175 0.83749482 0.37270703 -0.12499936 -0.125 -0.14 -0.645 -0.645 -0.5975 -0.5975 -0.59748449 -0.325 -0.7325 -0.75311986 -0.8375 -0.8375 -0.0025330929 -0.0025 -0.088788885 -0.265 -0.265 -0.26499989 -0.9975 -0.9975 -0.73 -0.73 -0.23999947 -0.045 -0.2499999 0.69607892 0.5375 0.5375 0.014999993 -0.2075 -0.2075 -0.20749717 0.1625 0.1625 -0.5125 0.245 0.245 0.035 0.035 -0.7 -0.7 -0.7
0.015 -0.091716532 -0.065017132 -0.06808657 0.3025006 0.47999581 0.080000011 0.21580747 0.79477566 0.82522705 -0.14 -0.14 -0.14 -0.14 -0.64492846 -0.5975 -0.5975 -0.59398159 -0.325 -0.73236869 -0.2875 -0.2875 -0.2875 -0.2875 -0.0075422733 -0.265 -0.265 -0.265 -0.265 -0.26555866 -0.73 -0.73 -0.73 -0.73 -0.25 -0.25 -0.25 0.49993469 0.52850613 -0.66 -0.66 -0.20752434 -0.44747912 0.16244125 0.1625 -0.5125 0.245 0.245 0.035000001 0.035 -0.6973335 -0.7 -0.53547044
0.015 -0.065 -0.065 -0.065 -0.065 -0.064999771 0.081023898 0.14514035 0.68079102 -0.13895897 -0.14 -0.14 -0.14 -0.14 -0.13999966 -0.5975 -0.59749996 -0.57880836 -0.32500368 -0.2875 -0.2875 -0.2875 -0.2875 -0.2875 -0.28901317 -0.55269848 -0.7399999 -0.74 -0.74 -0.74 -0.73 -0.73 -0.73000058 -1.215 -1.215 -0.25 -0.89407702 -0.9125 -0.66000015 -0.66 -0.66 -0.66 -0.4475 -0.4475 -0.4475 -0.44795234 0.16039571 0.16 0.16 0.16 0.16 0.064999842 0.065
0.3775 -0.065 -0.065 -0.065 -0.065 -0.065 -0.064999989 -0.020279166 0.34615061 0.345 0.345 0.345 0.345 0.345 0.345 0.090154102 -0.58664482 -0.56018549 -0.28750481 -0.2875 -0.2875 -0.2875 -0.2875 -0.28749962 -0.3575 -0.3575 -0.35750054 -0.74 -0.74 -0.74004005 -0.76 -0.76 -1.215 -1.215 -1.215 -0.96095717 -0.9125 -0.9125 -0.9125 -0.66 -0.66 -0.66 -0.4475 -0.4475 -0.4475 -0.4475 0.15999998 0.16 0.16 0.16 0.16 0.065 0.065
0.3775 0.21276228 -0.065 -0.065 -0.065 -0.065 -0.35494308 -0.355 -0.35499998 0.345 0.345 0.345 0.345 0.345 0.28764218 0.085 0.085 0.085 0.034018108 0.034999671 0.035 0.035 0.035 0.035 -0.3575 -0.3575 -0.3575 -0.3575 -0.74 -0.76 -0.76 -0.76 -1.215 -1.215 -1.215 -0.8175 -0.91237422 -0.9125 -0.9125 -0.66006713 -0.79387889 -1.1061625 -0.4475 -0.4475 -0.79143531 -0.7925 -0.7925 0.15813211 -0.97103369 -0.9749999 -0.97499978 -0.77487291 0.064998292
0.3775 -0.24287848 -0.16367898 -0.065 -0.065 -0.35482865 -0.355 -0.355 -0.355 -0.3499556 0.345 0.345 0.345 0.34499997 0.085 0.085 0.085 0.085 0.035044664 0.035 0.035 0.035 0.035 0.035 -0.35749999 -0.3575 -0.3575 -0.3575 -0.35896403 -0.76 -0.76 -0.76 -0.32000001 -1.214938 -0.8175 -0.8175 -0.8175 -0.81640781 -1.095143 -1.1075 -1.1075 -1.1075 -1.1525 -1.1525 -0.7925 -0.7925 -0.7925 -0.975 -0.975 -0.975 -0.975 -0.775 -0.775
-0.25958496 -0.26 -0.26 -0.26 -0.6125 -0.35500664 -0.355 -0.355 -0.355 -0.355 0.36884781 0.3450041 0.34500001 0.085 0.085 0.085 0.085 0.085 0.068454576 0.035 0.035 0.035 0.035 0.035 -0.3781163 -0.7449979 -0.745 -0.745 -0.745 -0.75999998 -0.32000001 -0.32 -0.32 -0.32 -0.8175 -0.81749737 -0.7175 -0.7175 -1.1026303 -1.1075 -1.1075 -1.1075 -1.1525 -1.1525 -0.8482404 -0.7925 -0.7925 -0.975 -0.975 -0.975 -0.97285548 -0.775 -0.775
-0.26 -0.26 -0.26 -0.42599751 -0.6125 -0.6125 -0.355 -0.355 -0.355 -0.355 0.66 0.66 0.66 0.085 0.085 0.085 0.085 0.084984301 -0.115 -0.115 0.034999939 0.035 0.027270212 -0.2825 -0.28666368 -0.745 -0.745 -0.745 -0.745 -0.32004328 -0.32 -0.32 -0.32 -0.32 -0.71750035 -0.7175 -0.7175 -0.7175 -0.71886463 -1.1075 -1.1075 -1.1075 -1.1525 -1.1525 -1.1525 -0.7925 -0.7925 -0.97499999 -0.975 -0.975 -0.775 -0.775 -0.775
-0.26 -0.26 -0.26 -0.6125 -0.6125 -0.6125 -0.61249961 -0.355 -0.355 0.65895223 0.66 0.66 0.66 0.65964175 0.0081048709 -0.01 -0.01 -0.010000001 -0.115 -0.115 -0.115 -0.2825 -0.2825 -0.2825 -0.28253572 -0.56928436 -0.745 -0.745 -0.745 -0.29521622 -0.27750418 -0.2775 -0.2775 -0.2775 -0.6660549 -0.59500028 -0.595 -0.595 -0.595 -1.2199846 -1.22 -1.22 -1.1525 -1.1525 -0.82750136 -0.82749976 -0.145 -0.145 -0.5 -0.5 -0.5 -0.775 0.22410588
-0.2600002 -0.26 -0.26000001 -0.6125 -0.6125 -0.6125 -0.6125 -0.19750005 -0.35437025 0.65956021 0.66 0.66 0.66 0.65868527 -0.01 -0.01 -0.01 -0.01000003 -0.115 -0.115 -0.115 -0.2825 -0.2825 -0.2825 -0.41 -0.41 -0.38 -0.38 -0.38 -0.37944083 -0.2775 -0.2775 -0.2775 -0.2775 -0.43616291 -0.595 -0.595 -0.595 -0.595 -1.22 -1.22 -1.22 -1.2076504 -0.8275 -0.8275 -0.8275 -0.145 -0.145 -0.5 -0.5 -0.5 0.22499998 0.225
-0.325 -0.29695087 -0.3425 -0.34257833 -0.6125 -0.19990118 -0.1975 -0.1975 -0.15468551 0.17499999 0.175 0.175 0.175 0.13000146 0.13 -0.0099998925 -0.01 -0.012766596 -0.115 -0.115 -0.115 -0.4375 -0.4375 -0.4375 -0.41 -0.41 -0.38 -0.38 -0.38 -0.38000024 -0.70749727 -0.70749879 -0.2883074 -0.27796099 -1.1165398 -1.1175 -1.1175 -1.1175 -1.1175 -1.22 -1.22 -1.22 -0.84911217 -0.8275 -0.8275 -0.82749995 -0.145 -0.145 -0.14501278 -0.5 -0.49997451 0.07 0.225
-0.38498861 -0.38499999 -0.3425 -0.3425 -0.3425 -0.1975 -0.1975 -0.1975 -0.08 -0.08 0.175 0.175 0.175 0.13 0.13 0.13 0.13 0.12997228 -0.115 -0.115 -0.11500001 -0.4375 -0.4375 -0.4375 -0.41 -0.41 -0.38 -0.38 -0.38 -0.70380741 -0.7075 -0.7075 -0.7075 -0.7075 -1.1172977 -1.1175 -1.1175 -1.1175 -1.1175 -1.065 -1.065 -1.065 -1.065 -0.82749772 -0.53 -0.53 -0.53 0.0175 0.0175 0.0175 0.07 0.07 0.07
-0.385 -0.385 -0.3425 -0.3425 -0.3425 -0.19826215 -0.1975 -0.08 -0.08 -0.08 0.17496861 0.175 0.029960362 0.12999997 0.13 0.13 0.13 -0.0725 -0.0725 -0.0725 -0.77999999 -0.77999975 -0.43750167 -0.4375 -0.4378554 -1.05 -1.05 -1.0499984 -0.38010828 -1.2223974 -1.2224973 -1.2224101 -0.70838019 -0.70794444 -1.0448113 -1.1175001 -1.1185556 -1.4325 -1.4325 -1.065 -1.065 -1.065 -1.065 -0.53 -0.53 -0.53 -0.53 0.0175 0.0175 0.0175 0.07 0.07 0.07
-0.385 -0.385 -0.3425 -0.3425 -0.3425 -0.3425 -0.15352318 -0.08 -0.08 -0.08 -0.07995719 -0.0025 -0.0025 -0.0025 0.12921915 0.13 -0.07115059 -0.0725 -0.0725 -0.0725 -0.78 -0.78 -0.78 -0.78 -1.05 -1.05 -1.05 -1.05 -1.05 -1.2225 -1.2225 -1.2225 -1.2225 -1.2224995 -0.985 -1.4325 -1.4325 -1.4325 -1.4325 -1.4324985 -1.03 -1.03 -1.03 -0.93237451 -0.73 -0.73 -0.73 0.017499979 0.017499561 -0.435 -0.435 0.29994405 0.3
-0.385 -0.385 -0.35783952 -0.3425 -0.3425 -0.34249999 0.1396096 -0.079306681 -0.08 -0.08 -0.0024999501 -0.0025 -0.0025 -0.0025 -0.0025 0.0083501854 -0.0725 -0.0725 -0.0725 -0.0725 -0.77999453 -0.78 -0.78 -0.78 -1.05 -1.05 -1.05 -1.05 -1.05 -1.3462752 -1.2225 -1.2225 -1.2225 -0.985 -0.985 -0.98534749 -1.4325 -1.4325 -1.3424554 -1.2725 -1.03 -1.03 -1.03 -0.93516642 -0.73 -0.73 -0.73 -1.285 -0.44559092 -0.435 -0.435 0.3 0.3
0.14 0.14 0.14 -0.22152399 -0.34189206 0.14 0.14 0.14 0.14 0.235 0.235 -0.0024999832 -0.0025 -0.0025 -0.0025 -0.0025044401 -0.0725 -0.0725 -0.0725 -0.0725 -0.47126995 -0.78 -0.78 -0.76874672 -0.38117021 -1.05 -1.05 -1.05 -1.39 -1.39 -1.39 -1.3899993 -0.985 -0.985 -0.985 -0.985 -1.2725 -1.2725 -1.2725 -1.2725 -1.125 -1.125 -1.125 -1.1674991 -1.1675 -1.1675 -1.1674999 -1.285 -1.285 -0.43603568 -0.435 0.2999961 0.3
0.14 0.14 0.14 0.13999623 0.07 0.08017915 0.14 0.14 0.14 0.235 0.235 0.235 -0.092499995 -0.0925 -0.0925 -0.092499985 -0.071437543 -0.0725 -0.0725 -0.0725 -0.083204741 -0.35000118 -0.35 -0.35 -0.35 -0.35000002 -0.715 -0.715 -1.39 -1.39 -1.39 -1.39 -0.98499989 -0.985 -0.985 -0.98498799 -1.2725 -1.2725 -1.2725 -1.2713704 -1.125 -1.125 -1.125 -1.167498 -1.1675 -1.1675 -1.1675 -1.285 -1.285 -1.2849999 -0.4725 -0.4725 -0.28
0.14 0.14 0.14 0.070000161 0.07 0.07 0.13999997 0.14 0.14 0.235 0.235 0.235 -0.0925 -0.0925 -0.0925 -0.04680427 0.5075 0.5075 0.5074985 -0.069224011 -0.35 -0.35 -0.35 -0.35 -0.35 -0.35027468 -0.715 -0.715 -0.715 -1.39 -1.39 -1.389786 -0.8375 -0.8375 -0.8375 -0.655 -0.655 -1.015 -1.015 -1.015 -0.585 -1.1248306 -1.1249975 -0.795 -0.795 -0.80911733 -1.1674992 -1.285 -1.285 -0.4725 -0.4725 -0.4725 -0.28
0.14 0.14 0.14 0.07 0.07 0.07 0.07 0.14 0.14 0.235 0.235 -0.079404724 -0.0925 -0.0925 -0.0925 0.5075 0.5075 0.5075 0.5075 0.5075 -0.35 -0.35 -0.35 -0.35 -0.35 -0.71499875 -0.715 -0.715 -0.715 -1.0575 -1.0575 -1.0575 -0.8375 -0.8375 -0.8375 -0.655 -0.655 -1.015 -1.015 -0.585 -0.585 -0.585 -0.795 -0.795 -0.795 -0.795 -0.74776528 -0.22 -0.22 -0.22 -0.47249998 0.4425 0.4425
0.14 0.14 0.13990252 0.07 0.07 0.07 0.07 0.17234127 0.1775 0.17759872 0.235 -0.092470476 -0.0925 -0.0925 -0.092497924 0.5075 0.5075 0.5075 0.5075 0.5075 1.1940255 -0.35 -0.35 -0.35 -0.3498826 -0.71494739 -0.715 -0.715 -0.715 -1.0575 -1.0575 -1.0575 -1.0574714 -0.8375 -0.655 -0.655 -0.655 -0.65501493 -1.0149707 -0.585 -0.585 -0.585 -0.79498725 -0.795 -0.795 -0.795 -0.22000076 -0.22 -0.22 -0.22 0.4425 0.4425 0.4425
0.7375 0.73749896 0.07006038 0.07 0.07 0.07 0.17747713 0.1775 0.1775 0.1775 0.26 0.26 0.26 0.26 0.50635764 0.5075 0.5075 0.5075 0.5075 1.2599996 1.26 1.26 0.21999991 0.22 0.22 0.22 0.13929747 -0.715 -1.44747 -1.4475 -1.4475 -1.4475 -1.4475 -0.82 -0.82 -0.82 -0.82 -0.82 -0.5825 -0.5825 -0.5825 -0.5825 -0.5825 -0.29076125 -0.29 -0.29 -0.29 -0.22 -0.22 -0.22 0.44239563 0.4425 0.4425
0.7375 0.7375 0.73653697 0.62249889 0.62249988 0.62206581 0.1775 0.1775 0.1775 0.1775 0.26 0.26 0.26 0.26 0.26 0.5075 0.5075 0.5075 1.2599998 1.26 1.26 1.26 0.22 0.22 0.22 0.22 0.22 0.21980049 -1.4473774 -1.4475 -1.4475 -1.4475 -1.4474507 -1.1091198 -0.82029937 -0.82 -0.82 -0.82000001 -0.5825 -0.5825 -0.5825 -0.5825 -0.5825 -0.29 -0.29 -0.29 -0.29 -0.25726663 -0.22 -0.18539049 -0.185 -0.44 -0.44
0.7375 0.7375 0.62251457 0.6225 0.6225 0.6225 0.50947188 0.1775 0.1775 0.1775 0.26 0.26 0.26 0.26 0.26 0.50732096 0.5075 1.2597794 1.26 1.26 1.26 1.26 0.60527474 0.22 0.22 0.22 0.22 0.21904396 -1.13 -1.13 -1.13 -1.13 -1.13 -1.33 -1.33 -1.33 -1.33 -1.33 -1.1875 -1.1875 -1.1875 -1.1875 -1.1875 -0.29017702 -0.29000004 -0.29 -0.29001229 -0.29146361 -0.185 -0.185 -0.185 -0.43999857 -0.44
0.73750033 0.91399072 0.62250004 0.6225 0.6225 0.6225 0.6225 0.17768948 0.1775 0.1775 0.26 0.26 0.26 0.26 1.4871247 1.515 1.515 1.2600066 1.26 1.26 1.26 1.26 1.2599999 0.22 0.22 0.22 0.22 -0.94250014 -0.94250009 -0.98240456 -1.13 -1.13 -1.13 -1.33 -1.33 -1.33 -1.33 -1.3298002 -1.1875 -1.1875 -1.1875 -1.1875 -1.187492 -0.3625 -0.3625 -0.3625 -0.3625 -0.36248568 -0.185 -0.185 -0.185 -0.18500026 -0.60010679
0.9175 0.9175 0.88372495 0.6225 0.6225 0.6225 0.6225 0.6225 0.17769267 1.385 1.385 1.385 1.3823301 1.5149982 1.515 1.515 1.515 1.515 1.2599969 1.2333312 1 1 1 0.79934298 0.17898136 -0.040501619 -0.22607352 -0.9425 -0.9425 -0.9425 -0.9425 -0.9425 -0.9448563 -1.029725 -1.035 -1.035 -1.035 -1.035 -1.1677753 -1.0825002 -1.0825 -1.0825 -1.0825 -0.52999951 -0.36250004 -0.3625 -0.3625 -0.215 -0.18500048 -0.185 -0.185 -0.6025 -0.6025
0.9175 0.9175 1.0575 1.0575 1.0575 0.6226449 0.6225 0.6225 1.385 1.385 1.385 1.385 1.385 1.515 1.515 1.515 1.515 1.515 1 1 1 1 1 -0.29249993 -0.2925 -0.2925 -0.2925 -0.9425 -0.9425 -0.9425 -0.9425 -0.9425 -0.565 -0.565 -1.035 -1.035 -1.035 -0.86252938 -0.8625 -1.0825 -1.0825 -1.0825 -1.0824999 -0.53 -0.53 -0.53 -0.215 -0.215 -0.215 0.045 0.045 -0.6025 -0.6025
0.9175 0.9175 1.0575 1.0575 1.0575 1.0575 1.0574982 0.7275 1.3843809 1.385 1.385 1.385 1.385 1.5133784 1.515 1.515 1.515 1.515 1 1 1 1 1 -0.2925 -0.2925 -0.2925 -0.2925 -0.29250266 -0.9425 -0.9425 -0.9425 -0.56501979 -0.565 -0.565 -0.565 -1.035 -0.8625 -0.8625 -0.8625 -0.86828861 -0.7242214 -0.6575 -0.6575 -0.53 -0.53 -0.53 -0.215 -0.215 -0.215 0.045 0.045 0.045 -0.39644953
0.705 0.70500167 1.0575 1.0575 1.0575 1.0575 0.7275 0.7275 0.7275 1.385 1.385 1.385 1.385 1.3850404 1.515 1.515 1.515 1.515 1.000009 1 1 1 -0.064804408 -0.2925 -0.2925 -0.2925 -0.2925 -0.61749973 -0.6175 -0.6175 -0.93899777 -0.565 -0.565 -0.565 -0.56499985 -0.41 -0.8625 -0.8625 -0.8625 -0.8625 -0.6575 -0.6575 -0.6575 -0.3925 -0.3925 -0.3925 -0.72745009 -0.215 -0.215 0.044999997 0.045 0.045 -0.37499929
