interpolatedSpi/07-12|23_2.tif
NCOLS 53
NROWS 52
XLLCORNER -116.03883
YLLCORNER 28.596182
DX 0.49850594
DY 0.49788537
NODATA_VALUE -9999
[rows 0 to 27 of 52, columns 0 to 52 of 53]
-0.76666667 -0.76666667 -0.60073789 -0.83333333 -0.41333333 -0.91 -0.82666667 -0.78166667 -1.0637679 -1.3716667 -0.86666667 -1.2083333 -1.5316045 -0.77666667 -0.31333333 -0.31333333 -0.31333333 -0.86166667 -0.425 -0.425 -0.425 -0.42500319 -0.75666666 -0.42333333 -0.42333333 -0.42333333 -1.451668 -1.4516667 -1.4516667 -1.7083333 -1.7083333 -1.7083333 -1.7083333 -0.97666681 -0.97666667 -0.97666667 -0.97666667 -0.97666667 -0.97666667 -0.97666665 -0.38800645 -0.38174768 -0.7 -0.7 -0.7 -0.7 -0.69850549 0.215 0.215 0.215 -0.063332755 -0.063333333 -0.063333333
-0.76668066 -1.0816667 -0.6400005 -0.69934178 -0.77190176 -1.1133333 -1.03 -0.76361243 -1.23 -0.7 -1.465 -1.5316667 -1.5316667 -1.2401161 -0.77666819 -0.31333333 -0.86166667 -0.86166667 -0.42556935 -0.425 -0.425 -0.425 -0.45500332 -0.42333333 -0.42333333 -0.42333333 -0.43833333 -0.43833333 -1.7083333 -1.7083333 -1.7083333 -1.7083333 -1.7083333 -0.97666677 -0.97666667 -0.97666667 -0.97666667 -0.97666667 -0.97666662 -0.76999653 0.30490932 -0.57805165 -0.7 -0.7 -0.7 -0.7 -0.7 0.215 0.215 0.215 0.19192033 -0.063333333 -0.063333333
0.054970224 0.055 -1.0716667 -0.64333333 -1.1066667 -0.325 -0.40666667 -0.41166667 -0.91333333 -0.94833333 -1.0633333 -1.1433333 -1.2433333 -1.625 -1.2416667 -1.3666667 -0.86166667 -0.86166667 -0.86166667 -0.63827132 -0.63833333 -0.63833333 -1.025 -0.42333333 -0.42333333 -0.42333333 -0.43833333 -0.43833333 -0.43833333 -1.7083333 -1.7083333 -1.7083333 -1.360923 -0.97527813 -0.97016667 -0.28473249 -0.27833333 -0.27833333 -0.20496537 0.305 0.305 0.30371486 -0.7 -0.7 -0.7 -0.7 -0.7 0.215 0.215 0.215 0.215 -0.063333333 -0.063333333
-0.0033333333 0.054999917 -0.35508936 -0.47333333 -0.935 -0.99 -0.93166667 -1.19 -0.56 -0.94415979 -1.1933333 -1.415 -1.5033333 -1.625 -1.4166667 -1.3666667 -1.1020403 -1.099833 -0.80666667 -0.63833333 -0.63833333 -0.79166667 -1.025 -1.025 -0.42333333 -0.42333341 -0.43833333 -0.43833333 -0.43833333 -0.9 -0.94755207 -0.98666667 -0.98666667 -0.9866661 -0.27833333 -0.27833333 -0.27833333 -0.27833333 0.305 0.305 0.305 0.30499996 -0.7 -0.7 -0.7 -0.7 -0.7 0.21498846 0.215 0.215 0.215 -0.063367902 -0.063333334
-0.0033333334 -0.34333335 -0.355 -0.49119323 -0.935 -0.90666667 -1.0199495 -1.1516667 -1.1766667 -1.0183334 -1.3042223 -1.434867 -0.50666667 -1.4166667 -1.4166667 -1.3790221 -1.1 -1.1 -0.80666667 -0.80666667 -0.63833364 -0.79166667 -0.76166667 -0.53166667 -0.53333333 -0.53332084 -0.43833333 -0.43833333 -0.9 -0.9 -0.98666667 -0.98666667 -0.98666667 -0.82323658 -0.27833333 -0.27833333 -0.27833333 0.305 0.305 0.305 0.305 0.30493533 -0.7 -0.7 -0.7 -0.7 -0.7 -0.69185537 0.215 0.21494006 -1.1216667 -1.1216667 -1.1216667
-1.4216667 -0.60166667 -0.34999998 0.12166667 -0.43166667 -0.71 -1.0483333 -1.061563 -1.34 -1.51 -1.2783333 -1.09 -1.0899996 -1.27 -1.27 -0.89654836 -0.89666667 -0.96333333 -0.96333333 -0.80666641 -0.82833333 -0.82833333 -0.53166667 -0.53333333 -0.53333333 -0.48 -0.88666667 -0.88666667 -0.62002545 -0.9 -0.98666667 -0.98666667 -0.12 -0.1200162 -0.27498879 0.2 0.2 0.27251585 0.305 0.305 -0.36416437 -0.365 -0.36499913 -0.13842482 -0.12839651 -0.12833349 -0.12833335 -0.12833356 -1.0424667 -1.1216667 -1.1216667 -1.1216667 -1.1216667
-0.48666466 -0.56166667 -0.20762018 -0.16833333 -0.3 -1.1766667 -0.75666667 -1.0716667 -1.5533333 -1.5533333 -1.2783333 -1.5283333 -1.135 -1.27 -0.40666925 -0.40666667 -0.89666667 -0.38166667 -0.51666667 -0.51666667 -0.71758608 -0.59333333 -0.59333333 -0.60166667 -0.48 -0.48 -0.88666667 -0.88666667 -0.62000126 -0.62002325 -0.14653315 -0.12 -0.12 -0.275 -0.275 -0.14675416 0.2 0.2 -0.13498839 -0.36499968 -0.365 -0.365 -0.36499563 -0.12833517 -0.12833333 -0.12833333 -0.12833333 -0.1283339 -1.0733333 -1.1216571 -1.1216667 -1.1216667 -1.1216667
-0.48666667 -0.62833333 -0.39333333 -0.42166667 -0.28334126 -0.76166667 -1.0683333 -1.1016667 -1.5133333 -1.7483333 -1.7483333 -1.06 -1.135 -1.135 -0.41166371 -0.6282842 -0.65 -0.305 -0.69166649 -0.51666667 -0.083705911 -0.018333333 -0.60333333 -0.23333333 -0.23334178 -0.88833333 -0.31833333 -0.31833353 -0.64159074 -0.64166666 -0.145 -0.42856357 -0.155 -0.275 -0.28141727 -0.43666667 -0.43666667 -0.135 -0.135 -0.365 -0.365 -0.36499999 -0.45742506 -0.45833332 -0.12833333 -0.12833333 -0.12833333 -1.0732974 -1.0733333 -1.0733333 -1.1216667 -1.1216667 -1.1216667
-0.68472094 -0.62833333 -0.41 -0.76 -0.19833333 -0.51833333 -0.36333333 -0.21666667 -1.12 -0.28800676 -0.70666667 -1.0716667 -1.0716667 -0.38833333 -0.38833382 -0.030065971 -0.028333333 -0.028333333 -0.36402526 -0.94499997 -0.78833333 -0.78833332 -0.63833333 -0.61712626 -0.82232663 -0.88833333 -0.11 -0.31833333 -0.6281889 -0.63 -0.505 -0.80166667 -0.61447345 -0.88 -0.5 -0.6 -0.61166667 0.031666667 -0.014978451 -0.36340792 -0.0083333333 -0.32333333 -0.45836833 -0.45833333 -0.45647591 -0.12833333 -0.58499998 -1.0733333 -1.0733333 -1.0733333 -1.0733333 -1.1386827 -0.47166667
-1 -1 -0.19333333 -0.12833333 -0.41 -0.22166667 -0.395 -0.86833333 -0.42166667 -0.076782756 -1.155 -0.0033333333 -0.38833333 -0.38833333 -0.44 -0.43435381 -0.028333333 -0.028362165 -0.14333333 -0.945 -0.945 -0.92481606 -0.63833333 -0.78833049 -0.78833333 -0.78833333 -0.11 0.053333333 0.053333333 -0.63 -0.63 -0.80096176 -0.43 -0.88 -0.755 -0.6 -0.61166667 -0.12333333 -0.015 0.011234437 -0.32333332 -0.45190212 -0.67333333 -0.45833333 -0.45833333 -0.585 -0.585 -0.585 -1.0733333 -1.0733333 -1.2583333 -1.2583333 -1.258333
-1 -1 -0.47166667 -0.665 -0.545 -0.15166667 -0.57 0.062209867 -0.27 0.23166667 0.18666667 0.031666667 -0.0032873083 -0.44 -0.44 -0.43997924 -0.26 -0.25387679 -0.14333333 -0.17 -0.17 -0.56166667 -0.56166667 -0.78833333 -0.78833333 -0.78833333 0.053333333 0.053333333 0.053333333 -0.58666667 -0.58666667 -0.58666641 -0.86 -0.86 -1.1916667 -0.88333333 -0.70666667 -0.27667252 -0.50833333 0.011666667 0.011666667 -0.53000047 -0.67333333 -0.45833333 -0.29666662 -0.19 -0.66963392 -0.67 -0.99666667 -0.99666667 -1.2583333 -1.2583333 -1.2583333
-1 -0.77189713 -0.5541689 -0.52499923 -0.30666667 -0.28666667 -0.57 0.063333333 -0.26999722 0.22610881 0.031666927 0.031666667 -0.125 -0.44 -0.44 -0.26000001 -0.26 -0.25999336 -0.14333333 -0.17 -0.24691537 -0.56166667 -0.56166667 -0.78832371 -0.78833333 -0.66999429 -0.42833333 -0.42833333 -0.42833327 -0.58666667 -0.58666667 -0.72666667 -0.72666667 -0.86000091 -1.1916667 -0.88666678 -0.74809155 -0.27666667 -0.27666667 0.011666649 -0.53 -0.53 -0.52999833 -0.29666667 -0.29666667 -0.19 -0.67 -0.67 -0.99666667 -0.99666667 -1.2583333 -1.2583333 -1.2583333
-0.38 -0.36974586 -0.35834448 -0.35953828 -0.30666667 -0.28666714 -0.56999999 0.055537359 -0.24702992 -0.25690015 -0.125 -0.125 -0.125 -0.125 -0.43995538 -0.26 -0.26 -0.25849365 -0.14333333 -0.16996176 -0.038333333 -0.038333333 -0.038333333 -0.038333333 -0.77534404 -0.42833333 -0.42833333 -0.42833333 -0.42833333 -0.42827126 -0.72666667 -0.72666667 -0.72666667 -0.72666667 -0.88666667 -0.88666667 -0.88666667 -0.30688193 -0.2792578 -0.62166667 -0.62166667 -0.53000493 -0.50165965 -0.29668641 -0.29666667 -0.19 -0.67 -0.67 -0.99666666 -0.99666667 -1.257384 -1.2583333 -1.2085122
-0.38 -0.35833333 -0.35833333 -0.35833333 -0.35833333 -0.3583333 -0.56927469 -0.27037347 -0.18574783 -0.12514361 -0.125 -0.125 -0.125 -0.125 -0.12499998 -0.26 -0.25999998 -0.25199746 -0.14333462 -0.038333333 -0.038333333 -0.038333333 -0.038333333 -0.038333333 -0.02644561 -0.010809031 0.12999988 0.13 0.13 0.13 -0.72666665 -0.72666667 -0.72666585 -0.046666667 -0.046666667 -0.88666667 -0.25798269 -0.24 -0.62166645 -0.62166667 -0.62166667 -0.62166667 -0.50166667 -0.50166667 -0.50166667 -0.49949775 -0.2178607 -0.215 -0.215 -0.215 -0.21500001 -0.76833343 -0.76833333
-0.36 -0.35833333 -0.35833333 -0.35833333 -0.35833333 -0.35833333 -0.35833335 -0.23545218 -0.086878893 -0.086666667 -0.086666667 -0.086666667 -0.086666667 -0.086666667 -0.086666667 0.41297939 -0.24914546 -0.24402429 -0.038346574 -0.038333333 -0.038333333 -0.038333333 -0.038333333 -0.038332812 0.51166667 0.51166667 0.51166613 0.13 0.13 0.13087106 0.565 0.565 -0.046666667 -0.046666667 -0.046666667 -0.20902983 -0.24 -0.24 -0.24 -0.62166667 -0.62166667 -0.62166667 -0.50166667 -0.50166667 -0.50166667 -0.50166667 -0.215 -0.215 -0.215 -0.215 -0.215 -0.76833333 -0.76833333
-0.36 -0.35937952 -0.35833333 -0.35833333 -0.35833333 -0.35833333 0.22988453 0.23 0.22999999 -0.086666667 -0.086666667 -0.086666667 -0.086666667 -0.086666667 0.025842901 0.42333333 0.42333333 0.42333333 0.4086349 0.40999954 0.41 0.41 0.41 0.41 0.51166667 0.51166667 0.51166667 0.51166667 0.13 0.565 0.565 0.565 -0.046666612 -0.046666667 -0.046666666 0.38 -0.2391791 -0.24 -0.24 -0.62156242 -0.41374303 0.071256131 -0.50166667 -0.50166667 -0.44185183 -0.44166667 -0.44166667 -0.21553736 -0.54052511 -0.54166664 -0.5416666 -0.6400194 -0.76833307
-0.36 -0.10536085 -0.22676136 -0.35833333 -0.35833333 0.22965238 0.23 0.23 0.23 0.22771801 -0.086666667 -0.086666667 -0.086666667 -0.086666605 0.42333333 0.42333333 0.42333333 0.42333333 0.41001191 0.41 0.41 0.41 0.41 0.41 0.51166666 0.51166667 0.51166667 0.51166667 0.51186066 0.565 0.565 0.565 0.74666666 -0.046604115 0.38 0.38 0.38 0.38255542 0.053514815 0.073333333 0.073333333 0.073333333 -0.705 -0.705 -0.44166667 -0.44166667 -0.44166667 -0.54166667 -0.54166667 -0.54166667 -0.54166667 -0.64 -0.64
-0.098390091 -0.098333333 -0.098333333 -0.098333328 0.45333333 0.23000576 0.23 0.23 0.23 0.23 -0.032661373 -0.086657372 -0.086666646 0.42333333 0.42333333 0.42333333 0.42333333 0.42333333 0.44753947 0.41 0.41 0.41 0.41 0.41 0.50602316 0.58333295 0.58333333 0.58333333 0.58333333 0.56500001 0.74666666 0.74666667 0.74666667 0.74666667 0.38 0.38000623 0.61666667 0.61666667 0.080117659 0.073333333 0.073333333 0.073333333 -0.705 -0.705 -0.48243973 -0.44166667 -0.44166667 -0.54166667 -0.54166667 -0.54166667 -0.54272106 -0.64 -0.64
-0.098333333 -0.098333333 -0.098333333 0.16145473 0.45333333 0.45333333 0.23 0.23 0.23 0.23 0.62666667 0.62666667 0.62666667 0.42333333 0.42333333 0.42333333 0.42333333 0.42344543 0.82333333 0.82333333 0.41000017 0.41 0.40870156 0.35666667 0.35870725 0.58333333 0.58333333 0.58333333 0.58333333 0.74665004 0.74666667 0.74666667 0.74666667 0.74666667 0.61666583 0.61666667 0.61666667 0.61666667 0.61475312 0.073333333 0.073333333 0.073333333 -0.705 -0.705 -0.705 -0.44166667 -0.44166667 -0.54166667 -0.54166667 -0.54166667 -0.64 -0.64 -0.64
-0.098333333 -0.098333333 -0.098333333 0.45333333 0.45333333 0.45333333 0.45333299 0.23 0.23 0.62625719 0.62666667 0.62666667 0.62666667 0.62653999 0.97239154 1.1016667 1.1016667 1.1016667 0.82333333 0.82333333 0.82333333 0.35666667 0.35666667 0.35666667 0.35669048 0.50902572 0.58333333 0.58333333 0.58333333 0.90014175 0.93998098 0.94 0.94 0.94 0.59840721 0.57166677 0.57166667 0.57166667 0.57166667 -0.42326538 -0.42333333 -0.42333333 -0.705 -0.705 -0.67333347 -0.67333331 -0.60166667 -0.60166667 -0.29 -0.29 -0.29 -0.64 -0.33860306
-0.098332066 -0.098333333 -0.098333313 0.45333333 0.45333333 0.45333333 0.45333333 0.44833327 0.23087298 0.62652763 0.62666667 0.62666667 0.62666667 0.62759875 1.1016667 1.1016667 1.1016667 1.1016666 0.82333333 0.82333333 0.82333333 0.35666667 0.35666667 0.35666667 0.44166667 0.44166667 0.89999999 0.9 0.9 0.90021821 0.94 0.94 0.94 0.94 0.75593447 0.57166667 0.57166667 0.57166667 0.57166667 -0.42333333 -0.42333333 -0.42333333 -0.43119929 -0.67333333 -0.67333333 -0.67333333 -0.60166667 -0.60166667 -0.29 -0.29 -0.29 -0.33833333 -0.33833333
0.31 0.13365153 0.57666667 0.57663089 0.45333333 0.44836226 0.44833333 0.44833333 0.49995364 0.47333334 0.47333333 0.47333333 0.47333333 1.2199757 1.22 1.1016668 1.1016667 1.094333 0.82333333 0.82333333 0.82333333 0.535 0.535 0.535 0.44166667 0.44166667 0.9 0.9 0.9 0.90000025 1.2449981 1.2449991 0.94766572 0.94032698 0.63035433 0.63 0.63 0.63 0.63 -0.42333333 -0.42333333 -0.42333333 -0.65956718 -0.67333333 -0.67333333 -0.67333336 -0.60166667 -0.60166667 -0.60165545 -0.29 -0.29001751 -0.68166667 -0.33833333
0.46163786 0.46166669 0.57666667 0.57666667 0.57666667 0.44833333 0.44833333 0.44833333 0.59 0.59 0.47333333 0.47333333 0.47333333 1.22 1.22 1.22 1.22 1.2199555 0.82333333 0.82333333 0.82333332 0.535 0.535 0.535 0.44166667 0.44166667 0.9 0.9 0.9 1.2411101 1.245 1.245 1.245 1.245 0.63030347 0.63 0.63 0.63 0.63 0.12999986 0.13 0.13 0.13 -0.67333432 -0.80166667 -0.80166667 -0.80166667 -0.85166667 -0.85166667 -0.85166667 -0.68166667 -0.68166667 -0.68166667
0.46166667 0.46166667 0.57666667 0.57666667 0.57666667 0.44900788 0.44833333 0.59 0.59 0.59 0.4733477 0.47333333 0.37936399 1.2199998 1.22 1.22 1.22 0.235 0.235 0.235 0.55 0.54999999 0.53500007 0.535 0.53514276 0.82 0.82 0.82000019 0.89998707 1.1550179 1.1550005 1.1550157 1.2448462 1.2449223 0.7394739 0.62999998 0.62979334 0.56833333 0.56833333 0.13 0.13 0.13 0.13 -0.80166667 -0.80166667 -0.80166667 -0.80166667 -0.85166667 -0.85166667 -0.85166667 -0.68166667 -0.68166667 -0.68166667
0.46166667 0.46166667 0.57666667 0.57666667 0.57666667 0.57666667 0.50135503 0.59 0.59 0.59 0.58987203 0.35833333 0.35833333 0.35833333 1.214922 1.22 0.2415638 0.235 0.235 0.235 0.55 0.55 0.55 0.55 0.82 0.82 0.82 0.82 0.82 1.155 1.155 1.155 1.155 1.1549986 0.48333333 0.56833333 0.56833333 0.56833333 0.56833333 0.56833038 -0.295 -0.295 -0.295 -0.44089434 -0.74333333 -0.74333333 -0.74333333 -0.85166666 -0.85166661 -0.79666667 -0.79666667 -0.17678952 -0.17666667
0.46166667 0.46166667 0.53515974 0.57666667 0.57666667 0.57666666 0.36706298 0.58929618 0.59 0.59 0.35833329 0.35833333 0.35833333 0.35833333 0.35833333 0.42894303 0.235 0.235 0.235 0.235 0.54999756 0.55 0.55 0.55 0.82 0.82 0.82 0.82 0.82 0.28056824 1.155 1.155 1.155 0.48333333 0.48333333 0.48339934 0.56833333 0.56833333 0.20721712 -0.073333279 -0.295 -0.295 -0.295 -0.43869567 -0.74333333 -0.74333333 -0.74333333 -0.65166667 -0.79485998 -0.79666667 -0.79666667 -0.17666667 -0.17666667
0.45833333 0.45833333 0.45833333 0.54699725 0.57605641 0.36666667 0.36666667 0.36666667 0.36666667 0.15666667 0.15666667 0.35833332 0.35833333 0.35833333 0.35833333 0.35832549 0.235 0.235 0.235 0.235 0.41254422 0.55 0.55 0.5437191 0.33270972 0.82 0.82 0.82 -0.028333333 -0.028333333 -0.028333333 -0.028328366 0.48333333 0.48333333 0.48333333 0.48333333 -0.073333333 -0.073333333 -0.073333333 -0.073333333 -0.495 -0.495 -0.495 -0.64666362 -0.64666667 -0.64666667 -0.6466667 -0.65166667 -0.65166667 -0.79648999 -0.79666667 -0.17666775 -0.17666667
0.45833333 0.45833333 0.45833333 0.45831718 0.15833333 0.18862842 0.36666667 0.36666667 0.36666667 0.15666667 0.15666667 0.15666667 -0.4283333 -0.42833333 -0.42833333 -0.42833333 0.23317428 0.235 0.235 0.235 0.23976342 0.31000066 0.31 0.31 0.31 0.30999999 -0.21333333 -0.21333333 -0.028333333 -0.028333333 -0.028333333 -0.028333333 0.48333313 0.48333333 0.48333333 0.48331012 -0.073333333 -0.073333333 -0.073333333 -0.073355267 -0.495 -0.495 -0.495 -0.64665963 -0.64666667 -0.64666667 -0.64666667 -0.65166667 -0.65166667 -0.65166663 -0.39166667 -0.39166667 -0.038333333
