interpolatedSpi/07-10|19_2.tif
NCOLS 53
NROWS 52
XLLCORNER -116.03883
YLLCORNER 28.596182
DX 0.49850594
DY 0.49788537
NODATA_VALUE -9999
[rows 0 to 36 of 52, columns 0 to 52 of 53]
0.725 0.725 0.35219443 0.0675 0.355 0.2075 0.515 0.54 0.1221912 -0.3125 -0.2325 0.465 0.24246274 -0.21 0.235 0.235 0.235 0.1675 0.7025 0.7025 0.7025 0.7024953 0.215 0.5575 0.5575 0.5575 -0.38500208 -0.385 -0.385 0.1525 0.1525 0.1525 0.1525 0.28999997 0.29 0.29 0.29 0.29 0.29 0.29 0.37904137 0.38008593 0.7175 0.7175 0.7175 0.7175 0.71590749 -0.2575 -0.2575 -0.2575 1.4249965 1.425 1.425
0.72500622 0.865 0.45250026 0.4525 0.58993526 0.2875 0.585 0.13794975 0.3 0.295 0.7975 0.2425 0.2425 0.44281592 -0.20998816 0.235 0.1675 0.1675 0.70180243 0.7025 0.7025 0.7025 0.52762845 0.5575 0.5575 0.5575 0.72249999 0.7225 0.1525 0.1525 0.1525 0.1525 0.1525 0.28999998 0.29 0.29 0.29 0.29 0.29000001 0.38435027 0.89244659 0.73873453 0.7175 0.7175 0.7175 0.7175 0.7175 -0.2575 -0.2575 -0.2575 -0.11798549 1.425 1.425
0.01503328 0.015 0.68 0.6725 0.42 0.87 1.0575 1.0325 0.5175 0.41 0.54 0.56 0.6675 0.0925 0.445 -0.0825 0.1675 0.1675 0.1675 0.35260175 0.3525 0.3525 -0.01 0.5575 0.5575 0.5575 0.7225 0.7225 0.7225 0.1525 0.1525 0.1525 0.191012 0.29026117 0.29144272 0.44357966 0.445 0.445 0.50128371 0.8925 0.8925 0.89227622 0.7175 0.7175 0.7175 0.7175 0.7175 -0.2575 -0.2575 -0.2575 -0.2575 1.425 1.425
0.5775 0.014999828 -0.83744217 0.6 -0.14 0.91 0.505 0.55 0.06 0.08685007 0.165 -0.029999998 0.795 0.0925 0.505 -0.0825 0.12093156 0.12253153 0.345 0.3525 0.3525 0.0625 -0.01 -0.01 0.5575 0.55750082 0.7225 0.7225 0.7225 -0.45 -0.075527451 0.2325 0.2325 0.23250017 0.445 0.445 0.445 0.445 0.8925 0.8925 0.8925 0.89249999 0.7175 0.7175 0.7175 0.7175 0.7175 -0.2574877 -0.2575 -0.2575 -0.2575 1.4249519 1.425
0.5775 0.66249725 -0.8375 -0.6459044 -0.14 -0.0725 0.094984313 0.3 0.3725 0.3899998 0.37655805 0.37251218 0.4575 0.505 0.505 0.11512562 0.1225 0.1225 0.345 0.345 0.35249945 0.0625 0.43 0.5 0.68 0.68020231 0.7225 0.7225 -0.45 -0.45 0.2325 0.2325 0.2325 0.27351454 0.445 0.445 0.445 0.8925 0.8925 0.8925 0.8925 0.8924959 0.7175 0.7175 0.7175 0.7175 0.7175 0.70882129 -0.2575 -0.25749058 -0.0475 -0.0475 -0.0475
-0.865 0.855 -0.014999947 -0.445 0.0275 0.3225 -0.1925 -0.12944589 -0.085 0.025 0.145 0.135 0.13500021 0.0325 0.0325 0.61760985 0.6175 0.455 0.455 0.34500056 0.3 0.3 0.5 0.68 0.68 1.545 -0.2925 -0.2925 0.12244828 -0.45 0.2325 0.2325 0.45 0.44993626 -0.15995626 -0.099999999 -0.1 0.58544747 0.8925 0.8925 0.85005301 0.85 0.8500018 0.7101324 0.71000083 0.71 0.71 0.71000001 1.2941522 -0.0475 -0.0475 -0.0475 -0.0475
0.48498988 0.5725 0.97247204 0.7475 0.8325 -0.2025 0.405 0.4025 -0.25 -0.25 0.145 0.385 0.3725 0.0325 1.0724969 1.0725 0.6175 0.915 0.985 0.985 0.47201168 0.665 0.665 1.685 1.545 1.545 -0.2925 -0.2925 0.12251166 0.12271458 0.52686618 0.45 0.45 -0.16 -0.16 0.48957284 -0.1 -0.1 0.55247738 0.84999959 0.85 0.85 0.8500111 0.71000418 0.71 0.71 0.71 0.71000052 1.5775 -0.047177969 -0.0475 -0.0475 -0.0475
0.485 0.655 1.2975 0.16 0.59497506 0.055 -0.3275 0.0525 -0.0925 0.0825 0.0825 0.37 0.3725 0.3725 1.0676974 0.93133267 0.9175 0.7025 0.55500044 0.985 0.8385596 0.815 1 0.7625 0.76250284 0.9825 1.0675 1.0674995 0.32179917 0.3225 0.5275 0.52554904 0.1875 -0.16 -0.11579214 0.9825 0.9825 0.5525 0.5525 0.85 0.85 0.85000002 1.4616111 1.46 0.71 0.71 0.71 1.577467 1.5775 1.5775 -0.0475 -0.0475 -0.0475
0.65765502 0.655 1.435 0.995 0.79 0.2825 0.3125 0.67 -0.27 0.078878955 -0.1775 0.069999999 0.07 0.12 0.12000247 0.70559226 0.705 0.705 0.6799839 0.94500003 1.0925 1.0925 1.335 1.132018 0.96032981 0.9825 0.8425 1.0675 1.0003922 1 0.62 1.435 1.3594473 1.63 1.39 1.15 1.0975 0.77 1.1898061 0.85332551 1.595 1.805 1.4599854 1.46 1.4557786 0.71 1.6924999 1.5775 1.5775 1.5775 1.5775 0.031873493 0.4025
0.6725 0.6725 1.075 0.9675 0.235 0.0225 0.04 0.36 0.1225 0.16745554 -0.03 0.08 0.12 0.12 0.3825 0.38692323 0.705 0.70493028 0.3475 0.945 0.945 0.96400298 1.335 0.88250857 0.8825 0.8825 0.8425 1.385 1.385 1 1 1.4347155 1.285 1.63 1.52 1.15 1.0975 0.955 1.19 1.4998949 1.805 1.6452074 1.37 1.46 1.46 1.6925 1.6925 1.6925 1.5775 1.5775 0.59 0.59 0.58999993
0.6725 0.6725 0.545 0.08 -0.475 0.295 -0.18 0.077393539 -0.0575 0.0625 0.165 -0.11 0.079747113 0.3825 0.3825 0.38255508 0.86 0.8331016 0.3475 1.5325 1.5325 1.88 1.88 0.8825 0.8825 0.8825 1.385 1.385 1.385 1.4375 1.4375 1.4374997 1.455 1.455 0.97 1.2175 1.1925 0.79249815 1.9725 1.505 1.505 1.5524994 1.37 1.46 1.4175 1.4025 1.329072 1.3275 1.5875 1.5875 0.59 0.59 0.59
0.6725 0.61729517 0.34656791 0.095012228 0.3625 0.265 -0.18 0.0775 -0.057498873 0.061170546 -0.10999978 -0.11 0.6325 0.3825 0.3825 0.85999998 0.86 0.85997083 0.3475 1.5325 1.6007419 1.88 1.88 0.88253997 0.8825 1.1397231 1.665 1.665 1.665 1.4375 1.4375 1.1525 1.1525 1.4549987 0.97 1.09 1.0934814 0.7925 0.7925 1.505 1.5525 1.5525 1.552499 1.4175 1.4175 1.4025 1.3275 1.3275 1.5875 1.5875 0.59 0.59 0.59
-0.0375 0.38227972 0.37498956 0.37297558 0.36249917 0.2650023 -0.17999999 0.074330321 -0.048197119 -0.05436648 0.6325 0.6325 0.6325 0.6325 0.38253541 0.86 0.86 0.85338281 0.3475 1.5325366 1.685 1.685 1.685 1.685 0.89673466 1.665 1.665 1.665 1.665 1.6648196 1.1525 1.1525 1.1525 1.1525 1.09 1.09 1.09 0.80659075 0.79610506 1.2725 1.2725 1.5524849 0.71252413 1.4174321 1.4175 1.4025 1.3275 1.3275 1.5875 1.5875 0.59361882 0.59 -0.031900928
-0.0375 0.375 0.375 0.375 0.375 0.37499995 -0.17886084 -0.058178083 -0.023377885 0.63175995 0.6325 0.6325 0.6325 0.6325 0.63250021 0.85999999 0.85999992 0.824846 0.34751148 1.685 1.685 1.685 1.685 1.685 1.6828382 1.55609 1.4925 1.4925 1.4925 1.4925 1.1525 1.1525 1.1525005 1.58 1.58 1.09 1.6247054 1.64 1.2725002 1.2725 1.2725 1.2725 0.7125 0.7125 0.7125 0.71730177 0.29428218 0.2875 0.2875 0.2875 0.28750002 0.88499994 0.885
-0.01 0.375 0.375 0.375 0.375 0.375 0.37499997 0.03684616 0.92728496 0.9325 0.9325 0.9325 0.9325 0.9325 0.9325 1.3341842 0.86761146 0.7898218 1.684832 1.685 1.685 1.685 1.685 1.6850003 1.585 1.585 1.5849999 1.4925 1.4925 1.492465 1.475 1.475 1.58 1.58 1.58 1.6303885 1.64 1.64 1.64 1.2725 1.2725 1.2725 0.7125 0.7125 0.7125 0.7125 0.28750001 0.2875 0.2875 0.2875 0.2875 0.885 0.885
-0.01 0.13333113 0.375 0.375 0.375 0.375 0.4274897 0.4275 0.42750001 0.9325 0.9325 0.9325 0.9325 0.9325 1.0229489 1.3425 1.3425 1.3425 1.9666388 1.9674997 1.9675 1.9675 1.9675 1.9675 1.585 1.585 1.585 1.585 1.4925 1.475 1.475 1.475 1.58 1.58 1.58 1.3575 1.639626 1.64 1.64 1.2724912 1.2545498 1.2126793 0.7125 0.7125 0.92434421 0.925 0.925 0.28797929 0.57648658 0.57749997 0.57749995 0.70002797 0.88499962
-0.01 -0.068388599 0.14980951 0.375 0.375 0.42746898 0.4275 0.4275 0.4275 0.43113917 0.9325 0.9325 0.9325 0.93250005 1.3425 1.3425 1.3425 1.3425 1.9669417 1.9675 1.9675 1.9675 1.9675 1.9675 1.585 1.585 1.585 1.585 1.5845999 1.475 1.475 1.475 1.9275 1.5799858 1.3575 1.3575 1.3575 1.360489 1.2395764 1.2125 1.2125 1.2125 0.975 0.975 0.925 0.925 0.925 0.5775 0.5775 0.5775 0.5775 0.7 0.7
-0.069989358 -0.07 -0.07 -0.069999999 0.06 0.42749052 0.4275 0.4275 0.4275 0.4275 0.90089164 0.93249456 0.93249999 1.3425 1.3425 1.3425 1.3425 1.3425 1.3768193 1.9675 1.9675 1.9675 1.9675 1.9675 1.7859318 1.7849989 1.785 1.785 1.785 1.475 1.9275 1.9275 1.9275 1.9275 1.3575 1.3575071 1.6275 1.6275 1.2176819 1.2125 1.2125 1.2125 0.975 0.975 0.93274172 0.925 0.925 0.5775 0.5775 0.5775 0.57881352 0.7 0.7
-0.07 -0.07 -0.07 -0.0087810607 0.06 0.06 0.4275 0.4275 0.4275 0.4275 0.515 0.515 0.515 1.3425 1.3425 1.3425 1.3425 1.3424364 1.11 1.11 1.9674997 1.9675 1.9577008 1.565 1.5669806 1.785 1.785 1.785 1.785 1.9274855 1.9275 1.9275 1.9275 1.9275 1.6274991 1.6275 1.6275 1.6275 1.6260612 1.2125 1.2125 1.2125 0.975 0.975 0.975 0.925 0.925 0.57750001 0.5775 0.5775 0.7 0.7 0.7
-0.07 -0.07 -0.07 0.06 0.06 0.06 0.060000562 0.4275 0.4275 0.51490967 0.515 0.515 0.515 0.51551556 1.0308724 0.9575 0.9575 0.9575 1.11 1.11 1.11 1.565 1.565 1.565 1.5650007 1.670916 1.785 1.785 1.785 1.9160503 1.917501 1.9175 1.9175 1.9175 1.7784026 1.9899992 1.99 1.99 1.99 0.99752942 0.9975 0.9975 0.975 0.975 0.8800004 0.88000009 1.13 1.13 1.01 1.01 1.01 0.7 1.0721669
-0.07000045 -0.07 -0.069999995 0.06 0.06 0.06 0.06 0.040000113 0.42595062 0.51482091 0.515 0.515 0.515 0.51586831 0.9575 0.9575 0.9575 0.95750004 1.11 1.11 1.11 1.565 1.565 1.565 1.5675 1.5675 1.53 1.53 1.53 1.5321139 1.9175 1.9175 1.9175 1.9175 1.95373 1.99 1.99 1.99 1.99 0.9975 0.9975 0.9975 0.993803 0.88 0.88 0.88 1.13 1.13 1.01 1.01 1.01 1.0725 1.0725
-0.215 -0.13791071 0.0475 0.047503626 0.06 0.040115719 0.04 0.04 0.11560857 0.3175 0.3175 0.3175 0.3175 0.14000578 0.14 0.95749937 0.9575 0.96151815 1.11 1.11 1.11 1.25 1.25 1.25 1.5675 1.5675 1.53 1.53 1.53 1.5300002 1.8225006 1.8225003 1.9151123 1.9173982 1.5928732 1.5925 1.5925 1.5925 1.5925 0.9975 0.9975 0.9975 0.88646954 0.88 0.88 0.87999989 1.13 1.13 1.1299957 1.01 1.0100153 1.3525 1.0725
0.21741787 0.21749997 0.0475 0.0475 0.0475 0.04 0.04 0.04 0.2475 0.2475 0.3175 0.3175 0.3175 0.14 0.14 0.14 0.14 0.14011076 1.11 1.11 1.11 1.25 1.25 1.25 1.5675 1.5675 1.53 1.53 1.53 1.819202 1.8225 1.8225 1.8225 1.8225 1.5926135 1.5925 1.5925 1.5925 1.5925 0.43500015 0.435 0.435 0.435 0.87999507 0.2375 0.2375 0.2375 0.7375 0.7375 0.7375 1.3525 1.3525 1.3525
0.2175 0.2175 0.0475 0.0475 0.0475 0.040039421 0.04 0.2475 0.2475 0.2475 0.31749138 0.3175 -0.42812631 0.13999983 0.14 0.14 0.14 -0.5675 -0.5675 -0.5675 -0.0049999725 -0.0049990674 1.2499939 1.25 1.2499765 1.06 1.06 1.0600011 1.529924 1.5300583 1.5300016 1.5300511 1.8220001 1.8222476 1.6332723 1.5924995 1.5881015 0.28 0.28 0.435 0.435 0.435 0.435 0.2375 0.2375 0.2375 0.2375 0.7375 0.7375 0.7375 1.3525 1.3525 1.3525
0.2175 0.2175 0.0475 0.0475 0.0475 0.0475 0.11766119 0.2475 0.2475 0.2475 0.24703462 -0.595 -0.595 -0.595 0.13566848 0.14 -0.56278539 -0.5675 -0.5675 -0.5675 -0.0050000001 -0.005 -0.005 -0.005 1.06 1.06 1.06 1.06 1.06 1.53 1.53 1.53 1.53 1.5299994 1.2325 0.28 0.28 0.28 0.28 0.28000063 0.455 0.455 0.455 0.43140656 0.3825 0.3825 0.3825 0.73749999 0.73749967 0.3925 0.3925 0.78013928 0.78
0.2175 0.2175 0.10885806 0.0475 0.0475 0.047499989 -0.44127558 0.2453255 0.2475 0.2475 -0.595 -0.595 -0.595 -0.595 -0.595 -0.53475033 -0.5675 -0.5675 -0.5675 -0.5675 -0.0050043512 -0.005 -0.005 -0.005 1.06 1.06 1.06 1.06 1.06 0.9739353 1.53 1.53 1.53 1.2325 1.2325 1.2317604 0.28 0.28 0.53184339 0.72749996 0.455 0.455 0.455 0.43207908 0.3825 0.3825 0.3825 0.1975 0.39007032 0.3925 0.3925 0.78 0.78
-0.2375 -0.2375 -0.2375 -0.023957334 0.046772476 -0.4425 -0.4425 -0.4425 -0.4425 -0.615 -0.615 -0.595 -0.595 -0.595 -0.595 -0.59499829 -0.5675 -0.5675 -0.5675 -0.5675 -0.25045675 -0.005 -0.005 -0.011542605 -0.19644454 1.06 1.06 1.06 0.7775 0.7775 0.7775 0.77750316 1.2325 1.2325 1.2325 1.2325 0.7275 0.7275 0.7275 0.7275 0.4325 0.4325 0.4325 0.48749889 0.4875 0.4875 0.48749997 0.1975 0.1975 0.3922624 0.3925 0.77999782 0.78
-0.2375 -0.2375 -0.2375 -0.23751131 -0.4475 -0.44677292 -0.4425 -0.4425 -0.4425 -0.615 -0.615 -0.615 -1.4275 -1.4275 -1.4275 -1.4275 -0.5687777 -0.5675 -0.5675 -0.5675 -0.55898415 -0.25499931 -0.255 -0.255 -0.255 -0.25499998 0.067500008 0.0675 0.7775 0.7775 0.7775 0.7775 1.2324996 1.2325 1.2325 1.2324578 0.72750001 0.7275 0.7275 0.72857477 0.4325 0.4325 0.4325 0.48749745 0.4875 0.4875 0.4875 0.1975 0.1975 0.19750002 0.3475 0.3475 0.3325
-0.2375 -0.2375 -0.2375 -0.44749952 -0.4475 -0.4475 -0.4425 -0.4425 -0.4425 -0.615 -0.615 -0.615 -1.4275 -1.4275 -1.4275 -1.4151241 -1.265 -1.265 -1.2649982 -0.57143966 -0.255 -0.255 -0.255 -0.255 -0.255 -0.2547573 0.0675 0.0675 0.067500001 0.7775 0.7775 0.77733748 0.715 0.715 0.715 0.7 0.7 0.9725 0.9725 0.9725 0.7675 0.43260508 0.43250252 0.77 0.77 0.75929357 0.48750026 0.1975 0.1975 0.3475 0.3475 0.3475 0.3325
-0.2375 -0.2375 -0.2375 -0.4475 -0.4475 -0.4475 -0.4475 -0.4425 -0.4425 -0.615 -0.615 -1.3950117 -1.4275 -1.4275 -1.4275 -1.265 -1.265 -1.265 -1.265 -1.265 -0.255 -0.255 -0.255 -0.255 -0.255 0.0674989 0.0675 0.0675 0.0675 0.525 0.525 0.525 0.715 0.715 0.715 0.7 0.7 0.9725 0.9725 0.7675 0.7675 0.7675 0.77 0.77 0.77 0.77 0.7576779 0.62 0.62 0.62 0.3475 0.4775 0.4775
-0.2375 -0.2375 -0.23779243 -0.4475 -0.4475 -0.4475 -0.4475 -1.2852704 -1.3275 -1.3262767 -0.61500005 -1.4275262 -1.4275 -1.4275 -1.4274994 -1.265 -1.265 -1.265 -1.265 -1.265 -1.0294504 -0.255 -0.255 -0.255 -0.25508239 0.067459349 0.0675 0.0675 0.0675 0.525 0.525 0.525 0.52502284 0.715 0.7 0.7 0.7 0.7000109 0.97248602 0.7675 0.7675 0.7675 0.76999985 0.77 0.77 0.77 0.62000287 0.62 0.62 0.62 0.4775 0.4775 0.4775
-1.3025 -1.3024981 -0.44741974 -0.4475 -0.4475 -0.4475 -1.3273127 -1.3275 -1.3275 -1.3275 -1.74 -1.74 -1.74 -1.74 -1.2671923 -1.265 -1.265 -1.265 -1.265 -1.0625001 -1.0625 -1.0625 -0.65499993 -0.655 -0.655 -0.655 -0.59263896 0.0675 -0.034995802 -0.035 -0.035 -0.035 -0.035 0.2725 0.2725 0.2725 0.2725 0.2725 0.715 0.715 0.715 0.715 0.715 0.9047965 0.905 0.905 0.905 0.62 0.62 0.62 0.47752245 0.4775 0.4775
-1.3025 -1.3025 -1.3095536 -2.1449966 -2.1449996 -2.1442019 -1.3275 -1.3275 -1.3275 -1.3275 -1.74 -1.74 -1.74 -1.74 -1.74 -1.265 -1.265 -1.265 -1.0625001 -1.0625 -1.0625 -1.0625 -0.655 -0.655 -0.655 -0.655 -0.655 -0.65484651 -0.035262589 -0.035000003 -0.035 -0.035 -0.035105488 0.17329222 0.27239727 0.2725 0.2725 0.2725 0.715 0.715 0.715 0.715 0.715 0.905 0.905 0.905 0.905 0.77172843 0.62 0.66202583 0.6625 0.21 0.21
-1.3025 -1.3025 -2.1448933 -2.145 -2.145 -2.145 -1.9373584 -1.3275 -1.3275 -1.3275 -1.74 -1.74 -1.74 -1.74 -1.74 -1.2653618 -1.265 -1.0625594 -1.0625 -1.0625 -1.0625 -1.0625 -0.80596102 -0.655 -0.655 -0.655 -0.655 -0.6550423 -0.715 -0.715 -0.715 -0.715 -0.715 0.0975 0.0975 0.0975 0.0975 0.0975 1.065 1.065 1.065 1.065 1.065 0.90473752 0.90499995 0.905 0.90498178 0.90277248 0.6625 0.6625 0.6625 0.21000253 0.21
-1.3025005 -1.5868462 -2.1449999 -2.145 -2.145 -2.145 -2.145 -1.3278481 -1.3275 -1.3275 -1.74 -1.74 -1.74 -1.74 -1.3464401 -1.3375 -1.3375 -1.0625071 -1.0625 -1.0625 -1.0625 -1.0625 -1.0625 -0.655 -0.655 -0.655 -0.655 -0.21250049 -0.21250023 -0.31944421 -0.715 -0.715 -0.715 0.097500001 0.0975 0.0975 0.0975 0.097630377 1.065 1.065 1.065 1.065 1.0650243 0.7975 0.7975 0.7975 0.7975 0.79748911 0.6625 0.6625 0.6625 0.66250014 0.87752217
-1.5925 -1.5925 -1.7138628 -2.145 -2.145 -2.145 -2.145 -2.145 -1.3278491 -1.5325 -1.5325 -1.5325 -1.5329924 -1.3375006 -1.3375 -1.3375 -1.3375 -1.3375 -1.0624991 -1.0545506 -0.985 -0.985 -0.985 -0.8989258 -0.61578218 -0.40593504 -0.22889241 -0.2125 -0.2125 -0.2125 -0.2125 -0.2125 -0.22857568 0.28632432 0.29 0.29 0.29 0.29 1.1246431 1.3824994 1.3825 1.3825 1.3825 1.2299987 0.79750011 0.7975 0.7975 0.7025 0.66250064 0.6625 0.6625 0.8875 0.8875
-1.5925 -1.5925 -1.7225 -1.7225 -1.7225 -2.1448593 -2.145 -2.145 -1.5325 -1.5325 -1.5325 -1.5325 -1.5325 -1.3375 -1.3375 -1.3375 -1.3375 -1.3375 -0.985 -0.985 -0.985 -0.985 -0.985 -0.16500004 -0.165 -0.165 -0.165 -0.2125 -0.2125 -0.2125 -0.2125 -0.2125 -0.0375 -0.0375 0.29 0.29 0.29 0.43747488 0.4375 1.3825 1.3825 1.3825 1.3824999 1.23 1.23 1.23 0.7025 0.7025 0.7025 0.89 0.89 0.8875 0.8875
