interpolatedSpi/07-10|23_3.tif
NCOLS 53
NROWS 52
XLLCORNER -116.03883
YLLCORNER 28.596182
DX 0.49850594
DY 0.49788537
NODATA_VALUE -9999
[rows 0 to 36 of 52, columns 0 to 52 of 53]
0.3275 0.3275 0.71655983 1.0275 0.9 0.705 0.7575 0.9 -0.35679511 -0.405 0.2 -0.2225 -0.76494174 -0.0575 -0.0475 -0.0475 -0.0475 -0.95 -0.315 -0.315 -0.315 -0.31500217 -0.54 -0.5425 -0.5425 -0.5425 -1.390007 -1.39 -1.39 -1.4625 -1.4625 -1.4625 -1.4625 -0.78000014 -0.78 -0.78 -0.78 -0.78 -0.78 -0.77999997 0.35527207 0.3672377 -0.6625 -0.6625 -0.6625 -0.6625 -0.66124233 0.1075 0.1075 0.1075 0.57749902 0.5775 0.5775
0.32748178 -0.0825 0.85249905 0.75226051 0.93979062 0.07 0.03 -0.23211484 -0.68 -0.3025 -0.3075 -0.765 -0.765 -0.95699064 -0.057510813 -0.0475 -0.95 -0.95 -0.31582795 -0.315 -0.315 -0.315 -0.59276842 -0.5425 -0.5425 -0.5425 -0.017500036 -0.017500001 -1.4625 -1.4625 -1.4625 -1.4625 -1.4625 -0.7800001 -0.78 -0.78 -0.78 -0.78 -0.77999998 -0.61473108 0.2749067 -0.54874235 -0.6625 -0.6625 -0.6625 -0.6625 -0.6625 0.1075 0.1075 0.1075 0.14647285 0.5775 0.5775
0.86248113 0.8625 0.0275 0.2075 0.0425 1.045 0.4325 0.73 -0.225 -0.3575 -0.455 -0.1625 -0.645 -1.4775 -0.96 -1.455 -0.95 -0.95 -0.95 -0.37748183 -0.3775 -0.3775 -1.4975 -0.5425 -0.5425 -0.5425 -0.0175 -0.0175 -0.0175 -1.4625 -1.4625 -1.4625 -1.436023 -0.77998456 -0.77744034 -0.50751995 -0.505 -0.505 -0.40689656 0.27499999 0.275 0.27380117 -0.6625 -0.6625 -0.6625 -0.6625 -0.6625 0.1075 0.1075 0.1075 0.1075 0.5775 0.5775
0.845 0.86249983 0.019810815 0.0475 -0.9925 -0.46 -0.14 -0.635 0.05 -0.61778638 -0.6925 -1.23 -0.985 -1.4775 -1.145 -1.455 -0.98859595 -0.98497548 -0.625 -0.3775 -0.3775 -0.6875 -1.4975 -1.4975 -0.5425 -0.54249738 -0.0175 -0.0175 -0.0175 -1.3825 -1.3962169 -1.4075 -1.4075 -1.4074993 -0.505 -0.505 -0.505 -0.505 0.275 0.275 0.275 0.27499996 -0.6625 -0.6625 -0.6625 -0.6625 -0.6625 0.10749029 0.1075 0.1075 0.1075 0.57740348 0.5775
0.845 -0.21499957 0.02 -0.5582514 -0.9925 -0.98 -1.0174933 -1.0375 -1.325 -0.7625003 -1.1307077 -1.2923736 -0.41 -1.145 -1.145 -1.3450361 -0.985 -0.985 -0.625 -0.625 -0.37750062 -0.6875 -0.6775 -0.2325 -0.4475 -0.44747943 -0.0175 -0.0175 -1.3825 -1.3825 -1.4075 -1.4075 -1.4075 -1.2839845 -0.505 -0.505 -0.505 0.275 0.275 0.275 0.275 0.27482142 -0.66250001 -0.6625 -0.6625 -0.6625 -0.6625 -0.65564605 0.1075 0.10738857 -2.3775 -2.3775 -2.3775
-1.1925 -0.585 -0.48249999 -0.195 -0.2825 -1.29 -1.57 -1.5018247 -1.255 -1.635 -1.71 -1.295 -1.2949994 -1.6725 -1.6725 -0.94983401 -0.95 -1.3625 -1.3625 -0.62500008 -0.6925 -0.6925 -0.2325 -0.4475 -0.4475 -0.36 -1.085 -1.085 -1.1525211 -1.3825 -1.4075 -1.4075 -0.7525 -0.75249948 -0.74750024 -0.2125 -0.2125 0.12418075 0.275 0.275 -1.5726927 -1.575 -1.5749979 -0.93018963 -0.93496988 -0.93499993 -0.93499999 -0.93499991 -2.0439047 -2.3775 -2.3775 -2.3775 -2.3775
-0.27749381 -0.71 0.070587086 -0.5025 -0.79 -1.8075 -1.1925 -1.3 -1.7525 -1.7525 -1.71 -2.06 -1.7274998 -1.6725 -0.26250422 -0.2625 -0.95 -0.2075 -0.715 -0.715 -0.42505717 -0.125 -0.125 -0.4025 -0.36 -0.36 -1.085 -1.085 -1.1525074 -1.1526368 -0.77655836 -0.7525 -0.7525 -0.7475 -0.7475 -0.67952883 -0.2125 -0.2125 -0.81497912 -1.5749989 -1.575 -1.575 -1.5749883 -0.93500254 -0.935 -0.935 -0.935 -0.93500067 -2.0625 -2.3774376 -2.3775 -2.3775 -2.3775
-0.2775 -0.8375 -0.4475 -0.8225 -0.13253956 -1.425 -2.04 -1.655 -2.0875 -2.19 -2.19 -1.005 -1.7275 -1.7275 -0.27255126 -0.6541255 -0.6925 -0.3825 -0.74499997 -0.715 -0.80659909 -0.7425 -1.0175 -0.5225 -0.5225119 -1.445 -0.8175 -0.81750009 -1.2795532 -1.28 -0.775 -1.1262358 -0.8175 -0.7475 -0.76004933 -1.07 -1.07 -0.815 -0.815 -1.575 -1.575 -1.575 -1.3867744 -1.39 -0.935 -0.935 -0.935 -2.0624571 -2.0625 -2.0625 -2.3775 -2.3775 -2.3775
-0.85608515 -0.8375 -0.325 -0.9225 -0.2125 -1.13 -0.785 -0.59 -1.6725 -1.0285691 -0.4525 -1.1875 -1.1875 -0.7025 -0.70250122 -0.11411651 -0.1125 -0.1125 -0.43783618 -1.54 -1.4975 -1.4975 -1.35 -1.1485328 -1.3520364 -1.445 -0.745 -0.8175 -1.1853499 -1.1875 -1.2125 -1.3 -0.99906599 -1.545 -1.1875 -1.5325 -1.2325 -0.1025 -0.45233838 -1.57115 -0.7125 -0.845 -1.3899556 -1.39 -1.387439 -0.935 -0.965 -2.0625 -2.0625 -2.0625 -2.0625 -2.3525985 -0.5425
-0.96 -0.96 -0.025 -0.045 -0.415 0.18 -0.8075 -1.71 -1.175 -0.86509015 -1.495 -0.4 -0.7025 -0.7025 -0.8325 -0.82262487 -0.1125 -0.11256077 -0.35 -1.54 -1.54 -1.5345245 -1.35 -1.6049952 -1.605 -1.605 -0.745 -0.4675 -0.4675 -1.1875 -1.1875 -1.2988668 -0.7025 -1.545 -1.2925 -1.5325 -1.2325 -1.0825 -0.4525 -0.55579832 -0.84499999 -0.94509998 -1.1175 -1.39 -1.39 -0.965 -0.965 -0.965 -2.0625 -2.0625 -2.1775 -2.1775 -2.1774994
-0.96 -0.96 -0.23 -0.6225 -0.4325 0.135 -1.0675 -0.45647487 -0.0125 0.19 -0.0675 -0.215 -0.39975416 -0.8325 -0.8325 -0.83247837 -0.645 -0.62951702 -0.35 -0.705 -0.705 -0.63 -0.63 -1.605 -1.605 -1.605 -0.4675 -0.4675 -0.4675 -0.8925 -0.8925 -0.89249969 -1.46 -1.46 -2.0125 -1.335 -1.3725 -0.82500715 -1.0725 -0.5575 -0.5575 -1.1749998 -1.1175 -1.39 -0.76000001 -0.6175 -1.1317786 -1.1325 -2.0475 -2.0475 -2.1775 -2.1775 -2.1775
-0.96 -0.64486854 -0.39749375 -0.18749409 -0.1325 -0.205 -1.0675 -0.455 -0.012503695 0.18775655 -0.21499947 -0.215 -0.2975 -0.8325 -0.8325 -0.64500001 -0.645 -0.64498321 -0.35 -0.705 -0.69027153 -0.63 -0.63 -1.60496 -1.605 -1.298469 -0.6725 -0.6725 -0.67249997 -0.8925 -0.8925 -0.67 -0.67 -1.4600015 -2.0125 -1.1025005 -1.4194033 -0.825 -0.825 -0.55750002 -1.175 -1.175 -1.174997 -0.76 -0.76 -0.6175 -1.1325 -1.1325 -2.0475 -2.0475 -2.1775 -2.1775 -2.1775
-0.4025 -0.13847256 -0.12501792 -0.12545153 -0.13250048 -0.20499829 -1.0675 -0.46253951 -0.042992775 -0.0072121869 -0.2975 -0.2975 -0.2975 -0.2975 -0.83242421 -0.645 -0.645 -0.64119108 -0.35 -0.70476126 0.1125 0.1125 0.1125 0.1125 -1.5751631 -0.6725 -0.6725 -0.6725 -0.6725 -0.67237871 -0.67 -0.67 -0.67 -0.67 -1.1025 -1.1025 -1.1025 -0.83936012 -0.82909324 -1.37 -1.37 -1.1750105 -1.2349837 -0.76004575 -0.76 -0.6175 -1.1325 -1.1325 -2.0475 -2.0475 -2.1770284 -2.1775 -1.7818937
-0.4025 -0.125 -0.125 -0.125 -0.125 -0.12500003 -1.0652921 -0.77763034 -0.12434464 -0.29718789 -0.2975 -0.2975 -0.2975 -0.2975 -0.29749933 -0.645 -0.64499995 -0.62476501 -0.35000261 0.1125 0.1125 0.1125 0.1125 0.1125 0.13492434 0.031324255 0.22999981 0.23 0.23 0.23 -0.66999997 -0.67 -0.66999911 0.07 0.07 -1.1025 -0.66501372 -0.6525 -1.3699996 -1.37 -1.37 -1.37 -1.235 -1.235 -1.235 -1.2307028 -0.99578766 -0.995 -0.995 -0.995 -0.99500002 -1.6025001 -1.6025
-0.415 -0.125 -0.125 -0.125 -0.125 -0.125 -0.12500006 -0.35265458 0.633376 0.6375 0.6375 0.6375 0.6375 0.6375 0.63749999 1.3868456 -0.61248094 -0.60460419 0.11244175 0.1125 0.1125 0.1125 0.1125 0.11250117 1.15 1.15 1.1499987 0.23 0.23 0.23169206 1.075 1.075 0.07 0.07 0.07 -0.53676293 -0.6525 -0.6525 -0.6525 -1.37 -1.37 -1.37 -1.235 -1.235 -1.235 -1.235 -0.99500001 -0.995 -0.995 -0.995 -0.995 -1.6025 -1.6025
-0.415 -0.30703629 -0.125 -0.125 -0.125 -0.125 1.0697655 1.07 1.07 0.6375 0.6375 0.6375 0.6375 0.6375 0.80626435 1.4025 1.4025 1.4025 1.1194251 1.122499 1.1225 1.1225 1.1225 1.1225 1.15 1.15 1.15 1.15 0.23 1.075 1.075 1.075 0.07000009 0.07 0.07 0.325 -0.65120576 -0.6525 -0.6525 -1.3698889 -1.1486137 -0.6322117 -1.235 -1.235 -1.4767516 -1.4775 -1.4775 -0.99536769 -1.2167225 -1.2175 -1.2175 -1.1925621 -1.6024992
-0.415 0.36108151 0.13181836 -0.125 -0.125 1.0692939 1.07 1.07 1.07 1.0668833 0.6375 0.6375 0.6375 0.63750009 1.4025 1.4025 1.4025 1.4025 1.1227501 1.1225 1.1225 1.1225 1.1225 1.1225 1.15 1.15 1.15 1.15 1.1497272 1.075 1.075 1.075 1.3325 0.070056416 0.325 0.325 0.325 0.32649368 -0.63138948 -0.63 -0.63 -0.63 -1.7125 -1.7125 -1.4775 -1.4775 -1.4775 -1.2175 -1.2175 -1.2175 -1.2175 -1.1925 -1.1925
0.38213639 0.3825 0.3825 0.38250001 1.2325 1.0700042 1.07 1.07 1.07 1.07 0.67156885 0.63750586 0.63750001 1.4025 1.4025 1.4025 1.4025 1.4025 1.4009084 1.1225 1.1225 1.1225 1.1225 1.1225 1.2137574 1.339999 1.34 1.34 1.34 1.075 1.3325 1.3325 1.3325 1.3325 0.325 0.32500375 0.4675 0.4675 -0.61629608 -0.63 -0.63 -0.63 -1.7125 -1.7125 -1.5138861 -1.4775 -1.4775 -1.2175 -1.2175 -1.2175 -1.2172319 -1.1925 -1.1925
0.3825 0.3825 0.3825 0.78277768 1.2325 1.2325 1.07 1.07 1.07 1.07 1.0875 1.0875 1.0875 1.4025 1.4025 1.4025 1.4025 1.4025764 1.725 1.725 1.1225002 1.1225 1.1244477 1.2025 1.2037378 1.34 1.34 1.34 1.34 1.3325008 1.3325 1.3325 1.3325 1.3325 0.4674995 0.4675 0.4675 0.4675 0.46363135 -0.63 -0.63 -0.63 -1.7125 -1.7125 -1.7125 -1.4775 -1.4775 -1.2175 -1.2175 -1.2175 -1.1925 -1.1925 -1.1925
0.3825 0.3825 0.3825 1.2325 1.2325 1.2325 1.2324998 1.07 1.07 1.0874819 1.0875 1.0875 1.0875 1.0876963 1.7768579 1.865 1.865 1.865 1.725 1.725 1.725 1.2025 1.2025 1.2025 1.2024118 1.1026527 1.34 1.34 1.34 1.0927769 1.037529 1.0375 1.0375 1.0375 0.40596635 0.31750034 0.3175 0.3175 0.3175 -1.1699261 -1.17 -1.17 -1.7125 -1.7125 -1.3925013 -1.3924999 -1.1975 -1.1975 -0.8325 -0.8325 -0.8325 -1.1925 -0.86779059
0.38250109 0.3825 0.38250003 1.2325 1.2325 1.2325 1.2325 0.76000009 1.0687605 1.0874456 1.0875 1.0875 1.0875 1.0890257 1.865 1.865 1.865 1.865 1.725 1.725 1.725 1.2025 1.2025 1.2025 0.8875 0.8875 1.2425 1.2425 1.2425 1.2413817 1.0375 1.0375 1.0375 1.0375 0.67769769 0.3175 0.3175 0.3175 0.3175 -1.17 -1.17 -1.17 -1.1770007 -1.3925 -1.3925 -1.3925 -1.1975 -1.1975 -0.8325 -0.8325 -0.8325 -0.8675 -0.8675
0.7325 0.57778819 0.83 0.83011677 1.2325 0.76273387 0.76 0.76 0.81830058 1.0275 1.0275 1.0275 1.0275 1.7974749 1.7975 1.8649999 1.865 1.8613112 1.725 1.725 1.725 1.1675 1.1675 1.1675 0.8875 0.8875 1.2425 1.2425 1.2425 1.2425001 1.4174976 1.4174989 1.0470507 1.0379074 0.34079684 0.34 0.34 0.34 0.34 -1.17 -1.17 -1.17 -1.3802479 -1.3925 -1.3925 -1.3925 -1.1975 -1.1975 -1.1974869 -0.8325 -0.83251241 -1.11 -0.8675
0.80248671 0.8025 0.83 0.83 0.83 0.76 0.76 0.76 0.92 0.92 1.0275 1.0275 1.0275 1.7975 1.7975 1.7975 1.7975 1.7974922 1.725 1.725 1.725 1.1675 1.1675 1.1675 0.8875 0.8875 1.2425 1.2425 1.2425 1.4155269 1.4175 1.4175 1.4175 1.4175 0.34053168 0.34 0.34 0.34 0.34 -0.28750023 -0.2875 -0.2875 -0.2875 -1.3924995 -1.3275 -1.3275 -1.3275 -1.3275 -1.3275 -1.3275 -1.11 -1.11 -1.11
0.8025 0.8025 0.83 0.83 0.83 0.76036793 0.76 0.92 0.92 0.92 1.0274868 1.0275 0.95395877 1.7974998 1.7975 1.7975 1.7975 0.92 0.92 0.92 1.405 1.4049998 1.1675012 1.1675 1.1674999 1.3 1.3 1.2999999 1.2425093 1.2125409 1.2125011 1.2125358 1.4171496 1.4173231 0.53177179 0.33999998 0.33986595 0.3 0.3 -0.2875 -0.2875 -0.2875 -0.2875 -1.3275 -1.3275 -1.3275 -1.3275 -1.3275 -1.3275 -1.3275 -1.11 -1.11 -1.11
0.8025 0.8025 0.83 0.83 0.83 0.83 0.81988333 0.92 0.92 0.92 0.92000967 0.9375 0.9375 0.9375 1.7924318 1.7975 0.92584744 0.92 0.92 0.92 1.405 1.405 1.405 1.405 1.3 1.3 1.3 1.3 1.3 1.2125 1.2125 1.2125 1.2125 1.212498 0.28 0.3 0.3 0.3 0.3 0.29999646 -0.7275 -0.7275 -0.7275 -0.82512612 -1.0275 -1.0275 -1.0275 -1.3275 -1.3275001 -1.3975 -1.3975 -0.55763441 -0.5575
0.8025 0.8025 0.82007443 0.83 0.83 0.83 0.68791258 0.91926729 0.92 0.92 0.93749989 0.9375 0.9375 0.9375 0.9375 1.0079888 0.92 0.92 0.92 0.92 1.4049962 1.405 1.405 1.405 1.3 1.3 1.3 1.3 1.3 0.47169619 1.2125 1.2125 1.2125 0.28 0.28 0.28001553 0.3 0.3 -0.037667109 -0.29999995 -0.7275 -0.7275 -0.7275 -0.82334158 -1.0275 -1.0275 -1.0275 -0.92 -1.3915504 -1.3975 -1.3975 -0.5575 -0.5575
0.9925 0.9925 0.9925 0.87074322 0.82959873 0.6875 0.6875 0.6875 0.6875 0.4325 0.4325 0.93749996 0.9375 0.9375 0.9375 0.93749884 0.92 0.92 0.92 0.92 1.1933617 1.405 1.405 1.4051963 1.4074905 1.3 1.3 1.3 0.21 0.21 0.21 0.21000421 0.28 0.28 0.28 0.28 -0.3 -0.3 -0.3 -0.3 -0.6475 -0.6475 -0.6475 -0.87499543 -0.875 -0.875 -0.87500005 -0.92 -0.92 -1.3969182 -1.3975 -0.5574997 -0.5575
0.9925 0.9925 0.9925 0.99247644 0.555 0.57426768 0.6875 0.6875 0.6875 0.4325 0.4325 0.4325 -0.35999994 -0.36 -0.36 -0.35999999 0.9167302 0.92 0.92 0.92 0.92735473 1.4125 1.4125 1.4125 1.4125 1.4125 0.35750001 0.3575 0.21 0.21 0.21 0.21 0.27999998 0.28 0.28 0.27999817 -0.3 -0.3 -0.3 -0.29968195 -0.6475 -0.6475 -0.6475 -0.87498945 -0.875 -0.875 -0.875 -0.92 -0.92 -0.91999994 -0.4975 -0.4975 -0.165
0.9925 0.9925 0.9925 0.55500101 0.555 0.555 0.68749995 0.6875 0.6875 0.4325 0.4325 0.4325 -0.36 -0.36 -0.36 -0.39846057 -0.865 -0.865 -0.86499539 0.90991786 1.4125 1.4125 1.4125 1.4125 1.4125 1.4117061 0.3575 0.3575 0.3575 0.21 0.21 0.21008046 0.2575 0.2575 0.2575 -0.1425 -0.1425 -0.2275 -0.2275 -0.2275 -0.635 -0.64749608 -0.64749705 -0.2525 -0.2525 -0.27609204 -0.87499843 -0.92 -0.92 -0.4975 -0.4975 -0.4975 -0.165
0.9925 0.9925 0.9925 0.555 0.555 0.555 0.555 0.6875 0.6875 0.4325 0.4325 -0.32831143 -0.36 -0.36 -0.36 -0.865 -0.865 -0.865 -0.865 -0.865 1.4125 1.4125 1.4125 1.4125 1.4125 0.3575036 0.3575 0.3575 0.3575 0.335 0.335 0.335 0.2575 0.2575 0.2575 -0.1425 -0.1425 -0.2275 -0.2275 -0.635 -0.635 -0.635 -0.2525 -0.2525 -0.2525 -0.2525 -0.24592821 -0.1725 -0.1725 -0.1725 -0.4975 -0.415 -0.415
0.9925 0.9925 0.99189076 0.555 0.555 0.555 0.555 0.2884367 0.275 0.27527041 0.43249996 -0.36001779 -0.36 -0.36 -0.36000175 -0.865 -0.865 -0.865 -0.865 -0.865 -1.1649303 1.4125 1.4125 1.4125 1.4123466 0.35751744 0.3575 0.3575 0.3575 0.335 0.335 0.335 0.33498916 0.2575 -0.1425 -0.1425 -0.1425 -0.14250356 -0.22752779 -0.635 -0.635 -0.635 -0.25252322 -0.2525 -0.2525 -0.2525 -0.17250206 -0.1725 -0.1725 -0.1725 -0.415 -0.415 -0.415
1.29 1.2899995 0.55525604 0.555 0.555 0.555 0.27505958 0.275 0.275 0.275 -0.57249998 -0.5725 -0.5725 -0.5725 -0.86364997 -0.865 -0.865 -0.865 -0.865 -1.2749998 -1.275 -1.275 0.66750012 0.6675 0.6675 0.6675 0.64074301 0.3575 0.37749918 0.3775 0.3775 0.3775 0.3775 -0.2225 -0.2225 -0.2225 -0.2225 -0.2225 -0.8525 -0.8525 -0.8525 -0.8525 -0.8525 -0.37731157 -0.3775 -0.3775 -0.3775 -0.1725 -0.1725 -0.1725 -0.4149618 -0.415 -0.415
1.29 1.29 1.2844112 0.62249986 0.62249998 0.6221612 0.275 0.275 0.275 0.275 -0.5725 -0.5725 -0.5725 -0.5725 -0.5725 -0.865 -0.865 -0.865 -1.2749999 -1.275 -1.275 -1.275 0.66749999 0.6675 0.6675 0.6675 0.6675 0.66743413 0.3777819 0.3775 0.3775 0.3775 0.37761324 0.15590683 -0.22210818 -0.2225 -0.2225 -0.22249999 -0.8525 -0.8525 -0.8525 -0.8525 -0.8525 -0.3775 -0.3775 -0.3775 -0.3775 -0.28163799 -0.1725 0.035157045 0.0375 0.1175 0.1175
1.29 1.29 0.62258455 0.6225 0.6225 0.6225 0.53423647 0.275 0.275 0.275 -0.5725 -0.5725 -0.5725 -0.5725 -0.5725 -0.86478347 -0.865 -1.2748798 -1.275 -1.275 -1.275 -1.275 -0.052111712 0.6675 0.6675 0.6675 0.6675 0.66781186 1.1075 1.1075 1.1075 1.1075 1.1075 0.445 0.445 0.445 0.445 0.445 -0.5625 -0.5625 -0.5625 -0.5625 -0.5625 -0.37627306 -0.37749974 -0.3775 -0.37741482 -0.36719111 0.0375 0.0375 0.0375 0.11749955 0.1175
1.2899993 0.92721351 0.62250004 0.6225 0.6225 0.6225 0.6225 0.27514796 0.275 0.275 -0.5725 -0.5725 -0.5725 -0.5725 -1.4916213 -1.5125 -1.5125 -1.2750061 -1.275 -1.275 -1.275 -1.275 -1.2749999 0.6675 0.6675 0.6675 0.6675 1.7474994 1.7474997 1.6112924 1.1075 1.1075 1.1075 0.445 0.445 0.445 0.445 0.445149 -0.5625 -0.5625 -0.5625 -0.5625 -0.56243909 0.125 0.125 0.125 0.125 0.12499294 0.0375 0.0375 0.0375 0.037500124 0.23819589
0.92 0.92 0.7264983 0.6225 0.6225 0.6225 0.6225 0.6225 0.27514532 -0.90249998 -0.9025 -0.9025 -0.90171684 -1.5124986 -1.5125 -1.5125 -1.5125 -1.5125 -1.2749993 -1.2691021 -1.2175 -1.2175 -1.2175 -0.74187716 0.59446681 0.20368004 -0.12492881 1.7475 1.7475 1.7475 1.7475 1.7475 1.7173092 0.67030305 0.665 0.665 0.665 0.665 -0.41315618 0.23249857 0.2325 0.2325 0.2325 0.20249977 0.12500002 0.125 0.125 0.5575 0.03750833 0.0375 0.0375 0.24 0.24
0.92 0.92 -0.014999993 -0.015 -0.015 0.62228764 0.6225 0.6225 -0.9025 -0.9025 -0.9025 -0.9025 -0.9025 -1.5125 -1.5125 -1.5125 -1.5125 -1.5125 -1.2175 -1.2175 -1.2175 -1.2175 -1.2175 -0.24500005 -0.245 -0.245 -0.245 1.7475 1.7475 1.7475 1.7475 1.7475 1.1375 1.1375 0.665 0.665 0.665 0.50752682 0.5075 0.2325 0.2325 0.2325 0.23250001 0.2025 0.2025 0.2025 0.5575 0.5575 0.5575 0.38 0.38 0.24 0.24
