interpolatedSpi/07-11|21_3.tif
NCOLS 53
NROWS 52
XLLCORNER -116.03883
YLLCORNER 28.596182
DX 0.49850594
DY 0.49788537
NODATA_VALUE -9999
-1.222 -1.222 -1.3747179 -1.234 -1.218 -1.55 -1.314 -1.402 -1.5245215 -1.48 -1.732 -1.166 -1.6299778 -1.36 -1.196 -1.196 -1.196 -0.694 -1.136 -1.136 -1.136 -1.1359894 -0.032000017 -1.792 -1.792 -1.792 -1.6779918 -1.678 -1.678 -0.724 -0.724 -0.724 -0.724 -1.1119999 -1.112 -1.112 -1.112 -1.112 -1.112 -1.112 -1.6996695 -1.7055743 -0.034 -0.034 -0.034 -0.034 -0.033849733 0.058 0.058 0.058 -0.069999734 -0.07 -0.07 
-1.2220299 -1.894 -1.1519994 -1.1558492 -1.5159945 -0.928 -1.37 -1.5936153 -2.062 -1.636 -1.464 -1.63 -1.63 -1.5154798 -1.3600004 -1.196 -0.694 -0.694 -1.1354237 -1.136 -1.136 -1.136 -1.7677869 -1.792 -1.792 -1.792 -1.732 -1.732 -0.724 -0.724 -0.724 -0.724 -0.724 -1.1119999 -1.112 -1.112 -1.112 -1.112 -1.112 -1.0486039 -0.70803531 -0.11578481 -0.034 -0.034 -0.034 -0.034 -0.034 0.058 0.058 0.058 0.047386117 -0.07 -0.07 
-1.5599857 -1.56 -0.624 -0.918 -0.894 -1.37 -0.792 -1.42 -1.844 -1.672 -1.572 -1.868 -1.406 -1.136 -1.516 -1.832 -0.694 -0.694 -0.694 -1.0960116 -1.096 -1.096 -1.332 -1.792 -1.792 -1.792 -1.732 -1.732 -1.732 -0.724 -0.724 -0.72399999 -0.65756679 -1.1113275 -1.1109575 -1.0010263 -1 -1 -0.9632741 -0.708 -0.708 -0.70713812 -0.034 -0.034 -0.034 -0.034 -0.034 0.058 0.058 0.058 0.058 -0.07 -0.07 
-0.396 -1.5599998 -0.77593045 -0.316 -0.75 -0.928 -0.844 -1.262 -0.868 -1.2306786 -1.392 -1.7 -1.674 -1.136 -1.25 -1.832 -1.9232961 -1.9231382 -1.754 -1.096 -1.096 -1.312 -1.332 -1.332 -1.792 -1.7919997 -1.732 -1.732 -1.732 -0.874 -0.71598081 -0.586 -0.586 -0.58600032 -1 -1 -1 -1 -0.708 -0.708 -0.708 -0.70799997 -0.034 -0.034 -0.034 -0.034 -0.034 0.057998839 0.058 0.058 0.058 -0.070033709 -0.07 
-0.396 -0.28000091 -0.776 -0.93863065 -0.75 -0.672 -1.32797 -1.378 -1.592 -0.9400003 -1.2932987 -1.4620069 -1.51 -1.25 -1.25 -1.6408606 -1.924 -1.924 -1.754 -1.754 -1.0960004 -1.312 -1.22 -1.088 -1.062 -1.0618528 -1.732 -1.732 -0.874 -0.874 -0.586 -0.586 -0.586 -0.58977132 -1 -1 -1 -0.708 -0.708 -0.708 -0.708 -0.70801931 -0.034000012 -0.034 -0.034 -0.034 -0.034 -0.033181086 0.058 0.057947986 -1.102 -1.102 -1.102 
-1.56 -0.828 -0.54400001 -0.812 -0.698 -0.696 -1.184 -1.2088376 -0.95 -0.748 -0.68 -0.396 -0.39600073 -1.558 -1.558 -2.0257581 -2.026 -1.826 -1.826 -1.7539993 -0.702 -0.702 -1.088 -1.062 -1.062 -0.432 -0.428 -0.428 -0.59802485 -0.874 -0.586 -0.586 -0.606 -0.60593501 0.01595531 -0.472 -0.472 -0.63498801 -0.708 -0.708 -0.90775056 -0.908 -0.90799821 -1.2855104 -1.3078592 -1.3079997 -1.308 -1.3079995 -0.34757301 -1.102 -1.102 -1.102 -1.102 
0.037986297 -0.74 -0.8679148 -0.372 -0.538 -1.102 -0.54 -0.72 -1.058 -1.058 -0.68 -1.198 -1.7439999 -1.558 -1.0240016 -1.024 -2.026 -1.03 -0.968 -0.968 -0.77457479 -0.856 -0.856 -0.34800001 -0.432 -0.432 -0.428 -0.428 -0.59799056 -0.59782619 0.032548281 -0.606 -0.606 0.016 0.016 -0.51883904 -0.472 -0.472 -0.80998828 -0.90799986 -0.908 -0.908 -0.90798853 -1.3079928 -1.308 -1.308 -1.308 -1.3079994 -0.232 -1.1018276 -1.102 -1.102 -1.102 
0.038 0.012 -0.29 -1.032 -0.85001043 -0.86 -0.418 -1.318 -1.152 -0.95 -0.95 -1.424 -1.744 -1.744 -1.0289399 -1.2990486 -1.326 -0.828 -0.84000013 -0.968 -0.26143488 -0.274 0.27 0.114 0.11400098 0.19 -0.81 -0.80999987 -0.43656767 -0.43599999 0.034 -0.42905737 -0.576 0.016 0.00037038252 -0.558 -0.558 -0.81 -0.81 -0.908 -0.908 -0.90799998 -0.017408907 -0.016000066 -1.308 -1.308 -1.308 -0.23204096 -0.232 -0.232 -1.102 -1.102 -1.102 
0.074506802 0.012000008 0.528 -0.514 -0.194 -0.478 -0.676 -0.724 -1.064 -0.96671261 -1.166 -1.356 -1.356 -1.26 -1.2599945 -0.76955519 -0.768 -0.768 -0.82983182 -0.124 -0.126 -0.126 0.018 0.17069094 0.18234121 0.19 -0.91 -0.81 -0.30296361 -0.3 -0.388 -0.096 0.11251009 -0.442 -0.532 -0.58 -0.708 -0.86 -0.75404895 -0.90470574 -0.17 -0.124 -0.01600391 -0.016 -0.023272075 -1.308 -1.268 -0.23200001 -0.232 -0.232 -0.232 -1.1323798 -0.448 
0.424 0.424 0.788 0.522 -0.09 -0.566 -1.002 -0.436 -0.502 -0.94201334 -1.302 -0.64 -1.26 -1.26 -0.68 -0.68120696 -0.768 -0.76789515 -0.324 -0.124 -0.124 -0.12425767 0.018 -0.30199394 -0.302 -0.302 -0.91 -0.27 -0.27 -0.3 -0.3 -0.095214801 0.318 -0.442 -0.05 -0.58 -0.708 -0.522 -0.754 -0.94288827 -0.124 -0.093143491 -0.04 -0.016 -0.016 -1.268 -1.268 -1.268 -0.232 -0.232 -1.346 -1.346 -1.3459997 
0.424 0.424 0.15 -0.12 -0.986 -0.088 -0.58 -1.1958338 -1.16 -0.99 -1.17 -1.424 -0.64104465 -0.68 -0.68 -0.67993978 -0.158 -0.16671246 -0.324 -0.866 -0.866 -0.252 -0.252 -0.302 -0.302 -0.302 -0.27 -0.27 -0.27 0.332 0.332 0.33199998 -0.102 -0.102 -0.364 -0.27 -0.024 -0.72198783 -0.96 -0.946 -0.946 -0.66799794 -0.04 -0.016 -0.38600035 -0.95 -0.99518005 -0.994 -0.696 -0.696 -1.346 -1.346 -1.346 
0.424 0.30558946 0.03478137 -0.57398852 -0.46 -0.7 -0.58 -1.196 -1.1600003 -0.99188339 -1.4239994 -1.424 -0.912 -0.68 -0.68 -0.15800002 -0.158 -0.15800945 -0.324 -0.866 -0.74542289 -0.252 -0.252 -0.30199876 -0.302 -0.33421452 -0.4 -0.4 -0.39999998 0.332 0.332 0.07 0.07 -0.10200072 -0.364 -0.27200002 0.093378837 -0.722 -0.722 -0.94599999 -0.668 -0.668 -0.66799786 -0.386 -0.386 -0.95 -0.994 -0.994 -0.696 -0.696 -1.346 -1.346 -1.346 
-0.558 -0.37676231 -0.41798873 -0.41912773 -0.46000139 -0.69999433 -0.58 -1.1884174 -1.1624808 -1.1555608 -0.912 -0.912 -0.912 -0.912 -0.68003286 -0.158 -0.158 -0.16014332 -0.324 -0.86605441 -1.066 -1.066 -1.066 -1.066 -0.31500442 -0.4 -0.4 -0.4 -0.4 -0.39957744 0.07 0.07 0.07 0.07 -0.272 -0.272 -0.272 -0.69863417 -0.72270599 -0.816 -0.816 -0.66800796 -1.0419775 -0.38606318 -0.386 -0.95 -0.994 -0.994 -0.696 -0.696 -1.3436419 -1.346 -0.7532926 
-0.558 -0.418 -0.418 -0.418 -0.418 -0.41800012 -0.58030711 -0.87146362 -1.1690992 -0.91226291 -0.912 -0.912 -0.912 -0.912 -0.91200026 -0.15800001 -0.15800003 -0.16938647 -0.32400009 -1.066 -1.066 -1.066 -1.066 -1.066 -1.0509953 -0.40672061 -0.416 -0.416 -0.416 -0.416 0.07 0.07 0.069999836 -0.066 -0.066 -0.272 -0.19616905 -0.194 -0.81599964 -0.816 -0.816 -0.816 -1.042 -1.042 -1.042 -1.0413598 -1.439076 -1.442 -1.442 -1.442 -1.442 -0.54400017 -0.544 
-0.986 -0.418 -0.418 -0.418 -0.418 -0.418 -0.41800001 -0.75650385 -1.2752688 -1.276 -1.276 -1.276 -1.276 -1.276 -1.276 -0.92707804 -0.17010733 -0.18073117 -1.0659067 -1.066 -1.066 -1.066 -1.066 -1.0659995 -0.372 -0.372 -0.37200006 -0.416 -0.416 -0.41501079 0.078 0.078 -0.066 -0.066 -0.066 -0.17349561 -0.194 -0.194 -0.194 -0.816 -0.816 -0.816 -1.042 -1.042 -1.042 -1.042 -1.442 -1.442 -1.442 -1.442 -1.442 -0.544 -0.544 
-0.986 -0.77454005 -0.418 -0.418 -0.418 -0.418 -0.83591796 -0.836 -0.83600001 -1.276 -1.276 -1.276 -1.276 -1.276 -1.1974639 -0.92 -0.92 -0.92 -0.67718789 -0.6760004 -0.676 -0.676 -0.676 -0.676 -0.372 -0.372 -0.372 -0.372 -0.416 0.078 0.078 0.078 -0.065999987 -0.066 -0.066 0.222 -0.1934492 -0.194 -0.194 -0.81586495 -0.54674637 0.081310098 -1.042 -1.042 -1.1357099 -1.136 -1.136 -1.4408724 -0.75839726 -0.75600006 -0.75600013 -0.142061 -0.54399918 
-0.986 -0.66486288 -0.53843896 -0.418 -0.418 -0.83575303 -0.836 -0.836 -0.836 -0.83917077 -1.276 -1.276 -1.276 -1.276 -0.92 -0.92 -0.92 -0.92 -0.67621796 -0.676 -0.676 -0.676 -0.676 -0.676 -0.37200001 -0.372 -0.372 -0.372 -0.37036319 0.078 0.078 0.078 0.216 -0.065963897 0.222 0.222 0.222 0.22715753 0.066420405 0.084 0.084 0.084 -0.62 -0.62 -1.136 -1.136 -1.136 -0.756 -0.756 -0.756 -0.756 -0.142 -0.142 
-0.65619865 -0.656 -0.656 -0.656 -0.466 -0.83599046 -0.836 -0.836 -0.836 -0.836 -1.2298178 -1.2759921 -1.276 -0.92 -0.92 -0.92 -0.92 -0.92 -0.8902661 -0.676 -0.676 -0.676 -0.676 -0.676 -0.38745737 -0.15400118 -0.154 -0.154 -0.154 0.078000007 0.216 0.216 0.216 0.216 0.222 0.22201243 0.694 0.694 0.091616759 0.084 0.084 0.084 -0.62 -0.62 -1.0561054 -1.136 -1.136 -0.756 -0.756 -0.756 -0.74941632 -0.142 -0.142 
-0.656 -0.656 -0.656 -0.56652617 -0.466 -0.466 -0.836 -0.836 -0.836 -0.836 -0.666 -0.666 -0.666 -0.92 -0.92 -0.92 -0.92 -0.91993059 -0.752 -0.752 -0.67600003 -0.676 -0.66947533 -0.408 -0.40571335 -0.154 -0.154 -0.154 -0.154 0.21596232 0.216 0.216 0.216 0.216 0.69399834 0.694 0.694 0.694 0.6918272 0.084 0.084 0.084 -0.62 -0.62 -0.62 -1.136 -1.136 -0.756 -0.756 -0.756 -0.142 -0.142 -0.142 
-0.656 -0.656 -0.656 -0.466 -0.466 -0.466 -0.46600057 -0.836 -0.836 -0.66617549 -0.666 -0.666 -0.666 -0.66615825 -0.58004259 -0.5 -0.5 -0.5 -0.752 -0.752 -0.752 -0.408 -0.408 -0.408 -0.40792885 -0.154 -0.154 -0.154 -0.154 0.20583299 0.2140002 0.214 0.214 0.214 0.49571866 0.21800108 0.218 0.218 0.218 0.0040109463 0.004 0.004 -0.62 -0.62 -0.43400078 -0.43399989 -0.136 -0.136 0.09 0.09 0.09 -0.142 0.49742776 
-0.65599664 -0.656 -0.65599999 -0.466 -0.466 -0.466 -0.46599999 0.11199972 -0.83220953 -0.66544687 -0.666 -0.666 -0.666 -0.66567426 -0.5 -0.5 -0.5 -0.50000007 -0.752 -0.752 -0.752 -0.408 -0.408 -0.408 -0.154 -0.154 -0.116 -0.116 -0.116 -0.11419975 0.214 0.214 0.214 0.214 0.2159988 0.218 0.218 0.218 0.218 0.004 0.004 0.004 -0.0097811557 -0.434 -0.434 -0.434 -0.136 -0.136 0.09 0.09 0.09 0.49799999 0.498 
0.426 -0.072164766 0.078 0.077842176 -0.466 0.10865571 0.112 0.112 0.14479408 -0.055999994 -0.056 -0.056 -0.056 0.24399023 0.244 -0.49999943 -0.5 -0.50663983 -0.752 -0.752 -0.752 0.574 0.574 0.574 -0.154 -0.154 -0.116 -0.116 -0.116 -0.11599987 0.066000941 0.066000416 0.21028024 0.21384133 -0.42526594 -0.426 -0.426 -0.426 -0.426 0.004 0.004 0.004 -0.40988229 -0.434 -0.434 -0.43399992 -0.136 -0.136 -0.13599186 0.09 0.089984349 -0.26 0.498 
0.19204444 0.19199998 0.078 0.078 0.078 0.112 0.112 0.112 0.202 0.202 -0.056 -0.056 -0.056 0.244 0.244 0.244 0.244 0.24388664 -0.752 -0.752 -0.75199995 0.574 0.574 0.574 -0.154 -0.154 -0.116 -0.116 -0.116 0.063947937 0.066 0.066 0.066 0.066 -0.42575723 -0.426 -0.426 -0.426 -0.426 0.089999978 0.09 0.09 0.09 -0.43399673 -0.008 -0.008 -0.008 -0.006 -0.006 -0.006 -0.26 -0.26 -0.26 
0.192 0.192 0.078 0.078 0.078 0.11182129 0.112 0.202 0.202 0.202 -0.05596824 -0.056 0.22345666 0.24400001 0.244 0.244 0.244 0.272 0.272 0.272 -0.40999998 -0.40999927 0.57399521 0.574 0.57312093 -0.564 -0.564 -0.56399893 -0.1160724 -0.051976484 -0.051999372 -0.051979399 0.065798326 0.065898167 -0.33844986 -0.42599991 -0.42525603 -0.204 -0.204 0.09 0.09 0.09 0.09 -0.008 -0.008 -0.008 -0.008 -0.006 -0.006 -0.006 -0.26 -0.26 -0.26 
0.192 0.192 0.078 0.078 0.078 0.078 0.14568437 0.202 0.202 0.202 0.2020464 0.286 0.286 0.286 0.24424752 0.244 0.27181341 0.272 0.272 0.272 -0.41 -0.41 -0.41 -0.41 -0.564 -0.564 -0.564 -0.564 -0.564 -0.052 -0.052 -0.052 -0.052 -0.052000564 -0.32 -0.204 -0.204 -0.204 -0.204 -0.20399945 -0.076 -0.076 -0.076 -0.18143167 -0.4 -0.4 -0.4 -0.0060000113 -0.0060005528 -0.576 -0.576 -0.52993432 -0.53 
0.192 0.192 0.11914599 0.078 0.078 0.078000009 0.46353507 0.20282568 0.202 0.202 0.28600009 0.286 0.286 0.286 0.286 0.28255531 0.272 0.272 0.272 0.272 -0.40999472 -0.41 -0.41 -0.41 -0.564 -0.564 -0.564 -0.564 -0.564 -0.40669908 -0.052 -0.052 -0.052 -0.32 -0.32 -0.31990992 -0.204 -0.204 -0.12070878 -0.056000013 -0.076 -0.076 -0.076 -0.17755917 -0.4 -0.4 -0.4 0.186 -0.56650555 -0.576 -0.576 -0.53 -0.53 
0.02 0.02 0.02 0.063457806 0.078584779 0.464 0.464 0.464 0.464 0.718 0.718 0.28600003 0.286 0.286 0.286 0.28599912 0.272 0.272 0.272 0.272 -0.11239732 -0.41 -0.41 -0.426278 -1.0111605 -0.564 -0.564 -0.564 -0.532 -0.532 -0.532 -0.53199799 -0.32 -0.32 -0.32 -0.32 -0.056 -0.056 -0.056 -0.056 0.014 0.014 0.014 0.31599393 0.316 0.316 0.31599977 0.186 0.186 -0.57507154 -0.576 -0.52999508 -0.53 
0.02 0.02 0.02 0.020024556 0.476 0.474255 0.464 0.464 0.464 0.718 0.718 0.718 0.56999999 0.57 0.57 0.56999999 0.27173622 0.272 0.272 0.272 0.2616245 -1.0319983 -1.032 -1.032 -1.032 -1.032 -1.268 -1.268 -0.532 -0.532 -0.532 -0.532 -0.31999966 -0.32 -0.32 -0.31996188 -0.056000013 -0.056 -0.056 -0.057886337 0.014 0.014 0.014 0.315986 0.316 0.316 0.316 0.186 0.186 0.18600003 0.446 0.446 0.672 
0.02 0.02 0.02 0.47599895 0.476 0.476 0.464 0.464 0.464 0.718 0.718 0.718 0.57 0.57 0.57 0.53633748 0.128 0.128 0.12800037 0.27118664 -1.032 -1.032 -1.032 -1.032 -1.032 -1.0321776 -1.268 -1.268 -1.268 -0.532 -0.532 -0.53232955 0.148 0.148 0.148 -0.57 -0.57 -0.486 -0.486 -0.486 -0.298 0.013902135 0.014000179 0.038 0.038 0.048535884 0.31599905 0.186 0.186 0.446 0.446 0.446 0.672 
0.02 0.02 0.02 0.476 0.476 0.476 0.476 0.464 0.464 0.718 0.718 0.57591787 0.57 0.57 0.57 0.128 0.128 0.128 0.128 0.128 -1.032 -1.032 -1.032 -1.032 -1.032 -1.2679992 -1.268 -1.268 -1.268 -1.044 -1.044 -1.044 0.148 0.148 0.148 -0.57 -0.57 -0.486 -0.486 -0.298 -0.298 -0.298 0.038 0.038 0.038 0.038 0.062151316 0.332 0.332 0.332 0.44600001 0.764 0.764 
0.02 0.02 0.020635 0.476 0.476 0.476 0.476 0.91011737 0.932 0.93163259 0.71799999 0.56999397 0.57 0.57 0.56999847 0.128 0.128 0.128 0.128 0.128 -0.45269271 -1.032 -1.032 -1.032 -1.0318632 -1.2679494 -1.268 -1.268 -1.268 -1.044 -1.044 -1.044 -1.0438217 0.148 -0.57 -0.57 -0.57 -0.56999624 -0.48598718 -0.298 -0.298 -0.298 0.037979602 0.038 0.038 0.038 0.33199833 0.332 0.332 0.332 0.764 0.764 0.764 
-0.228 -0.22799957 0.47573532 0.476 0.476 0.476 0.93190297 0.932 0.932 0.932 0.49800001 0.498 0.498 0.498 0.1297077 0.128 0.128 0.128 0.128 -0.42799967 -0.428 -0.428 -0.36800011 -0.368 -0.368 -0.368 -0.44568158 -1.268 -0.28604022 -0.286 -0.286 -0.286 -0.286 -0.15 -0.15 -0.15 -0.15 -0.15 0.282 0.282 0.282 0.282 0.282 0.16780403 0.168 0.168 0.168 0.332 0.332 0.332 0.76393194 0.764 0.764 
-0.228 -0.228 -0.22131856 0.56999981 0.56999998 0.57035281 0.932 0.932 0.932 0.932 0.498 0.498 0.498 0.498 0.498 0.128 0.128 0.128 -0.42799986 -0.428 -0.428 -0.428 -0.368 -0.368 -0.368 -0.368 -0.368 -0.36819035 -0.286 -0.286 -0.286 -0.286 -0.286 -0.16587325 -0.15001644 -0.15 -0.15 -0.15 0.282 0.282 0.282 0.282 0.282 0.168 0.168 0.168 0.168 0.2446896 0.332 -0.11297938 -0.118 0.292 0.292 
-0.228 -0.228 0.56989892 0.57 0.57 0.57 0.66194647 0.932 0.932 0.932 0.498 0.498 0.498 0.498 0.498 0.12827863 0.128 -0.42783698 -0.428 -0.428 -0.428 -0.428 -0.39022739 -0.368 -0.368 -0.368 -0.368 -0.36794209 -0.286 -0.286 -0.286 -0.286 -0.286 -0.178 -0.178 -0.178 -0.178 -0.178 0.212 0.212 0.212 0.212 0.212 0.16813673 0.16800003 0.168 0.16800949 0.169101 -0.118 -0.118 -0.118 0.2919977 0.292 
-0.22799992 -0.18485782 0.56999989 0.57 0.57 0.57 0.57 0.93184586 0.932 0.932 0.498 0.498 0.498 0.498 -0.15516281 -0.17 -0.17 -0.42799336 -0.428 -0.428 -0.428 -0.428 -0.42799999 -0.368 -0.368 -0.368 -0.368 -0.71999958 -0.7199998 -0.62763425 -0.286 -0.286 -0.286 -0.178 -0.178 -0.178 -0.178 -0.17821131 0.212 0.212 0.212 0.212 0.21197748 0.224 0.224 0.224 0.224 0.22397242 -0.118 -0.118 -0.118 -0.11799959 0.55605305 
-0.184 -0.184 0.017564781 0.57 0.57 0.57 0.57 0.57 0.93184454 0.47400001 0.474 0.474 0.47405696 -0.16999904 -0.17 -0.17 -0.17 -0.17 -0.42799959 -0.42451254 -0.394 -0.394 -0.394 -0.3870654 -0.36207731 -0.33038611 -0.30388835 -0.72 -0.72 -0.72 -0.72 -0.72 -0.69805297 -0.48652072 -0.49 -0.49 -0.49 -0.49 0.15677097 -0.081999472 -0.082 -0.082 -0.082 -0.067999144 0.22399992 0.224 0.224 -0.144 -0.11800042 -0.118 -0.118 0.56 0.56 
-0.184 -0.184 0.236 0.236 0.236 0.56988874 0.57 0.57 0.474 0.474 0.474 0.474 0.474 -0.16999997 -0.17 -0.17 -0.17 -0.17 -0.394 -0.394 -0.394 -0.394 -0.394 -0.29400001 -0.294 -0.294 -0.294 -0.72 -0.72 -0.72 -0.72 -0.72 -0.18 -0.18 -0.49 -0.49 -0.49 -0.05607391 -0.056 -0.082 -0.082 -0.082 -0.08199996 -0.068 -0.068 -0.068 -0.144 -0.144 -0.144 -0.152 -0.152 0.56 0.56 
-0.184 -0.184 0.236 0.236 0.236 0.236 0.23600115 0.446 0.47397364 0.474 0.474 0.474 0.474 -0.16196669 -0.17 -0.17 -0.17 -0.17 -0.394 -0.394 -0.394 -0.394 -0.394 -0.294 -0.294 -0.294 -0.294 -0.29400173 -0.72 -0.72 -0.72 -0.18002831 -0.18 -0.18 -0.18 -0.49 -0.056000005 -0.056 -0.056 -0.056684109 0.13886822 0.18 0.18 -0.068 -0.068 -0.068 -0.144 -0.144 -0.144 -0.152 -0.152 -0.152 0.3553081 
0.056 0.055998116 0.236 0.236 0.236 0.236 0.446 0.446 0.446 0.474 0.474 0.474 0.474 0.4737998 -0.17 -0.17 -0.17 -0.17 -0.39399595 -0.394 -0.394 -0.394 -0.31161057 -0.294 -0.294 -0.294 -0.294 -0.37799993 -0.378 -0.378 -0.71630924 -0.18 -0.18 -0.18 -0.1799998 0.029999997 -0.056 -0.056 -0.056 -0.055999998 0.18 0.18 0.18 -0.048 -0.048 -0.048 -0.42397273 -0.144 -0.144 -0.152 -0.152 -0.152 0.33400236 
0.056 0.056 0.236 0.236 0.236 0.446 0.446 0.446 0.446 0.4709596 0.474 0.474 0.474 0.4739989 0.26395005 0.264 0.264 0.264 -0.15671365 -0.128 -0.128 -0.128 -0.128 -0.294 -0.294 -0.294 -0.29400554 -0.378 -0.378 -0.378 -0.378 -0.17998855 -0.061881075 0.03 0.03 0.03 -0.056223692 -0.11599875 -0.116 -0.116 0.17986997 0.014000005 0.014 -0.048 -0.048 -0.048001592 -0.424 -0.424 0.124 0.124 0.124 0.808 1.182 
0.056 0.056000003 0.714 0.714 0.714 0.446 0.446 0.446 0.446 1.438 1.438 1.438 1.438 1.3552655 0.264 0.264 0.264 0.264 -0.158 -0.128 -0.128 -0.128 -0.128 0.184 0.18399981 -0.29399929 -0.378 -0.378 -0.378 -0.378 -0.25649394 -0.138 0.010010304 0.03 0.03 0.03 -0.116 -0.116 -0.116 -0.116 0.014 0.014 0.014 -0.19193504 -0.192 -0.42295718 -0.424 -0.424 0.12400034 0.124 0.808 0.808 1.182 
0.056 0.714 0.714 0.714 0.714 0.714 0.45219479 1.244 1.244 1.438 1.438 1.438 1.438 1.437722 0.264 0.264 0.264 0.2449327 -0.158 -0.158 -0.128 -0.128 0.184 0.184 0.184 0.184 -0.378 -0.378 -0.378 -0.378 -0.138 -0.138 -0.138 0.029829998 0.03 0.03 -0.116 -0.116 -0.116 -0.116 0.014 0.014 0.014 -0.192 -0.192 -0.19198448 0.082 0.082 0.246 0.246 0.808 0.808 1.182 
0.70782056 0.714 0.714 0.714 0.714 0.714 1.244 1.244 1.244 1.3478369 1.438 1.438 1.438 1.4379904 0.264 0.264 0.264 -0.158 -0.158 -0.158 -0.1280015 -0.12799809 0.184 0.184 0.184 0.184 -0.37796005 -0.378 -0.378 -0.13805519 -0.138 -0.138 -0.138 -0.138 0.029792146 0.166 0.166 0.1611195 -0.116 -0.116 0.013999885 0.014 -0.18601051 -0.192 -0.192 0.081999901 0.082 0.082 0.246 0.246 0.558 0.558 0.872 
0.714 0.714 0.714 0.714 0.714 0.714 1.244 1.244 1.244 1.244 1.2220062 1.222 1.222 1.222 0.26400162 0.41015026 0.492 0.492 -0.15680173 -0.158 -0.15799999 0.18399955 0.184 0.184 0.184 0.184 0.18359139 -0.378 -0.3779918 -0.138 -0.138 -0.138 -0.138 -0.138 0.166 0.166 0.166 0.166 0.166 0.16599923 0.27 0.27 0.2699999 -0.026 -0.026 -0.026 0.172 0.172 0.42 0.42 0.558 0.55800068 0.872 
0.714 0.714 0.714 0.714 0.714 0.714 1.244 1.244 1.244 1.222 1.222 1.222 1.222 1.222 1.0295737 0.492 0.492 0.492 0.492 0.492 0.46096464 0.184 0.184 0.184 0.184 0.18242995 0.13407835 -0.3082818 -0.13918355 -0.138 -0.138 -0.138 -0.138 -0.13799933 0.166 0.166 0.166 0.166 0.166 0.21438056 0.27 0.27 0.27 -0.026 -0.026 -0.026 0.172 0.172 0.42 0.42 0.84399999 0.87045532 0.872 
0.714 0.714 0.714 0.714 0.714 0.71400016 1.2439999 1.244 1.2430869 1.222 1.222 1.222 1.222 1.222 1.1869847 0.492 0.492 0.492 0.492 0.492 0.492 0.14276868 0.13400007 0.134 0.134 0.134 0.134 0.134 0.21451366 0.21599581 0.21599999 0.216 0.216 0.21599996 0.166 0.166 0.166 0.166 0.166 0.26999999 0.27 0.27 0.27 0.26999987 -0.025281757 0.422 0.17200003 0.86775167 0.42040305 0.844 0.844 0.85880009 1.556 
0.714 0.714 0.714 0.714 0.714 0.71403386 1.2439714 1.2439987 1.222 1.222 1.222 1.222 1.222 1.222 1.2081097 0.492 0.492 0.492 0.492 0.492 0.492 0.134 0.134 0.134 0.134 0.134 0.134 0.134 0.21597736 0.216 0.216 0.216 0.216 0.216 0.2023 0.166 0.166 0.166 0.166 0.27 0.27 0.27 0.27 0.27003894 0.422 0.422 0.42487052 0.88 0.88 0.844 0.844 1.556 1.556 
0.714 0.714 0.714 0.714 0.714 0.71470683 1.2433702 1.2244826 1.222 1.222 1.222 1.222 1.222 1.222 1.2092201 0.492 0.492 0.492 0.492 0.492 0.44102731 0.134 0.134 0.134 0.134 0.134 0.134 0.134 0.21599967 0.216 0.216 0.216 0.216 0.216 0.216 0.40032555 0.76458635 0.96375871 0.99406868 0.31049556 0.27000001 0.27 0.27 0.42198786 0.422 0.42491297 0.90999986 0.88 0.88 1.5918779 1.592 1.592 1.556 
0.714 0.714 0.714 0.714 0.71400054 0.71841998 1.2383848 1.222006 1.222 1.222 1.222 1.222 1.222 1.222 1.2049534 0.492 0.492 0.492 0.492 0.492 0.13400155 0.134 0.134 0.134 0.134 0.134 0.134 0.134 0.21599998 0.216 0.216 0.216 0.216 0.216 0.21600016 1.01 1.01 1.01 1.01 0.9 0.9 0.9 0.9 0.90999859 0.91 0.91 0.91 0.91000132 1.032 1.032 1.592 1.592 1.3754095 
0.714 0.714 0.714 0.71400004 0.7140148 0.72837872 1.2225967 1.2220003 1.222 1.222 1.222 1.222 1.222 1.222 1.1972193 0.4920003 0.492 0.492 0.492 0.48984535 0.134 0.134 0.134 0.134 0.134 0.134 0.134 0.134 0.21599998 0.216 0.216 0.216 0.216 0.216 1.0099993 1.01 1.01 1.01 1.01 0.9 0.9 0.9 0.9 0.90269896 0.91 0.91 0.91 1.0319986 1.032 1.032 1.276 1.276 1.276 
0.714 0.714 0.71400002 0.7140012 0.71414502 0.76687468 1.2219736 1.2220001 1.222 1.222 1.222 1.222 1.222 1.222 1.1867426 0.49201717 0.492 0.492 0.49199959 0.14125365 0.134 0.134 0.134 0.134 0.134 0.134 0.134 0.134 0.21599992 0.216 0.216 0.216 0.216 0.45171777 1.0099999 1.01 1.01 1.01 1.01 0.9 0.9 0.9 0.9 0.9 0.91 0.91 0.91 1.032 1.032 1.032 1.276 1.276 1.276 
0.714 0.71400004 0.7140005 0.7140142 0.71486368 1.0105733 1.2219821 1.222 1.222 1.222 1.222 1.222 1.222 1.2219986 1.1742866 0.4922666 0.49200002 0.49199999 0.49014646 0.13403044 0.134 0.134 0.134 0.134 0.134 0.134 0.134 0.13400005 0.21599949 0.216 0.21600023 0.50969228 0.538 0.538 0.538 1.01 1.01 1.01 1.01 0.9 0.9 0.9 0.9 0.9 0.90999982 0.91 0.91000006 1.032 1.032 1.0320001 1.276 1.276 1.276 
