interpolatedSpi/07-10|20_2.tif
NCOLS 53
NROWS 52
XLLCORNER -116.03883
YLLCORNER 28.596182
DX 0.49850594
DY 0.49788537
NODATA_VALUE -9999
[rows 0 to 36 of 52, columns 0 to 52 of 53]
-0.825 -0.825 -0.59629059 -1.08 -0.31 -0.0325 0.1675 0.675 -0.029461926 -0.245 -0.3875 0.44 0.3199895 0.1925 0.145 0.145 0.145 -0.2375 0.1075 0.1075 0.1075 0.10749858 -0.039999999 0.09 0.09 0.09 0.50250118 0.5025 0.5025 -0.0675 -0.0675 -0.0675 -0.0675 0.38249991 0.3825 0.3825 0.3825 0.3825 0.3825 0.38250003 1.3248495 1.3349984 1.33 1.33 1.33 1.33 1.330882 1.87 1.87 1.87 1.5925006 1.5925 1.5925
-0.82499967 -0.8175 -0.55999957 -0.41565513 -0.10011571 -0.05 -0.0825 0.11495933 -0.3125 0.125 0.405 0.32 0.32 0.42920806 0.19250245 0.145 -0.2375 -0.2375 0.10705017 0.1075 0.1075 0.1075 0.044995286 0.09 0.09 0.09 0.037500004 0.0375 -0.0675 -0.0675 -0.0675 -0.0675 -0.0675 0.38249993 0.3825 0.3825 0.3825 0.3825 0.38250005 0.42411655 0.57752532 1.2386904 1.33 1.33 1.33 1.33 1.33 1.87 1.87 1.87 1.8469894 1.5925 1.5925
-0.33750783 -0.3375 -0.19 0.175 0.2075 -0.1075 0.3175 -0.0875 0.51 0.465 0.645 0.555 -0.7375 0.2575 0.43 1.1225 -0.2375 -0.2375 -0.2375 -0.3598641 -0.36 -0.36 -0.765 0.09 0.09 0.09 0.0375 0.0375 0.0375 -0.0675 -0.0675 -0.067500035 -0.42132905 0.38296203 0.38934128 1.1107648 1.1175 1.1175 1.0495822 0.5775 0.5775 0.57846226 1.33 1.33 1.33 1.33 1.33 1.87 1.87 1.87 1.87 1.5925 1.5925
-0.3075 -0.33749997 -0.18002949 0.02 -0.0925 0.1675 0.605 -0.0975 0.2825 0.53241921 1.115 1.0775 0.5125 0.2575 0.47 1.1225 -0.66869003 -0.68218821 -0.3625 -0.36 -0.36 -0.4975 -0.765 -0.765 0.09 0.089999738 0.0375 0.0375 0.0375 -0.5225 -0.67612976 -0.8025 -0.8025 -0.80249849 1.1175 1.1175 1.1175 1.1175 0.5775 0.5775 0.5775 0.57750003 1.33 1.33 1.33 1.33 1.33 1.8699932 1.87 1.87 1.87 1.5924236 1.5925
-0.3075 -0.18 -0.18 0.0077627729 -0.0925 0.345 0.33500697 -0.3325 -0.39 0.17249982 0.55287178 0.73000179 0.7425 0.47 0.47 0.87822764 -0.6825 -0.6825 -0.3625 -0.3625 -0.3600003 -0.4975 -0.6775 -0.63 -0.735 -0.73491912 0.0375 0.0375 -0.5225 -0.5225 -0.8025 -0.8025 -0.8025 -0.64032714 1.1175 1.1175 1.1175 0.5775 0.5775 0.5775 0.5775 0.57750265 1.33 1.33 1.33 1.33 1.33 1.3348067 1.87 1.8698827 -0.745 -0.745 -0.745
-1.2275 -0.4 -0.11 -0.045 0.335 0.29 -0.0225 -0.062188878 -0.1525 -0.1975 0.475 -0.705 -0.70499905 0.145 0.145 -0.58995352 -0.59 -0.645 -0.645 -0.3625001 -0.765 -0.765 -0.63 -0.735 -0.735 -0.39 -0.3975 -0.3975 -0.10753753 -0.5225 -0.8025 -0.8025 0.0575 0.057449062 -0.42996503 -0.1475 -0.1475 0.3532047 0.5775 0.5775 0.6049657 0.605 0.60500156 -0.15334436 -0.17983311 -0.1799996 -0.17999995 -0.17999943 0.1429896 -0.745 -0.745 -0.745 -0.745
-0.75500358 -0.865 -1.0320426 -0.45 -0.1625 -0.435 -0.175 0.1825 -0.31 -0.31 0.475 -0.5875 0.39749972 0.145 -0.39749837 -0.3975 -0.59 -0.47 -0.475 -0.475 -0.94054617 -1.1375 -1.1375 -0.6425 -0.39 -0.39 -0.3975 -0.3975 -0.1074933 -0.10737661 -0.14203749 0.0575 0.0575 -0.43 -0.43 -0.50423923 -0.1475 -0.1475 -1.0899673 0.60499764 0.605 0.605 0.60500661 -0.17999968 -0.18 -0.18 -0.18 -0.17999975 0.235 -0.74480579 -0.745 -0.745 -0.745
-0.755 -1.2025 -0.9125 -1.4225 -1.509995 -0.7925 -0.1775 -0.71499999 -0.605 -0.585 -0.585 -0.6625 0.3975 0.3975 -0.39204556 -0.28137849 -0.27 -0.47 -0.55499992 -0.475 -0.45603199 -0.3775 -0.8575 -1.025 -1.0250027 -1.2325 -0.6975 -0.69749989 0.0070970239 0.0074999966 -0.1425 -0.50847122 -0.5925 -0.43 -0.43106955 -0.8025 -0.8025 -1.09 -1.09 0.605 0.605 0.60500001 -0.12210731 -0.1225 -0.18 -0.18 -0.18 0.2349842 0.235 0.235 -0.745 -0.745 -0.745
-1.248394 -1.2025 -1.0175 -1.26 -0.545 -0.7575 -0.53 -0.39 0.0125 -0.055282197 0.02 -0.44 -0.44 -0.5975 -0.59749455 -0.43703316 -0.4375 -0.4375 -0.48297538 -1.1475 -1.3025 -1.3025 -0.4 -0.67720677 -1.2115895 -1.2325 -0.6825 -0.6975 -0.86651213 -0.8675 -0.485 0.12 -0.019766238 -0.3575 -0.4675 -0.565 -0.615 -0.6925 -0.99985801 0.60794609 1.265 -0.1625 -0.1225175 -0.1225 -0.12282364 -0.18 -0.2325 0.235 0.235 0.235 0.235 -0.75776201 -0.0525
-1.505 -1.505 -1.2 -0.9525 -0.5875 -0.2875 -0.3475 -0.39 -0.105 -0.072536432 -0.2875 0.065 -0.5975 -0.5975 -0.0175 -0.02326049 -0.4375 -0.43753568 -0.605 -1.1475 -1.1475 -1.1674692 -0.4 -0.7799928 -0.78 -0.78 -0.6825 -0.6725 -0.6725 -0.8675 -0.8675 0.11947369 -0.1575 -0.3575 -0.4375 -0.565 -0.615 -0.9525 -1 0.17071375 -0.16249994 -0.18729541 -0.23 -0.1225 -0.1225 -0.2325 -0.2325 -0.2325 0.235 0.235 -0.8475 -0.8475 -0.8474997
-1.505 -1.505 -1.2275 -0.8375 -1.4125 -0.7625 -0.79999999 -0.13525187 -0.2125 -0.1425 0.175 0.3175 0.06533517 -0.0175 -0.0175 -0.017555373 -0.4975 -0.5031421 -0.605 -0.75 -0.75 -0.71 -0.71 -0.78 -0.78 -0.78 -0.6725 -0.6725 -0.6725 -0.7475 -0.7475 -0.74749903 -0.8525 -0.8525 -0.5725 -0.88 -0.88 -0.084996852 -0.6125 0.19 0.19 -0.057500567 -0.23 -0.1225 -0.1625002 -0.445 -0.70794352 -0.71 -0.7125 -0.7125 -0.8475 -0.8475 -0.8475
-1.505 -1.3850404 -1.0610731 -1.0124981 -0.92 -1.2175 -0.8 -0.135 -0.21249935 -0.14327552 0.3174994 0.3175 -0.3025 -0.0175 -0.0175 -0.49749998 -0.4975 -0.49750612 -0.605 -0.75 -0.74214481 -0.71 -0.71 -0.77999696 -0.78 -0.86382349 -1.035 -1.035 -1.035 -0.7475 -0.7475 -0.5975 -0.5975 -0.85249923 -0.5725 0.044999371 -0.69318705 -0.085 -0.085 0.18999999 -0.0575 -0.0575 -0.057500786 -0.1625 -0.1625 -0.445 -0.71 -0.71 -0.7125 -0.7125 -0.8475 -0.8475 -0.8475
-0.3575 -0.33365712 -0.26252194 -0.26793492 -0.92000165 -1.217493 -0.80000001 -0.14318577 -0.20715946 -0.21067211 -0.3025 -0.3025 -0.3025 -0.3025 -0.017540372 -0.4975 -0.4975 -0.498888 -0.605 -0.7499188 -0.4725 -0.4725 -0.4725 -0.4725 -0.775015 -1.035 -1.035 -1.035 -1.035 -1.0347064 -0.5975 -0.5975 -0.5975 -0.5975 0.044999999 0.045 0.045 -0.078300167 -0.080287136 0.5425 0.5425 -0.057467727 0.48247792 -0.16243788 -0.1625 -0.445 -0.71 -0.71 -0.7125 -0.7125 -0.84701023 -0.8475 0.077795902
-0.3575 -0.2625 -0.2625 -0.2625 -0.2625 -0.2625004 -0.80106866 -0.48535681 -0.19291139 -0.30240137 -0.3025 -0.3025 -0.3025 -0.3025 -0.30250021 -0.49749999 -0.49750002 -0.50487377 -0.60499807 -0.4725 -0.4725 -0.4725 -0.4725 -0.4725 -0.46504441 -0.68124425 -0.58000009 -0.58 -0.58 -0.58 -0.5975 -0.5975 -0.59749995 -0.5525 -0.5525 0.045 0.3269356 0.335 0.54249988 0.5425 0.5425 0.5425 0.4825 0.4825 0.4825 0.47604545 -0.17097466 -0.1675 -0.1675 -0.1675 -0.16750001 0.90499964 0.905
-0.415 -0.2625 -0.2625 -0.2625 -0.2625 -0.2625 -0.26250004 -0.65903374 -0.59783136 -0.6 -0.6 -0.6 -0.6 -0.6 -0.6 -0.29871777 -0.49425631 -0.5122203 -0.47251662 -0.4725 -0.4725 -0.4725 -0.4725 -0.47249994 -0.1275 -0.1275 -0.12750064 -0.58 -0.58 -0.57954945 -0.355 -0.355 -0.5525 -0.5525 -0.5525 0.19283219 0.335 0.335 0.335 0.5425 0.5425 0.5425 0.4825 0.4825 0.4825 0.4825 -0.1675 -0.1675 -0.1675 -0.1675 -0.1675 0.905 0.905
-0.415 -0.35822598 -0.2625 -0.2625 -0.2625 -0.2625 -0.69741462 -0.6975 -0.6975 -0.6 -0.6 -0.6 -0.6 -0.6 -0.53216335 -0.2925 -0.2925 -0.2925 -0.42514442 -0.42500005 -0.425 -0.425 -0.425 -0.425 -0.1275 -0.1275 -0.1275 -0.1275 -0.58 -0.355 -0.355 -0.355 -0.55249998 -0.5525 -0.5525 0.395 0.33507944 0.335 0.335 0.54246659 0.47593452 0.320665 0.4825 0.4825 -0.065802668 -0.0675 -0.0675 -0.16724097 -0.010550391 -0.010000014 -0.01000003 0.26009756 0.90499869
-0.415 -0.3687757 -0.31563483 -0.2625 -0.2625 -0.69724298 -0.6975 -0.6975 -0.6975 -0.69679739 -0.6 -0.6 -0.6 -0.59999996 -0.2925 -0.2925 -0.2925 -0.2925 -0.42488164 -0.425 -0.425 -0.425 -0.425 -0.425 -0.12750001 -0.1275 -0.1275 -0.1275 -0.1283275 -0.355 -0.355 -0.355 0.07749999 -0.55238841 0.395 0.395 0.395 0.38798777 0.3209317 0.32 0.32 0.32 0.095 0.095 -0.0675 -0.0675 -0.0675 -0.010000001 -0.01 -0.01 -0.01 0.26 0.26
-0.36751596 -0.3675 -0.3675 -0.3675 -0.6575 -0.69749897 -0.6975 -0.6975 -0.6975 -0.6975 -0.60246055 -0.60000042 -0.6 -0.2925 -0.2925 -0.2925 -0.2925 -0.2925 -0.33776577 -0.425 -0.425 -0.425 -0.425 -0.425 -0.18599474 -0.027500542 -0.0275 -0.0275 -0.0275 -0.35499998 0.077499993 0.0775 0.0775 0.0775 0.395 0.39498321 -0.2425 -0.2425 0.31297635 0.32 0.32 0.32 0.095 0.095 -0.042339405 -0.0675 -0.0675 -0.01 -0.01 -0.01 -0.0071048979 0.26 0.26
-0.3675 -0.3675 -0.3675 -0.50406533 -0.6575 -0.6575 -0.6975 -0.6975 -0.6975 -0.6975 -0.6325 -0.6325 -0.6325 -0.2925 -0.2925 -0.2925 -0.2925 -0.29257891 -0.845 -0.845 -0.42500017 -0.425 -0.42664334 -0.4925 -0.48831381 -0.0275 -0.0275 -0.0275 -0.0275 0.077489308 0.0775 0.0775 0.0775 0.0775 -0.24249776 -0.2425 -0.2425 -0.2425 -0.24051272 0.32 0.32 0.32 0.095 0.095 0.095 -0.0675 -0.0675 -0.010000005 -0.01 -0.010000001 0.26 0.26 0.26
-0.3675 -0.3675 -0.3675 -0.6575 -0.6575 -0.6575 -0.65750006 -0.6975 -0.6975 -0.6325671 -0.6325 -0.6325 -0.6325 -0.63228817 -0.6789992 -0.77 -0.77 -0.77 -0.845 -0.845 -0.845 -0.4925 -0.4925 -0.4925 -0.49246568 -0.20714958 -0.0275 -0.0275 -0.027500001 0.18278759 0.20998697 0.21 0.21 0.21 -0.17754348 -0.087500352 -0.0875 -0.0875 -0.0875 -0.45489396 -0.455 -0.455 0.095 0.095 0.09250001 0.092499863 -0.295 -0.295 -0.2775 -0.2775 -0.2775 0.26 0.24251565
-0.36749995 -0.3675 -0.36750001 -0.6575 -0.6575 -0.6575 -0.6575 -0.88999994 -0.69826969 -0.63263602 -0.6325 -0.6325 -0.6325 -0.63276981 -0.77 -0.77 -0.77 -0.77000002 -0.845 -0.845 -0.845 -0.4925 -0.4925 -0.4925 -0.37 -0.37 -0.3375 -0.3375 -0.3375 -0.33451322 0.21 0.21 0.21 0.21 0.061331565 -0.0875 -0.0875 -0.0875 -0.0875 -0.455 -0.455 -0.455 -0.43777356 0.0925 0.0925 0.0925 -0.295 -0.295 -0.2775 -0.2775 -0.2775 0.24249998 0.2425
-0.35 -0.3655694 -0.5675 -0.56752611 -0.6575 -0.88865476 -0.89 -0.89 -0.86813728 -0.7825 -0.7825 -0.7825 -0.7825 -0.99249316 -0.9925 -0.77000017 -0.77 -0.77197614 -0.845 -0.845 -0.845 -0.795 -0.795 -0.795 -0.37 -0.37 -0.3375 -0.3375 -0.3375 -0.33749979 -0.047498363 -0.047499277 0.20352812 0.20972394 -0.801341 -0.8025 -0.8025 -0.8025 -0.8025 -0.455 -0.455 -0.455 0.062352379 0.0925 0.0925 0.092499877 -0.295 -0.295 -0.29499937 -0.2775 -0.27746635 0.475 0.2425
-0.56995822 -0.57 -0.5675 -0.5675 -0.5675 -0.89 -0.89 -0.89 -0.83 -0.83 -0.7825 -0.7825 -0.7825 -0.9925 -0.9925 -0.9925 -0.9925 -0.99248278 -0.845 -0.845 -0.845 -0.795 -0.795 -0.795 -0.37 -0.37 -0.3375 -0.3375 -0.3375 -0.050769771 -0.0475 -0.0475 -0.0475 -0.0475 -0.80212745 -0.8025 -0.8025 -0.8025 -0.8025 -1.2899998 -1.29 -1.29 -1.29 0.092494687 -0.6 -0.6 -0.6 0.085 0.085 0.085 0.475 0.475 0.475
-0.57 -0.57 -0.5675 -0.5675 -0.5675 -0.88830488 -0.89 -0.83 -0.83 -0.83 -0.78250585 -0.7825 -1.3647014 -0.99250011 -0.9925 -0.9925 -0.9925 -1.4825 -1.4825 -1.4825 -1.215 -1.2149997 -0.79500205 -0.795 -0.79524972 -1.4175 -1.4175 -1.4174974 -0.33767454 -0.43492278 -0.43499794 -0.43493235 -0.048162278 -0.047834409 -0.66828432 -0.80250008 -0.80315349 -0.9975 -0.9975 -1.29 -1.29 -1.29 -1.29 -0.6 -0.6 -0.6 -0.6 0.085 0.085 0.085 0.475 0.475 0.475
-0.57 -0.57 -0.5675 -0.5675 -0.5675 -0.5675 -0.86754375 -0.83 -0.83 -0.83 -0.83036733 -1.495 -1.495 -1.495 -0.99546135 -0.9925 -1.4792348 -1.4825 -1.4825 -1.4825 -1.215 -1.215 -1.215 -1.215 -1.4175 -1.4175 -1.4175 -1.4175 -1.4175 -0.435 -0.435 -0.435 -0.435 -0.435001 -0.9075 -0.9975 -0.9975 -0.9975 -0.9975 -0.99750049 -1.1075 -1.1075 -1.1075 -0.9862824 -0.735 -0.735 -0.735 0.084999976 0.08500009 0.1775 0.1775 0.037606433 0.0375
-0.57 -0.57 -0.56840232 -0.5675 -0.5675 -0.56750003 -1.6959606 -0.83273388 -0.83 -0.83 -1.495 -1.495 -1.495 -1.495 -1.495 -1.4538098 -1.4825 -1.4825 -1.4825 -1.4825 -1.2150021 -1.215 -1.215 -1.215 -1.4175 -1.4175 -1.4175 -1.4175 -1.4175 -0.85805255 -0.435 -0.435 -0.435 -0.9075 -0.9075 -0.90756989 -0.9975 -0.9975 -0.90464154 -0.83250002 -1.1075 -1.1075 -1.1075 -0.98705689 -0.735 -0.735 -0.735 -0.335 0.1711143 0.1775 0.1775 0.0375 0.0375
-1.6775 -1.6775 -1.6775 -0.84580751 -0.57044573 -1.6975 -1.6975 -1.6975 -1.6975 -1.6025 -1.6025 -1.495 -1.495 -1.495 -1.495 -1.4949992 -1.4825 -1.4825 -1.4825 -1.4825 -1.3317283 -1.215 -1.215 -1.2182059 -1.3410623 -1.4175 -1.4175 -1.4175 -1.0075 -1.0075 -1.0075 -1.0074976 -0.9075 -0.9075 -0.9075 -0.9075 -0.8325 -0.8325 -0.8325 -0.8325 -1.0225 -1.0225 -1.0225 -0.51751015 -0.5175 -0.5175 -0.51750007 -0.335 -0.335 0.17687555 0.1775 0.037498387 0.0375
-1.6775 -1.6775 -1.6775 -1.6775489 -2.585 -2.4559429 -1.6975 -1.6975 -1.6975 -1.6025 -1.6025 -1.6025 -1.9775 -1.9775 -1.9775 -1.9775 -1.4822344 -1.4825 -1.4825 -1.4825 -1.4784504 -1.3374997 -1.3375 -1.3375 -1.3375 -1.3375 -0.845 -0.845 -1.0075 -1.0075 -1.0075 -1.0075 -0.90750008 -0.9075 -0.9075 -0.90750916 -0.83249999 -0.8325 -0.8325 -0.83044916 -1.0225 -1.0225 -1.0225 -0.51752342 -0.5175 -0.5175 -0.5175 -0.335 -0.335 -0.33499999 -0.2825 -0.2825 -0.2425
-1.6775 -1.6775 -1.6775 -2.5849979 -2.585 -2.585 -1.6975003 -1.6975 -1.6975 -1.6025 -1.6025 -1.6025 -1.9775 -1.9775 -1.9775 -1.9287579 -1.3375 -1.3375 -1.3375004 -1.481681 -1.3375 -1.3375 -1.3375 -1.3375 -1.3375 -1.3371294 -0.845 -0.845 -0.845 -1.0075 -1.0075 -1.0073503 -1.02 -1.02 -1.02 -0.3225 -0.3225 -0.365 -0.365 -0.365 -0.3225 -1.0222804 -1.0224929 -0.075 -0.075 -0.091770247 -0.51749852 -0.335 -0.335 -0.2825 -0.2825 -0.2825 -0.2425
-1.6775 -1.6775 -1.6775 -2.585 -2.585 -2.585 -2.585 -1.6975 -1.6975 -1.6025 -1.6025 -1.9625054 -1.9775 -1.9775 -1.9775 -1.3375 -1.3375 -1.3375 -1.3375 -1.3375 -1.3375 -1.3375 -1.3375 -1.3375 -1.3375 -0.84500168 -0.845 -0.845 -0.845 -0.775 -0.775 -0.775 -1.02 -1.02 -1.02 -0.3225 -0.3225 -0.365 -0.365 -0.3225 -0.3225 -0.3225 -0.075 -0.075 -0.075 -0.075 -0.050561168 0.2225 0.2225 0.2225 -0.2825 -0.1275 -0.1275
-1.6775 -1.6775 -1.6787637 -2.585 -2.585 -2.585 -2.585 -2.0518734 -2.025 -2.0242746 -1.6025 -1.9774508 -1.9775 -1.9775 -1.9774978 -1.3375 -1.3375 -1.3375 -1.3375 -1.3375 -0.50078537 -1.3375 -1.3375 -1.3375 -1.3373769 -0.84499409 -0.845 -0.845 -0.845 -0.775 -0.775 -0.775 -0.77503004 -1.02 -0.3225 -0.3225 -0.3225 -0.32250166 -0.3649971 -0.3225 -0.3225 -0.3225 -0.075015025 -0.075 -0.075 -0.075 0.22249792 0.2225 0.2225 0.2225 -0.1275 -0.1275 -0.1275
-2.3375 -2.3374988 -2.584514 -2.585 -2.585 -2.585 -2.0251192 -2.025 -2.025 -2.025 -1.39 -1.39 -1.39 -1.39 -1.3377424 -1.3375 -1.3375 -1.3375 -1.3375 -0.46500052 -0.465 -0.465 -0.7400001 -0.74 -0.74 -0.74 -0.74906285 -0.845 -0.12502949 -0.125 -0.125 -0.125 -0.125 -0.195 -0.195 -0.195 -0.195 -0.195 -0.4475 -0.4475 -0.4475 -0.4475 -0.4475 0.017360563 0.0175 0.0175 0.0175 0.2225 0.2225 0.2225 -0.12744486 -0.1275 -0.1275
-2.3375 -2.3375 -2.3336069 -1.8725014 -1.8725002 -1.8726492 -2.025 -2.025 -2.025 -2.025 -1.39 -1.39 -1.39 -1.39 -1.39 -1.3375 -1.3375 -1.3375 -0.46500022 -0.465 -0.465 -0.465 -0.74 -0.74 -0.74 -0.74 -0.74 -0.7400216 -0.12493821 -0.125 -0.125 -0.125 -0.12497518 -0.046188324 -0.19484591 -0.195 -0.195 -0.195 -0.4475 -0.4475 -0.4475 -0.4475 -0.4475 0.0175 0.0175 0.0175 0.0175 0.11336201 0.2225 0.41285229 0.415 0.415 0.415
-2.3375 -2.3375 -1.8725589 -1.8725 -1.8725 -1.8725 -1.9112344 -2.025 -2.025 -2.025 -1.39 -1.39 -1.39 -1.39 -1.39 -1.3375392 -1.3375 -0.46525581 -0.465 -0.465 -0.465 -0.465 -0.63812447 -0.74 -0.74 -0.74 -0.74 -0.73945116 0.035 0.035 0.035 0.035 0.035 0.0675 0.0675 0.0675 0.0675 0.0675 -0.48 -0.48 -0.48 -0.48 -0.48 0.016346313 0.017499759 0.017499998 0.017419907 0.0079200043 0.415 0.415 0.415 0.415 0.415
-2.3375001 -2.3718176 -1.8725001 -1.8725 -1.8725 -1.8725 -1.8725 -2.0249351 -2.025 -2.025 -1.39 -1.39 -1.39 -1.39 -1.2579985 -1.255 -1.255 -0.46502033 -0.465 -0.465 -0.465 -0.465 -0.46500019 -0.74 -0.74 -0.74 -0.74 -0.07249992 -0.07249995 -0.049621388 0.035 0.035 0.035 0.067500003 0.0675 0.0675 0.0675 0.067760754 -0.48 -0.48 -0.48 -0.48 -0.47995959 -0.455 -0.455 -0.455 -0.455 -0.45492983 0.415 0.415 0.415 0.41500018 0.70811859
-2.3725 -2.3725 -2.2497278 -1.8725 -1.8725 -1.8725 -1.8725 -1.8725 -2.0249348 -1.9375 -1.9375 -1.9375 -1.9362007 -1.2550002 -1.255 -1.255 -1.255 -1.255 -0.46500824 -0.53551859 -1.1525 -1.1525 -1.1525 -1.0488085 -0.76321055 -0.88740579 -0.99165512 -0.0725 -0.0725 -0.0725 -0.0725 -0.0725 -0.069207473 0.4460465 0.4525 0.4525 0.4525 0.4525 -0.38090699 0.047499052 0.0475 0.0475 0.0475 -0.020001276 -0.45499989 -0.455 -0.455 0.4275 0.4150002 0.415 0.415 0.7125 0.7125
-2.3725 -2.3725 -2.1675 -2.1675 -2.1675 -1.8725983 -1.8725 -1.8725 -1.9375 -1.9375 -1.9375 -1.9375 -1.9375 -1.255 -1.255 -1.255 -1.255 -1.255 -1.1525 -1.1525 -1.1525 -1.1525 -1.1525 -1.03 -1.03 -1.03 -1.03 -0.072500005 -0.0725 -0.0725 -0.0725 -0.0725 -0.1225 -0.1225 0.4525 0.4525 0.4525 0.47499617 0.475 0.0475 0.0475 0.0475 0.047500084 -0.02 -0.02 -0.02 0.4275 0.4275 0.4275 0.6575 0.6575 0.7125 0.7125
