interpolatedSpi/07-10|19_1.tif
NCOLS 53
NROWS 52
XLLCORNER -116.03883
YLLCORNER 28.596182
DX 0.49850594
DY 0.49788537
NODATA_VALUE -9999
[rows 0 to 36 of 52, columns 0 to 52 of 53]
0.315 0.315 0.029485036 -0.005 0.2075 -0.02 0.3 0.3075 0.12033687 -0.165 -0.0525 0.39 0.13998538 -0.0375 0.1125 0.1125 0.1125 0.04 0.5275 0.5275 0.5275 0.52749449 -0.044999997 0.2675 0.2675 0.2675 -0.26000461 -0.26 -0.26 0.175 0.175 0.175 0.175 0.76749988 0.7675 0.7675 0.7675 0.7675 0.7675 0.76749999 0.4063899 0.40267953 1.1075 1.1075 1.1075 1.1075 1.1058013 0.0675 0.0675 0.0675 1.1649977 1.165 1.165
0.31500855 0.5075 0.12250034 0.17061496 0.40237327 0.1525 0.3325 0.095177028 0.1775 0.1525 0.51 0.14 0.14 0.3138246 -0.037494417 0.1125 0.04 0.04 0.52686437 0.5275 0.5275 0.5275 0.24341853 0.2675 0.2675 0.2675 0.47999999 0.48 0.175 0.175 0.175 0.175 0.175 0.76749991 0.7675 0.7675 0.7675 0.7675 0.7675 0.79320551 0.94247795 1.0874784 1.1075 1.1075 1.1075 1.1075 1.1075 0.0675 0.0675 0.0675 0.15850575 1.165 1.165
-0.049976422 -0.05 0.42 0.5275 0.2775 0.615 0.665 0.5775 0.3375 0.3875 0.38 0.3775 0.4175 -0.01 0.315 -0.36 0.04 0.04 0.04 0.21759012 0.2175 0.2175 -0.19 0.2675 0.2675 0.2675 0.48 0.48 0.48 0.175 0.175 0.175 0.13889499 0.76681087 0.76694153 0.70804981 0.7075 0.7075 0.73705681 0.9425 0.9425 0.94271099 1.1075 1.1075 1.1075 1.1075 1.1075 0.0675 0.0675 0.0675 0.067500002 1.165 1.165
0.41 -0.05000011 -0.59746936 0.405 -0.21 0.5475 0.255 0.1925 -0.085 0.010840207 0.115 -0.2375 0.53 -0.01 0.065 -0.36 -0.079661394 -0.077417673 0.165 0.2175 0.2175 -0.2675 -0.19 -0.19 0.2675 0.26750106 0.48 0.48 0.48 -0.215 -0.042166516 0.1 0.1 0.10000048 0.7075 0.7075 0.7075 0.7075 0.9425 0.9425 0.9425 0.94250001 1.1075 1.1075 1.1075 1.1075 1.1075 0.067513119 0.0675 0.0675 0.0675 1.1649699 1.165
0.41 0.3274983 -0.5975 -0.64478579 -0.21 -0.51 -0.18252411 -0.145 0.065 0.21999981 0.1823648 0.16503402 0.4025 0.065 0.065 -0.21492829 -0.0775 -0.0775 0.165 0.165 0.21749907 -0.2675 0.09 0.1625 0.2325 0.23264915 0.48 0.48 -0.215 -0.215 0.1 0.1 0.1 0.17354347 0.7075 0.7075 0.7075 0.9425 0.9425 0.9425 0.9425 0.94250555 1.1075 1.1075 1.1075 1.1075 1.1075 1.0982427 0.0675 0.067507847 0.2425 0.2425 0.2425
-0.7125 0.5475 0.065000029 -0.4175 -0.32 -0.0575 -0.325 -0.30195484 -0.2575 -0.1525 0.1675 0.0175 0.017500254 -0.0575 -0.0575 0.20009175 0.2 0.205 0.205 0.16500028 0.065 0.065 0.1625 0.2325 0.2325 0.87 -0.3775 -0.3775 0.017479362 -0.215 0.1 0.1 0.49 0.48995977 0.10502766 0.3175 0.3175 0.74914198 0.9425 0.9425 0.99992829 1 1.0000014 0.77104606 0.76503785 0.76500009 0.76500001 0.76500014 1.2160791 0.2425 0.2425 0.2425 0.2425
0.23249151 0.3875 0.25937681 0.3 0.3875 -0.3625 0.11 0.065 -0.2075 -0.2075 0.1675 0.285 0.2975 -0.0575 0.57999809 0.58 0.2 0.4675 0.48 0.48 0.23936801 0.435 0.435 1.0425 0.87 0.87 -0.3775 -0.3775 0.017520688 0.017880886 0.39243654 0.49 0.49 0.105 0.105 0.69874803 0.3175 0.3175 0.61498969 0.99999946 1 1 1.0000083 0.76500375 0.765 0.765 0.765 0.76500039 1.4225 0.24273384 0.2425 0.2425 0.2425
0.2325 0.3175 0.54 0.075 0.39998137 0.18 -0.2 -0.044999996 -0.0675 -0.07 -0.07 0.2825 0.2975 0.2975 0.57806179 0.20203586 0.165 0.235 0.030000461 0.48 0.18131883 0.155 0.59 0.435 0.43500123 0.53 0.6725 0.67249963 0.37125603 0.3725 0.3925 0.58959843 0.445 0.105 0.13943935 1.0175 1.0175 0.615 0.615 1 1 1 1.4379216 1.4375 0.765 0.765 0.765 1.422475 1.4225 1.4225 0.2425 0.2425 0.2425
0.31218996 0.3175 0.9225 0.7175 0.935 0.305 0.2225 0.515 -0.1 0.16315441 -0.49 -0.19 -0.19 -0.205 -0.20499753 0.010431998 0.01 0.01 0.20370644 0.35000002 0.465 0.465 0.62 0.60182251 0.52042651 0.53 0.5025 0.6725 0.53331354 0.5325 0.63 0.99 1.0403631 1.2825 1.3125 1.0775 0.9775 0.96 1.1574088 1.0025109 1.5625 1.565 1.4374947 1.4375 1.4337148 0.765 1.49 1.4225 1.4225 1.4225 1.4225 0.26833529 0.3675
0.2825 0.2825 0.6025 0.6475 0.23 0.115 0.3 0.29 0.01 0.22998271 -0.0125 0.075 -0.205 -0.205 0.0575 0.056848516 0.01 0.01002606 0.1 0.35 0.35 0.36481587 0.62 0.34500521 0.345 0.345 0.5025 0.805 0.805 0.5325 0.5325 0.99018966 1.09 1.2825 1.41 1.0775 0.9775 1.01 1.1575 1.3616371 1.565 1.5062257 1.405 1.4375 1.4375 1.49 1.49 1.49 1.4225 1.4225 0.45 0.45 0.44999997
0.2825 0.2825 0.265 -0.0175 -0.1825 0.5825 0.2375 0.43208454 0.1 0.17 0.1325 -0.0625 0.074816532 0.0575 0.0575 0.057533166 0.345 0.33214125 0.1 0.7025 0.7025 0.6475 0.6475 0.345 0.345 0.345 0.805 0.805 0.805 1.035 1.035 1.0350001 1.2625 1.2625 0.9675 1.1125 1.075 0.61999936 1.575 1.365 1.365 1.3700001 1.405 1.4375 1.44 1.4325 1.4949785 1.495 1.275 1.275 0.45 0.45 0.45
0.2825 0.27485546 0.14444717 0.070005267 0.19 0.395 0.2375 0.4325 0.10000278 0.16922448 -0.062499697 -0.0625 0.43 0.057500001 0.0575 0.34499999 0.345 0.34498606 0.1 0.7025 0.69169912 0.6475 0.6475 0.3450124 0.345 0.59811406 1.115 1.115 1.115 1.035 1.035 0.9025 0.9025 1.2624992 0.9675 1.03 0.99001242 0.62 0.62 1.365 1.37 1.37 1.3700005 1.44 1.44 1.4325 1.495 1.495 1.275 1.275 0.45 0.45 0.45
0.17 0.45934104 0.47998183 0.4770305 0.19000083 0.39499516 0.2375 0.43009966 0.12291265 0.10182789 0.43 0.43 0.43 0.43 0.057552767 0.345 0.345 0.34183666 0.1 0.70254899 0.885 0.885 0.885 0.885 0.35478443 1.115 1.115 1.115 1.115 1.1149762 0.9025 0.9025 0.9025 0.9025 1.03 1.03 1.03 0.63968138 0.62390548 1.14 1.14 1.3699876 0.74002396 1.4399326 1.44 1.4325 1.495 1.495 1.275 1.275 0.45299301 0.45 0.15740852
0.17 0.48 0.48 0.48 0.48 0.47999996 0.23790317 0.3297236 0.18404148 0.42964643 0.43 0.43 0.43 0.43 0.43000026 0.345 0.34499996 0.32819467 0.10000596 0.885 0.885 0.885 0.885 0.885 0.89429612 1.1825269 1.1975 1.1975 1.1975 1.1975 0.90250001 0.9025 0.90250053 1.34 1.34 1.03 1.3508233 1.36 1.1400001 1.14 1.14 1.14 0.74 0.74 0.74 0.74481917 0.51887951 0.5125 0.5125 0.5125 0.51250001 0.86999991 0.87
0.1375 0.48 0.48 0.48 0.48 0.48 0.47999999 0.32623689 0.79427266 0.7975 0.7975 0.7975 0.7975 0.7975 0.7975 0.84888166 0.35299232 0.31145146 0.88490138 0.885 0.885 0.885 0.885 0.88500047 1.315 1.315 1.3149998 1.1975 1.1975 1.1978905 1.3925 1.3925 1.34 1.34 1.34 1.3567961 1.36 1.36 1.36 1.14 1.14 1.14 0.74 0.74 0.74 0.74 0.51250001 0.5125 0.5125 0.5125 0.5125 0.87 0.87
0.1375 0.26500886 0.48 0.48 0.48 0.48 0.43500883 0.435 0.43500001 0.7975 0.7975 0.7975 0.7975 0.7975 0.80908187 0.85 0.85 0.85 1.2862737 1.2874996 1.2875 1.2875 1.2875 1.2875 1.315 1.315 1.315 1.315 1.1975 1.3925 1.3925 1.3925 1.34 1.34 1.34 1.155 1.3597286 1.36 1.36 1.1399922 1.1242935 1.0876569 0.74 0.74 0.8720911 0.8725 0.8725 0.51269472 0.62958939 0.62999999 0.62999998 0.62003784 0.86999949
0.1375 0.12290282 0.29908854 0.48 0.48 0.43502659 0.435 0.435 0.435 0.43761228 0.7975 0.7975 0.7975 0.79750001 0.85 0.85 0.85 0.85 1.2871092 1.2875 1.2875 1.2875 1.2875 1.2875 1.315 1.315 1.315 1.315 1.3152819 1.3925 1.3925 1.3925 1.48 1.3399846 1.155 1.155 1.155 1.1564718 1.1047572 1.0875 1.0875 1.0875 0.8775 0.8775 0.8725 0.8725 0.8725 0.63 0.63 0.63 0.63 0.62 0.62
0.12248049 0.1225 0.1225 0.1225 0.1525 0.43499271 0.435 0.435 0.435 0.435 0.76892002 0.79749508 0.79749999 0.85 0.85 0.85 0.85 0.85 0.89329347 1.2875 1.2875 1.2875 1.2875 1.2875 1.3108389 1.3274999 1.3275 1.3275 1.3275 1.3925 1.48 1.48 1.48 1.48 1.155 1.1550035 1.2875 1.2875 1.0899973 1.0875 1.0875 1.0875 0.8775 0.8775 0.87327417 0.8725 0.8725 0.63 0.63 0.63 0.62989277 0.62 0.62
0.1225 0.1225 0.1225 0.13662745 0.1525 0.1525 0.435 0.435 0.435 0.435 0.42 0.42 0.42 0.85 0.85 0.85 0.85 0.84997686 0.9925 0.9925 1.2874999 1.2875 1.2859175 1.2225 1.2234453 1.3275 1.3275 1.3275 1.3275 1.4799845 1.48 1.48 1.48 1.48 1.2874995 1.2875 1.2875 1.2875 1.2868133 1.0875 1.0875 1.0875 0.8775 0.8775 0.8775 0.8725 0.8725 0.63000001 0.63 0.63 0.62 0.62 0.62
0.1225 0.1225 0.1225 0.1525 0.1525 0.1525 0.15250043 0.435 0.435 0.42001548 0.42 0.42 0.42 0.42026791 0.73668086 0.71 0.71 0.71 0.9925 0.9925 0.9925 1.2225 1.2225 1.2225 1.2225315 1.3314339 1.3275 1.3275 1.3275 1.5110356 1.5224958 1.5225 1.5225 1.5225 1.408226 1.5774993 1.5775 1.5775 1.5775 0.87502908 0.875 0.875 0.8775 0.8775 0.89499993 0.89500001 0.935 0.935 0.99 0.99 0.99 0.62 0.92722506
0.12249964 0.1225 0.1225 0.1525 0.1525 0.1525 0.1525 0.010000124 0.43330068 0.41979144 0.42 0.42 0.42 0.42056906 0.71 0.71 0.71 0.71000008 0.9925 0.9925 0.9925 1.2225 1.2225 1.2225 1.335 1.335 1.305 1.305 1.305 1.3061865 1.5225 1.5225 1.5225 1.5225 1.5499849 1.5775 1.5775 1.5775 1.5775 0.875 0.875 0.875 0.87562928 0.895 0.895 0.895 0.935 0.935 0.99 0.99 0.99 0.9275 0.9275
0.005 0.064645985 0.1975 0.19748694 0.1525 0.0108245 0.01 0.01 0.04461597 0.19 0.19 0.19 0.19 0.0025061047 0.0025000031 0.70999946 0.71 0.71744346 0.9925 0.9925 0.9925 0.995 0.995 0.995 1.335 1.335 1.305 1.305 1.305 1.3050001 1.5075001 1.5075 1.522123 1.5224839 1.2977586 1.2975 1.2975 1.2975 1.2975 0.875 0.875 0.875 0.89389857 0.895 0.895 0.89499994 0.935 0.935 0.93500198 0.99 0.99001219 1.2625 0.9275
0.19246439 0.1925 0.1975 0.1975 0.1975 0.01 0.01 0.01 0.105 0.105 0.19 0.19 0.19 0.0025 0.0025 0.0025 0.0025 0.0026125558 0.9925 0.9925 0.9925 0.995 0.995 0.995 1.335 1.335 1.305 1.305 1.305 1.5052168 1.5075 1.5075 1.5075 1.5075 1.2976036 1.2975 1.2975 1.2975 1.2975 0.62000007 0.62 0.62 0.62 0.89499753 0.5725 0.5725 0.5725 0.795 0.795 0.795 1.2625 1.2625 1.2625
0.1925 0.1925 0.1975 0.1975 0.1975 0.010985533 0.01 0.105 0.105 0.105 0.18998954 0.19 -0.4330576 0.0024998687 0.0025 0.0025 0.0025 -0.5925 -0.5925 -0.5925 0.07000002 0.070000687 0.99499549 0.995 0.99495318 0.755 0.755 0.75500131 1.3049111 1.1450722 1.1450019 1.1450633 1.5068804 1.5071872 1.3346651 1.2974997 1.2945928 0.43 0.43 0.62 0.62 0.62 0.62 0.5725 0.5725 0.5725 0.5725 0.795 0.795 0.795 1.2625 1.2625 1.2625
0.1925 0.1925 0.1975 0.1975 0.1975 0.1975 0.045555725 0.105 0.105 0.105 0.10462576 -0.5725 -0.5725 -0.5725 -0.00088860735 0.0025 -0.58853507 -0.5925 -0.5925 -0.5925 0.07 0.07 0.07 0.07 0.755 0.755 0.755 0.755 0.755 1.145 1.145 1.145 1.145 1.1449994 0.87 0.43 0.43 0.43 0.43 0.43000081 0.6575 0.6575 0.6575 0.63634796 0.5925 0.5925 0.5925 0.79499999 0.7949996 0.3825 0.3825 0.50518428 0.505
0.1925 0.1925 0.19569535 0.1975 0.1975 0.19749999 -0.44651957 0.10325883 0.105 0.105 -0.5725 -0.5725 -0.5725 -0.5725 -0.5725 -0.52537208 -0.5925 -0.5925 -0.5925 -0.5925 0.069994875 0.07 0.07 0.07 0.755 0.755 0.755 0.755 0.755 0.6702205 1.145 1.145 1.145 0.87 0.87 0.86965833 0.43 0.43 0.560846 0.66249998 0.6575 0.6575 0.6575 0.63641386 0.5925 0.5925 0.5925 0.0575 0.37845053 0.3825 0.3825 0.505 0.505
-0.2775 -0.2775 -0.2775 0.078404443 0.19642883 -0.4475 -0.4475 -0.4475 -0.4475 -0.5525 -0.5525 -0.5725 -0.5725 -0.5725 -0.5725 -0.57250129 -0.5925 -0.5925 -0.5925 -0.5925 -0.21909351 0.07 0.07 0.065158473 -0.076259887 0.755 0.755 0.755 0.5025 0.5025 0.5025 0.5025027 0.87 0.87 0.87 0.87 0.6625 0.6625 0.6625 0.6625 0.625 0.625 0.625 0.53500181 0.535 0.535 0.53500002 0.0575 0.0575 0.38210401 0.3825 0.50499836 0.505
-0.2775 -0.2775 -0.2775 -0.27751373 -0.5325 -0.5201396 -0.4475 -0.4475 -0.4475 -0.5525 -0.5525 -0.5525 -1.14 -1.14 -1.14 -1.14 -0.59347545 -0.5925 -0.5925 -0.5925 -0.58246424 -0.11499949 -0.115 -0.115 -0.115 -0.11499999 -0.027499994 -0.0275 0.5025 0.5025 0.5025 0.5025 0.86999972 0.87 0.87 0.86996803 0.6625 0.6625 0.6625 0.66291675 0.625 0.625 0.625 0.53500417 0.535 0.535 0.535 0.0575 0.0575 0.057500016 0.18 0.18 0.3025
-0.2775 -0.2775 -0.2775 -0.53249941 -0.5325 -0.5325 -0.44750003 -0.4475 -0.4475 -0.5525 -0.5525 -0.5525 -1.14 -1.14 -1.14 -1.1388576 -1.125 -1.125 -1.1249986 -0.5955077 -0.115 -0.115 -0.115 -0.115 -0.115 -0.11493415 -0.0275 -0.0275 -0.027499999 0.5025 0.5025 0.50226989 0.4775 0.4775 0.4775 0.58 0.58 0.7575 0.7575 0.7575 0.59 0.62498902 0.62499937 0.54 0.54 0.53981051 0.5349992 0.0575 0.0575 0.18 0.18 0.18 0.3025
-0.2775 -0.2775 -0.2775 -0.5325 -0.5325 -0.5325 -0.5325 -0.4475 -0.4475 -0.5525 -0.5525 -1.1165085 -1.14 -1.14 -1.14 -1.125 -1.125 -1.125 -1.125 -1.125 -0.115 -0.115 -0.115 -0.115 -0.115 -0.027500299 -0.0275 -0.0275 -0.0275 0.145 0.145 0.145 0.4775 0.4775 0.4775 0.58 0.58 0.7575 0.7575 0.59 0.59 0.59 0.54 0.54 0.54 0.54 0.53958926 0.535 0.535 0.535 0.18000001 0.4875 0.4875
-0.2775 -0.2775 -0.2778551 -0.5325 -0.5325 -0.5325 -0.5325 -1.0584865 -1.085 -1.0840858 -0.55250003 -1.1400232 -1.14 -1.14 -1.1399999 -1.125 -1.125 -1.125 -1.125 -1.125 -0.79115443 -0.115 -0.115 -0.115 -0.11508239 -0.027527429 -0.0275 -0.0275 -0.0275 0.145 0.145 0.145 0.1450465 0.4775 0.58 0.58 0.58 0.58000698 0.75748858 0.59 0.59 0.59 0.54000304 0.54 0.54 0.54 0.53500253 0.535 0.535 0.535 0.4875 0.4875 0.4875
-0.9375 -0.93749885 -0.53238018 -0.5325 -0.5325 -0.5325 -1.0848824 -1.085 -1.085 -1.085 -1.4175 -1.4175 -1.4175 -1.4175 -1.12635 -1.125 -1.125 -1.125 -1.125 -0.82000018 -0.82 -0.82 -0.51499993 -0.515 -0.515 -0.515 -0.47292248 -0.0275 -0.03749959 -0.0375 -0.0375 -0.0375 -0.0375 0.135 0.135 0.135 0.135 0.135 0.4275 0.4275 0.4275 0.4275 0.4275 0.78712691 0.7875 0.7875 0.7875 0.535 0.535 0.535 0.48750748 0.4875 0.4875
-0.9375 -0.9375 -0.94072329 -1.3224984 -1.3224998 -1.3222679 -1.085 -1.085 -1.085 -1.085 -1.4175 -1.4175 -1.4175 -1.4175 -1.4175 -1.125 -1.125 -1.125 -0.82000008 -0.82 -0.82 -0.82 -0.515 -0.515 -0.515 -0.515 -0.515 -0.51489638 -0.037685357 -0.037500002 -0.0375 -0.0375 -0.037574462 0.074058076 0.1349369 0.135 0.135 0.135 0.4275 0.4275 0.4275 0.4275 0.4275 0.7875 0.7875 0.7875 0.7875 0.66942607 0.535 0.4385878 0.4375 0.1575 0.1575
-0.9375 -0.9375 -1.3224512 -1.3225 -1.3225 -1.3225 -1.262176 -1.085 -1.085 -1.085 -1.4175 -1.4175 -1.4175 -1.4175 -1.4175 -1.1252221 -1.125 -0.82008942 -0.82 -0.82 -0.82 -0.82 -0.62798923 -0.515 -0.515 -0.515 -0.515 -0.51500162 -0.5175 -0.5175 -0.5175 -0.5175 -0.5175 0.0275 0.0275 0.0275 0.0275 0.0275 0.715 0.715 0.715 0.715 0.715 0.7872131 0.78749994 0.7875 0.78748008 0.78505303 0.4375 0.4375 0.4375 0.15750157 0.1575
-0.9375 -0.9375 -1.3224999 -1.3225 -1.3225 -1.3225 -1.3225 -1.0851011 -1.085 -1.085 -1.4175 -1.4175 -1.4175 -1.4175 -1.1021632 -1.095 -1.095 -0.82000708 -0.82 -0.82 -0.82 -0.82 -0.81999994 -0.515 -0.515 -0.515 -0.515 -0.12750038 -0.12750018 -0.21050148 -0.5175 -0.5175 -0.5175 0.027500001 0.0275 0.0275 0.0275 0.027628684 0.715 0.715 0.715 0.715 0.71502049 0.67 0.67 0.67 0.67 0.66998125 0.4375 0.4375 0.4375 0.43750012 0.62057811
-0.9375 -0.9375 -1.0453165 -1.3225 -1.3225 -1.3225 -1.3225 -1.3225 -1.0851016 -1.2025 -1.2025 -1.2025 -1.2030102 -1.0950005 -1.095 -1.095 -1.095 -1.095 -0.8199979 -0.80204981 -0.645 -0.645 -0.645 -0.60946246 -0.46937927 -0.22527137 -0.019396521 -0.1275 -0.1275 -0.1275 -0.1275 -0.1275 -0.13943209 0.21567618 0.2175 0.2175 0.2175 0.2175 0.76525053 0.98249952 0.9825 0.9825 0.9825 0.89999933 0.67000006 0.67 0.67 0.395 0.43749932 0.4375 0.4375 0.6275 0.6275
-0.9375 -0.9375 -1.185 -1.185 -1.185 -1.3224542 -1.3225 -1.3225 -1.2025 -1.2025 -1.2025 -1.2025 -1.2025 -1.095 -1.095 -1.095 -1.095 -1.095 -0.645 -0.645 -0.645 -0.645 -0.645 0.054999964 0.055 0.055 0.055 -0.1275 -0.1275 -0.1275 -0.1275 -0.1275 0.055 0.055 0.2175 0.2175 0.2175 0.29248723 0.2925 0.9825 0.9825 0.9825 0.98249997 0.9 0.9 0.9 0.395 0.395 0.395 0.7425 0.7425 0.6275 0.6275
