interpolatedSpi/07-11|20_1.tif
NCOLS 53
NROWS 52
XLLCORNER -116.03883
YLLCORNER 28.596182
DX 0.49850594
DY 0.49788537
NODATA_VALUE -9999
[rows 0 to 38 of 52, columns 0 to 52 of 53]
-0.42 -0.42 -0.24884102 -0.676 -0.206 -0.002 0.102 0.368 -0.051645653 -0.218 -0.304 0.26 0.17599555 0.122 -0.022 -0.022 -0.022 -0.014 0.226 0.226 0.226 0.22599574 -0.21599999 0.298 0.298 0.298 0.43199698 0.432 0.432 0.212 0.212 0.212 0.212 -0.44999987 -0.45 -0.45 -0.45 -0.45 -0.45 -0.44999995 1.2576072 1.2758576 0.718 0.718 0.718 0.718 0.7177942 0.592 0.592 0.592 0.77799961 0.778 0.778
-0.42000675 -0.572 -0.34599966 -0.27799753 -0.12012122 0.046 0.174 -0.023841153 -0.34 0.01 0.266 0.176 0.176 0.28146648 0.12200066 -0.022 -0.014 -0.014 0.22568707 0.226 0.226 0.226 0.26599665 0.298 0.298 0.298 0.020000019 0.02 0.212 0.212 0.212 0.212 0.212 -0.4499999 -0.45 -0.45 -0.45 -0.45 -0.44999988 -0.24592909 0.70998337 0.7170295 0.718 0.718 0.718 0.718 0.718 0.592 0.592 0.592 0.6074233 0.778 0.778
-0.22800544 -0.228 -0.052 0.296 0.114 -0.126 0.156 -0.108 0.162 0.266 0.4 0.26 -0.228 0.45 0.282 0.592 -0.014 -0.014 -0.014 0.054050001 0.054 0.054 -0.31 0.298 0.298 0.298 0.02 0.02 0.02 0.212 0.212 0.21199996 -0.20489246 -0.44680157 -0.43432556 1.2185687 1.234 1.234 1.1680946 0.71 0.71 0.71001023 0.718 0.718 0.718 0.718 0.718 0.592 0.592 0.592 0.592 0.778 0.778
0.062 -0.22799997 -0.066016544 0.374 0.092 0.052 0.338 -0.14 0.258 0.402 0.648 0.484 0.294 0.45 0.234 0.592 -0.35470099 -0.36175617 -0.324 0.054 0.054 -0.3 -0.31 -0.31 0.298 0.29799861 0.02 0.02 0.02 -0.43 -0.55290381 -0.654 -0.654 -0.65399852 1.234 1.234 1.234 1.234 0.71 0.71 0.71 0.71 0.718 0.718 0.718 0.718 0.718 0.59200159 0.592 0.592 0.592 0.77793885 0.778
0.062 0.063999762 -0.066 0.18160404 0.092 0.302 0.060023937 -0.034 -0.15 0.23999983 0.31849252 0.35401003 0.424 0.234 0.234 0.45854855 -0.362 -0.362 -0.324 -0.324 0.053999278 -0.3 -0.852 -0.266 -0.166 -0.16600884 0.02 0.02 -0.43 -0.43 -0.654 -0.654 -0.654 -0.59026233 1.234 1.234 1.234 0.71 0.71 0.71 0.71 0.70992644 0.71799999 0.718 0.718 0.718 0.718 0.71687844 0.592 0.5919244 -1.094 -1.094 -1.094
-0.92 -0.156 0.304 0.292 0.178 0.11 0.058 0.046221365 -0.026 -0.248 0.308 -0.386 -0.38599947 0.44 0.44 -0.25196234 -0.252 -0.27 -0.27 -0.32399987 -0.45 -0.45 -0.266 -0.166 -0.166 -0.204 -0.216 -0.216 -0.27601394 -0.43 -0.654 -0.654 -0.316 -0.31603845 -0.68397362 -0.564 -0.564 0.31585902 0.71 0.71 -0.051049622 -0.051999999 -0.051999056 -0.574769 -0.59785455 -0.59799965 -0.59799996 -0.5979995 -0.51130595 -1.094 -1.094 -1.094 -1.094
-0.23999926 -0.25 -0.71842292 -0.274 -0.058 -0.288 -0.019999995 0.2 -0.318 -0.318 0.308 -0.166 0.40999988 0.44 -0.095998394 -0.096 -0.252 -0.092 -0.182 -0.182 -0.55650587 -0.676 -0.676 -0.238 -0.204 -0.204 -0.216 -0.216 -0.2759979 -0.27596137 -0.43340128 -0.316 -0.316 -0.684 -0.684 -0.71758849 -0.564 -0.564 -0.78599231 -0.052001022 -0.052 -0.052 -0.051996306 -0.59800046 -0.598 -0.598 -0.598 -0.59799991 -0.45 -1.0938724 -1.094 -1.094 -1.094
-0.24 -0.492 -0.506 -1.046 -1.1039967 -0.64 0.052 -0.63599999 -0.47 -0.048 -0.048 -0.018 0.41 0.41 -0.092528371 -0.096 -0.096 -0.184 -0.40199977 -0.182 -0.56505506 -0.544 -0.528 -0.484 -0.48400253 -0.68 -0.492 -0.4919999 -0.24012615 -0.24 -0.434 -0.71962889 -0.704 -0.684 -0.68166126 -0.846 -0.846 -0.786 -0.786 -0.052 -0.052 -0.051999991 -0.67792227 -0.68 -0.598 -0.598 -0.598 -0.45000563 -0.45 -0.45 -1.094 -1.094 -1.094
-0.56118229 -0.492 -0.474 -0.778 -0.482 -0.476 -0.252 -0.218 0.136 0.21414889 0.51 0.212 0.212 0.188 0.18799972 -0.1578272 -0.158 -0.158 -0.21727803 -0.57000005 -0.792 -0.792 -0.33 -0.44997146 -0.66024838 -0.68 -0.598 -0.492 -0.67691915 -0.678 -0.724 -0.634 -0.6400441 -0.658 -0.602 -0.632 -0.714 -1.04 -0.81810251 -0.050214491 0.348 -0.434 -0.67994628 -0.68 -0.67953846 -0.598 -0.632 -0.45 -0.45 -0.45 -0.45 -0.9869236 -0.09
-0.948 -0.948 -0.8 -0.506 -0.61 -0.406 -0.06 -0.092 0.06 0.234 0.15 0.568 0.188 0.188 0.158 0.15366592 -0.158 -0.15792396 0.208 -0.57 -0.57 -0.59860104 -0.33 -0.41399841 -0.414 -0.414 -0.598 -0.546 -0.546 -0.678 -0.678 -0.63402276 -0.646 -0.658 -0.426 -0.632 -0.714 -0.856 -0.818 -0.29658966 -0.43399997 -0.40314349 -0.35 -0.68 -0.68 -0.632 -0.632 -0.632 -0.45 -0.45 -0.234 -0.234 -0.23399995
-0.948 -0.948 -0.71 -0.53 -0.954 -0.298 -0.398 0.21169672 0.068 -0.114 0.274 -0.028 0.56720599 0.158 0.158 0.15796885 -0.112 -0.095204899 0.208 -0.416 -0.416 -0.384 -0.384 -0.414 -0.414 -0.414 -0.546 -0.546 -0.546 -0.81 -0.81 -0.80999973 -0.816 -0.816 -0.658 -0.704 -0.668 -0.45799629 -0.57 -0.288 -0.288 -0.11000079 -0.35 -0.68 -0.27400025 -0.502 -0.59217227 -0.592 -0.412 -0.412 -0.234 -0.234 -0.234
-0.948 -0.84516338 -0.63318758 -0.65199782 -0.346 -0.81 -0.398 0.212 0.068001203 -0.11198366 -0.028000112 -0.028 0.112 0.158 0.158 -0.11199999 -0.112 -0.11198179 0.208 -0.416 -0.40971585 -0.384 -0.384 -0.41399857 -0.414 -0.54811758 -0.822 -0.822 -0.82199997 -0.81 -0.81 -0.556 -0.556 -0.81599957 -0.658 -0.45800029 -0.56441125 -0.458 -0.458 -0.28799999 -0.11 -0.11 -0.11000122 -0.274 -0.274 -0.502 -0.592 -0.592 -0.412 -0.412 -0.234 -0.234 -0.234
-0.222 -0.17164214 -0.12801523 -0.1317938 -0.34600251 -0.80998904 -0.39800001 0.20449125 0.077923073 0.063247496 0.112 0.112 0.112 0.112 0.15799348 -0.112 -0.112 -0.10786829 0.208 -0.41591795 -0.146 -0.146 -0.146 -0.146 -0.4098125 -0.822 -0.822 -0.822 -0.822 -0.82191279 -0.556 -0.556 -0.556 -0.556 -0.458 -0.458 -0.458 -0.45749135 -0.45504085 -0.064 -0.064 -0.10999753 0.12198644 -0.27396186 -0.274 -0.502 -0.592 -0.592 -0.412 -0.412 -0.23464576 -0.234 0.16033778
-0.222 -0.128 -0.128 -0.128 -0.128 -0.12800028 -0.39905457 -0.10938939 0.10439687 0.11194801 0.112 0.112 0.112 0.112 0.11199966 -0.112 -0.11199995 -0.090050184 0.20799439 -0.146 -0.146 -0.146 -0.146 -0.146 -0.14435979 -0.57995825 -0.53200006 -0.532 -0.532 -0.532 -0.556 -0.556 -0.55600007 -0.618 -0.618 -0.458 -0.16634248 -0.158 -0.064000054 -0.064 -0.064 -0.064 0.122 0.122 0.122 0.11765753 0.13128207 0.136 0.136 0.136 0.13599999 0.85199978 0.852
-0.336 -0.128 -0.128 -0.128 -0.128 -0.128 -0.12800002 -0.34434367 -0.35952257 -0.362 -0.362 -0.362 -0.362 -0.362 -0.362 -0.18757615 -0.11311415 -0.068181332 -0.1459556 -0.146 -0.146 -0.146 -0.146 -0.14600013 -0.07 -0.07 -0.07000065 -0.532 -0.532 -0.53147937 -0.272 -0.272 -0.618 -0.618 -0.618 -0.23168694 -0.158 -0.158 -0.158 -0.064 -0.064 -0.064 0.122 0.122 0.122 0.122 0.136 0.136 0.136 0.136 0.136 0.852 0.852
-0.336 -0.25856396 -0.128 -0.128 -0.128 -0.128 -0.56791364 -0.568 -0.56799999 -0.362 -0.362 -0.362 -0.362 -0.362 -0.32273195 -0.184 -0.184 -0.184 -0.26164667 -0.26199988 -0.262 -0.262 -0.262 -0.262 -0.07 -0.07 -0.07 -0.07 -0.532 -0.272 -0.272 -0.272 -0.61799997 -0.618 -0.618 -0.032 -0.15783317 -0.158 -0.158 -0.063957502 0.02096448 0.21915119 0.122 0.122 0.14791976 0.148 0.148 0.13572431 -0.031412916 -0.031999985 -0.031999968 0.12810955 0.85199853
-0.336 -0.36130171 -0.24641477 -0.128 -0.128 -0.56774003 -0.568 -0.568 -0.568 -0.5665155 -0.362 -0.362 -0.362 -0.36199998 -0.184 -0.184 -0.184 -0.184 -0.26193032 -0.262 -0.262 -0.262 -0.262 -0.262 -0.070000004 -0.07 -0.07 -0.07 -0.070734745 -0.272 -0.272 -0.272 -0.088000004 -0.6179276 -0.032 -0.032 -0.032 -0.033460399 0.19605822 0.22 0.22 0.22 0.144 0.144 0.148 0.148 0.148 -0.031999998 -0.032 -0.032 -0.032 0.128 0.128
-0.36197872 -0.362 -0.362 -0.362 -0.544 -0.56799938 -0.568 -0.568 -0.568 -0.568 -0.35488351 -0.36199878 -0.362 -0.184 -0.184 -0.184 -0.184 -0.184 -0.22534047 -0.262 -0.262 -0.262 -0.262 -0.262 -0.18065846 -0.19599932 -0.196 -0.196 -0.196 -0.27199999 -0.088000003 -0.088 -0.088 -0.088 -0.032 -0.032003476 -0.164 -0.164 0.21520519 0.22 0.22 0.22 0.144 0.144 0.14738066 0.148 0.148 -0.032 -0.032 -0.032 -0.030284384 0.128 0.128
-0.362 -0.362 -0.362 -0.44770652 -0.544 -0.544 -0.568 -0.568 -0.568 -0.568 -0.268 -0.268 -0.268 -0.184 -0.184 -0.184 -0.184 -0.18409717 -0.742 -0.742 -0.26200019 -0.262 -0.27037495 -0.606 -0.60230895 -0.196 -0.196 -0.196 -0.196 -0.088010997 -0.088 -0.088 -0.088 -0.088 -0.16399954 -0.164 -0.164 -0.164 -0.16264552 0.22 0.22 0.22 0.144 0.144 0.144 0.148 0.148 -0.031999999 -0.032 -0.032 0.128 0.128 0.128
-0.362 -0.362 -0.362 -0.544 -0.544 -0.544 -0.54400004 -0.568 -0.568 -0.26830969 -0.268 -0.268 -0.268 -0.26794767 -0.65994038 -0.772 -0.772 -0.772 -0.742 -0.742 -0.742 -0.606 -0.606 -0.606 -0.60594734 -0.3124444 -0.196 -0.196 -0.196 -0.077505692 -0.072001574 -0.072 -0.072 -0.072 -0.13564324 -0.096000154 -0.096 -0.096 -0.096 -0.17594582 -0.176 -0.176 0.144 0.144 0.060000351 0.059999931 -0.134 -0.134 -0.128 -0.128 -0.128 0.128 0.3318176
-0.36199996 -0.362 -0.36200001 -0.544 -0.544 -0.544 -0.544 -0.71399996 -0.56858377 -0.26830286 -0.268 -0.268 -0.268 -0.26898899 -0.772 -0.772 -0.772 -0.77199999 -0.742 -0.742 -0.742 -0.606 -0.606 -0.606 -0.418 -0.418 -0.406 -0.406 -0.406 -0.40417793 -0.072 -0.072 -0.072 -0.072 -0.08399347 -0.096 -0.096 -0.096 -0.096 -0.176 -0.176 -0.176 -0.16857454 0.06 0.06 0.06 -0.134 -0.134 -0.128 -0.128 -0.128 0.33199998 0.332
-0.348 -0.35762721 -0.338 -0.33805976 -0.544 -0.71301639 -0.714 -0.714 -0.72201633 -0.602 -0.602 -0.602 -0.602 -0.92198958 -0.922 -0.77200012 -0.772 -0.77120954 -0.742 -0.742 -0.742 -0.758 -0.758 -0.758 -0.418 -0.418 -0.406 -0.406 -0.406 -0.40599979 -0.11399973 -0.11399988 -0.073055607 -0.072045027 -0.46155269 -0.462 -0.462 -0.462 -0.462 -0.176 -0.176 -0.176 0.047004802 0.06 0.06 0.05999994 -0.134 -0.134 -0.13399978 -0.128 -0.12797863 0.35 0.332
-0.5859548 -0.58599996 -0.338 -0.338 -0.338 -0.714 -0.714 -0.714 -0.736 -0.736 -0.602 -0.602 -0.602 -0.922 -0.922 -0.922 -0.922 -0.92197945 -0.742 -0.742 -0.742 -0.758 -0.758 -0.758 -0.418 -0.418 -0.406 -0.406 -0.406 -0.11729232 -0.114 -0.114 -0.114 -0.114 -0.46182828 -0.462 -0.462 -0.462 -0.462 -0.62399988 -0.624 -0.624 -0.624 0.059997391 -0.28 -0.28 -0.28 -0.19 -0.19 -0.19 0.35 0.35 0.35
-0.586 -0.586 -0.338 -0.338 -0.338 -0.71202368 -0.714 -0.736 -0.736 -0.736 -0.6020165 -0.602 -1.0465158 -0.92200005 -0.922 -0.922 -0.922 -1.278 -1.278 -1.278 -1.04 -1.0399998 -0.75800137 -0.758 -0.75803022 -0.97 -0.97 -0.96999866 -0.40609115 -0.32395815 -0.32399888 -0.32396334 -0.11435891 -0.11418123 -0.40015656 -0.46199995 -0.46157104 -0.334 -0.334 -0.624 -0.624 -0.624 -0.624 -0.28 -0.28 -0.28 -0.28 -0.19 -0.19 -0.19 0.35 0.35 0.35
-0.586 -0.586 -0.338 -0.338 -0.338 -0.338 -0.72223396 -0.736 -0.736 -0.736 -0.73622648 -1.146 -1.146 -1.146 -0.92332008 -0.922 -1.2756277 -1.278 -1.278 -1.278 -1.04 -1.04 -1.04 -1.04 -0.97 -0.97 -0.97 -0.97 -0.97 -0.324 -0.324 -0.324 -0.324 -0.32400044 -0.534 -0.334 -0.334 -0.334 -0.334 -0.33400055 -0.462 -0.462 -0.462 -0.45679232 -0.446 -0.446 -0.446 -0.19000001 -0.1899998 0.014 0.014 -0.12788371 -0.128
-0.586 -0.586 -0.42751059 -0.338 -0.338 -0.33800002 -1.3668785 -0.73799172 -0.736 -0.736 -1.146 -1.146 -1.146 -1.146 -1.146 -1.1276591 -1.278 -1.278 -1.278 -1.278 -1.0400018 -1.04 -1.04 -1.04 -0.97 -0.97 -0.97 -0.97 -0.97 -0.63288378 -0.324 -0.324 -0.324 -0.534 -0.534 -0.5338447 -0.334 -0.334 -0.31711664 -0.304 -0.462 -0.462 -0.462 -0.45613154 -0.446 -0.446 -0.446 -0.328 0.0097387133 0.014 0.014 -0.128 -0.128
-1.142 -1.142 -1.142 -0.5395849 -0.33950828 -1.368 -1.368 -1.368 -1.368 -1.252 -1.252 -1.146 -1.146 -1.146 -1.146 -1.1460084 -1.278 -1.278 -1.278 -1.278 -1.1438555 -1.04 -1.04 -1.0349753 -0.85343252 -0.97 -0.97 -0.97 -0.742 -0.742 -0.742 -0.74199825 -0.534 -0.534 -0.534 -0.534 -0.304 -0.304 -0.304 -0.304 -0.544 -0.544 -0.544 -0.24000611 -0.24 -0.24 -0.24000007 -0.328 -0.328 0.013583292 0.014 -0.1280013 -0.128
-1.142 -1.142 -1.142 -1.142012 -1.364 -1.3645817 -1.368 -1.368 -1.368 -1.252 -1.252 -1.252 -1.374 -1.374 -1.374 -1.374 -1.2774944 -1.278 -1.278 -1.278 -1.2743806 -0.84800053 -0.848 -0.848 -0.848 -0.848 -0.646 -0.646 -0.742 -0.742 -0.742 -0.742 -0.5340001 -0.534 -0.534 -0.53401091 -0.304 -0.304 -0.304 -0.30404387 -0.544 -0.544 -0.544 -0.2400141 -0.24 -0.24 -0.24 -0.328 -0.328 -0.32800001 -0.386 -0.386 -0.258
-1.142 -1.142 -1.142 -1.3639995 -1.364 -1.364 -1.368 -1.368 -1.368 -1.252 -1.252 -1.252 -1.374 -1.374 -1.374 -1.3456686 -1.002 -1.002 -1.0020007 -1.2764411 -0.848 -0.848 -0.848 -0.848 -0.848 -0.84784798 -0.646 -0.646 -0.646 -0.742 -0.742 -0.74194207 -0.668 -0.668 -0.668 -0.33 -0.33 -0.314 -0.314 -0.314 -0.28 -0.54391719 -0.543997 -0.142 -0.142 -0.14571409 -0.23999989 -0.328 -0.328 -0.386 -0.386 -0.386 -0.258
-1.142 -1.142 -1.142 -1.364 -1.364 -1.364 -1.364 -1.368 -1.368 -1.252 -1.252 -1.3691218 -1.374 -1.374 -1.374 -1.002 -1.002 -1.002 -1.002 -1.002 -0.848 -0.848 -0.848 -0.848 -0.848 -0.64600069 -0.646 -0.646 -0.646 -0.652 -0.652 -0.652 -0.668 -0.668 -0.668 -0.33 -0.33 -0.314 -0.314 -0.28 -0.28 -0.28 -0.142 -0.142 -0.142 -0.142 -0.12113458 0.112 0.112 0.112 -0.38599999 -0.03 -0.03
-1.142 -1.142 -1.1423091 -1.364 -1.364 -1.364 -1.364 -1.280223 -1.276 -1.2759588 -1.252 -1.3739732 -1.374 -1.374 -1.3739987 -1.002 -1.002 -1.002 -1.002 -1.002 -0.20549053 -0.848 -0.848 -0.848 -0.84793038 -0.64599235 -0.646 -0.646 -0.646 -0.652 -0.652 -0.652 -0.6519985 -0.668 -0.33 -0.33 -0.33 -0.32999921 -0.31399768 -0.28 -0.28 -0.28 -0.14200838 -0.142 -0.142 -0.142 0.11200012 0.112 0.112 0.112 -0.029999999 -0.03 -0.03
-1.266 -1.2659998 -1.3638798 -1.364 -1.364 -1.364 -1.2760187 -1.276 -1.276 -1.276 -1.054 -1.054 -1.054 -1.054 -1.0022401 -1.002 -1.002 -1.002 -1.002 -0.17800049 -0.178 -0.178 -0.51000006 -0.51 -0.51 -0.51 -0.52173855 -0.646 -0.18601884 -0.186 -0.186 -0.186 -0.186 -0.15 -0.15 -0.15 -0.15 -0.15 -0.342 -0.342 -0.342 -0.342 -0.342 0.12559601 0.126 0.126 0.126 0.112 0.112 0.112 -0.029977629 -0.03 -0.03
-1.266 -1.266 -1.2642083 -1.0520006 -1.0520001 -1.0522186 -1.276 -1.276 -1.276 -1.276 -1.054 -1.054 -1.054 -1.054 -1.054 -1.002 -1.002 -1.002 -0.17800021 -0.178 -0.178 -0.178 -0.51 -0.51 -0.51 -0.51 -0.51 -0.51002845 -0.18586562 -0.186 -0.186 -0.186 -0.18594601 0.06315501 -0.14977929 -0.15 -0.15 -0.14999999 -0.342 -0.342 -0.342 -0.342 -0.342 0.126 0.126 0.126 0.126 0.11945333 0.112 0.42447441 0.428 0.46 0.46
-1.266 -1.266 -1.0520271 -1.052 -1.052 -1.052 -1.1088951 -1.276 -1.276 -1.276 -1.054 -1.054 -1.054 -1.054 -1.054 -1.0020372 -1.002 -0.17824159 -0.178 -0.178 -0.178 -0.178 -0.38700845 -0.51 -0.51 -0.51 -0.51 -0.50952409 0.162 0.162 0.162 0.162 0.162 0.226 0.226 0.226 0.226 0.226 -0.094 -0.094 -0.094 -0.094 -0.094000003 0.12578513 0.12599996 0.126 0.12598508 0.12424862 0.428 0.428 0.428 0.45999982 0.46
-1.2659998 -1.1444175 -1.052 -1.052 -1.052 -1.052 -1.052 -1.2759046 -1.276 -1.276 -1.054 -1.054 -1.054 -1.054 -0.74892994 -0.742 -0.742 -0.17801452 -0.178 -0.178 -0.178 -0.178 -0.17800014 -0.51 -0.51 -0.51 -0.51 0.10400004 0.10400003 0.11634381 0.162 0.162 0.162 0.226 0.226 0.226 0.226 0.22613817 -0.094 -0.094 -0.094 -0.094 -0.09397533 0.038 0.038 0.038 0.038 0.038031454 0.428 0.428 0.428 0.42800001 0.44226509
-1.142 -1.142 -1.1449241 -1.052 -1.052 -1.052 -1.052 -1.052 -1.2759044 -1.226 -1.226 -1.226 -1.2255918 -0.74200045 -0.742 -0.742 -0.742 -0.742 -0.17800568 -0.22661936 -0.652 -0.652 -0.652 -0.61640946 -0.51992451 -0.57302868 -0.61741652 0.104 0.104 0.104 0.104 0.104 0.10487789 0.42517391 0.43 0.43 0.43 0.43 -0.03351107 0.22799942 0.228 0.228 0.228 0.14799968 0.038000029 0.038 0.038 0.136 0.42799532 0.428 0.428 0.442 0.442
-1.142 -1.142 -1.274 -1.274 -1.274 -1.0520739 -1.052 -1.052 -1.226 -1.226 -1.226 -1.226 -1.226 -0.74200002 -0.742 -0.742 -0.742 -0.742 -0.652 -0.652 -0.652 -0.652 -0.652 -0.634 -0.634 -0.634 -0.634 0.104 0.104 0.104 0.104 0.104 1.6092424e-18 1.8461919e-22 0.43 0.43 0.43 0.28602452 0.286 0.228 0.228 0.228 0.22800002 0.148 0.148 0.148 0.136 0.136 0.136 0.31 0.31 0.442 0.442
-1.142 -1.142 -1.274 -1.274 -1.274 -1.274 -1.2740003 -1.322 -1.2260904 -1.226 -1.226 -1.226 -1.226 -0.74803746 -0.742 -0.742 -0.742 -0.742 -0.652 -0.652 -0.652 -0.652 -0.652 -0.634 -0.634 -0.634 -0.634 -0.63399702 0.104 0.104 0.104 5.4525801e-06 2.3886713e-41 9.2584402e-75 8.7726488e-31 0.43 0.286 0.286 0.286 0.28447391 0.36456737 0.39 0.39 0.148 0.148 0.148 0.136 0.136 0.136 0.31 0.31 0.31 0.2373081
-1.244 -1.2439992 -1.274 -1.274 -1.274 -1.274 -1.322 -1.322 -1.322 -1.226 -1.226 -1.226 -1.226 -1.2258495 -0.742 -0.742 -0.742 -0.742 -0.65200166 -0.652 -0.652 -0.652 -0.63717567 -0.634 -0.634 -0.634 -0.634 -0.63 -0.63 -0.62999999 0.096118322 1.074846e-17 4.2185641e-28 1.050879e-43 1.0884136e-07 0.114 0.286 0.286 0.286 0.286 0.39 0.39 0.39 0.686 0.686 0.686 0.16799688 0.136 0.136 0.31 0.31 0.31 0.21599882
