interpolatedSpi/07-12|20_3.tif
NCOLS 53
NROWS 52
XLLCORNER -116.03883
YLLCORNER 28.596182
DX 0.49850594
DY 0.49788537
NODATA_VALUE -9999
[rows 0 to 29 of 52, columns 0 to 52 of 53]
-0.40666667 -0.40666667 -0.32545156 -0.92333333 -0.185 0.066666667 0.38666667 0.79 -0.0049635928 -0.20666667 -0.33833333 0.49 0.16501716 0.37333333 0.086666667 0.086666667 0.086666667 -0.028333333 0.27 0.27 0.27 0.26999506 -0.24333333 0.25666667 0.25666667 0.25666667 0.77833166 0.77833333 0.77833333 0.21833333 0.21833333 0.21833333 0.21833333 -0.17999992 -0.18 -0.18 -0.18 -0.18 -0.18 -0.17999994 1.9932579 2.0165045 1.3816667 1.3816667 1.3816667 1.3816667 1.3816776 1.3883333 1.3883333 1.3883333 1.5699996 1.57 1.57
-0.40667859 -0.675 -0.34166622 -0.23046765 0.031496772 0.36333333 0.405 0.21354864 -0.32833333 0.22666667 0.26666667 0.165 0.165 0.64907746 0.37333414 0.086666667 -0.028333333 -0.028333333 0.26961101 0.27 0.27 0.27 0.21306561 0.25666667 0.25666667 0.25666667 -0.063333311 -0.063333333 0.21833333 0.21833333 0.21833333 0.21833333 0.21833333 -0.17999994 -0.18 -0.18 -0.18 -0.18 -0.17999986 0.00012714936 0.80001564 1.3110865 1.3816667 1.3816667 1.3816667 1.3816667 1.3816667 1.3883333 1.3883333 1.3883333 1.4033973 1.57 1.57
-0.071679824 -0.071666667 0.045 0.52166667 0.33 -0.025 0.41833333 -0.061666667 0.39666667 0.365 0.555 0.135 -0.57666667 0.505 0.65 0.96833333 -0.028333333 -0.028333333 -0.028333333 -0.0015876924 -0.0016666667 -0.0016666667 -0.57166667 0.25666667 0.25666667 0.25666667 -0.063333333 -0.063333333 -0.063333333 0.21833333 0.21833333 0.21833327 -0.40588209 -0.17696059 -0.16231506 1.7025894 1.72 1.72 1.6042882 0.80000001 0.8 0.80074381 1.3816667 1.3816667 1.3816667 1.3816667 1.3816667 1.3883333 1.3883333 1.3883333 1.3883333 1.57 1.57
0.10333333 -0.071666622 0.15161229 0.48833333 0.031666667 0.245 0.76333333 -0.24833333 0.46166667 0.48839258 0.85166667 0.65 0.31166667 0.505 0.455 0.96833333 -0.39118486 -0.40140509 -0.405 -0.0016666667 -0.0016666667 -0.575 -0.57166667 -0.57166667 0.25666667 0.25666507 -0.063333333 -0.063333333 -0.063333333 -0.83833333 -0.97001599 -1.0783333 -1.0783333 -1.0783311 1.72 1.72 1.72 1.72 0.8 0.8 0.8 0.80000002 1.3816667 1.3816667 1.3816667 1.3816667 1.3816667 1.3883332 1.3883333 1.3883333 1.3883333 1.5699089 1.57
0.10333333 0.15166667 0.15166667 0.31 0.031666667 0.555 0.3483618 -0.016666667 -0.39333333 0.27333318 0.48308692 0.58003032 0.79166667 0.455 0.455 0.7769459 -0.40166667 -0.40166667 -0.405 -0.405 -0.0016678412 -0.575 -0.83 -0.49333333 -0.57166667 -0.57161431 -0.063333333 -0.063333333 -0.83833333 -0.83833333 -1.0783333 -1.0783333 -1.0783333 -0.92244623 1.72 1.72 1.72 0.8 0.8 0.8 0.8 0.79994916 1.3816667 1.3816667 1.3816667 1.3816667 1.3816667 1.381726 1.3883333 1.3882165 -1.2183333 -1.2183333 -1.2183333
-1.21 -0.093333333 0.36333333 0.31 0.49166667 0.56833333 0.22833333 0.19696632 0.078333333 -0.15 0.50333333 -0.51666667 -0.5166658 0.60833333 0.60833333 -0.41492837 -0.415 -0.50833333 -0.50833333 -0.40499995 -0.865 -0.865 -0.49333333 -0.57166667 -0.57166667 -0.34833333 -0.73333333 -0.73333333 -0.37837495 -0.83833333 -1.0783333 -1.0783333 -0.25166667 -0.25171142 -0.67996931 -0.55833333 -0.55833333 0.37976858 0.8 0.8 0.2739902 0.27333334 0.27333485 -0.60922378 -0.64477601 -0.64499946 -0.64499993 -0.64499924 -0.53092122 -1.2183333 -1.2183333 -1.2183333 -1.2183333
-0.30333596 -0.33666667 -0.73685907 -0.043333333 0.38666667 -0.19 0.14666667 0.35666667 0.013333333 0.013333333 0.50333333 -0.29833333 0.56999975 0.60833333 -0.11833116 -0.11833333 -0.415 0.046666667 -0.34333333 -0.34333333 -0.94982768 -1.045 -1.045 -0.69333333 -0.34833333 -0.34833333 -0.73333333 -0.73333333 -0.37832653 -0.37820816 -0.37298917 -0.25166667 -0.25166667 -0.68 -0.68 -0.85425442 -0.55833333 -0.55833333 -1.3133072 0.27333112 0.27333333 0.27333333 0.27333966 -0.64499918 -0.645 -0.645 -0.645 -0.6449999 -0.48 -1.218187 -1.2183333 -1.2183333 -1.2183333
-0.30333333 -0.615 -0.42166667 -0.985 -1.2916491 -0.70166667 0.18333333 -0.48333332 -0.20833333 -0.096666667 -0.096666667 -0.38 0.57 0.57 -0.11361073 -0.19574768 -0.20333333 -0.145 -0.64666636 -0.34333333 -0.74741731 -0.69166667 -1.095 -1.0566667 -1.0566711 -1.3983333 -1.0366667 -1.0366666 -0.26207548 -0.26166667 -0.37333333 -0.7228881 -0.775 -0.68 -0.68347008 -1.1016667 -1.1016667 -1.3133333 -1.3133333 0.27333333 0.27333333 0.27333335 -0.49722765 -0.49833334 -0.645 -0.645 -0.645 -0.48000628 -0.48 -0.48 -1.2183333 -1.2183333 -1.2183333
-0.72094802 -0.61499999 -0.17666667 -0.84666667 -0.33333333 -0.565 -0.31333333 0.048333333 0.38166667 0.50394043 0.47333333 0.021666667 0.021666667 -0.24333333 -0.2433302 -0.46260869 -0.46333333 -0.46333333 -0.22158019 -1.0366667 -1.3483333 -1.3483333 -0.67666667 -0.93014171 -1.3639024 -1.3983333 -1.0416667 -1.0366667 -1.0863761 -1.0866667 -0.70833333 -0.055 -0.21365322 -0.75166667 -0.80166667 -0.93666667 -0.93666667 -1.1266667 -1.2082956 0.27619759 0.915 -0.43 -0.49831705 -0.49833333 -0.49915885 -0.645 -0.86499999 -0.48 -0.48 -0.48 -0.48 -1.1799435 -0.17666667
-1.3133333 -1.3133333 -0.70166667 -0.49833333 -0.53166667 -0.063333333 -0.021666667 0.16 0.485 0.53500535 0.22 0.52333333 -0.24333333 -0.24333333 0.09 0.082410783 -0.46333333 -0.4632628 -0.135 -1.0366667 -1.0366667 -1.0768198 -0.67666667 -0.91332885 -0.91333333 -0.91333333 -1.0416667 -0.72833333 -0.72833333 -1.0866667 -1.0866667 -0.055597434 -0.37 -0.75166667 -0.63333333 -0.93666667 -0.93666667 -1.2766667 -1.2083333 0.054201092 -0.42999994 -0.41836759 -0.39833333 -0.49833333 -0.49833333 -0.865 -0.865 -0.865 -0.48 -0.48 -0.91 -0.91 -0.90999973
-1.3133333 -1.3133333 -0.775 -0.54833333 -1.0716667 -0.35166667 -0.47166666 0.17484247 0.15 0.13166667 0.305 0.22833333 0.52293947 0.09 0.09 0.089952702 -0.32 -0.31029033 -0.135 -0.30833333 -0.30833333 -0.43166667 -0.43166667 -0.91333333 -0.91333333 -0.91333333 -0.72833333 -0.72833333 -0.72833333 -1.0783333 -1.0783333 -1.0783322 -0.955 -0.955 -0.69833333 -1.0783333 -0.965 -0.36333024 -0.915 0.075 0.075 0.033331915 -0.39833333 -0.49833333 -0.37333354 -0.625 -0.81521534 -0.815 -0.8 -0.8 -0.91 -0.91 -0.91
-1.3133333 -1.0807826 -0.67827325 -0.70999636 -0.25833333 -0.85666667 -0.47166667 0.175 0.15000021 0.13186978 0.22833321 0.22833333 0.03 0.09 0.09 -0.31999999 -0.32 -0.31998947 -0.135 -0.30833333 -0.33255349 -0.43166667 -0.43166667 -0.91331401 -0.91333333 -1.0196193 -1.2366667 -1.2366667 -1.2366666 -1.0783333 -1.0783333 -0.965 -0.965 -0.9549993 -0.69833333 -0.36666716 -0.81025807 -0.36333333 -0.36333333 0.074999999 0.033333333 0.033333333 0.033330325 -0.37333333 -0.37333333 -0.625 -0.815 -0.815 -0.8 -0.8 -0.91 -0.91 -0.91
-0.21833333 0.10730861 0.17997255 0.17355553 -0.25833658 -0.85665254 -0.47166668 0.16703991 0.15172276 0.14952127 0.03 0.03 0.03 0.03 0.0899915 -0.32 -0.32 -0.31761136 -0.135 -0.30838962 -0.50666667 -0.50666667 -0.50666667 -0.50666667 -0.90672894 -1.2366667 -1.2366667 -1.2366667 -1.2366667 -1.2365107 -0.965 -0.965 -0.965 -0.965 -0.36666667 -0.36666667 -0.36666667 -0.36307018 -0.36022898 0.05 0.05 0.03333423 0.14498226 -0.37328341 -0.37333333 -0.625 -0.815 -0.815 -0.8 -0.8 -0.90960093 -0.91 -6.5833639e-05
-0.21833333 0.18 0.18 0.18 0.18 0.17999957 -0.4726521 -0.16569131 0.15631889 0.030128709 0.03 0.03 0.03 0.03 0.029999683 -0.31999999 -0.31999997 -0.30731026 -0.13500378 -0.50666667 -0.50666667 -0.50666667 -0.50666667 -0.50666667 -0.50551666 -1.0268594 -1.0066667 -1.0066667 -1.0066667 -1.0066667 -0.965 -0.965 -0.96499995 -0.92166667 -0.92166667 -0.36666667 -0.17222832 -0.16666667 0.049999875 0.05 0.05 0.05 0.145 0.145 0.145 0.1396415 -0.32980447 -0.32666667 -0.32666667 -0.32666667 -0.32666668 0.96666628 0.96666667
-0.16166667 0.18 0.18 0.18 0.18 0.18 0.17999996 -0.41536175 -0.40541656 -0.40833333 -0.40833333 -0.40833333 -0.40833333 -0.40833333 -0.40833333 -0.1241982 -0.3167832 -0.2946673 -0.50662 -0.50666667 -0.50666667 -0.50666667 -0.50666667 -0.50666667 -0.45333333 -0.45333333 -0.45333411 -1.0066667 -1.0066667 -1.0060593 -0.70333333 -0.70333333 -0.92166667 -0.92166667 -0.92166667 -0.28760938 -0.16666667 -0.16666667 -0.16666667 0.05 0.05 0.05 0.145 0.145 0.145 0.145 -0.32666666 -0.32666667 -0.32666667 -0.32666667 -0.32666667 0.96666667 0.96666667
-0.16166667 -0.034468048 0.18 0.18 0.18 0.18 -0.65483612 -0.655 -0.65499999 -0.40833333 -0.40833333 -0.40833333 -0.40833333 -0.40833333 -0.3443573 -0.11833333 -0.11833333 -0.11833333 -0.51331241 -0.51333333 -0.51333333 -0.51333333 -0.51333333 -0.51333333 -0.45333333 -0.45333333 -0.45333333 -0.45333333 -1.0066667 -0.70333333 -0.70333333 -0.70333333 -0.92166665 -0.92166667 -0.92166667 -0.005 -0.16645261 -0.16666667 -0.16666667 0.049998163 0.046509675 0.038368203 0.145 0.145 -0.15407418 -0.155 -0.155 -0.32648523 -0.21705107 -0.21666668 -0.21666669 0.041806613 0.96666479
-0.16166667 -0.17788565 -0.001333163 0.18 0.18 -0.65450664 -0.655 -0.655 -0.655 -0.65322245 -0.40833333 -0.40833333 -0.40833333 -0.4083333 -0.11833333 -0.11833333 -0.11833333 -0.11833333 -0.51298049 -0.51333333 -0.51333333 -0.51333333 -0.51333333 -0.51333333 -0.45333333 -0.45333333 -0.45333333 -0.45333333 -0.45424267 -0.70333333 -0.70333333 -0.70333333 -0.16833335 -0.92155524 -0.005 -0.005 -0.005 -0.0092441756 0.025342036 0.038333333 0.038333333 0.038333333 -0.12666667 -0.12666667 -0.155 -0.155 -0.155 -0.21666667 -0.21666667 -0.21666667 -0.21666667 0.041666667 0.041666667
-0.17827066 -0.17833333 -0.17833333 -0.17833334 -0.76166667 -0.65500275 -0.655 -0.655 -0.655 -0.655 -0.40454802 -0.40833268 -0.40833333 -0.11833333 -0.11833333 -0.11833333 -0.11833333 -0.11833333 -0.20232714 -0.51333333 -0.51333333 -0.51333333 -0.51333333 -0.51333333 -0.355505 -0.14666833 -0.14666667 -0.14666667 -0.14666667 -0.70333331 -0.16833334 -0.16833333 -0.16833333 -0.16833333 -0.005 -0.0050101388 -0.39 -0.39 0.032984954 0.038333333 0.038333333 0.038333333 -0.12666667 -0.12666667 -0.15061302 -0.155 -0.155 -0.21666667 -0.21666667 -0.21666667 -0.21389666 0.041666667 0.041666667
-0.17833333 -0.17833333 -0.17833333 -0.4530337 -0.76166667 -0.76166667 -0.655 -0.655 -0.655 -0.655 -0.35833333 -0.35833333 -0.35833333 -0.11833333 -0.11833333 -0.11833333 -0.11833333 -0.11845094 -0.95833333 -0.95833333 -0.51333351 -0.51333333 -0.5132116 -0.50833333 -0.50507741 -0.14666667 -0.14666667 -0.14666667 -0.14666667 -0.16833113 -0.16833333 -0.16833333 -0.16833333 -0.16833333 -0.38999865 -0.39 -0.39 -0.39 -0.38848143 0.038333333 0.038333333 0.038333333 -0.12666667 -0.12666667 -0.12666667 -0.155 -0.155 -0.21666667 -0.21666667 -0.21666667 0.041666666 0.041666667 0.041666667
-0.17833333 -0.17833333 -0.17833333 -0.76166667 -0.76166667 -0.76166667 -0.7616665 -0.655 -0.655 -0.35863958 -0.35833333 -0.35833333 -0.35833333 -0.35818381 -0.69437228 -0.83 -0.83 -0.83 -0.95833333 -0.95833333 -0.95833333 -0.50833333 -0.50833333 -0.50833333 -0.50833193 -0.333747 -0.14666667 -0.14666667 -0.14666667 0.00154366 0.03997951 0.04 0.04 0.04 -0.30223551 -0.18000048 -0.18 -0.18 -0.18 -0.42660304 -0.42666667 -0.42666667 -0.12666667 -0.12666667 0.018332728 0.018333253 -0.20833333 -0.20833333 -0.15666667 -0.15666667 -0.15666667 0.041666667 0.39801443
-0.1783331 -0.17833333 -0.17833335 -0.76166667 -0.76166667 -0.76166667 -0.76166667 -0.96999991 -0.65625949 -0.35848446 -0.35833333 -0.35833333 -0.35833333 -0.35925887 -0.83 -0.83 -0.83 -0.83000004 -0.95833333 -0.95833333 -0.95833333 -0.50833333 -0.50833333 -0.50833333 -0.50333333 -0.50333333 -0.47 -0.47 -0.47 -0.46721779 0.04 0.04 0.04 0.04 -0.069939693 -0.18 -0.18 -0.18 -0.18 -0.42666667 -0.42666667 -0.42666667 -0.41266526 0.018333333 0.018333333 0.018333333 -0.20833333 -0.20833333 -0.15666667 -0.15666667 -0.15666667 0.39833331 0.39833333
-0.10166667 -0.15417375 -0.64333333 -0.64336766 -0.76166667 -0.96879459 -0.97 -0.97 -0.890444 -0.52500001 -0.525 -0.525 -0.525 -1.1299803 -1.13 -0.83000023 -0.83 -0.83338139 -0.95833333 -0.95833333 -0.95833333 -1.0566667 -1.0566667 -1.0566667 -0.50333333 -0.50333333 -0.47 -0.47 -0.47 -0.4699998 -0.19166519 -0.19166602 0.034177406 0.039751637 -0.76740802 -0.76833333 -0.76833333 -0.76833333 -0.76833333 -0.42666667 -0.42666667 -0.42666667 -0.0061702199 0.018333333 0.018333333 0.018333244 -0.20833333 -0.20833333 -0.20833147 -0.15666667 -0.15663425 0.56833333 0.39833333
-0.56991106 -0.57000001 -0.64333333 -0.64333333 -0.64333333 -0.97 -0.97 -0.97 -0.75166667 -0.75166667 -0.525 -0.525 -0.525 -1.13 -1.13 -1.13 -1.13 -1.1299798 -0.95833333 -0.95833333 -0.95833334 -1.0566667 -1.0566667 -1.0566667 -0.50333333 -0.50333333 -0.47 -0.47 -0.47 -0.1948049 -0.19166667 -0.19166667 -0.19166667 -0.19166667 -0.76804878 -0.76833333 -0.76833333 -0.76833333 -0.76833333 -1.1166665 -1.1166667 -1.1166667 -1.1166667 0.018329472 -0.485 -0.485 -0.485 0.26833333 0.26833333 0.26833333 0.56833333 0.56833333 0.56833333
-0.57 -0.57 -0.64333333 -0.64333333 -0.64333333 -0.96828298 -0.97 -0.75166667 -0.75166667 -0.75166667 -0.5250279 -0.525 -1.2794785 -1.1300001 -1.13 -1.13 -1.13 -1.7866667 -1.7866667 -1.7866667 -1.51 -1.5099997 -1.0566689 -1.0566667 -1.0567563 -1.47 -1.47 -1.4699976 -0.47016161 -0.41328916 -0.41333215 -0.41329463 -0.19204552 -0.19185796 -0.66577167 -0.76833339 -0.76884719 -0.92166667 -0.92166667 -1.1166667 -1.1166667 -1.1166667 -1.1166667 -0.485 -0.485 -0.485 -0.485 0.26833333 0.26833333 0.26833333 0.56833333 0.56833333 0.56833333
-0.57 -0.57 -0.64333333 -0.64333333 -0.64333333 -0.64333333 -0.88828421 -0.75166667 -0.75166667 -0.75166667 -0.75205149 -1.4483333 -1.4483333 -1.4483333 -1.131876 -1.13 -1.7822908 -1.7866667 -1.7866667 -1.7866667 -1.51 -1.51 -1.51 -1.51 -1.47 -1.47 -1.47 -1.47 -1.47 -0.41333333 -0.41333333 -0.41333333 -0.41333333 -0.41333419 -0.82166667 -0.92166667 -0.92166667 -0.92166667 -0.92166667 -0.92166721 -1.0616667 -1.0616667 -1.0616667 -0.88485815 -0.51833333 -0.51833333 -0.51833333 0.26833331 0.26833333 0.26833333 0.26833333 0.10677898 0.10666667
-0.57 -0.57 -0.61686515 -0.64333333 -0.64333333 -0.64333336 -1.693326 -0.75463953 -0.75166667 -0.75166667 -1.4483334 -1.4483333 -1.4483333 -1.4483333 -1.4483333 -1.4222909 -1.7866667 -1.7866667 -1.7866667 -1.7866667 -1.5100021 -1.51 -1.51 -1.51 -1.47 -1.47 -1.47 -1.47 -1.47 -0.90720254 -0.41333333 -0.41333333 -0.41333333 -0.82166667 -0.82166667 -0.82174432 -0.92166667 -0.92166667 -0.84287767 -0.78166668 -1.0616667 -1.0616667 -1.0616667 -0.88657873 -0.51833333 -0.51833333 -0.51833333 -0.13833333 0.26326631 0.26833333 0.26833333 0.10666667 0.10666667
-1.565 -1.565 -1.565 -0.8744205 -0.64573087 -1.695 -1.695 -1.695 -1.695 -1.5716667 -1.5716667 -1.4483333 -1.4483333 -1.4483333 -1.4483333 -1.4483548 -1.7866667 -1.7866667 -1.7866667 -1.7866667 -1.6307284 -1.51 -1.51 -1.5082117 -1.4429283 -1.47 -1.47 -1.47 -1.0816667 -1.0816667 -1.0816667 -1.0816639 -0.82166667 -0.82166667 -0.82166667 -0.82166667 -0.78166667 -0.78166667 -0.78166667 -0.78166667 -1.0266667 -1.0266667 -1.0266667 -0.36834657 -0.36833333 -0.36833333 -0.36833338 -0.13833333 -0.13833333 0.26783783 0.26833333 0.1066642 0.10666667
-1.565 -1.565 -1.565 -1.5650387 -2.2833333 -2.19778 -1.695 -1.695 -1.695 -1.5716667 -1.5716667 -1.5716667 -1.5866667 -1.5866667 -1.5866667 -1.5866667 -1.7862423 -1.7866667 -1.7866667 -1.7866667 -1.7824677 -1.4416669 -1.4416667 -1.4416667 -1.4416667 -1.4416667 -1.09 -1.09 -1.0816667 -1.0816667 -1.0816667 -1.0816667 -0.82166685 -0.82166667 -0.82166667 -0.82168784 -0.78166666 -0.78166667 -0.78166667 -0.78015321 -1.0266667 -1.0266667 -1.0266667 -0.36836386 -0.36833333 -0.36833333 -0.36833333 -0.13833333 -0.13833333 -0.13833337 -0.38166667 -0.38166667 -0.50166667
-1.565 -1.565 -1.565 -2.2833317 -2.2833333 -2.2833333 -1.6950002 -1.695 -1.695 -1.5716667 -1.5716667 -1.5716667 -1.5866667 -1.5866667 -1.5866667 -1.5842549 -1.555 -1.555 -1.5550006 -1.7853581 -1.4416667 -1.4416667 -1.4416667 -1.4416667 -1.4416667 -1.441402 -1.09 -1.09 -1.09 -1.0816667 -1.0816667 -1.081628 -1.0816667 -1.0816667 -1.0816667 -0.36 -0.36 -0.43666667 -0.43666667 -0.43666667 -0.35666667 -1.0264565 -1.0266609 -0.25666667 -0.25666667 -0.26089871 -0.36833265 -0.13833333 -0.13833333 -0.38166667 -0.38166667 -0.38166667 -0.50166667
-1.565 -1.565 -1.565 -2.2833333 -2.2833333 -2.2833333 -2.2833333 -1.695 -1.695 -1.5716667 -1.5716667 -1.5860669 -1.5866667 -1.5866667 -1.5866667 -1.555 -1.555 -1.555 -1.555 -1.555 -1.4416667 -1.4416667 -1.4416667 -1.4416667 -1.4416667 -1.0900012 -1.09 -1.09 -1.09 -1.0216667 -1.0216667 -1.0216667 -1.0816667 -1.0816667 -1.0816667 -0.36 -0.36 -0.43666667 -0.43666667 -0.35666667 -0.35666667 -0.35666667 -0.25666667 -0.25666667 -0.25666667 -0.25666667 -0.2301057 0.066666667 0.066666667 0.066666667 -0.38166666 -0.24833333 -0.24833333
