interpolatedSpi/07-11|20_3.tif
NCOLS 53
NROWS 52
XLLCORNER -116.03883
YLLCORNER 28.596182
DX 0.49850594
DY 0.49788537
NODATA_VALUE -9999
[rows 0 to 39 of 52, columns 0 to 52 of 53]
-0.452 -0.452 -0.35092478 -0.902 -0.086 0.192 0.47 0.946 0.11544606 -0.16 -0.288 0.58 0.32601054 0.454 0.276 0.276 0.276 -0.076 0.286 0.286 0.286 0.28599721 -0.0039999976 0.24 0.24 0.24 0.80599891 0.806 0.806 0.102 0.102 0.102 0.102 0.34599995 0.346 0.346 0.346 0.346 0.346 0.34600004 1.7963773 1.8119196 1.498 1.498 1.498 1.498 1.4986337 1.886 1.886 1.886 1.7620003 1.762 1.762
-0.4520088 -0.65 -0.26999954 -0.12950433 0.17585453 0.406 0.384 0.3681378 -0.148 0.34 0.42 0.326 0.326 0.78887962 0.45400249 0.276 -0.076 -0.076 0.285528 0.286 0.286 0.286 0.19483738 0.24 0.24 0.24 0.10600001 0.106 0.102 0.102 0.102 0.102 0.102 0.34599996 0.346 0.346 0.346 0.346 0.34600007 0.41073701 0.66203063 1.3965584 1.498 1.498 1.498 1.498 1.498 1.886 1.886 1.886 1.8757178 1.762 1.762
-0.022013158 -0.022 0.132 0.566 0.518 0.168 0.606 0.112 0.684 0.586 0.762 0.448 -0.688 0.486 0.79 1.288 -0.076 -0.076 -0.076 -0.079893603 -0.08 -0.08 -0.618 0.24 0.24 0.24 0.106 0.106 0.106 0.102 0.102 0.10199995 -0.38517687 0.34698041 0.35553125 1.3606166 1.37 1.37 1.2809523 0.662 0.662 0.66306903 1.498 1.498 1.498 1.498 1.498 1.886 1.886 1.886 1.886 1.762 1.762
-0.06 -0.02199999 0.029964154 0.412 0.03 0.436 1.024 -0.008 0.598 0.67003878 1.238 1.108 0.598 0.486 0.642 1.288 -0.47639661 -0.48970993 -0.252 -0.08 -0.08 -0.492 -0.618 -0.618 0.24 0.23999933 0.106 0.106 0.106 -0.664 -0.79897472 -0.91 -0.91 -0.90999821 1.37 1.37 1.37 1.37 0.662 0.662 0.662 0.66200003 1.498 1.498 1.498 1.498 1.498 1.8859951 1.886 1.886 1.886 1.7619102 1.762
-0.06 -0.021999905 0.03 0.22380921 0.03 0.648 0.61000674 -0.018 -0.264 0.36199985 0.7166817 0.8820169 1 0.642 0.642 1.0463027 -0.49 -0.49 -0.252 -0.252 -0.08000086 -0.492 -0.798 -0.528 -0.676 -0.67595537 0.106 0.106 -0.664 -0.664 -0.91 -0.91 -0.91 -0.74971287 1.37 1.37 1.37 0.662 0.662 0.662 0.662 0.66197992 1.498 1.498 1.498 1.498 1.498 1.5014537 1.886 1.8858712 -0.986 -0.986 -0.986
-1.248 -0.244 0.079999996 0.154 0.536 0.554 0.208 0.17906553 0.138 -0.01 0.626 -0.598 -0.59799895 0.398 0.398 -0.47194447 -0.472 -0.558 -0.558 -0.25200018 -0.854 -0.854 -0.528 -0.676 -0.676 -0.486 -0.636 -0.636 -0.20804128 -0.664 -0.91 -0.91 -0.06 -0.060049109 -0.52996631 -0.346 -0.346 0.35015219 0.662 0.662 0.45425942 0.454 0.45400159 -0.36256571 -0.39579067 -0.3959995 -0.39599994 -0.39599928 -0.15361118 -0.986 -0.986 -0.986 -0.986
-0.582002 -0.676 -0.92530405 -0.232 0.208 -0.24 0.034000005 0.396 0.008 0.0079999999 0.626 -0.382 0.47999971 0.398 -0.24199808 -0.242 -0.472 -0.23 -0.454 -0.454 -0.98595417 -1.134 -1.134 -0.858 -0.486 -0.486 -0.636 -0.636 -0.20799441 -0.207897 -0.22963619 -0.06 -0.06 -0.53 -0.53 -0.74467651 -0.346 -0.346 -1.3979635 0.45399742 0.454 0.454 0.45400679 -0.39599926 -0.396 -0.396 -0.396 -0.39599981 -0.082 -0.98582085 -0.986 -0.986 -0.986
-0.582 -0.848 -0.69 -1.35 -1.559988 -0.742 -0.016 -0.56199998 -0.372 -0.326 -0.326 -0.616 0.48 0.48 -0.23704641 -0.19464064 -0.19 -0.34 -0.63999981 -0.454 -0.71869338 -0.654 -1.048 -1.216 -1.2160029 -1.442 -1.016 -1.0159999 -0.1123364 -0.112 -0.23 -0.57194852 -0.672 -0.53 -0.53519086 -1.078 -1.078 -1.398 -1.398 0.454 0.454 0.45400001 -0.26393168 -0.26400001 -0.396 -0.396 -0.396 -0.082011952 -0.082 -0.082 -0.986 -0.986 -0.986
-0.93720874 -0.84799999 -0.586 -1.142 -0.428 -0.658 -0.42 -0.016 0.34 0.36392313 0.206 -0.23 -0.23 -0.482 -0.48199483 -0.46523076 -0.466 -0.466 -0.38579546 -1.2 -1.416 -1.416 -0.6 -0.87145057 -1.4192252 -1.442 -0.978 -1.016 -1.08957 -1.09 -0.544 0.23 0.017455295 -0.63 -0.712 -0.856 -0.886 -0.98 -1.2598707 0.45700858 1.128 -0.356 -0.26400912 -0.264 -0.26474297 -0.396 -0.58799999 -0.082000004 -0.082 -0.082 -0.082000003 -1.0019369 -0.152
-1.436 -1.436 -0.95 -0.768 -0.508 -0.03 -0.128 0.04 0.386 0.36998814 -0.002 0.29 -0.482 -0.482 0.068 0.060675949 -0.466 -0.46599467 -0.444 -1.2 -1.2 -1.227828 -0.6 -0.9379936 -0.938 -0.938 -0.978 -0.74 -0.74 -1.09 -1.09 0.22919963 -0.192 -0.63 -0.622 -0.856 -0.886 -1.248 -1.26 0.10943994 -0.35599993 -0.34277578 -0.32 -0.264 -0.264 -0.588 -0.588 -0.588 -0.082 -0.082 -1.114 -1.114 -1.1139996
-1.436 -1.436 -0.986 -0.682 -1.198 -0.556 -0.60999999 0.075837972 0.062 0.148 0.316 0.262 0.28996158 0.068 0.068 0.06794255 -0.43 -0.43073479 -0.444 -0.444 -0.444 -0.526 -0.526 -0.938 -0.938 -0.938 -0.74 -0.74 -0.74 -1.008 -1.008 -1.0079987 -0.972 -0.972 -0.698 -1.104 -1.044 -0.24799731 -0.954 0.132 0.132 -0.02800096 -0.32 -0.264 -0.37600021 -0.692 -0.92056154 -0.922 -0.958 -0.958 -1.114 -1.114 -1.114
-1.436 -1.2415724 -0.85627236 -0.84799655 -0.54 -0.978 -0.61 0.076 0.062000117 0.14704722 0.26199985 0.262 -0.134 0.068 0.068 -0.42999998 -0.43 -0.4300008 -0.444 -0.444 -0.46010313 -0.526 -0.526 -0.93798339 -0.938 -1.0333287 -1.228 -1.228 -1.2279999 -1.008 -1.008 -0.848 -0.848 -0.97199925 -0.698 -0.1620006 -0.86568583 -0.248 -0.248 0.13199999 -0.028 -0.028 -0.028002563 -0.376 -0.376 -0.692 -0.922 -0.922 -0.958 -0.958 -1.114 -1.114 -1.114
-0.186 0.051216321 0.13596912 0.12887223 -0.5400024 -0.97798966 -0.61000001 0.067555737 0.062964743 0.064245689 -0.134 -0.134 -0.134 -0.134 0.067971385 -0.43 -0.43 -0.43018076 -0.444 -0.44401736 -0.504 -0.504 -0.504 -0.504 -0.93090512 -1.228 -1.228 -1.228 -1.228 -1.2277843 -0.848 -0.848 -0.848 -0.848 -0.162 -0.162 -0.162 -0.2434847 -0.24394431 0.292 0.292 -0.027982788 0.2519785 -0.37593951 -0.376 -0.692 -0.922 -0.922 -0.958 -0.958 -1.113434 -1.114 -0.064665129
-0.186 0.136 0.136 0.136 0.136 0.13599953 -0.61094193 -0.28541215 0.065538591 -0.13378683 -0.134 -0.134 -0.134 -0.134 -0.13400026 -0.42999999 -0.43 -0.4309603 -0.444 -0.504 -0.504 -0.504 -0.504 -0.504 -0.50114944 -0.96076613 -0.91200007 -0.912 -0.912 -0.912 -0.848 -0.848 -0.84799999 -0.836 -0.836 -0.162 0.10243615 0.11 0.29199989 0.292 0.292 0.292 0.252 0.252 0.252 0.24543062 -0.43116637 -0.428 -0.428 -0.428 -0.42800001 0.92199958 0.922
-0.168 0.136 0.136 0.136 0.136 0.136 0.13599995 -0.49978645 -0.49107082 -0.494 -0.494 -0.494 -0.494 -0.494 -0.494 -0.23730052 -0.42685908 -0.43191704 -0.50399245 -0.504 -0.504 -0.504 -0.504 -0.50400006 -0.372 -0.372 -0.37200076 -0.912 -0.912 -0.91147136 -0.648 -0.648 -0.836 -0.836 -0.836 -0.041538873 0.11 0.11 0.11 0.292 0.292 0.292 0.252 0.252 0.252 0.252 -0.428 -0.428 -0.428 -0.428 -0.428 0.922 0.922
-0.168 -0.054824254 0.136 0.136 0.136 0.136 -0.62785005 -0.628 -0.628 -0.494 -0.494 -0.494 -0.494 -0.494 -0.43620097 -0.232 -0.232 -0.232 -0.55185334 -0.55199995 -0.552 -0.552 -0.552 -0.552 -0.372 -0.372 -0.372 -0.372 -0.912 -0.648 -0.648 -0.648 -0.83599998 -0.836 -0.836 0.18 0.11009268 0.11 0.11 0.29197326 0.23874761 0.114532 0.252 0.252 -0.19461745 -0.196 -0.196 -0.42755891 -0.16093654 -0.16000002 -0.16000005 0.16411465 0.92199846
-0.168 -0.12907422 0.0024038464 0.136 0.136 -0.62754859 -0.628 -0.628 -0.628 -0.62703436 -0.494 -0.494 -0.494 -0.49399997 -0.232 -0.232 -0.232 -0.232 -0.55171415 -0.552 -0.552 -0.552 -0.552 -0.552 -0.372 -0.372 -0.372 -0.372 -0.37300391 -0.648 -0.648 -0.648 -0.098000013 -0.83587884 0.18 0.18 0.18 0.17399284 0.11373151 0.114 0.114 0.114 -0.084 -0.084 -0.196 -0.196 -0.196 -0.16 -0.16 -0.16 -0.16 0.164 0.164
-0.12797304 -0.128 -0.128 -0.12800001 -0.696 -0.62800175 -0.628 -0.628 -0.628 -0.628 -0.49082031 -0.49399945 -0.494 -0.232 -0.232 -0.232 -0.232 -0.232 -0.30796784 -0.552 -0.552 -0.552 -0.552 -0.552 -0.33641382 -0.12600133 -0.126 -0.126 -0.126 -0.64799997 -0.098000009 -0.098 -0.098 -0.098 0.18 0.17998562 -0.366 -0.366 0.10800648 0.114 0.114 0.114 -0.084 -0.084 -0.17865854 -0.196 -0.196 -0.16 -0.16 -0.16 -0.15652588 0.164 0.164
-0.128 -0.128 -0.128 -0.39547967 -0.696 -0.696 -0.628 -0.628 -0.628 -0.628 -0.452 -0.452 -0.452 -0.232 -0.232 -0.232 -0.232 -0.23209816 -1.038 -1.038 -0.5520002 -0.552 -0.55273037 -0.582 -0.57789483 -0.126 -0.126 -0.126 -0.126 -0.098002852 -0.098 -0.098 -0.098 -0.098 -0.36599808 -0.366 -0.366 -0.366 -0.36429788 0.114 0.114 0.114 -0.084 -0.084 -0.084 -0.196 -0.196 -0.16 -0.16 -0.16 0.164 0.164 0.164
-0.128 -0.128 -0.128 -0.696 -0.696 -0.696 -0.6959999 -0.628 -0.628 -0.45218168 -0.452 -0.452 -0.452 -0.45186294 -0.71279691 -0.826 -0.826 -0.826 -1.038 -1.038 -1.038 -0.582 -0.582 -0.582 -0.58198375 -0.33476068 -0.126 -0.126 -0.126 0.094851718 0.13997659 0.14 0.14 0.14 -0.26484807 -0.12400055 -0.124 -0.124 -0.124 -0.44992283 -0.45 -0.45 -0.084 -0.084 0.093999257 0.093999906 -0.17 -0.17 -0.146 -0.146 -0.146 0.164 0.38979793
-0.1279996 -0.128 -0.12800002 -0.696 -0.696 -0.696 -0.696 -0.90999992 -0.62912755 -0.45209793 -0.452 -0.452 -0.452 -0.45273389 -0.826 -0.826 -0.826 -0.82600006 -1.038 -1.038 -1.038 -0.582 -0.582 -0.582 -0.524 -0.524 -0.472 -0.472 -0.472 -0.46866135 0.14 0.14 0.14 0.14 0.0080723687 -0.124 -0.124 -0.124 -0.124 -0.45 -0.45 -0.45 -0.43288368 0.094 0.094 0.094 -0.17 -0.17 -0.146 -0.146 -0.146 0.38999998 0.39
-1.4911299e-17 -0.077349225 -0.62 -0.62002205 -0.696 -0.9087618 -0.91 -0.91 -0.83420925 -0.56 -0.56 -0.56 -0.56 -1.1199818 -1.12 -0.82600023 -0.826 -0.83158589 -1.038 -1.038 -1.038 -1.082 -1.082 -1.082 -0.524 -0.524 -0.472 -0.472 -0.472 -0.47199974 -0.11999835 -0.11999927 0.13346529 0.13972126 -0.82888955 -0.83 -0.83 -0.83 -0.83 -0.45 -0.45 -0.45 0.064045093 0.094 0.094 0.093999894 -0.17 -0.17 -0.16999914 -0.146 -0.14596727 0.586 0.39
-0.47590961 -0.47600002 -0.62 -0.62 -0.62 -0.91 -0.91 -0.91 -0.702 -0.702 -0.56 -0.56 -0.56 -1.12 -1.12 -1.12 -1.12 -1.1199898 -1.038 -1.038 -1.038 -1.082 -1.082 -1.082 -0.524 -0.524 -0.472 -0.472 -0.472 -0.12396883 -0.12 -0.12 -0.12 -0.12 -0.82964966 -0.83 -0.83 -0.83 -0.83 -1.2959998 -1.296 -1.296 -1.296 0.093995412 -0.504 -0.504 -0.504 0.346 0.346 0.346 0.586 0.586 0.586
-0.476 -0.476 -0.62 -0.62 -0.62 -0.90847571 -0.91 -0.702 -0.702 -0.702 -0.56001748 -0.56 -1.3248287 -1.1200001 -1.12 -1.12 -1.12 -1.896 -1.896 -1.896 -1.534 -1.5339997 -1.0820022 -1.082 -1.0821006 -1.516 -1.516 -1.5159975 -0.47216872 -0.4019438 -0.4019985 -0.40195077 -0.12048197 -0.12024336 -0.70373053 -0.83000009 -0.830811 -1.072 -1.072 -1.296 -1.296 -1.296 -1.296 -0.504 -0.504 -0.504 -0.504 0.346 0.346 0.346 0.586 0.586 0.586
-0.476 -0.476 -0.62 -0.62 -0.62 -0.62 -0.83215168 -0.702 -0.702 -0.702 -0.70243859 -1.496 -1.496 -1.496 -1.1222159 -1.12 -1.8908289 -1.896 -1.896 -1.896 -1.534 -1.534 -1.534 -1.534 -1.516 -1.516 -1.516 -1.516 -1.516 -0.402 -0.402 -0.402 -0.402 -0.40200101 -0.88 -1.072 -1.072 -1.072 -1.072 -1.0720007 -1.26 -1.26 -1.26 -1.0432737 -0.594 -0.594 -0.594 0.34599997 0.34599994 0.284 0.284 0.14810655 0.148
-0.476 -0.476 -0.56802611 -0.62 -0.62 -0.62000002 -1.7022219 -0.70515775 -0.702 -0.702 -1.496 -1.496 -1.496 -1.496 -1.496 -1.46524 -1.896 -1.896 -1.896 -1.896 -1.5340028 -1.534 -1.534 -1.534 -1.516 -1.516 -1.516 -1.516 -1.516 -0.89562289 -0.402 -0.402 -0.402 -0.88 -0.88 -0.88014909 -1.072 -1.072 -0.96056985 -0.87400002 -1.26 -1.26 -1.26 -1.045651 -0.594 -0.594 -0.594 -0.202 0.27794449 0.284 0.284 0.148 0.148
-1.648 -1.648 -1.648 -0.87774786 -0.62267039 -1.704 -1.704 -1.704 -1.704 -1.616 -1.616 -1.496 -1.496 -1.496 -1.496 -1.4960254 -1.896 -1.896 -1.896 -1.896 -1.6919651 -1.534 -1.534 -1.534157 -1.5389313 -1.516 -1.516 -1.516 -1.07 -1.07 -1.07 -1.0699972 -0.88 -0.88 -0.88 -0.88 -0.874 -0.874 -0.874 -0.874 -1.148 -1.148 -1.148 -0.48601331 -0.486 -0.486 -0.48600003 -0.202 -0.202 0.28340784 0.284 0.14799764 0.148
-1.648 -1.648 -1.648 -1.6480431 -2.448 -2.3398102 -1.704 -1.704 -1.704 -1.616 -1.616 -1.616 -1.688 -1.688 -1.688 -1.688 -1.8954944 -1.896 -1.896 -1.896 -1.8905111 -1.54 -1.54 -1.54 -1.54 -1.54 -1.086 -1.086 -1.07 -1.07 -1.07 -1.07 -0.88000016 -0.88 -0.88 -0.88001792 -0.87399999 -0.874 -0.874 -0.87179781 -1.148 -1.148 -1.148 -0.4860307 -0.486 -0.486 -0.486 -0.202 -0.202 -0.20200002 -0.32 -0.32 -0.388
-1.648 -1.648 -1.648 -2.4479982 -2.448 -2.448 -1.7040003 -1.704 -1.704 -1.616 -1.616 -1.616 -1.688 -1.688 -1.688 -1.6828212 -1.62 -1.62 -1.6200007 -1.8944411 -1.54 -1.54 -1.54 -1.54 -1.54 -1.5396583 -1.086 -1.086 -1.086 -1.07 -1.07 -1.0699356 -1.1 -1.1 -1.1 -0.292 -0.292 -0.372 -0.372 -0.372 -0.312 -1.1477378 -1.1479925 -0.14 -0.14 -0.15311301 -0.4859986 -0.202 -0.202 -0.32 -0.32 -0.32 -0.388
-1.648 -1.648 -1.648 -2.448 -2.448 -2.448 -2.448 -1.704 -1.704 -1.616 -1.616 -1.685121 -1.688 -1.688 -1.688 -1.62 -1.62 -1.62 -1.62 -1.62 -1.54 -1.54 -1.54 -1.54 -1.54 -1.0860015 -1.086 -1.086 -1.086 -0.97 -0.97 -0.97 -1.1 -1.1 -1.1 -0.292 -0.292 -0.372 -0.372 -0.312 -0.312 -0.312 -0.14 -0.14 -0.14 -0.14 -0.11519151 0.162 0.162 0.162 -0.32 -0.182 -0.182
-1.648 -1.648 -1.649114 -2.448 -2.448 -2.448 -2.448 -2.1833407 -2.17 -2.1690489 -1.616 -1.6879851 -1.688 -1.688 -1.6879998 -1.62 -1.62 -1.62 -1.62 -1.62 -0.62321563 -1.54 -1.54 -1.54 -1.5398805 -1.0859929 -1.086 -1.086 -1.086 -0.97 -0.97 -0.97 -0.97001377 -1.1 -0.292 -0.292 -0.292 -0.29200324 -0.37199591 -0.312 -0.312 -0.312 -0.14001044 -0.14 -0.14 -0.14 0.16199797 0.162 0.162 0.162 -0.182 -0.182 -0.182
-2.506 -2.5059985 -2.4475813 -2.448 -2.448 -2.448 -2.1700592 -2.17 -2.17 -2.17 -1.51 -1.51 -1.51 -1.51 -1.6194923 -1.62 -1.62 -1.62 -1.62 -0.58400062 -0.584 -0.584 -0.9600001 -0.96 -0.96 -0.96 -0.97087542 -1.086 -0.36002973 -0.36 -0.36 -0.36 -0.36 -0.224 -0.224 -0.224 -0.224 -0.224 -0.574 -0.574 -0.574 -0.574 -0.574 -0.038153758 -0.038 -0.038 -0.038 0.162 0.162 0.162 -0.18194581 -0.182 -0.182
-2.506 -2.506 -2.5016295 -1.9840009 -1.9840001 -1.9841816 -2.17 -2.17 -2.17 -2.17 -1.51 -1.51 -1.51 -1.51 -1.51 -1.62 -1.62 -1.62 -0.58400026 -0.584 -0.584 -0.584 -0.96 -0.96 -0.96 -0.96 -0.96 -0.96002605 -0.35990423 -0.36 -0.36 -0.36 -0.35996153 -0.10268305 -0.22387438 -0.224 -0.224 -0.224 -0.574 -0.574 -0.574 -0.574 -0.574 -0.038 -0.038 -0.038 -0.038 0.055523908 0.162 0.52787194 0.532 0.47 0.47
-2.506 -2.506 -1.9840661 -1.984 -1.984 -1.984 -2.0312432 -2.17 -2.17 -2.17 -1.51 -1.51 -1.51 -1.51 -1.51 -1.6199149 -1.62 -0.58430375 -0.584 -0.584 -0.584 -0.584 -0.82070836 -0.96 -0.96 -0.96 -0.96 -0.9593995 -0.112 -0.112 -0.112 -0.112 -0.112 -0.01 -0.01 -0.01 -0.01 -0.01 -0.472 -0.472 -0.472 -0.472 -0.472 -0.038561583 -0.038000118 -0.038000001 -0.038038987 -0.042609056 0.532 0.532 0.532 0.47000035 0.47
-2.5059999 -2.4628578 -1.9840001 -1.984 -1.984 -1.984 -1.984 -2.1699208 -2.17 -2.17 -1.51 -1.51 -1.51 -1.51 -1.4630661 -1.462 -1.462 -0.5840226 -0.584 -0.584 -0.584 -0.584 -0.58400023 -0.96 -0.96 -0.96 -0.96 -0.30799984 -0.30799991 -0.26628644 -0.112 -0.112 -0.112 -0.009999998 -0.01 -0.01 -0.01 -0.0098049423 -0.472 -0.472 -0.472 -0.472 -0.47196307 -0.268 -0.268 -0.268 -0.268 -0.26793548 0.532 0.532 0.532 0.53200011 0.70843596
-2.462 -2.462 -2.3357376 -1.984 -1.984 -1.984 -1.984 -1.984 -2.1699203 -2.022 -2.022 -2.022 -2.0207849 -1.4620001 -1.462 -1.462 -1.462 -1.462 -0.5840099 -0.66872488 -1.41 -1.41 -1.41 -1.2970793 -0.98897317 -1.1440031 -1.2742386 -0.308 -0.308 -0.308 -0.308 -0.308 -0.3013067 0.2710639 0.278 0.278 0.278 0.278 -0.38145439 0.0099991341 0.01 0.01 0.01 0.051999062 -0.26799992 -0.268 -0.268 0.568 0.53200058 0.532 0.532 0.712 0.712
-2.462 -2.462 -2.206 -2.206 -2.206 -1.9840739 -1.984 -1.984 -2.022 -2.022 -2.022 -2.022 -2.022 -1.462 -1.462 -1.462 -1.462 -1.462 -1.41 -1.41 -1.41 -1.41 -1.41 -1.322 -1.322 -1.322 -1.322 -0.308 -0.308 -0.308 -0.308 -0.308 -0.34 -0.34 0.278 0.278 0.278 0.32999114 0.33 0.01 0.01 0.01 0.010000084 0.052 0.052 0.052 0.568 0.568 0.568 0.668 0.668 0.712 0.712
-2.462 -2.462 -2.206 -2.206 -2.206 -2.206 -2.206 -2.202 -2.0221695 -2.022 -2.022 -2.022 -2.022 -1.4689855 -1.462 -1.462 -1.462 -1.462 -1.41 -1.41 -1.41 -1.41 -1.41 -1.322 -1.322 -1.322 -1.322 -1.3219959 -0.308 -0.308 -0.308 -0.33999832 -0.34 -0.34 -0.34 0.278 0.33 0.33 0.33 0.3215802 0.48039873 0.568 0.568 0.052 0.052 0.052 0.568 0.568 0.568 0.668 0.668 0.668 0.47107945
-2.57 -2.5699992 -2.206 -2.206 -2.206 -2.206 -2.202 -2.202 -2.202 -2.022 -2.022 -2.022 -2.022 -2.0218259 -1.462 -1.462 -1.462 -1.462 -1.410001 -1.41 -1.41 -1.41 -1.3375064 -1.322 -1.322 -1.322 -1.322 -1.374 -1.374 -1.374 -0.31944224 -0.34 -0.34 -0.34 -0.33999958 0.10399999 0.33 0.33 0.33 0.33 0.568 0.568 0.568 1.32 1.32 1.32 0.98395949 0.568 0.568 0.668 0.668 0.668 0.44599907
-2.57 -2.57 -2.206 -2.206 -2.206 -2.202 -2.202 -2.202 -2.202 -2.0417392 -2.022 -2.022 -2.022 -2.0219976 -1.5079947 -1.508 -1.508 -1.508 -1.0751982 -1.556 -1.556 -1.556 -1.556 -1.322 -1.322 -1.322 -1.3220034 -1.374 -1.374 -1.374 -1.374 -0.33999327 -0.090262844 0.104 0.104 0.104 0.3301411 0.36799921 0.368 0.368 0.56819112 0.81199999 0.812 1.32 1.32 1.3199986 0.984 0.984 0.716 0.716 0.716 0.37 0.112
