interpolatedSpi/07-12|19_3.tif
NCOLS 53
NROWS 52
XLLCORNER -116.03883
YLLCORNER 28.596182
DX 0.49850594
DY 0.49788537
NODATA_VALUE -9999
[rows 0 to 28 of 52, columns 0 to 52 of 53]
0.83666667 0.83666667 0.50018945 0.185 0.565 0.51166667 0.64333333 0.70666667 0.22539717 -0.17666667 -0.23 0.55166667 0.096631121 -0.335 -0.06 -0.06 -0.06 -0.013333333 0.30833333 0.30833333 0.30833333 0.30832826 -0.21833333 0.056666667 0.056666667 0.056666667 -0.59000163 -0.59 -0.59 0.043333333 0.043333333 0.043333333 0.043333333 0.38333327 0.38333333 0.38333333 0.38333333 0.38333333 0.38333333 0.38333333 0.36024901 0.36007809 0.66666667 0.66666667 0.66666667 0.66666667 0.66511499 -0.28333333 -0.28333333 -0.28333333 1.2783301 1.2783333 1.2783333
0.83667311 0.98166667 0.55000058 0.53289246 0.7981313 0.47333333 0.775 0.10886761 0.33166667 0.29333333 0.74833333 0.096666667 0.096666667 0.38426029 -0.33498885 -0.06 -0.013333333 -0.013333333 0.30791392 0.30833333 0.30833333 0.30833333 0.032541333 0.056666667 0.056666667 0.056666667 0.078333332 0.078333333 0.043333333 0.043333333 0.043333333 0.043333333 0.043333333 0.38333328 0.38333333 0.38333333 0.38333333 0.38333333 0.38333336 0.45191765 0.79997589 0.68284551 0.66666667 0.66666667 0.66666667 0.66666667 0.66666667 -0.28333333 -0.28333333 -0.28333333 -0.15383844 1.2783333 1.2783333
0.6716746 0.67166667 1.0533333 1.0183333 0.54333333 0.785 0.89 0.94 0.40166667 0.25666667 0.38 0.38333333 0.49166667 -0.14166667 0.38666667 -0.58 -0.013333333 -0.013333333 -0.013333333 0.041744187 0.041666667 0.041666667 -0.40166667 0.056666667 0.056666667 0.056666667 0.078333333 0.078333333 0.078333333 0.043333333 0.043333333 0.043333319 -0.10188902 0.3834139 0.3862498 0.69379545 0.69666667 0.69666667 0.70966328 0.8 0.8 0.7998295 0.66666667 0.66666667 0.66666667 0.66666667 0.66666667 -0.28333333 -0.28333333 -0.28333333 -0.28333333 1.2783333 1.2783333
0.86666667 0.67166644 -0.43664318 0.78833333 -0.041666667 0.82666667 0.42333333 0.305 -0.095 -0.083599656 -0.05 -0.35833333 0.50166667 -0.14166667 0.19166667 -0.58 -0.11524986 -0.11159777 0.028333333 0.041666667 0.041666667 -0.32333333 -0.40166667 -0.40166667 0.056666667 0.056666775 0.078333333 0.078333333 0.078333333 -0.91166667 -0.55319722 -0.25833333 -0.25833333 -0.25833258 0.69666667 0.69666667 0.69666667 0.69666667 0.8 0.8 0.8 0.79999999 0.66666667 0.66666667 0.66666667 0.66666667 0.66666667 -0.28332135 -0.28333333 -0.28333333 -0.28333333 1.2782778 1.2783333
0.86666667 0.87166427 -0.43666667 -0.49450262 -0.041666667 0.05 0.06832946 0.15666667 0.19333333 0.17999976 0.0056111621 -0.076631812 0.16666667 0.19166667 0.19166667 -0.31729598 -0.11166667 -0.11166667 0.028333333 0.028333333 0.041665958 -0.32333333 -0.046666667 0.10166667 0.26 0.26014067 0.078333333 0.078333333 -0.91166667 -0.91166667 -0.25833333 -0.25833333 -0.25833333 -0.16373256 0.69666667 0.69666667 0.69666667 0.8 0.8 0.8 0.8 0.7999889 0.66666667 0.66666667 0.66666667 0.66666667 0.66666667 0.65821049 -0.28333333 -0.28333961 -0.42333333 -0.42333333 -0.42333333
-1.0966667 0.88333333 0.36000004 -0.29833333 0.16 0.42833333 -0.29 -0.23281387 -0.16166667 -0.12333333 0.068333333 -0.083333333 -0.083333168 -0.125 -0.125 0.32676324 0.32666667 0.13833333 0.13833333 0.028333818 -0.13166667 -0.13166667 0.10166667 0.26 0.26 0.86166667 -0.835 -0.835 -0.16673409 -0.91166667 -0.25833333 -0.25833333 0.24333333 0.24327256 -0.33829161 -0.22 -0.22 0.48443972 0.8 0.8 0.68514343 0.685 0.68500162 0.52095182 0.51834973 0.51833337 0.51833334 0.5183334 0.87462473 -0.42333333 -0.42333333 -0.42333333 -0.42333333
-0.083337219 0.79333333 0.69142295 0.80833333 1.05 -0.25833333 0.28166667 0.27333333 -0.455 -0.455 0.068333333 0.2 0.10333334 -0.125 0.72666412 0.72666667 0.32666667 0.64333333 0.57833333 0.57833333 0.0010729441 0.15 0.15 1.0033333 0.86166667 0.86166667 -0.835 -0.835 -0.16665666 -0.16648248 0.32567282 0.24333333 0.24333333 -0.33833333 -0.33833333 0.2801611 -0.22 -0.22 0.13165448 0.68499923 0.685 0.685 0.68501004 0.5183374 0.51833333 0.51833333 0.51833333 0.5183337 1.1366667 -0.42302418 -0.42333333 -0.42333333 -0.42333333
-0.083333333 -0.076666667 1.185 0.23166667 0.56498089 -0.038333333 -0.36166667 -0.17166666 -0.38166667 0.005 0.005 0.10833333 0.10333333 0.10333333 0.72239002 0.6264834 0.61666667 0.615 0.2900003 0.57833333 0.51768739 0.5 0.5 0.32833333 0.3283351 0.465 0.59833333 0.59833283 0.004398456 0.0050000058 0.32666667 0.35969512 0.12 -0.33833333 -0.29555154 0.69833333 0.69833333 0.13166666 0.13166667 0.685 0.685 0.68500001 1.2497252 1.2483333 0.51833333 0.51833333 0.51833333 1.1366431 1.1366667 1.1366667 -0.42333333 -0.42333333 -0.42333333
-0.046829277 -0.076666658 0.95166667 1.2033333 1.0316667 0.19 0.14 0.46833333 -0.49833333 0.035949866 -0.2 -0.053333334 -0.053333333 -0.02 -0.019995471 0.49367707 0.49333333 0.49333333 0.56538825 0.67000001 0.70833333 0.70833333 0.85 0.63792924 0.45122761 0.465 0.50666667 0.59833333 0.67455449 0.675 0.42666667 1.2116667 1.210823 1.3216667 1.1616667 0.945 0.75666667 0.48666667 0.89147965 0.68799817 1.3566667 1.55 1.2483472 1.2483333 1.2442245 0.51833333 1.21 1.1366667 1.1366667 1.1366667 1.1366667 -0.32144475 0.053333333
0.12 0.12 0.54 0.85166667 0.265 -0.016666667 0.046666667 0.29666667 0.175 0.17163867 0.015 0.07 -0.02 -0.02 0.46166667 0.46210099 0.49333333 0.4932672 0.13666667 0.67 0.67 0.67493865 0.85 0.42167478 0.42166667 0.42166667 0.50666667 1.1 1.1 0.675 0.675 1.2116635 1.21 1.3216667 1.39 0.945 0.75666667 0.62833333 0.89166667 1.4917805 1.55 1.4704098 1.3333333 1.2483333 1.2483333 1.21 1.21 1.21 1.1366667 1.1366667 0.395 0.395 0.39499987
0.12 0.12 -0.011666667 -0.52 -0.65333333 0.41 -0.094999996 0.28641047 0.08 0.30666667 0.3 0.033333333 0.069951053 0.46166667 0.46166667 0.4617055 0.79833333 0.76360596 0.13666667 1.2816667 1.2816667 1.6183333 1.6183333 0.42166667 0.42166667 0.42166667 1.1 1.1 1.1 1.1333333 1.1333333 1.1333335 1.3583333 1.3583333 0.765 0.90166667 1.1816667 0.68166565 1.6066667 1.5016667 1.5016667 1.5899992 1.3333333 1.2483333 1.3583333 1.2916667 1.3095693 1.31 1.4133333 1.4133333 0.395 0.395 0.395
0.12 0.062982636 -0.22859063 -0.49998436 0.086666667 -0.03 -0.095 0.28666667 0.080001726 0.30415547 0.033333689 0.033333333 0.71333333 0.46166667 0.46166667 0.79833332 0.79833333 0.79829568 0.13666667 1.2816667 1.3477812 1.6183333 1.6183333 0.42171468 0.42166667 0.76627434 1.47 1.47 1.47 1.1333333 1.1333333 1.0333333 1.0333333 1.3583317 0.765 1.1849999 1.0822473 0.68166667 0.68166667 1.5016667 1.59 1.59 1.5899983 1.3583333 1.3583333 1.2916667 1.31 1.31 1.4133333 1.4133333 0.395 0.395 0.395
-0.58166667 -0.10280293 -0.10334825 -0.10619813 0.086665781 -0.029997245 -0.094999998 0.28196857 0.094241447 0.085918871 0.71333333 0.71333333 0.71333333 0.71333333 0.46170232 0.79833333 0.79833333 0.78979016 0.13666667 1.2817067 1.445 1.445 1.445 1.445 0.43986117 1.47 1.47 1.47 1.47 1.4697677 1.0333333 1.0333333 1.0333333 1.0333333 1.185 1.185 1.185 0.70579579 0.68706174 1.4 1.4 1.5899898 0.97834634 1.3582967 1.3583333 1.2916667 1.31 1.31 1.4133333 1.4133333 0.3986944 0.395 -0.16052543
-0.58166667 -0.10333333 -0.10333333 -0.10333333 -0.10333333 -0.1033333 -0.094833562 0.085563653 0.13223633 0.71265694 0.71333333 0.71333333 0.71333333 0.71333333 0.71333338 0.79833333 0.79833323 0.75294752 0.13668012 1.445 1.445 1.445 1.445 1.445 1.4466213 1.398451 1.34 1.34 1.34 1.34 1.0333333 1.0333333 1.033334 1.57 1.57 1.185 1.6176253 1.63 1.4000001 1.4 1.4 1.4 0.97833333 0.97833333 0.97833333 0.98051385 0.39101457 0.385 0.385 0.385 0.38500002 1.1633332 1.1633333
-0.35 -0.10333333 -0.10333333 -0.10333333 -0.10333333 -0.10333333 -0.10333333 0.013056298 0.78134718 0.785 0.785 0.785 0.785 0.785 0.785 1.100151 0.80316759 0.70772919 1.4448357 1.445 1.445 1.445 1.445 1.4450002 1.52 1.52 1.5199997 1.34 1.34 1.3405106 1.595 1.595 1.57 1.57 1.57 1.6203886 1.63 1.63 1.63 1.4 1.4 1.4 0.97833333 0.97833333 0.97833333 0.97833333 0.38500001 0.385 0.385 0.385 0.385 1.1633333 1.1633333
-0.35 -0.2581688 -0.10333333 -0.10333333 -0.10333333 -0.10333333 0.059967943 0.06 0.060000018 0.785 0.785 0.785 0.785 0.785 0.85596192 1.1066667 1.1066667 1.1066667 1.6526981 1.6533331 1.6533333 1.6533333 1.6533333 1.6533333 1.52 1.52 1.52 1.52 1.34 1.595 1.595 1.595 1.57 1.57 1.57 1.5183333 1.6298521 1.63 1.63 1.3999744 1.3486424 1.2288464 0.97833333 0.97833333 1.1660855 1.1666667 1.1666667 0.38578642 0.86000093 0.86166663 0.86166658 0.91337116 1.1633328
-0.35 -0.5348971 -0.32430677 -0.10333333 -0.10333333 0.059903495 0.06 0.06 0.06 0.065224558 0.785 0.785 0.785 0.78500004 1.1066667 1.1066667 1.1066667 1.1066667 1.652845 1.6533333 1.6533333 1.6533333 1.6533333 1.6533333 1.52 1.52 1.52 1.52 1.5202728 1.595 1.595 1.595 1.9683333 1.5700044 1.5183333 1.5183333 1.5183333 1.5198989 1.2537749 1.2283333 1.2283333 1.2283333 1.1116667 1.1116667 1.1666667 1.1666667 1.1666667 0.86166667 0.86166667 0.86166667 0.86166667 0.91333333 0.91333333
-0.53986283 -0.54 -0.54 -0.54 -0.205 0.059993164 0.06 0.06 0.06 0.06 0.74613619 0.78499331 0.78499999 1.1066667 1.1066667 1.1066667 1.1066667 1.1066667 1.1539414 1.6533333 1.6533333 1.6533333 1.6533333 1.6533333 1.6469081 1.7383322 1.7383333 1.7383333 1.7383333 1.595 1.9683333 1.9683333 1.9683333 1.9683333 1.5183333 1.5183371 1.66 1.66 1.2337233 1.2283333 1.2283333 1.2283333 1.1116667 1.1116667 1.1581508 1.1666667 1.1666667 0.86166667 0.86166667 0.86166667 0.86222067 0.91333333 0.91333333
-0.54 -0.54 -0.54 -0.3822435 -0.205 -0.205 0.06 0.06 0.06 0.06 0.27166667 0.27166667 0.27166667 1.1066667 1.1066667 1.1066667 1.1066667 1.1066625 1.1766667 1.1766667 1.6533331 1.6533333 1.64676 1.3833333 1.3865292 1.7383333 1.7383333 1.7383333 1.7383333 1.9683099 1.9683333 1.9683333 1.9683333 1.9683333 1.6599995 1.66 1.66 1.66 1.6584936 1.2283333 1.2283333 1.2283333 1.1116667 1.1116667 1.1116667 1.1666667 1.1666667 0.86166668 0.86166667 0.86166667 0.91333333 0.91333333 0.91333333
-0.54 -0.54 -0.54 -0.205 -0.205 -0.205 -0.2049996 0.06 0.06 0.27144817 0.27166667 0.27166667 0.27166667 0.27218691 1.0864311 1.0816667 1.0816667 1.0816667 1.1766667 1.1766667 1.1766667 1.3833333 1.3833333 1.3833333 1.3833585 1.5993344 1.7383333 1.7383333 1.7383333 1.9819733 1.9916644 1.9916667 1.9916667 1.9916667 1.7455588 1.8649995 1.865 1.865 1.865 1.2033368 1.2033333 1.2033333 1.1116667 1.1116667 1.2149996 1.2150001 1.4733333 1.4733333 1.3466667 1.3466667 1.3466667 0.91333333 1.2913284
-0.53999973 -0.54 -0.53999999 -0.205 -0.205 -0.205 -0.205 -0.14666661 0.059173666 0.27138708 0.27166667 0.27166667 0.27166667 0.27325611 1.0816667 1.0816667 1.0816667 1.0816667 1.1766667 1.1766667 1.1766667 1.3833333 1.3833333 1.3833333 1.4733333 1.4733333 1.5266667 1.5266667 1.5266667 1.5292034 1.9916667 1.9916667 1.9916667 1.9916667 1.9283681 1.865 1.865 1.865 1.865 1.2033333 1.2033333 1.2033333 1.2037004 1.215 1.215 1.215 1.4733333 1.4733333 1.3466667 1.3466667 1.3466667 1.2916667 1.2916667
-0.45166667 -0.48098331 -0.27666667 -0.27664587 -0.205 -0.14700418 -0.14666667 -0.14666667 -0.067717964 -0.036666664 -0.036666667 -0.036666667 -0.036666667 0.36665354 0.36666667 1.0816661 1.0816667 1.0841698 1.1766667 1.1766667 1.1766667 1.1233333 1.1233333 1.1233333 1.4733333 1.4733333 1.5266667 1.5266667 1.5266667 1.526667 2.038333 2.0383332 1.9928396 1.9917167 1.6087726 1.6083333 1.6083333 1.6083333 1.6083333 1.2033333 1.2033333 1.2033333 1.2143574 1.215 1.215 1.2149999 1.4733333 1.4733333 1.4733288 1.3466667 1.3466727 1.4816667 1.2916667
0.016577729 0.016666616 -0.27666667 -0.27666667 -0.27666667 -0.14666667 -0.14666667 -0.14666667 0.07 0.07 -0.036666667 -0.036666667 -0.036666667 0.36666667 0.36666667 0.36666667 0.36666667 0.36675928 1.1766667 1.1766667 1.1766667 1.1233333 1.1233333 1.1233333 1.4733333 1.4733333 1.5266667 1.5266667 1.5266667 2.0325643 2.0383333 2.0383333 2.0383333 2.0383333 1.6085455 1.6083333 1.6083333 1.6083333 1.6083333 0.88666675 0.88666667 0.88666667 0.88666667 1.2149957 0.65833333 0.65833333 0.65833333 1.0833333 1.0833333 1.0833333 1.4816667 1.4816667 1.4816667
0.016666667 0.016666667 -0.27666667 -0.27666667 -0.27666667 -0.14734997 -0.14666667 0.07 0.07 0.07 -0.036653536 -0.036666667 -0.21779598 0.36666652 0.36666667 0.36666667 0.36666667 -0.21833333 -0.21833333 -0.21833333 0.24333335 0.24333399 1.123329 1.1233333 1.1232725 0.855 0.855 0.8550016 1.5265581 1.5700933 1.5700025 1.5700818 2.0375329 2.0379292 1.6846124 1.6083329 1.60458 0.48833333 0.48833333 0.88666667 0.88666667 0.88666667 0.88666667 0.65833333 0.65833333 0.65833333 0.65833333 1.0833333 1.0833333 1.0833333 1.4816667 1.4816667 1.4816667
0.016666667 0.016666667 -0.27666667 -0.27666667 -0.27666667 -0.27666667 -0.065574662 0.07 0.07 0.07 0.069818634 -0.25833333 -0.25833333 -0.25833333 0.3629834 0.36666667 -0.21443504 -0.21833333 -0.21833333 -0.21833333 0.24333333 0.24333333 0.24333333 0.24333333 0.855 0.855 0.855 0.855 0.855 1.57 1.57 1.57 1.57 1.5699994 1.2666667 0.48833333 0.48833333 0.48833333 0.48833333 0.48833431 0.73333333 0.73333333 0.73333333 0.73116347 0.72666667 0.72666667 0.72666667 1.0833333 1.0833328 0.57833333 0.57833333 1.0451062 1.045
0.016666667 0.016666667 -0.17079393 -0.27666667 -0.27666667 -0.27666667 -0.24277732 0.069012546 0.07 0.07 -0.25833334 -0.25833333 -0.25833333 -0.25833333 -0.25833333 -0.20709815 -0.21833333 -0.21833333 -0.21833333 -0.21833333 0.24332976 0.24333333 0.24333333 0.24333333 0.855 0.855 0.855 0.855 0.855 0.8679914 1.57 1.57 1.57 1.2666667 1.2666667 1.2660623 0.48833333 0.48833333 0.75565313 0.96333329 0.73333333 0.73333333 0.73333333 0.73067254 0.72666667 0.72666667 0.72666667 0.325 0.57517682 0.57833333 0.57833333 1.045 1.045
-0.091666667 -0.091666667 -0.091666667 -0.23028208 -0.27640537 -0.24333333 -0.24333333 -0.24333333 -0.24333333 -0.26833333 -0.26833333 -0.25833333 -0.25833333 -0.25833333 -0.25833333 -0.25833083 -0.21833333 -0.21833333 -0.21833333 -0.21833333 0.041876976 0.24333333 0.24333333 0.23713967 0.044441989 0.855 0.855 0.855 0.62 0.62 0.62 0.62000399 1.2666667 1.2666667 1.2666667 1.2666667 0.96333333 0.96333333 0.96333333 0.96333333 0.67666667 0.67666667 0.67666667 0.58000194 0.58 0.58 0.58000005 0.325 0.325 0.57802466 0.57833333 1.0449979 1.045
-0.091666667 -0.091666667 -0.091666667 -0.091666936 -0.096666667 -0.11799441 -0.24333333 -0.24333333 -0.24333333 -0.26833333 -0.26833333 -0.26833333 -0.93499997 -0.935 -0.935 -0.93499999 -0.21967362 -0.21833333 -0.21833333 -0.21833333 -0.21134575 0.0066673164 0.0066666667 0.0066666667 0.0066666667 0.0066666731 -0.063333326 -0.063333333 0.62 0.62 0.62 0.62 1.2666664 1.2666667 1.2666667 1.2666322 0.96333334 0.96333333 0.96333333 0.96364772 0.67666667 0.67666667 0.67666667 0.58000448 0.58 0.58 0.58 0.325 0.325 0.32500004 0.625 0.625 0.62
-0.091666667 -0.091666667 -0.091666667 -0.096666655 -0.096666667 -0.096666667 -0.24333328 -0.24333333 -0.24333333 -0.26833333 -0.26833333 -0.26833333 -0.935 -0.935 -0.935 -0.93614239 -0.95 -0.95 -0.94999811 -0.22246598 0.0066666665 0.0066666667 0.0066666667 0.0066666667 0.0066666667 0.006613988 -0.063333333 -0.063333333 -0.063333332 0.62 0.62 0.61994529 0.84333333 0.84333333 0.84333333 0.745 0.745 1.035 1.035 1.035 0.77833333 0.67669856 0.67666687 0.70333333 0.70333333 0.69865914 0.57999989 0.325 0.325 0.625 0.625 0.625 0.62
