interpolatedSpi/07-11|22_3.tif
NCOLS 53
NROWS 52
XLLCORNER -116.03883
YLLCORNER 28.596182
DX 0.49850594
DY 0.49788537
NODATA_VALUE -9999
[rows 0 to 40 of 52, columns 0 to 52 of 53]
-0.89 -0.89 -1.2270034 -1.536 -1.238 -0.918 -1.27 -1.36 -1.3611104 -0.878 -1.37 -0.816 -1.1119876 -0.962 -1.01 -1.01 -1.01 -0.068 -0.142 -0.142 -0.142 -0.14200493 -0.65399999 -0.066 -0.066 -0.066 -0.75799845 -0.758 -0.758 -0.902 -0.902 -0.902 -0.902 -0.50600008 -0.506 -0.506 -0.506 -0.506 -0.506 -0.50599996 0.79399761 0.8075987 -0.768 -0.768 -0.768 -0.768 -0.76735646 -0.374 -0.374 -0.374 -0.57599958 -0.576 -0.576
-0.89001466 -1.22 -1.218 -1.1602621 -0.91638791 -1.284 -1.426 -0.89856075 -1.044 -1.214 -1.026 -1.112 -1.112 -0.35802069 -0.9619931 -1.01 -0.068 -0.068 -0.14190351 -0.142 -0.142 -0.142 -0.091686901 -0.066 -0.066 -0.066 -0.94999994 -0.95 -0.902 -0.902 -0.902 -0.902 -0.902 -0.50600006 -0.506 -0.506 -0.506 -0.506 -0.50599996 -0.35571449 0.41594096 -0.62433121 -0.768 -0.768 -0.768 -0.768 -0.768 -0.374 -0.374 -0.374 -0.39075003 -0.576 -0.576
-0.94396629 -0.944 -1.208 -0.77 -0.98 -0.988 -0.87 -0.732 -1.5 -0.684 -1.092 -1.112 -1.306 0.102 -0.356 -0.586 -0.068 -0.068 -0.068 -4.1279823e-05 3.469447e-18 -1.1995728e-14 -0.554 -0.066 -0.066 -0.066 -0.95 -0.95 -0.95 -0.902 -0.902 -0.902 -0.921256 -0.50516653 -0.50039667 0.090483591 0.096 0.096 0.13624757 0.416 0.416 0.41448596 -0.768 -0.768 -0.768 -0.768 -0.768 -0.374 -0.374 -0.374 -0.374 -0.576 -0.576
-0.75 -0.94399991 -0.47808088 -0.092 -1.096 -0.552 -0.95 -1.212 -0.774 -0.59669512 -0.658 -0.238 -0.36 0.102 -0.476 -0.586 -0.93927626 -0.94138763 -1.632 -4.8670078e-11 3.469447e-18 -0.942 -0.554 -0.554 -0.066 -0.066004415 -0.95 -0.95 -0.95 -1.304 -1.1053787 -0.942 -0.942 -0.94199918 0.096 0.096 0.096 0.096 0.416 0.416 0.416 0.41599996 -0.768 -0.768 -0.768 -0.768 -0.768 -0.37400497 -0.374 -0.374 -0.374 -0.57599386 -0.576
-0.75 -0.046000792 -0.478 -0.3202009 -1.096 -1.118 -0.89399884 0.146 -0.754 0.33599959 0.010630531 -0.14202149 -0.292 -0.476 -0.476 -0.55519403 -0.942 -0.942 -1.632 -1.632 -1.943739e-06 -0.942 0.77 -0.246 -0.734 -0.73372082 -0.95 -0.95 -1.304 -1.304 -0.942 -0.942 -0.942 -0.81829578 0.096 0.096 0.096 0.416 0.416 0.416 0.416 0.41592722 -0.76799999 -0.768 -0.768 -0.768 -0.768 -0.76449291 -0.374 -0.37400063 -0.388 -0.388 -0.388
-2.126 -0.64 -0.47400002 -0.666 -0.63 -0.766 -0.934 -0.79572907 -0.258 -0.944 -1.322 -0.312 -0.31199999 -0.46 -0.46 -0.75396523 -0.754 -0.97 -0.97 -1.6319989 -1.552 -1.552 -0.246 -0.734 -0.734 0.46 -0.24 -0.24 -0.24209712 -1.304 -0.942 -0.942 -0.286 -0.28591537 0.52394202 0.616 0.616 0.47787457 0.416 0.416 -0.3370596 -0.338 -0.33799653 -0.74049428 -0.74000309 -0.74000001 -0.74 -0.74000001 -0.41106392 -0.388 -0.388 -0.388 -0.388
-2.0599994 -0.34 0.0076441388 -0.15 -0.51 -0.952 -0.326 -0.026 -0.036 -0.036 -1.322 -0.472 -1.2239998 -0.46 -0.60999955 -0.61 -0.754 -0.558 -0.362 -0.362 -1.297517 -1.012 -1.012 0.19399999 0.46 0.46 -0.24 -0.24 -0.24202984 -0.24254933 0.0056501213 -0.286 -0.286 0.524 0.524 0.67264256 0.616 0.616 0.29801102 -0.33799911 -0.338 -0.338 -0.33798095 -0.73999672 -0.74 -0.74 -0.74 -0.73999981 -0.416 -0.38800555 -0.388 -0.388 -0.388
-2.06 -0.366 0.238 -0.642 -0.24402282 -0.464 -0.23 0.38599999 -0.208 0.04 0.04 -0.66 -1.224 -1.224 -0.61421261 -0.9888749 -1.026 -0.304 -0.80999954 -0.362 -0.061637002 1.110223e-17 -0.61 0.152 0.15199505 -0.232 -0.37 -0.36999995 -0.75220588 -0.75399998 0.008 -0.19414351 0.242 0.524 0.52245986 0.72 0.72 0.298 0.298 -0.338 -0.338 -0.33799997 -0.14916085 -0.15200003 -0.74 -0.74 -0.74 -0.41601233 -0.416 -0.416 -0.388 -0.388 -0.388
-0.51012976 -0.366 0.068 0.168 0.056 0.008 0.202 0.802 0.206 -0.001333779 -0.42 -0.80199999 -0.802 0.074 0.073993719 -1.4946901 -1.496 -1.496 -0.38124168 -0.43600006 -0.726 -0.72599999 0.084 -0.33650601 -0.19330294 -0.232 -0.238 -0.37 -0.36801162 -0.368 -0.316 0.842 0.23560054 -0.06 0.47 0.596 0.762 -0.012 1.033517 -0.33154538 1.108 0.324 -0.15188767 -0.152 -0.15530958 -0.74 0.12799995 -0.416 -0.416 -0.416 -0.416 -0.43083056 -0.608
-1.316 -1.316 0.248 0.348 0.138 0.77 0.436 0.442 0.08 -0.053977276 0.112 0.38 0.074 0.074 -0.594 -0.60637134 -1.496 -1.4957148 -0.216 -0.436 -0.436 -0.47336174 0.084 -0.28999292 -0.29 -0.29 -0.238 0.434 0.434 -0.368 -0.368 0.83971648 -0.362 -0.06 0.044 0.596 0.762 0.94 1.034 0.11907244 0.32400003 0.40261063 0.538 -0.152 -0.152 0.128 0.128 0.128 -0.416 -0.416 -0.732 -0.732 -0.73199995
-1.316 -1.316 -0.428 -0.628 -0.224 0.156 0.156 0.3421828 0.722 0.468 -0.028 -0.068 0.37940313 -0.594 -0.594 -0.59398754 -0.486 -0.47182913 -0.216 -0.566 -0.566 -0.644 -0.644 -0.29 -0.29 -0.29 0.434 0.434 0.434 -0.97 -0.97 -0.969999 -0.316 -0.316 -0.256 -0.842 0.538 0.43200153 0.422 0.104 0.104 -0.20799755 0.538 -0.152 -0.088000422 -0.638 0.10012059 0.1 0.082 0.082 -0.732 -0.732 -0.732
-1.316 -0.93257676 -0.51334713 -0.59399309 0.268 0.34 0.156 0.342 0.72199683 0.47081401 -0.067999302 -0.068 -0.06 -0.594 -0.594 -0.486 -0.486 -0.48598463 -0.216 -0.566 -0.58131761 -0.644 -0.644 -0.29001383 -0.29 -0.29657439 -0.31 -0.31 -0.30999991 -0.97 -0.97 -0.764 -0.764 -0.31599984 -0.256 -0.40399991 0.54986547 0.432 0.432 0.10399999 -0.208 -0.208 -0.20799902 -0.088 -0.088 -0.638 0.1 0.1 0.082 0.082 -0.732 -0.732 -0.732
-0.12 -0.13579537 -0.10801912 -0.11150947 0.26800013 0.3399983 0.15600001 0.33971046 0.69581411 0.71536738 -0.06 -0.06 -0.06 -0.06 -0.59392436 -0.486 -0.486 -0.48251387 -0.216 -0.56589191 -0.2 -0.2 -0.2 -0.2 -0.28849475 -0.31 -0.31 -0.31 -0.31 -0.31046907 -0.764 -0.764 -0.764 -0.764 -0.404 -0.404 -0.404 0.39190076 0.42324271 -0.734 -0.734 -0.20802829 -0.55798391 -0.088045269 -0.088 -0.638 0.1 0.1 0.082 0.082 -0.7290469 -0.732 -0.36537926
-0.12 -0.108 -0.108 -0.108 -0.108 -0.10799981 0.15647099 0.2440576 0.62595256 -0.059164105 -0.06 -0.06 -0.06 -0.06 -0.059999628 -0.486 -0.48599996 -0.46747984 -0.21600371 -0.2 -0.2 -0.2 -0.2 -0.2 -0.2040212 -0.49573074 -0.61399994 -0.614 -0.614 -0.614 -0.764 -0.764 -0.76400052 -1.194 -1.194 -0.404 -0.98731503 -1.004 -0.73400016 -0.734 -0.734 -0.734 -0.558 -0.558 -0.558 -0.55855673 0.1038207 0.104 0.104 0.104 0.104 0.40999976 0.41
0.386 -0.108 -0.108 -0.108 -0.108 -0.108 -0.10799998 0.071151271 0.46435297 0.464 0.464 0.464 0.464 0.464 0.46399999 0.075908665 -0.47718428 -0.44902785 -0.2000021 -0.2 -0.2 -0.2 -0.2 -0.19999975 -0.386 -0.386 -0.38600032 -0.614 -0.614 -0.61415619 -0.692 -0.692 -1.194 -1.194 -1.194 -1.0344359 -1.004 -1.004 -1.004 -0.734 -0.734 -0.734 -0.558 -0.558 -0.558 -0.558 0.10399999 0.104 0.104 0.104 0.104 0.41 0.41
0.386 0.20208941 -0.108 -0.108 -0.108 -0.108 -0.25197174 -0.252 -0.25199998 0.464 0.464 0.464 0.464 0.464 0.37663963 0.068 0.068 0.068 0.013348483 0.013999782 0.014 0.014 0.014 0.014 -0.386 -0.386 -0.386 -0.386 -0.614 -0.692 -0.692 -0.692 -1.194 -1.194 -1.194 -0.926 -1.0038967 -1.004 -1.004 -0.73405613 -0.84588984 -1.1068822 -0.558 -0.558 -0.76336427 -0.764 -0.764 0.10229176 -0.93037266 -0.93399991 -0.9339998 -0.7278278 0.40999769
0.386 -0.28546843 -0.20718502 -0.108 -0.108 -0.25191492 -0.252 -0.252 -0.252 -0.2468403 0.464 0.464 0.464 0.46399995 0.068 0.068 0.068 0.068 0.014048237 0.014 0.014 0.014 0.014 0.014 -0.38599999 -0.386 -0.386 -0.386 -0.38711303 -0.692 -0.692 -0.692 -0.48000001 -1.1939555 -0.926 -0.926 -0.926 -0.9252803 -1.1014083 -1.108 -1.108 -1.108 -1.146 -1.146 -0.764 -0.764 -0.764 -0.934 -0.934 -0.934 -0.934 -0.728 -0.728
-0.30351756 -0.304 -0.304 -0.304 -0.528 -0.25200712 -0.252 -0.252 -0.252 -0.252 0.47626445 0.46400211 0.464 0.068 0.068 0.068 0.068 0.068 0.057453844 0.014 0.014 0.014 0.014 0.014 -0.3913586 -0.73999808 -0.74 -0.74 -0.74 -0.69199999 -0.48 -0.48 -0.48 -0.48 -0.926 -0.92599826 -0.86 -0.86 -1.1049034 -1.108 -1.108 -1.108 -1.146 -1.146 -0.82314675 -0.764 -0.764 -0.934 -0.934 -0.934 -0.93179114 -0.728 -0.728
-0.304 -0.304 -0.304 -0.40948494 -0.528 -0.528 -0.252 -0.252 -0.252 -0.252 0.626 0.626 0.626 0.068 0.068 0.068 0.068 0.067999339 -0.032 -0.032 0.013999981 0.014 0.0069397208 -0.276 -0.28017719 -0.74 -0.74 -0.74 -0.74 -0.48002647 -0.48 -0.48 -0.48 -0.48 -0.86000023 -0.86 -0.86 -0.86 -0.86086546 -1.108 -1.108 -1.108 -1.146 -1.146 -1.146 -0.764 -0.764 -0.93399999 -0.934 -0.934 -0.728 -0.728 -0.728
-0.304 -0.304 -0.304 -0.528 -0.528 -0.528 -0.52799958 -0.252 -0.252 0.62509365 0.626 0.626 0.626 0.62565234 0.06476231 0.064 0.064 0.064 -0.032 -0.032 -0.032 -0.276 -0.276 -0.276 -0.27606723 -0.62250655 -0.74 -0.74 -0.74 -0.49737137 -0.49399862 -0.494 -0.494 -0.494 -0.81052089 -0.74200027 -0.742 -0.742 -0.742 -1.2399819 -1.24 -1.24 -1.146 -1.146 -0.95600079 -0.95599981 -0.42 -0.42 -0.592 -0.592 -0.592 -0.728 0.14721675
-0.30400014 -0.304 -0.30400001 -0.528 -0.528 -0.528 -0.528 -0.086000048 -0.25133627 0.62556475 0.626 0.626 0.626 0.6248972 0.064 0.064 0.064 0.063999972 -0.032 -0.032 -0.032 -0.276 -0.276 -0.276 -0.516 -0.516 -0.576 -0.576 -0.576 -0.57555266 -0.494 -0.494 -0.494 -0.494 -0.61793198 -0.742 -0.742 -0.742 -0.742 -1.24 -1.24 -1.24 -1.2310643 -0.956 -0.956 -0.956 -0.42 -0.42 -0.592 -0.592 -0.592 0.14799998 0.148
-0.35 -0.33088689 -0.428 -0.42802901 -0.528 -0.088557397 -0.086 -0.086 -0.040088293 0.146 0.146 0.146 0.146 0.23399714 0.234 0.06400013 0.064 0.061470541 -0.032 -0.032 -0.032 -0.626 -0.626 -0.626 -0.516 -0.516 -0.576 -0.576 -0.576 -0.57600022 -0.88199753 -0.88199891 -0.5037518 -0.49441596 -1.1632343 -1.164 -1.164 -1.164 -1.164 -1.24 -1.24 -1.24 -0.97163786 -0.956 -0.956 -0.95599996 -0.42 -0.42 -0.42000619 -0.592 -0.59197469 -0.026 0.148
-0.35199962 -0.35200001 -0.428 -0.428 -0.428 -0.086 -0.086 -0.086 0.04 0.04 0.146 0.146 0.146 0.234 0.234 0.234 0.234 0.23396983 -0.032 -0.032 -0.032000023 -0.626 -0.626 -0.626 -0.516 -0.516 -0.576 -0.576 -0.576 -0.87854983 -0.882 -0.882 -0.882 -0.882 -1.1638608 -1.164 -1.164 -1.164 -1.164 -1.14 -1.14 -1.14 -1.14 -0.9559984 -0.748 -0.748 -0.748 -0.198 -0.198 -0.198 -0.026 -0.026 -0.026
-0.352 -0.352 -0.428 -0.428 -0.428 -0.087797613 -0.086 0.04 0.04 0.04 0.14598695 0.146 0.043042285 0.23399995 0.234 0.234 0.234 -0.061999999 -0.062 -0.062 -0.814 -0.81399986 -0.62600092 -0.626 -0.62620981 -1.032 -1.032 -1.0319989 -0.57607369 -1.2559255 -1.255998 -1.2559347 -0.8826392 -0.88232276 -1.1140171 -1.1640001 -1.1647172 -1.378 -1.378 -1.14 -1.14 -1.14 -1.14 -0.748 -0.748 -0.748 -0.748 -0.198 -0.198 -0.198 -0.026 -0.026 -0.026
-0.352 -0.352 -0.428 -0.428 -0.428 -0.428 -0.038841881 0.04 0.04 0.04 0.039988953 0.02 0.02 0.02 0.23273885 0.234 -0.060027529 -0.062 -0.062 -0.062 -0.814 -0.814 -0.814 -0.814 -1.032 -1.032 -1.032 -1.032 -1.032 -1.256 -1.256 -1.256 -1.256 -1.2559996 -1.046 -1.378 -1.378 -1.378 -1.378 -1.3779991 -1.116 -1.116 -1.116 -1.0066607 -0.78 -0.78 -0.78 -0.19800002 -0.19800028 -0.49 -0.49 0.1379601 0.138
-0.352 -0.352 -0.40056934 -0.428 -0.428 -0.42799999 0.11586514 0.04023951 0.04 0.04 0.02000004 0.02 0.02 0.02 0.02 0.037528693 -0.062 -0.062 -0.062 -0.062 -0.81399418 -0.814 -0.814 -0.814 -1.032 -1.032 -1.032 -1.032 -1.032 -1.3343294 -1.256 -1.256 -1.256 -1.046 -1.046 -1.0462578 -1.378 -1.378 -1.36787 -1.36 -1.116 -1.116 -1.116 -1.0086262 -0.78 -0.78 -0.78 -1.024 -0.49665359 -0.49 -0.49 0.138 0.138
0.21 0.21 0.21 -0.26803586 -0.42720323 0.116 0.116 0.116 0.116 0.212 0.212 0.020000014 0.02 0.02 0.02 0.019994802 -0.062 -0.062 -0.062 -0.062 -0.48585159 -0.814 -0.814 -0.80447397 -0.4759158 -1.032 -1.032 -1.032 -1.362 -1.362 -1.362 -1.3619996 -1.046 -1.046 -1.046 -1.046 -1.36 -1.36 -1.36 -1.36 -1.182 -1.182 -1.182 -0.94200483 -0.942 -0.942 -0.94199995 -1.024 -1.024 -0.49065065 -0.49 0.13799711 0.138
0.21 0.21 0.21 0.20999483 0.114 0.11429083 0.116 0.116 0.116 0.212 0.212 0.212 0.0040000015 0.004 0.004 0.0040000102 -0.061047452 -0.062 -0.062 -0.062 -0.073383122 -0.450001 -0.45 -0.45 -0.45 -0.45000002 -0.808 -0.808 -1.362 -1.362 -1.362 -1.362 -1.0459998 -1.046 -1.046 -1.0459813 -1.36 -1.36 -1.36 -1.3591314 -1.182 -1.182 -1.182 -0.94201113 -0.942 -0.942 -0.942 -1.024 -1.024 -1.0239999 -0.436 -0.436 -0.336
0.21 0.21 0.21 0.11400022 0.114 0.114 0.116 0.116 0.116 0.212 0.212 0.212 0.004 0.004 0.004 0.038576436 0.458 0.458 0.45799866 -0.059062907 -0.45 -0.45 -0.45 -0.45 -0.45 -0.45026941 -0.808 -0.808 -0.808 -1.362 -1.362 -1.3618262 -0.816 -0.816 -0.816 -0.72 -0.72 -1.162 -1.162 -1.162 -0.622 -1.1818243 -1.181997 -0.778 -0.778 -0.78421541 -0.94199971 -1.024 -1.024 -0.436 -0.436 -0.436 -0.336
0.21 0.21 0.21 0.114 0.114 0.114 0.114 0.116 0.116 0.212 0.212 0.012317 0.004 0.004 0.004 0.458 0.458 0.458 0.458 0.458 -0.45 -0.45 -0.45 -0.45 -0.45 -0.80799878 -0.808 -0.808 -0.808 -1.092 -1.092 -1.092 -0.816 -0.816 -0.816 -0.72 -0.72 -1.162 -1.162 -0.622 -0.622 -0.622 -0.778 -0.778 -0.778 -0.778 -0.73725492 -0.282 -0.282 -0.282 -0.43599999 0.286 0.286
0.21 0.21 0.20986632 0.114 0.114 0.114 0.114 0.18064082 0.184 0.18404807 0.212 0.0040207714 0.004 0.004 0.0040015706 0.458 0.458 0.458 0.458 0.458 0.92141168 -0.45 -0.45 -0.45 -0.44993574 -0.8079623 -0.808 -0.808 -0.808 -1.092 -1.092 -1.092 -1.0919633 -0.816 -0.72 -0.72 -0.72 -0.72001828 -1.1619632 -0.622 -0.622 -0.622 -0.77799053 -0.778 -0.778 -0.778 -0.28200085 -0.282 -0.282 -0.282 0.286 0.286 0.286
0.638 0.63799925 0.11406899 0.114 0.114 0.114 0.1839851 0.184 0.184 0.184 0.252 0.252 0.252 0.252 0.45704919 0.458 0.458 0.458 0.458 0.97999969 0.98 0.98 -0.13800005 -0.138 -0.138 -0.138 -0.19582962 -0.808 -1.4759726 -1.476 -1.476 -1.476 -1.476 -0.848 -0.848 -0.848 -0.848 -0.848 -0.61 -0.61 -0.61 -0.61 -0.61 -0.36262709 -0.362 -0.362 -0.362 -0.282 -0.282 -0.282 0.28591052 0.286 0.286
0.638 0.638 0.63769844 0.60199902 0.60199989 0.60159218 0.184 0.184 0.184 0.184 0.252 0.252 0.252 0.252 0.252 0.458 0.458 0.458 0.97999987 0.98 0.98 0.98 -0.138 -0.138 -0.138 -0.138 -0.138 -0.13814311 -1.475905 -1.476 -1.476 -1.476 -1.4759618 -1.1087747 -0.84827002 -0.848 -0.848 -0.84800001 -0.61 -0.61 -0.61 -0.61 -0.61 -0.362 -0.362 -0.362 -0.362 -0.32459044 -0.282 -0.31759835 -0.318 -0.636 -0.636
0.638 0.638 0.60200456 0.602 0.602 0.602 0.49582976 0.184 0.184 0.184 0.252 0.252 0.252 0.252 0.252 0.45785067 0.458 0.97984695 0.98 0.98 0.98 0.98 0.27617034 -0.138 -0.138 -0.138 -0.138 -0.13877335 -1.23 -1.23 -1.23 -1.23 -1.23 -1.308 -1.308 -1.308 -1.308 -1.308 -1.19 -1.19 -1.19 -1.19 -1.19 -0.36201465 -0.362 -0.362 -0.36200102 -0.36211604 -0.318 -0.318 -0.318 -0.63599822 -0.636
0.63800028 0.78899762 0.60200003 0.602 0.602 0.602 0.602 0.18417798 0.184 0.184 0.252 0.252 0.252 0.252 1.2395665 1.262 1.262 0.98000726 0.98 0.98 0.98 0.98 0.97999989 -0.138 -0.138 -0.138 -0.138 -1.1400001 -1.14 -1.1591542 -1.23 -1.23 -1.23 -1.308 -1.308 -1.308 -1.308 -1.3078415 -1.19 -1.19 -1.19 -1.19 -1.1899914 -0.368 -0.368 -0.368 -0.368 -0.36799597 -0.318 -0.318 -0.318 -0.3180003 -0.81334906
0.792 0.792 0.77466606 0.602 0.602 0.602 0.602 0.602 0.18418068 1.194 1.194 1.194 1.1917644 1.2619985 1.262 1.262 1.262 1.262 0.97999823 0.96481927 0.832 0.832 0.832 0.58426902 -0.155608 -0.24982509 -0.32977259 -1.14 -1.14 -1.14 -1.14 -1.14 -1.136362 -1.0681189 -1.074 -1.074 -1.074 -1.074 -1.1689603 -1.0780002 -1.078 -1.078 -1.078 -0.50199961 -0.36800003 -0.368 -0.368 -0.296 -0.31799965 -0.318 -0.318 -0.816 -0.816
0.792 0.792 0.912 0.912 0.912 0.60210326 0.602 0.602 1.194 1.194 1.194 1.194 1.194 1.262 1.262 1.262 1.262 1.262 0.832 0.832 0.832 0.832 0.832 -0.35799994 -0.358 -0.358 -0.358 -1.14 -1.14 -1.14 -1.14 -1.14 -0.55 -0.55 -1.074 -1.074 -1.074 -0.87403406 -0.874 -1.078 -1.078 -1.078 -1.0779999 -0.502 -0.502 -0.502 -0.296 -0.296 -0.296 -0.2 -0.2 -0.816 -0.816
0.792 0.792 0.912 0.912 0.912 0.912 0.91199862 0.66 1.1934972 1.194 1.194 1.194 1.194 1.2611518 1.262 1.262 1.262 1.262 0.83200001 0.832 0.832 0.832 0.832 -0.358 -0.358 -0.358 -0.358 -0.35800318 -1.14 -1.14 -1.14 -0.55003093 -0.55 -0.55 -0.55 -1.074 -0.874 -0.874 -0.874 -0.87936762 -0.70707627 -0.638 -0.638 -0.502 -0.502 -0.502 -0.296 -0.296 -0.296 -0.2 -0.2 -0.2 -0.57145658
0.656 0.65600107 0.912 0.912 0.912 0.912 0.66 0.66 0.66 1.194 1.194 1.194 1.194 1.1940211 1.262 1.262 1.262 1.262 0.83200757 0.832 0.832 0.832 -0.14835884 -0.358 -0.358 -0.358 -0.358 -0.59399981 -0.594 -0.59400001 -1.1341179 -0.55 -0.55 -0.55 -0.54999981 -0.348 -0.874 -0.874 -0.874 -0.874 -0.638 -0.638 -0.638 -0.362 -0.362 -0.362 -0.71395929 -0.296 -0.296 -0.2 -0.2 -0.2 -0.5459991
0.656 0.656 0.912 0.912 0.912 0.66 0.66 0.66 0.66 1.1354392 1.194 1.194 1.194 1.1940011 1.6819517 1.682 1.682 1.682 0.63257872 0.8 0.8 0.8 0.8 -0.358 -0.358 -0.358 -0.35801557 -0.594 -0.594 -0.594 -0.594 -0.54999227 -0.43638084 -0.348 -0.348 -0.348 -0.87359507 -0.76600225 -0.766 -0.766 -0.6380376 -0.686 -0.686 -0.362 -0.362 -0.36200149 -0.714 -0.714 -0.63 -0.63 -0.63 -0.296 -0.222
0.656 0.656 0.702 0.702 0.702 0.66 0.66 0.66 0.66 0.344 0.344 0.344 0.344 0.43829199 1.682 1.682 1.682 1.682 0.626 0.8 0.8 0.8 0.8 0.04 0.039999843 -0.35799941 -0.594 -0.594 -0.594 -0.594 -0.56463604 -0.536 -0.37036942 -0.348 -0.348 -0.348 -0.766 -0.766 -0.766 -0.766 -0.686 -0.686 -0.686 -0.35410469 -0.354 -0.71238183 -0.714 -0.714 -0.62999696 -0.63 -0.296 -0.296 -0.222
