interpolatedSpi/07-11|23_3.tif
NCOLS 53
NROWS 52
XLLCORNER -116.03883
YLLCORNER 28.596182
DX 0.49850594
DY 0.49788537
NODATA_VALUE -9999
[rows 0 to 38 of 52, columns 0 to 52 of 53]
-0.178 -0.178 0.06626496 0.366 0.27 -0.04 0.02 0.118 -0.80256896 -0.936 -0.294 -0.626 -1.1019308 -0.262 -0.032 -0.032 -0.032 -0.984 -0.378 -0.378 -0.378 -0.3780022 -0.606 -0.622 -0.622 -0.622 -1.5820052 -1.582 -1.582 -1.762 -1.762 -1.762 -1.762 -0.93600017 -0.936 -0.936 -0.936 -0.936 -0.936 -0.93599997 0.007834351 0.017809033 -0.732 -0.732 -0.732 -0.732 -0.73088606 -0.05 -0.05 -0.05 0.081999726 0.082 0.082
-0.17801493 -0.514 0.29599921 0.23697899 0.20992616 -0.456 -0.486 -0.63784689 -1.018 -0.618 -0.734 -1.102 -1.102 -1.129099 -0.26200848 -0.032 -0.984 -0.984 -0.37879014 -0.378 -0.378 -0.378 -0.66600461 -0.622 -0.622 -0.622 -0.31600002 -0.316 -1.762 -1.762 -1.762 -1.762 -1.762 -0.93600012 -0.936 -0.936 -0.936 -0.936 -0.93599996 -0.73649722 0.31790087 -0.60459135 -0.732 -0.732 -0.732 -0.732 -0.732 -0.05 -0.05 -0.05 -0.039054434 0.082 0.082
0.72396771 0.724 -0.388 -0.066 -0.306 0.606 0.148 0.302 -0.54 -0.576 -0.728 -0.428 -0.96 -1.572 -1.132 -1.474 -0.984 -0.984 -0.984 -0.49396628 -0.494 -0.494 -1.458 -0.622 -0.622 -0.622 -0.316 -0.316 -0.316 -1.762 -1.762 -1.762 -1.550184 -0.9352967 -0.93119714 -0.42472835 -0.42 -0.42 -0.32717905 0.31799999 0.318 0.31665731 -0.732 -0.732 -0.732 -0.732 -0.732 -0.05 -0.05 -0.05 -0.05 0.082 0.082
0.49 0.72399981 -0.19417096 -0.056 -1.004 -0.532 -0.426 -0.908 -0.368 -0.82608691 -0.882 -1.288 -1.214 -1.572 -1.39 -1.474 -0.98774897 -0.984 -0.622 -0.494 -0.494 -0.824 -1.458 -1.458 -0.622 -0.62199847 -0.316 -0.316 -0.316 -1.318 -1.3201947 -1.322 -1.322 -1.3219993 -0.42 -0.42 -0.42 -0.42 0.318 0.318 0.318 0.31799996 -0.732 -0.732 -0.732 -0.732 -0.732 -0.050008603 -0.05 -0.05 -0.05 0.08193219 0.081999999
0.49 -0.39199964 -0.194 -0.68692363 -1.004 -0.96 -1.0379816 -1.1 -1.354 -0.88200024 -1.259295 -1.4278593 -0.446 -1.39 -1.39 -1.4385057 -0.984 -0.984 -0.622 -0.622 -0.49400066 -0.824 -0.74 -0.386 -0.576 -0.57597795 -0.316 -0.316 -1.318 -1.318 -1.322 -1.322 -1.322 -1.1817015 -0.42 -0.42 -0.42 0.318 0.318 0.318 0.318 0.31786524 -0.732 -0.732 -0.732 -0.732 -0.732 -0.72592936 -0.05 -0.050087169 -1.994 -1.994 -1.994
-1.532 -0.774 -0.58199998 -0.208 -0.482 -1.146 -1.394 -1.3563596 -1.406 -1.578 -1.538 -1.23 -1.2299995 -1.522 -1.522 -0.82985176 -0.83 -1.204 -1.204 -0.62200003 -0.842 -0.842 -0.386 -0.576 -0.576 -0.482 -1.024 -1.024 -0.98003082 -1.318 -1.322 -1.322 -0.578 -0.57800439 -0.61999686 -0.052000001 -0.052 0.20353205 0.318 0.318 -1.0762589 -1.078 -1.0779984 -0.65341222 -0.65200884 -0.65200002 -0.652 -0.65200004 -1.7149885 -1.994 -1.994 -1.994 -1.994
-0.40999571 -0.868 -0.030452513 -0.46 -0.722 -1.66 -1.026 -1.11 -1.684 -1.684 -1.538 -1.866 -1.5379999 -1.522 -0.21600391 -0.216 -0.83 -0.194 -0.658 -0.658 -0.60542503 -0.34 -0.34 -0.524 -0.482 -0.482 -1.024 -1.024 -0.98000571 -0.98010515 -0.56359246 -0.578 -0.578 -0.62 -0.62 -0.47681923 -0.052 -0.052 -0.58198163 -1.0779993 -1.078 -1.078 -1.0779916 -0.65200248 -0.652 -0.652 -0.652 -0.65200064 -1.726 -1.9939469 -1.994 -1.994 -1.994
-0.41 -0.858 -0.392 -0.748 -0.24802866 -1.198 -1.712 -1.46 -1.906 -2.066 -2.066 -1.03 -1.538 -1.538 -0.22507015 -0.54569402 -0.578 -0.316 -0.73399992 -0.658 -0.5752974 -0.514 -0.93 -0.394 -0.39401163 -1.296 -0.528 -0.52800018 -1.0776566 -1.078 -0.562 -0.91298834 -0.666 -0.62 -0.62747255 -0.832 -0.832 -0.582 -0.582 -1.078 -1.078 -1.078 -1.0930118 -1.096 -0.652 -0.652 -0.652 -1.7259591 -1.726 -1.726 -1.994 -1.994 -1.994
-0.89532202 -0.858 -0.372 -0.894 -0.228 -0.944 -0.622 -0.442 -1.476 -0.73916765 -0.522 -1.16 -1.16 -0.58 -0.58000047 -0.057454858 -0.056 -0.056 -0.37980834 -1.36 -1.236 -1.236 -1.152 -1.0174865 -1.2051022 -1.296 -0.562 -0.528 -0.93760587 -0.94 -0.982 -1.086 -0.82208466 -1.31 -0.882 -1.128 -0.924 0.07 -0.20987071 -1.0751164 -0.432 -0.616 -1.0959762 -1.096 -1.0935009 -0.652 -0.87599999 -1.726 -1.726 -1.726 -1.726 -2.0022175 -0.606
-1.104 -1.104 -0.112 -0.036 -0.454 0.036 -0.638 -1.404 -0.904 -0.55209781 -1.35 -0.216 -0.58 -0.58 -0.63 -0.62212733 -0.056 -0.056058225 -0.286 -1.36 -1.36 -1.3440246 -1.152 -1.3219968 -1.322 -1.322 -0.562 -0.276 -0.276 -0.94 -0.94 -1.0850062 -0.562 -1.31 -1.128 -1.128 -0.924 -0.688 -0.21 -0.28083316 -0.61599999 -0.73869136 -0.95 -1.096 -1.096 -0.876 -0.876 -0.876 -1.726 -1.726 -2.06 -2.06 -2.0599995
-1.104 -1.104 -0.388 -0.752 -0.55 0.038 -0.852 -0.32532946 -0.172 0.2 0.08 -0.014 -0.21573162 -0.63 -0.63 -0.62999008 -0.544 -0.53045895 -0.286 -0.542 -0.542 -0.6 -0.6 -1.322 -1.322 -1.322 -0.276 -0.276 -0.276 -0.598 -0.598 -0.59799994 -1.192 -1.192 -1.59 -1.074 -1.008 -0.55200604 -0.844 -0.282 -0.282 -0.98799988 -0.95 -1.096 -0.56200002 -0.448 -0.97556932 -0.976 -1.76 -1.76 -2.06 -2.06 -2.06
-1.104 -0.7949056 -0.54333178 -0.44599494 -0.154 -0.204 -0.852 -0.324 -0.17200127 0.19587869 -0.013999721 -0.014 -0.13 -0.63 -0.63 -0.544 -0.544 -0.54398532 -0.286 -0.542 -0.55339002 -0.6 -0.6 -1.3219702 -1.322 -1.0557372 -0.512 -0.512 -0.51199997 -0.598 -0.598 -0.496 -0.496 -1.1920011 -1.59 -0.84000039 -1.0487298 -0.552 -0.552 -0.28200002 -0.988 -0.988 -0.98799691 -0.562 -0.562 -0.448 -0.976 -0.976 -1.76 -1.76 -2.06 -2.06 -2.06
-0.484 -0.25278744 -0.23601869 -0.23751743 -0.15400041 -0.20399882 -0.85199998 -0.33049937 -0.18247435 -0.16228609 -0.13 -0.13 -0.13 -0.13 -0.62992917 -0.544 -0.544 -0.54066881 -0.286 -0.54178315 0.202 0.202 0.202 0.202 -1.2955394 -0.512 -0.512 -0.512 -0.512 -0.51182889 -0.496 -0.496 -0.496 -0.496 -0.84 -0.84 -0.84 -0.56671474 -0.55628101 -1.122 -1.122 -0.98800721 -0.97798576 -0.56204007 -0.562 -0.448 -0.976 -0.976 -1.76 -1.76 -2.0589116 -2.06 -1.6871915
-0.484 -0.236 -0.236 -0.236 -0.236 -0.23599999 -0.85034118 -0.6021503 -0.21041891 -0.13003583 -0.13 -0.13 -0.13 -0.13 -0.12999943 -0.544 -0.54399996 -0.52630296 -0.28600201 0.202 0.202 0.202 0.202 0.202 0.22063088 0.10811671 0.28799983 0.288 0.288 0.288 -0.49599998 -0.496 -0.4959992 0.17 0.17 -0.84 -0.56389755 -0.556 -1.1219997 -1.122 -1.122 -1.122 -0.978 -0.978 -0.978 -0.97431168 -0.68380321 -0.682 -0.682 -0.682 -0.68200002 -1.4480001 -1.448
-0.46 -0.236 -0.236 -0.236 -0.236 -0.236 -0.23600004 -0.28554377 0.66131415 0.666 0.666 0.666 0.666 0.666 0.66599999 1.2536974 -0.51525324 -0.50867077 0.20193856 0.202 0.202 0.202 0.202 0.20200101 1.064 1.064 1.0639989 0.288 0.288 0.28949382 1.034 1.034 0.17 0.17 0.17 -0.43970232 -0.556 -0.556 -0.556 -1.122 -1.122 -1.122 -0.978 -0.978 -0.978 -0.978 -0.68200001 -0.682 -0.682 -0.682 -0.682 -1.448 -1.448
-0.46 -0.37660734 -0.236 -0.236 -0.236 -0.236 0.81779314 0.818 0.818 0.666 0.666 0.666 0.666 0.666 0.7983642 1.266 1.266 1.266 1.0673574 1.0699991 1.07 1.07 1.07 1.07 1.064 1.064 1.064 1.064 0.288 1.034 1.034 1.034 0.17000008 0.17 0.17 0.308 -0.55485604 -0.556 -0.556 -1.1218991 -0.92095729 -0.45200846 -0.978 -0.978 -1.0956358 -1.096 -1.096 -0.68234682 -0.89126615 -0.89199998 -0.89199996 -0.94607597 -1.447999
-0.46 0.10831554 -0.053823427 -0.236 -0.236 0.81737725 0.818 0.818 0.818 0.81690464 0.666 0.666 0.666 0.66600007 1.266 1.266 1.266 1.266 1.0701751 1.07 1.07 1.07 1.07 1.07 1.064 1.064 1.064 1.064 1.0638909 1.034 1.034 1.034 1.128 0.17003716 0.308 0.308 0.308 0.30934273 -0.45668223 -0.45 -0.45 -0.45 -1.424 -1.424 -1.096 -1.096 -1.096 -0.892 -0.892 -0.892 -0.892 -0.946 -0.946
0.12377864 0.124 0.124 0.12400001 0.976 0.81800408 0.818 0.818 0.818 0.818 0.69280076 0.66600461 0.66600001 1.266 1.266 1.266 1.266 1.266 1.275381 1.07 1.07 1.07 1.07 1.07 1.0996237 1.1519995 1.152 1.152 1.152 1.034 1.128 1.128 1.128 1.128 0.308 0.30800337 0.436 0.436 -0.43893697 -0.45 -0.45 -0.45 -1.424 -1.424 -1.1467857 -1.096 -1.096 -0.892 -0.892 -0.892 -0.89257902 -0.946 -0.946
0.124 0.124 0.124 0.52521951 0.976 0.976 0.818 0.818 0.818 0.818 1.02 1.02 1.02 1.266 1.266 1.266 1.266 1.2660849 1.658 1.658 1.0700002 1.07 1.0699026 1.066 1.0667742 1.152 1.152 1.152 1.152 1.1280024 1.128 1.128 1.128 1.128 0.43599955 0.436 0.436 0.436 0.43288017 -0.45 -0.45 -0.45 -1.424 -1.424 -1.424 -1.096 -1.096 -0.892 -0.892 -0.892 -0.946 -0.946 -0.946
0.124 0.124 0.124 0.976 0.976 0.976 0.97599976 0.818 0.818 1.0197915 1.02 1.02 1.02 1.0201533 1.6820431 1.78 1.78 1.78 1.658 1.658 1.658 1.066 1.066 1.066 1.0659485 1.0103784 1.152 1.152 1.152 1.0472448 1.0280098 1.028 1.028 1.028 0.41020504 0.37200015 0.372 0.372 0.372 -0.92593487 -0.926 -0.926 -1.424 -1.424 -1.0800014 -1.0799999 -0.9 -0.9 -0.578 -0.578 -0.578 -0.946 -0.63627718
0.12400114 0.124 0.12400003 0.976 0.976 0.976 0.976 0.76200002 0.81777609 1.0198368 1.02 1.02 1.02 1.0214913 1.78 1.78 1.78 1.78 1.658 1.658 1.658 1.066 1.066 1.066 0.882 0.882 1.226 1.226 1.226 1.2249198 1.028 1.028 1.028 1.028 0.70018011 0.372 0.372 0.372 0.372 -0.926 -0.926 -0.926 -0.93084543 -1.08 -1.08 -1.08 -0.9 -0.9 -0.578 -0.578 -0.578 -0.636 -0.636
0.49 0.33487427 0.792 0.79205338 0.976 0.7632382 0.762 0.762 0.79916662 0.84 0.84 0.84 0.84 1.6559734 1.656 1.7799999 1.78 1.7767855 1.658 1.658 1.658 1.174 1.174 1.174 0.882 0.882 1.226 1.226 1.226 1.2260002 1.4679972 1.4679988 1.0390587 1.0284717 0.39872006 0.398 0.398 0.398 0.398 -0.926 -0.926 -0.926 -1.0715198 -1.08 -1.08 -1.08 -0.9 -0.9 -0.89998841 -0.578 -0.57801601 -0.936 -0.636
0.7379529 0.73800001 0.792 0.792 0.792 0.762 0.762 0.762 0.864 0.864 0.84 0.84 0.84 1.656 1.656 1.656 1.656 1.6560007 1.658 1.658 1.658 1.174 1.174 1.174 0.882 0.882 1.226 1.226 1.226 1.4652714 1.468 1.468 1.468 1.468 0.39852798 0.398 0.398 0.398 0.398 -0.1720002 -0.172 -0.172 -0.172 -1.0800005 -1.146 -1.146 -1.146 -1.114 -1.114 -1.114 -0.936 -0.936 -0.936
0.738 0.738 0.792 0.792 0.792 0.76215769 0.762 0.864 0.864 0.864 0.84000295 0.84 0.74684778 1.6559998 1.656 1.656 1.656 0.608 0.608 0.608 1.18 1.18 1.174 1.174 1.1739417 1.214 1.214 1.214 1.2259981 1.2960343 1.2960009 1.29603 1.467706 1.4678516 0.58845768 0.39800002 0.39815416 0.444 0.444 -0.172 -0.172 -0.172 -0.172 -1.146 -1.146 -1.146 -1.146 -1.114 -1.114 -1.114 -0.936 -0.936 -0.936
0.738 0.738 0.792 0.792 0.792 0.792 0.80017562 0.864 0.864 0.864 0.86392377 0.726 0.726 0.726 1.6505193 1.656 0.61498361 0.608 0.608 0.608 1.18 1.18 1.18 1.18 1.214 1.214 1.214 1.214 1.214 1.296 1.296 1.296 1.296 1.2959982 0.43 0.444 0.444 0.444 0.444 0.4439962 -0.66 -0.66 -0.66 -0.77584823 -1.016 -1.016 -1.016 -1.114 -1.1140001 -1.252 -1.252 -0.43212261 -0.432
0.738 0.738 0.77250979 0.792 0.792 0.792 0.57052171 0.86307347 0.864 0.864 0.72599991 0.726 0.726 0.726 0.726 0.80221155 0.608 0.608 0.608 0.608 1.1799956 1.18 1.18 1.18 1.214 1.214 1.214 1.214 1.214 0.42403143 1.296 1.296 1.296 0.43 0.43 0.43001087 0.444 0.444 -0.043366195 -0.42199993 -0.66 -0.66 -0.66 -0.77424586 -1.016 -1.016 -1.016 -1.024 -1.2491591 -1.252 -1.252 -0.432 -0.432
0.87 0.87 0.87 0.81155674 0.79148549 0.57 0.57 0.57 0.57 0.308 0.308 0.72599997 0.726 0.726 0.726 0.72599247 0.608 0.608 0.608 0.608 0.93039776 1.18 1.18 1.1747136 0.98850881 1.214 1.214 1.214 0.116 0.116 0.116 0.11600495 0.43 0.43 0.43 0.43 -0.422 -0.422 -0.422 -0.422 -0.794 -0.794 -0.794 -0.97999626 -0.98 -0.98 -0.98000001 -1.024 -1.024 -1.2517222 -1.252 -0.43200135 -0.432
0.87 0.87 0.87 0.86997684 0.44 0.45890414 0.57 0.57 0.57 0.308 0.308 0.308 -0.48199995 -0.482 -0.482 -0.48199999 0.60527425 0.608 0.608 0.608 0.61666253 0.97800055 0.978 0.978 0.978 0.97799998 9.3644253e-09 3.6959125e-14 0.116 0.116 0.116 0.116 0.42999986 0.43 0.43 0.42998387 -0.422 -0.422 -0.422 -0.42171924 -0.794 -0.794 -0.794 -0.97999137 -0.98 -0.98 -0.98 -1.024 -1.024 -1.024 -0.7 -0.7 -0.206
0.87 0.87 0.87 0.44000099 0.44 0.44 0.56999995 0.57 0.57 0.308 0.308 0.308 -0.482 -0.482 -0.482 -0.5123115 -0.88 -0.88 -0.87999616 0.59959539 0.978 0.978 0.978 0.978 0.978 0.977264 -4.4408921e-17 -4.4408921e-17 2.3115569e-10 0.116 0.116 0.11589315 0.232 0.232 0.232 -0.318 -0.318 -0.358 -0.358 -0.358 -0.788 -0.79399812 -0.7939979 -0.512 -0.512 -0.52973667 -0.97999884 -1.024 -1.024 -0.7 -0.7 -0.7 -0.206
0.87 0.87 0.87 0.44 0.44 0.44 0.44 0.57 0.57 0.308 0.308 -0.45041139 -0.482 -0.482 -0.482 -0.88 -0.88 -0.88 -0.88 -0.88 0.978 0.978 0.978 0.978 0.978 3.3364933e-06 -4.4408921e-17 -4.4408921e-17 -4.4408921e-17 -0.05 -0.05 -0.05 0.232 0.232 0.232 -0.318 -0.318 -0.358 -0.358 -0.788 -0.788 -0.788 -0.512 -0.512 -0.512 -0.512 -0.51660025 -0.568 -0.568 -0.568 -0.7 -0.63 -0.63
0.87 0.87 0.86940121 0.44 0.44 0.44 0.44 0.1486844 0.134 0.13429873 0.30799996 -0.4820144 -0.482 -0.482 -0.48200138 -0.88 -0.88 -0.88 -0.88 -0.88 -1.1069624 0.978 0.978 0.978 0.97789496 2.633151e-05 -4.4408921e-17 -4.4408921e-17 -8.8494266e-17 -0.05 -0.05 -0.05 -0.04995787 0.232 -0.318 -0.318 -0.318 -0.31800167 -0.35802933 -0.788 -0.788 -0.788 -0.51201676 -0.512 -0.512 -0.512 -0.56799931 -0.568 -0.568 -0.568 -0.63 -0.63 -0.63
1.102 1.1019996 0.44024952 0.44 0.44 0.44 0.13406511 0.134 0.134 0.134 -0.65399998 -0.654 -0.654 -0.654 -0.8789569 -0.88 -0.88 -0.88 -0.88 -1.1959998 -1.196 -1.196 0.46800008 0.468 0.468 0.468 0.42760558 -4.2308972e-17 0.12399492 0.124 0.124 0.124 0.124 -0.348 -0.348 -0.348 -0.348 -0.348 -0.696 -0.696 -0.696 -0.696 -0.696 -0.50001809 -0.5 -0.5 -0.5 -0.568 -0.568 -0.568 -0.62999023 -0.63 -0.63
1.102 1.102 1.097914 0.61399965 0.61399996 0.61353197 0.134 0.134 0.134 0.134 -0.654 -0.654 -0.654 -0.654 -0.654 -0.88 -0.88 -0.88 -1.1959999 -1.196 -1.196 -1.196 0.46799999 0.468 0.468 0.468 0.468 0.46790064 0.12426645 0.124 0.124 0.124 0.12410704 0.023887464 -0.34761493 -0.348 -0.348 -0.34799999 -0.696 -0.696 -0.696 -0.696 -0.696 -0.5 -0.5 -0.5 -0.5 -0.53179813 -0.568 -0.32869998 -0.326 -0.314 -0.314
1.102 1.102 0.61406181 0.614 0.614 0.614 0.49208202 0.134 0.134 0.134 -0.654 -0.654 -0.654 -0.654 -0.654 -0.8798329 -0.88 -1.1959074 -1.196 -1.196 -1.196 -1.196 -0.14843958 0.468 0.468 0.468 0.468 0.46824528 0.814 0.814 0.814 0.814 0.814 0.308 0.308 0.308 0.308 0.308 -0.594 -0.594 -0.594 -0.594 -0.594 -0.49892078 -0.49999977 -0.5 -0.49992508 -0.49095979 -0.326 -0.326 -0.326 -0.31400007 -0.314
1.1019995 0.81569283 0.61400003 0.614 0.614 0.614 0.614 0.13420438 0.134 0.134 -0.654 -0.654 -0.654 -0.654 -1.3853859 -1.402 -1.402 -1.1960053 -1.196 -1.196 -1.196 -1.196 -1.1959999 0.468 0.468 0.468 0.468 1.4299994 1.4299997 1.2989002 0.814 0.814 0.814 0.308 0.308 0.308 0.308 0.308149 -0.594 -0.594 -0.594 -0.594 -0.59394882 -0.058 -0.058 -0.058 -0.058 -0.058021614 -0.326 -0.326 -0.326 -0.32599981 -0.026300409
0.81 0.81 0.65021913 0.614 0.614 0.614 0.614 0.614 0.13420219 -0.88999998 -0.89 -0.89 -0.88943992 -1.4019989 -1.402 -1.402 -1.402 -1.402 -1.1959989 -1.1867685 -1.106 -1.106 -1.106 -0.70873645 0.40909323 0.093894261 -0.17110161 1.43 1.43 1.43 1.43 1.43 1.4008145 0.5314119 0.528 0.528 0.528 0.528 -0.4685136 0.0739988 0.074 0.074 0.074 0.10599952 -0.057999957 -0.058 -0.058 0.408 -0.32598824 -0.326 -0.326 -0.022 -0.022
0.81 0.81 -0.023999993 -0.024 -0.024 0.61378748 0.614 0.614 -0.89 -0.89 -0.89 -0.89 -0.89 -1.402 -1.402 -1.402 -1.402 -1.402 -1.106 -1.106 -1.106 -1.106 -1.106 -0.26800004 -0.268 -0.268 -0.268 1.43 1.43 1.43 1.43 1.43 0.832 0.832 0.528 0.528 0.528 0.31803576 0.318 0.074 0.074 0.074 0.074000022 0.106 0.106 0.106 0.408 0.408 0.408 0.146 0.146 -0.022 -0.022
0.81 0.81 -0.024 -0.024 -0.024 -0.024 -0.024006466 -1.202 -0.89029376 -0.89 -0.89 -0.89 -0.89 -1.3956133 -1.402 -1.402 -1.402 -1.402 -1.106 -1.106 -1.106 -1.106 -1.106 -0.268 -0.268 -0.268 -0.268 -0.26799312 1.43 1.43 1.43 0.83203135 0.832 0.832 0.832 0.528 0.318 0.318 0.318 0.3115799 0.19707924 0.22 0.22 0.106 0.106 0.106 0.408 0.408 0.408 0.146 0.146 0.146 0.20261766
0.57 0.57000188 -0.024 -0.024 -0.024 -0.024 -1.202 -1.202 -1.202 -0.89 -0.89 -0.89 -0.89 -0.89015917 -1.402 -1.402 -1.402 -1.402 -1.1060053 -1.106 -1.106 -1.106 -0.41563822 -0.268 -0.268 -0.268 -0.268 -0.046000181 -0.046 -0.045999984 1.4141362 0.832 0.832 0.832 0.83199927 0.066000011 0.318 0.318 0.318 0.318 0.22 0.22 0.22 -0.152 -0.152 -0.152 -0.44991644 0.408 0.408 0.146 0.146 0.146 0.22599745
