interpolatedSpi/07-11|22_1.tif
NCOLS 53
NROWS 52
XLLCORNER -116.03883
YLLCORNER 28.596182
DX 0.49850594
DY 0.49788537
NODATA_VALUE -9999
[rows 0 to 40 of 52, columns 0 to 52 of 53]
-0.64 -0.64 -0.72632478 -0.93 -0.686 -0.572 -0.88 -0.8 -0.85748346 -0.78 -1.014 -0.978 -1.0459951 -0.986 -1.012 -1.012 -1.012 -0.172 -0.368 -0.368 -0.368 -0.36800601 -0.99199999 -0.054 -0.054 -0.054 -0.3140011 -0.314 -0.314 -0.374 -0.374 -0.374 -0.374 -0.44799999 -0.448 -0.448 -0.448 -0.448 -0.448 -0.44799997 0.61851232 0.62960585 -0.918 -0.918 -0.918 -0.918 -0.91729766 -0.488 -0.488 -0.488 -0.55999985 -0.56 -0.56
-0.64000089 -0.66 -0.70400027 -0.72196292 -0.65237799 -0.796 -0.716 -0.73820669 -0.948 -0.994 -1.028 -1.046 -1.046 -0.43185397 -0.98599351 -1.012 -0.172 -0.172 -0.36774444 -0.368 -0.368 -0.368 -0.070317499 -0.054 -0.054 -0.054 -0.57799996 -0.578 -0.374 -0.374 -0.374 -0.374 -0.374 -0.44799999 -0.448 -0.448 -0.448 -0.448 -0.44799997 -0.35854723 0.089972315 -0.79568724 -0.918 -0.918 -0.918 -0.918 -0.918 -0.488 -0.488 -0.488 -0.49397031 -0.56 -0.56
-0.61998543 -0.62 -0.938 -0.47 -0.716 -0.676 -0.614 -0.538 -1.112 -0.7 -0.914 -1.084 -0.974 -0.04 -0.43 -0.772 -0.172 -0.172 -0.172 0.15784709 0.158 0.158 -0.364 -0.054 -0.054 -0.054 -0.578 -0.578 -0.578 -0.374 -0.374 -0.37400001 -0.47990801 -0.44720331 -0.44371838 0.0077848035 0.012 0.012 0.021810344 0.089999999 0.09 0.088711022 -0.918 -0.918 -0.918 -0.918 -0.918 -0.488 -0.488 -0.488 -0.488 -0.56 -0.56
-0.45 -0.61999999 -0.59005147 -0.436 -0.994 -0.58 -0.94 -1.016 -0.578 -0.59862692 -0.674 -0.408 -0.476 -0.04 -0.26 -0.772 -0.29964185 -0.29591312 -0.802 0.158 0.158 -0.394 -0.364 -0.364 -0.054 -0.054002617 -0.578 -0.578 -0.578 -0.876 -0.72127288 -0.594 -0.594 -0.59399952 0.012 0.012 0.012 0.012 0.09 0.09 0.09 0.089999962 -0.918 -0.918 -0.918 -0.918 -0.918 -0.48800542 -0.488 -0.488 -0.488 -0.55999236 -0.56
-0.45 -0.4800002 -0.59 -0.46802448 -0.994 -1.11 -0.64601882 -0.214 -0.598 0.075999696 -0.096102441 -0.17596505 0.068 -0.26 -0.26 -0.59509969 -0.296 -0.296 -0.802 -0.802 0.15799886 -0.394 0.45 -9.7722333e-11 -0.468 -0.46782697 -0.578 -0.578 -0.876 -0.876 -0.594 -0.594 -0.594 -0.50838776 0.012 0.012 0.012 0.09 0.09 0.09 0.09 0.089963126 -0.91799999 -0.918 -0.918 -0.918 -0.918 -0.91417247 -0.488 -0.48799274 -0.326 -0.326 -0.326
-1.564 -0.688 -0.30800001 -0.494 -0.408 -0.764 -0.966 -0.86972246 -0.074 -0.49 -0.364 0.054 0.054000009 -0.218 -0.218 -0.47988701 -0.48 -0.318 -0.318 -0.80199907 -0.776 -0.776 -6.4953113e-24 -0.468 -0.468 0.272 -0.39 -0.39 -0.19606209 -0.876 -0.594 -0.594 -0.14 -0.14000146 -0.15399889 0.23 0.23 0.1333122 0.09 0.09 -0.29152356 -0.292 -0.29199776 -0.39735595 -0.38805858 -0.38800014 -0.38800002 -0.3880002 -0.39370519 -0.326 -0.326 -0.326 -0.326
-1.3240008 -0.152 -0.36656742 -0.040000001 -0.176 -0.8 -0.412 -0.278 -0.062 -0.062 -0.364 0.06 -0.38199994 -0.218 -0.012000617 -0.012 -0.48 0.102 0.25 0.25 -0.59409175 -0.39 -0.39 0.097999992 0.272 0.272 -0.39 -0.39 -0.19601492 -0.19627467 -0.091116285 -0.14 -0.14 -0.154 -0.154 0.2245536 0.23 0.23 -0.1679862 -0.29199983 -0.292 -0.292 -0.2919878 -0.38799915 -0.388 -0.388 -0.388 -0.38800001 -0.402 -0.32601506 -0.326 -0.326 -0.326
-1.324 -0.72 0.062 -0.258 -0.010014217 -0.212 -0.098 0.0019999969 0.062 0.114 0.114 -0.17 -0.382 -0.382 -0.014538543 -0.28158406 -0.308 0.128 -0.19799954 0.25 0.2931355 0.34 -0.146 0.194 0.19399696 -0.042 -0.152 -0.15200008 -0.45110294 -0.45199999 -0.09 -0.17119831 0.118 -0.154 -0.14544364 0.22 0.22 -0.168 -0.168 -0.292 -0.292 -0.29199998 -0.23321949 -0.23600001 -0.388 -0.388 -0.388 -0.40199947 -0.402 -0.402 -0.326 -0.326 -0.326
-0.74184704 -0.72 -0.128 0.32 0.058 0.048 0.242 0.75 0.006 0.088933512 -0.154 -0.294 -0.294 0.142 0.14199622 -0.59120847 -0.592 -0.592 0.078235599 -0.11200002 -0.212 -0.21199999 0.07 -0.060877949 -0.018217431 -0.042 -0.068 -0.152 -0.37867509 -0.38 -0.252 0.312 -0.045593742 -0.254 0.146 0.212 0.316 -0.176 0.4697017 -0.28783976 0.64 0.216 -0.23591371 -0.236 -0.23685554 -0.388 -0.382 -0.402 -0.402 -0.402 -0.402 -0.34118991 -0.546
-0.864 -0.864 -0.034 0.448 0.228 0.644 0.548 0.54 0.108 0.10998814 0.056 0.11 0.142 0.142 -0.26 -0.26455353 -0.592 -0.59184307 0.108 -0.112 -0.112 -0.12488335 0.07 -0.40199106 -0.402 -0.402 -0.068 0.142 0.142 -0.38 -0.38 0.3106534 -0.398 -0.254 -0.032 0.212 0.316 0.25 0.47 0.33030136 0.21600002 0.24465247 0.294 -0.236 -0.236 -0.382 -0.382 -0.382 -0.402 -0.402 -0.448 -0.448 -0.44800004
-0.864 -0.864 -0.35 -0.494 -0.004 0.372 0.324 0.39200623 0.548 0.596 -0.098 0.012 0.10986958 -0.26 -0.26 -0.25996978 0.002 0.0075633773 0.108 -0.164 -0.164 -0.034 -0.034 -0.402 -0.402 -0.402 0.142 0.142 0.142 -0.662 -0.662 -0.66199956 -0.112 -0.112 -0.276 -0.582 0.45 0.15000129 0.126 0.328 0.328 0.00800094 0.294 -0.236 -0.15000024 -0.446 0.18554514 0.188 0.062 0.062 -0.448 -0.448 -0.448
-0.864 -0.64207202 -0.41144994 -0.38799837 0.156 0.406 0.324 0.392 0.5479987 0.59546822 0.01200076 0.012 0.188 -0.26 -0.26 0.0019999913 0.002 0.0020060328 0.108 -0.164 -0.13847064 -0.034 -0.034 -0.40198503 -0.402 -0.29023535 -0.062 -0.062 -0.061999974 -0.662 -0.662 -0.31 -0.31 -0.11200045 -0.276 -0.21999998 0.42626712 0.15 0.15 0.32799999 0.008 0.008 0.0079989022 -0.15 -0.15 -0.446 0.188 0.188 0.062 0.062 -0.448 -0.448 -0.448
-0.372 -0.22117086 -0.20801045 -0.20929668 0.15600114 0.4059941 0.324 0.39116296 0.53725 0.54925341 0.188 0.188 0.188 0.188 -0.25993654 0.0019999998 0.002 0.0033686289 0.108 -0.16391322 0.13 0.13 0.13 0.13 -0.39271466 -0.062 -0.062 -0.062 -0.062 -0.062339481 -0.31 -0.31 -0.31 -0.31 -0.22 -0.22 -0.22 0.13233712 0.14597435 -0.386 -0.386 0.0079788076 -0.28399541 -0.15001291 -0.15 -0.446 0.188 0.188 0.062000001 0.062 -0.44614977 -0.448 -0.16935905
-0.372 -0.208 -0.208 -0.208 -0.208 -0.20799974 0.32420987 0.35619532 0.50857002 0.18838895 0.188 0.188 0.188 0.188 0.18800029 0.001999996 0.0020000167 0.0092708765 0.10799859 0.13 0.13 0.13 0.13 0.13 0.1254165 -0.041599699 -0.024000008 -0.024 -0.024 -0.024 -0.31 -0.31 -0.31000046 -0.692 -0.692 -0.22 -0.63609806 -0.648 -0.38600015 -0.386 -0.386 -0.386 -0.284 -0.284 -0.284 -0.28512737 0.23158204 0.232 0.232 0.232 0.232 0.61199978 0.612
-0.058 -0.208 -0.208 -0.208 -0.208 -0.208 -0.20799997 0.22861443 0.59518122 0.596 0.596 0.596 0.596 0.596 0.596 0.16092412 0.0043898539 0.016514979 0.1299972 0.13 0.13 0.13 0.13 0.13000004 -0.082 -0.082 -0.081999918 -0.024 -0.024 -0.0241642 -0.106 -0.106 -0.692 -0.692 -0.692 -0.6550483 -0.648 -0.648 -0.648 -0.386 -0.386 -0.386 -0.284 -0.284 -0.284 -0.284 0.23199999 0.232 0.232 0.232 0.232 0.612 0.612
-0.058 -0.1138433 -0.208 -0.208 -0.208 -0.208 -0.05003101 -0.05 -0.049999984 0.596 0.596 0.596 0.596 0.596 0.49805049 0.152 0.152 0.152 0.16190255 0.16199997 0.162 0.162 0.162 0.162 -0.082 -0.082 -0.082 -0.082 -0.024 -0.106 -0.106 -0.106 -0.69199995 -0.692 -0.692 -0.596 -0.64793115 -0.648 -0.648 -0.38602048 -0.42668722 -0.52159353 -0.284 -0.284 -0.38169757 -0.382 -0.382 0.23111377 -0.30411993 -0.30599995 -0.3059999 -0.10789107 0.61199854
-0.058 -0.44920326 -0.3355236 -0.208 -0.208 -0.050093354 -0.05 -0.05 -0.05 -0.045344739 0.596 0.596 0.596 0.59599995 0.152 0.152 0.152 0.152 0.16199107 0.162 0.162 0.162 0.162 0.162 -0.081999994 -0.082 -0.082 -0.082 -0.082087298 -0.106 -0.106 -0.106 -0.206 -0.6919785 -0.596 -0.596 -0.596 -0.59318977 -0.52997073 -0.522 -0.522 -0.522 -0.592 -0.592 -0.382 -0.382 -0.382 -0.306 -0.306 -0.306 -0.306 -0.108 -0.108
-0.45964668 -0.46 -0.46 -0.46 -0.158 -0.050002786 -0.05 -0.05 -0.05 -0.05 0.55950841 0.59599372 0.59599999 0.152 0.152 0.152 0.152 0.152 0.15240518 0.162 0.162 0.162 0.162 0.162 -0.097536157 -0.32999866 -0.33 -0.33 -0.33 -0.10600001 -0.206 -0.206 -0.206 -0.206 -0.596 -0.59599326 -0.34 -0.34 -0.51972746 -0.522 -0.522 -0.522 -0.592 -0.592 -0.41451523 -0.382 -0.382 -0.306 -0.306 -0.306 -0.30387693 -0.108 -0.108
-0.46 -0.46 -0.46 -0.31778369 -0.158 -0.158 -0.05 -0.05 -0.05 -0.05 0.114 0.114 0.114 0.152 0.152 0.152 0.152 0.15201917 0.146 0.146 0.16199999 0.162 0.15221299 -0.24 -0.24081023 -0.33 -0.33 -0.33 -0.33 -0.20601263 -0.206 -0.206 -0.206 -0.206 -0.3400009 -0.34 -0.34 -0.34 -0.34064195 -0.522 -0.522 -0.522 -0.592 -0.592 -0.592 -0.382 -0.382 -0.306 -0.306 -0.306 -0.108 -0.108 -0.108
-0.46 -0.46 -0.46 -0.158 -0.158 -0.158 -0.15799983 -0.05 -0.05 0.1138307 0.114 0.114 0.114 0.11402368 0.245893 0.268 0.268 0.268 0.146 0.146 0.146 -0.24 -0.24 -0.24 -0.24003474 -0.34783383 -0.33 -0.33 -0.33 -0.29506931 -0.31198957 -0.312 -0.312 -0.312 -0.35325046 -0.37199993 -0.372 -0.372 -0.372 -0.59199042 -0.592 -0.592 -0.592 -0.592 -0.49200042 -0.49199992 -0.258 -0.258 -0.268 -0.268 -0.268 -0.108 0.20771746
-0.45999986 -0.46 -0.45999999 -0.158 -0.158 -0.158 -0.158 0.061999967 -0.04955218 0.11377149 0.114 0.114 0.114 0.11430219 0.268 0.268 0.268 0.26799996 0.146 0.146 0.146 -0.24 -0.24 -0.24 -0.364 -0.364 -0.418 -0.418 -0.418 -0.41742174 -0.312 -0.312 -0.312 -0.312 -0.34198356 -0.372 -0.372 -0.372 -0.372 -0.592 -0.592 -0.592 -0.58885362 -0.492 -0.492 -0.492 -0.258 -0.258 -0.268 -0.268 -0.268 0.20799998 0.208
-0.414 -0.42665665 -0.202 -0.20198723 -0.158 0.060727087 0.062 0.062 -0.054601161 -0.138 -0.138 -0.138 -0.138 0.37998314 0.38 0.26800009 0.268 0.26478548 0.146 0.146 0.146 -0.38 -0.38 -0.38 -0.364 -0.364 -0.418 -0.418 -0.418 -0.41800011 -0.57399833 -0.57399926 -0.31858498 -0.31228088 -0.59967089 -0.6 -0.6 -0.6 -0.6 -0.592 -0.592 -0.592 -0.49750631 -0.492 -0.492 -0.49200001 -0.258 -0.258 -0.25800036 -0.268 -0.26798024 0.174 0.208
-0.16004824 -0.16000001 -0.202 -0.202 -0.202 0.062 0.062 0.062 -0.258 -0.258 -0.138 -0.138 -0.138 0.38 0.38 0.38 0.38 0.37997361 0.146 0.146 0.14599998 -0.38 -0.38 -0.38 -0.364 -0.364 -0.418 -0.418 -0.418 -0.57224109 -0.574 -0.574 -0.574 -0.574 -0.59998717 -0.6 -0.6 -0.6 -0.6 -0.59 -0.59 -0.59 -0.59 -0.49200032 -0.534 -0.534 -0.534 -0.052 -0.052 -0.052 0.174 0.174 0.174
-0.16 -0.16 -0.202 -0.202 -0.202 0.060612369 0.062 -0.258 -0.258 -0.258 -0.13801477 -0.138 0.04013319 0.37999993 0.38 0.38 0.38 0.164 0.164 0.164 -0.26 -0.26000009 -0.37999942 -0.38 -0.38009985 -0.556 -0.556 -0.55599967 -0.4180223 -0.76596174 -0.76599898 -0.76596648 -0.57432815 -0.57416569 -0.59549369 -0.6 -0.60002011 -0.606 -0.606 -0.59 -0.59 -0.59 -0.59 -0.534 -0.534 -0.534 -0.534 -0.052 -0.052 -0.052 0.174 0.174 0.174
-0.16 -0.16 -0.202 -0.202 -0.202 -0.202 -0.057766652 -0.258 -0.258 -0.258 -0.25781329 0.08 0.08 0.08 0.37823203 0.38 0.16543937 0.164 0.164 0.164 -0.26 -0.26 -0.26 -0.26 -0.556 -0.556 -0.556 -0.556 -0.556 -0.766 -0.766 -0.766 -0.766 -0.76599974 -0.644 -0.606 -0.606 -0.606 -0.606 -0.60600026 -0.692 -0.692 -0.692 -0.58396363 -0.36 -0.36 -0.36 -0.052000009 -0.052000107 -0.162 -0.162 0.14800633 0.148
-0.16 -0.16 -0.18684095 -0.202 -0.202 -0.20199999 0.18720856 -0.25659445 -0.258 -0.258 0.080000017 0.08 0.08 0.08 0.08 0.10460253 0.164 0.164 0.164 0.164 -0.25999672 -0.26 -0.26 -0.26 -0.556 -0.556 -0.556 -0.556 -0.556 -0.86206433 -0.766 -0.766 -0.766 -0.644 -0.644 -0.64397049 -0.606 -0.606 -0.73656462 -0.83799998 -0.692 -0.692 -0.692 -0.58492707 -0.36 -0.36 -0.36 -0.362 -0.16449198 -0.162 -0.162 0.148 0.148
0.372 0.372 0.372 -0.058082421 -0.20112852 0.188 0.188 0.188 0.188 0.16 0.16 0.080000006 0.08 0.08 0.08 0.080005326 0.164 0.164 0.164 0.164 -0.074980154 -0.26 -0.26 -0.2565455 -0.14705836 -0.556 -0.556 -0.556 -0.896 -0.896 -0.896 -0.89599945 -0.644 -0.644 -0.644 -0.644 -0.838 -0.838 -0.838 -0.838 -0.554 -0.554 -0.554 -0.24400623 -0.244 -0.244 -0.24400004 -0.362 -0.362 -0.16224369 -0.162 0.14799794 0.148
0.372 0.372 0.372 0.37200118 0.394 0.36404422 0.188 0.188 0.188 0.16 0.16 0.16 0.14 0.14 0.14 0.14 0.16427111 0.164 0.164 0.164 0.15757786 -0.12800036 -0.128 -0.128 -0.128 -0.12800002 -0.596 -0.596 -0.896 -0.896 -0.896 -0.896 -0.64399989 -0.644 -0.644 -0.64398778 -0.838 -0.838 -0.838 -0.83760519 -0.554 -0.554 -0.554 -0.24401438 -0.244 -0.244 -0.244 -0.362 -0.362 -0.36199999 -0.26 -0.26 -0.034
0.372 0.372 0.372 0.39399995 0.394 0.394 0.18800008 0.188 0.188 0.16 0.16 0.16 0.14 0.14 0.14 0.15309944 0.312 0.312 0.31199962 0.16483594 -0.128 -0.128 -0.128 -0.128 -0.128 -0.12835219 -0.596 -0.596 -0.596 -0.896 -0.896 -0.89597168 -0.494 -0.494 -0.494 -0.544 -0.544 -0.748 -0.748 -0.748 -0.31 -0.55392346 -0.55399799 -0.284 -0.284 -0.28248405 -0.24400031 -0.362 -0.362 -0.26 -0.26 -0.26 -0.034
0.372 0.372 0.372 0.394 0.394 0.394 0.394 0.188 0.188 0.16 0.16 0.14079971 0.14 0.14 0.14 0.312 0.312 0.312 0.312 0.312 -0.128 -0.128 -0.128 -0.128 -0.128 -0.5959984 -0.596 -0.596 -0.596 -0.852 -0.852 -0.852 -0.494 -0.494 -0.494 -0.544 -0.544 -0.748 -0.748 -0.31 -0.31 -0.31 -0.284 -0.284 -0.284 -0.284 -0.26691335 -0.076 -0.076 -0.076 -0.25999999 0.222 0.222
0.372 0.372 0.37203064 0.394 0.394 0.394 0.394 0.39971207 0.4 0.39958795 0.16000001 0.1400134 0.14 0.14 0.1400006 0.312 0.312 0.312 0.312 0.312 0.41865201 -0.128 -0.128 -0.128 -0.1280206 -0.59597929 -0.596 -0.596 -0.596 -0.852 -0.852 -0.852 -0.85194911 -0.494 -0.544 -0.544 -0.544 -0.54400838 -0.74797013 -0.31 -0.31 -0.31 -0.28400158 -0.284 -0.284 -0.284 -0.076000581 -0.076 -0.076 -0.076 0.222 0.222 0.222
0.588 0.58799962 0.39399528 0.394 0.394 0.394 0.39999872 0.4 0.4 0.4 0.3 0.3 0.3 0.3 0.31194459 0.312 0.312 0.312 0.312 0.44199992 0.442 0.442 -0.22799998 -0.228 -0.228 -0.228 -0.25976313 -0.596 -0.94798558 -0.948 -0.948 -0.948 -0.948 -0.528 -0.528 -0.528 -0.528 -0.528 -0.34 -0.34 -0.34 -0.34 -0.34 -0.13222913 -0.132 -0.132 -0.132 -0.076 -0.076 -0.076 0.22195305 0.222 0.222
0.588 0.588 0.58836833 0.63199952 0.63199995 0.63177367 0.4 0.4 0.4 0.4 0.3 0.3 0.3 0.3 0.3 0.312 0.312 0.312 0.44199997 0.442 0.442 0.442 -0.228 -0.228 -0.228 -0.228 -0.228 -0.22807859 -0.94793899 -0.948 -0.948 -0.948 -0.94797549 -0.72754937 -0.52820663 -0.528 -0.528 -0.52800001 -0.34 -0.34 -0.34 -0.34 -0.34 -0.132 -0.132 -0.132 -0.132 -0.10581331 -0.076 -0.032490905 -0.032 -0.296 -0.296
0.588 0.588 0.63199443 0.632 0.632 0.632 0.57307298 0.4 0.4 0.4 0.3 0.3 0.3 0.3 0.3 0.31199347 0.312 0.44196188 0.442 0.442 0.442 0.442 0.020205841 -0.228 -0.228 -0.228 -0.228 -0.22839798 -0.79 -0.79 -0.79 -0.79 -0.79 -0.88 -0.88 -0.88 -0.88 -0.88 -0.84 -0.84 -0.84 -0.84 -0.83999999 -0.13174118 -0.13199995 -0.132 -0.13198203 -0.12982359 -0.032 -0.032 -0.032 -0.29599852 -0.296
0.58800002 0.59780504 0.632 0.632 0.632 0.632 0.632 0.40009878 0.4 0.4 0.3 0.3 0.3 0.3 0.59138102 0.598 0.598 0.44200401 0.442 0.442 0.442 0.442 0.44199992 -0.228 -0.228 -0.228 -0.228 -0.68000009 -0.68000005 -0.70341067 -0.79 -0.79 -0.79 -0.88 -0.88 -0.88 -0.88 -0.87987403 -0.84 -0.84 -0.84 -0.84 -0.83998943 -0.026 -0.026 -0.026 -0.026 -0.026000484 -0.032 -0.032 -0.032 -0.032000225 -0.39846835
0.598 0.598 0.60606109 0.632 0.632 0.632 0.632 0.632 0.40009945 0.616 0.616 0.616 0.61525007 0.59799957 0.598 0.598 0.598 0.598 0.44199811 0.42579355 0.284 0.284 0.284 0.15428553 -0.21791542 -0.16395472 -0.11875274 -0.68 -0.68 -0.68 -0.68 -0.68 -0.67857635 -0.68865767 -0.694 -0.694 -0.694 -0.694 -0.81407614 -0.70200025 -0.702 -0.702 -0.702 -0.13799967 -0.026000029 -0.026 -0.026 -0.018 -0.031999776 -0.032 -0.032 -0.4 -0.4
0.598 0.598 0.61 0.61 0.61 0.63199267 0.632 0.632 0.616 0.616 0.616 0.616 0.616 0.598 0.598 0.598 0.598 0.598 0.284 0.284 0.284 0.284 0.284 -0.10199998 -0.102 -0.102 -0.102 -0.68 -0.68 -0.68 -0.68 -0.68 -0.218 -0.218 -0.694 -0.694 -0.694 -0.53602691 -0.536 -0.702 -0.702 -0.702 -0.70199995 -0.138 -0.138 -0.138 -0.018 -0.018 -0.018 -0.042 -0.042 -0.4 -0.4
0.598 0.598 0.61 0.61 0.61 0.61 0.60999912 0.45 0.61584371 0.616 0.616 0.616 0.616 0.59822453 0.598 0.598 0.598 0.598 0.28400001 0.284 0.284 0.284 0.284 -0.102 -0.102 -0.102 -0.102 -0.10200234 -0.68 -0.68 -0.68 -0.21802422 -0.218 -0.218 -0.218 -0.694 -0.536 -0.536 -0.536 -0.54036777 -0.44572542 -0.398 -0.398 -0.138 -0.138 -0.138 -0.018 -0.018 -0.018 -0.042 -0.042 -0.042 -0.21342243
0.548 0.54800039 0.61 0.61 0.61 0.61 0.45 0.45 0.45 0.616 0.616 0.616 0.616 0.6159944 0.598 0.598 0.598 0.598 0.28400552 0.284 0.284 0.284 -0.033999127 -0.102 -0.102 -0.102 -0.102 -0.12399998 -0.124 -0.12400001 -0.67401536 -0.218 -0.218 -0.218 -0.21799993 -0.142 -0.536 -0.536 -0.536 -0.536 -0.398 -0.398 -0.398 -0.244 -0.244 -0.244 -0.46395657 -0.018 -0.018 -0.042000002 -0.042 -0.042 -0.19399914
0.548 0.548 0.61 0.61 0.61 0.45 0.45 0.45 0.45 0.59779159 0.616 0.616 0.616 0.61599962 0.59600023 0.596 0.596 0.596 -0.01209899 0.258 0.258 0.258 0.258 -0.102 -0.102 -0.102 -0.10200145 -0.124 -0.124 -0.124 -0.124 -0.21797788 -0.1752522 -0.142 -0.142 -0.142 -0.5350505 -0.28200529 -0.282 -0.282 -0.39794204 -0.324 -0.324 -0.244 -0.244 -0.24400093 -0.464 -0.464 -0.328 -0.328 -0.328 -0.002 0.114
0.548 0.548 0.376 0.376 0.376 0.45 0.45 0.45 0.45 0.214 0.214 0.214 0.214 0.24092043 0.596 0.596 0.596 0.596 -0.022 0.258 0.258 0.258 0.258 0.154 0.1539999 -0.10199962 -0.124 -0.124 -0.124 -0.124 -0.090585834 -0.058 -0.13200515 -0.142 -0.142 -0.142 -0.282 -0.282 -0.282 -0.282 -0.324 -0.324 -0.324 -0.21403469 -0.214 -0.46287627 -0.464 -0.464 -0.32799839 -0.328 -0.002 -0.002 0.114
