interpolatedSpi/07-12|23_3.tif
NCOLS 53
NROWS 52
XLLCORNER -116.03883
YLLCORNER 28.596182
DX 0.49850594
DY 0.49788537
NODATA_VALUE -9999
[rows 0 to 28 of 52, columns 0 to 52 of 53]
-0.52333333 -0.52333333 -0.33233475 -0.245 -0.12333333 -0.49 -0.495 -0.41666667 -1.045838 -1.3166667 -0.71333333 -1.0466667 -1.5015953 -0.635 -0.20166667 -0.20166667 -0.20166667 -1.0183333 -0.40833333 -0.40833333 -0.40833333 -0.40833658 -0.745 -0.61833333 -0.61833333 -0.61833333 -1.7316695 -1.7316667 -1.7316667 -1.9216667 -1.9216667 -1.9216667 -1.9216667 -1.1500002 -1.15 -1.15 -1.15 -1.15 -1.15 -1.15 -0.28432347 -0.27509039 -0.63 -0.63 -0.63 -0.63 -0.62877499 0.12 0.12 0.12 2.492279e-07 2.7755576e-17 2.7755576e-17
-0.52334925 -0.88166667 -0.24166728 -0.30688916 -0.31183197 -0.85333333 -0.87666667 -0.78341467 -1.2516667 -0.75833333 -1.2583333 -1.5016667 -1.5016667 -1.2977826 -0.6350042 -0.20166667 -1.0183333 -1.0183333 -0.40912869 -0.40833333 -0.40833333 -0.40833333 -0.65509157 -0.61833333 -0.61833333 -0.61833333 -0.45666668 -0.45666667 -1.9216667 -1.9216667 -1.9216667 -1.9216667 -1.9216667 -1.1500001 -1.15 -1.15 -1.15 -1.15 -1.1499999 -0.89405956 0.43655474 -0.500569 -0.63 -0.63 -0.63 -0.63 -0.63 0.12 0.12 0.12 0.11004949 2.7755576e-17 2.7755576e-17
0.47996526 0.48 -0.77 -0.38 -0.76 0.11 -0.16 -0.11333333 -0.85166667 -0.89833333 -1.0683333 -0.95 -1.2566667 -1.84 -1.3 -1.5316667 -1.0183333 -1.0183333 -1.0183333 -0.6166061 -0.61666667 -0.61666667 -1.3166667 -0.61833333 -0.61833333 -0.61833333 -0.45666667 -0.45666667 -0.45666667 -1.9216667 -1.9216667 -1.9216666 -1.5766633 -1.1483062 -1.1419022 -0.28797222 -0.28 -0.28 -0.18986222 0.43666666 0.43666667 0.43530267 -0.63 -0.63 -0.63 -0.63 -0.63 0.12 0.12 0.12 0.12 2.7755576e-17 2.7755576e-17
0.35 0.47999986 -0.22514451 -0.24333333 -1.0183333 -0.83666667 -0.75166667 -1.1533333 -0.525 -1.0284273 -1.2316667 -1.5466667 -1.5366667 -1.84 -1.5566667 -1.5316667 -1.1380349 -1.1349183 -0.785 -0.61666667 -0.61666667 -0.91166667 -1.3166667 -1.3166667 -0.61833333 -0.61833253 -0.45666667 -0.45666667 -0.45666667 -1.1983333 -1.2019912 -1.205 -1.205 -1.2049993 -0.28 -0.28 -0.28 -0.28 0.43666667 0.43666667 0.43666667 0.43666663 -0.63 -0.63 -0.63 -0.63 -0.63 0.11999054 0.12 0.12 0.12 -5.2969481e-05 -6.0764917e-10
0.35 -0.33833313 -0.225 -0.56384203 -1.0183333 -0.98333333 -1.0983022 -1.3133333 -1.3966667 -1.0816668 -1.4408015 -1.6031791 -0.52666667 -1.5566667 -1.5566667 -1.5337071 -1.135 -1.135 -0.785 -0.785 -0.61666726 -0.91166667 -0.82166667 -0.47 -0.59833333 -0.59832667 -0.45666667 -0.45666667 -1.1983333 -1.1983333 -1.205 -1.205 -1.205 -1.0390556 -0.28 -0.28 -0.28 0.43666667 0.43666667 0.43666667 0.43666667 0.43656048 -0.63 -0.63 -0.63 -0.63 -0.63 -0.62332407 0.12 0.1199219 -1.6216667 -1.6216667 -1.6216667
-1.52 -0.69833333 -0.45666664 0.0016666665 -0.475 -0.965 -1.3066667 -1.3075202 -1.5233333 -1.725 -1.6483333 -1.2616667 -1.2616662 -1.5683333 -1.5683333 -0.89821302 -0.89833333 -1.1833333 -1.1833333 -0.78499987 -0.93666667 -0.93666667 -0.47 -0.59833333 -0.59833333 -0.57 -1.03 -1.03 -0.8000363 -1.1983333 -1.205 -1.205 -0.325 -0.32501236 -0.44332473 0.096666666 0.096666667 0.33147991 0.43666667 0.43666667 -0.6619614 -0.66333333 -0.66333218 -0.36312899 -0.35836336 -0.35833341 -0.35833334 -0.35833345 -1.4325331 -1.6216667 -1.6216667 -1.6216667 -1.6216667
-0.52166261 -0.765 -0.18152197 -0.29166667 -0.50333333 -1.425 -0.89833334 -1.215 -1.86 -1.86 -1.6483333 -1.8216667 -1.4949999 -1.5683333 -0.4000035 -0.4 -0.89833333 -0.36166667 -0.64 -0.64 -0.75208792 -0.545 -0.545 -0.63166667 -0.57 -0.57 -1.03 -1.03 -0.80000544 -0.80010014 -0.29518513 -0.325 -0.325 -0.44333333 -0.44333333 -0.31362883 0.096666667 0.096666667 -0.364984 -0.66333292 -0.66333333 -0.66333333 -0.66332744 -0.35833561 -0.35833333 -0.35833333 -0.35833333 -0.35833399 -1.455 -1.6216336 -1.6216667 -1.6216667 -1.6216667
-0.52166667 -0.81833333 -0.38833333 -0.63333333 -0.30835196 -1 -1.4333333 -1.385 -1.7866667 -2.0833333 -2.0833333 -1.17 -1.495 -1.495 -0.40751272 -0.69903187 -0.72833333 -0.35833333 -0.86666643 -0.64 -0.3546802 -0.28166667 -0.83166667 -0.31 -0.31001103 -1.165 -0.37 -0.37000023 -0.89300628 -0.89333332 -0.29333333 -0.64869701 -0.42333333 -0.44333333 -0.44846715 -0.65666667 -0.65666667 -0.365 -0.365 -0.66333333 -0.66333333 -0.66333332 -0.76444009 -0.76666665 -0.35833333 -0.35833333 -0.35833333 -1.4549583 -1.455 -1.455 -1.6216667 -1.6216667 -1.6216667
-0.87219235 -0.81833333 -0.47333333 -0.92833333 -0.275 -0.78166667 -0.42833333 -0.32 -1.3233333 -0.48469478 -0.61833333 -1.2583333 -1.2583333 -0.55833333 -0.55833363 -0.16490804 -0.16333333 -0.16333333 -0.43593119 -1.265 -1.1416667 -1.1416667 -0.98166667 -0.8907792 -1.0788386 -1.165 -0.34666667 -0.37 -0.7494488 -0.75166667 -0.71166667 -0.91 -0.68167582 -1.165 -0.62333333 -0.81333333 -0.70333333 0.21 -0.019893795 -0.66123536 -0.19333333 -0.42 -0.76667914 -0.76666667 -0.76436835 -0.35833333 -0.74333331 -1.455 -1.455 -1.455 -1.455 -1.6370226 -0.62
-1.1733333 -1.1733333 -0.21666667 -0.12166667 -0.58833333 -0.18 -0.52333333 -1.1466667 -0.63666667 -0.27176423 -1.2833333 -0.086666667 -0.55833333 -0.55833333 -0.59 -0.58414807 -0.16333333 -0.16337552 -0.33166667 -1.265 -1.265 -1.2491105 -0.98166667 -1.0366656 -1.0366667 -1.0366667 -0.34666667 -0.043333334 -0.043333333 -0.75166667 -0.75166667 -0.9091402 -0.45666667 -1.165 -1.0233333 -0.81333333 -0.70333333 -0.34833333 -0.02 -0.10034315 -0.41999999 -0.57550701 -0.84333333 -0.76666667 -0.76666667 -0.74333333 -0.74333333 -0.74333333 -1.455 -1.455 -1.745 -1.745 -1.7449996
-1.1733333 -1.1733333 -0.575 -0.87666667 -0.68833333 -0.14166667 -0.83 -0.10631388 -0.295 0.31833333 0.265 0.135 -0.086372262 -0.59 -0.59 -0.58998981 -0.50166667 -0.49274427 -0.33166667 -0.43 -0.43 -0.545 -0.545 -1.0366667 -1.0366667 -1.0366667 -0.043333333 -0.043333333 -0.043333333 -0.45666667 -0.45666667 -0.45666667 -1.0333333 -1.0333333 -1.3683333 -0.98833333 -0.80666667 -0.38833947 -0.63666667 -0.10166667 -0.10166667 -0.77000024 -0.84333333 -0.76666667 -0.43666663 -0.30833333 -0.84456215 -0.845 -1.4233333 -1.4233333 -1.745 -1.745 -1.745
-1.1733333 -0.9150342 -0.70373193 -0.63499741 -0.34333333 -0.36333333 -0.83 -0.105 -0.29499841 0.31153834 0.13500024 0.135 -0.11333333 -0.59 -0.59 -0.50166667 -0.50166667 -0.50165699 -0.33166667 -0.43 -0.45258366 -0.545 -0.545 -1.0366461 -1.0366667 -0.81039804 -0.34833333 -0.34833333 -0.3483333 -0.45666667 -0.45666667 -0.51166667 -0.51166667 -1.0333343 -1.3683333 -0.71333365 -0.85530727 -0.38833333 -0.38833333 -0.10166669 -0.77 -0.77 -0.7699976 -0.43666667 -0.43666667 -0.30833333 -0.845 -0.845 -1.4233333 -1.4233333 -1.745 -1.745 -1.745
-0.48333333 -0.38851552 -0.36835184 -0.37026184 -0.34333358 -0.36333286 -0.82999999 -0.11392433 -0.28190706 -0.27898423 -0.11333333 -0.11333333 -0.11333333 -0.11333333 -0.58993248 -0.50166667 -0.50166667 -0.4994717 -0.33166667 -0.42980363 0.24666667 0.24666667 0.24666667 0.24666667 -1.0143794 -0.34833333 -0.34833333 -0.34833333 -0.34833333 -0.34820983 -0.51166667 -0.51166667 -0.51166667 -0.51166667 -0.71333333 -0.71333333 -0.71333333 -0.4048457 -0.3920135 -0.87833333 -0.87833333 -0.77000583 -0.76832198 -0.43669861 -0.43666667 -0.30833333 -0.845 -0.845 -1.4233333 -1.4233333 -1.743833 -1.745 -1.5902406
-0.48333333 -0.36833333 -0.36833333 -0.36833333 -0.36833333 -0.36833333 -0.82880537 -0.48698161 -0.24697622 -0.11351357 -0.11333333 -0.11333333 -0.11333333 -0.11333333 -0.11333295 -0.50166667 -0.50166664 -0.49000583 -0.33166716 0.24666667 0.24666667 0.24666667 0.24666667 0.24666667 0.26147184 0.17014106 0.32666653 0.32666667 0.32666667 0.32666667 -0.51166665 -0.51166667 -0.5116659 0.12166667 0.12166667 -0.71333333 -0.38926943 -0.38 -0.87833305 -0.87833333 -0.87833333 -0.87833333 -0.76833333 -0.76833333 -0.76833333 -0.76513215 -0.53028222 -0.52833333 -0.52833333 -0.52833333 -0.52833335 -1.1683335 -1.1683333
-0.50666667 -0.36833333 -0.36833333 -0.36833333 -0.36833333 -0.36833333 -0.36833336 -0.32539675 0.41659348 0.42 0.42 0.42 0.42 0.42 0.41999999 1.0142638 -0.47739764 -0.47838763 0.24659389 0.24666667 0.24666667 0.24666667 0.24666667 0.24666743 0.93166667 0.93166667 0.93166582 0.32666667 0.32666667 0.32779805 0.89166667 0.89166667 0.12166667 0.12166667 0.12166667 -0.29963814 -0.38 -0.38 -0.38 -0.87833333 -0.87833333 -0.87833333 -0.76833333 -0.76833333 -0.76833333 -0.76833333 -0.52833334 -0.52833333 -0.52833333 -0.52833333 -0.52833333 -1.1683333 -1.1683333
-0.50666667 -0.45516674 -0.36833333 -0.36833333 -0.36833333 -0.36833333 0.50982761 0.51 0.51 0.42 0.42 0.42 0.42 0.42 0.55383491 1.0266667 1.0266667 1.0266667 0.90133406 0.90333266 0.90333333 0.90333333 0.90333333 0.90333333 0.93166667 0.93166667 0.93166667 0.93166667 0.32666667 0.89166667 0.89166667 0.89166667 0.12166674 0.12166667 0.12166667 0.335 -0.37905332 -0.38 -0.38 -0.87822953 -0.67140693 -0.18873391 -0.76833333 -0.76833333 -0.81984055 -0.82 -0.82 -0.52864944 -0.71933021 -0.71999998 -0.71999996 -0.77672594 -1.1683325
-0.50666667 -0.083349391 -0.21820634 -0.36833333 -0.36833333 0.50948104 0.51 0.51 0.51 0.50935143 0.42 0.42 0.42 0.42000007 1.0266667 1.0266667 1.0266667 1.0266667 0.9034435 0.90333333 0.90333333 0.90333333 0.90333333 0.90333333 0.93166667 0.93166667 0.93166667 0.93166667 0.93152117 0.89166667 0.89166667 0.89166667 0.94166667 0.12170816 0.335 0.335 0.335 0.33681551 -0.19888378 -0.18666667 -0.18666667 -0.18666667 -1.0766667 -1.0766667 -0.82 -0.82 -0.82 -0.72 -0.72 -0.72 -0.72 -0.77666667 -0.77666667
-0.071794372 -0.071666667 -0.071666667 -0.071666659 0.68166667 0.51000443 0.51 0.51 0.51 0.51 0.44927387 0.42000504 0.42000001 1.0266667 1.0266667 1.0266667 1.0266667 1.0266667 1.0438276 0.90333333 0.90333333 0.90333333 0.90333333 0.90333333 0.91990063 0.92500004 0.925 0.925 0.925 0.89166667 0.94166667 0.94166667 0.94166667 0.94166667 0.335 0.33500448 0.505 0.505 -0.17803018 -0.18666667 -0.18666667 -0.18666667 -1.0766667 -1.0766667 -0.85974084 -0.82 -0.82 -0.72 -0.72 -0.72 -0.72060761 -0.77666667 -0.77666667
-0.071666667 -0.071666667 -0.071666667 0.28308924 0.68166667 0.68166667 0.51 0.51 0.51 0.51 0.80666667 0.80666667 0.80666667 1.0266667 1.0266667 1.0266667 1.0266667 1.0267694 1.4516667 1.4516667 0.90333356 0.90333333 0.90085818 0.80166667 0.80277698 0.925 0.925 0.925 0.925 0.94166497 0.94166667 0.94166667 0.94166667 0.94166667 0.5049994 0.505 0.505 0.505 0.50256839 -0.18666667 -0.18666667 -0.18666667 -1.0766667 -1.0766667 -1.0766667 -0.82 -0.82 -0.72 -0.72 -0.72 -0.77666667 -0.77666667 -0.77666667
-0.071666667 -0.071666667 -0.071666667 0.68166667 0.68166667 0.68166667 0.6816664 0.51 0.51 0.80636042 0.80666667 0.80666667 0.80666667 0.80680375 1.5298576 1.6483333 1.6483333 1.6483333 1.4516667 1.4516667 1.4516667 0.80166667 0.80166667 0.80166667 0.80168347 0.89178013 0.925 0.925 0.925 1.0334748 1.0549889 1.055 1.055 1.055 0.51333693 0.52333329 0.52333333 0.52333333 0.52333333 -0.54995029 -0.55 -0.55 -1.0766667 -1.0766667 -0.77000128 -0.76999997 -0.685 -0.685 -0.37 -0.37 -0.37 -0.77666667 -0.45362243
-0.071665405 -0.071666667 -0.071666639 0.68166667 0.68166667 0.68166667 0.68166667 0.58166665 0.51028655 0.80648531 0.80666667 0.80666667 0.80666667 0.80831825 1.6483333 1.6483333 1.6483333 1.6483333 1.4516667 1.4516667 1.4516667 0.80166667 0.80166667 0.80166667 0.86166667 0.86166667 1.24 1.24 1.24 1.2389908 1.055 1.055 1.055 1.055 0.78931265 0.52333333 0.52333333 0.52333333 0.52333333 -0.55 -0.55 -0.55 -0.55692204 -0.77 -0.77 -0.77 -0.685 -0.685 -0.37 -0.37 -0.37 -0.45333333 -0.45333333
0.335 0.16221456 0.655 0.65500774 0.68166667 0.58224526 0.58166667 0.58166667 0.62782129 0.60666667 0.60666667 0.60666667 0.60666667 1.5533025 1.5533333 1.6483333 1.6483333 1.6431515 1.4516667 1.4516667 1.4516667 1.1383333 1.1383333 1.1383333 0.86166667 0.86166667 1.24 1.24 1.24 1.2400002 1.5499969 1.5499986 1.0674411 1.0555307 0.56056623 0.56 0.56 0.56 0.56 -0.55 -0.55 -0.55 -0.75788569 -0.77 -0.77 -0.77000003 -0.685 -0.685 -0.68498866 -0.37 -0.37002154 -0.85166667 -0.45333333
0.60328238 0.60333334 0.655 0.655 0.655 0.58166667 0.58166667 0.58166667 0.70833333 0.70833333 0.60666667 0.60666667 0.60666667 1.5533333 1.5533333 1.5533333 1.5533333 1.5533224 1.4516667 1.4516667 1.4516667 1.1383333 1.1383333 1.1383333 0.86166667 0.86166667 1.24 1.24 1.24 1.5465047 1.55 1.55 1.55 1.55 0.56048851 0.56 0.56 0.56 0.56 0.083333169 0.083333333 0.083333333 0.083333333 -0.77000127 -0.935 -0.935 -0.935 -1.005 -1.005 -1.005 -0.85166667 -0.85166667 -0.85166667
0.60333333 0.60333333 0.655 0.655 0.655 0.58205212 0.58166667 0.70833333 0.70833333 0.70833333 0.60667918 0.60666667 0.51269732 1.5533331 1.5533333 1.5533333 1.5533333 0.405 0.405 0.405 0.95833334 0.95833347 1.1383325 1.1383333 1.1382804 1.18 1.18 1.1800001 1.2399903 1.4116942 1.4116674 1.4116908 1.5497636 1.5498806 0.73623121 0.56000001 0.56006702 0.58 0.58 0.083333333 0.083333333 0.083333333 0.083333333 -0.935 -0.935 -0.935 -0.935 -1.005 -1.005 -1.005 -0.85166667 -0.85166667 -0.85166667
0.60333333 0.60333333 0.655 0.655 0.655 0.655 0.6290743 0.70833333 0.70833333 0.70833333 0.70821365 0.49166667 0.49166667 0.49166667 1.5470767 1.5533333 0.41265221 0.405 0.405 0.405 0.95833333 0.95833333 0.95833333 0.95833333 1.18 1.18 1.18 1.18 1.18 1.4116667 1.4116667 1.4116667 1.4116667 1.4116649 0.55666667 0.58 0.58 0.58 0.58 0.57999638 -0.48666667 -0.48666667 -0.48666667 -0.6238831 -0.90833333 -0.90833333 -0.90833333 -1.005 -1.005 -1.0433333 -1.0433333 -0.31679682 -0.31666667
0.60333333 0.60333333 0.63635196 0.655 0.655 0.65499999 0.39389231 0.70734063 0.70833333 0.70833333 0.4916666 0.49166667 0.49166667 0.49166667 0.49166667 0.57867517 0.405 0.405 0.405 0.405 0.95832905 0.95833333 0.95833333 0.95833333 1.18 1.18 1.18 1.18 1.18 0.4350126 1.4116667 1.4116667 1.4116667 0.55666667 0.55666667 0.55668479 0.58 0.58 0.059429873 -0.34499992 -0.48666667 -0.48666667 -0.48666667 -0.62209608 -0.90833333 -0.90833333 -0.90833333 -0.9 -1.0415474 -1.0433333 -1.0433333 -0.31666667 -0.31666667
0.61 0.61 0.61 0.64371726 0.65436928 0.39333333 0.39333333 0.39333333 0.39333333 0.16333334 0.16333333 0.49166664 0.49166667 0.49166667 0.49166667 0.49166113 0.405 0.405 0.405 0.405 0.71687662 0.95833333 0.95833333 0.95104923 0.70226444 1.18 1.18 1.18 0.09 0.09 0.09 0.090005548 0.55666667 0.55666667 0.55666667 0.55666667 -0.345 -0.345 -0.345 -0.345 -0.75833333 -0.75833333 -0.75833333 -0.89666389 -0.89666667 -0.89666667 -0.89666667 -0.9 -0.9 -1.0431587 -1.0433333 -0.31666818 -0.31666667
0.61 0.61 0.61 0.60997918 0.22333333 0.24805413 0.39333333 0.39333333 0.39333333 0.16333333 0.16333333 0.16333333 -0.58999995 -0.59 -0.59 -0.58999999 0.40265527 0.405 0.405 0.405 0.41337531 0.68000076 0.68 0.68 0.68 0.67999998 -0.081666657 -0.081666667 0.09 0.09 0.09 0.09 0.55666641 0.55666667 0.55666667 0.55663775 -0.345 -0.345 -0.345 -0.34489033 -0.75833333 -0.75833333 -0.75833333 -0.89666025 -0.89666667 -0.89666667 -0.89666667 -0.9 -0.9 -0.89999996 -0.61666667 -0.61666667 -0.185
0.61 0.61 0.61 0.22333422 0.22333333 0.22333333 0.39333327 0.39333333 0.39333333 0.16333333 0.16333333 0.16333333 -0.59 -0.59 -0.59 -0.61170547 -0.875 -0.875 -0.87499669 0.39777023 0.68 0.68 0.68 0.68 0.68 0.67942681 -0.081666667 -0.081666667 -0.081666666 0.09 0.09 0.089866977 0.20166667 0.20166667 0.20166667 -0.24 -0.24 -0.32 -0.32 -0.32 -0.65833333 -0.75830197 -0.75833068 -0.40333333 -0.40333333 -0.42203011 -0.89666537 -0.9 -0.9 -0.61666667 -0.61666667 -0.61666667 -0.185
