interpolatedSpi/07-12|20_2.tif
NCOLS 53
NROWS 52
XLLCORNER -116.03883
YLLCORNER 28.596182
DX 0.49850594
DY 0.49788537
NODATA_VALUE -9999
[rows 0 to 27 of 52, columns 0 to 52 of 53]
-0.50166667 -0.50166667 -0.36201566 -0.87166667 -0.25833333 -0.058333333 0.15333333 0.46333333 -0.12725929 -0.29 -0.32166667 0.35333333 0.093347469 0.265 -0.041666667 -0.041666667 -0.041666667 0.056666667 0.21166667 0.21166667 0.21166667 0.21166077 -0.39999999 0.32166667 0.32166667 0.32166667 0.60499777 0.605 0.605 0.31 0.31 0.31 0.31 -0.55333316 -0.55333333 -0.55333333 -0.55333333 -0.55333333 -0.55333333 -0.55333327 1.8689095 1.8947873 1.0616667 1.0616667 1.0616667 1.0616667 1.0614081 0.90333333 0.90333333 0.90333333 1.2483326 1.2483333 1.2483333
-0.50167444 -0.67666667 -0.45166633 -0.35543675 -0.14349864 0.14833333 0.27333333 0.023489629 -0.39833333 0.13 0.16833333 0.093333333 0.093333333 0.47097754 0.26499979 -0.041666667 0.056666667 0.056666667 0.21146457 0.21166667 0.21166667 0.21166667 0.286663 0.32166667 0.32166667 0.32166667 -0.049999974 -0.05 0.31 0.31 0.31 0.31 0.31 -0.55333321 -0.55333333 -0.55333333 -0.55333333 -0.55333333 -0.55333319 -0.3364358 0.65833033 1.0127257 1.0616667 1.0616667 1.0616667 1.0616667 1.0616667 0.90333333 0.90333333 0.90333333 0.93194106 1.2483333 1.2483333
-0.30500825 -0.305 -0.15666667 0.33 0.09 -0.23333333 0.185 -0.16 0.18333333 0.19166667 0.41 0.058333333 -0.36833333 0.48333333 0.47166667 0.76833333 0.056666667 0.056666667 0.056666667 0.11169574 0.11166667 0.11166667 -0.34333333 0.32166667 0.32166667 0.32166667 -0.05 -0.05 -0.05 0.31 0.31 0.30999994 -0.30859909 -0.54970736 -0.53481068 1.4184314 1.4366667 1.4366667 1.3387728 0.65833334 0.65833333 0.6588491 1.0616667 1.0616667 1.0616667 1.0616667 1.0616667 0.90333333 0.90333333 0.90333333 0.90333333 1.2483333 1.2483333
0.031666667 -0.30499994 0.014941789 0.41166667 -0.055 0.023333333 0.37 -0.36333333 0.29666667 0.32833872 0.64166667 0.39333333 0.20666667 0.48333333 0.42833333 0.76833333 -0.16116694 -0.16817569 -0.35166667 0.11166667 0.11166667 -0.45 -0.34333333 -0.34333333 0.32166667 0.32166481 -0.05 -0.05 -0.05 -0.72 -0.85991282 -0.975 -0.975 -0.9749981 1.4366667 1.4366667 1.4366667 1.4366667 0.65833333 0.65833333 0.65833333 0.65833335 1.0616667 1.0616667 1.0616667 1.0616667 1.0616667 0.90333533 0.90333333 0.90333333 0.90333333 1.2482533 1.2483333
0.031666667 0.059999917 0.015 0.15618192 -0.055 0.29333333 0.076699977 -0.091666667 -0.41166667 0.21333318 0.41160262 0.50335912 0.68333333 0.42833333 0.42833333 0.64111045 -0.16833333 -0.16833333 -0.35166667 -0.35166667 0.11166553 -0.45 -0.81 -0.30166667 -0.3 -0.29996525 -0.05 -0.05 -0.72 -0.72 -0.975 -0.975 -0.975 -0.84519885 1.4366667 1.4366667 1.4366667 0.65833333 0.65833333 0.65833333 0.65833333 0.65828893 1.0616667 1.0616667 1.0616667 1.0616667 1.0616667 1.0602573 0.90333333 0.90323895 -1.2016667 -1.2016667 -1.2016667
-1.1216667 -0.17 0.42499999 0.305 0.30166667 0.35166667 0.09 0.066741464 -0.015 -0.22833333 0.44166667 -0.33166667 -0.331666 0.80833333 0.80833333 -0.2515874 -0.25166667 -0.33166667 -0.33166667 -0.35166644 -0.56833333 -0.56833333 -0.30166667 -0.3 -0.3 -0.15166667 -0.49833333 -0.49833333 -0.42502664 -0.72 -0.975 -0.975 -0.28666667 -0.28670655 -0.66830598 -0.54666667 -0.54666667 0.28553908 0.65833333 0.65833333 0.19890705 0.19833333 0.19833458 -0.71147014 -0.74313384 -0.74333285 -0.74333327 -0.74333265 -0.64481628 -1.2016667 -1.2016667 -1.2016667 -1.2016667
-0.27333599 -0.25333333 -0.74311619 -0.078333333 0.24 -0.26833333 0.098333339 0.20333333 -0.14833333 -0.14833333 0.44166667 -0.21666667 0.72999977 0.80833333 0.076668859 0.076666667 -0.25166667 0.285 -0.098333334 -0.098333333 -0.6547319 -0.75166667 -0.75166667 -0.38833333 -0.15166667 -0.15166667 -0.49833333 -0.49833333 -0.42499359 -0.42488198 -0.43130704 -0.28666667 -0.28666667 -0.66833333 -0.66833333 -0.76270722 -0.54666667 -0.54666667 -0.99331785 0.19833167 0.19833333 0.19833333 0.19833832 -0.74333244 -0.74333333 -0.74333333 -0.74333333 -0.74333325 -0.60333333 -1.2015481 -1.2016667 -1.2016667 -1.2016667
-0.27333333 -0.61666667 -0.41333333 -0.83666667 -1.1249835 -0.70666667 0.20333333 -0.51166665 -0.22833333 -0.038333333 -0.038333333 -0.10333333 0.73 0.73 0.081149139 -0.03262417 -0.043333333 0.011666667 -0.43666632 -0.098333333 -0.61636527 -0.58 -0.8 -0.67333333 -0.67333864 -1.085 -0.76 -0.75999991 -0.31538546 -0.315 -0.43166667 -0.78135604 -0.76833333 -0.66833333 -0.669902 -0.94333333 -0.94333333 -0.99333333 -0.99333333 0.19833333 0.19833333 0.19833334 -0.58147265 -0.58333334 -0.74333333 -0.74333333 -0.74333333 -0.60333866 -0.60333333 -0.60333333 -1.2016667 -1.2016667 -1.2016667
-0.70870743 -0.61666666 -0.22166667 -0.75666667 -0.39333333 -0.52833333 -0.29666667 -0.10833333 0.25 0.38556439 0.60333333 0.24166666 0.24166667 0.045 0.045000329 -0.24609996 -0.24666667 -0.24666667 -0.056772104 -0.77333338 -1.0083333 -1.0083333 -0.45166667 -0.66272756 -1.0435149 -1.085 -0.83166667 -0.76 -0.88924457 -0.89 -0.785 -0.38333333 -0.43705773 -0.675 -0.72333333 -0.79666667 -0.80166667 -1.0533333 -0.9583772 0.20071401 0.73166667 -0.39333333 -0.58330864 -0.58333333 -0.5842339 -0.74333333 -0.93499999 -0.60333334 -0.60333333 -0.60333333 -0.60333333 -1.115134 -0.086666667
-1.2233333 -1.2233333 -0.695 -0.44166667 -0.60333333 -0.25166667 -0.015 0.031666667 0.255 0.42001441 0.165 0.61333333 0.045 0.045 0.08 0.075519619 -0.24666667 -0.24660987 0.033333333 -0.77333333 -0.77333333 -0.80360921 -0.45166667 -0.70332857 -0.70333333 -0.70333333 -0.83166667 -0.65333333 -0.65333333 -0.89 -0.89 -0.38353564 -0.49 -0.675 -0.51166667 -0.79666667 -0.80166667 -1.0483333 -0.95833333 -0.027009229 -0.39333328 -0.40741468 -0.43166667 -0.58333333 -0.58333333 -0.935 -0.935 -0.935 -0.60333333 -0.60333333 -0.50666667 -0.50666667 -0.50666651
-1.2233333 -1.2233333 -0.73666667 -0.545 -1.015 -0.27333333 -0.40666666 0.094807851 -0.033333333 -0.145 0.23833333 0.15 0.61271566 0.08 0.08 0.079959432 -0.27166667 -0.25565884 0.033333333 -0.37 -0.37 -0.45833333 -0.45833333 -0.70333333 -0.70333333 -0.70333333 -0.65333333 -0.65333333 -0.65333333 -0.98166667 -0.98166667 -0.98166586 -0.87333333 -0.87333333 -0.64 -0.92333333 -0.80333333 -0.36832977 -0.66333333 -0.011666667 -0.011666667 0.053331739 -0.43166667 -0.58333333 -0.3400002 -0.54666667 -0.65288692 -0.65166667 -0.55666667 -0.55666667 -0.50666667 -0.50666667 -0.50666667
-1.2233333 -1.0131058 -0.65487566 -0.65666503 -0.23666667 -0.855 -0.40666667 0.095 -0.033332262 -0.14376287 0.14999962 0.15 0.085 0.08 0.08 -0.27166666 -0.27166667 -0.27164931 0.033333333 -0.37 -0.38734687 -0.45833333 -0.45833333 -0.70332346 -0.70333333 -0.83756049 -1.1116667 -1.1116667 -1.1116666 -0.98166667 -0.98166667 -0.93333333 -0.93333333 -0.87333269 -0.64 -0.47333371 -0.66649779 -0.36833333 -0.36833333 -0.011666665 0.053333333 0.053333333 0.053330413 -0.34 -0.34 -0.54666667 -0.65166667 -0.65166667 -0.55666667 -0.55666667 -0.50666667 -0.50666667 -0.50666667
-0.36833333 -0.10809136 -0.056685121 -0.061009907 -0.23666999 -0.8549854 -0.40666668 0.088824771 -0.024489854 -0.036249247 0.085 0.085 0.085 0.085 0.080000708 -0.27166667 -0.27166667 -0.26772863 0.033333333 -0.37001964 -0.44666667 -0.44666667 -0.44666667 -0.44666667 -0.69933779 -1.1116667 -1.1116667 -1.1116667 -1.1116667 -1.1115286 -0.93333333 -0.93333333 -0.93333333 -0.93333333 -0.47333333 -0.47333333 -0.47333333 -0.37290806 -0.36587989 -0.041666667 -0.041666667 0.053328223 0.13498374 -0.33995425 -0.34 -0.54666667 -0.65166667 -0.65166667 -0.55666666 -0.55666667 -0.50684806 -0.50666667 0.081140464
-0.36833333 -0.056666667 -0.056666667 -0.056666667 -0.056666667 -0.056666999 -0.40781422 -0.16931333 -0.00089630171 0.084869701 0.085 0.085 0.085 0.085 0.084999625 -0.27166666 -0.27166662 -0.25074575 0.033327529 -0.44666667 -0.44666667 -0.44666667 -0.44666667 -0.44666667 -0.44659723 -0.91577261 -0.88666671 -0.88666667 -0.88666667 -0.88666667 -0.93333333 -0.93333333 -0.93333322 -0.835 -0.835 -0.47333333 -0.2967185 -0.29166667 -0.041666811 -0.041666667 -0.041666667 -0.041666667 0.135 0.135 0.135 0.13025622 -0.043957911 -0.04 -0.04 -0.04 -0.040000009 0.91166637 0.91166667
-0.33166667 -0.056666667 -0.056666667 -0.056666667 -0.056666667 -0.056666667 -0.056666691 -0.40307179 -0.42940776 -0.43166667 -0.43166667 -0.43166667 -0.43166667 -0.43166667 -0.43166666 -0.19161113 -0.27029063 -0.22990198 -0.44660642 -0.44666667 -0.44666667 -0.44666667 -0.44666667 -0.44666677 -0.44333333 -0.44333333 -0.44333396 -0.88666667 -0.88666667 -0.8860893 -0.59833333 -0.59833333 -0.835 -0.835 -0.835 -0.37870265 -0.29166667 -0.29166667 -0.29166667 -0.041666667 -0.041666667 -0.041666667 0.135 0.135 0.135 0.135 -0.04 -0.04 -0.04 -0.04 -0.04 0.91166667 0.91166667
-0.33166667 -0.22928729 -0.056666667 -0.056666667 -0.056666667 -0.056666667 -0.68820936 -0.68833333 -0.68833333 -0.43166667 -0.43166667 -0.43166667 -0.43166667 -0.43166667 -0.37761795 -0.18666667 -0.18666667 -0.18666667 -0.53639207 -0.53666657 -0.53666667 -0.53666667 -0.53666667 -0.53666667 -0.44333333 -0.44333333 -0.44333333 -0.44333333 -0.88666667 -0.59833333 -0.59833333 -0.59833333 -0.83499998 -0.835 -0.835 -0.066666667 -0.29136876 -0.29166667 -0.29166667 -0.041637064 0.017668856 0.15607389 0.135 0.135 -0.011214045 -0.011666667 -0.011666667 -0.040163994 -0.13965055 -0.13999999 -0.13999998 0.06846093 0.91166495
-0.33166667 -0.34301996 -0.2017332 -0.056666667 -0.056666667 -0.68796011 -0.68833333 -0.68833333 -0.68833333 -0.68648372 -0.43166667 -0.43166667 -0.43166667 -0.43166664 -0.18666667 -0.18666667 -0.18666667 -0.18666667 -0.53635402 -0.53666667 -0.53666667 -0.53666667 -0.53666667 -0.53666667 -0.44333334 -0.44333333 -0.44333333 -0.44333333 -0.44389712 -0.59833333 -0.59833333 -0.59833333 -0.26166667 -0.83490801 -0.066666667 -0.066666667 -0.066666667 -0.069376596 0.1282697 0.15666667 0.15666667 0.15666667 -0.023333333 -0.023333333 -0.011666667 -0.011666667 -0.011666667 -0.14 -0.14 -0.14 -0.14 0.068333333 0.068333333
-0.34329668 -0.34333333 -0.34333333 -0.34333334 -0.69666667 -0.68833355 -0.68833333 -0.68833333 -0.68833333 -0.68833333 -0.42573629 -0.43166565 -0.43166666 -0.18666667 -0.18666667 -0.18666667 -0.18666667 -0.18666667 -0.2610303 -0.53666667 -0.53666667 -0.53666667 -0.53666667 -0.53666667 -0.41501765 -0.29000083 -0.29 -0.29 -0.29 -0.59833332 -0.26166667 -0.26166667 -0.26166667 -0.26166667 -0.066666667 -0.066673119 -0.31166667 -0.31166667 0.15081883 0.15666667 0.15666667 0.15666667 -0.023333333 -0.023333333 -0.013473068 -0.011666667 -0.011666667 -0.14 -0.14 -0.14 -0.13776612 0.068333333 0.068333333
-0.34333333 -0.34333333 -0.34333333 -0.50972327 -0.69666667 -0.69666667 -0.68833333 -0.68833333 -0.68833333 -0.68833333 -0.35333333 -0.35333333 -0.35333333 -0.18666667 -0.18666667 -0.18666667 -0.18666667 -0.18677271 -0.93 -0.93 -0.53666683 -0.53666667 -0.53954759 -0.655 -0.65171406 -0.29 -0.29 -0.29 -0.29 -0.26166955 -0.26166667 -0.26166667 -0.26166667 -0.26166667 -0.31166581 -0.31166667 -0.31166667 -0.31166667 -0.31000972 0.15666667 0.15666667 0.15666667 -0.023333333 -0.023333333 -0.023333333 -0.011666667 -0.011666667 -0.14 -0.14 -0.14 0.068333333 0.068333333 0.068333333
-0.34333333 -0.34333333 -0.34333333 -0.69666667 -0.69666667 -0.69666667 -0.69666665 -0.68833333 -0.68833333 -0.35367915 -0.35333333 -0.35333333 -0.35333333 -0.3532295 -0.70604605 -0.82833333 -0.82833333 -0.82833333 -0.93 -0.93 -0.93 -0.655 -0.655 -0.655 -0.65496265 -0.4115148 -0.29 -0.29 -0.29 -0.14172357 -0.11334792 -0.11333333 -0.11333333 -0.11333333 -0.24081647 -0.14166705 -0.14166667 -0.14166667 -0.14166667 -0.35492999 -0.355 -0.355 -0.023333333 -0.023333333 -0.04499991 -0.045000062 -0.22 -0.22 -0.18833333 -0.18833333 -0.18833333 0.068333333 0.30478839
-0.34333318 -0.34333333 -0.34333335 -0.69666667 -0.69666667 -0.69666667 -0.69666667 -0.87999994 -0.68909969 -0.35352527 -0.35333333 -0.35333333 -0.35333333 -0.35426541 -0.82833333 -0.82833333 -0.82833333 -0.82833336 -0.93 -0.93 -0.93 -0.655 -0.655 -0.655 -0.52166667 -0.52166667 -0.50833333 -0.50833333 -0.50833333 -0.50617848 -0.11333333 -0.11333333 -0.11333333 -0.11333333 -0.12749229 -0.14166667 -0.14166667 -0.14166667 -0.14166667 -0.355 -0.355 -0.355 -0.34524621 -0.045 -0.045 -0.045 -0.22 -0.22 -0.18833333 -0.18833333 -0.18833333 0.30499998 0.305
-0.295 -0.32535687 -0.48 -0.48006286 -0.69666667 -0.87893924 -0.88 -0.88 -0.84538403 -0.56500001 -0.565 -0.565 -0.565 -0.97998649 -0.98 -0.82833345 -0.82833333 -0.8310121 -0.93 -0.93 -0.93 -0.97833333 -0.97833333 -0.97833333 -0.52166667 -0.52166667 -0.50833333 -0.50833333 -0.50833333 -0.50833309 -0.17499961 -0.17499983 -0.11488323 -0.11339944 -0.58445906 -0.585 -0.585 -0.585 -0.585 -0.355 -0.355 -0.355 -0.062069912 -0.045 -0.045 -0.045000065 -0.22 -0.22 -0.21999886 -0.18833333 -0.18830531 0.43833333 0.305
-0.61993828 -0.61999998 -0.48 -0.48 -0.48 -0.88 -0.88 -0.88 -0.785 -0.785 -0.565 -0.565 -0.565 -0.98 -0.98 -0.98 -0.98 -0.97999387 -0.93 -0.93 -0.93 -0.97833333 -0.97833333 -0.97833333 -0.52166667 -0.52166667 -0.50833333 -0.50833333 -0.50833333 -0.17875836 -0.175 -0.175 -0.175 -0.175 -0.58479769 -0.585 -0.585 -0.585 -0.585 -0.86666653 -0.86666667 -0.86666667 -0.86666667 -0.0450028 -0.41 -0.41 -0.41 0.031666667 0.031666667 0.031666667 0.43833333 0.43833333 0.43833333
-0.62 -0.62 -0.48 -0.48 -0.48 -0.87789753 -0.88 -0.785 -0.785 -0.785 -0.56502708 -0.565 -1.1587773 -0.98000007 -0.98 -0.98 -0.98 -1.3466667 -1.3466667 -1.3466667 -1.2533333 -1.2533331 -0.97833467 -0.97833333 -0.97837803 -1.27 -1.27 -1.2699982 -0.50845642 -0.37496014 -0.37499894 -0.37496508 -0.17534182 -0.1751726 -0.51210796 -0.58500001 -0.58510054 -0.615 -0.615 -0.86666667 -0.86666667 -0.86666667 -0.86666667 -0.41 -0.41 -0.41 -0.41 0.031666667 0.031666667 0.031666667 0.43833333 0.43833333 0.43833333
-0.62 -0.62 -0.48 -0.48 -0.48 -0.48 -0.84444428 -0.785 -0.785 -0.785 -0.78527987 -1.2916667 -1.2916667 -1.2916667 -0.98183672 -0.98 -1.3442233 -1.3466667 -1.3466667 -1.3466667 -1.2533333 -1.2533333 -1.2533333 -1.2533333 -1.27 -1.27 -1.27 -1.27 -1.27 -0.375 -0.375 -0.375 -0.375 -0.37500064 -0.67833333 -0.615 -0.615 -0.615 -0.615 -0.61500033 -0.68 -0.68 -0.68 -0.61545909 -0.48166667 -0.48166667 -0.48166667 0.031666652 0.031666812 0.18166667 0.18166667 0.020101771 0.02
-0.62 -0.62 -0.53053017 -0.48 -0.48 -0.48000002 -1.5602885 -0.78744762 -0.785 -0.785 -1.2916667 -1.2916667 -1.2916667 -1.2916667 -1.2916667 -1.2661285 -1.3466667 -1.3466667 -1.3466667 -1.3466667 -1.2533341 -1.2533333 -1.2533333 -1.2533333 -1.27 -1.27 -1.27 -1.27 -1.27 -0.80605791 -0.375 -0.375 -0.375 -0.67833333 -0.67833333 -0.67828415 -0.615 -0.615 -0.57372958 -0.54166667 -0.68 -0.68 -0.68 -0.61532661 -0.48166667 -0.48166667 -0.48166667 -0.098333333 0.17817789 0.18166667 0.18166667 0.02 0.02
-1.395 -1.395 -1.395 -0.70941565 -0.48231377 -1.5616667 -1.5616667 -1.5616667 -1.5616667 -1.3766667 -1.3766667 -1.2916667 -1.2916667 -1.2916667 -1.2916667 -1.2916702 -1.3466667 -1.3466667 -1.3466667 -1.3466667 -1.294061 -1.2533333 -1.2533333 -1.2498876 -1.1282718 -1.27 -1.27 -1.27 -0.95833333 -0.95833333 -0.95833333 -0.95833088 -0.67833333 -0.67833333 -0.67833333 -0.67833333 -0.54166667 -0.54166667 -0.54166667 -0.54166667 -0.73 -0.73 -0.73 -0.21167709 -0.21166667 -0.21166667 -0.21166675 -0.098333333 -0.098333333 0.1813255 0.18166667 0.019998378 0.02
-1.395 -1.395 -1.395 -1.3950359 -2.0616667 -1.9889585 -1.5616667 -1.5616667 -1.5616667 -1.3766667 -1.3766667 -1.3766667 -1.53 -1.53 -1.53 -1.53 -1.3463797 -1.3466667 -1.3466667 -1.3466667 -1.3452442 -1.121667 -1.1216667 -1.1216667 -1.1216667 -1.1216667 -0.87666667 -0.87666667 -0.95833333 -0.95833333 -0.95833333 -0.95833333 -0.67833348 -0.67833333 -0.67833333 -0.67834976 -0.54166666 -0.54166667 -0.54166667 -0.5407235 -0.73 -0.73 -0.73 -0.2116907 -0.21166667 -0.21166667 -0.21166667 -0.098333333 -0.098333333 -0.098333361 -0.30166667 -0.30166667 -0.39333333
