interpolatedSpi/07-12|19_2.tif
NCOLS 53
NROWS 52
XLLCORNER -116.03883
YLLCORNER 28.596182
DX 0.49850594
DY 0.49788537
NODATA_VALUE -9999
[rows 0 to 28 of 52, columns 0 to 52 of 53]
0.72333333 0.72333333 0.41616808 0.24333333 0.595 0.445 0.49 0.495 0.23386151 -0.105 -0.245 0.43833333 0.079970219 -0.28166667 -0.175 -0.175 -0.175 -0.0016666667 0.15 0.15 0.15 0.14999591 -0.275 -0.12 -0.12 -0.12 -0.54333542 -0.54333333 -0.54333333 -0.086666667 -0.086666667 -0.086666667 -0.086666667 0.20999994 0.21 0.21 0.21 0.21 0.21 0.21 0.27925441 0.28002379 0.37333333 0.37333333 0.37333333 0.37333333 0.37181433 -0.55666667 -0.55666667 -0.55666667 0.97333016 0.97333333 0.97333333
0.72334148 0.90666667 0.39666728 0.40949732 0.76471072 0.29833333 0.55 0.10872886 0.255 0.23166667 0.54166667 0.080000001 0.08 0.27646603 -0.28165896 -0.175 -0.0016666667 -0.0016666667 0.14980225 0.15 0.15 0.15 -0.13456293 -0.12 -0.12 -0.12 -0.073333337 -0.073333334 -0.086666667 -0.086666667 -0.086666667 -0.086666667 -0.086666667 0.20999996 0.21 0.21 0.21 0.21 0.21000004 0.2860852 0.65498516 0.40751137 0.37333333 0.37333333 0.37333333 0.37333333 0.37333333 -0.55666667 -0.55666667 -0.55666667 -0.4297976 0.97333333 0.97333333
0.80833332 0.80833333 0.93 0.98166667 0.54166667 0.675 0.715 0.66333333 0.32333333 0.22166667 0.31 0.28333333 0.33166667 -0.056666667 0.27833333 -0.48333333 -0.0016666667 -0.0016666667 -0.0016666667 -0.01161967 -0.011666667 -0.011666667 -0.39666667 -0.12 -0.12 -0.12 -0.073333333 -0.073333333 -0.073333333 -0.086666667 -0.086666667 -0.086666676 -0.18214435 0.21059919 0.21474701 0.71532663 0.72 0.72 0.71182471 0.655 0.655 0.65463982 0.37333333 0.37333333 0.37333333 0.37333333 0.37333333 -0.55666667 -0.55666667 -0.55666667 -0.55666666 0.97333333 0.97333333
0.925 0.80833314 -0.15830653 0.78333333 0.10166667 0.725 0.335 0.21666667 -0.10833333 -0.049079004 -0.0083333333 -0.34 0.39166667 -0.056666667 0.13333333 -0.48333333 -0.13104942 -0.12824458 0.046666667 -0.011666667 -0.011666667 -0.395 -0.39666667 -0.39666667 -0.12 -0.11999977 -0.073333333 -0.073333333 -0.073333333 -0.74833333 -0.49411265 -0.285 -0.285 -0.28499921 0.72 0.72 0.72 0.72 0.655 0.655 0.655 0.65499999 0.37333333 0.37333333 0.37333333 0.37333333 0.37333333 -0.55665493 -0.55666667 -0.55666667 -0.55666667 0.97328564 0.97333333
0.925 0.82833152 -0.15833333 -0.31397286 0.10166667 0.078333333 0.061662212 0.15333333 0.20833333 0.24499982 0.043121153 -0.05328702 0.27 0.13333333 0.13333333 -0.27369971 -0.12833333 -0.12833333 0.046666667 0.046666667 -0.011667409 -0.395 -0.17 0.05 0.16666667 0.16676444 -0.073333333 -0.073333333 -0.74833333 -0.74833333 -0.285 -0.285 -0.285 -0.19951357 0.72 0.72 0.72 0.655 0.655 0.655 0.655 0.65499003 0.37333334 0.37333333 0.37333333 0.37333333 0.37333333 0.36505518 -0.55666667 -0.55666353 -0.48666667 -0.48666667 -0.48666667
-0.90333333 0.78833333 0.6066667 -0.10833333 0.18833333 0.37 -0.048333333 -0.022514224 0.085 0.065 0.31333333 0.11 0.11000011 0.13 0.13 0.35007806 0.35 0.085 0.085 0.046667062 -0.17833333 -0.17833333 0.05 0.16666667 0.16666667 0.585 -0.80333333 -0.80333333 -0.16005318 -0.74833333 -0.285 -0.285 0.16833333 0.16828701 -0.27496823 -0.33166667 -0.33166667 0.34975214 0.655 0.655 0.55179555 0.55166667 0.55166798 0.11792305 0.11336207 0.1133334 0.11333334 0.11333344 0.47755084 -0.48666667 -0.48666667 -0.48666667 -0.48666667
-0.2566681 0.75833333 0.51272362 0.87833333 1.0816667 1.8629918e-17 0.43333333 0.45666667 -0.12666667 -0.12666667 0.31333333 0.4 0.19500001 0.13 0.67333171 0.67333333 0.35 0.63 0.495 0.495 -0.052662696 0.088333333 0.088333333 0.73166666 0.585 0.585 -0.80333333 -0.80333333 -0.15998951 -0.15980687 0.20276649 0.16833333 0.16833333 -0.275 -0.275 0.16123257 -0.33166667 -0.33166667 -0.071675679 0.5516658 0.55166667 0.55166667 0.55167456 0.11333752 0.11333333 0.11333333 0.11333333 0.11333367 0.67833333 -0.4864358 -0.48666667 -0.48666667 -0.48666667
-0.25666667 -0.235 0.945 0.50333333 0.77331785 0.28666667 0.023333333 0.065000004 -0.075 0.20166667 0.20166667 0.225 0.195 0.195 0.67005152 0.53520186 0.52166667 0.635 0.25500025 0.495 0.45363144 0.445 0.36333333 0.22833333 0.22833374 0.26 0.33833333 0.33833293 0.019369255 0.020000003 0.20333333 0.25864142 0.045 -0.275 -0.24186787 0.57333333 0.57333333 -0.071666668 -0.071666667 0.55166667 0.55166667 0.55166668 0.86496293 0.8633333 0.11333333 0.11333333 0.11333333 0.67831183 0.67833333 0.67833333 -0.48666667 -0.48666667 -0.48666667
-0.19428966 -0.23499999 0.73 1.225 1.0616667 0.29333333 0.27833333 0.63166667 -0.155 0.29821038 0.025 0.10166667 0.10166667 0.115 0.11500382 0.22748886 0.22666667 0.22666667 0.57699241 0.54666667 0.54666667 0.54666667 0.65833333 0.47958798 0.25680884 0.26 0.31666667 0.33833333 0.49906055 0.5 0.31833333 0.93833333 0.91314724 1.0783333 0.88666667 0.77833333 0.59166667 0.41333333 0.73151967 0.55412174 1.1016667 1.1683333 0.8633621 0.86333333 0.85911193 0.11333333 0.73166663 0.67833333 0.67833333 0.67833333 0.67833333 -0.37377992 -0.18833333
0.033333333 0.033333333 0.32833333 0.71333333 0.27333333 0.10833333 0.24333333 0.48 0.405 0.41331193 0.21166667 0.25833333 0.115 0.115 0.52166667 0.51762061 0.22666667 0.22667421 0.20166667 0.54666667 0.54666667 0.54666669 0.65833333 0.32167304 0.32166667 0.32166667 0.31666667 0.97333333 0.97333333 0.5 0.5 0.9382385 0.88833333 1.0783333 1.05 0.77833333 0.59166667 0.51833333 0.73166667 1.2875098 1.1683333 1.1211914 1.04 0.86333333 0.86333333 0.73166667 0.73166667 0.73166667 0.67833333 0.67833333 0.42 0.42 0.41999977
0.033333333 0.033333333 -0.17666667 -0.57333333 -0.68833333 0.42666667 0.10166667 0.5514347 0.42666667 0.585 0.56833333 0.355 0.25846181 0.52166667 0.52166667 0.52169685 0.78333333 0.75280474 0.20166667 1.16 1.16 1.0983333 1.0983333 0.32166667 0.32166667 0.32166667 0.97333333 0.97333333 0.97333333 0.975 0.975 0.97499986 0.985 0.985 0.575 0.61666667 0.96833333 0.46166539 1.2666667 1.2966667 1.2966667 1.2533326 1.04 0.86333333 1.1416665 1.0433333 1.1050516 1.1066667 1.2166667 1.2166667 0.42 0.42 0.42
0.033333333 -0.057477964 -0.34593848 -0.5499911 -0.1 -0.083333333 0.10166667 0.55166667 0.42666771 0.58324586 0.3550003 0.355 0.7 0.52166667 0.52166667 0.78333332 0.78333333 0.78330023 0.20166667 1.16 1.1478899 1.0983333 1.0983333 0.32169799 0.32166667 0.61751427 1.2216667 1.2216667 1.2216666 0.975 0.975 0.79166667 0.79166667 0.98499888 0.575 1.0083332 0.86303433 0.46166667 0.46166667 1.2966667 1.2533333 1.2533333 1.2533325 1.1416667 1.1416667 1.0433333 1.1066667 1.1066667 1.2166667 1.2166667 0.42 0.42 0.42
-0.44 -0.11732826 -0.10668358 -0.10987262 -0.10000017 -0.083333727 0.10166666 0.54612742 0.43528045 0.43080117 0.7 0.7 0.7 0.7 0.52169193 0.78333333 0.78333333 0.77582309 0.20166667 1.1599915 1.1516667 1.1516667 1.1516667 1.1516667 0.33646584 1.2216667 1.2216667 1.2216667 1.2216667 1.2214799 0.79166667 0.79166667 0.79166667 0.79166667 1.0083333 1.0083333 1.0083333 0.48785018 0.46722447 1.2016667 1.2016667 1.2533306 0.76501289 1.1416304 1.1416667 1.0433333 1.1066667 1.1066667 1.2166667 1.2166667 0.42289022 0.42 -0.11439774
-0.44 -0.10666667 -0.10666667 -0.10666667 -0.10666667 -0.10666666 0.10119313 0.3145737 0.45826122 0.69970959 0.7 0.7 0.7 0.7 0.69999999 0.78333333 0.78333324 0.74343497 0.20167785 1.1516667 1.1516667 1.1516667 1.1516667 1.1516667 1.1541889 1.1351222 1.0666667 1.0666667 1.0666667 1.0666667 0.79166667 0.79166667 0.7916674 1.3983333 1.3983333 1.0083333 1.4360977 1.4483333 1.2016668 1.2016667 1.2016667 1.2016667 0.765 0.765 0.765 0.76693695 0.49068745 0.48666667 0.48666667 0.48666667 0.48666668 1.0499999 1.05
-0.40666667 -0.10666667 -0.10666667 -0.10666667 -0.10666667 -0.10666667 -0.10666665 0.15599186 0.68359493 0.685 0.685 0.685 0.685 0.685 0.685 0.82870692 0.78404863 0.70368379 1.1515474 1.1516667 1.1516667 1.1516667 1.1516667 1.1516669 1.2683333 1.2683333 1.268333 1.0666667 1.0666667 1.0671973 1.3316667 1.3316667 1.3983333 1.3983333 1.3983333 1.4403238 1.4483333 1.4483333 1.4483333 1.2016667 1.2016667 1.2016667 0.765 0.765 0.765 0.765 0.48666667 0.48666667 0.48666667 0.48666667 0.48666667 1.05 1.05
-0.40666667 -0.29498007 -0.10666667 -0.10666667 -0.10666667 -0.10666667 0.028306837 0.028333333 0.02833335 0.685 0.685 0.685 0.685 0.685 0.71735569 0.83166667 0.83166667 0.83166667 1.3842887 1.3849998 1.385 1.385 1.385 1.385 1.2683333 1.2683333 1.2683333 1.2683333 1.0666667 1.3316667 1.3316667 1.3316667 1.3983333 1.3983333 1.3983333 1.335 1.4481833 1.4483333 1.4483333 1.2016298 1.1278712 0.95573723 0.765 0.765 0.97435193 0.975 0.975 0.48706859 0.72914966 0.72999998 0.72999995 0.79337217 1.0499995
-0.40666667 -0.5412847 -0.32848351 -0.10666667 -0.10666667 0.028253569 0.028333333 0.028333333 0.028333333 0.033065461 0.685 0.685 0.685 0.68500002 0.83166667 0.83166667 0.83166667 0.83166667 1.3845057 1.385 1.385 1.385 1.385 1.385 1.2683333 1.2683333 1.2683333 1.2683333 1.2685637 1.3316667 1.3316667 1.3316667 1.6883333 1.3983339 1.335 1.335 1.335 1.3355581 0.9862445 0.955 0.955 0.955 0.87666667 0.87666667 0.975 0.975 0.975 0.73 0.73 0.73 0.73 0.79333333 0.79333333
-0.54487348 -0.545 -0.545 -0.545 -0.23833333 0.028326455 0.028333333 0.028333333 0.028333333 0.028333333 0.64071046 0.68499238 0.68499998 0.83166667 0.83166667 0.83166667 0.83166667 0.83166667 0.87935882 1.385 1.385 1.385 1.385 1.385 1.3993868 1.5116653 1.5116667 1.5116667 1.5116667 1.3316667 1.6883333 1.6883333 1.6883333 1.6883333 1.335 1.3350013 1.385 1.385 0.96036919 0.955 0.955 0.955 0.87666667 0.87666667 0.95977461 0.975 0.975 0.73 0.73 0.73 0.7306791 0.79333333 0.79333333
-0.545 -0.545 -0.545 -0.40058609 -0.23833333 -0.23833333 0.028333333 0.028333333 0.028333333 0.028333333 0.1 0.1 0.1 0.83166667 0.83166667 0.83166667 0.83166667 0.8316394 0.9 0.9 1.3849998 1.385 1.3827277 1.2916667 1.2936472 1.5116667 1.5116667 1.5116667 1.5116667 1.6883153 1.6883333 1.6883333 1.6883333 1.6883333 1.3849998 1.385 1.385 1.385 1.3834992 0.955 0.955 0.955 0.87666667 0.87666667 0.87666667 0.975 0.975 0.73000001 0.73 0.73 0.79333333 0.79333333 0.79333333
-0.545 -0.545 -0.545 -0.23833333 -0.23833333 -0.23833333 -0.23833293 0.028333333 0.028333333 0.099926019 0.1 0.1 0.1 0.10045586 0.69811197 0.66666667 0.66666667 0.66666667 0.9 0.9 0.9 1.2916667 1.2916667 1.2916667 1.2916662 1.3953971 1.5116667 1.5116667 1.5116667 1.5947918 1.5783442 1.5783333 1.5783333 1.5783333 1.4689925 1.5866662 1.5866667 1.5866667 1.5866667 0.95666644 0.95666667 0.95666667 0.87666667 0.87666667 0.99666617 0.99666674 1.19 1.19 1.1183333 1.1183333 1.1183333 0.79333333 1.0930651
-0.5450002 -0.545 -0.54499999 -0.23833333 -0.23833333 -0.23833333 -0.23833333 -0.27666658 0.027113824 0.099765749 0.1 0.1 0.1 0.10111196 0.66666667 0.66666667 0.66666667 0.66666673 0.9 0.9 0.9 1.2916667 1.2916667 1.2916667 1.29 1.29 1.3933333 1.3933333 1.3933333 1.3943426 1.5783333 1.5783333 1.5783333 1.5783333 1.5824977 1.5866667 1.5866667 1.5866667 1.5866667 0.95666667 0.95666667 0.95666667 0.95792522 0.99666667 0.99666667 0.99666667 1.19 1.19 1.1183333 1.1183333 1.1183333 1.0933333 1.0933333
-0.61 -0.56922714 -0.32833333 -0.32830722 -0.23833333 -0.27644487 -0.27666667 -0.27666667 -0.24508719 -0.15833333 -0.15833333 -0.15833333 -0.15833333 0.1149911 0.115 0.66666624 0.66666667 0.67281466 0.9 0.9 0.9 1 1 1 1.29 1.29 1.3933333 1.3933333 1.3933333 1.3933335 1.6566662 1.6566664 1.5803021 1.5784173 1.3319502 1.3316667 1.3316667 1.3316667 1.3316667 0.95666667 0.95666667 0.95666667 0.99446398 0.99666667 0.99666667 0.99666659 1.19 1.19 1.1899974 1.1183333 1.1183385 1.2333333 1.0933333
-0.22174041 -0.22166669 -0.32833333 -0.32833333 -0.32833333 -0.27666667 -0.27666667 -0.27666667 -0.19 -0.19 -0.15833333 -0.15833333 -0.15833333 0.115 0.115 0.115 0.115 0.11508921 0.9 0.9 0.9 1 1 1 1.29 1.29 1.3933333 1.3933333 1.3933333 1.6536976 1.6566667 1.6566667 1.6566667 1.6566667 1.331827 1.3316667 1.3316667 1.3316667 1.3316667 0.71666673 0.71666667 0.71666667 0.71666667 0.99666321 0.54666667 0.54666667 0.54666667 0.82333333 0.82333333 0.82333333 1.2333333 1.2333333 1.2333333
-0.22166667 -0.22166667 -0.32833333 -0.32833333 -0.32833333 -0.27693824 -0.27666667 -0.19 -0.19 -0.19 -0.15833723 -0.15833333 -0.4061945 0.11499987 0.115 0.115 0.115 -0.23666667 -0.23666667 -0.23666667 0.17166668 0.17166728 0.99999596 1 0.99993618 0.755 0.755 0.75500152 1.3932302 1.2667444 1.2666687 1.2667348 1.6560001 1.6563301 1.389296 1.3316663 1.3287679 0.46666667 0.46666667 0.71666667 0.71666667 0.71666667 0.71666667 0.54666667 0.54666667 0.54666667 0.54666667 0.82333333 0.82333333 0.82333333 1.2333333 1.2333333 1.2333333
-0.22166667 -0.22166667 -0.32833333 -0.32833333 -0.32833333 -0.32833333 -0.24422986 -0.19 -0.19 -0.19 -0.19015006 -0.46166667 -0.46166667 -0.46166667 0.11160157 0.115 -0.23432325 -0.23666667 -0.23666667 -0.23666667 0.17166667 0.17166667 0.17166667 0.17166667 0.755 0.755 0.755 0.755 0.755 1.2666667 1.2666667 1.2666667 1.2666667 1.2666661 1.0166667 0.46666667 0.46666667 0.46666667 0.46666667 0.46666703 0.54333333 0.54333333 0.54333333 0.52597828 0.49 0.49 0.49 0.82333332 0.82333281 0.28833333 0.28833333 0.53516989 0.535
-0.22166667 -0.22166667 -0.28983416 -0.32833333 -0.32833333 -0.32833333 -0.37134429 -0.19057251 -0.19 -0.19 -0.46166666 -0.46166667 -0.46166667 -0.46166667 -0.46166667 -0.41436569 -0.23666667 -0.23666667 -0.23666667 -0.23666667 0.17166351 0.17166667 0.17166667 0.17166667 0.755 0.755 0.755 0.755 0.755 0.72107051 1.2666667 1.2666667 1.2666667 1.0166667 1.0166667 1.0162396 0.46666667 0.46666667 0.63737615 0.76999997 0.54333333 0.54333333 0.54333333 0.52537252 0.49 0.49 0.49 -0.036666667 0.28428386 0.28833333 0.28833333 0.535 0.535
-0.34333333 -0.34333333 -0.34333333 -0.33209425 -0.32803274 -0.37166667 -0.37166667 -0.37166667 -0.37166667 -0.42333333 -0.42333333 -0.46166666 -0.46166667 -0.46166667 -0.46166667 -0.46165242 -0.23666667 -0.23666667 -0.23666667 -0.23666667 -0.0065167541 0.17166667 0.17166667 0.16717408 0.033619294 0.755 0.755 0.755 0.52833333 0.52833333 0.52833333 0.52833643 1.0166667 1.0166667 1.0166667 1.0166667 0.77 0.77 0.77 0.77 0.315 0.315 0.315 0.25666784 0.25666667 0.25666667 0.25666674 -0.036666667 -0.036666667 0.28793734 0.28833333 0.53499825 0.535
-0.34333333 -0.34333333 -0.34333333 -0.34332131 -0.12 -0.15659647 -0.37166667 -0.37166667 -0.37166667 -0.42333333 -0.42333333 -0.42333333 -0.90499998 -0.905 -0.905 -0.90499999 -0.23790315 -0.23666667 -0.23666667 -0.23666667 -0.23048425 4.71265e-07 -9.251838e-18 -9.2518585e-18 -9.2518585e-18 6.2298479e-09 -0.043333327 -0.043333333 0.52833333 0.52833333 0.52833333 0.52833333 1.0166664 1.0166667 1.0166667 1.0166378 0.77 0.77 0.77 0.76966368 0.315 0.315 0.315 0.25666937 0.25666667 0.25666667 0.25666667 -0.036666667 -0.036666667 -0.036666637 0.18833333 0.18833333 0.18666667
-0.34333333 -0.34333333 -0.34333333 -0.12000051 -0.12 -0.12 -0.37166657 -0.37166667 -0.37166667 -0.42333333 -0.42333333 -0.42333333 -0.905 -0.905 -0.905 -0.90550773 -0.91166667 -0.91166667 -0.91166492 -0.24047924 -2.0637301e-10 -9.2518585e-18 -9.2518585e-18 -9.2518585e-18 -9.2518585e-18 -3.2610614e-05 -0.043333333 -0.043333333 -0.043333332 0.52833333 0.52833333 0.52822284 0.66166667 0.66166667 0.66166667 0.505 0.505 0.69333333 0.69333333 0.69333333 0.39333333 0.31502457 0.31500004 0.32 0.32 0.31759974 0.25666634 -0.036666666 -0.036666666 0.18833333 0.18833333 0.18833333 0.18666667
