interpolatedSpi/07-10|22_1.tif
NCOLS 53
NROWS 52
XLLCORNER -116.03883
YLLCORNER 28.596182
DX 0.49850594
DY 0.49788537
NODATA_VALUE -9999
[rows 0 to 38 of 52, columns 0 to 52 of 53]
-0.9275 -0.9275 -0.97540598 -1.1575 -0.98 -0.76 -1.125 -1.06 -1.217107 -1.02 -1.4625 -1.455 -1.5400037 -1.585 -1.27 -1.27 -1.27 -0.5325 -0.825 -0.825 -0.825 -0.82500397 -1.2375 -0.345 -0.345 -0.345 -0.64500006 -0.645 -0.645 -0.8025 -0.8025 -0.8025 -0.8025 -0.70250002 -0.7025 -0.7025 -0.7025 -0.7025 -0.7025 -0.70249997 0.447612 0.45965369 -0.9 -0.9 -0.9 -0.9 -0.89968967 -0.71 -0.71 -0.71 -0.68000006 -0.68 -0.68
-0.92750355 -1.0075 -0.96250041 -0.97693449 -0.88784163 -1.13 -1.1125 -1.085244 -1.335 -1.545 -1.505 -1.54 -1.54 -0.86490915 -1.5849885 -1.27 -0.5325 -0.5325 -0.82461862 -0.825 -0.825 -0.825 -0.36342298 -0.345 -0.345 -0.345 -0.90499996 -0.905 -0.8025 -0.8025 -0.8025 -0.8025 -0.8025 -0.70250001 -0.7025 -0.7025 -0.7025 -0.7025 -0.70249996 -0.57809735 0.059951621 -0.78351179 -0.9 -0.9 -0.9 -0.9 -0.9 -0.71 -0.71 -0.71 -0.70751237 -0.68 -0.68
-1.0849669 -1.085 -1.315 -0.835 -0.995 -0.85 -0.7975 -0.8425 -1.5225 -1.0925 -1.45 -1.4125 -1.4575 -0.3875 -0.8625 -1.025 -0.5325 -0.5325 -0.5325 -0.2276737 -0.2275 -0.2275 -0.695 -0.345 -0.345 -0.345 -0.905 -0.905 -0.905 -0.8025 -0.8025 -0.80250002 -1.004688 -0.70193184 -0.69779953 -0.20212755 -0.1975 -0.1975 -0.16511329 0.059999998 0.06 0.058772402 -0.9 -0.9 -0.9 -0.9 -0.9 -0.71 -0.71 -0.71 -0.71 -0.68 -0.68
-0.955 -1.085 -0.88256281 -0.7175 -1.3825 -0.8525 -1.275 -1.315 -1.03 -1.0204847 -1.0425 -0.6025 -0.82 -0.3875 -0.68 -1.025 -0.6900822 -0.6873914 -0.855 -0.2275 -0.2275 -0.7775 -0.695 -0.695 -0.345 -0.3450028 -0.905 -0.905 -0.905 -1.2675 -1.2428095 -1.2225 -1.2225 -1.2224992 -0.1975 -0.1975 -0.1975 -0.1975 0.06 0.06 0.06 0.059999964 -0.9 -0.9 -0.9 -0.9 -0.9 -0.7100024 -0.71 -0.71 -0.71 -0.67998587 -0.68
-0.955 -0.73750027 -0.8825 -0.82603313 -1.3825 -1.5925 -1.0750198 -0.37 -0.91 -0.34000019 -0.45110014 -0.50246706 -0.2725 -0.68 -0.68 -0.90553631 -0.6875 -0.6875 -0.855 -0.855 -0.22750112 -0.7775 0.1825 -0.4275 -0.9375 -0.9372632 -0.905 -0.905 -1.2675 -1.2675 -1.2225 -1.2225 -1.2225 -1.0329839 -0.1975 -0.1975 -0.1975 0.06 0.06 0.06 0.06 0.059968387 -0.89999999 -0.9 -0.9 -0.9 -0.9 -0.89830876 -0.71 -0.70997926 -0.2475 -0.2475 -0.2475
-1.8075 -0.9625 -0.74500001 -0.9275 -0.7425 -1.225 -1.3925 -1.2615907 -0.5575 -0.755 -0.7925 -0.32 -0.31999997 -0.7325 -0.7325 -0.63993179 -0.64 -0.68 -0.68 -0.85499943 -1.0075 -1.0075 -0.4275 -0.9375 -0.9375 0.075 -0.4025 -0.4025 -0.4050787 -1.2675 -1.2225 -1.2225 -0.2175 -0.21749164 -0.13750559 0.335 0.335 0.14507753 0.06 0.06 -0.26709154 -0.2675 -0.26749788 -0.53161978 -0.52504145 -0.5250001 -0.52500001 -0.52500014 -0.37290832 -0.2475 -0.2475 -0.2475 -0.2475
-1.292506 -0.355 -0.44391786 -0.2775 -0.44 -1.23 -0.7475 -0.4925 -0.2775 -0.2775 -0.7925 -0.39 -1.0249999 -0.7325 -0.35750112 -0.3575 -0.64 -0.375 -0.21 -0.21 -0.85551707 -0.685 -0.685 0.039999986 0.075 0.075 -0.4025 -0.4025 -0.40501661 -0.40530578 -0.064435767 -0.2175 -0.2175 -0.1375 -0.1375 0.3881024 0.335 0.335 0.015011092 -0.26749961 -0.2675 -0.2675 -0.26748848 -0.52499852 -0.525 -0.525 -0.525 -0.52499991 -0.3825 -0.24752675 -0.2475 -0.2475 -0.2475
-1.2925 -0.6625 0.0125 -0.4875 -0.085023074 -0.49 -0.48 -0.097500009 -0.2 -0.27 -0.27 -0.68 -1.025 -1.025 -0.36207967 -0.62389641 -0.65 -0.1225 -0.53999966 -0.21 0.0088464349 0.0375 -0.1925 0.077499999 0.077499226 0.0175 -0.21 -0.21000007 -0.68900132 -0.68999999 -0.0625 -0.27175509 -0.0275 -0.1375 -0.12758888 0.4325 0.4325 0.015000002 0.015 -0.2675 -0.2675 -0.26749998 -0.25718684 -0.26000001 -0.525 -0.525 -0.525 -0.38250542 -0.3825 -0.3825 -0.2475 -0.2475 -0.2475
-0.70649751 -0.6625 0.0375 0.245 0.0425 0.09 -0.005 0.68 -0.2275 -0.24743594 -0.4475 -0.73 -0.73 -0.1325 -0.13250292 -0.959136 -0.96 -0.96 -0.18623202 -0.13750003 -0.3 -0.3 0.115 -0.071319304 0.023546416 0.0175 -0.3275 -0.21 -0.39392496 -0.395 -0.34 0.3675 0.025015035 -0.18 0.21 0.3525 0.4525 -0.1325 0.61965253 -0.2635384 0.62 0.19 -0.25989906 -0.26 -0.26149156 -0.525 -0.060000025 -0.3825 -0.3825 -0.3825 -0.3825 -0.29138887 -0.6175
-0.9525 -0.9525 0.0575 0.4725 0.2225 0.6475 0.4875 0.4825 -0.1525 -0.25250741 -0.2325 -0.11 -0.1325 -0.1325 -0.4425 -0.44959775 -0.96 -0.95978329 -1.4742276e-12 -0.1375 -0.1375 -0.15843545 0.115 -0.45998911 -0.46 -0.46 -0.3275 0.1725 0.1725 -0.395 -0.395 0.3662103 -0.3125 -0.18 0.0425 0.3525 0.4525 0.4875 0.62 0.16253622 0.19000002 0.2524477 0.36 -0.26 -0.26 -0.06 -0.06 -0.06 -0.3825 -0.3825 -0.6 -0.6 -0.60000001
-0.9525 -0.9525 -0.225 -0.3525 -0.0575 0.275 0.225 0.31501039 0.4925 0.565 -0.3575 -0.005 -0.10986025 -0.4425 -0.4425 -0.44245818 -0.08 -0.075801225 -9.3608639e-50 -0.235 -0.235 -0.16 -0.16 -0.46 -0.46 -0.46 0.1725 0.1725 0.1725 -0.6275 -0.6275 -0.62749948 -0.195 -0.195 -0.0925 -0.4975 0.445 0.36250121 0.2975 0.155 0.155 0.017501126 0.36 -0.26 -0.17500031 -0.57 0.096821684 0.0975 -0.07 -0.07 -0.6 -0.6 -0.6
-0.9525 -0.63836651 -0.2794088 -0.28999669 0.2775 0.3725 0.225 0.315 0.49249852 0.56419679 -0.0049992583 -0.005 0.17 -0.4425 -0.4425 -0.080000012 -0.08 -0.079995447 -2.4198489e-33 -0.235 -0.22027153 -0.16 -0.16 -0.45998777 -0.46 -0.34494815 -0.11 -0.11 -0.10999996 -0.6275 -0.6275 -0.37 -0.37 -0.19499972 -0.0925 -0.30499988 0.45462066 0.3625 0.3625 0.155 0.0175 0.0175 0.017498662 -0.175 -0.175 -0.57 0.0975 0.0975 -0.07 -0.07 -0.6 -0.6 -0.6
-0.465 -0.29824449 -0.30250169 -0.30240096 0.27750031 0.37249776 0.225 0.31389216 0.48026843 0.49439317 0.17 0.17 0.17 0.17 -0.44241324 -0.08 -0.08 -0.078967073 -9.3516197e-13 -0.23493053 -3.5710088e-18 -1.902548e-49 -1.030877e-28 -1.7314206e-15 -0.45192393 -0.11 -0.11 -0.11 -0.11 -0.11033506 -0.37 -0.37 -0.37 -0.37 -0.305 -0.305 -0.305 0.33048154 0.35592828 -0.5125 -0.5125 0.017471492 -0.4874893 -0.1750301 -0.175 -0.57 0.0975 0.0975 -0.07 -0.07 -0.59807722 -0.6 -0.3738968
-0.465 -0.3025 -0.3025 -0.3025 -0.3025 -0.30249972 0.22537756 0.26760769 0.44763577 0.17034919 0.17 0.17 0.17 0.17 0.17000033 -0.080000006 -0.079999987 -0.074512546 -1.1155876e-06 -2.6288683e-15 -6.5466945e-38 -1.0865487e-74 -2.0413782e-44 -6.9409021e-25 -0.0046480526 -0.19047419 -0.22999998 -0.23 -0.23 -0.23 -0.37 -0.37 -0.37000076 -1.0025 -1.0025 -0.305 -0.87616264 -0.8925 -0.51250022 -0.5125 -0.5125 -0.5125 -0.4875 -0.4875 -0.4875 -0.48807412 -0.078983757 -0.08 -0.08 -0.08 -0.08 -0.047500114 -0.0475
-0.245 -0.3025 -0.3025 -0.3025 -0.3025 -0.3025 -0.30249997 0.11519647 0.64101212 0.6425 0.6425 0.6425 0.6425 0.6425 0.6425 0.10845497 -0.077176047 -0.069045288 -2.6855348e-08 3.3073041e-14 1.2167795e-19 3.3563323e-22 4.8548456e-15 2.064811e-07 -0.215 -0.215 -0.21500002 -0.23 -0.23 -0.23029035 -0.375 -0.375 -1.0025 -1.0025 -1.0025 -0.91012081 -0.8925 -0.8925 -0.8925 -0.5125 -0.5125 -0.5125 -0.4875 -0.4875 -0.4875 -0.4875 -0.080000011 -0.08 -0.08 -0.08 -0.08 -0.0475 -0.0475
-0.245 -0.2664066 -0.3025 -0.3025 -0.3025 -0.3025 -0.21251766 -0.2125 -0.21249998 0.6425 0.6425 0.6425 0.6425 0.6425 0.52226919 0.0975 0.0975 0.0975 0.17695941 0.17749982 0.1775 0.1775 0.1775 0.1775 -0.215 -0.215 -0.215 -0.215 -0.23 -0.375 -0.375 -0.375 -1.0024999 -1.0025 -1.0025 -0.91 -0.89252317 -0.8925 -0.8925 -0.51255145 -0.61496597 -0.85397634 -0.4875 -0.4875 -0.7666359 -0.7675 -0.7675 -0.080943238 -0.65049937 -0.65249995 -0.65249989 -0.49743193 -0.047500915
-0.245 -0.59776414 -0.45684404 -0.3025 -0.3025 -0.21255318 -0.2125 -0.2125 -0.2125 -0.20633863 0.6425 0.6425 0.6425 0.64249993 0.0975 0.0975 0.0975 0.0975 0.17742854 0.1775 0.1775 0.1775 0.1775 0.1775 -0.21499999 -0.215 -0.215 -0.215 -0.21558198 -0.375 -0.375 -0.375 -0.3575 -1.002475 -0.91 -0.91 -0.91 -0.90648107 -0.85736554 -0.855 -0.855 -0.855 -0.9575 -0.9575 -0.7675 -0.7675 -0.7675 -0.6525 -0.6525 -0.6525 -0.6525 -0.4975 -0.4975
-0.60719315 -0.6075 -0.6075 -0.6075 -0.4025 -0.2125049 -0.2125 -0.2125 -0.2125 -0.2125 0.59026102 0.64249101 0.64249998 0.0975 0.0975 0.0975 0.0975 0.0975 0.10345594 0.1775 0.1775 0.1775 0.1775 0.1775 -0.16004507 -0.40499897 -0.405 -0.405 -0.405 -0.375 -0.3575 -0.3575 -0.3575 -0.3575 -0.91 -0.90999157 -0.59 -0.59 -0.85169108 -0.855 -0.855 -0.855 -0.9575 -0.9575 -0.79691854 -0.7675 -0.7675 -0.6525 -0.6525 -0.6525 -0.650838 -0.4975 -0.4975
-0.6075 -0.6075 -0.6075 -0.51096244 -0.4025 -0.4025 -0.2125 -0.2125 -0.2125 -0.2125 -0.0475 -0.0475 -0.0475 0.0975 0.0975 0.0975 0.0975 0.09751322 0.0925 0.0925 0.17749997 0.1775 0.1682486 -0.2025 -0.20432302 -0.405 -0.405 -0.405 -0.405 -0.35750484 -0.3575 -0.3575 -0.3575 -0.3575 -0.59000112 -0.59 -0.59 -0.59 -0.59092772 -0.855 -0.855 -0.855 -0.9575 -0.9575 -0.9575 -0.7675 -0.7675 -0.6525 -0.6525 -0.6525 -0.4975 -0.4975 -0.4975
-0.6075 -0.6075 -0.6075 -0.4025 -0.4025 -0.4025 -0.40249971 -0.2125 -0.2125 -0.047670327 -0.0475 -0.0475 -0.0475 -0.047409657 0.16225379 0.1775 0.1775 0.1775 0.0925 0.0925 0.0925 -0.2025 -0.2025 -0.2025 -0.2025105 -0.31845349 -0.405 -0.405 -0.405 -0.32605569 -0.31750393 -0.3175 -0.3175 -0.3175 -0.5584989 -0.51500017 -0.515 -0.515 -0.515 -0.85000068 -0.85 -0.85 -0.9575 -0.9575 -0.68000116 -0.67999989 -0.38 -0.38 -0.52 -0.52 -0.52 -0.4975 0.032026116
-0.60749996 -0.6075 -0.60749999 -0.4025 -0.4025 -0.4025 -0.4025 -0.17000001 -0.21233007 -0.047717627 -0.0475 -0.0475 -0.0475 -0.047058488 0.1775 0.1775 0.1775 0.17749998 0.0925 0.0925 0.0925 -0.2025 -0.2025 -0.2025 -0.24 -0.24 -0.27 -0.27 -0.27 -0.27025913 -0.3175 -0.3175 -0.3175 -0.3175 -0.41619579 -0.515 -0.515 -0.515 -0.515 -0.85 -0.85 -0.85 -0.84465115 -0.68 -0.68 -0.68 -0.38 -0.38 -0.52 -0.52 -0.52 0.032499981 0.0325
-0.595 -0.58742756 -0.2025 -0.20255802 -0.4025 -0.17134524 -0.17 -0.17 -0.31939524 -0.28750001 -0.2875 -0.2875 -0.2875 0.23998283 0.24 0.17750005 0.1775 0.17526037 0.0925 0.0925 0.0925 -0.215 -0.215 -0.215 -0.24 -0.24 -0.27 -0.27 -0.27 -0.27000016 -0.48749892 -0.48749952 -0.32177269 -0.31768225 -0.61965489 -0.62 -0.62 -0.62 -0.62 -0.85 -0.85 -0.85 -0.68936068 -0.68 -0.68 -0.67999999 -0.38 -0.38 -0.38000504 -0.52 -0.51997977 -0.0675 0.0325
-0.24256694 -0.24249999 -0.2025 -0.2025 -0.2025 -0.17 -0.17 -0.17 -0.58 -0.58 -0.2875 -0.2875 -0.2875 0.24 0.24 0.24 0.24 0.23998339 0.0925 0.0925 0.092499988 -0.215 -0.215 -0.215 -0.24 -0.24 -0.27 -0.27 -0.27 -0.48504767 -0.4875 -0.4875 -0.4875 -0.4875 -0.61993462 -0.62 -0.62 -0.62 -0.62 -0.77250002 -0.7725 -0.7725 -0.7725 -0.67999946 -0.61 -0.61 -0.61 -0.2375 -0.2375 -0.2375 -0.0675 -0.0675 -0.0675
-0.2425 -0.2425 -0.2025 -0.2025 -0.2025 -0.17017083 -0.17 -0.58 -0.58 -0.58 -0.28753601 -0.2875 -0.10773256 0.23999993 0.24 0.24 0.24 0.0675 0.0675 0.0675 -0.31 -0.30999993 -0.21500046 -0.215 -0.21518784 -0.52 -0.52 -0.5199994 -0.2700404 -0.73745018 -0.73749867 -0.73745635 -0.48792728 -0.48771575 -0.59656324 -0.62000002 -0.62017594 -0.6725 -0.6725 -0.7725 -0.7725 -0.7725 -0.7725 -0.61 -0.61 -0.61 -0.61 -0.2375 -0.2375 -0.2375 -0.0675 -0.0675 -0.0675
-0.2425 -0.2425 -0.2025 -0.2025 -0.2025 -0.2025 -0.32345102 -0.58 -0.58 -0.58 -0.5797169 -0.0675 -0.0675 -0.0675 0.23818783 0.24 0.068649497 0.0675 0.0675 0.0675 -0.31 -0.31 -0.31 -0.31 -0.52 -0.52 -0.52 -0.52 -0.52 -0.7375 -0.7375 -0.7375 -0.7375 -0.73749971 -0.6 -0.6725 -0.6725 -0.6725 -0.6725 -0.6725002 -0.72 -0.72 -0.72 -0.67037462 -0.5675 -0.5675 -0.5675 -0.23750001 -0.23750014 -0.385 -0.385 0.24242458 0.2425
-0.2425 -0.2425 -0.21693719 -0.2025 -0.2025 -0.20249999 0.083819942 -0.57790429 -0.58 -0.58 -0.06749997 -0.0675 -0.0675 -0.0675 -0.0675 -0.042275133 0.0675 0.0675 0.0675 0.0675 -0.30999708 -0.31 -0.31 -0.31 -0.52 -0.52 -0.52 -0.52 -0.52 -0.80770086 -0.7375 -0.7375 -0.7375 -0.6 -0.6 -0.6000563 -0.6725 -0.6725 -0.76254456 -0.83249999 -0.72 -0.72 -0.72 -0.67109434 -0.5675 -0.5675 -0.5675 -0.6525 -0.38833302 -0.385 -0.385 0.2425 0.2425
0.245 0.245 0.245 -0.090299449 -0.20191816 0.085 0.085 0.085 0.085 0.075 0.075 -0.06749999 -0.0675 -0.0675 -0.0675 -0.067491435 0.0675 0.0675 0.0675 0.0675 -0.14527125 -0.31 -0.31 -0.3052239 -0.14497758 -0.52 -0.52 -0.52 -0.8325 -0.8325 -0.8325 -0.8324996 -0.6 -0.6 -0.6 -0.6 -0.8325 -0.8325 -0.8325 -0.8325 -0.6725 -0.6725 -0.6725 -0.59250161 -0.5925 -0.5925 -0.59249999 -0.6525 -0.6525 -0.38532593 -0.385 0.24249758 0.2425
0.245 0.245 0.245 0.24499731 0.195 0.17900419 0.085 0.085 0.085 0.075 0.075 0.075 0.14499999 0.145 0.145 0.145 0.068109081 0.0675 0.0675 0.0675 0.061785721 -0.1275005 -0.1275 -0.1275 -0.1275 -0.12750001 -0.42 -0.42 -0.8325 -0.8325 -0.8325 -0.8325 -0.59999985 -0.6 -0.6 -0.5999833 -0.8325 -0.8325 -0.8325 -0.83248903 -0.6725 -0.6725 -0.6725 -0.59250371 -0.5925 -0.5925 -0.5925 -0.6525 -0.6525 -0.65249994 -0.2375 -0.2375 0.035
0.245 0.245 0.245 0.19500012 0.195 0.195 0.085000041 0.085 0.085 0.075 0.075 0.075 0.145 0.145 0.145 0.16442069 0.4 0.4 0.39999914 0.069378045 -0.1275 -0.1275 -0.1275 -0.1275 -0.1275 -0.12772012 -0.42 -0.42 -0.42 -0.8325 -0.8325 -0.83241311 -0.395 -0.395 -0.395 -0.5775 -0.5775 -0.83 -0.83 -0.83 -0.605 -0.67247883 -0.67249957 -0.615 -0.615 -0.61414728 -0.59250016 -0.6525 -0.6525 -0.2375 -0.2375 -0.2375 0.035
0.245 0.245 0.245 0.195 0.195 0.195 0.195 0.085 0.085 0.075 0.075 0.14220101 0.145 0.145 0.145 0.4 0.4 0.4 0.4 0.4 -0.1275 -0.1275 -0.1275 -0.1275 -0.1275 -0.419999 -0.42 -0.42 -0.42 -0.6975 -0.6975 -0.6975 -0.395 -0.395 -0.395 -0.5775 -0.5775 -0.83 -0.83 -0.605 -0.605 -0.605 -0.615 -0.615 -0.615 -0.615 -0.57269412 -0.1 -0.1 -0.1 -0.23749999 0.3525 0.3525
0.245 0.245 0.24493037 0.195 0.195 0.195 0.195 0.41634274 0.4275 0.42689481 0.075000013 0.14502178 0.145 0.145 0.14500088 0.4 0.4 0.4 0.4 0.4 0.56300585 -0.1275 -0.1275 -0.1275 -0.12749228 -0.41998143 -0.42 -0.42 -0.42 -0.6975 -0.6975 -0.6975 -0.69745777 -0.395 -0.5775 -0.5775 -0.5775 -0.57751053 -0.82998466 -0.605 -0.605 -0.605 -0.61499939 -0.615 -0.615 -0.615 -0.1000021 -0.1 -0.1 -0.1 0.3525 0.3525 0.3525
0.605 0.60499937 0.19504077 0.195 0.195 0.195 0.42745053 0.4275 0.4275 0.4275 0.405 0.405 0.405 0.405 0.40002304 0.4 0.4 0.4 0.4 0.59249989 0.5925 0.5925 -0.090000006 -0.09 -0.09 -0.09 -0.11848324 -0.42 -0.87248147 -0.8725 -0.8725 -0.8725 -0.8725 -0.775 -0.775 -0.775 -0.775 -0.775 -0.7125 -0.7125 -0.7125 -0.7125 -0.7125 -0.3054673 -0.305 -0.305 -0.305 -0.1 -0.1 -0.1 0.35242871 0.3525 0.3525
0.605 0.605 0.60537664 0.64999909 0.6499999 0.64978278 0.4275 0.4275 0.4275 0.4275 0.405 0.405 0.405 0.405 0.405 0.4 0.4 0.4 0.59249995 0.5925 0.5925 0.5925 -0.089999998 -0.09 -0.09 -0.09 -0.09 -0.090070613 -0.87250579 -0.8725 -0.8725 -0.8725 -0.87250233 -1.0442783 -0.77527883 -0.775 -0.775 -0.77500001 -0.7125 -0.7125 -0.7125 -0.7125 -0.7125 -0.305 -0.305 -0.305 -0.305 -0.20913799 -0.1 0.0013564146 0.0025 -0.195 -0.195
0.605 0.605 0.6499943 0.65 0.65 0.65 0.59348594 0.4275 0.4275 0.4275 0.405 0.405 0.405 0.405 0.405 0.40000784 0.4 0.59244356 0.5925 0.5925 0.5925 0.5925 0.16283655 -0.09 -0.09 -0.09 -0.09 -0.090564814 -0.8875 -0.8875 -0.8875 -0.8875 -0.8875 -1.25 -1.25 -1.25 -1.25 -1.25 -1.2 -1.2 -1.2 -1.2 -1.2 -0.30451167 -0.3049999 -0.305 -0.3049661 -0.30087646 0.0025 0.0025 0.0025 -0.19499889 -0.195
0.60500011 0.66383024 0.65 0.65 0.65 0.65 0.65 0.42759474 0.4275 0.4275 0.405 0.405 0.405 0.405 0.835227 0.845 0.845 0.5925065 0.5925 0.5925 0.5925 0.5925 0.59249993 -0.09 -0.09 -0.09 -0.09 -0.89249997 -0.8925 -0.89143588 -0.8875 -0.8875 -0.8875 -1.25 -1.25 -1.25 -1.25 -1.2498324 -1.2 -1.2 -1.2 -1.2 -1.1999799 -0.105 -0.105 -0.105 -0.105 -0.10499133 0.0025 0.0025 0.0025 0.0024997814 -0.35264361
0.665 0.665 0.66926525 0.65 0.65 0.65 0.65 0.65 0.42759592 0.85999999 0.86 0.86 0.85892019 0.84499937 0.845 0.845 0.845 0.845 0.59249886 0.58275561 0.4975 0.4975 0.4975 0.34801113 -0.090400182 -0.092541479 -0.094803966 -0.8925 -0.8925 -0.8925 -0.8925 -0.8925 -0.88718677 -0.99632714 -1.0025 -1.0025 -1.0025 -1.0025 -1.1506884 -0.93750047 -0.9375 -0.9375 -0.9375 -0.25749955 -0.10500004 -0.105 -0.105 -0.0275 0.0024995194 0.0025 0.0025 -0.355 -0.355
0.665 0.665 0.7125 0.7125 0.7125 0.65002082 0.65 0.65 0.86 0.86 0.86 0.86 0.86 0.845 0.845 0.845 0.845 0.845 0.4975 0.4975 0.4975 0.4975 0.4975 -0.094999969 -0.095 -0.095 -0.095 -0.8925 -0.8925 -0.8925 -0.8925 -0.8925 -0.4525 -0.4525 -1.0025 -1.0025 -1.0025 -0.72754683 -0.7275 -0.9375 -0.9375 -0.9375 -0.93749995 -0.2575 -0.2575 -0.2575 -0.0275 -0.0275 -0.0275 -0.0025 -0.0025 -0.355 -0.355
0.665 0.665 0.7125 0.7125 0.7125 0.7125 0.7124994 0.6025 0.85975756 0.86 0.86 0.86 0.86 0.84518711 0.845 0.845 0.845 0.845 0.49750001 0.4975 0.4975 0.4975 0.4975 -0.095 -0.095 -0.095 -0.095 -0.095003232 -0.8925 -0.8925 -0.8925 -0.45252307 -0.4525 -0.4525 -0.4525 -1.0025 -0.7275 -0.7275 -0.7275 -0.73302549 -0.64666208 -0.5925 -0.5925 -0.2575 -0.2575 -0.2575 -0.0275 -0.0275 -0.0275 -0.0025 -0.0025 -0.0025 -0.083285094
0.635 0.63500024 0.7125 0.7125 0.7125 0.7125 0.6025 0.6025 0.6025 0.86 0.86 0.86 0.86 0.85999534 0.845 0.845 0.845 0.845 0.49750609 0.4975 0.4975 0.4975 0.0093783747 -0.095 -0.095 -0.095 -0.095 -0.17999993 -0.18 -0.18000001 -0.88483652 -0.4525 -0.4525 -0.4525 -0.45249988 -0.3225 -0.7275 -0.7275 -0.7275 -0.7275 -0.5925 -0.5925 -0.5925 -0.35 -0.35 -0.35 -0.602444 -0.0275 -0.0275 -0.0025000025 -0.0025 -0.0025 -0.054999429
