interpolatedSpi/07-10|19_3.tif
NCOLS 53
NROWS 52
XLLCORNER -116.03883
YLLCORNER 28.596182
DX 0.49850594
DY 0.49788537
NODATA_VALUE -9999
[rows 0 to 38 of 52, columns 0 to 52 of 53]
0.845 0.845 0.44812179 0.05 0.4325 0.4325 0.8525 0.895 0.13603399 -0.4325 -0.39 0.515 0.044967062 -0.355 0.285 0.285 0.285 0.09 0.69 0.69 0.69 0.689998 0.4825 0.7375 0.7375 0.7375 -0.38749854 -0.3875 -0.3875 -0.0125 -0.0125 -0.0125 -0.0125 -0.057499991 -0.0575 -0.0575 -0.0575 -0.0575 -0.0575 -0.057499988 0.38028511 0.38501716 0.4525 0.4525 0.4525 0.4525 0.45094016 -0.5025 -0.5025 -0.5025 1.6399956 1.64 1.64
0.84500622 0.985 0.79000031 0.74669654 0.70757439 0.5975 0.885 0.19300716 0.34 0.305 0.7425 0.045000001 0.045 0.44731575 -0.35498462 0.285 0.09 0.09 0.68921768 0.69 0.69 0.69 0.69446918 0.7375 0.7375 0.7375 0.59000001 0.59 -0.0125 -0.0125 -0.0125 -0.0125 -0.0125 -0.057499993 -0.0575 -0.0575 -0.0575 -0.0575 -0.057499979 0.094713931 0.90991695 0.50801351 0.4525 0.4525 0.4525 0.4525 0.4525 -0.5025 -0.5025 -0.5025 -0.32484185 1.64 1.64
0.22252912 0.2225 1.0575 0.895 0.57 1.07 1.1725 1.4025 0.415 0.31 0.4425 0.5325 0.7875 -0.02 0.45 -0.395 0.09 0.09 0.09 0.2976141 0.2975 0.2975 -0.08 0.7375 0.7375 0.7375 0.59 0.59 0.59 -0.0125 -0.0125 -0.012500001 -0.018517502 -0.056886714 -0.05477745 0.23231968 0.235 0.235 0.31989721 0.91 0.91 0.90941497 0.4525 0.4525 0.4525 0.4525 0.4525 -0.5025 -0.5025 -0.5025 -0.5025 1.64 1.64
0.5375 0.22249976 -0.96496553 0.675 -0.165 1.0225 0.6775 0.6875 0.025 -0.087527853 -0.035 -0.2425 0.8325 -0.02 0.52 -0.395 0.068923181 0.072512262 0.23 0.2975 0.2975 0.28 -0.08 -0.08 0.7375 0.73749926 0.59 0.59 0.59 -0.8175 -0.3826729 -0.025 -0.025 -0.024999795 0.235 0.235 0.235 0.235 0.91 0.91 0.91 0.90999998 0.4525 0.4525 0.4525 0.4525 0.4525 -0.50248795 -0.5025 -0.5025 -0.5025 1.63993 1.64
0.5375 0.73999687 -0.965 -0.82146055 -0.165 0.1 0.22999187 0.3525 0.405 0.21249974 0.13954861 0.10751397 0.205 0.52 0.52 -0.084879815 0.0725 0.0725 0.23 0.23 0.29749996 0.28 0.5125 0.425 0.705 0.70518005 0.59 0.59 -0.8175 -0.8175 -0.025 -0.025 -0.025 -0.0047285607 0.235 0.235 0.235 0.91 0.91 0.91 0.91 0.9099556 0.4525 0.4525 0.4525 0.4525 0.4525 0.44399932 -0.5025 -0.5025 -0.5025 -0.5025 -0.5025
-1.0675 0.945 -0.12499993 -0.5475 0.185 0.595 -0.46 -0.35597673 -0.38 -0.4025 -0.2825 -0.2625 -0.26249969 -0.3675 -0.3675 0.62008933 0.62 0.3925 0.3925 0.23000057 0.1925 0.1925 0.425 0.705 0.705 1.475 -0.5575 -0.5575 -0.15006038 -0.8175 -0.025 -0.025 0.0825 0.082415888 -0.72244228 -0.61 -0.61 0.4397533 0.91 0.91 0.45057372 0.45 0.45000191 0.41320611 0.41250442 0.41250001 0.4125 0.41250003 1.2079927 -0.5025 -0.5025 -0.5025 -0.5025
0.75248885 0.765 1.2404461 0.6975 0.955 -0.435 0.305 0.22 -0.63 -0.63 -0.2825 -0.035 0.17749996 -0.3675 0.98999593 0.99 0.62 0.85 0.8775 0.8775 0.32091968 0.465 0.465 1.58 1.475 1.475 -0.5575 -0.5575 -0.14998966 -0.14980956 0.17952836 0.0825 0.0825 -0.7225 -0.7225 -0.031319958 -0.61 -0.61 0.034977643 0.44999942 0.45 0.45 0.45001225 0.4125052 0.4125 0.4125 0.4125 0.41250069 1.56 -0.50209127 -0.5025 -0.5025 -0.5025
0.7525 0.8375 1.635 -0.07 0.44497048 -0.24 -0.89 -0.23 -0.48 -0.22 -0.22 0.0525 0.1775 0.1775 0.9844255 0.88526295 0.875 0.5025 0.45500043 0.8775 0.71804113 0.7 0.835 0.4 0.40000406 0.715 0.93 0.92999947 0.026878015 0.027500002 0.18 0.16546445 -0.325 -0.7225 -0.67194618 0.4525 0.4525 0.034999997 0.035 0.45 0.45 0.45000002 1.3457906 1.345 0.4125 0.4125 0.4125 1.5599563 1.56 1.56 -0.5025 -0.5025 -0.5025
0.79198534 0.83750001 1.605 0.95 0.745 0.1875 0.19 0.41 -0.755 -0.22470399 -0.485 -0.25 -0.25 -0.04 -0.039996756 0.60076645 0.6 0.6 0.49524906 0.85750001 0.9125 0.9125 1.195 0.97687008 0.68325632 0.715 0.6375 0.93 0.83555205 0.835 0.3025 1.22 1.1318548 1.36 1.05 0.765 0.715 0.2375 0.82472872 0.45350406 1.235 1.5975 1.3449565 1.345 1.3397514 0.4125 1.5249999 1.56 1.56 1.56 1.56 -0.3954236 0.39
0.5375 0.5375 1.165 1.075 0.24 -0.2225 -0.2325 0.1875 -0.1475 -0.09005681 -0.3575 -0.1525 -0.04 -0.04 0.305 0.30904606 0.6 0.59990233 0.105 0.8575 0.8575 0.86458588 1.195 0.64501041 0.645 0.645 0.6375 1.1675 1.1675 0.835 0.835 1.2196681 1.045 1.36 1.2275 0.765 0.715 0.51 0.825 1.2947612 1.5975 1.4064835 1.0775 1.345 1.345 1.525 1.525 1.525 1.56 1.56 0.3575 0.3575 0.35750001
0.5375 0.5375 0.625 0.0275 -0.47 0.0775 -0.5225 -0.24264281 -0.37 -0.2475 -0.0625 -0.5025 -0.15296579 0.305 0.305 0.30505307 0.765 0.7303601 0.105 1.3025 1.3025 1.915 1.915 0.645 0.645 0.645 1.1675 1.1675 1.1675 1.2425 1.2425 1.2424997 1.2575 1.2575 0.6 0.855 0.905 0.34249894 1.6625 1.3025 1.3025 1.2774993 1.0775 1.345 1.28 1.235 1.1267227 1.125 1.635 1.635 0.3575 0.3575 0.3575
0.5375 0.5751025 0.37002544 -0.0024814865 0.385 0.22 -0.5225 -0.2425 -0.36999894 -0.24885715 -0.50249967 -0.5025 0.5 0.305 0.305 0.76499998 0.765 0.76496244 0.105 1.3025 1.4227825 1.915 1.915 0.64505087 0.645 0.94988739 1.5725 1.5725 1.5724999 1.2425 1.2425 0.9275 0.9275 1.2574982 0.6 0.79749996 0.79475664 0.3425 0.3425 1.3025 1.2775 1.2775 1.2775 1.28 1.28 1.235 1.125 1.125 1.635 1.635 0.3575 0.3575 0.3575
-0.3825 0.12424672 0.089998369 0.089337322 0.38499883 0.2200039 -0.52249998 -0.24594664 -0.36121395 -0.3668012 0.5 0.5 0.5 0.5 0.30502762 0.765 0.765 0.75647835 0.105 1.3025923 1.6475 1.6475 1.6475 1.6475 0.66273992 1.5725 1.5725 1.5725 1.5725 1.5722563 0.9275 0.9275 0.9275 0.9275 0.7975 0.7975 0.7975 0.36429281 0.34925949 1.2425 1.2425 1.2774981 0.64002191 1.2799384 1.28 1.235 1.125 1.125 1.635 1.635 0.36213463 0.3575 -0.25148828
-0.3825 0.09 0.09 0.09 0.09 0.090000056 -0.52059929 -0.39003094 -0.33777356 0.49906615 0.5 0.5 0.5 0.5 0.50000014 0.76499999 0.7649999 0.7197285 0.10501419 1.6475 1.6475 1.6475 1.6475 1.6475 1.6459865 1.4643653 1.3875 1.3875 1.3875 1.3875 0.92750001 0.9275 0.9275006 1.4275 1.4275 0.7975 1.5898363 1.6125 1.2425002 1.2425 1.2425 1.2425 0.64 0.64 0.64 0.64414066 -0.029913519 -0.0375 -0.0375 -0.0375 -0.03749997 0.78749991 0.7875
-0.1125 0.09 0.09 0.09 0.09 0.09 0.089999964 -0.28111032 0.69433075 0.7 0.7 0.7 0.7 0.7 0.7 1.3319395 0.77414562 0.67462415 1.6473063 1.6475 1.6475 1.6475 1.6475 1.6475004 1.5775 1.5775 1.5774997 1.3875 1.3875 1.3876452 1.46 1.46 1.4275 1.4275 1.4275 1.5828649 1.6125 1.6125 1.6125 1.2425 1.2425 1.2425 0.64 0.64 0.64 0.64 -0.037499985 -0.0375 -0.0375 -0.0375 -0.0375 0.7875 0.7875
-0.1125 -0.037111551 0.09 0.09 0.09 0.09 0.15748675 0.1575 0.15750001 0.7 0.7 0.7 0.7 0.7 0.84229151 1.345 1.345 1.345 2.0039104 2.0049996 2.005 2.005 2.005 2.005 1.5775 1.5775 1.5775 1.5775 1.3875 1.46 1.46 1.46 1.4275 1.4275 1.4275 1.405 1.6122253 1.6125 1.6125 1.2424975 1.2372645 1.2250523 0.64 0.64 0.85184421 0.8525 0.8525 -0.036543409 0.54047316 0.54249995 0.54249989 0.67751662 0.78749978
-0.1125 -0.25117291 -0.084585883 0.09 0.09 0.15746012 0.1575 0.1575 0.1575 0.16140941 0.7 0.7 0.7 0.70000008 1.345 1.345 1.345 1.345 2.0044104 2.005 2.005 2.005 2.005 2.005 1.5775 1.5775 1.5775 1.5775 1.5770726 1.46 1.46 1.46 2.135 1.4275148 1.405 1.405 1.405 1.4091377 1.2495486 1.225 1.225 1.225 0.9825 0.9825 0.8525 0.8525 0.8525 0.5425 0.5425 0.5425 0.5425 0.6775 0.6775
-0.2549663 -0.255 -0.255 -0.255 -0.1225 0.15749278 0.1575 0.1575 0.1575 0.1575 0.6755839 0.6999958 0.69999999 1.345 1.345 1.345 1.345 1.345 1.3972139 2.005 2.005 2.005 2.005 2.005 1.8581162 1.947498 1.9475 1.9475 1.9475 1.46 2.135 2.135 2.135 2.135 1.405 1.4050099 1.78 1.78 1.23193 1.225 1.225 1.225 0.9825 0.9825 0.87262848 0.8525 0.8525 0.5425 0.5425 0.5425 0.54394755 0.6775 0.6775
-0.255 -0.255 -0.255 -0.19260377 -0.1225 -0.1225 0.1575 0.1575 0.1575 0.1575 0.3775 0.3775 0.3775 1.345 1.345 1.345 1.345 1.3449785 1.3525 1.3525 2.0049997 2.005 1.9973919 1.6925 1.6947957 1.9475 1.9475 1.9475 1.9475 2.1349809 2.135 2.135 2.135 2.135 1.7799987 1.78 1.78 1.78 1.7780704 1.225 1.225 1.225 0.9825 0.9825 0.9825 0.8525 0.8525 0.54250001 0.5425 0.5425 0.6775 0.6775 0.6775
-0.255 -0.255 -0.255 -0.1225 -0.1225 -0.1225 -0.12249957 0.1575 0.1575 0.3772729 0.3775 0.3775 0.3775 0.37810279 1.2397751 1.215 1.215 1.215 1.3525 1.3525 1.3525 1.6925 1.6925 1.6925 1.6925112 1.8347273 1.9475 1.9475 1.9475 2.3847729 2.4474693 2.4475 2.4475 2.4475 1.9428186 2.1699991 2.17 2.17 2.17 1.0325263 1.0325 1.0325 0.9825 0.9825 0.97500003 0.9750001 1.25 1.25 1.1125 1.1125 1.1125 0.6775 1.1420842
-0.25499952 -0.255 -0.255 -0.1225 -0.1225 -0.1225 -0.1225 -0.062499936 0.15662035 0.37730731 0.3775 0.3775 0.3775 0.37914341 1.215 1.215 1.215 1.215 1.3525 1.3525 1.3525 1.6925 1.6925 1.6925 1.7325 1.7325 1.82 1.82 1.82 1.8234232 2.4475 2.4475 2.4475 2.4475 2.3088261 2.17 2.17 2.17 2.17 1.0325 1.0325 1.0325 1.0306908 0.975 0.975 0.975 1.25 1.25 1.1125 1.1125 1.1125 1.1425 1.1425
-0.1 -0.15866098 0.09 0.08993835 -0.1225 -0.062847158 -0.0625 -0.0625 0.049546428 0.165 0.165 0.165 0.165 0.3399943 0.34 1.2149993 1.215 1.2186229 1.3525 1.3525 1.3525 1.4575 1.4575 1.4575 1.7325 1.7325 1.82 1.82 1.82 1.8200004 2.3725005 2.3725002 2.445615 2.4474196 1.7183356 1.7175 1.7175 1.7175 1.7175 1.0325 1.0325 1.0325 0.97816579 0.975 0.975 0.97499986 1.25 1.25 1.2499951 1.1125 1.1125082 1.295 1.1425
0.394906 0.39499995 0.09 0.09 0.09 -0.0625 -0.0625 -0.0625 0.245 0.245 0.165 0.165 0.165 0.34 0.34 0.34 0.34 0.34011569 1.3525 1.3525 1.3525 1.4575 1.4575 1.4575 1.7325 1.7325 1.82 1.82 1.82 2.3662705 2.3725 2.3725 2.3725 2.3725 1.7178232 1.7175 1.7175 1.7175 1.7175 0.53000013 0.53 0.53 0.53 0.97499377 0.1625 0.1625 0.1625 0.7325 0.7325 0.7325 1.295 1.295 1.295
0.395 0.395 0.09 0.09 0.09 -0.061698433 -0.0625 0.245 0.245 0.245 0.16500985 0.165 -0.29054703 0.33999983 0.34 0.34 0.34 -0.4575 -0.4575 -0.4575 0.23250003 0.23250091 1.457494 1.4575 1.4574913 1.3125 1.3125 1.3125012 1.819918 1.9575827 1.9575022 1.9575725 2.3717907 2.3721419 1.8338876 1.7174994 1.7127077 0.2875 0.2875 0.53 0.53 0.53 0.53 0.1625 0.1625 0.1625 0.1625 0.7325 0.7325 0.7325 1.295 1.295 1.295
0.395 0.395 0.09 0.09 0.09 0.089999999 0.052588268 0.245 0.245 0.245 0.24464786 -0.3925 -0.3925 -0.3925 0.33568321 0.34 -0.45218566 -0.4575 -0.4575 -0.4575 0.2325 0.2325 0.2325 0.2325 1.3125 1.3125 1.3125 1.3125 1.3125 1.9575 1.9575 1.9575 1.9575 1.9574999 1.89 0.2875 0.2875 0.2875 0.2875 0.28750047 0.3975 0.3975 0.3975 0.39180387 0.38 0.38 0.38 0.73249999 0.73249971 0.4375 0.4375 1.0275651 1.0275
0.395 0.395 0.20008358 0.09 0.09 0.089999992 -0.25161717 0.24343215 0.245 0.245 -0.39249999 -0.3925 -0.3925 -0.3925 -0.3925 -0.332469 -0.4575 -0.4575 -0.4575 -0.4575 0.23249466 0.2325 0.2325 0.2325 1.3125 1.3125 1.3125 1.3125 1.3125 1.3515557 1.9575 1.9575 1.9575 1.89 1.89 1.8887556 0.2875 0.2875 0.64486436 0.92249994 0.3975 0.3975 0.3975 0.39279774 0.38 0.38 0.38 0.415 0.43721965 0.4375 0.4375 1.0275 1.0275
0.04 0.04 0.04 0.077463626 0.089532722 -0.2525 -0.2525 -0.2525 -0.2525 -0.365 -0.365 -0.3925 -0.3925 -0.3925 -0.3925 -0.39250415 -0.4575 -0.4575 -0.4575 -0.4575 -0.068593617 0.2325 0.2325 0.22248982 -0.084876533 1.3125 1.3125 1.3125 1.1375 1.1375 1.1375 1.1375034 1.89 1.89 1.89 1.89 0.9225 0.9225 0.9225 0.9225 0.49 0.49 0.49 0.63999698 0.64 0.64 0.63999992 0.415 0.415 0.43747258 0.4375 1.0274981 1.0275
0.04 0.04 0.04 0.039985595 -0.2275 -0.23113541 -0.2525 -0.2525 -0.2525 -0.365 -0.365 -0.365 -1.1475 -1.1475 -1.1475 -1.1475 -0.45863573 -0.4575 -0.4575 -0.4575 -0.44705803 -0.14999895 -0.15 -0.15 -0.15 -0.14999997 0.31000001 0.31 1.1375 1.1375 1.1375 1.1375 1.8899995 1.89 1.89 1.8899456 0.92250001 0.9225 0.9225 0.92422183 0.49 0.49 0.49 0.63999304 0.64 0.64 0.64 0.415 0.415 0.41500003 0.6425 0.6425 0.57
0.04 0.04 0.04 -0.22749938 -0.2275 -0.2275 -0.25249999 -0.2525 -0.2525 -0.365 -0.365 -0.365 -1.1475 -1.1475 -1.1475 -1.1421688 -1.0775 -1.0775 -1.0774984 -0.46100192 -0.15 -0.15 -0.15 -0.15 -0.15 -0.14965383 0.31 0.31 0.31 1.1375 1.1375 1.1374533 1.2225 1.2225 1.2225 1.1325 1.1325 1.315 1.315 1.315 1.28 0.4902478 0.49000427 1.0625 1.0625 1.0464877 0.64000074 0.415 0.415 0.6425 0.6425 0.6425 0.57
0.04 0.04 0.04 -0.2275 -0.2275 -0.2275 -0.2275 -0.2525 -0.2525 -0.365 -0.365 -1.1162113 -1.1475 -1.1475 -1.1475 -1.0775 -1.0775 -1.0775 -1.0775 -1.0775 -0.15 -0.15 -0.15 -0.15 -0.15 0.30999843 0.31 0.31 0.31 1.065 1.065 1.065 1.2225 1.2225 1.2225 1.1325 1.1325 1.315 1.315 1.28 1.28 1.28 1.0625 1.0625 1.0625 1.0625 1.0489457 0.8975 0.8975 0.8975 0.6425 0.735 0.735
0.04 0.04 0.039627494 -0.2275 -0.2275 -0.2275 -0.2275 -0.80584715 -0.835 -0.83419307 -0.36500004 -1.1475165 -1.1475 -1.1475 -1.1474998 -1.0775 -1.0775 -1.0775 -1.0775 -1.0775 -0.94122695 -0.15 -0.15 -0.15 -0.15007003 0.30995499 0.31 0.31 0.31 1.065 1.065 1.065 1.0650167 1.2225 1.1325 1.1325 1.1325 1.1325073 1.3149976 1.28 1.28 1.28 1.0625132 1.0625 1.0625 1.0625 0.89750347 0.8975 0.8975 0.8975 0.735 0.735 0.735
-0.8825 -0.88249839 -0.22738244 -0.2275 -0.2275 -0.2275 -0.83487073 -0.835 -0.835 -0.835 -1.345 -1.345 -1.345 -1.345 -1.0787346 -1.0775 -1.0775 -1.0775 -1.0775 -0.97500006 -0.975 -0.975 -0.48999994 -0.49 -0.49 -0.49 -0.42094971 0.31 0.32499939 0.325 0.325 0.325 0.325 0.8875 0.8875 0.8875 0.8875 0.8875 1.3075 1.3075 1.3075 1.3075 1.3075 1.2422287 1.2425 1.2425 1.2425 0.8975 0.8975 0.8975 0.7350256 0.735 0.735
-0.8825 -0.8825 -0.88955363 -1.724997 -1.7249997 -1.7241313 -0.835 -0.835 -0.835 -0.835 -1.345 -1.345 -1.345 -1.345 -1.345 -1.0775 -1.0775 -1.0775 -0.97500003 -0.975 -0.975 -0.975 -0.49 -0.49 -0.49 -0.49 -0.49 -0.48982992 0.32476637 0.325 0.325 0.325 0.32490615 0.77837144 0.887387 0.8875 0.8875 0.8875 1.3075 1.3075 1.3075 1.3075 1.3075 1.2425 1.2425 1.2425 1.2425 1.0811713 0.8975 1.058187 1.06 0.4675 0.4675
-0.8825 -0.8825 -1.7248933 -1.725 -1.725 -1.725 -1.4989438 -0.835 -0.835 -0.835 -1.345 -1.345 -1.345 -1.345 -1.345 -1.0777058 -1.0775 -0.97503005 -0.975 -0.975 -0.975 -0.975 -0.66967139 -0.49 -0.49 -0.49 -0.49 -0.4898511 -0.28 -0.28 -0.28 -0.28 -0.28 0.695 0.695 0.695 0.695 0.695 1.7275 1.7275 1.7275 1.7275 1.7275 1.2428296 1.2425001 1.2425 1.2425229 1.2452272 1.06 1.06 1.06 0.46750332 0.4675
-0.88250086 -1.3384344 -1.7249999 -1.725 -1.725 -1.725 -1.725 -0.83537895 -0.835 -0.835 -1.345 -1.345 -1.345 -1.345 -1.3401111 -1.34 -1.34 -0.97500939 -0.975 -0.975 -0.975 -0.975 -0.97499997 -0.49 -0.49 -0.49 -0.49 0.16999956 0.16999979 0.074229065 -0.28 -0.28 -0.28 0.695 0.695 0.695 0.695 0.69511683 1.7275 1.7275 1.7275 1.7275 1.7275203 1.3775 1.3775 1.3775 1.3775 1.3774744 1.06 1.06 1.06 1.0600002 1.3123712
-1.3475 -1.3475 -1.4317076 -1.725 -1.725 -1.725 -1.725 -1.725 -0.835381 -1.4575 -1.4575 -1.4575 -1.457233 -1.34 -1.34 -1.34 -1.34 -1.34 -0.9750003 -0.97756431 -1 -1 -1 -0.8692987 -0.472392 -0.37817491 -0.29842281 0.17 0.17 0.17 0.17 0.17 0.15616714 0.86197245 0.8675 0.8675 0.8675 0.8675 1.7772807 1.9924995 1.9925 1.9925 1.9925 1.6074993 1.3775001 1.3775 1.3775 1.25 1.060003 1.06 1.06 1.325 1.325
-1.3475 -1.3475 -1.445 -1.445 -1.445 -1.7249067 -1.725 -1.725 -1.4575 -1.4575 -1.4575 -1.4575 -1.4575 -1.34 -1.34 -1.34 -1.34 -1.34 -1 -1 -1 -1 -1 -0.27000004 -0.27 -0.27 -0.27 0.17 0.17 0.17 0.17 0.17 0.375 0.375 0.8675 0.8675 0.8675 0.89249574 0.8925 1.9925 1.9925 1.9925 1.9924999 1.6075 1.6075 1.6075 1.25 1.25 1.25 1.275 1.275 1.325 1.325
-1.3475 -1.3475 -1.445 -1.445 -1.445 -1.445 -1.4449987 -1.21 -1.457267 -1.4575 -1.4575 -1.4575 -1.4575 -1.3414657 -1.34 -1.34 -1.34 -1.34 -1 -1 -1 -1 -1 -0.27 -0.27 -0.27 -0.27 -0.26999821 0.17 0.17 0.17 0.37498925 0.375 0.375 0.375 0.8675 0.8925 0.8925 0.8925 0.92144306 1.2717278 1.1375 1.1375 1.6075 1.6075 1.6075 1.25 1.25 1.25 1.275 1.275 1.275 0.9536563
-0.64 -0.64000555 -1.445 -1.445 -1.445 -1.445 -1.21 -1.21 -1.21 -1.4575 -1.4575 -1.4575 -1.4575 -1.4574635 -1.34 -1.34 -1.34 -1.34 -1.0000059 -1 -1 -1 -0.39859978 -0.27 -0.27 -0.27 -0.27 -0.16250009 -0.1625 -0.1625 0.16643904 0.375 0.375 0.375 0.37499948 -0.16999999 0.8925 0.8925 0.8925 0.8925 1.1375 1.1375 1.1375 1.2575 1.2575 1.2575 0.82754115 1.25 1.25 1.275 1.275 1.275 0.91499987
