interpolatedSpi/07-12|22_1.tif
NCOLS 53
NROWS 52
XLLCORNER -116.03883
YLLCORNER 28.596182
DX 0.49850594
DY 0.49788537
NODATA_VALUE -9999
[rows 0 to 28 of 52, columns 0 to 52 of 53]
-0.57666667 -0.57666667 -0.58503704 -0.68333333 -0.41333333 -0.34333333 -0.58666667 -0.535 -0.59319505 -0.50333333 -0.66166667 -0.69666667 -0.72 -0.72 -0.875 -0.875 -0.875 -0.14166667 -0.36666667 -0.36666667 -0.36666667 -0.36667137 -0.85499999 -0.013333333 -0.013333333 -0.013333333 -0.29333621 -0.29333333 -0.29333333 -0.295 -0.295 -0.295 -0.295 -0.57833328 -0.57833333 -0.57833333 -0.57833333 -0.57833333 -0.57833333 -0.57833331 0.37143667 0.38130346 -1.045 -1.045 -1.045 -1.045 -1.0442269 -0.57166667 -0.57166667 -0.57166667 -0.38166706 -0.38166667 -0.38166667
-0.57666918 -0.63333333 -0.58166698 -0.58754738 -0.46537009 -0.57833333 -0.56166667 -0.4951866 -0.74833333 -0.645 -0.66 -0.72 -0.72 -0.12200068 -0.71999412 -0.875 -0.14166667 -0.14166667 -0.3663733 -0.36666667 -0.36666667 -0.36666667 -0.027194434 -0.013333333 -0.013333333 -0.013333333 -0.42499997 -0.425 -0.295 -0.295 -0.295 -0.295 -0.295 -0.57833329 -0.57833333 -0.57833333 -0.57833333 -0.57833333 -0.57833329 -0.45577799 0.16828879 -0.89777175 -1.045 -1.045 -1.045 -1.045 -1.045 -0.57166667 -0.57166667 -0.57166667 -0.55591168 -0.38166667 -0.38166667
-0.57165832 -0.57166667 -0.85 -0.44666667 -0.68 -0.62666667 -0.57333333 -0.34833333 -0.825 -0.49666667 -0.59833333 -0.89833333 -0.69666667 0.08 -0.12 -0.87833333 -0.14166667 -0.14166667 -0.14166667 0.25481928 0.255 0.255 -0.27666667 -0.013333333 -0.013333333 -0.013333333 -0.425 -0.425 -0.425 -0.295 -0.295 -0.29500001 -0.37041934 -0.5771441 -0.57330709 -0.043281608 -0.038333333 -0.038333333 -0.012340113 0.16833333 0.16833333 0.16678179 -1.045 -1.045 -1.045 -1.045 -1.045 -0.57166667 -0.57166667 -0.57166667 -0.57166667 -0.38166667 -0.38166667
-0.435 -0.57166667 -0.58673203 -0.38 -0.965 -0.54833333 -0.83666667 -0.87833333 -0.36833333 -0.30094254 -0.50166667 -0.255 -0.42666667 0.08 -0.071666667 -0.87833333 -0.11257065 -0.10669119 -0.67666667 0.255 0.255 -0.385 -0.27666667 -0.27666667 -0.013333333 -0.013335389 -0.425 -0.425 -0.425 -0.62 -0.52763925 -0.45166667 -0.45166667 -0.45166634 -0.038333333 -0.038333333 -0.038333333 -0.038333333 0.16833333 0.16833333 0.16833333 0.16833329 -1.045 -1.045 -1.045 -1.045 -1.045 -0.57167264 -0.57166667 -0.57166667 -0.57166667 -0.38166226 -0.38166667
-0.435 -0.46500022 -0.58666667 -0.54046856 -0.965 -1.0433333 -0.5166963 -0.18833333 -0.47 0.22166635 0.052783814 -0.024964668 0.22166667 -0.071666667 -0.071666667 -0.59928198 -0.10666667 -0.10666667 -0.67666667 -0.67666667 0.25499869 -0.385 0.285 0.12 -0.29166667 -0.29151157 -0.425 -0.425 -0.62 -0.62 -0.45166667 -0.45166667 -0.45166667 -0.40672335 -0.038333333 -0.038333333 -0.038333333 0.16833333 0.16833333 0.16833333 0.16833333 0.16831049 -1.045 -1.045 -1.045 -1.045 -1.045 -1.0407867 -0.57166667 -0.57165209 -0.24666667 -0.24666667 -0.24666667
-1.4366667 -0.58166667 -0.26833334 -0.485 -0.38 -0.71833333 -0.91833333 -0.82487243 0.045 -0.31666667 -0.245 0.21333333 0.21333334 0.13333333 0.13333333 -0.19825849 -0.19833333 -0.12166667 -0.12166667 -0.67666562 -0.70833333 -0.70833333 0.12 -0.29166667 -0.29166667 0.37166667 -0.43166667 -0.43166667 0.0016097792 -0.62 -0.45166667 -0.45166667 -0.21333333 -0.21332079 -0.09334181 0.32 0.32 0.21525488 0.16833333 0.16833333 -0.068038159 -0.068333331 -0.068331224 -0.15106399 -0.13510057 -0.13500024 -0.13500003 -0.13500034 -0.050055521 -0.24666667 -0.24666667 -0.24666667 -0.24666667
-1.3933303 -0.16666667 -0.47571772 -0.050000001 -0.13166667 -0.695 -0.35 -0.35 -0.11333333 -0.11333333 -0.245 0.12833333 -0.24499994 0.13333333 0.11166673 0.11166667 -0.19833333 0.076666667 0.50833333 0.50833333 -0.49547869 -0.25666667 -0.25666667 0.22833333 0.37166667 0.37166667 -0.43166667 -0.43166667 0.0016476295 0.0013161799 0.0056443667 -0.21333333 -0.21333333 -0.093333333 -0.093333333 0.32998507 0.32 0.32 -0.034987695 -0.068333287 -0.068333333 -0.068333333 -0.068321996 -0.13499972 -0.135 -0.135 -0.135 -0.13499992 0.0016666667 -0.24661745 -0.24666667 -0.24666667 -0.24666667
-1.3933333 -0.77833333 -0.10333333 -0.355 -0.080015765 -0.16333333 0.031666667 0.0083333325 0.165 0.17666667 0.17666667 -0.026666667 -0.245 -0.245 0.1092196 -0.21316999 -0.245 0.22166667 0.18333367 0.50833333 0.42618391 0.49 -0.21333333 0.37833333 0.37832807 -0.03 -0.093333333 -0.093333453 -0.32385531 -0.32499999 0.0066666667 -0.17280064 0.13333333 -0.093333333 -0.080974147 0.33833333 0.33833333 -0.034999998 -0.035 -0.068333333 -0.068333333 -0.068333315 -0.082500059 -0.085000003 -0.135 -0.135 -0.135 0.0016614646 0.0016666667 0.0016666667 -0.24666667 -0.24666667 -0.24666667
-0.76493179 -0.77833333 -0.385 0.17666667 -0.08 -0.0016666667 0.36833333 0.835 0.20333333 0.32693616 0.155 -0.039999997 -0.04 0.33 0.32999672 -0.36798959 -0.36833333 -0.36833333 0.21581502 -0.17166669 -0.26166667 -0.26166666 -0.135 -0.18246345 0.011149219 -0.03 -0.01 -0.093333333 -0.18612431 -0.18666667 -0.25833333 0.41 0.097734623 -0.068333333 0.34 0.38166667 0.465 -0.07 0.53138884 -0.064405213 0.81166667 0.31166667 -0.084919413 -0.085 -0.085281427 -0.135 -0.45166665 0.0016666627 0.0016666667 0.0016666667 0.001666666 -0.24313896 -0.34
-0.69 -0.69 -0.17333333 0.25 0.13666667 0.42166667 0.62666667 0.64333333 0.38833333 0.35833128 0.25333333 0.155 0.33 0.33 -0.018333333 -0.023133741 -0.36833333 -0.36821113 0.165 -0.17166667 -0.17166667 -0.18326168 -0.135 -0.60165783 -0.60166667 -0.60166667 -0.01 0.26833333 0.26833333 -0.18666667 -0.18666667 0.4088241 -0.21 -0.068333333 0.11666667 0.38166667 0.465 0.22666667 0.53166667 0.4857563 0.31166669 0.34778837 0.41 -0.085 -0.085 -0.45166667 -0.45166667 -0.45166667 0.0016666667 0.0016666667 -0.21833333 -0.21833333 -0.21833338
-0.69 -0.69 -0.65833333 -0.67 -0.10666667 0.32166667 0.17666667 0.42658704 0.50166667 0.57166667 0.15833333 0.07 0.1548871 -0.018333333 -0.018333333 -0.018308146 0.2 0.19816304 0.165 -0.20833333 -0.20833333 -0.0066666667 -0.0066666667 -0.60166667 -0.60166667 -0.60166667 0.26833333 0.26833333 0.26833333 -0.44 -0.44 -0.43999962 0.068333333 0.068333333 -0.25833333 -0.50166667 0.615 0.14500087 0.22333333 0.485 0.485 0.13166758 0.41 -0.085 0.086666332 -0.31833333 0.36978025 0.37333333 0.22833333 0.22833333 -0.21833333 -0.21833333 -0.21833333
-0.69 -0.67632788 -0.66331192 -0.53333247 0.066666667 0.28833333 0.17666667 0.42666667 0.50166604 0.57089115 0.070000653 0.07 0.36333333 -0.018333333 -0.018333333 0.19999999 0.2 0.19999801 0.165 -0.20833333 -0.1687301 -0.0066666667 -0.0066666666 -0.6016424 -0.60166667 -0.31622851 0.26666667 0.26666667 0.26666667 -0.44 -0.44 0.1 0.1 0.068332438 -0.25833333 0.16333325 0.55593598 0.145 0.145 0.48499999 0.13166667 0.13166667 0.13166638 0.086666667 0.086666667 -0.31833333 0.37333333 0.37333333 0.22833333 0.22833333 -0.21833333 -0.21833333 -0.21833333
-0.19166667 -0.15486019 -0.11168741 -0.11471431 0.066667658 0.2883281 0.17666667 0.42358931 0.4964984 0.50349455 0.36333333 0.36333333 0.36333333 0.36333333 -0.018279268 0.2 0.2 0.19954809 0.165 -0.20817668 0.325 0.325 0.325 0.325 -0.58525937 0.26666667 0.26666667 0.26666667 0.26666667 0.26627658 0.1 0.1 0.1 0.1 0.16333333 0.16333333 0.16333333 0.14600258 0.14382335 -0.011666667 -0.011666667 0.13165896 -0.0116633 0.086657195 0.086666667 -0.31833333 0.37333333 0.37333333 0.22833334 0.22833333 -0.21671287 -0.21833333 -0.035475675
-0.19166667 -0.11166667 -0.11166667 -0.11166667 -0.11166667 -0.1116665 0.17695249 0.2949671 0.48270995 0.36348408 0.36333333 0.36333333 0.36333333 0.36333333 0.36333346 0.2 0.19999999 0.19759924 0.165001 0.325 0.325 0.325 0.325 0.325 0.3235947 0.3129976 0.34666665 0.34666667 0.34666667 0.34666667 0.1 0.1 0.099999603 -0.23 -0.23 0.16333333 -0.14452738 -0.15333333 -0.011666749 -0.011666667 -0.011666667 -0.011666667 -0.011666667 -0.011666667 -0.011666667 -0.013800787 0.51890208 0.52 0.52 0.52 0.51999999 0.80999979 0.81
-0.016666667 -0.11166667 -0.11166667 -0.11166667 -0.11166667 -0.11166667 -0.11166665 0.18104941 0.5493924 0.55 0.55 0.55 0.55 0.55 0.55 0.21194777 0.20007623 0.19520734 0.32497989 0.325 0.325 0.325 0.325 0.325 0.26 0.26 0.26000012 0.34666667 0.34666667 0.34646976 0.24833333 0.24833333 -0.23 -0.23 -0.23 -0.16561448 -0.15333333 -0.15333333 -0.15333333 -0.011666667 -0.011666667 -0.011666667 -0.011666667 -0.011666667 -0.011666667 -0.011666667 0.51999999 0.52 0.52 0.52 0.52 0.81 0.81
-0.016666667 -0.052034087 -0.11166667 -0.11166667 -0.11166667 -0.11166667 0.044969252 0.045 0.045000012 0.55 0.55 0.55 0.55 0.55 0.47389059 0.205 0.205 0.205 0.32333822 0.32333334 0.32333333 0.32333333 0.32333333 0.32333333 0.26 0.26 0.26 0.26 0.34666667 0.24833333 0.24833333 0.24833333 -0.22999996 -0.23 -0.23 -0.10833333 -0.15327375 -0.15333333 -0.15333333 -0.011694683 -0.067511865 -0.19777543 -0.011666667 -0.011666667 -0.028281899 -0.028333333 -0.028333333 0.51906432 -0.046347266 -0.048333284 -0.048333226 0.065112737 0.80999849
-0.016666666 -0.31185316 -0.21709292 -0.11166667 -0.11166667 0.044907434 0.045 0.045 0.045 0.048639175 0.55 0.55 0.55 0.54999996 0.205 0.205 0.205 0.205 0.32322763 0.32333333 0.32333333 0.32333333 0.32333333 0.32333333 0.26 0.26 0.26 0.26 0.25995756 0.24833333 0.24833333 0.24833333 0.11666667 -0.22997926 -0.10833333 -0.10833333 -0.10833333 -0.10635802 -0.19547599 -0.19833333 -0.19833333 -0.19833333 -0.23 -0.23 -0.028333333 -0.028333333 -0.028333333 -0.048333333 -0.048333333 -0.048333333 -0.048333333 0.065 0.065
-0.31970084 -0.32 -0.32 -0.32 0.013333333 0.044999183 0.045 0.045 0.045 0.045 0.52135688 0.54999507 0.54999999 0.205 0.205 0.205 0.205 0.205 0.21669663 0.32333333 0.32333333 0.32333333 0.32333333 0.32333333 0.16261807 -0.048331663 -0.048333333 -0.048333333 -0.048333333 0.24833333 0.11666667 0.11666667 0.11666667 0.11666667 -0.10833333 -0.10832859 0.071666667 0.071666667 -0.19496198 -0.19833333 -0.19833333 -0.19833333 -0.23 -0.23 -0.059558277 -0.028333333 -0.028333333 -0.048333333 -0.048333333 -0.048333333 -0.047118105 0.065 0.065
-0.32 -0.32 -0.32 -0.16302836 0.013333333 0.013333333 0.045 0.045 0.045 0.045 0.17166667 0.17166667 0.17166667 0.205 0.205 0.205 0.205 0.20501763 0.24333333 0.24333333 0.3233333 0.32333333 0.31481231 -0.026666666 -0.026861724 -0.048333333 -0.048333333 -0.048333333 -0.048333333 0.11664987 0.11666667 0.11666667 0.11666667 0.11666667 0.071666034 0.071666667 0.071666667 0.071666667 0.070715324 -0.19833333 -0.19833333 -0.19833333 -0.23 -0.23 -0.23 -0.028333333 -0.028333333 -0.048333333 -0.048333333 -0.048333333 0.065 0.065 0.065
-0.32 -0.32 -0.32 0.013333333 0.013333333 0.013333333 0.013333382 0.045 0.045 0.17153591 0.17166667 0.17166667 0.17166667 0.17168744 0.29133839 0.31166667 0.31166667 0.31166667 0.24333333 0.24333333 0.24333333 -0.026666667 -0.026666667 -0.026666667 -0.0267381 -0.17072234 -0.048333333 -0.048333333 -0.048333334 0.11691497 0.12166617 0.12166667 0.12166667 0.12166667 0.059275643 0.041666735 0.041666667 0.041666667 0.041666667 -0.17666963 -0.17666667 -0.17666667 -0.23 -0.23 -0.24833326 -0.24833327 -0.056666667 -0.056666667 -0.005 -0.005 -0.005 0.065 0.30478541
-0.31999967 -0.32 -0.31999999 0.013333333 0.013333333 0.013333333 0.013333336 0.22499995 0.04571971 0.17147171 0.17166667 0.17166667 0.17166667 0.17194139 0.31166667 0.31166667 0.31166667 0.31166665 0.24333333 0.24333333 0.24333333 -0.026666667 -0.026666667 -0.026666667 -0.28166667 -0.28166667 -0.115 -0.115 -0.115 -0.11370891 0.12166667 0.12166667 0.12166667 0.12166667 0.081688596 0.041666667 0.041666667 0.041666667 0.041666667 -0.17666667 -0.17666667 -0.17666667 -0.17892157 -0.24833333 -0.24833333 -0.24833333 -0.056666667 -0.056666667 -0.0050000001 -0.005 -0.005 0.30499999 0.305
-0.21333333 -0.2558384 -0.068333333 -0.06830964 0.013333333 0.2237753 0.225 0.225 0.10354046 -0.043333335 -0.043333333 -0.043333333 -0.043333333 0.49164925 0.49166667 0.3116668 0.31166667 0.30986618 0.24333333 0.24333333 0.24333333 -0.33833333 -0.33833333 -0.33833333 -0.28166667 -0.28166667 -0.115 -0.115 -0.115 -0.11499998 -0.093331967 -0.09333273 0.11626296 0.12143617 -0.17799041 -0.17833333 -0.17833333 -0.17833333 -0.17833333 -0.17666667 -0.17666667 -0.17666667 -0.24438717 -0.24833333 -0.24833333 -0.24833335 -0.056666667 -0.056666667 -0.056664807 -0.005 -0.0049835295 0.36333333 0.305
-0.036700216 -0.036666672 -0.068333333 -0.068333333 -0.068333333 0.225 0.225 0.225 -0.10833333 -0.10833333 -0.043333333 -0.043333333 -0.043333333 0.49166667 0.49166667 0.49166667 0.49166667 0.49163842 0.24333333 0.24333333 0.24333331 -0.33833333 -0.33833333 -0.33833333 -0.28166667 -0.28166667 -0.115 -0.115 -0.115 -0.093577627 -0.093333333 -0.093333333 -0.093333333 -0.093333333 -0.17829139 -0.17833333 -0.17833333 -0.17833333 -0.17833333 -0.21333332 -0.21333333 -0.21333333 -0.21333333 -0.2483339 -0.32166667 -0.32166667 -0.32166667 0.07 0.07 0.07 0.36333333 0.36333333 0.36333333
-0.036666667 -0.036666667 -0.068333333 -0.068333333 -0.068333333 0.22345819 0.225 -0.10833333 -0.10833333 -0.10833333 -0.043341335 -0.043333333 0.21542283 0.49166662 0.49166667 0.49166667 0.49166667 0.30333333 0.30333333 0.30333333 -0.24666667 -0.24666673 -0.33833289 -0.33833333 -0.33827889 -0.27333333 -0.27333333 -0.27333296 -0.11502559 -0.3716112 -0.37166519 -0.37161807 -0.093809034 -0.093573532 -0.16337545 -0.1783334 -0.17887511 -0.34 -0.34 -0.21333333 -0.21333333 -0.21333333 -0.21333333 -0.32166667 -0.32166667 -0.32166667 -0.32166667 0.07 0.07 0.07 0.36333333 0.36333333 0.36333333
-0.036666667 -0.036666667 -0.068333333 -0.068333333 -0.068333333 -0.068333332 0.10024307 -0.10833333 -0.10833333 -0.10833333 -0.10812251 0.27333333 0.27333333 0.27333333 0.49037998 0.49166667 0.30458834 0.30333333 0.30333333 0.30333333 -0.24666667 -0.24666667 -0.24666667 -0.24666667 -0.27333333 -0.27333333 -0.27333333 -0.27333333 -0.27333333 -0.37166667 -0.37166667 -0.37166667 -0.37166667 -0.37166672 -0.395 -0.34 -0.34 -0.34 -0.34 -0.34000014 -0.405 -0.405 -0.405 -0.32527458 -0.16 -0.16 -0.16 0.069999993 0.069999837 -0.098333333 -0.098333333 0.21836861 0.21833333
-0.036666667 -0.036666667 -0.05690389 -0.068333333 -0.068333333 -0.068333325 0.32755846 -0.1069572 -0.10833333 -0.10833333 0.27333334 0.27333333 0.27333333 0.27333333 0.27333333 0.29123388 0.30333333 0.30333333 0.30333333 0.30333333 -0.24666241 -0.24666667 -0.24666667 -0.24666667 -0.27333333 -0.27333333 -0.27333333 -0.27333333 -0.27333333 -0.42955159 -0.37166667 -0.37166667 -0.37166667 -0.395 -0.395 -0.39495729 -0.34 -0.34 -0.54072434 -0.69666663 -0.405 -0.405 -0.405 -0.32597623 -0.16 -0.16 -0.16 -0.33666667 -0.10130294 -0.098333333 -0.098333333 0.21833333 0.21833333
0.565 0.565 0.565 0.090460743 -0.067571719 0.32833333 0.32833333 0.32833333 0.32833333 0.29333333 0.29333333 0.27333333 0.27333333 0.27333333 0.27333333 0.27333523 0.30333333 0.30333333 0.30333333 0.30333333 -0.006664508 -0.24666667 -0.24666667 -0.23680914 0.11204002 -0.27333333 -0.27333333 -0.27333333 -0.45 -0.45 -0.45 -0.44999967 -0.395 -0.395 -0.395 -0.395 -0.69666667 -0.69666667 -0.69666667 -0.69666667 -0.41166667 -0.41166667 -0.41166667 -0.071673502 -0.071666667 -0.071666667 -0.071666695 -0.33666667 -0.33666667 -0.098623729 -0.098333333 0.21833108 0.21833333
0.565 0.565 0.565 0.5649939 0.45166667 0.43373197 0.32833333 0.32833333 0.32833333 0.29333333 0.29333333 0.29333333 0.28 0.28 0.28 0.28 0.30358063 0.30333333 0.30333333 0.30333333 0.29501394 0.12999897 0.13 0.13 0.13 0.12999998 -0.28 -0.28 -0.45 -0.45 -0.45 -0.45 -0.39499995 -0.395 -0.395 -0.3949943 -0.69666666 -0.69666667 -0.69666667 -0.69639615 -0.41166667 -0.41166667 -0.41166667 -0.071682433 -0.071666667 -0.071666667 -0.071666667 -0.33666667 -0.33666667 -0.33666665 -0.22833333 -0.22833333 0.031666667
0.565 0.565 0.565 0.45166693 0.45166667 0.45166667 0.32833338 0.32833333 0.32833333 0.29333333 0.29333333 0.29333333 0.28 0.28 0.28 0.2920586 0.43833333 0.43833333 0.43833298 0.30409585 0.13 0.13 0.13 0.13 0.13 0.12969145 -0.28 -0.28 -0.28 -0.45 -0.45 -0.45013839 -0.325 -0.325 -0.325 -0.44333333 -0.44333333 -0.635 -0.635 -0.635 -0.29 -0.4116285 -0.41166545 -0.24833333 -0.24833333 -0.24163787 -0.071667582 -0.33666667 -0.33666667 -0.22833333 -0.22833333 -0.22833333 0.031666667
