interpolatedSpi/07-12|22_3.tif
NCOLS 53
NROWS 52
XLLCORNER -116.03883
YLLCORNER 28.596182
DX 0.49850594
DY 0.49788537
NODATA_VALUE -9999
[rows 0 to 28 of 52, columns 0 to 52 of 53]
-0.79 -0.79 -1.0702792 -1.3333333 -0.98 -0.75333333 -1.045 -1.105 -1.0936858 -0.725 -1.0416667 -0.61333333 -0.86332016 -0.70333333 -0.99166667 -0.99166667 -0.99166667 -0.005 -0.076666667 -0.076666667 -0.076666667 -0.076673586 -0.79499999 -0.06 -0.06 -0.06 -0.71999914 -0.72 -0.72 -0.75666667 -0.75666667 -0.75666667 -0.75666667 -0.36666674 -0.36666667 -0.36666667 -0.36666667 -0.36666667 -0.36666667 -0.36666663 0.99862759 1.0128449 -0.905 -0.905 -0.905 -0.905 -0.90417788 -0.40166667 -0.40166667 -0.40166667 -0.49166648 -0.49166667 -0.49166667
-0.79001222 -1.065 -1.0716667 -1.0235517 -0.81041785 -1.0666667 -1.1533333 -0.72216585 -0.92166667 -0.89666667 -0.75166667 -0.86333333 -0.86333333 -0.13523398 -0.703329 -0.99166667 -0.005 -0.005 -0.076573223 -0.076666667 -0.076666667 -0.076666667 -0.08316032 -0.06 -0.06 -0.06 -0.79999995 -0.8 -0.75666667 -0.75666667 -0.75666667 -0.75666667 -0.75666667 -0.36666672 -0.36666667 -0.36666667 -0.36666667 -0.36666667 -0.36666663 -0.21533307 0.56660383 -0.72642516 -0.905 -0.905 -0.905 -0.905 -0.905 -0.40166667 -0.40166667 -0.40166667 -0.40912955 -0.49166667 -0.49166667
-0.78831274 -0.78833333 -1.06 -0.57666667 -0.92333333 -0.93166667 -0.78833333 -0.56666667 -1.245 -0.555 -0.81666667 -1.0666667 -1.0483333 0.205 -0.13333333 -0.74833333 -0.005 -0.005 -0.005 0.16659593 0.16666667 0.16666667 -0.5 -0.06 -0.06 -0.06 -0.8 -0.8 -0.8 -0.75666667 -0.75666667 -0.75666666 -0.726178 -0.3658242 -0.36145426 0.18820179 0.19333333 0.19333333 0.24028883 0.56666666 0.56666667 0.56478478 -0.905 -0.905 -0.905 -0.905 -0.905 -0.40166667 -0.40166667 -0.40166667 -0.40166667 -0.49166667 -0.49166667
-0.48166667 -0.78833325 -0.39508451 -0.056666667 -0.99166667 -0.49833333 -0.84 -1.1133333 -0.53166667 -0.37411188 -0.485 -0.22 -0.34166667 0.205 -0.255 -0.74833333 -0.68713848 -0.68618905 -1.5466667 0.16666667 0.16666667 -0.84333333 -0.5 -0.5 -0.06 -0.060003696 -0.8 -0.8 -0.8 -1.1216667 -0.88664971 -0.69333333 -0.69333333 -0.69333264 0.19333333 0.19333333 0.19333333 0.19333333 0.56666667 0.56666667 0.56666667 0.56666661 -0.905 -0.905 -0.905 -0.905 -0.905 -0.40167302 -0.40166667 -0.40166667 -0.40166667 -0.49166498 -0.49166667
-0.48166667 -0.033333997 -0.395 -0.29830096 -0.99166667 -1.0016667 -0.67500349 0.15166667 -0.61 0.52499956 0.18669169 0.0283245 -0.033333333 -0.255 -0.255 -0.58411958 -0.68666667 -0.68666667 -1.5466667 -1.5466667 0.16666458 -0.84333333 0.61333333 -0.061666667 -0.49166667 -0.49143405 -0.8 -0.8 -1.1216667 -1.1216667 -0.69333333 -0.69333333 -0.69333333 -0.62638969 0.19333333 0.19333333 0.19333333 0.56666667 0.56666667 0.56666667 0.56666667 0.56658783 -0.90499999 -0.905 -0.905 -0.905 -0.905 -0.90051971 -0.40166667 -0.40166839 -0.44 -0.44 -0.44
-1.97 -0.54833333 -0.23666668 -0.485 -0.48333333 -0.585 -0.795 -0.67379955 0.063333333 -0.66666667 -0.91 -0.083333333 -0.0833333 -0.056666667 -0.056666667 -0.58326613 -0.58333333 -0.68666667 -0.68666667 -1.5466653 -1.5066667 -1.5066667 -0.061666667 -0.49166667 -0.49166667 0.50333333 -0.44833333 -0.44833333 -0.16675405 -1.1216667 -0.69333333 -0.69333333 -0.33833333 -0.33826437 0.32161948 0.61333333 0.61333333 0.58110407 0.56666667 0.56666667 -0.24898144 -0.25 -0.24999675 -0.58737439 -0.5817024 -0.58166675 -0.58166668 -0.58166679 -0.4044585 -0.44 -0.44 -0.44 -0.44
-2.0666631 -0.22 -0.052546136 0.016666665 -0.29833333 -0.73833333 -0.225 -0.115 -0.041666667 -0.041666667 -0.91 -0.17333333 -0.79166654 -0.056666667 -0.30499926 -0.305 -0.58333333 -0.23 0.033333333 0.033333333 -1.172854 -0.79833333 -0.79833333 0.21666666 0.50333333 0.50333333 -0.44833333 -0.44833333 -0.16669551 -0.16719776 -0.016993917 -0.33833333 -0.33833333 0.32166667 0.32166667 0.68232107 0.61333333 0.61333333 0.2516792 -0.2499993 -0.25 -0.25 -0.24998254 -0.58166489 -0.58166667 -0.58166667 -0.58166667 -0.58166656 -0.39833333 -0.43999174 -0.44 -0.44 -0.44
-2.0666667 -0.435 0.26166667 -0.465 -0.071689216 -0.245 -0.025 0.29166666 -0.068333333 0.21833333 0.21833333 -0.34833333 -0.79166667 -0.79166667 -0.30833898 -0.70117928 -0.74 -0.086666667 -0.39666623 0.033333333 0.11352675 0.17833333 -0.53833333 0.255 0.25499344 -0.25333333 -0.32666667 -0.32666671 -0.65993212 -0.66166665 -0.015 -0.20356862 0.18333333 0.32166667 0.32613499 0.74 0.74 0.25166667 0.25166667 -0.25 -0.25 -0.24999997 -0.26002249 -0.26333335 -0.58166667 -0.58166667 -0.58166667 -0.39834031 -0.39833333 -0.39833333 -0.44 -0.44 -0.44
-0.54575234 -0.435 -0.14333333 0.21166667 0.25833333 0.031666667 0.38 0.97166667 0.31666667 0.26483322 -0.078333333 -0.48999999 -0.49 0.29833333 0.29832772 -1.1754496 -1.1766667 -1.1766667 -0.13398865 -0.22500008 -0.585 -0.58499999 -0.028333333 -0.33735071 -0.20210676 -0.25333333 -0.11 -0.32666667 -0.32832365 -0.32833333 -0.31166667 0.88166667 0.26049303 -0.051666667 0.47833333 0.54833333 0.70833333 -0.10666667 0.91452823 -0.24394415 1.1066667 0.26166667 -0.26321368 -0.26333333 -0.26512509 -0.58166667 -0.29500002 -0.39833333 -0.39833333 -0.39833333 -0.39833333 -0.46324139 -0.675
-1.165 -1.165 0.18 0.385 0.13 0.79666667 0.62833333 0.63 0.36833333 0.25169425 0.42166667 0.52333333 0.29833333 0.29833333 -0.29833333 -0.31038007 -1.1766667 -1.176413 -0.043333333 -0.225 -0.225 -0.27138009 -0.028333333 -0.45332529 -0.45333333 -0.45333333 -0.11 0.40166667 0.40166667 -0.32833333 -0.32833333 0.87932751 -0.35166667 -0.051666667 0.073333333 0.54833333 0.70833333 0.80666667 0.915 0.21158795 0.2616667 0.33880794 0.47166667 -0.26333333 -0.26333333 -0.295 -0.295 -0.295 -0.39833333 -0.39833333 -0.62666667 -0.62666667 -0.62666668
-1.165 -1.165 -0.57 -0.79 -0.18333333 0.21833333 0.20166667 0.54340431 0.81 0.73 0.155 0.14833333 0.52283376 -0.29833333 -0.29833333 -0.29832603 -0.235 -0.22494043 -0.043333333 -0.36166667 -0.36166667 -0.46333333 -0.46333333 -0.45333333 -0.45333333 -0.45333333 0.40166667 0.40166667 0.40166667 -0.85166667 -0.85166667 -0.85166584 -0.20833333 -0.20833333 -0.33333333 -0.87333333 0.55166667 0.24666784 0.37333333 0.2 0.2 -0.19666447 0.47166667 -0.26333333 -0.13166709 -0.66 0.11821269 0.12 0.055 0.055 -0.62666667 -0.62666667 -0.62666667
-1.165 -0.90811554 -0.66388185 -0.68166071 0.25833333 0.25333333 0.20166667 0.54333333 0.80999777 0.7308863 0.14833409 0.14833333 0.2 -0.29833333 -0.29833333 -0.235 -0.235 -0.23498909 -0.043333333 -0.36166667 -0.38163193 -0.46333333 -0.46333333 -0.45333324 -0.45333333 -0.34759521 -0.13166667 -0.13166667 -0.1316666 -0.85166667 -0.85166667 -0.545 -0.545 -0.20833368 -0.33333333 -0.32499995 0.52494035 0.24666667 0.24666667 0.19999999 -0.19666667 -0.19666667 -0.19666609 -0.13166667 -0.13166667 -0.66 0.12 0.12 0.055 0.055 -0.62666667 -0.62666667 -0.62666667
-0.10666667 -0.13057662 -0.090025782 -0.094274339 0.25833311 0.25333345 0.20166667 0.53912762 0.79162394 0.80791099 0.2 0.2 0.2 0.2 -0.29826274 -0.235 -0.235 -0.23252528 -0.043333333 -0.36154316 0.058333333 0.058333333 0.058333333 0.058333333 -0.4444074 -0.13166667 -0.13166667 -0.13166667 -0.13166667 -0.13214013 -0.545 -0.545 -0.545 -0.545 -0.325 -0.325 -0.325 0.21926412 0.23985711 -0.66 -0.66 -0.19669159 -0.49332095 -0.1317015 -0.13166667 -0.66 0.12 0.12 0.055000001 0.055 -0.62419365 -0.62666667 -0.23326442
-0.10666667 -0.09 -0.09 -0.09 -0.09 -0.089999855 0.20179892 0.36336523 0.7425983 0.20065499 0.2 0.2 0.2 0.2 0.20000027 -0.235 -0.23499997 -0.22185297 -0.043335675 0.058333333 0.058333333 0.058333333 0.058333333 0.058333333 0.05246 -0.25296687 -0.32499996 -0.325 -0.325 -0.325 -0.545 -0.545 -0.54500047 -0.93666667 -0.93666667 -0.325 -0.78841139 -0.80166667 -0.66000008 -0.66 -0.66 -0.66 -0.49333333 -0.49333333 -0.49333333 -0.49449318 0.23905724 0.24 0.24 0.24 0.24 0.77333304 0.77333333
0.375 -0.09 -0.09 -0.09 -0.09 -0.09 -0.089999981 0.1664831 0.58208251 0.58166667 0.58166667 0.58166667 0.58166667 0.58166667 0.58166666 0.13905263 -0.22919058 -0.20875434 0.058320486 0.058333333 0.058333333 0.058333333 0.058333333 0.05833339 -0.21333333 -0.21333333 -0.21333349 -0.325 -0.325 -0.32529703 -0.47333333 -0.47333333 -0.93666667 -0.93666667 -0.93666667 -0.82329215 -0.80166667 -0.80166667 -0.80166667 -0.66 -0.66 -0.66 -0.49333333 -0.49333333 -0.49333333 -0.49333333 0.23999999 0.24 0.24 0.24 0.24 0.77333333 0.77333333
0.375 0.20188578 -0.09 -0.09 -0.09 -0.09 -0.12332679 -0.12333333 -0.12333332 0.58166667 0.58166667 0.58166667 0.58166667 0.58166667 0.48202584 0.13 0.13 0.13 0.10651953 0.10666662 0.10666667 0.10666667 0.10666667 0.10666667 -0.21333333 -0.21333333 -0.21333333 -0.21333333 -0.325 -0.47333333 -0.47333333 -0.47333333 -0.93666663 -0.93666667 -0.93666667 -0.69166667 -0.80152102 -0.80166667 -0.80166667 -0.6600385 -0.73678715 -0.91589955 -0.49333333 -0.49333333 -0.5764095 -0.57666667 -0.57666667 0.2383927 -0.73325366 -0.73666658 -0.73666648 -0.51813788 0.77333071
0.375 -0.23321412 -0.17096737 -0.09 -0.09 -0.12331364 -0.12333333 -0.12333333 -0.12333333 -0.1182529 0.58166667 0.58166667 0.58166667 0.58166661 0.13 0.13 0.13 0.13 0.10668751 0.10666667 0.10666667 0.10666667 0.10666667 0.10666667 -0.21333333 -0.21333333 -0.21333333 -0.21333333 -0.21427904 -0.47333333 -0.47333333 -0.47333333 -0.38333334 -0.93662839 -0.69166667 -0.69166667 -0.69166667 -0.69141836 -0.90937861 -0.91666667 -0.91666667 -0.91666667 -0.94666667 -0.94666667 -0.57666667 -0.57666667 -0.57666667 -0.73666666 -0.73666667 -0.73666667 -0.73666667 -0.51833333 -0.51833333
-0.24953293 -0.25 -0.25 -0.25 -0.32833333 -0.12333862 -0.12333333 -0.12333333 -0.12333333 -0.12333333 0.58532563 0.5816673 0.58166667 0.13 0.13 0.13 0.13 0.13 0.12027974 0.10666667 0.10666667 0.10666667 0.10666667 0.10666667 -0.25784834 -0.60166456 -0.60166667 -0.60166667 -0.60166667 -0.47333333 -0.38333333 -0.38333333 -0.38333333 -0.38333333 -0.69166667 -0.69166605 -0.66833333 -0.66833333 -0.91356586 -0.91666667 -0.91666667 -0.91666667 -0.94666667 -0.94666667 -0.63395541 -0.57666667 -0.57666667 -0.73666667 -0.73666667 -0.73666667 -0.73432557 -0.51833333 -0.51833333
-0.25 -0.25 -0.25 -0.28688834 -0.32833333 -0.32833333 -0.12333333 -0.12333333 -0.12333333 -0.12333333 0.63 0.63 0.63 0.13 0.13 0.13 0.13 0.12999367 0.005 0.005 0.10666663 0.10666667 0.097212385 -0.28166667 -0.28454749 -0.60166667 -0.60166667 -0.60166667 -0.60166667 -0.38335557 -0.38333333 -0.38333333 -0.38333333 -0.38333333 -0.66833342 -0.66833333 -0.66833333 -0.66833333 -0.66920205 -0.91666667 -0.91666667 -0.91666667 -0.94666667 -0.94666667 -0.94666667 -0.57666667 -0.57666667 -0.73666666 -0.73666667 -0.73666667 -0.51833333 -0.51833333 -0.51833333
-0.25 -0.25 -0.25 -0.32833333 -0.32833333 -0.32833333 -0.32833302 -0.12333333 -0.12333333 0.62922234 0.63 0.63 0.63 0.62968848 0.098972141 0.091666667 0.091666667 0.091666666 0.005 0.005 0.005 -0.28166667 -0.28166667 -0.28166667 -0.28174557 -0.5815599 -0.60166667 -0.60166667 -0.60166667 -0.3680373 -0.35833579 -0.35833333 -0.35833333 -0.35833333 -0.63401465 -0.58666685 -0.58666667 -0.58666667 -0.58666667 -1.0249852 -1.025 -1.025 -0.94666667 -0.94666667 -0.88000028 -0.87999983 -0.41 -0.41 -0.46 -0.46 -0.46 -0.51833333 0.14773725
-0.2499999 -0.25 -0.25 -0.32833333 -0.32833333 -0.32833333 -0.32833333 0.056666614 -0.12261362 0.6295723 0.63 0.63 0.63 0.62894364 0.091666667 0.091666667 0.091666667 0.091666642 0.005 0.005 0.005 -0.28166667 -0.28166667 -0.28166667 -0.56333333 -0.56333333 -0.51833333 -0.51833333 -0.51833333 -0.51746048 -0.35833333 -0.35833333 -0.35833333 -0.35833333 -0.47243737 -0.58666667 -0.58666667 -0.58666667 -0.58666667 -1.025 -1.025 -1.025 -1.0204377 -0.88 -0.88 -0.88 -0.41 -0.41 -0.46 -0.46 -0.46 0.14833331 0.14833333
-0.21666667 -0.23488086 -0.35166667 -0.3516599 -0.32833333 0.05443907 0.056666667 0.056666667 0.088853445 0.15833333 0.15833333 0.15833333 0.15833333 0.30332861 0.30333333 0.091666829 0.091666667 0.089383127 0.005 0.005 0.005 -0.74333333 -0.74333333 -0.74333333 -0.56333333 -0.56333333 -0.51833333 -0.51833333 -0.51833333 -0.51833347 -0.7049978 -0.70499903 -0.36704628 -0.35870498 -0.98261896 -0.98333333 -0.98333333 -0.98333333 -0.98333333 -1.025 -1.025 -1.025 -0.88798412 -0.88 -0.88 -0.87999998 -0.41 -0.41 -0.4100018 -0.46 -0.459976 0.076666667 0.14833333
-0.24666097 -0.24666668 -0.35166667 -0.35166667 -0.35166667 0.056666667 0.056666667 0.056666667 0.145 0.145 0.15833333 0.15833333 0.15833333 0.30333333 0.30333333 0.30333333 0.30333333 0.30329942 0.005 0.005 0.0049999713 -0.74333333 -0.74333333 -0.74333333 -0.56333333 -0.56333333 -0.51833333 -0.51833333 -0.51833333 -0.70289532 -0.705 -0.705 -0.705 -0.705 -0.98319599 -0.98333333 -0.98333333 -0.98333333 -0.98333333 -0.97666668 -0.97666667 -0.97666667 -0.97666667 -0.87999902 -0.75166667 -0.75166667 -0.75166667 -0.15333333 -0.15333333 -0.15333333 0.076666667 0.076666667 0.076666667
-0.24666667 -0.24666667 -0.35166667 -0.35166667 -0.35166667 0.054520394 0.056666667 0.145 0.145 0.145 0.15833169 0.15833333 0.10794398 0.30333329 0.30333333 0.30333333 0.30333333 -0.038333333 -0.038333333 -0.038333333 -0.88833333 -0.88833323 -0.74333404 -0.74333333 -0.74339445 -0.93166667 -0.93166667 -0.93166568 -0.51840013 -1.1299153 -1.1299977 -1.1299258 -0.70572637 -0.70536677 -0.93403687 -0.98333343 -0.98414321 -1.225 -1.225 -0.97666667 -0.97666667 -0.97666667 -0.97666667 -0.75166667 -0.75166667 -0.75166667 -0.75166667 -0.15333333 -0.15333333 -0.15333333 0.076666667 0.076666667 0.076666667
-0.24666667 -0.24666667 -0.35166667 -0.35166667 -0.35166667 -0.35166667 0.089727253 0.145 0.145 0.145 0.1449733 0.096666667 0.096666667 0.096666667 0.3021154 0.30333333 -0.036056551 -0.038333333 -0.038333333 -0.038333333 -0.88833333 -0.88833333 -0.88833333 -0.88833333 -0.93166667 -0.93166667 -0.93166667 -0.93166667 -0.93166667 -1.13 -1.13 -1.13 -1.13 -1.1299997 -1.005 -1.225 -1.225 -1.225 -1.225 -1.2249994 -1.0616667 -1.0616667 -1.0616667 -0.93963681 -0.68666667 -0.68666667 -0.68666667 -0.15333335 -0.15333361 -0.44166667 -0.44166667 0.031677614 0.031666667
-0.24666667 -0.24666667 -0.31376904 -0.35166667 -0.35166667 -0.35166665 0.18492902 0.14512606 0.145 0.145 0.0966667 0.096666667 0.096666667 0.096666667 0.096666667 0.11358639 -0.038333333 -0.038333333 -0.038333333 -0.038333333 -0.88832676 -0.88833333 -0.88833333 -0.88833333 -0.93166667 -0.93166667 -0.93166667 -0.93166667 -0.93166667 -1.1965061 -1.13 -1.13 -1.13 -1.005 -1.005 -1.0051708 -1.225 -1.225 -1.3009751 -1.36 -1.0616667 -1.0616667 -1.0616667 -0.94131422 -0.68666667 -0.68666667 -0.68666667 -0.89666667 -0.44733592 -0.44166667 -0.44166667 0.031666667 0.031666667
0.38333333 0.38333333 0.38333333 -0.16738196 -0.35087778 0.185 0.185 0.185 0.185 0.255 0.255 0.096666678 0.096666667 0.096666667 0.096666667 0.09665811 -0.038333333 -0.038333333 -0.038333333 -0.038333333 -0.51742091 -0.88833333 -0.88833333 -0.87463748 -0.39023303 -0.93166667 -0.93166667 -0.93166667 -1.22 -1.22 -1.22 -1.2199996 -1.005 -1.005 -1.005 -1.005 -1.36 -1.36 -1.36 -1.36 -1.145 -1.145 -1.145 -0.72167518 -0.72166667 -0.72166667 -0.72166666 -0.89666667 -0.89666667 -0.44222106 -0.44166667 0.031664196 0.031666667
0.38333333 0.38333333 0.38333333 0.38332265 0.185 0.185 0.185 0.185 0.185 0.255 0.255 0.255 0.071666668 0.071666667 0.071666667 0.071666677 -0.037331937 -0.038333333 -0.038333333 -0.038333333 -0.051193786 -0.36500144 -0.365 -0.365 -0.365 -0.36500002 -0.80666667 -0.80666667 -1.22 -1.22 -1.22 -1.22 -1.0049999 -1.005 -1.005 -1.0049859 -1.36 -1.36 -1.36 -1.3591299 -1.145 -1.145 -1.145 -0.7216863 -0.72166667 -0.72166667 -0.72166667 -0.89666667 -0.89666667 -0.89666661 -0.45833333 -0.45833333 -0.30166667
0.38333333 0.38333333 0.38333333 0.18500046 0.185 0.185 0.185 0.185 0.185 0.255 0.255 0.255 0.071666667 0.071666667 0.071666667 0.104923 0.50833333 0.50833333 0.50833192 -0.03524562 -0.365 -0.365 -0.365 -0.365 -0.365 -0.36533238 -0.80666667 -0.80666667 -0.80666667 -1.22 -1.22 -1.2199474 -0.83166667 -0.83166667 -0.83166667 -0.77833333 -0.77833334 -1.1616667 -1.1616667 -1.1616667 -0.57833333 -1.1448223 -1.1449963 -0.64333333 -0.64333333 -0.64630208 -0.72166676 -0.89666667 -0.89666667 -0.45833333 -0.45833333 -0.45833333 -0.30166667
