interpolatedSpi/07-12|22_2.tif
NCOLS 53
NROWS 52
XLLCORNER -116.03883
YLLCORNER 28.596182
DX 0.49850594
DY 0.49788537
NODATA_VALUE -9999
[rows 0 to 29 of 52, columns 0 to 52 of 53]
-0.62833333 -0.62833333 -0.82145014 -1.0366667 -0.72166667 -0.58833333 -0.87666667 -0.85333333 -0.79476814 -0.56666667 -0.81166667 -0.62333333 -0.7633203 -0.605 -0.90333333 -0.90333333 -0.90333333 -0.0033333333 -0.018333333 -0.018333333 -0.018333333 -0.018340509 -0.76333333 -0.0066666667 -0.0066666667 -0.0066666667 -0.65166657 -0.65166667 -0.65166667 -0.54666667 -0.54666667 -0.54666667 -0.54666667 -0.54666667 -0.54666667 -0.54666667 -0.54666667 -0.54666667 -0.54666667 -0.54666663 0.75761805 0.77119564 -1.0783333 -1.0783333 -1.0783333 -1.0783333 -1.0774159 -0.51666667 -0.51666667 -0.51666667 -0.49500004 -0.495 -0.495
-0.62833867 -0.74833333 -0.83333342 -0.82531417 -0.64377138 -0.83833333 -0.845 -0.59368101 -0.79 -0.75833333 -0.72666667 -0.76333333 -0.76333333 -0.093378361 -0.60499643 -0.90333333 -0.0033333333 -0.0033333333 -0.018313775 -0.018333333 -0.018333333 -0.018333333 -0.029212888 -0.0066666667 -0.0066666667 -0.0066666667 -0.71666662 -0.71666667 -0.54666667 -0.54666667 -0.54666667 -0.54666667 -0.54666667 -0.54666667 -0.54666667 -0.54666667 -0.54666667 -0.54666667 -0.54666662 -0.40604485 0.30661791 -0.91027469 -1.0783333 -1.0783333 -1.0783333 -1.0783333 -1.0783333 -0.51666667 -0.51666667 -0.51666667 -0.51487005 -0.495 -0.495
-0.58331994 -0.58333333 -0.91166667 -0.45 -0.77666667 -0.765 -0.72 -0.47666667 -1.0683333 -0.53666667 -0.70666667 -1.04 -0.89 0.25166667 -0.091666667 -0.79 -0.0033333333 -0.0033333333 -0.0033333333 0.33656347 0.33666667 0.33666667 -0.435 -0.0066666667 -0.0066666667 -0.0066666667 -0.71666667 -0.71666667 -0.71666667 -0.54666667 -0.54666667 -0.54666667 -0.56832967 -0.54540039 -0.54060104 0.099028472 0.105 0.105 0.13036435 0.30666667 0.30666667 0.3048956 -1.0783333 -1.0783333 -1.0783333 -1.0783333 -1.0783333 -0.51666667 -0.51666667 -0.51666667 -0.51666667 -0.495 -0.495
-0.31 -0.5833333 -0.41341069 -0.215 -0.97333333 -0.49666667 -0.88166667 -1.035 -0.41833333 -0.32683661 -0.48333333 -0.26666667 -0.34833333 0.25166667 -0.10166667 -0.79 -0.31036463 -0.30645413 -1.2316667 0.33666667 0.33666667 -0.60166667 -0.435 -0.435 -0.0066666667 -0.0066702127 -0.71666667 -0.71666667 -0.71666667 -0.96666667 -0.76091252 -0.59166667 -0.59166667 -0.59166612 0.105 0.105 0.105 0.105 0.30666667 0.30666667 0.30666667 0.30666661 -1.0783333 -1.0783333 -1.0783333 -1.0783333 -1.0783333 -0.51667375 -0.51666667 -0.51666667 -0.51666667 -0.49499706 -0.495
-0.31 -0.18666708 -0.41333333 -0.35672787 -0.97333333 -0.92666667 -0.55501859 -0.038333333 -0.57333333 0.3899996 0.14096381 0.025022679 0.18333333 -0.10166667 -0.10166667 -0.55463546 -0.30666667 -0.30666667 -1.2316667 -1.2316667 0.33666472 -0.60166667 0.54166667 0.076666667 -0.45833333 -0.45814163 -0.71666667 -0.71666667 -0.96666667 -0.96666667 -0.59166667 -0.59166667 -0.59166667 -0.55772339 0.105 0.105 0.105 0.30666667 0.30666667 0.30666667 0.30666667 0.30661116 -1.0783333 -1.0783333 -1.0783333 -1.0783333 -1.0783333 -1.0733338 -0.51666667 -0.51666166 -0.405 -0.405 -0.405
-1.69 -0.55333333 -0.16166668 -0.42166667 -0.36666667 -0.57166667 -0.78833333 -0.69231185 0.13833333 -0.50666667 -0.5 0.19166667 0.19166666 0.11666667 0.11666667 -0.42157894 -0.42166667 -0.43333333 -0.43333334 -1.2316653 -1.2833333 -1.2833333 0.076666667 -0.45833333 -0.45833333 0.36166667 -0.61166667 -0.61166667 -0.21340232 -0.96666667 -0.59166667 -0.59166667 -0.41166667 -0.411624 -0.0033624606 0.405 0.405 0.33708833 0.30666667 0.30666667 -0.26761618 -0.26833333 -0.26833046 -0.52494438 -0.51506226 -0.51500015 -0.51500002 -0.51500021 -0.41934203 -0.405 -0.405 -0.405 -0.405
-1.7433282 -0.10666667 -0.1527345 0.13333333 -0.13333333 -0.63833333 -0.21333333 -0.16166667 -0.041666667 -0.041666667 -0.5 0.098333333 -0.42833324 0.11666667 -0.058332809 -0.058333333 -0.42166667 0.068333333 0.35 0.35 -0.9495207 -0.575 -0.575 0.083333326 0.36166667 0.36166667 -0.61166667 -0.61166667 -0.21335859 -0.21379826 -0.17313093 -0.41166667 -0.41166667 -0.0033333334 -0.0033333332 0.4512944 0.405 0.405 -0.053317447 -0.26833303 -0.26833333 -0.26833333 -0.26831796 -0.51499882 -0.515 -0.515 -0.515 -0.51499994 -0.41833333 -0.40500264 -0.405 -0.405 -0.405
-1.7433333 -0.54333333 0.09 -0.33333333 -1.9109301e-05 -0.13666667 0.07 0.21833333 0.081666667 0.24833333 0.24833333 -0.086666667 -0.42833333 -0.42833333 -0.060871876 -0.38620584 -0.41833333 0.09 -0.063332909 0.35 0.27597977 0.34333333 -0.43333333 0.26666666 0.26665981 -0.265 -0.34166667 -0.34166676 -0.64514821 -0.64666666 -0.17166667 -0.27830023 0.091666667 -0.0033333333 0.0055557746 0.49 0.49 -0.053333331 -0.053333333 -0.26833333 -0.26833333 -0.26833331 -0.30005281 -0.30333334 -0.515 -0.515 -0.515 -0.41833701 -0.41833333 -0.41833333 -0.405 -0.405 -0.405
-0.6080653 -0.54333334 -0.28333333 0.275 0.12833333 0.04 0.46 0.98833333 0.26333333 0.36035491 0.073333333 -0.22 -0.22 0.36833333 0.36832832 -0.80558435 -0.80666667 -0.80666667 0.06659343 -0.24833338 -0.45 -0.44999999 -0.11 -0.30591298 -0.21142204 -0.265 -0.125 -0.34166667 -0.41623084 -0.41666667 -0.38166667 0.58 0.073827741 -0.17666667 0.30833333 0.34833333 0.48833333 -0.285 0.6229139 -0.26299168 0.92833333 0.215 -0.30322453 -0.30333333 -0.30452471 -0.515 -0.57333333 -0.41833333 -0.41833333 -0.41833333 -0.41833333 -0.41143289 -0.595
-0.97 -0.97 -0.023333333 0.39333333 0.20166667 0.735 0.695 0.70666667 0.465 0.3850177 0.39666667 0.45333333 0.36833333 0.36833333 -0.165 -0.17380075 -0.80666667 -0.80646775 0.078333333 -0.24833333 -0.24833333 -0.27431477 -0.11 -0.57332456 -0.57333333 -0.57333333 -0.125 0.26666667 0.26666667 -0.41666667 -0.41666667 0.5780939 -0.425 -0.17666667 -0.023333333 0.34833333 0.48833333 0.405 0.62333333 0.33475402 0.21500003 0.27010091 0.365 -0.30333333 -0.30333333 -0.57333333 -0.57333333 -0.57333333 -0.41833333 -0.41833333 -0.45666667 -0.45666667 -0.45666672
-0.97 -0.97 -0.62 -0.77833333 -0.10166667 0.33 0.28666667 0.52168744 0.75 0.71 0.24 0.15166667 0.4529316 -0.165 -0.165 -0.16498481 -0.033333333 -0.027472543 0.078333333 -0.29666667 -0.29666667 -0.26 -0.26 -0.57333333 -0.57333333 -0.57333333 0.26666667 0.26666667 0.26666667 -0.77833333 -0.77833333 -0.77833275 -0.215 -0.215 -0.445 -0.85166667 0.51 0.098334255 0.185 0.33 0.33 -0.14499832 0.365 -0.30333333 -0.14833371 -0.61 0.15850119 0.16166666 0.09 0.09 -0.45666667 -0.45666667 -0.45666667
-0.97 -0.81890021 -0.68756648 -0.64332987 0.12666667 0.32 0.28666667 0.52166667 0.74999809 0.71044315 0.15166739 0.15166667 0.30333333 -0.165 -0.165 -0.033333338 -0.033333333 -0.033326978 0.078333333 -0.29666667 -0.28946608 -0.26 -0.26 -0.57332035 -0.57333333 -0.40349489 -0.056666667 -0.056666667 -0.056666626 -0.77833333 -0.77833333 -0.33833333 -0.33833333 -0.21500063 -0.445 -0.27 0.46135873 0.098333333 0.098333333 0.32999998 -0.145 -0.145 -0.14499994 -0.14833333 -0.14833333 -0.61 0.16166667 0.16166667 0.09 0.09 -0.45666667 -0.45666667 -0.45666667
-0.20166667 -0.14452069 -0.10169164 -0.10558126 0.1266675 0.31999544 0.28666667 0.51877396 0.7342655 0.74895549 0.30333333 0.30333333 0.30333333 0.30333333 -0.16493366 -0.033333333 -0.033333333 -0.031891539 0.078333333 -0.29654231 0.125 0.125 0.125 0.125 -0.56108534 -0.056666667 -0.056666667 -0.056666667 -0.056666667 -0.057101919 -0.33833333 -0.33833333 -0.33833333 -0.33833333 -0.27 -0.27 -0.27 0.08069987 0.094052325 -0.47166667 -0.47166667 -0.14501757 -0.34665988 -0.14835244 -0.14833333 -0.61 0.16166667 0.16166667 0.090000001 0.09 -0.45468342 -0.45666667 -0.11484126
-0.20166667 -0.10166667 -0.10166667 -0.10166667 -0.10166667 -0.10166649 0.28675197 0.39788955 0.6922873 0.30381341 0.30333333 0.30333333 0.30333333 0.30333333 0.30333358 -0.033333335 -0.033333316 -0.025673762 0.078331927 0.125 0.125 0.125 0.125 0.125 0.12190087 -0.083340471 -0.10833332 -0.10833333 -0.10833333 -0.10833333 -0.33833333 -0.33833333 -0.33833375 -0.68166667 -0.68166667 -0.27 -0.60702646 -0.61666667 -0.47166675 -0.47166667 -0.47166667 -0.47166667 -0.34666667 -0.34666667 -0.34666667 -0.34849923 0.28734893 0.28833333 0.28833333 0.28833333 0.28833333 0.91833305 0.91833333
0.12833333 -0.10166667 -0.10166667 -0.10166667 -0.10166667 -0.10166667 -0.10166664 0.21299777 0.65475552 0.655 0.655 0.655 0.655 0.655 0.655 0.15361709 -0.030519788 -0.01804239 0.12499409 0.125 0.125 0.125 0.125 0.12500008 -0.018333333 -0.018333333 -0.01833346 -0.10833333 -0.10833333 -0.10847017 -0.17666667 -0.17666667 -0.68166667 -0.68166667 -0.68166667 -0.6270789 -0.61666667 -0.61666667 -0.61666667 -0.47166667 -0.47166667 -0.47166667 -0.34666667 -0.34666667 -0.34666667 -0.34666667 0.28833332 0.28833333 0.28833333 0.28833333 0.28833333 0.91833333 0.91833333
0.12833333 0.042706946 -0.10166667 -0.10166667 -0.10166667 -0.10166667 -0.10999836 -0.11 -0.10999998 0.655 0.655 0.655 0.655 0.655 0.54212275 0.14333333 0.14333333 0.14333333 0.19312519 0.19333326 0.19333333 0.19333333 0.19333333 0.19333333 -0.018333333 -0.018333333 -0.018333333 -0.018333333 -0.10833333 -0.17666667 -0.17666667 -0.17666667 -0.68166662 -0.68166667 -0.68166667 -0.48833333 -0.61649675 -0.61666667 -0.61666667 -0.47170068 -0.53947869 -0.69765588 -0.34666667 -0.34666667 -0.33005143 -0.33 -0.33 0.28718391 -0.40755964 -0.40999994 -0.40999987 -0.19649795 0.91833107
0.12833333 -0.37445697 -0.2467332 -0.10166667 -0.10166667 -0.10999508 -0.11 -0.11 -0.11 -0.10448719 0.655 0.655 0.655 0.65499994 0.14333333 0.14333333 0.14333333 0.14333333 0.19328867 0.19333333 0.19333333 0.19333333 0.19333333 0.19333333 -0.018333328 -0.018333333 -0.018333333 -0.018333333 -0.018909248 -0.17666667 -0.17666667 -0.17666667 -0.21 -0.68163561 -0.48833333 -0.48833333 -0.48833333 -0.48812303 -0.69315605 -0.69833333 -0.69833333 -0.69833333 -0.64833333 -0.64833333 -0.33 -0.33 -0.33 -0.41 -0.41 -0.41 -0.41 -0.19666667 -0.19666667
-0.38791592 -0.38833333 -0.38833333 -0.38833333 -0.26166667 -0.11000391 -0.11 -0.11 -0.11 -0.11 0.63430614 0.65499644 0.65499999 0.14333333 0.14333333 0.14333333 0.14333333 0.14333333 0.14293929 0.19333333 0.19333333 0.19333333 0.19333333 0.19333333 -0.085965682 -0.37499807 -0.375 -0.375 -0.375 -0.17666667 -0.21 -0.21 -0.21 -0.21 -0.48833333 -0.48833281 -0.46833333 -0.46833333 -0.69546144 -0.69833333 -0.69833333 -0.69833333 -0.64833333 -0.64833333 -0.37928896 -0.33 -0.33 -0.41 -0.41 -0.41 -0.40771251 -0.19666667 -0.19666667
-0.38833333 -0.38833333 -0.38833333 -0.32868411 -0.26166667 -0.26166667 -0.11 -0.11 -0.11 -0.11 0.38166667 0.38166667 0.38166667 0.14333333 0.14333333 0.14333333 0.14333333 0.14333278 0.075 0.075 0.19333329 0.19333333 0.18185024 -0.27833333 -0.27920358 -0.375 -0.375 -0.375 -0.375 -0.2100168 -0.21 -0.21 -0.21 -0.21 -0.4683334 -0.46833333 -0.46833333 -0.46833333 -0.46913978 -0.69833333 -0.69833333 -0.69833333 -0.64833333 -0.64833333 -0.64833333 -0.33 -0.33 -0.41 -0.41 -0.41 -0.19666667 -0.19666667 -0.19666667
-0.38833333 -0.38833333 -0.38833333 -0.26166667 -0.26166667 -0.26166667 -0.26166643 -0.11 -0.11 0.38115913 0.38166667 0.38166667 0.38166667 0.38151817 0.14063526 0.14 0.14 0.14 0.075 0.075 0.075 -0.27833333 -0.27833333 -0.27833333 -0.2784001 -0.44930761 -0.375 -0.375 -0.375 -0.15689015 -0.14000688 -0.14 -0.14 -0.14 -0.44990762 -0.4250001 -0.425 -0.425 -0.425 -0.73666142 -0.73666667 -0.73666667 -0.64833333 -0.64833333 -0.6333334 -0.63333321 -0.28833333 -0.28833333 -0.29333333 -0.29333333 -0.29333333 -0.19666667 0.23960957
-0.38833297 -0.38833333 -0.38833333 -0.26166667 -0.26166667 -0.26166667 -0.26166666 0.14166659 -0.10899374 0.38145357 0.38166667 0.38166667 0.38166667 0.38119245 0.14 0.14 0.14 0.13999998 0.075 0.075 0.075 -0.27833333 -0.27833333 -0.27833333 -0.51666667 -0.51666667 -0.39166667 -0.39166667 -0.39166667 -0.39029375 -0.14 -0.14 -0.14 -0.14 -0.2824218 -0.425 -0.425 -0.425 -0.425 -0.73666667 -0.73666667 -0.73666667 -0.7334154 -0.63333333 -0.63333333 -0.63333333 -0.28833333 -0.28833333 -0.29333333 -0.29333333 -0.29333333 0.23999998 0.24
-0.27166667 -0.32400412 -0.30833333 -0.30831979 -0.26166667 0.13933299 0.14166667 0.14166667 0.16413668 0.14666667 0.14666667 0.14666667 0.14666667 0.32999403 0.33 0.14000015 0.14 0.13828735 0.075 0.075 0.075 -0.68166667 -0.68166667 -0.68166667 -0.51666667 -0.51666667 -0.39166667 -0.39166667 -0.39166667 -0.39166669 -0.42499819 -0.4249992 -0.14716305 -0.14030554 -0.6960309 -0.69666667 -0.69666667 -0.69666667 -0.69666667 -0.73666667 -0.73666667 -0.73666667 -0.63902313 -0.63333333 -0.63333333 -0.63333333 -0.28833333 -0.28833333 -0.28833351 -0.29333333 -0.29330963 0.23666667 0.24
-0.20501266 -0.20500002 -0.30833333 -0.30833333 -0.30833333 0.14166667 0.14166667 0.14166667 0.20333333 0.20333333 0.14666667 0.14666667 0.14666667 0.33 0.33 0.33 0.33 0.32997098 0.075 0.075 0.074999971 -0.68166667 -0.68166667 -0.68166667 -0.51666667 -0.51666667 -0.39166667 -0.39166667 -0.39166667 -0.42462416 -0.425 -0.425 -0.425 -0.425 -0.69653262 -0.69666667 -0.69666667 -0.69666667 -0.69666667 -0.65333336 -0.65333333 -0.65333333 -0.65333333 -0.63333303 -0.59333333 -0.59333333 -0.59333333 -0.04 -0.04 -0.04 0.23666667 0.23666667 0.23666667
-0.205 -0.205 -0.30833333 -0.30833333 -0.30833333 0.13930139 0.14166667 0.20333333 0.20333333 0.20333333 0.14667364 0.14666667 0.16164729 0.32999996 0.33 0.33 0.33 0.088333334 0.088333333 0.088333333 -0.63333333 -0.63333337 -0.68166643 -0.68166667 -0.68164603 -0.725 -0.725 -0.72499921 -0.39172054 -0.8399173 -0.83999779 -0.83992755 -0.42570928 -0.42535814 -0.64855121 -0.69666675 -0.69740394 -0.91666667 -0.91666667 -0.65333333 -0.65333333 -0.65333333 -0.65333333 -0.59333333 -0.59333333 -0.59333333 -0.59333333 -0.04 -0.04 -0.04 0.23666667 0.23666667 0.23666667
-0.205 -0.205 -0.30833333 -0.30833333 -0.30833333 -0.30833333 0.1647467 0.20333333 0.20333333 0.20333333 0.20331216 0.165 0.165 0.165 0.32902762 0.33 0.08994374 0.088333333 0.088333333 0.088333333 -0.63333333 -0.63333333 -0.63333333 -0.63333333 -0.725 -0.725 -0.725 -0.725 -0.725 -0.84 -0.84 -0.84 -0.84 -0.83999986 -0.77166667 -0.91666667 -0.91666667 -0.91666667 -0.91666667 -0.91666635 -0.85833333 -0.85833333 -0.85833333 -0.72708387 -0.455 -0.455 -0.455 -0.040000012 -0.040000179 -0.225 -0.225 0.07503933 0.075
-0.205 -0.205 -0.27103726 -0.30833333 -0.30833333 -0.30833332 0.24326235 0.20345939 0.20333333 0.20333333 0.16500003 0.165 0.165 0.165 0.165 0.17851311 0.088333333 0.088333333 0.088333333 0.088333333 -0.63332775 -0.63333333 -0.63333333 -0.63333333 -0.725 -0.725 -0.725 -0.725 -0.725 -0.89295854 -0.84 -0.84 -0.84 -0.77166667 -0.77166667 -0.77177926 -0.91666667 -0.91666667 -1.065803 -1.1816666 -0.85833333 -0.85833333 -0.85833333 -0.72854792 -0.455 -0.455 -0.455 -0.55666667 -0.22913253 -0.225 -0.225 0.075 0.075
0.37166667 0.37166667 0.37166667 -0.13783864 -0.30743314 0.24333333 0.24333333 0.24333333 0.24333333 0.28666667 0.28666667 0.16500001 0.165 0.165 0.165 0.16499514 0.088333333 0.088333333 0.088333333 0.088333333 -0.31842141 -0.63333333 -0.63333333 -0.62164388 -0.21063805 -0.725 -0.725 -0.725 -0.91166667 -0.91166667 -0.91166667 -0.91166637 -0.77166667 -0.77166667 -0.77166667 -0.77166667 -1.1816667 -1.1816667 -1.1816667 -1.1816667 -0.9 -0.9 -0.9 -0.39667679 -0.39666667 -0.39666667 -0.39666669 -0.55666667 -0.55666667 -0.22540412 -0.225 0.074997731 0.075
0.37166667 0.37166667 0.37166667 0.37166308 0.305 0.29603265 0.24333333 0.24333333 0.24333333 0.28666667 0.28666667 0.28666667 0.195 0.195 0.195 0.19500001 0.089105752 0.088333333 0.088333333 0.088333333 0.077414685 -0.18666789 -0.18666667 -0.18666667 -0.18666667 -0.18666668 -0.58666667 -0.58666667 -0.91166667 -0.91166667 -0.91166667 -0.91166667 -0.77166659 -0.77166667 -0.77166667 -0.77165811 -1.1816667 -1.1816667 -1.1816667 -1.1808478 -0.9 -0.9 -0.9 -0.39669001 -0.39666667 -0.39666667 -0.39666667 -0.55666667 -0.55666667 -0.55666664 -0.375 -0.375 -0.15833333
0.37166667 0.37166667 0.37166667 0.30500015 0.305 0.305 0.24333336 0.24333333 0.24333333 0.28666667 0.28666667 0.28666667 0.195 0.195 0.195 0.21899026 0.51 0.51 0.50999891 0.090715014 -0.18666667 -0.18666667 -0.18666667 -0.18666667 -0.18666667 -0.18696769 -0.58666667 -0.58666667 -0.58666667 -0.91166667 -0.91166667 -0.91168276 -0.66666667 -0.66666667 -0.66666667 -0.68833333 -0.68833334 -0.995 -0.995 -0.995 -0.44666667 -0.8998578 -0.89999659 -0.44333333 -0.44333333 -0.44156472 -0.39666706 -0.55666667 -0.55666667 -0.375 -0.375 -0.375 -0.15833333
0.37166667 0.37166667 0.37166667 0.305 0.305 0.305 0.305 0.24333333 0.24333333 0.28666667 0.28666667 0.19866534 0.195 0.195 0.195 0.51 0.51 0.51 0.51 0.51 -0.18666667 -0.18666667 -0.18666667 -0.18666667 -0.18666667 -0.5866653 -0.58666667 -0.58666667 -0.58666667 -0.93666667 -0.93666667 -0.93666667 -0.66666667 -0.66666667 -0.66666667 -0.68833333 -0.68833333 -0.995 -0.995 -0.44666667 -0.44666667 -0.44666667 -0.44333333 -0.44333333 -0.44333333 -0.44333333 -0.42512401 -0.22166667 -0.22166667 -0.22166667 -0.37499999 0.18 0.18
