interpolatedSpi/07-11|22_2.tif
NCOLS 53
NROWS 52
XLLCORNER -116.03883
YLLCORNER 28.596182
DX 0.49850594
DY 0.49788537
NODATA_VALUE -9999
[rows 0 to 39 of 52, columns 0 to 52 of 53]
-0.776 -0.776 -1.0113128 -1.294 -1.04 -0.816 -1.162 -1.14 -1.1079014 -0.796 -1.2 -0.942 -1.141988 -0.996 -1.046 -1.046 -1.046 -0.164 -0.216 -0.216 -0.216 -0.21600638 -0.87799999 -0.18 -0.18 -0.18 -0.8919981 -0.892 -0.892 -0.868 -0.868 -0.868 -0.868 -0.60200005 -0.602 -0.602 -0.602 -0.602 -0.602 -0.60199996 0.74944343 0.76355186 -0.996 -0.996 -0.996 -0.996 -0.9953238 -0.582 -0.582 -0.582 -0.62599991 -0.626 -0.626
-0.77600658 -0.924 -1.0240001 -1.0163016 -0.84841877 -1.122 -1.142 -0.87639425 -1.042 -1.2 -1.13 -1.142 -1.142 -0.47972726 -0.99599418 -1.046 -0.164 -0.164 -0.2159322 -0.216 -0.216 -0.216 -0.20589745 -0.18 -0.18 -0.18 -0.99799994 -0.998 -0.868 -0.868 -0.868 -0.868 -0.868 -0.60200004 -0.602 -0.602 -0.602 -0.602 -0.60199995 -0.45570512 0.28994634 -0.83995427 -0.996 -0.996 -0.996 -0.996 -0.996 -0.582 -0.582 -0.582 -0.58564852 -0.626 -0.626
-0.82997219 -0.83 -1.104 -0.636 -0.906 -0.846 -0.808 -0.724 -1.414 -0.818 -1.144 -1.26 -1.262 0.008 -0.478 -0.8 -0.164 -0.164 -0.164 0.035926743 0.036 0.036 -0.672 -0.18 -0.18 -0.18 -0.998 -0.998 -0.998 -0.868 -0.868 -0.86800001 -0.96909401 -0.60112835 -0.59606158 0.030153706 0.036 0.036 0.067946506 0.29 0.29 0.28835553 -0.996 -0.996 -0.996 -0.996 -0.996 -0.582 -0.582 -0.582 -0.582 -0.626 -0.626
-0.526 -0.82999993 -0.48808119 -0.334 -1.142 -0.6 -1.05 -1.21 -0.742 -0.67371919 -0.722 -0.414 -0.518 0.008 -0.44 -0.8 -0.65908643 -0.65765388 -1.358 0.036 0.036 -0.838 -0.672 -0.672 -0.18 -0.18000409 -0.998 -0.998 -0.998 -1.312 -1.1836094 -1.078 -1.078 -1.0779991 0.036 0.036 0.036 0.036 0.29 0.29 0.29 0.28999995 -0.996 -0.996 -0.996 -0.996 -0.996 -0.58200522 -0.582 -0.582 -0.582 -0.62599216 -0.626
-0.526 -0.23000047 -0.488 -0.44889995 -1.142 -1.136 -0.81401046 -0.07 -0.776 0.10599968 -0.11465337 -0.21798596 -0.12 -0.44 -0.44 -0.67864435 -0.658 -0.658 -1.358 -1.358 0.035998188 -0.838 0.48 -0.26 -0.826 -0.82576056 -0.998 -0.998 -1.312 -1.312 -1.078 -1.078 -1.078 -0.95505016 0.036 0.036 0.036 0.29 0.29 0.29 0.29 0.28993552 -0.99599999 -0.996 -0.996 -0.996 -0.996 -0.99231489 -0.582 -0.58199121 -0.386 -0.386 -0.386
-1.84 -0.69 -0.36600001 -0.608 -0.52 -0.776 -0.966 -0.85128634 -0.168 -0.736 -0.826 -0.104 -0.10400001 -0.334 -0.334 -0.66592226 -0.666 -0.766 -0.766 -1.3579989 -1.484 -1.484 -0.26 -0.826 -0.826 0.198 -0.568 -0.568 -0.46007791 -1.312 -1.078 -1.078 -0.426 -0.42595319 0.021968037 0.446 0.446 0.33826216 0.29 0.29 -0.37716686 -0.378 -0.37799705 -0.75434257 -0.75002719 -0.75000007 -0.75000001 -0.75000009 -0.60578 -0.386 -0.386 -0.386 -0.386
-1.6100001 -0.172 -0.015669526 0.069999999 -0.268 -0.862 -0.368 -0.188 -0.102 -0.102 -0.826 -0.194 -0.86599988 -0.334 -0.34399997 -0.344 -0.666 -0.27 -0.092000001 -0.092 -1.1757928 -0.83 -0.83 -0.034000011 0.198 0.198 -0.568 -0.568 -0.46002389 -0.4604399 -0.21801697 -0.426 -0.426 0.022 0.022 0.50808896 0.446 0.446 -0.0019844715 -0.37799948 -0.378 -0.378 -0.37798411 -0.749998 -0.75 -0.75 -0.75 -0.74999994 -0.644 -0.38605113 -0.386 -0.386 -0.386
-1.61 -0.326 0.218 -0.368 0.047976152 -0.282 -0.186 0.22399999 -0.128 0.022 0.022 -0.434 -0.866 -0.866 -0.3475814 -0.62451315 -0.652 -0.106 -0.53399955 -0.092 0.017644899 0.064 -0.434 0.104 0.10399515 -0.272 -0.42 -0.42000005 -0.8685633 -0.86999999 -0.216 -0.32202742 1.6653345e-17 0.022 0.02816058 0.56 0.56 -0.0019999976 -0.002 -0.378 -0.378 -0.37799997 -0.38858767 -0.39200002 -0.75 -0.75 -0.75 -0.64400403 -0.644 -0.644 -0.386 -0.386 -0.386
-0.44373126 -0.326 -0.008 0.322 0.262 0.13 0.26 0.892 0.044 0.044 -0.286 -0.60999999 -0.61 0.118 0.11799513 -1.1665619 -1.168 -1.168 -0.17133486 -0.21000006 -0.482 -0.48199999 0.038 -0.24799256 -0.23410913 -0.272 -0.306 -0.42 -0.53134917 -0.532 -0.412 0.592 0.042009605 -0.226 0.238 0.33 0.498 -0.32 0.68953362 -0.37250063 0.854 0.15 -0.39187985 -0.392 -0.39401502 -0.75 -0.35000002 -0.644 -0.644 -0.644 -0.644 -0.42036405 -0.742
-1.102 -1.102 0.178 0.51 0.268 0.9 0.622 0.596 0.168 0.044023712 0.142 0.378 0.118 0.118 -0.4 -0.41053347 -1.168 -1.1677409 -0.01 -0.21 -0.21 -0.24504273 0.038 -0.46799042 -0.468 -0.468 -0.306 0.22 0.22 -0.532 -0.532 0.5899289 -0.5 -0.226 -0.076 0.33 0.498 0.594 0.69 0.14694622 0.15000003 0.22199852 0.346 -0.392 -0.392 -0.35 -0.35 -0.35 -0.644 -0.644 -0.662 -0.662 -0.66200003
-1.102 -1.102 -0.35 -0.54 -0.07 0.292 0.32 0.47008932 0.766 0.706 -0.024 0.152 0.37769874 -0.4 -0.4 -0.39997808 -0.21 -0.19950306 -0.01 -0.298 -0.298 -0.37 -0.37 -0.468 -0.468 -0.468 0.22 0.22 0.22 -0.916 -0.916 -0.91599931 -0.392 -0.392 -0.368 -0.864 0.404 0.21200112 0.226 0.138 0.138 -0.21999814 0.346 -0.392 -0.28800037 -0.752 -0.01743846 -0.016000001 -0.094 -0.094 -0.662 -0.662 -0.662
-1.102 -0.77730543 -0.43107978 -0.5039946 0.264 0.374 0.32 0.47 0.76599753 0.70666473 0.15200072 0.152 0.176 -0.4 -0.4 -0.21000001 -0.21 -0.20998862 -0.01 -0.298 -0.31213934 -0.37 -0.37 -0.46799578 -0.468 -0.41408999 -0.304 -0.304 -0.30399993 -0.916 -0.916 -0.66 -0.66 -0.39199993 -0.368 -0.51799991 0.39437806 0.212 0.212 0.13799999 -0.22 -0.22 -0.2200004 -0.288 -0.288 -0.752 -0.016 -0.016 -0.094 -0.094 -0.662 -0.662 -0.662
-0.32 -0.19964455 -0.18401303 -0.18630774 0.26400038 0.3739974 0.32 0.46815359 0.74560257 0.76443324 0.176 0.176 0.176 0.176 -0.39991841 -0.21 -0.21 -0.20741768 -0.01 -0.29793454 -0.078 -0.078 -0.078 -0.078 -0.4612652 -0.304 -0.304 -0.304 -0.304 -0.30440954 -0.66 -0.66 -0.66 -0.66 -0.518 -0.518 -0.518 0.17695574 0.20466971 -0.764 -0.764 -0.22002926 -0.6179887 -0.28803178 -0.288 -0.752 -0.016 -0.016 -0.094 -0.094 -0.65993936 -0.662 -0.28354095
-0.32 -0.184 -0.184 -0.184 -0.184 -0.18399977 0.32013821 0.39101283 0.69118412 0.17663397 0.176 0.176 0.176 0.176 0.17600037 -0.21 -0.20999997 -0.19628137 -0.010003007 -0.078 -0.078 -0.078 -0.078 -0.078 -0.082626914 -0.4144019 -0.49399996 -0.494 -0.494 -0.494 -0.66 -0.66 -0.66000059 -1.15 -1.15 -0.518 -1.0507611 -1.066 -0.76400017 -0.764 -0.764 -0.764 -0.618 -0.618 -0.618 -0.61893252 -0.079736455 -0.08 -0.08 -0.08 -0.08 0.44399977 0.444
0.052 -0.184 -0.184 -0.184 -0.184 -0.184 -0.18399997 0.1814469 0.6974058 0.698 0.698 0.698 0.698 0.698 0.69799999 0.088492685 -0.20544353 -0.18261326 -0.077991517 -0.078 -0.078 -0.078 -0.078 -0.077999812 -0.292 -0.292 -0.29200028 -0.494 -0.494 -0.49414017 -0.564 -0.564 -1.15 -1.15 -1.15 -1.0794558 -1.066 -1.066 -1.066 -0.764 -0.764 -0.764 -0.618 -0.618 -0.618 -0.618 -0.080000011 -0.08 -0.08 -0.08 -0.08 0.444 0.444
0.052 -0.035860119 -0.184 -0.184 -0.184 -0.184 -0.25398626 -0.254 -0.25399998 0.698 0.698 0.698 0.698 0.698 0.56078245 0.076 0.076 0.076 0.083506718 0.083999835 0.084 0.084 0.084 0.084 -0.292 -0.292 -0.292 -0.292 -0.494 -0.564 -0.564 -0.564 -1.1499999 -1.15 -1.15 -0.974 -1.0658782 -1.066 -1.066 -0.76405075 -0.8651197 -1.1009898 -0.618 -0.618 -0.75158647 -0.752 -0.752 -0.081122891 -0.75961672 -0.76199994 -0.76199987 -0.53585172 0.44399801
0.052 -0.5124227 -0.35807984 -0.184 -0.184 -0.25395864 -0.254 -0.254 -0.254 -0.24713962 0.698 0.698 0.698 0.69799992 0.076 0.076 0.076 0.076 0.083992854 0.084 0.084 0.084 0.084 0.084 -0.29199999 -0.292 -0.292 -0.292 -0.29298936 -0.564 -0.564 -0.564 -0.5 -1.1499664 -0.974 -0.974 -0.974 -0.9730395 -1.0997141 -1.102 -1.102 -1.102 -1.068 -1.068 -0.752 -0.752 -0.752 -0.762 -0.762 -0.762 -0.762 -0.536 -0.536
-0.52756296 -0.528 -0.528 -0.528 -0.506 -0.2540065 -0.254 -0.254 -0.254 -0.254 0.66938194 0.69799507 0.69799999 0.076 0.076 0.076 0.076 0.076 0.06842046 0.084 0.084 0.084 0.084 0.084 -0.28603238 -0.59599835 -0.596 -0.596 -0.596 -0.564 -0.5 -0.5 -0.5 -0.5 -0.974 -0.97399768 -0.886 -0.886 -1.0993029 -1.102 -1.102 -1.102 -1.068 -1.068 -0.80092768 -0.752 -0.752 -0.762 -0.762 -0.762 -0.75957669 -0.536 -0.536
-0.528 -0.528 -0.528 -0.51763987 -0.506 -0.506 -0.254 -0.254 -0.254 -0.254 0.32 0.32 0.32 0.076 0.076 0.076 0.076 0.075992068 -0.054 -0.054 0.083999944 0.084 0.071875796 -0.414 -0.41563847 -0.596 -0.596 -0.596 -0.596 -0.50000978 -0.5 -0.5 -0.5 -0.5 -0.88600031 -0.886 -0.886 -0.886 -0.88675372 -1.102 -1.102 -1.102 -1.068 -1.068 -1.068 -0.752 -0.752 -0.762 -0.762 -0.762 -0.536 -0.536 -0.536
-0.528 -0.528 -0.528 -0.506 -0.506 -0.506 -0.50599961 -0.254 -0.254 0.31940747 0.32 0.32 0.32 0.31984798 0.037147724 0.028 0.028 0.028 -0.054 -0.054 -0.054 -0.414 -0.414 -0.414 -0.41402409 -0.54564567 -0.596 -0.596 -0.596 -0.45992479 -0.44800511 -0.448 -0.448 -0.448 -0.84223927 -0.78200024 -0.782 -0.782 -0.782 -1.123997 -1.124 -1.124 -1.068 -1.068 -0.8760008 -0.87599985 -0.462 -0.462 -0.582 -0.582 -0.582 -0.536 0.081447433
-0.52799979 -0.528 -0.528 -0.506 -0.506 -0.506 -0.506 -0.062000056 -0.25323231 0.31977875 0.32 0.32 0.32 0.31942702 0.028 0.028 0.028 0.027999976 -0.054 -0.054 -0.054 -0.414 -0.414 -0.414 -0.5 -0.5 -0.528 -0.528 -0.528 -0.52756357 -0.448 -0.448 -0.448 -0.448 -0.61490833 -0.782 -0.782 -0.782 -0.782 -1.124 -1.124 -1.124 -1.116197 -0.876 -0.876 -0.876 -0.462 -0.462 -0.582 -0.582 -0.582 0.081999978 0.082
-0.46 -0.48819971 -0.43 -0.43002205 -0.506 -0.064568969 -0.062 -0.062 -0.016088293 0.076 0.076 0.076 0.076 0.14999759 0.15 0.028000094 0.028 0.025839421 -0.054 -0.054 -0.054 -0.648 -0.648 -0.648 -0.5 -0.5 -0.528 -0.528 -0.528 -0.52800019 -0.78399786 -0.78399906 -0.45644486 -0.44836022 -1.007361 -1.008 -1.008 -1.008 -1.008 -1.124 -1.124 -1.124 -0.88965555 -0.876 -0.876 -0.87599998 -0.462 -0.462 -0.46200432 -0.582 -0.58197424 -0.006 0.082
-0.33602355 -0.33600002 -0.43 -0.43 -0.43 -0.062 -0.062 -0.062 0.064 0.064 0.076 0.076 0.076 0.15 0.15 0.15 0.15 0.1499769 -0.054 -0.054 -0.054000023 -0.648 -0.648 -0.648 -0.5 -0.5 -0.528 -0.528 -0.528 -0.78111358 -0.784 -0.784 -0.784 -0.784 -1.0078895 -1.008 -1.008 -1.008 -1.008 -0.96800004 -0.968 -0.968 -0.968 -0.87599896 -0.74 -0.74 -0.74 -0.202 -0.202 -0.202 -0.006 -0.006 -0.006
-0.336 -0.336 -0.43 -0.43 -0.43 -0.063934274 -0.062 0.064 0.064 0.064 0.075998523 0.076 -0.020420717 0.14999996 0.15 0.15 0.15 -0.088 -0.088 -0.088 -0.72 -0.71999995 -0.64800035 -0.648 -0.64812444 -0.928 -0.928 -0.92799905 -0.52806464 -1.1159338 -1.1159982 -1.115942 -0.78456742 -0.78428651 -0.9683198 -1.008 -1.0084223 -1.134 -1.134 -0.968 -0.968 -0.968 -0.968 -0.74 -0.74 -0.74 -0.74 -0.202 -0.202 -0.202 -0.006 -0.006 -0.006
-0.336 -0.336 -0.43 -0.43 -0.43 -0.43 -0.014841881 0.064 0.064 0.064 0.063941448 -0.042 -0.042 -0.042 0.1488685 0.15 -0.086414027 -0.088 -0.088 -0.088 -0.72 -0.72 -0.72 -0.72 -0.928 -0.928 -0.928 -0.928 -0.928 -1.116 -1.116 -1.116 -1.116 -1.1159995 -0.898 -1.134 -1.134 -1.134 -1.134 -1.1339997 -1.054 -1.054 -1.054 -0.93229552 -0.68 -0.68 -0.68 -0.20200001 -0.20200018 -0.388 -0.388 0.065982484 0.066
-0.336 -0.336 -0.3960726 -0.43 -0.43 -0.42999999 0.091950312 0.064088241 0.064 0.064 -0.041999958 -0.042 -0.042 -0.042 -0.042 -0.026269221 -0.088 -0.088 -0.088 -0.088 -0.71999511 -0.72 -0.72 -0.72 -0.928 -0.928 -0.928 -0.928 -0.928 -1.183984 -1.116 -1.116 -1.116 -0.898 -0.898 -0.89818326 -1.134 -1.134 -1.2060356 -1.262 -1.054 -1.054 -1.054 -0.93393668 -0.68 -0.68 -0.68 -0.762 -0.39266 -0.388 -0.388 0.066 0.066
0.132 0.132 0.132 -0.28909115 -0.42917188 0.092 0.092 0.092 0.092 0.158 0.158 -0.041999986 -0.042 -0.042 -0.042 -0.04200291 -0.088 -0.088 -0.088 -0.088 -0.4442157 -0.72 -0.72 -0.71131142 -0.41204559 -0.928 -0.928 -0.928 -1.208 -1.208 -1.208 -1.2079996 -0.898 -0.898 -0.898 -0.898 -1.262 -1.262 -1.262 -1.262 -1.074 -1.074 -1.074 -0.7060074 -0.706 -0.706 -0.70599999 -0.762 -0.762 -0.3884557 -0.388 0.065997701 0.066
0.132 0.132 0.132 0.13200011 0.134 0.12789251 0.092 0.092 0.092 0.158 0.158 0.158 0.095999995 0.096 0.096 0.096000006 -0.087021806 -0.088 -0.088 -0.088 -0.097565243 -0.38800091 -0.388 -0.388 -0.388 -0.38800001 -0.726 -0.726 -1.208 -1.208 -1.208 -1.208 -0.89799987 -0.898 -0.898 -0.89798566 -1.262 -1.262 -1.262 -1.2612279 -1.074 -1.074 -1.074 -0.70601707 -0.706 -0.706 -0.706 -0.762 -0.762 -0.76199995 -0.39 -0.39 -0.19
0.132 0.132 0.132 0.134 0.134 0.134 0.092000016 0.092 0.092 0.158 0.158 0.158 0.096 0.096 0.096 0.12265584 0.446 0.446 0.44599862 -0.084983831 -0.388 -0.388 -0.388 -0.388 -0.388 -0.38825436 -0.726 -0.726 -0.726 -1.208 -1.208 -1.2078391 -0.722 -0.722 -0.722 -0.726 -0.726 -1.086 -1.086 -1.086 -0.64 -1.0738639 -1.073997 -0.676 -0.676 -0.67713697 -0.70600002 -0.762 -0.762 -0.39 -0.39 -0.39 -0.19
0.132 0.132 0.132 0.134 0.134 0.134 0.134 0.092 0.092 0.158 0.158 0.098479106 0.096 0.096 0.096 0.446 0.446 0.446 0.446 0.446 -0.388 -0.388 -0.388 -0.388 -0.388 -0.72599885 -0.726 -0.726 -0.726 -0.958 -0.958 -0.958 -0.722 -0.722 -0.722 -0.726 -0.726 -1.086 -1.086 -0.64 -0.64 -0.64 -0.676 -0.676 -0.676 -0.676 -0.63870511 -0.222 -0.222 -0.222 -0.38999999 0.288 0.288
0.132 0.132 0.13200279 0.134 0.134 0.134 0.134 0.33773052 0.348 0.3476738 0.15800001 0.096023116 0.096 0.096 0.096001211 0.446 0.446 0.446 0.446 0.446 0.77242981 -0.388 -0.388 -0.388 -0.38796251 -0.72597074 -0.726 -0.726 -0.726 -0.958 -0.958 -0.958 -0.95796824 -0.722 -0.726 -0.726 -0.726 -0.72601491 -1.0859696 -0.64 -0.64 -0.64 -0.67599781 -0.676 -0.676 -0.676 -0.2220007 -0.222 -0.222 -0.222 0.288 0.288 0.288
0.608 0.60799917 0.13401568 0.134 0.134 0.134 0.34795446 0.348 0.348 0.348 0.372 0.372 0.372 0.372 0.44565842 0.446 0.446 0.446 0.446 0.82199978 0.822 0.822 -0.20600003 -0.206 -0.206 -0.206 -0.25088269 -0.726 -1.2399789 -1.24 -1.24 -1.24 -1.24 -0.86 -0.86 -0.86 -0.86 -0.86 -0.664 -0.664 -0.664 -0.664 -0.664 -0.28858488 -0.288 -0.288 -0.288 -0.222 -0.222 -0.222 0.28791965 0.288 0.288
0.608 0.608 0.60846872 0.66399893 0.66399988 0.66369158 0.348 0.348 0.348 0.348 0.372 0.372 0.372 0.372 0.372 0.446 0.446 0.446 0.82199991 0.822 0.822 0.822 -0.206 -0.206 -0.206 -0.206 -0.206 -0.20611107 -1.2399398 -1.24 -1.24 -1.24 -1.2399758 -1.084493 -0.86023245 -0.86 -0.86 -0.86000001 -0.664 -0.664 -0.664 -0.664 -0.664 -0.288 -0.288 -0.288 -0.288 -0.25713711 -0.222 -0.3367058 -0.338 -0.556 -0.556
0.608 0.608 0.66399291 0.664 0.664 0.664 0.58373733 0.348 0.348 0.348 0.372 0.372 0.372 0.372 0.372 0.44594964 0.446 0.82188976 0.822 0.822 0.822 0.822 0.17482926 -0.206 -0.206 -0.206 -0.206 -0.20662179 -1.084 -1.084 -1.084 -1.084 -1.084 -1.256 -1.256 -1.256 -1.256 -1.256 -1.172 -1.172 -1.172 -1.172 -1.172 -0.28828323 -0.28800006 -0.288 -0.28801966 -0.29037317 -0.338 -0.338 -0.338 -0.55599878 -0.556
0.60800017 0.70016738 0.66400001 0.664 0.664 0.664 0.664 0.34813455 0.348 0.348 0.372 0.372 0.372 0.372 1.079919 1.096 1.096 0.82200705 0.822 0.822 0.822 0.822 0.82199993 -0.206 -0.206 -0.206 -0.206 -1.006 -1.006 -1.0226003 -1.084 -1.084 -1.084 -1.256 -1.256 -1.256 -1.256 -1.2558442 -1.172 -1.172 -1.172 -1.172 -1.1719951 -0.404 -0.404 -0.404 -0.404 -0.40399468 -0.338 -0.338 -0.338 -0.33800024 -0.73137852
0.702 0.702 0.70505195 0.664 0.664 0.664 0.664 0.664 0.34813649 1.072 1.072 1.072 1.0703388 1.095999 1.096 1.096 1.096 1.096 0.82199998 0.82179486 0.82 0.82 0.82 0.55939654 -0.19815644 -0.15618701 -0.12128613 -1.006 -1.006 -1.006 -1.006 -1.006 -1.0024893 -1.0196925 -1.026 -1.026 -1.026 -1.026 -1.1599773 -1.1080001 -1.108 -1.108 -1.108 -0.44399988 -0.40400001 -0.404 -0.404 -0.33 -0.33799987 -0.338 -0.338 -0.734 -0.734
0.702 0.702 0.77 0.77 0.77 0.66403531 0.664 0.664 1.072 1.072 1.072 1.072 1.072 1.096 1.096 1.096 1.096 1.096 0.82 0.82 0.82 0.82 0.82 -0.10799995 -0.108 -0.108 -0.108 -1.006 -1.006 -1.006 -1.006 -1.006 -0.464 -0.464 -1.026 -1.026 -1.026 -0.86402759 -0.864 -1.108 -1.108 -1.108 -1.1079999 -0.444 -0.444 -0.444 -0.33 -0.33 -0.33 -0.202 -0.202 -0.734 -0.734
0.702 0.702 0.77 0.77 0.77 0.77 0.76999935 0.652 1.0716046 1.072 1.072 1.072 1.072 1.0957006 1.096 1.096 1.096 1.096 0.82000001 0.82 0.82 0.82 0.82 -0.108 -0.108 -0.108 -0.108 -0.10800365 -1.006 -1.006 -1.006 -0.46402842 -0.464 -0.464 -0.464 -1.026 -0.864 -0.864 -0.864 -0.8704201 -0.6999839 -0.624 -0.624 -0.444 -0.444 -0.444 -0.33 -0.33 -0.33 -0.202 -0.202 -0.202 -0.48764515
0.648 0.64800042 0.77 0.77 0.77 0.77 0.652 0.652 0.652 1.072 1.072 1.072 1.072 1.0720075 1.096 1.096 1.096 1.096 0.82000487 0.82 0.82 0.82 0.055485852 -0.108 -0.108 -0.108 -0.108 -0.3559998 -0.356 -0.35600001 -0.9990035 -0.464 -0.464 -0.464 -0.46399975 -0.202 -0.864 -0.864 -0.864 -0.864 -0.624 -0.624 -0.624 -0.28 -0.28 -0.28 -0.65196864 -0.33 -0.33 -0.202 -0.202 -0.202 -0.46199902
0.648 0.648 0.77 0.77 0.77 0.652 0.652 0.652 0.652 1.0259405 1.072 1.072 1.072 1.072001 1.5079526 1.508 1.508 1.508 0.6452759 0.836 0.836 0.836 0.836 -0.108 -0.108 -0.108 -0.10801636 -0.356 -0.356 -0.356 -0.356 -0.46396591 -0.31663258 -0.202 -0.202 -0.202 -0.86293014 -0.57800595 -0.578 -0.578 -0.62389034 -0.484 -0.484 -0.28 -0.28 -0.28000157 -0.652 -0.652 -0.578 -0.578 -0.578 -0.208 -0.112
