interpolatedSpi/08-08|21_1.tif
NCOLS 53
NROWS 52
XLLCORNER -116.03883
YLLCORNER 28.596182
DX 0.49850594
DY 0.49788537
NODATA_VALUE -9999
-0.78 -0.78 -1.1228504 -0.94 -0.865 -0.875 -0.475 -0.575 -0.9575733 -1.27 -1.54 -1.47 -1.7250251 -2.03 -1.415 -1.415 -1.415 -0.67 -1.395 -1.395 -1.395 -1.394986 0.059999984 -1.56 -1.56 -1.56 -1.6699904 -1.67 -1.67 0.1 0.1 0.1 0.1 -0.62999985 -0.63 -0.63 -0.63 -0.63 -0.63 -0.63000005 -2.3415634 -2.3592933 0.415 0.415 0.415 0.415 0.415098 0.475 0.475 0.475 0.3800002 0.38 0.38 
-0.78003088 -1.475 -0.94499939 -1.078118 -1.4248622 -0.84 -1.055 -1.4691101 -1.775 -1.36 -1.845 -1.725 -1.725 -1.3024342 -2.0299857 -1.415 -0.67 -0.67 -1.3940547 -1.395 -1.395 -1.395 -1.5889504 -1.56 -1.56 -1.56 -1.395 -1.395 0.099999999 0.1 0.1 0.1 0.1 -0.62999989 -0.63 -0.63 -0.63 -0.63 -0.62999999 -0.59753725 -0.42501679 0.31307251 0.415 0.415 0.415 0.415 0.415 0.475 0.475 0.475 0.46712251 0.38 0.38 
-1.0749742 -1.075 -0.42 -0.495 -0.205 -0.94 -0.335 -0.98 -1.26 -1.09 -1.845 -1.73 -1.455 -1.05 -1.3 -1.765 -0.67 -0.67 -0.67 -1.2800334 -1.28 -1.28 -2.11 -1.56 -1.56 -1.56 -1.395 -1.395 -1.395 0.1 0.1 0.099999985 -0.04682702 -0.6294871 -0.62930191 -0.55568726 -0.555 -0.555 -0.53864943 -0.425 -0.425 -0.42392585 0.415 0.415 0.415 0.415 0.415 0.475 0.475 0.475 0.475 0.38 0.38 
0.3 -1.0749998 0.050084253 0.325 -0.105 -0.15 -0.295 -0.675 -0.29 -1.058772 -1.01 -1.23 -1.195 -1.05 -0.985 -1.765 -1.5913389 -1.5893554 -1.345 -1.28 -1.28 -1.52 -2.11 -2.11 -1.56 -1.5599992 -1.395 -1.395 -1.395 0.025 -0.10119588 -0.205 -0.205 -0.20500027 -0.555 -0.555 -0.555 -0.555 -0.425 -0.425 -0.425 -0.42499997 0.415 0.415 0.415 0.415 0.415 0.47499924 0.475 0.475 0.475 0.37995117 0.38 
0.3 -0.20499953 0.05 -0.43982903 -0.105 -0.06 -1.0299611 -1.53 -1.29 -0.84000038 -1.27421 -1.4799764 -1.315 -0.985 -0.985 -1.5041471 -1.59 -1.59 -1.345 -1.345 -1.2800003 -1.52 -1.19 -0.285 -0.75 -0.74981541 -1.395 -1.395 0.024999998 0.025 -0.205 -0.205 -0.205 -0.18802837 -0.555 -0.555 -0.555 -0.425 -0.425 -0.425 -0.425 -0.42503427 0.41499998 0.415 0.415 0.415 0.415 0.41553407 0.475 0.4749287 -1.115 -1.115 -1.115 
-1.105 -0.37 0.044999982 -0.59 -0.37 -0.305 -1.33 -1.3556057 -0.82 -0.685 -0.49 -0.335 -0.33500065 -1.185 -1.185 -0.99485152 -0.995 -1.14 -1.14 -1.3449992 -0.27 -0.27 -0.285 -0.75 -0.75 0.04 -0.005 -0.005 -0.014996234 0.025 -0.205 -0.205 -0.115 -0.11498224 0.054987651 -0.525 -0.525 -0.45593728 -0.425 -0.425 -0.77955724 -0.78 -0.77999994 -0.98975658 -1.014842 -1.0149996 -1.015 -1.0149995 -0.59669735 -1.115 -1.115 -1.115 -1.115 
-0.7150002 -0.255 0.19785882 0.165 0.42 -0.36 0.38 -0.225 -0.38 -0.38 -0.49 -0.515 -0.70499992 -1.185 -0.38000241 -0.38 -0.995 0.13 -0.44 -0.44 -0.35482768 -0.45 -0.45 0.084999988 0.04 0.04 -0.005 -0.005 -0.014994172 -0.014892708 0.49373381 -0.115 -0.115 0.055 0.055 -0.68294561 -0.525 -0.525 -0.45500243 -0.77999955 -0.78 -0.78 -0.77999785 -1.0149948 -1.015 -1.015 -1.015 -1.0149997 -0.545 -1.114887 -1.115 -1.115 -1.115 
-0.715 0.19 0.57 0.165 0.33499025 -0.17 0.355 -0.94499999 -0.61 -0.245 -0.245 -0.4 -0.705 -0.705 -0.3822298 -0.19329482 -0.175 0.03 -0.48999995 -0.44 -0.58787751 -0.59 0.355 0.63 0.62999929 0.575 -0.545 -0.54499981 0.084649586 0.085000008 0.495 0.21235008 0.525 0.055 0.028047467 -0.815 -0.815 -0.455 -0.455 -0.78 -0.78 -0.78 -0.072397421 -0.075000048 -1.015 -1.015 -1.015 -0.54501789 -0.545 -0.545 -1.115 -1.115 -1.115 
0.23703182 0.19000001 0.77 0.635 0.875 0.26 0.085 0.1 -0.45 -0.40215374 -0.61 -1.2 -1.2 -0.425 -0.42499412 0.19396878 0.195 0.195 -0.049378799 0.68999974 -0.565 -0.565 -0.375 0.067319005 0.58054255 0.575 -0.695 -0.545 0.24538025 0.25 0.125 0.285 0.33284789 -0.515 -0.89 -0.97 -0.8 -0.32 -0.35998153 -0.77993304 -0.765 0.445 -0.074951151 -0.075 -0.080290829 -1.015 -2.0199999 -0.54500001 -0.545 -0.545 -0.545 -1.1878368 -0.75 
0.5 0.5 0.665 0.695 0.595 0.095 -0.565 0.015 0.29 -0.38995554 -0.935 -0.69 -0.425 -0.425 0.2 0.19993142 0.195 0.19504507 0.37 0.69 0.69 0.52831386 -0.375 -0.05500606 -0.055 -0.055 -0.695 -0.295 -0.295 0.25 0.25 0.28518018 0.38 -0.515 -0.71 -0.97 -0.8 -0.655 -0.36 -0.74367934 0.44499995 0.36418533 0.225 -0.075 -0.075 -2.02 -2.02 -2.02 -0.545 -0.545 -1.7 -1.7 -1.6999996 
0.5 0.5 -0.265 -0.155 -0.42 0.82 0.63999999 0.12458974 -0.135 -0.235 -0.455 -0.57 -0.68983985 0.2 0.2 0.20004614 0.6 0.58792852 0.37 -0.465 -0.465 0.08 0.08 -0.055 -0.055 -0.055 -0.295 -0.295 -0.295 0.42 0.42 0.41999993 -0.425 -0.425 -1.075 -0.68 -0.305 -0.30499664 -1.06 -0.75 -0.75 -0.8999963 0.225 -0.075 -1.0749999 -1.24 -0.86499585 -0.86 -0.535 -0.535 -1.7 -1.7 -1.7 
0.5 0.16966707 -0.21805908 -0.54499083 -0.31 -0.23 0.64 0.125 -0.13499783 -0.23389212 -0.56999956 -0.57 0.02 0.2 0.2 0.59999999 0.6 0.59998691 0.37 -0.465 -0.35797309 0.08 0.08 -0.054995094 -0.055 -0.096089945 -0.18 -0.18 -0.18000001 0.42 0.42 0.035 0.035 -0.42500178 -1.075 -0.89499988 -0.24166068 -0.305 -0.305 -0.75 -0.9 -0.9 -0.90000109 -1.075 -1.075 -1.24 -0.86 -0.86 -0.535 -0.535 -1.7 -1.7 -1.7 
-0.515 -0.19007192 -0.18499914 -0.1876046 -0.30999966 -0.23000189 0.63999998 0.13133935 -0.11708334 -0.13761127 0.02 0.02 0.02 0.02 0.1999745 0.6 0.6 0.59703033 0.37 -0.4649976 -0.475 -0.475 -0.475 -0.475 -0.062209197 -0.18 -0.18 -0.18 -0.18 -0.17968182 0.035 0.035 0.035 0.035 -0.895 -0.895 -0.895 -0.33298708 -0.31018227 -0.995 -0.995 -0.90000511 -1.3249914 -1.0750241 -1.075 -1.24 -0.86 -0.86 -0.53500001 -0.535 -1.6957735 -1.7 -1.6184168 
-0.515 -0.185 -0.185 -0.185 -0.185 -0.18500002 0.63777298 0.39628739 -0.06928337 0.019830582 0.02 0.02 0.02 0.02 0.019999967 0.59999999 0.59999996 0.58422357 0.37000046 -0.475 -0.475 -0.475 -0.475 -0.475 -0.46851383 -0.24703824 -0.29499998 -0.295 -0.295 -0.295 0.034999999 0.035 0.034998863 -0.91 -0.91 -0.895 -0.84152946 -0.84 -0.99499991 -0.995 -0.995 -0.995 -1.325 -1.325 -1.325 -1.3244085 -1.7343533 -1.74 -1.74 -1.74 -1.74 -1.1500001 -1.15 
-0.535 -0.185 -0.185 -0.185 -0.185 -0.185 -0.18499995 0.43135102 -0.029963634 -0.03 -0.03 -0.03 -0.03 -0.03 -0.03 0.26399766 0.59474261 0.56850516 -0.47489368 -0.475 -0.475 -0.475 -0.475 -0.47499945 -0.175 -0.175 -0.17500017 -0.295 -0.295 -0.29445934 -0.025 -0.025 -0.91 -0.91 -0.91 -0.85121293 -0.84 -0.84 -0.84 -0.995 -0.995 -0.995 -1.325 -1.325 -1.325 -1.325 -1.74 -1.74 -1.74 -1.74 -1.74 -1.15 -1.15 
-0.535 -0.40469898 -0.185 -0.185 -0.185 -0.185 0.21492149 0.215 0.21499999 -0.03 -0.03 -0.03 -0.03 -0.03 0.036182099 0.27 0.27 0.27 -0.0064306544 -0.0050004796 -0.005 -0.005 -0.005 -0.005 -0.175 -0.175 -0.175 -0.175 -0.295 -0.025 -0.025 -0.025 -0.90999992 -0.91 -0.91 -0.14 -0.83907318 -0.84 -0.84 -0.99484567 -0.68685417 0.031921556 -1.325 -1.325 -0.98604926 -0.985 -0.985 -1.7375504 -0.25520688 -0.25000013 -0.25000028 0.60473415 -1.1499964 
-0.535 -0.014368736 -0.091381483 -0.185 -0.185 0.21476366 0.215 0.215 0.215 0.21323446 -0.03 -0.03 -0.03 -0.029999964 0.27 0.27 0.27 0.27 -0.0047543481 -0.005 -0.005 -0.005 -0.005 -0.005 -0.175 -0.175 -0.175 -0.175 -0.1744544 -0.025 -0.025 -0.025 0.39499999 -0.90989017 -0.14 -0.14 -0.14 -0.12653124 -0.020358969 0.035 0.035 0.035 -0.445 -0.445 -0.985 -0.985 -0.985 -0.25000001 -0.25 -0.25 -0.25 0.605 0.605 
-0.0004185909 -5.2341565e-33 -1.3114038e-31 3.0733843e-09 0.31 0.21500245 0.215 0.215 0.215 0.215 0.0040687772 -0.029994136 -0.029999987 0.27 0.27 0.27 0.27 0.27 0.21561469 -0.005 -0.005 -0.005 -0.005 -0.005 -0.096750988 -0.11500033 -0.115 -0.115 -0.115 -0.024999978 0.39499999 0.395 0.395 0.395 -0.14 -0.13996761 1.09 1.09 0.048173247 0.035 0.035 0.035 -0.445 -0.445 -0.90138941 -0.985 -0.985 -0.25 -0.25 -0.25 -0.24083218 0.605 0.605 
-2.4930924e-41 -1.2486256e-102 5.5615138e-40 0.14598362 0.31 0.31 0.215 0.215 0.215 0.215 0.42 0.42 0.42 0.27 0.27 0.27 0.27 0.27003718 -0.25 -0.25 -0.0050000995 -0.005 -0.0040261684 0.035 0.033649614 -0.115 -0.115 -0.115 -0.115 0.39494807 0.395 0.395 0.395 0.395 1.0899957 1.09 1.09 1.09 1.0862363 0.035 0.035 0.035 -0.445 -0.445 -0.445 -0.985 -0.985 -0.25 -0.25 -0.25 0.605 0.605 0.605 
-1.1496087e-39 -6.4942133e-60 3.4686033e-26 0.31 0.31 0.31 0.30999985 0.215 0.215 0.41978838 0.42 0.42 0.42 0.41990655 0.45212004 0.495 0.495 0.495 -0.25 -0.25 -0.25 0.035 0.035 0.035 0.034911759 -0.20154651 -0.115 -0.115 -0.115 0.30594363 0.30000934 0.3 0.3 0.3 0.70487242 0.1650021 0.165 0.165 0.165 0.224974 0.225 0.225 -0.445 -0.445 0.074997829 0.075000151 0.5 0.5 0.905 0.905 0.905 0.605 1.4742221 
2.265541e-06 2.295136e-23 1.1183113e-08 0.31 0.31 0.31 0.31 0.70999986 0.2169792 0.42035364 0.42 0.42 0.42 0.42014717 0.495 0.495 0.495 0.49499979 -0.25 -0.25 -0.25 0.035 0.035 0.035 -0.28 -0.28 -0.37 -0.37 -0.37 -0.36634494 0.3 0.3 0.3 0.3 0.23253708 0.165 0.165 0.165 0.165 0.225 0.225 0.225 0.22028043 0.075 0.075 0.075 0.5 0.5 0.905 0.905 0.905 1.475 1.475 
0.73 0.38855395 0.325 0.32499565 0.31 0.70768561 0.71 0.71 0.76647869 0.81 0.81 0.81 0.81 0.76500146 0.765 0.49500021 0.495 0.47537035 -0.25 -0.25 -0.25 0.68 0.68 0.68 -0.28 -0.28 -0.37 -0.37 -0.37 -0.3699997 0.045001621 0.045000716 0.29359096 0.29972662 0.27502671 0.275 0.275 0.275 0.275 0.225 0.225 0.225 0.083259606 0.075 0.075 0.075000058 0.5 0.5 0.50001458 0.905 0.90497719 0.395 1.475 
0.44505412 0.44499998 0.325 0.325 0.325 0.71 0.71 0.71 0.865 0.865 0.81 0.81 0.81 0.765 0.765 0.765 0.765 0.76488634 -0.25 -0.25 -0.24999996 0.68 0.68 0.68 -0.28 -0.28 -0.37 -0.37 -0.37 0.040320845 0.045 0.045 0.045 0.045 0.27488651 0.275 0.275 0.275 0.275 0.42999995 0.43 0.43 0.43 0.075002493 0.4 0.4 0.4 0.335 0.335 0.335 0.395 0.395 0.395 
0.445 0.445 0.325 0.325 0.325 0.70797637 0.71 0.865 0.865 0.865 0.81000677 0.81 0.5852907 0.76499995 0.765 0.765 0.765 0.385 0.385 0.385 -0.35499998 -0.35499923 0.67999496 0.68 0.67885007 -0.805 -0.805 -0.80499896 -0.3700703 -0.089973096 -0.089999281 -0.089976431 0.044769271 0.044883496 0.23394916 0.27500003 0.27530161 0.365 0.365 0.43 0.43 0.43 0.43 0.4 0.4 0.4 0.4 0.335 0.335 0.335 0.395 0.395 0.395 
0.445 0.445 0.325 0.325 0.325 0.325 0.76801197 0.865 0.865 0.865 0.86481771 0.535 0.535 0.535 0.76364456 0.765 0.38753223 0.385 0.385 0.385 -0.355 -0.355 -0.355 -0.355 -0.805 -0.805 -0.805 -0.805 -0.805 -0.09 -0.09 -0.09 -0.09 -0.089999368 0.21 0.365 0.365 0.365 0.365 0.36499959 0.225 0.225 0.225 0.12412472 -0.085 -0.085 -0.085 0.33499999 0.33499929 -0.395 -0.395 -0.3998066 -0.4 
0.445 0.445 0.36831157 0.325 0.325 0.32500002 1.21937 0.86611876 0.865 0.865 0.53500023 0.535 0.535 0.535 0.535 0.55383005 0.385 0.385 0.385 0.385 -0.35499428 -0.355 -0.355 -0.355 -0.805 -0.805 -0.805 -0.805 -0.805 -0.56293211 -0.09 -0.09 -0.09 0.21 0.21 0.21012036 0.365 0.365 0.34530275 0.33 0.225 0.225 0.225 0.12689149 -0.085 -0.085 -0.085 0.155 -0.38814705 -0.395 -0.395 -0.4 -0.4 
0.485 0.485 0.485 0.3651164 0.32651104 1.22 1.22 1.22 1.22 1.645 1.645 0.53500008 0.535 0.535 0.535 0.53499051 0.385 0.385 0.385 0.385 -0.032088005 -0.355 -0.355 -0.36716924 -0.81933206 -0.805 -0.805 -0.805 -0.73 -0.73 -0.73 -0.72999731 0.21 0.21 0.21 0.21 0.33 0.33 0.33 0.33 0.255 0.255 0.255 0.33499839 0.335 0.335 0.33499987 0.155 0.155 -0.39432986 -0.395 -0.39999687 -0.4 
0.485 0.485 0.485 0.48504685 1.355 1.3353688 1.22 1.22 1.22 1.645 1.645 1.645 0.89499999 0.895 0.895 0.89499998 0.38488093 0.385 0.385 0.385 0.37375358 -0.81999872 -0.82 -0.82 -0.82 -0.82000001 -1.32 -1.32 -0.73 -0.73 -0.73 -0.73 0.21000014 0.21 0.21 0.21001548 0.32999999 0.33 0.33 0.32789432 0.255 0.255 0.255 0.33499629 0.335 0.335 0.335 0.155 0.155 0.15500001 0.22 0.22 0.36 
0.485 0.485 0.485 1.354998 1.355 1.355 1.2200001 1.22 1.22 1.645 1.645 1.645 0.895 0.895 0.895 0.85120826 0.32 0.32 0.32000017 0.38463285 -0.82 -0.82 -0.82 -0.82 -0.82 -0.82037628 -1.32 -1.32 -1.32 -0.73 -0.73 -0.73032827 0.4 0.4 0.4 -0.165 -0.165 -0.15 -0.15 -0.15 -0.045 0.2549059 0.2549969 -0.16 -0.16 -0.14124006 0.33499839 0.155 0.155 0.22 0.22 0.22 0.36 
0.485 0.485 0.485 1.355 1.355 1.355 1.355 1.22 1.22 1.645 1.645 0.92498918 0.895 0.895 0.895 0.32 0.32 0.32 0.32 0.32 -0.82 -0.82 -0.82 -0.82 -0.82 -1.3199983 -1.32 -1.32 -1.32 -1.24 -1.24 -1.24 0.4 0.4 0.4 -0.165 -0.165 -0.15 -0.15 -0.045 -0.045 -0.045 -0.16 -0.16 -0.16 -0.16 -0.12837328 0.225 0.225 0.225 0.22000001 0.82 0.82 
0.485 0.485 0.48621151 1.355 1.355 1.355 1.355 1.6929642 1.71 1.7098884 1.645 0.89499791 0.895 0.895 0.89499801 0.32 0.32 0.32 0.32 0.32 -0.18699092 -0.82 -0.82 -0.82 -0.81992173 -1.3199505 -1.32 -1.32 -1.32 -1.24 -1.24 -1.24 -1.2397595 0.4 -0.165 -0.165 -0.165 -0.1649995 -0.14999284 -0.045 -0.045 -0.045 -0.15999302 -0.16 -0.16 -0.16 0.22499851 0.225 0.225 0.225 0.82 0.82 0.82 
0.17 0.17000055 1.3545006 1.355 1.355 1.355 1.7099245 1.71 1.71 1.71 0.87000002 0.87 0.87 0.87 0.32253847 0.32 0.32 0.32 0.32 -0.15999971 -0.16 -0.16 -0.44000006 -0.44 -0.44 -0.44 -0.51595532 -1.32 -0.77502232 -0.775 -0.775 -0.775 -0.775 -0.325 -0.325 -0.325 -0.325 -0.325 0.085 0.085 0.085 0.085 0.085 0.079638217 0.08 0.08 0.08 0.225 0.225 0.225 0.81990626 0.82 0.82 
0.17 0.17 0.17669833 0.97000077 0.97000009 0.97072164 1.71 1.71 1.71 1.71 0.87 0.87 0.87 0.87 0.87 0.32 0.32 0.32 -0.15999988 -0.16 -0.16 -0.16 -0.44 -0.44 -0.44 -0.44 -0.44 -0.44018654 -0.77495752 -0.775 -0.775 -0.775 -0.77498294 -0.41286975 -0.32509099 -0.325 -0.325 -0.325 0.085 0.085 0.085 0.085 0.085 0.08 0.08 0.08 0.08 0.14780483 0.225 0.12117148 0.12 0.6 0.6 
0.17 0.17 0.96989866 0.97 0.97 0.97 1.1579569 1.71 1.71 1.71 0.87 0.87 0.87 0.87 0.87 0.3204143 0.32 -0.15985927 -0.16 -0.16 -0.16 -0.16 -0.33627219 -0.44 -0.44 -0.44 -0.44 -0.4401593 -0.665 -0.665 -0.665 -0.665 -0.665 -0.48 -0.48 -0.48 -0.48 -0.48 0.165 0.165 0.165 0.165 0.165 0.080231958 0.080000049 0.08 0.080016103 0.081943407 0.12 0.12 0.12 0.59999731 0.6 
0.16999976 0.042534477 0.96999987 0.97 0.97 0.97 0.97 1.7096849 1.71 1.71 0.87 0.87 0.87 0.87 -0.088232869 -0.11 -0.11 -0.15999871 -0.16 -0.16 -0.16 -0.16 -0.16000004 -0.44 -0.44 -0.44 -0.44 -0.52000013 -0.52000007 -0.55085952 -0.665 -0.665 -0.665 -0.48 -0.48 -0.48 -0.48 -0.4799492 0.165 0.165 0.165 0.165 0.1649751 0.175 0.175 0.175 0.175 0.17499556 0.12 0.12 0.12 0.12000046 0.87094996 
0.04 0.04 0.30075744 0.97 0.97 0.97 0.97 0.97 1.7096822 0.78000001 0.78 0.78 0.78021359 -0.10999859 -0.11 -0.11 -0.11 -0.11 -0.16000078 -0.16666721 -0.225 -0.225 -0.225 -0.2773644 -0.39678036 -0.16552025 0.029263631 -0.52 -0.52 -0.52 -0.52 -0.52 -0.51502026 -0.39647021 -0.405 -0.405 -0.405 -0.405 0.10394758 -0.15999942 -0.16 -0.16 -0.16 0.090000249 0.17499998 0.175 0.175 0.035 0.11999864 0.12 0.12 0.875 0.875 
0.04 0.04 0.64 0.64 0.64 0.96989007 0.97 0.97 0.78 0.78 0.78 0.78 0.78 -0.10999996 -0.11 -0.11 -0.11 -0.11 -0.225 -0.225 -0.225 -0.225 -0.225 0.099999983 0.1 0.1 0.1 -0.52 -0.52 -0.52 -0.52 -0.52 0.355 0.355 -0.405 -0.405 -0.405 0.0099293257 0.01 -0.16 -0.16 -0.16 -0.15999989 0.09 0.09 0.09 0.035 0.035 0.035 0.105 0.105 0.875 0.875 
0.04 0.04 0.64 0.64 0.64 0.64 0.64000047 0.725 0.77994822 0.78 0.78 0.78 0.78 -0.098898059 -0.11 -0.11 -0.11 -0.11 -0.225 -0.225 -0.225 -0.225 -0.225 0.1 0.1 0.1 0.1 0.099997501 -0.52 -0.52 -0.52 0.35495412 0.355 0.355 0.355 -0.405 0.0099999951 0.01 0.01 0.0055269818 0.43010593 0.54 0.54 0.09 0.09 0.09 0.035 0.035 0.035 0.105 0.105 0.105 0.96104305 
0.54 0.53999608 0.64 0.64 0.64 0.64 0.725 0.725 0.725 0.78 0.78 0.78 0.78 0.77972333 -0.11 -0.11 -0.11 -0.11 -0.22499782 -0.225 -0.225 -0.22499999 0.042754348 0.1 0.1 0.1 0.1 0.19499992 0.195 0.19499999 -0.51229343 0.355 0.355 0.355 0.35500021 0.575 0.01 0.01 0.01 0.010000005 0.54 0.54 0.54 0.375 0.375 0.375 -0.024994157 0.035 0.035 0.105 0.105 0.105 0.9700015 
0.54 0.54 0.64 0.64 0.64 0.725 0.725 0.725 0.725 0.77400312 0.78 0.78 0.78 0.77999879 0.63991369 0.64 0.64 0.64 0.19443304 0.17 0.17 0.17 0.17 0.1 0.1 0.1 0.10000627 0.195 0.195 0.195 0.195 0.35501274 0.47874364 0.575 0.575 0.575 0.012708325 0.73498491 0.735 0.735 0.54 0.54 0.54 0.375 0.375 0.37499831 -0.025 -0.025 0.36 0.36 0.36 0.985 1.51 
0.54 0.54 1.28 1.28 1.28 0.725 0.725 0.725 0.725 1.85 1.85 1.85 1.85 1.7647285 0.64 0.64 0.64 0.64 0.195 0.17 0.17 0.17 0.17 0.48 0.47999985 0.10000056 0.195 0.195 0.195 0.195 0.3013178 0.405 0.55477233 0.575 0.575 0.575 0.735 0.735 0.735 0.735 0.54 0.54 0.54 0.42003784 0.42 -0.022999756 -0.025 -0.025 0.36 0.36 0.985 0.985 1.51 
0.54 1.28 1.28 1.28 1.28 1.28 0.73272408 1.72 1.72 1.85 1.85 1.85 1.85 1.8497134 0.64 0.64 0.64 0.61989349 0.195 0.195 0.17 0.17 0.48 0.48 0.48 0.48 0.195 0.195 0.195 0.195 0.405 0.405 0.405 0.57482797 0.575 0.575 0.735 0.735 0.735 0.735 0.54 0.54 0.54 0.42 0.42 0.42000935 0.585 0.585 0.395 0.395 0.985 0.985 1.51 
1.2730505 1.28 1.28 1.28 1.28 1.28 1.72 1.72 1.72 1.7895814 1.85 1.85 1.85 1.8499904 0.64 0.64 0.64 0.195 0.195 0.195 0.17000125 0.17000189 0.48 0.48 0.48 0.48 0.19502026 0.195 0.195 0.40495171 0.405 0.405 0.405 0.405 0.57509666 0.925 0.925 0.92171172 0.735 0.735 0.54000017 0.54 0.42348902 0.42 0.42 0.58499994 0.585 0.585 0.395 0.395 0.965 0.965 1.28 
1.28 1.28 1.28 1.28 1.28 1.28 1.72 1.72 1.72 1.72 1.6450059 1.645 1.645 1.645 0.64000138 0.72012624 0.765 0.765 0.19605079 0.195 0.195 0.47999955 0.48 0.48 0.48 0.48 0.47979279 0.195 0.19500718 0.405 0.405 0.405 0.405 0.405 0.925 0.925 0.925 0.925 0.925 0.92499932 0.925 0.925 0.92499982 0.39 0.39 0.39 0.66 0.66 0.87 0.87 0.965 0.96500069 1.28 
1.28 1.28 1.28 1.28 1.28 1.28 1.72 1.72 1.72 1.645 1.645 1.645 1.645 1.645 1.4130341 0.765 0.765 0.765 0.765 0.765 0.73778438 0.48 0.48 0.48 0.48 0.48204107 0.54489815 0.24265876 0.40396439 0.405 0.405 0.405 0.405 0.40500114 0.925 0.925 0.925 0.925 0.925 0.925 0.925 0.925 0.925 0.39 0.39 0.39 0.66 0.66 0.87 0.87 1.115 1.2708978 1.28 
1.28 1.28 1.28 1.28 1.28 1.2800001 1.7199999 1.72 1.7168871 1.645 1.645 1.645 1.645 1.645 1.6027898 0.765 0.765 0.765 0.765 0.765 0.765 0.53575347 0.54499991 0.545 0.545 0.545 0.545 0.545 0.80102877 0.80499526 0.80499999 0.805 0.805 0.80500009 0.925 0.925 0.925 0.925 0.925 0.925 0.925 0.925 0.925 0.92499976 0.38988777 0.32 0.65999996 0.46345998 0.86964076 1.115 1.115 1.1262248 1.655 
1.28 1.28 1.28 1.28 1.28 1.2800281 1.7199763 1.7199955 1.6450001 1.645 1.645 1.645 1.645 1.645 1.6282555 0.765 0.765 0.765 0.765 0.765 0.765 0.545 0.545 0.545 0.545 0.545 0.545 0.545 0.80492823 0.805 0.805 0.805 0.805 0.805 0.83787999 0.925 0.925 0.925 0.925 0.925 0.925 0.925 0.925 0.92484501 0.32 0.32 0.32087745 0.46 0.46 1.115 1.115 1.655 1.655 
1.28 1.28 1.28 1.28 1.28 1.2805868 1.7194756 1.6534633 1.645 1.645 1.645 1.645 1.645 1.645 1.6295941 0.765 0.765 0.765 0.765 0.765 0.733676 0.545 0.545 0.545 0.545 0.545 0.545 0.545 0.80499896 0.805 0.805 0.805 0.805 0.805 0.805 0.96664203 1.0313838 1.0667818 1.0721627 0.9201791 0.925 0.925 0.925 0.32004831 0.32 0.3207163 0.4400001 0.46 0.46 1.5097765 1.51 1.51 1.6549999 
1.28 1.28 1.28 1.28 1.2800004 1.2836694 1.7104331 1.6450206 1.645 1.645 1.645 1.645 1.645 1.645 1.6244506 0.765 0.765 0.765 0.765 0.765 0.54500095 0.545 0.545 0.545 0.545 0.545 0.545 0.545 0.80499993 0.805 0.805 0.805 0.805 0.805 0.80500005 1.075 1.075 1.075 1.075 0.85 0.85 0.85 0.85 0.43999965 0.44 0.44 0.44 0.4400005 0.485 0.485 1.51 1.51 1.0351363 
1.28 1.28 1.28 1.28 1.2800123 1.2919113 1.6493876 1.645001 1.645 1.645 1.645 1.645 1.645 1.645 1.6151274 0.76500036 0.765 0.765 0.765 0.76367592 0.545 0.545 0.545 0.545 0.545 0.545 0.545 0.545 0.80499994 0.805 0.805 0.805 0.805 0.805 1.0749998 1.075 1.075 1.075 1.075 0.85 0.85 0.85 0.85 0.73934276 0.44 0.44 0.44 0.4849995 0.485 0.485 0.82 0.82 0.82 
1.28 1.28 1.28 1.280001 1.2801203 1.3212354 1.6451892 1.6450002 1.645 1.645 1.645 1.645 1.645 1.6449999 1.6024979 0.76502069 0.765 0.765 0.76499975 0.54945755 0.545 0.545 0.545 0.545 0.545 0.545 0.545 0.545 0.80499976 0.805 0.805 0.805 0.805 0.92944719 1.075 1.075 1.075 1.075 1.075 0.85 0.85 0.85 0.85 0.85 0.44 0.44 0.44 0.485 0.485 0.485 0.82 0.82 0.82 
1.28 1.28 1.2800004 1.2800118 1.2807016 1.4957413 1.6450221 1.6450001 1.645 1.645 1.645 1.645 1.645 1.6449983 1.5874825 0.76532139 0.76500002 0.76499999 0.76386095 0.54501871 0.545 0.545 0.545 0.545 0.545 0.545 0.545 0.54500015 0.80499837 0.805 0.80500012 0.96005493 0.975 0.975 0.975 1.075 1.075 1.075 1.075 0.85 0.85 0.85 0.85 0.85 0.44000727 0.44 0.44000002 0.485 0.485 0.48500018 0.82 0.82 0.82 
