interpolatedSpi/08-07|20_1.tif
NCOLS 53
NROWS 52
XLLCORNER -116.03883
YLLCORNER 28.596182
DX 0.49850594
DY 0.49788537
NODATA_VALUE -9999
0.51 0.51 0.3304188 -0.08 -0.12 0.15 0.14 1.39 0.18429196 -0.46 -0.54 -0.27 0.50007082 1.36 2.03 2.03 2.03 1.16 0.65 0.65 0.65 0.65000559 1.23 0.76 0.76 0.76 0.9500004 0.95 0.95 0.35 0.35 0.35 0.35 0.10000005 0.1 0.1 0.1 0.1 0.1 0.10000001 0.29786918 0.30040202 1.88 1.88 1.88 1.88 1.8792487 1.42 1.42 1.42 0.57000177 0.57 0.57 
0.51000666 0.66 0.29000048 0.30283066 0.17025346 0.6 0.78 0.070526301 0.27 0.11 0.2 0.5 0.5 1.100867 1.3600028 2.03 1.16 1.16 0.65066497 0.65 0.65 0.65 0.70894202 0.76 0.76 0.76 0.89999999 0.9 0.35 0.35 0.35 0.35 0.35 0.10000004 0.1 0.1 0.1 0.1 0.10000006 0.20946309 0.72998571 1.7404566 1.88 1.88 1.88 1.88 1.88 1.42 1.42 1.42 1.3495172 0.57 0.57 
1.0899876 1.09 0.71 1.37 0.99 0.26 0.53 0.76 1.55 0.82 0.59 1.56 0.02 1.89 1.1 2.55 1.16 1.16 1.16 -0.38969767 -0.39 -0.39 -0.21 0.76 0.76 0.76 0.9 0.9 0.9 0.35 0.35 0.34999998 0.14781197 0.1015172 0.10772553 0.92239432 0.93 0.93 0.90484527 0.73 0.73 0.73147056 1.88 1.88 1.88 1.88 1.88 1.42 1.42 1.42 1.42 0.57 0.57 
-0.12 1.0899999 0.44997855 0.8 0.53 0.82 0.86 0.51 0.9 1.2896445 2 2.1 1.91 1.89 1.47 2.55 -0.78429281 -0.8086197 0.1 -0.39 -0.39 -0.69 -0.21 -0.21 0.76 0.7600007 0.9 0.9 0.9 1.18 0.49415284 -0.07 -0.07 -0.069999208 0.93 0.93 0.93 0.93 0.73 0.73 0.73 0.73000004 1.88 1.88 1.88 1.88 1.88 1.4200058 1.42 1.42 1.42 0.56992226 0.57 
-0.12 0.3400002 0.45 0.90481639 0.53 1.62 1.1500546 1.03 0.79 1.3799995 1.0098721 0.84012462 1.71 1.47 1.47 2.139836 -0.81 -0.81 0.1 0.1 -0.39000057 -0.69 -0.58 0.03 0.14 0.13991366 0.9 0.9 1.18 1.18 -0.07 -0.07 -0.07 0.065772551 0.93 0.93 0.93 0.73 0.73 0.73 0.73 0.72995463 1.88 1.88 1.88 1.88 1.88 1.8759054 1.42 1.4198552 -1.81 -1.81 -1.81 
0.13 0.49 1.27 0.71 1.56 0.83 0.5 0.56785518 0.58 0.44 1.88 0.49 0.4900008 1.18 1.18 0.24992033 0.25 -0.54 -0.54 0.10000018 -0.46 -0.46 0.03 0.14 0.14 -0.23 0.6 0.6 0.60005364 1.18 -0.07 -0.07 0.65 0.64992163 -0.099945731 2.19 2.19 1.1816843 0.73 0.73 0.26058619 0.26 0.2599991 -0.055224104 -0.089782274 -0.089999475 -0.089999933 -0.089999268 -1.0029837 -1.81 -1.81 -1.81 -1.81 
-0.65999202 0.14 -0.13392156 0.38 0.76 1.05 1.66 1.61 -0.07 -0.07 1.88 0.33 0.75999975 1.18 -0.079996225 -0.08 0.25 0.26 0.3 0.3 -0.57781622 -0.71 -0.71 -0.059999997 -0.23 -0.23 0.6 0.6 0.60004254 0.60078323 0.61221916 0.65 0.65 -0.1 -0.1 0.65956149 2.19 2.19 -0.30991335 0.25999921 0.26 0.26 0.25999337 -0.090002565 -0.09 -0.09 -0.09 -0.090000513 -0.95 -1.8098296 -1.81 -1.81 -1.81 
-0.66 -1.26 -0.5 -0.56 -1.0599713 -0.1 0.48 -0.54999998 -0.66 -0.33 -0.33 -0.2 0.76 0.76 -0.074236821 0.6121753 0.68 -0.18 0.040000267 0.3 1.2312314 1.3 0.68 0.020000003 0.019994583 -0.4 -0.42 -0.41999964 1.327442 1.33 0.61 0.23632711 0.08 -0.1 -0.10171127 -0.62 -0.62 -0.30999999 -0.31 0.26 0.26 0.25999999 -0.54909543 -0.54999998 -0.09 -0.09 -0.09 -0.94996727 -0.95 -0.95 -1.81 -1.81 -1.81 
-1.2873088 -1.26 -1.85 -1.09 -0.41 -0.34 -0.28 -0.44 0.15 -0.32846257 0.42 0.55 0.55 -0.68 -0.67999163 0.41075251 0.41 0.41 -0.14641665 -0.14999987 0.49 0.49000001 1.35 0.94403598 -0.35767509 -0.4 -0.37 -0.42 0.047268829 0.05 0.28 0.95 0.50174624 0.08 -0.16 -0.47 -0.47 -0.94 -1.5197322 0.2583484 -0.11 -0.52 -0.54988605 -0.55 -0.54741087 -0.09 -0.27999999 -0.94999999 -0.95 -0.95 -0.95 -1.6294642 -0.52 
-1.44 -1.44 -2.1 -1.69 -0.56 -0.75 -0.14 -0.54 -0.32 -0.4500988 -0.25 -0.08 -0.68 -0.68 0.21 0.21274309 0.41 0.40988641 -0.1 -0.15 -0.15 -0.067546474 1.35 0.95000757 0.95 0.95 -0.37 0.12 0.12 0.05 0.05 0.94831201 0.06 0.08 1.01 -0.47 -0.47 -0.76 -1.52 0.75256203 -0.51999998 -0.27388261 0.15 -0.55 -0.55 -0.28 -0.28 -0.28 -0.95 -0.95 -0.36 -0.36 -0.36000006 
-1.44 -1.44 -1.75 -1.58 -1.39 -0.9 -1.31 -0.010373912 -0.17 -0.89 0.6 1.23 -0.078256893 0.21 0.21 0.20997693 0.01 0.004226684 -0.1 0.04 0.04 1.13 1.13 0.95 0.95 0.95 0.12 0.12 0.12 0.32 0.32 0.31999957 0.7 0.7 1.15 0.13 0.33 0.50000204 0.12 0.79 0.79 1.3099962 0.15 -0.55 -0.37000094 -1.59 -1.5047027 -1.51 -1.09 -1.09 -0.36 -0.36 -0.36 
-1.44 -1.5738219 -1.6774549 -1.600003 -1.59 -1.52 -1.31 -0.01 -0.16999866 -0.88202327 1.2299972 1.23 -0.63 0.21 0.21 0.010000007 0.01 0.0099937395 -0.1 0.04 0.25405383 1.13 1.13 0.95000658 0.95 0.71003472 0.22 0.22 0.21999999 0.32 0.32 1.05 1.05 0.70000123 1.15 1.8899991 0.39574627 0.5 0.5 0.79000002 1.31 1.31 1.3099877 -0.37 -0.37 -1.59 -1.51 -1.51 -1.09 -1.09 -0.36 -0.36 -0.36 
0.21 -0.67837176 -0.59003709 -0.5973208 -1.5899996 -1.5200017 -1.31 -0.026002252 -0.15897436 -0.18880112 -0.63 -0.63 -0.63 -0.63 0.20988101 0.01 0.01 0.0085797247 -0.1 0.040111985 0.43 0.43 0.43 0.43 0.94058767 0.22 0.22 0.22 0.22 0.22012195 1.05 1.05 1.05 1.05 1.89 1.89 1.89 0.56730132 0.50871223 1.66 1.66 1.3100188 0.77996063 -0.36988923 -0.37 -1.59 -1.51 -1.51 -1.09 -1.09 -0.36264836 -0.36 -0.43356606 
0.21 -0.59 -0.59 -0.59 -0.59 -0.59000039 -1.3105375 -0.69490913 -0.12955913 -0.62952257 -0.63 -0.63 -0.63 -0.63 -0.63000012 0.010000003 0.0099999826 0.0024547508 -0.099996751 0.43 0.43 0.43 0.43 0.43 0.43151237 0.3817596 0.44999995 0.45 0.45 0.45 1.05 1.05 1.05 1.01 1.01 1.89 1.6080644 1.6 1.66 1.66 1.66 1.66 0.78 0.78 0.78 0.76350696 1.0233922 1.04 1.04 1.04 1.04 1.4699996 1.47 
-0.74 -0.59 -0.59 -0.59 -0.59 -0.59 -0.59000005 -0.92028061 -0.80625271 -0.81 -0.81 -0.81 -0.81 -0.81 -0.81 -0.39841071 0.0036424122 -0.0050627125 0.4299334 0.43 0.43 0.43 0.43 0.42999973 0.5 0.5 0.49999993 0.45 0.45 0.44957949 0.24 0.24 1.01 1.01 1.01 1.5054883 1.6 1.6 1.6 1.66 1.66 1.66 0.78 0.78 0.78 0.78 1.04 1.04 1.04 1.04 1.04 1.47 1.47 
-0.74 -0.6841567 -0.59 -0.59 -0.59 -0.59 -0.70997645 -0.71 -0.71 -0.81 -0.81 -0.81 -0.81 -0.81 -0.71734506 -0.39 -0.39 -0.39 0.20069939 0.20000023 0.2 0.2 0.2 0.2 0.5 0.5 0.5 0.5 0.45 0.24 0.24 0.24 1.0099999 1.01 1.01 1.36 1.5996822 1.6 1.6 1.6599056 1.4715225 1.0318829 0.78 0.78 0.79993828 0.8 0.8 1.0405076 1.3489167 1.35 1.3499999 1.5399894 1.4700001 
-0.74 -0.62322287 -0.60518138 -0.59 -0.59 -0.7099291 -0.71 -0.71 -0.71 -0.71072063 -0.81 -0.81 -0.81 -0.80999995 -0.39 -0.39 -0.39 -0.39 0.19947297 0.2 0.2 0.2 0.2 0.2 0.49999999 0.5 0.5 0.5 0.49905429 0.24 0.24 0.24 1.09 1.0100375 1.36 1.36 1.36 1.349465 1.0660642 1.03 1.03 1.03 0.65 0.65 0.8 0.8 0.8 1.35 1.35 1.35 1.35 1.54 1.54 
-0.62007095 -0.62 -0.62 -0.62 -0.54 -0.70999561 -0.71 -0.71 -0.71 -0.71 -0.83801199 -0.81000482 -0.81000001 -0.39 -0.39 -0.39 -0.39 -0.39 -0.35574158 0.2 0.2 0.2 0.2 0.2 0.45217134 0.6299993 0.63 0.63 0.63 0.24000004 1.09 1.09 1.09 1.09 1.36 1.3599747 0.4 0.4 1.0221335 1.03 1.03 1.03 0.65 0.65 0.77677484 0.8 0.8 1.35 1.35 1.35 1.3520373 1.54 1.54 
-0.62 -0.62 -0.62 -0.58232681 -0.54 -0.54 -0.71 -0.71 -0.71 -0.71 -1.18 -1.18 -1.18 -0.39 -0.39 -0.39 -0.39 -0.3901322 -0.58 -0.58 0.19999968 0.2 0.20170421 0.27 0.27324092 0.63 0.63 0.63 0.63 1.0899532 1.09 1.09 1.09 1.09 0.40000337 0.4 0.4 0.4 0.4022152 1.03 1.03 1.03 0.65 0.65 0.65 0.8 0.8 1.35 1.35 1.35 1.54 1.54 1.54 
-0.62 -0.62 -0.62 -0.54 -0.54 -0.54 -0.54000026 -0.71 -0.71 -1.1795148 -1.18 -1.18 -1.18 -1.1795078 -1.0375379 -1.19 -1.19 -1.19 -0.58 -0.58 -0.58 0.27 0.27 0.27 0.27010085 0.63 0.63 0.63 0.63 1.160708 1.1899902 1.19 1.19 1.19 0.39688821 0.39000002 0.39 0.39 0.39 0.53006841 0.53 0.53 0.65 0.65 0.36000121 0.3599997 -0.5 -0.5 -0.13 -0.13 -0.13 1.54 0.34107295 
-0.61999988 -0.62 -0.62 -0.54 -0.54 -0.54 -0.54000001 -1.0099999 -0.71119952 -1.179193 -1.18 -1.18 -1.18 -1.1800196 -1.19 -1.19 -1.19 -1.1899998 -0.58 -0.58 -0.58 0.27 0.27 0.27 0.63 0.63 0.76 0.76 0.76 0.76234579 1.19 1.19 1.19 1.19 0.79021962 0.39 0.39 0.39 0.39 0.53 0.53 0.53 0.52465115 0.36 0.36 0.36 -0.5 -0.5 -0.13 -0.13 -0.13 0.33999998 0.34 
-0.58 -0.59710301 -0.68 -0.67995938 -0.54 -1.0072806 -1.01 -1.01 -0.76222253 -0.29 -0.29 -0.29 -0.29 -1.2699681 -1.27 -1.1900001 -1.19 -1.1739274 -0.58 -0.58 -0.58 -0.23 -0.23 -0.23 0.63 0.63 0.76 0.76 0.76 0.76000024 1.0900006 1.0900003 1.1874867 1.1898928 0.22110716 0.22 0.22 0.22 0.22 0.53 0.53 0.53 0.36935981 0.36 0.36 0.35999977 -0.5 -0.5 -0.49998668 -0.13 -0.12997183 0.5 0.34 
-0.38003798 -0.38000005 -0.68 -0.68 -0.68 -1.01 -1.01 -1.01 -0.33 -0.33 -0.29 -0.29 -0.29 -1.27 -1.27 -1.27 -1.27 -1.2699231 -0.58 -0.58 -0.57999999 -0.23 -0.23 -0.23 0.63 0.63 0.76 0.76 0.76 1.0862792 1.09 1.09 1.09 1.09 0.22042929 0.22 0.22 0.22 0.22 -0.84999964 -0.85 -0.85 -0.85 0.35999018 -0.92 -0.92 -0.92 -0.58 -0.58 -0.58 0.5 0.5 0.5 
-0.38 -0.38 -0.68 -0.68 -0.68 -1.0082655 -1.01 -0.33 -0.33 -0.33 -0.29000492 -0.29 -1.0008985 -1.27 -1.27 -1.27 -1.27 -1.7 -1.7 -1.7 -1.21 -1.2099993 -0.23000477 -0.23 -0.23023281 -1.03 -1.03 -1.0299957 0.75971072 1.159986 1.1599996 1.1599878 1.0901196 1.0900604 0.374996 0.22000007 0.22056971 0.39 0.39 -0.85 -0.85 -0.85 -0.85 -0.92 -0.92 -0.92 -0.92 -0.58 -0.58 -0.58 0.5 0.5 0.5 
-0.38 -0.38 -0.68 -0.68 -0.68 -0.68 -0.75549586 -0.33 -0.33 -0.33 -0.33045848 -1.16 -1.16 -1.16 -1.2693517 -1.27 -1.6971346 -1.7 -1.7 -1.7 -1.21 -1.21 -1.21 -1.21 -1.03 -1.03 -1.03 -1.03 -1.03 1.16 1.16 1.16 1.16 1.1599997 1.01 0.39 0.39 0.39 0.39 0.38999502 -0.99 -0.99 -0.99 -1.09413 -1.31 -1.31 -1.31 -0.58000002 -0.57999942 0.02 0.02 0.080102176 0.08 
-0.38 -0.38 -0.57172107 -0.68 -0.68 -0.68000001 -1.0587046 -0.33230056 -0.33 -0.33 -1.1600001 -1.16 -1.16 -1.16 -1.16 -1.1690967 -1.7 -1.7 -1.7 -1.7 -1.2100038 -1.21 -1.21 -1.21 -1.03 -1.03 -1.03 -1.03 -1.03 0.91614438 1.16 1.16 1.16 1.01 1.01 1.0095186 0.39 0.39 0.55320577 0.67999997 -0.99 -0.99 -0.99 -1.0875316 -1.31 -1.31 -1.31 -0.08 0.01875401 0.02 0.02 0.08 0.08 
-1.35 -1.35 -1.35 -0.84798742 -0.68123892 -1.06 -1.06 -1.06 -1.06 -1.64 -1.64 -1.16 -1.16 -1.16 -1.16 -1.1600343 -1.7 -1.7 -1.7 -1.7 -1.4238201 -1.21 -1.21 -1.2092149 -1.1733207 -1.03 -1.03 -1.03 0.83 0.83 0.83 0.83000139 1.01 1.01 1.01 1.01 0.68 0.68 0.68 0.68 0.13 0.13 0.13 0.17999899 0.18 0.18 0.17999953 -0.08 -0.08 0.019878155 0.02 0.080003076 0.08 
-1.35 -1.35 -1.35 -1.3500097 -1.53 -1.4616543 -1.06 -1.06 -1.06 -1.64 -1.64 -1.64 -2.05 -2.05 -2.05 -2.05 -1.6981499 -1.7 -1.7 -1.7 -1.6925682 -1.1800001 -1.18 -1.18 -1.18 -1.18 0.14999999 0.15 0.83 0.83 0.83 0.83 1.0099999 1.01 1.01 1.009991 0.68000002 0.68 0.68 0.68350946 0.13 0.13 0.13 0.17999768 0.18 0.18 0.18 -0.08 -0.08 -0.079999897 0.69 0.69 0.97 
-1.35 -1.35 -1.35 -1.5299996 -1.53 -1.53 -1.0600002 -1.06 -1.06 -1.64 -1.64 -1.64 -2.05 -2.05 -2.05 -1.946423 -0.69 -0.69 -0.69000261 -1.6942953 -1.18 -1.18 -1.18 -1.18 -1.18 -1.1789991 0.15 0.15 0.15 0.83 0.83 0.82989058 0.9 0.9 0.9 1.83 1.83 1.48 1.48 1.48 1.57 0.13045169 0.13000888 1.32 1.32 1.2767953 0.18000257 -0.079999999 -0.079999999 0.69 0.69 0.69 0.97 
-1.35 -1.35 -1.35 -1.53 -1.53 -1.53 -1.53 -1.06 -1.06 -1.64 -1.64 -2.0336059 -2.05 -2.05 -2.05 -0.69 -0.69 -0.69 -0.69 -0.69 -1.18 -1.18 -1.18 -1.18 -1.18 0.14999546 0.15 0.15 0.15 0.66 0.66 0.66 0.9 0.9 0.9 1.83 1.83 1.48 1.48 1.57 1.57 1.57 1.32 1.32 1.32 1.32 1.288784 0.94 0.94 0.94 0.69000001 1.09 1.09 
-1.35 -1.35 -1.3502507 -1.53 -1.53 -1.53 -1.53 -0.85407164 -0.82 -0.82140783 -1.64 -2.0498911 -2.05 -2.05 -2.0499953 -0.69 -0.69 -0.69 -0.69 -0.69 0.37358999 -1.18 -1.18 -1.18 -1.1797137 0.15000338 0.15 0.15 0.15 0.66 0.66 0.66 0.66003759 0.9 1.83 1.83 1.83 1.8299854 1.4800061 1.57 1.57 1.57 1.3200152 1.32 1.32 1.32 0.94000034 0.94 0.94 0.94 1.09 1.09 1.09 
-1.64 -1.6399995 -1.5299092 -1.53 -1.53 -1.53 -0.82015108 -0.82 -0.82 -0.82 -0.75 -0.75 -0.75 -0.75 -0.69027713 -0.69 -0.69 -0.69 -0.69 0.43999933 0.44 0.44 0.20999977 0.21 0.21 0.21 0.20482123 0.15 1.0199644 1.02 1.02 1.02 1.02 1.58 1.58 1.58 1.58 1.58 1.16 1.16 1.16 1.16 1.16 0.9705276 0.97 0.97 0.97 0.94 0.94 0.94 1.0899764 1.09 1.09 
-1.64 -1.64 -1.64 -1.6399998 -1.64 -1.6392006 -0.82 -0.82 -0.82 -0.82 -0.75 -0.75 -0.75 -0.75 -0.75 -0.69 -0.69 -0.69 0.43999972 0.44 0.44 0.44 0.21 0.21 0.21 0.21 0.21 0.20998813 1.0202356 1.02 1.02 1.02 1.0200946 1.7444015 1.5801702 1.58 1.58 1.58 1.16 1.16 1.16 1.16 1.16 0.97 0.97 0.97 0.97 0.95597141 0.94 0.64334708 0.64 1.22 1.22 
-1.64 -1.64 -1.64 -1.64 -1.64 -1.64 -1.4317235 -0.82 -0.82 -0.82 -0.75 -0.75 -0.75 -0.75 -0.75 -0.69004235 -0.69 0.43966869 0.44 0.44 0.44 0.44 0.29520499 0.21 0.21 0.21 0.21 0.21100546 1.63 1.63 1.63 1.63 1.63 1.87 1.87 1.87 1.87 1.87 0.68 0.68 0.68 0.68 0.68000001 0.96802225 0.96999959 0.97 0.9698627 0.95343149 0.64 0.64 0.64 1.2199968 1.22 
-1.6399999 -1.5811698 -1.64 -1.64 -1.64 -1.64 -1.64 -0.82034915 -0.82 -0.82 -0.75 -0.75 -0.75 -0.75 -0.33932877 -0.33 -0.33 0.43998018 0.44 0.44 0.44 0.44 0.43999984 0.21 0.21 0.21 0.21 1.0500005 1.0500003 1.1734381 1.63 1.63 1.63 1.87 1.87 1.87 1.87 1.8704199 0.68 0.68 0.68 0.68 0.68002988 0.16 0.16 0.16 0.16 0.16003871 0.64 0.64 0.64 0.63999987 0.43178194 
-1.58 -1.58 -1.6133111 -1.64 -1.64 -1.64 -1.64 -1.64 -0.82035054 -1.19 -1.19 -1.19 -1.1889558 -0.33000061 -0.33 -0.33 -0.33 -0.33 0.43999305 0.38050795 -0.14 -0.14 -0.14 -0.049356275 0.23961346 0.39806946 0.53204374 1.05 1.05 1.05 1.05 1.05 1.0686949 2.4717058 2.49 2.49 2.49 2.49 0.75326322 1.0699993 1.07 1.07 1.07 0.23999977 0.16000002 0.16 0.16 -0.87 0.63997581 0.64 0.64 0.42 0.42 
-1.58 -1.58 -1.73 -1.73 -1.73 -1.64003 -1.64 -1.64 -1.19 -1.19 -1.19 -1.19 -1.19 -0.33000004 -0.33 -0.33 -0.33 -0.33 -0.14 -0.14 -0.14 -0.14 -0.14 0.57999996 0.58 0.58 0.58 1.05 1.05 1.05 1.05 1.05 0.86 0.86 2.49 2.49 2.49 1.3601924 1.36 1.07 1.07 1.07 1.0699999 0.24 0.24 0.24 -0.87 -0.87 -0.87 -0.66 -0.66 0.42 0.42 
-1.58 -1.58 -1.73 -1.73 -1.73 -1.73 -1.7299984 -1.44 -1.1902354 -1.19 -1.19 -1.19 -1.19 -0.34072772 -0.33 -0.33 -0.33 -0.33 -0.14 -0.14 -0.14 -0.14 -0.14 0.58 0.58 0.58 0.58 0.58000185 1.05 1.05 1.05 0.86000996 0.86 0.86 0.86 2.49 1.36 1.36 1.36 1.3523696 0.80023729 0.75 0.75 0.24 0.24 0.24 -0.87 -0.87 -0.87 -0.66 -0.66 -0.66 0.50151447 
-1.52 -1.5200005 -1.73 -1.73 -1.73 -1.73 -1.44 -1.44 -1.44 -1.19 -1.19 -1.19 -1.19 -1.1897327 -0.33 -0.33 -0.33 -0.33 -0.14000338 -0.14 -0.14 -0.14 0.45315566 0.58 0.58 0.58 0.58 -0.029999502 -0.03 -0.029999988 1.0384016 0.86 0.86 0.86 0.85999998 0.84 1.36 1.36 1.36 1.36 0.75 0.75 0.75 0.6 0.6 0.6 -8.4726323e-05 -0.87 -0.87 -0.66 -0.66 -0.66 0.50999766 
-1.52 -1.52 -1.73 -1.73 -1.73 -1.44 -1.44 -1.44 -1.44 -1.2174087 -1.19 -1.19 -1.19 -1.1899941 0.2199367 0.22 0.22 0.22 0.581225 -0.23 -0.23 -0.23 -0.23 0.58 0.58 0.58 0.57995976 -0.03 -0.03 -0.03 -0.03 0.8598877 0.84875058 0.84 0.84 0.84 1.3566759 0.47001853 0.47 0.47 0.74952219 0.14000002 0.14 0.6 0.6 0.59999746 2.2725998e-60 -4.9372953e-43 -0.38 -0.38 -0.38 0.33 -0.33 
-1.52 -1.52 -1.69 -1.69 -1.69 -1.44 -1.44 -1.44 -1.44 -1.34 -1.34 -1.34 -1.34 -1.2300631 0.22 0.22 0.22 0.22 0.61 -0.23 -0.23 -0.23 -0.23 -0.73 -0.72999948 0.57999806 -0.03 -0.03 -0.03 -0.03 -0.035062752 -0.04 0.73529207 0.84 0.84 0.84 0.47 0.47 0.47 0.47 0.14 0.14 0.14 0.22997162 0.23 0.0010338339 2.3125798e-37 2.1828562e-30 -0.37999591 -0.38 0.33 0.33 -0.33 
-1.52 -1.69 -1.69 -1.69 -1.69 -1.69 -1.4505575 -2.8 -2.8 -1.34 -1.34 -1.34 -1.34 -1.3396305 0.22 0.22 0.22 0.23762144 0.61 0.61 -0.23 -0.23 -0.73 -0.73 -0.73 -0.73 -0.03 -0.03 -0.03 -0.03 -0.04 -0.04 -0.04 0.83910951 0.84 0.84 0.47 0.47 0.47 0.47 0.14 0.14 0.14 0.23 0.23 0.22998867 0.03 0.03 0.47 0.47 0.33 0.33 -0.33 
-1.6884035 -1.69 -1.69 -1.69 -1.69 -1.69 -2.8 -2.8 -2.8 -2.018547 -1.34 -1.34 -1.34 -1.3399967 0.22 0.22 0.22 0.61 0.61 0.61 -0.22995803 -0.23000305 -0.73 -0.73 -0.73 -0.73 -0.030049757 -0.03 -0.03 -0.0399977 -0.04 -0.04 -0.04 -0.04 0.83684076 0.12 0.12 0.12605736 0.47 0.47 0.14000029 0.14 0.22738323 0.23 0.23 0.030000072 0.03 0.03 0.47 0.47 0.27 0.27 0.21 
-1.69 -1.69 -1.69 -1.69 -1.69 -1.69 -2.8 -2.8 -2.8 -2.8 -1.549994 -1.55 -1.55 -1.55 0.21999679 -0.10050495 -0.28 -0.28 0.60835929 0.61 0.60999983 -0.72999927 -0.73 -0.73 -0.73 -0.73 -0.72949106 -0.03 -0.030000342 -0.04 -0.04 -0.04 -0.04 -0.04 0.12 0.12 0.12 0.12 0.12 0.12000272 0.75 0.75 0.75000018 1.27 1.27 1.27 0.45 0.45 0.05 0.05 0.27 0.26999987 0.21 
-1.69 -1.69 -1.69 -1.69 -1.69 -1.69 -2.8 -2.8 -2.8 -1.55 -1.55 -1.55 -1.55 -1.55 -1.215231 -0.28 -0.28 -0.28 -0.28 -0.28 -0.23750543 -0.72999999 -0.73 -0.73 -0.73 -0.75009665 -1.3689971 -0.21246202 -0.039950685 -0.04 -0.04 -0.04 -0.04 -0.03999965 0.12 0.12 0.12 0.12 0.12 0.41307454 0.75 0.75 0.75 1.27 1.27 1.27 0.45 0.45 0.05 0.05 1.12 0.26019944 0.21 
-1.69 -1.69 -1.69 -1.69 -1.69 -1.6900003 -2.7999997 -2.8 -2.748118 -1.55 -1.55 -1.55 -1.55 -1.55 -1.489083 -0.28 -0.28 -0.28 -0.28 -0.28 -0.28 -1.2687293 -1.3699991 -1.37 -1.37 -1.37 -1.37 -1.37 -0.33409213 -0.31999668 -0.31999999 -0.32 -0.32 -0.31999968 0.12 0.12 0.12 0.12 0.12 0.74999993 0.75 0.75 0.75 0.75000023 1.2704168 1.53 0.45000011 0.55809701 0.050446863 1.12 1.12 1.1212472 1.18 
-1.69 -1.69 -1.69 -1.69 -1.69 -1.6900709 -2.7999401 -2.7999244 -1.5500016 -1.55 -1.55 -1.55 -1.55 -1.55 -1.5258346 -0.28 -0.28 -0.28 -0.28 -0.28 -0.28 -1.37 -1.37 -1.37 -1.37 -1.37 -1.37 -1.37 -0.32028985 -0.32 -0.32 -0.32 -0.32 -0.32 -0.19944004 0.12 0.12 0.12 0.12 0.75 0.75 0.75 0.75 0.75019982 1.53 1.53 1.5239205 0.56 0.56 1.12 1.12 1.18 1.18 
-1.69 -1.69 -1.69 -1.69 -1.69 -1.6914803 -2.7986472 -1.6910543 -1.55 -1.55 -1.55 -1.55 -1.55 -1.55 -1.5277665 -0.28 -0.28 -0.28 -0.28 -0.28 -0.43519619 -1.37 -1.37 -1.37 -1.37 -1.37 -1.37 -1.37 -0.32000421 -0.32 -0.32 -0.32 -0.32 -0.32 -0.32 0.1283171 0.14127677 0.14835635 0.14945172 0.75128557 0.75 0.75 0.75 1.5299377 1.53 1.5206881 -0.02999718 0.56 0.56 1.6997514 1.7 1.7 1.1800002 
-1.69 -1.69 -1.69 -1.69 -1.6900011 -1.6992564 -2.684152 -1.5503437 -1.55 -1.55 -1.55 -1.55 -1.55 -1.55 -1.5203435 -0.28 -0.28 -0.28 -0.28 -0.28000001 -1.3699953 -1.37 -1.37 -1.37 -1.37 -1.37 -1.37 -1.37 -0.32000029 -0.32 -0.32 -0.32 -0.32 -0.32 -0.31999991 0.15 0.15 0.15 0.15 0.77 0.77 0.77 0.77 -0.029995482 -0.03 -0.03 -0.03 -0.029993403 0.56 0.56 1.7 1.7 1.6993175 
-1.69 -1.69 -1.69 -1.6900001 -1.690031 -1.7195672 -1.6338434 -1.5500163 -1.55 -1.55 -1.55 -1.55 -1.55 -1.55 -1.5068884 -0.28000052 -0.28 -0.28 -0.28 -0.28656023 -1.37 -1.37 -1.37 -1.37 -1.37 -1.37 -1.37 -1.37 -0.32000023 -0.32 -0.32 -0.32 -0.32 -0.32 0.14999957 0.15 0.15 0.15 0.15 0.77 0.77 0.77 0.77 0.55408344 -0.03 -0.03 -0.03 0.5599934 0.56 0.56 1.7 1.7 1.7 
-1.69 -1.69 -1.6900001 -1.6900025 -1.6903008 -1.7442812 -1.5544238 -1.5500041 -1.55 -1.55 -1.55 -1.55 -1.55 -1.5499999 -1.4886618 -0.28002987 -0.28 -0.28 -0.28000125 -1.3479149 -1.37 -1.37 -1.37 -1.37 -1.37 -1.37 -1.37 -1.37 -0.32000098 -0.32 -0.32 -0.32 -0.32 0.48524581 0.15000019 0.15 0.15 0.15 0.15 0.77 0.77 0.77 0.77 0.77 -0.03 -0.03 -0.03 0.55999999 0.56 0.56 1.7 1.7 1.7 
-1.69 -1.6900001 -1.6900011 -1.6900295 -1.691481 -1.6645466 -1.5507456 -1.5500025 -1.55 -1.55 -1.55 -1.55 -1.55 -1.5499976 -1.4669918 -0.28046382 -0.28000003 -0.28000004 -0.28564346 -1.3699073 -1.37 -1.37 -1.37 -1.37 -1.37 -1.37 -1.37 -1.3699994 -0.32000658 -0.32 -0.31999922 0.6832966 0.78 0.78 0.78 0.15 0.15 0.15 0.15 0.77 0.77 0.77 0.77 0.77 -0.029985818 -0.03 -0.029999711 0.55999996 0.56 0.56000062 1.7 1.7 1.7 
