interpolatedSpi/08-08|22_1.tif
NCOLS 53
NROWS 52
XLLCORNER -116.03883
YLLCORNER 28.596182
DX 0.49850594
DY 0.49788537
NODATA_VALUE -9999
-1.245 -1.245 -1.4925427 -1.405 -1.145 -0.725 -1.05 -1.1 -1.7262134 -1.315 -2.055 -1.715 -1.2550239 -1.545 -1.405 -1.405 -1.405 -0.065 -0.48 -0.48 -0.48 -0.4799962 -0.085000002 -0.265 -0.265 -0.265 -0.19500432 -0.195 -0.195 -0.765 -0.765 -0.765 -0.765 -1.8099998 -1.81 -1.81 -1.81 -1.81 -1.81 -1.8099999 0.55947818 0.58463049 -0.865 -0.865 -0.865 -0.865 -0.86538384 -1.1 -1.1 -1.1 -1.2549997 -1.255 -1.255 
-1.2450047 -1.35 -1.0999999 -0.99735476 -0.57030856 -1.21 -1.305 -1.2501388 -0.93 -1.45 -1.03 -1.255 -1.255 -0.55830112 -1.5449868 -1.405 -0.065 -0.065 -0.4794589 -0.48 -0.48 -0.48 -0.29421359 -0.265 -0.265 -0.265 -1.1649999 -1.165 -0.765 -0.765 -0.765 -0.765 -0.765 -1.8099998 -1.81 -1.81 -1.81 -1.81 -1.8099999 -1.5255479 -0.13506331 -0.77642031 -0.865 -0.865 -0.865 -0.865 -0.865 -1.1 -1.1 -1.1 -1.1128527 -1.255 -1.255 
-0.94496169 -0.945 -1.045 -0.965 -0.93 -1.155 -0.91 -0.565 -1.23 -0.41 -0.815 -0.74 -1.115 -0.105 -0.555 -0.52 -0.065 -0.065 -0.065 0.10982849 0.11 0.11 -0.82 -0.265 -0.265 -0.265 -1.165 -1.165 -1.165 -0.765 -0.765 -0.76500004 -1.1332711 -1.8061568 -1.7932458 -0.026494247 -0.01 -0.01 -0.025721706 -0.135 -0.135 -0.13593349 -0.865 -0.865 -0.865 -0.865 -0.865 -1.1 -1.1 -1.1 -1.1 -1.255 -1.255 
-1.02 -0.94499995 -0.71511872 -0.465 -1.34 -0.975 -1.33 -1.04 -0.625 -0.74147036 -0.655 0.3 0.08 -0.105 0.25 -0.52 -0.7829725 -0.78449553 -0.655 0.11 0.11 -0.705 -0.82 -0.82 -0.265 -0.2650045 -1.165 -1.165 -1.165 -1.5 -1.5164603 -1.53 -1.53 -1.5299988 -0.01 -0.01 -0.01 -0.01 -0.135 -0.135 -0.135 -0.13500003 -0.865 -0.865 -0.865 -0.865 -0.865 -1.099997 -1.1 -1.1 -1.1 -1.2549463 -1.255 
-1.02 -0.43000052 -0.715 -0.26149215 -1.34 -1.82 -1.494993 -0.22 -0.765 0.35499932 0.16593749 0.085031512 0.305 0.25 0.25 -0.26936912 -0.785 -0.785 -0.655 -0.655 0.1099984 -0.705 1.225 0.0099999997 -1.2 -1.1995954 -1.165 -1.165 -1.5 -1.5 -1.53 -1.53 -1.53 -1.2480831 -0.01 -0.01 -0.01 -0.135 -0.135 -0.135 -0.135 -0.13497201 -0.86499999 -0.865 -0.865 -0.865 -0.865 -0.86709179 -1.1 -1.0999332 0.39 0.39 0.39 
-2 -0.925 -0.74 -0.85 -0.535 -1.565 -1.75 -1.5541162 -0.81 -0.975 -1.42 -0.22 -0.21999965 -0.655 -0.655 -0.41998069 -0.42 -0.65 -0.65 -0.65499937 -0.485 -0.485 0.01 -1.2 -1.2 0.53 0.275 0.275 -0.08512901 -1.5 -1.53 -1.53 -0.035 -0.035013061 -0.15999086 0.475 0.475 0.053717425 -0.135 -0.135 0.15463831 0.155 0.1550027 -0.33453248 -0.32505968 -0.32500014 -0.32500002 -0.32500019 0.54148028 0.39 0.39 0.39 0.39 
-1.5400052 -0.27 -0.7310471 -0.505 -0.59 -1.505 -0.605 0.185 0.35 0.35 -1.42 -0.26 -1.0999998 -0.655 -0.34000094 -0.34 -0.42 -0.31 0.054999999 0.055 -0.51327589 -0.545 -0.545 0.38999998 0.53 0.53 0.275 0.275 -0.085022728 -0.085418438 0.31256309 -0.035 -0.035 -0.16 -0.16 0.58120481 0.475 0.475 0.43000156 0.15500038 0.155 0.155 0.1550156 -0.32499448 -0.325 -0.325 -0.325 -0.32499943 0.625 0.39004657 0.39 0.39 0.39 
-1.54 -0.82 -0.18 -0.735 -0.19503096 -0.695 -0.145 1.035 0.555 0.26 0.26 -0.17 -1.1 -1.1 -0.3452143 -0.31723108 -0.315 0.205 -0.26499967 0.055 0.54641938 0.605 -0.01 0.665 0.66499748 0.47 0.15 0.15000004 -0.47363339 -0.47499998 0.315 0.076201178 0.51 -0.16 -0.14003516 0.67 0.67 0.43 0.43 0.155 0.155 0.15500002 0.66482346 0.66499995 -0.325 -0.325 -0.325 0.62496384 0.625 0.625 0.39 0.39 0.39 
-0.87461759 -0.81999999 0.32 0.55 -0.385 0.175 0.29 1.025 0.715 0.12489617 -0.78 -0.565 -0.565 -0.12 -0.12000404 -0.73382942 -0.735 -0.735 0.13325377 -0.29499996 -0.085 -0.084999992 0.785 0.30329643 0.48965085 0.47 -0.22 0.15 -0.033924965 -0.035 -0.045 0.08 -0.050947864 -0.2 0.54 0.555 1.03 0.32 1.144619 0.16004406 1.285 0.7 0.66504477 0.665 0.65942774 -0.325 1.2799999 0.62500001 0.625 0.625 0.625 0.27669823 0.13 
-1.18 -1.18 -0.15 0.435 0.425 0.915 0.62 0.605 0.325 -0.02496295 -0.745 -0.05 -0.12 -0.12 -0.55 -0.55253736 -0.735 -0.73487514 -0.18 -0.295 -0.295 -0.26794496 0.785 -0.0099849459 -0.01 -0.01 -0.22 0.455 0.455 -0.035 -0.035000001 0.07950688 -0.18 -0.2 0.17 0.555 1.03 0.76 1.145 0.23499138 0.70000003 0.78816145 0.94 0.665 0.665 1.28 1.28 1.28 0.625 0.625 -0.52 -0.52 -0.51999976 
-1.18 -1.18 -0.39 -0.44 -0.215 0.495 0.055 -0.1693093 0.795 0.33 0.155 -0.125 -0.050099951 -0.55 -0.55 -0.54996482 -0.245 -0.2415885 -0.18 -0.66 -0.66 -0.555 -0.555 -0.01 -0.01 -0.01 0.455 0.455 0.455 -0.875 -0.875 -0.87499885 0.125 0.125 0.365 -0.105 0.83 0.59000494 0.155 0.22 0.22 0.080002827 0.94 0.665 0.46999955 -0.185 0.68258406 0.68 -0.06 -0.06 -0.52 -0.52 -0.52 
-1.18 -0.83885181 -0.41133678 -0.12500414 0.19 0.955 0.055 -0.17 0.79499194 0.33515164 -0.12499941 -0.125 -0.025 -0.55 -0.55 -0.24500001 -0.245 -0.2449963 -0.18 -0.66 -0.63938014 -0.555 -0.555 -0.010021513 -0.01 0.011366772 0.055 0.055 0.05500005 -0.875 -0.875 -0.145 -0.145 0.12500066 0.365 0.11500007 0.88451977 0.59 0.59 0.22 0.08 0.08 0.080002955 0.47 0.47 -0.185 0.68 0.68 -0.06 -0.06 -0.52 -0.52 -0.52 
-0.36 -0.41834364 -0.42000058 -0.41785822 0.19000353 0.95498194 0.055000025 -0.16723036 0.72850163 0.78285761 -0.025 -0.025 -0.025 -0.025 -0.54992563 -0.245 -0.245 -0.24416075 -0.18 -0.6598364 -0.105 -0.105 -0.105 -0.105 -0.011551741 0.055 0.055 0.055 0.055 0.054356559 -0.145 -0.145 -0.145 -0.145 0.115 0.115 0.115 0.56777367 0.58436709 -0.16 -0.16 0.079987091 -0.064981686 0.46994847 0.47 -0.185 0.68 0.68 -0.059999997 -0.06 -0.51833117 -0.52 -0.92242305 
-0.36 -0.42 -0.42 -0.42 -0.42 -0.41999943 0.057303746 -0.051336382 0.5510901 -0.024128484 -0.025 -0.025 -0.025 -0.025 -0.024999624 -0.245 -0.24499999 -0.24054144 -0.18000067 -0.105 -0.105 -0.105 -0.105 -0.105 -0.10370243 -0.16883434 -0.30999992 -0.31 -0.31 -0.31 -0.145 -0.145 -0.14500098 -0.96 -0.96 0.115 -0.54609037 -0.565 -0.16000023 -0.16 -0.16 -0.16 -0.065 -0.065 -0.065 -0.065835091 0.47118668 0.47 0.47 0.47 0.46999999 -0.16000007 -0.16 
-0.645 -0.42 -0.42 -0.42 -0.42 -0.42 -0.41999996 -0.15139598 0.50427766 0.505 0.505 0.505 0.505 0.505 0.50499999 0.14730467 -0.23888446 -0.23609924 -0.10500945 -0.105 -0.105 -0.105 -0.105 -0.10499958 -0.045 -0.045 -0.045000373 -0.31 -0.31 -0.30974969 -0.185 -0.185 -0.96 -0.96 -0.96 -0.62827453 -0.565 -0.565 -0.565 -0.16 -0.16 -0.16 -0.065 -0.065 -0.065 -0.065 0.46999998 0.47 0.47 0.47 0.47 -0.16 -0.16 
-0.645 -0.56123506 -0.42 -0.42 -0.42 -0.42 -0.53997645 -0.54 -0.53999997 0.505 0.505 0.505 0.505 0.505 0.42447845 0.14 0.14 0.14 0.25390366 0.25499963 0.255 0.255 0.255 0.255 -0.045 -0.045 -0.045 -0.045 -0.31 -0.185 -0.185 -0.185 -0.95999993 -0.96 -0.96 -0.19 -0.56450349 -0.565 -0.565 -0.16006457 -0.2886434 -0.58871482 -0.065 -0.065 -0.52856498 -0.53 -0.53 0.46896898 -0.15281591 -0.15499995 -0.15499988 -2.4256378e-05 -0.15999967 
-0.645 -0.88341984 -0.65784164 -0.42 -0.42 -0.5399291 -0.54 -0.54 -0.54 -0.53246943 0.505 0.505 0.505 0.50499996 0.14 0.14 0.14 0.14 0.25489727 0.255 0.255 0.255 0.255 0.255 -0.044999993 -0.045 -0.045 -0.045 -0.04550923 -0.185 -0.185 -0.185 0.27499999 -0.95989186 -0.19 -0.19 -0.19 -0.18656525 -0.58839462 -0.59 -0.59 -0.59 -0.575 -0.575 -0.53 -0.53 -0.53 -0.155 -0.155 -0.155 -0.155 -1.288838e-21 -2.8853397e-29 
-0.88974104 -0.89 -0.89 -0.89 -0.47 -0.53999819 -0.54 -0.54 -0.54 -0.54 0.44443305 0.50498958 0.50499998 0.14 0.14 0.14 0.14 0.14 0.13986177 0.255 0.255 0.255 0.255 0.255 -0.083265156 -0.39999808 -0.4 -0.4 -0.4 -0.18499998 0.27499999 0.275 0.275 0.275 -0.19 -0.1899917 0.125 0.125 -0.58107216 -0.59 -0.59 -0.59 -0.575 -0.575 -0.53696755 -0.53 -0.53 -0.155 -0.155 -0.155 -0.153338 -2.9521122e-48 1.0687116e-72 
-0.89 -0.89 -0.89 -0.69221573 -0.47 -0.47 -0.54 -0.54 -0.54 -0.54 -0.295 -0.295 -0.295 0.14 0.14 0.14 0.14 0.14000826 -0.005 -0.0049999999 0.25499989 0.255 0.24136636 -0.305 -0.30585524 -0.4 -0.4 -0.4 -0.4 0.27493127 0.275 0.275 0.275 0.275 0.12499889 0.125 0.125 0.125 0.12248125 -0.59 -0.59 -0.59 -0.575 -0.575 -0.575 -0.53 -0.53 -0.15499999 -0.155 -0.155 -8.6686651e-11 3.2757703e-51 3.0401118e-64 
-0.89 -0.89 -0.89 -0.47 -0.47 -0.47 -0.47000011 -0.54 -0.54 -0.29525291 -0.295 -0.295 -0.295 -0.29472897 0.18047112 0.19 0.19 0.19 -0.005 -0.005 -0.005 -0.305 -0.305 -0.305 -0.30493417 -0.22690698 -0.4 -0.4 -0.4 0.30419785 0.32999459 0.33 0.33 0.33 0.096203953 0.055000159 0.055 0.055 0.055 -0.38002873 -0.38 -0.38 -0.575 -0.575 0.079997266 0.080000198 0.64 0.64 0.03 0.03 0.03 9.0780045e-12 0.54950823 
-0.88999981 -0.89 -0.88999998 -0.47 -0.47 -0.47 -0.47 -0.28000008 -0.53896042 -0.29513148 -0.295 -0.295 -0.295 -0.2940483 0.19 0.19 0.19 0.18999994 -0.005 -0.005 -0.005 -0.305 -0.305 -0.305 -0.07 -0.07 0.18 0.18 0.18 0.1808183 0.33 0.33 0.33 0.33 0.19257543 0.055 0.055 0.055 0.055 -0.38 -0.38 -0.38 -0.36552664 0.08 0.08 0.08 0.64 0.64 0.030000001 0.03 0.03 0.54999998 0.55 
-0.83 -0.83835164 -0.17 -0.17008704 -0.47 -0.28109933 -0.28 -0.28 -0.60247509 -0.44000002 -0.44 -0.44 -0.44 0.18997949 0.19 0.19 0.19 0.18486204 -0.005 -0.005 -0.005 0.155 0.155 0.155 -0.07 -0.07 0.18 0.18 0.18 0.17999982 -0.069997458 -0.069998877 0.3199466 0.32957117 -0.38917714 -0.39 -0.39 -0.39 -0.39 -0.38 -0.38 -0.38 0.054671078 0.08 0.08 0.079999996 0.64 0.64 0.63997804 0.03 0.030032196 0.75 0.55 
-0.47506742 -0.47499995 -0.17 -0.17 -0.17 -0.28 -0.28 -0.28 -1.165 -1.165 -0.44 -0.44 -0.44 0.19 0.19 0.19 0.19 0.18997836 -0.005 -0.005 -0.0049999939 0.155 0.155 0.155 -0.07 -0.07 0.18 0.18 0.18 -0.067181232 -0.07 -0.07 -0.07 -0.07 -0.3898421 -0.39 -0.39 -0.39 -0.39 -0.20500005 -0.205 -0.205 -0.205 0.079999808 0.055 0.055 0.055 0.72 0.72 0.72 0.75 0.75 0.75 
-0.475 -0.475 -0.17 -0.17 -0.17 -0.27942182 -0.28 -1.165 -1.165 -1.165 -0.44008925 -0.44 -0.072293874 0.18999996 0.19 0.19 0.19 0.245 0.245 0.245 0.025000003 0.025000097 0.15499937 0.155 0.15450404 -0.575 -0.575 -0.5749982 0.17987799 -0.66488142 -0.66499683 -0.66489612 -0.071016917 -0.070513479 -0.33339334 -0.3900001 -0.39090483 -0.66 -0.66 -0.205 -0.205 -0.205 -0.205 0.055 0.055 0.055 0.055 0.72 0.72 0.72 0.75 0.75 0.75 
-0.475 -0.475 -0.17 -0.17 -0.17 -0.17 -0.61122965 -1.165 -1.165 -1.165 -1.164351 0.01 0.01 0.01 0.18893922 0.19 0.24463349 0.245 0.245 0.245 0.025 0.025 0.025 0.025 -0.575 -0.575 -0.575 -0.575 -0.575 -0.665 -0.665 -0.665 -0.665 -0.66500002 -0.675 -0.66 -0.66 -0.66 -0.66 -0.65999908 -0.44 -0.44 -0.44 -0.38305051 -0.265 -0.265 -0.265 0.71999997 0.71999931 0.01 0.01 0.7200073 0.72 
-0.475 -0.475 -0.28008358 -0.17 -0.17 -0.16999999 0.29740032 -1.1603831 -1.165 -1.165 0.010000039 0.01 0.01 0.01 0.01 0.024788978 0.245 0.245 0.245 0.245 0.025001702 0.025 0.025 0.025 -0.575 -0.575 -0.575 -0.575 -0.575 -0.953193 -0.665 -0.665 -0.665 -0.675 -0.675 -0.67498835 -0.66 -0.66 -0.71346396 -0.75499999 -0.44 -0.44 -0.44 -0.38554596 -0.265 -0.265 -0.265 -1.05 -0.0032074969 0.01 0.01 0.72 0.72 
0.35 0.35 0.35 -0.039621706 -0.16908475 0.3 0.3 0.3 0.3 0.195 0.195 0.010000013 0.01 0.01 0.01 0.010014888 0.245 0.245 0.245 0.245 0.12100086 0.025 0.025 0.02814045 0.11293922 -0.575 -0.575 -0.575 -1.055 -1.055 -1.055 -1.0549984 -0.675 -0.675 -0.675 -0.675 -0.755 -0.755 -0.755 -0.755 -0.46 -0.46 -0.46 -0.76499387 -0.765 -0.765 -0.76499984 -1.05 -1.05 0.0087084481 0.01 0.71999367 0.72 
0.35 0.35 0.35 0.35000565 0.455 0.43246045 0.3 0.3 0.3 0.195 0.195 0.195 -0.12999999 -0.13 -0.13 -0.12999998 0.24546711 0.245 0.245 0.245 0.24167057 0.14499967 0.145 0.145 0.145 0.14499998 -0.31 -0.31 -1.055 -1.055 -1.055 -1.055 -0.67499997 -0.675 -0.675 -0.67499633 -0.755 -0.755 -0.755 -0.75491226 -0.46 -0.46 -0.46 -0.76498586 -0.765 -0.765 -0.765 -1.05 -1.05 -1.0499999 -0.535 -0.535 0.115 
0.35 0.35 0.35 0.45499976 0.455 0.455 0.30000006 0.3 0.3 0.195 0.195 0.195 -0.13 -0.13 -0.13 -0.082019483 0.5 0.5 0.49999934 0.24644031 0.145 0.145 0.145 0.145 0.145 0.14465759 -0.31 -0.31 -0.31 -1.055 -1.055 -1.0549195 -0.63 -0.63 -0.63 -0.73 -0.73 -0.735 -0.735 -0.735 -0.34 -0.45996236 -0.45999836 -0.24 -0.24 -0.2598969 -0.7649991 -1.05 -1.05 -0.535 -0.535 -0.535 0.115 
0.35 0.35 0.35 0.455 0.455 0.455 0.455 0.3 0.3 0.195 0.195 -0.11700469 -0.13 -0.13 -0.13 0.5 0.5 0.5 0.5 0.5 0.145 0.145 0.145 0.145 0.145 -0.30999845 -0.31 -0.31 -0.31 -0.93 -0.93 -0.93 -0.63 -0.63 -0.63 -0.73 -0.73 -0.735 -0.735 -0.34 -0.34 -0.34 -0.24 -0.24 -0.24 -0.24 -0.21823096 0.025 0.025 0.025 -0.53499998 0.61 0.61 
0.35 0.35 0.35014622 0.455 0.455 0.455 0.455 0.52164082 0.525 0.52443343 0.19500001 -0.12995603 -0.13 -0.13 -0.12999782 0.5 0.5 0.5 0.5 0.5 1.1040098 0.145 0.145 0.145 0.14509989 -0.30994711 -0.31 -0.31 -0.31 -0.93 -0.93 -0.93 -0.9299569 -0.63 -0.73 -0.73 -0.73 -0.73000024 -0.73497306 -0.34 -0.34 -0.34 -0.24000607 -0.24 -0.24 -0.24 0.025002732 0.025 0.025 0.025 0.61 0.61 0.61 
1.095 1.0949987 0.45496737 0.455 0.455 0.455 0.5249851 0.525 0.525 0.525 0.395 0.395 0.395 0.395 0.4995153 0.5 0.5 0.5 0.5 1.1449996 1.145 1.145 0.62999992 0.63 0.63 0.63 0.54886591 -0.31 -0.95497358 -0.955 -0.955 -0.955 -0.955 -0.78 -0.78 -0.78 -0.78 -0.78 -0.2 -0.2 -0.2 -0.2 -0.2 0.29918599 0.3 0.3 0.3 0.025 0.025 0.025 0.60990784 0.61 0.61 
1.095 1.095 1.0929904 0.8549992 0.85499991 0.85467802 0.525 0.525 0.525 0.525 0.395 0.395 0.395 0.395 0.395 0.5 0.5 0.5 1.1449998 1.145 1.145 1.145 0.63 0.63 0.63 0.63 0.63 0.62979951 -0.95492663 -0.955 -0.955 -0.955 -0.95497053 -1.1116374 -0.7803434 -0.78 -0.78 -0.78000001 -0.2 -0.2 -0.2 -0.2 -0.2 0.3 0.3 0.3 0.3 0.17140463 0.025 0.56391947 0.57 0.32 0.32 
1.095 1.095 0.8550304 0.855 0.855 0.855 0.77118139 0.525 0.525 0.525 0.395 0.395 0.395 0.395 0.395 0.49992724 0.5 1.1448109 1.145 1.145 1.145 1.145 0.82078509 0.63 0.63 0.63 0.63 0.62901214 -0.765 -0.765 -0.765 -0.765 -0.765 -1.365 -1.365 -1.365 -1.365 -1.365 -1.085 -1.085 -1.085 -1.085 -1.085 0.29948725 0.29999989 0.3 0.2999644 0.29575567 0.57 0.57 0.57 0.3200014 0.32 
1.0949998 0.9969496 0.85500002 0.855 0.855 0.855 0.855 0.52514051 0.525 0.525 0.395 0.395 0.395 0.395 1.2603429 1.28 1.28 1.1450035 1.145 1.145 1.145 1.145 1.1449998 0.63 0.63 0.63 0.63 -0.46000025 -0.46000014 -0.52491141 -0.765 -0.765 -0.765 -1.365 -1.365 -1.365 -1.365 -1.3646173 -1.085 -1.085 -1.085 -1.085 -1.0849854 0.09 0.09 0.09 0.09 0.090038712 0.57 0.57 0.57 0.56999989 0.39389544 
0.995 0.995 0.97135007 0.855 0.855 0.855 0.855 0.855 0.52514203 1.07 1.07 1.07 1.0683981 1.2799987 1.28 1.28 1.28 1.28 1.1449942 1.0957652 0.665 0.665 0.665 0.65432326 0.59718509 0.4215987 0.27304977 -0.46 -0.46 -0.46 -0.46 -0.46 -0.46977159 -0.79500562 -0.8 -0.8 -0.8 -0.8 -1.0493077 -0.89500034 -0.895 -0.895 -0.895 0.010000235 0.089999979 0.09 0.09 0.49 0.56999872 0.57 0.57 0.395 0.395 
0.995 0.995 1.01 1.01 1.01 0.85505163 0.855 0.855 1.07 1.07 1.07 1.07 1.07 1.28 1.28 1.28 1.28 1.28 0.665 0.665 0.665 0.665 0.665 0.22000002 0.22 0.22 0.22 -0.46 -0.46 -0.46 -0.46 -0.46 -0.355 -0.355 -0.8 -0.8 -0.8 -0.67002214 -0.67 -0.895 -0.895 -0.895 -0.89499994 0.01 0.01 0.01 0.49 0.49 0.49 0.93 0.93 0.395 0.395 
0.995 0.995 1.01 1.01 1.01 1.01 1.0099973 0.52 1.0694822 1.07 1.07 1.07 1.07 1.2773804 1.28 1.28 1.28 1.28 0.66500001 0.665 0.665 0.665 0.665 0.22 0.22 0.22 0.22 0.21999723 -0.46 -0.46 -0.46 -0.35500551 -0.355 -0.355 -0.355 -0.8 -0.67 -0.67 -0.67 -0.67592017 -0.56201165 -0.5 -0.5 0.0099999999 0.01 0.01 0.49 0.49 0.49 0.93 0.93 0.93 0.48104305 
0.625 0.6250029 1.01 1.01 1.01 1.01 0.52 0.52 0.52 1.07 1.07 1.07 1.07 1.0700653 1.28 1.28 1.28 1.28 0.66501071 0.665 0.665 0.66499999 0.29838746 0.22 0.22 0.22 0.22 1.7976829e-07 -1.9238059e-19 -5.069092e-09 -0.45505904 -0.355 -0.355 -0.355 -0.35500003 -0.385 -0.67 -0.67 -0.67 -0.67 -0.5 -0.5 -0.5 -0.355 -0.355 -0.355 -0.6198919 0.49 0.49 0.92999999 0.93 0.93 0.49000074 
0.625 0.625 1.01 1.01 1.01 0.52 0.52 0.52 0.52 1.0096912 1.07 1.07 1.07 1.0700002 1.150015 1.15 1.15 1.15 0.16157402 0.33 0.33 0.33 0.33 0.22 0.22 0.22 0.21998549 1.1422672e-32 7.311829e-56 -2.6523747e-37 -2.0213711e-12 -0.35496676 -0.37187413 -0.385 -0.385 -0.385 -0.66899113 -0.40000562 -0.4 -0.4 -0.50003133 -0.54 -0.54 -0.355 -0.355 -0.35500112 -0.62 -0.62 -0.1 -0.1 -0.1 0.47 0.755 
0.625 0.625 0.73 0.73 0.73 0.52 0.52 0.52 0.52 0.415 0.415 0.415 0.415 0.46679717 1.15 1.15 1.15 1.15 0.155 0.33 0.33 0.33 0.33 0.005 0.0050000849 0.21999968 1.0867739e-16 1.4368428e-59 -6.3477227e-140 -3.6347845e-40 -0.040502019 -0.08 -0.34870918 -0.385 -0.385 -0.385 -0.4 -0.4 -0.4 -0.4 -0.54 -0.54 -0.54 0.019823413 0.02 -0.61712324 -0.62 -0.62 -0.09999751 -0.1 0.47 0.47 0.755 
0.625 0.73 0.73 0.73 0.73 0.73 0.52197954 0.775 0.775 0.415 0.415 0.415 0.415 0.41517407 1.15 1.15 1.15 1.1050427 0.155 0.155 0.33 0.33 0.005 0.005 0.005 0.005 7.8537201e-19 9.039813e-51 -3.2976859e-53 -1.7423641e-19 -0.08 -0.08 -0.08 -0.38469137 -0.385 -0.385 -0.4 -0.4 -0.4 -0.4 -0.54 -0.54 -0.54 0.02 0.02 0.020037112 0.675 0.675 0.485 0.485 0.47 0.47 0.755 
0.72901392 0.73 0.73 0.73 0.73 0.73 0.775 0.775 0.775 0.58231295 0.415 0.415 0.415 0.41502036 1.15 1.15 1.15 0.155 0.155 0.155 0.32999126 0.32999801 0.005 0.005 0.005 0.005 3.5540421e-07 -1.6189375e-30 -3.1525122e-21 -0.079981602 -0.08 -0.08 -0.08 -0.08 -0.38384656 -0.095 -0.095 -0.10027856 -0.4 -0.4 -0.53999988 -0.54 0.0037178838 0.02 0.02 0.67499976 0.675 0.675 0.485 0.485 1.305 1.305 1.335 
0.73 0.73 0.73 0.73 0.73 0.73 0.775 0.775 0.775 0.775 1.3049744 1.305 1.305 1.305 1.1499988 0.82949505 0.65 0.65 0.15591253 0.155 0.15500003 0.005000472 0.005 0.005 0.005 0.005 0.0049963647 -1.2181328e-15 -2.734273e-06 -0.08 -0.08 -0.08 -0.08 -0.08 -0.095 -0.095 -0.095 -0.095 -0.095 -0.095000549 0.14 0.14 0.14000032 1.09 1.09 1.09 1.435 1.435 1.23 1.23 1.305 1.3050001 1.335 
0.73 0.73 0.73 0.73 0.73 0.73 0.775 0.775 0.775 1.305 1.305 1.305 1.305 1.305 1.1323436 0.65 0.65 0.65 0.65 0.65 0.62636538 0.0050000018 0.005 0.005 0.0050000022 0.023055581 0.57909898 0.078975086 -0.079605482 -0.08 -0.08 -0.08 -0.08 -0.080000033 -0.095 -0.095 -0.095 -0.095 -0.095 0.014321454 0.14 0.14 0.14 1.09 1.09 1.09 1.435 1.435 1.23 1.23 1.645 1.3521009 1.335 
0.73 0.73 0.73 0.73 0.73 0.73000001 0.77499999 0.775 0.79699795 1.305 1.305 1.305 1.305 1.305 1.2735822 0.65 0.65 0.65 0.65 0.65 0.65 0.49231124 0.57999919 0.58 0.58 0.58 0.58 0.58 0.071903984 0.064998283 0.064999997 0.065 0.065 0.064999884 -0.095 -0.095 -0.095 -0.095 -0.095 0.13999997 0.14 0.14 0.14 0.14000042 1.0891904 0.585 1.4349999 1.23846 1.2300044 1.645 1.645 1.6409466 1.45 
0.73 0.73 0.73 0.73 0.73 0.73000287 0.77499757 0.77503207 1.3049993 1.305 1.305 1.305 1.305 1.305 1.2925367 0.65 0.65 0.65 0.65 0.65 0.65 0.58 0.58 0.58 0.58 0.58 0.58 0.58 0.065142164 0.065 0.065 0.065 0.065 0.065 0.021160016 -0.095 -0.095 -0.095 -0.095 0.14 0.14 0.14 0.14 0.140114 0.585 0.585 0.58907389 1.235 1.235 1.645 1.645 1.45 1.45 
0.73 0.73 0.73 0.73 0.73 0.73006001 0.7749615 1.245193 1.305 1.305 1.305 1.305 1.305 1.305 1.2935331 0.65 0.65 0.65 0.65 0.65 0.64003327 0.58 0.58 0.58 0.58 0.58 0.58 0.58 0.065002066 0.065 0.065 0.065 0.065 0.065 0.065 -0.072784827 -0.038261957 -0.01938306 -0.016498287 0.15574827 0.14000001 0.14 0.14 0.58496447 0.585 0.58505969 0.59500306 1.235 1.235 1.3348648 1.335 1.335 1.4499999 
0.73 0.73 0.73 0.73 0.73000005 0.73037552 0.82050699 1.3048543 1.305 1.305 1.305 1.305 1.305 1.305 1.2897047 0.65 0.65 0.65 0.65 0.65 0.5800003 0.58 0.58 0.58 0.58 0.58 0.58 0.58 0.065000141 0.065 0.065 0.065 0.065 0.065 0.064999984 -0.015 -0.015 -0.015 -0.014999998 0.385 0.385 0.385 0.385 0.59499997 0.595 0.595 0.595 0.59500149 0.715 0.715 1.335 1.335 0.8645032 
0.73 0.73 0.73 0.73 0.73000126 0.73146236 1.2685625 1.3049931 1.305 1.305 1.305 1.305 1.305 1.305 1.2827653 0.65000027 0.65 0.65 0.65 0.6495787 0.58 0.58 0.58 0.58 0.58 0.58 0.58 0.58 0.065000115 0.065 0.065 0.065 0.065 0.065 -0.014999927 -0.015 -0.015 -0.015 -0.015 0.385 0.385 0.385 0.385 0.4416781 0.595 0.595 0.595 0.71499866 0.715 0.715 0.655 0.655 0.655 
0.73 0.73 0.73 0.7300001 0.73001362 0.75943057 1.303019 1.3049983 1.305 1.305 1.305 1.305 1.305 1.305 1.2733649 0.6500154 0.65 0.65 0.64999992 0.58141831 0.58 0.58 0.58 0.58 0.58 0.58 0.58 0.58 0.065000482 0.065 0.065 0.065 0.065 0.079640785 -0.01499997 -0.015 -0.015 -0.015 -0.015 0.385 0.385 0.385 0.385 0.385 0.595 0.595 0.595 0.715 0.715 0.715 0.655 0.655 0.655 
0.73 0.73 0.73000004 0.73000131 0.73021818 1.0408252 1.3046526 1.3049989 1.305 1.305 1.305 1.305 1.305 1.3049988 1.2621887 0.65023921 0.65000001 0.65 0.64963758 0.58000595 0.58 0.58 0.58 0.58 0.58 0.58 0.58 0.5799997 0.065003227 0.065 0.065000014 0.083241756 0.085 0.085 0.085 -0.015 -0.015 -0.015 -0.015 0.385 0.385 0.385 0.385 0.385 0.59499628 0.595 0.59500006 0.71499999 0.715 0.71499997 0.655 0.655 0.655 
