interpolatedSpi/08-08|19_1.tif
NCOLS 53
NROWS 52
XLLCORNER -116.03883
YLLCORNER 28.596182
DX 0.49850594
DY 0.49788537
NODATA_VALUE -9999
0.05 0.05 -0.41143591 -0.25 0.15 -0.24 0.52 0.315 -0.12839363 -0.77 -0.715 -0.05 -0.45998394 -0.265 0.17 0.17 0.17 0.04 0.655 0.655 0.655 0.6550014 0.8 0.755 0.755 0.755 -0.15500147 -0.155 -0.155 -0.35 -0.35 -0.35 -0.35 -0.040000062 -0.04 -0.04 -0.04 -0.04 -0.04 -0.039999977 0.80588939 0.81500116 0.82 0.82 0.82 0.82 0.81742749 -0.755 -0.755 -0.755 1.4499954 1.45 1.45 
0.05002066 0.515 0.26000028 0.3353801 0.27512949 0.08 0.08 0.044880386 -0.185 -0.285 -0.23 -0.46 -0.46 0.043966314 -0.26499241 0.17 0.04 0.04 0.65419812 0.655 0.655 0.655 0.70683706 0.755 0.755 0.755 0.755 0.755 -0.35 -0.35 -0.35 -0.35 -0.35 -0.040000045 -0.04 -0.04 -0.04 -0.04 -0.039999974 0.16001821 1.2348883 0.87035628 0.82 0.82 0.82 0.82 0.82 -0.755 -0.755 -0.755 -0.57215929 1.45 1.45 
-0.31495885 -0.315 0.5 0.53 0.37 0.99 0.755 0.885 0.005 0.23 0.135 0.15 0.355 -0.055 0.045 -0.58 0.04 0.04 0.04 0.26011483 0.26 0.26 -0.16 0.755 0.755 0.755 0.755 0.755 0.755 -0.35 -0.35 -0.34999998 -0.15984697 -0.039227376 -0.036742248 0.30679279 0.31 0.31 0.42634062 1.235 1.235 1.2344693 0.82 0.82 0.82 0.82 0.82 -0.755 -0.755 -0.755 -0.755 1.45 1.45 
-0.03 -0.31500016 -1.1299472 0.315 -0.21 0.7 0.495 0.57 -0.18 -0.28754401 -0.14 -0.51 0.695 -0.055 0.055 -0.58 -0.21283085 -0.20982484 0.17 0.26 0.26 0.335 -0.16 -0.16 0.755 0.755 0.755 0.755 0.755 -0.2 -0.065573957 0.045 0.045 0.045000206 0.31 0.31 0.31 0.31 1.235 1.235 1.235 1.235 0.82 0.82 0.82 0.82 0.82 -0.75498013 -0.755 -0.755 -0.755 1.4499438 1.45 
-0.03 0.049997836 -1.13 -1.2198038 -0.21 -0.32 0.014968046 0.095 0.4 0.18499989 0.16363681 0.15503796 0.42 0.055 0.055 -0.36406417 -0.21 -0.21 0.17 0.17 0.26000013 0.335 0.395 0.27 0.47 0.4701439 0.755 0.755 -0.2 -0.2 0.045 0.045 0.045 0.02897111 0.31 0.31 0.31 1.235 1.235 1.235 1.235 1.2349213 0.81999999 0.82 0.82 0.82 0.82 0.80598055 -0.755 -0.75497825 -0.27 -0.27 -0.27 
-0.77 0.63 -0.20499995 -0.68 -0.285 0.3 -0.305 -0.25378854 -0.285 -0.525 -0.33 -0.37 -0.36999948 -0.33 -0.33 0.64501811 0.645 0.185 0.185 0.17000034 0.13 0.13 0.27 0.47 0.47 1.085 -0.52 -0.52 -0.33998653 -0.2 0.045 0.045 -0.04 -0.040076798 -0.77494727 -0.565 -0.565 0.67812891 1.235 1.235 0.42101648 0.42 0.42000133 0.0095635117 -0.0049088204 -0.0049997801 -0.0049999719 -0.0049996735 1.2457757 -0.27 -0.27 -0.27 -0.27 
1.0849865 0.63 1.0227178 0.27 0.66 -0.33 0.46 0.34 -0.08 -0.08 -0.33 -0.05 0.29499993 -0.33 0.71999685 0.72 0.645 0.545 0.56 0.56 0.28787374 0.465 0.465 1.315 1.085 1.085 -0.52 -0.52 -0.33996707 -0.3393938 -0.39807331 -0.04 -0.04 -0.775 -0.775 -0.15924317 -0.565 -0.565 -0.10001612 0.41999928 0.42 0.42 0.42000906 -0.0049926388 -0.005 -0.005 -0.005 -0.0049990567 1.575 -0.26963437 -0.27 -0.27 -0.27 
1.085 1.17 1.095 0.23 0.87496302 0.52 -0.615 0.125 0.175 -0.5 -0.5 0.035 0.295 0.295 0.71708411 0.041486057 -0.025 -0.235 -0.14499928 0.56 0.024857404 0.01 0.67 0.030000003 0.030004321 0.365 0.615 0.6149996 0.22302016 0.22499999 -0.4 0.00086738227 -0.515 -0.775 -0.73521293 0.18 0.18 -0.1 -0.1 0.42 0.42 0.42000001 1.3132027 1.3149999 -0.005 -0.005 -0.005 1.5749399 1.575 1.575 -0.27 -0.27 -0.27 
1.0167673 1.17 1.565 0.57 0.885 0.61 0.565 0.81 -0.19 0.15289817 -1.01 -0.70499999 -0.705 -0.46 -0.45999892 -0.90753343 -0.91 -0.91 -0.22126135 0.12000001 0.185 0.185 0.53 0.6148283 0.33124085 0.365 0.025 0.615 0.13778928 0.135 0.145 0.375 0.26922958 0.62 0.62 0.37 0.36 0.235 0.70978066 0.42245508 0.97 1.15 1.3148983 1.315 1.3075703 -0.005 1.4749999 1.575 1.575 1.575 1.575 -0.2164618 0.33 
0.16 0.16 0.875 0.82 0.255 -0.25 0.155 0.505 -0.19 0.2399716 -0.48 -0.17 -0.46 -0.46 -0.345 -0.35274923 -0.91 -0.90984794 -0.265 0.12 0.12 0.12837419 0.53 0.30500426 0.305 0.305 0.025 0.6 0.6 0.135 0.135 0.37460171 0.165 0.62 0.635 0.37 0.36 0.505 0.71 0.57718798 1.15 0.98102388 0.69 1.315 1.315 1.475 1.475 1.475 1.575 1.575 0.16 0.16 0.16000006 
0.16 0.16 0.58 0.105 -0.135 0.11 -0.185 0.17455338 0.075 -0.15 0.1 -0.305 -0.17018015 -0.345 -0.345 -0.34496424 -0.035 -0.047071479 -0.265 0.41 0.41 0.225 0.225 0.305 0.305 0.305 0.6 0.6 0.6 0.75 0.75 0.74999904 0.44 0.44 0.25 0.385 0.055 -0.64999979 1.075 0.575 0.575 0.45000079 0.69 1.315 1.2999999 1.185 1.2459906 1.245 1.435 1.435 0.16 0.16 0.16 
0.16 0.34123126 0.37730056 0.28999867 0.04 0.615 -0.185 0.175 0.075000835 -0.14750727 -0.3049998 -0.305 0.035 -0.345 -0.345 -0.03500001 -0.035 -0.03501309 -0.265 0.41 0.37366976 0.225 0.225 0.30499726 0.305 0.49565735 0.885 0.885 0.88499996 0.75 0.75 0.13 0.13 0.43999948 0.25 0.13499999 -0.054040565 -0.65 -0.65 0.575 0.45 0.45 0.45000619 1.3 1.3 1.185 1.245 1.245 1.435 1.435 0.16 0.16 0.16 
-0.055 0.18227965 0.15499875 0.15597453 0.040002712 0.61498642 -0.18499998 0.17056861 0.081891023 0.069124651 0.035 0.035 0.035 0.035 -0.34494617 -0.035 -0.035 -0.037969666 -0.265 0.4100883 0.73 0.73 0.73 0.73 0.3126787 0.885 0.885 0.885 0.885 0.88490466 0.13 0.13 0.13 0.13 0.135 0.135 0.135 -0.61212066 -0.64019875 0.655 0.655 0.45001103 -0.1399507 1.2998613 1.3 1.185 1.245 1.245 1.435 1.435 0.16462556 0.16 -0.03378732 
-0.055 0.155 0.155 0.155 0.155 0.15500019 -0.18295221 -0.014674344 0.10027559 0.035037518 0.035 0.035 0.035 0.035 0.035000223 -0.035000005 -0.035000036 -0.05077643 -0.26499357 0.73 0.73 0.73 0.73 0.73 0.73702604 0.86600254 0.82500001 0.825 0.825 0.825 0.13000001 0.13 0.13000075 0.755 0.755 0.135 1.0391383 1.065 0.65500024 0.655 0.655 0.655 -0.14 -0.14 -0.14 -0.13077921 -0.16577344 -0.175 -0.175 -0.175 -0.17499997 0.32499997 0.325 
-0.16 0.155 0.155 0.155 0.155 0.155 0.15499998 -0.043116372 0.34862342 0.35 0.35 0.35 0.35 0.35 0.35 0.65367263 -0.023991143 -0.066494478 0.72987497 0.73 0.73 0.73 0.73 0.73000083 1.055 1.055 1.0549997 0.825 0.825 0.82511013 0.88 0.88 0.755 0.755 0.755 1.0153412 1.065 1.065 1.065 0.655 0.655 0.655 -0.14 -0.14 -0.14 -0.14 -0.175 -0.175 -0.175 -0.175 -0.175 0.325 0.325 
-0.16 -0.042729079 0.155 0.155 0.155 0.155 0.10001079 0.1 0.10000001 0.35 0.35 0.35 0.35 0.35 0.41838817 0.66 0.66 0.66 1.4378369 1.4399993 1.44 1.44 1.44 1.44 1.055 1.055 1.055 1.055 0.825 0.88 0.88 0.88 0.75500001 0.755 0.755 0.72 1.0645432 1.065 1.065 0.6550114 0.6774378 0.72977584 -0.14 -0.14 -0.055262315 -0.055 -0.055 -0.17485986 -0.090297037 -0.090000007 -0.090000016 0.22501506 0.3249998 
-0.16 -0.22812002 -0.039827724 0.155 0.155 0.1000325 0.1 0.1 0.1 0.10180157 0.35 0.35 0.35 0.35000004 0.66 0.66 0.66 0.66 1.4393032 1.44 1.44 1.44 1.44 1.44 1.055 1.055 1.055 1.055 1.0543635 0.88 0.88 0.88 1.43 0.75501273 0.72 0.72 0.72 0.7245876 0.7512203 0.73 0.73 0.73 0.275 0.275 -0.055 -0.055 -0.055 -0.09 -0.09 -0.09 -0.09 0.225 0.225 
-0.22998226 -0.23 -0.23 -0.23 -0.305 0.099989553 0.1 0.1 0.1 0.1 0.30911748 0.34999296 0.34999998 0.66 0.66 0.66 0.66 0.66 0.75397461 1.44 1.44 1.44 1.44 1.44 1.2854429 1.3299985 1.33 1.33 1.33 0.88000003 1.43 1.43 1.43 1.43 0.72 0.72001093 1.135 1.135 0.73505703 0.73 0.73 0.73 0.275 0.275 -0.0039046374 -0.055 -0.055 -0.09 -0.09 -0.09 -0.086622381 0.225 0.225 
-0.23 -0.23 -0.23 -0.26531862 -0.305 -0.305 0.1 0.1 0.1 0.1 -0.19 -0.19 -0.19 0.66 0.66 0.66 0.66 0.65993059 1.18 1.18 1.4399999 1.44 1.4509556 1.89 1.8849586 1.33 1.33 1.33 1.33 1.4299898 1.43 1.43 1.43 1.43 1.1349985 1.135 1.135 1.135 1.1336219 0.73 0.73 0.73 0.275 0.275 0.275 -0.055 -0.055 -0.089999996 -0.09 -0.089999999 0.225 0.225 0.225 
-0.23 -0.23 -0.23 -0.305 -0.305 -0.305 -0.30499938 0.1 0.1 -0.18970064 -0.19 -0.19 -0.19 -0.18947042 0.32004259 0.24 0.24 0.24 1.18 1.18 1.18 1.89 1.89 1.89 1.8899748 1.5765264 1.33 1.33 1.33 1.9481792 2.0699371 2.07 2.07 2.07 1.470491 1.9399982 1.94 1.94 1.94 0.37004926 0.37 0.37 0.275 0.275 0.35999965 0.35999994 0.18 0.18 0.485 0.485 0.485 0.225 0.58967365 
-0.23000031 -0.23 -0.23 -0.305 -0.305 -0.305 -0.305 -0.40999985 0.097960821 -0.19029017 -0.19 -0.19 -0.19 -0.18915622 0.24 0.24 0.24 0.24000027 1.18 1.18 1.18 1.89 1.89 1.89 1.8 1.8 1.875 1.875 1.875 1.8760638 2.07 2.07 2.07 2.07 2.0050356 1.94 1.94 1.94 1.94 0.37 0.37 0.37 0.36968536 0.36 0.36 0.36 0.18 0.18 0.485 0.485 0.485 0.59 0.59 
-0.33 -0.26583877 0.31 0.30982158 -0.305 -0.40939247 -0.41 -0.41 -0.42639704 -0.51 -0.51 -0.51 -0.51 -0.724993 -0.725 0.23999926 0.24 0.26476762 1.18 1.18 1.18 1.635 1.635 1.635 1.8 1.8 1.875 1.875 1.875 1.8750001 2.0200003 2.0200001 2.0687433 2.0699464 1.3158655 1.315 1.315 1.315 1.315 0.37 0.37 0.37 0.36055042 0.36 0.36 0.35999988 0.18 0.18 0.18001098 0.485 0.48500358 0.565 0.59 
0.07992214 0.08000004 0.31 0.31 0.31 -0.41 -0.41 -0.41 -0.455 -0.455 -0.51 -0.51 -0.51 -0.725 -0.725 -0.725 -0.725 -0.72478493 1.18 1.18 1.18 1.635 1.635 1.635 1.8 1.8 1.875 1.875 1.875 2.0183651 2.02 2.02 2.02 2.02 1.3153479 1.315 1.315 1.315 1.315 0.050000083 0.05 0.05 0.05 0.35999486 -0.31 -0.31 -0.31 -0.21 -0.21 -0.21 0.565 0.565 0.565 
0.08 0.08 0.31 0.31 0.31 -0.40621555 -0.41 -0.455 -0.455 -0.455 -0.50999323 -0.51 -1.1882135 -0.72500014 -0.725 -0.725 -0.725 -1.31 -1.31 -1.31 0.13000003 0.13000112 1.6349927 1.635 1.6350167 1.585 1.585 1.5850007 1.8749531 1.7000638 1.7000017 1.7000559 2.0194531 2.0197238 1.4403561 1.3149996 1.3112299 0.19 0.19 0.05 0.05 0.05 0.05 -0.31 -0.31 -0.31 -0.31 -0.21 -0.21 -0.21 0.565 0.565 0.565 
0.08 0.08 0.31 0.31 0.31 0.31 -0.42684219 -0.455 -0.455 -0.455 -0.45548886 -1.34 -1.34 -1.34 -0.72862434 -0.725 -1.3061017 -1.31 -1.31 -1.31 0.13 0.13 0.13 0.13 1.585 1.585 1.585 1.585 1.585 1.7 1.7 1.7 1.7 1.7000009 2.15 0.19 0.19 0.19 0.19 0.1899992 -0.04 -0.04 -0.04 -0.092066948 -0.2 -0.2 -0.2 -0.21 -0.21000021 -0.425 -0.425 -0.36977254 -0.37 
0.08 0.08 0.22698615 0.31 0.31 0.30999998 -0.80937004 -0.45611876 -0.455 -0.455 -1.3399999 -1.34 -1.34 -1.34 -1.34 -1.289586 -1.31 -1.31 -1.31 -1.31 0.12998886 0.13 0.13 0.13 1.585 1.585 1.585 1.585 1.585 1.4228913 1.7 1.7 1.7 2.15 2.15 2.148478 0.19 0.19 0.39541416 0.55499997 -0.04 -0.04 -0.04 -0.090024352 -0.2 -0.2 -0.2 -0.58 -0.42693128 -0.425 -0.425 -0.37 -0.37 
-0.55 -0.55 -0.55 0.09437436 0.30854904 -0.81 -0.81 -0.81 -0.81 -1.025 -1.025 -1.34 -1.34 -1.34 -1.34 -1.3399981 -1.31 -1.31 -1.31 -1.31 -0.49836929 0.13 0.13 0.11704564 -0.27816871 1.585 1.585 1.585 1.325 1.325 1.325 1.3250016 2.15 2.15 2.15 2.15 0.555 0.555 0.555 0.555 -0.09 -0.09 -0.09 0.18999437 0.19 0.19 0.18999988 -0.58 -0.58 -0.42518886 -0.425 -0.37000176 -0.37 
-0.55 -0.55 -0.55 -0.55000673 -0.675 -0.69463122 -0.81 -0.81 -0.81 -1.025 -1.025 -1.025 -1.34 -1.34 -1.34 -1.34 -1.3101282 -1.31 -1.31 -1.31 -1.2881915 -0.36499864 -0.365 -0.365 -0.365 -0.36499996 0.52500001 0.525 1.325 1.325 1.325 1.325 2.1499993 2.15 2.15 2.1499243 0.55500001 0.555 0.555 0.55646959 -0.09 -0.09 -0.09 0.18998702 0.19 0.19 0.19 -0.58 -0.58 -0.58000002 -0.72 -0.72 -0.56 
-0.55 -0.55 -0.55 -0.67499971 -0.675 -0.675 -0.80999995 -0.81 -0.81 -1.025 -1.025 -1.025 -1.34 -1.34 -1.34 -1.3430464 -1.38 -1.38 -1.3799998 -1.3103954 -0.365 -0.365 -0.365 -0.365 -0.365 -0.36433023 0.525 0.525 0.525 1.325 1.325 1.3246202 1.22 1.22 1.22 1.18 1.18 0.89 0.89 0.89 1.08 -0.089633005 -0.089994925 0.59 0.59 0.57484045 0.18999975 -0.58 -0.58 -0.72 -0.72 -0.72 -0.56 
-0.55 -0.55 -0.55 -0.675 -0.675 -0.675 -0.675 -0.81 -0.81 -1.025 -1.025 -1.3274045 -1.34 -1.34 -1.34 -1.38 -1.38 -1.38 -1.38 -1.38 -0.365 -0.365 -0.365 -0.365 -0.365 0.52499696 0.525 0.525 0.525 0.735 0.735 0.735 1.22 1.22 1.22 1.18 1.18 0.89 0.89 1.08 1.08 1.08 0.59 0.59 0.59 0.59 0.58794632 0.565 0.565 0.565 -0.71999998 0.56 0.56 
-0.55 -0.55 -0.55017407 -0.675 -0.675 -0.675 -0.675 -0.83208194 -0.84 -0.84031762 -1.025 -1.3399946 -1.34 -1.34 -1.3400001 -1.38 -1.38 -1.38 -1.38 -1.38 -0.69592008 -0.365 -0.365 -0.365 -0.36502266 0.52494374 0.525 0.525 0.525 0.735 0.735 0.735 0.73506739 1.22 1.18 1.18 1.18 1.1799878 0.89001296 1.08 1.08 1.08 0.59002975 0.59 0.59 0.59 0.56500602 0.565 0.565 0.565 0.56 0.56 0.56 
-0.91 -0.90999937 -0.67494255 -0.675 -0.675 -0.675 -0.83996489 -0.84 -0.84 -0.84 -1.275 -1.275 -1.275 -1.275 -1.3795154 -1.38 -1.38 -1.38 -1.38 -0.7100004 -0.71 -0.71 -0.47499998 -0.475 -0.475 -0.475 -0.38868714 0.525 0.41500451 0.415 0.415 0.415 0.415 0.84 0.84 0.84 0.84 0.84 1.06 1.06 1.06 1.06 1.06 1.1641332 1.165 1.165 1.165 0.565 0.565 0.565 0.56000079 0.56 0.56 
-0.91 -0.91 -0.9146048 -1.4599984 -1.4599998 -1.4593951 -0.84 -0.84 -0.84 -0.84 -1.275 -1.275 -1.275 -1.275 -1.275 -1.38 -1.38 -1.38 -0.71000017 -0.71 -0.71 -0.71 -0.475 -0.475 -0.475 -0.475 -0.475 -0.47478752 0.41471424 0.415 0.415 0.415 0.4148852 0.40632026 0.83955094 0.84 0.84 0.83999999 1.06 1.06 1.06 1.06 1.06 1.165 1.165 1.165 1.165 0.88442828 0.565 1.06931 1.075 0.31 0.31 
-0.91 -0.91 -1.4599303 -1.46 -1.46 -1.46 -1.3025226 -0.84 -0.84 -0.84 -1.275 -1.275 -1.275 -1.275 -1.275 -1.3799208 -1.38 -0.71019644 -0.71 -0.71 -0.71 -0.71 -0.56205727 -0.475 -0.475 -0.475 -0.475 -0.4748937 -0.325 -0.325 -0.325 -0.325 -0.325 0.075 0.075 0.075 0.075 0.075 1.03 1.03 1.03 1.03 1.03 1.1643774 1.1649999 1.165 1.1649568 1.159786 1.075 1.075 1.075 0.31000428 0.31 
-0.91000048 -1.164931 -1.46 -1.46 -1.46 -1.46 -1.46 -0.84026399 -0.84 -0.84 -1.275 -1.275 -1.275 -1.275 -1.4412241 -1.445 -1.445 -0.71001892 -0.71 -0.71 -0.71 -0.71 -0.70999998 -0.475 -0.475 -0.475 -0.475 -0.14500018 -0.14500008 -0.18330837 -0.325 -0.325 -0.325 0.075 0.075 0.075 0.075 0.075006773 1.03 1.03 1.03 1.03 1.0300126 0.91 0.91 0.91 0.91 0.91001331 1.075 1.075 1.075 1.0750001 1.1622608 
-1.17 -1.17 -1.2910022 -1.46 -1.46 -1.46 -1.46 -1.46 -0.84026589 -1.47 -1.47 -1.47 -1.4695372 -1.4449998 -1.445 -1.445 -1.445 -1.445 -0.70999994 -0.70948714 -0.705 -0.705 -0.705 -0.64562062 -0.45899273 -0.37334083 -0.30099318 -0.145 -0.145 -0.145 -0.145 -0.145 -0.14886493 0.084943882 0.085 0.085 0.085 0.085 1.0609954 1.1949997 1.195 1.195 1.195 0.68000067 0.90999994 0.91 0.91 0.785 1.0749954 1.075 1.075 1.175 1.175 
-1.17 -1.17 -1.625 -1.625 -1.625 -1.460055 -1.46 -1.46 -1.47 -1.47 -1.47 -1.47 -1.47 -1.445 -1.445 -1.445 -1.445 -1.445 -0.705 -0.705 -0.705 -0.705 -0.705 -0.27500002 -0.275 -0.275 -0.275 -0.145 -0.145 -0.145 -0.145 -0.145 0.08 0.08 0.085 0.085 0.085 0.33995657 0.34 1.195 1.195 1.195 1.1949999 0.68 0.68 0.68 0.785 0.785 0.785 1.14 1.14 1.175 1.175 
-1.17 -1.17 -1.625 -1.625 -1.625 -1.625 -1.6249993 -1.49 -1.4700188 -1.47 -1.47 -1.47 -1.47 -1.4453119 -1.445 -1.445 -1.445 -1.445 -0.70500001 -0.705 -0.705 -0.705 -0.705 -0.275 -0.275 -0.275 -0.275 -0.2749995 -0.145 -0.145 -0.145 0.079988204 0.08 0.08 0.08 0.085 0.34 0.34 0.34 0.36249665 0.89573199 0.84 0.84 0.68 0.68 0.68 0.785 0.785 0.785 1.14 1.14 1.14 1.0436711 
-0.685 -0.68500381 -1.625 -1.625 -1.625 -1.625 -1.49 -1.49 -1.49 -1.47 -1.47 -1.47 -1.47 -1.4699922 -1.445 -1.445 -1.445 -1.445 -0.70501305 -0.705 -0.705 -0.705 -0.35075345 -0.275 -0.275 -0.275 -0.275 -0.57999975 -0.58 -0.58 -0.14966031 0.08 0.08 0.08 0.079999666 -0.26999999 0.34 0.34 0.34 0.34 0.84 0.84 0.84 0.585 0.585 0.585 0.62001607 0.785 0.785 1.14 1.14 1.14 1.0299997 
-0.685 -0.685 -1.625 -1.625 -1.625 -1.49 -1.49 -1.49 -1.49 -1.4721908 -1.47 -1.47 -1.47 -1.4699987 -1.0950403 -1.095 -1.095 -1.095 -0.83625606 -0.725 -0.725 -0.725 -0.725 -0.275 -0.275 -0.275 -0.27502012 -0.58 -0.58 -0.58 -0.58 0.079881006 -0.11686488 -0.27 -0.27 -0.27 0.33958732 0.23000229 0.23 0.23 0.83942037 0.10000002 0.1 0.585 0.585 0.58500015 0.62 0.62 0.975 0.975 0.975 0.545 0.935 
-0.685 -0.685 -1.535 -1.535 -1.535 -1.49 -1.49 -1.49 -1.49 -1.42 -1.42 -1.42 -1.42 -1.3970965 -1.095 -1.095 -1.095 -1.095 -0.84 -0.725 -0.725 -0.725 -0.725 -0.675 -0.67499984 -0.27500059 -0.58 -0.58 -0.58 -0.58 -0.68884918 -0.795 -0.3324678 -0.27 -0.27 -0.27 0.23 0.23 0.23 0.23 0.1 0.1 0.1 0.37991171 0.38 0.61892122 0.62 0.62 0.9749971 0.975 0.545 0.545 0.935 
-0.685 -1.535 -1.535 -1.535 -1.535 -1.535 -1.487904 -1.22 -1.22 -1.42 -1.42 -1.42 -1.42 -1.419923 -1.095 -1.095 -1.095 -1.0834783 -0.84 -0.84 -0.725 -0.725 -0.675 -0.675 -0.675 -0.675 -0.58 -0.58 -0.58 -0.58 -0.795 -0.795 -0.795 -0.27053126 -0.27 -0.27 0.23 0.23 0.23 0.23 0.1 0.1 0.1 0.38 0.38 0.37997507 -0.06 -0.06 0.38 0.38 0.545 0.545 0.935 
-1.5270174 -1.535 -1.535 -1.535 -1.535 -1.535 -1.22 -1.22 -1.22 -1.3270484 -1.42 -1.42 -1.42 -1.41999 -1.095 -1.095 -1.095 -0.84 -0.84 -0.84 -0.72500575 -0.72499969 -0.675 -0.675 -0.675 -0.675 -0.58000675 -0.58 -0.58 -0.79495056 -0.795 -0.795 -0.795 -0.795 -0.27145179 -0.4 -0.4 -0.38909676 0.23 0.23 0.10000011 0.1 0.37185894 0.38 0.38 -0.059999842 -0.06 -0.06 0.38 0.38 0.26 0.26 1.2 
-1.535 -1.535 -1.535 -1.535 -1.535 -1.535 -1.22 -1.22 -1.22 -1.22 -0.97501282 -0.975 -0.975 -0.975 -1.0949999 -1.1078202 -1.115 -1.115 -0.84050696 -0.84 -0.83999998 -0.67500007 -0.675 -0.675 -0.675 -0.675 -0.67493093 -0.58 -0.58000735 -0.795 -0.795 -0.795 -0.795 -0.795 -0.4 -0.4 -0.4 -0.4 -0.4 -0.39999793 -0.485 -0.485 -0.48500008 -0.715 -0.715 -0.715 -0.02 -0.02 0.33 0.33 0.26 0.26000205 1.2 
-1.535 -1.535 -1.535 -1.535 -1.535 -1.535 -1.22 -1.22 -1.22 -0.975 -0.975 -0.975 -0.975 -0.975 -1.0119037 -1.115 -1.115 -1.115 -1.115 -1.115 -1.1018697 -0.675 -0.675 -0.675 -0.675 -0.67264492 -0.60011752 -0.58272405 -0.79393973 -0.795 -0.795 -0.795 -0.795 -0.79499913 -0.4 -0.4 -0.4 -0.4 -0.4 -0.4395418 -0.485 -0.485 -0.485 -0.715 -0.715 -0.715 -0.02 -0.02 0.33 0.33 0.89499999 1.1831746 1.2 
-1.535 -1.535 -1.535 -1.535 -1.535 -1.5349999 -1.2200001 -1.22 -1.2098311 -0.975 -0.975 -0.975 -0.975 -0.975 -0.98171526 -1.115 -1.115 -1.115 -1.115 -1.115 -1.115 -0.61308416 -0.60000011 -0.6 -0.6 -0.6 -0.6 -0.6 -0.54108343 -0.54000302 -0.54000001 -0.54 -0.54 -0.5399999 -0.4 -0.4 -0.4 -0.4 -0.4 -0.48499999 -0.485 -0.485 -0.485 -0.4850001 -0.71431863 -0.29 -0.020000028 0.93321909 0.33054325 0.895 0.895 0.8912584 0.715 
-1.535 -1.535 -1.535 -1.535 -1.535 -1.5349799 -1.220017 -1.2199852 -0.97500031 -0.975 -0.975 -0.975 -0.975 -0.975 -0.9776639 -1.115 -1.115 -1.115 -1.115 -1.115 -1.115 -0.6 -0.6 -0.6 -0.6 -0.6 -0.6 -0.6 -0.54001656 -0.54 -0.54 -0.54 -0.54 -0.54 -0.50164001 -0.4 -0.4 -0.4 -0.4 -0.485 -0.485 -0.485 -0.485 -0.48495005 -0.29 -0.29 -0.28222828 0.95 0.95 0.895 0.895 0.715 0.715 
-1.535 -1.535 -1.535 -1.535 -1.535 -1.5345799 -1.220367 -1.0026466 -0.975 -0.975 -0.975 -0.975 -0.975 -0.975 -0.97745094 -1.115 -1.115 -1.115 -1.115 -1.115 -1.0416734 -0.6 -0.6 -0.6 -0.6 -0.6 -0.6 -0.6 -0.54000024 -0.54 -0.54 -0.54 -0.54 -0.54 -0.54 -0.56519681 -0.82198919 -0.96240099 -0.98375058 -0.47182287 -0.485 -0.485 -0.485 -0.29001557 -0.29 -0.28292651 0.89500026 0.95 0.95 0.55009269 0.55 0.55 0.71499993 
-1.535 -1.535 -1.535 -1.535 -1.5349997 -1.5323729 -1.2010249 -0.97506737 -0.975 -0.975 -0.975 -0.975 -0.975 -0.975 -0.97826922 -1.115 -1.115 -1.115 -1.115 -1.115 -0.60000222 -0.6 -0.6 -0.6 -0.6 -0.6 -0.6 -0.6 -0.54000002 -0.54 -0.54 -0.54 -0.54 -0.54 -0.54000009 -0.995 -0.995 -0.995 -0.995 -0.28 -0.28 -0.28 -0.28 0.89499657 0.895 0.895 0.895 0.89500089 0.975 0.975 0.55 0.55 0.90165846 
-1.535 -1.535 -1.535 -1.535 -1.5349912 -1.526337 -0.99235033 -0.9750032 -0.975 -0.975 -0.975 -0.975 -0.975 -0.975 -0.97975246 -1.1149999 -1.115 -1.115 -1.115 -1.1119004 -0.6 -0.6 -0.6 -0.6 -0.6 -0.6 -0.6 -0.6 -0.54000001 -0.54 -0.54 -0.54 -0.54 -0.54 -0.99499958 -0.995 -0.995 -0.995 -0.995 -0.28 -0.28 -0.28 -0.28 0.037127448 0.895 0.895 0.895 0.97499911 0.975 0.975 1.06 1.06 1.06 
-1.535 -1.535 -1.535 -1.5349993 -1.5349132 -1.4914724 -0.9759758 -0.9750008 -0.975 -0.975 -0.975 -0.975 -0.975 -0.97500001 -0.98176169 -1.1149967 -1.115 -1.115 -1.1149994 -0.61043472 -0.6 -0.6 -0.6 -0.6 -0.6 -0.6 -0.6 -0.6 -0.54000006 -0.54 -0.54 -0.54 -0.54 -0.65712687 -0.99499991 -0.995 -0.995 -0.995 -0.995 -0.28 -0.28 -0.28 -0.28 -0.28 0.895 0.895 0.895 0.975 0.975 0.975 1.06 1.06 1.06 
-1.535 -1.535 -1.5349997 -1.5349915 -1.5344164 -1.220133 -0.97517848 -0.97500049 -0.975 -0.975 -0.975 -0.975 -0.975 -0.97500026 -0.98415051 -1.1149489 -1.115 -1.115 -1.1123336 -0.60004379 -0.6 -0.6 -0.6 -0.6 -0.6 -0.6 -0.6 -0.59999997 -0.54000038 -0.54 -0.54000011 -0.68593405 -0.7 -0.7 -0.7 -0.995 -0.995 -0.995 -0.995 -0.28 -0.28 -0.28 -0.28 -0.28 0.89497917 0.895 0.89500004 0.97499999 0.975 0.97500005 1.06 1.06 1.06 
