interpolatedSpi/08-07|19_2.tif
NCOLS 53
NROWS 52
XLLCORNER -116.03883
YLLCORNER 28.596182
DX 0.49850594
DY 0.49788537
NODATA_VALUE -9999
1.71 1.71 1.5443248 0.99 1.54 1.87 2.16 2.47 1.5813038 0.55 0.65 1.9 1.069972 0.73 1.68 1.68 1.68 0.62 1 1 1 0.99999403 0.38000001 1.18 1.18 1.18 0.45000432 0.45 0.45 0.33 0.33 0.33 0.33 -1.4899996 -1.49 -1.49 -1.49 -1.49 -1.49 -1.49 -0.2434267 -0.2302725 -1.3 -1.3 -1.3 -1.3 -1.3005063 -1.61 -1.61 -1.61 1.2499941 1.25 1.25 
1.7099956 1.61 2.22 1.9601792 1.4803802 1.67 2.02 1.2507464 1.94 1.95 1.77 1.07 1.07 1.3180327 0.73001552 1.68 0.62 0.62 0.99950453 1 1 1 1.1510496 1.18 1.18 1.18 -0.14999991 -0.15 0.33 0.33 0.33 0.33 0.33 -1.4899997 -1.49 -1.49 -1.49 -1.49 -1.4899999 -1.2970208 -0.3100731 -1.1798716 -1.3 -1.3 -1.3 -1.3 -1.3 -1.61 -1.61 -1.61 -1.3728461 1.25 1.25 
1.489998 1.49 2.22 1.91 1.61 1.65 1.85 2.51 1.03 0.99 1.19 1.53 1.99 1 1.32 0.44 0.62 0.62 0.62 0.34019186 0.34 0.34 0.63 1.18 1.18 1.18 -0.15 -0.15 -0.15 0.33 0.33 0.32999999 0.20483598 -1.487048 -1.4824606 -0.68742241 -0.68 -0.68 -0.63346375 -0.31 -0.31 -0.31126596 -1.3 -1.3 -1.3 -1.3 -1.3 -1.61 -1.61 -1.61 -1.61 1.25 1.25 
0.9 1.4899997 -0.080061275 1.29 0.67 1.77 1.57 1.57 0.68 0.54284378 0.6 0.6 1.59 1 1.41 0.44 0.82701613 0.82985286 0.82 0.34 0.34 1.49 0.63 0.63 1.18 1.1799934 -0.15 -0.15 -0.15 -1.3 -0.54831151 0.07 0.07 0.069999411 -0.68 -0.68 -0.68 -0.68 -0.31 -0.31 -0.31 -0.31000004 -1.3 -1.3 -1.3 -1.3 -1.3 -1.6099961 -1.61 -1.61 -1.61 1.24992 1.25 
0.9 1.2799975 -0.08 -0.031173497 0.67 1.33 1.3000198 1.35 1.03 0.60999966 0.42446103 0.34 0.34 1.41 1.41 0.76710216 0.83 0.83 0.82 0.82 0.34000219 1.49 1.3 1.14 1.73 1.7299411 -0.15 -0.15 -1.3 -1.3 0.07 0.07 0.07 0.036056469 -0.68 -0.68 -0.68 -0.31 -0.31 -0.31 -0.31 -0.31002992 -1.3 -1.3 -1.3 -1.3 -1.3 -1.3027594 -1.61 -1.6099816 -1.2 -1.2 -1.2 
-0.33 1.23 0.14000006 0.05 1.22 1.45 -0.11 0.076921814 -0.1 -0.66 0.06 0.16 0.16000012 -0.38 -0.38 0.63999276 0.64 0.63 0.63 0.82000011 0.48 0.48 1.14 1.73 1.73 1.48 -0.06 -0.06 0.33985092 -1.3 0.07 0.07 -0.11 -0.11016196 -1.6598888 -1.1 -1.1 -0.55440453 -0.31 -0.31 -0.61961336 -0.62 -0.61999935 -0.28818232 -0.27011384 -0.27000027 -0.27000004 -0.27000038 0.38058669 -1.2 -1.2 -1.2 -1.2 
1.1899969 1.06 1.6379746 0.82 1.28 0.19 0.62 0.27 -0.52 -0.52 0.06 0.11 0.30999985 -0.38 0.60999703 0.61 0.64 0.9 0.95 0.95 0.42344821 0.36 0.36 1.41 1.48 1.48 -0.06 -0.06 0.33999301 0.33987125 -0.33827065 -0.11 -0.11 -1.66 -1.66 -0.66428797 -1.1 -1.1 -0.66001525 -0.62000006 -0.62 -0.62 -0.61999428 -0.26999615 -0.27 -0.27 -0.27 -0.26999941 0.72 -1.1996195 -1.2 -1.2 -1.2 
1.19 1.63 1.8 -0.51 0.1999593 -0.67 -1.17 -0.28000002 -0.57 -0.22 -0.22 -0.29 0.31 0.31 0.60794172 1.0016255 1.04 0.12 0.50000046 0.95 0.47575503 0.48 0.15 -0.89 -0.88999381 -0.41 0.86 0.85999968 0.2204205 0.21999999 -0.34 -0.41171047 -1.42 -1.66 -1.6026724 -0.3 -0.3 -0.66 -0.66 -0.62 -0.62 -0.61999999 0.41809974 0.41999996 -0.27 -0.27 -0.27 0.71996232 0.72 0.72 -1.2 -1.2 -1.2 
1.5480736 1.63 1.8 0.31 -0.27 -0.43 0.07 -0.14 -0.96 -0.96797438 -0.94 -0.4 -0.4 -0.07 -0.069998401 0.52144928 0.52 0.52 0.1780076 0.96999989 0.43 0.43 0.79 0.40221347 -0.45837133 -0.41 0.17 0.86 0.034823131 0.03 -0.13 0.03 -0.16139346 -0.54 0.35 0.38 -0.19 -0.95 -0.1003925 -0.61883942 -0.36 0.26 0.41989582 0.42 0.41611631 -0.27 0.68999995 0.72 0.72 0.72 0.72 -1.0505911 0.9 
1.09 1.09 1.73 1.14 -0.35 -0.83 -0.86 -0.47 -0.34 -0.97008398 -1.26 -0.52 -0.07 -0.07 0.1 0.10576049 0.52 0.51979534 -0.47 0.97 0.97 0.90042993 0.79 0.34000852 0.34 0.34 0.17 0.29 0.29 0.03 0.03 0.029279286 -0.35 -0.54 0.4 0.38 -0.19 -0.63 -0.1 0.38205866 0.25999997 0.083677092 -0.22 0.42 0.42 0.69 0.69 0.69 0.72 0.72 2.5698791e-13 6.8224423e-33 3.373549e-07 
1.09 1.09 0.71 0.07 -1.62 -1.03 -1.4 -1.3096676 -0.81 -1.71 -0.36 -1.61 -0.52145044 0.1 0.1 0.10003922 0.44 0.39223893 -0.47 0.69 0.69 2.56 2.56 0.34 0.34 0.34 0.29 0.29 0.29 0.56 0.56 0.5599985 0.66 0.66 -0.09 -0.2 -0.16 -1.0099985 0.87 0.39 0.39 0.48999767 -0.22 0.42 0.11999974 -0.3 -0.58448734 -0.59 0.75 0.75 9.2041386e-31 1.8619478e-73 -1.8654137e-26 
1.09 0.92569805 0.43688917 -0.57998343 -0.94 -0.43 -1.4 -1.31 -0.81000418 -1.7000291 -1.6100001 -1.61 -0.1 0.1 0.1 0.43999999 0.44 0.43994821 -0.47 0.69 1.05723 2.56 2.56 0.3400878 0.34 0.35643598 0.39 0.39 0.38999999 0.56 0.56 0.32 0.32 0.65999794 -0.09 -0.070000056 -0.26743702 -1.01 -1.01 0.39 0.49 0.49 0.48999721 0.12 0.12 -0.3 -0.59 -0.59 0.75 0.75 3.7651904e-21 2.5218887e-64 -1.128115e-11 
-0.72 -0.59703577 -0.69997078 -0.69913343 -0.93999781 -0.43001204 -1.4 -1.3111078 -0.84445511 -0.8335014 -0.1 -0.1 -0.1 -0.1 0.099971669 0.44 0.44 0.42825045 -0.47 0.69005639 0.91 0.91 0.91 0.91 0.34968269 0.39 0.39 0.39 0.39 0.38992491 0.32 0.32 0.32 0.32 -0.07 -0.07 -0.07 -0.96446623 -1.0023392 0.01 0.01 0.48997418 -0.47997946 0.11994221 0.12 -0.3 -0.59 -0.59 0.74999999 0.75 0.0027209192 -1.7985921e-20 -0.36996631 
-0.72 -0.7 -0.7 -0.7 -0.7 -0.69999989 -1.397517 -1.3573504 -0.9363783 -0.10078713 -0.1 -0.1 -0.1 -0.1 -0.099999997 0.43999999 0.43999986 0.37758021 -0.46998285 0.91 0.91 0.91 0.91 0.91 0.89962178 0.023950638 -0.23999987 -0.24 -0.24 -0.24 0.32 0.32 0.32000014 0.44 0.44 -0.07 0.59109037 0.61 0.010000347 0.01 0.01 0.01 -0.48 -0.48 -0.48 -0.47874736 -0.71909394 -0.72 -0.72 -0.72 -0.71999997 -0.35999993 -0.36 
-0.56 -0.7 -0.7 -0.7 -0.7 -0.7 -0.70000004 -1.0494058 -0.10477666 -0.1 -0.1 -0.1 -0.1 -0.1 -0.1 0.87980418 0.44721905 0.31539075 0.9098268 0.91 0.91 0.91 0.91 0.91000066 0.43 0.43 0.42999906 -0.24 -0.24 -0.239179 0.17 0.17 0.44 0.44 0.44 0.58276786 0.61 0.61 0.61 0.01 0.01 0.01 -0.48 -0.48 -0.48 -0.48 -0.71999999 -0.72 -0.72 -0.72 -0.72 -0.36 -0.36 
-0.56 -0.61212041 -0.7 -0.7 -0.7 -0.7 -0.23009224 -0.23 -0.23 -0.1 -0.1 -0.1 -0.1 -0.1 0.120607 0.9 0.9 0.9 1.4782635 1.4799994 1.48 1.48 1.48 1.48 0.43 0.43 0.43 0.43 -0.24 0.17 0.17 0.17 0.43999998 0.44 0.44 0.63 0.61002648 0.61 0.61 0.010046678 0.10274292 0.31907348 -0.48 -0.48 -0.1510184 -0.15 -0.15 -0.71893016 -0.072271456 -0.070000057 -0.070000123 0.31989698 -0.35999862 
-0.56 -0.96872003 -0.84169289 -0.7 -0.7 -0.2302777 -0.23 -0.23 -0.23 -0.22906318 -0.1 -0.1 -0.1 -0.099999879 0.9 0.9 0.9 0.9 1.4794819 1.48 1.48 1.48 1.48 1.48 0.43000002 0.43 0.43 0.43 0.4290543 0.17 0.17 0.17 1.38 0.44004202 0.63 0.63 0.63 0.63439554 0.33838124 0.32 0.32 0.32 0.1 0.1 -0.15 -0.15 -0.15 -0.070000001 -0.07 -0.07 -0.07 0.32 0.32 
-0.97979425 -0.98 -0.98 -0.97999999 -0.46 -0.23000593 -0.23 -0.23 -0.23 -0.23 -0.1022713 -0.10000039 -0.1 0.9 0.9 0.9 0.9 0.9 0.93347448 1.48 1.48 1.48 1.48 1.48 1.1503139 1.4199946 1.42 1.42 1.42 0.17000006 1.38 1.38 1.38 1.38 0.63 0.63001053 1.03 1.03 0.32886541 0.32 0.32 0.32 0.1 0.1 -0.11129139 -0.15 -0.15 -0.07 -0.07 -0.07 -0.065818186 0.32 0.32 
-0.98 -0.98 -0.98 -0.73512424 -0.46 -0.46 -0.23 -0.23 -0.23 -0.23 -0.13 -0.13 -0.13 0.9 0.9 0.9 0.9 0.89988102 0.71 0.71 1.4799997 1.48 1.4753743 1.29 1.2911703 1.42 1.42 1.42 1.42 1.3800041 1.38 1.38 1.38 1.38 1.0299986 1.03 1.03 1.03 1.0275155 0.32 0.32 0.32 0.1 0.1 0.1 -0.15 -0.15 -0.069999982 -0.07 -0.069999998 0.32 0.32 0.32 
-0.98 -0.98 -0.98 -0.46 -0.46 -0.46 -0.45999965 -0.23 -0.23 -0.13010323 -0.13 -0.13 -0.13 -0.12935827 0.31721586 0.18 0.18 0.18 0.71 0.71 0.71 1.29 1.29 1.29 1.2899272 1.2154355 1.42 1.42 1.42 1.096275 1.0300344 1.03 1.03 1.03 1.1213504 1.2499995 1.25 1.25 1.25 0.58996306 0.59 0.59 0.1 0.1 0.37999883 0.38000031 1.25 1.25 0.88 0.88 0.88 0.32 1.1392668 
-0.98000056 -0.98 -0.97999998 -0.46 -0.46 -0.46 -0.46 -0.80999983 -0.23231907 -0.1302539 -0.13 -0.13 -0.13 -0.12939169 0.18 0.18 0.18 0.18000015 0.71 0.71 0.71 1.29 1.29 1.29 1.03 1.03 1.06 1.06 1.06 1.0598363 1.03 1.03 1.03 1.03 1.1399395 1.25 1.25 1.25 1.25 0.59 0.59 0.59 0.5833926 0.38 0.38 0.38 1.25 1.25 0.88 0.88 0.88 1.14 1.14 
-1.16 -1.0574918 -0.48 -0.4799942 -0.46 -0.80797491 -0.81 -0.81 -0.69704263 -0.41 -0.41 -0.41 -0.41 -0.39000065 -0.39 0.17999956 0.18 0.19396472 0.71 0.71 0.71 0.72 0.72 0.72 1.03 1.03 1.06 1.06 1.06 1.0599999 0.88000095 0.88000042 1.02623 1.0298392 0.61048311 0.61 0.61 0.61 0.61 0.59 0.59 0.59 0.39156296 0.38 0.38 0.37999983 1.25 1.25 1.2499867 0.88 0.88 0.88 1.14 
-0.65009685 -0.64999997 -0.48 -0.48 -0.48 -0.81 -0.81 -0.81 -0.5 -0.5 -0.41 -0.41 -0.41 -0.39 -0.39 -0.39 -0.39 -0.38987576 0.71 0.71 0.71 0.72 0.72 0.72 1.03 1.03 1.06 1.06 1.06 0.88202951 0.88 0.88 0.88 0.88 0.61013323 0.61 0.61 0.61 0.61 0.15000011 0.15 0.15 0.15 0.37999279 -0.56 -0.56 -0.56 0.19 0.19 0.19 0.88 0.88 0.88 
-0.65 -0.65 -0.48 -0.48 -0.48 -0.80826546 -0.81 -0.5 -0.5 -0.5 -0.41001108 -0.41 -0.96564481 -0.39000016 -0.39 -0.39 -0.39 -0.15 -0.15 -0.15 0.15000001 0.15000042 0.71999722 0.72 0.71994476 0.48 0.48 0.48000138 1.0599063 0.43008968 0.4300024 0.43007856 0.8792309 0.87961165 0.6577973 0.60999962 0.60674931 -0.36 -0.36 0.15 0.15 0.15 0.15 -0.56 -0.56 -0.56 -0.56 0.19 0.19 0.19 0.88 0.88 0.88 
-0.65 -0.65 -0.48 -0.48 -0.48 -0.48 -0.69397606 -0.5 -0.5 -0.5 -0.50032591 -1.09 -1.09 -1.09 -0.39412526 -0.39 -0.1515993 -0.15 -0.15 -0.15 0.15 0.15 0.15 0.15 0.48 0.48 0.48 0.48 0.48 0.43 0.43 0.43 0.43 0.43000168 1.23 -0.36 -0.36 -0.36 -0.36 -0.36000066 -0.65 -0.65 -0.65 -0.54586896 -0.33 -0.33 -0.33 0.18999999 0.18999904 -0.8 -0.8 -0.49966428 -0.5 
-0.65 -0.65 -0.54135806 -0.48 -0.48 -0.48000001 -0.76952088 -0.50085089 -0.5 -0.5 -1.0899999 -1.09 -1.09 -1.09 -1.09 -1.0324834 -0.15 -0.15 -0.15 -0.15 0.14999768 0.15 0.15 0.15 0.48 0.48 0.48 0.48 0.48 0.84381559 0.43 0.43 0.43 1.23 1.23 1.2287653 -0.36 -0.36 -0.01107732 0.25999994 -0.65 -0.65 -0.65 -0.54733569 -0.33 -0.33 -0.33 -0.56 -0.79700962 -0.8 -0.8 -0.5 -0.5 
-0.87 -0.87 -0.87 -0.57778372 -0.47955779 -0.77 -0.77 -0.77 -0.77 -0.81 -0.81 -1.09 -1.09 -1.09 -1.09 -1.0899404 -0.15 -0.15 -0.15 -0.15 0.019089732 0.15 0.15 0.1497383 0.15513981 0.48 0.48 0.48 0.99 0.99 0.99 0.98999765 1.23 1.23 1.23 1.23 0.26 0.26 0.26 0.26 -0.84 -0.84 -0.84 -0.37000945 -0.37 -0.37 -0.36999999 -0.56 -0.56 -0.79970757 -0.8 -0.49999955 -0.5 
-0.87 -0.87 -0.87 -0.8699623 -0.17 -0.25724986 -0.77 -0.77 -0.77 -0.81 -0.81 -0.81 -1.03 -1.03 -1.03 -1.03 -0.15021982 -0.15 -0.15 -0.15 -0.14545148 0.14000003 0.14 0.14 0.14 0.14 -0.12 -0.12 0.99 0.99 0.99 0.99 1.2300002 1.23 1.23 1.2300195 0.26000001 0.26 0.26 0.26105284 -0.84 -0.84 -0.84 -0.3700218 -0.37 -0.37 -0.37 -0.56 -0.56 -0.55999998 -0.41 -0.41 -0.53 
-0.87 -0.87 -0.87 -0.17000161 -0.17 -0.17 -0.76999977 -0.77 -0.77 -0.81 -0.81 -0.81 -1.03 -1.03 -1.03 -0.97211874 -0.27 -0.27 -0.26999969 -0.15067779 0.14 0.14 0.14 0.14 0.14 0.13980434 -0.12 -0.12 -0.12 0.99 0.99 0.98916324 1.47 1.47 1.47 0.010000006 0.010000003 0.5 0.5 0.5 0.03 -0.83972711 -0.83999239 0.18 0.18 0.15915563 -0.36999887 -0.56 -0.56 -0.41 -0.41 -0.41 -0.53 
-0.87 -0.87 -0.87 -0.17 -0.17 -0.17 -0.17 -0.77 -0.77 -0.81 -0.81 -1.0212032 -1.03 -1.03 -1.03 -0.27 -0.27 -0.27 -0.27 -0.27 0.14 0.14 0.14 0.14 0.14 -0.11999911 -0.12 -0.12 -0.12 -0.31 -0.31 -0.31 1.47 1.47 1.47 0.01 0.01 0.5 0.5 0.03 0.03 0.03 0.18 0.18 0.18 0.18 0.21532335 0.61 0.61 0.61 -0.40999999 0.14 0.14 
-0.87 -0.87 -0.86902522 -0.17 -0.17 -0.17 -0.17 -0.331842 -0.34 -0.34080693 -0.81 -1.0299899 -1.03 -1.03 -1.0299974 -0.27 -0.27 -0.27 -0.27 -0.27 -0.67516581 0.14 0.14 0.14 0.13996705 -0.11999437 -0.12 -0.12 -0.12 -0.31 -0.31 -0.31 -0.30974642 1.47 0.0099999998 0.01 0.01 0.010019908 0.49996795 0.03 0.03 0.03 0.17999089 0.18 0.18 0.18 0.60999836 0.61 0.61 0.61 0.14 0.14 0.14 
-0.73 -0.73000024 -0.17038792 -0.17 -0.17 -0.17 -0.33996383 -0.34 -0.34 -0.34 -0.90999999 -0.91 -0.91 -0.91 -0.27295387 -0.27 -0.27 -0.27 -0.27 -0.70999974 -0.71 -0.71 -0.019999973 -0.02 -0.02 -0.02 -0.028631286 -0.12 -0.71997543 -0.72 -0.72 -0.72 -0.72 -0.34 -0.34 -0.34 -0.34 -0.34 0.09 0.09 0.09 0.09 0.09 0.44959299 0.45 0.45 0.45 0.61 0.61 0.61 0.14007405 0.14 0.14 
-0.73 -0.73 -0.73435353 -1.2499978 -1.2499998 -1.2491121 -0.34 -0.34 -0.34 -0.34 -0.91 -0.91 -0.91 -0.91 -0.91 -0.27 -0.27 -0.27 -0.70999989 -0.71 -0.71 -0.71 -0.020000002 -0.02 -0.02 -0.02 -0.02 -0.020021859 -0.71992277 -0.72 -0.72 -0.72 -0.71996897 -0.3740141 -0.34003522 -0.34 -0.34 -0.34 0.09 0.09 0.09 0.09 0.090000001 0.45 0.45 0.45 0.45 0.52481913 0.61 1.1340868 1.14 0.86 0.86 
-0.73 -0.73 -1.2499341 -1.25 -1.25 -1.25 -1.0188638 -0.34 -0.34 -0.34 -0.91 -0.91 -0.91 -0.91 -0.91 -0.2704969 -0.27 -0.70987099 -0.71 -0.71 -0.71 -0.71 -0.27561497 -0.02 -0.02 -0.02 -0.02 -0.020354026 -0.52 -0.52 -0.52 -0.52 -0.52 -0.4 -0.4 -0.4 -0.4 -0.4 0.36 0.36 0.36 0.36 0.36 0.45112317 0.45000024 0.45 0.45007797 0.45948166 1.14 1.14 1.14 0.86000157 0.86 
-0.73000164 -1.6026486 -1.2500001 -1.25 -1.25 -1.25 -1.25 -0.34038747 -0.34 -0.34 -0.91 -0.91 -0.91 -0.91 -1.3891164 -1.4 -1.4 -0.71001776 -0.71 -0.71 -0.71 -0.71 -0.70999993 -0.02 -0.02 -0.02 -0.02 -0.29000021 -0.29000011 -0.33894959 -0.52 -0.52 -0.52 -0.4 -0.4 -0.4 -0.4 -0.40006096 0.36 0.36 0.36 0.36 0.36003678 0.91 0.91 0.91 0.91 0.91001855 1.14 1.14 1.14 1.1400004 1.7763035 
-1.62 -1.62 -1.6005139 -1.25 -1.25 -1.25 -1.25 -1.25 -0.3403908 -1.49 -1.49 -1.49 -1.4886235 -1.3999993 -1.4 -1.4 -1.4 -1.4 -0.70999892 -0.70076848 -0.62 -0.62 -0.62 -0.46869262 -0.044811276 -0.17757171 -0.28957259 -0.29 -0.29 -0.29 -0.29 -0.29 -0.29654257 -0.4860718 -0.49 -0.49 -0.49 -0.49 0.45016919 0.83999914 0.84 0.84 0.84 0.71000059 0.90999995 0.91 0.91 1.05 1.1399986 1.14 1.14 1.79 1.79 
-1.62 -1.62 -1.95 -1.95 -1.95 -1.2502332 -1.25 -1.25 -1.49 -1.49 -1.49 -1.49 -1.49 -1.4 -1.4 -1.4 -1.4 -1.4 -0.62 -0.62 -0.62 -0.62 -0.62 -0.33000002 -0.33 -0.33 -0.33 -0.29 -0.29 -0.29 -0.29 -0.29 -0.14 -0.14 -0.49 -0.49 -0.49 -0.36002214 -0.36 0.84 0.84 0.84 0.83999993 0.71 0.71 0.71 1.05 1.05 1.05 1.17 1.17 1.79 1.79 
-1.62 -1.62 -1.95 -1.95 -1.95 -1.95 -1.9499984 -1.66 -1.4901601 -1.49 -1.49 -1.49 -1.49 -1.4011227 -1.4 -1.4 -1.4 -1.4 -0.62000002 -0.62 -0.62 -0.62 -0.62 -0.33 -0.33 -0.33 -0.33 -0.32999985 -0.29 -0.29 -0.29 -0.14000786 -0.14 -0.14 -0.14 -0.49 -0.36 -0.36 -0.36 -0.32842575 0.44378602 0.37 0.37 0.71 0.71 0.71 1.05 1.05 1.05 1.17 1.17 1.17 1.6088567 
-0.52 -0.52000863 -1.95 -1.95 -1.95 -1.95 -1.66 -1.66 -1.66 -1.49 -1.49 -1.49 -1.49 -1.489972 -1.4 -1.4 -1.4 -1.4 -0.62001381 -0.62 -0.62 -0.62 -0.38109305 -0.33 -0.33 -0.33 -0.33 -0.43999991 -0.44 -0.44 -0.2916043 -0.14 -0.14 -0.14 -0.14000066 -0.82999999 -0.36 -0.36 -0.36 -0.35999999 0.37 0.37 0.37 1.22 1.22 1.22 0.61004285 1.05 1.05 1.17 1.17 1.17 1.5899998 
-0.52 -0.52 -1.95 -1.95 -1.95 -1.66 -1.66 -1.66 -1.66 -1.5086357 -1.49 -1.49 -1.49 -1.4899984 -1.0500403 -1.05 -1.05 -1.05 -0.68363071 -0.78 -0.78 -0.78 -0.78 -0.33 -0.33 -0.33 -0.33000726 -0.44 -0.44 -0.44 -0.44 -0.14005275 -0.52810504 -0.83 -0.83 -0.83 -0.35899366 -0.090005621 -0.09 -0.09 0.37053264 1.05 1.05 1.22 1.22 1.2199974 0.61 0.61 1.46 1.46 1.46 1.21 1.51 
-0.52 -0.52 -1.52 -1.52 -1.52 -1.66 -1.66 -1.66 -1.66 -1.52 -1.52 -1.52 -1.52 -1.486878 -1.05 -1.05 -1.05 -1.05 -0.68 -0.78 -0.78 -0.78 -0.78 -0.2 -0.20000005 -0.32999981 -0.44 -0.44 -0.44 -0.44 -0.41974899 -0.4 -0.7788359 -0.83 -0.83 -0.83 -0.09 -0.09 -0.09 -0.09 1.05 1.05 1.05 1.4798644 1.48 0.61391059 0.61 0.61 1.4599989 1.46 1.21 1.21 1.51 
-0.52 -1.52 -1.52 -1.52 -1.52 -1.52 -1.6543331 -0.93 -0.93 -1.52 -1.52 -1.52 -1.52 -1.5198887 -1.05 -1.05 -1.05 -1.0332822 -0.68 -0.68 -0.78 -0.78 -0.2 -0.2 -0.2 -0.2 -0.44 -0.44 -0.44 -0.44 -0.4 -0.4 -0.4 -0.82956488 -0.83 -0.83 -0.09 -0.09 -0.09 -0.09 1.05 1.05 1.05 1.48 1.48 1.4799853 1.22 1.22 1.3 1.3 1.21 1.21 1.51 
-1.5106088 -1.52 -1.52 -1.52 -1.52 -1.52 -0.93 -0.93 -0.93 -1.2457927 -1.52 -1.52 -1.52 -1.5199982 -1.05 -1.05 -1.05 -0.68 -0.68 -0.68 -0.779995 -0.77999646 -0.2 -0.2 -0.2 -0.2 -0.43998294 -0.44 -0.44 -0.4000092 -0.4 -0.4 -0.4 -0.4 -0.82730252 0.32 0.32 0.31290424 -0.09 -0.09 1.049999 1.05 1.4674977 1.48 1.48 1.2200001 1.22 1.22 1.3 1.3 0.91 0.91 1.29 
-1.52 -1.52 -1.52 -1.52 -1.52 -1.52 -0.93 -0.93 -0.93 -0.93 -1.5399994 -1.54 -1.54 -1.54 -1.0500013 -1.2294828 -1.33 -1.33 -0.68119827 -0.68 -0.68000002 -0.20000084 -0.2 -0.2 -0.2 -0.2 -0.20017449 -0.44 -0.43999863 -0.4 -0.4 -0.4 -0.4 -0.4 0.32 0.32 0.32 0.32 0.32 0.31999964 0.8 0.8 0.79999987 0.41 0.41 0.41 0.87 0.87 1.1 1.1 0.91 0.91000083 1.29 
-1.52 -1.52 -1.52 -1.52 -1.52 -1.52 -0.93 -0.93 -0.93 -1.54 -1.54 -1.54 -1.54 -1.54 -1.4846445 -1.33 -1.33 -1.33 -1.33 -1.33 -1.2989646 -0.2 -0.2 -0.2 -0.2 -0.19623188 -0.080188039 -0.39098012 -0.40019726 -0.4 -0.4 -0.4 -0.4 -0.39999842 0.32 0.32 0.32 0.32 0.32 0.54329488 0.8 0.8 0.8 0.41 0.41 0.41 0.87 0.87 1.1 1.1 1.2 1.285035 1.29 
-1.52 -1.52 -1.52 -1.52 -1.52 -1.5199998 -0.93000014 -0.93 -0.9553184 -1.54 -1.54 -1.54 -1.54 -1.54 -1.5299271 -1.33 -1.33 -1.33 -1.33 -1.33 -1.33 -0.10227291 -0.080000168 -0.08 -0.08 -0.08 -0.08 -0.08 0.4221637 0.42999017 0.42999998 0.43 0.43 0.42999992 0.32 0.32 0.32 0.32 0.32 0.79999994 0.8 0.8 0.8 0.79999983 0.41024048 0.56 0.86999997 1.7446031 1.1005783 1.2 1.2 1.1800448 0.24 
-1.52 -1.52 -1.52 -1.52 -1.52 -1.5199623 -0.93003182 -0.93003691 -1.5399992 -1.54 -1.54 -1.54 -1.54 -1.54 -1.5360041 -1.33 -1.33 -1.33 -1.33 -1.33 -1.33 -0.08 -0.08 -0.08 -0.08 -0.08 -0.08 -0.08 0.42985922 0.43 0.43 0.43 0.43 0.43 0.39986001 0.32 0.32 0.32 0.32 0.8 0.8 0.8 0.8 0.79993852 0.56 0.56 0.56752102 1.76 1.76 1.2 1.2 0.24 0.24 
-1.52 -1.52 -1.52 -1.52 -1.52 -1.5192132 -0.93071752 -1.4711655 -1.54 -1.54 -1.54 -1.54 -1.54 -1.54 -1.5363236 -1.33 -1.33 -1.33 -1.33 -1.33 -1.1520227 -0.08 -0.08 -0.08 -0.08 -0.08 -0.08 -0.08 0.42999795 0.43 0.43 0.43 0.43 0.43 0.43 0.29223946 0.24907745 0.22547883 0.22190193 0.79550049 0.8 0.8 0.8 0.56001917 0.56 0.5666855 1.6800004 1.76 1.76 0.80000654 0.8 0.8 0.24000025 
-1.52 -1.52 -1.52 -1.52 -1.5199994 -1.5150799 -0.98687234 -1.5398323 -1.54 -1.54 -1.54 -1.54 -1.54 -1.54 -1.5350962 -1.33 -1.33 -1.33 -1.33 -1.33 -0.080005397 -0.08 -0.08 -0.08 -0.08 -0.08 -0.08 -0.08 0.42999986 0.43 0.43 0.43 0.43 0.43 0.42999996 0.22 0.22 0.22 0.22 0.73 0.73 0.73 0.73 1.6799968 1.68 1.68 1.68 1.6799908 0.83 0.83 0.8 0.8 0.46679748 
-1.52 -1.52 -1.52 -1.52 -1.5199835 -1.5042594 -1.4991676 -1.539992 -1.54 -1.54 -1.54 -1.54 -1.54 -1.54 -1.5328713 -1.3300001 -1.33 -1.33 -1.33 -1.3224768 -0.080000001 -0.08 -0.08 -0.08 -0.08 -0.08 -0.08 -0.08 0.42999989 0.43 0.43 0.43 0.43 0.43 0.22000019 0.22 0.22 0.22 0.22 0.73 0.73 0.73 0.73 0.98640092 1.68 1.68 1.68 0.83000951 0.83 0.83 0.32 0.32 0.32 
-1.52 -1.52 -1.52 -1.5199987 -1.51984 -1.4885962 -1.5378511 -1.539998 -1.54 -1.54 -1.54 -1.54 -1.54 -1.54 -1.5298575 -1.3300049 -1.33 -1.33 -1.3299986 -0.10532698 -0.08 -0.08 -0.08 -0.08 -0.08 -0.08 -0.08 -0.08 0.42999952 0.43 0.43 0.43 0.43 -0.17759449 0.21999981 0.22 0.22 0.22 0.22 0.73 0.73 0.73 0.73 0.73 1.68 1.68 1.68 0.83000001 0.83 0.83 0.32 0.32 0.32 
-1.52 -1.52 -1.5199994 -1.5199843 -1.519198 -1.5043056 -1.5396391 -1.5399988 -1.54 -1.54 -1.54 -1.54 -1.54 -1.5399996 -1.5262742 -1.3300767 -1.33 -1.33 -1.3235281 -0.080106288 -0.08 -0.08 -0.08 -0.08 -0.08 -0.08 -0.08 -0.079999703 0.4299968 0.43 0.42999941 -0.32703289 -0.4 -0.4 -0.4 0.22 0.22 0.22 0.22 0.73 0.73 0.73 0.73 0.73 1.6799832 1.68 1.6799996 0.83000006 0.83 0.82999972 0.32 0.32 0.32 
