interpolatedSpi/08-08|23_1.tif
NCOLS 53
NROWS 52
XLLCORNER -116.03883
YLLCORNER 28.596182
DX 0.49850594
DY 0.49788537
NODATA_VALUE -9999
-0.005 -0.005 0.91420086 0.94 1.045 0.71 0.925 1.265 0.27603553 0.14 0.33 -0.085 -0.62493906 0.115 -0.19 -0.19 -0.19 -0.805 -0.13 -0.13 -0.13 -0.13000135 -0.27 0.1 0.1 0.1 -0.61500822 -0.615 -0.615 -0.125 -0.125 -0.125 -0.125 0.19999993 0.2 0.2 0.2 0.2 0.2 0.20000001 0.51164268 0.51460164 -1.05 -1.05 -1.05 -1.05 -1.0469457 0.82 0.82 0.82 1.3749988 1.375 1.375 
-0.0050008886 -0.025 0.90999902 0.81377009 0.99473001 -0.05 0.125 0.22025837 -0.045 -0.075 -0.645 -0.625 -0.625 -0.74213236 0.11498692 -0.19 -0.805 -0.805 -0.13088011 -0.13 -0.13 -0.13 0.054995286 0.1 0.1 0.1 0.43499998 0.435 -0.125 -0.125 -0.125 -0.125 -0.125 0.19999995 0.2 0.2 0.2 0.2 0.19999996 0.12130468 -0.25998483 -0.95413973 -1.05 -1.05 -1.05 -1.05 -1.05 0.82 0.82 0.82 0.86602113 1.375 1.375 
0.12000547 0.12 0.06 -0.195 -0.295 0.795 0.42 0.62 0.165 0.035 -0.05 -0.495 -0.81 -1.12 -0.745 -0.985 -0.805 -0.805 -0.805 -0.34993605 -0.35 -0.35 -0.755 0.1 0.1 0.1 0.435 0.435 0.435 -0.125 -0.125 -0.12500004 -0.52696906 0.19795105 0.19506683 -0.32514336 -0.33 -0.33 -0.32119584 -0.26 -0.26 -0.26101021 -1.05 -1.05 -1.05 -1.05 -1.05 0.82 0.82 0.82 0.82 1.375 1.375 
0.41 0.12 0.11988741 -0.5 -1.035 -0.55 0.025 -0.215 0.36 -0.094127478 -0.15 -0.58 -0.76 -1.12 -0.645 -0.985 -0.73195099 -0.73005255 -0.555 -0.35 -0.35 -0.115 -0.755 -0.755 0.1 0.10000167 0.435 0.435 0.435 -0.46 -0.73433886 -0.96 -0.96 -0.95999951 -0.33 -0.33 -0.33 -0.33 -0.26 -0.26 -0.26 -0.26000003 -1.05 -1.05 -1.05 -1.05 -1.05 0.81997641 0.82 0.82 0.82 1.3749118 1.375 
0.41 0.13499997 0.12 -0.3162959 -1.035 -0.945 -0.83498896 -0.4 -0.66 -0.56000015 -0.69084262 -0.74494485 -0.36 -0.645 -0.645 -0.868487 -0.73 -0.73 -0.555 -0.555 -0.34999955 -0.115 -0.575 -0.415 -0.46 -0.45996703 0.435 0.435 -0.46 -0.46 -0.96 -0.96 -0.96 -0.9411427 -0.33 -0.33 -0.33 -0.26 -0.26 -0.26 -0.26 -0.26008108 -1.05 -1.05 -1.05 -1.05 -1.05 -1.0333547 0.82 0.81990382 -1.325 -1.325 -1.325 
-0.355 -0.2 -0.12999999 -0.365 0.225 -0.78 -1.13 -1.0365391 -0.705 -1.42 -0.755 -0.79 -0.78999972 -1.065 -1.065 -0.97483944 -0.975 -1.205 -1.205 -0.55499977 -0.3 -0.3 -0.415 -0.46 -0.46 -0.32 -1.235 -1.235 -0.864963 -0.46 -0.96 -0.96 -0.86 -0.86000993 -0.95499295 -0.02 -0.02 -0.18575052 -0.26 -0.26 -1.0989523 -1.1 -1.0999983 -0.67670804 -0.670042 -0.6700001 -0.67000001 -0.67000015 -1.3540733 -1.325 -1.325 -1.325 -1.325 
-0.30999151 -0.055 0.3933345 -0.05 -0.275 -1.42 -0.92 -1.19 -0.93 -0.93 -0.755 -1.08 -0.99499979 -1.065 -0.31000226 -0.31 -0.975 -0.225 -0.29 -0.29 -0.25287351 -0.2 -0.2 -0.375 -0.32 -0.32 -1.235 -1.235 -0.86499009 -0.8648176 -0.76478473 -0.86 -0.86 -0.955 -0.955 -0.25147202 -0.02 -0.02 -0.45498492 -1.0999991 -1.1 -1.1 -1.0999906 -0.67000081 -0.67 -0.67 -0.67 -0.67000046 -1.435 -1.3250218 -1.325 -1.325 -1.325 
-0.31 -0.495 -0.12 -0.285 0.28496732 -1.135 -1.565 -0.56499999 -1.22 -1.19 -1.19 -0.135 -0.995 -0.995 -0.31469974 -0.5194741 -0.54 -0.145 -0.40999988 -0.29 -0.70811079 -0.675 -0.73 -0.37 -0.37000722 -0.93 -0.845 -0.84500014 -0.6955957 -0.695 -0.765 -1.0916121 -0.65 -0.955 -0.95000879 -0.445 -0.445 -0.455 -0.455 -1.1 -1.1 -1.1 -0.81313191 -0.81499999 -0.67 -0.67 -0.67 -1.4349709 -1.435 -1.435 -1.325 -1.325 -1.325 
-0.55872053 -0.495 0.02 -0.24 0.43 -0.305 -0.385 0.175 -0.67 -0.45070466 -0.46 -0.35999999 -0.36 -0.28 -0.28000042 0.38242195 0.385 0.385 -0.18545265 -1.15 -1.065 -1.065 -0.87 -0.7851717 -0.87356679 -0.93 -0.275 -0.845 -1.0090412 -1.01 -1.215 -1.465 -1.2408716 -1.375 -0.78 -1.02 -1.025 -0.135 -0.40487532 -1.096987 -0.425 -0.475 -0.81498046 -0.815 -0.81418386 -0.67 -0.16000003 -1.435 -1.435 -1.435 -1.435 -1.2814224 0.13 
-0.915 -0.915 0.1 0.1 0.345 0.57 -0.32 -0.785 -0.215 -0.39504446 -0.645 -0.265 -0.28 -0.28 -0.325 -0.31526203 0.385 0.3849168 0.035 -1.15 -1.15 -1.1390491 -0.87 -1.4799884 -1.48 -1.48 -0.275 -0.215 -0.215 -1.01 -1.01 -1.464156 -1.02 -1.375 -0.76 -1.02 -1.025 -0.525 -0.405 -0.50829829 -0.475 -0.55581467 -0.695 -0.815 -0.815 -0.16 -0.16 -0.16 -1.435 -1.435 -0.975 -0.975 -0.97499959 
-0.915 -0.915 0.325 0.365 0.3 0.565 -0.63 -0.021256759 0.505 0.43 0.255 -0.59 -0.26543269 -0.325 -0.325 -0.32497635 -0.12 -0.11186487 0.035 -0.4 -0.4 -0.745 -0.745 -1.48 -1.48 -1.48 -0.215 -0.215 -0.215 -1.21 -1.21 -1.2099997 -1.335 -1.335 -1.7 -1.005 -1.285 -0.93500502 -0.675 -0.51 -0.51 -0.87499941 -0.695 -0.815 -0.50499985 -0.23 -0.60806195 -0.61 -1.145 -1.145 -0.975 -0.975 -0.975 
-0.915 -0.37949046 0.34206943 0.61000795 0.235 0.2 -0.63 -0.02 0.50499562 0.43083091 -0.58999867 -0.59 -0.57 -0.325 -0.325 -0.12000001 -0.12 -0.11999118 0.035 -0.4 -0.46775098 -0.745 -0.745 -1.4799699 -1.48 -1.194014 -0.61 -0.61 -0.60999995 -1.21 -1.21 -1.2 -1.2 -1.335001 -1.7 -1.635 -1.3234852 -0.935 -0.935 -0.51000001 -0.875 -0.875 -0.8749973 -0.505 -0.505 -0.23 -0.61 -0.61 -1.145 -1.145 -0.975 -0.975 -0.975 
-0.18 -0.093982711 -0.12998151 -0.12464047 0.23499986 0.20000083 -0.62999998 -0.027508735 0.46882213 0.50304155 -0.57 -0.57 -0.57 -0.57 -0.32503471 -0.12 -0.12 -0.1179987 0.035 -0.39994664 -0.225 -0.225 -0.225 -0.225 -1.4580382 -0.61 -0.61 -0.61 -0.61 -0.61010936 -1.2 -1.2 -1.2 -1.2 -1.635 -1.635 -1.635 -0.96944006 -0.93747848 -1.265 -1.265 -0.87502098 -1.1899766 -0.50506598 -0.505 -0.23 -0.61 -0.61 -1.145 -1.145 -0.97561674 -0.975 -1.0140905 
-0.18 -0.13 -0.13 -0.13 -0.13 -0.12999986 -0.62787528 -0.34130254 0.37230292 -0.56884415 -0.57 -0.57 -0.57 -0.57 -0.56999985 -0.12 -0.11999998 -0.10936806 0.034996997 -0.225 -0.225 -0.225 -0.225 -0.225 -0.20814036 0.011979471 0.25999982 0.26 0.26 0.26 -1.2 -1.2 -1.1999992 -0.51 -0.51 -1.635 -0.92043908 -0.9 -1.2649998 -1.265 -1.265 -1.265 -1.19 -1.19 -1.19 -1.1833193 -1.1166028 -1.12 -1.12 -1.12 -1.12 -0.74500005 -0.745 
-0.145 -0.13 -0.13 -0.13 -0.13 -0.13 -0.13000003 -0.22356229 -0.36104783 -0.365 -0.365 -0.365 -0.365 -0.365 -0.365 0.41882075 -0.11117864 -0.098775227 -0.22496736 -0.225 -0.225 -0.225 -0.225 -0.22499953 0.555 0.555 0.55499959 0.26 0.26 0.26021026 0.365 0.365 -0.51 -0.51 -0.51 -0.83752575 -0.9 -0.9 -0.9 -1.265 -1.265 -1.265 -1.19 -1.19 -1.19 -1.19 -1.12 -1.12 -1.12 -1.12 -1.12 -0.745 -0.745 
-0.145 -0.13941567 -0.13 -0.13 -0.13 -0.13 0.42989009 0.43 0.42999998 -0.365 -0.365 -0.365 -0.365 -0.365 -0.1885144 0.435 0.435 0.435 0.17378246 0.17499959 0.175 0.175 0.175 0.175 0.555 0.555 0.555 0.555 0.26 0.365 0.365 0.365 -0.50999992 -0.51 -0.51 0.215 -0.89852371 -0.9 -0.9 -1.264871 -1.0077132 -0.40757035 -1.19 -1.19 -1.4093211 -1.41 -1.41 -1.1200343 -1.1399301 -1.14 -1.14 -0.83998569 -0.74500019 
-0.145 -0.23744848 -0.18566506 -0.13 -0.13 0.42966913 0.43 0.43 0.43 0.424271 -0.365 -0.365 -0.365 -0.3649999 0.435 0.435 0.435 0.435 0.17523225 0.175 0.175 0.175 0.175 0.175 0.55499999 0.555 0.555 0.555 0.5543089 0.365 0.365 0.365 0.74499999 -0.50989596 0.215 0.215 0.215 0.21991862 -0.43630215 -0.405 -0.405 -0.405 -1.345 -1.345 -1.41 -1.41 -1.41 -1.14 -1.14 -1.14 -1.14 -0.84 -0.84 
-0.23987939 -0.24 -0.24 -0.23999999 0.5 0.43000181 0.43 0.43 0.43 0.43 -0.29118422 -0.3649873 -0.36499997 0.435 0.435 0.435 0.435 0.435 0.43797492 0.175 0.175 0.175 0.175 0.175 0.4371487 0.56999992 0.57 0.57 0.57 0.36500002 0.74499999 0.745 0.745 0.745 0.215 0.21501198 0.67 0.67 -0.39157702 -0.405 -0.405 -0.405 -1.345 -1.345 -1.3999358 -1.41 -1.41 -1.14 -1.14 -1.14 -1.1367832 -0.84 -0.84 
-0.24 -0.24 -0.24 0.10847704 0.5 0.5 0.43 0.43 0.43 0.43 0.61 0.61 0.61 0.435 0.435 0.435 0.435 0.43507106 0.805 0.805 0.17500026 0.175 0.18242547 0.48 0.48081023 0.57 0.57 0.57 0.57 0.74498218 0.745 0.745 0.745 0.745 0.6699984 0.67 0.67 0.67 0.66620704 -0.405 -0.405 -0.405 -1.345 -1.345 -1.345 -1.41 -1.41 -1.14 -1.14 -1.14 -0.84 -0.84 -0.84 
-0.24 -0.24 -0.24 0.5 0.5 0.5 0.49999989 0.43 0.43 0.60981419 0.61 0.61 0.61 0.60989097 0.78305164 0.865 0.865 0.865 0.805 0.805 0.805 0.48 0.48 0.48 0.47994117 0.41264271 0.57 0.57 0.57 0.75318382 0.75999852 0.76 0.76 0.76 0.58292039 0.46000048 0.46 0.46 0.46 -0.99491927 -0.995 -0.995 -1.345 -1.345 -1.1900006 -1.19 -1.055 -1.055 -0.53 -0.53 -0.53 -0.84 -0.36042918 
-0.23999853 -0.24 -0.23999997 0.5 0.5 0.5 0.5 0.19000007 0.42904039 0.60996826 0.61 0.61 0.61 0.61050038 0.865 0.865 0.865 0.86499998 0.805 0.805 0.805 0.48 0.48 0.48 0.27 0.27 0.82999999 0.83 0.83 0.82961813 0.76 0.76 0.76 0.76 0.6100824 0.46 0.46 0.46 0.46 -0.995 -0.995 -0.995 -1.0011354 -1.19 -1.19 -1.19 -1.055 -1.055 -0.53 -0.53 -0.53 -0.36000001 -0.36 
0.235 0.0055487964 -0.35 -0.3497534 0.5 0.19179365 0.19 0.19 0.28291655 0.575 0.575 0.575 0.575 1.0999829 1.1 0.86500018 0.865 0.86341909 0.805 0.805 0.805 0.58 0.58 0.58 0.27 0.27 0.83 0.83 0.83 0.83000009 0.94999879 0.94999947 0.76477536 0.76020369 0.64513055 0.645 0.645 0.645 0.645 -0.995 -0.995 -0.995 -1.1792621 -1.19 -1.19 -1.19 -1.055 -1.055 -1.0549811 -0.53 -0.53000067 -0.545 -0.36 
4.4627223e-05 -6.072861e-08 -0.35 -0.35 -0.35 0.19 0.19 0.19 0.445 0.445 0.575 0.575 0.575 1.1 1.1 1.1 1.1 1.0999664 0.805 0.805 0.80499999 0.58 0.58 0.58 0.27 0.27 0.83 0.83 0.83 0.94864699 0.95 0.95 0.95 0.95 0.6451505 0.645 0.645 0.645 0.645 -0.11000023 -0.11 -0.11 -0.11 -1.1899988 -1.03 -1.03 -1.03 -1.115 -1.115 -1.115 -0.545 -0.545 -0.545 
7.137563e-51 -3.2941457e-24 -0.35 -0.35 -0.35 0.18716166 0.19 0.445 0.445 0.445 0.574984 0.575 0.64854123 1.0999999 1.1 1.1 1.1 0.83 0.83 0.83 1.205 1.2049995 0.58000304 0.58 0.58001671 0.755 0.755 0.75500018 0.82998788 0.76003786 0.76000101 0.76003317 0.94967527 0.94983603 0.69919618 0.6449999 0.64409517 0.375 0.375 -0.11 -0.11 -0.11 -0.11 -1.03 -1.03 -1.03 -1.03 -1.115 -1.115 -1.115 -0.545 -0.545 -0.545 
1.9276225e-115 -3.1196748e-37 -0.35 -0.35 -0.35 -0.35 0.28543905 0.445 0.445 0.445 0.44512152 0.665 0.665 0.665 1.0974364 1.1 0.83179921 0.83 0.83 0.83 1.205 1.205 1.205 1.205 0.755 0.755 0.755 0.755 0.755 0.76 0.76 0.76 0.76 0.75999839 -0.005 0.375 0.375 0.375 0.375 0.37499807 -0.16 -0.16 -0.16 -0.26576303 -0.485 -0.485 -0.485 -1.115 -1.1149996 -0.735 -0.735 -0.085111907 -0.085 
7.8272565e-34 3.233853e-23 -0.22367458 -0.35 -0.35 -0.34999998 0.53983142 0.44529939 0.445 0.445 0.66499995 0.665 0.665 0.665 0.665 0.70068009 0.83 0.83 0.83 0.83 1.2049971 1.205 1.205 1.205 0.755 0.755 0.755 0.755 0.755 0.26859398 0.76 0.76 0.76 -0.005 -0.005 -0.0047049205 0.375 0.375 0.46504456 0.53499998 -0.16 -0.16 -0.16 -0.26292573 -0.485 -0.485 -0.485 -0.145 -0.72764866 -0.735 -0.735 -0.085 -0.085 
0.365 0.365 0.365 -0.17072985 -0.34903913 0.54 0.54 0.54 0.54 0.41 0.41 0.66499998 0.665 0.665 0.665 0.66501043 0.83 0.83 0.83 0.83 1.0413622 1.205 1.205 1.1924382 0.72633587 0.755 0.755 0.755 0.095 0.095 0.095 0.095002791 -0.005 -0.005 -0.005 -0.005 0.535 0.535 0.535 0.535 0.235 0.235 0.235 -0.064993968 -0.065 -0.065 -0.065000133 -0.145 -0.145 -0.73428112 -0.735 -0.084997479 -0.085 
0.365 0.365 0.365 0.3649965 0.3 0.33489994 0.54 0.54 0.54 0.41 0.41 0.41 0.050000027 0.05 0.05 0.049999991 0.82703245 0.83 0.83 0.83 0.83566013 0.72500132 0.725 0.725 0.725 0.72499998 0.010000006 0.01 0.095 0.095 0.095 0.095 -0.004999899 -0.005 -0.005 -0.0049885968 0.535 0.535 0.535 0.53471486 0.235 0.235 0.235 -0.064986088 -0.065 -0.065 -0.065 -0.145 -0.145 -0.14499993 0.415 0.415 0.41 
0.365 0.365 0.365 0.30000015 0.3 0.3 0.53999991 0.54 0.54 0.41 0.41 0.41 0.05 0.05 0.05 -0.013974022 -0.79 -0.79 -0.78999582 0.82084982 0.725 0.725 0.725 0.725 0.725 0.72446192 0.01 0.01 0.01 0.095 0.095 0.095247809 0.135 0.135 0.135 0.395 0.395 0.47 0.47 0.47 0.095 0.23495609 0.23500377 0.74 0.74 0.70949142 -0.064998008 -0.145 -0.145 0.415 0.415 0.415 0.41 
0.365 0.365 0.365 0.3 0.3 0.3 0.3 0.54 0.54 0.41 0.41 0.064394808 0.05 0.05 0.05 -0.79 -0.79 -0.79 -0.79 -0.79 0.725 0.725 0.725 0.725 0.725 0.010002439 0.01 0.01 0.01 0.48 0.48 0.48 0.135 0.135 0.135 0.395 0.395 0.47 0.47 0.095 0.095 0.095 0.74 0.74 0.74 0.74 0.75355431 0.905 0.905 0.905 0.415 0.345 0.345 
0.365 0.365 0.36490948 0.3 0.3 0.3 0.3 0.14291806 0.135 0.13547214 0.40999997 0.049970688 0.05 0.05 0.049997094 -0.79 -0.79 -0.79 -0.79 -0.79 -1.5287201 0.725 0.725 0.725 0.72481875 0.0099907166 0.01 0.01 0.01 0.48 0.48 0.48 0.47994864 0.135 0.395 0.395 0.395 0.39500286 0.46997443 0.095 0.095 0.095 0.73996084 0.74 0.74 0.74 0.90499572 0.905 0.905 0.905 0.345 0.345 0.345 
0.475 0.47499981 0.30004036 0.3 0.3 0.3 0.13503511 0.135 0.135 0.135 -0.29999999 -0.3 -0.3 -0.3 -0.78773841 -0.79 -0.79 -0.79 -0.79 -1.6249995 -1.625 -1.625 -0.15499985 -0.155 -0.155 -0.155 -0.14075838 0.01 0.28998853 0.29 0.29 0.29 0.29 0.085000001 0.085 0.085 0.085 0.085 -0.345 -0.345 -0.345 -0.345 -0.345 0.48039193 0.48 0.48 0.48 0.905 0.905 0.905 0.34508822 0.345 0.345 
0.475 0.475 0.47098116 -0.004999387 -0.0049999322 -0.004863307 0.135 0.135 0.135 0.135 -0.3 -0.3 -0.3 -0.3 -0.3 -0.79 -0.79 -0.79 -1.6249998 -1.625 -1.625 -1.625 -0.15500001 -0.155 -0.155 -0.155 -0.155 -0.15496463 0.2902008 0.29 0.29 0.29 0.29008067 0.38829237 0.085314047 0.085 0.085 0.085000008 -0.345 -0.345 -0.345 -0.345 -0.345 0.48 0.48 0.48 0.48 0.6787383 0.905 1.0829918 1.085 1.245 1.245 
0.475 0.475 -0.0049391989 -0.005 -0.005 -0.005 0.030559409 0.135 0.135 0.135 -0.3 -0.3 -0.3 -0.3 -0.3 -0.78963137 -0.79 -1.6247552 -1.625 -1.625 -1.625 -1.625 -0.69957103 -0.155 -0.155 -0.155 -0.155 -0.15431642 0.81 0.81 0.81 0.81 0.81 0.62 0.62 0.62 0.62 0.62 0.105 0.105 0.105 0.105 0.105 0.480586 0.48000012 0.48 0.48004068 0.48498223 1.085 1.085 1.085 1.2449991 1.245 
0.47499936 0.13182359 -0.0049999819 -0.005 -0.005 -0.005 -0.005 0.13494039 0.135 0.135 -0.3 -0.3 -0.3 -0.3 -1.2044545 -1.225 -1.225 -1.6249897 -1.625 -1.625 -1.625 -1.625 -1.6249999 -0.155 -0.155 -0.155 -0.155 1.1649996 1.1649998 1.0894474 0.81 0.81 0.81 0.62 0.62 0.62 0.62 0.62017609 0.105 0.105 0.105 0.105 0.10505708 0.72 0.72 0.72 0.72 0.72002944 1.085 1.085 1.085 1.0850002 1.3386009 
0.125 0.125 0.015787714 -0.0050000001 -0.005 -0.005 -0.005 -0.005 0.1349386 -0.56999999 -0.57 -0.57 -0.56935923 -1.2249987 -1.225 -1.225 -1.225 -1.225 -1.6249992 -1.6178199 -1.555 -1.555 -1.555 -1.2018486 -0.21102546 -0.51080709 -0.76260977 1.165 1.165 1.165 1.165 1.165 1.1503926 0.88145903 0.88 0.88 0.88 0.88 0.244951 0.84999866 0.85 0.85 0.85 0.57500043 0.71999996 0.72 0.72 1.05 1.0849994 1.085 1.085 1.34 1.34 
0.125 0.125 -0.45 -0.45 -0.45 -0.0051482327 -0.005 -0.0050000001 -0.57 -0.57 -0.57 -0.57 -0.57 -1.225 -1.225 -1.225 -1.225 -1.225 -1.555 -1.555 -1.555 -1.555 -1.555 -0.85500004 -0.855 -0.855 -0.855 1.165 1.165 1.165 1.165 1.165 1.01 1.01 0.88 0.88 0.88 0.8899983 0.89 0.85 0.85 0.85 0.84999995 0.575 0.575 0.575 1.05 1.05 1.05 1.015 1.015 1.34 1.34 
0.125 0.125 -0.45 -0.45 -0.45 -0.45 -0.45000417 -1.21 -0.57060258 -0.57 -0.57 -0.57 -0.57 -1.2168295 -1.225 -1.225 -1.225 -1.225 -1.555 -1.555 -1.555 -1.555 -1.555 -0.855 -0.855 -0.855 -0.855 -0.85499182 1.165 1.165 1.165 1.0100081 1.01 1.01 1.01 0.88 0.89 0.89 0.89 0.88894752 0.59288242 0.545 0.545 0.575 0.575 0.575 1.05 1.05 1.05 1.015 1.015 1.015 1.6615293 
0.25 0.24999902 -0.45 -0.45 -0.45 -0.45 -1.21 -1.21 -1.21 -0.57 -0.57 -0.57 -0.57 -0.57020362 -1.225 -1.225 -1.225 -1.225 -1.5549942 -1.555 -1.555 -1.555 -0.97831794 -0.855 -0.855 -0.855 -0.855 -0.75500008 -0.755 -0.75499998 1.1443874 1.01 1.01 1.01 1.0099993 0.25500001 0.89 0.89 0.89 0.89 0.545 0.545 0.545 0.29 0.29 0.29 -0.049892875 1.05 1.05 1.015 1.015 1.015 1.6949965 
0.25 0.25 -0.45 -0.45 -0.45 -1.21 -1.21 -1.21 -1.21 -0.64018717 -0.57 -0.57 -0.57 -0.57000489 -1.4999684 -1.5 -1.5 -1.5 -1.5441224 -1.52 -1.52 -1.52 -1.52 -0.855 -0.855 -0.855 -0.8549934 -0.755 -0.755 -0.755 -0.755 1.0097666 0.58533434 0.255 0.255 0.255 0.88191591 -1.2749549 -1.275 -1.275 0.54462794 0.070000014 0.07 0.29 0.29 0.28999856 -0.05 -0.05 -0.08 -0.08 -0.08 0.15 0.44 
0.25 0.25 -0.205 -0.205 -0.205 -1.21 -1.21 -1.21 -1.21 -1.655 -1.655 -1.655 -1.655 -1.6440768 -1.5 -1.5 -1.5 -1.5 -1.545 -1.52 -1.52 -1.52 -1.52 -0.775 -0.77500003 -0.85499988 -0.755 -0.755 -0.755 -0.755 -0.72209211 -0.69 0.14255796 0.255 0.255 0.255 -1.275 -1.275 -1.275 -1.275 0.07 0.07 0.07 0.17996531 0.18 -0.048966166 -0.05 -0.05 -0.079999409 -0.08 0.15 0.15 0.44 
0.25 -0.205 -0.205 -0.205 -0.205 -0.205 -1.2135709 -1.67 -1.67 -1.655 -1.655 -1.655 -1.655 -1.6549633 -1.5 -1.5 -1.5 -1.5020332 -1.545 -1.545 -1.52 -1.52 -0.775 -0.775 -0.775 -0.775 -0.755 -0.755 -0.755 -0.755 -0.69 -0.69 -0.69 0.25404374 0.255 0.255 -1.275 -1.275 -1.275 -1.275 0.07 0.07 0.07 0.18 0.18 0.18001586 0.46 0.46 0.045 0.045 0.15 0.15 0.44 
-0.20072698 -0.205 -0.205 -0.205 -0.205 -0.205 -1.67 -1.67 -1.67 -1.6619714 -1.655 -1.655 -1.655 -1.6549959 -1.5 -1.5 -1.5 -1.545 -1.545 -1.545 -1.5200012 -1.5199954 -0.775 -0.775 -0.775 -0.775 -0.75500142 -0.755 -0.755 -0.69001495 -0.69 -0.69 -0.69 -0.69 0.25058571 -1.225 -1.225 -1.2258653 -1.275 -1.275 0.069998812 0.07 0.17680173 0.18 0.18 0.4599999 0.46 0.46 0.045 0.045 -0.32 -0.32 -1.28 
-0.205 -0.205 -0.205 -0.205 -0.205 -0.205 -1.67 -1.67 -1.67 -1.67 -1.480005 -1.48 -1.48 -1.48 -1.5000003 -1.564101 -1.6 -1.6 -1.5451014 -1.545 -1.545 -0.77500108 -0.775 -0.775 -0.775 -0.775 -0.77498546 -0.755 -0.75499778 -0.69 -0.69 -0.69 -0.69 -0.69 -1.225 -1.225 -1.225 -1.225 -1.225 -1.2250029 -2.385 -2.385 -2.3849995 -0.86 -0.86 -0.86 -0.725 -0.725 -0.85 -0.85 -0.32 -0.32000209 -1.28 
-0.205 -0.205 -0.205 -0.205 -0.205 -0.205 -1.67 -1.67 -1.67 -1.48 -1.48 -1.48 -1.48 -1.48 -1.5116317 -1.6 -1.6 -1.6 -1.6 -1.6 -1.5973739 -0.77500001 -0.775 -0.775 -0.775 -0.79195655 -1.3141538 -0.83125188 -0.69032055 -0.69 -0.69 -0.69 -0.69 -0.69000117 -1.225 -1.225 -1.225 -1.225 -1.225 -1.7646293 -2.385 -2.385 -2.385 -0.86 -0.86 -0.86 -0.725 -0.725 -0.85 -0.85 -2.315 -1.3370946 -1.28 
-0.205 -0.205 -0.205 -0.205 -0.205 -0.20500044 -1.6699997 -1.67 -1.6621139 -1.48 -1.48 -1.48 -1.48 -1.48 -1.4857559 -1.6 -1.6 -1.6 -1.6 -1.6 -1.6 -1.2333378 -1.3149992 -1.315 -1.315 -1.315 -1.315 -1.315 -0.93995254 -0.9349971 -0.93499999 -0.935 -0.935 -0.93500021 -1.225 -1.225 -1.225 -1.225 -1.225 -2.3849999 -2.385 -2.385 -2.385 -2.3849993 -0.86066534 -1.275 -0.72500006 -1.3784956 -0.85047315 -2.315 -2.315 -2.3169747 -2.41 
-0.205 -0.205 -0.205 -0.205 -0.205 -0.20509359 -1.669921 -1.6699885 -1.4800002 -1.48 -1.48 -1.48 -1.48 -1.48 -1.4822833 -1.6 -1.6 -1.6 -1.6 -1.6 -1.6 -1.315 -1.315 -1.315 -1.315 -1.315 -1.315 -1.315 -0.9351049 -0.935 -0.935 -0.935 -0.935 -0.935 -1.01446 -1.225 -1.225 -1.225 -1.225 -2.385 -2.385 -2.385 -2.385 -2.3847156 -1.275 -1.275 -1.2757208 -1.39 -1.39 -2.315 -2.315 -2.41 -2.41 
-0.205 -0.205 -0.205 -0.205 -0.20500001 -0.20695378 -1.6682556 -1.5014403 -1.48 -1.48 -1.48 -1.48 -1.48 -1.48 -1.4821008 -1.6 -1.6 -1.6 -1.6 -1.6 -1.5594212 -1.315 -1.315 -1.315 -1.315 -1.315 -1.315 -1.315 -0.93500152 -0.935 -0.935 -0.935 -0.935 -0.935 -0.935 -1.1805705 -1.1115239 -1.0737661 -1.0680562 -2.3817861 -2.385 -2.385 -2.385 -1.2750886 -1.275 -1.281208 -2.3149956 -1.39 -1.39 -2.77 -2.77 -2.77 -2.4100002 
-0.205 -0.205 -0.205 -0.205 -0.20500149 -0.21721745 -1.6433094 -1.4800522 -1.48 -1.48 -1.48 -1.48 -1.48 -1.48 -1.4828022 -1.6 -1.6 -1.6 -1.6 -1.6 -1.3150012 -1.315 -1.315 -1.315 -1.315 -1.315 -1.315 -1.315 -0.9350001 -0.935 -0.935 -0.935 -0.935 -0.935 -0.93500003 -1.065 -1.065 -1.065 -1.065 -2.335 -2.335 -2.335 -2.335 -2.314997 -2.315 -2.315 -2.315 -2.3150047 -2.77 -2.77 -2.77 -2.77 -2.7500043 
-0.205 -0.205 -0.205 -0.20500011 -0.20504091 -0.24468628 -1.4905121 -1.4800025 -1.48 -1.48 -1.48 -1.48 -1.48 -1.48 -1.4840735 -1.6 -1.6 -1.6 -1.6 -1.5982847 -1.315 -1.315 -1.315 -1.315 -1.315 -1.315 -1.315 -1.315 -0.93500009 -0.935 -0.935 -0.935 -0.935 -0.935 -1.0649999 -1.065 -1.065 -1.065 -1.065 -2.335 -2.335 -2.335 -2.335 -2.3296021 -2.315 -2.315 -2.315 -2.7699949 -2.77 -2.77 -2.75 -2.75 -2.75 
-0.205 -0.205 -0.20500007 -0.20500332 -0.20540054 -0.34509547 -1.4804077 -1.4800006 -1.48 -1.48 -1.48 -1.48 -1.48 -1.48 -1.4857957 -1.5999972 -1.6 -1.6 -1.5999997 -1.3207746 -1.315 -1.315 -1.315 -1.315 -1.315 -1.315 -1.315 -1.315 -0.93500036 -0.935 -0.935 -0.935 -0.935 -0.32008528 -1.0649997 -1.065 -1.065 -1.065 -1.065 -2.335 -2.335 -2.335 -2.335 -2.335 -2.315 -2.315 -2.315 -2.77 -2.77 -2.77 -2.75 -2.75 -2.75 
-0.20500001 -0.2050001 -0.20500139 -0.20503921 -0.20735217 -0.95539134 -1.4800346 -1.4800004 -1.48 -1.48 -1.48 -1.48 -1.48 -1.4800002 -1.4878433 -1.5999562 -1.6 -1.6 -1.5985244 -1.3150242 -1.315 -1.315 -1.315 -1.315 -1.315 -1.315 -1.315 -1.3149998 -0.93500238 -0.935 -0.9349994 -0.16884623 -0.095 -0.095 -0.095 -1.065 -1.065 -1.065 -1.065 -2.335 -2.335 -2.335 -2.335 -2.335 -2.3150004 -2.315 -2.3150002 -2.77 -2.77 -2.77 -2.75 -2.75 -2.75 
