interpolatedSpi/08-07|21_2.tif
NCOLS 53
NROWS 52
XLLCORNER -116.03883
YLLCORNER 28.596182
DX 0.49850594
DY 0.49788537
NODATA_VALUE -9999
-2.51 -2.51 -2.4407607 -2.1 -1.49 -2.39 -1.79 -2.18 -1.3949906 -0.99 -1.77 -0.9 -1.8900552 -2.56 -2.7 -2.7 -2.7 -0.24 -0.95 -0.95 -0.95 -0.95000067 -1.02 -1.95 -1.95 -1.95 -0.5200011 -0.52 -0.52 0.4 0.4 0.4 0.4 -0.22999987 -0.23 -0.23 -0.23 -0.23 -0.23 -0.23000004 -1.7140164 -1.7298166 -1.01 -1.01 -1.01 -1.01 -1.0100653 -1.05 -1.05 -1.05 0.36999705 0.37 0.37 
-2.5099951 -2.4 -2.0700001 -2.3811434 -3.579719 -2.42 -2.4 -2.0985168 -2.18 -1.77 -1.46 -1.89 -1.89 -1.3839347 -2.559987 -2.7 -0.24 -0.24 -0.94907426 -0.95 -0.95 -0.95 -1.9778977 -1.95 -1.95 -1.95 -2.38 -2.38 0.4 0.4 0.4 0.4 0.4 -0.22999991 -0.23 -0.23 -0.23 -0.23 -0.23000011 -0.56050255 -2.2398823 -1.1592503 -1.01 -1.01 -1.01 -1.01 -1.01 -1.05 -1.05 -1.05 -0.93225224 0.37 0.37 
-3.1299454 -3.13 -2.16 -2.96 -1.88 -1.99 -1.79 -2.16 -1.78 -1.25 -1.91 -1.71 -1.15 -2.25 -1.38 -2.26 -0.24 -0.24 -0.24 -1.4798459 -1.48 -1.48 -2.48 -1.95 -1.95 -1.95 -2.38 -2.38 -2.38 0.4 0.4 0.39999992 -0.42800811 -0.23390994 -0.24386872 -1.7063464 -1.72 -1.72 -1.7854023 -2.24 -2.24 -2.2384271 -1.01 -1.01 -1.01 -1.01 -1.01 -1.05 -1.05 -1.05 -1.05 0.37 0.37 
-1.15 -3.1299996 -1.3598085 -0.72 -0.58 -1.63 -1.09 -1.1 -1.05 -0.92100178 -0.97 -1.17 -1.39 -2.25 -1.91 -2.26 -2.785945 -2.7882133 -2.41 -1.48 -1.48 -2.97 -2.48 -2.48 -1.95 -1.9500021 -2.38 -2.38 -2.38 -0.69 -1.035667 -1.32 -1.32 -1.3200003 -1.72 -1.72 -1.72 -1.72 -2.24 -2.24 -2.24 -2.24 -1.01 -1.01 -1.01 -1.01 -1.01 -1.0499995 -1.05 -1.05 -1.05 0.36988862 0.37 
-1.15 -0.70000121 -1.36 -1.3789236 -0.58 -1.6 -1.1800116 -0.88 -1.27 -0.99000032 -1.420662 -1.6201103 -2.39 -1.91 -1.91 -2.1525114 -2.79 -2.79 -2.41 -2.41 -1.4800029 -2.97 -2.38 -1.59 -1.9 -1.8997826 -2.38 -2.38 -0.69 -0.69 -1.32 -1.32 -1.32 -1.2030845 -1.72 -1.72 -1.72 -2.24 -2.24 -2.24 -2.24 -2.2400492 -1.01 -1.01 -1.01 -1.01 -1.01 -1.010356 -1.05 -1.0500892 -3.04 -3.04 -3.04 
-2.08 -0.97 -0.80000001 -0.9 -2.2 -1.12 -1.36 -1.2985463 -1.2 -0.48 -1.39 -1.25 -1.2500008 -2.44 -2.44 -3.289662 -3.29 -3.26 -3.26 -2.4099992 -2.5 -2.5 -1.59 -1.9 -1.9 -0.97 -0.6 -0.6 -0.81998825 -0.69 -1.32 -1.32 -0.7 -0.69994776 -0.2000365 -2.67 -2.67 -2.3730303 -2.24 -2.24 -2.7493639 -2.75 -2.7499994 -2.8764598 -2.90979 -2.9099995 -2.9099999 -2.9099993 -2.410699 -3.04 -3.04 -3.04 -3.04 
-1.1300076 -0.83 -0.84839749 -0.94 -1.44 -1.74 -1.24 -1.41 -1.29 -1.29 -1.39 -2.35 -1.61 -2.44 -1.8900016 -1.89 -3.29 -1.64 -1.55 -1.55 -2.4717241 -2.44 -2.44 -1.08 -0.97 -0.97 -0.6 -0.6 -0.82000233 -0.82004292 -0.40141987 -0.7 -0.7 -0.2 -0.2 -2.5229472 -2.67 -2.67 -2.5200052 -2.7499997 -2.75 -2.75 -2.749994 -2.9099923 -2.91 -2.91 -2.91 -2.9099997 -2.35 -3.0398633 -3.04 -3.04 -3.04 
-1.13 -0.86 -0.93 -1.52 -1.7799851 -1.46 -0.71 -2.19 -2.37 -1.95 -1.95 -1.47 -1.61 -1.61 -1.8880789 -1.3890837 -1.34 -1.2 -2.3499992 -1.55 -1.003208 -1.01 -0.37 -0.74 -0.73999304 -0.2 -0.71 -0.70999996 -0.85985983 -0.85999999 -0.4 -1.4781551 -1.4 -0.2 -0.24335223 -2.4 -2.4 -2.52 -2.52 -2.75 -2.75 -2.75 -1.5319298 -1.5300001 -2.91 -2.91 -2.91 -2.3500213 -2.35 -2.35 -3.04 -3.04 -3.04 
-0.86455147 -0.85999999 -0.62 -0.96 -0.57 -1.09 -1.17 -1.51 -2.41 -2.1149481 -1.89 -1.86 -1.86 -1.78 -1.7799993 -0.99097548 -0.99 -0.99 -1.3755493 -1.09 -0.93 -0.93 -1.1 -0.657681 -0.25441774 -0.2 -1.12 -0.71 -0.34215007 -0.34 -1.5 -0.27 -0.27000441 -1.29 -1.72 -1.68 -1.9 -1.66 -2.2697183 -2.7488841 -2.5 -1.67 -1.530096 -1.53 -1.5377674 -2.91 -1.7400001 -2.35 -2.35 -2.35 -2.35 -3.1047439 -1.8 
-0.89 -0.89 -0.7 -1.07 -0.49 -1.47 -2.28 -2.01 -1.93 -2.0399852 -2.48 -1.6 -1.78 -1.78 -1.71 -1.7001249 -0.99 -0.99012681 -1.65 -1.09 -1.09 -1.0693866 -1.1 -0.49001155 -0.49 -0.49 -1.12 0.33 0.33 -0.34 -0.34 -0.27 -0.27 -1.29 -0.84 -1.68 -1.9 -2.32 -2.27 -2.1224311 -1.67 -1.8353027 -2.12 -1.53 -1.53 -1.74 -1.74 -1.74 -2.35 -2.35 -3.56 -3.56 -3.5599993 
-0.89 -0.89 -1.38 -1.46 -1.96 -0.58 -1.17 -2.2401973 -2.69 -2.55 -2.18 -2.81 -1.6016111 -1.71 -1.71 -1.7098743 -0.62 -0.67405923 -1.65 -2.57 -2.57 -0.98 -0.98 -0.49 -0.49 -0.49 0.33 0.33 0.33 -0.02 -0.02 -0.020000412 -0.64 -0.64 -0.86 -1.63 -1.84 -2.1399875 -2.96 -2.12 -2.12 -2.3799991 -2.12 -1.53 -2.7400001 -3.14 -1.5010336 -1.5 -1.7 -1.7 -3.56 -3.56 -3.56 
-0.89 -1.1016322 -1.4141389 -1.8399998 -1.54 -1.57 -1.17 -2.24 -2.6899962 -2.551551 -2.8099997 -2.81 -2.09 -1.71 -1.71 -0.62000004 -0.62 -0.62005862 -1.65 -2.57 -2.2577563 -0.98 -0.98 -0.49002057 -0.49 -0.44397926 -0.35 -0.35 -0.34999991 -0.02 -0.02 -1.08 -1.08 -0.6400006 -0.86 -1.6100002 -1.6523858 -2.14 -2.14 -2.12 -2.38 -2.38 -2.3800026 -2.74 -2.74 -3.14 -1.5 -1.5 -1.7 -1.7 -3.56 -3.56 -3.56 
-2.4 -1.8144166 -1.8499855 -1.8499235 -1.5400003 -1.5699993 -1.17 -2.2268289 -2.6589904 -2.6863442 -2.09 -2.09 -2.09 -2.09 -1.7100538 -0.62 -0.62 -0.63329894 -1.65 -2.5697916 -1.87 -1.87 -1.87 -1.87 -0.51322145 -0.35 -0.35 -0.35 -0.35 -0.35002325 -1.08 -1.08 -1.08 -1.08 -1.61 -1.61 -1.61 -2.1127302 -2.1423283 -2.45 -2.45 -2.3800038 -2.74 -2.74 -2.74 -3.14 -1.5 -1.5 -1.7 -1.7 -3.5532521 -3.56 -0.69131374 
-2.4 -1.85 -1.85 -1.85 -1.85 -1.8499999 -1.1710239 -1.6763426 -2.5762596 -2.0906427 -2.09 -2.09 -2.09 -2.09 -2.09 -0.62000002 -0.62000016 -0.69065097 -1.6499864 -1.87 -1.87 -1.87 -1.87 -1.87 -1.8702102 -0.95398377 -1.1299998 -1.13 -1.13 -1.13 -1.08 -1.08 -1.0800004 -1.43 -1.43 -1.61 -1.4544493 -1.45 -2.4499994 -2.45 -2.45 -2.45 -2.74 -2.74 -2.74 -2.7427836 -2.4441596 -2.45 -2.45 -2.45 -2.45 -1.0800005 -1.08 
-2.05 -1.85 -1.85 -1.85 -1.85 -1.85 -1.85 -1.5849837 -2.1420071 -2.14 -2.14 -2.14 -2.14 -2.14 -2.14 -2.4729281 -0.6496089 -0.76104186 -1.869972 -1.87 -1.87 -1.87 -1.87 -1.870001 -1.88 -1.88 -1.8799989 -1.13 -1.13 -1.1300601 -1.16 -1.16 -1.43 -1.43 -1.43 -1.4467962 -1.45 -1.45 -1.45 -2.45 -2.45 -2.45 -2.74 -2.74 -2.74 -2.74 -2.45 -2.45 -2.45 -2.45 -2.45 -1.08 -1.08 
-2.05 -1.9755423 -1.85 -1.85 -1.85 -1.85 -1.9899725 -1.99 -1.99 -2.14 -2.14 -2.14 -2.14 -2.14 -2.2150064 -2.48 -2.48 -2.48 -2.7672592 -2.7699991 -2.77 -2.77 -2.77 -2.77 -1.88 -1.88 -1.88 -1.88 -1.13 -1.16 -1.16 -1.16 -1.43 -1.43 -1.43 -1.41 -1.449947 -1.45 -1.45 -2.4499277 -2.3063981 -1.9714346 -2.74 -2.74 -2.2216048 -2.22 -2.22 -2.4472905 -0.805766 -0.80000014 -0.80000031 0.56974991 -1.0799966 
-2.05 -1.7385944 -1.7892745 -1.85 -1.85 -1.9899173 -1.99 -1.99 -1.99 -1.9910809 -2.14 -2.14 -2.14 -2.14 -2.48 -2.48 -2.48 -2.48 -2.7697409 -2.77 -2.77 -2.77 -2.77 -2.77 -1.88 -1.88 -1.88 -1.88 -1.8773811 -1.16 -1.16 -1.16 -1.54 -1.4300006 -1.41 -1.41 -1.41 -1.4136305 -1.9370737 -1.97 -1.97 -1.97 -2.07 -2.07 -2.22 -2.22 -2.22 -0.80000002 -0.8 -0.8 -0.8 0.57 0.57 
-1.7302483 -1.73 -1.73 -1.73 -1.28 -1.9899817 -1.99 -1.99 -1.99 -1.99 -2.1392429 -2.1399999 -2.14 -2.48 -2.48 -2.48 -2.48 -2.48 -2.4370808 -2.77 -2.77 -2.77 -2.77 -2.77 -1.9551849 -1.320003 -1.32 -1.32 -1.32 -1.16 -1.54 -1.54 -1.54 -1.54 -1.41 -1.4100087 -1.74 -1.74 -1.9671281 -1.97 -1.97 -1.97 -2.07 -2.07 -2.1967748 -2.22 -2.22 -0.8 -0.8 -0.8 -0.78531004 0.57 0.57 
-1.73 -1.73 -1.73 -1.5180883 -1.28 -1.28 -1.99 -1.99 -1.99 -1.99 -2.13 -2.13 -2.13 -2.48 -2.48 -2.48 -2.48 -2.4798331 -1.44 -1.44 -2.7699995 -2.77 -2.729586 -1.11 -1.1118905 -1.32 -1.32 -1.32 -1.32 -1.5399776 -1.54 -1.54 -1.54 -1.54 -1.7399988 -1.74 -1.74 -1.74 -1.7407888 -1.97 -1.97 -1.97 -2.07 -2.07 -2.07 -2.22 -2.22 -0.80000002 -0.8 -0.8 0.57 0.57 0.57 
-1.73 -1.73 -1.73 -1.28 -1.28 -1.28 -1.2800011 -1.99 -1.99 -2.1298555 -2.13 -2.13 -2.13 -2.1302181 -1.6624834 -1.47 -1.47 -1.47 -1.44 -1.44 -1.44 -1.11 -1.11 -1.11 -1.1098627 -0.95283298 -1.32 -1.32 -1.32 -1.3397164 -1.3000236 -1.3 -1.3 -1.3 -1.5940902 -1.3900008 -1.39 -1.39 -1.39 -1.5600561 -1.56 -1.56 -2.07 -2.07 -1.600002 -1.5999998 -0.97 -0.97 -0.12 -0.12 -0.12 0.57 1.0595619 
-1.7299947 -1.73 -1.73 -1.28 -1.28 -1.28 -1.28 -1.0800003 -1.9863615 -2.1296192 -2.13 -2.13 -2.13 -2.1287049 -1.47 -1.47 -1.47 -1.47 -1.44 -1.44 -1.44 -1.11 -1.11 -1.11 -0.62 -0.62 -0.93 -0.93 -0.93 -0.93201847 -1.3 -1.3 -1.3 -1.3 -1.3449753 -1.39 -1.39 -1.39 -1.39 -1.56 -1.56 -1.56 -1.5612586 -1.6 -1.6 -1.6 -0.97 -0.97 -0.12 -0.12 -0.12 1.06 1.06 
-0.03 -0.82229169 -0.93 -0.93010154 -1.28 -1.0811572 -1.08 -1.08 -1.131013 -1.71 -1.71 -1.71 -1.71 -0.53003841 -0.53 -1.4699993 -1.47 -1.4692095 -1.44 -1.44 -1.44 0.1 0.1 0.1 -0.62 -0.62 -0.93 -0.93 -0.93 -0.92999996 -0.88000267 -0.88000118 -1.2894439 -1.2995497 -1.1601597 -1.16 -1.16 -1.16 -1.16 -1.56 -1.56 -1.56 -1.597797 -1.6 -1.6 -1.5999999 -0.97 -0.97 -0.9699694 -0.12 -0.12000939 -0.33 1.06 
-0.55989935 -0.56000006 -0.93 -0.93 -0.93 -1.08 -1.08 -1.08 -1.22 -1.22 -1.71 -1.71 -1.71 -0.53 -0.53 -0.53 -0.53 -0.53010456 -1.44 -1.44 -1.4399999 0.1 0.1 0.1 -0.62 -0.62 -0.93 -0.93 -0.93 -0.88056375 -0.88 -0.88 -0.88 -0.88 -1.1598618 -1.16 -1.16 -1.16 -1.16 -0.86000018 -0.86 -0.86 -0.86 -1.5999978 -1.31 -1.31 -1.31 -1.31 -1.31 -1.31 -0.33 -0.33 -0.33 
-0.56 -0.56 -0.93 -0.93 -0.93 -1.0792116 -1.08 -1.22 -1.22 -1.22 -1.7099397 -1.71 -1.1952114 -0.53000013 -0.53 -0.53 -0.53 -0.24 -0.24 -0.24 -0.59999998 -0.59999948 0.09999659 0.1 0.099062703 -1.14 -1.14 -1.1399995 -0.93003394 -0.51007374 -0.51000197 -0.5100646 -0.87936763 -0.87968069 -1.1098921 -1.1599997 -1.157252 -0.34 -0.34 -0.86 -0.86 -0.86 -0.86 -1.31 -1.31 -1.31 -1.31 -1.31 -1.31 -1.31 -0.33 -0.33 -0.33 
-0.56 -0.56 -0.93 -0.93 -0.93 -0.93 -1.1323979 -1.22 -1.22 -1.22 -1.2199227 -1.08 -1.08 -1.08 -0.53324128 -0.53 -0.24193249 -0.24 -0.24 -0.24 -0.6 -0.6 -0.6 -0.6 -1.14 -1.14 -1.14 -1.14 -1.14 -0.51 -0.51 -0.51 -0.51 -0.51000179 -1.36 -0.34 -0.34 -0.34 -0.34 -0.34000039 -0.38 -0.38 -0.38 -0.66961877 -1.27 -1.27 -1.27 -1.31 -1.3099993 -0.56 -0.56 -0.37998784 -0.38 
-0.56 -0.56 -0.79645598 -0.93 -0.93 -0.92999999 -0.55118893 -1.2178885 -1.22 -1.22 -1.0799998 -1.08 -1.08 -1.08 -1.08 -1.0347933 -0.24 -0.24 -0.24 -0.24 -0.59999722 -0.6 -0.6 -0.6 -1.14 -1.14 -1.14 -1.14 -1.14 -1.6110451 -0.51 -0.51 -0.51 -1.36 -1.36 -1.3592079 -0.34 -0.34 -0.41878899 -0.47999999 -0.38 -0.38 -0.38 -0.65821889 -1.27 -1.27 -1.27 0.69 -0.54442512 -0.56 -0.56 -0.38 -0.38 
-0.15 -0.15 -0.15 -0.73443256 -0.92832683 -0.55 -0.55 -0.55 -0.55 -4.3546286e-09 -4.2332246e-19 -1.0799999 -1.08 -1.08 -1.08 -1.0799467 -0.24 -0.24 -0.24 -0.24 -0.44290768 -0.6 -0.6 -0.60261704 -0.7195927 -1.14 -1.14 -1.14 -2 -2 -2 -1.9999937 -1.36 -1.36 -1.36 -1.36 -0.48 -0.48 -0.48 -0.48 0.13 0.13 0.13 0.90998432 0.91 0.91 0.90999931 0.69 0.69 -0.55847694 -0.56 -0.3799937 -0.38 
-0.15 -0.15 -0.15 -0.14998008 0.22 0.10802935 -0.55 -0.55 -0.55 -1.6473273e-20 -2.6797365e-68 2.6686548e-30 0.36999994 0.37 0.37 0.36999998 -0.23862613 -0.24 -0.24 -0.24 -0.24546434 -0.69999973 -0.7 -0.7 -0.7 -0.70000003 -1.77 -1.77 -2 -2 -2 -2 -1.3599995 -1.36 -1.36 -1.3599454 -0.48 -0.48 -0.48 -0.48052642 0.13 0.13 0.13 0.90996383 0.91 0.91 0.91 0.69 0.69 0.69000002 0.87 0.87 0.79 
-0.15 -0.15 -0.15 0.21999915 0.22 0.22 -0.54999971 -0.55 -0.55 -6.3157886e-25 4.1293638e-82 1.4474645e-21 0.37 0.37 0.37 0.38066234 0.51 0.51 0.50999806 -0.23576381 -0.7 -0.7 -0.7 -0.7 -0.7 -0.70080523 -1.77 -1.77 -1.77 -2 -2 -2.0000515 -0.69 -0.69 -0.69 -1.38 -1.38 -0.6 -0.6 -0.6 -0.38 0.12984003 0.13000507 0.81 0.81 0.81378989 0.90999936 0.69 0.69 0.87 0.87 0.87 0.79 
-0.15 -0.15 -0.15 0.22 0.22 0.22 0.22 -0.55 -0.55 -2.9607885e-15 2.4192039e-28 0.35520534 0.37 0.37 0.37 0.51 0.51 0.51 0.51 0.51 -0.7 -0.7 -0.7 -0.7 -0.7 -1.7699963 -1.77 -1.77 -1.77 -2.08 -2.08 -2.08 -0.69 -0.69 -0.69 -1.38 -1.38 -0.6 -0.6 -0.38 -0.38 -0.38 0.81 0.81 0.81 0.81 0.84121599 1.19 1.19 1.19 0.87000001 1.28 1.28 
-0.15 -0.15 -0.14948476 0.22 0.22 0.22 0.22 1.3433739 1.4 1.3975964 2.0821767e-08 0.37001256 0.37 0.37 0.37000048 0.51 0.51 0.51 0.51 0.51 0.73856153 -0.7 -0.7 -0.7 -0.69987642 -1.769906 -1.77 -1.77 -1.77 -2.08 -2.08 -2.08 -2.0797921 -0.69 -1.38 -1.38 -1.38 -1.3799677 -0.599985 -0.38 -0.38 -0.38 0.80992776 0.81 0.81 0.81 1.1899948 1.19 1.19 1.19 1.28 1.28 1.28 
0.43 0.42999899 0.21981282 0.22 0.22 0.22 1.3997489 1.4 1.4 1.4 0.52000002 0.52 0.52 0.52 0.51004613 0.51 0.51 0.51 0.51 0.79999983 0.8 0.8 -0.1000001 -0.1 -0.1 -0.1 -0.24414248 -1.77 -1.1900238 -1.19 -1.19 -1.19 -1.19 -1.14 -1.14 -1.14 -1.14 -1.14 -1.0412046e-11 -7.9824938e-28 -8.8578635e-59 -9.0615033e-23 7.2364782e-10 0.67021104 0.67 0.67 0.67 1.19 1.19 1.19 1.2799858 1.28 1.28 
0.43 0.43 0.43669793 1.229998 1.2299998 1.230165 1.4 1.4 1.4 1.4 0.52 0.52 0.52 0.52 0.52 0.51 0.51 0.51 0.79999993 0.8 0.8 0.8 -0.099999997 -0.1 -0.1 -0.1 -0.1 -0.10035445 -1.1898996 -1.19 -1.19 -1.19 -1.1899597 -0.96992951 -1.1398239 -1.14 -1.14 -1.14 9.9914704e-11 2.8232374e-24 1.2484776e-43 3.1895276e-20 2.6818181e-09 0.67 0.67 0.67 0.67 0.91316216 1.19 0.082495762 0.07 0.33 0.33 
0.43 0.43 1.2298987 1.23 1.23 1.23 1.2731793 1.4 1.4 1.4 0.52 0.52 0.52 0.52 0.52 0.51000969 0.51 0.79991497 0.8 0.8 0.8 0.8 0.23341083 -0.1 -0.1 -0.1 -0.1 -0.10058765 -0.93 -0.93 -0.93 -0.93 -0.93 -0.84 -0.84 -0.84 -0.84 -0.84 0.51 0.51 0.51 0.51 0.50999999 0.66953608 0.6699999 0.67 0.66996779 0.6660383 0.07 0.07 0.07 0.32999854 0.33 
0.43000111 1.0183024 1.23 1.23 1.23 1.23 1.23 1.3999276 1.4 1.4 0.52 0.52 0.52 0.52 0.7351135 0.74 0.74 0.79999846 0.8 0.8 0.8 0.8 0.79999996 -0.1 -0.1 -0.1 -0.1 -0.47000042 -0.47000021 -0.56789918 -0.93 -0.93 -0.93 -0.83999999 -0.84 -0.84 -0.84 -0.83942431 0.51 0.51 0.51 0.51 0.51003984 0.48 0.48 0.48 0.48 0.47996693 0.07 0.07 0.07 0.070000459 0.81278356 
1.03 1.03 1.1069617 1.23 1.23 1.23 1.23 1.23 1.399929 2.02 2.02 2.02 2.0164402 0.73999968 0.74 0.74 0.74 0.74 0.80000096 0.8082058 0.88 0.88 0.88 0.63378823 -0.042373811 0.26597301 0.52553439 -0.47 -0.47 -0.47 -0.47 -0.47 -0.47130268 0.019315377 0.01 0.01 0.01 0.01 0.60768383 1.0299991 1.03 1.03 1.03 1.4074843e-06 0.47999988 0.48 0.48 -0.07 0.069997757 0.07 0.07 0.82 0.82 
1.03 1.03 1.3 1.3 1.3 1.2300233 1.23 1.23 2.02 2.02 2.02 2.02 2.02 0.74000006 0.74 0.74 0.74 0.74 0.88 0.88 0.88 0.88 0.88 0.62000001 0.62 0.62 0.62 -0.46999999 -0.47 -0.47 -0.47 -0.47 0.84 0.84 0.010000005 0.01 0.01 1.2097956 1.21 1.03 1.03 1.03 1.0299999 1.7030684e-34 4.4790834e-88 4.7747989e-30 -0.07 -0.07 -0.07 0.52 0.52 0.82 0.82 
1.03 1.03 1.3 1.3 1.3 1.3 1.3000014 1.55 2.0195575 2.02 2.02 2.02 2.02 0.75596684 0.74 0.74 0.74 0.74 0.88 0.88 0.88 0.88 0.88 0.62 0.62 0.62 0.62 0.61999561 -0.47 -0.47 -0.47 0.83993132 0.84 0.84 0.84 0.010000001 1.21 1.21 1.21 1.2052639 0.60849576 0.53 0.53 1.0600107e-10 3.1834057e-27 3.4292782e-19 -0.07 -0.07 -0.07 0.52 0.52 0.52 0.55734226 
1.25 1.2499983 1.3 1.3 1.3 1.3 1.55 1.55 1.55 2.02 2.02 2.02 2.02 2.0196021 0.74 0.74 0.74 0.74 0.87999751 0.88 0.88 0.88 0.66580268 0.62 0.62 0.62 0.62 0.84999981 0.85 0.84999999 -0.4557839 0.84 0.84 0.84 0.84000067 1.54 1.21 1.21 1.21 1.21 0.53 0.53 0.53 0.71 0.71 0.71 0.47994644 -0.07 -0.069999999 0.52 0.52 0.52 0.53000396 
1.25 1.25 1.3 1.3 1.3 1.55 1.55 1.55 1.55 1.9685065 2.02 2.02 2.02 2.0199955 1.1199563 1.12 1.12 1.12 1.0229251 0.82 0.82 0.82 0.82 0.62 0.62 0.62 0.62001517 0.85 0.85 0.85 0.85 0.84007043 1.2337298 1.54 1.54 1.54 1.206828 0.3600177 0.36 0.36 0.52978068 0.25000001 0.25 0.71 0.71 0.70999903 0.48 0.48 1.39 1.39 1.39 1.68 1.95 
1.25 1.25 1.48 1.48 1.48 1.55 1.55 1.55 1.55 2.9 2.9 2.9 2.9 2.7745592 1.12 1.12 1.12 1.12 1.03 0.82 0.82 0.82 0.82 1.26 1.2599997 0.62000095 0.85 0.85 0.85 0.85 1.0474473 1.24 1.5043041 1.54 1.54 1.54 0.36 0.36 0.36 0.36 0.25 0.25 0.25 0.41994639 0.42 0.4797303 0.48 0.48 1.3900004 1.39 1.68 1.68 1.95 
1.25 1.48 1.48 1.48 1.48 1.48 1.5562103 2.35 2.35 2.9 2.9 2.9 2.9 2.8995784 1.12 1.12 1.12 1.1159335 1.03 1.03 0.82 0.82 1.26 1.26 1.26 1.26 0.85 0.85 0.85 0.85 1.24 1.24 1.24 1.5396964 1.54 1.54 0.36 0.36 0.36 0.36 0.25 0.25 0.25 0.42 0.42 0.4200153 0.69 0.69 1.56 1.56 1.68 1.68 1.95 
1.47784 1.48 1.48 1.48 1.48 1.48 2.35 2.35 2.35 2.644383 2.9 2.9 2.9 2.8999818 1.12 1.12 1.12 1.03 1.03 1.03 0.82001049 0.82000269 1.26 1.26 1.26 1.26 0.85002914 0.85 0.85 1.2399103 1.24 1.24 1.24 1.24 1.5380347 0.68 0.68 0.67446184 0.36 0.36 0.2500001 0.25 0.41505721 0.42 0.42 0.6899999 0.69 0.69 1.56 1.56 1.72 1.72 2.04 
1.48 1.48 1.48 1.48 1.48 1.48 2.35 2.35 2.35 2.35 2.380015 2.38 2.38 2.38 1.120001 1.055899 1.02 1.02 1.0299816 1.03 1.03 1.2599994 1.26 1.26 1.26 1.26 1.2597019 0.85 0.85001333 1.24 1.24 1.24 1.24 1.24 0.68 0.68 0.68 0.68 0.68 0.67999978 1.08 1.08 1.0799998 0.53 0.53 0.53 0.34 0.34 1.28 1.28 1.72 1.7200007 2.04 
1.48 1.48 1.48 1.48 1.48 1.48 2.35 2.35 2.35 2.38 2.38 2.38 2.38 2.38 2.0215073 1.02 1.02 1.02 1.02 1.02 1.0204775 1.26 1.26 1.26 1.26 1.2540338 1.0702977 0.87995818 1.2380767 1.24 1.24 1.24 1.24 1.2399988 0.68 0.68 0.68 0.68 0.68 0.86607907 1.08 1.08 1.08 0.53 0.53 0.53 0.34 0.34 1.28 1.28 1.44 2.0069014 2.04 
1.48 1.48 1.48 1.48 1.48 1.4800003 2.3499998 2.35 2.3512452 2.38 2.38 2.38 2.38 2.38 2.314766 1.02 1.02 1.02 1.02 1.02 1.02 1.0988909 1.0700003 1.07 1.07 1.07 1.07 1.07 0.76473808 0.76000568 0.76000001 0.76 0.76 0.75999994 0.68 0.68 0.68 0.68 0.68 1.08 1.08 1.08 1.08 1.0799998 0.53028858 0.71 0.34000004 1.0671981 1.2798248 1.44 1.44 1.4539271 2.11 
1.48 1.48 1.48 1.48 1.48 1.4800556 2.3499531 2.3500018 2.38 2.38 2.38 2.38 2.38 2.38 2.3541221 1.02 1.02 1.02 1.02 1.02 1.02 1.07 1.07 1.07 1.07 1.07 1.07 1.07 0.76008557 0.76 0.76 0.76 0.76 0.76 0.73808001 0.68 0.68 0.68 0.68 1.08 1.08 1.08 1.08 1.0799052 0.71 0.71 0.71231898 1.08 1.08 1.44 1.44 2.11 2.11 
1.48 1.48 1.48 1.48 1.48 1.4811603 2.3489681 2.3766147 2.38 2.38 2.38 2.38 2.38 2.38 2.3561909 1.02 1.02 1.02 1.02 1.02 1.0271191 1.07 1.07 1.07 1.07 1.07 1.07 1.07 0.76000124 0.76 0.76 0.76 0.76 0.76 0.76 0.92709759 1.3112107 1.5212385 1.5532003 1.1037831 1.08 1.08 1.08 0.71002955 0.71 0.71095507 0.870001 1.08 1.08 1.5898059 1.59 1.59 2.1099998 
1.48 1.48 1.48 1.48 1.4800009 1.4872555 2.3464985 2.3799918 2.38 2.38 2.38 2.38 2.38 2.38 2.3482419 1.02 1.02 1.02 1.02 1.02 1.0699998 1.07 1.07 1.07 1.07 1.07 1.07 1.07 0.76000008 0.76 0.76 0.76 0.76 0.76 0.76000016 1.57 1.57 1.57 1.57 1.45 1.45 1.45 1.45 0.86999954 0.87 0.87 0.87 0.8699982 0.7 0.7 1.59 1.59 1.3650382 
1.48 1.48 1.48 1.4800001 1.4800243 1.5036328 2.3764438 2.3799996 2.38 2.38 2.38 2.38 2.38 2.38 2.3338332 1.0200006 1.02 1.02 1.02 1.0203009 1.07 1.07 1.07 1.07 1.07 1.07 1.07 1.07 0.76000007 0.76 0.76 0.76 0.76 0.76 1.5699993 1.57 1.57 1.57 1.57 1.45 1.45 1.45 1.45 1.2934605 0.87 0.87 0.87 0.7000019 0.7 0.7 1.26 1.26 1.26 
1.48 1.48 1.48 1.480002 1.4802382 1.5698946 2.3797108 2.3799999 2.38 2.38 2.38 2.38 2.38 2.3799999 2.314315 1.020032 1.02 1.02 1.0200001 1.0689869 1.07 1.07 1.07 1.07 1.07 1.07 1.07 1.07 0.76000029 0.76 0.76 0.76 0.76 1.4041969 1.57 1.57 1.57 1.57 1.57 1.45 1.45 1.45 1.45 1.45 0.87 0.87 0.87 0.7 0.7 0.7 1.26 1.26 1.26 
1.48 1.4800001 1.4800008 1.4800233 1.4814357 2.0023345 2.3799277 2.3799999 2.38 2.38 2.38 2.38 2.38 2.3799974 2.2911094 1.0204967 1.02 1.02 1.0202589 1.0699957 1.07 1.07 1.07 1.07 1.07 1.07 1.07 1.0699998 0.76000194 0.76 0.76000062 1.5626373 1.64 1.64 1.64 1.57 1.57 1.57 1.57 1.45 1.45 1.45 1.45 1.45 0.87001028 0.87 0.86999992 0.70000001 0.7 0.7000003 1.26 1.26 1.26 
