interpolatedSpi/08-07|22_3.tif
NCOLS 53
NROWS 52
XLLCORNER -116.03883
YLLCORNER 28.596182
DX 0.49850594
DY 0.49788537
NODATA_VALUE -9999
-0.24 -0.24 -0.77513674 -1.24 -0.9 -0.64 -0.28 -0.64 -1.0579102 -0.18 -0.2 1.49 0.81998682 0.66 0.63 0.63 0.63 1.11 0.65 0.65 0.65 0.64999326 -0.049999999 0.09 0.09 0.09 0.029995817 0.03 0.03 -0.2 -0.2 -0.2 -0.2 1.0199998 1.02 1.02 1.02 1.02 1.02 1.02 1.1090416 1.110107 1.53 1.53 1.53 1.53 1.5299347 1.49 1.49 1.49 0.35000237 0.35 0.35 
-0.24002222 -0.74 -0.55999901 -0.25527194 -0.25980164 -0.13 -0.61 0.64877515 0.24 0.77 1.03 0.82 0.82 1.4373991 0.66000916 0.63 1.11 1.11 0.65059978 0.65 0.65 0.65 0.10579113 0.09 0.09 0.09 -0.27999997 -0.28 -0.2 -0.2 -0.2 -0.2 -0.2 1.0199998 1.02 1.02 1.02 1.02 1.02 1.1543911 1.9598674 1.5821761 1.53 1.53 1.53 1.53 1.53 1.49 1.49 1.49 1.3954701 0.35 0.35 
0.33996214 0.34 0.3 0.76 0.48 0.11 0.54 1.26 0.57 1.51 0.86 1.09 0.34 1.33 1.44 1.06 1.11 1.11 1.11 0.43006395 0.43 0.43 0.39 0.09 0.09 0.09 -0.28 -0.28 -0.28 -0.2 -0.2 -0.19999994 0.43544809 1.0189825 1.0148807 0.47503991 0.47 0.47 0.65740273 1.96 1.96 1.9594501 1.53 1.53 1.53 1.53 1.53 1.49 1.49 1.49 1.49 0.35 0.35 
0.19 0.34000019 1.2899755 2.19 0.86 1.38 1.56 1.03 1.2 1.2567038 1.41 1.44 1.38 1.33 -0.13 1.06 -0.74607527 -0.75868977 -1.47 0.43 0.43 -0.44 0.39 0.39 0.09 0.089998152 -0.28 -0.28 -0.28 0.37 0.7815083 1.12 1.12 1.1199995 0.47 0.47 0.47 0.47 1.96 1.96 1.96 1.96 1.53 1.53 1.53 1.53 1.53 1.4900005 1.49 1.49 1.49 0.35001535 0.35 
0.19 1.839999 1.29 1.6147911 0.86 1.07 0.7300732 2.38 1.14 2.3499995 1.8473417 1.609788 0.13 -0.13 -0.13 0.63763225 -0.76 -0.76 -1.47 -1.47 0.42999823 -0.44 0.28 -0.02 0.46 0.46030852 -0.28 -0.28 0.37 0.37 1.12 1.12 1.12 1.1520577 0.47 0.47 0.47 1.96 1.96 1.96 1.96 1.9598571 1.53 1.53 1.53 1.53 1.53 1.529644 1.49 1.48997 0.82 0.82 0.82 
-1.61 0.98 0.99999996 0.73 0.79 1.18 1.18 1.3336344 1.29 0.16 -1.25 0.27 0.26999991 0.45 0.45 -0.020067602 -0.02 -0.2 -0.2 -1.4699989 -0.76 -0.76 -0.02 0.46 0.46 1.78 0.81 0.81 1.7698724 0.37 1.12 1.12 1.29 1.2901348 2.5799074 1.89 1.89 1.9383439 1.96 1.96 0.48184588 0.48 0.48000242 0.62624052 0.61010168 0.61000025 0.61000003 0.61000035 0.94687484 0.82 0.82 0.82 0.82 
-1.5100039 0.26 0.85908662 0.1 0.14 0.65 1.24 1.31 1.28 1.28 -1.25 -0.02 -0.84999979 0.45 -0.29999775 -0.3 -0.02 -0.46 -0.17 -0.17 -0.71287351 -0.66 -0.66 1.59 1.78 1.78 0.81 0.81 1.7699796 1.7696245 1.7390138 1.29 1.29 2.58 2.58 2.0043744 1.89 1.89 2.4799795 0.48000278 0.48 0.48 0.48001457 0.61000424 0.61 0.61 0.61 0.6100002 0.95 0.82002576 0.82 0.82 0.82 
-1.51 0.4 1.25 0.02 1.1465595e-06 0.34 0.91 0.98000001 0.49 1.33 1.33 -0.08 -0.85 -0.85 -0.30377351 -0.9921753 -1.06 -0.08 -0.34999982 -0.17 0.67236563 0.77 -0.06 0.94 0.93999458 0.52 0.99 0.98999994 1.4212264 1.42 1.74 1.228846 1.69 2.58 2.5546161 2.1 2.1 2.48 2.48 0.48 0.48 0.48000002 1.3674373 1.37 0.61 0.61 0.61 0.94998706 0.95 0.95 0.82 0.82 0.82 
0.2467673 0.4 0.66 1.5514686e-16 0.53 0.26 1.06 1.1 1.75 0.93661364 0.4 0.090000003 0.09 1.04 1.0399913 -1.0001672 -1 -1 -0.12121592 0.019999916 -0.38 -0.37999999 1.04 0.37349192 0.56232491 0.52 1.27 0.99 1.4175013 1.42 1.1 2.22 1.7264189 1.52 1.69 1.67 1.64 0.84 2.2593443 0.48441914 1.47 1.07 1.3700472 1.37 1.3657223 0.61 2.1299999 0.95000001 0.95 0.95 0.95 0.78389284 0.12 
-0.61 -0.61 1.1 0.01 -0.12 0.27 0.32 0.45 0.8 0.73001482 1.16 1.15 1.04 1.04 0.11 0.094775848 -1 -0.99979376 -0.06 0.02 0.02 -0.031533439 1.04 1.4199928 1.42 1.42 1.27 1.83 1.83 1.42 1.42 2.2181413 1.24 1.52 1.35 1.67 1.64 1.93 2.26 -0.16013091 1.07 1.2867302 1.66 1.37 1.37 2.13 2.13 2.13 0.95 0.95 0.53 0.53 0.52999985 
-0.61 -0.61 0.13 0.04 -0.05 -0.18 -0.089999992 0.70042584 0.95 0.45 0.78 0.15 1.1486685 0.11 0.11 0.10994117 -0.4 -0.38215521 -0.06 -0.28 -0.28 -0.41 -0.41 1.42 1.42 1.42 1.83 1.83 1.83 0.14 0.14 0.14000181 1.14 1.14 0.95 0.33 1.11 0.87000213 1.26 -0.2 -0.2 0.21000477 1.66 1.37 1.1099998 0.84 0.82564187 0.82 0.42 0.42 0.53 0.53 0.53 
-0.61 -0.2904576 0.09159379 0.070008454 0.81 -0.44 -0.09 0.7 0.94999791 0.45553939 0.15000039 0.15 -0.22 0.11 0.11 -0.39999998 -0.4 -0.39998065 -0.06 -0.28 -0.30552936 -0.41 -0.41 1.419927 1.42 1.2326298 0.85 0.85 0.85000012 0.14 0.14 0.07 0.07 1.1399995 0.95 0.93999992 1.1116034 0.87 0.87 -0.19999999 0.21 0.21 0.21000674 1.11 1.11 0.84 0.82 0.82 0.42 0.42 0.53 0.53 0.53 
1.44 0.74661855 0.79997181 0.79472013 0.80999358 -0.43997049 -0.09000001 0.69027556 0.93277244 0.93694367 -0.22 -0.22 -0.22 -0.22 0.10995325 -0.4 -0.4 -0.39561006 -0.06 -0.27981925 0.34 0.34 0.34 0.34 1.4012518 0.85 0.85 0.85 0.85 0.84939776 0.07 0.07 0.07 0.07 0.94 0.94 0.94 0.87366683 0.86256457 -0.12 -0.12 0.20998225 0.080035259 1.1099008 1.11 0.84 0.82 0.82 0.42 0.42 0.52960093 0.53 -0.2276757 
1.44 0.8 0.8 0.8 0.8 0.79999949 -0.090895781 0.28383104 0.88681083 -0.21875245 -0.22 -0.22 -0.22 -0.22 -0.21999995 -0.39999999 -0.39999995 -0.37667832 -0.060003441 0.34 0.34 0.34 0.34 0.34 0.34281209 0.41450327 0.17000014 0.17 0.17 0.17 0.069999996 0.07 0.07000006 0.12 0.12 0.94 0.24974388 0.23 -0.1199998 -0.12 -0.12 -0.12 0.08 0.08 0.08 0.085288908 0.80013428 0.8 0.8 0.8 0.79999999 0.46000001 0.46 
1.73 0.8 0.8 0.8 0.8 0.8 0.79999994 0.14047299 -0.15440707 -0.16 -0.16 -0.16 -0.16 -0.16 -0.16 0.41801714 -0.38679807 -0.35344242 0.33994959 0.34 0.34 0.34 0.34 0.3399999 0.47 0.47 0.46999958 0.17 0.17 0.16927912 -0.19 -0.19 0.12 0.12 0.12 0.21237915 0.23 0.23 0.23 -0.12 -0.12 -0.12 0.08 0.08 0.08 0.08 0.79999998 0.8 0.8 0.8 0.8 0.46 0.46 
1.73 1.3837716 0.8 0.8 0.8 0.8 0.25010795 0.25 0.24999999 -0.16 -0.16 -0.16 -0.16 -0.16 -0.029841872 0.43 0.43 0.43 0.25027432 0.25000009 0.25 0.25 0.25 0.25 0.47 0.47 0.47 0.47 0.17 -0.19 -0.19 -0.19 0.11999997 0.12 0.12 0.13 0.2298676 0.23 0.23 -0.1199714 -0.063157566 0.069432132 0.08 0.08 -0.37858041 -0.38 -0.38 0.79671113 -1.1930109 -1.1999998 -1.1999996 -0.81980635 0.4599974 
1.73 1.0779943 0.93157197 0.8 0.8 0.25032497 0.25 0.25 0.25 0.24704542 -0.16 -0.16 -0.16 -0.15999993 0.43 0.43 0.43 0.43 0.25016079 0.25 0.25 0.25 0.25 0.25 0.46999999 0.47 0.47 0.47 0.46759935 -0.19 -0.19 -0.19 0.36999999 0.12000705 0.13 0.13 0.13 0.13088685 0.08013337 0.07 0.07 0.07 -0.44 -0.44 -0.38 -0.38 -0.38 -1.2 -1.2 -1.2 -1.2 -0.82 -0.82 
1.0603689 1.06 1.06 1.06 0.17 0.24999794 0.25 0.25 0.25 0.25 -0.019182618 -0.15997576 -0.15999995 0.43 0.43 0.43 0.43 0.43 0.37990572 0.25 0.25 0.25 0.25 0.25 0.03494016 -0.47999485 -0.48 -0.48 -0.48 -0.18999997 0.36999999 0.37 0.37 0.37 0.13 0.13000211 0.21 0.21 0.071748109 0.07 0.07 0.07 -0.44 -0.44 -0.38929007 -0.38 -0.38 -1.2 -1.2 -1.2 -1.1959254 -0.82 -0.82 
1.06 1.06 1.06 0.64088572 0.17 0.17 0.25 0.25 0.25 0.25 1.7 1.7 1.7 0.43 0.43 0.43 0.43 0.42987936 -0.14 -0.14 0.24999984 0.25 0.24342664 -0.02 -0.02414118 -0.48 -0.48 -0.48 -0.48 0.36991345 0.37 0.37 0.37 0.37 0.20999972 0.21 0.21 0.21 0.20951853 0.07 0.07 0.07 -0.44 -0.44 -0.44 -0.38 -0.38 -1.2 -1.2 -1.2 -0.82 -0.82 -0.82 
1.06 1.06 1.06 0.17 0.17 0.17 0.17000012 0.25 0.25 1.6985032 1.7 1.7 1.7 1.6992087 -0.16087836 -0.3 -0.3 -0.3 -0.14 -0.14 -0.14 -0.02 -0.02 -0.02 -0.020078436 -0.38558562 -0.48 -0.48 -0.48 0.12270633 0.090027539 0.09 0.09 0.09 0.28873551 0.39999957 0.4 0.4 0.4 -0.5299179 -0.53 -0.53 -0.44 -0.44 -0.89999808 -0.89999967 0.04 0.04 -0.49 -0.49 -0.49 -0.82 -0.030706356 
1.0599991 1.06 1.06 0.17 0.17 0.17 0.16999999 -0.4399998 0.24724111 1.6982318 1.7 1.7 1.7 1.6960754 -0.3 -0.3 -0.3 -0.29999995 -0.14 -0.14 -0.14 -0.02 -0.02 -0.02 -0.3 -0.3 -0.25 -0.25 -0.25 -0.24814519 0.09 0.09 0.09 0.09 0.24491473 0.4 0.4 0.4 0.4 -0.53 -0.53 -0.53 -0.54164162 -0.9 -0.9 -0.9 0.04 0.04 -0.49 -0.49 -0.49 -0.030000016 -0.03 
0.77 0.87623624 0.31 0.30995938 0.17 -0.43647056 -0.44 -0.44 -0.44 -0.25 -0.25 -0.25 -0.25 -0.25999967 -0.26 -0.29999997 -0.3 -0.29578424 -0.14 -0.14 -0.14 -0.47 -0.47 -0.47 -0.3 -0.3 -0.25 -0.25 -0.25 -0.25000015 -0.44999657 -0.44999848 0.076427911 0.089421083 -0.53927672 -0.54 -0.54 -0.54 -0.54 -0.53 -0.53 -0.53 -0.87962691 -0.9 -0.9 -0.90000001 0.04 0.04 0.039980921 -0.49 -0.48998256 -0.1 -0.03 
-0.2498063 -0.2499999 0.31 0.31 0.31 -0.44 -0.44 -0.44 -0.44 -0.44 -0.25 -0.25 -0.25 -0.26 -0.26 -0.26 -0.26 -0.25998684 -0.14 -0.14 -0.14000001 -0.47 -0.47 -0.47 -0.3 -0.3 -0.25 -0.25 -0.25 -0.44774499 -0.45 -0.45 -0.45 -0.45 -0.53995559 -0.54 -0.54 -0.54 -0.54 -0.9299999 -0.93 -0.93 -0.93 -0.90000031 -0.94 -0.94 -0.94 -0.04 -0.04 -0.04 -0.1 -0.1 -0.1 
-0.25 -0.25 0.31 0.31 0.31 -0.43605787 -0.44 -0.44 -0.44 -0.44 -0.25002339 -0.25 -0.37256871 -0.26000003 -0.26 -0.26 -0.26 -0.37 -0.37 -0.37 -1.15 -1.1499995 -0.47000331 -0.47 -0.47007084 -0.67 -0.67 -0.669999 -0.25006787 -0.91990634 -0.9199975 -0.91991794 -0.45080328 -0.45040561 -0.52427471 -0.54000021 -0.54180966 -1.08 -1.08 -0.93 -0.93 -0.93 -0.93 -0.94 -0.94 -0.94 -0.94 -0.04 -0.04 -0.04 -0.1 -0.1 -0.1 
-0.25 -0.25 0.31 0.31 0.31 0.31 -0.44 -0.44 -0.44 -0.44 -0.4399779 -0.4 -0.4 -0.4 -0.26082505 -0.26 -0.36926699 -0.37 -0.37 -0.37 -1.15 -1.15 -1.15 -1.15 -0.67 -0.67 -0.67 -0.67 -0.67 -0.92 -0.92 -0.92 -0.92 -0.91999874 -0.32 -1.08 -1.08 -1.08 -1.08 -1.0799986 -0.65 -0.65 -0.65 -0.6272233 -0.58 -0.58 -0.58 -0.040000016 -0.040000417 -0.47 -0.47 -0.18997811 -0.19 
-0.25 -0.25 0.10787932 0.31 0.31 0.30999998 -0.53982255 -0.44031514 -0.44 -0.44 -0.39999995 -0.4 -0.4 -0.4 -0.4 -0.38852019 -0.37 -0.37 -0.37 -0.37 -1.149994 -1.15 -1.15 -1.15 -0.67 -0.67 -0.67 -0.67 -0.67 -0.97172695 -0.92 -0.92 -0.92 -0.32 -0.32 -0.32059016 -1.08 -1.08 -0.79298296 -0.57000004 -0.65 -0.65 -0.65 -0.62935147 -0.58 -0.58 -0.58 -1.35 -0.48096471 -0.47 -0.47 -0.19 -0.19 
-1.3 -1.3 -1.3 -0.093671257 0.30833075 -0.54 -0.54 -0.54 -0.54 -0.15 -0.15 -0.39999998 -0.4 -0.4 -0.4 -0.3999981 -0.37 -0.37 -0.37 -0.37 -0.8096333 -1.15 -1.15 -1.1285403 -0.34513983 -0.67 -0.67 -0.67 -0.99 -0.99 -0.99 -0.98999971 -0.32 -0.32 -0.32 -0.32 -0.57 -0.57 -0.57 -0.57 -0.93 -0.93 -0.93 -1.0999966 -1.1 -1.1 -1.0999998 -1.35 -1.35 -0.47107223 -0.47 -0.1900003 -0.19 
-1.3 -1.3 -1.3 -1.2999747 -0.83 -0.78782924 -0.54 -0.54 -0.54 -0.15 -0.15 -0.15 -0.45 -0.45 -0.45 -0.44999998 -0.36857118 -0.37 -0.37 -0.37 -0.38178281 -0.33000225 -0.33 -0.33 -0.33 -0.33000001 -0.45 -0.45 -0.99 -0.99 -0.99 -0.99 -0.32000004 -0.32 -0.32 -0.32000407 -0.56999998 -0.57 -0.57 -0.56649054 -0.93 -0.93 -0.93 -1.0999921 -1.1 -1.1 -1.1 -1.35 -1.35 -1.3499999 -0.25 -0.25 -0.74 
-1.3 -1.3 -1.3 -0.83000108 -0.83 -0.83 -0.54000011 -0.54 -0.54 -0.15 -0.15 -0.15 -0.45 -0.45 -0.45 -0.38450279 0.41 0.41 0.40999799 -0.36559436 -0.33 -0.33 -0.33 -0.33 -0.33 -0.33009031 -0.45 -0.45 -0.45 -0.99 -0.99 -0.98982621 -0.37 -0.37 -0.37 0.33 0.33 0.23 0.23 0.23 0.55 -0.92953577 -0.92999388 -0.11 -0.11 -0.14751987 -1.0999978 -1.35 -1.35 -0.25 -0.25 -0.25 -0.74 
-1.3 -1.3 -1.3 -0.83 -0.83 -0.83 -0.83 -0.54 -0.54 -0.15 -0.15 -0.43800433 -0.45 -0.45 -0.45 0.41 0.41 0.41 0.41 0.41 -0.33 -0.33 -0.33 -0.33 -0.33 -0.44999959 -0.45 -0.45 -0.45 -0.72 -0.72 -0.72 -0.37 -0.37 -0.37 0.33 0.33 0.23 0.23 0.55 0.55 0.55 -0.11 -0.11 -0.11 -0.11 -0.081248433 0.24 0.24 0.24 -0.24999998 0.57 0.57 
-1.3 -1.3 -1.2993455 -0.83 -0.83 -0.83 -0.83 -0.85856035 -0.86 -0.85878103 -0.15000001 -0.44998576 -0.45 -0.45 -0.44999702 0.41 0.41 0.41 0.41 0.41 1.5400724 -0.33 -0.33 -0.33 -0.32982493 -0.44994542 -0.45 -0.45 -0.45 -0.72 -0.72 -0.72 -0.71995275 -0.37 0.33 0.33 0.33 0.32999597 0.23002182 0.55 0.55 0.55 -0.10995993 -0.11 -0.11 -0.11 0.23999876 0.24 0.24 0.24 0.57 0.57 0.57 
-0.97 -0.97000058 -0.83025213 -0.83 -0.83 -0.83 -0.85999362 -0.86 -0.86 -0.86 -0.28000001 -0.28 -0.28 -0.28 0.40681536 0.41 0.41 0.41 0.41 1.6199993 1.62 1.62 0.51999986 0.52 0.52 0.52 0.43627652 -0.45 -1.1199726 -1.12 -1.12 -1.12 -1.12 0.45 0.45 0.45 0.45 0.45 0.68 0.68 0.68 0.68 0.68 0.11965329 0.12 0.12 0.12 0.24 0.24 0.24 0.56994801 0.57 0.57 
-0.97 -0.97 -0.962381 -0.060001548 -0.060000171 -0.060780403 -0.86 -0.86 -0.86 -0.86 -0.28 -0.28 -0.28 -0.28 -0.28 0.41 0.41 0.41 1.6199997 1.62 1.62 1.62 0.52 0.52 0.52 0.52 0.52 0.51979312 -1.1197683 -1.12 -1.12 -1.12 -1.1199069 0.22890837 0.44977107 0.45 0.45 0.44999999 0.68 0.68 0.68 0.68 0.68 0.12 0.12 0.12 0.12 0.17611434 0.24 -0.28408683 -0.29 -0.18 -0.18 
-0.97 -0.97 -0.060115269 -0.06 -0.06 -0.06 -0.26319663 -0.86 -0.86 -0.86 -0.28 -0.28 -0.28 -0.28 -0.28 0.40948452 0.41 1.6196452 1.62 1.62 1.62 1.62 0.92750213 0.52 0.52 0.52 0.52 0.51926361 -0.52 -0.52 -0.52 -0.52 -0.52 0.06 0.06 0.06 0.06 0.06 0.36 0.36 0.36 0.36 0.36 0.12017092 0.12000004 0.12 0.12001187 0.12136869 -0.29 -0.29 -0.29 -0.18000062 -0.18 
-0.96999796 0.11835946 -0.059999972 -0.06 -0.06 -0.06 -0.06 -0.85965937 -0.86 -0.86 -0.28 -0.28 -0.28 -0.28 1.3822407 1.42 1.42 1.6199949 1.62 1.62 1.62 1.62 1.6199998 0.52 0.52 0.52 0.52 -0.090000385 -0.090000199 -0.18151445 -0.52 -0.52 -0.52 0.060000003 0.06 0.06 0.06 0.060250595 0.36 0.36 0.36 0.36 0.36000536 0.19 0.19 0.19 0.19 0.18996129 -0.29 -0.29 -0.29 -0.29000021 -0.62337266 
0.14 0.14 0.19933923 -0.06 -0.06 -0.06 -0.06 -0.06 -0.85965482 0.81999997 0.82 0.82 0.81738948 1.4199976 1.42 1.42 1.42 1.42 1.6199933 1.5625594 1.06 1.06 1.06 0.91786236 0.43195999 -0.039125426 -0.43634903 -0.09 -0.09 -0.09 -0.09 -0.09 -0.10328676 0.42629624 0.43 0.43 0.43 0.43 0.3731497 0.42999987 0.43 0.43 0.43 -0.09999915 0.18999992 0.19 0.19 0.15 -0.28999295 -0.29 -0.29 -0.63 -0.63 
0.14 0.14 0.78999999 0.79 0.79 -0.059716859 -0.06 -0.06 0.82 0.82 0.82 0.82 0.82 1.42 1.42 1.42 1.42 1.42 1.06 1.06 1.06 1.06 1.06 -0.57999992 -0.58 -0.58 -0.58 -0.090000002 -0.09 -0.09 -0.09 -0.09 0.1 0.1 0.43 0.43 0.43 0.26002895 0.26 0.43 0.43 0.43 0.43 -0.1 -0.1 -0.1 0.15 0.15 0.15 0.31 0.31 -0.63 -0.63 
0.14 0.14 0.79 0.79 0.79 0.79 0.78999588 0.04 0.81926561 0.82 0.82 0.82 0.82 1.4125155 1.42 1.42 1.42 1.42 1.06 1.06 1.06 1.06 1.06 -0.58 -0.58 -0.58 -0.58 -0.57999804 -0.09 -0.09 -0.09 0.099990039 0.1 0.1 0.1 0.43 0.26 0.26 0.26 0.26447302 0.43 0.43 0.43 -0.1 -0.1 -0.1 0.15 0.15 0.15 0.31 0.31 0.31 -1.0104009 
-0.71 -0.70999333 0.79 0.79 0.79 0.79 0.04 0.04 0.04 0.82 0.82 0.82 0.82 0.82018652 1.42 1.42 1.42 1.42 1.0600062 1.06 1.06 1.06 -0.29109109 -0.58 -0.58 -0.58 -0.58 -0.85999977 -0.86 -0.85999999 -0.098257069 0.1 0.1 0.1 0.099999714 -0.2 0.26 0.26 0.26 0.26 0.43 0.43 0.43 -0.12 -0.12 -0.12 -0.16996884 0.15 0.15 0.31 0.31 0.31 -1.0499981 
-0.71 -0.71 0.79 0.79 0.79 0.04 0.04 0.04 0.04 0.73447683 0.82 0.82 0.82 0.8200042 1.9599379 1.96 1.96 1.96 0.8156284 0.67 0.67 0.67 0.67 -0.58 -0.58 -0.58 -0.58001847 -0.86 -0.86 -0.86 -0.86 0.099843392 -0.068741322 -0.2 -0.2 -0.2 0.25652676 -0.66998064 -0.67 -0.67 0.42911488 -0.69999997 -0.7 -0.12 -0.12 -0.12000021 -0.17 -0.17 -0.28 -0.28 -0.28 -0.18 -0.38 
-0.71 -0.71 -0.16 -0.16 -0.16 0.04 0.04 0.04 0.04 0.08 0.08 0.08 0.08 0.212488 1.96 1.96 1.96 1.96 0.82 0.67 0.67 0.67 0.67 -0.66 -0.65999997 -0.58000012 -0.86 -0.86 -0.86 -0.86 -0.97644331 -1.09 -0.30589779 -0.2 -0.2 -0.2 -0.67 -0.67 -0.67 -0.67 -0.7 -0.7 -0.7 -0.34011352 -0.34 -0.17076414 -0.17 -0.17 -0.27999672 -0.28 -0.18 -0.18 -0.38 
-0.71 -0.16 -0.16 -0.16 -0.16 -0.16 0.04287227 0.41 0.41 0.08 0.08 0.08 0.08 0.080445235 1.96 1.96 1.96 1.9084912 0.82 0.82 0.67 0.67 -0.66 -0.66 -0.66 -0.66 -0.86 -0.86 -0.86 -0.86 -1.09 -1.09 -1.09 -0.20090061 -0.2 -0.2 -0.67 -0.67 -0.67 -0.67 -0.7 -0.7 -0.7 -0.34 -0.34 -0.33996317 0.31 0.31 0.42 0.42 -0.18 -0.18 -0.38 
-0.16516518 -0.16 -0.16 -0.16 -0.16 -0.16 0.41 0.41 0.41 0.23337021 0.08 0.08 0.08 0.080030101 1.96 1.96 1.96 0.82 0.82 0.82 0.67000749 0.66999188 -0.66 -0.66 -0.66 -0.66 -0.85998578 -0.86 -0.86 -1.0899471 -1.09 -1.09 -1.09 -1.09 -0.20387715 -1.4 -1.4 -1.3873661 -0.67 -0.67 -0.69999997 -0.7 -0.35046707 -0.34 -0.34 0.30999977 0.31 0.31 0.42 0.42 0.34 0.34 -0.15 
-0.16 -0.16 -0.16 -0.16 -0.16 -0.16 0.41 0.41 0.41 0.41 1.1999677 1.2 1.2 1.2 1.9599958 1.1779679 0.74 0.74 0.81985252 0.82 0.81999997 -0.65999807 -0.66 -0.66 -0.66 -0.66 -0.66014541 -0.86 -0.86000786 -1.09 -1.09 -1.09 -1.09 -1.09 -1.4 -1.4 -1.4 -1.4 -1.4 -1.3999975 -1.45 -1.45 -1.4499998 -0.92 -0.92 -0.92 -0.7 -0.7 -0.84 -0.84 0.34 0.33999893 -0.15 
-0.16 -0.16 -0.16 -0.16 -0.16 -0.16 0.41 0.41 0.41 1.2 1.2 1.2 1.2 1.2 1.0787451 0.74 0.74 0.74 0.74 0.74 0.74381974 -0.65999999 -0.66 -0.66 -0.66 -0.6694203 -0.9595299 -0.87361642 -1.0888658 -1.09 -1.09 -1.09 -1.09 -1.0900007 -1.4 -1.4 -1.4 -1.4 -1.4 -1.4232599 -1.45 -1.45 -1.45 -0.92 -0.92 -0.92 -0.7 -0.7 -0.84 -0.84 0.12999998 -0.13455385 -0.15 
-0.16 -0.16 -0.16 -0.16 -0.16 -0.15999983 0.40999987 0.41 0.4427894 1.2 1.2 1.2 1.2 1.2 1.1779356 0.74 0.74 0.74 0.74 0.74 0.74 -0.90879392 -0.95999958 -0.96 -0.96 -0.96 -0.96 -0.96 -1.6596813 -1.6699931 -1.67 -1.67 -1.67 -1.6699998 -1.4 -1.4 -1.4 -1.4 -1.4 -1.45 -1.45 -1.45 -1.45 -1.4499998 -0.92019239 -1.04 -0.70000004 -0.51328698 -0.83971085 0.13 0.13 0.12459547 -0.13 
-0.16 -0.16 -0.16 -0.16 -0.16 -0.15996359 0.40996926 0.4100478 1.199999 1.2 1.2 1.2 1.2 1.2 1.1912472 0.74 0.74 0.74 0.74 0.74 0.74 -0.96 -0.96 -0.96 -0.96 -0.96 -0.96 -0.96 -1.669804 -1.67 -1.67 -1.67 -1.67 -1.67 -1.59602 -1.4 -1.4 -1.4 -1.4 -1.45 -1.45 -1.45 -1.45 -1.449895 -1.04 -1.04 -1.0366782 -0.51 -0.51 0.13 0.13 -0.13 -0.13 
-0.16 -0.16 -0.16 -0.16 -0.16 -0.15923983 0.40934562 1.1108537 1.2 1.2 1.2 1.2 1.2 1.2 1.1919469 0.74 0.74 0.74 0.74 0.74 0.49795089 -0.96 -0.96 -0.96 -0.96 -0.96 -0.96 -0.96 -1.6699972 -1.67 -1.67 -1.67 -1.67 -1.67 -1.67 -1.5693649 -1.8326276 -1.9765792 -1.9984708 -1.4474289 -1.45 -1.45 -1.45 -1.0400327 -1.04 -1.0394628 -0.9499979 -0.51 -0.51 0.48989532 0.49 0.49 -0.12999973 
-0.16 -0.16 -0.16 -0.16 -0.15999942 -0.15524607 0.47430771 1.1997828 1.2 1.2 1.2 1.2 1.2 1.2 1.1892583 0.74 0.74 0.74 0.74 0.73999999 -0.95999266 -0.96 -0.96 -0.96 -0.96 -0.96 -0.96 -0.96 -1.6699998 -1.67 -1.67 -1.67 -1.67 -1.67 -1.6700001 -2.01 -2.01 -2.01 -2.01 -1.41 -1.41 -1.41 -1.41 -0.95000026 -0.95 -0.95 -0.95 -0.94998941 0.01 0.01 0.49 0.49 0.40662062 
-0.16 -0.16 -0.16 -0.15999996 -0.15998408 -0.1441666 1.1448215 1.1999897 1.2 1.2 1.2 1.2 1.2 1.2 1.1843848 0.74000019 0.74 0.74 0.74 0.72976844 -0.96 -0.96 -0.96 -0.96 -0.96 -0.96 -0.96 -0.96 -1.6699998 -1.67 -1.67 -1.67 -1.67 -1.67 -2.0099997 -2.01 -2.01 -2.01 -2.01 -1.41 -1.41 -1.41 -1.41 -1.285848 -0.95 -0.95 -0.95 0.0099892613 0.01 0.01 0.37 0.37 0.37 
-0.16 -0.16 -0.15999997 -0.15999871 -0.15984204 -0.064979305 1.1969445 1.1999974 1.2 1.2 1.2 1.2 1.2 1.2 1.177783 0.74001082 0.74 0.74 0.73999805 -0.92555531 -0.96 -0.96 -0.96 -0.96 -0.96 -0.96 -0.96 -0.96 -1.6699993 -1.67 -1.67 -1.67 -1.67 -1.5748348 -2.0099999 -2.01 -2.01 -2.01 -2.01 -1.41 -1.41 -1.41 -1.41 -1.41 -0.95 -0.95 -0.95 0.0099999904 0.01 0.01 0.37 0.37 0.37 
-0.16 -0.15999996 -0.15999946 -0.15998457 -0.15884954 0.59593985 1.1994516 1.1999984 1.2 1.2 1.2 1.2 1.2 1.1999991 1.1699341 0.740168 0.74000001 0.73999994 0.73119828 -0.95985545 -0.96 -0.96 -0.96 -0.96 -0.96 -0.96 -0.96 -0.96000041 -1.6699956 -1.67 -1.6699999 -1.5514286 -1.54 -1.54 -1.54 -2.01 -2.01 -2.01 -2.01 -1.41 -1.41 -1.41 -1.41 -1.41 -0.95000815 -0.95 -0.94999953 0.0099999314 0.01 0.010000195 0.37 0.37 0.37 
