interpolatedSpi/08-07|20_3.tif
NCOLS 53
NROWS 52
XLLCORNER -116.03883
YLLCORNER 28.596182
DX 0.49850594
DY 0.49788537
NODATA_VALUE -9999
1.59 1.59 0.93370941 0.29 1.02 1.03 1.82 2.04 0.92101062 0.72 0.66 0.67 0.50011364 1.88 1.87 1.87 1.87 1.2 1.1 1.1 1.1 1.1000056 1.68 0.74 0.74 0.74 1.8999982 1.9 1.9 0.71 0.71 0.71 0.71 1.3799999 1.38 1.38 1.38 1.38 1.38 1.38 1.8449904 1.8501244 2.34 2.34 2.34 2.34 2.340049 2.37 2.37 2.37 2.0200007 2.02 2.02 
1.5899729 0.98 1.2900009 1.3733993 1.3000827 1.91 1.61 1.6105646 1.3 0.75 0.42 0.5 0.5 1.5012671 1.8799953 1.87 1.2 1.2 1.1001304 1.1 1.1 1.1 0.71526057 0.74 0.74 0.74 0.81999999 0.82 0.71 0.71 0.71 0.71 0.71 1.3799999 1.38 1.38 1.38 1.38 1.3799999 1.2093073 0.36004827 2.0997427 2.34 2.34 2.34 2.34 2.34 2.37 2.37 2.37 2.3409777 2.02 2.02 
2.1499723 2.15 2.05 2.24 1.9 1.46 1.39 1.34 1.71 0.92 0.88 0.65 -0.03 1.14 1.5 2.53 1.2 1.2 1.2 0.83007849 0.83 0.83 0.27 0.74 0.74 0.74 0.82 0.82 0.82 0.71 0.71 0.70999996 0.34894995 1.3769085 1.3712506 0.44861366 0.44 0.44 0.42993811 0.36 0.36 0.36253192 2.34 2.34 2.34 2.34 2.34 2.37 2.37 2.37 2.37 2.02 2.02 
0.9 2.1499998 1.3399985 1.62 0.94 1.71 2.41 0.63 1.52 1.0810664 1.4 1.48 1.19 1.14 1.62 2.53 0.1285153 0.11076372 0.82 0.83 0.83 -0.17 0.27 0.27 0.74 0.7400004 0.82 0.82 0.82 0.09 0.018671895 -0.04 -0.04 -0.039999617 0.44 0.44 0.44 0.44 0.36 0.36 0.36 0.36000007 2.34 2.34 2.34 2.34 2.34 2.3699996 2.37 2.37 2.37 2.0199203 2.02 
0.9 0.75000108 1.34 1.5408063 0.94 2.39 1.5500848 1.64 0.88 1.4899999 1.0473639 0.84016902 2.02 1.62 1.62 2.190858 0.11 0.11 0.82 0.82 0.82999796 -0.17 0.3 0.36 -0.15 -0.1500325 0.82 0.82 0.090000001 0.09 -0.04 -0.04 -0.04 0.056172343 0.44 0.44 0.44 0.36 0.36 0.36 0.36 0.36 2.34 2.34 2.34 2.34 2.34 2.340267 2.37 2.3698749 -0.42 -0.42 -0.42 
-0.18 0.99 1.24 1.07 2.2 2.37 1.72 1.7097577 1.7 1.43 1.82 0.63 0.63000092 0.86 0.86 0.23001207 0.23 0.11 0.11 0.81999937 -0.58 -0.58 0.36 -0.15 -0.15 -0.29 -0.82 -0.82 0.50996233 0.09 -0.04 -0.04 0.47 0.47 0.47000009 1.04 1.04 0.57037352 0.36 0.36 0.36 0.36 0.35999857 0.23777686 0.20023651 0.20000057 0.20000007 0.20000079 -0.99428854 -0.42 -0.42 -0.42 -0.42 
-0.089999182 0.49 0.27943155 1.15 2.36 1.73 1.84 2.04 1.99 1.99 1.82 0.9 0.39999981 0.86 0.28000174 0.28 0.23 0.4 0.11 0.11 -0.54229881 -0.5 -0.5 -1.35 -0.29 -0.29 -0.82 -0.82 0.5100204 0.51037552 0.86996743 0.47 0.47 0.47 0.47 -0.14731529 1.04 1.04 -1.1399244 0.35999791 0.36 0.36 0.35999218 0.20000145 0.2 0.2 0.2 0.19999916 -1.21 -0.42015656 -0.42 -0.42 -0.42 
-0.09 -0.3 0.35 -0.04 -0.72996044 0.54 1.02 1.05 0.93 0.73 0.73 -0.4 0.4 0.4 0.28082331 0.36196813 0.37 0.27 -0.099999785 0.11 -0.21858062 -0.16 -0.68 -1.38 -1.3799992 -1.32 -1.88 -1.8799996 0.85877355 0.86 0.87 0.79999717 0.8 0.47 0.43377808 -1.14 -1.14 -1.14 -1.14 0.36 0.36 0.35999999 0.45448994 0.45999999 0.2 0.2 0.2 -1.2099463 -1.21 -1.21 -0.42 -0.42 -0.42 
-0.30758578 -0.29999999 -0.23 -0.44 0.72 0.4 0.57 1.63 1.68 1.3052043 0.36 0.47 0.47 -0.8 -0.79998984 0.050891867 0.05 0.05 0.21351893 -0.82000001 -0.85 -0.84999999 -0.06 -0.4356682 -1.3260464 -1.32 -1.49 -1.88 -0.66708942 -0.66 0.8 2.55 1.8650263 -0.54 -0.8 -1.32 -0.95 -1.12 -1.5797876 0.35732174 -0.24 -0.42 0.45998532 0.46 0.45853658 0.2 -0.98999994 -1.21 -1.21 -1.21 -1.21 -0.6192119 -0.37 
-0.35 -0.35 -0.17 -0.34 0.78 1.29 0.79 1.25 1.8 1.2099926 0.6 0.08 -0.8 -0.8 0.28 0.27684545 0.05 0.049878205 -0.55 -0.82 -0.82 -0.82386497 -0.06 -0.3399947 -0.34 -0.34 -1.49 0.18 0.18 -0.66 -0.66 2.5474206 1.19 -0.54 0.05 -1.32 -0.95 -1.14 -1.58 1.105755 -0.41999999 -0.12980188 0.37 0.46 0.46 -0.99 -0.99 -0.99 -1.21 -1.21 -2.02 -2.02 -2.0199994 
-0.35 -0.35 -0.36 -0.42 -0.07 0.19 0.15000001 0.71014541 0.89 0.58 0.67 0.3 0.080291581 0.28 0.28 0.27997924 0.1 0.065884951 -0.55 0.46 0.46 0.32 0.32 -0.34 -0.34 -0.34 0.18 0.18 0.18 -0.66 -0.66 -0.65999695 -0.08 -0.08 0.2 -0.86 -0.46 0.44999549 -1.25 1.15 1.15 1.1699974 0.37 0.46 -0.95000025 -1.64 -1.438062 -1.44 -2.09 -2.09 -2.02 -2.02 -2.02 
-0.35 -0.35433754 -0.38560414 -0.60999481 -0.26 -0.17 0.15 0.71 0.8899985 0.58343442 0.30000036 0.3 0.05 0.28 0.28 0.10000001 0.1 0.099963006 -0.55 0.46 0.43250685 0.32 0.32 -0.33997363 -0.34 -0.40245672 -0.53 -0.53 -0.52999991 -0.66 -0.66 -0.41 -0.41 -0.079999232 0.2 0.7899994 -0.39906458 0.45 0.45 1.15 1.17 1.17 1.1699845 -0.95 -0.95 -1.64 -1.44 -1.44 -2.09 -2.09 -2.02 -2.02 -2.02 
0.96 0.96594901 1.0799441 1.0677566 -0.25999949 -0.17000212 0.14999999 0.70310673 0.87759616 0.88190507 0.05 0.05 0.05 0.05 0.27996742 0.1 0.1 0.091607464 -0.55 0.45989236 0.11 0.11 0.11 0.11 -0.33254991 -0.53 -0.53 -0.53 -0.53 -0.53013392 -0.41 -0.41 -0.41 -0.41 0.79 0.79 0.79 0.46577539 0.45285401 0.83 0.83 1.1699817 -0.45001711 -0.94995184 -0.95 -1.64 -1.44 -1.44 -2.09 -2.09 -2.020254 -2.02 -1.2858567 
0.96 1.08 1.08 1.08 1.08 1.0799995 0.14918088 0.41499452 0.84450381 0.050896941 0.05 0.05 0.05 0.05 0.050000229 0.1 0.099999897 0.055414436 -0.5499888 0.11 0.11 0.11 0.11 0.11 0.088596869 -0.6866999 -0.73999996 -0.74 -0.74 -0.74 -0.41000001 -0.41 -0.41000018 -0.56 -0.56 0.79 0.60528357 0.6 0.82999987 0.83 0.83 0.83 -0.45 -0.45 -0.45 -0.45828132 -1.1022537 -1.1 -1.1 -1.1 -1.1 -0.060000404 -0.06 
0.94 1.08 1.08 1.08 1.08 1.08 1.0799999 0.22170335 0.36235436 0.36 0.36 0.36 0.36 0.36 0.36 -0.14949577 0.09581612 0.010993248 0.10991723 0.11 0.11 0.11 0.11 0.10999935 -0.88 -0.88 -0.8799998 -0.74 -0.74 -0.74050061 -0.99 -0.99 -0.56 -0.56 -0.56 0.41418057 0.6 0.6 0.6 0.83 0.83 0.83 -0.45 -0.45 -0.45 -0.45 -1.1 -1.1 -1.1 -1.1 -1.1 -0.06 -0.06 
0.94 0.99212041 1.08 1.08 1.08 1.08 0.070198229 0.07 0.070000007 0.36 0.36 0.36 0.36 0.36 0.24528436 -0.16 -0.16 -0.16 -0.44829441 -0.44999943 -0.45 -0.45 -0.45 -0.45 -0.88 -0.88 -0.88 -0.88 -0.74 -0.99 -0.99 -0.99 -0.56000004 -0.56 -0.56 0.47 0.59982788 0.6 0.6 0.82986061 0.55177124 -0.097220436 -0.45 -0.45 -0.61947537 -0.62 -0.62 -1.0975354 0.39475818 0.39999987 0.39999972 0.74987731 -0.059998353 
0.94 0.94973168 1.014214 1.08 1.08 0.070596756 0.07 0.07 0.07 0.072089823 0.36 0.36 0.36 0.35999994 -0.16 -0.16 -0.16 -0.16 -0.44974095 -0.45 -0.45 -0.45 -0.45 -0.45 -0.87999999 -0.88 -0.88 -0.88 -0.8804001 -0.99 -0.99 -0.99 -0.16000002 -0.55988557 0.47 0.47 0.47 0.46462332 -0.05568344 -0.1 -0.1 -0.1 -0.52 -0.52 -0.62 -0.62 -0.62 0.39999999 0.4 0.4 0.4 0.75 0.75 
0.95019156 0.95 0.95 0.94999999 0.14 0.070001806 0.07 0.07 0.07 0.07 0.3092754 0.35999127 0.35999998 -0.16 -0.16 -0.16 -0.16 -0.16 -0.25975117 -0.45 -0.45 -0.45 -0.45 -0.45 -0.47229973 -0.18000379 -0.18 -0.18 -0.18 -0.98999996 -0.16000001 -0.16 -0.16 -0.16 0.47 0.4699871 -0.02 -0.02 -0.099001081 -0.1 -0.1 -0.1 -0.52 -0.52 -0.60451656 -0.62 -0.62 0.4 0.4 0.4 0.40375291 0.75 0.75 
0.95 0.95 0.95 0.56855892 0.14 0.14 0.07 0.07 0.07 0.07 -0.31 -0.31 -0.31 -0.16 -0.16 -0.16 -0.16 -0.16011403 -1.38 -1.38 -0.45000038 -0.45 -0.45365187 -0.6 -0.59621892 -0.18 -0.18 -0.18 -0.18 -0.16000204 -0.16 -0.16 -0.16 -0.16 -0.019998277 -0.02 -0.02 -0.02 -0.020252047 -0.1 -0.1 -0.1 -0.52 -0.52 -0.52 -0.62 -0.62 0.39999999 0.4 0.4 0.75 0.75 0.75 
0.95 0.95 0.95 0.14 0.14 0.14 0.13999989 0.07 0.07 -0.30960773 -0.31 -0.31 -0.31 -0.30990655 -0.71850146 -0.85 -0.85 -0.85 -1.38 -1.38 -1.38 -0.6 -0.6 -0.6 -0.5999972 -0.39505497 -0.18 -0.18 -0.18 0.57137664 0.73991148 0.74 0.74 0.74 0.19276791 0.48999884 0.49 0.49 0.49 0.18996032 0.19 0.19 -0.52 -0.52 0.58999537 0.59 0.58 0.58 0.83 0.83 0.83 0.75 0.88987482 
0.95000192 0.95 0.94999997 0.14 0.14 0.14 0.14 -0.11999994 0.069240306 -0.30963729 -0.31 -0.31 -0.31 -0.31105963 -0.85 -0.85 -0.85 -0.85000015 -1.38 -1.38 -1.38 -0.6 -0.6 -0.6 -0.59 -0.59 -0.34 -0.34 -0.34 -0.33410826 0.74 0.74 0.74 0.74 0.61506856 0.49 0.49 0.49 0.49 0.19 0.19 0.19 0.20258553 0.59 0.59 0.59 0.58 0.58 0.83 0.83 0.83 0.89 0.89 
1.57 1.2445321 -0.22 -0.21989556 0.14 -0.11849565 -0.12 -0.12 0.080408245 0.090000008 0.09 0.09 0.09 -1.4099512 -1.41 -0.85000043 -0.85 -0.86396472 -1.38 -1.38 -1.38 -1.21 -1.21 -1.21 -0.59 -0.59 -0.34 -0.34 -0.34 -0.33999932 0.59000095 0.59000042 0.73622998 0.73983919 0.00084697968 2.3276059e-12 1.2360981e-31 5.8367735e-31 4.0541358e-12 0.19 0.19 0.19 0.56797416 0.59 0.59 0.58999989 0.58 0.58 0.580009 0.83 0.82999776 0.78 0.89 
0.92012344 0.9199998 -0.22 -0.22 -0.22 -0.12 -0.12 -0.12 0.43 0.43 0.09 0.09 0.09 -1.41 -1.41 -1.41 -1.41 -1.4099945 -1.38 -1.38 -1.38 -1.21 -1.21 -1.21 -0.59 -0.59 -0.34 -0.34 -0.34 0.57951418 0.59 0.59 0.59 0.59 0.00029112955 2.4344924e-27 -1.6028642e-57 -1.5386603e-51 -2.4405692e-18 -0.68999977 -0.69 -0.69 -0.69 0.58999509 -0.05 -0.05 -0.05 0.88 0.88 0.88 0.78 0.78 0.78 
0.92 0.92 -0.22 -0.22 -0.22 -0.12052562 -0.12 0.43 0.43 0.43 0.090041854 0.09 -0.32673361 -1.4099998 -1.41 -1.41 -1.41 -1.73 -1.73 -1.73 -1.44 -1.4399998 -1.2100011 -1.21 -1.2096836 -0.97 -0.97 -0.9699985 -0.34010181 0.7299721 0.72999925 0.72997556 0.59023927 0.59012082 0.10517157 -2.3211413e-07 -0.0020107353 -0.6 -0.6 -0.69 -0.69 -0.69 -0.69 -0.05 -0.05 -0.05 -0.05 0.88 0.88 0.88 0.78 0.78 0.78 
0.92 0.92 -0.22 -0.22 -0.22 -0.22 0.085848934 0.43 0.43 0.43 0.42953047 -0.42 -0.42 -0.42 -1.4041657 -1.41 -1.7278676 -1.73 -1.73 -1.73 -1.44 -1.44 -1.44 -1.44 -0.97 -0.97 -0.97 -0.97 -0.97 0.73 0.73 0.73 0.73 0.72999958 0.53 -0.6 -0.6 -0.6 -0.6 -0.60000261 -1.41 -1.41 -1.41 -1.0455347 -0.29 -0.29 -0.29 0.87999997 0.87999942 0.28 0.28 0.34010704 0.34 
0.92 0.92 0.19145995 -0.22 -0.22 -0.22 -0.42847391 0.42728975 0.43 0.43 -0.42000002 -0.42 -0.42 -0.42 -0.42 -0.50134198 -1.73 -1.73 -1.73 -1.73 -1.4400022 -1.44 -1.44 -1.44 -0.97 -0.97 -0.97 -0.97 -0.97 0.079718353 0.73 0.73 0.73 0.53 0.53 0.52912253 -0.6 -0.6 -0.31298296 -0.090000049 -1.41 -1.41 -1.41 -1.0488994 -0.29 -0.29 -0.29 0.42 0.28174439 0.28 0.28 0.34 0.34 
-0.62 -0.62 -0.62 -0.320291 -0.22153907 -0.43 -0.43 -0.43 -0.43 -0.53 -0.53 -0.42000001 -0.42 -0.42 -0.42 -0.42008302 -1.73 -1.73 -1.73 -1.73 -1.5665466 -1.44 -1.44 -1.4371213 -1.3139696 -0.97 -0.97 -0.97 -0.15 -0.15 -0.15 -0.14999631 0.53 0.53 0.53 0.53 -0.09 -0.09 -0.09 -0.09 -0.66 -0.66 -0.66 0.069985323 0.07 0.07 0.069999886 0.42 0.42 0.28017058 0.28 0.3400003 0.34 
-0.62 -0.62 -0.62 -0.62003554 -1.28 -1.156396 -0.43 -0.43 -0.43 -0.53 -0.53 -0.53 -0.30000001 -0.3 -0.3 -0.30000002 -1.728791 -1.73 -1.73 -1.73 -1.7255966 -1.3300003 -1.33 -1.33 -1.33 -1.33 -0.8 -0.8 -0.15 -0.15 -0.15 -0.15 0.52999991 0.53 0.53 0.52998941 -0.089999968 -0.09 -0.09 -0.085262224 -0.66 -0.66 -0.66 0.069966148 0.07 0.07 0.07 0.42 0.42 0.42 0.4 0.4 0.18 
-0.62 -0.62 -0.62 -1.2799985 -1.28 -1.28 -0.43000032 -0.43 -0.43 -0.53 -0.53 -0.53 -0.3 -0.3 -0.3 -0.35864285 -1.07 -1.07 -1.0700017 -1.7262721 -1.33 -1.33 -1.33 -1.33 -1.33 -1.3296011 -0.8 -0.8 -0.8 -0.15 -0.15 -0.14996138 0.4 0.4 0.4 1.12 1.12 0.99 0.99 0.99 0.98 -0.65948558 -0.65998896 0.82 0.82 0.79157585 0.070002575 0.42 0.42 0.4 0.4 0.4 0.18 
-0.62 -0.62 -0.62 -1.28 -1.28 -1.28 -1.28 -0.43 -0.43 -0.53 -0.53 -0.30919668 -0.3 -0.3 -0.3 -1.07 -1.07 -1.07 -1.07 -1.07 -1.33 -1.33 -1.33 -1.33 -1.33 -0.80000181 -0.8 -0.8 -0.8 -0.09 -0.09 -0.09 0.4 0.4 0.4 1.12 1.12 0.99 0.99 0.98 0.98 0.98 0.82 0.82 0.82 0.82 0.79946317 0.57 0.57 0.57 0.4 0.41 0.41 
-0.62 -0.62 -0.62091908 -1.28 -1.28 -1.28 -1.28 -1.7750461 -1.8 -1.7978196 -0.53000001 -0.30004271 -0.3 -0.3 -0.30000266 -1.07 -1.07 -1.07 -1.07 -1.07 -0.34222721 -1.33 -1.33 -1.33 -1.329895 -0.80000113 -0.8 -0.8 -0.8 -0.09 -0.09 -0.09 -0.089929024 0.4 1.12 1.12 1.12 1.1199945 0.98999932 0.98 0.98 0.98 0.82000971 0.82 0.82 0.82 0.56999792 0.57 0.57 0.57 0.41 0.41 0.41 
-1.97 -1.9699976 -1.2796772 -1.28 -1.28 -1.28 -1.7998893 -1.8 -1.8 -1.8 -0.81000003 -0.81 -0.81 -0.81 -1.0687999 -1.07 -1.07 -1.07 -1.07 -0.30000046 -0.3 -0.3 -0.82000008 -0.82 -0.82 -0.82 -0.81827374 -0.8 -0.060030307 -0.06 -0.06 -0.06 -0.06 0.85 0.85 0.85 0.85 0.85 0.45 0.45 0.45 0.45 0.45 0.36069342 0.36 0.36 0.36 0.57 0.57 0.57 0.41002521 0.41 0.41 
-1.97 -1.97 -1.971758 -2.1799982 -2.1799998 -2.1796289 -1.8 -1.8 -1.8 -1.8 -0.81 -0.81 -0.81 -0.81 -0.81 -1.07 -1.07 -1.07 -0.30000019 -0.3 -0.3 -0.3 -0.82 -0.82 -0.82 -0.82 -0.82 -0.819995 -0.059961384 -0.06 -0.06 -0.06 -0.059984487 0.6742605 0.84981803 0.85 0.85 0.85 0.45 0.45 0.45 0.45 0.45 0.36 0.36 0.36 0.36 0.4582001 0.57 0.79743391 0.8 0.52 0.52 
-1.97 -1.97 -2.1799734 -2.18 -2.18 -2.18 -2.0834816 -1.8 -1.8 -1.8 -0.81 -0.81 -0.81 -0.81 -0.81 -1.0698019 -1.07 -0.30022576 -0.3 -0.3 -0.3 -0.3 -0.62736263 -0.82 -0.82 -0.82 -0.82 -0.81939124 0.04 0.04 0.04 0.04 0.04 0.54 0.54 0.54 0.54 0.54 0.06 0.06 0.06 0.06 0.060000004 0.36017092 0.36000004 0.36 0.36001187 0.3614911 0.8 0.8 0.8 0.52000157 0.52 
-1.9700008 -2.4112268 -2.18 -2.18 -2.18 -2.18 -2.18 -1.8001618 -1.8 -1.8 -0.81 -0.81 -0.81 -0.81 -1.0153356 -1.02 -1.02 -0.30001853 -0.3 -0.3 -0.3 -0.3 -0.30000026 -0.82 -0.82 -0.82 -0.82 -0.79999921 -0.79999961 -0.62122759 0.04 0.04 0.04 0.54 0.54 0.54 0.54 0.53980359 0.06 0.06 0.06 0.06 0.060008428 0.43 0.43 0.43 0.43 0.43002984 0.8 0.8 0.8 0.79999986 0.56926363 
-2.42 -2.42 -2.3415724 -2.18 -2.18 -2.18 -2.18 -2.18 -1.8001617 -1.68 -1.68 -1.68 -1.6779353 -1.0199997 -1.02 -1.02 -1.02 -1.02 -0.30001091 -0.39334097 -1.21 -1.21 -1.21 -1.1115573 -0.83440655 -0.91149325 -0.97642502 -0.8 -0.8 -0.8 -0.8 -0.8 -0.7662148 0.24158246 0.25 0.25 0.25 0.25 0.080663876 0.1699998 0.17 0.17 0.17 0.24000056 0.42999995 0.43 0.43 0.71 0.79999856 0.8 0.8 0.57 0.57 
-2.42 -2.42 -2.19 -2.19 -2.19 -2.1800033 -2.18 -2.18 -1.68 -1.68 -1.68 -1.68 -1.68 -1.02 -1.02 -1.02 -1.02 -1.02 -1.21 -1.21 -1.21 -1.21 -1.21 -1 -1 -1 -1 -0.8 -0.8 -0.8 -0.8 -0.8 -0.5 -0.5 0.25 0.25 0.25 0.05003406 0.05 0.17 0.17 0.17 0.17000003 0.24 0.24 0.24 0.71 0.71 0.71 0.13 0.13 0.57 0.57 
-2.42 -2.42 -2.19 -2.19 -2.19 -2.19 -2.1899991 -2.03 -1.6803295 -1.68 -1.68 -1.68 -1.68 -1.0282329 -1.02 -1.02 -1.02 -1.02 -1.21 -1.21 -1.21 -1.21 -1.21 -1 -1 -1 -1 -0.99999922 -0.8 -0.8 -0.8 -0.50001573 -0.5 -0.5 -0.5 0.25 0.050000002 0.05 0.05 0.053157425 0.35546186 0.39 0.39 0.24 0.24 0.24 0.71 0.71 0.71 0.13 0.13 0.13 0.017513025 
-2.17 -2.170002 -2.19 -2.19 -2.19 -2.19 -2.03 -2.03 -2.03 -1.68 -1.68 -1.68 -1.68 -1.6797948 -1.02 -1.02 -1.02 -1.02 -1.2099966 -1.21 -1.21 -1.21 -1.0369952 -1 -1 -1 -1 -1.3699997 -1.37 -1.37 -0.80610642 -0.5 -0.5 -0.5 -0.49999934 0.18999999 0.05 0.05 0.05 0.050000003 0.39 0.39 0.39 0.75 0.75 0.75 1.1199601 0.71 0.71 0.13 0.13 0.13 -0.039999443 
-2.17 -2.17 -2.19 -2.19 -2.19 -2.03 -2.03 -2.03 -2.03 -1.7183658 -1.68 -1.68 -1.68 -1.679995 -0.4700633 -0.47 -0.47 -0.47 -0.12759869 -1.19 -1.19 -1.19 -1.19 -1 -1 -1 -1.0000244 -1.37 -1.37 -1.37 -1.37 -0.49998945 -0.11189496 0.19 0.19 0.19 0.05048576 0.17999729 0.18 0.18 0.3900235 0.42 0.42 0.75 0.75 0.75000157 1.12 1.12 -0.04 -0.04 -0.04 0.11 0.16 
-2.17 -2.17 -1.87 -1.87 -1.87 -2.03 -2.03 -2.03 -2.03 -1.68 -1.68 -1.68 -1.68 -1.5947285 -0.47 -0.47 -0.47 -0.47 -0.09 -1.19 -1.19 -1.19 -1.19 -1.8 -1.7999997 -1.0000012 -1.37 -1.37 -1.37 -1.37 -0.97004256 -0.58 0.098380561 0.19 0.19 0.19 0.18 0.18 0.18 0.18 0.42 0.42 0.42 0.96982657 0.97 1.1193258 1.12 1.12 -0.039997712 -0.04 0.11 0.11 0.16 
-2.17 -1.87 -1.87 -1.87 -1.87 -1.87 -2.0425759 -3.65 -3.65 -1.68 -1.68 -1.68 -1.68 -1.6797134 -0.47 -0.47 -0.47 -0.45283039 -0.09 -0.09 -1.19 -1.19 -1.8 -1.8 -1.8 -1.8 -1.37 -1.37 -1.37 -1.37 -0.58 -0.58 -0.58 0.18922082 0.19 0.19 0.18 0.18 0.18 0.18 0.42 0.42 0.42 0.97 0.97 0.96998923 0.78 0.78 0.35 0.35 0.11 0.11 0.16 
-1.8728174 -1.87 -1.87 -1.87 -1.87 -1.87 -3.65 -3.65 -3.65 -2.5955737 -1.68 -1.68 -1.68 -1.6799985 -0.47 -0.47 -0.47 -0.09 -0.09 -0.09 -1.189945 -1.1900037 -1.8 -1.8 -1.8 -1.8 -1.3700306 -1.37 -1.37 -0.58018168 -0.58 -0.58 -0.58 -0.58 0.18823304 0.25 0.25 0.24878853 0.18 0.18 0.41999979 0.42 0.95400864 0.97 0.97 0.78000007 0.78 0.78 0.35 0.35 0.13 0.13 0.21 
-1.87 -1.87 -1.87 -1.87 -1.87 -1.87 -3.65 -3.65 -3.65 -3.65 -1.8999937 -1.9 -1.9 -1.9 -0.47000286 -0.79050495 -0.97 -0.97 -0.091622275 -0.09 -0.090000216 -1.7999991 -1.8 -1.8 -1.8 -1.8 -1.7996874 -1.37 -1.369973 -0.58 -0.58 -0.58 -0.58 -0.58 0.25 0.25 0.25 0.25 0.25 0.24999949 0.14 0.14 0.14000017 0.63 0.63 0.63 0.27 0.27 0.06 0.06 0.13 0.13000017 0.21 
-1.87 -1.87 -1.87 -1.87 -1.87 -1.87 -3.65 -3.65 -3.65 -1.9 -1.9 -1.9 -1.9 -1.9 -1.6548542 -0.97 -0.97 -0.97 -0.97 -0.97 -0.9279829 -1.8 -1.8 -1.8 -1.8 -1.7915217 -1.5304231 -1.3917856 -0.58389587 -0.58 -0.58 -0.58 -0.58 -0.57999818 0.25 0.25 0.25 0.25 0.25 0.19882826 0.14 0.14 0.14 0.63 0.63 0.63 0.27 0.27 0.06 0.06 0.78999999 0.24199521 0.21 
-1.87 -1.87 -1.87 -1.87 -1.87 -1.8700005 -3.6499996 -3.65 -3.5773652 -1.9 -1.9 -1.9 -1.9 -1.9 -1.8553915 -0.97 -0.97 -0.97 -0.97 -0.97 -0.97 -1.5695192 -1.5300004 -1.53 -1.53 -1.53 -1.53 -1.53 -0.77036024 -0.75999787 -0.76 -0.76 -0.76 -0.75999927 0.25 0.25 0.25 0.25 0.25 0.14000001 0.14 0.14 0.14 0.14000022 0.62993587 0.59 0.27000003 0.34861601 0.060254099 0.79 0.79 0.7943652 1 
-1.87 -1.87 -1.87 -1.87 -1.87 -1.8701137 -3.649904 -3.6498941 -1.9000022 -1.9 -1.9 -1.9 -1.9 -1.9 -1.8823041 -0.97 -0.97 -0.97 -0.97 -0.97 -0.97 -1.53 -1.53 -1.53 -1.53 -1.53 -1.53 -1.53 -0.76021256 -0.76 -0.76 -0.76 -0.76 -0.76 -0.4832601 0.25 0.25 0.25 0.25 0.14 0.14 0.14 0.14 0.14011528 0.59 0.59 0.5884958 0.35 0.35 0.79 0.79 1 1 
-1.87 -1.87 -1.87 -1.87 -1.87 -1.8723739 -3.6478378 -2.0974761 -1.9 -1.9 -1.9 -1.9 -1.9 -1.9 -1.8837188 -0.97 -0.97 -0.97 -0.97 -0.97 -1.0497338 -1.53 -1.53 -1.53 -1.53 -1.53 -1.53 -1.53 -0.76000309 -0.76 -0.76 -0.76 -0.76 -0.76 -0.76 0.27773608 0.32092255 0.34452117 0.34812103 0.17213933 0.14000001 0.14 0.14 0.58996407 0.59 0.58594095 -0.089997897 0.35 0.35 1.1798975 1.18 1.18 1.0000001 
-1.87 -1.87 -1.87 -1.87 -1.8700018 -1.8848437 -3.4862295 -1.9004812 -1.9 -1.9 -1.9 -1.9 -1.9 -1.9 -1.8782831 -0.97 -0.97 -0.97 -0.97 -0.97 -1.5299976 -1.53 -1.53 -1.53 -1.53 -1.53 -1.53 -1.53 -0.76000021 -0.76 -0.76 -0.76 -0.76 -0.76 -0.75999978 0.35 0.35 0.35 0.35 0.64 0.64 0.64 0.64 -0.089998031 -0.09 -0.09 -0.09 -0.089991155 0.71 0.71 1.18 1.18 1.3446061 
-1.87 -1.87 -1.87 -1.8700001 -1.8700497 -1.9175296 -2.0169916 -1.9000229 -1.9 -1.9 -1.9 -1.9 -1.9 -1.9 -1.8684301 -0.97000038 -0.97 -0.97 -0.97 -0.97337039 -1.53 -1.53 -1.53 -1.53 -1.53 -1.53 -1.53 -1.53 -0.76000017 -0.76 -0.76 -0.76 -0.76 -0.76 0.34999898 0.35 0.35 0.35 0.35 0.64 0.64 0.64 0.64 0.44297614 -0.09 -0.09 -0.09 0.70999105 0.71 0.71 1.42 1.42 1.42 
-1.87 -1.87 -1.8700001 -1.870004 -1.8704829 -1.9689801 -1.9061472 -1.9000057 -1.9 -1.9 -1.9 -1.9 -1.9 -1.8999999 -1.855083 -0.97002187 -0.97 -0.97 -0.97000064 -1.5186535 -1.53 -1.53 -1.53 -1.53 -1.53 -1.53 -1.53 -1.53 -0.76000072 -0.76 -0.76 -0.76 -0.76 0.30146065 0.3500001 0.35 0.35 0.35 0.35 0.64 0.64 0.64 0.64 0.64 -0.09 -0.09 -0.09 0.70999999 0.71 0.71 1.42 1.42 1.42 
-1.87 -1.8700001 -1.8700017 -1.8700473 -1.8724442 -1.9658667 -1.9010301 -1.9000035 -1.9 -1.9 -1.9 -1.9 -1.9 -1.8999983 -1.8392145 -0.97033965 -0.97000002 -0.97000002 -0.97289939 -1.5299524 -1.53 -1.53 -1.53 -1.53 -1.53 -1.53 -1.53 -1.5299996 -0.76000482 -0.76 -0.75999897 0.56252734 0.69 0.69 0.69 0.35 0.35 0.35 0.35 0.64 0.64 0.64 0.64 0.64 -0.089987059 -0.09 -0.089999608 0.70999994 0.71 0.71000039 1.42 1.42 1.42 
