interpolatedSpi/08-09|21_1.tif
NCOLS 53
NROWS 52
XLLCORNER -116.03883
YLLCORNER 28.596182
DX 0.49850594
DY 0.49788537
NODATA_VALUE -9999
[rows 0 to 29 of 52, columns 0 to 52 of 53]
-0.88666667 -0.88666667 -1.2324986 -1.0133333 -1.1233333 -1 -0.76333333 -0.87 -1.1595134 -1.2166667 -1.54 -1.5033333 -1.4733501 -1.6766667 -1.15 -1.15 -1.15 -1.0533333 -1.28 -1.28 -1.28 -1.2799914 -0.38333335 -1.9566667 -1.9566667 -1.9566667 -1.7966564 -1.7966667 -1.7966667 -0.59333333 -0.59333333 -0.59333333 -0.59333333 -1.2799999 -1.28 -1.28 -1.28 -1.28 -1.28 -1.28 -1.9230724 -1.9295578 -0.19333333 -0.19333333 -0.19333333 -0.19333333 -0.19337144 -0.21666667 -0.21666667 -0.21666667 -0.13666683 -0.13666667 -0.13666667
-0.88669347 -1.49 -0.65666631 -0.77641945 -1.076685 -0.70333333 -0.92666667 -1.3327082 -1.8766667 -1.2733333 -1.5433333 -1.4733333 -1.4733333 -1.2780005 -1.6766572 -1.15 -1.0533333 -1.0533333 -1.2797045 -1.28 -1.28 -1.28 -1.9687732 -1.9566667 -1.9566667 -1.9566667 -1.99 -1.99 -0.59333333 -0.59333333 -0.59333333 -0.59333333 -0.59333333 -1.2799999 -1.28 -1.28 -1.28 -1.28 -1.28 -1.1656993 -0.57338199 -0.23944359 -0.19333333 -0.19333333 -0.19333333 -0.19333333 -0.19333333 -0.21666667 -0.21666667 -0.21666667 -0.21003299 -0.13666667 -0.13666667
-1.1433171 -1.1433333 -0.34333333 -0.57 -0.47 -0.95666667 -0.58 -1.0166667 -1.1366667 -0.99666667 -1.4566667 -1.5166667 -1.3633333 -1.0233333 -1.2766667 -1.5 -1.0533333 -1.0533333 -1.0533333 -1.4466182 -1.4466667 -1.4466667 -2.1866667 -1.9566667 -1.9566667 -1.9566667 -1.99 -1.99 -1.99 -0.59333333 -0.59333333 -0.59333336 -0.89982471 -1.2791424 -1.2762148 -0.87705981 -0.87333333 -0.87333333 -0.83560124 -0.57333334 -0.57333333 -0.57284741 -0.19333333 -0.19333333 -0.19333333 -0.19333333 -0.19333333 -0.21666667 -0.21666667 -0.21666667 -0.21666667 -0.13666667 -0.13666667
-0.55666667 -1.1433332 -0.60660437 -0.18333333 -0.60333333 -0.51666667 -0.52333333 -0.78666667 -0.33333333 -0.86932137 -0.88333333 -1.1733333 -1.0333333 -1.0233333 -1.04 -1.5 -1.5727723 -1.572969 -1.4133333 -1.4466667 -1.4466667 -1.9433333 -2.1866667 -2.1866667 -1.9566667 -1.9566668 -1.99 -1.99 -1.99 -0.90666667 -1.0840725 -1.23 -1.23 -1.2299997 -0.87333333 -0.87333333 -0.87333333 -0.87333333 -0.57333333 -0.57333333 -0.57333333 -0.57333332 -0.19333333 -0.19333333 -0.19333333 -0.19333333 -0.19333333 -0.21666637 -0.21666667 -0.21666667 -0.21666667 -0.13668474 -0.13666667
-0.55666667 -0.51666683 -0.60666667 -0.63780779 -0.60333333 -0.27 -0.85664459 -1.2 -0.99 -0.60666697 -1.0587996 -1.2733076 -1.0933333 -1.04 -1.04 -1.3489373 -1.5733333 -1.5733333 -1.4133333 -1.4133333 -1.4466675 -1.9433333 -1.4633333 -1.0766667 -1.3133333 -1.3131285 -1.99 -1.99 -0.90666667 -0.90666667 -1.23 -1.23 -1.23 -1.2815432 -0.87333333 -0.87333333 -0.87333333 -0.57333333 -0.57333333 -0.57333333 -0.57333333 -0.57336519 -0.19333334 -0.19333333 -0.19333333 -0.19333333 -0.19333333 -0.19354103 -0.21666667 -0.21668789 -0.69 -0.69 -0.69
-1.01 -0.68 -0.52333333 -0.74333333 -0.61 -0.43666667 -0.99666667 -1.0226992 -0.73666667 -0.68 -0.57333333 -0.53 -0.53000037 -1.3466667 -1.3466667 -1.3998471 -1.4 -1.4 -1.4 -1.413333 -0.88333333 -0.88333333 -1.0766667 -1.3133333 -1.3133333 -0.43666667 -0.93333333 -0.93333333 -1.0433208 -0.90666667 -1.23 -1.23 -1.5033333 -1.5032574 -0.77671867 -0.61666667 -0.61666667 -0.58673949 -0.57333333 -0.57333333 -0.90292175 -0.90333333 -0.90333312 -0.91044683 -0.92325265 -0.92333314 -0.92333331 -0.92333305 -0.021647602 -0.69 -0.69 -0.69 -0.69
-0.21000539 -0.46666667 -0.44481477 -0.25666667 -0.05 -0.44666667 0.089999999 -0.31666667 -0.69 -0.69 -0.57333333 -0.70333333 -1.1033332 -1.3466667 -0.7666684 -0.76666667 -1.4 -0.64 -0.99666667 -0.99666667 -0.88961687 -0.89666667 -0.89666667 -0.49666668 -0.43666667 -0.43666667 -0.93333333 -0.93333333 -1.0433294 -1.0432618 -0.84042223 -1.5033333 -1.5033333 -0.77666667 -0.77666667 -0.62755947 -0.61666667 -0.61666667 -0.99998671 -0.90333347 -0.90333333 -0.90333333 -0.90333031 -0.92332869 -0.92333333 -0.92333333 -0.92333333 -0.92333272 0.1 -0.68984344 -0.69 -0.69 -0.69
-0.21 0.026666667 -0.31 -0.71666667 -0.68333524 -0.57666667 0.026666667 -0.77333333 -0.54 -0.52333333 -0.52333333 -0.78 -1.1033333 -1.1033333 -0.76897651 -0.73934396 -0.73666667 -0.68333333 -0.4433339 -0.99666667 -1.4099395 -1.4433333 -0.87333333 -0.31666667 -0.3166671 -0.35 -1.0966667 -1.0966666 -0.97690028 -0.97666666 -0.84 -0.53644457 -0.58333333 -0.77666667 -0.77809273 -0.63666667 -0.63666667 -1 -1 -0.90333333 -0.90333333 -0.90333333 -0.090078126 -0.090000042 -0.92333333 -0.92333333 -0.92333333 0.099961048 0.1 0.1 -0.69 -0.69 -0.69
0.052964027 0.026666673 -0.01 -0.49333333 -0.15666667 -0.19 -0.32333333 -0.33 -0.61333333 -0.43789706 -0.71333333 -1.24 -1.24 -0.63333333 -0.63332841 -0.34110554 -0.34 -0.34 -0.64669697 -0.28666683 -1.05 -1.05 -0.98 -0.91536891 -0.34664088 -0.35 -1.1333333 -1.0966667 -0.53992083 -0.53666667 -0.52333333 -0.75 -0.38065448 -0.93 -0.82666667 -0.93333333 -0.92333333 -0.87 -0.88999076 -0.90297623 -0.82333333 0.0099999976 -0.089986975 -0.09 -0.094690451 -0.92333333 -1.2633333 0.099999988 0.1 0.1 0.099999997 -0.71822168 -0.34333333
0.2 0.2 0.073333333 -0.30666667 -0.14333333 -0.39 -0.71666667 -0.07 0.0033333333 -0.39330781 -0.85666667 -0.61333333 -0.63333333 -0.63333333 -0.11 -0.11315455 -0.34 -0.33991775 0.01 -0.28666667 -0.28666667 -0.38500962 -0.98 -0.7566709 -0.75666667 -0.75666667 -1.1333333 -0.55333333 -0.55333333 -0.53666667 -0.53666667 -0.74860915 -0.016666667 -0.93 -0.70666667 -0.93333333 -0.92333333 -0.98666667 -0.89 -0.77194486 0.0099999632 0.0026532122 -0.01 -0.09 -0.09 -1.2633333 -1.2633333 -1.2633333 0.1 0.1 -0.91666667 -0.91666667 -0.91666645
0.2 0.2 -0.40666667 -0.46333333 -1.0933333 0.15666667 -0.17666667 -0.44673245 -0.61333333 -0.39666667 -0.52 -0.83333333 -0.61362625 -0.11 -0.11 -0.10997308 0.12333333 0.11738507 0.01 -0.53666667 -0.53666667 -0.31666667 -0.31666667 -0.75666667 -0.75666667 -0.75666667 -0.55333333 -0.55333333 -0.55333333 -0.11333333 -0.11333333 -0.11333317 -0.43666667 -0.43666667 -0.78 -0.53 -0.4 -0.77666332 -1.1333333 -0.77 -0.77 -0.78999744 -0.01 -0.09 -0.30666679 -0.53 -0.60949478 -0.60666667 -0.086666667 -0.086666667 -0.91666667 -0.91666667 -0.91666667
0.2 -0.06200831 -0.43084835 -0.79332768 -0.75666667 -0.51333333 -0.17666667 -0.44666667 -0.61333194 -0.39906707 -0.83333276 -0.83333333 -0.53666667 -0.11 -0.11 0.12333333 0.12333333 0.12332688 0.01 -0.53666667 -0.49346314 -0.31666667 -0.31666667 -0.75665013 -0.75666667 -0.66791239 -0.48666667 -0.48666667 -0.48666668 -0.11333333 -0.11333333 -0.13666667 -0.13666667 -0.43666761 -0.78 -0.78999995 -0.39732773 -0.77666667 -0.77666667 -0.77 -0.79 -0.79 -0.78999638 -0.30666667 -0.30666667 -0.53 -0.60666667 -0.60666667 -0.086666667 -0.086666667 -0.91666667 -0.91666667 -0.91666667
-0.043333333 -0.25967728 -0.24667478 -0.25062788 -0.75666563 -0.51333908 -0.17666668 -0.44334313 -0.6018483 -0.60767559 -0.53666667 -0.53666667 -0.53666667 -0.53666667 -0.11006044 0.12333333 0.12333333 0.12187002 0.01 -0.53695829 -1.5566667 -1.5566667 -1.5566667 -1.5566667 -0.76996862 -0.48666667 -0.48666667 -0.48666667 -0.48666667 -0.48645166 -0.13666667 -0.13666667 -0.13666667 -0.13666667 -0.79 -0.79 -0.79 -0.77685068 -0.77599072 -0.68666667 -0.68666667 -0.78999444 -0.84331496 -0.30671836 -0.30666667 -0.53 -0.60666667 -0.60666667 -0.086666673 -0.086666667 -0.91365552 -0.91666667 -1.0547803
-0.043333333 -0.24666667 -0.24666667 -0.24666667 -0.24666667 -0.24666678 -0.17752846 -0.30444226 -0.57120724 -0.53674384 -0.53666667 -0.53666667 -0.53666667 -0.53666667 -0.53666674 0.12333333 0.12333332 0.11555944 0.0099965026 -1.5566667 -1.5566667 -1.5566667 -1.5566667 -1.5566667 -1.5321635 -0.48649184 -0.49666666 -0.49666667 -0.49666667 -0.49666667 -0.13666667 -0.13666667 -0.13666706 -0.46333333 -0.46333333 -0.79 -0.46269545 -0.45333333 -0.68666653 -0.68666667 -0.68666667 -0.68666667 -0.84333333 -0.84333333 -0.84333333 -0.84115282 -1.1232674 -1.1266667 -1.1266667 -1.1266667 -1.1266666 -0.49666675 -0.49666667
-0.35666667 -0.24666667 -0.24666667 -0.24666667 -0.24666667 -0.24666667 -0.24666666 -0.26994423 -0.64936213 -0.65 -0.65 -0.65 -0.65 -0.65 -0.65 -0.36904823 0.11560009 0.10781397 -1.5564696 -1.5566667 -1.5566667 -1.5566667 -1.5566667 -1.5566652 -0.42333333 -0.42333333 -0.42333344 -0.49666667 -0.49666667 -0.49585234 -0.09 -0.09 -0.46333333 -0.46333333 -0.46333333 -0.454935 -0.45333333 -0.45333333 -0.45333333 -0.68666667 -0.68666667 -0.68666667 -0.84333333 -0.84333333 -0.84333333 -0.84333333 -1.1266667 -1.1266667 -1.1266667 -1.1266667 -1.1266667 -0.49666667 -0.49666667
-0.35666667 -0.31571492 -0.24666667 -0.24666667 -0.24666667 -0.24666667 -0.34331436 -0.34333333 -0.34333334 -0.65 -0.65 -0.65 -0.65 -0.65 -0.58675933 -0.36333333 -0.36333333 -0.36333333 -0.28388742 -0.2800013 -0.28 -0.28 -0.28 -0.28 -0.42333333 -0.42333333 -0.42333333 -0.42333333 -0.49666667 -0.09 -0.09 -0.09 -0.4633333 -0.46333333 -0.46333333 0.06 -0.45265366 -0.45333333 -0.45333333 -0.68652029 -0.39447661 0.28708096 -0.84333333 -0.84333333 -0.62401227 -0.62333333 -0.62333333 -1.1251704 -0.2198467 -0.21666675 -0.21666684 0.1232394 -0.49666541
-0.35666667 -0.1101372 -0.1741334 -0.24666667 -0.24666667 -0.34327622 -0.34333333 -0.34333333 -0.34333333 -0.34554326 -0.65 -0.65 -0.65 -0.64999997 -0.36333333 -0.36333333 -0.36333333 -0.36333333 -0.28007444 -0.28 -0.28 -0.28 -0.28 -0.28 -0.42333333 -0.42333333 -0.42333333 -0.42333333 -0.42212089 -0.09 -0.09 -0.09 0.34999999 -0.46326047 0.06 0.06 0.06 0.070148241 0.24296489 0.29 0.29 0.29 -0.22333333 -0.22333333 -0.62333333 -0.62333333 -0.62333333 -0.21666667 -0.21666667 -0.21666667 -0.21666667 0.12333333 0.12333333
-0.1035178 -0.10333333 -0.10333333 -0.10333333 -0.19 -0.34332938 -0.34333333 -0.34333333 -0.34333333 -0.34333333 -0.60558441 -0.64999236 -0.64999998 -0.36333333 -0.36333333 -0.36333333 -0.36333333 -0.36333333 -0.36437584 -0.28 -0.28 -0.28 -0.28 -0.28 -0.33079902 -0.30333398 -0.30333333 -0.30333333 -0.30333333 -0.089999977 0.34999999 0.35 0.35 0.35 0.06 0.060024403 0.98666667 0.98666667 0.29869892 0.29 0.29 0.29 -0.22333333 -0.22333333 -0.56139956 -0.62333333 -0.62333333 -0.21666667 -0.21666667 -0.21666667 -0.21302098 0.12333333 0.12333333
-0.10333333 -0.10333333 -0.10333333 -0.14414596 -0.19 -0.19 -0.34333333 -0.34333333 -0.34333333 -0.34333333 -0.063333333 -0.063333333 -0.063333333 -0.36333333 -0.36333333 -0.36333333 -0.36333333 -0.36329092 -0.48333333 -0.48333333 -0.28000008 -0.28 -0.27642928 -0.13333333 -0.13486377 -0.30333333 -0.30333333 -0.30333333 -0.30333333 0.34993347 0.35 0.35 0.35 0.35 0.98666341 0.98666667 0.98666667 0.98666667 0.98418307 0.29 0.29 0.29 -0.22333333 -0.22333333 -0.22333333 -0.62333333 -0.62333333 -0.21666667 -0.21666667 -0.21666667 0.12333333 0.12333333 0.12333333
-0.10333333 -0.10333333 -0.10333333 -0.19 -0.19 -0.19 -0.19000023 -0.34333333 -0.34333333 -0.063622374 -0.063333333 -0.063333333 -0.063333333 -0.063520243 -0.15558158 -0.10666667 -0.10666667 -0.10666667 -0.48333333 -0.48333333 -0.48333333 -0.13333333 -0.13333333 -0.13333333 -0.13334641 -0.238642 -0.30333333 -0.30333333 -0.30333333 0.50028128 0.55331333 0.55333333 0.55333333 0.55333333 0.74526295 0.40666798 0.40666667 0.40666667 0.40666667 0.3333274 0.33333333 0.33333333 -0.22333333 -0.22333333 -0.063334001 -0.063333273 0.10666667 0.10666667 0.30666667 0.30666667 0.30666667 0.12333333 0.55294886
-0.10333113 -0.10333333 -0.10333334 -0.19 -0.19 -0.19 -0.19 0.20999984 -0.34112089 -0.062919238 -0.063333333 -0.063333333 -0.063333333 -0.063418365 -0.10666667 -0.10666667 -0.10666667 -0.10666677 -0.48333333 -0.48333333 -0.48333333 -0.13333333 -0.13333333 -0.13333333 -0.18 -0.18 -0.076666668 -0.076666667 -0.076666667 -0.073229819 0.55333333 0.55333333 0.55333333 0.55333333 0.48004022 0.40666667 0.40666667 0.40666667 0.40666667 0.33333333 0.33333333 0.33333333 0.32085268 -0.063333333 -0.063333333 -0.063333333 0.10666667 0.10666667 0.30666667 0.30666667 0.30666667 0.55333333 0.55333333
0.60666667 0.27548247 0.21333333 0.21321632 -0.19 0.20768561 0.21 0.21 0.27923194 0.39333333 0.39333333 0.39333333 0.39333333 0.34666819 0.34666666 -0.10666632 -0.10666667 -0.11659128 -0.48333333 -0.48333333 -0.48333333 0.60333333 0.60333333 0.60333333 -0.18 -0.18 -0.076666667 -0.076666667 -0.076666667 -0.076666313 0.41000091 0.4100004 0.54973087 0.55317967 0.10384822 0.10333333 0.10333333 0.10333333 0.10333333 0.33333333 0.33333333 0.33333333 -0.041491628 -0.063333333 -0.063333333 -0.063333306 0.10666667 0.10666667 0.10667387 0.30666667 0.30665504 0.046666667 0.55333333
0.39004115 0.38999997 0.21333333 0.21333333 0.21333333 0.21 0.21 0.21 0.4 0.4 0.39333333 0.39333333 0.39333333 0.34666667 0.34666667 0.34666667 0.34666667 0.34657283 -0.48333333 -0.48333333 -0.48333329 0.60333333 0.60333333 0.60333333 -0.18 -0.18 -0.076666667 -0.076666667 -0.076666667 0.4045128 0.41 0.41 0.41 0.41 0.10348465 0.10333333 0.10333333 0.10333333 0.10333333 0.33 0.33 0.33 0.33 -0.063332157 0.09 0.09 0.09 0.016666667 0.016666667 0.016666667 0.046666667 0.046666667 0.046666667
0.39 0.39 0.21333333 0.21333333 0.21333333 0.21001752 0.21 0.4 0.4 0.4 0.39333415 0.39333333 0.36064834 0.34666667 0.34666667 0.34666667 0.34666667 0.36666667 0.36666667 0.36666667 -0.28999998 -0.28999934 0.60332898 0.60333333 0.60249287 -0.44333333 -0.44333333 -0.44333246 -0.076725923 0.23336854 0.23333427 0.23336418 0.40969806 0.40984754 0.15783739 0.10333331 0.10314343 0.046666667 0.046666667 0.33 0.33 0.33 0.33 0.09 0.09 0.09 0.09 0.016666667 0.016666667 0.016666667 0.046666667 0.046666667 0.046666667
0.39 0.39 0.21333333 0.21333333 0.21333333 0.21333333 0.28111145 0.4 0.4 0.4 0.39997422 0.35333333 0.35333333 0.35333333 0.34670595 0.34666667 0.36653339 0.36666667 0.36666667 0.36666667 -0.29 -0.29 -0.29 -0.29 -0.44333333 -0.44333333 -0.44333333 -0.44333333 -0.44333333 0.23333333 0.23333333 0.23333333 0.23333333 0.23333348 0.30333333 0.046666667 0.046666667 0.046666667 0.046666667 0.046666566 -0.03 -0.03 -0.03 -0.17317864 -0.47 -0.47 -0.47 0.016666653 0.016665972 -0.7 -0.7 -0.70315088 -0.70333333
0.39 0.39 0.27709759 0.21333333 0.21333333 0.21333334 0.51313222 0.40035716 0.4 0.4 0.35333346 0.35333333 0.35333333 0.35333333 0.35333333 0.35278887 0.36666667 0.36666667 0.36666667 0.36666667 -0.28999492 -0.29 -0.29 -0.29 -0.44333333 -0.44333333 -0.44333333 -0.44333333 -0.44333333 -0.11890256 0.23333333 0.23333333 0.23333333 0.30333333 0.30333333 0.30313403 0.046666667 0.046666667 -0.0058593281 -0.046666659 -0.03 -0.03 -0.03 -0.17066419 -0.47 -0.47 -0.47 -0.12 -0.69277326 -0.7 -0.7 -0.70333333 -0.70333333
0.086666667 0.086666667 0.086666667 0.18157452 0.2139818 0.51333333 0.51333333 0.51333333 0.51333333 0.94 0.94 0.35333337 0.35333333 0.35333333 0.35333333 0.35333419 0.36666667 0.36666667 0.36666667 0.36666667 -0.0034519682 -0.29 -0.29 -0.30046817 -0.67901621 -0.44333333 -0.44333333 -0.44333333 -0.24333333 -0.24333333 -0.24333333 -0.24333133 0.30333333 0.30333333 0.30333333 0.30333333 -0.046666667 -0.046666667 -0.046666667 -0.046666667 -0.12 -0.12 -0.12 -0.27333025 -0.27333333 -0.27333333 -0.2733334 -0.12 -0.12 -0.6992933 -0.7 -0.70333022 -0.70333333
0.086666667 0.086666667 0.086666667 0.086697361 0.65666667 0.63582364 0.51333333 0.51333333 0.51333333 0.94 0.94 0.94 0.69999999 0.7 0.7 0.69999999 0.36648959 0.36666667 0.36666667 0.36666667 0.35668743 -0.6899989 -0.69 -0.69 -0.69 -0.69 -0.91666666 -0.91666667 -0.24333333 -0.24333333 -0.24333333 -0.24333333 0.30333343 0.30333333 0.30333333 0.30334392 -0.046666678 -0.046666667 -0.046666667 -0.048304417 -0.12 -0.12 -0.12 -0.27332622 -0.27333333 -0.27333333 -0.27333333 -0.12 -0.12 -0.12 -0.086666667 -0.086666667 0.09
0.086666667 0.086666667 0.086666667 0.65666535 0.65666667 0.65666667 0.51333339 0.51333333 0.51333333 0.94 0.94 0.94 0.7 0.7 0.7 0.66725139 0.27 0.27 0.27000025 0.36612066 -0.69 -0.69 -0.69 -0.69 -0.69 -0.69017058 -0.91666667 -0.91666667 -0.91666667 -0.24333333 -0.24333333 -0.24363156 0.43333333 0.43333333 0.43333333 -0.20666666 -0.20666667 -0.42 -0.42 -0.42 -0.29333333 -0.12005437 -0.12000256 -0.46333333 -0.46333333 -0.45613255 -0.27333358 -0.12 -0.12 -0.086666667 -0.086666667 -0.086666667 0.09
0.086666667 0.086666667 0.086666667 0.65666667 0.65666667 0.65666667 0.65666667 0.51333333 0.51333333 0.94 0.94 0.70959654 0.7 0.7 0.7 0.27 0.27 0.27 0.27 0.27 -0.69 -0.69 -0.69 -0.69 -0.69 -0.91666589 -0.91666667 -0.91666667 -0.91666667 -0.70666667 -0.70666667 -0.70666667 0.43333333 0.43333333 0.43333333 -0.20666667 -0.20666667 -0.42 -0.42 -0.29333333 -0.29333333 -0.29333333 -0.46333333 -0.46333333 -0.46333333 -0.46333333 -0.43129587 -0.073333333 -0.073333333 -0.073333333 -0.086666655 0.52333333 0.52333333
