interpolatedSpi/08-10|21_1.tif
NCOLS 53
NROWS 52
XLLCORNER -116.03883
YLLCORNER 28.596182
DX 0.49850594
DY 0.49788537
NODATA_VALUE -9999
[rows 0 to 38 of 52, columns 0 to 52 of 53]
-0.5475 -0.5475 -0.7152094 -0.635 -0.5775 -0.6175 -0.645 -0.7925 -1.0841906 -1.225 -1.505 -1.1525 -1.2049704 -0.845 -0.5475 -0.5475 -0.5475 -1.02 -1.445 -1.445 -1.445 -1.444989 -0.30250001 -1.58 -1.58 -1.58 -1.6049931 -1.605 -1.605 -0.5925 -0.5925 -0.5925 -0.5925 -1.0499999 -1.05 -1.05 -1.05 -1.05 -1.05 -1.05 -1.302282 -1.3046296 0.15 0.15 0.15 0.15 0.14978358 0.0175 0.0175 0.0175 -0.087499782 -0.0875 -0.0875
-0.54751866 -0.9675 -0.43999965 -0.50495519 -0.72251378 -0.4025 -0.8525 -1.1246005 -1.6725 -1.255 -1.3125 -1.205 -1.205 -1.4180827 -0.84500432 -0.5475 -1.02 -1.02 -1.4444459 -1.445 -1.445 -1.445 -1.5885535 -1.58 -1.58 -1.58 -1.5325 -1.5325 -0.5925 -0.5925 -0.5925 -0.5925 -0.5925 -1.0499999 -1.05 -1.05 -1.05 -1.05 -1.05 -0.94747682 -0.41754271 0.081138128 0.15 0.15 0.15 0.15 0.15 0.0175 0.0175 0.0175 0.0087932995 -0.0875 -0.0875
-0.77999777 -0.78 -0.14 -0.305 -0.25 -0.6775 -0.3475 -0.95 -1.21 -1.1225 -1.5125 -1.2625 -0.975 -0.4675 -1.42 -1.2325 -1.02 -1.02 -1.02 -1.2325618 -1.2325 -1.2325 -1.7425 -1.58 -1.58 -1.58 -1.5325 -1.5325 -1.5325 -0.5925 -0.5925 -0.59250002 -0.79829853 -1.0492181 -1.0464863 -0.67595921 -0.6725 -0.6725 -0.64042772 -0.4175 -0.4175 -0.41677431 0.15 0.15 0.15 0.15 0.15 0.0175 0.0175 0.0175 0.0175 -0.0875 -0.0875
-0.5875 -0.77999993 -0.41994064 -0.0175 -0.3475 -0.3425 -0.31 -0.68 -0.4425 -1.153974 -0.8575 -1.1575 -1.13 -0.4675 -0.665 -1.2325 -1.3044453 -1.3048003 -1.26 -1.2325 -1.2325 -1.5125 -1.7425 -1.7425 -1.58 -1.5799998 -1.5325 -1.5325 -1.5325 -0.7725 -0.90829774 -1.02 -1.02 -1.0199997 -0.6725 -0.6725 -0.6725 -0.6725 -0.4175 -0.4175 -0.4175 -0.41749998 0.15 0.15 0.15 0.15 0.15 0.017501671 0.0175 0.0175 0.0175 -0.087524824 -0.0875
-0.5875 -0.50249985 -0.42 -0.44932777 -0.3475 -0.325 -0.6475154 -1.16 -0.95 -0.53500016 -0.67268994 -0.73751289 -0.8275 -0.665 -0.665 -1.0458523 -1.305 -1.305 -1.26 -1.26 -1.2325005 -1.5125 -1.1 -0.8275 -0.7925 -0.79235343 -1.5325 -1.5325 -0.7725 -0.7725 -1.02 -1.02 -1.02 -1.0058569 -0.6725 -0.6725 -0.6725 -0.4175 -0.4175 -0.4175 -0.4175 -0.41751014 0.14999999 0.15 0.15 0.15 0.15 0.14882059 0.0175 0.017461213 -0.8475 -0.8475 -0.8475
-1.3375 -0.72 -0.18 -0.565 -0.2825 -0.4975 -0.8175 -0.86134981 -0.3175 -0.27 -0.47 -0.0675 -0.067500501 -1.3675 -1.3675 -1.3698153 -1.37 -1.095 -1.095 -1.2599995 -0.5475 -0.5475 -0.8275 -0.7925 -0.7925 -0.165 -0.465 -0.465 -0.67000924 -0.7725 -1.02 -1.02 -0.945 -0.94493914 -0.36254176 -0.5125 -0.5125 -0.44689042 -0.4175 -0.4175 -0.52236904 -0.5225 -0.52249951 -0.39274686 -0.40243894 -0.40249985 -0.40249998 -0.40249979 -0.096936209 -0.8475 -0.8475 -0.8475 -0.8475
-0.085006033 -0.42 -0.42494211 0.2075 0.2075 -0.3325 0.047499999 -0.41 -0.67 -0.67 -0.47 -0.7475 -1.4199999 -1.3675 -0.60500228 -0.605 -1.37 -0.615 -0.715 -0.715 -0.53571838 -0.5225 -0.5225 -0.21250001 -0.165 -0.165 -0.465 -0.465 -0.66999694 -0.66994367 -0.5402395 -0.945 -0.945 -0.3625 -0.3625 -0.41991119 -0.5125 -0.5125 -0.57499783 -0.52250007 -0.5225 -0.5225 -0.52249516 -0.40249479 -0.4025 -0.4025 -0.4025 -0.40249974 0.0275 -0.8473266 -0.8475 -0.8475 -0.8475
-0.085 0.095 -0.165 -0.3425 -0.19500846 -0.185 0.21 -0.685 -0.4475 -0.5625 -0.5625 -0.88 -1.42 -1.42 -0.61059166 -0.71429084 -0.725 -0.5375 -0.36750036 -0.715 -0.86134643 -0.89 -0.3275 -0.080000001 -0.079999162 -0.015 -0.6375 -0.63749994 -0.61768397 -0.6175 -0.54 -0.34336543 -0.5075 -0.3625 -0.36271391 -0.3425 -0.3425 -0.575 -0.575 -0.5225 -0.5225 -0.5225 0.52986904 0.53249995 -0.4025 -0.4025 -0.4025 0.027483632 0.0275 0.0275 -0.8475 -0.8475 -0.8475
0.12799813 0.095000006 0.2875 -0.3675 0.145 0.1675 0.0475 0.065 -0.265 -0.21914734 -0.5825 -0.9975 -0.9975 -0.645 -0.64499394 -0.3311009 -0.33 -0.33 -0.51154924 -0.067500102 -0.5525 -0.5525 -0.3525 -0.33735209 -0.021550284 -0.015 -0.7075 -0.6375 -0.35415614 -0.3525 -0.2975 -0.5 -0.2406192 -0.575 -0.37 -0.455 -0.4625 -0.5025 -0.47251385 -0.52164072 -0.33 0.2525 0.53246255 0.5325 0.52723731 -0.4025 -0.82749998 0.027499992 0.0275 0.0275 0.027499997 -0.8583944 -0.4575
0.3125 0.3125 0.465 0.05 0.205 0.0625 -0.2875 0.2575 0.225 -0.20749074 -0.6525 -0.4775 -0.645 -0.645 1.3877788e-17 -0.0045260991 -0.33 -0.32992477 -0.0025 -0.0675 -0.0675 -0.12998428 -0.3525 -0.39249924 -0.3925 -0.3925 -0.7075 -0.32 -0.32 -0.3525 -0.3525 -0.49902324 0.015 -0.575 -0.235 -0.455 -0.4625 -0.5475 -0.4725 -0.30279572 0.25249997 0.27086697 0.3025 0.5325 0.5325 -0.8275 -0.8275 -0.8275 0.0275 0.0275 -0.935 -0.935 -0.93499982
0.3125 0.3125 -0.0575 -0.0575 -0.8975 0.3275 -0.020000001 -0.32996105 -0.44 -0.34 -0.57 -0.755 -0.47786968 1.3877788e-17 1.3877788e-17 3.1724166e-06 0.0275 0.025925459 -0.0025 -0.3925 -0.3925 -0.145 -0.145 -0.3925 -0.3925 -0.3925 -0.32 -0.32 -0.32 0.0775 0.0775 0.077499897 -0.05 -0.05 -0.2275 0.065 0.2 -0.057497 -0.635 -0.3 -0.3 -0.30249801 0.3025 0.5325 0.094999904 -0.145 -0.4516258 -0.45 -0.12 -0.12 -0.935 -0.935 -0.935
0.3125 0.15271445 -0.0575 -0.42499423 -0.335 -0.36 -0.02 -0.33 -0.43999908 -0.34110788 -0.75499946 -0.755 -0.55 -8.7633046e-10 1.3877788e-17 0.027499999 0.0275 0.027498293 -0.0025 -0.3925 -0.34389604 -0.145 -0.145 -0.39249092 -0.3925 -0.31032011 -0.1425 -0.1425 -0.14250002 0.0775 0.0775 0.27 0.27 -0.050000487 -0.2275 -0.16749996 0.21523334 -0.0575 -0.0575 -0.3 -0.3025 -0.3025 -0.30249703 0.095 0.095 -0.145 -0.45 -0.45 -0.12 -0.12 -0.935 -0.935 -0.935
0.0925 -0.11254648 -0.11749789 -0.1197271 -0.33500036 -0.35999941 -0.020000009 -0.32618408 -0.43241988 -0.43738873 -0.55 -0.55 -0.55 -0.55 -7.7911162e-05 0.0275 0.0275 0.027112652 -0.0025 -0.39269352 -1.07 -1.07 -1.07 -1.07 -0.40374703 -0.1425 -0.1425 -0.1425 -0.1425 -0.14233295 0.27 0.27 0.27 0.27 -0.1675 -0.1675 -0.1675 -0.06239261 -0.058420041 -0.18 -0.18 -0.30249341 -0.35748451 0.094956416 0.095 -0.145 -0.45 -0.45 -0.12 -0.12 -0.93204327 -0.935 -0.96034412
0.0925 -0.1175 -0.1175 -0.1175 -0.1175 -0.1175001 -0.020870299 -0.16669475 -0.41219679 -0.54987906 -0.55 -0.55 -0.55 -0.55 -0.55000012 0.027499999 0.027499995 0.025442205 -0.0025030408 -1.07 -1.07 -1.07 -1.07 -1.07 -1.0453532 -0.040022131 -0.0025000289 -0.0025 -0.0025 -0.0025 0.27 0.27 0.26999976 0.0725 0.0725 -0.1675 0.075547931 0.0825 -0.17999985 -0.18 -0.18 -0.18 -0.3575 -0.3575 -0.3575 -0.35602119 -0.84733411 -0.85 -0.85 -0.85 -0.84999999 -0.32250013 -0.3225
-0.2925 -0.1175 -0.1175 -0.1175 -0.1175 -0.1175 -0.1175 -0.058693579 -0.72048086 -0.7225 -0.7225 -0.7225 -0.7225 -0.7225 -0.7225 -0.17620501 0.024442451 0.023391864 -1.0698658 -1.07 -1.07 -1.07 -1.07 -1.0699986 0.07 0.07 0.069999898 -0.0025 -0.0025 -0.0017641028 0.365 0.365 0.0725 0.0725 0.0725 0.080898296 0.0825 0.0825 0.0825 -0.18 -0.18 -0.18 -0.3575 -0.3575 -0.3575 -0.3575 -0.84999999 -0.85 -0.85 -0.85 -0.85 -0.3225 -0.3225
-0.2925 -0.22734949 -0.1175 -0.1175 -0.1175 -0.1175 0.027471541 0.0275 0.027499982 -0.7225 -0.7225 -0.7225 -0.7225 -0.7225 -0.5995116 -0.165 -0.165 -0.165 0.11886853 0.12249878 0.1225 0.1225 0.1225 0.1225 0.07 0.07 0.07 0.07 -0.0025 0.365 0.365 0.365 0.072500026 0.0725 0.0725 0.5025 0.083056093 0.0825 0.0825 -0.17988531 0.048865589 0.58271358 -0.3575 -0.3575 -0.43725312 -0.4375 -0.4375 -0.84906228 -0.28199189 -0.28000005 -0.28000011 -0.11503145 -0.32249958
-0.2925 0.099189962 -0.0023745267 -0.1175 -0.1175 0.027414327 0.0275 0.0275 0.0275 0.022095285 -0.7225 -0.7225 -0.7225 -0.72249993 -0.165 -0.165 -0.165 -0.165 0.12224318 0.1225 0.1225 0.1225 0.1225 0.1225 0.070000001 0.07 0.07 0.07 0.071073017 0.365 0.365 0.365 0.66249999 0.072557982 0.5025 0.5025 0.5025 0.50999865 0.55320803 0.585 0.585 0.585 0.03 0.03 -0.4375 -0.4375 -0.4375 -0.28 -0.28 -0.28 -0.28 -0.115 -0.115
0.10975346 0.11 0.11 0.11 0.2575 0.027505933 0.0275 0.0275 0.0275 0.0275 -0.66798982 -0.72249062 -0.72249998 -0.165 -0.165 -0.165 -0.165 -0.165 -0.13535957 0.1225 0.1225 0.1225 0.1225 0.1225 0.13299176 0.18999935 0.19 0.19 0.19 0.36500002 0.66249999 0.6625 0.6625 0.6625 0.5025 0.50251804 1.1875 1.1875 0.59252311 0.585 0.585 0.585 0.03 0.03 -0.3651149 -0.4375 -0.4375 -0.28 -0.28 -0.28 -0.27823077 -0.115 -0.115
0.11 0.11 0.11 0.17945995 0.2575 0.2575 0.0275 0.0275 0.0275 0.0275 -0.0025 -0.0025 -0.0025 -0.165 -0.165 -0.165 -0.165 -0.16494175 -0.0525 -0.0525 0.12249993 0.1225 0.12493458 0.2225 0.22220742 0.19 0.19 0.19 0.19 0.66245189 0.6625 0.6625 0.6625 0.6625 1.1874976 1.1875 1.1875 1.1875 1.1853568 0.585 0.585 0.585 0.03 0.03 0.03 -0.4375 -0.4375 -0.28 -0.28 -0.28 -0.115 -0.115 -0.115
0.11 0.11 0.11 0.2575 0.2575 0.2575 0.25749965 0.0275 0.0275 -0.0024690314 -0.0025 -0.0025 -0.0025 -0.0026012395 0.1203214 0.1875 0.1875 0.1875 -0.0525 -0.0525 -0.0525 0.2225 0.2225 0.2225 0.22248249 0.17426427 0.19 0.19 0.19 0.68818893 0.70749557 0.7075 0.7075 0.7075 1.0124715 0.76750095 0.7675 0.7675 0.7675 0.54500547 0.545 0.545 0.03 0.03 0.1249996 0.12499994 -0.045 -0.045 0.0325 0.0325 0.0325 -0.115 0.19722059
0.1100022 0.11 0.11000001 0.2575 0.2575 0.2575 0.2575 0.59749983 0.029779083 -0.0020647468 -0.0025 -0.0025 -0.0025 -0.0021271672 0.1875 0.1875 0.1875 0.18749993 -0.0525 -0.0525 -0.0525 0.2225 0.2225 0.2225 0.16 0.16 0.265 0.265 0.265 0.26741398 0.7075 0.7075 0.7075 0.7075 0.73748345 0.7675 0.7675 0.7675 0.7675 0.545 0.545 0.545 0.53178519 0.125 0.125 0.125 -0.045 -0.045 0.0325 0.0325 0.0325 0.19749999 0.1975
0.82 0.49521774 0.64 0.63988903 0.2575 0.59553277 0.5975 0.5975 0.66126626 0.47750001 0.4775 0.4775 0.4775 0.67249365 0.6725 0.18750037 0.1875 0.18117635 -0.0525 -0.0525 -0.0525 0.805 0.805 0.805 0.16 0.16 0.265 0.265 0.265 0.26500018 0.51250124 0.51250055 0.70259897 0.70729095 0.32543872 0.325 0.325 0.325 0.325 0.545 0.545 0.545 0.14812655 0.125 0.125 0.12500003 -0.045 -0.045 -0.04499721 0.0325 0.032502012 0.0775 0.1975
0.74251472 0.74249998 0.64 0.64 0.64 0.5975 0.5975 0.5975 0.7725 0.7725 0.4775 0.4775 0.4775 0.6725 0.6725 0.6725 0.6725 0.6724177 -0.0525 -0.0525 -0.052499967 0.805 0.805 0.805 0.16 0.16 0.265 0.265 0.265 0.50970942 0.5125 0.5125 0.5125 0.5125 0.32509252 0.325 0.325 0.325 0.325 0.59249999 0.5925 0.5925 0.5925 0.12500125 0.2875 0.2875 0.2875 0.255 0.255 0.255 0.0775 0.0775 0.0775
0.7425 0.7425 0.64 0.64 0.64 0.59772339 0.5975 0.7725 0.7725 0.7725 0.47753631 0.4775 0.63479651 0.6725 0.6725 0.6725 0.6725 0.5425 0.5425 0.5425 0.025000018 0.02500058 0.8049962 0.805 0.80428088 -0.1025 -0.1025 -0.10249912 0.26494061 0.22255779 0.22250154 0.22255063 0.51200436 0.51224973 0.35820615 0.32499997 0.32476541 0.255 0.255 0.5925 0.5925 0.5925 0.5925 0.2875 0.2875 0.2875 0.2875 0.255 0.255 0.255 0.0775 0.0775 0.0775
0.7425 0.7425 0.64 0.64 0.64 0.64 0.66299739 0.7725 0.7725 0.7725 0.77244338 0.67 0.67 0.67 0.67248527 0.6725 0.54336629 0.5425 0.5425 0.5425 0.025 0.025 0.025 0.025 -0.1025 -0.1025 -0.1025 -0.1025 -0.1025 0.2225 0.2225 0.2225 0.2225 0.22250002 0.23 0.255 0.255 0.255 0.255 0.25500043 0.3375 0.3375 0.3375 0.25289368 0.0775 0.0775 0.0775 0.25499999 0.25499958 -0.175 -0.175 -0.14994465 -0.15
0.7425 0.7425 0.6769953 0.64 0.64 0.64 0.81742015 0.77264182 0.7725 0.7725 0.67000009 0.67 0.67 0.67 0.67 0.67018595 0.5425 0.5425 0.5425 0.5425 0.025004003 0.025 0.025 0.025 -0.1025 -0.1025 -0.1025 -0.1025 -0.1025 -0.18207864 0.2225 0.2225 0.2225 0.23 0.23 0.23001941 0.255 0.255 0.255 0.255 0.3375 0.3375 0.3375 0.25480059 0.0775 0.0775 0.0775 0.24 -0.16982914 -0.175 -0.175 -0.15 -0.15
0.5325 0.5325 0.5325 0.6130468 0.64031158 0.8175 0.8175 0.8175 0.8175 1.085 1.085 0.67000003 0.67 0.67 0.67 0.66999192 0.5425 0.5425 0.5425 0.5425 0.25082021 0.025 0.025 0.0064844291 -0.65667325 -0.1025 -0.1025 -0.1025 -0.325 -0.325 -0.325 -0.3249977 0.23 0.23 0.23 0.23 0.255 0.255 0.255 0.255 0.33 0.33 0.33 0.31250035 0.3125 0.3125 0.31249993 0.24 0.24 -0.17449435 -0.175 -0.14999739 -0.15
0.5325 0.5325 0.5325 0.53251723 0.8525 0.84741042 0.8175 0.8175 0.8175 1.085 1.085 1.085 0.805 0.805 0.805 0.80499999 0.5420512 0.5425 0.5425 0.5425 0.53461424 -0.68249806 -0.6825 -0.6825 -0.6825 -0.6825 -0.82749999 -0.8275 -0.325 -0.325 -0.325 -0.325 0.2300001 0.23 0.23 0.23001079 0.25499999 0.255 0.255 0.25337687 0.33 0.33 0.33 0.31250081 0.3125 0.3125 0.3125 0.24 0.24 0.24000002 0.3675 0.3675 0.5625
0.5325 0.5325 0.5325 0.85249926 0.8525 0.8525 0.81750001 0.8175 0.8175 1.085 1.085 1.085 0.805 0.805 0.805 0.76634903 0.2975 0.2975 0.29750063 0.54111617 -0.6825 -0.6825 -0.6825 -0.6825 -0.6825 -0.68260912 -0.8275 -0.8275 -0.8275 -0.325 -0.325 -0.32516735 0.3625 0.3625 0.3625 -0.037499998 -0.0375 -0.115 -0.115 -0.115 -0.01 0.32989335 0.32999743 -0.015 -0.015 -0.0025881223 0.31249901 0.24 0.24 0.3675 0.3675 0.3675 0.5625
0.5325 0.5325 0.5325 0.8525 0.8525 0.8525 0.8525 0.8175 0.8175 1.085 1.085 0.81619596 0.805 0.805 0.805 0.2975 0.2975 0.2975 0.2975 0.2975 -0.6825 -0.6825 -0.6825 -0.6825 -0.6825 -0.82749951 -0.8275 -0.8275 -0.8275 -0.585 -0.585 -0.585 0.3625 0.3625 0.3625 -0.0375 -0.0375 -0.115 -0.115 -0.01 -0.01 -0.01 -0.015 -0.015 -0.015 -0.015 0.0073851485 0.2575 0.2575 0.2575 0.36750001 0.695 0.695
0.5325 0.5325 0.53294561 0.8525 0.8525 0.8525 0.8525 1.1119232 1.125 1.1249313 1.085 0.80498869 0.805 0.805 0.80499824 0.2975 0.2975 0.2975 0.2975 0.2975 -0.34678741 -0.6825 -0.6825 -0.6825 -0.68243718 -0.82747468 -0.8275 -0.8275 -0.8275 -0.585 -0.585 -0.585 -0.58485934 0.3625 -0.0375 -0.0375 -0.0375 -0.037503082 -0.11499284 -0.01 -0.01 -0.01 -0.014999696 -0.015 -0.015 -0.015 0.25749982 0.2575 0.2575 0.2575 0.695 0.695 0.695
0.16 0.16000065 0.85230725 0.8525 0.8525 0.8525 1.124942 1.125 1.125 1.125 0.67000001 0.67 0.67 0.67 0.29921925 0.2975 0.2975 0.2975 0.2975 -0.33249962 -0.3325 -0.3325 -0.37750005 -0.3775 -0.3775 -0.3775 -0.41634079 -0.8275 -0.11002939 -0.11 -0.11 -0.11 -0.11 0.11 0.11 0.11 0.11 0.11 0.42 0.42 0.42 0.42 0.42 0.24211184 0.2425 0.2425 0.2425 0.2575 0.2575 0.2575 0.69493108 0.695 0.695
0.16 0.16 0.16485624 0.74000023 0.74000003 0.74037538 1.125 1.125 1.125 1.125 0.67 0.67 0.67 0.67 0.67 0.2975 0.2975 0.2975 -0.33249984 -0.3325 -0.3325 -0.3325 -0.3775 -0.3775 -0.3775 -0.3775 -0.3775 -0.37759495 -0.10999228 -0.11 -0.11 -0.11 -0.1099969 0.094410205 0.10998386 0.11 0.11 0.11 0.42 0.42 0.42 0.42 0.42 0.2425 0.2425 0.2425 0.2425 0.24951429 0.2575 0.2575 0.2575 0.6025 0.6025
0.16 0.16 0.73992653 0.74 0.74 0.74 0.83778838 1.125 1.125 1.125 0.67 0.67 0.67 0.67 0.67 0.29778047 0.2975 -0.33231529 -0.3325 -0.3325 -0.3325 -0.3325 -0.36082946 -0.3775 -0.3775 -0.3775 -0.3775 -0.3772965 -0.09 -0.09 -0.09 -0.09 -0.09 0.0825 0.0825 0.0825 0.0825 0.0825 0.3675 0.3675 0.3675 0.3675 0.3675 0.24275637 0.24250005 0.2425 0.2425178 0.24464377 0.2575 0.2575 0.2575 0.60249807 0.6025
0.15999982 0.061949598 0.73999991 0.74 0.74 0.74 0.74 1.1248361 1.125 1.125 0.67 0.67 0.67 0.67 0.007548195 -0.0075 -0.0075 -0.33249164 -0.3325 -0.3325 -0.3325 -0.3325 -0.33249999 -0.3775 -0.3775 -0.3775 -0.3775 -0.39499971 -0.39499986 -0.33008859 -0.09 -0.09 -0.09 0.082499998 0.0825 0.0825 0.0825 0.082279883 0.3675 0.3675 0.3675 0.3675 0.36746169 0.3475 0.3475 0.3475 0.3475 0.34749274 0.2575 0.2575 0.2575 0.25750028 0.7084168
0.06 0.06 0.22862955 0.74 0.74 0.74 0.74 0.74 1.1248344 0.52750001 0.5275 0.5275 0.52783818 -0.007499024 -0.0075 -0.0075 -0.0075 -0.0075 -0.33249913 -0.32506349 -0.26 -0.26 -0.26 -0.28902891 -0.36149273 -0.27584083 -0.20369172 -0.395 -0.395 -0.395 -0.395 -0.395 -0.38044542 -0.2407884 -0.2425 -0.2425 -0.2425 -0.2425 0.27357313 -0.1324991 -0.1325 -0.1325 -0.1325 0.15750056 0.34749995 0.3475 0.3475 0.0275 0.25749632 0.2575 0.2575 0.71 0.71
0.06 0.06 0.35 0.35 0.35 0.73987009 0.74 0.74 0.5275 0.5275 0.5275 0.5275 0.5275 -0.0074999757 -0.0075 -0.0075 -0.0075 -0.0075 -0.26 -0.26 -0.26 -0.26 -0.26 -0.1775 -0.1775 -0.1775 -0.1775 -0.395 -0.395 -0.395 -0.395 -0.395 -0.09 -0.09 -0.2425 -0.2425 -0.2425 -0.19500809 -0.195 -0.1325 -0.1325 -0.1325 -0.13249994 0.1575 0.1575 0.1575 0.0275 0.0275 0.0275 0.055 0.055 0.71 0.71
0.06 0.06 0.35 0.35 0.35 0.35 0.35000062 0.4625 0.5274388 0.5275 0.5275 0.5275 0.5275 -0.00082636143 -0.0075 -0.0075 -0.0075 -0.0075 -0.25999999 -0.26 -0.26 -0.26 -0.26 -0.1775 -0.1775 -0.1775 -0.1775 -0.17750089 -0.395 -0.395 -0.395 -0.090015991 -0.09 -0.09 -0.09 -0.2425 -0.195 -0.195 -0.195 -0.19335551 0.18784322 0.2475 0.2475 0.1575 0.1575 0.1575 0.0275 0.0275 0.0275 0.055 0.055 0.055 0.58093542
0.3275 0.3274979 0.35 0.35 0.35 0.35 0.4625 0.4625 0.4625 0.5275 0.5275 0.5275 0.5275 0.52733368 -0.0075 -0.0075 -0.0075 -0.0075 -0.25999556 -0.26 -0.26 -0.26 -0.19203436 -0.1775 -0.1775 -0.1775 -0.1775 -0.28749991 -0.2875 -0.2875 -0.39383484 -0.09 -0.09 -0.09 -0.089999864 0.052499998 -0.195 -0.195 -0.195 -0.195 0.2475 0.2475 0.2475 0.0175 0.0175 0.0175 -0.259972 0.0275 0.0275 0.055 0.055 0.055 0.56750075
