interpolatedSpi/08-11|19_1.tif
NCOLS 53
NROWS 52
XLLCORNER -116.03883
YLLCORNER 28.596182
DX 0.49850594
DY 0.49788537
NODATA_VALUE -9999
0.392 0.392 0.19966666 0.202 0.46 0.234 0.344 0.348 0.21457517 -0.064 -0.134 0.422 0.10798139 -0.118 -0.11 -0.11 -0.11 0.052 0.296 0.296 0.296 0.29599542 -0.18 0.072 0.072 0.072 -0.40000339 -0.4 -0.4 -0.032 -0.032 -0.032 -0.032 0.51999989 0.52 0.52 0.52 0.52 0.52 0.51999999 0.24298419 0.24008563 0.576 0.576 0.576 0.576 0.57410532 -0.584 -0.584 -0.584 0.8099971 0.81 0.81 
0.39200986 0.614 0.22800045 0.2709827 0.62175094 0.22 0.406 0.11221435 0.198 0.168 0.416 0.108 0.108 0.30657952 -0.11799478 -0.11 0.052 0.052 0.29568186 0.296 0.296 0.296 0.059577646 0.072 0.072 0.072 0.21799999 0.218 -0.032 -0.032 -0.032 -0.032 -0.032 0.51999992 0.52 0.52 0.52 0.52 0.52000002 0.570908 0.81998851 0.60560746 0.576 0.576 0.576 0.576 0.576 -0.584 -0.584 -0.584 -0.46840819 0.81 0.81 
0.40200748 0.402 0.622 0.718 0.4 0.608 0.59 0.492 0.29 0.288 0.328 0.284 0.31 0.022 0.308 -0.354 0.052 0.052 0.052 0.19402965 0.194 0.194 -0.164 0.072 0.072 0.072 0.218 0.218 0.218 -0.032 -0.032 -0.032000001 -0.046442002 0.52014443 0.52297852 0.83706769 0.84 0.84 0.83748453 0.82 0.82 0.81968799 0.576 0.576 0.576 0.576 0.576 -0.584 -0.584 -0.584 -0.584 0.81 0.81 
0.732 0.40199989 -0.1499807 0.57 0.05 0.57 0.292 0.18 -0.05 -0.0073342978 0.108 -0.29 0.426 0.022 0.094 -0.354 -0.036448304 -0.033939743 0.158 0.194 0.194 -0.252 -0.164 -0.164 0.072 0.072000729 0.218 0.218 0.218 -0.282 -0.1612909 -0.062 -0.062 -0.061999289 0.84 0.84 0.84 0.84 0.82 0.82 0.82 0.81999999 0.576 0.576 0.576 0.576 0.576 -0.58398537 -0.584 -0.584 -0.584 0.80996564 0.81 
0.732 0.58199866 -0.15 -0.34152049 0.05 -0.204 -1.8591707e-05 0.018 0.178 0.28799984 0.16920404 0.11204412 0.42 0.094 0.094 -0.20072837 -0.034 -0.034 0.158 0.158 0.19399914 -0.252 -0.006 0.158 0.236 0.23608746 0.218 0.218 -0.282 -0.282 -0.062 -0.062 -0.062 0.017954958 0.84 0.84 0.84 0.82 0.82 0.82 0.82 0.8199749 0.576 0.576 0.576 0.576 0.576 0.56567456 -0.584 -0.58398466 -0.242 -0.242 -0.242 
-0.8 0.626 0.52800002 -0.098 -0.028 0.154 -0.092 -0.07791685 0.022 0.05 0.372 0.156 0.15600017 0.144 0.144 0.27807629 0.278 0.186 0.186 0.15800029 0.02 0.02 0.158 0.236 0.236 0.61 -0.436 -0.436 0.0079740779 -0.282 -0.062 -0.062 0.362 0.36195925 -0.027972038 -0.011999999 -0.012 0.56260181 0.82 0.82 0.56032428 0.56 0.56000113 0.12608496 0.11805062 0.11800012 0.11800002 0.11800018 0.50448788 -0.242 -0.242 -0.242 -0.242 
-0.14400479 0.524 0.29660821 0.628 0.76 -0.062 0.33 0.324 -0.002 -0.0019999999 0.372 0.416 0.288 0.144 0.59399865 0.594 0.278 0.552 0.484 0.484 0.15572429 0.308 0.308 0.79199999 0.61 0.61 -0.436 -0.436 0.0080179493 0.008330459 0.29406642 0.362 0.362 -0.028 -0.028 0.38558723 -0.012 -0.012 0.10799584 0.55999937 0.56 0.56 0.56000695 0.11800447 0.118 0.118 0.118 0.11800033 0.67 -0.24181927 -0.242 -0.242 -0.242 
-0.144 0.014 0.652 0.482 0.72198624 0.444 0.114 0.13800001 0.08 0.168 0.168 0.29 0.288 0.288 0.59190056 0.28980717 0.26 0.424 0.15600034 0.484 0.24514969 0.228 0.464 0.342 0.34199959 0.31 0.396 0.39599971 0.31492073 0.316 0.294 0.42046129 0.236 -0.028 0.0014909191 0.718 0.718 0.108 0.108 0.56 0.56 0.56000001 0.92048028 0.91999996 0.118 0.118 0.118 0.66997899 0.67 0.67 -0.242 -0.242 -0.242 
0.0097519649 0.014000005 0.752 1.032 1.122 0.436 0.364 0.658 0.066 0.38656992 -0.192 -0.011999996 -0.012 0.002 0.0020028398 -0.0052586357 -0.006 -0.006 0.38308939 0.38000001 0.43 0.43 0.558 0.50104385 0.31322476 0.31 0.346 0.396 0.44769783 0.448 0.472 0.836 0.88737017 1.064 1.006 0.866 0.694 0.608 0.80191042 0.56211583 1.034 1.046 0.92000717 0.92 0.91548591 0.118 0.63999997 0.67 0.67 0.67 0.67 -0.1682916 -0.232 
-0.014 -0.014 0.422 0.678 0.392 0.276 0.502 0.534 0.314 0.46799654 0.226 0.302 0.002 0.002 0.304 0.29974821 -0.006 -0.0059544324 0.162 0.38 0.38 0.38644168 0.558 0.30000489 0.3 0.3 0.346 0.798 0.798 0.448 0.448 0.83619345 0.938 1.064 1.114 0.866 0.694 0.73 0.802 1.1050083 1.046 1.0158782 0.964 0.92 0.92 0.64 0.64 0.64 0.67 0.67 0.35 0.35 0.34999978 
-0.014 -0.014 0.022 -0.264 -0.272 0.676 0.446 0.76362817 0.476 0.55 0.476 0.336 0.30204482 0.304 0.304 0.30402076 0.484 0.46709993 0.162 0.788 0.788 0.548 0.548 0.3 0.3 0.3 0.798 0.798 0.798 0.926 0.926 0.92600002 0.984 0.984 0.7 0.77 0.936 0.45599932 1.202 1.11 1.11 1.0679997 0.964 0.92 1.1079999 1.048 1.165726 1.168 0.994 0.994 0.35 0.35 0.35 
-0.014 0.0014586415 -0.1000464 -0.19199477 0.148 0.338 0.446 0.764 0.47600241 0.54918017 0.33600028 0.336 0.634 0.304 0.304 0.48399999 0.484 0.48398167 0.162 0.788 0.74086888 0.548 0.548 0.30001027 0.3 0.54916943 1.058 1.058 1.058 0.926 0.926 0.758 0.758 0.98399922 0.7 0.87599994 0.84620179 0.456 0.456 1.11 1.068 1.068 1.0680003 1.108 1.108 1.048 1.168 1.168 0.994 0.994 0.35 0.35 0.35 
-0.232 0.12686311 0.13998531 0.13759899 0.14800074 0.33799551 0.446 0.7600856 0.49584615 0.47793234 0.634 0.634 0.634 0.634 0.30404675 0.484 0.484 0.47984247 0.162 0.78801397 0.85 0.85 0.85 0.85 0.30994341 1.058 1.058 1.058 1.058 1.0579003 0.758 0.758 0.758 0.758 0.876 0.876 0.876 0.47615772 0.45931966 0.898 0.898 1.0679909 0.52002013 1.1079434 1.108 1.048 1.168 1.168 0.994 0.994 0.35233636 0.35 0.039011489 
-0.232 0.14 0.14 0.14 0.14 0.14000008 0.44572354 0.5964284 0.54879382 0.63383173 0.634 0.634 0.634 0.634 0.63400009 0.484 0.48399995 0.461913 0.16200672 0.85 0.85 0.85 0.85 0.85 0.85700463 1.0209317 0.97600002 0.976 0.976 0.976 0.75800001 0.758 0.75800043 1.114 1.114 0.876 1.0257175 1.03 0.89800008 0.898 0.898 0.898 0.52 0.52 0.52 0.5236744 0.40298497 0.398 0.398 0.398 0.39800001 0.92999988 0.93 
-0.23 0.14 0.14 0.14 0.14 0.14 0.14000002 0.4090831 0.76076734 0.762 0.762 0.762 0.762 0.762 0.762 0.7404122 0.48803396 0.43990753 0.8499136 0.85 0.85 0.85 0.85 0.85000038 1.174 1.174 1.1739997 0.976 0.976 0.97646056 1.206 1.206 1.114 1.114 1.114 1.0434559 1.03 1.03 1.03 0.898 0.898 0.898 0.52 0.52 0.52 0.52 0.398 0.398 0.398 0.398 0.398 0.93 0.93 
-0.23 -0.092253204 0.14 0.14 0.14 0.14 0.13200157 0.132 0.13200002 0.762 0.762 0.762 0.762 0.762 0.75714665 0.74 0.74 0.74 1.1770006 1.1779997 1.178 1.178 1.178 1.178 1.174 1.174 1.174 1.174 0.976 1.206 1.206 1.206 1.114 1.114 1.114 0.952 1.0298967 1.03 1.03 0.89797579 0.84953435 0.73648418 0.52 0.52 0.6775124 0.678 0.678 0.39820826 0.52355969 0.52399999 0.52399998 0.53006054 0.92999919 
-0.23 -0.28644224 -0.076587704 0.14 0.14 0.13200473 0.132 0.132 0.132 0.13653996 0.762 0.762 0.762 0.762 0.74 0.74 0.74 0.74 1.1776087 1.178 1.178 1.178 1.178 1.178 1.174 1.174 1.174 1.174 1.1741164 1.206 1.206 1.206 1.356 1.1139894 0.952 0.952 0.952 0.95361072 0.7546234 0.736 0.736 0.736 0.68 0.68 0.678 0.678 0.678 0.524 0.524 0.524 0.524 0.53 0.53 
-0.28793047 -0.288 -0.288 -0.288 -0.112 0.13199371 0.132 0.132 0.132 0.132 0.71672626 0.76199221 0.76199998 0.74 0.74 0.74 0.74 0.74 0.78822512 1.178 1.178 1.178 1.178 1.178 1.2105038 1.2659995 1.266 1.266 1.266 1.206 1.356 1.356 1.356 1.356 0.952 0.95200384 1.098 1.098 0.74052011 0.736 0.736 0.736 0.68 0.68 0.67830967 0.678 0.678 0.524 0.524 0.524 0.52406434 0.53 0.53 
-0.288 -0.288 -0.288 -0.20511897 -0.112 -0.112 0.132 0.132 0.132 0.132 0.164 0.164 0.164 0.74 0.74 0.74 0.74 0.7399805 0.96 0.96 1.1779999 1.178 1.1798016 1.252 1.252126 1.266 1.266 1.266 1.266 1.3559908 1.356 1.356 1.356 1.356 1.0979995 1.098 1.098 1.098 1.0967405 0.736 0.736 0.736 0.68 0.68 0.68 0.678 0.678 0.52400001 0.524 0.524 0.53 0.53 0.53 
-0.288 -0.288 -0.288 -0.112 -0.112 -0.112 -0.11199963 0.132 0.132 0.16396697 0.164 0.164 0.164 0.16435887 0.64448816 0.622 0.622 0.622 0.96 0.96 0.96 1.252 1.252 1.252 1.2520123 1.2817357 1.266 1.266 1.266 1.3929551 1.4039953 1.404 1.404 1.404 1.1972276 1.3359995 1.336 1.336 1.336 0.77199507 0.772 0.772 0.68 0.68 0.87999917 0.88 0.892 0.892 0.9 0.9 0.9 0.53 0.80375501 
-0.28800029 -0.288 -0.28799999 -0.112 -0.112 -0.112 -0.112 -0.18399991 0.13073651 0.16377693 0.164 0.164 0.164 0.16489872 0.622 0.622 0.622 0.6220001 0.96 0.96 0.96 1.252 1.252 1.252 1.296 1.296 1.278 1.278 1.278 1.2786874 1.404 1.404 1.404 1.404 1.3700186 1.336 1.336 1.336 1.336 0.772 0.772 0.772 0.77539809 0.88 0.88 0.88 0.892 0.892 0.9 0.9 0.9 0.804 0.804 
-0.38 -0.32952843 -0.106 -0.10600174 -0.112 -0.18358341 -0.184 -0.184 -0.17306864 -0.082000002 -0.082 -0.082 -0.082 0.10599388 0.106 0.6219996 0.622 0.6309058 0.96 0.96 0.96 0.974 0.974 0.974 1.296 1.296 1.278 1.278 1.278 1.2780001 1.4159999 1.416 1.4043016 1.4040129 1.1043439 1.104 1.104 1.104 1.104 0.772 0.772 0.772 0.8740531 0.88 0.88 0.87999994 0.892 0.892 0.89200029 0.9 0.90000742 1.066 0.804 
-0.14804406 -0.14799999 -0.106 -0.106 -0.106 -0.184 -0.184 -0.184 -0.154 -0.154 -0.082 -0.082 -0.082 0.106 0.106 0.106 0.106 0.10609673 0.96 0.96 0.96 0.974 0.974 0.974 1.296 1.296 1.278 1.278 1.278 1.414444 1.416 1.416 1.416 1.416 1.104154 1.104 1.104 1.104 1.104 0.64400003 0.644 0.644 0.644 0.87999758 0.564 0.564 0.564 0.676 0.676 0.676 1.066 1.066 1.066 
-0.148 -0.148 -0.106 -0.106 -0.106 -0.18359002 -0.184 -0.154 -0.154 -0.154 -0.082008863 -0.082 -0.35328541 0.10599988 0.106 0.106 0.106 -0.34 -0.34 -0.34 0.18200002 0.18200059 0.97399614 0.974 0.9739422 0.724 0.724 0.72400132 1.2779105 1.0400749 1.040002 1.0400656 1.4153574 1.4156755 1.1593232 1.1039998 1.1018887 0.474 0.474 0.644 0.644 0.644 0.644 0.564 0.564 0.564 0.564 0.676 0.676 0.676 1.066 1.066 1.066 
-0.148 -0.148 -0.106 -0.106 -0.106 -0.106 -0.17277188 -0.154 -0.154 -0.154 -0.15414362 -0.414 -0.414 -0.414 0.10293552 0.106 -0.33702797 -0.34 -0.34 -0.34 0.182 0.182 0.182 0.182 0.724 0.724 0.724 0.724 0.724 1.04 1.04 1.04 1.04 1.0399995 0.802 0.474 0.474 0.474 0.474 0.47400026 0.53 0.53 0.53 0.49420537 0.42 0.42 0.42 0.67599999 0.6759996 0.26 0.26 0.36617029 0.366 
-0.148 -0.148 -0.12115905 -0.106 -0.106 -0.106 -0.31371608 -0.15450423 -0.154 -0.154 -0.414 -0.414 -0.414 -0.414 -0.414 -0.37136627 -0.34 -0.34 -0.34 -0.34 0.18199596 0.182 0.182 0.182 0.724 0.724 0.724 0.724 0.724 0.62322858 1.04 1.04 1.04 0.802 0.802 0.8017453 0.474 0.474 0.53252897 0.57799999 0.53 0.53 0.53 0.49424906 0.42 0.42 0.42 -0.06 0.25601283 0.26 0.26 0.366 0.366 
-0.312 -0.312 -0.312 -0.15764986 -0.10605099 -0.314 -0.314 -0.314 -0.314 -0.394 -0.394 -0.414 -0.414 -0.414 -0.414 -0.41399532 -0.34 -0.34 -0.34 -0.34 -0.045783867 0.182 0.182 0.1785455 0.080012455 0.724 0.724 0.724 0.476 0.476 0.476 0.47600237 0.802 0.802 0.802 0.802 0.578 0.578 0.578 0.578 0.356 0.356 0.356 0.30400105 0.304 0.304 0.30400004 -0.06 -0.06 0.2596101 0.26 0.36599848 0.366 
-0.312 -0.312 -0.312 -0.31199063 -0.138 -0.16359329 -0.314 -0.314 -0.314 -0.394 -0.394 -0.394 -0.75799998 -0.758 -0.758 -0.758 -0.34107345 -0.34 -0.34 -0.34 -0.33209183 0.050000362 0.05 0.05 0.05 0.050000007 0.046000005 0.046 0.476 0.476 0.476 0.476 0.80199979 0.802 0.802 0.80197654 0.578 0.578 0.578 0.57764905 0.356 0.356 0.356 0.30400241 0.304 0.304 0.304 -0.06 -0.06 -0.059999983 0.064 0.064 0.132 
-0.312 -0.312 -0.312 -0.1380004 -0.138 -0.138 -0.31399993 -0.314 -0.314 -0.394 -0.394 -0.394 -0.758 -0.758 -0.758 -0.7707948 -0.926 -0.926 -0.92599849 -0.34330988 0.05 0.05 0.05 0.05 0.05 0.04999699 0.046 0.046 0.046000001 0.476 0.476 0.47581978 0.514 0.514 0.514 0.396 0.396 0.498 0.498 0.498 0.342 0.35599561 0.35599951 0.29 0.29 0.29053058 0.30399935 -0.06 -0.06 0.064 0.064 0.064 0.132 
-0.312 -0.312 -0.312 -0.138 -0.138 -0.138 -0.138 -0.314 -0.314 -0.394 -0.394 -0.74344525 -0.758 -0.758 -0.758 -0.926 -0.926 -0.926 -0.926 -0.926 0.05 0.05 0.05 0.05 0.05 0.046000014 0.046 0.046 0.046 0.196 0.196 0.196 0.514 0.514 0.514 0.396 0.396 0.498 0.498 0.342 0.342 0.342 0.29 0.29 0.29 0.29 0.29410737 0.34 0.34 0.34 0.064000005 0.32 0.32 
-0.312 -0.312 -0.3117577 -0.138 -0.138 -0.138 -0.138 -0.47120412 -0.488 -0.48783861 -0.39400002 -0.75801424 -0.758 -0.758 -0.75800058 -0.926 -0.926 -0.926 -0.926 -0.926 -0.55422818 0.05 0.05 0.05 0.049908551 0.045975244 0.046 0.046 0.046 0.196 0.196 0.196 0.19604374 0.514 0.396 0.396 0.396 0.39600392 0.49798936 0.342 0.342 0.342 0.29000316 0.29 0.29 0.29 0.34000242 0.34 0.34 0.34 0.32 0.32 0.32 
-0.504 -0.50399966 -0.13810443 -0.138 -0.138 -0.138 -0.48792552 -0.488 -0.488 -0.488 -0.92799999 -0.928 -0.928 -0.928 -0.9260092 -0.926 -0.926 -0.926 -0.926 -0.58000021 -0.58 -0.58 -0.39399993 -0.394 -0.394 -0.394 -0.35602234 0.046 -0.067995331 -0.068 -0.068 -0.068 -0.068 0.016000002 0.016 0.016 0.016 0.016 0.25 0.25 0.25 0.25 0.25 0.58155983 0.582 0.582 0.582 0.34 0.34 0.34 0.32000315 0.32 0.32 
-0.504 -0.504 -0.50468644 -0.5859991 -0.5859999 -0.58590415 -0.488 -0.488 -0.488 -0.488 -0.928 -0.928 -0.928 -0.928 -0.928 -0.926 -0.926 -0.926 -0.58000009 -0.58 -0.58 -0.58 -0.394 -0.394 -0.394 -0.394 -0.394 -0.39390658 -0.068173 -0.068000002 -0.068 -0.068 -0.068069498 -0.031619736 0.015950692 0.016 0.016 0.015999999 0.25 0.25 0.25 0.25 0.25 0.582 0.582 0.582 0.582 0.46883607 0.34 0.44481737 0.446 0.164 0.164 
-0.504 -0.504 -0.58598961 -0.586 -0.586 -0.586 -0.56110841 -0.488 -0.488 -0.488 -0.928 -0.928 -0.928 -0.928 -0.928 -0.92599947 -0.926 -0.58010144 -0.58 -0.58 -0.58 -0.58 -0.46290491 -0.394 -0.394 -0.394 -0.394 -0.39408625 -0.516 -0.516 -0.516 -0.516 -0.516 -0.068 -0.068 -0.068 -0.068 -0.068 0.468 0.468 0.468 0.468 0.468 0.58208302 0.58200002 0.582 0.58200576 0.58267389 0.446 0.446 0.446 0.16400158 0.164 
-0.50399982 -0.40791061 -0.58599997 -0.586 -0.586 -0.586 -0.586 -0.48804173 -0.488 -0.488 -0.928 -0.928 -0.928 -0.928 -0.70506419 -0.7 -0.7 -0.58000309 -0.58 -0.58 -0.58 -0.58 -0.57999992 -0.394 -0.394 -0.394 -0.394 -0.10800039 -0.10800019 -0.19483231 -0.516 -0.516 -0.516 -0.067999999 -0.068 -0.068 -0.068 -0.067859125 0.468 0.468 0.468 0.468 0.46802835 0.616 0.616 0.616 0.616 0.61598629 0.446 0.446 0.446 0.44600012 0.64284247 
-0.406 -0.406 -0.45170916 -0.586 -0.586 -0.586 -0.586 -0.586 -0.48804209 -0.614 -0.614 -0.614 -0.61474519 -0.70000033 -0.7 -0.7 -0.7 -0.7 -0.57999686 -0.55312601 -0.318 -0.318 -0.318 -0.33492327 -0.3493397 -0.11037092 0.09111639 -0.108 -0.108 -0.108 -0.108 -0.108 -0.12035358 0.13948371 0.14 0.14 0.14 0.14 0.53750559 0.83799934 0.838 0.838 0.838 0.86799926 0.61600007 0.616 0.616 0.452 0.4460001 0.446 0.446 0.65 0.65 
-0.406 -0.406 -0.49 -0.49 -0.49 -0.58596802 -0.586 -0.586 -0.614 -0.614 -0.614 -0.614 -0.614 -0.7 -0.7 -0.7 -0.7 -0.7 -0.318 -0.318 -0.318 -0.318 -0.318 0.16399998 0.164 0.164 0.164 -0.108 -0.108 -0.108 -0.108 -0.108 0.094 0.094 0.14 0.14 0.14 0.29397377 0.294 0.838 0.838 0.838 0.83799998 0.868 0.868 0.868 0.452 0.452 0.452 0.688 0.688 0.65 0.65 
-0.406 -0.406 -0.49 -0.49 -0.49 -0.49 -0.48999922 -0.348 -0.61374955 -0.614 -0.614 -0.614 -0.614 -0.69892723 -0.7 -0.7 -0.7 -0.7 -0.31800001 -0.318 -0.318 -0.318 -0.318 0.164 0.164 0.164 0.164 0.1639989 -0.108 -0.108 -0.108 0.093989409 0.094 0.094 0.094 0.14 0.294 0.294 0.294 0.30831366 0.74189703 0.724 0.724 0.868 0.868 0.868 0.452 0.452 0.452 0.688 0.688 0.688 0.59565702 
-0.214 -0.21400151 -0.49 -0.49 -0.49 -0.49 -0.348 -0.348 -0.348 -0.614 -0.614 -0.614 -0.614 -0.61402673 -0.7 -0.7 -0.7 -0.7 -0.31800658 -0.318 -0.318 -0.31799999 0.079095587 0.164 0.164 0.164 0.164 0.20599997 0.206 0.206 -0.10462239 0.094 0.094 0.094 0.093999759 -0.158 0.294 0.294 0.294 0.294 0.724 0.724 0.724 0.486 0.486 0.486 0.29001578 0.452 0.452 0.688 0.688 0.688 0.58999891 
-0.214 -0.214 -0.49 -0.49 -0.49 -0.348 -0.348 -0.348 -0.348 -0.58483364 -0.614 -0.614 -0.614 -0.61399823 -0.086070661 -0.086 -0.086 -0.086 -0.0072633214 0.072 0.072 0.072 0.072 0.164 0.164 0.164 0.16400277 0.206 0.206 0.206 0.206 0.093938652 -0.04774271 -0.158 -0.158 -0.158 0.2938417 0.25200087 0.252 0.252 0.72371332 0.35800001 0.358 0.486 0.486 0.48599917 0.29 0.29 0.518 0.518 0.518 0.286 0.2 
-0.214 -0.214 -0.128 -0.128 -0.128 -0.348 -0.348 -0.348 -0.348 -0.336 -0.336 -0.336 -0.336 -0.31838191 -0.086 -0.086 -0.086 -0.086 -0.01 0.072 0.072 0.072 0.072 0.202 0.20199998 0.16400006 0.206 0.206 0.206 0.206 -0.070426282 -0.34 -0.1796555 -0.158 -0.158 -0.158 0.252 0.252 0.252 0.252 0.358 0.358 0.358 0.14206811 0.142 0.28933475 0.29 0.29 0.51799834 0.518 0.286 0.286 0.2 
-0.214 -0.128 -0.128 -0.128 -0.128 -0.128 -0.34573324 -0.056 -0.056 -0.336 -0.336 -0.336 -0.336 -0.33594079 -0.086 -0.086 -0.086 -0.082566079 -0.01 -0.01 0.072 0.072 0.202 0.202 0.202 0.202 0.206 0.206 0.206 0.206 -0.34 -0.34 -0.34 -0.15818417 -0.158 -0.158 0.252 0.252 0.252 0.252 0.358 0.358 0.358 0.142 0.142 0.14197836 -0.24 -0.24 0.18 0.18 0.286 0.286 0.2 
-0.12880765 -0.128 -0.128 -0.128 -0.128 -0.128 -0.056 -0.056 -0.056 -0.2058677 -0.336 -0.336 -0.336 -0.33599039 -0.086 -0.086 -0.086 -0.01 -0.01 -0.01 0.071995903 0.072000794 0.202 0.202 0.202 0.202 0.20599972 0.206 0.206 -0.33987443 -0.34 -0.34 -0.34 -0.34 -0.15876193 -0.382 -0.382 -0.37102753 0.252 0.252 0.35799991 0.358 0.14828024 0.142 0.142 -0.23999986 -0.24 -0.24 0.18 0.18 0.016 0.016 0.338 
-0.128 -0.128 -0.128 -0.128 -0.128 -0.128 -0.056 -0.056 -0.056 -0.056000002 0.10798721 0.108 0.108 0.108 -0.085999129 0.067842376 0.154 0.154 -0.009697667 -0.01 -0.0099999839 0.20199981 0.202 0.202 0.202 0.202 0.20200291 0.206 0.20598134 -0.34 -0.34 -0.34 -0.34 -0.34 -0.382 -0.382 -0.382 -0.382 -0.382 -0.38199775 -0.394 -0.394 -0.3940001 -0.698 -0.698 -0.698 -0.268 -0.268 -0.082 -0.082 0.016 0.016000701 0.338 
-0.128 -0.128 -0.128 -0.128 -0.128 -0.128 -0.056 -0.056 -0.056 0.108 0.108 0.108 0.108 0.108 0.12012549 0.154 0.154 0.154 0.154 0.154 0.14616954 0.202 0.202 0.202 0.202 0.19641062 0.024278924 0.18121681 -0.33730741 -0.34 -0.34 -0.34 -0.34 -0.34000009 -0.382 -0.382 -0.382 -0.382 -0.382 -0.38758237 -0.394 -0.394 -0.394 -0.698 -0.698 -0.698 -0.268 -0.268 -0.082 -0.082 0.11 0.32542244 0.338 
-0.128 -0.128 -0.128 -0.128 -0.128 -0.12799998 -0.056000017 -0.056 -0.049193086 0.108 0.108 0.108 0.108 0.108 0.11020644 0.154 0.154 0.154 0.154 0.154 0.154 0.051621765 0.024000249 0.024 0.024 0.024 0.024 0.024 -0.61877537 -0.62799659 -0.62799999 -0.628 -0.628 -0.62799982 -0.382 -0.382 -0.382 -0.382 -0.382 -0.394 -0.394 -0.394 -0.394 -0.39400014 -0.6974549 -0.358 -0.26800001 0.10542604 -0.081830017 0.11 0.11 0.10879437 0.052 
-0.128 -0.128 -0.128 -0.128 -0.128 -0.1279954 -0.056003883 -0.055990077 0.10799979 0.108 0.108 0.108 0.108 0.108 0.10887528 0.154 0.154 0.154 0.154 0.154 0.154 0.024 0.024 0.024 0.024 0.024 0.024 0.024 -0.62782002 -0.628 -0.628 -0.628 -0.628 -0.628 -0.56059602 -0.382 -0.382 -0.382 -0.382 -0.394 -0.394 -0.394 -0.394 -0.39399078 -0.358 -0.358 -0.35505427 0.112 0.112 0.11 0.11 0.052 0.052 
-0.128 -0.128 -0.128 -0.128 -0.128 -0.12790398 -0.056080852 0.089493672 0.108 0.108 0.108 0.108 0.108 0.108 0.10880531 0.154 0.154 0.154 0.154 0.154 0.13549036 0.024 0.024 0.024 0.024 0.024 0.024 0.024 -0.62799739 -0.628 -0.628 -0.628 -0.628 -0.628 -0.628 -0.47140525 -0.61037062 -0.68635818 -0.69789849 -0.35851818 -0.39399999 -0.394 -0.394 -0.35800287 -0.358 -0.35451399 0.22599946 0.112 0.112 0.034003053 0.034 0.034 0.051999992 
-0.128 -0.128 -0.128 -0.128 -0.12799993 -0.12739948 -0.042325466 0.1079549 0.108 0.108 0.108 0.108 0.108 0.108 0.10907417 0.154 0.154 0.154 0.154 0.154 0.024000561 0.024 0.024 0.024 0.024 0.024 0.024 0.024 -0.62799982 -0.628 -0.628 -0.628 -0.628 -0.628 -0.62800002 -0.704 -0.704 -0.704 -0.704 0.158 0.158 0.158 0.158 0.22599831 0.226 0.226 0.226 0.22599803 0.048 0.048 0.034 0.034 -0.096958539 
-0.128 -0.128 -0.128 -0.12799999 -0.12799799 -0.12597083 0.096625003 0.10799786 0.108 0.108 0.108 0.108 0.108 0.108 0.10956152 0.15399998 0.154 0.154 0.154 0.15321759 0.024 0.024 0.024 0.024 0.024 0.024 0.024 0.024 -0.62799985 -0.628 -0.628 -0.628 -0.628 -0.628 -0.70399993 -0.704 -0.704 -0.704 -0.704 0.158 0.158 0.158 0.158 0.17635291 0.226 0.226 0.226 0.048001991 0.048 0.048 -0.156 -0.156 -0.156 
-0.128 -0.128 -0.128 -0.12799984 -0.12797989 -0.11298632 0.10737516 0.10799946 0.108 0.108 0.108 0.108 0.108 0.108 0.1102217 0.15399892 0.154 0.154 0.15399985 0.026634006 0.024 0.024 0.024 0.024 0.024 0.024 0.024 0.024 -0.62799939 -0.628 -0.628 -0.628 -0.628 -0.52112199 -0.70399993 -0.704 -0.704 -0.704 -0.704 0.158 0.158 0.158 0.158 0.158 0.226 0.226 0.226 0.048000002 0.048 0.048 -0.156 -0.156 -0.156 
-0.128 -0.128 -0.12799993 -0.12799804 -0.12783719 0.0019719856 0.10788896 0.10799967 0.108 0.108 0.108 0.108 0.108 0.10800009 0.11100659 0.1539832 0.154 0.154 0.15332693 0.024011054 0.024 0.024 0.024 0.024 0.024 0.024 0.024 0.02399962 -0.62799591 -0.628 -0.6279999 -0.49483518 -0.482 -0.482 -0.482 -0.704 -0.704 -0.704 -0.704 0.158 0.158 0.158 0.158 0.158 0.22599879 0.226 0.22599991 0.048000013 0.048 0.047999889 -0.156 -0.156 -0.156 
