Interpolating SPI Data/spi_stations/interpolated_spi/1-19_2.tif
NCOLS 257
NROWS 141
XLLCORNER -178.27925
YLLCORNER 5.3153543
DX 0.49934803
DY 0.49997533
NODATA_VALUE -9999
[rows 0 to 27 of 141, columns 186 to 247 of 257]
0.31 0.31 0.31 0.31 0.31 0.31 0.31 0.30998074 -0.14973649 -0.15 -0.15 -0.15 -0.15 -0.15 -0.15 -0.15 -0.15 -0.15 -0.15 -0.15 -0.15 -0.15 -0.15 -0.15 -0.15 -0.1501265 -0.72785449 -0.74999967 -0.75 -0.75 -0.75 -0.75 -0.75 -0.75 -0.75 -0.75 -0.75 -0.75 -0.75 -0.75 -0.75 -0.74999897 -0.74914793 -0.41004088 0.26477239 0.26997745 0.26999983 0.27 0.27 0.27 0.27 0.27 0.27 0.27 0.27 0.27 0.27 0.27 0.27 0.27 0.27 0.27
0.31 0.31 0.31 0.31 0.31 0.31 0.31 0.30998921 -0.14996117 -0.15 -0.15 -0.15 -0.15 -0.15 -0.15 -0.15 -0.15 -0.15 -0.15 -0.15 -0.15 -0.15 -0.15 -0.15 -0.15 -0.15111906 -0.74916718 -0.75 -0.75 -0.75 -0.75 -0.75 -0.75 -0.75 -0.75 -0.75 -0.75 -0.75 -0.75 -0.75 -0.75 -0.75 -0.75 -0.74999603 -0.74779383 -0.31937001 0.26288655 0.26993497 0.26999895 0.26999997 0.27 0.27 0.27 0.27 0.27 0.27 0.27 0.27 0.27 0.27 0.27 0.27
0.31 0.31 0.31 0.31 0.31 0.31 0.31 0.30999276 -0.14999556 -0.15 -0.15 -0.15 -0.15 -0.15 -0.15 -0.15 -0.15 -0.15 -0.15 -0.15 -0.15 -0.15 -0.15 -0.15 -0.15000001 -0.1667749 -0.74998356 -0.75 -0.75 -0.75 -0.75 -0.75 -0.75 -0.75 -0.75 -0.75 -0.75 -0.75 -0.75 -0.75 -0.75 -0.75 -0.75 -0.75 -0.74999996 -0.74997907 -0.74390779 -0.24118386 0.2592036 0.26979829 0.26999369 0.26999968 0.26999997 0.27 0.27 0.27 0.27 0.27 0.27 0.27 0.27 0.27
0.31 0.31 0.31 0.31 0.31 0.31 0.31 0.30999344 -0.14999955 -0.15 -0.15 -0.15 -0.15 -0.15 -0.15 -0.15 -0.15 -0.15 -0.15 -0.15 -0.15 -0.15 -0.15 -0.15 -0.15000006 -0.41725784 -0.74999983 -0.75 -0.75 -0.75 -0.75 -0.75 -0.75 -0.75 -0.75 -0.75 -0.75 -0.75 -0.75 -0.75 -0.75 -0.75 -0.75 -0.75 -0.75 -0.75 -0.74999956 -0.74988634 -0.73431051 -0.18267178 0.25306335 0.26939523 0.26996423 0.26999612 0.26999918 0.2699997 0.26999985 0.26999991 0.26999994 0.26999995 0.26999996 0.26999996
0.31 0.31 0.31 0.31 0.31 0.31 0.31 0.30999101 -0.14999995 -0.15 -0.15 -0.15 -0.15 -0.15 -0.15 -0.15 -0.15 -0.15 -0.15 -0.15 -0.15 -0.15 -0.15 -0.15 -0.15000095 -0.73564946 -0.75 -0.75 -0.75 -0.75 -0.75 -0.75 -0.75 -0.75 -0.75 -0.75 -0.75 -0.75 -0.75 -0.75 -0.75 -0.75 -0.75 -0.75 -0.75 -0.75 -0.75000012 -0.75000376 -0.75006953 -0.7504158 -0.72348446 -0.19221445 0.22239889 0.26327702 0.26846396 0.26953557 0.26982992 0.26992725 0.2699644 0.26998038 0.26998799 0.26999194
0.31 0.31 0.31 0.31 0.31 0.31 0.31 0.30998025 -0.14999999 -0.15 -0.15 -0.15 -0.15 -0.15 -0.15 -0.15 -0.15 -0.15 -0.15 -0.15 -0.15 -0.15 -0.15 -0.15 -0.15002893 -0.74983154 -0.75 -0.75 -0.75 -0.75 -0.75 -0.75 -0.75 -0.75 -0.75 -0.75 -0.75 -0.75 -0.75 -0.75 -0.75 -0.75 -0.75 -0.75 -0.75 -0.75000003 -0.75000169 -0.75005556 -0.75106594 -0.76257914 -0.83545551 -1.0087058 -1.1213889 -1.0766669 -0.74555465 -0.20504004 0.11238375 0.2197233 0.25243242 0.26308611 0.2669403 0.26849097
0.31 0.31 0.31 0.31 0.31 0.31 0.31 0.30991803 -0.15000008 -0.15 -0.15 -0.15 -0.15 -0.15 -0.15 -0.15 -0.15 -0.15 -0.15 -0.15 -0.15 -0.15 -0.15 -0.15 -0.15157807 -0.74999871 -0.75 -0.75 -0.75 -0.75 -0.75 -0.75 -0.75 -0.75 -0.75 -0.75 -0.75 -0.75 -0.75 -0.75 -0.75 -0.75 -0.75 -0.75 -0.75 -0.7500007 -0.75004435 -0.75139222 -0.7731672 -0.9149298 -1.1112991 -1.1788601 -1.1941333 -1.1979485 -1.1988274 -1.197246 -1.1862293 -1.1359302 -0.96640565 -0.60800782 -0.2051308 0.051452148
0.31 0.31 0.31 0.31 0.31 0.31 0.30999349 -1.4683311 -0.56626149 -0.15000001 -0.15 -0.15 -0.15 -0.15 -0.15 -0.15 -0.15 -0.15 -0.15 -0.15 -0.15 -0.15 -0.15 -0.15 -0.25914311 -0.74999999 -0.75 -0.75 -0.75 -0.75 -0.75 -0.75 -0.75 -0.75 -0.75 -0.75 -0.75 -0.75 -0.75 -0.75 -0.75 -0.75 -0.75 -0.75 -0.75000028 -0.7500402 -0.75231542 -0.80537617 -1.0516833 -1.1758147 -1.1955405 -1.1988823 -1.199631 -1.199847 -1.1999234 -1.1999534 -1.1999526 -1.1998521 -1.1992458 -1.1963656 -1.1848789 -1.1464196
0.31 0.31 0.31 0.31 0.31 0.30999225 -1.4796494 -1.48 -1.48 -1.4012194 -0.15000001 -0.15 -0.15 -0.15 -0.15 -0.15 -0.15 -0.15 -0.15 -0.15 -0.15 -0.15 -0.15 -0.15000003 -0.72503525 -0.75 -0.75 -0.75 -0.75 -0.75 -0.75 -0.75 -0.75 -0.75 -0.75 -0.75 -0.75 -0.75 -0.75 -0.75 -0.75 -0.75 -0.75 -0.75000011 -0.75004619 -0.75561431 -0.914841 -1.164998 -1.1964961 -1.1994492 -1.1998698 -1.1999572 -1.1999817 -1.1999904 -1.199994 -1.1999957 -1.1999966 -1.1999968 -1.199995 -1.1999819 -1.1999099 -1.1995784
0.31 0.31 0.31 0.31 0.30995418 -1.4799929 -1.48 -1.48 -1.48 -1.48 -1.4794882 -0.1500001 -0.15 -0.15 -0.15 -0.15 -0.15 -0.15 -0.15 -0.15 -0.15 -0.15 -0.15 -0.15000409 -0.74973271 -0.75 -0.75 -0.75 -0.75 -0.75 -0.75 -0.75 -0.75 -0.75 -0.75 -0.75 -0.75 -0.75 -0.75 -0.75 -0.75 -0.75 -0.75000005 -0.75008161 -0.77412237 -1.1222863 -1.1968895 -1.199764 -1.1999663 -1.1999921 -1.1999973 -1.1999987 -1.1999993 -1.1999995 -1.1999996 -1.1999996 -1.1999996 -1.1999996 -1.1999996 -1.1999995 -1.1999989 -1.1999957
0.31 0.31 0.31 0.30898535 -1.4799996 -1.48 -1.48 -1.48 -1.48 -1.48 -1.48 -1.4799975 -0.15001503 -0.15 -0.15 -0.15 -0.15 -0.15 -0.15 -0.15 -0.15 -0.15 -0.15 -0.15051685 -0.74999621 -0.75 -0.75 -0.75 -0.75 -0.75 -0.75 -0.75 -0.75 -0.75 -0.75 -0.75 -0.75 -0.75 -0.75 -0.75 -0.75 -0.75000004 -0.75031096 -0.93065737 -1.1961123 -1.1999117 -1.1999944 -1.1999992 -1.1999998 -1.1999999 -1.2 -1.2 -1.2 -1.2 -1.2 -1.2 -1.2 -1.2 -1.1999999 -1.1999999 -1.1999999 -1.1999998
0.31 0.31 0.28253293 -1.4799999 -1.48 -1.48 -1.48 -1.48 -1.48 -1.48 -1.48 -1.48 -1.4799999 -0.15426011 -0.15 -0.15 -0.15 -0.15 -0.15 -0.15 -0.15 -0.15 -0.15 -0.19583103 -0.74999991 -0.75 -0.75 -0.75 -0.75 -0.75 -0.75 -0.75 -0.75 -0.75 -0.75 -0.75 -0.75 -0.75 -0.75 -0.75 -0.75000007 -0.75450489 -1.1883202 -1.1999677 -1.1999995 -1.2 -1.2 -1.2 -1.2 -1.2 -1.2 -1.2 -1.2 -1.2 -1.2 -1.2 -1.2 -1.2 -1.2 -1.2 -1.2 -1.2
0.3099994 -0.0098908154 -1.4799997 -1.48 -1.48 -1.48 -1.48 -1.48 -1.48 -1.48 -1.48 -1.48 -1.48 -1.48 -0.42002686 -0.15000033 -0.15 -0.15 -0.15 -0.15 -0.15 -0.15 -0.15000019 -0.64971242 -0.75 -0.75 -0.75 -0.75 -0.75 -0.75 -0.75 -0.75 -0.75 -0.75 -0.75 -0.75 -0.75 -0.75 -0.75 -0.75000088 -1.012135 -1.1999813 -1.2 -1.2 -1.2 -1.2 -1.2 -1.2 -1.2 -1.2 -1.2 -1.2 -1.2 -1.2 -1.2 -1.2 -1.2 -1.2 -1.2 -1.2 -1.2 -1.2
-0.68949709 -1.4799985 -1.48 -1.48 -1.48 -1.48 -1.48 -1.48 -1.48 -1.48 -1.48 -1.48 -1.48 -1.48 -1.4799998 -1.2082176 -0.15010033 -0.15000004 -0.15 -0.15 -0.15 -0.15 -0.15002198 -0.74647023 -0.75 -0.75 -0.75 -0.75 -0.75 -0.75 -0.75 -0.75 -0.75 -0.75 -0.75 -0.75 -0.75 -0.75 -0.75032244 -1.199919 -1.2 -1.2 -1.2 -1.2 -1.2 -1.2 -1.2 -1.2 -1.2 -1.2 -1.2 -1.2 -1.2 -1.2 -1.2 -1.2 -1.2 -1.2 -1.2 -1.2 -1.2 -1.2
-1.4799908 -1.48 -1.48 -1.48 -1.48 -1.48 -1.48 -1.48 -1.48 -1.48 -1.48 -1.48 -1.48 -1.48 -1.48 -1.4799991 -1.4080897 -0.15445996 -0.1500082 -0.15000009 -0.15 -0.15 -0.15137346 -0.74980727 -0.75 -0.75 -0.75 -0.75 -0.75 -0.75 -0.75 -0.75 -0.75 -0.75 -0.75 -0.75 -0.75000001 -1.166404 -1.2 -1.2 -1.2 -1.2 -1.2 -1.2 -1.2 -1.2 -1.2 -1.2 -1.2 -1.2 -1.2 -1.2 -1.2 -1.2 -1.2 -1.2 -1.2 -1.2 -1.2 -1.2 -1.2 -1.2
-1.4799999 -1.48 -1.48 -1.48 -1.48 -1.48 -1.48 -1.48 -1.48 -1.48 -1.48 -1.48 -1.48 -1.48 -1.48 -1.48 -1.4799948 -1.4451508 -0.20183884 -0.15030702 -0.15015186 -0.15671159 -0.34547322 -0.7500232 -0.75 -0.75 -0.75 -0.75 -0.75 -0.75 -0.75 -0.75 -0.75 -0.75 -0.75 -0.75071696 -1.1999996 -1.2 -1.2 -1.2 -1.2 -1.2 -1.2 -1.2 -1.2 -1.2 -1.2 -1.2 -1.2 -1.2 -1.2 -1.2 -1.2 -1.2 -1.2 -1.2 -1.2 -1.2 -1.2 -1.2 -1.2 -1.2
-1.47999 -1.48 -1.48 -1.48 -1.48 -1.48 -1.48 -1.48 -1.48 -1.48 -1.48 -1.48 -1.48 -1.48 -1.48 -1.48 -1.48 -1.4799756 -1.4414875 -1.0190206 -1.0295833 -1.0299791 -1.0300098 -1.015967 -0.75011782 -0.75 -0.75 -0.75 -0.75 -0.75 -0.75 -0.75 -0.75 -0.75000595 -1.1891339 -1.2 -1.2 -1.2 -1.2 -1.2 -1.2 -1.2 -1.2 -1.2 -1.2 -1.2 -1.2 -1.2 -1.2 -1.2 -1.2 -1.2 -1.2 -1.2 -1.2 -1.2 -1.2 -1.2 -1.2 -1.2 -1.2 -1.2
-1.4614195 -1.48 -1.48 -1.48 -1.48 -1.48 -1.48 -1.48 -1.48 -1.48 -1.48 -1.48 -1.48 -1.48 -1.48 -1.48 -1.4799997 -1.4189787 -1.0300719 -1.03 -1.03 -1.0300002 -1.0300062 -1.0302239 -1.0351396 -0.75085209 -0.75000005 -0.75 -0.75 -0.75 -0.75000001 -0.75000409 -0.78244014 -1.199981 -1.2 -1.2 -1.2 -1.2 -1.2 -1.2 -1.2 -1.2 -1.2 -1.2 -1.2 -1.2 -1.2 -1.2 -1.2 -1.2 -1.2 -1.2 -1.2 -1.2 -1.2 -1.2 -1.2 -1.2 -1.2 -1.2 -1.2 -1.1999995
-0.21181486 -1.48 -1.48 -1.48 -1.48 -1.48 -1.48 -1.48 -1.48 -1.48 -1.48 -1.48 -1.48 -1.48 -1.48 -1.4799992 -1.2227568 -1.0300021 -1.03 -1.03 -1.03 -1.03 -1.030003 -1.0302237 -1.0436995 -1.4182156 -0.91718032 -0.75002194 -0.75000028 -0.75001285 -0.75313787 -1.1722483 -1.1999992 -1.2 -1.2 -1.2 -1.2 -1.2 -1.2 -1.2 -1.2 -1.2 -1.2 -1.2 -1.2 -1.2 -1.2 -1.2 -1.2 -1.2 -1.2 -1.2 -1.2 -1.2 -1.2 -1.2 -1.2 -1.2 -1.2 -1.2 -1.1999992 -1.1999866
-0.16005748 -1.4799033 -1.48 -1.48 -1.48 -1.48 -1.48 -1.48 -1.48 -1.48 -1.48 -1.48 -1.48 -1.48 -1.4799953 -1.0527319 -1.03 -1.03 -1.03 -1.03 -1.03 -1.03 -1.0300014 -1.0302742 -1.0679868 -1.8641552 -2.1502136 -2.1502433 -0.77399835 -0.89393094 -1.1985241 -1.1999997 -1.2 -1.2 -1.2 -1.2 -1.2 -1.2 -1.2 -1.2 -1.2 -1.2 -1.2 -1.2 -1.2 -1.2 -1.2 -1.2 -1.2 -1.2 -1.2 -1.2 -1.2 -1.2 -1.2 -1.2 -1.2 -1.2 -1.2 -1.1999986 -1.1999694 -1.1995309
-0.16000016 -1.3790581 -1.48 -1.48 -1.48 -1.48 -1.48 -1.48 -1.48 -1.48 -1.48 -1.48 -1.48 -1.4799405 -1.0313374 -1.03 -1.03 -1.03 -1.03 -1.03 -1.03 -1.03 -1.0300006 -1.0304789 -1.2007957 -2.1245159 -2.1594244 -2.159976 -2.1599625 -1.2129227 -1.1999997 -1.2 -1.2 -1.2 -1.2 -1.2 -1.2 -1.2 -1.2 -1.2 -1.2 -1.2 -1.2 -1.2 -1.2 -1.2 -1.2 -1.2 -1.2 -1.2 -1.2 -1.2 -1.2 -1.2 -1.2 -1.2 -1.2 -1.1999999 -1.1999965 -1.199907 -1.1983022 -1.1781542
-0.16 -0.1966469 -1.4799953 -1.48 -1.48 -1.48 -1.48 -1.48 -1.48 -1.48 -1.48 -1.48 -1.4788531 -1.0300903 -1.03 -1.03 -1.03 -1.03 -1.03 -1.03 -1.03 -1.03 -1.0300003 -1.0315474 -1.8163687 -2.1588044 -2.1599875 -2.1599995 -2.1599999 -2.1551609 -1.2000129 -1.2 -1.2 -1.2 -1.2 -1.2 -1.2 -1.2 -1.2 -1.2 -1.2 -1.2 -1.2 -1.2 -1.2 -1.2 -1.2 -1.2 -1.2 -1.2 -1.2 -1.2 -1.2 -1.2 -1.2 -1.2 -1.1999998 -1.1999878 -1.1995956 -1.1912231 -1.0784638 -0.47147963
-0.16 -0.16025716 -1.4774546 -1.48 -1.48 -1.48 -1.48 -1.48 -1.48 -1.48 -1.4799999 -1.4596585 -1.0300109 -1.03 -1.03 -1.03 -1.03 -1.03 -1.03 -1.03 -1.03 -1.03 -1.0300002 -1.0447103 -2.1511016 -2.1599913 -2.1599999 -2.16 -2.16 -2.1599999 -1.4408034 -1.2 -1.2 -1.2 -1.2 -1.2 -1.2 -1.2 -1.2 -1.2 -1.2 -1.2 -1.2 -1.2 -1.2 -1.2 -1.2 -1.2 -1.2 -1.2 -1.2 -1.2 -1.2 -1.2 -1.2 -1.199999 -1.1999335 -1.1972504 -1.1317668 -0.52668317 0.15845527 0.28177928
-0.16 -0.16000491 -1.1281073 -1.4799983 -1.48 -1.48 -1.48 -1.48 -1.48 -1.4799946 -1.3133918 -1.0300029 -1.03 -1.03 -1.03 -1.03 -1.03 -1.03 -1.03 -1.03 -1.03 -1.03 -1.0300005 -1.5659543 -2.159984 -2.16 -2.16 -2.16 -2.16 -2.16 -2.1599468 -1.200263 -1.2 -1.2 -1.2 -1.2 -1.2 -1.2 -1.2 -1.2 -1.2 -1.2 -1.2 -1.2 -1.2 -1.2 -1.2 -1.2 -1.2 -1.2 -1.2 -1.2 -1.2 -1.2 -1.199993 -1.1993636 -1.1681265 -0.60160857 0.19124573 0.29088278 0.29896843 0.29984004
-0.16 -0.16000024 -0.20954225 -1.4796286 -1.48 -1.48 -1.48 -1.4799999 -1.4798485 -1.1169759 -1.0300016 -1.03 -1.03 -1.03 -1.03 -1.03 -1.03 -1.03 -1.03 -1.03 -1.03 -1.03 -1.0300071 -2.1594898 -2.16 -2.16 -2.16 -2.16 -2.16 -2.16 -2.16 -2.106668 -1.2000002 -1.2 -1.2 -1.2 -1.2 -1.2 -1.2 -1.2 -1.2 -1.2 -1.2 -1.2 -1.2 -1.2 -1.2 -1.2 -1.2 -1.2 -1.2 -1.2 -1.1999995 -1.1998956 -1.1880294 -0.69917148 0.22019743 0.29606994 0.2997105 0.29996825 0.29999506 0.299999
-0.16 -0.16000003 -0.1617311 -1.4497949 -1.4799961 -1.4799619 -1.4784892 -1.3875186 -1.008944 -1.028978 -1.0299967 -1.03 -1.03 -1.03 -1.03 -1.03 -1.03 -1.03 -1.03 -1.03 -1.03 -1.03 -1.0458043 -2.16 -2.16 -2.16 -2.16 -2.16 -2.16 -2.16 -2.16 -2.1599989 -1.2154253 -1.2 -1.2 -1.2 -1.2 -1.2 -1.2 -1.2 -1.2 -1.2 -1.2 -1.2 -1.2 -1.2 -1.2 -1.2 -1.2 -1.2 -1.2 -1.1999877 -1.1964361 -0.8162766 0.24371124 0.29855953 0.29993812 0.29999563 0.29999952 0.29999992 0.29999999 0.30000004
-0.16 -0.16000001 -0.16012227 -0.87090927 -1.2547118 -0.99121002 -0.98011673 -0.98000353 -0.98004192 -0.98173487 -1.0233307 -1.0299936 -1.03 -1.03 -1.03 -1.03 -1.03 -1.03 -1.03 -1.03 -1.03 -1.03 -2.1599991 -2.16 -2.16 -2.16 -2.16 -2.16 -2.16 -2.16 -2.16 -2.16 -2.1583141 -1.2000344 -1.2 -1.2 -1.2 -1.2 -1.2 -1.2 -1.2 -1.2 -1.2 -1.2 -1.2 -1.2 -1.2 -1.2 -1.2 -1.1999988 -1.1991257 -0.93841274 0.26087814 0.29954481 0.29999005 0.2999996 0.29999997 0.3 0.3 0.3 0.3 0.30000006
-0.16000389 -0.1601027 -0.16210868 -0.9716934 -0.98000485 -0.98000004 -0.98 -0.98 -0.98000002 -0.98000032 -0.98002103 -0.98806341 -1.0299597 -1.03 -1.03 -1.03 -1.03 -1.03 -1.03 -1.03 -1.03 -1.03 -2.16 -2.16 -2.16 -2.16 -2.16 -2.16 -2.16 -2.16 -2.16 -2.16 -2.1599999 -1.6247246 -1.2000003 -1.2 -1.2 -1.2 -1.2 -1.2 -1.2 -1.2 -1.2 -1.2 -1.2 -1.2 -1.2 -1.1999999 -1.1997966 -1.0421309 0.27169615 0.29986658 0.29999873 0.29999998 0.3 0.3 0.3 0.3 0.3 0.3 0.3 0.30000009
