Interpolating SPI Data/spi_stations/interpolated_spi/1-19_1.tif
NCOLS 257
NROWS 141
XLLCORNER -178.27925
YLLCORNER 5.3153543
DX 0.49934803
DY 0.49997533
NODATA_VALUE -9999
[rows 28 to 55 of 141, columns 189 to 251 of 257]
-0.75963979 -0.75999991 -0.76 -0.76 -0.76 -0.76 -0.76 -0.76 -0.76000001 -0.7600126 -0.78857901 -0.79 -0.79 -0.79 -0.79 -0.79 -0.79 -0.79 -1.2699995 -1.27 -1.27 -1.27 -1.27 -1.27 -1.27 -1.27 -1.27 -1.27 -1.27 -1.2699999 -1.2698658 -0.59259867 -0.59000001 -0.59 -0.59 -0.59 -0.59 -0.59 -0.59 -0.59 -0.59 -0.59 -0.58999998 -0.58996123 -0.53132176 0.3846131 0.39997157 0.3999999 0.4 0.4 0.4 0.4 0.4 0.4 0.4 0.4 0.4 0.40000006 0.40000187 0.40004793 0.40094811 0.41398272 0.5205254
-0.73454091 -0.7599985 -0.76 -0.76 -0.76 -0.76 -0.76 -0.76 -0.76 -0.76 -0.76 -0.76019369 -0.78999997 -0.79 -0.79 -0.79 -0.79 -0.79 -1.27 -1.27 -1.27 -1.27 -1.27 -1.27 -1.27 -1.27 -1.27 -1.27 -1.2699991 -1.2699596 -1.2693379 -1.2179009 -0.59004971 -0.59 -0.59 -0.59 -0.59 -0.59 -0.59 -0.59 -0.58999999 -0.58998079 -0.55524931 0.38403894 0.39998667 0.39999998 0.4 0.4 0.4 0.4 0.4 0.4 0.4 0.4 0.4 0.4 0.4 0.40000011 0.40000478 0.40016081 0.40392235 0.46068315 0.68936435
-0.24833345 -0.75994104 -0.76 -0.76 -0.76 -0.76 -0.76 -0.76 -0.76 -0.76 -0.76 -0.76 -0.76 -0.78932614 -0.79 -0.79 -0.79 -1.177321 -1.27 -1.27 -1.27 -1.27 -1.27 -1.27 -1.27 -1.27 -1.2699989 -1.2697995 -1.2635882 -1.2105565 -1.0810699 -0.97546616 -0.75164882 -0.59001661 -0.59 -0.59 -0.59 -0.59 -0.58999998 -0.58998027 -0.56524012 0.37806795 0.39998794 0.39999999 0.4 0.4 0.4 0.4 0.4 0.4 0.4 0.4 0.4 0.4 0.4 0.4 0.4 0.40000025 0.40001647 0.4007399 0.42155287 0.62312437 0.79593596
-0.11438206 -0.75338665 -0.75999999 -0.76 -0.76 -0.76 -0.76 -0.76 -0.76 -0.76 -0.76 -0.76 -0.76 -0.76 -0.76000329 -0.78999996 -0.79001494 -1.2699927 -1.27 -1.27 -1.27 -1.27 -1.27 -1.27 -1.2694509 -1.1326122 -0.89233671 -0.87326919 -0.87111825 -0.87064548 -0.87050904 -0.87048351 -0.87050778 -0.7985361 -0.59012491 -0.59000607 -0.59003207 -0.59016907 -0.5688671 0.36065116 0.39996931 0.39999997 0.4 0.4 0.4 0.4 0.4 0.4 0.4 0.4 0.4 0.4 0.4 0.4 0.4 0.4 0.40000001 0.40000086 0.40008284 0.40497098 0.53139861 0.78497448 0.81757598
-0.11021887 -0.2387503 -0.75999839 -0.76 -0.76 -0.76 -0.76 -0.76 -0.76 -0.76 -0.76 -0.76 -0.76 -0.76 -0.76 -0.76 -0.87298635 -1.2699998 -1.2699999 -1.2699945 -1.2352337 -0.87005819 -0.87000001 -0.87 -0.87 -0.87 -0.87 -0.87000001 -0.87000003 -0.87000014 -0.87000049 -0.87000147 -0.87000385 -0.87004888 -0.92941276 -0.94644389 -0.94909728 -0.94403161 -0.46600729 0.39086635 0.39998174 0.39999998 0.4 0.4 0.4 0.4 0.4 0.4 0.4 0.4 0.4 0.4 0.4 0.4 0.4 0.4 0.40000002 0.40000456 0.40066682 0.44842955 0.76043412 0.81745015 0.81983878
-0.11000506 -0.11010036 -0.75922779 -0.76 -0.76 -0.76 -0.76 -0.76 -0.76 -0.76 -0.76 -0.76 -0.76 -0.76 -0.76 -0.76 -0.76000002 -0.87006131 -0.87 -0.87 -0.87 -0.87 -0.87 -0.87 -0.87 -0.87 -0.87 -0.87 -0.87 -0.87 -0.87 -0.87000001 -0.87000136 -0.88389794 -1.0760904 -0.95376348 -0.95007729 -0.94982152 -0.91467851 0.30896584 0.39992183 0.39999997 0.4 0.4 0.4 0.4 0.4 0.4 0.4 0.4 0.4 0.4 0.4 0.4 0.4 0.4 0.40000009 0.4000432 0.40946182 0.70049954 0.81698183 0.81989363 0.81999043
-0.11000004 -0.11000002 -0.29392314 -0.75999998 -0.76 -0.76 -0.76 -0.76 -0.76 -0.76 -0.76 -0.76 -0.76 -0.76 -0.76 -0.76 -0.76000022 -0.87 -0.87 -0.87 -0.87 -0.87 -0.87 -0.87 -0.87 -0.87 -0.87 -0.87 -0.87 -0.87 -0.87 -0.87000001 -0.87108725 -1.4650194 -1.1682976 -0.95427778 -0.95004452 -0.94999832 -0.94932803 -0.48329721 0.3992795 0.39999993 0.4 0.4 0.4 0.4 0.4 0.4 0.4 0.4 0.4 0.4 0.4 0.4 0.4 0.4 0.400001 0.40085261 0.57150395 0.8157026 0.81992898 0.81999657 0.81999816
-0.11 -0.11 -0.11002771 -0.75993985 -0.76 -0.76 -0.76 -0.76 -0.76 -0.76 -0.76 -0.76 -0.76 -0.76 -0.76 -0.76 -0.76001193 -0.87 -0.87 -0.87 -0.87 -0.87 -0.87 -0.87 -0.87 -0.87 -0.87 -0.87 -0.87 -0.87 -0.87 -0.87003635 -1.4192239 -1.4977509 -1.3162757 -0.9556275 -0.95002355 -0.9500001 -0.94999642 -0.9420624 0.38035672 0.39999962 0.4 0.4 0.4 0.4 0.4 0.4 0.4 0.4 0.4 0.4 0.4 0.4 0.4 0.40000001 0.40002731 0.43882864 0.81182305 0.81995037 0.81999895 0.81999951 0.81999917
-0.11 -0.11 -0.11 -0.4217267 -0.76 -0.76 -0.76 -0.76 -0.76 -0.76 -0.76 -0.76 -0.76 -0.76 -0.76 -0.76 -0.76104228 -0.87 -0.87 -0.87 -0.87 -0.87 -0.87 -0.87 -0.87 -0.87 -0.87 -0.87 -0.87 -0.87 -0.87000047 -1.167693 -1.4999942 -1.4998005 -1.4483505 -0.9593161 -0.9500118 -0.95000002 -0.95 -0.94998307 -0.49186122 0.39999258 0.4 0.4 0.4 0.4 0.4 0.4 0.4 0.4 0.4 0.4 0.4 0.4 0.4 0.4000002 0.40245839 0.79575082 0.81996127 0.81999973 0.8199999 0.81999981 0.81999961
-0.11 -0.11 -0.11 -0.11001998 -0.75999285 -0.76000003 -0.76 -0.76 -0.76 -0.76 -0.76 -0.76 -0.76000012 -0.76515698 -0.93636163 -0.9399146 -0.93997678 -0.87 -0.87 -0.87 -0.87 -0.87 -0.87 -0.87 -0.87 -0.87 -0.87 -0.87 -0.87 -0.87 -0.9020332 -1.4999936 -1.5 -1.4999927 -1.4941883 -0.97210318 -0.95000571 -0.95 -0.95 -0.95 -0.94941568 0.39898087 0.4 0.4 0.4 0.4 0.4 0.4 0.4 0.4 0.4 0.4 0.4 0.4 0.4 0.40003448 0.69887318 0.81996186 0.81999994 0.81999998 0.81999997 0.81999993 0.81999982
-0.11 -0.11 -0.11 -0.11 -0.58602537 -0.7624564 -0.76744042 -0.80792886 -0.93031362 -0.93998894 -0.94 -0.94 -0.94 -0.94 -0.94 -0.94 -0.94 -0.87076194 -0.87 -0.87 -0.87 -0.87 -0.87 -0.87 -0.87 -0.87 -0.87 -0.87 -0.87 -0.87092983 -1.4999781 -1.5 -1.5 -1.4999999 -1.4997892 -1.0373972 -0.95000281 -0.95 -0.95 -0.95 -0.94999998 -0.46235937 0.4 0.4 0.4 0.4 0.4 0.4 0.4 0.4 0.4 0.4 0.4 0.4 0.40000006 0.44175112 0.81994054 0.81999999 0.82 0.82 0.81999999 0.81999998 0.81999992
-0.11 -0.11 -0.11 -0.11 -0.11409433 -0.93976553 -0.93999611 -0.93999999 -0.94 -0.94 -0.94 -0.94 -0.94 -0.94 -0.94 -0.94 -0.94 -0.93999987 -0.87 -0.87 -0.87 -0.87 -0.87 -0.87 -0.87 -0.87 -0.87 -0.87 -0.87001618 -1.499802 -1.5 -1.5 -1.5 -1.5 -1.4999985 -1.3385327 -0.9500016 -0.95 -0.95 -0.95 -0.95 -0.94999362 0.39999589 0.4 0.4 0.4 0.4 0.4 0.4 0.4 0.4 0.4 0.4 0.4 0.4003146 0.81978023 0.82 0.82 0.82 0.82 0.82 0.81999999 0.81999997
-0.11 -0.11 -0.11 -0.11 -0.11094389 -0.93990931 -0.93999723 -0.93999999 -0.94 -0.94 -0.94 -0.94 -0.94 -0.94 -0.94 -0.94 -0.94 -0.94 -0.89202933 -0.87 -0.87 -0.87 -0.87 -0.87 -0.87 -0.87 -0.87 -0.86999614 -1.4955946 -1.5 -1.5 -1.5 -1.5 -1.5 -1.5 -1.4969748 -0.9500014 -0.95 -0.95 -0.95 -0.95 -0.95 -0.30079862 0.4 0.4 0.4 0.4 0.4 0.4 0.4 0.4 0.4 0.4 0.40000015 0.81634231 0.82 0.82 0.82 0.82 0.82 0.82 0.82 0.81999998
-0.11 -0.11 -0.11 -0.11 -0.11024109 -0.90954057 -0.93517433 -0.93975812 -0.93999855 -0.94 -0.94 -0.94 -0.94 -0.94 -0.94 -0.94 -0.94 -0.93999998 -0.93999813 -0.8700026 -0.87 -0.87 -0.87 -0.87 -0.86999824 -0.86143574 -0.082797573 -0.040918349 -1.4992302 -1.5 -1.5 -1.5 -1.5 -1.5 -1.5 -1.4999981 -0.95000371 -0.95 -0.95 -0.95 -0.95 -0.95 -0.94999998 0.4 0.4 0.4 0.4 0.4 0.4 0.4 0.4 0.4 0.4 0.5688069 0.82 0.82 0.82 0.82 0.82 0.82 0.82 0.82 0.81999999
-0.11 -0.11 -0.11 -0.11 -0.10934871 0.40226351 0.42015874 0.43393576 0.43965291 0.42067262 0.18962485 -0.91213135 -0.93999856 -0.93999996 -0.93999844 -0.93994605 -0.93940995 -0.93712361 -0.93146212 -0.91172936 -0.86999969 -0.8698766 -0.70488493 -0.040829503 -0.040000213 -0.04 -0.04 -0.040000434 -1.4323584 -1.5 -1.5 -1.5 -1.5 -1.5 -1.5 -1.5 -0.95012127 -0.95 -0.95 -0.95 -0.95 -0.95 -0.95 0.59134477 0.4314475 0.40002399 0.4 0.4 0.4 0.4 0.40000001 0.40000087 0.40013697 0.81999999 0.82 0.82 0.82 0.82 0.82 0.82 0.82 0.82 0.81999999
-0.11 -0.11 -0.11 -0.11 -0.058516659 0.49983251 0.49998345 0.49999948 0.5 0.5 0.5 0.5 0.5 0.5 0.5 0.49999998 0.49995391 0.49698988 0.46825905 0.37553453 -0.040233783 -0.040000063 -0.04 -0.04 -0.04 -0.04 -0.04 -0.04 -0.065207513 -1.5 -1.5 -1.5 -1.5 -1.5 -1.5 -1.5 -1.2215338 -0.95 -0.95 -0.95 -0.95 -0.95 -0.95 1.4238128 1.46 1.46 1.46 1.46 1.46 1.46 1.4598809 1.4474648 0.81775431 0.81999999 0.82 0.82 0.82 0.82 0.82 0.82 0.82 0.82 0.81999999
-0.11 -0.11 -0.11000002 -0.11000049 0.41717417 0.49999948 0.49999999 0.5 0.5 0.5 0.5 0.5 0.5 0.5 0.5 0.5 0.5 0.49999993 0.4999895 0.48567068 -0.040000028 -0.040000001 -0.04 -0.04 -0.04 -0.04 -0.04 -0.04 -0.040000734 -1.4999998 -1.5 -1.5 -1.5 -1.5 -1.5 -1.5 -1.4999998 -0.95 -0.95 -0.95 -0.95 -0.95 -0.95 1.4592648 1.46 1.46 1.46 1.46 1.46 1.46 1.46 1.4471308 0.59520523 0.81999983 0.82 0.82 0.82 0.82 0.82 0.82 0.82 0.82 0.81999999
-0.60459415 -0.17702998 -0.13209948 -1.1903728 -1.2277119 0.49991639 0.5 0.5 0.5 0.5 0.5 0.5 0.5 0.5 0.5 0.5 0.5 0.5 0.4869453 -1.9510228 -0.040000292 -0.04 -0.04 -0.04 -0.04 -0.04 -0.04 -0.04 -0.040000001 -1.4976208 -1.5 -1.5 -1.5 -1.5 -1.5 -1.5 -1.5 -0.95 -0.95 -0.95 -0.95 -0.94999931 -0.76000077 -0.75976757 1.46 1.46 1.46 1.46 1.46 1.46 1.46 0.57000006 0.57000004 0.81865007 0.82 0.82 0.82 0.82 0.82 0.82 0.82 0.82 0.81999993
-2.4599998 -2.3554784 -0.79411703 -1.2297221 -1.2299993 -1.2257093 0.49999862 0.5 0.5 0.5 0.5 0.5 0.5 0.5 0.5 0.5 0.5 -0.88885282 -2.1699993 -2.1699847 -0.040126072 -0.040000001 -0.04 -0.04 -0.04 -0.04 -0.04 -0.04 -0.040000009 -0.043081327 -1.5 -1.5 -1.5 -1.5 -1.5 -1.5 -1.5 -0.95000005 -0.95 -0.94999933 -0.76 -0.76 -0.76 -0.76 1.4599999 1.46 1.46 1.46 1.46 1.46 0.77902154 0.57 0.57 0.57 0.82 0.82 0.82 0.82 0.82 0.82 0.82 0.81999995 0.82000472
-2.3867242 0.33944946 -1.1879704 -1.2299981 -1.23 -1.23 -1.2114871 0.49998918 0.49999983 0.5 0.5 0.5 0.5 0.5 0.5 0.49999831 -2.169693 -2.17 -2.17 -2.17 -1.3276216 -0.040000013 -0.04 -0.04 -0.04 -0.04 -0.04 -0.04 -0.040111927 -0.14409616 -1.4999995 -1.5 -1.5 -1.5 -1.5 -1.5 -1.5 -0.97963794 -0.7600007 -0.76 -0.76 -0.76 -0.76 -0.76 -0.75989643 1.46 1.46 1.46 1.4599743 1.2704204 0.57000073 0.57 0.57 0.57 0.57005565 0.82 0.82 0.82 0.82 0.82 0.81999969 0.82050452 1.1347733
0.33999994 0.33978027 -1.22967 -1.23 -1.23 -1.23 -1.2299523 -0.86052614 -0.85993494 -0.85999061 -0.85999849 -0.85999939 -0.85999854 -0.85998205 -0.85962988 -2.1699992 -2.17 -2.17 -2.17 -2.17 -2.1699996 -0.040004995 -0.040000016 -0.04 -0.04 -0.04 -0.04 -0.043917445 -0.14999993 -0.15 -0.15015108 -1.4999999 -1.4999999 -1.4999936 -1.4434263 1.304886 1.3099851 2.2699998 2.2341275 -0.76 -0.76 -0.76 -0.76 -0.76 0.59999981 0.6 1.27 1.27 1.27 1.27 1.2451557 0.56999999 0.57 0.57 0.57 0.41 0.41 0.41074863 0.80626718 0.81837555 1.6282546 1.6399807 1.6054294
0.34 0.33963677 -1.23 -1.23 -1.23 -1.23 -1.2290358 -0.85090971 -0.86 -0.86 -0.86 -0.86 -0.86 -0.86 -0.86000001 -2.17 -2.17 -2.17 -2.17 -2.17 -2.17 -0.089834502 -0.05092474 -0.048916075 -0.1491523 -0.57 -0.15000798 -0.15 -0.15 -0.15 0.67741546 0.92027028 1.3100001 1.31 1.31 1.31 1.31 2.27 2.27 2.27 0.6999978 -0.75987219 -0.75999999 0.6 0.6 0.6 1.27 1.27 1.27 1.27 1.27 0.41746186 -0.72590839 -0.73 -0.73 0.40983494 0.40856982 0.39251346 1.6094976 1.64 1.64 1.6399939 0.645975
0.34 0.32492811 -1.23 -1.23 -1.23 -1.2299998 -0.83861503 -0.22458347 -0.85999996 -0.86 -0.86 -0.86 -0.86 -0.86 -0.86 -2.17 -2.17 -2.17 -2.17 -2.17 -2.17 -0.28213981 -0.19642339 -0.56603811 -0.57 -0.57 -0.15 -0.15 -0.15 -0.15 0.91909201 0.91990898 1.4280309 1.31 1.31 1.31 1.31 2.2699984 2.27 2.27 0.7 0.7 0.62259479 0.6 0.6 0.6 1.2699956 1.27 1.27 1.27 1.27 -0.72998999 -0.73 -0.73 0.213722 0.28 0.28 1.3599997 1.64 1.64 1.64 1.6012812 0.62000009
0.34 -1.2296849 -1.23 -1.23 -1.23 -1.2254934 -0.23000343 -0.11349276 -0.74630486 -0.86 -0.86 -0.86 -0.86 -0.86 -0.86 -2.17 -2.17 -2.17 -2.17 -2.17 -2.17 -0.28 -0.28 0.12 0.12 0.12 0.11999608 -0.15 -0.15 0.88828703 0.91980503 0.91999959 1.4399999 1.3184448 1.31 1.31 1.3099998 0.41998104 -0.059851465 2.2699996 0.7 0.7 0.60007553 0.6 0.6 0.6 0.9928681 1.27 1.27 1.27 1.27 -0.1381874 0.77999999 0.74382031 0.28000009 1.36 1.36 1.3600488 1.64 1.64 1.64 0.62000006 0.62
0.34 -1.23 -1.23 -1.23 -1.23 -0.23 -0.23 -0.080002464 0.16536554 0.39457035 -0.86 -0.86 -0.86 -0.86 -0.86 -2.17 -2.17 -2.17 -2.17 -2.17 -0.91036458 -0.28 -0.28 -0.28 0.12 0.12 0.12 0.12024082 -0.14909473 0.29558866 0.91678695 0.92 1.44 1.44 0.62 1.1380877 0.42 0.42 -0.06 -0.06 -0.059315159 0.7 0.69158765 1.0096693 1.01 1.01 1.0099988 1.27 1.27 1.2699994 -0.21140525 -0.21618505 0.78 0.78 0.20002345 0.43774489 1.36 1.64 1.64 1.6399999 0.90117888 0.62 0.62
0.34 -1.23 -1.23 -1.23 -0.23 -0.23 -0.23 -0.08 -0.077078161 0.44 0.44 -0.86 -0.86 -0.86 -0.85999464 -2.17 -2.17 -2.17 -2.17 -2.1699045 -0.28 -0.28 -0.28 -0.28 0.09 0.16 0.16 0.16 0.83 1.5096582 -0.2299998 -0.23 1.44 1.44 0.62 0.62 0.42 0.42 1.57 1.57 1.5700684 0.89889239 1.01 1.01 1.01 1.01 1.01 1.173915 -0.079999785 -0.08 -0.08 -0.21999903 0.11169222 0.78 0.2 0.42 0.42 0.13000021 0.13 0.13 0.94 0.62 0.62
0.33999785 -1.23 -1.23 -0.2300002 -0.23 -0.23 -0.22944256 -0.08 -0.08 0.44 0.44 -0.47 -0.47 -0.47 -0.47 -0.17802894 -0.050000478 -0.05 -0.05 -0.05 -0.1702585 -0.28 -0.28 0.087145863 0.09 1.05 0.57 0.82997528 0.83 0.83000829 1.51 1.51 -0.14240139 0.64578339 0.62 0.13 1.9199999 1.92 1.57 1.62 1.62 1.6199999 1.01 1.01 1.01 1.01 1.01 -0.94 -0.93999998 -0.08 -0.08 -0.079999998 0.089788028 0.31 0.2 0.4053111 0.42 0.13 0.13 0.94 0.93957388 0.62 0.62
0.38280961 -1.23 -0.63197513 -0.23 -0.23 -0.23 -0.08 -0.08 -0.080000139 0.44 0.44 -0.47 -0.47 -0.47 -0.47 -0.053180583 -0.05 -0.05 -0.05 -0.05 -0.049994962 1.07 1.0699999 0.09 0.090000218 0.57000241 0.57 0.82995192 0.83 0.82999993 1.51 1.51 1.61128 0.13 0.13 0.13 1.92 1.92 1.54 1.54 1.6199969 1.6196721 0.59 0.59 0.59 0.59 0.58999009 -0.94 -0.94 -0.94 -0.08 -0.080000194 0.30999999 0.31 0.30999999 0.20002504 0.4199999 0.13040715 0.55427632 0.55 0.55 0.6296124 0.72
