Interpolating SPI Data/spi_stations/interpolated_spi/1-20_2.tif
NCOLS 257
NROWS 141
XLLCORNER -178.27925
YLLCORNER 5.3153543
DX 0.49934803
DY 0.49997533
NODATA_VALUE -9999
[rows 108 to 134 of 141, columns 0 to 60 of 257]
-0.16179031 -0.154521 -0.147785 -0.14157835 -0.13589323 -0.130718 -0.12603726 -0.12183193 -0.11807926 -0.11475289 -0.11182284 -0.10925545 -0.10701324 -0.10505477 -0.1033344 -0.10180198 -0.10040263 -0.099076552 -0.097758974 -0.096380581 -0.094868486 -0.093148151 -0.091146581 -0.088797075 -0.086045647 -0.08285881 -0.079231793 -0.075195515 -0.070820093 -0.066212658 -0.061508286 -0.056854711 -0.052393701 -0.048243325 -0.044485185 -0.04115897 -0.038264327 -0.035768102 -0.033614212 -0.031733614 -0.030052712 -0.028499448 -0.027007072 -0.025515957 -0.023973989 -0.022336038 -0.020562925 -0.018620183 -0.016476822 -0.014104242 -0.011475368 -0.008564067 -0.0053448983 -0.0017932181 0.0021143092 0.0063987638 0.011077555 0.016162522 0.021657579 0.027555993 0.033837486
-0.15595347 -0.14934834 -0.14323996 -0.13762079 -0.13247962 -0.12780166 -0.12356849 -0.11975814 -0.11634506 -0.11330004 -0.11059022 -0.10817888 -0.10602535 -0.10408479 -0.10230799 -0.10064128 -0.099026466 -0.097401144 -0.095699367 -0.093853024 -0.091794132 -0.08945832 -0.086789649 -0.083746708 -0.080309487 -0.076486019 -0.072317223 -0.067878118 -0.063273849 -0.058630081 -0.054078849 -0.04974261 -0.045719952 -0.04207598 -0.03883889 -0.036002393 -0.033532287 -0.031374969 -0.029465889 -0.027736676 -0.026120339 -0.024554544 -0.022983244 -0.021357107 -0.019633144 -0.017773874 -0.015746312 -0.013520938 -0.011070786 -0.0083707391 -0.0053970643 -0.0021272526 0.0014598217 0.0053833861 0.0096598795 0.014301675 0.01931542 0.024700055 0.030444585 0.036525814 0.042906279
-0.15068784 -0.14466723 -0.13910497 -0.1339902 -0.1293086 -0.12504235 -0.12117012 -0.11766705 -0.11450468 -0.1116509 -0.1090698 -0.10672156 -0.1045623 -0.10254404 -0.10061464 -0.098718043 -0.096794737 -0.094782781 -0.092619459 -0.090243844 -0.087600415 -0.084643761 -0.081344153 -0.077693393 -0.073709918 -0.069441778 -0.064966057 -0.060383771 -0.055810271 -0.051362499 -0.047145514 -0.043241086 -0.039700543 -0.036542791 -0.033757009 -0.031308564 -0.02914634 -0.027209948 -0.025435781 -0.023761485 -0.022128809 -0.020485094 -0.018783712 -0.016983825 -0.015049726 -0.012950011 -0.010656726 -0.008144614 -0.0053905292 -0.0023730798 0.00092747406 0.004529034 0.0084471709 0.012694315 0.017278633 0.022202607 0.027461388 0.033041006 0.038916616 0.045050986 0.051393511
-0.14585893 -0.14034502 -0.13524943 -0.13055819 -0.12625399 -0.12231607 -0.11872023 -0.11543871 -0.11244018 -0.10968956 -0.10714803 -0.1047729 -0.10251765 -0.10033208 -0.098162676 -0.095953357 -0.093646695 -0.091185822 -0.088517144 -0.085593946 -0.082380827 -0.078858619 -0.075029175 -0.070919046 -0.066580901 -0.062091629 -0.057546618 -0.053050568 -0.048706223 -0.04460313 -0.040808613 -0.037362515 -0.034276245 -0.031535567 -0.02910587 -0.026938507 -0.024976941 -0.023161932 -0.021435381 -0.01974284 -0.018034851 -0.016267411 -0.014401824 -0.012404196 -0.010244759 -0.0078971745 -0.0053379059 -0.0025457433 0.00049848094 0.0038119497 0.00740967 0.01130402 0.015504034 0.02001443 0.024834421 0.029956361 0.035364326 0.041032769 0.046925432 0.05299473 0.059181842
-0.14134117 -0.13625798 -0.13155157 -0.12720503 -0.12319816 -0.11950735 -0.11610558 -0.1129623 -0.11004342 -0.10731121 -0.1047244 -0.10223823 -0.099804773 -0.097373488 -0.094892133 -0.092308193 -0.089570928 -0.086634138 -0.08345964 -0.080021305 -0.076309266 -0.072333664 -0.068127064 -0.063744629 -0.059261315 -0.054765923 -0.050352561 -0.046110842 -0.0421166 -0.03842479 -0.0350657 -0.032044711 -0.029345045 -0.026932462 -0.024760725 -0.02277688 -0.020925697 -0.019153005 -0.017407895 -0.015643945 -0.013819683 -0.011898531 -0.0098484136 -0.007641219 -0.005252228 -0.0026595982 0.00015602699 0.003211743 0.0065224155 0.010100497 0.013955627 0.018094009 0.022517589 0.027223073 0.032200829 0.037433769 0.042896336 0.048553732 0.054361558 0.060266051 0.066205048
-0.13701761 -0.13229101 -0.12789831 -0.12381981 -0.12003253 -0.11651018 -0.1132231 -0.11013824 -0.1072192 -0.10442631 -0.10171684 -0.099045491 -0.096365018 -0.093627357 -0.090785167 -0.087793953 -0.084614778 -0.081217523 -0.077584443 -0.073713648 -0.069621881 -0.065345859 -0.060941495 -0.056480532 -0.052044648 -0.047717705 -0.04357733 -0.039687305 -0.036092034 -0.032813868 -0.029853353 -0.027191869 -0.024795795 -0.02262124 -0.020618576 -0.018736273 -0.016923788 -0.015133518 -0.013321913 -0.01144994 -0.0094830869 -0.0073910802 -0.0051474525 -0.0027290769 -0.00011574415 0.0027101585 0.0057638284 0.0090580638 0.012603098 0.016406255 0.020471416 0.024798346 0.029381878 0.03421104 0.039268188 0.044528241 0.04995815 0.055516722 0.061154926 0.0668168 0.072440998
-0.1327799 -0.12833785 -0.12418573 -0.12030123 -0.11665883 -0.11322985 -0.10998243 -0.10688164 -0.10388963 -0.100966 -0.098068304 -0.095152894 -0.092176115 -0.089095932 -0.08587405 -0.082478511 -0.078886637 -0.075088096 -0.071087653 -0.06690709 -0.062585675 -0.058178689 -0.053753765 -0.049385253 -0.045147301 -0.041106706 -0.037316713 -0.03381275 -0.030610586 -0.027706906 -0.025081804 -0.022702457 -0.020527236 -0.018509613 -0.016601472 -0.014755634 -0.012927583 -0.011076481 -0.0091656327 -0.007162532 -0.0050386659 -0.0027691734 -0.00033246861 0.0022901073 0.0051145508 0.0081543445 0.011420466 0.014921247 0.018662079 0.022644977 0.026868015 0.031324678 0.036003166 0.040885724 0.045948085 0.051159102 0.056480701 0.061868225 0.067271256 0.07263495 0.077901868
-0.1285288 -0.12430184 -0.12032017 -0.11655916 -0.1129912 -0.10958575 -0.10630952 -0.1031267 -0.099999396 -0.096888285 -0.093753506 -0.09055594 -0.087258869 -0.083830024 -0.080243997 -0.076484844 -0.072548625 -0.068445495 -0.06420088 -0.059855254 -0.055462204 -0.051084678 -0.046789738 -0.042642465 -0.038699944 -0.035006254 -0.031589199 -0.028459102 -0.025609587 -0.023019892 -0.020658126 -0.018484831 -0.016456363 -0.014527768 -0.012654984 -0.010796378 -0.0089136751 -0.0069724053 -0.0049419964 -0.0027956386 -0.00051002196 0.0019349684 0.004556538 0.0073692029 0.010384914 0.013613065 0.017060375 0.02073065 0.02462442 0.02873849 0.033065417 0.037592966 0.042303604 0.047174085 0.052175226 0.057271928 0.062423534 0.067584567 0.072705877 0.077736178 0.082623895
-0.1241752 -0.12009729 -0.11622006 -0.11251705 -0.10895919 -0.10551499 -0.10215087 -0.098831627 -0.095521217 -0.092183685 -0.088784488 -0.085292117 -0.081680044 -0.077928891 -0.074028675 -0.06998084 -0.065799756 -0.06151327 -0.057161971 -0.05279697 -0.048476212 -0.04425968 -0.040204099 -0.036357903 -0.032757223 -0.029423402 -0.026362268 -0.023565033 -0.021010428 -0.018667576 -0.016499096 -0.014464032 -0.012520355 -0.010626898 -0.0087447201 -0.0068379591 -0.0048742602 -0.0028248999 -0.00066470285 0.0016281586 0.0040724094 0.0066839066 0.0094758234 0.012458755 0.01564073 0.019027119 0.022620439 0.026420068 0.030421881 0.034617843 0.038995585 0.043538025 0.048223073 0.053023494 0.057906988 0.062836534 0.06777105 0.072666376 0.077476564 0.082155418 0.086658196
-0.11964163 -0.11565147 -0.11181834 -0.10811475 -0.10451116 -0.10097634 -0.097477947 -0.093983304 -0.090460412 -0.086879244 -0.083213306 -0.079441429 -0.075549683 -0.071533253 -0.067398003 -0.063161449 -0.058852824 -0.054511969 -0.050186973 -0.045930656 -0.041796257 -0.037832868 -0.034081266 -0.030570706 -0.027317069 -0.024322482 -0.021576278 -0.019056951 -0.016734693 -0.014574099 -0.012536719 -0.010583234 -0.0086751641 -0.0067760822 -0.0048523913 -0.0028737389 -0.00081316049 0.001352963 0.0036450544 0.0060805362 0.0086740243 0.011437483 0.014380318 0.017509392 0.020828956 0.024340498 0.028042516 0.031930238 0.035995297 0.040225417 0.044604123 0.049110544 0.053719343 0.05840082 0.063121247 0.06784345 0.072527646 0.077132534 0.08161658 0.085939436 0.09006338
-0.11486433 -0.11090696 -0.1070653 -0.10331186 -0.099617891 -0.095953989 -0.0922909 -0.088600545 -0.084857275 -0.081039335 -0.077130474 -0.073121593 -0.06901226 -0.064811855 -0.060540109 -0.056226774 -0.051910283 -0.047635356 -0.043449717 -0.039400265 -0.035529184 -0.031870497 -0.028447531 -0.025271557 -0.022341666 -0.019645747 -0.017162267 -0.014862515 -0.012712964 -0.010677498 -0.0087193108 -0.0068024163 -0.0048927301 -0.0029587806 -0.00097210361 0.0010926011 0.0032574789 0.0055416301 0.0079612653 0.010529865 0.013258312 0.016154974 0.019225725 0.022473898 0.025900171 0.029502391 0.033275359 0.037210582 0.041296037 0.045515963 0.049850727 0.054276803 0.058766896 0.063290251 0.067813164 0.072299702 0.076712622 0.081014449 0.08516866 0.089140898 0.092900126
-0.10979551 -0.10582431 -0.10193141 -0.098090634 -0.094275534 -0.090460269 -0.086620588 -0.082735018 -0.078786205 -0.074762335 -0.070658511 -0.066477935 -0.062232684 -0.057943893 -0.05364114 -0.049360963 -0.045144518 -0.041034573 -0.037072144 -0.033293193 -0.029725816 -0.02638824 -0.023287851 -0.020421261 -0.017775268 -0.015328478 -0.013053286 -0.010917944 -0.0088885068 -0.0069305015 -0.005010254 -0.0030958629 -0.0011578453 0.00083048746 0.0028928668 0.0050500507 0.0073199006 0.0097175047 0.01225531 0.014943237 0.017788753 0.020796899 0.023970262 0.027308893 0.030810174 0.034468656 0.038275877 0.042220181 0.046286582 0.050456671 0.054708636 0.05901739 0.063354858 0.067690423 0.071991543 0.076224531 0.080355458 0.084351153 0.088180219 0.091814016 0.095227529
-0.1044057 -0.10038446 -0.096409808 -0.092458276 -0.088507365 -0.084536495 -0.080528112 -0.076468891 -0.072350952 -0.068172981 -0.063941114 -0.059669399 -0.055379692 -0.051100849 -0.046867174 -0.042716193 -0.038685932 -0.034811994 -0.031124777 -0.027647184 -0.024393067 -0.021366551 -0.018562228 -0.015966098 -0.01355703 -0.011308518 -0.0091904956 -0.0071710405 -0.00521784 -0.0032993667 -0.0013857498 0.00055063516 0.0025348129 0.0045890412 0.0067327764 0.0089827252 0.011352941 0.013854933 0.016497767 0.019288133 0.022230375 0.02532648 0.028576025 0.031976075 0.035521072 0.039202698 0.043009746 0.046928031 0.050940336 0.055026455 0.059163324 0.06332528 0.067484453 0.071611298 0.075675252 0.079645501 0.083491819 0.08718543 0.090699843 0.094011603 0.097100897
-0.098685737 -0.094590573 -0.090517635 -0.086447646 -0.082363503 -0.078251275 -0.074101263 -0.069909014 -0.065676213 -0.061411288 -0.057129625 -0.05285324 -0.048609847 -0.044431303 -0.040351528 -0.036404073 -0.032619598 -0.029023549 -0.025634296 -0.022461944 -0.019507883 -0.016765078 -0.014218962 -0.011848764 -0.0096290577 -0.0075313648 -0.0055256439 -0.0035815854 -0.0016696524 0.00023813818 0.0021676777 0.0041424344 0.0061832863 0.0083084732 0.010533628 0.012871854 0.015333811 0.017927808 0.020659865 0.023533746 0.026550962 0.029710738 0.033009946 0.036443025 0.040001881 0.043675812 0.047451437 0.051312685 0.055240845 0.0592147 0.06321076 0.067203604 0.07116634 0.07507116 0.078889997 0.082595224 0.086160396 0.089560957 0.092774893 0.095783266 0.098570611
-0.092647823 -0.088468576 -0.084295928 -0.080116016 -0.075918212 -0.07169603 -0.067447958 -0.063178121 -0.058896676 -0.054619802 -0.050369224 -0.046171208 -0.042055047 -0.03805115 -0.03418889 -0.030494447 -0.02698887 -0.023686588 -0.020594502 -0.017711718 -0.015029896 -0.012534095 -0.010203971 -0.0080151567 -0.0059406649 -0.0039522055 -0.0020213247 -0.00012033078 0.0017770061 0.0036949634 0.0056555567 0.0076783751 0.0097805246 0.011976643 0.01427896 0.01669737 0.019239514 0.021910832 0.02471461 0.027651986 0.030721934 0.033921227 0.03724438 0.04068359 0.044228679 0.047867066 0.051583767 0.055361461 0.059180614 0.063019691 0.06685546 0.070663383 0.074418092 0.078093947 0.08166563 0.085108774 0.088400575 0.091520352 0.094450022 0.097174467 0.099681745
-0.086325478 -0.082066261 -0.077807507 -0.073541558 -0.069264732 -0.064977986 -0.060687386 -0.056404313 -0.052145289 -0.047931394 -0.043787232 -0.039739496 -0.035815227 -0.032039936 -0.028435757 -0.025019858 -0.021803244 -0.018790085 -0.015977586 -0.013356373 -0.010911283 -0.0086224537 -0.0064665394 -0.0044179576 -0.0024500459 -0.00053607037 0.0013499515 0.0032326225 0.0051347189 0.0070769028 0.0090775623 0.011152748 0.013316178 0.015579281 0.017951261 0.020439166 0.023047943 0.02578048 0.028637625 0.031618186 0.03471891 0.037934448 0.041257326 0.044677907 0.048184386 0.051762806 0.05539713 0.059069356 0.062759715 0.066446932 0.070108564 0.073721409 0.077261983 0.080707022 0.084034027 0.087221778 0.090250834 0.093103945 0.095766389 0.098226181 0.10047416
-0.079771839 -0.075450465 -0.071132857 -0.066817744 -0.062508112 -0.058211521 -0.05394014 -0.049710465 -0.045542661 -0.041459538 -0.037485209 -0.03364353 -0.029956458 -0.026442502 -0.023115408 -0.019983216 -0.017047775 -0.014304714 -0.011743848 -0.0093499207 -0.0071035808 -0.0049824716 -0.0029623282 -0.0010180014 0.00087564961 0.0027430245 0.004607217 0.0064896091 0.0084096036 0.010384471 0.012429282 0.014556904 0.016778033 0.019101251 0.021533081 0.024078044 0.026738704 0.029515689 0.032407703 0.035411524 0.038521986 0.041731964 0.045032366 0.048412131 0.05185827 0.055355927 0.0588885 0.06243781 0.065984336 0.069507506 0.07298605 0.0763984 0.079723134 0.082939427 0.086027509 0.088969086 0.091747719 0.09434912 0.096761357 0.098974958 0.10098289
-0.073056356 -0.068702556 -0.064364304 -0.06004622 -0.055756952 -0.051509097 -0.047318827 -0.043205196 -0.039189148 -0.035292285 -0.031535474 -0.027937436 -0.024513434 -0.021274209 -0.018225243 -0.015366413 -0.01269205 -0.010191346 -0.00784905 -0.0056463455 -0.0035618242 -0.0015724571 0.00034549887 0.002215709 0.0040611074 0.0059033897 0.0077626434 0.0096571014 0.011602995 0.013614488 0.01570366 0.017880539 0.020153142 0.02252753 0.025007858 0.027596422 0.030293688 0.033098309 0.036007134 0.039015209 0.042115777 0.045300275 0.048558359 0.051877941 0.055245256 0.058644976 0.062060359 0.065473459 0.068865379 0.072216573 0.075507191 0.07871746 0.081828069 0.084820569 0.087677739 0.09038392 0.092925286 0.095290038 0.097468519 0.09945322 0.1012387
-0.066260028 -0.061912566 -0.057599128 -0.053329107 -0.049115222 -0.044973089 -0.040920516 -0.036976563 -0.03316042 -0.029490177 -0.025981613 -0.022647108 -0.019494768 -0.016527868 -0.013744622 -0.011138296 -0.0086976152 -0.0064074123 -0.0042494188 -0.0022031334 -0.0002466852 0.0016423626 0.0034863089 0.0053067314 0.0071240306 0.0089570937 0.010823068 0.012737219 0.01471287 0.016761377 0.018892153 0.021112705 0.023428684 0.025843932 0.028360525 0.030978812 0.033697432 0.036513342 0.039421817 0.042416468 0.045489255 0.048630509 0.051828982 0.055071915 0.058345139 0.061633214 0.064919613 0.06818694 0.071417195 0.07459207 0.077693273 0.08070287 0.083603619 0.0863793 0.089015006 0.091497391 0.093814854 0.095957652 0.097917935 0.099689696 0.10126864
-0.059469651 -0.055172669 -0.050932499 -0.046761738 -0.042675268 -0.038689569 -0.034821835 -0.031088966 -0.027506491 -0.024087534 -0.02084191 -0.017775428 -0.014889467 -0.012180838 -0.0096419405 -0.0072611657 -0.005023491 -0.0029111998 -0.00090465641 0.0010169258 0.0028747704 0.0046899109 0.0064826702 0.0082722493 0.010076423 0.011911331 0.013791346 0.01572901 0.017735011 0.019818201 0.021985625 0.02424257 0.026592606 0.029037632 0.031577912 0.034212109 0.036937302 0.039749011 0.042641213 0.045606368 0.048635448 0.051717988 0.05484215 0.057994826 0.061161754 0.064327686 0.067476578 0.070591821 0.073656492 0.07665364 0.079566579 0.082379177 0.085076148 0.08764331 0.090067807 0.092338283 0.094444996 0.09637987 0.098136465 0.099709893 0.10109666
-0.052771761 -0.048570813 -0.044451141 -0.04042677 -0.036512805 -0.032724628 -0.029076984 -0.025583051 -0.022253567 -0.019096079 -0.016114396 -0.013308268 -0.010673332 -0.0082012912 -0.0058803078 -0.0036955539 -0.0016298627 0.00033557775 0.0022205395 0.0040451191 0.0058291788 0.0075918801 0.0093513141 0.011124226 0.01292582 0.014769641 0.016667509 0.018629496 0.020663938 0.022777465 0.024975036 0.027259987 0.029634073 0.032097504 0.034648985 0.037285735 0.040003523 0.042796686 0.045658162 0.048579526 0.051551038 0.054561713 0.057599404 0.060650924 0.063702179 0.066738346 0.069744067 0.072703673 0.075601427 0.078421778 0.081149618 0.083770534 0.086271039 0.08863877 0.090862655 0.092933025 0.094841667 0.096581831 0.098148161 0.099536582 0.10074412
-0.04624699 -0.042185286 -0.038228464 -0.03439025 -0.030684277 -0.027123283 -0.023718304 -0.020477938 -0.017407734 -0.014509759 -0.011782376 -0.0092202409 -0.0068145028 -0.004553185 -0.0024216916 -0.00040339887 0.0015197227 0.0033664963 0.0051559717 0.0069069265 0.0086374479 0.0103646 0.012104173 0.013870508 0.015676381 0.017532943 0.019449699 0.021434512 0.023493633 0.025631729 0.027851935 0.030155886 0.032543763 0.035014326 0.037564948 0.040191643 0.042889099 0.045650709 0.048468613 0.051333746 0.054235902 0.057163819 0.060105282 0.063047246 0.065975991 0.06887729 0.071736609 0.074539313 0.077270891 0.079917177 0.082464576 0.084900264 0.087212375 0.089390148 0.091424038 0.093305781 0.09502841 0.096586214 0.097974657 0.09919024 0.10023033
-0.039965462 -0.036080758 -0.032321559 -0.028699836 -0.025226467 -0.021910544 -0.018758755 -0.01577489 -0.01295951 -0.010309796 -0.0078195883 -0.0054796063 -0.0032778063 -0.0011998531 0.00077034439 0.0026500736 0.0044572706 0.0062100129 0.0079260736 0.009622546 0.011315544 0.013019976 0.014749378 0.016515818 0.018329829 0.02020039 0.022134933 0.024139361 0.026218082 0.028374052 0.030608812 0.032922529 0.035314033 0.03778085 0.040319242 0.04292423 0.045589641 0.048308141 0.051071292 0.053869606 0.056692629 0.059529032 0.062366722 0.065192978 0.067994601 0.070758085 0.0734698 0.076116186 0.078683949 0.081160259 0.083532929 0.08579058 0.087922785 0.089920168 0.091774479 0.093478615 0.095026606 0.096413555 0.097635534 0.098689447 0.099572861
-0.033983659 -0.030306078 -0.026770126 -0.023384969 -0.02015794 -0.017094029 -0.014195485 -0.011461566 -0.0088884499 -0.0064693099 -0.0041945349 -0.0020520754 -2.7877785e-05 0.0018936295 0.003729031 0.0054954333 0.0072100109 0.0088896066 0.010550394 0.012207609 0.01387534 0.015566384 0.017292149 0.019062596 0.020886221 0.022770056 0.024719691 0.026739299 0.028831681 0.030998301 0.033239323 0.035553655 0.037938982 0.040391801 0.042907457 0.045480183 0.048103141 0.050768468 0.05346734 0.056190043 0.058926056 0.061664151 0.064392517 0.067098888 0.069770693 0.07239522 0.074959783 0.077451894 0.079859441 0.082170842 0.084375203 0.086462439 0.088423383 0.090249846 0.091934663 0.093471684 0.094855737 0.096082551 0.097148652 0.098051224 0.098787955
-0.02834289 -0.024893776 -0.021597083 -0.018458564 -0.0154817 -0.012667395 -0.010013785 -0.0075162021 -0.0051672744 -0.0029571481 -0.00087381732 0.001096476 0.0029687982 0.0047590689 0.0064836192 0.0081587849 0.0098005466 0.011424228 0.013044249 0.014673945 0.016325425 0.018009485 0.01973556 0.021511699 0.023344567 0.025239464 0.027200356 0.029229904 0.03132951 0.033499348 0.035738406 0.038044526 0.040414435 0.042843784 0.045327189 0.047858271 0.050429705 0.053033277 0.055659949 0.058299939 0.060942811 0.063577579 0.066192827 0.06877684 0.071317744 0.073803656 0.076222839 0.078563849 0.080815687 0.082967926 0.08501084 0.086935488 0.088733794 0.090398583 0.091923593 0.093303451 0.094533621 0.095610323 0.096530422 0.097291306 0.09789074
-0.023069254 -0.019860993 -0.016810409 -0.013919654 -0.011188454 -0.0086139863 -0.0061908734 -0.0039113035 -0.0017652538 0.00025919838 0.0021755053 0.0039982445 0.0057427069 0.0074244988 0.0090591761 0.010661921 0.012247269 0.01382889 0.015419416 0.017030321 0.018671839 0.020352914 0.022081181 0.023862969 0.025703315 0.027605994 0.029573546 0.03160732 0.033707508 0.035873183 0.038102337 0.040391918 0.042737868 0.045135163 0.047577852 0.050059106 0.052571274 0.055105941 0.057653999 0.060205733 0.062750915 0.065278902 0.067778762 0.07023939 0.072649645 0.074998483 0.07727509 0.079469019 0.081570303 0.083569572 0.085458138 0.087228066 0.088872221 0.090384286 0.091758749 0.092990877 0.094076643 0.095012655 0.095796044 0.096424356 0.09689543
-0.0181748 -0.015211418 -0.012405739 -0.0097564701 -0.0072599662 -0.0049102595 -0.0026991899 -0.0006166271 0.001349236 0.0032115404 0.0049843917 0.0066824866 0.0083207539 0.0099140245 0.01147674 0.013022708 0.0145649 0.016115303 0.017684801 0.019283105 0.020918706 0.022598859 0.024329582 0.026115671 0.027960725 0.02986718 0.031836341 0.033868422 0.03596258 0.038116954 0.040328705 0.042594047 0.044908292 0.047265891 0.049660473 0.052084905 0.054531344 0.056991302 0.059455725 0.061915073 0.064359416 0.066778535 0.069162034 0.071499455 0.0737804 0.075994648 0.078132274 0.080183758 0.082140087 0.083992837 0.085734246 0.087357254 0.088855535 0.090223496 0.091456258 0.092549609 0.093499943 0.094304182 0.094959681 0.095464129 0.095815455
