Interpolating SPI Data/spi_stations/interpolated_spi/1-20_1.tif
NCOLS 257
NROWS 141
XLLCORNER -178.27925
YLLCORNER 5.3153543
DX 0.49934803
DY 0.49997533
NODATA_VALUE -9999
[rows 0 to 26 of 141, columns 183 to 243 of 257]
-0.12 -0.12 -0.12 -0.12 -0.12 -0.12 -0.12 -0.12 -0.12 -0.12 -0.12002763 -0.77962192 -0.78 -0.78 -0.78 -0.78 -0.78 -0.78 -0.78 -0.78 -0.78 -0.78 -0.78 -0.78 -0.78 -0.78 -0.78 -0.78 -0.77997892 -0.68369092 -0.68000005 -0.68 -0.68 -0.68 -0.68 -0.68 -0.68 -0.68 -0.68 -0.68 -0.68 -0.68 -0.68 -0.68 -0.68000031 -0.68025896 -0.78332091 -0.98841122 -0.98999315 -0.98999995 -0.99 -0.99 -0.99 -0.99 -0.99 -0.99 -0.99 -0.99 -0.99 -0.99 -0.99
-0.12 -0.12 -0.12 -0.12 -0.12 -0.12 -0.12 -0.12 -0.12 -0.12 -0.12001548 -0.77994429 -0.78 -0.78 -0.78 -0.78 -0.78 -0.78 -0.78 -0.78 -0.78 -0.78 -0.78 -0.78 -0.78 -0.78 -0.78 -0.78 -0.77981349 -0.6801388 -0.68 -0.68 -0.68 -0.68 -0.68 -0.68 -0.68 -0.68 -0.68 -0.68 -0.68 -0.68 -0.68 -0.68 -0.68 -0.68 -0.68000121 -0.6806705 -0.81087774 -0.98783807 -0.98998024 -0.98999968 -0.98999999 -0.99 -0.99 -0.99 -0.99 -0.99 -0.99 -0.99 -0.99
-0.12 -0.12 -0.12 -0.12 -0.12 -0.12 -0.12 -0.12 -0.12 -0.12 -0.12001038 -0.77999363 -0.78 -0.78 -0.78 -0.78 -0.78 -0.78 -0.78 -0.78 -0.78 -0.78 -0.78 -0.78 -0.78 -0.78 -0.78 -0.78 -0.77720418 -0.68000274 -0.68 -0.68 -0.68 -0.68 -0.68 -0.68 -0.68 -0.68 -0.68 -0.68 -0.68 -0.68 -0.68 -0.68 -0.68 -0.68 -0.68 -0.68000001 -0.68000636 -0.68185156 -0.83464031 -0.98671878 -0.9899387 -0.98999809 -0.9899999 -0.98999999 -0.99 -0.99 -0.99 -0.99 -0.99
-0.12 -0.12 -0.12 -0.12 -0.12 -0.12 -0.12 -0.12 -0.12 -0.12 -0.12000941 -0.77999936 -0.78 -0.78 -0.78 -0.78 -0.78 -0.78 -0.78 -0.78 -0.78 -0.78 -0.78 -0.78 -0.78 -0.78 -0.78 -0.77999999 -0.73545703 -0.68000003 -0.68 -0.68 -0.68 -0.68 -0.68 -0.68 -0.68 -0.68 -0.68 -0.68 -0.68 -0.68 -0.68 -0.68 -0.68 -0.68 -0.68 -0.68 -0.68 -0.68000018 -0.68003582 -0.68479222 -0.85256259 -0.98490072 -0.98982781 -0.98999248 -0.98999998 -0.99000023 -0.99000014 -0.99000008 -0.99000006
-0.12 -0.12 -0.12 -0.12 -0.12 -0.12 -0.12 -0.12 -0.12 -0.12 -0.1200129 -0.77999993 -0.78 -0.78 -0.78 -0.78 -0.78 -0.78 -0.78 -0.78 -0.78 -0.78 -0.78 -0.78 -0.78 -0.78 -0.78 -0.77999984 -0.68239176 -0.68 -0.68 -0.68 -0.68 -0.68 -0.68 -0.68 -0.68 -0.68 -0.68 -0.68 -0.68 -0.68 -0.68 -0.68 -0.68 -0.68 -0.68 -0.68 -0.68000001 -0.68000033 -0.68001051 -0.68020749 -0.68280913 -0.7129114 -0.91485045 -0.99636265 -0.99284115 -0.99085714 -0.99028192 -0.9901063 -0.99004599
-0.12 -0.12 -0.12 -0.12 -0.12 -0.12 -0.12 -0.12 -0.12 -0.12 -0.12002834 -0.77999999 -0.78 -0.78 -0.78 -0.78 -0.78 -0.78 -0.78 -0.78 -0.78 -0.78 -0.78 -0.78 -0.78 -0.78 -0.78 -0.77999518 -0.68002808 -0.68 -0.68 -0.68 -0.68 -0.68 -0.68 -0.68 -0.68 -0.68 -0.68 -0.68 -0.68 -0.68 -0.68 -0.68 -0.68 -0.68 -0.68 -0.68 -0.68000008 -0.68000469 -0.68015433 -0.68296094 -0.71494321 -0.91746667 -1.401281 -1.7432166 -1.8096387 -1.6280001 -1.2914916 -1.0904178 -1.0220841
-0.12 -0.12 -0.12 -0.12 -0.12 -0.12 -0.12 -0.12 -0.12 -0.12 -0.12009176 -0.77999993 -0.78 -0.78 -0.78 -0.78 -0.78 -0.78 -0.78 -0.78 -0.78 -0.78 -0.78 -0.78 -0.78 -0.78 -0.78 -0.77973699 -0.68000021 -0.68 -0.68 -0.68 -0.68 -0.68 -0.68 -0.68 -0.68 -0.68 -0.68 -0.68 -0.68 -0.68 -0.68 -0.68 -0.68 -0.68 -0.68 -0.68000001 -0.68000196 -0.68012321 -0.68386728 -0.74435334 -1.1381383 -1.6836085 -1.8712786 -1.9137118 -1.9243861 -1.9274604 -1.9273633 -1.9207063 -1.8887339
-0.12 -0.12 -0.12 -0.12 -0.12 -0.12 -0.12 -0.12 -0.12 -0.11999836 0.32706319 -0.43259379 -0.77999999 -0.78 -0.78 -0.78 -0.78 -0.78 -0.78 -0.78 -0.78 -0.78 -0.78 -0.78 -0.78 -0.78 -0.78 -0.76180948 -0.68 -0.68 -0.68 -0.68 -0.68 -0.68 -0.68 -0.68 -0.68 -0.68 -0.68 -0.68 -0.68 -0.68 -0.68 -0.68 -0.68 -0.68 -0.68 -0.68000078 -0.68011168 -0.68643171 -0.83382269 -1.5180091 -1.8628186 -1.9176126 -1.9268952 -1.9289751 -1.9295751 -1.9297877 -1.9298753 -1.9299072 -1.9298599
-0.12 -0.12 -0.12 -0.12 -0.12 -0.12 -0.12 -0.12 -0.11999805 0.32991186 0.33 0.33 0.26425074 -0.77999999 -0.78 -0.78 -0.78 -0.78 -0.78 -0.78 -0.78 -0.78 -0.78 -0.78 -0.78 -0.78 -0.77999999 -0.68416079 -0.68 -0.68 -0.68 -0.68 -0.68 -0.68 -0.68 -0.68 -0.68 -0.68 -0.68 -0.68 -0.68 -0.68 -0.68 -0.68 -0.68 -0.68 -0.68000031 -0.6801283 -0.69559532 -1.1378917 -1.8327722 -1.9202671 -1.9284699 -1.9296383 -1.9298812 -1.9299492 -1.9299733 -1.9299834 -1.9299882 -1.9299907 -1.9299918
-0.12 -0.12 -0.12 -0.12 -0.12 -0.12 -0.12 -0.11998848 0.32999822 0.33 0.33 0.33 0.33 0.32957287 -0.77999992 -0.78 -0.78 -0.78 -0.78 -0.78 -0.78 -0.78 -0.78 -0.78 -0.78 -0.78 -0.77999932 -0.68004455 -0.68 -0.68 -0.68 -0.68 -0.68 -0.68 -0.68 -0.68 -0.68 -0.68 -0.68 -0.68 -0.68 -0.68 -0.68 -0.68 -0.68 -0.68000014 -0.68022669 -0.74700658 -1.7141285 -1.9213599 -1.9293445 -1.9299065 -1.9299781 -1.9299925 -1.9299965 -1.929998 -1.9299986 -1.9299989 -1.929999 -1.929999 -1.929999
-0.12 -0.12 -0.12 -0.12 -0.12 -0.12 -0.11974492 0.32999991 0.33 0.33 0.33 0.33 0.33 0.33 0.3299979 -0.77998746 -0.78 -0.78 -0.78 -0.78 -0.78 -0.78 -0.78 -0.78 -0.78 -0.78 -0.77991386 -0.68000063 -0.68 -0.68 -0.68 -0.68 -0.68 -0.68 -0.68 -0.68 -0.68 -0.68 -0.68 -0.68 -0.68 -0.68 -0.68 -0.68 -0.6800001 -0.68086378 -1.181826 -1.9192008 -1.9297547 -1.9299844 -1.9299978 -1.9299995 -1.9299998 -1.9299999 -1.9299999 -1.9299999 -1.9299999 -1.9299999 -1.9299999 -1.9299999 -1.9299999
-0.11831775 -0.12 -0.12 -0.12 -0.12 -0.11309487 0.32999997 0.33 0.33 0.33 0.33 0.33 0.33 0.33 0.33 0.32999993 -0.77644457 -0.78 -0.78 -0.78 -0.78 -0.78 -0.78 -0.78 -0.78 -0.78 -0.7723615 -0.68000002 -0.68 -0.68 -0.68 -0.68 -0.68 -0.68 -0.68 -0.68 -0.68 -0.68 -0.68 -0.68 -0.68 -0.68 -0.68 -0.68000018 -0.69251359 -1.8975561 -1.9299103 -1.9299986 -1.9299999 -1.93 -1.93 -1.93 -1.93 -1.93 -1.93 -1.93 -1.93 -1.93 -1.93 -1.93 -1.93
-0.010000141 -0.11908211 -0.12 -0.11999985 -0.039580521 0.32999993 0.33 0.33 0.33 0.33 0.33 0.33 0.33 0.33 0.33 0.33 0.32999996 -0.55463923 -0.77999972 -0.78 -0.78 -0.78 -0.78 -0.78 -0.78 -0.77999997 -0.6967146 -0.68 -0.68 -0.68 -0.68 -0.68 -0.68 -0.68 -0.68 -0.68 -0.68 -0.68 -0.68 -0.68 -0.68 -0.68 -0.68000245 -1.4081528 -1.9299479 -1.9299999 -1.93 -1.93 -1.93 -1.93 -1.93 -1.93 -1.93 -1.93 -1.93 -1.93 -1.93 -1.93 -1.93 -1.93 -1.93
-0.01 -0.010003901 -0.1191916 0.13127022 0.32999963 0.33 0.33 0.33 0.33 0.33 0.33 0.33 0.33 0.33 0.33 0.33 0.33 0.32999987 0.10317407 -0.77991626 -0.77999996 -0.78 -0.78 -0.78 -0.78 -0.77999634 -0.6805883 -0.68 -0.68 -0.68 -0.68 -0.68 -0.68 -0.68 -0.68 -0.68 -0.68 -0.68 -0.68 -0.68 -0.68 -0.68089568 -1.9297749 -1.93 -1.93 -1.93 -1.93 -1.93 -1.93 -1.93 -1.93 -1.93 -1.93 -1.93 -1.93 -1.93 -1.93 -1.93 -1.93 -1.93 -1.93
-0.0099999986 -0.009999691 -0.0093223223 0.32999769 0.33 0.33 0.33 0.33 0.33 0.33 0.33 0.33 0.33 0.33 0.33 0.33 0.33 0.33 0.32999924 0.26998462 -0.77627778 -0.77999315 -0.77999993 -0.78 -0.78 -0.77977119 -0.68003212 -0.68 -0.68 -0.68 -0.68 -0.68 -0.68 -0.68 -0.68 -0.68 -0.68 -0.68 -0.68 -0.68000001 -1.8366779 -1.93 -1.93 -1.93 -1.93 -1.93 -1.93 -1.93 -1.93 -1.93 -1.93 -1.93 -1.93 -1.93 -1.93 -1.93 -1.93 -1.93 -1.93 -1.93 -1.93
-0.0099742632 -0.0090914923 0.00033841092 0.32999997 0.33 0.33 0.33 0.33 0.33 0.33 0.33 0.33 0.33 0.33 0.33 0.33 0.33 0.33 0.33 0.32999563 0.30091537 -0.73673604 -0.7797467 -0.78005743 -0.78289759 -0.84322715 -0.68007525 -0.68 -0.68 -0.68 -0.68 -0.68 -0.68 -0.68 -0.68 -0.68 -0.68 -0.68 -0.68199155 -1.9299989 -1.93 -1.93 -1.93 -1.93 -1.93 -1.93 -1.93 -1.93 -1.93 -1.93 -1.93 -1.93 -1.93 -1.93 -1.93 -1.93 -1.93 -1.93 -1.93 -1.93 -1.93
0.81441907 0.99111739 1.0464028 0.3300056 0.33 0.33 0.33 0.33 0.33 0.33 0.33 0.33 0.33 0.33 0.33 0.33 0.33 0.33 0.33 0.33 0.32997891 0.26311302 -1.1503433 -1.1598178 -1.1599914 -1.1600102 -1.1357725 -0.68020055 -0.68 -0.68 -0.68 -0.68 -0.68 -0.68 -0.68 -0.68 -0.68001653 -1.8998163 -1.93 -1.93 -1.93 -1.93 -1.93 -1.93 -1.93 -1.93 -1.93 -1.93 -1.93 -1.93 -1.93 -1.93 -1.93 -1.93 -1.93 -1.93 -1.93 -1.93 -1.93 -1.93 -1.93
1.1299982 1.1299886 1.1299511 0.34125889 0.33 0.33 0.33 0.33 0.33 0.33 0.33 0.33 0.33 0.33 0.33 0.33 0.33 0.33 0.33 0.32999892 0.127952 -1.159762 -1.16 -1.16 -1.1600002 -1.1600062 -1.1602239 -1.1637416 -0.68124336 -0.68000006 -0.68 -0.68 -0.68 -0.68000002 -0.68001135 -0.7701115 -1.9299473 -1.93 -1.93 -1.93 -1.93 -1.93 -1.93 -1.93 -1.93 -1.93 -1.93 -1.93 -1.93 -1.93 -1.93 -1.93 -1.93 -1.93 -1.93 -1.93 -1.93 -1.93 -1.93 -1.93 -1.93
1.13 1.13 1.13 1.0985967 0.33000002 0.33 0.33 0.33 0.33 0.33 0.33 0.33 0.33 0.33 0.33 0.33 0.33 0.33 0.32999735 -0.52176075 -1.1599931 -1.16 -1.16 -1.16 -1.16 -1.160003 -1.1602237 -1.1736995 -1.5481028 -0.87224821 -0.6800251 -0.68000076 -0.6800357 -0.68871629 -1.8529119 -1.9299977 -1.93 -1.93 -1.93 -1.93 -1.93 -1.93 -1.93 -1.93 -1.93 -1.93 -1.93 -1.93 -1.93 -1.93 -1.93 -1.93 -1.93 -1.93 -1.93 -1.93 -1.93 -1.93 -1.93 -1.93 -1.93
1.13 1.13 1.13 1.1299652 0.3300586 0.33 0.33 0.33 0.33 0.33 0.33 0.33 0.33 0.33 0.33 0.33 0.33 0.32998448 -1.0847321 -1.1599999 -1.16 -1.16 -1.16 -1.16 -1.16 -1.1600014 -1.1602742 -1.1979868 -1.9941552 -2.2802134 -2.2789298 -0.71012122 -1.0798056 -1.9259002 -1.9299992 -1.93 -1.93 -1.93 -1.93 -1.93 -1.93 -1.93 -1.93 -1.93 -1.93 -1.93 -1.93 -1.93 -1.93 -1.93 -1.93 -1.93 -1.93 -1.93 -1.93 -1.93 -1.93 -1.93 -1.93 -1.93 -1.93
1.13 1.13 1.13 1.1299999 0.39117689 0.33 0.33 0.33 0.33 0.33 0.33 0.33 0.33 0.33 0.33 0.33 0.32980285 -1.1555719 -1.16 -1.16 -1.16 -1.16 -1.16 -1.16 -1.16 -1.1600006 -1.1604789 -1.3307957 -2.2545159 -2.2894244 -2.289976 -2.2899795 -1.9341396 -1.9299992 -1.93 -1.93 -1.93 -1.93 -1.93 -1.93 -1.93 -1.93 -1.93 -1.93 -1.93 -1.93 -1.93 -1.93 -1.93 -1.93 -1.93 -1.93 -1.93 -1.93 -1.93 -1.93 -1.93 -1.93 -1.93 -1.93 -1.93
1.13 1.13 1.13 1.13 1.1077898 0.33000284 0.33 0.33 0.33 0.33 0.33 0.33 0.33 0.33 0.33 0.32620241 -1.1597009 -1.16 -1.16 -1.16 -1.16 -1.16 -1.16 -1.16 -1.16 -1.1600003 -1.1615474 -1.9463687 -2.2888044 -2.2899875 -2.2899995 -2.2899999 -2.2881853 -1.9300048 -1.93 -1.93 -1.93 -1.93 -1.93 -1.93 -1.93 -1.93 -1.93 -1.93 -1.93 -1.93 -1.93 -1.93 -1.93 -1.93 -1.93 -1.93 -1.93 -1.93 -1.93 -1.93 -1.93 -1.93 -1.93 -1.93 -1.9299997
1.13 1.13 1.13 1.13 1.1298441 0.33154268 0.33 0.33 0.33 0.33 0.33 0.33 0.33 0.32999965 0.26264706 -1.1599638 -1.16 -1.16 -1.16 -1.16 -1.16 -1.16 -1.16 -1.16 -1.16 -1.1600002 -1.1747103 -2.2811016 -2.2899913 -2.2899999 -2.29 -2.29 -2.29 -2.0203013 -1.93 -1.93 -1.93 -1.93 -1.93 -1.93 -1.93 -1.93 -1.93 -1.93 -1.93 -1.93 -1.93 -1.93 -1.93 -1.93 -1.93 -1.93 -1.93 -1.93 -1.93 -1.93 -1.93 -1.93 -1.93 -1.9299982 -1.9299267
1.13 1.13 1.13 1.13 1.129997 0.54326828 0.33000105 0.33 0.33 0.33 0.33 0.33 0.32998223 -0.22165831 -1.1599904 -1.16 -1.16 -1.16 -1.16 -1.16 -1.16 -1.16 -1.16 -1.16 -1.16 -1.1600005 -1.6959543 -2.289984 -2.29 -2.29 -2.29 -2.29 -2.29 -2.2899801 -1.9300986 -1.93 -1.93 -1.93 -1.93 -1.93 -1.93 -1.93 -1.93 -1.93 -1.93 -1.93 -1.93 -1.93 -1.93 -1.93 -1.93 -1.93 -1.93 -1.93 -1.93 -1.93 -1.93 -1.9299998 -1.929983 -1.92915 -1.9140429
1.13 1.13 1.13 1.13 1.1299999 1.0999744 0.33022508 0.33000001 0.33 0.33 0.32999974 0.32949792 -0.87202036 -1.1599946 -1.16 -1.16 -1.16 -1.16 -1.16 -1.16 -1.16 -1.16 -1.16 -1.16 -1.16 -1.1600071 -2.2894898 -2.29 -2.29 -2.29 -2.29 -2.29 -2.29 -2.29 -2.2700005 -1.9300001 -1.93 -1.93 -1.93 -1.93 -1.93 -1.93 -1.93 -1.93 -1.93 -1.93 -1.93 -1.93 -1.93 -1.93 -1.93 -1.93 -1.93 -1.93 -1.93 -1.93 -1.9299972 -1.9296808 -1.9166446 -1.8921281 -1.8901048
1.13 1.13 1.13 1.13 1.13 1.1289508 0.3483055 0.32999485 0.3298628 0.32456196 -0.0024237239 -1.318357 -1.1663408 -1.1600204 -1.16 -1.16 -1.16 -1.16 -1.16 -1.16 -1.16 -1.16 -1.16 -1.16 -1.16 -1.1758043 -2.29 -2.29 -2.29 -2.29 -2.29 -2.29 -2.29 -2.29 -2.2899996 -1.9357845 -1.93 -1.93 -1.93 -1.93 -1.93 -1.93 -1.93 -1.93 -1.93 -1.93 -1.93 -1.93 -1.93 -1.93 -1.93 -1.93 -1.93 -1.93 -1.9299997 -1.929905 -1.9197674 -1.891501 -1.8900384 -1.8900017 -1.8900001
1.13 1.13 1.13 1.13 1.13 1.1299255 0.66780373 -0.48062059 -1.4296436 -1.4695786 -1.4699798 -1.4697401 -1.4592438 -1.2013496 -1.1600395 -1.16 -1.16 -1.16 -1.16 -1.16 -1.16 -1.16 -1.16 -1.16 -1.16 -2.2899991 -2.29 -2.29 -2.29 -2.29 -2.29 -2.29 -2.29 -2.29 -2.29 -2.2893678 -1.9300129 -1.93 -1.93 -1.93 -1.93 -1.93 -1.93 -1.93 -1.93 -1.93 -1.93 -1.93 -1.93 -1.93 -1.93 -1.93 -1.93 -1.9299767 -1.9230243 -1.8910432 -1.8900121 -1.8900003 -1.89 -1.89 -1.89
