Interpolating SPI Data/spi_stations/interpolated_spi/1-20_3.tif
NCOLS 257
NROWS 141
XLLCORNER -178.27925
YLLCORNER 5.3153543
DX 0.49934803
DY 0.49997533
NODATA_VALUE -9999
[rows 54 to 80 of 141, columns 183 to 243 of 257]
-1.0435928e-69 -9.7005336e-119 1.6288875e-47 8.2005891e-14 1.02 1.02 1.0199979 -0.52 -0.52 -0.68999997 -0.69 -0.69 -0.69130069 -1.04 -1.04 -0.74 -0.74 -1.37 -1.37 -1.37 -1.37 -0.0035849042 0.35999908 0.36 0.36 0.36 -0.80075599 -1.86 -1.86 -1.1951683 -1.19 -0.83 -1.52 -1.2200282 -1.22 -1.2200001 -1.23 -1.23 -2.0934935 -1.3930825 -1.4 -1.47 -1.08 -1.08 -1.27 -1.56 -1.56 -1.5599996 -0.12 -0.12 -0.12 -0.12 -0.12 0.25 0.25000002 1.06 1.06 1.0599999 0.40010941 0.38 0.92
6.9220482e-49 6.0316559e-51 1.9377036e-32 -3.7091464e-15 -0.019969406 -0.007399611 0.79184908 -0.52 -0.62166423 -0.69 -0.69 -0.69 -1.04 -1.04 -1.0400002 -0.74 -0.74 -1.37 -1.37 -1.37 -1.37 0.34689817 0.36 0.36 0.36 0.36 0.35999703 -0.3 -0.3000001 -1.19 -1.1899999 -1.5199965 -1.52 -1.2199687 -1.22 -1.22 -1.23 -1.23 -0.75558303 -1.47 -1.47 -1.47 -1.08 -1.08 -0.65 -0.65 -1.5599643 -1.5593537 0.67 0.67 0.67 0.67 0.66999359 0.25 0.25 0.25 1.06 1.0599983 0.37999999 0.38 0.38000003
6.1822067e-16 6.9147362e-11 0.061486695 -0.019913547 -0.02 -0.02 -0.02 0.024763223 0.36778021 -0.68990179 -0.69 -0.98435887 -1.7595028 -1.76 -1.76 -1.0448895 -0.74 -1.37 -1.37 -1.37 -1.3699999 -0.38 0.36 0.36 0.36 0.36 -0.27066487 -0.3 -0.3 -0.3 -1.08 -1.08 0.14 -1.47 -0.9 -0.9 -0.34 -0.34 -0.34 -1.4691522 -1.47 -1.47 0.28 -1.1299957 -1.13 0.063046103 0.16 0.16 0.67 0.67 0.67 0.67 0.24000008 0.2497519 0.25 0.25 0.25 -0.1 -0.1 -0.1 0.37803022
1.27 1.27 1.27 -0.019816103 -0.02 -0.02 -0.02 0.48995162 0.3700103 0.37 0.075289834 -1.01 -1.01 -1.7599161 -0.75039826 -0.24 -0.24 -0.24397826 -1.3572772 0.06999605 -0.37999998 -0.38 -0.38 0.35979912 -0.27 -0.27 -0.27 -0.3 -0.3 -0.96020433 -0.98 -0.92 -0.59 -1.47 -1.47 -0.90014497 -0.34 -0.34 0.39 0.39 0.089999988 0.09 0.01 0.01 0.35929822 0.16 0.16 -0.52999922 0.53 0.66999968 0.67 0.67 0.24 0.24 0.24999854 0.25 0.25 -0.1 -0.1 -0.1 -0.099999954
1.27 1.27 1.27 1.265638 -0.02 -0.02 -0.02 0.49 0.48983474 0.37 0.36999996 -1.01 -1.01 -1.01 -1.06 -0.24 -0.24 -0.014991999 0.07 0.07 -0.37999999 -0.38 -0.38 -0.26000057 -0.26 -0.27 -0.27 -0.48 -0.48 -0.81 -0.9799998 -0.57000393 -0.39 -0.39000676 -0.1800013 -0.18 -0.20897653 0.39 0.39 0.38999999 0.20424815 0.09 0.09 0.36 0.36 -0.29 -0.29 -0.53 0.53 0.37 0.37 0.23756728 0.24 0.24 0.36 0.36 0.25004292 -0.1 -0.1 -0.1 0.7413719
1.27 1.27 1.27 1.27 -0.02 -0.02 -0.01999935 0.49 0.49 0.37 -0.51 -0.51 -1.01 -1.2099517 -1.06 -1.06 1.1699999 1.17 0.07 -0.16306714 -0.18000017 -0.38 -0.27 -0.26999994 -0.26 -0.26 -0.19 -0.19 -0.090139729 -0.81 -0.96999981 -0.97 -0.39 -0.39 -0.18 -0.18 -0.18 0.39 0.39 0.04 0.27 -0.089987064 -0.2 -0.19980999 0.36 0.3 -0.29000006 0.18 1.17 0.37 0.37999581 -0.030000001 -0.63 0.36 0.36 0.36 0.36 -0.099994248 -0.1 -0.099999999 0.75999965
1.27 1.27 1.27 1.2699966 1.4999996 1.5 1.495486 0.49 0.49 0.49 0.46 -0.50997891 -1.21 -1.21 -1.209985 -0.05 1.17 1.17 -0.16817454 -0.18 0.97 0.45 0.06 -0.43 -0.42998841 -0.1 -0.15 -0.35998087 -0.09 -0.45999965 -0.46 -0.97 -0.39000007 -0.38650555 -0.18 -0.18 -0.18 0.11999999 0.12 0.12 -0.089853211 0.27 -0.2 0.11 0.11 0.29998651 -0.45 -0.44982488 1.17 0.67 0.38 -0.03 -0.13910672 -0.59557479 0.36 0.36 0.36 0.35994369 -0.099999964 -0.099349235 0.75999999
1.1 1.1 1.1 1.1 1.5 1.5 1.5 0.49 0.49 0.46 0.46 -0.34 -0.44124229 -1.21 -0.05 -0.05 0.4 0.48 0.48 0.97 0.97 0.55 0.22 -0.43 -0.41 -0.099999911 -0.06 -0.3538833 0.58 -0.46 -0.46 -0.45999975 -0.12340807 -0.12 -0.12 -0.12 -0.12 0.12 0.12 0.12 0.72 0.72 0.34 0.01 0.09 0.34 0.26 0.75 0.71715004 0.2 0.61672227 0.13 0.13 0.12999975 0.35999167 0.36 0.36 0.35999999 -0.015389313 0.3456711 0.75999999
1.0995696 1.1 1.1 1.1 1.5 1.5 1.5 1.38 0.27006795 0.27 0.27 -0.34 -0.47 0.2 0.50084756 1.1 1.377875 1.34 0.46968705 0.18 0.07 0.39 0.63 0.12 -0.40999967 0.50994915 0.51 0.52148804 0.02 0.02 -0.01 -0.01 -0.01 0.069991725 -0.11999796 -0.12 -0.12 0.094686957 0.12000028 0.32 0.32 0.53 -0.5 -0.5 0.029998801 -0.19 0.26 0.44107167 0.2 0.2 0.2 0.13 0.13 0.13 0.13008054 0.35986211 0.35999811 0.35999914 0.35964456 0.74172914 0.75999996
0.94 0.94 0.94058301 1.93 1.93 1.5000016 1.38 1.38 1.3799654 -0.25864726 0.27 0.26 -0.32 0.86000016 1.24 1.1 1.56 0.45 0.47 0.012556371 -0.39 0.026003814 0.63005099 0.60999999 0.61 0.51000001 0.51 0.31 0.02 0.02 -0.01 -0.01 -0.01 0.07 0.07 0.07 0.06999996 0.032280496 0.31999821 0.32000034 0.53 -0.44999902 -0.45 -0.5 0.37 0.37 0.26000019 0.26003547 0.2 0.2 0.2 0.13032837 0.13 0.13 0.12999938 0.14746739 0.35844878 0.35992724 0.35996556 0.7532593 0.75999985
0.94 0.94 0.94 1.93 1.93 1.7308088 1.38 1.38 -0.32999137 -0.27 -0.27 0.26 0.70000118 0.16 1.43 0.85 1.24 0.44999999 0.32236753 0.01 0.0099999812 -0.39 0.3 0.60981696 0.61 0.61 0.31000476 0.31 0.01 0.17 0.17 0.17 0.13880681 0.07 0.07 0.07 0.07 0.069999963 0.32208327 0.36412491 -0.45 -0.45 -0.17 -0.17 0.37 0.37 0.33869814 0.26058101 0.20207055 0.2 0.2 0.19969586 0.13000012 0.13 0.12999964 0.13005304 0.20426951 0.35400735 0.35929717 0.66422522 0.75999943
0.9399999 0.94 0.94 1.9188981 1.9190381 1.6147307 1.3705605 1.370875 -0.33 -0.33 -0.6 -0.91 1.3 0.5 0.24 -0.0052888562 -0.78904988 0.28 0.22001039 0.22 0.22 0.29710272 0.3 0.3 0.3 0.14473958 -0.03024076 0.01 0.01 0.17 0.17 0.17 0.17000001 0.070000071 0.07 0.07 0.07 0.07 -0.37408973 -0.44997529 -0.45 -0.44578327 -0.17 -0.17 -0.16612507 0.37 0.36999998 0.2633035 0.25329619 0.20000003 0.2 0.19999035 0.13093961 0.13000008 0.12999931 0.1299804 0.13267042 0.24236522 0.34628088 0.45386607 0.7599932
0.67 0.67 0.67 1.3 1.3 1.136745 0.85 0.85 -0.23 -0.62 -0.48 -0.91 0.2397526 0.030000017 -0.35135115 -0.31002208 -1.76 -0.16 0.2079786 0.22 0.22 0.11722477 0.14 0.14 0.20282399 -0.06 -0.06 0.03 0.03 0.04 0.04 0.21 0.21 0.21 0.20737775 0.07 0.07 0.069999993 -0.44906996 -0.44999858 -0.44972139 -0.17000364 -0.17 -0.17 -0.16999999 0.35964762 0.36999963 0.35495598 0.27296397 0.20002938 0.20000002 0.19999594 0.17025022 0.13005594 0.12999836 0.12997388 0.13008472 0.14482024 0.25812918 0.36112062 0.75980584
0.66999937 0.67 0.67 1.3 1.3 0.65557412 0.849991 0.28 -0.49 0.24 -0.5480164 -0.48030228 0.20976195 -0.029998759 -0.03 -0.03 -0.16 -0.16 -0.16 0.21999997 -0.23 -0.23 0.14 0.14 0.14 -0.06 -0.06 0.030000001 -0.022389298 0.04 0.039999505 0.21 0.21 0.21 0.21 0.20999865 0.070379655 0.069995006 -0.44980733 -0.44912517 -0.23094252 -0.17000086 -0.17 -0.17 -0.17 -0.16480371 0.36469645 0.36977746 0.29036622 0.20121662 0.20000385 0.19999575 0.19558713 0.13266851 0.13002369 0.12996186 0.12984447 0.13191691 0.16458597 0.2702722 0.75686178
0.25 0.12 0.29050489 0.47 0.25819058 -0.05 -0.05 -0.090795601 0.23999981 0.24 0.06 0.06 0.06 -0.03 -0.03 -0.03 -0.36 -0.36 -0.32012018 -0.26199335 -0.23 -0.23 -0.7 -0.7 -0.43 -0.06 0.11 0.11 -0.07 -0.07 -0.19 0.21 0.21 0.21 0.21 0.21 0.20999947 0.15837296 -0.44748774 -0.38363152 -0.17331952 -0.17000219 -0.17 -0.17 -0.16999997 -0.16977926 0.020530099 0.36243068 0.35315824 0.21012747 0.20011895 0.19999767 0.19868594 0.15186853 0.13062616 0.12996692 0.12976235 0.1299161 0.13779242 0.18502052 0.72673083
0.25 0.12 0.2881979 0.47 0.27461611 -0.05 -0.05 -0.22 -0.22 0.26 0.06 0.06 0.060213255 0.51999554 -0.029999997 -0.03 -0.36 -0.36 -0.36 -0.36 -0.36 -0.43000001 -0.7 -0.69980044 -0.43 -0.42999671 0.03 -0.22989257 -0.23 -0.22994275 -0.19 -0.1899979 0.21 0.21 0.21 0.21 0.21 0.2099986 -0.41193073 -0.22989062 -0.17108198 -0.17000751 -0.17000006 -0.17 -0.16999984 -0.16991847 -0.15169853 0.20793174 0.35633241 0.24348499 0.20116412 0.20005507 0.19931327 0.17769489 0.13505223 0.1302594 0.1297123 0.12936836 0.13126453 0.14780574 0.55910789
0.25 0.12796156 0.54 0.54 0.22 0.22 0.22 0.059999999 0.26 0.26 0.30402504 0.61 0.61 0.52 0.52 0.52 -0.12 -0.12 0.019983956 -0.36 -0.36 -0.42999984 -0.43 -0.43 -0.43 -0.13697703 0.03 0.03 -0.23 -0.23 -0.19 -0.18999978 0.20892318 0.20999995 0.21 0.21 0.20999999 0.20999995 0.021076906 -0.18912054 -0.17080042 -0.17002305 -0.17000079 -0.17000004 -0.16999918 -0.16992715 -0.16538962 -0.052105642 0.26496397 0.30774025 0.20608862 0.20047153 0.19956169 0.18969811 0.14806466 0.13200891 0.12986327 0.12911919 0.12920244 0.13491709 0.30076999
0.64999663 0.62 0.54025487 0.54 0.22017766 0.22 0.21998309 0.06 0.06 0.80239859 0.9 0.97817827 1.04 0.52 0.52 -0.17999995 -0.12 -0.12 0.02 0.02 0.019183688 -0.12 -0.12 -0.24 -0.24 -0.15 -0.15 0.029999987 0.029968152 -0.22999989 -0.19038786 -0.1899985 -0.070469605 0.20971357 0.20999579 0.2099992 0.2099994 0.20999916 0.20863546 -0.18000568 -0.17083871 -0.17005983 -0.17000496 -0.1700005 -0.16999687 -0.16990672 -0.16765676 -0.13197468 0.071173647 0.28096105 0.22332625 0.20221119 0.19993884 0.19427478 0.16503318 0.13743316 0.13081796 0.12910623 0.12832945 0.13001698 0.18322065
0.65 0.62 0.62 0.54 0.39 0.39 0.39 0.071648091 0.09233233 0.9 0.9 1.04 1.04 0.66000012 -0.18 -0.18 -0.29 -0.14 -0.14 -0.17999987 -0.18 -0.17 -0.17 -0.24 -0.24 -0.15 -0.15 -0.15 -0.1499817 -0.14296082 -0.21779873 -0.18999325 -0.17582203 0.18390379 0.20948285 0.20994652 0.20998197 0.20998751 0.20994484 -0.17559638 -0.17101707 -0.17013318 -0.17001962 -0.17000301 -0.16999087 -0.16986316 -0.16823599 -0.15207047 -0.057099575 0.15360167 0.24743333 0.20755478 0.20103339 0.19646858 0.17773302 0.14736928 0.13365858 0.12966555 0.12797832 0.12782369 0.1468882
1.02 1.02 0.79 0.79 0.39000002 0.39 0.47912463 1.19 1.19 0.9 0.9 0.66064684 0.66 0.66 -0.18 -0.29 -0.29 -0.2 -0.14 -0.40998665 -0.41 -0.78 -0.7793668 -0.46 -0.24 -0.15 -0.15 -0.15 -0.15 -0.14999783 -0.15929006 -0.19041586 -0.18394278 0.03232846 0.19929487 0.20889174 0.20972795 0.20987373 0.20990561 -0.087404692 -0.171303 -0.17026084 -0.17005688 -0.17001171 -0.16997874 -0.16979209 -0.16834872 -0.15861893 -0.11036144 0.027983342 0.20725852 0.2184442 0.20387687 0.19825925 0.18542896 0.15914513 0.13926357 0.13140575 0.12819628 0.1267837 0.13429835
1.02 1.02 0.79 0.79 1.13 1.13 1.19 1.19 1.19 1.09 1.09 0.70585969 0.17001394 0.17 0.16999995 -0.28999999 -0.20000042 -0.2 -0.29729537 -0.58 -0.41 -0.69 -0.46 -0.46 -0.46 -0.15000006 -0.15 -0.15 -0.15 -0.15 -0.1499949 -0.16329394 -0.18532497 -0.090304867 0.14587729 0.20077363 0.20782814 0.20916051 0.20952401 0.15895269 -0.171582 -0.17046034 -0.17013242 -0.17003366 -0.16995887 -0.16968778 -0.16825763 -0.16119085 -0.13243063 -0.048280258 0.10926069 0.22008748 0.20952122 0.20078779 0.19039125 0.16956187 0.14727966 0.13491276 0.12931223 0.12653609 0.12910564
1.0200099 1.02 1.11 1.13 1.13 1.13 1.43 1.43 1.09 1.09 1.09 1.0899999 0.17 0.17 -0.21 -0.21 -0.20000135 -0.2 -0.58 -0.58 -0.57992663 -0.68419554 -0.54 -0.54 -0.53999759 -0.53414219 -0.15000025 -0.15 -0.15 -0.15 -0.14999978 -0.14999636 -0.17458542 -0.13503927 0.050882269 0.17167779 0.19977906 0.20620674 0.20808453 0.20263662 -0.16837771 -0.17074503 -0.17026237 -0.17007789 -0.16993144 -0.16954609 -0.16804151 -0.16224526 -0.1425814 -0.088659718 0.0240184 0.17840135 0.21504645 0.20485742 0.19451086 0.17771598 0.15624687 0.1403133 0.13169714 0.12714958 0.12686666
1.11 1.11 1.11 1.11 1.13 1.4299994 1.43 1.43 1.4299995 0.05 0.05 0.050000007 0.16920534 -0.21 -0.21 -0.03 -0.27999999 -0.28 -0.28 -0.15000001 -0.15 -0.54 -0.54 -0.54 -0.54 -0.53999858 -0.53873181 -0.1500426 -0.15000001 -0.15 -0.14999995 -0.14999759 -0.15021725 -0.15172783 -0.028812886 0.11649431 0.17866722 0.19772943 0.20400253 0.20516686 -0.12328647 -0.17107755 -0.17045997 -0.17015348 -0.16989869 -0.16936595 -0.16773146 -0.16258615 -0.14767681 -0.1102654 -0.031544907 0.10529444 0.20654771 0.20979992 0.19895969 0.18428904 0.16485199 0.14712383 0.13553377 0.12881698 0.12629356
1.11 1.11 1.11 1.11 1.130076 1.43 1.43 1.43 1.4265227 0.05000003 0.58 0.58 0.58212947 -0.030017338 -0.03 -0.03 -0.27986308 -0.28 -0.28 -0.15 -0.15 -0.15 -0.53999999 -0.54 -0.54 -0.53999994 -0.53999058 -0.5190258 -0.15079413 -0.15000322 -0.15000012 -0.14999913 -0.14999283 -0.15052735 -0.083370846 0.052583666 0.14184621 0.1800731 0.19500604 0.2008516 0.031072058 -0.17073289 -0.17073057 -0.17026762 -0.16986423 -0.16914949 -0.16734469 -0.16253317 -0.15034374 -0.12239467 -0.065506383 0.039375637 0.16971764 0.21068902 0.20390927 0.19024145 0.17265025 0.15459492 0.14069753 0.13167496 0.12702926
0.89000001 1.1100001 1.1599994 1.16 1.1899999 1.19 1.19 1.4197394 0.71692263 0.58 0.58 0.72 0.72 0.73981066 0.45 0.45 0.45 -0.28 -0.090054632 -0.15 -0.15 -0.15 -0.15 -0.53994284 -0.54 -0.53999996 -0.5399977 -0.53993919 -0.46540605 -0.15421804 -0.1500824 -0.15000628 -0.14999561 -0.14999866 -0.13985164 -0.0095860592 0.09531212 0.15218657 0.17917058 0.19161541 0.14322904 -0.16397241 -0.17103349 -0.1704237 -0.16983199 -0.16890147 -0.16689453 -0.16223613 -0.15170968 -0.12951582 -0.086433048 -0.0075581132 0.1145322 0.19822772 0.20754127 0.1960628 0.17982707 0.16216781 0.14683909 0.1357107 0.12898
0.89 1.16 1.16 1.16 1.19 1.19 1.19 0.72206054 0.72 0.72 0.72 0.72 0.74 0.74 0.45 0.45 0.45 -0.21849447 -0.09 -0.09 -0.09 -0.090050521 -0.13034437 -0.14681318 -0.53681503 -0.53999881 -0.53999823 -0.53997945 -0.53925223 -0.41151994 -0.16174924 -0.1506333 -0.15008078 -0.15000228 -0.14933412 -0.10000545 0.041619665 0.11658182 0.1562154 0.17698116 0.1707426 -0.12837011 -0.17100231 -0.17061541 -0.16980499 -0.1686281 -0.16639339 -0.16177639 -0.15231489 -0.13381699 -0.099681469 -0.039006873 0.061705949 0.16753871 0.20537641 0.20117308 0.18663554 0.16962222 0.15358075 0.14076915 0.13208007
0.89 1.16 1.16 1.16 1.1899625 1.19 1.19 0.72 0.72 0.72 0.72 0.84889798 0.98 0.74 0.74 0.45 0.4992145 -0.25 -0.25 -0.24872767 -0.09 -0.09 -0.090000909 -0.090422475 -0.097835558 -0.4929952 -0.53983607 -0.53997781 -0.53988897 -0.53490915 -0.3748626 -0.17286544 -0.15246745 -0.15046323 -0.15002511 -0.14328033 -0.045716583 0.072263762 0.12723956 0.15708438 0.16760538 -0.040379197 -0.16872954 -0.17078885 -0.16978311 -0.16833572 -0.16585315 -0.16120421 -0.15244484 -0.13643089 -0.10829951 -0.060082423 0.02036326 0.12556183 0.19235905 0.20348584 0.19287413 0.17690343 0.16064886 0.14662859 0.13622047
