Interpolating SPI Data/spi_stations/interpolated_spi/1-21_1.tif
NCOLS 257
NROWS 141
XLLCORNER -178.27925
YLLCORNER 5.3153543
DX 0.49934803
DY 0.49997533
NODATA_VALUE -9999
[rows 27 to 53 of 141, columns 61 to 121 of 257]
0.12999588 0.12999762 0.1299987 0.12999933 0.12999968 0.12999985 0.12999994 0.12999998 0.12999999 0.13 0.13 0.13 0.13 0.13 0.13 0.13 0.13 0.13 0.13 0.13 0.12977353 -0.66 -0.66 -0.66 -0.66 -0.66 -0.28000685 -0.28 -0.28755992 -0.44 -0.44 -0.44 -0.44 -0.44000001 -0.95985531 -0.96 -0.96 -0.96 -0.96 -0.96 -0.96 -0.96 -0.30549717 0.99 0.99 0.99 0.99 0.99 0.99 1.4393075 1.44 0.34 0.34 0.34 0.34 0.34 0.34 0.13885427 0.03 0.03 0.03
0.1299978 0.12999881 0.1299994 0.12999972 0.12999988 0.12999995 0.12999998 0.12999999 0.13 0.13 0.13 0.13 0.13 0.13 0.13 0.13 0.13 0.13 0.13 0.13 0.13 0.12999701 -0.66 -0.66 -0.65999997 -0.28 -0.28 -0.28 -0.43924986 -0.44 -0.44 -0.44 -0.44 -0.44 -0.95999093 -0.96 -0.96 -0.96 -0.96 -0.96 -0.96 -0.96 -0.95938019 0.99 0.99 0.99 0.99 0.99 0.99 1.44 1.44 1.2891995 0.34 0.34 0.34 0.34 0.34 0.33999878 0.03 0.03 0.029999997
0.12999876 0.12999937 0.1299997 0.12999987 0.12999995 0.12999998 0.12999999 0.13 0.13 0.13 0.13 0.13 0.13 0.13 0.13 0.13 0.13 0.13 0.13 0.13 0.13 0.13 0.12984423 -0.32002574 -0.28 -0.28 -0.28 -0.28 -0.44 -0.44 -0.44 -0.44 -0.44 -0.44 -0.95999966 -0.96 -0.96 -0.96 -0.96 -0.96 -0.96 -0.96 -0.9599999 0.98999999 0.99 0.99 0.99 0.99 0.99 1.44 1.44 1.44 0.34 0.34 0.34 0.34 0.34 0.34 0.030020396 0.014318263 -1.179997
0.12999926 0.12999964 0.12999984 0.12999993 0.12999998 0.12999999 0.13 0.13 0.13 0.13 0.13 0.13 0.13 0.13 0.13 0.13 0.13 0.13 0.13 0.13 0.13 0.13 0.13 -0.28 -0.28 -0.28 -0.28 -0.28 -0.44 -0.44 -0.44 -0.44 -0.44 -0.44 -0.95999998 -0.96 -0.96 -0.96 -0.96 -0.96 -0.96 -0.96 -0.96 0.98998256 0.99 0.99 0.99 0.99 0.99 1.44 1.44 1.44 0.34019036 0.34 0.34 0.34 0.34 0.34 -0.87362815 -1.1799992 -1.18
0.12999953 0.12999978 0.1299999 0.12999996 0.12999999 0.13 0.13 0.13 0.13 0.13 0.13 0.13 0.13 0.13 0.13 0.13 0.13 0.13 0.13 0.13 0.13 0.13 0.13 -0.28 -0.28 -0.28 -0.28 -0.28000179 -0.44 -0.44 -0.44 -0.44 -0.44 -0.44000001 -0.69396726 -0.96 -0.96 -0.96 -0.96 -0.96 -0.96 -0.96 -0.96 0.9178417 0.99 0.99 0.99 0.99 0.99006316 1.44 1.4399902 1.2816225 0.25471359 0.33999957 0.34 0.34 0.34 0.33999854 -1.2923837 -1.1815495 -1.18
0.12999967 0.12999985 0.12999994 0.12999998 0.12999999 0.13 0.13 0.13 0.13 0.13 0.13 0.13 0.13 0.13 0.13 0.13 0.13 0.13 0.13 0.13 0.13 0.13 0.13 -0.28 -0.28 -0.28 -0.28 -0.43666537 -0.44 -0.44 -0.44 -0.44 -0.44 -0.65999732 -0.66 -0.66 -0.96 -0.96 -0.96 -0.96 -0.96 -0.96 -0.96 -0.9243945 0.99 0.98999999 0.98999491 0.25797223 0.22 0.22 0.22 0.22 0.22 0.22 0.22007215 0.33804046 -0.68531056 -0.68532463 -1.2221585 -1.5454404 -1.5307368
0.12999976 0.12999989 0.12999996 0.12999998 0.12999999 0.13 0.13 0.13 0.13 0.13 0.13 0.13 0.13 0.13 0.13 0.13 0.13 0.13 0.13 0.13 0.13 0.13 0.12999752 -0.27999994 -0.28 -0.28 -0.28 -0.43999632 -0.44 -0.44 -0.44 -0.44 -0.44057612 -0.66 -0.66 -0.66 -0.66 -0.95398441 -0.96 -0.96 -0.96 -0.96 -0.96 -0.95982529 0.98406764 0.29293325 0.22000024 0.22 0.22 0.22 0.22 0.22 0.22 0.22 0.21999979 -0.68999951 -0.68999982 -0.688335 -0.52707901 -1.3475275 -1.5499232
0.12999981 0.12999991 0.12999996 0.12999999 0.13 0.13 0.13 0.13 0.13 0.13 0.13 0.13 0.13 0.13 0.13 0.13 0.13 0.13 0.13 0.13 0.13 0.13 0.12986736 -0.27999456 -0.28 -0.28 -0.28001028 -0.43999953 -0.44 -0.44 -0.44 -0.44000001 -0.66 -0.66 -0.66 -0.66 -0.66 -0.66 -0.6600564 -0.95999827 -0.96 -0.96 -0.96 -0.95997629 0.22030398 0.22000002 0.22 0.22 0.22 0.22 0.22 0.22 0.22 0.22 -0.68533814 -0.69 -0.69 -0.68968895 -0.38020357 -1.189991 -1.4389815
0.12999984 0.12999993 0.12999997 0.12999999 0.13 0.13 0.13 0.13 0.13 0.13 0.13 0.13 0.13 0.13 0.13 0.13 0.13 0.13 0.13 0.13 0.13 0.13 0.12846489 -0.27990197 -0.28 -0.28000001 -0.28570513 -0.43999957 -0.44 -0.44 -0.44 -0.65875904 -0.66 -0.66 -0.66 -0.66 -0.66 -0.66 -0.66 -0.66001123 -0.94133689 -0.95997844 -0.95999927 -0.95025566 0.22000002 0.22 0.22 0.22 0.22 0.22 0.22 0.22 0.22 0.21994282 -0.69 -0.69 -0.69 -0.68998496 -0.38 -1.1899823 -1.19
0.12999985 0.12999993 0.12999997 0.12999999 0.13 0.13 0.13 0.13 0.13 0.13 0.13 0.13 0.13 0.13 0.13 0.13 0.13 0.13 0.13 0.13 0.13 0.12999964 0.12275546 -0.2793325 -0.27999997 -0.28000549 -0.36992215 -0.43999917 -0.44 -0.44 -0.4480691 -0.66 -0.66 -0.66 -0.66 -0.66 -0.66 -0.66 -0.66 -0.66 -0.66002742 -0.74760533 -0.34868839 -0.33999984 -0.24518869 0.22043955 0.22000095 0.22 0.22 0.22 0.22 0.22 -0.51072483 -0.57 -0.68998967 -0.69 -0.69 -0.68999997 -0.38 -0.42478392 -1.19
0.12999985 0.12999993 0.12999997 0.12999999 0.13 0.13 0.13 0.13 0.13 0.13 0.13 0.13 0.13 0.13 0.13 0.13 0.13 0.13 0.13 0.13 0.12999999 0.12999113 0.11014291 -0.27743314 -0.24866289 -0.030749238 -0.030001692 -0.030001366 -0.030002237 -0.03000711 -0.11235741 -0.65999848 -0.66 -0.66 -0.66 -0.66 -0.66 -0.66 -0.66 -0.65997087 0.28396131 -0.2474975 -0.33999993 -0.34 -0.33998857 0.53846792 0.53999992 0.53999981 0.5399948 0.5367575 0.22986185 -0.56999965 -0.57 -0.57 -0.57 -0.69 -0.69 -0.69 -0.38 -0.38 -0.33
0.12999985 0.12999993 0.12999997 0.12999999 0.12999999 0.13 0.13 0.13 0.13 0.13 0.13 0.13 0.13 0.13 0.13 0.13 0.13 0.13 0.13 0.13 0.12999969 0.12989275 -0.021201491 -0.030001884 -0.03 -0.03 -0.03 -0.03 -0.03 -0.029999994 -0.029863205 1.2456298 1.3399554 1.3327064 -0.47760685 -0.65996202 -0.65999993 -0.61563935 0.85998242 0.86 0.8599999 -0.32095431 -0.34 -0.34 -0.34 0.17105919 0.54 0.54 0.54 0.54 0.54 -0.56999963 -0.57 -0.57 -0.57 -0.51 -0.51 -0.96999516 -0.38 -0.82999907 -1.16
0.12999983 0.12999992 0.12999996 0.12999998 0.12999999 0.13 0.13 0.13 0.13 0.13 0.13 0.13 0.13 0.13 0.13 0.13 0.13 0.13 0.13 0.12999878 0.12450177 -0.029859873 -0.030000006 -0.03 -0.03 -0.03 -0.03 -0.03 -0.03 -0.03 -0.029996203 1.1534193 1.3399869 1.34 1.34 1.3399978 1.2799072 0.86 0.86 0.86 0.86 -0.33879033 -0.34 -0.34 -0.34 -0.33998437 0.54 0.54 0.54 0.54 0.54 0.53903601 -0.57 -0.57 -0.57 -1.6 -0.96960635 -0.97 -0.65 -0.83 -1.16
0.12999981 0.1299999 0.12999995 0.12999998 0.12999999 0.12999999 0.13 0.13 0.13 0.13 0.13 0.13 0.13 0.13 0.13 0.13 0.12999999 0.1299995 0.12979965 0.018856798 -0.029993799 -0.030000152 -0.030000014 -0.030000001 -0.03 -0.03 -0.03 -0.03 -0.03 -0.03 -0.029999995 1.1599507 1.3393966 1.34 1.34 1.3399992 1.1671132 0.86 0.86 0.86 0.86 -0.33998837 -0.34 -0.34 -0.34 -0.34 0.53999999 0.54 0.54 0.54 0.54 0.54 -0.57 -0.57 -1.6 -1.6 -1.632667 -1.120001 -1.33 -1.2 -0.93
0.12999977 0.12999987 0.12999993 0.12999996 0.12999998 0.12999999 0.13 0.13 0.13 0.13 0.13 0.13 0.13 0.13 0.12999998 0.12999937 0.12995561 0.12128757 -0.026342099 -0.030011578 -0.030003322 -0.030000591 -0.030000061 -0.030000003 -0.03 -0.03 -0.03 -0.03 -0.03 -0.03 -0.03 1.16 1.1600028 1.34 1.34 1.339928 0.95213318 0.86 0.86 0.86 0.86 -0.33999999 -0.34 -0.34 -0.34 -0.34 0.45538076 0.54 0.54 0.54 0.54 0.54 -0.56667089 -1.5992442 -1.6 -1.603977 -2.37 -1.78 -1.78 -1.1823336 -1.18
0.1299997 0.12999983 0.1299999 0.12999995 0.12999997 0.12999998 0.12999999 0.12999999 0.13 0.13 0.12999999 0.12999998 0.12999989 0.12999872 0.12997224 0.12871711 0.053035112 -0.029715773 -0.030119103 -0.03004945 -0.030016284 -0.03000389 -0.030000581 -0.030000042 -0.030000001 -0.03 -0.03 -0.03 -0.03 -0.03 -0.03 1.16 1.16 1.34 1.34 0.91051722 1.5819706 0.86 0.86 0.86 0.86 -0.34 -0.34 -0.34 -0.34 -0.34 -0.33999998 0.54 0.54 0.539438 -1.8 -1.8 -1.8 -1.5999993 -1.9326769 -1.97 -1.97 -1.97 -1.7799992 -1.18 -1.18
0.12999961 0.12999976 0.12999986 0.12999991 0.12999995 0.12999997 0.12999997 0.12999997 0.12999996 0.12999988 0.12999952 0.12999699 0.12997012 0.12949466 0.11528133 -0.010745051 -0.031016886 -0.030755216 -0.03044932 -0.030238831 -0.030109119 -0.030040383 -0.030011015 -0.030001889 -0.030000153 -0.030000003 -0.03 -0.03 -0.03 -0.03 -0.03 1.16 1.16 1.9294984 1.9296929 1.61 1.6099968 0.86 0.86 0.86 0.86 -0.34 -0.34 -0.34 -0.34 -0.34 -0.34 -1.7997758 -1.8 -1.8 -1.8 -1.8 -1.8 -1.7999678 -1.97 -1.97 -1.97 -0.51017399 -0.51 -0.51 -0.62981096
0.12999945 0.12999964 0.12999976 0.12999983 0.12999985 0.12999984 0.12999974 0.12999943 0.12999824 0.12999268 0.12995758 0.12963935 0.12530534 0.064064714 -0.029249052 -0.034011334 -0.033253645 -0.032514406 -0.031870609 -0.031329368 -0.030893695 -0.030561683 -0.030325679 -0.030172224 -0.030083286 -0.030039219 -0.030024416 -0.030080869 -0.16793117 -0.18 -0.18 0.22409959 0.51000446 1.72 1.72 1.72 1.6102789 0.86 0.86 0.86 0.838817 -0.21348075 -0.34 -0.34 -0.34 -0.34 1.1828492 -0.22199799 -1.8 -1.8 -1.8 -1.7450422 -1.4106232 -1.4105265 -1.9699932 -1.9699997 -0.52688406 -0.51000859 -0.51006247 -0.82 -0.84654272
0.1299991 0.12999928 0.12999934 0.12999924 0.12999886 0.12999777 0.12999447 0.12998279 0.12993136 0.12963762 0.12737682 0.10546529 0.0032750307 -0.039462874 -0.040706221 -0.039896434 -0.039116496 -0.038434599 -0.037889138 -0.037542907 -0.037514634 -0.038067949 -0.039915601 -0.045535893 -0.066362238 -0.13886589 -0.17940496 -0.17999998 -0.18 -0.18 -0.18 0.51 0.51 0.51 1.72 1.72 1.6921209 -1.14 -1.14 -0.060000602 0.44999946 0.45 0.44999996 -0.34 -0.34 1.209999 1.21 1.21 -0.32883426 -1.41 -1.41 -1.41 -1.4100484 -1.6699315 -0.18019626 -0.28999976 -0.29 -0.81999962 -0.82 -0.87 -0.87
0.1299976 0.12999718 0.12999593 0.12999284 0.12998489 0.12996185 0.1298836 0.12956142 0.12790763 0.11743441 0.057969402 -0.032888529 -0.051059993 -0.052027835 -0.052202011 -0.052698853 -0.053732292 -0.055613079 -0.058905522 -0.064697751 -0.075160605 -0.094321329 -0.12623858 -0.16159131 -0.1778492 -0.17995201 -0.17999994 -0.18 -0.18 -0.18 -0.18 0.51 0.51 0.51 1.7199999 1.72 -1.14 -1.14 -1.14 -0.06 0.45 0.45 0.45 0.45 0.53050295 1.2090058 1.21 1.21 1.21 -1.41 -1.41 -1.67 -1.67 -1.67 -0.18 -0.20935338 -0.29 -0.29 -0.86999996 -0.87 -0.53
0.12998798 0.12998053 0.12996355 0.12992131 0.12980287 0.12941886 0.12794889 0.12129544 0.089580305 0.0018338779 -0.055124954 -0.064737799 -0.066749076 -0.06875895 -0.071611259 -0.075722745 -0.081684326 -0.090367578 -0.10291682 -0.12029094 -0.14163376 -0.16201042 -0.17477032 -0.17922408 -0.17995614 -0.17999942 -0.18 -0.18 -0.18 -0.18 -0.17985249 0.51 0.51 0.51 0.57831349 -1.1398626 -1.14 -1.14 -1.14 -0.06 0.45 0.45 0.45 0.44999996 0.45000041 0.45000001 0.45745904 1.21 1.21 0.76498462 -1.67 -1.67 -1.67 -1.6666993 -0.18 -0.18 -0.29 -0.29 -0.29 -0.87 -0.53000001
0.1299213 0.12984932 0.12967492 0.12920243 0.12774894 0.12265269 0.1032869 0.042434356 -0.039618451 -0.071996427 -0.07889777 -0.08222985 -0.086040641 -0.091007555 -0.09752702 -0.10603149 -0.11690836 -0.13021208 -0.14513542 -0.15956355 -0.1706825 -0.17696932 -0.17936897 -0.1799279 -0.17999638 -0.17999994 -0.18 -0.18 -0.18 -0.17999988 0.13711862 0.51 0.51 0.51 0.48487472 -0.13004937 -0.13002519 -0.14326992 -1.1399258 -0.06 -0.17723086 0.44999327 0.44989175 0.18 0.21548139 0.45 0.45 0.45 1.2039297 1.1423288 -1.67 -1.73 -1.73 -0.89001629 -0.18 -0.18 -0.18 -0.29 -0.6 -0.6 -0.60000002
0.12948367 0.12890006 0.12738145 0.12300498 0.10939166 0.069309126 -0.0070776198 -0.06621871 -0.085833397 -0.091907583 -0.09623364 -0.10120084 -0.10729391 -0.11473651 -0.1236551 -0.13397333 -0.14522987 -0.15643677 -0.16620877 -0.17333398 -0.17747465 -0.17929708 -0.17986795 -0.17998501 -0.1799991 -0.17999997 -0.18 -0.18 -0.17999981 -0.17972219 0.4696119 0.50999978 0.51 0.50968738 -0.13 -0.13 -0.13 -0.13 -0.13 -0.19 -0.19 -0.17 0.0090577559 0.18 0.18 0.44999995 0.45 0.45 0.46599667 0.020197135 -0.08144782 -0.16002138 -0.89 -0.47263105 -1.56 -1.56 -0.36 -0.36 -0.6 -0.6 -0.6
0.12687069 0.12284511 0.1122234 0.084352662 0.025366528 -0.044917692 -0.083828022 -0.097158796 -0.1029152 -0.10776301 -0.11320988 -0.11956987 -0.12691347 -0.13517803 -0.14411391 -0.15322351 -0.16177578 -0.16897008 -0.17423434 -0.17748296 -0.17911835 -0.17976413 -0.17995458 -0.17999409 -0.17999949 -0.17999994 -0.17999991 -0.17999909 -0.17995269 -0.16344769 0.49547972 0.50999584 0.50988939 -0.12999919 -0.13 -0.13 -0.13 -0.13 -0.13 0.38 -0.17 -0.17 0.18 0.18 0.18 0.47218875 0.64 0.64 1.37 1.3635262 0.02 -0.16 -0.18915462 -0.47 -1.56 -1.56 -0.36 -0.36 -0.60000008 -0.5303065 -0.32
0.113463 0.092663993 0.049019807 -0.016000052 -0.070290864 -0.09619012 -0.10625065 -0.11177152 -0.11676793 -0.12224169 -0.12838988 -0.13519863 -0.14253571 -0.15013778 -0.1576034 -0.16443566 -0.17015292 -0.17443989 -0.17726011 -0.1788516 -0.1796026 -0.17989016 -0.17997645 -0.17999598 -0.1799991 -0.17999896 -0.17999575 -0.17995394 -0.17844663 -0.044270626 0.49950634 0.50980262 -0.12878137 -0.13 -0.13 -0.13 -0.13 -0.13 0.38 0.38 0.38 -0.17 -0.068172635 0.18 0.18 0.48 0.64 0.64 1.365658 1.37 0.02 -0.15951568 0.036913689 -0.46999997 -1.140052 -1.762346 -0.67000407 -0.67 -0.67 -0.32 -0.32
0.064438699 0.010856847 -0.047820225 -0.087041481 -0.10523444 -0.11342529 -0.11869421 -0.12361219 -0.128878 -0.13461972 -0.14079037 -0.14724965 -0.15377169 -0.16005481 -0.16575846 -0.17057117 -0.1742919 -0.17688825 -0.178498 -0.1793697 -0.17977411 -0.1799314 -0.17998138 -0.17999349 -0.17999363 -0.17998415 -0.17992474 -0.17927683 -0.16525221 0.15374437 0.49941103 -0.074490614 -0.1299999 -0.13 -0.13 -0.13 -0.13 0.063061309 0.38 0.38 0.38 -0.07 -0.07 -0.07 0.3300688 0.47999996 0.63956848 0.43 2.3199997 -0.21780638 0.13 0.25 0.35 0.35 -1.14 -1.1400085 -1.77 -1.8895579 -0.66995246 1.1 -0.25
-0.022759767 -0.070138439 -0.098406503 -0.11200303 -0.11901402 -0.1240131 -0.1287388 -0.13370227 -0.13899426 -0.14456185 -0.15027996 -0.15596721 -0.16139893 -0.16633398 -0.17055651 -0.17392298 -0.17639665 -0.17805302 -0.17905168 -0.17958682 -0.17983793 -0.17993894 -0.17997134 -0.17997376 -0.17995236 -0.17986034 -0.17934637 -0.17489676 -0.11764455 0.28712602 0.14386194 -0.12995014 -0.12999997 -0.12999998 -0.12999992 -0.12999722 -0.11758328 0.379998 0.38 0.38 0.062526009 -0.07 -0.07 -0.07 0.25 0.25 0.1 0.42999791 0.37071963 0.53803412 0.13088814 0.66 0.25 0.35 -1.14 -1.1400099 0.84 0.84 0.91512617 1.1 1.1
