Interpolating SPI Data/spi_stations/interpolated_spi/1-21_3.tif
NCOLS 257
NROWS 141
XLLCORNER -178.27925
YLLCORNER 5.3153543
DX 0.49934803
DY 0.49997533
NODATA_VALUE -9999
[rows 81 to 107 of 141, columns 124 to 185 of 257]
-0.74 -0.74 -0.74049611 -0.93 -0.93 -0.93 -0.4 -0.4 -0.4 -0.4 -0.76 -0.76 -0.76 -0.76 -0.400037 -0.4 -0.39999991 -0.3879103 -0.36006036 -1.2498694 -1.25 -1.25 -1.25 -0.75 -0.75 -0.75 -0.75 -0.72166278 -0.36 -0.36 -0.36 0.48506154 0.52 0.52 0.1 0.1 0.1 0.34 0.34 0.33999997 -0.02 -0.02 -0.02 -0.23789791 -0.39 -0.39 -0.68999999 -0.69 -0.69000002 -0.8 -0.8 -0.80000532 -1.038663 -1.04 -1.2940449 -1.33 -1.33 -1.24 -1.24 -1.24 -1.0321457 -1.3899995
-0.74 -0.74 -0.74 -0.91882845 -0.92989312 -0.40366086 -0.4 -0.4 -0.4 -0.4 -0.55 -0.55 -0.55 -0.55001706 -0.36 -0.36 -0.36 -0.36 -0.36013211 -1.0007228 -1.25 -1.25 -1.25 -1.2496115 -0.75003496 -0.75 -0.75 -0.36 -0.36 -0.36 -0.36 -0.040342175 -0.039183696 0.1 0.1 0.1 0.1 -0.31 -0.31 -0.31 -0.30999987 0.07 0.07 0.07 -0.39 -0.39 -0.69 -0.69 -0.69 -0.8 -0.8 -0.71 -0.76865057 -1.04 -1.33 -1.33 -1.33 -1.24 -1.24 -1.03 -1.03 -0.94
-0.74 -0.74 0.17 0.17 0.17 0.17 -0.4 -0.4 -0.40000003 -0.46999988 -0.55 -0.55 -0.55 -0.55 -0.36 -0.36 -0.36 -0.36 -0.87 -0.87 -1.25 -1.25 -1.25 -0.95 -0.95 -0.95 -0.37078985 -0.36 -0.36 -0.36 -0.36 -0.04 -0.04 -0.032576601 0.1 0.1 0.09999987 -0.31 -0.31 -0.31 -0.31 0.07 0.07 0.07 0.23 0.23 0.0099999936 0.0099425636 -0.57010241 -0.27 -0.79507473 -0.71 -0.71 -1.04 -1.049516 -1.33 -1.2925925 -0.98 -1.1939641 -1.03 -1.0481865 -1.0499975
-0.74 0.16649696 0.17 0.17 0.17 0.17 0.16999752 -0.47 -0.47 -0.47 -0.55 -0.55 -0.55 -0.55 -0.36000002 -0.36 -0.36 -0.36 -0.87 -0.87 -0.87 -1.25 -1.2449316 -0.95 -0.95 -0.95 -0.95 -0.36 -0.36 -0.36 -0.04 -0.04 -0.04 -0.04 0.077083484 0.1 -0.25998972 -0.31 -0.31 -0.31 -0.30999995 0.07 0.07 0.23 0.23 0.23 0.01 0.01 -0.27 -0.27 -0.27 -0.64 -0.64000863 -0.81008947 -1.05 -1.05 -0.98 -0.98 -0.98 -1.05 -1.05 -1.05
-0.70357687 0.17 0.17 0.17 0.17 0.17 0.16999793 -0.47 -0.47 -0.47 -0.55 -0.55 -0.54999158 -0.36045752 -0.36000987 -0.36 -0.36 -0.74909104 -0.87 -0.87 -0.87 -1.2499783 -0.95 -0.95 -0.95 -0.95 -0.95 -0.36000001 -0.36 -0.35988748 -0.04 -0.04 -0.04 -0.04 -0.04 -0.26 -0.26 -0.26 -0.26 -0.26325158 -0.30986404 0.079908594 0.079958953 0.2299817 0.21331284 -0.059999952 0.0099999999 0.0099999885 -0.27000395 -0.27 -0.64 -0.64 -0.81 -0.81 -1.05 -1.05 -1.0483543 -0.98 -0.98002622 -1.0287342 -0.95 -0.95
0.16999822 0.17 0.17 0.17 0.17 0.17 0.16985252 -0.47 -0.47 -0.47 -0.36 -0.36 -0.36 -0.36 -0.36 -0.74999725 -0.75 -0.75 -0.75 -0.75 -0.86834517 -0.8701272 -0.95 -0.95 -0.95 -0.95 -0.95 -0.44696334 -0.35999964 -0.040004756 -0.04 -0.04 -0.04 -0.04 -0.12733657 -0.26 -0.26 -0.26 -0.26 -0.26 0.079999999 0.08 0.08 0.0797789 -0.06 -0.06 -0.41 -0.41 -0.70949902 -0.71 -0.71 -0.64 -0.81 -0.81 -0.81000004 -1.05 -1.050075 -1.1 -1.1 -1.1 -0.95 -0.95
0.17 0.17 0.17 0.17 0.17 0.17 0.16561086 -0.47 -0.47 -0.40693664 -0.36 -0.36 -0.36 -0.36 -0.36 -0.75 -0.75 -0.75 -0.75 -0.75 -0.75 -0.75001309 -0.94999935 -0.94855905 -0.28022036 -0.28 -0.28 -0.28 -0.27999927 -0.04004688 -0.040009952 -0.040005786 -0.040036393 -0.041117961 -0.26 -0.26 -0.26 -0.26 -0.26 -0.26 0.08 0.08 0.08 0.08 -0.06 -0.06 -0.40999997 -0.41 -0.41047901 -0.71 -0.17 -0.17 -0.66 -0.66 -0.66 -0.66 -0.6600001 -1.1 -1.1 -0.79268239 -0.77000007 -0.95
0.17 0.17 0.17 0.17 0.17 0.17 0.14209196 -0.47 -0.46999578 -0.36 -0.36 -0.36 -0.36 -0.36 -0.36 -0.74999999 -0.75 -0.75 -0.75 -0.75 -0.75 -0.74999762 -0.28 -0.28 -0.28 -0.28 -0.28 -0.28 -0.28 -0.2 -0.2 -0.2 -0.2 -0.2 -0.20000004 -0.26 -0.26 -0.26 -0.26 -0.25999961 0.08 0.08 0.08 0.08 -0.05 -0.05 -0.05 -0.09 -0.09 -0.12212027 -0.17 -0.17 -0.66 -0.66 -0.66 -0.66 -0.66000006 -0.84067486 -0.77 -0.77 -0.77 -0.29016
0.17 0.17 0.17 0.17 0.17 0.16999998 0.096960686 -0.46999809 -0.36152456 -0.36 -0.36 -0.36 -0.36 -0.36 -0.36 -0.74999534 -0.75 -0.75 -0.75 -0.75 -0.75 -0.28047356 -0.28 -0.28 -0.28 -0.28 -0.28 -0.28 -0.28 -0.2 -0.2 -0.2 -0.2 -0.2 -0.2 -0.23401681 -0.26 -0.26 -0.26 -0.066030372 0.08 0.08 0.08 0.08 -0.05 -0.05 -0.05 -0.09 -0.09 -0.09 -0.17228918 -0.44 -0.66 -0.66 -0.85 -0.84904869 -1.13 -1.13 -0.77 -0.77 -0.59629497 -0.29
0.17 0.17 0.17 0.17 0.17 0.16999691 0.047622562 -0.45419113 -0.36000154 -0.36 -0.36 -0.36 -0.36 -0.36 -0.36 -0.74970094 -0.75 -0.75 -0.75 -0.75 -0.74999982 -0.28 -0.28 -0.28 -0.28 -0.28 -0.28 -0.28 -0.28 -0.2 -0.2 -0.2 -0.2 -0.2 -0.2 -0.20341595 -0.4 -0.4 -0.4 0.18038228 0.26 0.2599999 0.11928999 0.079999657 -0.7465921 -0.76 -0.76 -0.76 -0.090000014 -0.66 -0.44 -0.44 -0.44 -0.85 -0.85 -0.85 -1.13 -1.13 -1.13 -0.76998208 -0.29 -0.29
0.17 0.17 0.17 0.17 0.16999994 0.16992816 0.0041557195 -0.36215721 -0.36000007 -0.36 -0.36 -0.36 -0.36 -0.36 -0.36000003 -0.74571446 -0.75 -0.75 -0.75 -0.75 -0.54333466 -0.28 -0.28 -0.28 -0.28 -0.28 -0.28 -0.28 -0.27999994 -0.2 -0.2 -0.2 -0.2 -0.2 -0.2 -0.4 -0.4 -0.4 -0.4 -0.073084788 0.26 0.26 0.26 0.26 -0.76 -0.76 -0.76 -0.76 -0.66 -0.66 -0.66 -0.73973922 -0.74 -0.75376313 -0.85 -0.85 -1.13 -1.13 -1.13 -0.29 -0.29 -0.29
0.16999999 0.17 0.17 0.16999998 0.16999778 0.16941199 -0.13044267 -0.36008375 -0.36000002 -0.36 -0.36 -0.36 -0.36 -0.36 -0.36000111 -0.72812967 -0.74999999 -0.75 -0.75 -0.74999627 -0.28006031 -0.28 -0.28 -0.28 -0.28 -0.28 -0.28 -0.28 -0.27999008 -0.2 -0.2 -0.2 -0.2 -0.2 -0.20239598 -0.4 -0.4 -0.4 -0.4 -0.39431764 0.26 0.26 0.26 0.26 -0.75999933 -0.76 -0.76 -0.76 -0.66 -0.66 -0.66 -0.74 -0.74 -0.74 -0.84999865 -0.85 -1.13 -1.13 -1.13 -0.29000001 -0.29 -0.29
0.16999995 0.17 0.16999997 0.16999941 0.16997208 0.16698543 -0.32962895 -0.3600132 -0.36000002 -0.36 -0.36 -0.36 -0.36 -0.36 -0.36001527 -0.69266665 -0.74999935 -0.75 -0.74999997 -0.72203375 -0.2800003 -0.28 -0.28 -0.28 -0.28 -0.28 -0.28 -0.28 -0.27952096 -0.2 -0.2 -0.2 -0.20000588 -0.29 -0.29 -0.3999992 -0.4 -0.4 -0.4 -0.39993144 0.26 0.26 0.26 0.26 0.25934912 -0.76 -0.76 -0.75973837 -0.66 -0.66 -0.6762511 -0.74 -0.74 -0.74 -0.74000003 -0.84999798 -1.1299563 -1.13 -1.1299999 -0.29000041 -0.29 -0.29
0.16999983 0.16999994 0.16999954 0.16999318 0.1698089 0.14673266 -0.35553783 -0.36000468 -0.36000003 -0.36 -0.36 -0.36 -0.36 -0.36000001 -0.3601006 -0.65006743 -0.7499851 -0.74999999 -0.74992931 -0.30039608 -0.28000002 -0.28 -0.28 -0.28 -0.28 -0.28 -0.28 -0.28 -0.27426114 -0.20000053 -0.20188361 -0.28999903 -0.29 -0.29 -0.29 -0.29 -0.39999777 -0.4 -0.4 -0.39993352 0.26 0.26 0.26 0.26 0.25999999 -0.75999985 -0.76 -0.68284896 -0.66 -0.66 -0.73984708 -0.74 -0.74 -0.74 -0.74 -0.74229546 -1.1266183 -1.1299999 -1.1298924 -0.29000774 -0.29 -0.29
0.16999942 0.16999941 0.16999591 0.16995382 0.16884465 0.011520454 -0.35876072 -0.3600026 -0.36000005 -0.36 -0.36 -0.36 -0.36 -0.36000032 -0.36040415 -0.61215577 -0.74986078 -0.74999599 -0.73256765 -0.280505 -0.28000001 -0.28 -0.28 -0.28 -0.28 -0.28 -0.28 -0.28 -0.25991438 -0.28981698 -0.29 -0.29 -0.29 -0.29 -0.29 -0.29 -0.29 -0.3954286 -0.4 -0.3996265 0.26 0.26 0.26 0.26 0.26 -0.71411349 -0.75999547 -0.6623395 -0.66 -0.66001215 -0.73996363 -0.74 -0.74 -0.74 -0.74 -0.74000453 -1.0674851 -1.1299838 -1.1249783 -0.29006609 -0.29 -0.29
0.16999791 0.16999601 0.16997596 0.16975856 0.16203411 -0.2072457 -0.35945134 -0.36000179 -0.36000009 -0.36 -0.36 -0.36 -0.36000002 -0.36000325 -0.36115541 -0.58300445 -0.74928713 -0.74947434 -0.44484046 -0.28004857 -0.28 -0.28 -0.28 -0.28 -0.28 -0.28 -0.28 -0.28000077 -0.2899961 -0.29 -0.29 -0.29 -0.29 -0.29 -0.29 -0.29 -0.29 -0.43244434 -0.66999991 -0.66957908 0.25999988 0.26 0.26 0.26 0.26 0.2359005 -0.75940831 -0.66102777 -0.66000047 -0.66245535 -0.73995824 -0.74 -0.74 -0.74 -0.74 -0.74000036 -0.75105493 -1.1294926 -1.0843268 -0.29031443 -0.29000001 -0.29
0.1699924 0.16998045 0.16989069 0.1687656 0.12578647 -0.30707106 -0.35966656 -0.36000127 -0.36000016 -0.36000001 -0.36 -0.36 -0.36000021 -0.36001933 -0.36259799 -0.56188528 -0.74752208 -0.73096998 -0.29648231 -0.2800117 -0.28 -0.28 -0.28 -0.28 -0.28 -0.28 -0.28000002 -0.28844648 -0.29 -0.29 -0.29 -0.29 -0.29 -0.29 -0.29 -0.29000187 -0.67 -0.67 -0.67 -0.67 -0.66999997 0.25782583 0.26 0.26 0.26 0.25926417 -0.74296299 -0.66085389 -0.6600518 -0.68595006 -0.73992967 -0.73999997 -0.74 -0.74 -0.74 -0.74000017 -0.7405262 -1.0994283 -0.97388283 -0.29100199 -0.29000036 -0.28999997
0.16997409 0.16992314 0.16955037 0.16398376 0.021279132 -0.33808064 -0.35974881 -0.36000069 -0.36000028 -0.36000003 -0.36 -0.36000005 -0.36000161 -0.36007797 -0.36490946 -0.54686041 -0.74202164 -0.56967684 -0.28260545 -0.28000515 -0.28000001 -0.28 -0.28 -0.28 -0.28 -0.28 -0.28026104 -0.28999947 -0.29000002 -0.29000001 -0.29 -0.29 -0.29000002 -0.29011358 -0.6699999 -0.67 -0.67 -0.67 -0.67 -0.67 -0.67 -0.66999998 -0.19492762 0.25999273 0.25999999 0.25987085 -0.43271849 -0.66093203 -0.66096496 -0.71386689 -0.7398749 -0.73999958 -0.74 -0.74 -0.74 -0.74000018 -0.74010389 -0.85474543 -0.83327202 -0.29242388 -0.29000451 -0.28717525
0.16991955 0.16973175 0.16823268 0.14608684 -0.12180474 -0.34874073 -0.359781 -0.35999979 -0.36000046 -0.36000007 -0.36000004 -0.3600004 -0.3600083 -0.36023683 -0.36815609 -0.5360854 -0.71527163 -0.36405806 -0.28071721 -0.28000337 -0.28000001 -0.28 -0.28 -0.28 -0.28 -0.28001165 -0.28968829 -0.29000782 -0.29000911 -0.29001814 -0.29010085 -0.29402348 -0.65207345 -0.66999999 -0.67 -0.67 -0.67 -0.67 -0.67 -0.67 -0.67 -0.67 -0.66999987 -0.62346135 0.25764102 0.25993406 0.061484421 -0.6611832 -0.66592512 -0.72575065 -0.73978577 -0.73999717 -0.73999994 -0.74 -0.74 -0.74000027 -0.74004675 -0.75734913 -0.71970115 -0.29483293 -0.28899537 0.33003512
0.1697678 0.16912003 0.16371154 0.098962013 -0.22725619 -0.35309466 -0.35978903 -0.3599983 -0.36000073 -0.36000017 -0.36000022 -0.36000213 -0.36003133 -0.36058167 -0.37229165 -0.52746406 -0.61058873 -0.30210103 -0.28029702 -0.28000286 -0.28000002 -0.28 -0.28 -0.28 -0.28000207 -0.28344994 -0.29036937 -0.2907292 -0.29240657 -0.30787033 -0.52018932 -0.66919971 -0.66999994 -0.67 -0.67 -0.67 -0.67 -0.67 -0.67 -0.67 -0.67 -0.67 -0.67 -0.66999902 -0.65743404 0.19527955 0.19490113 -0.66046898 -0.67730112 -0.73028763 -0.73965445 -0.73998843 -0.73999947 -0.73999996 -0.74000001 -0.74000049 -0.74003375 -0.74433028 -0.66699898 -0.29746543 0.25153472 0.60704
0.16936107 0.16729894 0.15098819 0.015943303 -0.28435959 -0.35514727 -0.35978245 -0.35999589 -0.36000107 -0.36000045 -0.36000106 -0.36000859 -0.36009335 -0.36121469 -0.37717603 -0.51642122 -0.44893518 -0.28757654 -0.28016485 -0.28000288 -0.28000005 -0.28 -0.28000001 -0.28000098 -0.28045993 -0.29447147 -0.30100767 -0.32721822 -0.45285515 -0.64360973 -0.66961198 -0.66999932 -0.67 -0.67 -0.67 -0.67 -0.67 -0.67 -0.67 -0.67 -0.67 -0.67 -0.67 -0.67 -0.66999415 -0.66257711 -0.086099505 -0.64931951 -0.69110828 -0.73220378 -0.73947512 -0.73996593 -0.73999725 -0.73999968 -0.73999999 -0.74000092 -0.74003197 -0.74172613 -0.67850739 0.51440294 1.2623141 1.3741929
0.16831804 0.16249616 0.12262654 -0.081983424 -0.31330042 -0.35621947 -0.35976507 -0.35999214 -0.36000151 -0.36000124 -0.36000407 -0.36002753 -0.36023137 -0.36223581 -0.38255579 -0.49307759 -0.35054183 -0.28338042 -0.2801129 -0.28000323 -0.28000009 -0.28000002 -0.28000107 -0.28017649 -0.30493235 -0.34623719 -0.43181177 -0.58122892 -0.6594113 -0.66958599 -0.66999537 -0.66999999 -0.67 -0.67 -0.67 -0.67 -0.67 -0.67 -0.67 -0.67 -0.67 -0.67 -0.67 -0.67 -0.66999998 -0.66997427 -0.66350698 -0.61124071 -0.70236945 -0.73304854 -0.7392445 -0.73992009 -0.73999014 -0.73999843 -0.73999979 -0.74000167 -0.74003535 -0.74092912 0.077472537 1.4815875 1.5040794 1.5145347
0.16583485 0.15161683 0.073383016 -0.16589159 -0.32850624 -0.35681591 -0.35973834 -0.3599866 -0.3600022 -0.3600035 -0.36001289 -0.36007351 -0.36049576 -0.36372134 -0.38789632 -0.44912209 -0.31122895 -0.28186095 -0.28008998 -0.28000391 -0.28000022 -0.28000201 -0.28015079 -0.30026418 -0.42388582 -0.52933225 -0.62497598 -0.66280944 -0.66942834 -0.66997953 -0.66999972 -0.67 -0.67 -0.67 -0.67 -0.67 -0.67 -0.67 -0.67 -0.67 -0.67 -0.67 -0.67 -0.67 -0.67 -0.66999962 -0.66991383 -0.66364375 -0.70958525 -0.73337868 -0.73896179 -0.73984094 -0.73997276 -0.73999439 -0.73999886 -0.74000278 -0.74004214 -0.73181705 1.5019841 1.5160524 1.5187698 1.5197264
0.1604908 0.13073217 0.0069228946 -0.22522352 -0.33700902 -0.35715486 -0.3597027 -0.35997888 -0.3600036 -0.36000935 -0.36003466 -0.36016945 -0.36094511 -0.36569708 -0.39197497 -0.39558059 -0.29589945 -0.28120458 -0.28008006 -0.28000514 -0.28000475 -0.28017497 -0.29249237 -0.47878767 -0.58136859 -0.64012968 -0.66362136 -0.66915334 -0.6699344 -0.66999731 -0.66999995 -0.67 -0.67 -0.67 -0.67 -0.67 -0.67 -0.67 -0.67 -0.67 -0.67 -0.67 -0.67 -0.67 -0.67 -0.66999998 -0.66999682 -0.66977827 -0.70374085 -0.73341704 -0.73862834 -0.73971975 -0.73993786 -0.7399842 -0.73999591 -0.74000399 -0.73987489 0.56595149 1.518169 1.5194244 1.5198604 1.5199772
0.15024534 0.096940093 -0.064484765 -0.26384709 -0.34206111 -0.35734085 -0.35965819 -0.35996881 -0.36000696 -0.36002301 -0.36008135 -0.36034658 -0.3616368 -0.36809079 -0.39250343 -0.35246394 -0.28929365 -0.28088296 -0.28007781 -0.28001617 -0.28022614 -0.28865288 -0.46938671 -0.60556152 -0.64619557 -0.66351877 -0.66874522 -0.66983392 -0.66998579 -0.66999926 -0.66999998 -0.67 -0.67 -0.67 -0.67 -0.67 -0.67 -0.67 -0.67 -0.67 -0.67 -0.67 -0.67 -0.67 -0.67 -0.67 -0.66999973 -0.66998433 -0.67315678 -0.73293406 -0.73824653 -0.73955003 -0.7398773 -0.73996291 -0.73998855 -0.73999423 -0.6957516 1.5075543 1.5195858 1.5198848 1.5199763 1.5199967
0.13285552 0.050807235 -0.12872363 -0.28856438 -0.34521868 -0.35742827 -0.35960483 -0.35995677 -0.3600148 -0.36005163 -0.36017051 -0.36064207 -0.36261272 -0.37064707 -0.38680784 -0.325275 -0.28610941 -0.28071396 -0.28009892 -0.28031006 -0.28685967 -0.42029931 -0.6129128 -0.64865757 -0.66294555 -0.66818536 -0.66964679 -0.66994971 -0.66999494 -0.66999965 -0.66999998 -0.67 -0.67 -0.67 -0.67 -0.67 -0.67 -0.67 -0.67 -0.67 -0.67 -0.67 -0.67 -0.67 -0.67 -0.67 -0.66999995 -0.66999795 -0.67013786 -0.72249903 -0.73780184 -0.73932787 -0.73978314 -0.73992437 -0.73997184 -0.73816347 0.82079956 1.5194418 1.5198771 1.5199685 1.519994 1.5199992
0.1067681 -0.0029227843 -0.18013152 -0.30460559 -0.34726952 -0.3574477 -0.35954301 -0.35994413 -0.36003156 -0.360106 -0.36032498 -0.36109422 -0.36387704 -0.3728171 -0.37422122 -0.30957221 -0.28442434 -0.28065662 -0.28049017 -0.28602794 -0.37583541 -0.60287285 -0.64905655 -0.66205479 -0.66745874 -0.66934118 -0.66986456 -0.6699784 -0.66999737 -0.66999976 -0.66999998 -0.67 -0.67 -0.67 -0.67 -0.67 -0.67 -0.67 -0.67 -0.67 -0.67 -0.67 -0.67 -0.67 -0.67 -0.67 -0.66999999 -0.66999955 -0.67000767 -0.6826658 -0.73678528 -0.73904971 -0.73964857 -0.73986149 -0.73977193 -0.59472392 1.5007882 1.5198442 1.5199536 1.5199885 1.5199978 1.5199997
