Interpolating SPI Data/spi_stations/interpolated_spi/1-22_3.tif
NCOLS 257
NROWS 141
XLLCORNER -178.27925
YLLCORNER 5.3153543
DX 0.49934803
DY 0.49997533
NODATA_VALUE -9999
[rows 0 to 27 of 141, columns 62 to 123 of 257]
0.68002706 0.68003121 0.68003744 0.68004701 0.68006222 0.6800875 0.68013191 0.68021529 0.68038451 0.68076018 0.6816825 0.68420723 0.69188145 0.71652967 0.78504794 0.88928645 0.94994684 0.96727929 0.97203474 0.9742123 0.97566901 0.97672918 0.97749639 0.97803978 0.97841391 0.97866042 0.97880881 0.97887783 0.97887668 0.97880593 0.97865777 0.97841573 0.97805411 0.97753743 0.9768187 0.9738336 0.51187269 0.4100908 0.41000007 0.41 0.41 0.41 0.41 0.41 0.41 0.41 0.41 0.41 0.41 0.41 0.41 0.41 0.41 0.41 0.41 0.40999973 0.40981913 0.3087845 -0.87927506 -0.90991984 -0.90999972 -0.91
0.68001237 0.68001368 0.68001571 0.68001887 0.68002386 0.68003207 0.68004624 0.68007236 0.68012442 0.68023836 0.68051638 0.68128431 0.68371367 0.69247638 0.7258344 0.82137165 0.92774098 0.96479175 0.97250678 0.9749668 0.97641432 0.9774223 0.97812488 0.97860356 0.97892077 0.97912256 0.97924043 0.9792937 0.97929155 0.97923422 0.97911336 0.97891136 0.97860014 0.97813992 0.97747837 0.97587962 0.54382332 0.41005908 0.41000002 0.41 0.41 0.41 0.41 0.41 0.41 0.41 0.41 0.41 0.41 0.41 0.41 0.41 0.41 0.41 0.41 0.40999983 0.4097659 0.1804842 -0.9034342 -0.90999061 -0.90999998 -0.91
0.68000546 0.68000576 0.68000629 0.68000717 0.68000859 0.68001092 0.68001489 0.68002206 0.680036 0.68006578 0.680137 0.68033173 0.68095291 0.68330483 0.69381337 0.74241401 0.87096655 0.95580595 0.97236291 0.97556753 0.9770339 0.97799177 0.97862885 0.97904203 0.97930258 0.97946083 0.9795497 0.97958849 0.97958596 0.97954208 0.97944826 0.97928622 0.97902597 0.97862336 0.97801849 0.97695031 0.59300576 0.41003803 0.41000001 0.41 0.41 0.41 0.41 0.41 0.41 0.41 0.41 0.41 0.41 0.41 0.41 0.41 0.41 0.41 0.41 0.40999988 0.40965295 -0.11822346 -0.90897953 -0.90999925 -0.91 -0.91
0.68000233 0.68000233 0.68000241 0.68000258 0.6800029 0.68000346 0.6800044 0.68000609 0.68000927 0.68001586 0.68003112 0.6800717 0.68019912 0.68068539 0.68299627 0.69654764 0.77316571 0.92367919 0.97033592 0.97596994 0.97753205 0.9784469 0.97902042 0.97936966 0.97957595 0.97969372 0.97975644 0.97978264 0.97978027 0.97974903 0.97968055 0.97955661 0.97934586 0.97899977 0.9784495 0.97756412 0.665364 0.41002446 0.41 0.41 0.41 0.41 0.41 0.41 0.41 0.41 0.41 0.41 0.41 0.41 0.41 0.41 0.41 0.41 0.41 0.40999992 0.40938788 -0.5602632 -0.90988989 -0.90999996 -0.91 -0.91
0.68000097 0.68000091 0.68000088 0.68000088 0.68000092 0.68000102 0.68000119 0.68000152 0.68000212 0.68000332 0.680006 0.68001279 0.68003334 0.68010995 0.68047694 0.68281655 0.70228333 0.82843531 0.95998216 0.97598267 0.97791105 0.97879852 0.97931392 0.97960334 0.97976004 0.97984221 0.97988288 0.97989891 0.97989704 0.97987681 0.97983058 0.97974099 0.97957612 0.97928303 0.97878212 0.97795818 0.75923733 0.41001598 0.41 0.41 0.41 0.41 0.41 0.41 0.41 0.41 0.41 0.41 0.41 0.41 0.41 0.41 0.41 0.41 0.41 0.40999993 0.40865468 -0.8323389 -0.90999225 -0.91 -0.91 -0.91
0.68000039 0.68000034 0.68000031 0.68000029 0.68000028 0.68000028 0.6800003 0.68000034 0.68000043 0.6800006 0.68000097 0.68000186 0.68000439 0.68001332 0.68005472 0.6803211 0.68282801 0.71556262 0.90522726 0.97446449 0.9781618 0.97905784 0.97952499 0.97976134 0.97987515 0.97992812 0.97995172 0.97996031 0.97995909 0.97994753 0.97991926 0.97985866 0.97973406 0.97948786 0.97902688 0.97821735 0.85512317 0.41001092 0.41 0.41 0.41 0.41 0.41 0.41 0.41 0.41 0.41 0.41 0.41 0.41 0.41 0.41 0.41 0.41 0.41 0.40999994 0.40611076 -0.90036931 -0.90999967 -0.91 -0.91 -0.91
0.68000016 0.68000013 0.68000011 0.68000009 0.68000008 0.68000007 0.68000007 0.68000007 0.68000008 0.68000009 0.68000013 0.68000022 0.68000045 0.68000119 0.68000436 0.68002389 0.68021013 0.68319294 0.75076269 0.9611276 0.97820448 0.97923431 0.97966927 0.97986187 0.97994096 0.979972 0.97998382 0.97998765 0.97998701 0.97998144 0.9799662 0.97992818 0.97983667 0.97962862 0.97919225 0.97835931 0.92481943 0.41000891 0.41 0.41 0.41 0.41 0.41 0.41 0.41 0.41 0.41 0.41 0.41 0.41 0.41 0.41 0.41 0.41 0.41 0.40999993 0.39434449 -0.90927593 -0.90999999 -0.91 -0.91 -0.91
0.68000006 0.68000005 0.68000004 0.68000003 0.68000002 0.68000002 0.68000001 0.68000001 0.68000001 0.68000001 0.68000002 0.68000002 0.68000003 0.68000008 0.68000023 0.6800011 0.68000882 0.68013568 0.6844386 0.8423292 0.97714627 0.97933083 0.97976079 0.97992158 0.97997479 0.97999106 0.97999593 0.97999724 0.97999699 0.97999487 0.97998787 0.97996579 0.9798993 0.97971758 0.97928084 0.97836687 0.95954138 0.41003118 0.41 0.41 0.41 0.41 0.41 0.41 0.41 0.41 0.41 0.41 0.41 0.41 0.41 0.41 0.41 0.41 0.41 0.40999989 0.32016247 -0.90996771 -0.91 -0.91 -0.91 -0.91
0.68000003 0.68000002 0.68000001 0.68000001 0.68000001 0.68 0.68 0.68 0.68 0.68 0.68 0.68 0.68 0.68 0.68000001 0.68000003 0.68000019 0.68000262 0.68008979 0.68893388 0.95335696 0.97932131 0.97980947 0.97995422 0.97999018 0.97999778 0.97999932 0.97999962 0.97999956 0.97999899 0.97999634 0.97998426 0.97993438 0.97976234 0.97928056 0.97817735 0.96791379 0.41180715 0.41000012 0.41 0.41 0.41 0.41 0.41 0.41 0.41 0.41 0.41 0.41 0.41 0.41 0.41 0.41 0.41 0.41 0.40999975 -0.13708883 -0.90999918 -0.91 -0.91 -0.91 -0.91
0.68000001 0.68000001 0.68 0.68 0.68 0.68 0.68 0.68 0.68 0.68 0.68 0.68 0.68 0.68 0.68 0.68 0.68 0.68000002 0.68000059 0.68006664 0.71383439 0.97855022 0.97981549 0.97996958 0.9799963 0.97999959 0.97999994 0.97999998 0.97999997 0.97999987 0.97999906 0.9799924 0.97995019 0.97975924 0.97913853 0.9776034 0.93337001 0.68282057 0.41001411 0.41 0.41 0.41 0.41 0.41 0.41 0.41 0.41 0.41 0.41 0.41 0.41 0.41 0.41 0.41 0.41 0.4099991 -0.80364258 -0.90999999 -0.91 -0.91 -0.91 -0.91
0.68000001 0.68 0.68 0.68 0.68 0.68 0.68 0.68 0.68 0.68 0.68 0.68 0.68 0.68 0.68 0.68 0.68 0.68 0.68 0.68000009 0.68006849 0.88070135 0.97974527 0.97997187 0.97999838 0.97999994 0.98 0.98 0.98 0.97999999 0.97999977 0.97999534 0.97994784 0.97966887 0.97866639 0.97372062 0.93000572 0.92976845 0.42144136 0.41000001 0.41 0.41 0.41 0.41 0.41 0.41 0.41 0.41 0.41 0.41 0.41 0.41 0.41 0.41 0.41 0.4099943 -0.9057225 -0.91 -0.91 -0.91 -0.91 -0.91
0.67999999 0.68 0.68 0.68 0.68 0.68 0.68 0.68 0.68 0.68 0.68 0.68 0.68 0.68 0.68 0.68 0.68 0.68 0.68 0.68 0.68000001 0.68016099 0.97875489 0.97994837 0.97999868 0.97999999 0.98 0.98 0.98 0.98 0.97999992 0.97999461 0.97990249 0.97928385 0.97711848 0.93057453 0.93 0.92999999 0.92754927 0.41002628 0.41 0.41 0.41 0.41 0.41 0.41 0.41 0.41 0.41 0.41 0.41 0.41 0.41 0.41 0.41 0.40993519 -0.90989935 -0.91 -0.91 -0.91 -0.91 -0.91
0.67999986 0.67999998 0.68 0.68 0.68 0.68 0.68 0.68 0.68 0.68 0.68 0.68 0.68 0.68 0.68 0.68 0.68 0.68 0.68 0.68 0.68 0.68 0.68284129 0.97968885 0.97999452 0.98 0.98 0.98 0.98 0.98 0.97999986 0.97997737 0.97955777 0.97723597 0.96982061 0.93000002 0.93 0.93 0.92999999 0.79369187 0.41 0.41 0.41 0.41 0.41 0.41 0.41 0.41 0.41 0.41 0.41 0.41 0.41 0.41 0.41 0.4087214 -0.90999829 -0.91 -0.91 -0.91 -0.91 -0.91
0.67999903 0.67999982 0.67999998 0.68 0.68 0.68 0.68 0.68 0.68 0.68 0.68 0.68 0.68 0.68 0.68 0.68 0.68 0.68 0.68 0.68 0.68 0.68 0.68 0.95627344 0.97951448 0.97999951 0.98 0.98 0.98 0.98 0.97999047 0.97931762 0.97424741 0.96107298 0.93000813 0.93 0.93 0.93 0.93 0.92999991 0.41125337 0.41 0.41 0.41 0.41 0.41 0.41 0.41 0.41 0.41 0.41 0.41 0.41 0.41 0.41 0.37211537 -0.90999997 -0.91 -0.91 -0.91 -0.91 -0.91
0.67999298 0.67999842 0.67999972 0.67999996 0.68 0.68 0.68 0.68 0.68 0.68 0.68 0.68 0.68 0.68 0.68 0.68 0.68 0.68 0.68 0.68 0.68 0.68 0.68 0.68 0.65139287 0.6481839 0.7453541 0.98 0.9799339 0.9634535 0.91883438 0.87952621 0.85170844 0.83344966 0.93 0.93 0.93 0.93 0.93 0.93 0.92998978 0.41000007 0.41 0.41 0.41 0.41 0.41 0.41 0.41 0.41 0.41 0.41 0.41 0.41 0.41 -0.29318222 -0.91 -0.91 -0.91 -0.91 -0.91 -0.91
0.67994404 0.67998534 0.67999687 0.67999948 0.67999994 0.68 0.68 0.68 0.68 0.68 0.68 0.68 0.68 0.68 0.68 0.68 0.68 0.68 0.68 0.68 0.68 0.68 0.68 0.68 0.66038539 0.50000007 0.5 0.5 0.5 0.50000003 0.50024419 0.50760304 0.53623132 0.92996996 0.93 0.93 0.93 0.93 0.93 0.93 0.92999981 0.74779361 0.41 0.41 0.41 0.41 0.41 0.41 0.41 0.41 0.41 0.41 0.41 0.41 0.40999996 -0.88034405 -0.91 -0.91 -0.91 -0.91 -0.91 -0.91
0.67949769 0.67984566 0.67996048 0.67999187 0.67999872 0.67999986 0.67999999 0.68 0.68 0.68 0.68 0.68 0.68 0.68 0.68 0.68 0.68 0.68 0.68 0.68 0.68 0.68 0.68 0.68 0.68 0.5 0.5 0.5 0.5 0.5 0.50000121 0.50015208 0.50232169 0.93 0.93 0.93 0.93 0.93 0.93 0.93 0.929994 0.35046197 0.35000011 0.40997817 0.41 0.41 0.41 0.41 0.41 0.41 0.41 0.41 0.41 0.41 0.40999766 -0.90897177 -0.91 -0.91 -0.91 -0.91 -0.91 -0.91
0.67492161 0.67812943 0.6794165 0.67985035 0.67996966 0.67999539 0.67999951 0.67999997 0.68 0.68 0.68 0.68 0.68 0.68 0.68 0.68 0.68 0.68 0.68 0.68 0.68 0.68 0.68 0.68 0.68 0.65865858 0.5 0.5 0.5 0.5 0.50000031 0.50002148 0.92874597 0.93 0.93 0.93 0.93 0.93 0.93 0.93 0.88112799 0.35 0.35 0.35 0.35184243 0.41 0.41 0.41 0.41 0.41 0.41 0.41 0.41 0.41 0.40710867 -0.84181095 -0.90980982 -0.90999996 -0.91 -0.91 -0.91 -0.91
0.62695433 0.65494737 0.67000975 0.67669229 0.6791144 0.67981566 0.67997179 0.67999707 0.67999982 0.68 0.68 0.68 0.68 0.68 0.68 0.68 0.68 0.68 0.68 0.68 0.68 0.68 0.68 0.68 0.68 0.68 0.50000004 0.5 0.5 0.50000001 0.50000053 0.50001423 0.93 0.93 0.93 0.93 0.93 0.93 0.93 0.93 0.35000001 0.35 0.35 0.35 0.35 0.35000021 0.4096864 0.41 0.41 0.41 0.41 0.41 0.40999995 0.40932035 -0.61967634 -0.62000635 -0.62050116 -0.77022989 -0.90997127 -0.91 -0.91 -0.91
0.37228879 0.44811647 0.53202426 0.60412929 0.649701 0.67070751 0.67785617 0.67964433 0.67996074 0.67999747 0.67999993 0.68 0.68 0.68 0.68 0.68 0.68 0.68 0.68 0.68 0.68 0.68 0.68 0.68 0.68 0.68 0.63256779 0.50000002 0.50000003 0.50000017 0.50000163 0.80016741 0.93 0.93 0.93 0.93 0.93 0.93 0.93 0.92942703 0.35 0.35 0.35 0.35 0.35 0.35 0.35 0.35516696 0.40998602 0.40999999 0.40999909 0.40530632 -0.17439771 -0.24419766 -0.61989533 -0.62 -0.62 -0.62 -0.62000177 -0.641636 -0.90999227 -0.91
0.18564414 0.19522023 0.21206697 0.24302506 0.30060422 0.39914546 0.5269158 0.6263648 0.66829672 0.67841156 0.67987628 0.67999575 0.68000004 0.68000001 0.68 0.68 0.68 0.68 0.68 0.68 0.68 0.68 0.68 0.68 0.68 0.68 0.67999192 0.5001113 0.50000041 0.50000121 0.50000825 0.92999202 0.93 0.93 0.93 0.93 0.93 0.93 0.93 0.35 0.35 0.35 0.35 0.35 0.35 0.35 0.35 0.35 0.35008455 0.026319375 -0.20991875 -0.20999995 -0.21000001 -0.21032329 -0.61845135 -0.62 -0.62 -0.62 -0.62 -0.62 -0.62 -0.62032463
0.16247324 0.1625955 0.16286838 0.16338904 0.16436347 0.16626996 0.17035152 0.18029078 0.20842607 0.29519787 0.49276206 0.64759473 0.678072 0.68000808 0.68000972 0.68000089 0.68000004 0.68 0.68 0.68 0.68 0.68 0.68 0.68 0.68 0.68 0.67999992 0.61363214 0.50000765 0.50000582 0.54896802 0.92999999 0.93 0.93 0.93 0.93 0.93 0.93 0.92710106 0.35 0.35 0.35 0.35 0.35 0.35 0.35 0.35 0.35000001 0.34114153 -0.20987391 -0.2099998 -0.21 -0.21 -0.21000036 -0.52962837 -0.62 -0.62 -0.62 -0.62 -0.62 -0.62 -0.62
0.16046575 0.16039601 0.1603413 0.16030025 0.16027222 0.1602577 0.16025931 0.16028418 0.16035072 0.16051024 0.1609315 0.16232238 0.16883317 0.21753146 0.65071159 1.1948401 1.1931707 1.1580553 1.1234074 1.0951692 1.0821312 1.0946737 1.1399325 1.2143403 1.3014696 1.382252 1.4463062 1.4902193 0.53444565 0.50006818 0.92713202 0.93 0.93 0.93 0.93 0.93 0.93 0.92999998 0.35000059 0.35 0.35 0.35 0.35 0.35 0.35 0.35 0.35000001 0.45585816 0.7107205 -0.20991371 -0.20999998 -0.21 -0.21 -0.21 -0.21176484 -0.61999996 -0.62 -0.62 -0.62 -0.62 -0.62 -0.62
0.16016374 0.1601266 0.16009796 0.16007622 0.16006005 0.16004839 0.16004046 0.16003581 0.16003456 0.16003795 0.16005039 0.16008841 0.16023298 0.16110603 0.17213649 0.52485626 2.2985477 2.3599509 2.36 2.36 2.36 2.36 2.36 2.36 2.36 2.36 2.36 2.3599963 2.3575304 1.2410841 1.2155756 0.93000948 0.93 0.93 0.93 0.93 0.92999999 0.86815455 0.35 0.35 0.35 0.35 0.35 0.35 0.35 0.35000005 2.0792724 2.2094352 1.9306502 -0.20989586 -0.21 -0.21 -0.21 -0.21 -0.21000007 -0.61999093 -0.62 -0.62 -0.62 -0.62 -0.62 -0.62
0.16006918 0.16004915 0.16003446 0.16002389 0.16001642 0.16001126 0.16000776 0.16000546 0.160004 0.16000316 0.16000283 0.16000311 0.16000479 0.16001253 0.16007573 0.16167021 0.39156018 2.3525229 2.3599999 2.36 2.36 2.36 2.36 2.36 2.36 2.36 2.36 2.3597424 1.7859007 1.2300129 1.23 1.2299896 0.93500847 0.9300002 0.93000001 0.92999994 0.92961276 0.35264974 0.35 0.35 0.35 0.35 0.35 0.35 0.35001481 2.2099574 2.2099998 2.2099345 2.1174298 -0.20953875 -0.21 -0.21 -0.21 -0.21 -0.21 -0.54809213 -0.62 -0.62 -0.62 -0.62 -0.62 -0.62
0.16003057 0.16001988 0.16001256 0.16000771 0.16000458 0.16000264 0.16000148 0.16000081 0.16000043 0.16000023 0.16000013 0.16000008 0.16000006 0.16000006 0.16000013 0.16000094 0.16005443 0.26085303 2.3598945 2.36 2.36 2.36 2.36 2.36 2.36 2.36 2.3599743 2.154021 1.232051 1.23 1.23 1.23 1.2300188 2.3874952 2.3995702 2.3995941 2.3991364 0.59193024 0.35000057 0.35 0.35 0.35 0.35 0.39585411 2.21 2.21 2.21 2.2099983 2.0715579 -0.17238969 -0.21 -0.21 -0.21 -0.21 -0.21 -0.21000276 -0.62 -0.62 -0.62 -0.62 -0.62 -0.62
0.16001394 0.1600083 0.16000473 0.16000257 0.16000132 0.16000064 0.16000029 0.16000012 0.16000005 0.16000002 0.16000001 0.16 0.16 0.16 0.16 0.16 0.16 0.16000008 0.17922218 2.36 2.36 2.36 2.36 2.36 2.36 2.3599994 1.779393 1.7094192 1.2300042 1.23 1.23 1.23 1.2300011 2.3973704 2.4 2.4 2.4 2.4 2.3999999 2.3742766 0.35051193 0.3500015 2.1627525 2.21 2.21 2.21 2.21 2.21 1.8080698 1.5091565 -0.21 -0.21 -0.21 -0.21 -0.21 -0.21 -0.61999995 -0.62 -0.62 -0.62 -0.62 -0.62
0.16000662 0.16000362 0.16000187 0.1600009 0.1600004 0.16000017 0.16000006 0.16000002 0.16000001 0.16 0.16 0.16 0.16 0.16 0.16 0.16 0.16 0.16 0.16 0.16063068 2.36 2.36 2.36 2.36 2.36 1.7100117 1.71 1.6873202 1.23 1.23 1.23 1.23 1.23 2.3996745 2.4 2.4 2.4 2.4 2.4 2.4 2.4 2.3360547 2.21 2.21 2.21 2.21 2.21 2.21 1.5110773 1.51 -0.21 -0.21 -0.21 -0.21 -0.21 -0.21 -0.47603145 -0.62 -0.62 -0.62 -0.62 -0.61999997
