Interpolating SPI Data/spi_stations/interpolated_spi/1-22_2.tif
NCOLS 257
NROWS 141
XLLCORNER -178.27925
YLLCORNER 5.3153543
DX 0.49934803
DY 0.49997533
NODATA_VALUE -9999
[rows 112 to 139 of 141, columns 186 to 247 of 257]
0.070000004 0.070000001 0.07 0.07 0.07 0.07 0.07 0.07 0.07 0.07 0.07 0.070000002 0.070000017 0.070000127 0.070000939 0.070006373 0.070037908 0.070192372 0.070822408 0.072950661 0.078873851 0.092290347 0.11651701 0.15079138 0.18902841 0.22404221 0.25200054 0.2726397 0.28734692 0.29773619 0.30511597 0.31042092 0.31428699 0.31714079 0.31926915 0.32086704 0.32206891 0.32296896 0.32363429 0.32411342 0.324442 0.32464655 0.32474704 0.32475872 0.32469329 0.32455984 0.32436544 0.32411565 0.32381479 0.32346617 0.32307225 0.32263494 0.32215759 0.32165652 0.32121861 0.32126079 0.32360472 0.33549888 0.38177956 0.52120121 0.78945465 1.070684
0.070000007 0.070000002 0.070000001 0.07 0.07 0.07 0.07 0.07 0.07 0.07 0.070000002 0.070000008 0.07000004 0.07000022 0.070001224 0.070006473 0.070031332 0.070135236 0.070512645 0.071694583 0.07487083 0.082148663 0.096209356 0.11879385 0.14870717 0.18166756 0.21277782 0.23900206 0.25958148 0.27512136 0.28666995 0.2952327 0.30161402 0.3064098 0.3100472 0.31282903 0.31497014 0.31662395 0.31790116 0.31888257 0.31962786 0.32018163 0.32057763 0.32084166 0.32099361 0.32104901 0.32102003 0.32091628 0.32074539 0.32051343 0.32022516 0.31988433 0.31949428 0.31906114 0.31860977 0.31825613 0.31851048 0.32145541 0.33488916 0.38402392 0.52553155 0.79375223
0.070000011 0.070000004 0.070000002 0.070000001 0.07 0.07 0.07 0.07 0.070000001 0.070000002 0.070000006 0.070000022 0.070000088 0.070000382 0.07000168 0.0700072 0.070029101 0.070108333 0.070365685 0.071109274 0.07300997 0.077287631 0.085708634 0.10007779 0.12114249 0.14760311 0.17635314 0.20397693 0.22815659 0.24802599 0.26374428 0.27593731 0.28532616 0.29255599 0.29814594 0.30249317 0.30589441 0.30856945 0.31068097 0.31234994 0.31366689 0.31470018 0.31550189 0.31611205 0.31656171 0.31687516 0.31707156 0.31716611 0.31717097 0.31709587 0.31694866 0.31673563 0.31646193 0.31613259 0.31575736 0.3153721 0.31512895 0.31564989 0.31932012 0.334569 0.38712904 0.53174413
0.070000019 0.070000008 0.070000004 0.070000002 0.070000001 0.070000001 0.070000001 0.070000002 0.070000003 0.070000007 0.070000018 0.070000055 0.070000185 0.070000655 0.070002372 0.070008506 0.070029389 0.070095779 0.070290042 0.070808194 0.072060253 0.074788754 0.080125994 0.089441436 0.10385054 0.12350439 0.14715855 0.17250711 0.197113 0.21922651 0.23803826 0.25347964 0.26589234 0.27576724 0.28359595 0.28980696 0.29474929 0.29869737 0.30186324 0.30440954 0.3064609 0.30811304 0.30943985 0.31049873 0.31133453 0.3119826 0.31247093 0.31282189 0.31305342 0.31318001 0.31321342 0.3131632 0.31303714 0.31284186 0.31258442 0.31227919 0.31197622 0.3118726 0.31272343 0.31726151 0.33462251 0.39115367
0.070000034 0.070000017 0.070000009 0.070000006 0.070000004 0.070000004 0.070000004 0.070000006 0.07000001 0.070000021 0.070000049 0.070000128 0.070000365 0.070001097 0.070003385 0.070010445 0.070031502 0.070091197 0.070249932 0.070642118 0.071536636 0.073411416 0.07700749 0.083292704 0.093252832 0.10749749 0.12584185 0.14716577 0.16972714 0.19175064 0.21191502 0.22952237 0.24440314 0.2567209 0.26679607 0.27498961 0.28164161 0.28704615 0.29144602 0.29503666 0.29797325 0.30037829 0.3023483 0.30395948 0.30527214 0.30633429 0.30718427 0.30785291 0.30836512 0.30874114 0.30899745 0.30914758 0.30920262 0.30917179 0.30906321 0.30888635 0.30866157 0.30845713 0.30852562 0.30977971 0.31534731 0.33513891
0.07000006 0.070000034 0.070000021 0.070000015 0.070000012 0.070000011 0.070000013 0.070000019 0.07000003 0.070000056 0.070000118 0.070000274 0.070000684 0.070001793 0.070004837 0.070013131 0.070035208 0.07009178 0.070229719 0.070546952 0.07123065 0.072605019 0.075172147 0.079611555 0.086692211 0.097068447 0.11099993 0.12813052 0.14748592 0.16773131 0.18754935 0.20593653 0.22231325 0.23647712 0.24848612 0.25854145 0.26690116 0.27382771 0.2795614 0.28431004 0.28824752 0.2915166 0.29423324 0.29649112 0.29836585 0.29991845 0.30119828 0.30224543 0.30309252 0.30376627 0.30428861 0.30467762 0.30494824 0.3051129 0.30518209 0.30516548 0.30507545 0.30494014 0.30485103 0.30512869 0.30687083 0.31365009
0.070000106 0.070000066 0.070000045 0.070000035 0.07000003 0.070000031 0.070000036 0.07000005 0.070000077 0.070000135 0.07000026 0.070000544 0.070001218 0.070002853 0.070006873 0.070016728 0.070040503 0.070096242 0.070221962 0.070492573 0.071045032 0.072109769 0.074039825 0.077319814 0.082529042 0.090236568 0.10083242 0.11434761 0.13035488 0.14802379 0.16631951 0.18424866 0.20104274 0.21622896 0.22960605 0.24117275 0.2510501 0.25941895 0.26647797 0.27241929 0.27741647 0.28162018 0.2851581 0.28813679 0.29064448 0.29275387 0.29452476 0.29600636 0.29723921 0.29825679 0.29908683 0.29975236 0.30027253 0.30066338 0.30093838 0.30110914 0.30118699 0.30118791 0.30115011 0.30119441 0.30172405 0.3040521
0.070000185 0.070000126 0.070000094 0.070000077 0.070000071 0.070000075 0.070000089 0.070000119 0.070000178 0.070000293 0.070000526 0.070001016 0.070002074 0.070004419 0.070009671 0.070021438 0.070047504 0.070104019 0.070222896 0.070463735 0.070930988 0.071795184 0.073313464 0.075839551 0.079808641 0.0856825 0.093850414 0.10450469 0.11753634 0.13250539 0.14871256 0.16534757 0.1816506 0.1970278 0.21109651 0.2236718 0.23472153 0.24431438 0.25257515 0.25965229 0.26569712 0.27085213 0.27524532 0.27898843 0.2821772 0.28489272 0.28720318 0.28916571 0.29082809 0.29223028 0.29340572 0.29438241 0.29518389 0.29582996 0.29633733 0.29672023 0.29699131 0.29716372 0.29725802 0.29732539 0.29752351 0.29835509
0.070000317 0.070000233 0.070000185 0.070000161 0.070000155 0.070000166 0.070000197 0.07000026 0.070000376 0.07000059 0.070000997 0.070001794 0.070003394 0.070006669 0.070013448 0.0700275 0.070056409 0.07011492 0.070230552 0.070452253 0.070862461 0.071591816 0.072833674 0.07485273 0.077979222 0.082579427 0.088997227 0.097472531 0.10805793 0.12056619 0.13457658 0.14950453 0.16470996 0.17960449 0.19372496 0.20676239 0.21855367 0.22905254 0.23829429 0.24636391 0.25337139 0.25943481 0.26466973 0.26918341 0.27307208 0.27642025 0.27930105 0.28177721 0.28390218 0.28572139 0.28727337 0.28859076 0.28970127 0.29062841 0.29139217 0.29200959 0.29249545 0.29286331 0.2931285 0.2933175 0.29349817 0.29387392
0.070000533 0.070000416 0.070000349 0.070000317 0.070000315 0.070000342 0.070000406 0.070000526 0.070000737 0.070001111 0.070001783 0.070003021 0.070005352 0.070009817 0.070018452 0.070035191 0.070067474 0.070128966 0.070243906 0.070453534 0.070824791 0.071460739 0.072510934 0.074178274 0.076717183 0.080417228 0.085567978 0.092406227 0.10105532 0.11147473 0.12344012 0.13656582 0.15036508 0.16432837 0.17799496 0.19100049 0.20309522 0.21413857 0.22407965 0.23293301 0.24075577 0.24762908 0.25364452 0.25889514 0.26346992 0.26745082 0.27091145 0.27391683 0.27652374 0.2787814 0.28073226 0.2824128 0.28385436 0.28508381 0.2861242 0.28699534 0.28771432 0.28829624 0.28875564 0.28911057 0.28939519 0.28969863
0.070000877 0.070000721 0.070000631 0.070000593 0.070000602 0.07000066 0.070000781 0.070000996 0.070001359 0.070001973 0.070003029 0.070004876 0.070008168 0.070014119 0.070024971 0.07004482 0.070080996 0.070146308 0.070262462 0.07046493 0.070809365 0.071379126 0.072292777 0.073709351 0.075828162 0.078879393 0.083102398 0.088711343 0.095852535 0.10456326 0.11474512 0.12616296 0.13847237 0.15126883 0.16414381 0.17673305 0.18874749 0.19998476 0.21032526 0.21971868 0.22816707 0.23570827 0.24240199 0.24831913 0.25353427 0.2581208 0.26214795 0.26567922 0.2687718 0.27147649 0.27383801 0.27589547 0.27768297 0.27923009 0.28056252 0.28170251 0.28266939 0.28348007 0.28414987 0.28469446 0.28513542 0.28551693
0.070001412 0.070001208 0.070001095 0.070001056 0.07000109 0.070001202 0.070001416 0.070001779 0.07000237 0.070003333 0.070004922 0.070007581 0.070012098 0.070019866 0.070033328 0.070056728 0.070097311 0.070167182 0.070286033 0.070484897 0.070810953 0.071333064 0.07214726 0.073380725 0.075192214 0.077766442 0.081300289 0.085980076 0.09195182 0.099289724 0.10797091 0.1178646 0.1287407 0.14029683 0.15219693 0.16411134 0.17574954 0.1868804 0.19733939 0.20702547 0.2158916 0.22393258 0.23117304 0.2376569 0.24343904 0.24857916 0.25313757 0.25717245 0.26073824 0.26388481 0.26665721 0.26909566 0.27123583 0.27310916 0.2747433 0.27616248 0.27738792 0.27843823 0.27933 0.28007876 0.28070165 0.28122493
0.070002218 0.070001963 0.070001829 0.070001801 0.07000188 0.070002081 0.070002439 0.07000302 0.070003939 0.070005388 0.070007692 0.0700114 0.070017442 0.070027389 0.070043877 0.070071285 0.070116782 0.070191879 0.070314627 0.070512548 0.070826297 0.071313789 0.072054259 0.073151262 0.074733253 0.076950104 0.079964062 0.083934419 0.088996683 0.095239097 0.10268133 0.11126101 0.12083257 0.13117997 0.14204069 0.15313533 0.1641963 0.17499008 0.18533052 0.19508332 0.20416344 0.21252826 0.22016872 0.22710044 0.23335575 0.23897722 0.24401267 0.2485116 0.25252276 0.25609262 0.25926443 0.26207786 0.26456881 0.26676953 0.26870878 0.27041211 0.27190215 0.27319892 0.27432022 0.27528222 0.2761008 0.2767951
0.070003404 0.070003097 0.07000295 0.070002952 0.070003108 0.070003444 0.070004013 0.070004907 0.070006279 0.070008379 0.070011613 0.070016641 0.070024541 0.070037057 0.070057005 0.070088888 0.070139799 0.070220733 0.070348373 0.070547405 0.070853339 0.071315631 0.072000715 0.072994259 0.07440172 0.076346093 0.078961794 0.082384093 0.086734364 0.092102731 0.098531016 0.10599973 0.11442267 0.12365117 0.13348769 0.14370597 0.15407345 0.1643717 0.17441165 0.18404242 0.1931539 0.20167465 0.20956679 0.21681949 0.22344227 0.22945902 0.23490286 0.23981215 0.24422756 0.2481899 0.25173871 0.25491139 0.2577427 0.26026449 0.26250574 0.26449255 0.26624837 0.26779415 0.26914866 0.27032879 0.27135035 0.27222981
0.070005104 0.07000475 0.070004607 0.070004666 0.070004944 0.070005479 0.070006346 0.070007668 0.070009646 0.070012592 0.070017002 0.070023654 0.07003377 0.070049266 0.070073126 0.070109953 0.070166767 0.070254105 0.070387483 0.070589249 0.070890774 0.071334843 0.071977934 0.072891917 0.074164523 0.075897815 0.078203929 0.081197619 0.084985665 0.08965403 0.095254521 0.10179343 0.10922475 0.11744986 0.12632434 0.13567078 0.14529508 0.15500332 0.16461628 0.17397992 0.18297113 0.19149929 0.1995044 0.20695321 0.21383438 0.22015338 0.22592789 0.2311838 0.23595202 0.240266 0.2441599 0.24766737 0.25082066 0.25365012 0.25618393 0.25844795 0.26046578 0.26225878 0.26384627 0.2652457 0.26647312 0.26754409
0.070007486 0.070007097 0.070006982 0.07000714 0.070007598 0.070008413 0.070009685 0.070011577 0.07001434 0.070018358 0.07002422 0.070032825 0.070045542 0.070064447 0.070092675 0.070134917 0.07019811 0.070292375 0.07043222 0.070638029 0.070937783 0.071368906 0.071979993 0.072832088 0.073999051 0.075566469 0.077628605 0.080283016 0.083622833 0.087727181 0.092650853 0.098414842 0.10499956 0.11234236 0.1203402 0.12885721 0.13773601 0.14681061 0.15591893 0.16491322 0.17366722 0.18207995 0.19007648 0.19760639 0.20464076 0.21116847 0.21719231 0.22272543 0.22778821 0.23240561 0.23660526 0.24041579 0.24386583 0.24698317 0.24979426 0.25232396 0.25459529 0.25662946 0.25844588 0.26006225 0.2614948 0.26275881
0.070010748 0.070010347 0.070010297 0.070010608 0.070011321 0.070012516 0.070014325 0.070016952 0.070020705 0.070026047 0.070033664 0.070044577 0.070060296 0.070083049 0.070116107 0.070164227 0.070234258 0.070335937 0.070482883 0.070693806 0.070993866 0.07141611 0.072002785 0.072806309 0.07388953 0.075324924 0.077192342 0.079575044 0.082553974 0.086200552 0.090568685 0.095687056 0.10155298 0.10812904 0.1153434 0.12309393 0.13125558 0.13968992 0.14825521 0.15681571 0.16524903 0.17345112 0.18133872 0.18884963 0.19594142 0.20258908 0.20878211 0.2145216 0.21981736 0.22468553 0.2291464 0.23322284 0.23693893 0.24031905 0.24338713 0.24616624 0.24867823 0.25094357 0.25298128 0.25480892 0.25644268 0.25789766
0.070015124 0.070014744 0.07001481 0.070015343 0.070016405 0.070018102 0.070020599 0.07002415 0.070029126 0.07003607 0.070045768 0.070059361 0.070078498 0.070105545 0.07014389 0.070198339 0.070275647 0.070385188 0.07053979 0.070756715 0.071058742 0.071475286 0.072043415 0.072808567 0.073824737 0.075153852 0.076864064 0.079026768 0.081712287 0.08498439 0.088894091 0.093473435 0.09873018 0.10464428 0.11116695 0.11822253 0.12571319 0.13352559 0.1415387 0.14963158 0.15769022 0.16561286 0.17331331 0.18072255 0.18778879 0.19447625 0.20076337 0.20664052 0.21210768 0.21717225 0.22184708 0.22614877 0.23009634 0.23371008 0.23701079 0.24001913 0.24275519 0.24523817 0.24748625 0.24951645 0.25134463 0.25298562
0.070020883 0.07002057 0.070020816 0.070021659 0.070023182 0.070025521 0.070028882 0.070033571 0.070040024 0.070048869 0.070060993 0.070077655 0.070100631 0.070132417 0.070176499 0.070237715 0.070322713 0.070440528 0.070603272 0.070826939 0.07113227 0.071545636 0.072099813 0.072834523 0.073796553 0.075039251 0.076621201 0.07860394 0.081048649 0.084011939 0.087541008 0.091668656 0.096408792 0.10175311 0.10766955 0.11410286 0.12097733 0.12820141 0.13567349 0.14328819 0.15094232 0.15853989 0.16599592 0.17323869 0.18021076 0.1868688 0.19318262 0.19913367 0.20471325 0.20992069 0.21476161 0.21924633 0.2233885 0.22720401 0.23071005 0.23392439 0.23686488 0.23954903 0.24199374 0.24421512 0.2462284 0.24804791
0.070028323 0.07002814 0.070028648 0.070029905 0.07003202 0.070035163 0.070039585 0.070045646 0.070053852 0.070064916 0.070079825 0.070099953 0.070127193 0.070164156 0.070214412 0.070282812 0.070375889 0.070502351 0.070673661 0.070904688 0.071214414 0.071626618 0.072170484 0.072880996 0.073799004 0.07497081 0.076447112 0.078281225 0.08052651 0.083233092 0.086444049 0.090191416 0.094492439 0.099346586 0.10473379 0.11061426 0.11692993 0.12360755 0.13056284 0.13770544 0.14494386 0.15218997 0.15936277 0.16639101 0.17321477 0.17978603 0.18606843 0.19203643 0.1976741 0.20297368 0.20793414 0.21255978 0.21685896 0.22084299 0.22452521 0.22792021 0.23104326 0.23390979 0.23653509 0.23893403 0.24112091 0.24310935
0.070037778 0.070037802 0.07003867 0.070040464 0.070043322 0.070047451 0.070053149 0.070060835 0.070071088 0.070084703 0.070102768 0.07012676 0.070158687 0.070201257 0.070258106 0.070334083 0.070435598 0.070571045 0.070751286 0.070990191 0.071305198 0.071717868 0.072254338 0.072945622 0.073827632 0.074940825 0.076329349 0.078039632 0.080118357 0.082609876 0.085553188 0.088978723 0.092905243 0.097337227 0.10226312 0.10765472 0.11346782 0.11964419 0.12611454 0.13280227 0.13962745 0.14651078 0.15337696 0.16015744 0.16679226 0.17323117 0.17943385 0.18536971 0.19101709 0.19636233 0.20139857 0.2061246 0.21054376 0.21466288 0.21849138 0.22204054 0.22532279 0.22835128 0.2311394 0.23370051 0.23604772 0.23819373
0.070049609 0.070049932 0.070051276 0.070053748 0.070057518 0.070062833 0.070070042 0.070079624 0.07009223 0.070108739 0.070130332 0.07015859 0.070195618 0.07024421 0.07030805 0.070391971 0.070502252 0.070646982 0.070836469 0.071083679 0.071404694 0.071819146 0.072350571 0.073026622 0.073879063 0.074943458 0.076258474 0.077864741 0.079803238 0.082113228 0.08482985 0.087981511 0.091587333 0.095654905 0.10017864 0.10513893 0.11050238 0.1162229 0.12224385 0.1285008 0.13492473 0.14144525 0.14799368 0.15450559 0.16092283 0.1671948 0.17327914 0.17914193 0.18475732 0.19010693 0.19517902 0.19996758 0.20447137 0.20869299 0.21263808 0.21631457 0.21973199 0.22290104 0.22583303 0.22853964 0.23103258 0.23332342
0.0700642 0.070064934 0.070066887 0.070070194 0.070075062 0.070081781 0.070090751 0.070102512 0.070117788 0.07013754 0.070163037 0.070195955 0.070238485 0.070293495 0.070364702 0.070456904 0.070576246 0.070730521 0.070929517 0.071185382 0.071512994 0.0719303 0.072458587 0.073122641 0.073950708 0.074974226 0.07622724 0.077745473 0.079565019 0.081720684 0.084244044 0.087161325 0.090491295 0.094243346 0.098416009 0.10299606 0.1079584 0.11326669 0.11887479 0.12472882 0.1307696 0.13693535 0.14316427 0.1493969 0.15557804 0.16165822 0.16759458 0.17335135 0.17889985 0.18421818 0.18929072 0.19410739 0.19866294 0.20295616 0.20698914 0.21076655 0.21429511 0.21758297 0.2206393 0.22347394 0.22609706 0.22851896
0.070081959 0.070083231 0.070085941 0.070090259 0.070096427 0.070104781 0.070115774 0.070130009 0.070148279 0.070171623 0.070201397 0.070239359 0.070287779 0.07034958 0.070428501 0.070529293 0.070657956 0.070821997 0.07103072 0.071295525 0.071630208 0.072051234 0.072577937 0.07323263 0.074040557 0.075029645 0.076230015 0.077673213 0.07939114 0.081414709 0.083772257 0.086487823 0.089579394 0.093057287 0.096922825 0.10116747 0.10577248 0.11070929 0.1159404 0.12142087 0.12710025 0.13292472 0.13883924 0.14478965 0.15072447 0.15659635 0.16236308 0.16798827 0.17344159 0.17869871 0.18374106 0.18855531 0.19313283 0.19746904 0.20156281 0.20541584 0.20903206 0.21241718 0.21557821 0.21852307 0.22126032 0.22379888
0.070103306 0.070105259 0.070108894 0.070114412 0.070122097 0.070132331 0.070145619 0.070162628 0.070184218 0.070211504 0.070245919 0.070289297 0.070343974 0.070412916 0.070499868 0.070609524 0.070747735 0.070921728 0.07114035 0.071414314 0.071756447 0.072181893 0.072708278 0.07335577 0.074147027 0.07510697 0.076262367 0.077641187 0.079271724 0.081181485 0.083395899 0.085936892 0.088821438 0.092060188 0.095656313 0.099604673 0.10389143 0.10849412 0.11338231 0.1185186 0.12386013 0.12936022 0.13497024 0.14064136 0.14632617 0.15198009 0.15756241 0.16303707 0.16837304 0.17354454 0.1785309 0.18331629 0.18788933 0.19224261 0.19637219 0.20027704 0.20395853 0.20742004 0.21066644 0.21370379 0.21653897 0.21917946
0.070128675 0.070131469 0.070136208 0.070143131 0.070152561 0.070164928 0.070180792 0.070200878 0.070226115 0.070257687 0.070297096 0.070346244 0.070407523 0.07048393 0.0705792 0.070697962 0.070845912 0.071030004 0.071258654 0.071541944 0.071891817 0.072322245 0.072849343 0.073491408 0.074268855 0.075204014 0.076320769 0.077644014 0.079198921 0.081010023 0.083100146 0.08548923 0.088193126 0.091222429 0.094581479 0.098267601 0.10227067 0.10657308 0.1111501 0.11597064 0.12099831 0.12619283 0.13151142 0.13691038 0.1423465 0.14777831 0.15316717 0.15847803 0.16367999 0.16874655 0.17365571 0.17838985 0.18293547 0.18728285 0.19142561 0.19536036 0.19908617 0.20260423 0.2059174 0.20902991 0.211947 0.2146747
0.070158504 0.070162312 0.070168349 0.070176892 0.070188306 0.070203068 0.070221792 0.070245261 0.070274467 0.070310657 0.070355401 0.070410655 0.070478857 0.070563021 0.070666865 0.070794941 0.070952786 0.071147088 0.071385855 0.071678584 0.072036416 0.072472269 0.073000917 0.073639014 0.074405019 0.075319013 0.076402385 0.07767737 0.079166432 0.0808915 0.082873081 0.085129276 0.087674775 0.090519873 0.093669602 0.097123044 0.10087291 0.10490539 0.1092004 0.11373205 0.11846951 0.12337803 0.12842016 0.13355699 0.13874941 0.14395924 0.14915023 0.15428885 0.15934487 0.16429174 0.16910679 0.1737712 0.17826991 0.18259136 0.18672723 0.19067206 0.19442292 0.197979 0.20134133 0.2045124 0.20749585 0.21029629
0.070193232 0.070198241 0.070205782 0.07021617 0.070229814 0.070247238 0.070269107 0.070296262 0.070329751 0.070370883 0.070421283 0.070482958 0.070558376 0.070650563 0.070763204 0.070900766 0.071068627 0.071273215 0.07152215 0.071824385 0.072190329 0.072631948 0.073162822 0.073798151 0.074554678 0.075450522 0.076504904 0.077737746 0.079169153 0.080818773 0.082705045 0.084844387 0.087250345 0.089932758 0.092897012 0.096143432 0.099666865 0.10345651 0.107496 0.11176379 0.11623371 0.12087585 0.12565746 0.13054403 0.13550036 0.14049156 0.14548393 0.15044579 0.155348 0.16016447 0.16487233 0.16945211 0.17388769 0.17816616 0.18227761 0.18621491 0.18997338 0.19355049 0.19694557 0.20015951 0.20319448 0.20605369
