Interpolating SPI Data/spi_stations/interpolated_spi/1-22_1.tif
NCOLS 257
NROWS 141
XLLCORNER -178.27925
YLLCORNER 5.3153543
DX 0.49934803
DY 0.49997533
NODATA_VALUE -9999
[rows 108 to 134 of 141, columns 62 to 123 of 257]
-1.5628452 -1.5707594 -1.5787785 -1.5867809 -1.5946328 -1.6021966 -1.60934 -1.6159467 -1.6219243 -1.6272111 -1.6317783 -1.6356291 -1.6387941 -1.6413251 -1.6432873 -1.6447519 -1.645789 -1.6464627 -1.6468264 -1.6469194 -1.6467647 -1.6463654 -1.6457011 -1.6447221 -1.6433396 -1.6414113 -1.6387199 -1.6349428 -1.6296162 -1.6221063 -1.6116256 -1.5973751 -1.5789194 -1.556792 -1.5329592 -1.5104418 -1.4919597 -1.4786906 -1.4702022 -1.4652557 -1.4625782 -1.4612122 -1.4605485 -1.460239 -1.4600992 -1.4600365 -1.4600061 -1.4599851 -1.4599579 -1.4599025 -1.4597681 -1.4594116 -1.4583976 -1.455331 -1.4456173 -1.4148135 -1.3290994 -1.1724367 -1.0332485 -0.97008262 -0.94589541 -0.92411707
-1.5732768 -1.5808905 -1.5884648 -1.5958829 -1.6030254 -1.609778 -1.6160399 -1.6217301 -1.6267926 -1.631199 -1.6349474 -1.6380596 -1.6405762 -1.6425502 -1.6440412 -1.6451092 -1.6458097 -1.6461895 -1.6462836 -1.6461118 -1.6456756 -1.6449548 -1.6439009 -1.6424299 -1.6404093 -1.6376411 -1.633839 -1.6286023 -1.6213989 -1.6115824 -1.5984992 -1.5817541 -1.5616408 -1.5395312 -1.5177685 -1.4988218 -1.4842223 -1.4741461 -1.4678066 -1.4641058 -1.4620716 -1.4610074 -1.460473 -1.4602133 -1.4600895 -1.4600288 -1.4599933 -1.4599602 -1.4599074 -1.4597961 -1.4595324 -1.4588615 -1.457051 -1.4519173 -1.4369393 -1.3945179 -1.2940647 -1.1419242 -1.0218405 -0.96574454 -0.93883605 -0.90770545
-1.5827549 -1.5899335 -1.596954 -1.6037124 -1.6101094 -1.6160569 -1.6214832 -1.6263375 -1.6305914 -1.6342394 -1.637296 -1.6397922 -1.6417709 -1.6432811 -1.6443737 -1.6450962 -1.6454895 -1.6455838 -1.6453959 -1.644926 -1.6441537 -1.6430327 -1.6414839 -1.6393852 -1.6365571 -1.6327462 -1.6276067 -1.6206902 -1.6114632 -1.5993882 -1.5841146 -1.5657875 -1.545358 -1.5246085 -1.5056584 -1.4901494 -1.4787017 -1.4709809 -1.4661501 -1.4633071 -1.4617155 -1.4608608 -1.4604171 -1.460192 -1.4600776 -1.4600144 -1.4599678 -1.4599117 -1.4598125 -1.4596025 -1.4591192 -1.4579396 -1.4549162 -1.446871 -1.4252534 -1.3706157 -1.2597279 -1.1164379 -1.0118748 -0.95991756 -0.928451 -0.88638447
-1.5912128 -1.5978681 -1.6042751 -1.6103469 -1.6160061 -1.6211888 -1.6258484 -1.6299572 -1.6335063 -1.6365045 -1.6389748 -1.6409512 -1.6424738 -1.643585 -1.6443251 -1.6447292 -1.6448229 -1.6446204 -1.6441202 -1.6433021 -1.6421223 -1.6405071 -1.6383442 -1.6354722 -1.6316674 -1.6266312 -1.6199848 -1.6112854 -1.6000888 -1.5860882 -1.5693376 -1.5504932 -1.5308939 -1.5122921 -1.4962765 -1.48374 -1.474739 -1.4687386 -1.4649778 -1.4627376 -1.4614581 -1.4607522 -1.4603727 -1.4601708 -1.4600594 -1.4599873 -1.4599201 -1.4598238 -1.459645 -1.4592714 -1.458438 -1.4564863 -1.4517304 -1.4398484 -1.4104574 -1.3441219 -1.2274298 -1.0949 -1.0023372 -0.95200931 -0.91436533 -0.86104306
-1.5986435 -1.6047278 -1.610501 -1.6158945 -1.6208511 -1.6253279 -1.6292977 -1.6327492 -1.6356865 -1.6381258 -1.6400936 -1.6416221 -1.6427462 -1.6434997 -1.643912 -1.6440047 -1.643789 -1.6432623 -1.6424047 -1.6411749 -1.6395045 -1.6372913 -1.6343904 -1.630605 -1.6256771 -1.6192861 -1.6110626 -1.6006377 -1.5877449 -1.5723837 -1.5550046 -1.5366055 -1.5185995 -1.5024285 -1.4891112 -1.4790016 -1.4718617 -1.4671201 -1.464129 -1.4623211 -1.4612662 -1.4606676 -1.4603334 -1.4601448 -1.4600291 -1.459939 -1.4598362 -1.4596731 -1.4593657 -1.4587357 -1.4573753 -1.4543169 -1.447227 -1.4305941 -1.3927276 -1.3161944 -1.1977914 -1.0761719 -0.99239389 -0.94156358 -0.89665131 -0.83322797
-1.605083 -1.6105808 -1.6157283 -1.6204741 -1.6247783 -1.6286145 -1.6319697 -1.6348437 -1.6372475 -1.6392009 -1.6407293 -1.641861 -1.6426238 -1.643042 -1.6431333 -1.6429063 -1.6423571 -1.6414664 -1.6401953 -1.6384809 -1.6362305 -1.6333148 -1.6295607 -1.6247454 -1.6185967 -1.6108054 -1.6010636 -1.5891409 -1.5750052 -1.5589637 -1.5417569 -1.5245051 -1.5084624 -1.4946644 -1.483662 -1.4754756 -1.4697426 -1.4659295 -1.4635007 -1.4620084 -1.4611178 -1.4605968 -1.4602928 -1.4601079 -1.4599783 -1.4598569 -1.4596962 -1.4594277 -1.4589227 -1.4579113 -1.4557978 -1.4512336 -1.4411647 -1.4189831 -1.3724839 -1.2878883 -1.1708538 -1.0591969 -0.98138575 -0.92835716 -0.87587008 -0.8047136
-1.6105938 -1.6155127 -1.620061 -1.6242018 -1.6279093 -1.6311692 -1.633978 -1.6363422 -1.638276 -1.6397989 -1.6409334 -1.6417018 -1.6421237 -1.6422135 -1.641977 -1.6414094 -1.6404919 -1.6391883 -1.6374408 -1.6351658 -1.6322481 -1.6285358 -1.6238366 -1.6179187 -1.6105224 -1.6013894 -1.5903214 -1.5772687 -1.5624393 -1.546381 -1.5299722 -1.514272 -1.5002622 -1.4886005 -1.4795084 -1.472825 -1.4681573 -1.4650364 -1.4630247 -1.4617664 -1.4609968 -1.4605307 -1.4602436 -1.4600518 -1.4598957 -1.4597236 -1.4594737 -1.4590462 -1.4582512 -1.4566984 -1.4535577 -1.4470408 -1.4333556 -1.4050411 -1.3503009 -1.259994 -1.146282 -1.0430672 -0.96885031 -0.91246546 -0.85296763 -0.77707295
-1.6152525 -1.6196152 -1.6236007 -1.6271839 -1.6303495 -1.6330916 -1.6354126 -1.6373222 -1.6388348 -1.6399676 -1.6407382 -1.6411621 -1.6412501 -1.6410062 -1.6404243 -1.6394863 -1.6381585 -1.6363883 -1.6341003 -1.6311923 -1.6275311 -1.6229507 -1.6172534 -1.6102201 -1.6016336 -1.5913229 -1.5792304 -1.5654947 -1.5505208 -1.5349924 -1.5197859 -1.5057898 -1.4936975 -1.4838701 -1.4763218 -1.4708079 -1.4669518 -1.464353 -1.4626547 -1.4615714 -1.4608904 -1.4604607 -1.4601774 -1.4599657 -1.4597656 -1.4595163 -1.4591342 -1.458477 -1.4572742 -1.4549848 -1.4505023 -1.4415622 -1.4236876 -1.3889356 -1.3267964 -1.2329815 -1.1235513 -1.0270576 -0.95454956 -0.8942664 -0.82906828 -0.75142536
-1.6191394 -1.622977 -1.62644 -1.6295125 -1.6321865 -1.6344615 -1.6363428 -1.6378408 -1.638968 -1.6397378 -1.640162 -1.6402484 -1.6399989 -1.6394068 -1.6384543 -1.6371104 -1.6353272 -1.6330369 -1.6301491 -1.6265471 -1.6220876 -1.6166016 -1.6099037 -1.6018106 -1.5921749 -1.5809367 -1.5681863 -1.5542229 -1.5395764 -1.524962 -1.511158 -1.4988438 -1.488463 -1.4801679 -1.4738546 -1.4692521 -1.4660191 -1.4638184 -1.4623578 -1.4614054 -1.4607872 -1.4603771 -1.4600834 -1.4598352 -1.4595681 -1.4592062 -1.4586358 -1.4576589 -1.4559043 -1.4526508 -1.446483 -1.4346564 -1.4121352 -1.3709414 -1.302532 -1.2070296 -1.1020878 -1.0106442 -0.93848168 -0.87437561 -0.80525305 -0.72839072
-1.6223327 -1.6256795 -1.6286602 -1.6312653 -1.6334916 -1.6353414 -1.6368209 -1.6379391 -1.6387055 -1.6391286 -1.6392135 -1.6389604 -1.6383617 -1.6374006 -1.6360481 -1.6342608 -1.6319781 -1.6291198 -1.6255841 -1.6212469 -1.6159638 -1.6095773 -1.6019322 -1.5929016 -1.5824263 -1.5705633 -1.5575336 -1.543747 -1.5297812 -1.5163029 -1.5039461 -1.4931904 -1.4842865 -1.477252 -1.4719236 -1.4680341 -1.4652836 -1.4633889 -1.4621092 -1.4612534 -1.4606762 -1.4602689 -1.4599481 -1.4596425 -1.4592781 -1.4587577 -1.4579284 -1.4565222 -1.4540466 -1.4495755 -1.4413667 -1.426229 -1.3987565 -1.3513917 -1.2779488 -1.182101 -1.0813648 -0.99351286 -0.92086272 -0.85353445 -0.78239942 -0.70817764
-1.6249041 -1.6277944 -1.6303301 -1.6325058 -1.6343211 -1.635779 -1.6368852 -1.6376459 -1.6380667 -1.6381505 -1.6378956 -1.6372941 -1.6363296 -1.6349755 -1.6331923 -1.6309259 -1.6281054 -1.624642 -1.6204282 -1.6153402 -1.6092441 -1.602008 -1.5935226 -1.5837314 -1.5726685 -1.5604969 -1.5475332 -1.5342414 -1.5211831 -1.5089302 -1.4979638 -1.4885963 -1.4809414 -1.4749361 -1.4703935 -1.4670649 -1.4646905 -1.4630321 -1.4618892 -1.4611017 -1.4605452 -1.4601231 -1.4597552 -1.4593655 -1.4588654 -1.4581296 -1.4569553 -1.4549906 -1.4516029 -1.4456432 -1.4350439 -1.4162377 -1.383679 -1.330628 -1.2533451 -1.1580309 -1.0609605 -0.97555081 -0.90207679 -0.83248831 -0.76111189 -0.69071697
-1.6269173 -1.6293834 -1.631507 -1.6332854 -1.6347191 -1.6358108 -1.6365639 -1.6369815 -1.6370643 -1.6368094 -1.6362084 -1.6352455 -1.6338961 -1.6321243 -1.6298821 -1.6271068 -1.6237206 -1.6196306 -1.6147306 -1.6089064 -1.6020455 -1.5940539 -1.5848787 -1.5745383 -1.5631529 -1.5509672 -1.5383521 -1.5257755 -1.5137407 -1.5027072 -1.4930179 -1.4848565 -1.4782457 -1.473078 -1.469164 -1.466279 -1.464199 -1.4627227 -1.461681 -1.4609369 -1.4603812 -1.4599241 -1.4594848 -1.4589779 -1.4582948 -1.4572743 -1.4556538 -1.4529834 -1.4484758 -1.4407502 -1.4274356 -1.4046922 -1.3670773 -1.308961 -1.2288873 -1.1346057 -1.0405886 -0.95682192 -0.88260545 -0.81188923 -0.74172924 -0.67578348
-1.6284273 -1.6304979 -1.6322376 -1.6336449 -1.6347199 -1.6354638 -1.6358774 -1.6359596 -1.6357065 -1.635109 -1.6341522 -1.6328131 -1.6310595 -1.6288483 -1.6261242 -1.6228194 -1.6188534 -1.6141347 -1.6085659 -1.602051 -1.5945086 -1.5858904 -1.576204 -1.5655379 -1.5540813 -1.5421302 -1.530071 -1.5183392 -1.5073586 -1.4974789 -1.4889289 -1.4817994 -1.4760555 -1.4715695 -1.4681599 -1.4656268 -1.4637773 -1.4624397 -1.4614687 -1.4607449 -1.4601689 -1.4596537 -1.4591135 -1.4584492 -1.4575262 -1.4561398 -1.4539574 -1.4504192 -1.4445729 -1.4348093 -1.4184963 -1.3916468 -1.3491488 -1.2866474 -1.2046435 -1.1116243 -1.0201037 -0.93752567 -0.8629533 -0.79224024 -0.72437527 -0.66308438
-1.629481 -1.6311807 -1.6325598 -1.6336165 -1.6343499 -1.6347589 -1.634841 -1.6345911 -1.634 -1.6330532 -1.6317296 -1.6299999 -1.6278257 -1.6251582 -1.6219382 -1.6180956 -1.6135522 -1.6082241 -1.6020293 -1.5948976 -1.586785 -1.5776921 -1.5676839 -1.5569068 -1.5455967 -1.5340712 -1.522702 -1.5118705 -1.5019164 -1.4930926 -1.4855397 -1.4792845 -1.4742586 -1.4703278 -1.4673238 -1.4650702 -1.4633998 -1.4621643 -1.461237 -1.4605104 -1.4598911 -1.4592907 -1.4586145 -1.4577449 -1.4565153 -1.4546701 -1.4517972 -1.4472179 -1.4398111 -1.4277541 -1.4082134 -1.3771907 -1.3300931 -1.263885 -1.1806223 -1.0889371 -0.99948917 -0.91794703 -0.84358569 -0.77388065 -0.70902254 -0.65231442
-1.6301177 -1.6314673 -1.6325044 -1.6332262 -1.6336302 -1.6337126 -1.6334673 -1.632885 -1.6319518 -1.6306481 -1.6289474 -1.6268153 -1.6242089 -1.6210761 -1.6173565 -1.6129823 -1.6078817 -1.6019845 -1.5952298 -1.5875781 -1.5790253 -1.569619 -1.5594727 -1.5487745 -1.5377844 -1.5268168 -1.5162087 -1.5062787 -1.4972874 -1.4894084 -1.4827174 -1.477199 -1.4727668 -1.4692886 -1.4666111 -1.4645783 -1.4630444 -1.4618793 -1.4609699 -1.4602168 -1.4595283 -1.4588111 -1.4579577 -1.4568269 -1.4552147 -1.452807 -1.4491046 -1.4433043 -1.4341195 -1.4195403 -1.3966047 -1.361436 -1.3100978 -1.24082 -1.1568106 -1.0664649 -0.97883128 -0.89840586 -0.82488769 -0.75700048 -0.6955504 -0.64318587
-1.6303704 -1.6313868 -1.6320964 -1.6324951 -1.6325782 -1.6323388 -1.6317676 -1.6308511 -1.6295712 -1.6279037 -1.6258181 -1.6232763 -1.6202328 -1.616635 -1.6124244 -1.6075395 -1.6019197 -1.5955126 -1.5882826 -1.5802228 -1.5713678 -1.5618059 -1.5516872 -1.541224 -1.5306805 -1.5203503 -1.5105251 -1.5014611 -1.4933502 -1.4863039 -1.4803519 -1.4754522 -1.4715107 -1.4684015 -1.4659858 -1.4641253 -1.4626912 -1.4615677 -1.4606508 -1.4598456 -1.4590586 -1.4581881 -1.4571098 -1.4556544 -1.4535745 -1.4504912 -1.445813 -1.4386104 -1.4274416 -1.4101463 -1.3837137 -1.3445079 -1.289332 -1.2175619 -1.1332022 -1.0442015 -0.9582863 -0.87921368 -0.80714571 -0.74166987 -0.68378967 -0.63544205
-1.6302671 -1.6309639 -1.6313572 -1.6314413 -1.631209 -1.6306508 -1.6297537 -1.6285008 -1.6268703 -1.6248347 -1.6223603 -1.6194074 -1.6159301 -1.6118779 -1.6071977 -1.6018376 -1.5957519 -1.5889092 -1.5813008 -1.5729517 -1.5639306 -1.5543574 -1.5444056 -1.5342961 -1.524282 -1.5146256 -1.5055701 -1.4973145 -1.4899943 -1.4836744 -1.4783525 -1.4739713 -1.470435 -1.4676257 -1.465418 -1.4636885 -1.4623218 -1.4612121 -1.4602617 -1.4593764 -1.4584578 -1.4573925 -1.4560353 -1.4541843 -1.4515435 -1.4476646 -1.44186 -1.4330771 -1.4197365 -1.3995718 -1.3696039 -1.3265369 -1.2679463 -1.1942009 -1.1098146 -1.0222036 -0.93804661 -0.86064266 -0.79054744 -0.72787214 -0.67355315 -0.6288611
-1.6298316 -1.6302195 -1.6303051 -1.6300809 -1.6295373 -1.6286618 -1.6274388 -1.6258483 -1.6238656 -1.6214609 -1.6185993 -1.6152409 -1.611342 -1.6068566 -1.6017401 -1.595953 -1.5894671 -1.5822732 -1.574389 -1.5658683 -1.5568069 -1.5473466 -1.5376713 -1.5279981 -1.518559 -1.5095798 -1.5012576 -1.4937415 -1.4871227 -1.4814317 -1.4766452 -1.4726975 -1.4694947 -1.4669275 -1.4648822 -1.4632474 -1.4619178 -1.4607947 -1.4597833 -1.458787 -1.4576997 -1.4563928 -1.4546964 -1.452372 -1.4490706 -1.4442709 -1.4371888 -1.4266563 -1.4109798 -1.3878358 -1.3543542 -1.3076544 -1.2460772 -1.1708223 -1.0866966 -1.000573 -0.91831062 -0.84290821 -0.77519363 -0.71553374 -0.66465459 -0.62325448
-1.6290848 -1.6291724 -1.6289572 -1.6284296 -1.6275777 -1.6263868 -1.6248387 -1.6229112 -1.6205778 -1.6178079 -1.6145666 -1.6108159 -1.6065162 -1.6016289 -1.5961198 -1.5899639 -1.5831518 -1.5756959 -1.5676382 -1.5590557 -1.5500642 -1.5408168 -1.5314983 -1.5223121 -1.5134639 -1.5051426 -1.4975031 -1.4906538 -1.4846514 -1.4795019 -1.4751687 -1.4715823 -1.4686525 -1.4662782 -1.4643555 -1.4627824 -1.4614611 -1.4602968 -1.4591947 -1.4580536 -1.4567563 -1.4551557 -1.4530542 -1.4501726 -1.4461058 -1.4402574 -1.4317499 -1.4193113 -1.4011624 -1.3749745 -1.3380553 -1.2879916 -1.2238533 -1.1475165 -1.0639258 -0.97943709 -0.89925988 -0.82616329 -0.76111532 -0.70454796 -0.65691882 -0.61846247
-1.6280457 -1.6278402 -1.6273298 -1.626503 -1.6253461 -1.6238423 -1.6219717 -1.6197108 -1.6170324 -1.613906 -1.6102988 -1.6061764 -1.6015053 -1.5962559 -1.5904062 -1.5839466 -1.5768861 -1.5692573 -1.5611222 -1.5525756 -1.5437449 -1.5347866 -1.5258779 -1.5172034 -1.5089399 -1.5012418 -1.4942276 -1.487973 -1.4825086 -1.4778234 -1.4738725 -1.4705856 -1.4678769 -1.4656527 -1.4638169 -1.4622748 -1.460933 -1.4596986 -1.4584741 -1.4571507 -1.4555978 -1.4536468 -1.4510689 -1.4475415 -1.4426011 -1.4355764 -1.4255018 -1.4110177 -1.3902911 -1.3610391 -1.3208076 -1.2676796 -1.2014004 -1.1243835 -1.0416012 -0.95892988 -0.88104439 -0.81050128 -0.74829194 -0.69479202 -0.6501859 -0.61434737
-1.626732 -1.6262397 -1.6254393 -1.6243178 -1.6228598 -1.6210474 -1.6188594 -1.616272 -1.6132585 -1.60979 -1.6058369 -1.6013703 -1.5963642 -1.5907992 -1.5846664 -1.5779715 -1.5707405 -1.5630231 -1.5548972 -1.5464686 -1.53787 -1.5292543 -1.5207856 -1.5126267 -1.5049265 -1.497808 -1.4913595 -1.4856307 -1.4806332 -1.4763442 -1.472714 -1.4696732 -1.4671405 -1.4650282 -1.4632465 -1.4617055 -1.4603144 -1.4589793 -1.457598 -1.4560516 -1.4541934 -1.4518307 -1.4487008 -1.4444355 -1.4385117 -1.4301857 -1.4184123 -1.4017635 -1.3783869 -1.3460948 -1.3027193 -1.2468511 -1.1788458 -1.1015324 -1.0198325 -0.93917642 -0.86377547 -0.79596402 -0.73666746 -0.686138 -0.64431055 -0.61078384
-1.6251609 -1.6243878 -1.6233028 -1.6218917 -1.6201382 -1.6180234 -1.6155262 -1.612623 -1.6092888 -1.6054977 -1.6012246 -1.596447 -1.5911477 -1.5853183 -1.5789626 -1.5721008 -1.5647734 -1.5570442 -1.5490014 -1.5407571 -1.5324428 -1.5242032 -1.516186 -1.5085319 -1.5013634 -1.4947763 -1.4888346 -1.4835677 -1.4789731 -1.4750203 -1.471657 -1.4688157 -1.4664187 -1.4643836 -1.462625 -1.4610556 -1.4595854 -1.4581173 -1.456542 -1.4547286 -1.4525115 -1.4496719 -1.445911 -1.4408134 -1.4337969 -1.4240499 -1.4104589 -1.3915492 -1.3654851 -1.3302189 -1.2839062 -1.225641 -1.1563188 -1.0790779 -0.99872954 -0.92028217 -0.84752472 -0.78255174 -0.72616313 -0.6784585 -0.63915756 -0.60764449
-1.6233496 -1.6223018 -1.6209383 -1.6192441 -1.6172023 -1.6147941 -1.6119988 -1.6087944 -1.6051584 -1.6010689 -1.5965063 -1.5914556 -1.5859088 -1.5798682 -1.5733498 -1.5663866 -1.5590309 -1.5513564 -1.5434577 -1.5354477 -1.5274529 -1.5196062 -1.512038 -1.5048671 -1.4981927 -1.4920877 -1.4865962 -1.4817324 -1.4774835 -1.4738139 -1.4706702 -1.4679867 -1.4656892 -1.4636988 -1.4619331 -1.4603059 -1.4587254 -1.4570899 -1.4552808 -1.453153 -1.4505203 -1.4471353 -1.4426618 -1.4366366 -1.4284209 -1.4171411 -1.4016292 -1.3803882 -1.3516343 -1.3135003 -1.2644911 -1.2041867 -1.1339498 -1.0571344 -0.97839287 -0.90232692 -0.83232689 -0.77023301 -0.71668624 -0.67162754 -0.63459249 -0.60477754
-1.6213154 -1.6199998 -1.618365 -1.6163957 -1.6140752 -1.6113851 -1.6083062 -1.6048187 -1.6009036 -1.5965439 -1.5917262 -1.5864431 -1.5806961 -1.5744977 -1.5678746 -1.5608703 -1.5535462 -1.5459821 -1.5382749 -1.5305347 -1.5228798 -1.5154298 -1.5082974 -1.5015814 -1.4953606 -1.4896889 -1.4845946 -1.4800803 -1.4761258 -1.4726922 -1.4697259 -1.4671626 -1.4649309 -1.4629544 -1.4611518 -1.4594365 -1.4577133 -1.4558738 -1.4537886 -1.4512962 -1.4481879 -1.4441866 -1.4389175 -1.4318706 -1.4223536 -1.4094394 -1.3919217 -1.3683065 -1.3368961 -1.2960384 -1.2446026 -1.182627 -1.1118671 -1.0358094 -0.95890682 -0.88536261 -0.81818485 -0.75895296 -0.70813475 -0.66551658 -0.63046601 -0.6019722
-1.6190763 -1.6175007 -1.6156031 -1.6133687 -1.6107811 -1.6078234 -1.6044783 -1.6007292 -1.5965611 -1.5919623 -1.5869261 -1.581453 -1.5755531 -1.5692482 -1.5625743 -1.5555827 -1.5483409 -1.5409318 -1.533451 -1.5260032 -1.5186967 -1.5116369 -1.5049199 -1.4986264 -1.4928177 -1.4875324 -1.482786 -1.4785725 -1.4748664 -1.4716265 -1.4687991 -1.4663215 -1.464124 -1.4621313 -1.460262 -1.4584274 -1.4565275 -1.4544454 -1.452039 -1.4491291 -1.4454832 -1.440793 -1.4346453 -1.426485 -1.4155712 -1.400934 -1.3813459 -1.3553426 -1.3213445 -1.2779422 -1.2243738 -1.1610991 -1.0901927 -1.0151989 -0.94033535 -0.86941392 -0.805075 -0.74863898 -0.70039759 -0.65998496 -0.62658948 -0.59890658
-1.6166508 -1.614824 -1.6126739 -1.6101861 -1.6073454 -1.6041369 -1.6005458 -1.5965591 -1.5921664 -1.5873616 -1.5821448 -1.5765239 -1.5705169 -1.5641536 -1.557477 -1.5505443 -1.5434263 -1.5362059 -1.5289753 -1.5218318 -1.5148725 -1.5081892 -1.5018622 -1.4959568 -1.4905193 -1.4855757 -1.4811319 -1.4771749 -1.4736754 -1.4705907 -1.4678672 -1.465443 -1.4632492 -1.4612105 -1.4592444 -1.4572583 -1.4551458 -1.4527804 -1.4500057 -1.4466235 -1.4423761 -1.4369237 -1.4298155 -1.4204542 -1.4080571 -1.391623 -1.3699227 -1.3415474 -1.3050646 -1.2593282 -1.2039396 -1.1397363 -1.0690388 -0.99538202 -0.92272018 -0.85448047 -0.79295188 -0.73920322 -0.69335006 -0.65486345 -0.62269851 -0.59507361
-1.6140579 -1.6119903 -1.6095993 -1.6068717 -1.6037941 -1.6003537 -1.5965388 -1.5923406 -1.5877533 -1.5827767 -1.577417 -1.5716891 -1.5656179 -1.5592395 -1.5526023 -1.5457668 -1.5388049 -1.5317973 -1.524831 -1.5179947 -1.5113743 -1.5050483 -1.4990833 -1.4935309 -1.4884249 -1.4837812 -1.479598 -1.4758571 -1.4725262 -1.4695614 -1.466909 -1.4645074 -1.4622876 -1.4601734 -1.4580794 -1.4559083 -1.4535461 -1.4508548 -1.4476628 -1.4437516 -1.4388377 -1.4325504 -1.4244025 -1.4137586 -1.3998023 -1.3815147 -1.3576844 -1.3269836 -1.2881518 -1.2403187 -1.1834343 -1.1186639 -1.0485034 -0.97641943 -0.90608064 -0.84053939 -0.78175089 -0.73054124 -0.68684357 -0.64992904 -0.61840163 -0.58968316
