Interpolating SPI Data/spi_stations/interpolated_spi/1-23_1.tif
NCOLS 257
NROWS 141
XLLCORNER -178.27925
YLLCORNER 5.3153543
DX 0.49934803
DY 0.49997533
NODATA_VALUE -9999
[rows 0 to 27 of 141, columns 126 to 188 of 257]
0.59 0.59 0.59 0.59 0.59 0.59 0.58999881 0.58946099 0.37434691 -0.13740045 -0.13999645 -0.14 -0.14 -0.14 -0.14 -0.14 -0.14 -0.13999999 -0.13999961 -0.1399763 -0.13735028 0.30477329 2.5581706 2.5999142 2.5999999 2.6 2.6 2.6 2.6 2.6 2.6 2.6 2.6 2.5998979 2.0924907 1.9800026 1.98 1.98 1.98 1.98 1.98 1.98 1.98 1.98 1.98 1.98 1.98 1.98 1.98 1.98 1.9733405 -1.919122 -1.92 -1.92 -1.92 -1.92 -1.92 -1.92 -1.92 -1.92 -1.92 -1.92 -1.92
0.59 0.59 0.59 0.59 0.59 0.59 0.58999986 0.58989109 0.49228881 -0.13625412 -0.13999733 -0.14 -0.14 -0.14 -0.14 -0.14 -0.14 -0.14 -0.13999999 -0.13999917 -0.1398531 -0.086100147 2.4246434 2.5998497 2.5999999 2.6 2.6 2.6 2.6 2.6 2.6 2.6 2.6 2.5999983 2.4404771 1.9800059 1.98 1.98 1.98 1.98 1.98 1.98 1.98 1.98 1.98 1.98 1.98 1.98 1.98 1.98 1.9793648 -1.9178753 -1.92 -1.92 -1.92 -1.92 -1.92 -1.92 -1.92 -1.92 -1.92 -1.92 -1.92
0.59 0.59 0.59 0.59 0.59 0.59 0.58999999 0.5899831 0.55725199 -0.13393163 -0.13999791 -0.14 -0.14 -0.14 -0.14 -0.14 -0.14 -0.14 -0.14 -0.13999999 -0.13999617 -0.1371098 1.6613993 2.5996211 2.5999999 2.6 2.6 2.6 2.6 2.6 2.6 2.6 2.6 2.6 2.5933131 1.9800246 1.98 1.98 1.98 1.98 1.98 1.98 1.98 1.98 1.98 1.98 1.98 1.98 1.98 1.98 1.9799555 -1.9129094 -1.92 -1.92 -1.92 -1.92 -1.92 -1.92 -1.92 -1.92 -1.92 -1.92 -1.92
0.59 0.59 0.59 0.59 0.59 0.59 0.59 0.58999806 0.58178213 -0.12867585 -0.13999827 -0.14 -0.14 -0.14 -0.14 -0.14 -0.14 -0.14 -0.14 -0.14 -0.13999996 -0.13993751 0.15330629 2.5983861 2.5999999 2.6 2.6 2.6 2.6 2.6 2.6 2.6 2.6 2.6 2.5999318 1.9802325 1.98 1.98 1.98 1.98 1.98 1.98 1.98 1.98 1.98 1.98 1.98 1.98 1.98 1.98 1.9799975 -1.8869621 -1.92 -1.92 -1.92 -1.92 -1.92 -1.92 -1.92 -1.92 -1.92 -1.92 -1.92
0.59 0.59 0.59 0.59 0.59 0.59 0.59 0.58999984 0.58845341 -0.11508648 -0.13999843 -0.14 -0.14 -0.14 -0.14 -0.14 -0.14 -0.14 -0.14 -0.14 -0.14 -0.13999958 -0.13253359 2.5854822 2.5999999 2.6 2.6 2.6 2.6 2.6 2.6 2.6 2.6 2.6 2.5999998 1.9864073 1.98 1.98 1.98 1.98 1.98 1.98 1.98 1.98 1.98 1.98 1.98 1.98 1.98 1.98 1.9799992 -1.7150575 -1.92 -1.92 -1.92 -1.92 -1.92 -1.92 -1.92 -1.92 -1.92 -1.92 -1.92
0.59 0.59 0.59 0.59 0.59 0.59 0.59 0.58999999 0.5897859 -0.074944708 -0.1399984 -0.14 -0.14 -0.14 -0.14 -0.14 -0.14 -0.14 -0.14 -0.14 -0.14 -0.14 -0.13995639 2.2633222 2.5999998 2.6 2.6 2.6 2.6 2.6 2.6 2.6 2.6 2.6 2.6 2.3028642 1.98 1.98 1.98 1.98 1.98 1.98 1.98 1.98 1.98 1.98 1.98 1.98 1.98 1.98 1.9794313 0.31527954 -1.9198754 -1.92 -1.92 -1.92 -1.92 -1.92 -1.92 -1.92 -1.92 -1.92 -1.92
0.59 0.59 0.59 0.59 0.59 0.59 0.59 0.59 0.58997883 0.047986042 -0.13999808 -0.14 -0.14 -0.14 -0.14 -0.14 -0.14 -0.14 -0.14 -0.14 -0.14 -0.14 -0.13999996 0.017588146 2.5999985 2.6 2.6 2.6 2.6 2.6 2.6 2.6 2.6 2.6 2.6 2.598674 1.98 1.98 1.98 1.98 1.98 1.98 1.98 1.98 1.98 1.98 1.98 1.98 1.98 1.9799971 0.76762651 0.45000233 0.16531769 -1.9199957 -1.92 -1.92 -1.92 -1.92 -1.92 -1.92 -1.92 -1.92 -1.92
0.59 0.59 0.59 0.59 0.59 0.59 0.59 0.59 0.58999854 0.31238024 -0.13999717 -0.14 -0.14 -0.14 -0.14 -0.14 -0.14 -0.14 -0.14 -0.14 -0.14 -0.14 -0.14 -0.13981101 2.5999481 2.6 2.6 2.6 2.6 2.6 2.6 2.6 2.6 2.6 2.6 2.5999991 1.9800001 1.98 1.98 1.98 1.98 1.98 1.98 1.98 1.98 1.98 1.98 1.98 1.98 1.7622843 0.4500021 0.45 0.44999986 -0.083080473 -1.9199999 -1.92 -1.92 -1.92 -1.92 -1.92 -1.92 -1.92 -1.92
0.59 0.59 0.59 0.59 0.59 0.59 0.59 0.59 0.58999993 0.52611119 -0.13999458 -0.14 -0.14 -0.14 -0.14 -0.14 -0.14 -0.14 -0.14 -0.14 -0.14 -0.14 -0.14 -0.13999998 2.5841545 2.6 2.6 2.6 2.6 2.6 2.6 2.6 2.6 2.6 2.6 2.6 1.9780177 1.98 1.98 1.98 1.98 1.98 1.98 1.98 1.98 1.98 1.98 1.98 1.9780935 0.45000279 0.45 0.45 0.45 0.44999998 -0.70126165 -1.92 -1.92 -1.92 -1.92 -1.92 -1.92 -1.92 -1.92
0.59 0.59 0.59 0.59 0.59 0.59 0.59 0.59 0.59 0.58214252 -0.13998591 -0.14 -0.14 -0.14 -0.14 -0.14 -0.14 -0.14 -0.14 -0.14 -0.14 -0.14 -0.14 -0.14 -0.037321853 2.6 2.6 2.6 2.6 2.6 2.6 2.6 2.6 2.6 2.6 2.5999764 -0.52997807 -0.37536429 1.9799847 1.98 1.98 1.98 1.98 1.98 1.98 1.98 1.98 1.9799974 0.45001855 0.45 0.45 0.45 0.45 0.45 0.44999999 -1.4746464 -1.92 -1.92 -1.92 -1.92 -1.92 -1.92 -1.92
0.59 0.59 0.59 0.59 0.59 0.59 0.59 0.59 0.59 0.58933699 -0.13994821 -0.14 -0.14 -0.14 -0.14 -0.14 -0.14 -0.14 -0.14 -0.14 -0.14 -0.14 -0.14 -0.14 -0.13999832 2.6 2.6 2.6 2.6 2.6 2.6 2.6 2.6 2.6 2.6 0.64551601 -0.53 -0.53 -0.53 -0.52106455 1.9799998 1.98 1.98 1.98 1.98 1.98 1.98 0.45106666 0.45 0.45 0.45 0.45 0.45 0.45 0.45 0.44999999 -1.8077582 -1.92 -1.92 -1.92 -1.92 -1.92 -1.92
0.59 0.59 0.59 0.59 0.59 0.59 0.59 0.59 0.59 0.58995703 -0.13972661 -0.14 -0.14 -0.14 -0.14 -0.14 -0.14 -0.14 -0.14 -0.14 -0.14 -0.14 -0.14 -0.14 -0.14 2.5998436 2.6 2.6 2.6 2.6 2.6 2.6 2.6 2.6 2.6 -0.52999979 -0.53 -0.53 -0.53 -0.53 -0.53 -0.52784483 1.9799916 1.98 1.98 1.98 0.69064545 0.45 0.45 0.45 0.45 0.45 0.45 0.45 0.45 0.45 0.44999989 -1.8837551 -1.92 -1.92 -1.92 -1.92 -1.8945277
0.59 0.59 0.59 0.59 0.59 0.59 0.59 0.59 0.59 0.58999763 -0.13797219 -0.14 -0.14 -0.14 -0.14 -0.14 -0.14 -0.14 -0.14 -0.14 -0.14 -0.14 -0.14 -0.14 -0.14 0.2566733 2.6 2.6 2.6 2.6 2.6 2.6 2.6 2.6 2.459515 -0.53 -0.53 -0.53 -0.53 -0.53 -0.53 -0.53 -0.53 -0.51439594 1.9767302 1.9406449 0.45 0.45 0.45 0.45 0.45 0.45 0.45 0.45 0.45 0.45 0.45 0.44999697 -1.9002236 -1.92 -1.9199994 -1.6233415 -0.26000025
0.59 0.59 0.59 0.59 0.59 0.59 0.59 0.59 0.59 0.58999987 -0.12054785 -0.14 -0.14 -0.14 -0.14 -0.14 -0.14 -0.14 -0.14 -0.14 -0.14 -0.14 -0.14 -0.14 -0.14 -0.13998671 2.6 2.6 2.6 2.6 2.6 2.6 2.6 2.6 -0.52999323 -0.53 -0.53 -0.53 -0.53 -0.53 -0.53 -0.53 -0.53 -0.53 -0.52999644 0.44998816 0.45 0.45 0.45 0.45 0.45 0.45 0.45 0.45 0.45 0.45 0.45 0.45 0.44991594 -1.9028322 -0.99309205 -0.26000135 -0.26
0.59 0.59 0.59 0.59 0.59 0.59 0.59 0.59 0.59 0.58999999 0.037002815 -0.14 -0.14 -0.14 -0.14 -0.14 -0.14 -0.14 -0.14 -0.14 -0.14 -0.14 -0.14 -0.14 -0.14 -0.13999999 2.5997213 2.6 2.6 2.6 2.6 2.6 2.6 2.5855852 -0.53 -0.53 -0.53 -0.53 -0.53 -0.53 -0.53 -0.53 -0.53 -0.53 -0.53 0.44999444 0.45 0.45 0.45 0.45 0.45 0.45 0.45 0.45 0.45 0.45 0.45 0.45 0.45000016 0.44710144 -0.26000843 -0.26 -0.26
0.59 0.59 0.59 0.59 0.59 0.59 0.59 0.59 0.59 0.59 0.44080653 -0.13999999 -0.14 -0.14 -0.14 -0.14 -0.14 -0.14 -0.14 -0.14 -0.14 -0.14 -0.14 -0.14 -0.14 -0.14006022 -0.59280059 2.5857631 2.5999999 2.6 2.6 2.6 2.5999999 -0.52655818 -0.53 -0.53 -0.53 -0.53 -0.53 -0.53 -0.53 -0.53 -0.53 -0.53 -0.53 0.44999532 0.45 0.45 0.45 0.45 0.45 0.45 0.45 0.45 0.45 0.45 0.45000006 0.45001377 0.45048613 0.45440854 -0.25999991 -0.26 -0.26
0.59 0.59 0.59 0.59 0.59 0.59 0.59 0.59 0.59 0.59 0.57333594 -0.13999978 -0.14 -0.14 -0.14 -0.14 -0.14 -0.14 -0.14 -0.14 -0.14 -0.14 -0.14 -0.14 -0.25535145 -0.59999999 -0.6 -0.6 -0.59999484 0.10536748 2.5996633 2.5999999 2.585835 -0.52999915 -0.53 -0.53 -0.53 -0.53 -0.53 -0.53 -0.53 -0.53 -0.53 -0.53 -0.52999998 0.44999268 0.45 0.45 0.45 0.45 0.45 0.45 0.45 0.45 0.45002383 0.45937693 0.63105182 0.89113652 0.98568562 1.0152078 -0.25999022 -0.26 -0.26
0.59 0.59 0.59 0.59 0.59 0.59 0.59 0.59 0.59 0.59 0.58806771 -0.13999638 -0.14000005 -0.14 -0.14 -0.14 -0.14 -0.14 -0.14 -0.14 -0.14 -0.14 -0.14000135 -0.599977 -0.6 -0.6 -0.6 -0.6 -0.6 -0.6 -0.59999978 -0.59047828 -0.34321462 -0.52999999 -0.53 -0.53 -0.53 -0.53 -0.53 -0.53 -0.53 -0.53 -0.53 -0.53 -0.52999973 0.45146514 0.45161574 0.45312602 0.47121533 0.92499244 1.0599731 1.06 1.06 1.06 1.06 1.06 1.0599999 1.0599991 1.0599939 1.0599738 -0.24142041 -0.26 -0.26
0.59 0.59 0.59 0.59 0.59 0.59 0.59 0.59 0.59 0.58999995 0.58967945 -0.14963427 -0.14470475 -0.14190711 -0.14062442 -0.14016085 -0.14003281 -0.14000576 -0.14000108 -0.1400003 -0.1400002 -0.22124943 -0.6 -0.6 -0.6 -0.6 -0.6 -0.6 -0.6 -0.6 -0.6 -0.6 -0.59995422 -0.53000001 -0.53 -0.53 -0.53 -0.53 -0.53 -0.53 -0.53 -0.53 -0.53 -0.53 -0.52985986 1.0582373 1.0599654 1.0599999 1.06 1.06 1.06 1.06 1.06 1.06 1.06 1.06 1.06 1.06 1.06 1.06 1.008185 -0.25999996 -0.26
0.59 0.59 0.59 0.59 0.59 0.59 0.59 0.5899999 0.58997044 0.58776847 0.51770629 -0.71814173 -0.71933971 -0.71981624 -0.71996206 -0.71999441 -0.71999941 -0.71999995 -0.72 -0.72 -0.71999996 -0.60108586 -0.6 -0.6 -0.6 -0.6 -0.6 -0.6 -0.6 -0.6 -0.6 -0.6 -0.6 -0.53282969 -0.53 -0.53 -0.53 -0.53 -0.53 -0.53 -0.53 -0.53 -0.53 -0.53 0.69063819 1.06 1.06 1.06 1.06 1.06 1.06 1.06 1.06 1.06 1.06 1.06 1.06 1.06 1.06 1.06 1.0599425 -0.25990331 -0.26
0.59 0.59 0.59 0.59 0.59 0.58998671 0.58304052 0.069391974 -0.81778412 -0.89261205 -0.89639891 -0.72000205 -0.71999999 -0.72 -0.72 -0.72 -0.72 -0.72 -0.72 -0.72 -0.72 -0.71999501 -0.6 -0.6 -0.6 -0.6 -0.6 -0.6 -0.6 -0.6 -0.6 -0.6 -0.6 -0.59997802 -0.53000049 -0.53 -0.53 -0.53 -0.53 -0.53 -0.53 -0.53 -0.53 -0.52994299 1.0599323 1.06 1.06 1.06 1.06 1.06 1.06 1.06 1.06 1.06 1.06 1.06 1.06 1.06 1.06 1.06 1.0599998 -0.15905814 -0.26
0.55927465 0.58999881 0.5889248 -0.2397003 -0.89790085 -0.89998227 -0.8999993 -0.8999999 -0.89999996 -0.89999991 -0.89993733 -0.72002041 -0.72 -0.72 -0.72 -0.72 -0.72 -0.72 -0.72 -0.72 -0.72 -0.72 -0.60143526 -0.6 -0.6 -0.6 -0.6 -0.6 -0.6 -0.6 -0.6 -0.6 -0.6 -0.59999998 -0.54618261 -0.53 -0.53 -0.53 -0.53 -0.53 -0.53 -0.53 -0.52999998 -0.23614746 1.0599999 1.06 1.06 1.06 1.06 1.06 1.06 1.06 1.06 1.06 1.06 1.06 1.06 1.06 1.06 1.06 1.06 1.0233531 -0.25999531
-1.8599995 -0.90059799 -0.9 -0.9 -0.9 -0.9 -0.9 -0.9 -0.9 -0.89999963 -0.89988462 -0.72032694 -0.72 -0.72 -0.72 -0.72 -0.72 -0.72 -0.72 -0.72 -0.72 -0.72 -0.72 -0.6 -0.6 -0.6 -0.6 -0.6 -0.6 -0.6 -0.6 -0.6 -0.59999937 -0.5989736 -0.45057904 -0.52795495 -0.52999997 -0.53 -0.53 -0.53 -0.53 -0.53 -0.52988891 1.0528212 1.06 1.06 1.06 1.06 1.06 1.06 1.06 1.06 1.06 1.06 1.06 1.06 1.06 1.06 1.06 1.06 1.06 1.0597428 -0.25745458
-1.8598541 -0.90000001 -0.9 -0.9 -0.9 -0.9 -0.9 -0.9 -0.9 -0.89999322 -0.89618635 -0.63709111 -0.71999306 -0.72 -0.72 -0.72 -0.72 -0.72 -0.72 -0.72 -0.72 -0.72 -0.72 -0.68002617 -0.6 -0.6 -0.6 -0.6 -0.6 -0.6 -0.59999999 -0.59877869 0.036602096 0.21845995 0.21993507 0.21998299 -0.16205535 -0.52997706 -0.53 -0.53 -0.53 -0.52999939 -0.44222151 1.0599604 1.06 1.06 1.06 1.06 1.06 1.06 1.06 1.06 1.06 1.06 1.06 1.06 1.06 1.06 1.06 1.06 1.06 1.0599951 0.091892666
-1.0598707 -0.9 -0.9 -0.9 -0.9 -0.9 -0.9 -0.9 -0.89999992 -0.89929141 -0.59880195 0.37997419 -0.46119657 -0.71999807 -0.72 -0.72 -0.72 -0.72 -0.72 -0.72 -0.72 -0.72 -0.72 -0.72 -0.60000001 -0.6 -0.6 -0.6 -0.6 -0.568733 0.21977986 0.21999982 0.22 0.22 0.22 0.21999999 0.21999163 0.21104766 -0.52416303 -0.53001321 -0.53000033 -0.52964384 0.92576598 1.0599991 1.06 1.06 1.06 1.06 1.06 1.06 1.06 1.06 1.06 1.06 1.06 1.06 1.06 1.06 1.06 1.06 1.06 1.0599998 1.0104578
-0.90000002 -0.9 -0.9 -0.9 -0.9 -0.9 -0.9 -0.9 -0.89995428 -0.53872526 -0.28048413 0.49063596 0.50999486 0.18288011 -0.71999924 -0.72 -0.72 -0.72 -0.72 -0.72 -0.72 -0.72 -0.72 -0.72 -0.71724091 -0.6 -0.59998577 0.21635864 0.22 0.22 0.22 0.22 0.22 0.22 0.22 0.21999984 0.21946428 -0.01512175 -0.85752028 -0.88874803 -0.85803302 -0.53417731 1.0572644 1.0599999 1.06 1.06 1.06 1.06 1.06 1.06 1.06 1.06 1.06 1.06 1.06 1.06 1.06 1.06 1.06 1.06 1.06 1.06 1.0582689
-0.9 -0.9 -0.9 -0.9 -0.9 -0.9 -0.9 -0.89999961 -0.42921213 -0.28001394 -0.27990646 0.50909427 0.51 0.50999999 0.5005485 -0.71999911 -0.72 -0.72 -0.72 -0.72 -0.72 -0.72 -0.72 -0.72 -0.71999991 0.2199936 0.22 0.22 0.22 0.22 0.22 0.22 0.22 0.22 0.22 0.21996473 0.044337626 -0.88019126 -0.88989759 -0.88999574 -0.8899995 -0.88998844 0.59801028 1.0599991 1.06 1.06 1.06 1.06 1.06 1.06 1.06 1.06 1.06 1.06 1.06 1.06 1.06 1.06 1.06 1.06 1.06 1.06 1.0598777
-0.9 -0.9 -0.9 -0.9 -0.9 -0.9 -0.9 -0.31127073 -0.28000001 -0.28 -0.27990502 0.50999193 0.51 0.51 0.51 0.50996183 -0.71999182 -0.72 -0.72 -0.72 -0.72 -0.72 -0.72 -0.72 0.19634109 0.22 0.22 0.22 0.22 0.22 0.22 0.22 0.22 0.22 0.21999952 0.10962134 -0.88848505 -0.88999614 -0.88999992 -0.88999999 -0.89 -0.89 -0.88985064 1.0231037 1.0599999 1.06 1.06 1.06 1.06 1.06 1.06 1.06 1.06 1.06 1.06 1.06 1.06 1.06 1.06 1.0599998 1.0599926 1.059806 1.0564784
