Interpolating SPI Data/spi_stations/interpolated_spi/1-23_2.tif
NCOLS 257
NROWS 141
XLLCORNER -178.27925
YLLCORNER 5.3153543
DX 0.49934803
DY 0.49997533
NODATA_VALUE -9999
[rows 0 to 27 of 141, columns 0 to 62 of 257]
1.2914886 1.3182403 1.345502 1.3732214 1.4013378 1.4297821 1.4584763 1.4873334 1.5162585 1.5451484 1.5738929 1.6023757 1.630476 1.6580695 1.6850313 1.7112372 1.7365665 1.7609044 1.7841446 1.8061914 1.8269625 1.8463907 1.8644255 1.8810345 1.8962042 1.9099395 1.9222641 1.9332188 1.9428602 1.9512587 1.9584962 1.9646633 1.9698569 1.9741769 1.9777243 1.9805981 1.9828934 1.9846997 1.9860993 1.9871663 1.9879663 1.9885557 1.9889824 1.9892858 1.9894979 1.9896438 1.9897428 1.9898094 1.9898539 1.9898839 1.9899044 1.9899189 1.9899294 1.9899373 1.9899435 1.9899485 1.9899524 1.9899556 1.989958 1.9899597 1.9899607 1.9899609 1.9899601
1.2136606 1.2402634 1.2675402 1.2954536 1.3239575 1.3529964 1.3825051 1.4124077 1.4426184 1.4730404 1.5035671 1.5340818 1.5644595 1.5945674 1.624267 1.6534159 1.6818706 1.7094885 1.7361317 1.7616693 1.785981 1.8089602 1.8305162 1.8505772 1.8690922 1.8860318 1.901389 1.9151793 1.9274394 1.9382257 1.9476124 1.9556881 1.9625533 1.9683166 1.9730918 1.9769939 1.9801367 1.9826296 1.9845755 1.9860692 1.9871956 1.9880294 1.988635 1.9890661 1.9893669 1.9895725 1.9897104 1.9898012 1.9898603 1.9898983 1.989923 1.9899391 1.98995 1.9899577 1.9899633 1.9899676 1.9899711 1.9899738 1.989976 1.9899778 1.9899791 1.9899799 1.9899803
1.1307768 1.1567747 1.183593 1.2112121 1.2396042 1.2687323 1.2985494 1.3289974 1.3600067 1.3914954 1.423369 1.4555201 1.4878291 1.520164 1.5523822 1.5843317 1.615853 1.6467815 1.6769511 1.7061968 1.7343591 1.7612874 1.7868443 1.8109092 1.8333816 1.8541844 1.8732657 1.8906002 1.9061897 1.9200625 1.9322718 1.9428933 1.952022 1.9597684 1.9662546 1.97161 1.9759669 1.9794568 1.9822068 1.9843367 1.9859564 1.9871647 1.988048 1.9886801 1.9891226 1.9894252 1.9896275 1.9897595 1.9898439 1.9898967 1.9899295 1.9899496 1.9899622 1.9899703 1.9899757 1.9899796 1.9899824 1.9899847 1.9899865 1.9899879 1.989989 1.9899899 1.9899905
1.0435863 1.0685011 1.0943535 1.1211435 1.1488638 1.1774992 1.2070252 1.2374069 1.2685977 1.3005383 1.3331559 1.3663626 1.4000555 1.4341161 1.4684104 1.5027892 1.5370896 1.5711367 1.6047456 1.6377251 1.6698809 1.7010203 1.7309568 1.759515 1.7865357 1.8118809 1.8354375 1.8571217 1.8768809 1.8946949 1.9105769 1.9245713 1.9367518 1.9472175 1.9560891 1.963503 1.9696068 1.9745533 1.9784958 1.9815833 1.9839567 1.9857454 1.9870657 1.9880188 1.9886911 1.9891536 1.9894637 1.9896662 1.9897948 1.9898743 1.9899223 1.9899507 1.9899673 1.9899771 1.989983 1.9899867 1.9899892 1.989991 1.9899924 1.9899935 1.9899944 1.989995 1.9899956
0.95306831 0.97642825 1.0008045 1.0262158 1.0526759 1.0801924 1.1087655 1.1383866 1.169037 1.2006863 1.2332908 1.2667923 1.3011162 1.3361702 1.3718439 1.4080074 1.4445113 1.4811874 1.5178496 1.5542958 1.5903109 1.6256706 1.660146 1.6935093 1.7255396 1.7560297 1.7847925 1.8116669 1.836524 1.8592708 1.8798535 1.898259 1.9145143 1.9286843 1.9408683 1.9511948 1.9598153 1.9668976 1.972619 1.9771594 1.9806952 1.9833942 1.985411 1.9868844 1.9879351 1.9886654 1.9891594 1.9894841 1.9896911 1.989819 1.9898955 1.9899398 1.9899649 1.9899787 1.9899863 1.9899906 1.9899931 1.9899947 1.9899957 1.9899965 1.9899971 1.9899976 1.989998
0.86039941 0.88177179 0.90419388 0.927701 0.95232575 0.97809704 1.005039 1.0331698 1.0624999 1.0930307 1.1247529 1.1576439 1.1916668 1.2267673 1.2628725 1.2998885 1.3376989 1.3761636 1.4151179 1.454373 1.4937164 1.5329148 1.5717164 1.6098564 1.6470625 1.6830621 1.71759 1.7503973 1.7812597 1.8099861 1.8364255 1.8604724 1.8820713 1.9012171 1.9179545 1.9323745 1.9446086 1.9548217 1.9632035 1.9699596 1.9753026 1.9794433 1.9825841 1.9849125 1.9865968 1.9877839 1.9885973 1.9891384 1.9894869 1.9897038 1.9898342 1.9899096 1.9899516 1.9899741 1.9899859 1.9899919 1.9899949 1.9899966 1.9899975 1.9899981 1.9899985 1.9899988 1.9899991
0.76689874 0.78592132 0.80597988 0.82712213 0.84939541 0.87284605 0.89751853 0.9234544 0.95069114 0.97926067 1.0091877 1.0404878 1.0731654 1.1072109 1.1425989 1.1792847 1.2172017 1.2562589 1.2963382 1.3372919 1.3789418 1.4210779 1.4634597 1.5058175 1.5478563 1.5892616 1.6297063 1.66886 1.7063996 1.7420204 1.7754481 1.8064499 1.8348439 1.8605071 1.8833796 1.9034659 1.9208333 1.9356056 1.9479554 1.9580935 1.9662572 1.9726981 1.9776709 1.9814225 1.9841839 1.9861635 1.987543 1.9884754 1.9890854 1.9894706 1.9897049 1.9898417 1.9899182 1.9899591 1.98998 1.9899902 1.9899951 1.9899973 1.9899984 1.9899989 1.9899992 1.9899994 1.9899996
0.67395448 0.6903619 0.70774747 0.72616611 0.74567439 0.76633026 0.78819247 0.81132003 0.83577134 0.86160318 0.88886949 0.91761981 0.94789743 0.97973721 1.0131631 1.0481851 1.0847963 1.1229687 1.1626503 1.2037602 1.2461854 1.2897771 1.3343478 1.379669 1.4254716 1.4714462 1.5172477 1.562501 1.6068102 1.64977 1.6909802 1.7300604 1.7666669 1.8005078 1.8313567 1.8590633 1.8835594 1.9048601 1.9230606 1.938327 1.9508848 1.9610034 1.96898 1.9751235 1.9797393 1.9831165 1.985518 1.9871742 1.9882794 1.9889908 1.9894315 1.9896933 1.9898419 1.9899223 1.9899635 1.9899836 1.9899928 1.9899968 1.9899985 1.9899993 1.9899996 1.9899997 1.9899998
0.58294041 0.59658141 0.6111063 0.62657183 0.64303784 0.66056724 0.67922587 0.69908231 0.72020749 0.74267423 0.76655657 0.79192881 0.81886435 0.84743416 0.87770489 0.9097365 0.94357943 0.97927124 1.0168326 1.056263 1.0975354 1.140591 1.1853338 1.2316245 1.2792762 1.3280494 1.3776501 1.4277295 1.4778866 1.5276749 1.5766127 1.624198 1.6699266 1.713314 1.7539177 1.7913598 1.825347 1.8556856 1.8822906 1.9051872 1.924505 1.940465 1.9533613 1.9635398 1.9713749 1.9772473 1.9815248 1.9845464 1.9866114 1.9879729 1.9888363 1.9893613 1.989666 1.9898343 1.9899223 1.9899656 1.9899857 1.9899943 1.9899978 1.9899992 1.9899997 1.9899998 1.9899999
0.49513282 0.50597586 0.51758312 0.53000842 0.54330938 0.55754764 0.57278901 0.58910358 0.60656578 0.62525435 0.64525225 0.66664637 0.68952712 0.71398772 0.74012325 0.76802934 0.79780037 0.82952718 0.86329414 0.89917547 0.93723077 0.97749966 1.0199955 1.0646982 1.1115466 1.1604297 1.2111789 1.2635597 1.3172664 1.3719174 1.4270567 1.4821578 1.5366358 1.5898646 1.6412011 1.6900145 1.7357197 1.7778098 1.8158872 1.8496864 1.879089 1.9041257 1.9249678 1.9419074 1.9553302 1.9656833 1.9734424 1.9790812 1.9830457 1.9857351 1.9874901 1.988588 1.9892439 1.9896164 1.9898165 1.9899177 1.9899656 1.9899866 1.9899952 1.9899984 1.9899995 1.9899998 1.9899999
0.41163828 0.41976531 0.42852392 0.43796148 0.44812927 0.45908273 0.47088186 0.48359145 0.49728149 0.51202743 0.52791051 0.54501795 0.56344318 0.58328589 0.60465198 0.62765327 0.65240697 0.67903481 0.70766169 0.73841375 0.77141572 0.80678739 0.84463895 0.88506522 0.92813831 0.97389892 1.022346 1.0734252 1.1270163 1.18292 1.2408462 1.3004038 1.3610952 1.4223168 1.4833679 1.5434696 1.6017951 1.6575095 1.7098178 1.7580151 1.8015355 1.8399907 1.8731947 1.9011704 1.9241364 1.9424777 1.9567036 1.9673995 1.9751781 1.9806363 1.984321 1.9867063 1.9881811 1.9890483 1.9895308 1.9897833 1.9899069 1.9899631 1.9899866 1.9899956 1.9899987 1.9899996 1.9899999
0.33334093 0.33893089 0.34501883 0.35164373 0.35884802 0.36667794 0.37518391 0.38442091 0.39444894 0.40533345 0.41714588 0.42996412 0.44387309 0.45896527 0.47534123 0.4931101 0.51239001 0.53330839 0.55600206 0.58061708 0.60730817 0.63623768 0.66757369 0.70148735 0.73814884 0.77772189 0.82035641 0.86617887 0.91528023 0.96770111 1.0234144 1.0823057 1.1441524 1.2086036 1.275163 1.3431782 1.4118411 1.4802026 1.5472051 1.6117338 1.6726852 1.7290451 1.7799686 1.8248487 1.863363 1.8954904 1.9214956 1.9418837 1.9573347 1.968628 1.976568 1.9819214 1.9853702 1.9874842 1.9887111 1.9893814 1.9897238 1.9898863 1.9899572 1.9899854 1.9899955 1.9899988 1.9899997
0.26087369 0.26417912 0.267858 0.27194037 0.27645907 0.28145001 0.28695253 0.29300973 0.29966895 0.30698216 0.31500657 0.32380509 0.33344705 0.34400886 0.35557475 0.36823763 0.38209992 0.3972745 0.41388563 0.43206995 0.45197731 0.47377157 0.49763117 0.52374936 0.55233378 0.58360544 0.61779638 0.65514593 0.69589479 0.74027648 0.78850531 0.84076029 0.8971642 0.95775768 1.0224684 1.0910765 1.1631795 1.2381604 1.3151659 1.3931025 1.4706595 1.5463643 1.6186729 1.6860885 1.7472954 1.8012856 1.8474548 1.885649 1.9161518 1.9396176 1.956966 1.9692583 1.9775792 1.9829399 1.9862118 1.9880934 1.9891065 1.9896134 1.989847 1.9899452 1.9899825 1.9899951 1.9899988
0.19461393 0.19593459 0.19752027 0.19939275 0.20157582 0.20409555 0.20698051 0.21026209 0.21397483 0.21815676 0.22284988 0.2281006 0.23396031 0.24048599 0.2477409 0.25579543 0.26472792 0.27462574 0.28558639 0.29771877 0.31114458 0.32599987 0.34243667 0.36062478 0.38075349 0.40303344 0.42769809 0.45500502 0.48523638 0.51869837 0.55571898 0.59664317 0.64182458 0.69161232 0.74633129 0.80625448 0.87156552 0.94231102 1.0183432 1.099256 1.1843229 1.2724473 1.3621431 1.4515641 1.5385974 1.6210257 1.6967442 1.7639978 1.8215895 1.8690092 1.9064543 1.9347386 1.9551183 1.9690806 1.9781411 1.9836837 1.9868616 1.9885573 1.9893924 1.9897682 1.9899209 1.9899762 1.9899938
0.13470025 0.13435736 0.13419106 0.13421621 0.134449 0.13490717 0.13561011 0.1365791 0.13783755 0.1394112 0.14132847 0.1436208 0.14632298 0.14947368 0.1531159 0.1572976 0.16207237 0.16750024 0.17364859 0.1805932 0.18841949 0.19722395 0.20711578 0.21821872 0.2306733 0.24463921 0.26029815 0.27785687 0.29755058 0.31964657 0.34444789 0.37229687 0.40357802 0.43871969 0.4781934 0.52250935 0.572206 0.62783081 0.68990853 0.75889273 0.83509663 0.91860072 1.0091388 1.1059719 1.2077713 1.3125457 1.4176573 1.5199703 1.6161489 1.7030744 1.7782956 1.8403882 1.8891183 1.9253629 1.950829 1.9676689 1.9781006 1.9841192 1.9873293 1.9888977 1.9895919 1.9898665 1.9899621
0.081064523 0.079378492 0.077801599 0.076343453 0.075014488 0.073826061 0.072790549 0.071921468 0.071233611 0.070743198 0.070468059 0.070427829 0.070644192 0.071141147 0.071945323 0.073086347 0.074597269 0.07651506 0.078881191 0.081742322 0.085151101 0.089167117 0.093858013 0.099300818 0.10558351 0.1128069 0.12108681 0.13055674 0.14137098 0.1537083 0.16777631 0.1838166 0.20211064 0.22298663 0.2468271 0.2740772 0.30525309 0.34094973 0.3818464 0.42870732 0.48237334 0.54373837 0.61370168 0.69308491 0.78250103 0.88216592 0.99165423 1.1096259 1.2335892 1.3598085 1.4834888 1.5993181 1.7023213 1.7887968 1.8570049 1.9073425 1.9419686 1.9640765 1.977109 1.9841523 1.9876095 1.9891323 1.9897253
0.033472855 0.030745973 0.028080575 0.025482662 0.022958698 0.02051566 0.01816109 0.015903156 0.013750719 0.01171342 0.0098017603 0.0080272151 0.0064023491 0.0049409573 0.0036582264 0.0025709229 0.0016976118 0.0010589137 0.0006778059 0.0005799773 0.00079424785 0.0013530661 0.0022931013 0.0036559504 0.0054889857 0.0078463739 0.010790306 0.01439249 0.018735957 0.023917277 0.030049256 0.037264254 0.04571826 0.055595913 0.067116691 0.080542534 0.096187213 0.11442779 0.13571847 0.1606072 0.18975489 0.22395687 0.26416498 0.31150692 0.36729588 0.43301833 0.51027939 0.60067477 0.70554817 0.82559264 0.96028258 1.1072056 1.2615141 1.4158795 1.5613484 1.6891642 1.7929779 1.8704121 1.9231926 1.9559214 1.9742828 1.9835283 1.987659
-0.0084308742 -0.01192615 -0.015390413 -0.018819869 -0.022210481 -0.025557949 -0.028857682 -0.032104776 -0.035293982 -0.038419671 -0.041475799 -0.044455854 -0.047352815 -0.050159084 -0.052866424 -0.055465877 -0.057947668 -0.060301106 -0.062514448 -0.064574756 -0.06646772 -0.068177449 -0.069686226 -0.070974209 -0.072019076 -0.072795605 -0.073275148 -0.073425011 -0.073207684 -0.072579906 -0.071491502 -0.069883954 -0.06768861 -0.06482445 -0.061195265 -0.056686093 -0.051158672 -0.044445629 -0.036342996 -0.026600543 -0.014909233 -0.00088490763 0.015952945 0.036208749 0.060646364 0.090234201 0.12620095 0.17010091 0.22388293 0.28994608 0.37114377 0.47066095 0.59163438 0.73633528 0.9047623 1.0927639 1.2904704 1.4826008 1.6520017 1.7855438 1.878772 1.9360912 1.9669858
-0.045083448 -0.049111069 -0.053124266 -0.057120387 -0.061096652 -0.065050143 -0.068977801 -0.072876412 -0.076742601 -0.080572817 -0.084363324 -0.088110184 -0.091809242 -0.095456104 -0.09904612 -0.10257436 -0.10603556 -0.10942414 -0.11273412 -0.11595906 -0.11909207 -0.12212567 -0.12505177 -0.12786154 -0.1305453 -0.13309242 -0.13549111 -0.13772826 -0.1397892 -0.14165736 -0.14331398 -0.14473763 -0.14590366 -0.14678349 -0.14734381 -0.14754542 -0.14734184 -0.14667757 -0.14548571 -0.14368497 -0.14117567 -0.13783448 -0.13350735 -0.1279999 -0.12106443 -0.11238189 -0.10153686 -0.087982492 -0.070990963 -0.049583331 -0.022430299 0.01228671 0.057064821 0.11532229 0.19166757 0.29208429 0.423727 0.59366772 0.8055712 1.053773 1.3173209 1.5615826 1.7531051
-0.076965944 -0.081328562 -0.085682888 -0.090026685 -0.094357637 -0.098673347 -0.10297134 -0.10724904 -0.11150382 -0.11573292 -0.11993354 -0.12410276 -0.12823758 -0.13233489 -0.1363915 -0.14040411 -0.14436933 -0.14828364 -0.15214341 -0.15594489 -0.15968421 -0.16335733 -0.16696008 -0.17048808 -0.1739368 -0.17730145 -0.18057701 -0.18375816 -0.18683925 -0.18981422 -0.19267656 -0.19541917 -0.19803431 -0.20051339 -0.20284687 -0.20502396 -0.20703241 -0.2088581 -0.2104846 -0.2118926 -0.21305911 -0.21395645 -0.21455094 -0.2148011 -0.21465521 -0.21404802 -0.21289614 -0.21109158 -0.20849252 -0.2049099 -0.20008774 -0.19367346 -0.18517261 -0.1738783 -0.15875933 -0.13827972 -0.1101043 -0.070617458 -0.014151242 0.068170404 0.18982939 0.36938039 0.62590655
-0.10457414 -0.10911222 -0.11364083 -0.11815773 -0.12266061 -0.12714709 -0.13161472 -0.136061 -0.14048338 -0.14487923 -0.14924587 -0.15358059 -0.1578806 -0.16214308 -0.16636517 -0.17054396 -0.17467651 -0.17875986 -0.18279102 -0.18676696 -0.19068466 -0.19454109 -0.19833319 -0.20205792 -0.20571224 -0.20929312 -0.21279755 -0.21622253 -0.21956508 -0.22282224 -0.22599109 -0.22906869 -0.23205216 -0.23493859 -0.23772508 -0.2404087 -0.24298647 -0.24545531 -0.24781203 -0.25005323 -0.25217523 -0.25417399 -0.25604493 -0.25778277 -0.25938128 -0.26083293 -0.26212848 -0.26325636 -0.26420179 -0.26494568 -0.26546289 -0.26571982 -0.26567085 -0.2652529 -0.26437714 -0.26291569 -0.26068014 -0.25738527 -0.25258595 -0.24556314 -0.23510935 -0.21910747 -0.19366856
-0.12839603 -0.13298483 -0.13755838 -0.14211421 -0.1466498 -0.15116257 -0.15564988 -0.16010901 -0.16453723 -0.16893173 -0.17328967 -0.17760817 -0.18188431 -0.18611514 -0.19029769 -0.19442898 -0.198506 -0.20252575 -0.20648525 -0.21038152 -0.2142116 -0.21797256 -0.22166153 -0.22527569 -0.22881227 -0.2322686 -0.23564208 -0.23893022 -0.24213064 -0.24524108 -0.24825944 -0.25118374 -0.25401219 -0.25674315 -0.2593752 -0.26190708 -0.26433778 -0.26666646 -0.26889254 -0.27101565 -0.27303567 -0.2749527 -0.27676709 -0.27847941 -0.28009044 -0.28160118 -0.28301282 -0.28432667 -0.2855442 -0.2866669 -0.28769628 -0.28863373 -0.28948042 -0.29023708 -0.2909038 -0.29147964 -0.29196208 -0.29234625 -0.29262359 -0.29277983 -0.2927914 -0.29261918 -0.2921969
-0.14889599 -0.15344139 -0.15796325 -0.16245885 -0.16692541 -0.17136009 -0.17576001 -0.18012224 -0.1844438 -0.18872166 -0.19295277 -0.19713406 -0.20126243 -0.20533477 -0.20934796 -0.21329888 -0.21718443 -0.22100154 -0.22474716 -0.22841828 -0.23201195 -0.23552531 -0.23895553 -0.24229992 -0.24555588 -0.24872092 -0.2517927 -0.25476902 -0.25764785 -0.26042734 -0.26310584 -0.2656819 -0.2681543 -0.27052205 -0.27278442 -0.27494096 -0.27699147 -0.27893605 -0.28077509 -0.28250931 -0.28413971 -0.28566761 -0.28709467 -0.28842285 -0.2896544 -0.29079191 -0.29183825 -0.29279656 -0.29367026 -0.294463 -0.29517866 -0.2958213 -0.29639515 -0.29690454 -0.29735391 -0.29774772 -0.29809046 -0.29838653 -0.29864027 -0.29885586 -0.29903727 -0.29918822 -0.29931212
-0.16650463 -0.17093846 -0.17533952 -0.1797049 -0.18403163 -0.18831668 -0.19255699 -0.19674948 -0.20089102 -0.20497847 -0.20900868 -0.21297848 -0.21688472 -0.22072424 -0.22449392 -0.22819068 -0.23181147 -0.23535329 -0.23881323 -0.24218844 -0.24547619 -0.24867383 -0.25177887 -0.25478894 -0.25770182 -0.26051547 -0.26322804 -0.26583789 -0.26834357 -0.2707439 -0.27303794 -0.275225 -0.27730467 -0.27927687 -0.28114177 -0.28289989 -0.28455206 -0.28609943 -0.28754352 -0.28888614 -0.29012947 -0.29127599 -0.29232853 -0.29329023 -0.29416451 -0.29495508 -0.29566592 -0.29630121 -0.29686535 -0.29736291 -0.29779855 -0.29817706 -0.29850322 -0.29878182 -0.29901761 -0.2992152 -0.29937906 -0.29951347 -0.29962244 -0.29970972 -0.29977874 -0.29983262 -0.2998741
-0.18161324 -0.1858886 -0.19012214 -0.19431084 -0.19845163 -0.20254143 -0.20657712 -0.21055559 -0.2144737 -0.21832834 -0.2221164 -0.2258348 -0.22948048 -0.23305045 -0.23654175 -0.23995152 -0.24327696 -0.24651539 -0.24966421 -0.25272097 -0.25568336 -0.25854923 -0.26131659 -0.26398364 -0.2665488 -0.2690107 -0.27136821 -0.27362044 -0.27576677 -0.27780688 -0.27974071 -0.28156853 -0.2832909 -0.28490872 -0.28642321 -0.28783592 -0.28914875 -0.29036389 -0.29148389 -0.29251162 -0.29345023 -0.29430318 -0.2950742 -0.29576724 -0.2963865 -0.29693636 -0.29742132 -0.29784602 -0.29821517 -0.29853347 -0.29880562 -0.29903625 -0.29922985 -0.29939076 -0.2995231 -0.29963077 -0.29971735 -0.29978614 -0.29984013 -0.29988195 -0.29991391 -0.299938 -0.2999559
-0.19457164 -0.19865861 -0.20269557 -0.2066795 -0.21060735 -0.21447609 -0.2182827 -0.22202414 -0.22569744 -0.22929964 -0.23282781 -0.23627912 -0.23965078 -0.24294008 -0.24614441 -0.24926129 -0.25228834 -0.25522333 -0.25806416 -0.26080893 -0.26345591 -0.26600356 -0.26845055 -0.2707958 -0.27303846 -0.27517791 -0.27721384 -0.2791462 -0.28097522 -0.28270144 -0.2843257 -0.28584917 -0.28727329 -0.28859987 -0.289831 -0.29096907 -0.29201678 -0.29297714 -0.29385338 -0.29464903 -0.29536782 -0.2960137 -0.29659078 -0.29710332 -0.29755567 -0.29795227 -0.29829755 -0.29859594 -0.29885182 -0.29906945 -0.29925295 -0.29940628 -0.29953316 -0.2996371 -0.29972132 -0.2997888 -0.29984219 -0.29988388 -0.29991597 -0.29994029 -0.29995841 -0.29997165 -0.29998113
-0.20568854 -0.20957037 -0.21339522 -0.2171602 -0.22086239 -0.22449892 -0.22806695 -0.23156368 -0.23498637 -0.23833235 -0.241599 -0.24478382 -0.24788441 -0.25089848 -0.25382386 -0.25665855 -0.25940067 -0.26204854 -0.26460067 -0.26705573 -0.26941265 -0.27167055 -0.2738288 -0.27588702 -0.27784509 -0.27970316 -0.28146164 -0.28312125 -0.28468296 -0.28614808 -0.28751817 -0.2887951 -0.28998101 -0.29107831 -0.29208972 -0.29301815 -0.29386678 -0.29463901 -0.29533842 -0.29596876 -0.2965339 -0.29703785 -0.29748468 -0.29787848 -0.29822336 -0.2985234 -0.29878261 -0.29900489 -0.29919402 -0.29935359 -0.29948705 -0.2995976 -0.29968824 -0.29976174 -0.29982061 -0.29986713 -0.29990337 -0.29993112 -0.29995199 -0.29996736 -0.29997842 -0.29998617 -0.29999144
-0.21523351 -0.21890333 -0.22251064 -0.2260527 -0.22952685 -0.23293045 -0.23626093 -0.2395158 -0.24269264 -0.24578913 -0.24880305 -0.25173232 -0.25457496 -0.25732916 -0.25999325 -0.26256573 -0.2650453 -0.26743082 -0.26972138 -0.27191629 -0.27401507 -0.27601747 -0.27792352 -0.27973346 -0.28144781 -0.28306735 -0.28459313 -0.28602645 -0.28736888 -0.28862227 -0.28978868 -0.29087046 -0.29187017 -0.2927906 -0.29363473 -0.29440575 -0.29510698 -0.29574192 -0.29631413 -0.29682732 -0.2972852 -0.29769155 -0.29805013 -0.29836466 -0.29863882 -0.29887618 -0.29908023 -0.2992543 -0.29940157 -0.29952508 -0.29962764 -0.29971192 -0.29978036 -0.29983523 -0.29987859 -0.2999123 -0.29993803 -0.29995729 -0.29997137 -0.29998139 -0.29998832 -0.29999296 -0.29999594
