Interpolating SPI Data/spi_stations/interpolated_spi/1-23_3.tif
NCOLS 257
NROWS 141
XLLCORNER -178.27925
YLLCORNER 5.3153543
DX 0.49934803
DY 0.49997533
NODATA_VALUE -9999
[rows 28 to 55 of 141, columns 0 to 62 of 257]
-0.12276406 -0.12572823 -0.12863864 -0.13149313 -0.13428959 -0.13702595 -0.13970023 -0.1423105 -0.14485492 -0.14733175 -0.14973934 -0.15207615 -0.15434077 -0.1565319 -0.1586484 -0.16068928 -0.16265368 -0.16454094 -0.16635054 -0.16808218 -0.1697357 -0.17131118 -0.17280887 -0.17422922 -0.17557289 -0.17684076 -0.17803387 -0.17915351 -0.18020113 -0.18117838 -0.18208711 -0.18292932 -0.18370719 -0.18442304 -0.18507933 -0.18567862 -0.18622362 -0.18671706 -0.18716179 -0.18756068 -0.18791661 -0.18823249 -0.18851121 -0.18875562 -0.18896853 -0.18915266 -0.18931068 -0.18944516 -0.18955854 -0.18965318 -0.18973129 -0.18979497 -0.18984618 -0.18988674 -0.18991832 -0.18994244 -0.18996046 -0.18997362 -0.18998296 -0.18998939 -0.18999366 -0.18999638 -0.18999805
-0.12857591 -0.13137573 -0.13411939 -0.13680497 -0.13943059 -0.14199447 -0.14449486 -0.14693016 -0.14929881 -0.15159939 -0.15383058 -0.15599118 -0.15808014 -0.16009653 -0.16203956 -0.16390861 -0.16570321 -0.16742306 -0.16906804 -0.1706382 -0.17213375 -0.17355511 -0.17490288 -0.17617783 -0.17738092 -0.17851329 -0.17957626 -0.1805713 -0.18150009 -0.18236441 -0.18316622 -0.18390761 -0.18459079 -0.18521807 -0.18579186 -0.18631466 -0.18678902 -0.18721753 -0.18760284 -0.18794758 -0.1882544 -0.18852594 -0.1887648 -0.18897353 -0.18915465 -0.18931059 -0.18944373 -0.18955635 -0.18965065 -0.18972872 -0.18979256 -0.18984404 -0.18988492 -0.18991682 -0.18994125 -0.18995956 -0.18997295 -0.18998248 -0.18998906 -0.18999344 -0.18999625 -0.18999796 -0.18999896
-0.13361913 -0.13626117 -0.13884561 -0.14137074 -0.14383496 -0.14623674 -0.14857462 -0.15084727 -0.15305345 -0.15519203 -0.15726201 -0.15926251 -0.1611928 -0.16305227 -0.16484047 -0.16655709 -0.168202 -0.1697752 -0.17127688 -0.17270737 -0.17406719 -0.175357 -0.17657764 -0.17773011 -0.17881558 -0.17983535 -0.18079088 -0.18168376 -0.18251574 -0.18328866 -0.18400448 -0.18466528 -0.18527321 -0.1858305 -0.18633944 -0.18680237 -0.18722169 -0.1875998 -0.1879391 -0.18824204 -0.18851101 -0.18874841 -0.18895658 -0.18913786 -0.18929452 -0.18942876 -0.18954274 -0.18963855 -0.18971818 -0.18978357 -0.18983652 -0.18987875 -0.18991188 -0.18993738 -0.18995659 -0.18997074 -0.18998088 -0.18998793 -0.18999268 -0.18999575 -0.18999766 -0.18999878 -0.18999941
-0.13800801 -0.14050055 -0.14293484 -0.14530942 -0.14762293 -0.14987409 -0.15206173 -0.15418478 -0.15624228 -0.15823338 -0.16015737 -0.16201366 -0.16380178 -0.16552143 -0.16717241 -0.1687547 -0.17026841 -0.17171381 -0.17309131 -0.17440147 -0.17564499 -0.17682274 -0.17793571 -0.17898505 -0.17997201 -0.180898 -0.18176454 -0.18257325 -0.18332586 -0.18402422 -0.18467022 -0.18526586 -0.18581319 -0.1863143 -0.18677134 -0.18718651 -0.18756199 -0.1879 -0.18820277 -0.1884725 -0.18871142 -0.1889217 -0.18910551 -0.18926498 -0.18940219 -0.18951921 -0.189618 -0.18970052 -0.18976862 -0.18982407 -0.18986857 -0.1899037 -0.18993093 -0.18995163 -0.18996701 -0.18997815 -0.189986 -0.18999135 -0.18999488 -0.18999711 -0.18999845 -0.18999922 -0.18999963
-0.14183963 -0.1441919 -0.14648592 -0.14872049 -0.15089448 -0.15300685 -0.15505668 -0.15704315 -0.15896555 -0.16082328 -0.16261587 -0.16434299 -0.1660044 -0.16760002 -0.1691299 -0.17059421 -0.17199328 -0.17332755 -0.1745976 -0.17580415 -0.17694805 -0.17803025 -0.17905186 -0.18001408 -0.18091823 -0.18176572 -0.18255807 -0.18329689 -0.18398386 -0.18462075 -0.18520936 -0.18575159 -0.18624935 -0.18670461 -0.18711936 -0.18749562 -0.18783543 -0.18814083 -0.18841387 -0.1886566 -0.18887105 -0.18905927 -0.18922325 -0.18936498 -0.18948642 -0.18958947 -0.18967602 -0.18974786 -0.18980674 -0.18985433 -0.1898922 -0.18992182 -0.18994456 -0.18996164 -0.18997418 -0.18998314 -0.18998936 -0.18999354 -0.18999624 -0.18999792 -0.18999891 -0.18999946 -0.18999976
-0.14519632 -0.1474179 -0.1495818 -0.15168702 -0.15373264 -0.15571786 -0.15764198 -0.15950439 -0.16130459 -0.16304222 -0.16471701 -0.16632881 -0.1678776 -0.16936348 -0.17078666 -0.17214749 -0.17344643 -0.17468406 -0.17586108 -0.1769783 -0.17803663 -0.17903712 -0.17998088 -0.18086915 -0.18170324 -0.18248454 -0.18321454 -0.18389478 -0.18452686 -0.18511245 -0.18565328 -0.18615108 -0.18660768 -0.18702488 -0.18740454 -0.18774853 -0.18805875 -0.1883371 -0.18858547 -0.18880579 -0.18899996 -0.18916989 -0.18931746 -0.18944454 -0.18955298 -0.18964459 -0.18972114 -0.18978433 -0.1898358 -0.18987713 -0.18990977 -0.18993511 -0.18995438 -0.18996874 -0.18997917 -0.18998654 -0.18999161 -0.18999496 -0.18999711 -0.18999842 -0.18999918 -0.1899996 -0.18999982
-0.1481477 -0.15024819 -0.15229197 -0.15427823 -0.15620627 -0.15807547 -0.15988532 -0.1616354 -0.16332541 -0.16495514 -0.16652451 -0.16803353 -0.16948234 -0.17087116 -0.17220034 -0.17347035 -0.17468174 -0.17583518 -0.17693143 -0.17797136 -0.17895592 -0.17988617 -0.18076322 -0.1815883 -0.18236267 -0.1830877 -0.18376478 -0.18439539 -0.18498105 -0.18552333 -0.18602382 -0.18648417 -0.18690605 -0.18729118 -0.18764126 -0.18795807 -0.18824335 -0.18849889 -0.18872649 -0.18892794 -0.18910506 -0.18925963 -0.18939346 -0.18950831 -0.18960596 -0.18968811 -0.18975645 -0.18981259 -0.18985808 -0.1898944 -0.18992292 -0.18994491 -0.18996152 -0.18997381 -0.18998267 -0.18998888 -0.18999312 -0.1899959 -0.18999766 -0.18999873 -0.18999935 -0.18999969 -0.18999986
-0.15075266 -0.15274136 -0.15467463 -0.15655185 -0.15837248 -0.16013607 -0.16184227 -0.16349083 -0.16508158 -0.16661449 -0.16808958 -0.169507 -0.17086699 -0.17216989 -0.17341614 -0.17460627 -0.1757409 -0.17682075 -0.17784662 -0.17881938 -0.17973999 -0.1806095 -0.18142901 -0.18219967 -0.18292272 -0.18359945 -0.18423119 -0.18481933 -0.18536528 -0.18587052 -0.18633654 -0.18676489 -0.18715713 -0.18751486 -0.18783969 -0.18813327 -0.18839726 -0.18863335 -0.18884324 -0.18902865 -0.18919127 -0.18933285 -0.18945509 -0.18955968 -0.18964831 -0.18972261 -0.18978419 -0.18983457 -0.18987522 -0.18990753 -0.18993278 -0.18995216 -0.18996673 -0.18997744 -0.18998513 -0.1899905 -0.18999414 -0.18999652 -0.18999802 -0.18999892 -0.18999945 -0.18999973 -0.18999988
-0.153061 -0.15494674 -0.15677857 -0.15855601 -0.16027867 -0.16194624 -0.16355851 -0.16511535 -0.16661673 -0.16806271 -0.16945342 -0.1707891 -0.17207008 -0.17329676 -0.17446965 -0.17558931 -0.1766564 -0.17767165 -0.17863587 -0.17954994 -0.18041479 -0.18123142 -0.1820009 -0.18272433 -0.1834029 -0.1840378 -0.1846303 -0.18518169 -0.18569332 -0.18616655 -0.18660279 -0.18700349 -0.18737012 -0.18770418 -0.1880072 -0.18828074 -0.18852638 -0.18874573 -0.1889404 -0.18911204 -0.18926229 -0.1893928 -0.18950522 -0.18960116 -0.18968223 -0.18975001 -0.189806 -0.18985168 -0.18988841 -0.18991751 -0.18994018 -0.18995751 -0.18997051 -0.18998004 -0.18998685 -0.1899916 -0.18999481 -0.18999691 -0.18999824 -0.18999904 -0.1899995 -0.18999976 -0.18999989
-0.15511482 -0.15690587 -0.15864469 -0.1603309 -0.16196424 -0.16354453 -0.16507166 -0.16654561 -0.16796643 -0.16933426 -0.17064932 -0.17191191 -0.17312242 -0.17428129 -0.17538904 -0.17644628 -0.17745367 -0.17841193 -0.17932187 -0.18018433 -0.18100022 -0.18177049 -0.18249615 -0.18317827 -0.18381793 -0.18441628 -0.1849745 -0.18549382 -0.18597547 -0.18642076 -0.18683102 -0.1872076 -0.18755189 -0.18786532 -0.18814935 -0.18840546 -0.18863516 -0.18883999 -0.18902151 -0.1891813 -0.18932092 -0.18944198 -0.18954604 -0.18963467 -0.18970941 -0.18977176 -0.18982315 -0.18986497 -0.18989854 -0.18992507 -0.18994569 -0.18996144 -0.18997323 -0.18998186 -0.18998804 -0.18999234 -0.18999525 -0.18999716 -0.18999836 -0.1899991 -0.18999953 -0.18999976 -0.18999989
-0.15694978 -0.1586538 -0.16030734 -0.16191013 -0.16346202 -0.16496292 -0.16641279 -0.1678117 -0.16915977 -0.17045721 -0.17170428 -0.17290134 -0.17404877 -0.17514707 -0.17619677 -0.17719846 -0.17815281 -0.17906052 -0.17992237 -0.18073916 -0.18151177 -0.18224109 -0.18292809 -0.18357376 -0.18417913 -0.18474527 -0.18527329 -0.18576434 -0.18621961 -0.1866403 -0.18702769 -0.18738305 -0.18770771 -0.18800303 -0.1882704 -0.18851125 -0.18872704 -0.18891923 -0.18908933 -0.18923886 -0.18936934 -0.18948231 -0.18957926 -0.18966172 -0.18973114 -0.18978896 -0.18983655 -0.18987523 -0.18990624 -0.18993073 -0.18994975 -0.18996427 -0.18997514 -0.1899831 -0.18998881 -0.18999279 -0.1899955 -0.18999728 -0.18999842 -0.18999911 -0.18999953 -0.18999976 -0.18999988
-0.15859617 -0.16022016 -0.16179547 -0.16332192 -0.16479944 -0.166228 -0.16760765 -0.1689385 -0.17022072 -0.17145457 -0.17264034 -0.1737784 -0.17486918 -0.17591315 -0.17691084 -0.17786285 -0.17876982 -0.17963243 -0.1804514 -0.18122752 -0.18196161 -0.18265451 -0.18330714 -0.18392041 -0.18449531 -0.18503284 -0.18553404 -0.18600001 -0.18643186 -0.18683074 -0.18719785 -0.18753442 -0.18784172 -0.18812104 -0.18837374 -0.18860117 -0.18880475 -0.18898589 -0.18914606 -0.1892867 -0.1894093 -0.18951532 -0.18960622 -0.18968345 -0.18974841 -0.18980247 -0.18984694 -0.18988307 -0.18991202 -0.18993488 -0.18995265 -0.18996623 -0.18997641 -0.18998389 -0.18998926 -0.18999303 -0.1899956 -0.18999731 -0.18999841 -0.1899991 -0.18999951 -0.18999974 -0.18999987
-0.16007977 -0.1616301 -0.16313355 -0.16459003 -0.16599951 -0.16736204 -0.1686777 -0.16994664 -0.17116908 -0.17234529 -0.17347559 -0.17456034 -0.17559998 -0.17659498 -0.17754587 -0.17845321 -0.1793176 -0.18013972 -0.18092023 -0.18165989 -0.18235946 -0.18301974 -0.18364158 -0.18422585 -0.18477348 -0.18528542 -0.18576264 -0.18620619 -0.18661711 -0.18699652 -0.18734556 -0.1876654 -0.18795725 -0.18822239 -0.18846208 -0.18867767 -0.18887051 -0.18904197 -0.18919346 -0.18932639 -0.18944218 -0.18954224 -0.18962799 -0.1897008 -0.18976203 -0.18981297 -0.18985487 -0.18988892 -0.18991623 -0.18993782 -0.18995462 -0.18996749 -0.18997717 -0.1899843 -0.18998945 -0.18999309 -0.18999559 -0.18999727 -0.18999836 -0.18999905 -0.18999947 -0.18999971 -0.18999985
-0.16142262 -0.16290503 -0.16434236 -0.16573457 -0.16708167 -0.16838375 -0.16964093 -0.17085338 -0.17202135 -0.17314511 -0.17422499 -0.17526136 -0.17625464 -0.17720529 -0.17811381 -0.17898074 -0.17980667 -0.18059221 -0.18133801 -0.18204476 -0.18271319 -0.18334405 -0.18393814 -0.18449628 -0.18501934 -0.18550823 -0.18596387 -0.18638724 -0.18677937 -0.1871413 -0.18747413 -0.18777898 -0.18805705 -0.18830953 -0.18853769 -0.18874278 -0.18892614 -0.1890891 -0.189233 -0.18935922 -0.18946913 -0.18956408 -0.18964544 -0.18971452 -0.18977262 -0.18982098 -0.18986078 -0.18989317 -0.18991917 -0.18993977 -0.18995584 -0.18996819 -0.18997751 -0.18998441 -0.18998943 -0.189993 -0.18999548 -0.18999715 -0.18999826 -0.18999897 -0.18999941 -0.18999967 -0.18999983
-0.16264364 -0.16406333 -0.16543967 -0.16677269 -0.16806243 -0.169309 -0.17051255 -0.17167327 -0.1727914 -0.17386723 -0.17490109 -0.17589333 -0.17684435 -0.17775461 -0.17862458 -0.17945477 -0.18024572 -0.18099802 -0.18171228 -0.18238915 -0.18302931 -0.18363347 -0.18420238 -0.18473682 -0.18523761 -0.1857056 -0.1861417 -0.18654683 -0.18692196 -0.18726811 -0.18758634 -0.18787773 -0.18814342 -0.18838459 -0.18860245 -0.18879822 -0.1889732 -0.18912866 -0.18926592 -0.18938629 -0.18949111 -0.18958167 -0.18965929 -0.18972522 -0.18978071 -0.18982693 -0.18986504 -0.18989608 -0.18992106 -0.18994091 -0.18995644 -0.18996842 -0.1899775 -0.18998428 -0.18998923 -0.18999278 -0.18999528 -0.18999698 -0.18999813 -0.18999887 -0.18999934 -0.18999963 -0.1899998
-0.16375925 -0.16512083 -0.16644077 -0.16771911 -0.16895593 -0.17015135 -0.17130553 -0.17241868 -0.17349103 -0.17452286 -0.1755145 -0.17646629 -0.17737861 -0.17825189 -0.17908657 -0.17988314 -0.1806421 -0.18136401 -0.18204944 -0.182699 -0.18331333 -0.1838931 -0.18443902 -0.18495182 -0.18543229 -0.18588125 -0.18629955 -0.18668808 -0.18704777 -0.18737961 -0.18768462 -0.18796384 -0.18821839 -0.1884494 -0.18865803 -0.1888455 -0.18901302 -0.18916186 -0.18929328 -0.18940856 -0.18950895 -0.18959574 -0.18967016 -0.18973344 -0.18978675 -0.18983122 -0.18986794 -0.18989793 -0.18992212 -0.1899414 -0.18995655 -0.18996828 -0.18997724 -0.18998395 -0.1899889 -0.18999248 -0.18999502 -0.18999678 -0.18999797 -0.18999876 -0.18999927 -0.18999958 -0.18999978
-0.16478375 -0.16609136 -0.16735897 -0.16858664 -0.16977445 -0.17092256 -0.17203111 -0.17310031 -0.17413041 -0.17512166 -0.17607438 -0.1769889 -0.17786557 -0.17870479 -0.17950699 -0.18027262 -0.18100215 -0.18169611 -0.18235502 -0.18297947 -0.18357005 -0.1841274 -0.18465219 -0.18514513 -0.18560696 -0.18603846 -0.18644045 -0.18681379 -0.18715938 -0.18747818 -0.18777115 -0.18803933 -0.18828379 -0.18850562 -0.18870596 -0.18888598 -0.18904687 -0.18918984 -0.18931611 -0.18942691 -0.18952346 -0.18960698 -0.18967868 -0.1897397 -0.18979119 -0.18983422 -0.18986983 -0.18989897 -0.18992257 -0.18994143 -0.18995632 -0.18996791 -0.18997681 -0.18998353 -0.18998852 -0.18999216 -0.18999477 -0.1899966 -0.18999786 -0.18999871 -0.18999926 -0.18999963 -0.18999987
-0.16572978 -0.1669871 -0.16820599 -0.16938652 -0.17052879 -0.17163294 -0.17269913 -0.17372757 -0.17471848 -0.17567212 -0.17658878 -0.17746876 -0.17831241 -0.17912011 -0.17989223 -0.18062921 -0.18133151 -0.18199958 -0.18263396 -0.18323517 -0.18380378 -0.1843404 -0.18484567 -0.18532025 -0.18576487 -0.18618026 -0.18656723 -0.1869266 -0.18725923 -0.18756606 -0.18784802 -0.18810612 -0.18834139 -0.1885549 -0.18874775 -0.18892106 -0.18907599 -0.18921372 -0.18933541 -0.18944227 -0.18953545 -0.18961614 -0.18968549 -0.18974459 -0.18979455 -0.18983639 -0.18987109 -0.18989959 -0.18992272 -0.1899413 -0.18995603 -0.18996756 -0.18997646 -0.18998323 -0.1899883 -0.18999205 -0.18999476 -0.18999671 -0.18999809 -0.18999906 -0.18999978 -0.19000034 -0.1900009
-0.16660866 -0.16781896 -0.16899232 -0.17012884 -0.1712286 -0.17229175 -0.17331845 -0.17430889 -0.17526329 -0.17618188 -0.17706494 -0.17791277 -0.17872567 -0.179504 -0.18024812 -0.18095843 -0.18163535 -0.18227934 -0.18289086 -0.18347044 -0.1840186 -0.18453594 -0.18502304 -0.18548057 -0.1859092 -0.18630965 -0.18668269 -0.18702912 -0.18734978 -0.18764556 -0.18791739 -0.18816623 -0.18839308 -0.18859898 -0.188785 -0.18895223 -0.18910179 -0.1892348 -0.1893524 -0.18945575 -0.18954596 -0.18962417 -0.18969147 -0.18974894 -0.1897976 -0.18983845 -0.18987243 -0.18990042 -0.18992323 -0.18994163 -0.18995629 -0.18996785 -0.18997684 -0.18998377 -0.18998903 -0.18999301 -0.18999602 -0.18999833 -0.1900002 -0.19000187 -0.19000368 -0.1900061 -0.19001005
-0.16743069 -0.16859687 -0.16972754 -0.17082279 -0.17188272 -0.17290747 -0.17389718 -0.17485203 -0.17577224 -0.17665802 -0.17750963 -0.17832735 -0.17911146 -0.17986229 -0.18058019 -0.18126552 -0.18191868 -0.1825401 -0.18313022 -0.18368954 -0.18421857 -0.18471785 -0.18518796 -0.18562954 -0.18604323 -0.18642973 -0.18678978 -0.18712416 -0.18743369 -0.18771922 -0.18798165 -0.18822193 -0.18844102 -0.18863993 -0.18881969 -0.18898137 -0.18912603 -0.18925478 -0.1893687 -0.18946891 -0.18955649 -0.18963251 -0.18969805 -0.18975412 -0.18980171 -0.18984177 -0.18987521 -0.18990287 -0.18992554 -0.18994395 -0.18995876 -0.18997059 -0.18997999 -0.18998746 -0.18999345 -0.18999841 -0.19000278 -0.19000708 -0.19001201 -0.19001866 -0.19002909 -0.1900476 -0.19008414
-0.16820545 -0.16933009 -0.17042058 -0.171477 -0.17249945 -0.17348807 -0.17444298 -0.17536436 -0.17625241 -0.17710733 -0.17792935 -0.17871873 -0.17947575 -0.1802007 -0.18089391 -0.18155573 -0.18218652 -0.1827867 -0.18335668 -0.18389693 -0.18440793 -0.18489023 -0.18534437 -0.18577095 -0.18617061 -0.18654402 -0.1868919 -0.187215 -0.18751411 -0.18779008 -0.18804377 -0.1882761 -0.188488 -0.18868045 -0.18885446 -0.18901105 -0.18915127 -0.18927616 -0.18938679 -0.18948422 -0.1895695 -0.18964367 -0.18970775 -0.18976273 -0.18980957 -0.18984919 -0.18988245 -0.1899102 -0.18993322 -0.18995224 -0.18996796 -0.18998105 -0.18999217 -0.190002 -0.1900113 -0.19002104 -0.19003257 -0.1900481 -0.19007154 -0.19011058 -0.19018155 -0.19032214 -0.19062731
-0.16894206 -0.17002745 -0.17107999 -0.17209974 -0.1730868 -0.17404129 -0.17496335 -0.17585312 -0.17671079 -0.17753655 -0.17833062 -0.17909323 -0.17982464 -0.18052513 -0.181195 -0.18183458 -0.18244423 -0.18302431 -0.18357525 -0.18409747 -0.18459145 -0.1850577 -0.18549676 -0.1859092 -0.18629564 -0.18665673 -0.18699317 -0.18730569 -0.18759506 -0.1878621 -0.18810766 -0.18833261 -0.18853788 -0.18872441 -0.18889318 -0.18904519 -0.18918143 -0.18930295 -0.18941076 -0.1895059 -0.18958938 -0.18966223 -0.18972544 -0.18977999 -0.18982681 -0.18986685 -0.189901 -0.18993014 -0.18995514 -0.18997689 -0.18999633 -0.19001449 -0.19003262 -0.1900524 -0.19007625 -0.19010803 -0.19015439 -0.19022762 -0.19035199 -0.19057881 -0.19102449 -0.19197442 -0.19419013
-0.16964939 -0.17069762 -0.1717142 -0.17269922 -0.17365276 -0.17457493 -0.17546585 -0.17632567 -0.17715456 -0.17795268 -0.17872025 -0.17945748 -0.18016462 -0.18084191 -0.18148965 -0.18210815 -0.18269774 -0.18325879 -0.18379168 -0.18429683 -0.18477471 -0.18522579 -0.18565061 -0.18604972 -0.18642372 -0.18677324 -0.18709897 -0.18740162 -0.18768194 -0.18794072 -0.1881788 -0.18839704 -0.18859634 -0.18877761 -0.18894182 -0.18908994 -0.18922295 -0.18934187 -0.1894477 -0.18954148 -0.18962422 -0.18969695 -0.18976068 -0.18981645 -0.18986529 -0.18990824 -0.1899464 -0.18998095 -0.19001319 -0.19004468 -0.1900774 -0.19011403 -0.19015851 -0.19021699 -0.19029971 -0.19042465 -0.19062519 -0.19096682 -0.19158584 -0.19278426 -0.1952779 -0.20088559 -0.21452645
-0.17033639 -0.17134932 -0.17233178 -0.17328382 -0.17420554 -0.17509702 -0.17595839 -0.17678978 -0.17759134 -0.17836323 -0.17910564 -0.17981878 -0.18050286 -0.18115815 -0.1817849 -0.18238341 -0.182954 -0.18349702 -0.18401285 -0.18450188 -0.18496457 -0.18540139 -0.18581284 -0.18619948 -0.18656189 -0.18690069 -0.18721655 -0.18751018 -0.1877823 -0.18803372 -0.18826523 -0.1884777 -0.18867202 -0.1888491 -0.18900989 -0.18915537 -0.18928654 -0.18940443 -0.18951008 -0.18960457 -0.189689 -0.18976451 -0.1898323 -0.18989362 -0.18994987 -0.19000259 -0.1900536 -0.19010518 -0.19016027 -0.19022292 -0.19029906 -0.19039774 -0.19053351 -0.19073086 -0.19103284 -0.19151885 -0.19234243 -0.19381637 -0.19661308 -0.20225886 -0.21438488 -0.24178497 -0.30415283
-0.17101224 -0.17199164 -0.17294167 -0.17386239 -0.17475387 -0.17561622 -0.17644952 -0.17725392 -0.17802954 -0.17877653 -0.17949509 -0.18018538 -0.18084764 -0.1814821 -0.18208901 -0.18266865 -0.18322134 -0.18374742 -0.18424724 -0.18472121 -0.18516975 -0.18559335 -0.1859925 -0.18636774 -0.18671965 -0.18704885 -0.18735601 -0.18764183 -0.18790705 -0.18815246 -0.18837889 -0.18858719 -0.18877829 -0.18895313 -0.18911271 -0.18925806 -0.18939026 -0.18951046 -0.18961985 -0.18971974 -0.1898115 -0.1898967 -0.18997706 -0.19005466 -0.19013198 -0.19021219 -0.19029948 -0.19039963 -0.19052095 -0.19067592 -0.19088397 -0.1911765 -0.19160628 -0.19226544 -0.19332147 -0.19509209 -0.19820671 -0.20396625 -0.21515555 -0.23780317 -0.28423293 -0.37378009 -0.51315865
-0.17168667 -0.17263423 -0.17355348 -0.17444448 -0.1753073 -0.17614202 -0.17694875 -0.17772759 -0.17847867 -0.17920215 -0.17989819 -0.18056698 -0.18120872 -0.18182363 -0.18241198 -0.18297403 -0.18351009 -0.18402049 -0.18450561 -0.18496583 -0.18540159 -0.18581336 -0.18620165 -0.186567 -0.18691002 -0.18723133 -0.18753161 -0.18781159 -0.18807205 -0.18831381 -0.18853776 -0.18874483 -0.18893602 -0.18911239 -0.18927508 -0.18942533 -0.18956448 -0.18969401 -0.18981557 -0.18993106 -0.1900427 -0.19015318 -0.1902658 -0.19038486 -0.19051602 -0.19066709 -0.19084915 -0.19107844 -0.19137954 -0.19179085 -0.1923743 -0.19323303 -0.19454482 -0.19662687 -0.20006536 -0.20597997 -0.21656494 -0.2361442 -0.27285283 -0.33939225 -0.44525019 -0.57223432 -0.67034505
-0.17237023 -0.17328765 -0.17417779 -0.17504072 -0.17587648 -0.17668517 -0.17746687 -0.17822171 -0.17894979 -0.17965128 -0.18032633 -0.18097512 -0.18159786 -0.18219477 -0.18276611 -0.18331216 -0.18383323 -0.18432965 -0.18480181 -0.18525012 -0.18567502 -0.186077 -0.1864566 -0.18681441 -0.18715105 -0.18746721 -0.18776362 -0.1880411 -0.18830051 -0.1885428 -0.18876899 -0.18898019 -0.18917765 -0.18936272 -0.18953693 -0.18970199 -0.18985991 -0.19001302 -0.1901641 -0.19031658 -0.19047479 -0.19064427 -0.19083243 -0.19104931 -0.19130897 -0.19163162 -0.19204702 -0.19260026 -0.19336142 -0.19444259 -0.19602805 -0.1984297 -0.20219041 -0.20827956 -0.21845999 -0.23594 -0.26632912 -0.31814619 -0.39952445 -0.50570807 -0.60723867 -0.67091163 -0.69203484
-0.17307456 -0.17396365 -0.17482648 -0.1756631 -0.17647358 -0.177258 -0.17801646 -0.17874906 -0.17945594 -0.18013725 -0.18079314 -0.18142382 -0.18202949 -0.18261039 -0.18316679 -0.18369899 -0.18420732 -0.18469215 -0.18515387 -0.18559295 -0.18600987 -0.18640519 -0.18677951 -0.18713348 -0.18746783 -0.18778337 -0.18808098 -0.18836164 -0.18862642 -0.18887655 -0.18911337 -0.18933842 -0.18955346 -0.18976053 -0.18996202 -0.19016078 -0.19036029 -0.19056482 -0.19077983 -0.19101231 -0.19127151 -0.19156987 -0.19192456 -0.1923597 -0.19291005 -0.19362674 -0.19458676 -0.19590879 -0.19778008 -0.20050318 -0.20457798 -0.21084664 -0.22074567 -0.23671786 -0.26276916 -0.30477115 -0.36893866 -0.45555868 -0.54967582 -0.62462269 -0.66427429 -0.67293872 -0.6628914
