Interpolating SPI Data/spi_stations/interpolated_spi/10-19_3.tif
NCOLS 257
NROWS 141
XLLCORNER -178.27925
YLLCORNER 5.3153543
DX 0.49934803
DY 0.49997533
NODATA_VALUE -9999
[rows 108 to 134 of 141, columns 0 to 60 of 257]
-0.80694868 -0.80647532 -0.80588296 -0.80515377 -0.80426684 -0.80319753 -0.80191685 -0.80039063 -0.79857854 -0.79643302 -0.79389795 -0.79090724 -0.78738322 -0.78323493 -0.77835648 -0.77262549 -0.76590217 -0.75802918 -0.74883329 -0.73812941 -0.72572842 -0.71145003 -0.69514185 -0.67670546 -0.65612869 -0.63352132 -0.60914799 -0.58344948 -0.55704156 -0.53068333 -0.50521322 -0.48146124 -0.4601557 -0.44184626 -0.42686072 -0.4153022 -0.40708095 -0.40196719 -0.39965001 -0.39979021 -0.40206081 -0.40617349 -0.41189284 -0.41904115 -0.42749722 -0.43719165 -0.44810057 -0.46023904 -0.47365479 -0.48842239 -0.504638 -0.52241432 -0.54187539 -0.56315095 -0.58636976 -0.61165143 -0.63909647 -0.66877411 -0.70070809 -0.73486066 -0.77111591
-0.80422052 -0.80352273 -0.80267371 -0.80165084 -0.80042766 -0.79897318 -0.79725106 -0.79521875 -0.79282635 -0.79001551 -0.78671806 -0.78285471 -0.77833361 -0.77304917 -0.76688119 -0.75969465 -0.75134073 -0.74165965 -0.73048613 -0.71765866 -0.70303333 -0.68650318 -0.66802293 -0.64763765 -0.62551199 -0.60195386 -0.57742491 -0.55252973 -0.52797902 -0.50452815 -0.48290053 -0.46371168 -0.44741075 -0.43425175 -0.42429721 -0.41744862 -0.41349226 -0.41214869 -0.41311673 -0.41610719 -0.42086514 -0.42718202 -0.43490004 -0.44391132 -0.45415395 -0.46560668 -0.47828295 -0.49222522 -0.50749946 -0.52419 -0.5423945 -0.56221871 -0.58377079 -0.60715472 -0.63246256 -0.65976525 -0.68910184 -0.72046733 -0.75379955 -0.78896596 -0.82575207
-0.80094252 -0.7999645 -0.79879659 -0.79741063 -0.79577386 -0.7938481 -0.79158889 -0.78894456 -0.78585512 -0.78225118 -0.77805283 -0.77316863 -0.76749488 -0.76091536 -0.753302 -0.74451681 -0.73441581 -0.72285572 -0.70970402 -0.69485336 -0.67824026 -0.65986776 -0.63982993 -0.61833463 -0.59571887 -0.57245072 -0.54911177 -0.52635841 -0.50486493 -0.48525806 -0.46805587 -0.45362413 -0.44215789 -0.43368923 -0.42811555 -0.42523917 -0.42480896 -0.42655711 -0.43022732 -0.43559359 -0.44247064 -0.45071779 -0.46023842 -0.4709767 -0.48291289 -0.49605814 -0.51044915 -0.52614309 -0.54321258 -0.56174078 -0.58181621 -0.60352722 -0.62695565 -0.65216965 -0.67921536 -0.70810752 -0.73881922 -0.7712712 -0.80532164 -0.84075762 -0.87728975
-0.79703328 -0.7957128 -0.79415703 -0.79233167 -0.79019704 -0.78770724 -0.78480933 -0.78144242 -0.77753675 -0.77301286 -0.76778099 -0.76174083 -0.7547819 -0.74678495 -0.73762475 -0.72717498 -0.71531564 -0.70194367 -0.68698723 -0.6704232 -0.6522972 -0.63274369 -0.61200262 -0.5904278 -0.56848212 -0.546716 -0.52572895 -0.50611839 -0.48842457 -0.47308211 -0.46038782 -0.45048977 -0.44339739 -0.43900728 -0.43713729 -0.43756164 -0.44004178 -0.44435002 -0.45028545 -0.45768291 -0.46641643 -0.47639891 -0.48757936 -0.49993876 -0.51348543 -0.52825016 -0.54428139 -0.56164049 -0.58039694 -0.60062342 -0.62239042 -0.64576038 -0.67078107 -0.69747822 -0.72584739 -0.75584545 -0.78738192 -0.82031115 -0.85442607 -0.88945497 -0.92506238
-0.7924101 -0.79067948 -0.78866155 -0.78631548 -0.78359444 -0.78044481 -0.77680551 -0.77260728 -0.76777221 -0.76221344 -0.75583545 -0.74853504 -0.74020338 -0.73072952 -0.72000597 -0.70793659 -0.69444733 -0.67949984 -0.66310738 -0.64535187 -0.62639968 -0.60651275 -0.58605129 -0.56546422 -0.54526558 -0.52599793 -0.50818734 -0.4922976 -0.47869227 -0.46761128 -0.4591654 -0.45334736 -0.4500552 -0.44912149 -0.45034312 -0.45350714 -0.45841075 -0.46487481 -0.47275155 -0.48192764 -0.49232402 -0.50389351 -0.51661722 -0.53050037 -0.54556784 -0.56185969 -0.57942668 -0.59832569 -0.61861505 -0.64034947 -0.66357465 -0.68832128 -0.71459855 -0.74238728 -0.77163273 -0.80223778 -0.83405689 -0.86689167 -0.90048905 -0.934543 -0.9687004
-0.78699253 -0.78478043 -0.78222309 -0.77927323 -0.77587718 -0.77197442 -0.76749707 -0.76236975 -0.75650967 -0.74982738 -0.74222824 -0.7336151 -0.72389236 -0.71297195 -0.70078146 -0.68727458 -0.6724437 -0.65633394 -0.63905712 -0.62080346 -0.60184808 -0.58254915 -0.56333525 -0.54468123 -0.52707442 -0.51097567 -0.49678182 -0.48479615 -0.47521181 -0.46810997 -0.46347127 -0.46119662 -0.46113242 -0.46309566 -0.46689587 -0.47235189 -0.47930348 -0.4876179 -0.4971927 -0.50795558 -0.51986236 -0.53289388 -0.54705215 -0.56235634 -0.57883862 -0.59653993 -0.61550574 -0.6357816 -0.65740849 -0.68041786 -0.7048263 -0.73062989 -0.75779831 -0.78626901 -0.81594167 -0.84667367 -0.87827696 -0.91051723 -0.94311603 -0.97575623 -1.0080914
-0.78070698 -0.77794127 -0.77476805 -0.77113425 -0.76698061 -0.7622415 -0.756845 -0.75071343 -0.74376446 -0.73591311 -0.72707477 -0.71716978 -0.70612954 -0.6939046 -0.68047451 -0.66585916 -0.65013072 -0.63342465 -0.61594774 -0.59798077 -0.5798733 -0.56202927 -0.54488339 -0.52887063 -0.51439302 -0.50178909 -0.49131124 -0.48311416 -0.4772556 -0.47370758 -0.47237484 -0.47311654 -0.47576758 -0.48015712 -0.48612288 -0.49352101 -0.50223181 -0.51216216 -0.5232455 -0.53544004 -0.54872604 -0.56310233 -0.57858271 -0.59519205 -0.61296238 -0.63192898 -0.65212617 -0.67358315 -0.6963194 -0.72034006 -0.74563096 -0.77215371 -0.79984082 -0.82859141 -0.85826767 -0.88869279 -0.91965074 -0.95088855 -0.98212135 -1.0130404 -1.0433239
-0.77349285 -0.77010467 -0.76624496 -0.76185642 -0.75687645 -0.75123744 -0.74486771 -0.73769293 -0.72963851 -0.72063297 -0.7106127 -0.69952815 -0.68735152 -0.67408589 -0.65977509 -0.6445135 -0.62845436 -0.61181464 -0.59487458 -0.57797026 -0.56147837 -0.54579387 -0.53130298 -0.51835516 -0.50723849 -0.49816246 -0.49125022 -0.48654103 -0.48400092 -0.48353902 -0.48502618 -0.48831317 -0.49324639 -0.49968 -0.50748439 -0.51655119 -0.52679533 -0.5381551 -0.55059065 -0.56408146 -0.57862338 -0.59422518 -0.61090513 -0.6286873 -0.64759795 -0.66766172 -0.68889776 -0.71131567 -0.73491141 -0.759663 -0.78552639 -0.81243148 -0.84027866 -0.8689362 -0.89823883 -0.92798797 -0.95795403 -0.98788089 -1.0174929 -1.0465038 -1.0746283
-0.76530973 -0.76123888 -0.75663448 -0.75143763 -0.7455858 -0.73901401 -0.73165659 -0.72344982 -0.71433554 -0.70426596 -0.69320967 -0.68115889 -0.66813754 -0.65420971 -0.63948737 -0.6241362 -0.60837785 -0.59248717 -0.57678328 -0.56161437 -0.54733702 -0.53429267 -0.52278416 -0.51305608 -0.50528182 -0.4995587 -0.49591138 -0.4943019 -0.49464403 -0.49681932 -0.50069261 -0.50612537 -0.51298614 -0.52115774 -0.53054158 -0.54105961 -0.55265426 -0.56528722 -0.5789372 -0.59359719 -0.60927148 -0.62597238 -0.64371693 -0.66252356 -0.6824086 -0.70338277 -0.72544761 -0.74859184 -0.77278768 -0.79798737 -0.82411993 -0.85108836 -0.87876773 -0.90700425 -0.93561578 -0.96439396 -0.99310833 -1.0215122 -1.0493504 -1.0763686 -1.102323
-0.75614577 -0.75134719 -0.74596004 -0.73992745 -0.7331917 -0.72569621 -0.71738833 -0.7082231 -0.69816796 -0.68720844 -0.67535478 -0.66264899 -0.64917173 -0.63504824 -0.62045195 -0.60560465 -0.59077204 -0.57625408 -0.56237019 -0.54944064 -0.53776612 -0.52760839 -0.51917469 -0.51260807 -0.50798468 -0.50531772 -0.50456674 -0.50565023 -0.50845943 -0.51287165 -0.51876162 -0.52601042 -0.53451171 -0.54417548 -0.55492973 -0.56672049 -0.5795107 -0.59327831 -0.60801375 -0.62371726 -0.64039592 -0.65806063 -0.67672307 -0.69639253 -0.71707275 -0.73875878 -0.76143372 -0.78506565 -0.80960464 -0.8349801 -0.86109857 -0.88784228 -0.91506859 -0.94261063 -0.97027936 -0.9978671 -1.0251527 -1.0519079 -1.0779054 -1.1029268 -1.1267717
-0.74602626 -0.74047741 -0.73429785 -0.72743748 -0.719849 -0.71149081 -0.70233075 -0.69235058 -0.68155136 -0.6699592 -0.65763132 -0.64466151 -0.63118433 -0.61737694 -0.60345761 -0.58968021 -0.57632422 -0.56368088 -0.55203651 -0.5416551 -0.5327624 -0.52553359 -0.52008628 -0.51647928 -0.51471682 -0.51475706 -0.51652314 -0.51991512 -0.52482133 -0.53112816 -0.53872767 -0.54752302 -0.55743169 -0.56838696 -0.580338 -0.59324884 -0.6070967 -0.62186974 -0.63756466 -0.65418395 -0.67173324 -0.69021843 -0.70964294 -0.7300048 -0.75129386 -0.77348903 -0.79655553 -0.82044247 -0.84508058 -0.87038055 -0.89623186 -0.92250253 -0.94903982 -0.97567211 -1.002212 -1.0284608 -1.0542139 -1.0792674 -1.1034252 -1.1265062 -1.148351
-0.73502176 -0.72873011 -0.72178495 -0.71414828 -0.70578929 -0.69668795 -0.68683933 -0.67625829 -0.66498466 -0.65308809 -0.64067226 -0.62787758 -0.61488157 -0.60189618 -0.58916155 -0.57693623 -0.56548431 -0.5550608 -0.54589685 -0.53818671 -0.53207816 -0.52766746 -0.52499921 -0.52407068 -0.52483945 -0.52723316 -0.53115983 -0.53651758 -0.54320305 -0.55111796 -0.56017379 -0.57029458 -0.58141829 -0.59349683 -0.6064952 -0.62038998 -0.63516738 -0.65082098 -0.66734937 -0.68475365 -0.70303489 -0.7221916 -0.74221721 -0.76309753 -0.78480837 -0.80731319 -0.830561 -0.85448459 -0.87899908 -0.90400114 -0.92936886 -0.95496248 -0.98062611 -1.0061904 -1.0314765 -1.0563004 -1.0804789 -1.1038353 -1.1262054 -1.1474438 -1.1674287
-0.72325459 -0.7162643 -0.70862324 -0.70031091 -0.69131865 -0.68165351 -0.67134252 -0.66043697 -0.64901632 -0.63719123 -0.62510498 -0.61293272 -0.60087794 -0.58916592 -0.57803437 -0.56772168 -0.55845423 -0.5504339 -0.54382754 -0.53875949 -0.53530811 -0.5335064 -0.53334619 -0.53478512 -0.53775513 -0.54217141 -0.54794077 -0.5549689 -0.56316603 -0.57245093 -0.58275347 -0.59401571 -0.606192 -0.61924824 -0.63316049 -0.64791329 -0.66349759 -0.67990863 -0.69714369 -0.71519982 -0.73407153 -0.75374855 -0.77421362 -0.79544038 -0.81739134 -0.84001613 -0.86325002 -0.88701275 -0.91120797 -0.9357232 -0.96043056 -0.98518833 -1.0098433 -1.034234 -1.0581947 -1.0815603 -1.1041711 -1.125878 -1.146548 -1.1660682 -1.1843498
-0.71090211 -0.70329881 -0.69507799 -0.68624136 -0.67680667 -0.66681133 -0.65631599 -0.6454075 -0.63420089 -0.62283981 -0.61149489 -0.60035967 -0.58964401 -0.57956528 -0.57033784 -0.56216209 -0.55521397 -0.5496365 -0.54553401 -0.54296986 -0.54196755 -0.54251475 -0.54456958 -0.54806803 -0.55293178 -0.55907536 -0.56641245 -0.57486078 -0.5843456 -0.59480189 -0.6061754 -0.61842267 -0.63151043 -0.64541437 -0.66011762 -0.67560893 -0.69188074 -0.70892714 -0.72674185 -0.74531615 -0.7646369 -0.78468454 -0.80543127 -0.82683933 -0.84885946 -0.87142971 -0.89447448 -0.91790408 -0.94161483 -0.96548969 -0.9893997 -1.013206 -1.0367626 -1.05992 -1.0825288 -1.1044443 -1.1255312 -1.1456671 -1.1647475 -1.1826885 -1.1994296
-0.69819571 -0.69010812 -0.68146956 -0.67230704 -0.6626667 -0.6526165 -0.64224851 -0.63167991 -0.62105267 -0.61053125 -0.60029825 -0.590548 -0.58147837 -0.57328147 -0.56613423 -0.56018971 -0.55557023 -0.55236307 -0.550619 -0.55035376 -0.55155185 -0.55417217 -0.55815455 -0.56342648 -0.56990939 -0.57752404 -0.58619477 -0.59585259 -0.60643704 -0.61789714 -0.63019146 -0.64328751 -0.65716075 -0.67179318 -0.68717172 -0.70328647 -0.72012892 -0.73769009 -0.75595869 -0.77491934 -0.79455086 -0.81482461 -0.83570306 -0.85713843 -0.87907171 -0.90143188 -0.92413561 -0.94708734 -0.97017994 -0.99329591 -1.0163092 -1.0390877 -1.0614959 -1.0833986 -1.1046646 -1.1251702 -1.1448032 -1.1634665 -1.181081 -1.1975877 -1.2129498
-0.68541444 -0.67701197 -0.66815807 -0.6589059 -0.64932896 -0.63952255 -0.62960415 -0.6197124 -0.61000441 -0.6006513 -0.59183205 -0.58372609 -0.57650509 -0.57032491 -0.56531844 -0.56159009 -0.55921257 -0.55822611 -0.55864012 -0.56043671 -0.56357579 -0.56800075 -0.57364434 -0.58043413 -0.58829717 -0.5971637 -0.60696982 -0.61765915 -0.62918367 -0.64150378 -0.65458782 -0.66841111 -0.68295477 -0.69820422 -0.7141477 -0.73077454 -0.74807362 -0.76603162 -0.78463153 -0.80385104 -0.82366119 -0.84402501 -0.86489647 -0.88621957 -0.90792777 -0.9299437 -0.95217931 -0.97453648 -0.99690806 -1.0191795 -1.0412308 -1.0629392 -1.0841819 -1.1048396 -1.1247992 -1.1439577 -1.1622246 -1.1795255 -1.1958032 -1.2110201 -1.2251587
-0.67287307 -0.66435896 -0.65552225 -0.64644028 -0.63720996 -0.62794749 -0.61878692 -0.60987719 -0.60137772 -0.59345265 -0.58626409 -0.57996507 -0.57469262 -0.57056188 -0.56766176 -0.56605256 -0.56576567 -0.56680533 -0.56915192 -0.57276646 -0.57759566 -0.58357704 -0.59064365 -0.59872814 -0.60776599 -0.61769784 -0.62847099 -0.64004011 -0.65236731 -0.66542171 -0.67917864 -0.69361856 -0.70872573 -0.72448684 -0.74088955 -0.75792101 -0.7755664 -0.7938075 -0.81262135 -0.83197898 -0.85184432 -0.87217323 -0.89291274 -0.91400059 -0.93536501 -0.95692487 -0.97859024 -1.0002633 -1.0218397 -1.0432104 -1.064264 -1.0848887 -1.1049756 -1.1244214 -1.143131 -1.1610206 -1.1780197 -1.1940734 -1.2091437 -1.2232107 -1.2362724
-0.66090524 -0.65250569 -0.64393458 -0.63528897 -0.62668254 -0.61824382 -0.61011308 -0.60243811 -0.5953688 -0.58905126 -0.58362152 -0.57919984 -0.57588581 -0.57375493 -0.57285689 -0.5732157 -0.57483139 -0.57768307 -0.58173301 -0.58693098 -0.59321881 -0.60053446 -0.60881557 -0.61800231 -0.6280394 -0.63887745 -0.65047356 -0.66279145 -0.67580105 -0.6894778 -0.70380169 -0.71875607 -0.73432645 -0.75049917 -0.76726006 -0.78459318 -0.8024795 -0.82089573 -0.83981322 -0.85919698 -0.87900484 -0.89918685 -0.91968481 -0.94043218 -0.9613542 -0.98236836 -1.0033853 -1.0243098 -1.0450427 -1.0654823 -1.0855271 -1.1050775 -1.1240387 -1.1423232 -1.1598528 -1.1765612 -1.1923956 -1.2073181 -1.2213067 -1.234356 -1.2464768
-0.64984348 -0.64179379 -0.63373631 -0.62578124 -0.61805091 -0.6106767 -0.60379498 -0.59754222 -0.59204969 -0.58743813 -0.58381285 -0.58125981 -0.57984291 -0.57960285 -0.5805574 -0.58270318 -0.58601847 -0.59046678 -0.59600075 -0.60256609 -0.61010517 -0.61856011 -0.62787527 -0.63799905 -0.64888504 -0.6604926 -0.67278694 -0.68573882 -0.69932387 -0.71352179 -0.72831527 -0.74368892 -0.75962806 -0.77611757 -0.79314068 -0.81067788 -0.82870585 -0.84719647 -0.86611595 -0.88542417 -0.90507407 -0.92501134 -0.94517429 -0.96549399 -0.98589471 -1.0062946 -1.0266069 -1.0467411 -1.0666044 -1.0861041 -1.1051492 -1.1236527 -1.1415335 -1.1587192 -1.1751471 -1.1907666 -1.2055402 -1.2194446 -1.2324712 -1.2446263 -1.2559308
-0.63999827 -0.63252784 -0.6252154 -0.61817666 -0.61153407 -0.605413 -0.59993729 -0.59522465 -0.59138199 -0.5885014 -0.5866569 -0.58590238 -0.58627082 -0.58777482 -0.59040823 -0.5941488 -0.59896129 -0.60480102 -0.6116172 -0.61935617 -0.62796409 -0.63738906 -0.64758281 -0.65850165 -0.670107 -0.68236551 -0.69524874 -0.70873263 -0.72279672 -0.73742326 -0.75259618 -0.76830008 -0.78451913 -0.80123606 -0.81843112 -0.83608115 -0.85415873 -0.8726314 -0.89146105 -0.91060343 -0.93000789 -0.94961724 -0.9693679 -0.9891903 -1.0090095 -1.0287461 -1.0483174 -1.0676387 -1.0866253 -1.1051937 -1.1232639 -1.140761 -1.1576175 -1.1737744 -1.1891832 -1.2038072 -1.2176219 -1.2306164 -1.242793 -1.2541675 -1.2647685
-0.63163898 -0.6249571 -0.61859052 -0.61265288 -0.60725905 -0.60252113 -0.59854441 -0.59542342 -0.59323852 -0.5920533 -0.59191298 -0.592844 -0.59485458 -0.59793638 -0.60206683 -0.607212 -0.6133296 -0.6203721 -0.62828938 -0.63703122 -0.64654914 -0.65679785 -0.66773614 -0.67932737 -0.69153952 -0.70434499 -0.71772007 -0.73164429 -0.74609962 -0.76106955 -0.77653815 -0.79248914 -0.80890495 -0.8257658 -0.8430489 -0.86072761 -0.87877087 -0.89714254 -0.9158011 -0.93469928 -0.95378409 -0.97299685 -0.99227358 -1.0115456 -1.0307401 -1.0497815 -1.0685925 -1.0870952 -1.1052131 -1.1228725 -1.1400042 -1.1565452 -1.1724399 -1.1876422 -1.2021158 -1.2158361 -1.2287898 -1.240976 -1.2524061 -1.2631033 -1.2731023
-0.624979 -0.61926314 -0.61400259 -0.60930229 -0.60526348 -0.60198016 -0.59953575 -0.59800025 -0.59742812 -0.59785712 -0.59930808 -0.60178558 -0.60527952 -0.60976722 -0.615216 -0.62158584 -0.62883211 -0.63690795 -0.64576637 -0.65536199 -0.66565223 -0.67659817 -0.68816493 -0.7003218 -0.71304198 -0.7263022 -0.74008209 -0.75436349 -0.76912958 -0.78436415 -0.80005064 -0.81617137 -0.83270671 -0.84963432 -0.86692848 -0.8845595 -0.90249322 -0.92069066 -0.93910776 -0.95769539 -0.97639938 -0.99516084 -1.0139167 -1.0326002 -1.0511422 -1.0694717 -1.0875174 -1.1052089 -1.1224783 -1.1392615 -1.1554996 -1.1711405 -1.1861401 -1.2004631 -1.2140843 -1.2269893 -1.2391742 -1.2506465 -1.2614247 -1.2715379 -1.2810253
-0.62016657 -0.61555455 -0.61151416 -0.60813665 -0.6055058 -0.60369509 -0.60276535 -0.6027631 -0.60371963 -0.60565099 -0.60855873 -0.61243135 -0.61724621 -0.62297184 -0.62957035 -0.63699973 -0.64521606 -0.65417531 -0.66383489 -0.6741547 -0.6850979 -0.69663128 -0.70872535 -0.72135415 -0.73449486 -0.74812733 -0.76223335 -0.77679601 -0.79179891 -0.8072254 -0.82305784 -0.83927686 -0.8558607 -0.87278459 -0.89002023 -0.90753534 -0.92529338 -0.94325329 -0.96136949 -0.97959193 -0.99786638 -1.0161348 -1.0343361 -1.0524067 -1.0702814 -1.0878948 -1.1051822 -1.1220807 -1.138531 -1.1544781 -1.169873 -1.1846735 -1.1988457 -1.2123641 -1.2252129 -1.2373863 -1.2488884 -1.2597334 -1.2699454 -1.2795579 -1.2886135
-0.61728199 -0.6138683 -0.61111539 -0.60909779 -0.60788012 -0.60751512 -0.60804236 -0.60948754 -0.61186266 -0.61516673 -0.61938714 -0.62450143 -0.63047931 -0.63728482 -0.64487839 -0.65321874 -0.66226454 -0.67197572 -0.68231446 -0.69324585 -0.70473823 -0.71676326 -0.72929581 -0.7423136 -0.7557967 -0.76972702 -0.78408764 -0.79886212 -0.81403386 -0.82958535 -0.84549761 -0.8617495 -0.87831725 -0.89517393 -0.91228908 -0.92962845 -0.94715377 -0.96482274 -0.9825891 -1.0004029 -1.0182106 -1.0359562 -1.0535812 -1.0710258 -1.0882297 -1.1051334 -1.1216788 -1.1378106 -1.1534778 -1.168634 -1.1832392 -1.1972605 -1.2106726 -1.2234587 -1.2356112 -1.2471313 -1.2580297 -1.2683259 -1.2780486 -1.2872344 -1.2959282
-0.61634054 -0.61417677 -0.61273499 -0.6120719 -0.61223313 -0.61325215 -0.61514986 -0.61793479 -0.62160385 -0.62614357 -0.63153175 -0.63773924 -0.64473188 -0.65247231 -0.66092169 -0.67004111 -0.67979282 -0.69014108 -0.70105276 -0.71249764 -0.72444852 -0.73688107 -0.74977354 -0.76310634 -0.77686156 -0.79102237 -0.80557241 -0.82049519 -0.83577348 -0.85138873 -0.8673205 -0.883546 -0.90003965 -0.91677274 -0.93371316 -0.95082525 -0.96806975 -0.98540385 -1.0027814 -1.0201533 -1.0374678 -1.0546711 -1.0717083 -1.0885239 -1.1050628 -1.1212714 -1.1370983 -1.1524958 -1.1674203 -1.1818338 -1.1957043 -1.2090071 -1.2217246 -1.2338476 -1.245375 -1.2563142 -1.266681 -1.2764993 -1.2858009 -1.294625 -1.3030174
-0.61730004 -0.61639846 -0.61625367 -0.61690501 -0.61838065 -0.62069733 -0.62386064 -0.62786572 -0.63269848 -0.63833704 -0.64475334 -0.65191489 -0.65978636 -0.66833111 -0.67751247 -0.68729481 -0.69764428 -0.70852941 -0.71992134 -0.73179394 -0.74412367 -0.75688935 -0.77007177 -0.78365326 -0.79761716 -0.81194728 -0.82662734 -0.84164044 -0.85696853 -0.87259188 -0.88848871 -0.90463474 -0.92100291 -0.93756314 -0.95428218 -0.97112357 -0.9880477 -1.0050119 -1.021971 -1.0388771 -1.055681 -1.0723318 -1.0887786 -1.1049703 -1.1208573 -1.1363919 -1.1515293 -1.1662288 -1.180454 -1.1941742 -1.2073649 -1.2200084 -1.232094 -1.2436187 -1.2545871 -1.2650116 -1.274912 -1.2843156 -1.2932564 -1.301775 -1.309918
-0.62007131 -0.62041064 -0.62151828 -0.62341777 -0.62612227 -0.62963485 -0.63394921 -0.63905079 -0.64491808 -0.65152407 -0.65883782 -0.66682588 -0.67545361 -0.68468638 -0.69449049 -0.70483388 -0.71568657 -0.72702101 -0.73881206 -0.75103699 -0.76367517 -0.77670784 -0.7901176 -0.80388804 -0.8180032 -0.83244708 -0.84720317 -0.86225394 -0.87758041 -0.89316178 -0.90897502 -0.92499466 -0.9411925 -0.95753754 -0.97399591 -0.9905309 -1.0071031 -1.0236707 -1.0401898 -1.0566147 -1.0728988 -1.0889947 -1.1048555 -1.1204351 -1.1356891 -1.1505757 -1.1650563 -1.1790966 -1.192667 -1.2057435 -1.2183081 -1.2303491 -1.241862 -1.2528488 -1.2633189 -1.2732887 -1.282781 -1.2918256 -1.3004582 -1.3087198 -1.316657
