Interpolating SPI Data/spi_stations/interpolated_spi/10-19_1.tif
NCOLS 257
NROWS 141
XLLCORNER -178.27925
YLLCORNER 5.3153543
DX 0.49934803
DY 0.49997533
NODATA_VALUE -9999
[rows 56 to 83 of 141, columns 186 to 247 of 257]
1.0500308 1.05 1.05 1.05 1.0691526 1.5061089 -0.3398286 -0.34 0.97541619 0.55000038 0.55 0.55 0.57804355 0.59 0.47 0.47 0.47 0.47000008 1.76 0.53000001 0.53 0.53 0.53 1.5471188 1.42 1.42 1.42 0.62 0.62 1.22 1.24 1.13 1.13 1.45 1.45 1.45 1.2398769 1.24 1.24 0.44 0.56999961 0.57 0.46216605 0.37 0.37 0.2 0.2 0.2 0.2 0.24999999 0.0062023843 2.4387626e-46 2.2934844e-78 4.6967372e-20 0.15 0.15 0.15 -1.0749524 -0.8 -0.8 -0.8 -0.80000002
1.0500656 1.05 1.05 1.05 0.96017981 1.5099528 1.51 1.4203055 1.09 1.09 0.55006043 0.75590646 0.86 0.86 0.85862697 0.47512447 1.0499993 1.76 1.76 1.76 0.5303251 1.55 1.55 1.55 1.42 1.42 0.1870025 0.15 1.19 0.76 1.24 1.24 1.1300538 1.45 1.45 0.97 0.97 0.56000001 0.56 0.64 0.64 0.46964914 0.37 0.37 -0.13999957 -0.36 0.19999996 0.2 0.2 0.25 0.25 3.6508843e-05 2.3105981e-28 4.8859558e-14 0.15 0.15 0.15 0.14999989 -0.8 -0.8 -0.8 -0.8
1.5084446 1.05 1.05 1.05 0.96 0.96075742 1.51 1.51 1.09 1.09 1.09 0.83 0.86 0.86 0.9979 1.05 1.05 1.76 1.76 1.76 1.4200025 1.42 1.55 1.55 1.25 1.25 1.77 0.15000046 1.1200008 1.8 1.7999843 0.87000037 0.87 0.98354656 0.97 0.97 0.96999998 0.47308118 0.56 0.56 0.47 0.47 0.14 0.14 -0.14 -0.36 0.16 0.16 0.23995892 0.25 0.25 0.48 0.48 0.00018904728 0.15 0.15 0.15 -0.77942245 -0.8 -0.8 -0.8 -0.8
1.51 1.05 1.05 1.0499999 0.96 0.96 1.51 0.86 0.86 1.09 0.72003549 0.83 0.83 1.54 1.54 1.05 1.6000385 1.6399997 1.76 1.57 1.5699991 1.42 1.42 1.7 1.7 1.7899251 1.77 1.0300009 1.03 1.8 1.8 0.87 0.87 0.87 0.97 0.97 0.44 0.48 0.36000431 0.28 0.28025651 0.47 0.14 0.13999993 0.25 0.44 0.16 0.040003746 -0.04 -0.42 0.48 0.48 0.48 0.48 0.15000412 0.15 0.15 -0.79999962 -0.8 -0.8 -0.8 -0.8
1.5099909 1.2799999 1.28 1.2785698 0.96 0.96 0.96000001 1.21 0.86000761 0.72 0.72 0.72000116 0.81 1.54 1.54 1.6404498 1.64 2.07 2.04 1.55 1.59 1.5899889 2.33 2.58 1.7499944 1.79 1.6700001 1.67 1.03 1.7999999 1.7845246 0.87 0.87 0.87 0.38000002 0.38 0.38 0.36004893 0.52 0.28 0.7 0.7 0.14000734 0.57 0.56996644 0.44 -0.19 0.04 -0.04 -0.12288038 -0.38870435 0.48 0.48 0.48 0.4799596 0.15000003 0.14928113 -0.79999998 -0.8 -0.8 -0.8 -0.8
1.07 1.28 1.28 1.28 0.96 0.96 1.21 1.21 0.16 0.35469671 0.72 0.81 0.81 1.83 1.67 1.67 2.07 2.07 2.36 1.02 1.59 2.02 2.329999 1.9 1.7498048 1.72 1.67 1.67 1.6699995 0.96473191 0.84 0.84 0.84 0.84 0.38 0.38 0.38 0.38 0.38 1.08 0.09 0.34 0.08 0.1 0.34 0.32626274 0.11 -0.14774525 0.04 0.04 0.039999847 0.47999222 0.48 0.48 0.47999999 0.21069832 -0.34231107 -0.79999998 -0.8 -0.8 -0.8 -0.8
1.07 1.28 1.28 1.28 1.93 0.96007515 0.96 0.96 0.16 0.41 0.78 0.78564253 1.31 1.3682672 1.39 1.539551 1.49 1.57 1.55 1.72 1.91 2.0199999 1.6500205 1.65 1.6614881 1.42 1.42 0.86 0.86 0.86 0.91999652 0.84000086 0.84 0.84 0.42851667 0.37999986 0.28 0.28 0.52 -0.23 -0.23 0.15250549 -0.29 -0.22 -0.095513225 0.11 0.11 0.11 0.04 0.04 0.04 0.040209842 0.47978155 0.47999817 0.47999921 0.47974409 -0.77975584 -0.79999995 -0.8 -0.8 -0.8 -0.8
1.99 1.99 1.2800053 1.93 1.93 1.9299757 0.77399448 0.96 0.73 0.84 0.85000003 1.28 1.4 1.27 1.54 1.54 1.6451096 1.81 1.6713321 1.7200376 1.76 1.76 1.65 1.65 1.52 1.42 1.42 0.86 0.86 0.86 0.92 0.92 0.92 0.91999998 0.90410074 0.28000089 0.28000039 0.52 0.2200003 0.22 -0.23 -0.24 -0.24 -0.21999987 -0.21997561 0.11 0.11 0.11 0.040328365 0.04 0.04 0.039999708 0.074167842 0.47732147 0.4799138 0.47996615 -0.78403931 -0.79999983 -0.8 -0.8 -0.8 -0.8
1.99 1.99 1.9682701 1.93 1.93 1.4000027 0.77 0.77 0.73 1.1000004 1.37 1.11 1.42 1.37 1.54 1.575302 1.65 1.65 1.81 1.6 1.7599055 1.76 1.76 1.5200031 1.52 0.87 0.77 0.77 0.77 0.7855966 0.92 0.92 0.92 0.92 0.91999998 0.28239927 0.46920751 0.22 0.22 0.22 0.22 -0.24 -0.24 -0.23427764 -0.21960056 0.1003121 0.11 0.11 0.10969586 0.040000115 0.039999999 0.039999794 0.040188323 0.18465595 0.46964844 0.47905352 -0.49551045 -0.79999929 -0.8 -0.8 -0.8 -0.8
1.9838323 1.98391 1.9101821 1.9234102 1.9236297 1.4 1.4 1.7 1.16 0.89 1.29 0.99000001 1.0277349 0.74413092 1.09 1.0200121 1.02 1.02 1.5793485 1.6 1.6 1.6 1.5135978 1.1749279 0.87 0.87 0.77 0.77 0.77 0.7700001 0.9200001 0.92 0.92 0.92 0.92 0.24270323 0.22000756 0.22 0.22 0.22 0.22 0.21669913 -0.24 -0.24 -0.21774537 -0.1280197 0.10999991 0.11 0.10999035 0.040939612 0.040000087 0.039999598 0.040003401 0.046041075 0.26011914 0.4566866 0.16866805 -0.79998183 -0.79999999 -0.8 -0.8 -0.8
1.64 1.64 1.6109769 1.56 1.56 0.92 1.44 1.38 1.16 1.020106 1.11 0.87054064 0.889993 0.43 0.8 1.0130402 1.02 1.02 1.4427645 1.46 1.46 1.514971 1.4 1.4 1.07 1.07 0.83 0.83 1.11 1.11 1.11 1.1064412 0.92 0.92 0.91999999 0.22028443 0.22000036 0.22 0.22 0.22 0.22 0.21999999 -0.23118131 -0.23999969 -0.23605602 -0.18358631 0.10991064 0.10999996 0.10999593 0.080249777 0.040056043 0.039999186 0.039990357 0.040657484 0.072048707 0.29372171 0.36715578 -0.7994058 -0.79999991 -0.8 -0.8 -0.80000001
1.64 1.64 1.2110455 1.5599976 1.41 1.21 1.57 1.4091499 1.3798448 1.032956 0.9600031 0.96 0.96 0.8 0.8 0.8 1.02 1.18 1.18 1.46 1.46 1.46 1.4 1.4 1.07 1.0961946 0.83 0.83000086 1.11 1.11 1.11 1.11 1.1099982 0.92051525 0.91999322 0.22005074 0.22000043 0.22 0.22 0.22 0.22 0.22 0.21557353 -0.23548216 -0.23990332 -0.19026337 0.10653976 0.10999164 0.10999547 0.10558584 0.042668305 0.040026133 0.039982509 0.040110683 0.046001756 0.11470646 0.29021365 -0.79120861 -0.79999719 -0.79999999 -0.8 -0.80000011
0.64 0.62778023 0.61 0.61 0.77846948 1.5699999 1.57 0.22 0.22 0.22 0.96 0.96 0.96 1.23 1.23 1.1442584 1.177539 1.18 1.18 1.33 1.33 1.19 1.4 1.02 1.02 1.12 1.12 1.23 1.11 1.11 1.11 1.11 1.11 1.1099993 1.0399357 0.2200373 0.22000092 0.22 0.22 0.22 0.22 0.21999998 0.21981196 0.05769658 -0.23356184 -0.22687671 0.083804561 0.10974907 0.10998642 0.10868212 0.061861582 0.040631297 0.039998663 0.039977201 0.04170472 0.061350088 0.15260767 -0.72586645 -0.79993815 -0.79999985 -0.80000002 -0.80000059
0.64 0.62872785 0.61 0.61 0.37 0.37 0.41 0.22 0.22 0.22041488 1.3099972 0.96 0.96 1.23 1.23 1.23 1.17 1.17 1.42 1.33 1.3298965 1.19 1.189999 1.05 1.3698678 1.37 1.3699105 1.23 1.2299994 1.11 1.11 1.11 1.11 1.11 1.1099981 0.2205987 0.22000081 0.22 0.22 0.22 0.22 0.21999986 0.21993055 0.20440985 -0.10194362 -0.22803832 0.011414832 0.10765952 0.10987874 0.10928803 0.087668179 0.045052945 0.040308257 0.039939765 0.040563706 0.047717148 0.084791706 -0.44867642 -0.79918153 -0.79999705 -0.80000009 -0.80000245
0.69 0.5 0.5 0.5 0.58 0.41 0.41 0.52069154 1.29 1.29 1.31 1.31 1.31 0.84 0.84 1.3299934 1.17 1.17 1.42 1.42 1.19 1.19 1.1008191 1.05 1.05 1.37 1.37 1.23 1.2299999 1.110323 1.11 1.11 1.11 1.11 1.11 0.78824916 0.22000074 0.22000001 0.22 0.22 0.21999999 0.21999929 0.21993794 0.21607264 0.11957147 -0.15030922 -0.12669258 0.098253979 0.10917622 0.10937578 0.099617487 0.058027095 0.042069475 0.040130665 0.04014903 0.043326197 0.059692522 -0.1046695 -0.79255416 -0.79995887 -0.80000008 -0.80000795
0.69 0.50010549 0.5 0.50000846 0.58 0.58 1.4778472 1.67 1.769488 1.85 1.31 1.31 0.81000003 0.84 0.84 1.33 1.33 1.3297143 1.39 1.39 0.88 0.88 0.61 0.61 1.05 1.0500392 1.3699999 1.2313585 1.2299996 1.1941409 1.1100859 1.1100013 1.1100002 1.1100002 1.1100003 1.1073011 0.22001314 0.22000002 0.22 0.21999999 0.21999988 0.2199972 0.21992047 0.21800385 0.18760814 0.014657577 -0.14744461 0.063520077 0.10631415 0.10897724 0.10398266 0.074881555 0.04746304 0.041125696 0.040119735 0.041562034 0.049757117 0.015743067 -0.75225185 -0.79959645 -0.79999595 -0.8000214
0.69 0.46 0.46 0.46 0.58989572 0.6074682 1.67 1.67 1.85 1.85 0.8900004 0.81 0.81 0.75 0.96 0.96 1.26 1.26 0.92 0.92 0.88 0.88 0.61 0.61 0.61 0.61004472 1.1484952 1.3273554 1.2300081 1.2257466 1.1178289 1.1101551 1.110016 1.1100054 1.1100037 1.1099144 0.22380271 0.22000008 0.21999998 0.21999989 0.21999921 0.21999121 0.21988294 0.21849695 0.20472645 0.12387199 -0.050690481 -0.012765901 0.096945011 0.10742351 0.1054413 0.087282376 0.057255943 0.043957365 0.040705698 0.040849694 0.045272841 0.039795607 -0.60478152 -0.79711396 -0.79994925 -0.80004861
0.63 0.46000001 0.46 0.58031825 1.54 1.54 1.67 1.67 0.89163412 0.89 0.89 0.81 0.75 0.75 0.8 0.96 1.1800046 1.18 0.55 0.55038403 0.3 0.88 0.61 0.61 0.61 0.61 0.61000536 0.71864282 1.2316055 1.2281902 1.1633016 1.1132115 1.1103325 1.1100816 1.1100379 1.1100168 0.42494099 0.22000285 0.21999984 0.21999934 0.2199966 0.21997703 0.21982044 0.21859163 0.21030354 0.16922166 0.053101309 -0.044712066 0.071674371 0.10301021 0.10516345 0.094195932 0.068655744 0.049417973 0.042429761 0.040905074 0.043090637 0.043334137 -0.34814539 -0.78469746 -0.79961893 -0.80008935
0.63 1.68 1.68 1.54 1.54 1.54 1.54 1.54 0.95932279 1.3499869 1.35 1.35 0.75000007 0.79999977 0.8 0.83584566 0.94 1.18 0.53 0.3 0.3 0.30000003 0.60999994 0.61 0.61 0.61 0.61000001 0.61001923 0.80125827 1.2288407 1.2001019 1.1292371 1.1127679 1.1106516 1.1102518 1.1101397 0.99315777 0.22026626 0.21999919 0.21999718 0.21998906 0.21994827 0.2197251 0.21850961 0.21249075 0.18800999 0.11708738 0.0039599891 0.030636721 0.092255518 0.10278069 0.097301598 0.078222605 0.057020615 0.045771989 0.041876002 0.042194701 0.043075773 -0.14399097 -0.73989166 -0.79791299 -0.80009726
1.68 1.68 1.68 1.84 1.84 1.54 1.54 1.54 1.54 1.35 1.35 1.25 1.25 0.79999966 0.8 0.94 0.94 0.94010359 0.54393071 0.89 0.89 0.88998223 0.84680377 0.61 0.61 0.61 0.61 0.61000056 0.61023157 1.035004 1.2134631 1.1577465 1.1214974 1.1130664 1.111138 1.1105732 1.0962035 0.22891104 0.22000006 0.2199909 0.21997147 0.21989647 0.21958767 0.21831395 0.21337967 0.19664533 0.15113091 0.063819705 0.010707289 0.071655623 0.096862941 0.097517314 0.084609157 0.06509148 0.050717021 0.043983888 0.042318893 0.042471285 -0.043553165 -0.62901886 -0.79115812 -0.79983056
1.95 1.68 1.8399997 1.84 1.84 1.8399999 1.48 1.48 1.48 1.3497909 1.25 1.25 1.31 0.78000002 0.78 0.78 0.91 0.91 0.89 0.89 0.89 0.89 0.88998953 0.88738157 0.61002807 0.61000001 0.61 0.61000012 0.61000927 0.61454398 1.1240226 1.1812794 1.1380609 1.1194015 1.1136815 1.1117983 1.1081835 0.33597523 0.22011056 0.21997631 0.21993647 0.21981169 0.21939844 0.21802457 0.21365002 0.20096717 0.16937538 0.1065179 0.031007244 0.046667639 0.085522279 0.094718587 0.087815858 0.071973694 0.056583799 0.047253108 0.043432364 0.042328034 -0.00047305379 -0.45386598 -0.77021327 -0.79843982
1.95 1.6835825 1.84 1.84 1.84 1.8390929 1.48 1.57 1.57 1.5655889 1.3099942 1.31 1.31 0.78029026 0.78 0.78 0.91 0.91 0.91 0.89 0.89 0.89 0.88999958 0.88993069 0.8735341 0.61054844 0.61000202 0.61000017 0.6100026 0.61014996 0.64686959 1.143366 1.1565522 1.1304451 1.1189809 1.1144982 1.1116978 0.70309645 0.22204973 0.21995357 0.21987487 0.21968313 0.21914788 0.21764698 0.21356669 0.20320612 0.17960987 0.13354504 0.065265237 0.034877807 0.068902577 0.088197887 0.087962881 0.076727965 0.062343165 0.051369901 0.045481559 0.042868372 0.01874702 -0.27786024 -0.71937224 -0.79362665
1.5 1.8099992 1.81 1.81 1.8387174 1.5211013 1.57 1.57 1.28 1.28 0.89001959 0.92 0.92 0.92 0.78 0.31054632 0.91 0.91 0.91 0.90999996 0.89000293 0.89 0.8899997 0.889983 0.88966587 0.8345785 0.61292228 0.61005374 0.61000575 0.61003003 0.61188425 0.74169109 1.1407626 1.1433906 1.1273113 1.11925 1.1150495 0.98213558 0.23958568 0.22001582 0.21977734 0.21949996 0.21882716 0.21718153 0.21324802 0.20431441 0.18559145 0.15045941 0.094941119 0.04390557 0.052595196 0.077683389 0.084929904 0.078958875 0.067064564 0.055747003 0.048261742 0.044115642 0.028381424 -0.15145483 -0.62473514 -0.78047469
1.5 1.8099998 1.81 1.81 1.5212714 1.52 1.5199987 1.28 1.28 0.89000005 0.89 0.92 0.92 0.92 0.23772186 0.31 0.31 0.31 0.31050521 0.7134437 0.87788725 0.89001329 0.88999934 0.88998704 0.88985039 0.88855882 0.795179 0.61809371 0.6104161 0.61006711 0.61030313 0.62247091 0.87237516 1.1349099 1.1365769 1.126028 1.1196338 1.0734944 0.32829239 0.22103396 0.21964798 0.21925235 0.21842865 0.21662689 0.21275281 0.20474295 0.18915955 0.16122799 0.11669415 0.063765596 0.045170559 0.064869935 0.078658493 0.07848445 0.070110751 0.059716289 0.051405108 0.045953111 0.034072246 -0.074943283 -0.49260943 -0.75086357
1.5 1.8096128 1.81 1.81 1.52 1.52 1.52 1.28 0.98254313 0.68 0.89 0.89 0.92 0.35895474 0.22 0.22 0.22071568 0.31 0.31 0.31000907 0.31422425 0.38657121 0.85335465 0.88990272 0.889877 0.88935874 0.8842449 0.76790119 0.62559367 0.61161897 0.61040275 0.61218574 0.65794994 0.97341539 1.1302744 1.1328221 1.1254496 1.1035661 0.55401395 0.22775887 0.2195994 0.21893549 0.21794639 0.21598163 0.21211312 0.20472515 0.19126318 0.16821621 0.13196165 0.084250974 0.049494201 0.053904152 0.06981804 0.075277022 0.071110597 0.062695227 0.054453119 0.048144769 0.038078135 -0.030757235 -0.35294021 -0.69553426
1.78 1.78 1.2304648 1.8099825 1.3300011 1.33 1.3101774 0.63271808 0.61 0.68 0.68 0.86538534 0.35 0.35 0.34972874 0.22 0.22 0.22 0.25096299 0.30944634 0.30992966 0.31141723 0.32692252 0.61320173 0.88493848 0.88925584 0.88798867 0.8737206 0.75056374 0.63421992 0.61417188 0.61167285 0.62026377 0.72890343 1.030874 1.1270229 1.1304679 1.1174047 0.81414962 0.25685327 0.22029892 0.2185729 0.21737767 0.21524502 0.21134814 0.20439147 0.19242165 0.17279923 0.14261845 0.10138153 0.061295279 0.048977931 0.060309581 0.069672952 0.069917905 0.064262788 0.056951631 0.050376687 0.041279456 -0.004732812 -0.23475583 -0.61028393
1.78 1.78 1 0.66000169 0.66 1.3109789 0.64 0.63622688 0.61 0.61 0.49148557 0.22 0.34999691 0.35 0.35 0.22 0.22 0.22 0.22000011 0.22080497 0.26007069 0.2997877 0.30801271 0.31875046 0.4494435 0.84127789 0.88472706 0.88421188 0.85695237 0.73934256 0.64289322 0.61834689 0.61559276 0.6430276 0.81852297 1.0609423 1.1246116 1.1245811 0.97666617 0.34284846 0.224376 0.21832014 0.2167315 0.21441823 0.21047064 0.20381992 0.1929357 0.17579099 0.15008891 0.11466681 0.075245056 0.05114901 0.052831333 0.06263009 0.066661478 0.064185617 0.058524573 0.052313443 0.043954752 0.011342791 -0.14806132 -0.5024053
1.78 1 1 0.66000001 0.66 0.66 0.47 0.47 0.52031891 0.52 0.22 0.22 0.22 0.35 0.35 0.34997632 0.22 0.22 0.22 0.22000287 0.22048733 0.23025238 0.2626895 0.2891621 0.30738181 0.38639535 0.72640636 0.86281906 0.87385729 0.83636922 0.73160933 0.65098579 0.62443219 0.62562609 0.68724985 0.89842888 1.0769271 1.1201877 1.0540377 0.50866815 0.23935898 0.21879766 0.21606333 0.21350844 0.20949078 0.20306031 0.1929888 0.17768874 0.15534226 0.12469496 0.08828979 0.058372227 0.049468494 0.055702074 0.061844386 0.062448713 0.058921043 0.053652419 0.046114199 0.021798029 -0.088854659 -0.38889251
