Interpolating SPI Data/spi_stations/interpolated_spi/10-19_2.tif
NCOLS 257
NROWS 141
XLLCORNER -178.27925
YLLCORNER 5.3153543
DX 0.49934803
DY 0.49997533
NODATA_VALUE -9999
[rows 27 to 53 of 141, columns 122 to 182 of 257]
-0.55 -0.54999995 0.58 0.58 0.24104838 -0.01 -0.01 -0.01 -0.01 -0.01 -0.01 0.20839957 0.22 0.22 0.2200541 0.66999541 0.67 0.67 0.67 0.67002265 1.3999951 1.4 1.4 1.4 1.4 1.4 1.4 1.4 2.1213749 2.14 2.14 2.14 2.14 2.14 2.14 2.14 2.14 2.14 2.1399986 1.8247745 -1.0256735 -1.029989 -1.0299998 -1.03 -1.03 -1.03 -1.0298245 1.2166706 1.2599999 1.26 1.26 1.26 1.26 1.26 1.26 1.26 1.26 1.26 1.26 1.26 1.26
0.55774116 0.58 0.58 0.58 0.58 -0.01 -0.01 -0.01 -0.01 -0.01 0.21974274 0.22 0.22 0.22 0.22011607 0.67 0.67 0.67 0.67 0.67 0.66997624 0.4818716 1.3413287 1.3999626 1.4 1.4 1.4 1.4000696 2.14 2.14 2.14 2.14 2.14 2.14 2.14 2.14 2.14 2.14 1.9923992 -1.0297865 -1.0299999 -1.03 -1.03 -1.03 -1.03 -1.03 -1.0299991 -1.0266978 1.256648 1.26 1.26 1.26 1.26 1.26 1.26 1.26 1.26 1.26 1.26 1.2599999 1.2599954
0.58 0.58 0.58 0.58 0.58 0.56116821 -0.01 -0.01 -0.01 0.21999918 0.22 0.22 0.22 0.22 0.22108397 0.67 0.67 0.67 0.67 0.67 0.66998293 0.45 0.45 0.45 0.45 0.45000005 0.45013183 2.108934 2.14 2.14 2.14 2.14 2.14 2.14 2.14 2.14 2.14 2.0954632 -1.0299985 -1.03 -1.03 -1.03 -1.03 -1.03 -1.03 -1.0299999 -1.0299856 -1.028713 -0.92975105 1.2595188 1.26 1.26 1.26 1.2599999 1.2599987 1.2599819 1.2595991 1.2481748 0.94091777 -0.21258546 -0.40989932
0.58 0.58 0.58 0.58 0.58 0.58 -0.0099999901 -0.01 0.21999973 0.22 0.22 0.22 0.22 0.22 0.30821509 0.67 0.67 0.67 0.67 0.67 0.66996015 0.45 0.45 0.45 0.45 0.45 0.45 0.45033462 2.14 2.14 2.14 2.14 2.14 2.14 2.14 2.14 2.1304931 -1.03 -1.03 -1.03 -1.03 -1.03 -1.03 -1.03 -1.03 -1.0299979 -1.0292871 -0.96800483 -0.23824589 0.21267324 1.2525395 1.2440163 1.108203 0.22627984 -0.37774933 -0.41870335 -0.4199674 -0.41999917 -0.41999997 -0.42 -0.42
0.58 0.58 0.58 0.58 0.58 0.58001198 0.73 0.73 0.22 0.22 0.22 0.22 0.22 0.21790895 -0.24934034 0.67 0.67 0.67 0.67 0.67 0.66840095 0.45 0.45 0.45 0.45 0.45 0.45 0.45 2.1399954 2.14 2.14 2.14 2.14 2.14 2.14 2.1358594 -1.03 -1.03 -1.03 -1.03 -1.03 -1.03 -1.03 -1.03 -1.0299998 -1.0296102 -0.9115572 0.096833358 0.24228967 0.24916931 0.11414196 -0.41982665 -0.41999539 -0.41999991 -0.42 -0.42 -0.42 -0.42 -0.42 -0.42 -0.42
0.3230856 0.60975822 0.60999928 0.60741885 0.58234046 0.73 0.73 0.73 0.72999146 0.22 0.22 0.22 -0.25999997 -0.26 -0.26 0.67 0.67 0.67 0.67 0.67 0.46237979 0.45 0.45 0.45 0.45 0.45 0.45 0.45 1.15355 2.14 2.14 2.14 2.14 2.14 2.1270146 -1.03 -1.03 -1.03 -1.03 -1.03 -1.03 -1.03 -1.03 -1.03 -1.0297628 -0.66302306 0.23526384 0.24962223 0.24996796 0.24999351 0.12760091 -0.41998511 -0.41999992 -0.42 -0.42 -0.42 -0.42 -0.42 -0.42 -0.42 -0.42
0.090350995 0.60536934 0.61 0.61 0.61000157 0.73 0.73 0.73 0.73 0.22004123 0.21729158 -0.26 -0.26 -0.26 -0.26 0.67 0.67 0.67 0.67 0.67 0.45000332 0.45 0.45 0.45 0.45 0.45 0.45 0.45 -0.3567168 -0.17585459 1.3434939 2.0298193 2.1293832 2.0488004 -1.03 -1.03 -1.03 -1.03 -1.03 -1.03 -1.03 -1.03 -1.03 -1.0297735 0.064384968 0.24975756 0.24999666 0.24999975 0.24999994 0.25000039 0.14394512 -0.41990781 -0.41999967 -0.42 -0.42 -0.42 -0.42 -0.42 -0.42 -0.42 -0.42
0.09 0.09 0.61 0.61 0.61 0.73 0.73 0.73 0.73 0.72999998 -0.26 -0.26 -0.26 -0.26 -0.26 0.12867025 0.67 0.67 0.67 0.67 0.45000008 0.45 0.45 0.45 0.45 0.45 0.45 -1.7235393 -1.9 -2.181198 -2.36 -2.36 -2.36 -2.36 -1.03 -1.03 -1.03 -1.03 -1.03 -1.03 -1.03 -1.03 -1.0291438 0.24891619 0.24999981 0.25 0.25 0.25 0.25 0.25000831 0.30158327 -0.41810722 -0.41999652 -0.42 -0.42 -0.42 -0.42 -0.42 -0.42 -0.42 -0.42
0.09036852 0.09 0.09 0.61 0.61 0.73 0.73 0.73 0.73 0.69092962 -1.3010817 -0.26000005 -0.26 -0.26 -0.26 -0.32569785 0.67 0.67 0.67 0.67 0.45000008 0.45 0.45 0.45 0.45 0.45 -1.8989726 -1.9 -1.9 -1.9007862 -2.36 -2.36 -2.36 -2.36 -2.3599983 -1.03 -1.03 -1.03 -1.03 -1.03 -1.03 -0.93064616 0.24999997 0.25 0.25 0.25 0.25 0.25 0.25 0.25058953 1.2101721 -0.28849134 -0.41986285 -0.41999997 -0.42 -0.42 -0.42 -0.42 -0.42 -0.42 -0.42
0.24 0.090000571 0.09 0.57803353 0.71 0.71000015 0.73 0.73 0.72999995 -1.31 -1.31 -1.31 -1.31 -0.74000219 -0.74 -0.74 -0.73998327 -0.10999968 -0.10999981 -0.10999922 0.3671663 0.45 0.45 0.45 0.44999999 -1.8999942 -1.9 -1.9 -1.9 -1.9 -2.36 -2.36 -2.36 -2.36 -2.36 -1.960489 -1.03 -1.03 -1.03 -1.03 0.24966867 0.25 0.25 0.25 0.25 0.25 0.25 0.25 0.25000011 0.45033964 1.2399295 1.1938821 -0.38739613 -0.4199968 -0.42 -0.42 -0.42 -0.42 -0.42 -0.42 -0.42
0.24 0.24000008 0.70999971 0.71 0.71 0.71 0.71 0.72976619 -1.3099995 -1.31 -1.31 -1.31 -0.75514851 -0.74 -0.74 -0.74 -0.14484799 -0.11 -0.11 -0.11 -0.11 -0.10993635 -1.2894879 -1.2999901 -1.319706 -1.9 -1.9 -1.9 -1.9 -1.9 -2.36 -2.36 -2.36 -2.36 -2.36 -2.36 -1.0094019 -0.95000084 -0.95 -0.94999994 0.24999999 0.25 0.25 0.25 0.25 0.25 0.25 0.25 0.25007725 1.2392503 1.2399969 1.2382162 1.2009046 -0.41433204 -0.41999999 -0.42 -0.42 -0.42 -0.42 -0.42 -0.42
-0.19997259 0.19993265 0.71 0.71 0.71 0.71 0.71 0.71480308 -1.3098063 -1.31 -1.31 -0.75000032 -0.75 -0.74 -0.74 -0.74 -0.11 -0.11 -0.11 -0.11 -0.11 -0.43850186 -1.3 -1.3 -1.3 -1.8999982 -1.9 -1.9 -1.9 -1.9 -1.6371828 -2.36 -2.36 -2.36 -2.36 -2.36 -0.95 -0.95 -0.95 -0.95 0.25 0.25 0.25 0.25 0.25 0.25 0.25 0.25000002 0.75189373 1.2400541 1.24 1.2397947 1.2300405 1.2249628 -0.4197099 -0.42 -0.42 -0.42 -0.42 -0.42 -0.42
0.2 0.2 0.79 0.71 0.71 0.87786352 0.87999319 0.70000168 0.888133 1.0797791 -0.75984739 -0.75 -0.060729761 -0.06 -0.73999968 -0.73999983 -0.11 -0.11 -0.11 -0.11 -0.11 -1.29996 -1.3 -1.3 -1.3 -1.3 -1.9 -1.9 -1.9 -1.62 -1.62 -1.620461 -2.36 -2.36 -2.36 -2.3597819 -0.95 -0.95 -0.95 -0.95 0.25 0.25 0.25 0.25 0.25 0.25 0.25 0.26199673 1.3721138 1.2400162 1.24 1.2399958 1.2300738 1.23 1.2297396 -0.41999816 -0.42 -0.42 -0.42 -0.42 -0.42
0.2 0.79 0.79 0.84932523 0.88 0.88 0.87998742 0.7 1.0567038 1.08 0.31 -0.056481194 -0.06 -0.06 -0.06 -0.060080014 -0.11 -0.11 -0.11 -0.11 -0.11 -1.3 -1.3 -1.3 -1.3 -1.3 -1.8988123 -1.9 -1.7244422 -1.62 -1.62 -1.62 -0.74000012 -1.8647148 -2.3599758 -0.95072089 -0.95 -0.95 -0.95 -0.95 -0.89570907 0.25 0.25 0.25 0.25 0.25 0.25047083 1.9699925 1.7499129 1.2400039 1.24 1.24 1.2303974 1.23 1.23 1.2299976 -0.42 -0.42 -0.42 -0.42 -0.42
0.77 0.79 0.06 0.06 0.41 0.41 0.69999334 0.7 1.08 1.08 0.31 0.31000083 -0.059974973 -0.06 -0.059999968 -0.040000315 -0.070967054 -0.11 -0.11 -0.11000001 -0.067063134 0.52722952 -1.3 -1.3 -1.3 -1.3 -1.3 -1.8908959 -1.62 -1.62 -1.6199982 -0.74 -0.74 -0.73675078 0.88974124 0.87337044 -0.94999814 -0.95 -0.95 -0.95 -0.94998665 0.25 0.25 0.25 0.25 0.25000908 1.9699999 1.97 1.9673862 1.2400008 1.24 1.24 1.2377267 1.23 1.23 1.23 1.23 -0.42 -0.42 -0.42 -0.42
0.77 0.06 0.06 0.060011635 1.31 1.31 0.16 0.51001464 0.5099997 0.58919206 0.31 0.7 0.5 0.5 0.62543715 -0.04 -0.04 -0.13 -0.13 -0.12999999 0.51013452 0.53 0.53 -1.2999962 -1.3 -1.3 -0.31581239 -0.29 -1.6199998 -0.74506728 -0.74 -0.74 -0.73244392 0.89 0.89 0.89000003 2.07 2.07 2.07 2.07 2.07 2.069865 0.25000008 0.25 0.25000059 1.97 1.97 1.97 1.9699999 1.2400003 1.24 1.24 1.2399999 1.23 1.23 1.23 1.23 1.23 -0.42 -0.42 -0.41999815
0.38 0.38 0.39173838 0.8 0.63411081 0.21000093 0.56 0.08 0.32959253 0.12000752 0.15367325 0.35 0.35 0.74 0.83999999 -0.04 -0.04 -0.13 -0.13 0.21 0.21 0.53 0.53 0.53 0.52999772 -0.29 -0.29 -0.29 -0.29 -0.73999364 -0.74 0.88999866 0.89 0.89 0.89 0.89 2.07 2.07 2.07 2.07 2.07 2.07 2.0699849 0.51287913 1.9699997 1.97 1.97 1.97 1.97 1.2400031 1.24 1.24 1.24 1.23 1.23 1.23 1.23 1.23 1.2284701 0.75068815 0.36479288
0.38 0.38 0.38 0.7 0.2 0.13 -0.12 -0.42 0.05027867 -0.10999913 0.02 0.44 0.46000888 1.42 0.84 0.61004083 0.61 -0.07527141 0.20999969 0.21 0.21 0.53 0.53 0.53 -0.17891825 -0.28999746 -0.29 -0.29 -0.29 0.63 0.63 0.89 0.89 0.89 0.89 0.89000001 2.07 2.07 2.07 2.07 2.069929 1.3914442 0.7400191 0.74000042 1.97 1.97 1.97 1.97 1.97 1.9420695 1.24 1.24 1.24 1.23 1.23 1.23 1.23 1.23 0.78 0.78 0.78
0.69 0.38 0.96968865 -0.06 -0.06 0.34 0.55 0.57 0.14 0.83 0.29 0.94 0.52 0.29 0.43 -0.01 -0.01 0.29 0.29 0.21 0.21 0.33774765 0.34 0.34 -0.18002296 -0.18 -0.29 -0.29 0.62963502 0.63 0.63 0.63 0.87665658 0.78404621 0.45000051 0.45000001 1.4540806 1.4100007 1.41 1.41 1.41 0.74 0.74 0.74 1.9699796 1.97 1.97 1.97 1.97 1.97 1.24 1.24 1.24 1.2300003 1.23 1.23 1.23 0.78 0.78 0.78 0.78
0.69 -0.1 0.98 0.98 -0.35 0.08 0.072424167 0.23 -9.506328e-11 -0.3 -0.27 0.46 0.42395481 0.53 0.25 -0.0096939443 0.37 0.37 0.29 0.13 0.28 0.28 0.34 0.34 -1.08 -0.18 -0.18 -0.28999932 0.63 0.63 0.63 -0.16 -0.16 0.45 0.45 0.45 1.4010502 1.41 1.41 1.41 0.74 0.74 0.74 0.74 1.7398421 1.97 1.97 1.97 1.97 1.97 1.24 1.24 1.24 1.03 1.0300002 1.047775 0.78000013 0.78 0.78 0.78 0.78
-0.44993911 -0.45 0.98 0.1002488 0.94999882 0.060823222 -0.29 -0.42 -0.52 -0.51 0.01 0.31 0.61 0.62 0.66 0.66 0.37 0.37 0.13 0.13 0.28 0.28 0.28 0.22 -0.11 0.35 0.25 0.25 1.3283185 0.38349473 0.62998373 -0.16 -0.16 0.45 0.45 0.4953106 1.399724 1.41 1.41 0.74002335 0.74 0.74 0.74 0.74002176 2.0495517 1.97 1.97 1.97 1.97 1.97 1.2401325 1.2399974 1.03 1.03 1.03 1.03 0.8123527 0.78 0.78 0.78 0.78
-0.45 -0.11334384 -1.53 -1.1999973 -0.05 0.24 0.32 -0.31 -0.36988273 -0.0099999994 0.32997434 0.33 1.17 1 0.79 0.69 0.69 1.06 0.1 0.1 0.43 0.74533072 1.0599997 0.22 0.86 0.34996157 0.25 1.52 1.509907 0.02 0.02 0.71 0.70999988 0.45 1.4 1.4 1.3100148 1.5653457 1.49 1.49 1.49 0.74000097 2.0499914 2.05 2.05 2.0339246 2.02 2.02 2.02 2.02 2.0050385 1.0496205 1.03 1.03 1.03 1.03 1.03 0.78 0.78 0.78 0.78
-0.10694449 -0.08 -0.88999962 -1.57 -0.64 0.08 1.0137377 0.23000001 0.23 0.32 0.37 -0.1 0.67 0.82 0.82 0.42 0.42000649 1.06 1.06 0.85686677 0.9 1.06 1.06 0.86001054 0.86 1.1599989 1.66 1.52 1.5182148 0.02 0.02 0.70006578 0.7 1.72 1.4 1.3100002 1.31 2.6099999 2.5055456 1.49 1.4909684 1.91 2.05 2.05 2.0500001 1.8600051 2.02 2.02 2.02 2.02 1.67 1.67 1.03 1.03 1.03 1.03 0.46 0.46 0.46069849 0.78 0.27408374
0.77 -0.1571074 -0.89 -0.71 -0.70565828 0.87 0.5 -0.06 -0.059999998 0.72 0.023467345 0.01 0.67 0.66999999 0.79 0.42 0.42 1.0600587 1.25 1.25 1.47 1.0599998 1.69 1.5120299 0.98 1.16 1.81 1.68 1.6700283 1.29 1.29 0.70000353 1.72 1.48 1.94 1.31 1.31 2.5400001 2.61 2.61 1.91 1.91 2.05 2.05 2.6737683 1.86 1.8600004 2.02 2.02 2.02 1.67 1.67 1.67 1.03 1.03 0.46 0.46 0.46 0.46 0.46 -0.16925104
0.11000001 0.11887432 0.8 0.8 0.61993621 0.54 1.11 1.15 0.16 0.81000006 1.04 0.4411092 0.94 0.58 0.37 0.21 0.21 0.74999998 1.88 1.88 1.88 1.25 1.25 1.69 1.65 1.65 1.3602055 1.36 1.49 1.49 1.2900002 1.64 1.64 1.4800002 2.5 2.8799999 2.88 2.54 2.36 2.24 2.12 2.18 2.83 2.6900622 2.7075373 1.86 1.86 2.0199976 2 2 1.67 1.67 1.67 1.05 1.0499997 0.46 0.46 0.46 0.46000006 0.86999412 0.86999576
0.11 0.11000005 0.8 0.8 0.58999614 0.38 1.057449 0.45 1.31 0.95 0.83 0.66 0.55 0.47 0.43 0.21 0.75 0.75 1.2400373 1.24 0.82 0.82000009 1.25 1.25 2.74 1.65 1.36 1.36 1.3600185 2.149999 2.15 2.1267311 1.95 1.95 2.8 2.6900147 2.15 2.84 2.48 2.48 2.91 2.91 2.81 2.69 2.73 1.86 1.86 1.86 2 2 1.6700201 1.67 1.0501266 1.05 1.05 1.0462251 0.46000002 0.87 0.87 0.87 0.79780986
0.11 0.11087186 0.8 0.8 0.059999944 0.016908935 -0.1 1.03 1.36 0.8 0.93 0.35 1 0.76 0.76 0.74999962 0.75 0.75 1.24 1.24 0.82 0.82 2.44 2.74 2.74 2.74 1.36 1.36 1.3604797 2.1500003 2.15 2.15 1.95 1.95 2.26 2.69 2.2200001 2.22 2.57 2.57 2.87 2.91 2.81 3.14 3.14 1.9352065 2.11 2.23 2.23 2.23 2.2243995 1.5 1.4999999 1.05 1.05 1.0457994 0.34000011 0.87 0.87 0.87 0.42
