Interpolating SPI Data/spi_stations/interpolated_spi/10-20_1.tif
NCOLS 257
NROWS 141
XLLCORNER -178.27925
YLLCORNER 5.3153543
DX 0.49934803
DY 0.49997533
NODATA_VALUE -9999
[rows 27 to 53 of 141, columns 122 to 182 of 257]
-0.23 -0.23 -0.34 -0.34 0.24023921 0.67 0.67 0.67 0.67 0.67 0.67 0.6130262 0.61 0.61 0.60998317 0.47000143 0.47 0.47 0.47 0.47009465 3.5199797 3.52 3.52 3.52 3.52 3.52 3.52 3.52 2.6231555 2.6 2.6 2.6 2.6 2.6 2.6 2.6 2.6 2.6 2.5999995 2.4955878 1.5514331 1.5500036 1.5500001 1.55 1.55 1.55 1.5499096 0.39232699 0.37000004 0.37 0.37 0.37 0.37 0.37 0.37 0.37 0.37 0.37 0.37 0.37 0.37
-0.33783321 -0.34 -0.34 -0.34 -0.34 0.67 0.67 0.67 0.67 0.67 0.61006711 0.61 0.61 0.61 0.60996389 0.47 0.47 0.47 0.47 0.47 0.46977947 -1.3992189 3.2056451 3.5197994 3.5199998 3.52 3.52 3.5199135 2.6 2.6 2.6 2.6 2.6 2.6 2.6 2.6 2.6 2.6 2.5511102 1.5500707 1.55 1.55 1.55 1.55 1.55 1.55 1.5499999 1.548322 0.37172843 0.37000001 0.37 0.37 0.37 0.37 0.37 0.37 0.37 0.37 0.37 0.36999993 0.36999647
-0.34 -0.34 -0.34 -0.34 -0.34 -0.30776253 0.67 0.67 0.67 0.61000021 0.61 0.61 0.61 0.61 0.60966278 0.47 0.47 0.47 0.47 0.47 0.46984173 -1.57 -1.57 -1.57 -1.57 -1.5699998 -1.5692937 2.5257681 2.6 2.6 2.6 2.6 2.6 2.6 2.6 2.6 2.6 2.5852481 1.5500005 1.55 1.55 1.55 1.55 1.55 1.55 1.55 1.549998 1.549819 1.5147859 0.37029728 0.37000001 0.36999999 0.36999998 0.36999989 0.36999904 0.36998623 0.36969455 0.36099032 0.12688973 -0.75196987 -0.90230425
-0.34 -0.34 -0.34 -0.34 -0.34 -0.34 0.66999998 0.67 0.61000007 0.61 0.61 0.61 0.61 0.61 0.58274145 0.47 0.47 0.47 0.47 0.47 0.46963044 -1.57 -1.57 -1.57 -1.57 -1.57 -1.57 -1.5691743 2.6 2.6 2.6 2.6 2.6 2.6 2.6 2.6 2.596851 1.55 1.55 1.55 1.55 1.55 1.55 1.55 1.55 1.5499997 1.5498997 1.5412819 1.4386589 1.3614148 0.37315782 0.35782303 0.25434515 -0.41759631 -0.87780901 -0.90901208 -0.90997516 -0.90999937 -0.90999998 -0.91 -0.91
-0.34 -0.34 -0.34 -0.34 -0.34 -0.33987386 1.24 1.24 0.61 0.61 0.61 0.61 0.61 0.61470487 1.6759991 0.47 0.47 0.47 0.47 0.47 0.45517247 -1.57 -1.57 -1.57 -1.57 -1.57 -1.57 -1.57 2.5999886 2.6 2.6 2.6 2.6 2.6 2.6 2.5986285 1.55 1.55 1.55 1.55 1.55 1.55 1.55 1.55 1.55 1.5499452 1.533344 1.3915391 1.3710843 1.3701136 0.90620787 -0.90983204 -0.90999648 -0.90999993 -0.91 -0.91 -0.91 -0.91 -0.91 -0.91 -0.91
0.19416053 -0.16969321 -0.170004 -0.18462653 -0.31755893 1.24 1.24 1.24 1.2399895 0.61 0.61 0.61 1.6899999 1.69 1.69 0.47 0.47 0.47 0.47 0.47 -1.4552056 -1.57 -1.57 -1.57 -1.57 -1.57 -1.57 -1.57 0.16597865 2.6 2.6 2.6 2.6 2.6 2.5956989 1.55 1.55 1.55 1.55 1.55 1.55 1.55 1.55 1.55 1.5499666 1.4983939 1.3720723 1.3700531 1.3700045 1.3700002 0.95262301 -0.90997664 -0.90999992 -0.91 -0.91 -0.91 -0.91 -0.91 -0.91 -0.91 -0.91
0.48955451 -0.16412263 -0.17 -0.17 -0.1699815 1.24 1.24 1.24 1.24 0.61005093 0.61609394 1.69 1.69 1.69 1.69 0.47 0.47 0.47 0.47 0.47 -1.5699692 -1.57 -1.57 -1.57 -1.57 -1.57 -1.57 -1.57 -0.77699221 1.4239132 2.1946669 2.5439303 2.5945972 2.5695121 1.55 1.55 1.55 1.55 1.55 1.55 1.55 1.55 1.55 1.5499681 1.3961021 1.3700341 1.3700005 1.37 1.37 1.3699993 0.99481838 -0.90990805 -0.90999966 -0.91 -0.91 -0.91 -0.91 -0.91 -0.91 -0.91 -0.91
0.49 0.49 -0.17 -0.17 -0.17 1.24 1.24 1.24 1.24 1.24 1.69 1.69 1.69 1.69 1.69 1.1801315 0.47 0.47 0.47 0.47 -1.5699993 -1.57 -1.57 -1.57 -1.57 -1.57 -1.57 0.56654293 0.73999999 0.47714102 0.31 0.31 0.31 0.31000001 1.55 1.55 1.55 1.55 1.55 1.55 1.55 1.55 1.5498796 1.3701524 1.37 1.37 1.37 1.37 1.37 1.3699885 0.90823639 -0.90820478 -0.90999636 -0.91 -0.91 -0.91 -0.91 -0.91 -0.91 -0.91 -0.91
0.48943494 0.49 0.49 -0.17 -0.17 1.24 1.24 1.24 1.24 1.2610673 2.3344792 1.69 1.69 1.69 1.69 1.7337972 0.47 0.47 0.47 0.47 -1.5699992 -1.57 -1.57 -1.57 -1.57 -1.57 0.73899007 0.74 0.74 0.73926504 0.31 0.31 0.31 0.31 0.3100016 1.55 1.55 1.55 1.55 1.55 1.55 1.5360284 1.37 1.37 1.37 1.37 1.37 1.37 1.37 1.3691859 0.056253828 -0.79246312 -0.90985655 -0.90999997 -0.91 -0.91 -0.91 -0.91 -0.91 -0.91 -0.91
0.26 0.48999912 0.49 -0.12942563 2.17 2.169993 1.24 1.24 1.24 2.34 2.34 2.34 2.34 2.0100008 2.01 2.01 2.0099841 1.4099996 1.4099998 1.4099991 -1.1292017 -1.57 -1.57 -1.57 -1.57 0.73999427 0.74 0.74 0.74 0.74 0.31 0.31 0.31 0.31 0.31 0.68247646 1.55 1.55 1.55 1.55 1.3700457 1.37 1.37 1.37 1.37 1.37 1.37 1.37 1.3699999 1.0929899 0.0046271389 0.35779779 -0.87588277 -0.90999665 -0.91 -0.91 -0.91 -0.91 -0.91 -0.91 -0.91
0.26 0.26000001 2.1699992 2.17 2.17 2.17 2.17 1.2508723 2.3399997 2.34 2.34 2.34 1.7257001 2.01 2.01 2.01 1.4431886 1.41 1.41 1.41 1.41 1.4045124 -0.84438506 -0.84000413 -0.78810746 0.74 0.74 0.74 0.74 0.74 0.31 0.31 0.31 0.31 0.31 0.31 1.0741415 -0.28998071 -0.29 -0.28999992 1.37 1.37 1.37 1.37 1.37 1.37 1.37 1.37 1.3698995 0.0015071106 0.00033137798 0.145668 0.78648659 -0.90405724 -0.90999999 -0.91 -0.91 -0.91 -0.91 -0.91 -0.91
0.26000173 0.82989135 2.17 2.17 2.17 2.17 2.17 2.130242 2.3398671 2.34 2.34 1.7200004 1.72 2.01 2.01 2.01 1.41 1.41 1.41 1.41 1.41 0.78888305 -0.84 -0.84 -0.84 0.73999536 0.74 0.74 0.74 0.74 0.59327283 0.31 0.31 0.31 0.31 0.31 -0.29 -0.29 -0.29 -0.29 1.37 1.37 1.37 1.37 1.37 1.37 1.37 1.37 0.74723987 9.8626184e-05 6.6314075e-06 0.016838226 0.81664281 0.81471837 -0.90969584 -0.91 -0.91 -0.91 -0.91 -0.91 -0.91
0.83 0.83 0.21 2.17 2.17 1.3306822 1.3199986 0.71000586 0.93774311 1.1700462 1.7309025 1.72 1.0507086 1.05 2.0099995 2.0099998 1.41 1.41 1.41 1.41 1.41 -0.83992443 -0.84 -0.84 -0.84 -0.84 0.74 0.74 0.74 0.60000002 0.6 0.59981934 0.31 0.31 0.31 0.3099072 -0.29 -0.29 -0.29 -0.29 1.37 1.37 1.37 1.37 1.37 1.37 1.37 1.3697087 0.24070845 2.9569145e-05 1.9788317e-08 0.0003429367 0.81395182 0.81999999 0.81972697 -0.90999807 -0.91 -0.91 -0.91 -0.91 -0.91
0.83 0.21 0.21 1.0344036 1.32 1.32 1.3199973 0.71 1.1417994 1.17 1.09 1.0503804 1.05 1.05 1.05 1.050576 1.41 1.41 1.41 1.41 1.41 -0.84 -0.84 -0.84 -0.84 -0.84 0.73687238 0.74 0.65222111 0.6 0.6 0.6 0.39000003 0.33445853 0.31000115 -0.28969323 -0.29 -0.29 -0.29 -0.29 -0.21489754 1.37 1.37 1.37 1.37 1.37 1.3699891 1.3299884 0.92901941 7.0174654e-06 2.0797567e-11 3.6739102e-07 0.78741321 0.82 0.82 0.81999747 -0.91 -0.91 -0.91 -0.91 -0.91
0.59 0.21 0.44 0.44 1.22 1.22 0.71001601 0.71 1.17 1.17 1.09 1.0899993 1.0499499 1.05 1.0499999 -0.17998061 0.52017199 1.4099996 1.41 1.4099993 1.3455365 0.44804704 -0.84 -0.84 -0.84 -0.84 -0.84 0.73544795 0.6 0.6 0.59999956 0.39 0.39 0.38964119 0.21002857 0.20548126 -0.29000041 -0.29 -0.29 -0.29 -0.28998154 1.37 1.37 1.37 1.37 1.3699998 1.33 1.33 1.3252378 1.4491624e-06 4.5561274e-15 1.3472101e-12 0.18640748 0.82 0.82 0.82 0.81999998 -0.91 -0.91 -0.91 -0.91
0.59 0.44 0.44 0.43999088 -0.96 -0.96 -0.5 0.6600029 0.66 1.1290993 1.09 0.75 -0.07 -0.07 0.51014667 -0.18 -0.18 -0.61 -0.61 -0.61 0.37985006 0.45 0.45 -0.8399973 -0.84 -0.84 -0.34303398 -0.33 0.59999996 0.39120924 0.39 0.39 0.38916559 0.21 0.21 0.20999997 -0.96 -0.96 -0.96 -0.96 -0.96 -0.95982721 1.3699999 1.37 1.37 1.33 1.33 1.33 1.3299998 4.9614424e-07 2.3140135e-21 4.6687298e-23 4.4700156e-06 0.82 0.82 0.82 0.82 0.81999997 -0.91 -0.91 -0.90999799
0.41 0.41 0.39462822 -0.14 0.018337816 -1.1399973 -0.55 -0.24 0.030515578 1.089962 0.38976678 -1.03 0.73 1.04 0.36000005 -0.18 -0.18 -0.61 -0.61 -0.68 -0.68 0.45 0.45 0.45 0.44999839 -0.33 -0.33 -0.33 -0.33 0.38999439 0.39 0.21000015 0.21 0.21 0.21 0.21 -0.96 -0.96 -0.96 -0.96 -0.96 -0.96 -0.95995296 1.2728918 1.33 1.33 1.33 1.33 1.33 5.7344119e-06 2.7319616e-33 1.0738461e-44 1.2596582e-16 0.82 0.82 0.82 0.82 0.82 0.81796153 0.19239801 -0.059393732
0.41 0.41 0.41 -0.96999999 -0.45 0.04 -0.95 -0.84 -0.17993176 -0.079999973 -0.2 -0.96 -0.20000225 0.64 0.36 -0.67966095 -0.68 -0.61517702 -0.67999994 -0.68 -0.68 0.45 0.45 0.45 -1.3083564 -0.3300226 -0.33 -0.33 -0.33 -0.82 -0.82 0.21 0.21 0.21 0.21 0.20999998 -0.96 -0.96 -0.96 -0.96 -0.95951077 3.2241657 2.1700396 2.1700009 1.33 1.33 1.33 1.33 1.33 1.279113 3.7425677e-51 5.3589221e-101 5.4279303e-31 0.82 0.82 0.82 0.82 0.81999999 0.22 0.22 0.22
1.5 0.41 1.1962515 0.4 0.4 0.04 0.42 -0.3 -0.6 -0.53 -0.67 -0.57 0.07 -0.78 -0.62 0.49 0.49 -0.96 -0.96 -0.68 -0.68 -0.56226777 -0.53 -0.53 -1.3099893 -1.31 -0.33 -0.33 -0.81980561 -0.82 -0.82 -0.82 0.18928592 -0.16062725 -1.3299982 -1.3299999 3.2861111 3.5899952 3.59 3.59 3.59 2.17 2.17 2.17 1.330014 1.33 1.33 1.33 1.33 1.33 3.7516804e-35 2.6575982e-63 6.8587937e-31 0.81997407 0.82 0.82 0.82 0.22 0.22 0.22 0.22
1.5 0.04 1.21 1.21 1.27 0.78 0.77714211 0.9 -0.11 -0.68 -0.49 0.08 -0.063080446 -0.78 -1.21 0.48923982 -1.42 -1.42 -0.96 -1.79 -1.39 -1.39 -0.53 -0.53 -0.89 -1.31 -1.31 -0.33000054 -0.82 -0.82 -0.82 -1.42 -1.42 -1.33 -1.33 -1.33 3.5440908 3.59 3.59 3.59 2.17 2.17 2.17 2.17 1.4871809 1.33 1.33 1.33 1.33 1.33 1.0470271e-13 1.9403714e-30 -1.6739416e-13 -1.2 -1.1999976 -1.0204725 0.22000017 0.22 0.22 0.22 0.22
-0.39992345 -0.4 1.21 0.38044785 1.9099955 1.3088109 1.14 0.61 0.57 0.52 -0.26 -0.68 -0.32 -0.82 -1.17 -1.17 -1.42 -1.42 -1.79 -1.79 -1.39 -1.39 -1.39 -1.34 -0.77 -1.03 -0.7 -0.7 -0.97975276 -1.050341 -0.8200151 -1.42 -1.42 -1.33 -1.33 -1.3409699 -1.5597559 3.5899971 3.59 2.1700495 2.17 2.17 2.17 2.1699508 -0.7889861 1.33 1.33 1.33 1.33 1.33 0.00024140075 -1.5042547e-05 -1.2 -1.2 -1.2 -1.2 0.036236639 0.22 0.22 0.22 0.22
-0.4 0.8101424 1.22 1.9099399 0.85 1.05 0.84 0.32 0.67952155 0.4 -0.53945608 -0.54 -1.07 -0.78 -1.12 -0.71 -0.71 -1.2 -1.28 -1.28 -0.9 -1.040147 -1.1800001 -1.34 -1.22 -1.0298732 -0.7 -0.92 -0.92316247 -1.39 -1.39 -0.65 -0.64999473 -1.33 -1.56 -1.56 -1.4800132 -1.5542016 -1.57 -1.57 -1.57 2.1699971 -0.78998048 -0.79 -0.78999998 -0.54042058 -0.31 -0.31 -0.31 -0.31 -0.33479329 -1.1904963 -1.2 -1.2 -1.2 -1.2 -1.2 0.22 0.22 0.22 0.22
0.83293416 0.93 1.8399996 0.83000001 0.21 0.74 0.67926325 0.23000001 0.23 0.01 -0.03 0.14 0.32 0.11 0.11 -0.37 -0.37000817 -1.2 -1.2 -1.1586709 -1.28 -1.18 -1.18 -1.2200158 -1.22 -1.6599981 -1.17 -0.92 -0.92056431 -1.39 -1.39 -0.21289419 -0.21 -1 -1.56 -1.4800002 -1.48 -1.36 -1.3795852 -1.57 -1.5685934 -0.96 -0.79 -0.79 -0.7899999 -0.89999597 -0.31 -0.31 -0.31 -0.31 -0.88999997 -0.89 -1.2 -1.2 -1.2 -1.2 -0.2 -0.2 -0.19908324 0.22 -0.25396365
1.55 1.0166267 1.84 1.21 1.2081719 0.79 0.4 0.03 0.030000001 0.66 0.018129535 0.02 0.32 0.32000014 0.09 -0.37 -0.37 -1.2001173 -1.58 -1.58 -1.04 -1.1800001 -1.44 -1.4299735 -1.4 -1.66 -1.73 -1.53 -1.5247515 -1.29 -1.29 -0.210027 -1 -1.29 -0.69 -1.48 -1.48 -0.5700006 -1.36 -1.36 -0.96 -0.96 -0.79 -0.79 -0.26200525 -0.9 -0.89999837 -0.31 -0.31 -0.31 -0.89 -0.89 -0.89 -1.2 -1.2 -0.2 -0.2 -0.2 -0.2 -0.2 -0.66941059
0.67000001 0.66511269 0.29 0.29 1.7700411 1.18 1.14 0.38 0.13 0.31000017 1.2 0.52861565 1.38 1.19 0.37 0.24 0.24 0.64999998 -0.53 -0.53 -0.53 0.18 0.18 -1.44 -1.27 -1.27 -0.42059818 -0.42000001 -1.43 -1.43 -1.2900002 -1.03 -1.03 -1.29 -1.09 -0.82000001 -0.82 -0.57 -0.7 -0.89 -1.01 -0.8 -0.01 -0.24989345 -0.14916057 -0.9 -0.9 -0.31000893 -0.74 -0.74 -0.89 -0.89 -0.89 -0.050000006 -0.050000071 -0.2 -0.2 -0.2 -0.19999992 0.34999212 0.3500053
0.67 0.66999997 0.29 0.29 0.51999988 0.53 0.44041648 0.06 1.05 0.91 0.78 0.58 0.72 0.55 1.38 0.24 0.65 0.65 0.70992771 0.71 1.56 1.5599997 0.18 0.18 0.67999999 -1.27 -0.42 -0.42 -0.42014385 -0.31000168 -0.31 -0.34285016 -0.49000003 -0.49 -0.83 -0.14005294 -0.62 -0.62 -0.65 -0.65 -0.6 -0.6 0.14 -0.25 -0.02 -0.9 -0.9 -0.89999999 -0.74 -0.74 -0.88999088 -0.89 -0.050039102 -0.05 -0.05 -0.050959726 -0.19999997 0.35 0.35 0.35 0.44144085
0.67 0.66970938 0.29 0.29 0.47000015 0.52995279 0.39 1.01 0.47 0.21 1.02 1.19 0.8 1.02 1.02 0.6499999 0.65 0.65 0.71 0.71 1.56 1.56 0.87 0.68 0.68 0.68 -0.42 -0.42 -0.42009675 -0.31000048 -0.31 -0.31 -0.49 -0.49 -0.67 -0.14 -0.26999996 -0.27 -0.47 0.05 -0.5 -0.59999991 0.14 0.12 0.12 -0.78593539 0.38 0.59999999 0.59999998 0.32 0.31984656 0.3 0.29999996 -0.05 -0.05 -0.047219301 0.41999999 0.35 0.35 0.35 0.92
