Interpolating SPI Data/spi_stations/interpolated_spi/10-21_2.tif
NCOLS 257
NROWS 141
XLLCORNER -178.27925
YLLCORNER 5.3153543
DX 0.49934803
DY 0.49997533
NODATA_VALUE -9999
[rows 112 to 139 of 141, columns 64 to 127 of 257]
1.649379 1.6521152 1.6545436 1.6566306 1.6583501 1.6596825 1.6606136 1.6611324 1.6612278 1.6608853 1.6600827 1.6587848 1.6569378 1.6544622 1.651244 1.6471227 1.6418762 1.6352005 1.6266821 1.6157631 1.6016979 1.5835044 1.5599215 1.529396 1.4901511 1.4404165 1.3789164 1.305647 1.2227587 1.1350142 1.049156 0.97206059 0.90858361 0.86040892 0.82639669 0.80381876 0.78958419 0.7809873 0.77597818 0.77314354 0.77157141 0.77069997 0.77019093 0.76983456 0.76947773 0.76895738 0.76800925 0.76609018 0.76196923 0.75273332 0.73137444 0.68138527 0.56792824 0.33977142 -0.0094964303 -0.35794818 -0.57326024 -0.65165949 -0.63629018 -0.54552662 -0.3917504 -0.22559115 -0.10811455 -0.048661328
1.6508179 1.6530263 1.654909 1.6564394 1.6575957 1.6583601 1.6587168 1.6586493 1.6581371 1.6571519 1.6556529 1.6535816 1.6508548 1.6473564 1.6429273 1.6373512 1.6303371 1.6214965 1.6103147 1.596117 1.5780322 1.5549642 1.5255885 1.4884127 1.4419564 1.3851145 1.3177305 1.2412697 1.159263 1.0770534 1.0006185 0.93489239 0.88249681 0.84352433 0.81624282 0.79810741 0.78656508 0.77948192 0.77526402 0.77280869 0.77139315 0.77055922 0.77001648 0.76956544 0.76903135 0.76818887 0.76664047 0.76356841 0.75717848 0.7434223 0.71315868 0.64670022 0.50801997 0.25774591 -0.082490407 -0.39166502 -0.57270652 -0.63032585 -0.5980467 -0.4937396 -0.34172022 -0.19485086 -0.096269985 -0.045867966
1.6513683 1.6530471 1.6543859 1.6553612 1.655952 1.6561387 1.6558998 1.6552099 1.6540357 1.6523316 1.6500352 1.6470605 1.6432911 1.6385699 1.6326879 1.6253682 1.6162474 1.6048525 1.5905739 1.5726396 1.5500951 1.5218075 1.4865173 1.4429799 1.39024 1.3280572 1.2574199 1.1809386 1.1027996 1.0280483 0.96135962 0.90586246 0.86260832 0.83082623 0.80864148 0.79381932 0.78427587 0.77831773 0.77468749 0.77250821 0.77119355 0.77035813 0.76974024 0.76913522 0.76832804 0.76700182 0.76457558 0.75987164 0.75039804 0.7308059 0.68980437 0.60534818 0.44318774 0.17902143 -0.1444326 -0.41620908 -0.56665049 -0.6042746 -0.5564326 -0.44377757 -0.29911948 -0.17079544 -0.087290035 -0.043826056
1.6510489 1.6521943 1.6529846 1.6533964 1.6534066 1.6529899 1.6521165 1.6507489 1.6488378 1.6463176 1.6431009 1.6390713 1.6340756 1.6279123 1.6203198 1.6109594 1.5993974 1.5850844 1.5673359 1.5453198 1.5180638 1.4845001 1.4435774 1.3944698 1.3368963 1.2715131 1.2002473 1.1263546 1.0540073 0.98743335 0.92993043 0.88321293 0.84734438 0.82115736 0.80285628 0.79053524 0.78249712 0.77738544 0.77419283 0.77220801 0.77094307 0.77006169 0.76931401 0.76847379 0.76726379 0.765241 0.76158458 0.75466884 0.74118574 0.71439889 0.66108209 0.55807245 0.3757567 0.10575374 -0.19593351 -0.43277124 -0.55550198 -0.57429359 -0.51343277 -0.3975836 -0.263555 -0.15191249 -0.080406745 -0.042351925
1.6498704 1.6504729 1.6507016 1.6505306 1.6499314 1.6488706 1.6473073 1.6451893 1.6424488 1.6389975 1.6347206 1.6294688 1.6230497 1.6152165 1.605655 1.5939685 1.5796622 1.5621291 1.5406429 1.5143664 1.4823903 1.4438225 1.3979484 1.3444727 1.2838208 1.2174134 1.1477709 1.0782946 1.0126864 0.95417499 0.90486612 0.86548076 0.83552065 0.81369387 0.79837705 0.78796632 0.78107503 0.77660421 0.77373347 0.77187353 0.77060636 0.76962523 0.76867606 0.76749308 0.76571161 0.76272377 0.75740977 0.74761386 0.72912826 0.69385087 0.62707768 0.50602734 0.30798225 0.03927363 -0.23783449 -0.44231777 -0.53981905 -0.54150952 -0.47091348 -0.35620212 -0.23418539 -0.13700378 -0.075086556 -0.041321247
1.6478341 1.647877 1.6475217 1.646737 1.6454868 1.6437275 1.6414045 1.6384488 1.6347722 1.6302617 1.6247733 1.6181236 1.610081 1.6003546 1.5885823 1.5743188 1.5570258 1.5360681 1.5107226 1.4802119 1.4437755 1.4007941 1.3509746 1.2945815 1.2326608 1.1671586 1.1008204 1.0368138 0.97814943 0.92710316 0.88486317 0.85150884 0.82626086 0.80784785 0.79484485 0.78590812 0.7798971 0.77590991 0.77326654 0.77146699 0.77014059 0.76899314 0.76775016 0.7660867 0.76352279 0.75924482 0.75177705 0.7383678 0.71387861 0.66899143 0.58819507 0.45063085 0.24182844 -0.019754209 -0.27103532 -0.44570124 -0.52033854 -0.50720867 -0.43035696 -0.31994961 -0.2100454 -0.12515274 -0.070955144 -0.040650211
1.6449328 1.6443916 1.6434201 1.6419801 1.640026 1.6375018 1.6343376 1.6304461 1.6257169 1.6200116 1.6131562 1.604934 1.5950763 1.5832531 1.569064 1.5520312 1.531598 1.5071383 1.4779847 1.4434861 1.4031049 1.3565592 1.3040019 1.2462018 1.1846595 1.1215762 1.0596181 1.0014985 0.94949929 0.90509957 0.86883639 0.84040604 0.81891974 0.80319586 0.79200195 0.78421107 0.77887655 0.77524754 0.7727492 0.77094541 0.76949416 0.76809794 0.76644528 0.76413086 0.76053015 0.75458359 0.74441045 0.72662379 0.69519039 0.63985642 0.54511763 0.39340158 0.17885504 -0.071146124 -0.29642311 -0.44374277 -0.49794232 -0.47264553 -0.3927564 -0.288659 -0.19021734 -0.11566957 -0.06774772 -0.040284351
1.6411522 1.6399943 1.6383658 1.6362198 1.6334994 1.6301347 1.6260397 1.6211072 1.6152047 1.6081678 1.5997942 1.5898363 1.5779936 1.563906 1.5471493 1.5272347 1.5036183 1.4757253 1.4429958 1.4049618 1.361358 1.3122604 1.2582322 1.2004296 1.1406097 1.0809905 1.0239582 0.97169002 0.92580886 0.88718265 0.85591501 0.8314944 0.81302065 0.7994285 0.78965856 0.78276128 0.77794228 0.77456623 0.77213612 0.77025928 0.76860598 0.76686022 0.76465635 0.76148675 0.75655323 0.74851415 0.7350488 0.71213142 0.67294436 0.6066917 0.49873834 0.33581399 0.1201959 -0.11504068 -0.31485696 -0.43727524 -0.4735808 -0.4388939 -0.35864151 -0.26189825 -0.17390247 -0.10803866 -0.065276469 -0.040192209
1.6364732 1.6346589 1.6323253 1.6294149 1.6258588 1.6215723 1.6164523 1.6103721 1.6031769 1.5946784 1.5846485 1.5728141 1.5588515 1.5423831 1.5229794 1.5001666 1.4734474 1.4423388 1.4064325 1.3654818 1.3195103 1.2689283 1.2146267 1.1580044 1.1008907 1.0453471 0.99338012 0.94664351 0.9062182 0.87253091 0.84541379 0.82425949 0.80820832 0.79631531 0.78767048 0.78146787 0.77703218 0.77381582 0.77137782 0.76935175 0.76740534 0.76518918 0.76226606 0.75800427 0.75140515 0.74081669 0.72346294 0.69471806 0.64716364 0.56993466 0.45007433 0.27919244 0.066595234 -0.15178332 -0.32717478 -0.42714917 -0.44818311 -0.40676665 -0.32817511 -0.23912686 -0.16043805 -0.10187561 -0.063409366 -0.040362202
1.6308742 1.6283583 1.6252654 1.6215275 1.6170623 1.6117704 1.6055316 1.5982002 1.5896012 1.5795252 1.5677237 1.5539055 1.5377349 1.5188329 1.496786 1.4711626 1.4415441 1.4075737 1.3690239 1.3258828 1.2784474 1.2274038 1.1738641 1.1193283 1.0655538 1.014344 0.96730357 0.92562669 0.88997597 0.86047524 0.83679811 0.81830953 0.80421428 0.79368052 0.78592414 0.78025445 0.77608866 0.77294468 0.77041963 0.76815839 0.76581234 0.76298401 0.75914762 0.75352701 0.74490081 0.73128974 0.70947186 0.67430483 0.61801613 0.53017821 0.40018167 0.22464914 0.018469776 -0.18185084 -0.33420112 -0.41421096 -0.42257958 -0.37680081 -0.30126797 -0.2197922 -0.14928916 -0.096894556 -0.062056556 -0.040801639
1.624334 1.6210668 1.6171575 1.6125265 1.6070783 1.6006991 1.5932524 1.5845757 1.5744767 1.5627296 1.5490723 1.5332057 1.5147953 1.4934787 1.4688802 1.440636 1.4084329 1.3720629 1.3314906 1.2869285 1.2389047 1.1883027 1.1363476 1.0845232 1.0344202 0.98754306 0.94512073 0.90797091 0.87644839 0.85047842 0.82965137 0.81334342 0.80083195 0.79138618 0.78432634 0.77905343 0.77505567 0.77189827 0.76920128 0.7666075 0.76373894 0.76013605 0.7551685 0.74789821 0.73686573 0.7197622 0.69295623 0.65091542 0.58580441 0.48812391 0.35008195 0.17305988 -0.024025043 -0.20580394 -0.33674659 -0.39926773 -0.3974518 -0.34928791 -0.27768061 -0.20338088 -0.14003134 -0.092884376 -0.061161818 -0.041537179
1.6168341 1.6127642 1.6079802 1.6023911 1.5958891 1.5883466 1.579613 1.5695117 1.5578376 1.5443548 1.5287963 1.5108662 1.4902463 1.4666083 1.4396348 1.4090507 1.374666 1.3364304 1.2944934 1.2492615 1.2014362 1.1520154 1.102243 1.0535029 1.0071703 0.96445159 0.92625067 0.89309172 0.86511154 0.84211171 0.82364745 0.80912677 0.79789887 0.78932049 0.78279719 0.77780212 0.77387679 0.77061849 0.76765701 0.76462092 0.76109068 0.75653163 0.75019489 0.74096732 0.72714505 0.70610413 0.67386814 0.6246772 0.55094541 0.4445317 0.30070727 0.12506665 -0.060935952 -0.22425581 -0.33559727 -0.38305174 -0.37331322 -0.32432625 -0.25710025 -0.18944129 -0.13233191 -0.089691714 -0.060697426 -0.042616308
1.6083615 1.6034375 1.5977223 1.5911143 1.5834941 1.5747224 1.5646373 1.5530524 1.5397549 1.5245065 1.5070448 1.4870896 1.4643533 1.4385579 1.409461 1.3768899 1.3407851 1.3012492 1.2585945 1.2133782 1.1664116 1.1187327 1.0715323 1.0260441 0.98341354 0.9445755 0.91016693 0.88049148 0.85553693 0.83503288 0.8185289 0.80547401 0.79528397 0.78738961 0.78126539 0.77644021 0.77249408 0.76904341 0.76571605 0.7621153 0.75776889 0.7520555 0.74409663 0.73259678 0.71561187 0.69023539 0.65223607 0.59581493 0.51394312 0.40017252 0.25286443 0.081096145 -0.092462821 -0.23784804 -0.33149775 -0.36619394 -0.35051494 -0.30187721 -0.23919262 -0.17758966 -0.12593316 -0.087209121 -0.060661345 -0.044109585
1.5989109 1.5930839 1.5863855 1.5787045 1.5699119 1.5598593 1.5483771 1.5352737 1.5203356 1.5033298 1.4840091 1.4621204 1.4374199 1.4096931 1.3787833 1.344626 1.3072891 1.2670119 1.2242366 1.1796229 1.1340331 1.0884845 1.0440678 1.001844 0.96273772 0.92745024 0.8964077 0.86975292 0.84737545 0.82896747 0.81408991 0.80223526 0.79287847 0.78551198 0.77966491 0.77490814 0.77084764 0.76710762 0.76330368 0.75900385 0.75367329 0.74659458 0.73675243 0.7226685 0.70217454 0.6721316 0.62816525 0.56463837 0.47535795 0.35578788 0.20721619 0.041385853 -0.11891869 -0.24722925 -0.32513271 -0.34921049 -0.32926733 -0.281815 -0.22363363 -0.16750766 -0.12063847 -0.085366921 -0.061076058 -0.046113661
1.5884863 1.5817124 1.573986 1.5651879 1.5551821 1.5438143 1.5309115 1.5162824 1.4997198 1.4810046 1.459914 1.4362331 1.4097717 1.3803878 1.3480149 1.3126948 1.2746102 1.2341125 1.1917374 1.1481998 1.1043635 1.0611823 1.0196207 0.98056455 0.94474024 0.91265589 0.88457593 0.86052892 0.84034241 0.82369352 0.81016346 0.79928675 0.79058946 0.78361431 0.77793286 0.77314621 0.76887548 0.76474288 0.76034253 0.75519847 0.74870504 0.74004205 0.72805489 0.71108974 0.68678216 0.65182693 0.60183323 0.53152528 0.43577606 0.3120585 0.16427587 0.0060127026 -0.14069654 -0.25303517 -0.31711177 -0.33250198 -0.30966885 -0.26396581 -0.21012667 -0.1589363 -0.11630148 -0.084127763 -0.061988604 -0.048755007
1.5771029 1.5693453 1.5605556 1.550609 1.5393652 1.5266678 1.5123453 1.4962127 1.4780758 1.4577375 1.4350078 1.4097181 1.3817392 1.3510048 1.3175374 1.2814758 1.2430989 1.2028419 1.1612965 1.119193 1.0773585 1.0366573 0.99791807 0.96186249 0.92904601 0.89982217 0.87433413 0.85253134 0.8342045 0.81902947 0.80661157 0.79652379 0.78833528 0.78162892 0.77600817 0.77109421 0.766514 0.76187912 0.75675422 0.75061199 0.7427698 0.73230126 0.71791522 0.69779795 0.66942825 0.62941382 0.57348169 0.49690188 0.39578106 0.26958224 0.12441134 -0.025078432 -0.15824077 -0.25587066 -0.3079602 -0.3163624 -0.29173548 -0.248136 -0.19841056 -0.15166884 -0.11281771 -0.083483122 -0.063471515 -0.052193672
1.5647877 1.5560187 1.5461422 1.5350304 1.5225418 1.5085223 1.4928066 1.4752218 1.4555934 1.433753 1.4095504 1.3828683 1.3536418 1.3218791 1.287685 1.2512807 1.2130196 1.1733912 1.1330107 1.0925911 1.0528981 1.014693 0.97867137 0.94540789 0.9153158 0.88862755 0.86539713 0.84552068 0.828769 0.81482479 0.80331808 0.79385574 0.78604234 0.77949195 0.77383081 0.76869147 0.76369859 0.7584457 0.75246122 0.74516077 0.73578098 0.72328957 0.70626735 0.68276435 0.65015219 0.60503969 0.54340525 0.46122246 0.35592982 0.22886072 0.087855428 -0.052047422 -0.17202248 -0.25629515 -0.29811624 -0.30099389 -0.27542693 -0.23413107 -0.18826189 -0.14554388 -0.11011829 -0.083451172 -0.065624103 -0.056624336
1.5515803 1.5417831 1.5308097 1.5185319 1.5048109 1.4894988 1.4724415 1.4534838 1.4324761 1.4092841 1.3838016 1.3559657 1.3257744 1.2933056 1.2587348 1.2223491 1.1845529 1.1458637 1.1068927 1.0683128 1.0308132 0.99504971 0.96159428 0.9308947 0.90324861 0.87879529 0.85752428 0.83929688 0.82387515 0.81095277 0.80018324 0.79120227 0.78364282 0.77714224 0.77134159 0.76587725 0.76036462 0.75437287 0.74738884 0.73876717 0.72766272 0.7129417 0.69307114 0.6659961 0.62903859 0.57890115 0.51193839 0.42494963 0.31673318 0.1902932 0.054720313 -0.07513329 -0.18251825 -0.25481231 -0.28793436 -0.28652402 -0.26066811 -0.22176739 -0.17949422 -0.14043923 -0.10816536 -0.084075431 -0.068572654 -0.062267472
1.5375321 1.5267021 1.514636 1.5012085 1.4862869 1.4697335 1.45141 1.4311831 1.4089326 1.3845622 1.3580114 1.3292708 1.2983977 1.2655308 1.2309034 1.1948497 1.157804 1.1202888 1.0828909 1.046228 1.0109071 0.97748199 0.94641442 0.91804553 0.89258059 0.87008822 0.8505121 0.83369167 0.81938719 0.80730502 0.79711972 0.78849086 0.78107331 0.77452076 0.76848221 0.76259138 0.75644853 0.74959336 0.74146724 0.73136204 0.71835273 0.70121258 0.67831469 0.64753688 0.60621469 0.5512362 0.47944136 0.38853628 0.27864168 0.15417644 0.02501436 -0.09463068 -0.19019274 -0.25186446 -0.27769271 -0.2730229 -0.24736539 -0.21087891 -0.17195564 -0.13626668 -0.10694837 -0.08542323 -0.072466162 -0.069336225
1.5227064 1.5108518 1.4977121 1.4831679 1.4670961 1.4493729 1.4298793 1.4085075 1.3851698 1.3598089 1.3324101 1.3030143 1.2717311 1.23875 1.204347 1.1688866 1.1328137 1.0966379 1.0609075 1.0261772 0.99297141 0.96175017 0.93287954 0.90661264 0.88308199 0.86230317 0.84418777 0.82856221 0.81518904 0.80378733 0.79404976 0.78565492 0.77827382 0.77157038 0.76519562 0.7587751 0.7518891 0.74404401 0.73463349 0.722887 0.70780466 0.68807947 0.66201549 0.62746615 0.58184597 0.52231497 0.44628613 0.35241014 0.24203627 0.12070927 -0.0013399285 -0.11086882 -0.19548527 -0.24783125 -0.26760318 -0.26051858 -0.23541843 -0.20132036 -0.16552569 -0.1329674 -0.10648089 -0.087582226 -0.077460934 -0.077957703
1.5071766 1.4943185 1.480139 1.4645274 1.4473729 1.4285689 1.4080185 1.3856419 1.3613848 1.3352289 1.3072025 1.2773919 1.2459507 1.2131072 1.1791667 1.1445077 1.1095707 1.0748392 1.0408144 1.007985 0.97679741 0.94762753 0.92076017 0.89637688 0.87455339 0.85526584 0.83840364 0.8237861 0.81118016 0.80031659 0.79090306 0.78263264 0.77518731 0.76823598 0.76142658 0.75437199 0.74662873 0.73766742 0.72683339 0.71329651 0.69599008 0.67354338 0.6442206 0.60589687 0.55613043 0.49242974 0.41284304 0.31696122 0.20722355 0.090000676 -0.024487776 -0.12419337 -0.19880061 -0.24303195 -0.25782239 -0.24901001 -0.22472825 -0.19296824 -0.16011196 -0.13050795 -0.10679669 -0.090651689 -0.083683573 -0.088033405
1.4910245 1.4771971 1.4620254 1.4454102 1.4272555 1.4074742 1.3859933 1.362762 1.3377594 1.311004 1.2825633 1.2525619 1.2211885 1.1886989 1.1554144 1.1217147 1.0880239 1.0547908 1.0224652 0.99147134 0.96218338 0.93490404 0.90985011 0.88714543 0.86682174 0.84882603 0.83303258 0.81925731 0.8072723 0.7968185 0.78761532 0.77936621 0.77175958 0.76446474 0.75712235 0.74932899 0.7406148 0.73041344 0.71802325 0.70255952 0.68289981 0.65762964 0.62500568 0.5829721 0.52929186 0.46188458 0.37946872 0.28253245 0.17443494 0.062080409 -0.044624686 -0.13495146 -0.20050339 -0.2377302 -0.24846249 -0.23847745 -0.21520238 -0.18572036 -0.15564663 -0.12887593 -0.10794341 -0.094723462 -0.091161231 -0.099067374
1.4743389 1.459588 1.4434844 1.4259418 1.4068816 1.3862372 1.3639607 1.3400299 1.3144557 1.2872904 1.2586349 1.2286453 1.1975357 1.1655788 1.133101 1.1004727 1.0680932 1.0363717 1.0057055 0.97645818 0.94893905 0.92338797 0.8999654 0.87874903 0.85973664 0.8428537 0.82796426 0.81488305 0.80338719 0.7932259 0.78412729 0.77580144 0.76793925 0.76020659 0.75223347 0.74359748 0.73380088 0.72224067 0.70817127 0.69066078 0.66854476 0.64038772 0.60447309 0.55886065 0.50157232 0.43098542 0.34649581 0.24941348 0.14382933 0.036911034 -0.061980396 -0.14348011 -0.200916 -0.23214036 -0.23960107 -0.22889039 -0.20675787 -0.17949435 -0.15208271 -0.12807472 -0.10997135 -0.099846355 -0.099719627 -0.11008121
1.4572126 1.4415949 1.4246301 1.406247 1.3863848 1.3649987 1.3420654 1.3175903 1.2916133 1.2642162 1.2355277 1.2057273 1.1750463 1.1437646 1.1122046 1.0807197 1.0496791 1.0194502 0.99037964 0.96277468 0.93688796 0.91290591 0.89094267 0.87103916 0.85316692 0.83723554 0.82310212 0.81058135 0.79945468 0.78947762 0.78038412 0.7718876 0.76367805 0.7554148 0.74671457 0.73713427 0.72614794 0.71311765 0.69725877 0.67760171 0.65295611 0.62189022 0.58274909 0.53375183 0.47322451 0.40003062 0.31422463 0.21783757 0.11549824 0.014400653 -0.076804776 -0.15009784 -0.20031888 -0.22643438 -0.23128964 -0.22021334 -0.19932266 -0.1742256 -0.14938975 -0.12811586 -0.11291403 -0.10597061 -0.1088838 -0.11978974
1.4397411 1.4233222 1.4055757 1.386446 1.3658913 1.3438881 1.3204368 1.2955681 1.2693477 1.2418819 1.2133211 1.1838612 1.1537422 1.123244 1.0926777 1.0623743 1.0326701 1.0038909 0.97633517 0.95025992 0.92586836 0.90330202 0.88263713 0.86388528 0.84699774 0.83187222 0.81836102 0.80627915 0.79541144 0.78551768 0.77633505 0.76757745 0.75893116 0.75004652 0.74052519 0.7299026 0.71762539 0.7030239 0.68528098 0.66340077 0.63618489 0.60223118 0.55998035 0.50784984 0.44450406 0.36930277 0.28291714 0.18798117 0.089473115 -0.0055845564 -0.089355997 -0.15509918 -0.19895287 -0.22074877 -0.22356075 -0.2124098 -0.19283578 -0.16986439 -0.1475483 -0.12900736 -0.11675784 -0.11288066 -0.11786431 -0.12706305
1.4220192 1.404872 1.3864295 1.3666524 1.3455172 1.3230212 1.299187 1.2740674 1.2477502 1.2203613 1.1920666 1.1630716 1.1336188 1.1039813 1.0744541 1.0453426 1.016949 0.9895588 0.96342653 0.93876439 0.91573316 0.89443677 0.87492046 0.85717241 0.84112807 0.82667612 0.81366532 0.80191094 0.79120003 0.78129475 0.77193322 0.76282741 0.75365765 0.7440635 0.73363054 0.72187298 0.708212 0.69195069 0.67224754 0.64809338 0.61830096 0.58152374 0.53632988 0.48136778 0.4156623 0.33906172 0.25279301 0.15996587 0.065733724 -0.023208589 -0.099891112 -0.15875179 -0.19702259 -0.21519106 -0.21643363 -0.20544487 -0.18724649 -0.16637221 -0.14654232 -0.13073641 -0.12140213 -0.12014695 -0.12571503 -0.1313888
1.4041399 1.3863427 1.3672938 1.3469702 1.3253665 1.3024989 1.2784097 1.2531713 1.2268891 1.1997035 1.1717904 1.1433596 1.11465 1.0859234 1.0574552 1.0295234 1.0023969 0.97632307 0.95151662 0.92815052 0.90634929 0.88618544 0.86767886 0.85079894 0.83546859 0.82156946 0.80894746 0.79741769 0.78676823 0.77676188 0.76713572 0.75759783 0.74782091 0.73743263 0.72600229 0.71302399 0.69789653 0.67990154 0.65818259 0.63173138 0.59939152 0.55989726 0.51197252 0.45452174 0.38693967 0.30953915 0.22402791 0.13386234 0.044217196 -0.038655107 -0.10865897 -0.16129543 -0.19470053 -0.20984557 -0.20991843 -0.19928654 -0.18251263 -0.16371688 -0.14634878 -0.13324607 -0.12661966 -0.1271474 -0.13164054 -0.13297926
1.386192 1.3678261 1.3482623 1.327493 1.3055295 1.2824055 1.2581805 1.2329426 1.2068107 1.1799355 1.1524978 1.1247065 1.096793 1.0690042 1.041594 1.0148127 0.98889684 0.96405884 0.94047782 0.91829258 0.89759676 0.87843662 0.86081126 0.84467479 0.82994006 0.81648297 0.80414683 0.79274608 0.7820686 0.77187635 0.76190369 0.7518533 0.74138916 0.73012655 0.7176191 0.70334282 0.68667824 0.66689242 0.64312451 0.61438203 0.57955907 0.53749403 0.48709034 0.42752507 0.35856003 0.28093473 0.19675361 0.10969549 0.024827022 -0.052118483 -0.11589527 -0.16294249 -0.19213134 -0.20477834 -0.20401939 -0.19390597 -0.17859786 -0.16186605 -0.14692374 -0.13640919 -0.13203993 -0.1331946 -0.13527452 -0.13250505
