Interpolating SPI Data/spi_stations/interpolated_spi/10-22_3.tif
NCOLS 257
NROWS 141
XLLCORNER -178.27925
YLLCORNER 5.3153543
DX 0.49934803
DY 0.49997533
NODATA_VALUE -9999
[rows 108 to 134 of 141, columns 122 to 182 of 257]
1.2863429 1.2927033 1.2908004 1.2851455 1.2800064 1.2784807 1.2788205 1.2793429 1.2796723 1.2798414 1.2799197 1.2799482 1.2799355 1.2798321 1.2792815 1.2749971 1.2465122 1.2150957 1.2101077 1.2073212 1.1833187 0.90856848 -0.056050864 -0.34551048 -0.38589865 -0.40093381 -0.4070763 -0.40920998 -0.40982376 -0.40996792 -0.40999526 -0.40999943 -0.40999994 -0.40999999 -0.41 -0.41 -0.41 -0.41 -0.41 -0.41 -0.41 -0.41 -0.41 -0.41 -0.41 -0.41 -0.41 -0.41 -0.41 -0.40999998 -0.41000749 -0.41298416 -0.51996308 -0.53256906 -0.53108978 -0.53045543 -0.53259018 -0.91121375 -1.0394231 -1.0398471 -1.039953
1.284685 1.2904798 1.2880825 1.2827504 1.2789784 1.2782315 1.2787237 1.2792662 1.2796118 1.2797981 1.2798883 1.2799195 1.2798914 1.279709 1.2786791 1.2710597 1.237416 1.2132304 1.2069313 1.1841271 0.98630789 0.14289807 -0.31876972 -0.38121187 -0.39805125 -0.40544299 -0.40848265 -0.40956438 -0.40989307 -0.40997765 -0.40999601 -0.40999938 -0.40999991 -0.40999999 -0.41 -0.41 -0.41 -0.41 -0.41 -0.41 -0.41 -0.41 -0.41 -0.41 -0.41 -0.41 -0.41 -0.41 -0.41 -0.40999999 -0.4100016 -0.41042401 -0.45766517 -0.53187251 -0.53152862 -0.53101973 -0.6034135 -1.0324777 -1.0397557 -1.0399146 -1.0399731
1.2827598 1.2879876 1.2853922 1.2808154 1.2782381 1.2780218 1.2786159 1.2791774 1.2795407 1.2797448 1.2798467 1.2798775 1.2798208 1.2794912 1.2775828 1.2653595 1.2298304 1.2086803 1.1842673 1.0324598 0.35124581 -0.26052921 -0.37280263 -0.39451194 -0.40332284 -0.40738499 -0.40908833 -0.40971901 -0.4099237 -0.40998173 -0.40999611 -0.40999925 -0.40999987 -0.40999998 -0.41 -0.41 -0.41 -0.41 -0.41 -0.41 -0.41 -0.41 -0.41 -0.41 -0.41 -0.41 -0.41 -0.41 -0.41 -0.40999999 -0.41000047 -0.41008642 -0.41964758 -0.51973667 -0.53191411 -0.54001688 -0.92579047 -1.0391607 -1.0398508 -1.0399447 -1.0399818
1.2806257 1.2853645 1.2829113 1.2792993 1.2776816 1.2778295 1.2784953 1.2790755 1.2794576 1.2796796 1.2797918 1.2798166 1.2797062 1.2791058 1.2757221 1.258037 1.2210603 1.1861031 1.0615195 0.52888266 -0.16221276 -0.35606667 -0.38976942 -0.40065821 -0.40585431 -0.40831692 -0.40938074 -0.40979416 -0.40993819 -0.40998316 -0.4099958 -0.40999902 -0.40999978 -0.40999995 -0.40999999 -0.41 -0.41 -0.41 -0.41 -0.41 -0.41 -0.41 -0.41 -0.41 -0.41 -0.41 -0.41 -0.41 -0.41 -0.40999999 -0.41000017 -0.41002396 -0.41198675 -0.47422464 -0.53205487 -0.65356736 -1.0286375 -1.0397027 -1.0398948 -1.0399592 -1.0399858
1.2783686 1.2827624 1.280741 1.2781187 1.277239 1.2776413 1.2783604 1.2789594 1.2793608 1.2796001 1.2797199 1.2797276 1.2795179 1.2784392 1.2727449 1.2481887 1.198033 1.0839493 0.6654875 -0.028730723 -0.32431645 -0.38243555 -0.39728554 -0.40383649 -0.40717863 -0.40880556 -0.40953438 -0.40983297 -0.40994474 -0.40998304 -0.40999512 -0.40999866 -0.40999964 -0.4099999 -0.40999997 -0.40999999 -0.41 -0.41 -0.41 -0.41 -0.41 -0.41 -0.41 -0.41 -0.41 -0.41 -0.41 -0.41 -0.41 -0.40999999 -0.41000007 -0.41000854 -0.41051843 -0.43114913 -0.54064793 -0.93136372 -1.0383684 -1.0398059 -1.0399176 -1.0399664 -1.0399875
1.2760888 1.2803109 1.2789058 1.2771876 1.276865 1.2774492 1.2782101 1.2788277 1.2792482 1.2795032 1.2796251 1.2795959 1.2792069 1.2773028 1.2677679 1.2283054 1.1145485 0.77127539 0.12327802 -0.27099337 -0.36990257 -0.39274852 -0.40125364 -0.40561229 -0.40792193 -0.40907967 -0.40961948 -0.40985296 -0.4099467 -0.40998175 -0.40999404 -0.40999811 -0.40999941 -0.40999981 -0.40999994 -0.40999998 -0.40999999 -0.41 -0.41 -0.41 -0.41 -0.41 -0.41 -0.41 -0.41 -0.41 -0.41 -0.41 -0.40999999 -0.40999998 -0.41000002 -0.41000372 -0.41017064 -0.41632471 -0.61293901 -1.0229373 -1.0394929 -1.0398458 -1.0399297 -1.0399698 -1.0399879
1.2738828 1.2780935 1.2773796 1.2764337 1.2765299 1.2772477 1.2780427 1.2786787 1.2791175 1.279385 1.2794988 1.2793971 1.2786841 1.2752285 1.2569535 1.1686536 0.87141115 0.27912271 -0.19271968 -0.34842437 -0.38605226 -0.39792479 -0.40355678 -0.40666538 -0.40836254 -0.40924047 -0.40966719 -0.40986193 -0.40994553 -0.40997942 -0.40999248 -0.4099973 -0.40999904 -0.40999965 -0.40999987 -0.40999995 -0.40999998 -0.40999999 -0.40999999 -0.41 -0.41 -0.41 -0.41 -0.41 -0.41 -0.41 -0.40999999 -0.40999999 -0.40999999 -0.40999997 -0.40999999 -0.41000189 -0.41006927 -0.4128556 -0.74657634 -1.0363914 -1.0396949 -1.0398658 -1.0399356 -1.0399707 -1.0399874
1.2718266 1.2761452 1.2761123 1.2758013 1.2762142 1.277033 1.277857 1.2785107 1.2789656 1.2792398 1.2793273 1.2790855 1.277724 1.2704834 1.2251159 0.99645175 0.44385107 -0.089427693 -0.31379676 -0.37548611 -0.39343683 -0.40091627 -0.40497722 -0.40731914 -0.40863379 -0.40933642 -0.40969247 -0.40986361 -0.40994184 -0.40997599 -0.40999031 -0.40999614 -0.40999845 -0.40999937 -0.40999973 -0.40999988 -0.40999994 -0.40999997 -0.40999998 -0.40999999 -0.40999999 -0.40999999 -0.40999999 -0.40999999 -0.40999999 -0.40999999 -0.40999999 -0.40999998 -0.40999997 -0.40999995 -0.40999994 -0.41000105 -0.41003614 -0.41311771 -0.84874739 -1.0386312 -1.0397525 -1.0398756 -1.0399374 -1.0399699 -1.0399862
1.2699668 1.2744621 1.2750494 1.2752495 1.2759046 1.276802 1.2776512 1.2783211 1.2787885 1.2790586 1.2790841 1.2785451 1.2755481 1.2564666 1.1279975 0.64825638 0.043985447 -0.26179661 -0.35863343 -0.3870024 -0.39749371 -0.40278936 -0.40589152 -0.40773837 -0.40880384 -0.40939234 -0.40970297 -0.40985983 -0.40993584 -0.40997132 -0.40998738 -0.40999447 -0.40999756 -0.4099989 -0.40999949 -0.40999975 -0.40999987 -0.40999993 -0.40999995 -0.40999997 -0.40999998 -0.40999998 -0.40999998 -0.40999998 -0.40999998 -0.40999998 -0.40999997 -0.40999996 -0.40999994 -0.40999991 -0.40999988 -0.41000062 -0.41003084 -0.41594203 -0.91248298 -1.0391335 -1.0397743 -1.0398788 -1.0399362 -1.0399676 -1.0399841
1.2683207 1.2730165 1.2741407 1.2747487 1.2755921 1.2765523 1.2774235 1.2781069 1.27858 1.2788248 1.2787038 1.2773969 1.2693336 1.2120934 0.8919689 0.2339939 -0.18544625 -0.332376 -0.37735936 -0.39290127 -0.39998947 -0.40402159 -0.40649777 -0.40801204 -0.40890956 -0.40942166 -0.40970276 -0.40985146 -0.40992748 -0.4099652 -0.40998346 -0.40999214 -0.40999623 -0.40999816 -0.40999907 -0.40999951 -0.40999972 -0.40999983 -0.40999989 -0.40999993 -0.40999994 -0.40999995 -0.40999996 -0.40999996 -0.40999995 -0.40999995 -0.40999994 -0.40999992 -0.40999989 -0.40999984 -0.40999979 -0.4100004 -0.41005189 -0.42230629 -0.95225573 -1.0392844 -1.0397814 -1.0398771 -1.0399323 -1.0399638 -1.0399811
1.2668819 1.2717704 1.2733445 1.2742777 1.2752699 1.2762814 1.2771713 1.2778636 1.2783286 1.2784978 1.277983 1.2743436 1.2499433 1.0882818 0.51362301 -0.064683749 -0.29172575 -0.36266323 -0.38646974 -0.39636719 -0.40163262 -0.40485847 -0.40690685 -0.40819054 -0.40897185 -0.40943191 -0.40969405 -0.40983884 -0.4099166 -0.40995735 -0.40997831 -0.40998894 -0.4099943 -0.409997 -0.40999837 -0.40999908 -0.40999945 -0.40999966 -0.40999977 -0.40999983 -0.40999987 -0.40999989 -0.4099999 -0.40999991 -0.4099999 -0.40999989 -0.40999987 -0.40999984 -0.4099998 -0.40999972 -0.40999964 -0.41000052 -0.41012278 -0.43423429 -0.97749659 -1.0393375 -1.0397798 -1.0398713 -1.039926 -1.0399584 -1.0399771
1.2656288 1.2706841 1.2726274 1.2738211 1.2749328 1.2759869 1.2768909 1.2775827 1.278007 1.2779582 1.2762659 1.2652943 1.1931428 0.82693211 0.14323639 -0.22464328 -0.33990253 -0.37714229 -0.39154912 -0.39859681 -0.40276004 -0.40543776 -0.40718384 -0.40830365 -0.40900303 -0.40942749 -0.40967798 -0.40982199 -0.40990289 -0.40994745 -0.40997163 -0.40998461 -0.40999155 -0.40999526 -0.40999727 -0.40999837 -0.40999898 -0.40999933 -0.40999953 -0.40999965 -0.40999973 -0.40999977 -0.40999979 -0.4099998 -0.4099998 -0.40999978 -0.40999975 -0.40999971 -0.40999964 -0.40999953 -0.40999941 -0.41000158 -0.41030163 -0.45425039 -0.9938281 -1.0393515 -1.0397714 -1.0398615 -1.0399171 -1.0399512 -1.0399716
1.2645325 1.2697208 1.2719637 1.2733673 1.2745767 1.2756652 1.276576 1.2772448 1.2775394 1.2768424 1.2715707 1.239069 1.052995 0.45889292 -0.10146638 -0.30242184 -0.36315207 -0.38491698 -0.39469137 -0.40011538 -0.40355281 -0.40584156 -0.40736849 -0.40836958 -0.40901056 -0.40941092 -0.40965508 -0.40980075 -0.40988601 -0.40993511 -0.40996305 -0.40997883 -0.40998772 -0.40999273 -0.40999559 -0.40999723 -0.40999819 -0.40999877 -0.40999911 -0.40999933 -0.40999946 -0.40999954 -0.40999959 -0.40999961 -0.40999961 -0.40999959 -0.40999955 -0.40999948 -0.40999937 -0.40999922 -0.40999908 -0.41000534 -0.41070353 -0.4845387 -1.004633 -1.0393432 -1.0397569 -1.0398478 -1.0399053 -1.0399418 -1.0399646
1.2635621 1.268849 1.2713334 1.2729076 1.2741971 1.2753111 1.2762119 1.2767983 1.2767073 1.274104 1.2585476 1.1707968 0.79018127 0.12281724 -0.23351328 -0.34080582 -0.3754164 -0.38953963 -0.39678122 -0.40118627 -0.40411683 -0.40612097 -0.40748586 -0.40839979 -0.40899906 -0.40938366 -0.40962551 -0.4097748 -0.4098655 -0.40991988 -0.40995218 -0.40997125 -0.4099825 -0.40998914 -0.4099931 -0.40999549 -0.40999694 -0.40999784 -0.40999841 -0.40999877 -0.409999 -0.40999915 -0.40999923 -0.40999928 -0.40999928 -0.40999926 -0.4099992 -0.4099991 -0.40999895 -0.40999874 -0.40999868 -0.41001615 -0.41153224 -0.52578316 -1.0119515 -1.0393187 -1.0397365 -1.03983 -1.0398903 -1.0399299 -1.0399554
1.2626886 1.2680427 1.2707211 1.2724346 1.2737883 1.2749128 1.2757616 1.2761025 1.2749121 1.267001 1.2247261 1.0217428 0.44702026 -0.099082132 -0.30107589 -0.36092467 -0.38249118 -0.39251659 -0.39823877 -0.40195607 -0.40451784 -0.40630894 -0.40755221 -0.40840166 -0.40897138 -0.40934647 -0.40958915 -0.40974372 -0.40984086 -0.40990127 -0.40993854 -0.40996145 -0.40997551 -0.40998417 -0.40998954 -0.40999289 -0.40999502 -0.40999638 -0.40999727 -0.40999785 -0.40999823 -0.40999848 -0.40999863 -0.40999871 -0.40999874 -0.40999871 -0.40999863 -0.4099985 -0.40999829 -0.40999801 -0.40999836 -0.41004362 -0.41311626 -0.57628449 -1.017022 -1.0392801 -1.03971 -1.0398075 -1.0398717 -1.0399149 -1.0399437
1.2618864 1.2672807 1.2701143 1.2719408 1.2733404 1.2744424 1.275129 1.2747904 1.2706425 1.2491346 1.146584 0.76866042 0.13734822 -0.22357354 -0.33645718 -0.37227127 -0.3869042 -0.39454788 -0.39928534 -0.40251301 -0.40479843 -0.40642728 -0.40757832 -0.40837998 -0.4089293 -0.40929969 -0.40954573 -0.40970701 -0.40981155 -0.40987873 -0.40992163 -0.40994894 -0.40996633 -0.40997743 -0.40998455 -0.40998916 -0.40999218 -0.40999417 -0.40999551 -0.4099964 -0.40999701 -0.40999741 -0.40999767 -0.40999781 -0.40999787 -0.40999785 -0.40999775 -0.40999757 -0.4099973 -0.40999696 -0.40999861 -0.410107 -0.41593933 -0.63212722 -1.020607 -1.0392282 -1.0396769 -1.03978 -1.0398487 -1.0398962 -1.0399288
1.2611337 1.2665456 1.2695019 1.2714157 1.2728309 1.2738313 1.2740756 1.2719713 1.2604352 1.2076174 0.99384035 0.45419075 -0.074877676 -0.29046097 -0.35600718 -0.37914369 -0.38983465 -0.39598926 -0.40004806 -0.40291332 -0.40498711 -0.4064908 -0.40757146 -0.40833792 -0.40887382 -0.40924332 -0.40949483 -0.4096641 -0.40977696 -0.40985167 -0.40990087 -0.40993321 -0.40995446 -0.40996847 -0.40997775 -0.40998394 -0.40998811 -0.40999094 -0.40999288 -0.40999421 -0.40999514 -0.40999576 -0.40999618 -0.40999642 -0.40999654 -0.40999654 -0.40999643 -0.4099962 -0.40999584 -0.40999549 -0.41000073 -0.41024177 -0.42065014 -0.68848446 -1.0231843 -1.0391629 -1.0396365 -1.0397466 -1.0398207 -1.0398732 -1.0399101
1.2604122 1.2658228 1.2688718 1.2708404 1.2722088 1.2729165 1.2720446 1.2656575 1.2372078 1.121621 0.75513564 0.16771116 -0.20068314 -0.32708385 -0.36749861 -0.38357467 -0.39187358 -0.39703691 -0.40060523 -0.40319443 -0.40510349 -0.40650974 -0.40753657 -0.40827752 -0.4088055 -0.40917719 -0.40943596 -0.40961439 -0.40973645 -0.40981944 -0.40987565 -0.40991366 -0.40993936 -0.40995679 -0.40996867 -0.40997681 -0.40998243 -0.40998634 -0.40998908 -0.40999101 -0.40999237 -0.40999331 -0.40999395 -0.40999435 -0.40999455 -0.40999459 -0.40999448 -0.4099942 -0.40999377 -0.40999359 -0.41000758 -0.41050833 -0.42803254 -0.74120369 -1.0250599 -1.0390838 -1.0395881 -1.0397065 -1.0397869 -1.039845 -1.0398868
1.2597061 1.2650973 1.2682056 1.2701746 1.2713578 1.2713323 1.2678307 1.2518116 1.1884865 0.96894796 0.46900332 -0.038562262 -0.27189953 -0.34805165 -0.3746685 -0.38658067 -0.39333881 -0.39780698 -0.40100769 -0.40338207 -0.40516131 -0.40649124 -0.40747706 -0.40820009 -0.40872454 -0.40910096 -0.40936855 -0.4095572 -0.40968931 -0.40978136 -0.40984529 -0.40988964 -0.40992042 -0.40994183 -0.40995678 -0.40996728 -0.4099747 -0.40997998 -0.40998375 -0.40998646 -0.4099884 -0.40998977 -0.40999072 -0.40999134 -0.40999168 -0.4099918 -0.40999169 -0.40999137 -0.40999087 -0.40999138 -0.41002495 -0.41100213 -0.43892042 -0.78772405 -1.0264335 -1.0389899 -1.0395306 -1.039659 -1.0397463 -1.0398107 -1.0398581
1.2590004 1.2643507 1.2674698 1.2693322 1.2700275 1.2683112 1.2590266 1.2231081 1.0968436 0.74623083 0.20432825 -0.1685589 -0.31256722 -0.36069993 -0.37938381 -0.38870062 -0.39441273 -0.39837246 -0.40128992 -0.40349437 -0.4051704 -0.4064404 -0.40739526 -0.40810641 -0.40863091 -0.4090142 -0.40929197 -0.40949184 -0.40963483 -0.40973671 -0.40980909 -0.40986047 -0.40989697 -0.40992294 -0.4099415 -0.40995481 -0.40996442 -0.40997139 -0.40997646 -0.40998016 -0.40998286 -0.40998481 -0.40998618 -0.4099871 -0.40998764 -0.40998787 -0.4099878 -0.40998745 -0.40998696 -0.40998934 -0.41006353 -0.41186396 -0.45405482 -0.82710383 -1.0274387 -1.0388803 -1.0394629 -1.0396029 -1.039698 -1.0397693 -1.0398228
1.2582778 1.2635537 1.2665983 1.2681354 1.2677083 1.2623532 1.2412448 1.1681446 0.94698767 0.48653613 0.0040892875 -0.24636645 -0.3365841 -0.36872984 -0.38262278 -0.39023706 -0.39520637 -0.39878153 -0.40147604 -0.4035444 -0.40513786 -0.40636083 -0.40729276 -0.40799691 -0.40852441 -0.40891639 -0.40920556 -0.40941758 -0.40957226 -0.40968471 -0.40976628 -0.40982541 -0.40986829 -0.40989946 -0.40992217 -0.40993879 -0.40995101 -0.40996003 -0.4099667 -0.40997166 -0.40997532 -0.40997801 -0.40997994 -0.40998126 -0.40998209 -0.40998248 -0.40998249 -0.40998215 -0.40998184 -0.40998867 -0.41014171 -0.41328795 -0.47390582 -0.85954221 -1.0281662 -1.0387535 -1.0393838 -1.0395371 -1.0396408 -1.0397197 -1.0397799
1.257513 1.2626532 1.26546 1.2662332 1.2634272 1.2507451 1.207343 1.0730547 0.74046449 0.24259424 -0.12996528 -0.2928195 -0.35138245 -0.37406698 -0.38492415 -0.39136927 -0.39579081 -0.39906726 -0.40158337 -0.40354172 -0.40506887 -0.40625514 -0.4071706 -0.40787176 -0.40840472 -0.40880696 -0.40910863 -0.40933366 -0.40950082 -0.4096246 -0.40971609 -0.40978368 -0.40983364 -0.40987063 -0.40989809 -0.40991854 -0.40993383 -0.4099453 -0.40995393 -0.40996042 -0.40996529 -0.40996891 -0.40997156 -0.40997341 -0.40997462 -0.40997526 -0.4099754 -0.40997512 -0.40997541 -0.40999188 -0.41028894 -0.41552473 -0.49850966 -0.8858333 -1.0286789 -1.0386081 -1.0392918 -1.0394604 -1.0395736 -1.0396607 -1.0397282
1.2566632 1.2615501 1.2638056 1.2629719 1.2554482 1.2289999 1.1474087 0.92799518 0.5048396 0.049580745 -0.21485102 -0.32117355 -0.3609032 -0.37775425 -0.38659944 -0.39220877 -0.39621362 -0.39925311 -0.40162461 -0.40349343 -0.40496727 -0.40612517 -0.40702945 -0.40773093 -0.40827144 -0.40868531 -0.40900047 -0.40923933 -0.4094197 -0.40955555 -0.4096577 -0.40973447 -0.40979221 -0.40983569 -0.4098685 -0.40989334 -0.4099122 -0.40992655 -0.40993749 -0.40994584 -0.40995219 -0.40995698 -0.40996053 -0.40996307 -0.40996477 -0.40996575 -0.40996609 -0.409966 -0.40996779 -0.41000357 -0.41054965 -0.41887643 -0.52738475 -0.90696803 -1.029021 -1.0384425 -1.0391855 -1.0393714 -1.0394949 -1.0395909 -1.0396663
1.2556523 1.2600619 1.261182 1.2572042 1.2408965 1.1905034 1.0509009 0.73720496 0.28044121 -0.087066571 -0.26794285 -0.33905216 -0.36727799 -0.38038124 -0.38783725 -0.39282813 -0.3965078 -0.39935614 -0.40160926 -0.40340485 -0.4048359 -0.40597224 -0.4068697 -0.40757426 -0.40812409 -0.4085508 -0.40888034 -0.40913379 -0.4093281 -0.40947673 -0.40959026 -0.40967694 -0.40974315 -0.4097938 -0.4098326 -0.4098624 -0.40988535 -0.40990305 -0.40991672 -0.40992728 -0.40993541 -0.40994162 -0.40994628 -0.40994968 -0.40995202 -0.40995345 -0.4099541 -0.40995444 -0.4099595 -0.4100317 -0.41098712 -0.42368136 -0.55957085 -0.92391077 -1.0292241 -1.0382551 -1.0390632 -1.0392687 -1.0394033 -1.0395089 -1.0395928
1.2543446 1.2578662 1.2568082 1.2470417 1.2154179 1.1270072 0.91200304 0.5232577 0.095846252 -0.1784053 -0.30153704 -0.3507298 -0.3716967 -0.38229563 -0.3887568 -0.39327638 -0.39669694 -0.39938903 -0.40154448 -0.40328001 -0.40467687 -0.40579726 -0.40669154 -0.40740151 -0.40796218 -0.40840277 -0.40874751 -0.40901628 -0.40922521 -0.40938731 -0.40951292 -0.40961022 -0.40968562 -0.4097441 -0.40978954 -0.40982491 -0.40985249 -0.40987403 -0.40989087 -0.40990402 -0.40991426 -0.40992217 -0.40992818 -0.40993265 -0.40993579 -0.40993781 -0.4099389 -0.40994013 -0.40995183 -0.41008894 -0.41168676 -0.43028709 -0.59378736 -0.93750215 -1.0293108 -1.038044 -1.0389232 -1.0391506 -1.0392975 -1.0394132 -1.0395061
1.2525056 1.2544174 1.249412 1.2295952 1.1731528 1.0308301 0.73615997 0.31706775 -0.041529992 -0.23825719 -0.32329207 -0.3586203 -0.3748476 -0.38371098 -0.38943638 -0.39358783 -0.39679839 -0.39936136 -0.40143576 -0.40312198 -0.40449174 -0.40560086 -0.40649499 -0.40721234 -0.40778517 -0.40824058 -0.40860126 -0.40888599 -0.4091102 -0.40928644 -0.40942482 -0.40953344 -0.40961872 -0.40968573 -0.40973845 -0.40977999 -0.40981277 -0.40983867 -0.40985913 -0.40987529 -0.40988799 -0.40989791 -0.40990556 -0.4099113 -0.40991544 -0.40991821 -0.40991998 -0.40992294 -0.40994725 -0.41019442 -0.41275802 -0.43901336 -0.62865594 -0.94843393 -1.0292977 -1.0378072 -1.0387637 -1.0390156 -1.0391756 -1.0393021 -1.0394046
1.2497461 1.2488374 1.2370449 1.2008249 1.1074928 0.89896198 0.5416483 0.1417278 -0.13808165 -0.2775849 -0.33777379 -0.3641166 -0.37714355 -0.38476353 -0.38992931 -0.39378716 -0.39682514 -0.3992805 -0.40128736 -0.40293313 -0.40428169 -0.40538343 -0.40627997 -0.4070064 -0.40759251 -0.40806356 -0.40844084 -0.40874215 -0.40898226 -0.40917327 -0.40932509 -0.4094457 -0.40954155 -0.40961776 -0.40967842 -0.40972676 -0.40976532 -0.4097961 -0.40982068 -0.40984027 -0.40985583 -0.4098681 -0.40987765 -0.40988493 -0.40989028 -0.409894 -0.40989679 -0.40990304 -0.40995003 -0.41037551 -0.41433429 -0.45010907 -0.66291233 -0.95725765 -1.029197 -1.037543 -1.0385826 -1.038862 -1.0390362 -1.0391741 -1.0392867
