Interpolating SPI Data/spi_stations/interpolated_spi/10-22_2.tif
NCOLS 257
NROWS 141
XLLCORNER -178.27925
YLLCORNER 5.3153543
DX 0.49934803
DY 0.49997533
NODATA_VALUE -9999
[rows 108 to 134 of 141, columns 0 to 60 of 257]
-0.2826342 -0.28944275 -0.29590834 -0.30205069 -0.3078949 -0.31347176 -0.31881804 -0.32397692 -0.32899844 -0.33394009 -0.33886748 -0.34385508 -0.3489871 -0.35435842 -0.36007535 -0.36625637 -0.37303226 -0.38054556 -0.38894863 -0.39839971 -0.40905611 -0.42106357 -0.43454101 -0.44956018 -0.46612129 -0.48412678 -0.50335837 -0.52346425 -0.54396405 -0.56427751 -0.58377681 -0.60185514 -0.61799679 -0.63183242 -0.64316676 -0.65197537 -0.65837574 -0.66258407 -0.66486931 -0.66551329 -0.66478127 -0.6629037 -0.66006742 -0.65641387 -0.65204156 -0.64701095 -0.6413501 -0.63506034 -0.62812145 -0.62049612 -0.61213389 -0.60297458 -0.59295155 -0.58199499 -0.57003558 -0.55700884 -0.54286031 -0.52755181 -0.51106877 -0.49342851 -0.47468877
-0.29564699 -0.30215978 -0.30838214 -0.31433929 -0.320062 -0.32558689 -0.33095687 -0.33622156 -0.34143786 -0.34667051 -0.35199275 -0.35748702 -0.36324559 -0.36937104 -0.3759764 -0.38318477 -0.39112792 -0.39994351 -0.40977014 -0.42073974 -0.43296641 -0.44653144 -0.46146459 -0.47772301 -0.49517069 -0.51356284 -0.53254131 -0.55164641 -0.57034817 -0.58809511 -0.60437252 -0.61875811 -0.63096244 -0.64084602 -0.64841194 -0.65377922 -0.65714608 -0.65875195 -0.65884486 -0.65765734 -0.65539139 -0.6522111 -0.64824098 -0.64356798 -0.6382455 -0.63229821 -0.62572703 -0.61851373 -0.61062502 -0.60201631 -0.59263503 -0.58242383 -0.57132393 -0.55927866 -0.5462376 -0.5321614 -0.51702727 -0.50083532 -0.48361531 -0.46543338 -0.44639816
-0.30851537 -0.31482127 -0.32089314 -0.32676165 -0.33246318 -0.33804018 -0.34354165 -0.34902355 -0.35454933 -0.36019045 -0.36602687 -0.37214736 -0.37864966 -0.38564017 -0.39323289 -0.40154743 -0.41070539 -0.42082485 -0.43201211 -0.44435068 -0.45788705 -0.47261408 -0.48845365 -0.5052413 -0.52271716 -0.54052755 -0.55824115 -0.57538059 -0.59146625 -0.60606489 -0.61883303 -0.62954611 -0.63810799 -0.64454138 -0.64896374 -0.65155617 -0.65253195 -0.65210976 -0.65049391 -0.64786186 -0.64435804 -0.64009235 -0.63514176 -0.6295537 -0.62335019 -0.61653217 -0.60908364 -0.60097546 -0.59216882 -0.58261844 -0.57227574 -0.56109201 -0.54902186 -0.53602706 -0.52208086 -0.50717287 -0.49131434 -0.47454363 -0.45693154 -0.43858568 -0.41965326
-0.32135992 -0.32754686 -0.33355958 -0.33943405 -0.3452121 -0.35094178 -0.3566778 -0.36248186 -0.36842306 -0.37457815 -0.38103157 -0.38787527 -0.39520787 -0.40313317 -0.41175754 -0.42118576 -0.43151501 -0.4428266 -0.45517526 -0.46857625 -0.48299114 -0.49831413 -0.51436149 -0.53086773 -0.5474918 -0.56383556 -0.57947396 -0.59399352 -0.6070321 -0.61831231 -0.62766199 -0.63501857 -0.64041842 -0.64397546 -0.64585477 -0.64624653 -0.64534395 -0.64332694 -0.6403518 -0.63654597 -0.63200671 -0.62680242 -0.62097549 -0.61454584 -0.60751477 -0.59986867 -0.59158246 -0.58262287 -0.57295147 -0.56252773 -0.55131197 -0.53926868 -0.52636997 -0.51259946 -0.49795647 -0.48246042 -0.46615531 -0.44911372 -0.43144004 -0.41327215 -0.39478102
-0.33428951 -0.34044324 -0.34648521 -0.35245636 -0.35840355 -0.36437982 -0.37044469 -0.3766643 -0.38311153 -0.38986571 -0.39701211 -0.4046407 -0.41284424 -0.42171514 -0.43134104 -0.44179855 -0.45314518 -0.46540938 -0.47857922 -0.49259068 -0.50731743 -0.52256444 -0.53806827 -0.55350629 -0.5685159 -0.58272248 -0.59577229 -0.60736463 -0.61727721 -0.62538008 -0.63163651 -0.63609213 -0.63885606 -0.64007859 -0.63992954 -0.63857999 -0.63618877 -0.63289388 -0.62880807 -0.62401769 -0.61858377 -0.6125444 -0.60591792 -0.59870619 -0.59089796 -0.58247208 -0.57340045 -0.56365098 -0.55319033 -0.54198683 -0.53001344 -0.51725091 -0.50369121 -0.4893411 -0.4742258 -0.45839254 -0.44191365 -0.42488886 -0.40744622 -0.38974126 -0.37195394
-0.34739881 -0.35360105 -0.35975546 -0.36590736 -0.37210775 -0.37841349 -0.38488724 -0.39159738 -0.39861746 -0.40602533 -0.41390167 -0.42232757 -0.43138124 -0.44113329 -0.45164056 -0.46293853 -0.47503228 -0.48788694 -0.50141842 -0.51548636 -0.52989115 -0.54437728 -0.5586443 -0.57236582 -0.58521453 -0.59688996 -0.60714411 -0.61580038 -0.62276272 -0.62801419 -0.6316064 -0.63364297 -0.63426067 -0.63361139 -0.63184697 -0.629108 -0.62551667 -0.621173 -0.6161539 -0.61051405 -0.60428794 -0.59749262 -0.59013065 -0.5821931 -0.57366247 -0.56451544 -0.55472559 -0.54426601 -0.53311194 -0.52124352 -0.50864861 -0.49532577 -0.4812873 -0.4665623 -0.45119942 -0.43526932 -0.41886617 -0.40210812 -0.38513626 -0.36811169 -0.35121077
-0.36076495 -0.3670909 -0.37343271 -0.37983897 -0.38636343 -0.39306479 -0.40000636 -0.40725535 -0.41488168 -0.42295622 -0.43154818 -0.44072159 -0.45053057 -0.46101347 -0.4721858 -0.48403249 -0.49649995 -0.50948921 -0.52285153 -0.53638819 -0.54985585 -0.56297849 -0.57546521 -0.5870323 -0.59742627 -0.60644398 -0.61394663 -0.61986531 -0.62419814 -0.62700028 -0.62836954 -0.62843043 -0.62731904 -0.62517047 -0.62210953 -0.61824469 -0.61366498 -0.60843911 -0.60261628 -0.59622791 -0.58929006 -0.58180602 -0.57376905 -0.56516499 -0.55597485 -0.54617723 -0.53575083 -0.52467681 -0.51294131 -0.50053792 -0.48747032 -0.47375478 -0.45942275 -0.444523 -0.42912348 -0.41331237 -0.39719818 -0.38090858 -0.36458778 -0.34839239 -0.33248571
-0.37444345 -0.38095853 -0.38755051 -0.39426961 -0.40117014 -0.40830991 -0.41574934 -0.42355004 -0.43177285 -0.44047511 -0.44970704 -0.45950717 -0.46989689 -0.48087417 -0.49240699 -0.50442712 -0.51682537 -0.52944943 -0.5421057 -0.554566 -0.56657958 -0.5778895 -0.58825164 -0.59745354 -0.60533011 -0.61177367 -0.61673701 -0.62022959 -0.62230838 -0.62306533 -0.62261382 -0.62107609 -0.61857266 -0.61521464 -0.6110986 -0.60630404 -0.60089257 -0.59490863 -0.58838102 -0.58132499 -0.57374459 -0.56563507 -0.55698528 -0.54778005 -0.53800243 -0.52763592 -0.51666668 -0.50508579 -0.49289139 -0.48009101 -0.46670367 -0.45276197 -0.43831381 -0.42342384 -0.40817405 -0.39266373 -0.37700824 -0.3613367 -0.34578833 -0.33050771 -0.31563906
-0.38846352 -0.39521941 -0.40210748 -0.40917727 -0.41648075 -0.42407125 -0.43200189 -0.44032348 -0.44908173 -0.4583137 -0.46804351 -0.47827738 -0.48899819 -0.50016017 -0.51168426 -0.52345509 -0.53532072 -0.54709583 -0.55856924 -0.56951543 -0.57970926 -0.58894211 -0.59703716 -0.60386142 -0.6093328 -0.61342132 -0.61614496 -0.61756121 -0.61775625 -0.61683349 -0.61490294 -0.61207243 -0.60844116 -0.60409539 -0.59910632 -0.59352938 -0.5874049 -0.5807594 -0.57360747 -0.56595386 -0.5577956 -0.54912425 -0.53992796 -0.5301936 -0.51990879 -0.50906384 -0.49765382 -0.48568046 -0.47315406 -0.4600954 -0.44653733 -0.43252623 -0.41812302 -0.40340357 -0.38845847 -0.37339186 -0.35831936 -0.34336493 -0.32865682 -0.31432281 -0.30048482
-0.40282306 -0.40985318 -0.41706128 -0.42449325 -0.43219519 -0.44021171 -0.44858377 -0.45734594 -0.466523 -0.476126 -0.48614789 -0.496559 -0.50730282 -0.51829282 -0.52941096 -0.54050872 -0.55141136 -0.5619256 -0.57185039 -0.58098994 -0.58916718 -0.59623603 -0.60209051 -0.60666947 -0.60995665 -0.61197628 -0.61278549 -0.61246492 -0.61110898 -0.60881695 -0.6056856 -0.60180375 -0.5972487 -0.59208441 -0.58636094 -0.58011502 -0.57337119 -0.56614349 -0.55843727 -0.55025116 -0.54157904 -0.53241196 -0.52274005 -0.51255437 -0.50184866 -0.49062118 -0.47887635 -0.46662648 -0.45389325 -0.44070914 -0.42711851 -0.41317838 -0.39895867 -0.38454184 -0.37002186 -0.3555023 -0.34109367 -0.32690997 -0.31306465 -0.29966612 -0.28681322
-0.41748393 -0.42479879 -0.43232384 -0.4400979 -0.44815721 -0.45653328 -0.46525019 -0.47432148 -0.48374662 -0.49350724 -0.50356352 -0.51385101 -0.5242787 -0.53472867 -0.54505824 -0.55510468 -0.56469282 -0.57364493 -0.5817919 -0.5889845 -0.59510304 -0.60006417 -0.6038239 -0.60637681 -0.60775163 -0.6080045 -0.60721081 -0.60545693 -0.60283268 -0.59942515 -0.59531413 -0.59056912 -0.58524774 -0.57939536 -0.57304555 -0.56622114 -0.55893565 -0.55119495 -0.54299905 -0.53434383 -0.52522281 -0.51562887 -0.50555591 -0.49500047 -0.48396329 -0.47245082 -0.46047663 -0.44806275 -0.43524078 -0.42205275 -0.40855175 -0.39480198 -0.38087842 -0.36686578 -0.35285692 -0.33895045 -0.3252479 -0.31185019 -0.29885394 -0.28634751 -0.27440731
-0.43236824 -0.43995121 -0.4477589 -0.4558195 -0.46415553 -0.47278141 -0.48170059 -0.4909025 -0.5003594 -0.51002356 -0.5198251 -0.52967104 -0.53944589 -0.54901447 -0.55822692 -0.56692589 -0.57495541 -0.58217047 -0.58844621 -0.59368552 -0.59782397 -0.60083158 -0.60271143 -0.60349545 -0.60323835 -0.6020106 -0.59989136 -0.59696211 -0.5933015 -0.58898141 -0.58406451 -0.57860292 -0.57263789 -0.56620019 -0.55931112 -0.55198373 -0.54422434 -0.53603409 -0.52741057 -0.51834937 -0.50884567 -0.4988957 -0.48849822 -0.47765588 -0.46637656 -0.45467459 -0.44257185 -0.43009871 -0.41729473 -0.40420909 -0.39090061 -0.37743733 -0.36389564 -0.3503588 -0.33691495 -0.32365461 -0.31066776 -0.29804063 -0.28585236 -0.27417182 -0.26305461
-0.44735653 -0.45516071 -0.4631831 -0.4714379 -0.47993077 -0.48865631 -0.49759541 -0.50671281 -0.51595498 -0.52524877 -0.5345013 -0.54360128 -0.55242221 -0.56082738 -0.56867662 -0.57583403 -0.58217613 -0.58759934 -0.59202576 -0.59540675 -0.59772373 -0.59898644 -0.59922896 -0.59850431 -0.59687837 -0.59442385 -0.5912149 -0.58732272 -0.58281232 -0.57774038 -0.57215418 -0.56609134 -0.55958019 -0.55264062 -0.54528525 -0.53752074 -0.52934917 -0.52076955 -0.5117792 -0.50237518 -0.49255561 -0.48232097 -0.47167535 -0.46062758 -0.44919233 -0.43739097 -0.42525244 -0.41281372 -0.4001202 -0.38722564 -0.37419175 -0.36108736 -0.3479872 -0.33497012 -0.32211693 -0.30950799 -0.29722037 -0.28532506 -0.27388417 -0.26294832 -0.25255443
-0.46228884 -0.47023595 -0.47837154 -0.48669348 -0.49518872 -0.50383116 -0.51257971 -0.52137687 -0.53014812 -0.53880235 -0.54723376 -0.55532521 -0.56295311 -0.5699935 -0.57632884 -0.58185478 -0.58648615 -0.59016141 -0.59284503 -0.59452772 -0.59522438 -0.59497044 -0.59381706 -0.59182589 -0.58906385 -0.58559861 -0.58149487 -0.57681156 -0.57160015 -0.56590366 -0.55975649 -0.55318479 -0.54620721 -0.53883593 -0.53107783 -0.52293578 -0.51440995 -0.50549908 -0.49620172 -0.48651751 -0.47644826 -0.46599908 -0.45517939 -0.44400384 -0.43249306 -0.42067438 -0.40858222 -0.39625834 -0.38375176 -0.3711184 -0.3584203 -0.34572454 -0.33310171 -0.32062408 -0.30836348 -0.29638891 -0.28476411 -0.27354512 -0.26277802 -0.25249687 -0.24272212
-0.47696929 -0.48495113 -0.49306838 -0.50130159 -0.50961904 -0.51797539 -0.52631083 -0.53455094 -0.54260774 -0.55038181 -0.5577657 -0.56464858 -0.57092163 -0.57648391 -0.58124796 -0.58514452 -0.58812591 -0.59016752 -0.59126753 -0.59144481 -0.59073555 -0.58918899 -0.58686283 -0.58381885 -0.58011897 -0.57582216 -0.57098205 -0.56564549 -0.55985174 -0.55363239 -0.54701162 -0.54000694 -0.53263009 -0.5248881 -0.51678446 -0.50832025 -0.49949536 -0.49030957 -0.48076364 -0.47086041 -0.46060567 -0.45000912 -0.43908514 -0.42785345 -0.41633968 -0.40457573 -0.3925999 -0.38045684 -0.36819716 -0.35587678 -0.34355594 -0.33129789 -0.31916732 -0.30722851 -0.29554331 -0.28416899 -0.27315616 -0.26254672 -0.25237206 -0.24265151 -0.23339115
-0.49117461 -0.49905763 -0.50700184 -0.51497124 -0.52291763 -0.53078022 -0.53848602 -0.54595111 -0.55308301 -0.55978405 -0.56595555 -0.57150268 -0.57633943 -0.58039316 -0.58360832 -0.58594893 -0.58739943 -0.58796402 -0.5876646 -0.58653765 -0.58463043 -0.58199705 -0.57869465 -0.5747801 -0.57030729 -0.56532518 -0.55987657 -0.55399741 -0.54771674 -0.54105701 -0.53403468 -0.52666104 -0.51894319 -0.51088508 -0.50248855 -0.49375435 -0.48468322 -0.47527682 -0.46553867 -0.45547501 -0.44509556 -0.43441426 -0.42344978 -0.41222604 -0.40077246 -0.38912412 -0.37732159 -0.36541067 -0.35344173 -0.34146889 -0.32954888 -0.31773965 -0.30609877 -0.29468173 -0.28354004 -0.27271939 -0.26225789 -0.25218439 -0.24251709 -0.23326235 -0.22441386
-0.50466628 -0.51229912 -0.51990232 -0.52742604 -0.53480966 -0.54198258 -0.54886566 -0.55537367 -0.5614185 -0.56691295 -0.57177501 -0.57593196 -0.57932413 -0.58190775 -0.5836567 -0.58456289 -0.58463535 -0.58389824 -0.58238798 -0.58014988 -0.57723474 -0.57369557 -0.56958471 -0.56495159 -0.55984107 -0.55429234 -0.54833843 -0.54200613 -0.53531629 -0.52828441 -0.52092133 -0.51323418 -0.50522721 -0.49690283 -0.48826249 -0.47930765 -0.4700406 -0.46046535 -0.45058835 -0.44041917 -0.42997115 -0.41926186 -0.4083135 -0.39715312 -0.38581275 -0.37432923 -0.36274396 -0.35110232 -0.33945293 -0.32784669 -0.31633555 -0.30497114 -0.29380325 -0.28287823 -0.27223738 -0.2619153 -0.25193849 -0.24232397 -0.23307823 -0.22419631 -0.21566123
-0.51720532 -0.5244287 -0.53152157 -0.53842443 -0.5450698 -0.5513838 -0.55728851 -0.56270506 -0.56755695 -0.57177377 -0.57529464 -0.57807117 -0.58006969 -0.58127237 -0.58167724 -0.58129723 -0.58015811 -0.57829597 -0.57575425 -0.57258071 -0.56882461 -0.56453432 -0.55975531 -0.55452878 -0.54889076 -0.54287166 -0.53649627 -0.52978402 -0.52274948 -0.51540307 -0.50775185 -0.49980029 -0.49155121 -0.48300659 -0.4741684 -0.46503941 -0.45562389 -0.44592833 -0.43596203 -0.42573763 -0.41527154 -0.40458428 -0.39370064 -0.38264982 -0.37146521 -0.3601842 -0.34884767 -0.33749932 -0.32618482 -0.31495077 -0.30384349 -0.2929077 -0.28218513 -0.27171307 -0.26152296 -0.25163908 -0.24207731 -0.23284409 -0.2239356 -0.21533707 -0.20702234
-0.52856818 -0.53522603 -0.54165007 -0.54777647 -0.55353683 -0.55886053 -0.56367742 -0.56792091 -0.57153106 -0.57445743 -0.57666144 -0.57811802 -0.5788163 -0.57875938 -0.57796319 -0.57645469 -0.57426945 -0.57144906 -0.56803849 -0.56408369 -0.55962944 -0.55471771 -0.54938648 -0.54366895 -0.53759322 -0.53118228 -0.52445423 -0.51742283 -0.51009807 -0.50248685 -0.49459381 -0.48642204 -0.4779739 -0.46925173 -0.46025857 -0.45099884 -0.44147894 -0.43170777 -0.42169721 -0.4114625 -0.40102253 -0.39039997 -0.37962134 -0.3687169 -0.35772039 -0.34666861 -0.33560083 -0.32455806 -0.3135821 -0.30271452 -0.29199552 -0.28146267 -0.27114965 -0.26108501 -0.25129095 -0.24178223 -0.23256517 -0.22363684 -0.21498441 -0.20658462 -0.19840343
-0.5385617 -0.54451201 -0.55013063 -0.55535476 -0.56012083 -0.56436694 -0.56803554 -0.57107609 -0.57344732 -0.57511918 -0.57607389 -0.57630641 -0.57582396 -0.57464487 -0.57279684 -0.5703148 -0.56723857 -0.56361059 -0.55947377 -0.55486972 -0.54983731 -0.54441165 -0.53862343 -0.53249868 -0.52605875 -0.5193206 -0.51229717 -0.50499801 -0.49742989 -0.48959749 -0.48150408 -0.47315227 -0.46454463 -0.45568437 -0.44657593 -0.43722549 -0.42764149 -0.41783502 -0.40782016 -0.39761421 -0.38723784 -0.37671512 -0.36607341 -0.35534314 -0.34455741 -0.33375152 -0.32296228 -0.3122272 -0.30158362 -0.29106766 -0.28071315 -0.27055051 -0.26060565 -0.25089886 -0.24144378 -0.23224656 -0.223305 -0.21460791 -0.20613463 -0.19785458 -0.18972703
-0.54703527 -0.55215938 -0.55686611 -0.56109862 -0.56480268 -0.567929 -0.57043537 -0.57228864 -0.57346603 -0.57395601 -0.57375839 -0.57288373 -0.5713522 -0.56919197 -0.56643719 -0.56312602 -0.55929855 -0.554995 -0.55025412 -0.54511201 -0.53960122 -0.53375022 -0.52758319 -0.52112002 -0.51437656 -0.50736506 -0.50009463 -0.49257183 -0.48480134 -0.47678652 -0.46853014 -0.4600349 -0.45130407 -0.44234197 -0.43315454 -0.42374968 -0.41413768 -0.40433146 -0.39434684 -0.3842026 -0.37392054 -0.36352535 -0.35304445 -0.34250761 -0.33194654 -0.32139428 -0.3108845 -0.30045072 -0.29012542 -0.27993907 -0.26991913 -0.26008909 -0.25046746 -0.24106687 -0.23189318 -0.22294479 -0.21421196 -0.20567632 -0.1973104 -0.18907742 -0.18093096
-0.55388872 -0.55809784 -0.56182115 -0.56501148 -0.567627 -0.56963294 -0.57100318 -0.57172126 -0.5717809 -0.57118595 -0.56994967 -0.56809363 -0.56564619 -0.56264071 -0.55911372 -0.55510319 -0.55064688 -0.54578101 -0.54053918 -0.53495169 -0.52904501 -0.52284165 -0.51636018 -0.50961549 -0.50261912 -0.49537976 -0.48790377 -0.48019574 -0.4722591 -0.46409665 -0.45571115 -0.44710582 -0.43828485 -0.42925383 -0.4200201 -0.41059315 -0.4009848 -0.39120941 -0.38128403 -0.37122835 -0.36106462 -0.35081753 -0.34051382 -0.33018197 -0.31985162 -0.309553 -0.2993162 -0.28917043 -0.2791431 -0.26925903 -0.25953948 -0.25000134 -0.24065622 -0.23150972 -0.2225607 -0.21380068 -0.2052133 -0.19677395 -0.18844938 -0.18019754 -0.17196733
-0.55907532 -0.56231375 -0.56501803 -0.567153 -0.56869048 -0.5696105 -0.56990198 -0.56956312 -0.56860106 -0.56703125 -0.5648763 -0.56216454 -0.55892851 -0.55520321 -0.55102465 -0.54642837 -0.5414483 -0.53611585 -0.53045926 -0.52450323 -0.51826877 -0.51177328 -0.50503072 -0.49805202 -0.49084544 -0.48341712 -0.47577153 -0.46791208 -0.45984157 -0.45156274 -0.44307871 -0.43439347 -0.4255122 -0.41644171 -0.40719066 -0.39776981 -0.38819218 -0.37847317 -0.36863052 -0.35868429 -0.34865663 -0.33857158 -0.32845467 -0.3183325 -0.3082322 -0.29818079 -0.28820449 -0.27832801 -0.26857371 -0.25896088 -0.24950487 -0.24021636 -0.23110064 -0.22215695 -0.21337788 -0.20474891 -0.19624793 -0.18784498 -0.17950196 -0.17117245 -0.16280161
-0.56259991 -0.56484497 -0.56652832 -0.56762757 -0.56812808 -0.5680234 -0.56731545 -0.56601413 -0.56413659 -0.56170617 -0.55875108 -0.55530294 -0.55139536 -0.54706251 -0.54233795 -0.53725354 -0.53183871 -0.52611988 -0.52012015 -0.5138592 -0.50735333 -0.5006157 -0.49365662 -0.48648398 -0.47910364 -0.47151998 -0.4637363 -0.45575537 -0.44757984 -0.4392127 -0.43065767 -0.42191954 -0.41300455 -0.40392055 -0.39467729 -0.38528654 -0.37576216 -0.36612011 -0.3563784 -0.34655691 -0.33667721 -0.32676218 -0.31683568 -0.30692203 -0.29704548 -0.28722959 -0.27749658 -0.26786665 -0.25835723 -0.24898227 -0.23975158 -0.23067013 -0.22173745 -0.21294709 -0.20428611 -0.19573472 -0.18726589 -0.17884516 -0.17043042 -0.16197179 -0.1534116
-0.56451303 -0.5657723 -0.56646182 -0.56657154 -0.56609896 -0.56504913 -0.56343418 -0.56127261 -0.55858824 -0.55540902 -0.55176569 -0.54769048 -0.54321594 -0.53837377 -0.53319401 -0.52770429 -0.52192939 -0.51589099 -0.50960756 -0.50309442 -0.49636397 -0.48942599 -0.48228795 -0.4749555 -0.46743283 -0.45972316 -0.45182915 -0.44375334 -0.43549854 -0.42706819 -0.41846667 -0.40969963 -0.40077417 -0.39169908 -0.38248492 -0.37314415 -0.36369109 -0.35414187 -0.34451431 -0.33482772 -0.32510261 -0.31536034 -0.30562271 -0.29591147 -0.28624778 -0.27665163 -0.26714122 -0.2577323 -0.24843754 -0.23926593 -0.23022212 -0.22130586 -0.21251152 -0.2038276 -0.19523636 -0.18671346 -0.17822775 -0.16974107 -0.16120812 -0.15257642 -0.14378636
-0.56490248 -0.56520906 -0.5649548 -0.56414056 -0.56277398 -0.56086901 -0.55844519 -0.55552662 -0.55214087 -0.54831782 -0.54408843 -0.5394837 -0.5345337 -0.52926676 -0.52370893 -0.51788353 -0.51181093 -0.50550852 -0.49899073 -0.49226929 -0.48535344 -0.4782503 -0.47096525 -0.46350232 -0.45586461 -0.44805465 -0.44007484 -0.43192778 -0.4236166 -0.41514528 -0.40651889 -0.39774381 -0.38882791 -0.37978064 -0.37061316 -0.36133825 -0.35197035 -0.34252541 -0.33302067 -0.3234745 -0.31390601 -0.30433471 -0.29478011 -0.28526119 -0.27579591 -0.26640067 -0.25708969 -0.24787448 -0.23876323 -0.22976026 -0.22086553 -0.21207411 -0.20337577 -0.19475461 -0.18618874 -0.17765003 -0.16910391 -0.16050931 -0.15181854 -0.14297739 -0.13392519
-0.5638835 -0.56329027 -0.5621587 -0.56049859 -0.55832536 -0.55565929 -0.55252463 -0.54894851 -0.54495993 -0.54058866 -0.53586428 -0.53081535 -0.52546871 -0.51984893 -0.51397802 -0.50787519 -0.50155685 -0.49503662 -0.4883256 -0.48143255 -0.47436426 -0.46712585 -0.45972116 -0.45215315 -0.44442423 -0.4365366 -0.42849266 -0.42029523 -0.41194786 -0.40345508 -0.39482258 -0.38605735 -0.37716783 -0.36816394 -0.3590571 -0.34986017 -0.34058737 -0.33125412 -0.32187681 -0.31247251 -0.3030587 -0.29365283 -0.28427192 -0.27493211 -0.26564813 -0.25643284 -0.24729664 -0.238247 -0.22928794 -0.22041954 -0.21163749 -0.2029327 -0.19429093 -0.18569249 -0.17711199 -0.16851818 -0.15987382 -0.15113565 -0.14225439 -0.13317491 -0.1238364
