Interpolating SPI Data/spi_stations/interpolated_spi/10-21_1.tif
NCOLS 257
NROWS 141
XLLCORNER -178.27925
YLLCORNER 5.3153543
DX 0.49934803
DY 0.49997533
NODATA_VALUE -9999
[rows 0 to 27 of 141, columns 63 to 125 of 257]
-0.30995382 -0.3099422 -0.30992452 -0.3098964 -0.30984934 -0.30976578 -0.30960684 -0.30927966 -0.30854287 -0.3067083 -0.30161892 -0.28595611 -0.23507012 -0.092043474 0.12839116 0.25987362 0.30025258 0.31338969 0.32039343 0.32529723 0.32889325 0.3314982 0.33334341 0.33461392 0.33545101 0.33595493 0.33618928 0.33618538 0.33594513 0.33544201 0.33462008 0.33339207 0.33163754 0.32919925 0.32168105 -0.64679685 -0.85981032 -0.85999986 -0.86 -0.86 -0.86 -0.86 -0.86 -0.86 -0.86 -0.86 -0.86 -0.86 -0.86 -0.86 -0.86 -0.86 -0.86 -0.86 -0.85999967 -0.85977529 -0.7342474 0.74182659 0.77990041 0.77999965 0.78 0.78 0.78
-0.30998048 -0.30997649 -0.30997052 -0.30996117 -0.30994584 -0.3099192 -0.30986957 -0.30976931 -0.30954672 -0.30899559 -0.30745174 -0.30250312 -0.28443838 -0.21491863 -0.013704606 0.21355204 0.2957967 0.31534034 0.32297522 0.32782848 0.33124688 0.33363241 0.33525792 0.33633513 0.33702036 0.33742062 0.33760152 0.33759421 0.33739955 0.33698913 0.33630315 0.33524629 0.33368349 0.33143735 0.32688217 -0.57970552 -0.85987649 -0.85999996 -0.86 -0.86 -0.86 -0.86 -0.86 -0.86 -0.86 -0.86 -0.86 -0.86 -0.86 -0.86 -0.86 -0.86 -0.86 -0.86 -0.85999979 -0.85970915 -0.574844 0.77184249 0.77998833 0.77999998 0.78 0.78 0.78
-0.30999215 -0.30999096 -0.30998918 -0.30998643 -0.30998201 -0.30997452 -0.30996091 -0.30993417 -0.30987627 -0.30973572 -0.30934573 -0.30808405 -0.30324531 -0.28137669 -0.17920702 0.093790563 0.27725467 0.31577964 0.32506045 0.32993351 0.33318066 0.33534381 0.3367469 0.33763168 0.33816907 0.33847085 0.33860258 0.338594 0.338445 0.33812637 0.33757613 0.33669235 0.33532515 0.33327118 0.32988514 -0.47644029 -0.85992045 -0.85999999 -0.86 -0.86 -0.86 -0.86 -0.86 -0.86 -0.86 -0.86 -0.86 -0.86 -0.86 -0.86 -0.86 -0.86 -0.86 -0.86 -0.85999986 -0.85956881 -0.20372237 0.77873214 0.77999906 0.78 0.78 0.78 0.78
-0.309997 -0.30999671 -0.30999627 -0.30999559 -0.30999449 -0.30999267 -0.30998946 -0.30998336 -0.3099706 -0.30994066 -0.30985982 -0.3096021 -0.30860482 -0.30380587 -0.27535929 -0.11302439 0.2091167 0.31197173 0.32655001 0.33162775 0.33472616 0.33667351 0.33785945 0.33856 0.33895992 0.33917292 0.33926188 0.33925383 0.33914776 0.33891521 0.33849433 0.33777864 0.33660339 0.33473477 0.33178185 -0.32450939 -0.85994881 -0.86 -0.86 -0.86 -0.86 -0.86 -0.86 -0.86 -0.86 -0.86 -0.86 -0.86 -0.86 -0.86 -0.86 -0.86 -0.86 -0.86 -0.8599999 -0.85923948 0.34547852 0.7798632 0.77999995 0.78 0.78 0.78 0.78
-0.30999892 -0.30999887 -0.3099988 -0.30999866 -0.30999845 -0.30999808 -0.30999745 -0.30999629 -0.30999397 -0.30998875 -0.30997529 -0.30993399 -0.3097776 -0.30901804 -0.30411723 -0.26293221 0.0061970078 0.290069 0.32702323 0.33292201 0.33592022 0.3376702 0.33865301 0.33918515 0.33946417 0.33960227 0.33965671 0.33965038 0.33958168 0.33942467 0.33912046 0.33856056 0.33756529 0.33586429 0.33307567 -0.12738989 -0.85996657 -0.86 -0.86 -0.86 -0.86 -0.86 -0.86 -0.86 -0.86 -0.86 -0.86 -0.86 -0.86 -0.86 -0.86 -0.86 -0.86 -0.86 -0.85999992 -0.85832855 0.68351196 0.77999037 0.78 0.78 0.78 0.78 0.78
-0.30999963 -0.30999964 -0.30999964 -0.30999963 -0.3099996 -0.30999954 -0.30999945 -0.30999927 -0.30999894 -0.30999822 -0.30999647 -0.30999143 -0.30997332 -0.30988807 -0.30933206 -0.30403947 -0.23430829 0.172703 0.32400115 0.33379903 0.33680097 0.33838695 0.33918956 0.33957603 0.33975591 0.33983605 0.33986521 0.33986106 0.33982182 0.33972581 0.33952004 0.3390969 0.33826087 0.33669546 0.33394762 0.07394006 -0.85997729 -0.86 -0.86 -0.86 -0.86 -0.86 -0.86 -0.86 -0.86 -0.86 -0.86 -0.86 -0.86 -0.86 -0.86 -0.86 -0.86 -0.86 -0.85999992 -0.85516792 0.7680346 0.77999959 0.78 0.78 0.78 0.78 0.78
-0.30999988 -0.30999989 -0.3099999 -0.3099999 -0.3099999 -0.3099999 -0.30999989 -0.30999988 -0.30999984 -0.30999977 -0.3099996 -0.30999915 -0.30999766 -0.30999117 -0.30995065 -0.3095589 -0.3032178 -0.15845123 0.29528459 0.33407897 0.33740063 0.3388769 0.33953095 0.33979952 0.3399049 0.33994505 0.33995805 0.33995588 0.33993697 0.33988522 0.3397561 0.33944537 0.33873884 0.33725702 0.33442853 0.22008415 -0.85998282 -0.86 -0.86 -0.86 -0.86 -0.86 -0.86 -0.86 -0.86 -0.86 -0.86 -0.86 -0.86 -0.86 -0.86 -0.86 -0.86 -0.86 -0.85999991 -0.84054922 0.7791004 0.77999999 0.78 0.78 0.78 0.78 0.78
-0.30999997 -0.30999997 -0.30999997 -0.30999998 -0.30999998 -0.30999998 -0.30999998 -0.30999998 -0.30999998 -0.30999997 -0.30999996 -0.30999994 -0.30999985 -0.30999954 -0.30999776 -0.30998162 -0.30971294 -0.30051137 0.039304757 0.33180136 0.33773045 0.33918767 0.33973371 0.33991441 0.33996965 0.33998617 0.33999063 0.33998978 0.33998259 0.33995882 0.33988382 0.33965805 0.33904095 0.33755786 0.33445369 0.29085289 -0.85996862 -0.86 -0.86 -0.86 -0.86 -0.86 -0.86 -0.86 -0.86 -0.86 -0.86 -0.86 -0.86 -0.86 -0.86 -0.86 -0.86 -0.86 -0.85999987 -0.74838367 0.77995988 0.78 0.78 0.78 0.78 0.78 0.78
-0.30999999 -0.30999999 -0.30999999 -0.31 -0.31 -0.31 -0.31 -0.31 -0.31 -0.31 -0.31 -0.31 -0.30999999 -0.30999998 -0.30999994 -0.30999961 -0.30999449 -0.30980879 -0.29080609 0.28017365 0.33772032 0.339353 0.33984454 0.33996665 0.33999248 0.33999769 0.33999872 0.33999851 0.33999656 0.33998757 0.33994654 0.33977716 0.33919293 0.3375569 0.3338049 0.24607366 -0.85867134 -0.85999992 -0.86 -0.86 -0.86 -0.86 -0.86 -0.86 -0.86 -0.86 -0.86 -0.86 -0.86 -0.86 -0.86 -0.86 -0.86 -0.86 -0.85999969 -0.18028358 0.77999898 0.78 0.78 0.78 0.78 0.78 0.78
-0.31 -0.31 -0.31 -0.31 -0.31 -0.31 -0.31 -0.31 -0.31 -0.31 -0.31 -0.31 -0.31 -0.31 -0.31 -0.31 -0.30999996 -0.30999875 -0.30985737 -0.23704607 0.33588233 0.33937346 0.33989669 0.33998742 0.33999862 0.33999979 0.33999992 0.33999989 0.33999957 0.3399968 0.3399742 0.33983084 0.33918243 0.3370746 0.3316493 -0.41833149 -0.66062668 -0.85998969 -0.86 -0.86 -0.86 -0.86 -0.86 -0.86 -0.86 -0.86 -0.86 -0.86 -0.86 -0.86 -0.86 -0.86 -0.86 -0.86 -0.85999888 0.64785896 0.77999999 0.78 0.78 0.78 0.78 0.78 0.78
-0.31 -0.31 -0.31 -0.31 -0.31 -0.31 -0.31 -0.31 -0.31 -0.31 -0.31 -0.31 -0.31 -0.31 -0.31 -0.31 -0.31 -0.31 -0.3099998 -0.30985286 0.12377348 0.33913624 0.33990448 0.33999449 0.33999981 0.33999999 0.34 0.34 0.33999997 0.33999921 0.33998417 0.33982288 0.33887554 0.33547124 0.28397604 -0.47989061 -0.4801692 -0.851639 -0.85999999 -0.86 -0.86 -0.86 -0.86 -0.86 -0.86 -0.86 -0.86 -0.86 -0.86 -0.86 -0.86 -0.86 -0.86 -0.86 -0.85999292 0.77468553 0.78 0.78 0.78 0.78 0.78 0.78 0.78
-0.30999998 -0.31 -0.31 -0.31 -0.31 -0.31 -0.31 -0.31 -0.31 -0.31 -0.31 -0.31 -0.31 -0.31 -0.31 -0.31 -0.31 -0.31 -0.31 -0.30999998 -0.30965336 0.3365511 0.33982468 0.33999551 0.33999997 0.34 0.34 0.34 0.34 0.33999971 0.33998171 0.33966886 0.33756806 0.33020709 -0.46920471 -0.47999998 -0.48000001 -0.48179092 -0.8599808 -0.86 -0.86 -0.86 -0.86 -0.86 -0.86 -0.86 -0.86 -0.86 -0.86 -0.86 -0.86 -0.86 -0.86 -0.86 -0.85991948 0.77987495 0.78 0.78 0.78 0.78 0.78 0.78 0.78
-0.30999993 -0.30999999 -0.31 -0.31 -0.31 -0.31 -0.31 -0.31 -0.31 -0.31 -0.31 -0.31 -0.31 -0.31 -0.31 -0.31 -0.31 -0.31 -0.31 -0.31 -0.31 -0.30388159 0.33894342 0.33998138 0.33999999 0.34 0.34 0.34 0.34 0.33999952 0.33992314 0.33849827 0.33061382 0.28746725 -0.47999937 -0.48 -0.48 -0.48000001 -0.57960979 -0.86 -0.86 -0.86 -0.86 -0.86 -0.86 -0.86 -0.86 -0.86 -0.86 -0.86 -0.86 -0.86 -0.86 -0.86 -0.85841143 0.77999788 0.78 0.78 0.78 0.78 0.78 0.78 0.78
-0.30999964 -0.30999993 -0.30999999 -0.31 -0.31 -0.31 -0.31 -0.31 -0.31 -0.31 -0.31 -0.31 -0.31 -0.31 -0.31 -0.31 -0.31 -0.31 -0.31 -0.31 -0.31 -0.31 0.27813832 0.33835126 0.33999832 0.34 0.34 0.34 0.34 0.33996764 0.33768276 0.32046516 0.27572693 -0.47950378 -0.48 -0.48 -0.48 -0.48 -0.48000007 -0.85908408 -0.86 -0.86 -0.86 -0.86 -0.86 -0.86 -0.86 -0.86 -0.86 -0.86 -0.86 -0.86 -0.86 -0.86 -0.81293122 0.77999997 0.78 0.78 0.78 0.78 0.78 0.78 0.78
-0.3099977 -0.30999953 -0.30999992 -0.30999999 -0.31 -0.31 -0.31 -0.31 -0.31 -0.31 -0.31 -0.31 -0.31 -0.31 -0.31 -0.31 -0.31 -0.31 -0.31 -0.31 -0.31 -0.31 -0.31 -0.77589504 -0.78679218 -0.45681838 0.33999999 0.33977554 0.28381083 0.13229176 -0.0011922405 -0.095656755 -0.16582887 -0.48 -0.48 -0.48 -0.48 -0.48 -0.48 -0.48000716 -0.85999995 -0.86 -0.86 -0.86 -0.86 -0.86 -0.86 -0.86 -0.86 -0.86 -0.86 -0.86 -0.86 -0.86 0.013650634 0.78 0.78 0.78 0.78 0.78 0.78 0.78 0.78
-0.30998169 -0.30999584 -0.30999923 -0.30999989 -0.30999999 -0.31 -0.31 -0.31 -0.31 -0.31 -0.31 -0.31 -0.31 -0.31 -0.31 -0.31 -0.31 -0.31 -0.31 -0.31 -0.31 -0.31 -0.31 -0.41681321 -1.2899998 -1.29 -1.29 -1.29 -1.2899999 -1.2891708 -1.2641814 -1.1669645 -0.48004645 -0.48 -0.48 -0.48 -0.48 -0.48 -0.48 -0.47999934 0.081319597 -0.85999989 -0.86 -0.86 -0.86 -0.86 -0.86 -0.86 -0.86 -0.86 -0.86 -0.86 -0.86 -0.85999996 0.74315473 0.78 0.78 0.78 0.78 0.78 0.78 0.78 0.78
-0.30982248 -0.30995337 -0.30998999 -0.3099983 -0.30999978 -0.30999998 -0.31 -0.31 -0.31 -0.31 -0.31 -0.31 -0.31 -0.31 -0.31 -0.31 -0.31 -0.31 -0.31 -0.31 -0.31 -0.31 -0.31 -0.31 -1.29 -1.29 -1.29 -1.29 -1.29 -1.2899959 -1.2894835 -1.2822146 -0.48 -0.48 -0.48 -0.48 -0.48 -0.48 -0.48 -0.47997899 1.5483831 1.5499958 -0.85912324 -0.86 -0.86 -0.86 -0.86 -0.86 -0.86 -0.86 -0.86 -0.86 -0.86 -0.8599971 0.77871838 0.77999999 0.78 0.78 0.78 0.78 0.78 0.78 0.78
-0.30793951 -0.3093509 -0.30983085 -0.30996475 -0.30999436 -0.30999934 -0.30999995 -0.31 -0.31 -0.31 -0.31 -0.31 -0.31 -0.31 -0.31 -0.31 -0.31 -0.31 -0.31 -0.31 -0.31 -0.31 -0.31 -0.31 -0.4261922 -1.29 -1.29 -1.29 -1.29 -1.2899989 -1.2899271 -0.48236065 -0.48 -0.48 -0.48 -0.48 -0.48 -0.48 -0.48 -0.30894797 1.55 1.55 1.55 1.4759958 -0.8599999 -0.86 -0.86 -0.86 -0.86 -0.86 -0.86 -0.86 -0.86 -0.85739731 0.60840459 0.77952126 0.77999989 0.78 0.78 0.78 0.78 0.78 0.78
-0.28299758 -0.29919663 -0.30640389 -0.30902847 -0.30979448 -0.30996754 -0.30999639 -0.30999974 -0.30999999 -0.31 -0.31 -0.31 -0.31 -0.31 -0.31 -0.31 -0.31 -0.31 -0.31 -0.31 -0.31 -0.31 -0.31 -0.31 -0.31 -1.2899998 -1.29 -1.29 -1.29 -1.2899982 -1.2899543 -0.48 -0.48 -0.48 -0.48 -0.48 -0.48 -0.48 -0.48 1.55 1.55 1.55 1.55 1.55 1.5499917 -0.84740377 -0.85999997 -0.86 -0.86 -0.86 -0.86 -0.86000001 -0.85953689 0.049682396 0.050015983 0.051261542 0.42816491 0.77992769 0.78 0.78 0.78 0.78 0.78
-0.062669617 -0.15203187 -0.22888739 -0.27752684 -0.29999691 -0.30767312 -0.30960733 -0.30995488 -0.30999674 -0.30999986 -0.31 -0.31 -0.31 -0.31 -0.31 -0.31 -0.31 -0.31 -0.31 -0.31 -0.31 -0.31 -0.31 -0.31 -0.31 -0.56824203 -1.2899999 -1.2899999 -1.2899994 -1.2899945 -0.7245613 -0.48 -0.48 -0.48 -0.48 -0.48 -0.48 -0.48 -0.47799459 1.55 1.55 1.55 1.55 1.55 1.55 1.5499999 1.3424606 -0.85943865 -0.85999963 -0.86000014 -0.86075705 -0.95424896 -0.87561904 0.049742166 0.049999998 0.05 0.050000008 0.05000445 0.10446302 0.77998054 0.78 0.78 0.78
0.20459817 0.18675699 0.15400784 0.093069351 -0.011342408 -0.14692817 -0.25266734 -0.29739372 -0.30825477 -0.30985513 -0.30999338 -0.30999983 -0.31 -0.31 -0.31 -0.31 -0.31 -0.31 -0.31 -0.31 -0.31 -0.31 -0.31 -0.31 -0.31 -0.310044 -1.2893946 -1.2899986 -1.2899959 -1.2899763 -0.48001503 -0.48 -0.48 -0.48 -0.48 -0.48 -0.48 -0.48 1.55 1.55 1.55 1.55 1.55 1.55 1.55 1.55 1.55 1.5465926 -0.83596211 -0.95998767 -0.96 -0.95999998 -0.95920361 0.046185029 0.049999998 0.05 0.05 0.05 0.05 0.050000001 0.050817179 0.77989125 0.78
0.23807409 0.23773722 0.23716486 0.23614522 0.2341852 0.22999632 0.21973782 0.19046185 0.099451576 -0.10924648 -0.2742387 -0.30749477 -0.30990694 -0.30999547 -0.30999966 -0.30999998 -0.31 -0.31 -0.31 -0.31 -0.31 -0.31 -0.31 -0.31 -0.31 -0.31000045 -0.67133784 -1.2899643 -1.2899802 -1.1977364 -0.48000002 -0.48 -0.48 -0.48 -0.48 -0.48 -0.48 -0.46985372 1.55 1.55 1.55 1.55 1.55 1.55 1.55 1.55 1.55 1.4754231 -0.96004019 -0.96000012 -0.96 -0.96 -0.9599991 -0.1726228 0.049999993 0.05 0.05 0.05 0.05 0.05 0.05 0.05 0.050040394
0.2399148 0.23992569 0.23993376 0.23993906 0.23994136 0.23993991 0.23993277 0.23991508 0.23987314 0.2397613 0.23938387 0.23756116 0.22336879 0.090461765 -0.094849336 -0.11739345 -0.13072896 -0.14372221 -0.15431155 -0.15920081 -0.15449736 -0.13752532 -0.10962237 -0.076948901 -0.046655505 -0.022635216 -0.0083334825 -1.2463744 -1.2898598 -0.4854025 -0.48 -0.48 -0.48 -0.48 -0.48 -0.48 -0.47999992 1.5499979 1.55 1.55 1.55 1.55 1.55 1.55 1.55 1.55 1.439702 -0.81116464 -0.96003955 -0.96000001 -0.96 -0.96 -0.96 -0.95565247 0.049999897 0.05 0.05 0.05 0.05 0.05 0.05 0.05 0.05
0.23999978 0.24000046 0.24000083 0.240001 0.24000105 0.24000105 0.24000106 0.24000111 0.24000129 0.24000178 0.24000318 0.24000844 0.24004018 0.24044126 0.25326729 0.3177653 0.31999821 0.32 0.32 0.32 0.32 0.32 0.32 0.32 0.32 0.32 0.31999292 0.31612588 -1.1063098 -1.0892249 -0.48002022 -0.48 -0.48 -0.48 -0.48 -0.47999996 -0.26354094 1.55 1.55 1.55 1.55 1.55 1.55 1.55 1.5499999 -0.24437431 -0.38134624 -0.60955718 -0.96005995 -0.96 -0.96 -0.96 -0.96 -0.95999982 0.049977667 0.05 0.05 0.05 0.05 0.05 0.05 0.05 0.05
0.24000155 0.24000114 0.24000082 0.24000058 0.2400004 0.24000028 0.2400002 0.24000015 0.24000011 0.2400001 0.24000011 0.24000017 0.24000046 0.24000275 0.24006073 0.24842037 0.3197281 0.32 0.32 0.32 0.32 0.32 0.32 0.32 0.32 0.31999993 0.31950859 -0.44295124 -1.1199923 -1.12 -1.1199778 -0.49068251 -0.48000028 -0.48000001 -0.47999978 -0.47864465 1.5407259 1.55 1.55 1.55 1.55 1.55 1.55 1.5499846 -0.37995579 -0.38000037 -0.38015621 -0.59755231 -0.96028906 -0.96 -0.96 -0.96 -0.96 -0.96 -0.12713889 0.05 0.05 0.05 0.05 0.05 0.05 0.05 0.05
0.24000071 0.24000045 0.24000028 0.24000017 0.2400001 0.24000005 0.24000003 0.24000002 0.24000001 0.24 0.24 0.24 0.24 0.24 0.24000003 0.24000198 0.24366738 0.31999616 0.32 0.32 0.32 0.32 0.32 0.32 0.32 0.31995098 -0.072875808 -1.119111 -1.12 -1.12 -1.12 -1.1200236 -2.5741794 -2.589383 -2.5894173 -2.5885974 1.0613283 1.5499988 1.55 1.55 1.55 1.55 1.5024202 -0.37999999 -0.38 -0.38 -0.38000412 -0.71028286 -0.9838297 -0.96 -0.96 -0.96 -0.96 -0.96 -0.9599932 0.05 0.05 0.05 0.05 0.05 0.05 0.05 0.05
0.2400003 0.24000017 0.24000009 0.24000005 0.24000002 0.24000001 0.24 0.24 0.24 0.24 0.24 0.24 0.24 0.24 0.24 0.24 0.24 0.24069899 0.32 0.32 0.32 0.32 0.32 0.32 0.31999885 -0.78761946 -0.92020021 -1.1199983 -1.12 -1.12 -1.12 -1.1200014 -2.5866962 -2.59 -2.59 -2.59 -2.59 -2.5899999 -2.5380513 1.5489662 1.5499984 -0.33097442 -0.38 -0.38 -0.38 -0.38 -0.38 -1.3388905 -2.0494654 -0.96 -0.96 -0.96 -0.96 -0.96 -0.96 0.049999874 0.05 0.05 0.05 0.05 0.05 0.05 -0.88147994
0.24000013 0.24000007 0.24000003 0.24000001 0.24000001 0.24 0.24 0.24 0.24 0.24 0.24 0.24 0.24 0.24 0.24 0.24 0.24 0.24 0.24002293 0.32 0.32 0.32 0.32 0.32 -0.91997763 -0.92 -0.9294499 -1.12 -1.12 -1.12 -1.12 -1.12 -2.589591 -2.59 -2.59 -2.59 -2.59 -2.59 -2.59 -2.59 -1.8479461 -0.38 -0.38 -0.38 -0.38 -0.38 -0.38 -2.04743 -2.05 -0.96 -0.96 -0.96 -0.96 -0.96 -0.96 -0.30465424 0.05 0.05 0.05 0.05 0.049999928 -1.64 -1.64
