Interpolating SPI Data/spi_stations/interpolated_spi/10-23_3.tif
NCOLS 257
NROWS 141
XLLCORNER -178.27925
YLLCORNER 5.3153543
DX 0.49934803
DY 0.49997533
NODATA_VALUE -9999
[rows 27 to 53 of 141, columns 124 to 185 of 257]
-2.05 -2.05 -1.5272102 -1.14 -1.14 -1.14 -1.14 -1.14 -1.14 -2.4788843 -2.55 -2.55 -2.5498113 -0.98001603 -0.98 -0.98 -0.98 -0.97997486 -0.1700054 -0.17 -0.17 -0.17 -0.17 -0.17 -0.17 -0.17 -0.51119083 -0.52 -0.52 -0.52 -0.52 -0.52 -0.52 -0.52 -0.52 -0.52 -0.52000022 -0.56972012 -1.0193176 -1.0199983 -1.02 -1.02 -1.02 -1.02 -1.0198483 0.92253614 0.95999993 0.96 0.96 0.96 0.96 0.96 0.96 0.96 0.96 0.96 0.96 0.96 0.96 0.96 0.96 0.95999988
-2.05 -2.05 -2.05 -1.14 -1.14 -1.14 -1.14 -1.14 -2.5484229 -2.55 -2.55 -2.55 -2.549595 -0.98000001 -0.98 -0.98 -0.98 -0.98 -0.98012438 -2.0642306 -0.29104824 -0.17007723 -0.17000008 -0.17 -0.17 -0.17003291 -0.52 -0.52 -0.52 -0.52 -0.52 -0.52 -0.52 -0.52 -0.52 -0.52 -0.54328088 -1.0199663 -1.02 -1.02 -1.02 -1.02 -1.02 -1.02 -1.0199993 -1.0171481 0.95710162 0.95999999 0.96 0.96 0.96 0.96 0.96 0.96 0.96 0.96 0.96 0.95999989 0.95999399 0.95973752 0.95187044 0.80477826
-2.05 -2.05 -2.05 -2.0209544 -1.14 -1.14 -1.14 -2.549995 -2.55 -2.55 -2.55 -2.55 -2.5462181 -0.98 -0.98 -0.98 -0.98 -0.98 -0.98008922 -2.13 -2.13 -2.13 -2.13 -2.1299999 -2.129728 -0.54866487 -0.52 -0.52 -0.52 -0.52 -0.52 -0.52 -0.52 -0.52 -0.52 -0.52702473 -1.0199998 -1.02 -1.02 -1.02 -1.02 -1.02 -1.02 -1.02 -1.0199883 -1.0189543 -0.93560963 0.95957711 0.95999998 0.95999999 0.95999996 0.95999981 0.95999837 0.95997655 0.95947977 0.9446554 0.54595282 -0.95085494 -1.2068932 -1.219164 -1.2199156 -1.2199697
-2.05 -2.05 -2.05 -2.05 -1.14 -1.14 -2.5499983 -2.55 -2.55 -2.55 -2.55 -2.55 -2.2419884 -0.98 -0.98 -0.98 -0.98 -0.98 -0.98020833 -2.13 -2.13 -2.13 -2.13 -2.13 -2.13 -2.1296812 -0.52 -0.52 -0.52 -0.52 -0.52 -0.52 -0.52 -0.52 -0.52149952 -1.02 -1.02 -1.02 -1.02 -1.02 -1.02 -1.02 -1.02 -1.0199983 -1.0194208 -0.96962893 -0.37669969 -0.0084084178 0.95218237 0.93925946 0.76302533 -0.38137497 -1.1651747 -1.2183174 -1.2199577 -1.2199989 -1.22 -1.22 -1.22 -1.22 -1.2199998 -1.2199873
-2.05 -2.05 -2.05 -2.0500527 -2.71 -2.71 -2.55 -2.55 -2.55 -2.55 -2.55 -2.5520911 -3.0065251 -0.98 -0.98 -0.98 -0.98 -0.98 -0.98835866 -2.13 -2.13 -2.13 -2.13 -2.13 -2.13 -2.13 -0.52000438 -0.52 -0.52 -0.52 -0.52 -0.52 -0.52 -0.52065309 -1.02 -1.02 -1.02 -1.02 -1.02 -1.02 -1.02 -1.02 -1.0199999 -1.0196833 -0.92376523 -0.10444789 0.01373536 0.019324157 -0.23171691 -1.2197685 -1.219994 -1.2199999 -1.22 -1.22 -1.22 -1.22 -1.22 -1.22 -1.22 -1.22 -1.22 -1.2199891
-2.0599998 -2.0591396 -2.0584498 -2.71 -2.71 -2.71 -2.7099973 -2.55 -2.55 -2.55 -3.03 -3.03 -3.03 -0.98 -0.98 -0.98 -0.98 -0.98 -2.0652875 -2.13 -2.13 -2.13 -2.13 -2.13 -2.13 -2.13 -1.4597541 -0.52 -0.52 -0.52 -0.52 -0.52 -0.52204816 -1.02 -1.02 -1.02 -1.02 -1.02 -1.02 -1.02 -1.02 -1.02 -1.0198073 -0.72183123 0.0080268704 0.019693063 0.019973968 0.019994534 -0.20677079 -1.2199821 -1.2199999 -1.22 -1.22 -1.22 -1.22 -1.22 -1.22 -1.22 -1.22 -1.22 -1.22 -1.2199882
-2.06 -2.06 -2.0600085 -2.71 -2.71 -2.71 -2.71 -2.5500129 -2.5527084 -3.03 -3.03 -3.03 -3.03 -0.98 -0.98 -0.98 -0.98 -0.98 -2.1299826 -2.13 -2.13 -2.13 -2.13 -2.13 -2.13 -2.13 -2.7204055 -1.3618276 -0.80143215 -0.55893051 -0.52375128 -0.53469292 -1.02 -1.02 -1.02 -1.02 -1.02 -1.02 -1.02 -1.02 -1.02 -1.0198159 -0.13081221 0.019803015 0.019997287 0.019999797 0.019999953 0.020000236 -0.18005812 -1.2199066 -1.2199997 -1.22 -1.22 -1.22 -1.22 -1.22 -1.22 -1.22 -1.22 -1.22 -1.22 -1.2199802
-2.06 -2.06 -2.06 -2.71 -2.71 -2.71 -2.71 -2.71 -3.03 -3.03 -3.03 -3.03 -3.03 -2.1732537 -0.98 -0.98 -0.98 -0.98 -2.1299996 -2.13 -2.13 -2.13 -2.13 -2.13 -2.13 -3.7208458 -3.85 -2.7863381 -2.11 -2.11 -2.11 -2.11 -1.02 -1.02 -1.02 -1.02 -1.02 -1.02 -1.02 -1.02 -1.0193043 0.019119403 0.019999845 0.019999999 0.02 0.02 0.02 0.020005912 -0.043488376 -1.2180775 -1.2199966 -1.22 -1.22 -1.22 -1.22 -1.22 -1.22 -1.22 -1.22 -1.22 -1.22 -1.2199273
-2.18 -2.06 -2.06 -2.71 -2.71 -2.71 -2.71 -2.686443 -1.4931651 -3.0299999 -3.03 -3.03 -3.03 -2.8383703 -0.98 -0.98 -0.98 -0.98 -2.1299996 -2.13 -2.13 -2.13 -2.13 -2.13 -3.849248 -3.85 -3.85 -3.847026 -2.11 -2.11 -2.11 -2.11 -2.1099986 -1.02 -1.02 -1.02 -1.02 -1.02 -1.02 -0.939275 0.019999972 0.02 0.02 0.02 0.02 0.02 0.020000001 0.020421634 0.69496 -1.0835881 -1.219866 -1.22 -1.22 -1.22 -1.22 -1.22 -1.22 -1.22 -1.22 -1.22 -1.22 -1.2188838
-2.18 -2.0673757 -0.20000002 -0.20001898 -2.71 -2.71 -2.71 -1.48 -1.48 -1.48 -1.48 -1.6299987 -1.63 -1.63 -1.6300133 -2.1299995 -2.1299997 -2.1299988 -2.1299983 -2.13 -2.13 -2.13 -2.13 -3.8499957 -3.85 -3.85 -3.85 -3.85 -2.11 -2.11 -2.11 -2.11 -2.11 -1.7825812 -1.02 -1.02 -1.02 -1.02 0.019730979 0.02 0.02 0.02 0.02 0.02 0.02 0.02 0.020000075 0.16350429 0.72806744 0.52349361 -1.1881597 -1.2199969 -1.22 -1.22 -1.22 -1.22 -1.22 -1.22 -1.22 -1.22 -1.22 -1.0217592
-0.20000093 -0.2 -0.2 -0.2 -0.2 -2.6806566 -1.4800003 -1.48 -1.48 -1.48 -1.1332178 -1.63 -1.63 -1.63 -2.1023429 -2.13 -2.13 -2.13 -2.13 -2.1292381 -0.86762881 -0.86000718 -0.95820174 -3.85 -3.85 -3.85 -3.85 -3.85 -2.11 -2.11 -2.11 -2.11 -2.11 -2.11 -0.90629928 -0.58000461 -0.58 -0.57999997 0.019999997 0.02 0.02 0.02 0.02 0.02 0.02 0.02 0.020050383 0.72909515 0.72986164 0.66959077 0.36280579 -1.2144694 -1.22 -1.22 -1.22 -1.22 -1.22 -1.22 -1.22 -1.22 -1.22 -0.00025002192
-0.2 -0.2 -0.2 -0.2 -0.2 -0.19137316 -1.4798616 -1.48 -1.48 -1.1300002 -1.13 -1.63 -1.63 -1.63 -2.13 -2.13 -2.13 -2.13 -2.13 -1.779414 -0.86 -0.86 -0.86 -3.8499912 -3.85 -3.85 -3.85 -3.85 -3.0379715 -2.11 -2.11 -2.11 -2.11 -2.11 -0.58 -0.58 -0.58 -0.58 0.02 0.02 0.02 0.02 0.02 0.02 0.02 0.019999994 0.32370501 0.72990287 0.72999717 0.7230183 0.39139132 0.38508498 -1.2197169 -1.22 -1.22 -1.22 -1.22 -1.22 -1.22 -1.22 -1.218593 -2.0859785e-12
0.1 -0.2 -0.2 -0.012387754 -0.0099950736 0.099998836 0.030678885 -0.039976746 -1.1361546 -1.13 -1.389725 -1.39 -1.6299999 -1.6300001 -2.13 -2.13 -2.13 -2.13 -2.13 -0.86004266 -0.86 -0.86 -0.86 -0.86 -3.85 -3.85 -3.85 -3.0600001 -3.06 -3.0594082 -2.11 -2.11 -2.11 -2.1097634 -0.58 -0.58 -0.58 -0.58 0.019999999 0.02 0.02 0.02 0.02 0.02 0.02 0.015824776 0.49291282 0.72997088 0.72999999 0.72985781 0.39250778 0.39 0.38974591 -1.2199982 -1.22 -1.22 -1.22 -1.22 -1.22 -1.22 -1.1387268e-07 -8.5517094e-27
0.1 0.021614067 -0.0099999966 -0.01 -0.0099909026 0.1 -0.031417334 -0.039999998 0.65 -1.370599 -1.39 -1.39 -1.39 -1.391184 -2.13 -2.13 -2.13 -2.13 -2.13 -0.86 -0.86 -0.86 -0.86 -0.86 -3.8440813 -3.85 -3.3546762 -3.06 -3.06 -3.06 -2.5500001 -2.2445219 -2.1100065 -0.58078226 -0.58 -0.58 -0.58 -0.58 -0.55285453 0.02 0.02 0.02 0.02 0.02 0.019835757 -0.57998815 -0.1850492 0.72999309 0.73 0.72999985 0.4035116 0.39 0.39 0.38999764 -1.22 -1.22 -1.22 -1.22 -1.22 -1.22 -4.4317597e-24 -1.7561857e-52
-1.15 -1.15 0.33 0.33 0.10000543 0.1 -0.04 -0.04 0.65 0.64999799 -1.3899093 -1.39 -1.3899999 0.54996942 -0.63062618 -2.1299994 -2.13 -2.129999 -1.9749371 0.17842552 -0.86 -0.86 -0.86 -0.86 -0.86 -3.8243134 -3.06 -3.06 -3.0599989 -2.55 -2.55 -2.5493621 -2.2300508 -2.2150897 -0.58000004 -0.58 -0.58 -0.58 -0.57999333 0.02 0.02 0.02 0.02 0.019996831 -0.57999998 -0.58 -0.57530941 0.72999857 0.73 0.73 0.65270909 0.39 0.39 0.39 0.38999998 -1.22 -1.22 -1.22 -1.22 -1.0457905e-06 -6.6830214e-40 -1.3170057e-97
-1.15 -1.1499874 -0.43 -0.43 -0.36 -0.33996551 -0.34000009 -0.04 0.65 -0.29 0.64 0.64 0.070306308 0.55 0.55 0.92 0.92 0.91999998 0.15454741 0.18 0.18 -0.85999782 -0.86 -0.86 -0.2168675 -0.2 -3.0599999 -2.5529367 -2.55 -2.55 -2.5485166 -2.23 -2.23 -2.23 -0.65 -0.65 -0.65 -0.65 -0.65 -0.64995031 0.019999969 0.02 0.019999795 -0.57999999 -0.58 -0.58 -0.57999983 0.72999951 0.73 0.73 0.72999815 0.39 0.39 0.39 0.39 0.38999998 -1.22 -1.22 -1.2199971 -1.1605518e-14 -9.8642148e-41 -2.5149217e-72
-0.20419254 -0.35 -0.70176178 -0.4300006 -0.3 -1.09 -0.55999168 -0.040018622 -0.83912542 -0.62 -0.54 -0.45 -0.62999999 0.55 0.55 0.92 0.92 -0.23 -0.23 0.18 0.18 0.18 0.1799987 -0.2 -0.2 -0.2 -0.2 -2.5499886 -2.55 -2.2300003 -2.23 -2.23 -2.23 -2.23 -0.65 -0.65 -0.65 -0.65 -0.65 -0.65 -0.64998663 0.00037654704 -0.57999988 -0.58 -0.58 -0.58 -0.58 0.72999435 0.73 0.73 0.73 0.39 0.39 0.39 0.39 0.39 0.38809745 -0.19564787 -0.025009461 -1.288646e-16 -6.0510615e-32 -4.4367479e-41
-0.2 -0.73 -0.43 -0.92 -0.35 -0.75 -0.78023886 -0.72000064 -0.83 -0.88 0.0099956216 -0.44 -0.63 -0.77995299 -0.78 0.79427216 -0.22999894 -0.23 -0.23 0.18 0.18 0.18 -0.6291803 -0.20000991 -0.2 -0.2 -0.2 -0.1 -0.1 -2.23 -2.23 -2.23 -2.23 -2.23 -0.65 -0.65 -0.65 -0.65 -0.64987635 0.42052848 0.3000055 0.30000012 -0.57999998 -0.58 -0.58 -0.58 -0.58 -0.52987821 0.73 0.73 0.73 0.39 0.39 0.39 0.39 0.38999999 -0.17 -0.17 -0.17 -0.066796782 -9.4945088e-09 -3.615019e-13
0.17346948 0.68 0.68 0.2 0.2 -0.69 -0.37 -0.43 0.15 -0.1 0.57 -0.51 -0.63 -0.66 -0.66 -0.98 -0.98 -0.23 -0.23 -0.23099525 -0.24 -0.24 -0.6299862 -0.63 -0.2 -0.2 -0.10003967 -0.1 -0.1 -0.1 -2.2138608 -1.9123326 -0.91000153 -0.91000004 0.42319292 0.49999879 0.5 0.5 0.5 0.3 0.3 0.3 -0.57998538 -0.58 -0.58 -0.58 -0.58 -0.58 0.73 0.73 0.73 0.39001075 0.39 0.39 0.39 -0.17 -0.17 -0.17 -0.17 -0.2618824 -1.23 -1.23
0.18 0.18 -0.36 -1.14 -1.1332394 -0.83 -0.46 -1.23 -0.77 -0.65 -1.0104574 -1.25 -1.28 -0.6601117 -1.57 -1.57 -0.98 -0.4 -4.8333078e-10 -3.1482159e-35 -0.24 -0.24 -0.09 -0.63 -0.63 -0.19999977 -0.1 -0.1 -0.1 -0.96 -0.96 -0.91 -0.91 -0.91 0.4868526 0.5 0.5 0.5 0.3 0.3 0.3 0.3 -0.41533416 -0.58 -0.58 -0.58 -0.58 -0.58 0.73 0.73 0.73 -1.2899999 -1.289998 -1.14069 -0.16999984 -0.17 -0.17 -0.17 -0.17 -1.2299981 -1.23 -1.23
0.18 -1.1999502 -1.0300009 -0.76885664 -0.05 -0.76 -0.72 -0.84 -1.71 -1.3 -1.48 -2.34 -0.95 -0.95 -1.57 -1.57 -0.4 -0.4 -4.4674904e-17 -1.8451551e-71 -8.2931617e-15 -0.12 -0.3 0.12 0.01 0.01 -0.070959147 -0.22931424 -0.10000886 -0.96 -0.96 -0.91 -0.91 -0.85753509 0.18847527 0.49999984 0.5 0.30000697 0.3 0.3 0.3 0.2999907 -0.25980828 -0.58 -0.58 -0.58 -0.58 -0.58 0.72976223 0.72997468 -1.29 -1.29 -1.29 -1.29 -0.31494012 -0.17 -0.17 -0.17 -0.17 -1.23 -1.23 -1.23
-0.62 -0.88002817 -1.87 -0.52 0.09 -0.34 -0.5903002 -1.38 -2.528558 -2.53 -1.91 -1.15 -1.65 -1.02 -1.02 0.7 -0.21 -0.21 -0.03 0.17521523 0.37999983 -0.12 0.12 0.11995772 0.01 -0.02 -0.02269146 -0.42 -0.42 -0.54 -0.53999521 -0.91 0.19 0.19 -0.30991762 0.17395498 0.22 0.22 0.22 0.29999981 -0.25999631 -0.26 -0.25999999 -0.27148387 -0.28 -0.28 -0.28 -0.28 -0.31548006 -1.2844817 -1.29 -1.29 -1.29 -1.29 -1.29 -0.17 -0.17 -0.17 -0.17 -1.23 -1.23 -1.23
-0.52999973 -0.71 -0.9 -1.34 -0.57471999 -0.05000001 -0.05 -1.05 -0.69 -1.49 -1.78 -1.17 -1.17 -0.86 -0.86000384 0.7 0.7 0.73944623 0.31 0.38 0.38 0.1199798 0.12 -0.84999582 -0.01 -0.02 -0.020483089 -0.42 -0.42 -0.14263109 -0.14 0.1 0.19 -0.30999902 -0.31 -0.34 -0.28777279 0.22 0.21960801 0.05 -0.26 -0.26 -0.25999996 -0.68998914 -0.28 -0.28 -0.28 -0.28 -1.11 -1.11 -1.29 -1.29 -1.29 -1.29 -0.3 -0.3 -0.29971624 -0.17 -0.73449604 -1.23 -1.23 -1.23
-0.53 -0.61 -0.60880031 -0.75 0.48 -0.79 -0.79 -0.94 -1.5370798 -1.57 -1.78 -1.7799999 -0.91 -0.86 -0.86 0.69989812 0.37 0.37 0.68999999 0.37999993 -0.74999997 -0.58957624 -0.11 -0.85 0.14 -0.92 -0.85702647 0.62 0.62 -0.14002209 0.1 -0.77 -0.1 -0.31 -0.31 -0.16000014 -0.34 -0.34 0.05 0.05 -0.26 -0.26 -0.064153898 -0.69 -0.68999887 -0.28 -0.28 -0.28 -1.11 -1.11 -1.11 -1.29 -1.29 -0.3 -0.3 -0.3 -0.3 -0.3 -1.2289916 -1.23 -1.23 -1.23
-0.5 -0.5 -0.24999913 -0.22 0.08 -0.47 -0.11 0.12999995 -0.45 -0.62919174 -0.85 -0.92 0.02 -0.32 -0.32 -0.080000009 0.05 0.05 0.050000001 -1.27 -1.27 -0.75 -1.0699999 -1.07 -1.449274 -1.45 0.28 0.28 0.61999958 -0.11 -0.11 -0.77000006 -1.03 -0.82999972 -0.83 -0.16 -0.21 -0.26 0.16 -0.12 0.05 -0.059951165 -0.36251828 -0.69 -0.69 -0.28000621 -0.67 -0.67 -1.11 -1.11 -1.11 -1.63 -1.6299994 -0.3 -0.3 -0.3 -0.3000002 -1.6599805 -1.6599983 -1.49 -1.489989 -0.49780725
-0.5 -0.5 0.27999902 0.18 0.13182211 0.68 -0.35 -0.29 -0.83 -0.32 0.76 1.18 0.45 -0.32 -0.08 -0.08 -0.93994225 -0.94 -0.74 -0.74000011 -1.27 -1.27 -1.3 -1.07 -1.45 -1.45 -1.4497536 1.0299989 1.03 0.97798725 0.25999998 0.26 -0.64 -0.4600287 -0.81 -0.5 0.62 0.61999999 -0.61 -0.61 0.21 -0.06 -0.75 -0.69 -0.69 -0.69 -0.67 -0.67 -1.1099733 -1.11 -1.6298852 -1.63 -1.63 -1.6214904 -0.30000007 -1.66 -1.66 -1.66 -1.6327282 -1.49 -1.49 -1.49
-0.5 -0.5 0.38999969 0.27196795 -0.17 0.82 0.38 -0.19 -0.1 -0.4 0.13 0.29 0.29 -0.079999984 -0.08 -0.08 -0.94 -0.94 -0.74 -0.74 -1.21 -1.3 -1.3 -1.3 -1.45 -1.45 -1.4491475 1.0299989 1.03 1.03 0.26 0.26 0.16 -0.46 -0.24000007 -0.24 -0.23 -0.27 -0.05 -0.6099995 0.21 -1.26 -1.26 -0.6653266 0.1 -0.17999999 -0.18000003 -0.53 -0.53506348 -1.19 -1.1900001 -1.63 -1.63 -1.6285209 -1.3800001 -1.66 -1.66 -1.66 -1.49 -1.49 -1.49 -1.49
