Interpolating SPI Data/spi_stations/interpolated_spi/10-23_2.tif
NCOLS 257
NROWS 141
XLLCORNER -178.27925
YLLCORNER 5.3153543
DX 0.49934803
DY 0.49997533
NODATA_VALUE -9999
[rows 81 to 107 of 141, columns 183 to 243 of 257]
-2.05 -2.0006556 -2.11 -2.1 -2.1 -1.5296668 -1.7299932 -1.7199993 -1.72 -1.7133925 -1.3977624 -1.11 -1.8 -1.8 -1.4292285 -1.44 -1.44 -1.4379343 -0.45 -0.45 -0.45 -0.30894636 -0.042522432 -0.040458686 -0.040955942 -0.047745545 -0.18933565 -0.32728185 -0.32931265 -0.32632076 -0.24538206 0.57625829 1.3772246 1.5193354 1.5413277 1.5350406 1.3794903 0.85992947 0.61201643 0.5406294 0.50219991 0.27527633 -0.11652202 -0.14398691 -0.14631367 -0.14734771 -0.14801575 -0.14848913 -0.14885001 -0.1490447 -0.14839714 -0.14324831 -0.11864948 -0.039436506 0.099334994 0.2257864 0.31128655 0.37463537 0.42705574 0.46947271 0.50185596
-2 -2 -2.1 -2.1 -2.1 -1.45 -1.2800008 -1.28 -1.7136596 -1.49 -1.4422071 -1.11 -1.11 -1.566406 -1.23 -1.439995 -1.44 -1.44 -0.45 -0.45 -0.45 -0.44999951 -0.44633293 -0.2674608 -0.087013252 -0.056850677 -0.053947181 -0.11400468 -0.30547616 -0.32620768 -0.31507772 -0.14824785 0.64192495 1.3119421 1.4890249 1.5266242 1.4991033 1.227531 0.77806895 0.5986445 0.53607496 0.40453036 -0.053329882 -0.13914703 -0.14474675 -0.14620855 -0.14709367 -0.14771618 -0.1481704 -0.14840938 -0.1478878 -0.14401777 -0.12709922 -0.072326937 0.041187957 0.17426767 0.27703142 0.35018291 0.40688872 0.45236959 0.48802126
-2 -1.5998978 -1.560012 -2.1 -1.45 -1.45 -1.28 -1.28 -1.28 -0.53 -0.53 -0.46230327 -0.46 -1.23 -1.23 -1.23 -1.44 -1.44 -1.4398197 -0.45000002 -0.45 -0.45 -0.44998695 -0.44777998 -0.40331023 -0.2563545 -0.14379972 -0.09998801 -0.11258306 -0.25550318 -0.31332789 -0.28598426 -0.032906206 0.68130072 1.2487481 1.44796 1.4973733 1.4248705 1.0801927 0.72857148 0.58985773 0.48588792 0.070804428 -0.12612973 -0.1423206 -0.14475831 -0.14592726 -0.1467262 -0.14729614 -0.14759969 -0.14718263 -0.14411731 -0.13178362 -0.093021615 -0.0053000282 0.11998456 0.23531999 0.32094945 0.38458592 0.43414805 0.47316109
-1.5600003 -1.56 -1.56 -0.77000055 -0.77 -1.45 -0.290087 -1.2799693 -0.53000175 -0.53 -0.53 -0.46 -0.46 -0.46000007 -1.23 -1.23 -1.2315573 -1.44 -1.4399999 -0.53817468 -0.45000263 -0.45000002 -0.44999906 -0.44989582 -0.4471824 -0.42413767 -0.3505383 -0.25204269 -0.18051824 -0.15428911 -0.21786666 -0.28440141 -0.23418543 0.078480423 0.7032659 1.1893749 1.3975209 1.4467223 1.3157702 0.96495988 0.69680759 0.55858017 0.23182962 -0.093110125 -0.13766727 -0.14283968 -0.14448412 -0.14549885 -0.14620657 -0.14659359 -0.14627412 -0.14375194 -0.13429664 -0.1058895 -0.039334031 0.069576147 0.18856997 0.28611253 0.35888936 0.41407685 0.45702757
-1.4090015 -0.85 -0.85 -0.77 -0.77 -0.77 -0.29 -0.29 -0.26 -0.26 -0.26 -0.4 -0.4 -0.4 -1.2055067 -1.23 -1.23 -1.4378214 -1.4399999 -1.4284961 -0.46144099 -0.45005345 -0.45000275 -0.44998091 -0.44957796 -0.44585404 -0.42836986 -0.3833777 -0.31595994 -0.25049225 -0.20798679 -0.2159772 -0.24948672 -0.16884559 0.16998098 0.71129997 1.1332198 1.3382489 1.3716762 1.1941998 0.882083 0.66055978 0.38925691 -0.022818927 -0.12737354 -0.13999546 -0.14269107 -0.14401141 -0.14488447 -0.14537323 -0.14515201 -0.14302178 -0.13546517 -0.11385741 -0.063107617 0.027201154 0.14095466 0.24637745 0.32898785 0.39132874 0.43915889
-0.74 -0.85 -0.85 -0.77 -0.77 -0.76999995 -0.29 -0.29 -0.26 -0.26 -0.26 -0.4 -0.4 -0.4 -0.4 -0.46679008 -1.2299982 -1.2362592 -1.4393593 -1.4392925 -1.0136464 -0.45891242 -0.45035836 -0.45004361 -0.44988331 -0.4488629 -0.44391465 -0.42837628 -0.39563658 -0.34751801 -0.29531233 -0.25244694 -0.23412677 -0.22609629 -0.11067914 0.2316479 0.70535934 1.077822 1.2699663 1.2777138 1.0820424 0.8146024 0.54219072 0.098118328 -0.10434257 -0.13505935 -0.14035296 -0.14222207 -0.14331252 -0.14392419 -0.1438064 -0.14197762 -0.13573328 -0.1187119 -0.079348202 -0.0060606793 0.096588211 0.20392126 0.29492491 0.36527324 0.41900694
-0.74 -0.74000004 -0.85 -0.55000374 -0.55 -0.55 -0.18000004 -0.18 -0.1586938 -0.05 -0.05 -0.39979875 -0.4 -0.4 -0.4 -0.4 -0.42963987 -1.2277446 -1.3594958 -1.4389581 -1.3885899 -0.65069981 -0.46098564 -0.45130541 -0.45025806 -0.44964314 -0.44766702 -0.44145166 -0.42671349 -0.40023478 -0.36328219 -0.32180549 -0.28356884 -0.25528034 -0.21821368 -0.075294574 0.25970547 0.68400592 1.0197965 1.193302 1.1766775 0.98442159 0.70966689 0.26956417 -0.056052195 -0.12540365 -0.1369812 -0.14003014 -0.14146331 -0.14223285 -0.14222869 -0.14064629 -0.13534942 -0.12151886 -0.090306748 -0.031080134 0.058130024 0.16164578 0.25774297 0.33575634 0.39611556
-0.74 -0.74 -0.34021702 -0.55 -0.55 -0.55 -0.18 -0.18 -0.17999956 -0.05 -0.05 -0.05 -0.28052471 -0.4 -0.4 -0.4 -0.40000334 -0.43390711 -1.1971389 -1.4130723 -1.4261394 -1.1273861 -0.56248828 -0.46503168 -0.45329048 -0.45088213 -0.44931226 -0.44607885 -0.43864392 -0.42428159 -0.40149338 -0.37138649 -0.33748797 -0.30417258 -0.27262284 -0.21957318 -0.06320443 0.25776349 0.64694289 0.95643909 1.1108664 1.0778079 0.87593579 0.47800695 0.035965181 -0.10560507 -0.1314586 -0.13719277 -0.13927706 -0.14027981 -0.14041027 -0.13904242 -0.13445858 -0.12291904 -0.097595055 -0.04943088 0.026517256 0.12219494 0.21924291 0.30326067 0.37030421
-0.74 -0.59524581 -0.34 -0.37685166 -0.55 -0.55 -0.18 -0.18 -0.18 -0.05 -0.05 -0.05 -0.05 -0.12928065 -0.3999977 -0.39999999 -0.40000004 -0.40013433 -0.44616097 -1.1736695 -1.4168762 -1.3352184 -0.86149045 -0.5380851 -0.47059114 -0.45653252 -0.45215919 -0.44908872 -0.44435588 -0.43577057 -0.42159865 -0.40121994 -0.37560561 -0.3469957 -0.31763509 -0.2850704 -0.22411803 -0.066122143 0.23509486 0.5968218 0.88731907 1.0260684 0.97485656 0.68802819 0.19007902 -0.065238803 -0.12138812 -0.13316016 -0.13661569 -0.13802585 -0.13833823 -0.13717315 -0.13314885 -0.12330584 -0.1023049 -0.062672179 0.0014619769 0.087309082 0.18146547 0.26886187 0.34179654
-0.73998506 -0.34 -0.34 -0.34 -0.54999694 -0.55 -0.18 -0.1831129 -0.2 -0.2 -0.051192568 -0.05 -0.05 -0.050000113 -0.1134423 -0.39941242 -0.39999222 -0.40000452 -0.40115059 -0.47019843 -1.1842069 -1.3786016 -1.145838 -0.72692285 -0.53177071 -0.47738118 -0.4610218 -0.4542517 -0.44923819 -0.44283909 -0.43316021 -0.41906572 -0.40035959 -0.37784969 -0.35296071 -0.32643105 -0.29336663 -0.22873414 -0.075779763 0.20219437 0.5390478 0.81446806 0.93809115 0.83102317 0.4001347 0.013112768 -0.10184979 -0.12675095 -0.13317308 -0.13538407 -0.13598608 -0.13503794 -0.13147489 -0.12292714 -0.10516335 -0.072085157 -0.017916238 0.057713731 0.14616752 0.23398866 0.31124097
-0.34 -0.34 -0.34 -0.34 -0.34 -0.54997407 -0.2 -0.2 -0.2 -0.2 -0.2 -0.20083823 -0.35992843 -0.35993444 -0.35963283 -0.35874081 -0.37002423 -0.3980247 -0.39991324 -0.40468115 -0.51971339 -1.1823406 -1.273682 -0.96624939 -0.66549449 -0.53251157 -0.48509076 -0.46657879 -0.45721118 -0.44999571 -0.44185073 -0.43112053 -0.41700802 -0.39948949 -0.37918343 -0.35689929 -0.33219152 -0.29854486 -0.2322858 -0.087003677 0.16723467 0.47981352 0.74017603 0.83282611 0.60044113 0.14802066 -0.063465856 -0.11552117 -0.12830042 -0.13216641 -0.13329553 -0.13262369 -0.12946884 -0.12194278 -0.10665537 -0.078639705 -0.032644909 0.033361617 0.11451836 0.20009492 0.27960894
-0.34000001 -0.34 -0.34 -0.34 -0.34 -0.24100288 -0.2 -0.2 -0.2 -0.2 -0.36 -0.36 -0.36 -0.36 -0.36 -0.35999996 -0.35999613 -0.35950907 -0.26745609 -0.10021386 -0.091578034 -0.091651139 -0.10248509 -0.21558504 -0.57146496 -0.60884189 -0.53356165 -0.49287944 -0.47281853 -0.46095168 -0.45149134 -0.44161752 -0.42987961 -0.41566246 -0.3989772 -0.38023272 -0.35970605 -0.33596905 -0.30149102 -0.23453521 -0.097244741 0.13506434 0.42385076 0.66265422 0.68049351 0.32884992 0.0083941202 -0.094678255 -0.12067298 -0.12798228 -0.13014241 -0.12989301 -0.12714289 -0.12045631 -0.10710742 -0.083043458 -0.043672687 0.013764044 0.087059621 0.16838212 0.24800939
-0.34000046 -0.34 -0.34 -0.34 -0.34 -0.20012041 -0.2 -0.2 -0.35953918 -0.36 -0.36 -0.36 -0.36 -0.36 -0.35999992 -0.3599791 -0.35627047 -0.10368489 -0.090134653 -0.09000768 -0.090001482 -0.090000671 -0.090000627 -0.090002961 -0.090055936 -0.09095551 -0.10209025 -0.18389811 -0.36501442 -0.44706793 -0.45713424 -0.45121461 -0.44130098 -0.42914727 -0.414962 -0.39892648 -0.38129247 -0.36186733 -0.33841404 -0.30285115 -0.23555256 -0.10547543 0.10781707 0.37293568 0.57213803 0.47123228 0.12477967 -0.055908287 -0.10771196 -0.12205128 -0.12627388 -0.12676181 -0.12448455 -0.11853096 -0.10674076 -0.085804985 -0.051789123 -0.0017431682 0.063835384 0.13965571 0.21749077
-0.34000866 -0.34 -0.34 -0.34 -0.34 -0.20008614 -0.2313785 -0.35999982 -0.36 -0.36 -0.36 -0.36 -0.36 -0.3599378 -0.35179922 -0.1982634 -0.090032547 -0.09000025 -0.090000022 -0.090000009 -0.09000001 -0.090000019 -0.09000004 -0.090000088 -0.090000198 -0.090000578 -0.090005063 -0.090075444 -0.090905857 -0.097754669 -0.13467707 -0.23806861 -0.35177292 -0.40403213 -0.4147488 -0.40896795 -0.39665658 -0.38114453 -0.36292618 -0.33953629 -0.30285868 -0.23538386 -0.11140582 0.085824049 0.32513938 0.45526743 0.25919027 0.011062421 -0.084841659 -0.11288632 -0.1211969 -0.12305871 -0.12144309 -0.11619487 -0.10570364 -0.087287613 -0.057617532 -0.013836839 0.0445741 0.11431634 0.18889437
-0.34007396 -0.34 -0.34 -0.34 -0.33999429 -0.35325257 -0.35980491 -0.35987696 -0.35961647 -0.23535849 -0.23 -0.23 -0.23 -0.23000005 -0.14488167 -0.090000133 -0.09 -0.09 -0.09 -0.09 -0.090000001 -0.090000002 -0.090000007 -0.090000022 -0.090000062 -0.090000161 -0.090000383 -0.09000091 -0.090003297 -0.090025378 -0.090222443 -0.091561413 -0.098343081 -0.12333142 -0.18411977 -0.26852913 -0.33233519 -0.36038584 -0.36454754 -0.35546432 -0.335791 -0.29996763 -0.23342299 -0.1150092 0.068112941 0.27493515 0.31457582 0.1048352 -0.045557213 -0.097873803 -0.11399677 -0.11845546 -0.11790342 -0.11343661 -0.10408853 -0.087748797 -0.061635988 -0.023126726 0.028847598 0.092436093 0.16278711
-0.34035186 -0.34000001 -0.34 -0.34 -0.26939652 -0.23244452 -0.23004277 -0.23000001 -0.23 -0.23 -0.23 -0.23 -0.23 -0.20341207 -0.09 -0.09 -0.09 -0.09 -0.09 -0.09 -0.09 -0.09 -0.090000002 -0.090000007 -0.090000024 -0.090000074 -0.090000201 -0.090000493 -0.090001111 -0.0900024 -0.090005867 -0.090022186 -0.090119225 -0.090631123 -0.092822982 -0.10035661 -0.12076786 -0.1620747 -0.2197885 -0.27263508 -0.30317375 -0.30774214 -0.28494598 -0.22617829 -0.11608927 0.052169909 0.21573963 0.17866631 0.013685415 -0.07315333 -0.1031031 -0.11235903 -0.11364175 -0.11019046 -0.10193791 -0.087365964 -0.064204166 -0.030127133 0.016181287 0.073863672 0.13946554
-0.34112128 -0.3400004 -0.34 -0.33554474 -0.23004894 -0.23000081 -0.23 -0.23 -0.23 -0.23 -0.23 -0.23 -0.46999071 -0.09 -0.09 -0.09 -0.09 -0.09 -0.09 -0.09 -0.09 -0.09 -0.09 -0.090000003 -0.090000011 -0.090000041 -0.090000127 -0.090000348 -0.090000856 -0.090001919 -0.090003984 -0.090007852 -0.090015717 -0.090037233 -0.090116787 -0.090427494 -0.09152154 -0.094835874 -0.10335732 -0.12159714 -0.15281411 -0.19285789 -0.22714966 -0.23666 -0.20392586 -0.11380045 0.033212354 0.14627321 0.075006708 -0.035557597 -0.0862047 -0.10378046 -0.10826 -0.1063091 -0.09923984 -0.086250849 -0.065586683 -0.03525464 0.0061186953 0.058321393 0.11900377
-0.34271243 -0.34000516 -0.33950847 -0.23021131 -0.23007813 -0.23004569 -0.23003435 -0.23006217 -0.23217588 -0.46997714 -0.47 -0.47 -0.46999999 -0.09 -0.09 -0.09 -0.09 -0.09 -0.09 -0.09 -0.09 -0.09 -0.09 -0.090000001 -0.090000007 -0.090000031 -0.090000109 -0.090000326 -0.090000856 -0.090002011 -0.090004304 -0.090008509 -0.090015743 -0.090027707 -0.090047908 -0.090087051 -0.090181921 -0.090448328 -0.091200873 -0.093169065 -0.097778197 -0.10724851 -0.12377525 -0.14656039 -0.16655675 -0.16283602 -0.10758112 0.0059298208 0.075291695 0.0080108897 -0.061185341 -0.091299061 -0.10111274 -0.10152424 -0.095913722 -0.084453933 -0.065969745 -0.03883629 -0.0017465551 0.045478456 0.10131745
-0.34540882 -0.33986662 -0.24056577 -0.23898852 -0.24776878 -0.2890727 -0.43070649 -0.4698143 -0.47 -0.47 -0.47 -0.47 -0.091022763 -0.09 -0.09 -0.09 -0.09 -0.09 -0.09 -0.09 -0.09 -0.09 -0.09 -0.090000002 -0.09000001 -0.090000043 -0.090000154 -0.090000464 -0.090001212 -0.090002816 -0.090005938 -0.09001154 -0.090020936 -0.090035822 -0.090058353 -0.090091468 -0.090140362 -0.090217609 -0.090357724 -0.090651304 -0.091311698 -0.092780762 -0.095844693 -0.1016126 -0.11090172 -0.12202968 -0.12588894 -0.1004658 -0.027422613 0.015559534 -0.031454054 -0.073625336 -0.091306053 -0.095407963 -0.09178863 -0.081960519 -0.065470524 -0.041119796 -0.0077583513 0.034999298 0.086224652
-0.34935928 -0.31239349 -0.33754012 -0.4028943 -0.46235442 -0.47720536 -0.4747417 -0.47203896 -0.47060134 -0.47011478 -0.47004093 -0.47506085 -0.090001081 -0.09 -0.09 -0.09 -0.09 -0.09 -0.09 -0.09 -0.09 -0.09 -0.090000001 -0.090000007 -0.090000032 -0.090000121 -0.090000379 -0.09000102 -0.090002428 -0.090005215 -0.090010288 -0.090018892 -0.090032642 -0.090053529 -0.09008392 -0.090126545 -0.090184594 -0.090262203 -0.090366223 -0.09051122 -0.090731333 -0.091103991 -0.091789693 -0.093082773 -0.095432568 -0.099285072 -0.10431643 -0.1071123 -0.096384031 -0.055914811 -0.026541375 -0.053247327 -0.078122468 -0.087397241 -0.086587486 -0.078682229 -0.064140305 -0.042281862 -0.012195731 0.026572142 0.073494804
-0.46637976 -0.6106515 -0.65754857 -0.68726176 -0.70651069 -0.71672649 -0.71969589 -0.7199954 -0.72 -0.72 -0.72 -0.72 -0.72 -0.7179343 -0.09 -0.09 -0.09 -0.09 -0.09 -0.09 -0.09 -0.090000003 -0.090000014 -0.090000057 -0.09000019 -0.09000054 -0.09000135 -0.090003031 -0.090006224 -0.090011853 -0.090021163 -0.090035754 -0.090057583 -0.090088955 -0.090132495 -0.090191109 -0.090267946 -0.090366405 -0.090490319 -0.090644689 -0.090837755 -0.091085871 -0.091423284 -0.091918712 -0.092697162 -0.093951349 -0.095882293 -0.098384474 -0.10000011 -0.095310768 -0.074037275 -0.052615848 -0.064085069 -0.077211389 -0.079980992 -0.074460021 -0.061966208 -0.042434195 -0.015274859 0.019924042 0.062883827
-0.70369295 -0.71315793 -0.71764605 -0.71943483 -0.71992517 -0.71999623 -0.71999996 -0.72 -0.72 -0.72 -0.72 -0.72 -0.72 -0.72 -0.71991082 -0.090183062 -0.090000178 -0.090000018 -0.090000013 -0.090000021 -0.090000047 -0.090000116 -0.090000284 -0.090000662 -0.090001454 -0.090002993 -0.090005795 -0.0900106 -0.090018418 -0.090030557 -0.090048644 -0.090074628 -0.090110768 -0.090159609 -0.090223944 -0.09030677 -0.090411234 -0.090540592 -0.090698188 -0.090887537 -0.091112678 -0.091379175 -0.091696438 -0.092082303 -0.092570717 -0.093221674 -0.094125822 -0.095374873 -0.096909151 -0.098003223 -0.095881279 -0.084273411 -0.067498761 -0.067993598 -0.072127588 -0.069169112 -0.058895847 -0.041633724 -0.017154091 0.014827147 0.054157085
-0.71830193 -0.71947007 -0.71988207 -0.71998419 -0.71999901 -0.71999998 -0.72 -0.72 -0.72 -0.72 -0.72 -0.72 -0.72 -0.72 -0.72 -0.71969885 -0.15448357 -0.090379615 -0.090026775 -0.090007849 -0.090005011 -0.090004885 -0.090005983 -0.090008254 -0.090012057 -0.090018013 -0.09002698 -0.090040072 -0.090058669 -0.090084427 -0.090119273 -0.090165396 -0.090225226 -0.090301399 -0.090396728 -0.090514148 -0.090656683 -0.090827391 -0.091029326 -0.091265523 -0.091539035 -0.091853137 -0.092211876 -0.092621315 -0.093091928 -0.093642507 -0.094304968 -0.095125752 -0.096148141 -0.097327942 -0.098250689 -0.09732005 -0.090299133 -0.075626134 -0.067395158 -0.063551447 -0.055037534 -0.039939292 -0.017953225 0.011095915 0.047101849
-0.71975206 -0.71993983 -0.71999017 -0.71999908 -0.71999996 -0.72 -0.72 -0.72 -0.72 -0.72 -0.72 -0.72 -0.72 -0.72 -0.72 -0.71999993 -0.71888061 -0.42210903 -0.10436881 -0.09141278 -0.090357955 -0.090166202 -0.090113018 -0.090097745 -0.090098363 -0.090108836 -0.090127683 -0.090155131 -0.090192229 -0.090240518 -0.090301881 -0.090378467 -0.090472636 -0.090586912 -0.090723942 -0.090886452 -0.091077207 -0.091298972 -0.09155447 -0.091846352 -0.092177187 -0.092549484 -0.092965822 -0.093429191 -0.093943729 -0.094516087 -0.095157579 -0.095886604 -0.09672862 -0.097704203 -0.098776691 -0.099675713 -0.09933763 -0.094398068 -0.080001239 -0.063854577 -0.051999093 -0.037776954 -0.017861883 0.0085542735 0.041524565
-0.71995035 -0.71998977 -0.71999858 -0.71999988 -0.72 -0.72 -0.72 -0.72 -0.72 -0.72 -0.72 -0.72 -0.72 -0.72 -0.72 -0.72 -0.71999289 -0.71693028 -0.5588222 -0.17652745 -0.10392101 -0.093886869 -0.091687739 -0.090998715 -0.090731959 -0.090621875 -0.090585175 -0.090590922 -0.090626468 -0.090686611 -0.090769578 -0.090875354 -0.091004896 -0.091159737 -0.091341758 -0.091553052 -0.091795824 -0.092072325 -0.092384799 -0.092735434 -0.093126334 -0.093559504 -0.094036865 -0.094560345 -0.095132104 -0.095755007 -0.096433462 -0.097174668 -0.097989857 -0.098893627 -0.099895071 -0.10096135 -0.10189008 -0.10184555 -0.097716962 -0.082390613 -0.05846311 -0.038010965 -0.017762026 0.006845726 0.037194613
-0.71998643 -0.7199974 -0.71999966 -0.71999997 -0.72 -0.72 -0.72 -0.72 -0.72 -0.72 -0.72 -0.72 -0.72 -0.72 -0.72 -0.72 -0.71999954 -0.71989542 -0.71347365 -0.60369854 -0.29141381 -0.14392614 -0.1081313 -0.098188426 -0.094687773 -0.093205272 -0.092498526 -0.092144846 -0.091976752 -0.091919699 -0.091937557 -0.0920118 -0.092132685 -0.092295155 -0.092496807 -0.092736792 -0.093015205 -0.093332713 -0.093690318 -0.094089211 -0.094530662 -0.095015951 -0.095546329 -0.096123009 -0.096747222 -0.097420367 -0.098144325 -0.098922004 -0.099758085 -0.10065963 -0.10163511 -0.10268721 -0.10378414 -0.10475135 -0.10482177 -0.1007991 -0.083755827 -0.052004265 -0.022207189 0.0044508051 0.033534369
-0.71999502 -0.71999905 -0.71999987 -0.71999999 -0.72 -0.72 -0.72 -0.72 -0.72 -0.72 -0.72 -0.72 -0.72 -0.72 -0.72 -0.72 -0.71999988 -0.71998684 -0.71941305 -0.70843079 -0.61922513 -0.38723095 -0.20943464 -0.13965299 -0.1144802 -0.10430424 -0.099616557 -0.097219011 -0.095902842 -0.095155744 -0.094738153 -0.094528596 -0.094461332 -0.09449892 -0.094619199 -0.094808699 -0.095059113 -0.095365303 -0.09572413 -0.096133737 -0.096593091 -0.097101688 -0.097659354 -0.098266119 -0.09892215 -0.099627746 -0.10038342 -0.10119011 -0.1020495 -0.1029645 -0.10393946 -0.10497903 -0.10608174 -0.10721418 -0.10820451 -0.10825912 -0.10389431 -0.084591896 -0.045024024 -0.0052558391 0.028182133
