Interpolating SPI Data/spi_stations/interpolated_spi/10-22_1.tif
NCOLS 257
NROWS 141
XLLCORNER -178.27925
YLLCORNER 5.3153543
DX 0.49934803
DY 0.49997533
NODATA_VALUE -9999
[rows 0 to 27 of 141, columns 62 to 123 of 257]
1.1696559 1.1696153 1.1695526 1.1694555 1.1693011 1.1690466 1.1686046 1.167787 1.1661547 1.1625931 1.1540003 1.1308774 1.0617342 0.84308672 0.24456994 -0.64915061 -1.1503047 -1.2768835 -1.299443 -1.3039316 -1.3056422 -1.3067268 -1.3074962 -1.3080398 -1.3084139 -1.3086604 -1.3088088 -1.3088778 -1.3088767 -1.3088059 -1.3086578 -1.3084157 -1.3080541 -1.3075374 -1.3068183 -1.3033703 -0.73533 -0.61011176 -0.61000008 -0.61 -0.61 -0.61 -0.61 -0.61 -0.61 -0.61 -0.61 -0.61 -0.61 -0.61 -0.61 -0.61 -0.61 -0.61 -0.61 -0.60999959 -0.60972322 -0.45510961 1.3629815 1.4098773 1.4099996 1.41
1.1698385 1.1698271 1.1698079 1.1697767 1.1697267 1.1696443 1.1695031 1.1692461 1.1687416 1.1676562 1.1650549 1.1579973 1.1360523 1.0581683 0.7661158 -0.057849134 -0.95614756 -1.2507992 -1.2978597 -1.3045698 -1.3063857 -1.3074205 -1.3081248 -1.3086036 -1.3089208 -1.3091226 -1.3092404 -1.3092937 -1.3092915 -1.3092342 -1.3091134 -1.3089114 -1.3086001 -1.3081399 -1.3074783 -1.3057251 -0.7745979 -0.61007269 -0.61000002 -0.61 -0.61 -0.61 -0.61 -0.61 -0.61 -0.61 -0.61 -0.61 -0.61 -0.61 -0.61 -0.61 -0.61 -0.61 -0.61 -0.60999974 -0.60964175 -0.25877127 1.3999523 1.4099856 1.41 1.41
1.1699265 1.1699251 1.1699209 1.1699129 1.1698992 1.1698762 1.1698368 1.1697661 1.1696304 1.1693451 1.168675 1.1668766 1.1612435 1.1402812 1.0480907 0.62781098 -0.46759981 -1.1710351 -1.2922305 -1.3049032 -1.3069992 -1.3079902 -1.3086288 -1.309042 -1.3093026 -1.3094608 -1.3095497 -1.3095885 -1.309586 -1.3095421 -1.3094483 -1.3092862 -1.309026 -1.3086234 -1.3080185 -1.3069076 -0.83504545 -0.61004677 -0.61000001 -0.61 -0.61 -0.61 -0.61 -0.61 -0.61 -0.61 -0.61 -0.61 -0.61 -0.61 -0.61 -0.61 -0.61 -0.61 -0.61 -0.60999982 -0.60946891 0.19834196 1.4084384 1.4099988 1.41 1.41
1.1699675 1.1699686 1.1699687 1.1699676 1.1699649 1.1699597 1.1699505 1.169934 1.1699029 1.1698394 1.1696949 1.1693177 1.1681557 1.1638031 1.1434704 1.026038 0.37095997 -0.89676356 -1.2720221 -1.3045782 -1.3074818 -1.3084455 -1.3090204 -1.3093697 -1.309576 -1.3096937 -1.3097564 -1.3097826 -1.3097803 -1.309749 -1.3096806 -1.3095566 -1.3093459 -1.3089998 -1.3084495 -1.3075546 -0.92397481 -0.61003005 -0.61 -0.61 -0.61 -0.61 -0.61 -0.61 -0.61 -0.61 -0.61 -0.61 -0.61 -0.61 -0.61 -0.61 -0.61 -0.61 -0.61 -0.60999987 -0.60906327 0.87479671 1.4098315 1.4099999 1.41 1.41
1.1699859 1.1699872 1.1699881 1.1699885 1.1699884 1.1699877 1.1699862 1.1699831 1.1699773 1.1699656 1.1699401 1.1698764 1.1696876 1.1689975 1.1657534 1.1454173 0.97862144 -0.089065199 -1.1832951 -1.3020488 -1.307818 -1.308797 -1.3093139 -1.3096033 -1.30976 -1.3098422 -1.3098829 -1.3098989 -1.309897 -1.3098768 -1.3098306 -1.309741 -1.3095761 -1.309283 -1.3087821 -1.3079564 -1.0393367 -0.61001952 -0.61 -0.61 -0.61 -0.61 -0.61 -0.61 -0.61 -0.61 -0.61 -0.61 -0.61 -0.61 -0.61 -0.61 -0.61 -0.61 -0.61 -0.6099999 -0.60794126 1.291155 1.4099881 1.41 1.41 1.41
1.169994 1.1699949 1.1699956 1.1699961 1.1699964 1.1699965 1.1699964 1.169996 1.1699952 1.1699936 1.16999 1.1699816 1.1699582 1.169877 1.1695084 1.1671814 1.1456356 0.86797183 -0.72314896 -1.2879182 -1.3079178 -1.3090556 -1.309525 -1.3097613 -1.3098751 -1.3099281 -1.3099517 -1.3099603 -1.3099591 -1.3099475 -1.3099193 -1.3098587 -1.3097341 -1.3094879 -1.3090269 -1.308217 -1.1571252 -0.61001278 -0.61 -0.61 -0.61 -0.61 -0.61 -0.61 -0.61 -0.61 -0.61 -0.61 -0.61 -0.61 -0.61 -0.61 -0.61 -0.61 -0.61 -0.60999991 -0.60404829 1.3952621 1.4099995 1.41 1.41 1.41
1.1699975 1.169998 1.1699984 1.1699987 1.1699989 1.169999 1.1699991 1.1699992 1.1699991 1.169999 1.1699986 1.1699978 1.1699956 1.1699888 1.1699602 1.1697883 1.1681791 1.142802 0.57456218 -1.1766022 -1.3071625 -1.3092297 -1.3096693 -1.3098619 -1.309941 -1.309972 -1.3099838 -1.3099876 -1.309987 -1.3099814 -1.3099662 -1.3099282 -1.3098367 -1.3096286 -1.3091923 -1.3083589 -1.242312 -0.61000474 -0.61 -0.61 -0.61 -0.61 -0.61 -0.61 -0.61 -0.61 -0.61 -0.61 -0.61 -0.61 -0.61 -0.61 -0.61 -0.61 -0.61 -0.60999989 -0.58604233 1.408892 1.41 1.41 1.41 1.41
1.169999 1.1699992 1.1699994 1.1699996 1.1699997 1.1699998 1.1699998 1.1699998 1.1699998 1.1699998 1.1699998 1.1699998 1.1699996 1.1699993 1.1699978 1.1699901 1.1699228 1.1688375 1.1325489 -0.18616013 -1.2983249 -1.3093139 -1.3097608 -1.3099216 -1.3099748 -1.3099911 -1.3099959 -1.3099972 -1.309997 -1.3099949 -1.3099879 -1.3099658 -1.3098993 -1.3097176 -1.3092808 -1.3083647 -1.27746 -0.6098954 -0.60999998 -0.61 -0.61 -0.61 -0.61 -0.61 -0.61 -0.61 -0.61 -0.61 -0.61 -0.61 -0.61 -0.61 -0.61 -0.61 -0.61 -0.60999983 -0.47252135 1.4099506 1.41 1.41 1.41 1.41
1.1699996 1.1699997 1.1699998 1.1699999 1.1699999 1.1699999 1.17 1.17 1.17 1.17 1.17 1.17 1.17 1.17 1.1699999 1.1699997 1.1699983 1.1699773 1.169238 1.0951839 -1.1021644 -1.3091732 -1.3098094 -1.3099542 -1.3099902 -1.3099978 -1.3099993 -1.3099996 -1.3099996 -1.309999 -1.3099963 -1.3099843 -1.3099344 -1.3097623 -1.3092806 -1.3081512 -1.0287994 -0.60186719 -0.60999947 -0.61 -0.61 -0.61 -0.61 -0.61 -0.61 -0.61 -0.61 -0.61 -0.61 -0.61 -0.61 -0.61 -0.61 -0.61 -0.61 -0.60999962 0.22721169 1.4099987 1.41 1.41 1.41 1.41
1.1699998 1.1699999 1.1699999 1.17 1.17 1.17 1.17 1.17 1.17 1.17 1.17 1.17 1.17 1.17 1.17 1.17 1.17 1.1699998 1.1699949 1.1694388 0.88821008 -1.3037879 -1.3098153 -1.3099696 -1.3099963 -1.3099996 -1.3099999 -1.31 -1.31 -1.3099999 -1.3099991 -1.3099924 -1.3099502 -1.3097592 -1.3091385 -1.3066241 1.505356 0.62292022 -0.60993623 -0.61 -0.61 -0.61 -0.61 -0.61 -0.61 -0.61 -0.61 -0.61 -0.61 -0.61 -0.61 -0.61 -0.61 -0.61 -0.61 -0.60999863 1.2472409 1.41 1.41 1.41 1.41 1.41
1.1699999 1.17 1.17 1.17 1.17 1.17 1.17 1.17 1.17 1.17 1.17 1.17 1.17 1.17 1.17 1.17 1.17 1.17 1.17 1.1699992 1.1694264 -0.49551277 -1.3097378 -1.3099719 -1.3099984 -1.3099999 -1.31 -1.31 -1.31 -1.31 -1.3099998 -1.3099953 -1.3099478 -1.3096689 -1.3086662 -1.1436171 1.7395793 1.7389536 -0.55829385 -0.60999995 -0.61 -0.61 -0.61 -0.61 -0.61 -0.61 -0.61 -0.61 -0.61 -0.61 -0.61 -0.61 -0.61 -0.61 -0.61 -0.60999128 1.4034541 1.41 1.41 1.41 1.41 1.41
1.1699999 1.17 1.17 1.17 1.17 1.17 1.17 1.17 1.17 1.17 1.17 1.17 1.17 1.17 1.17 1.17 1.17 1.17 1.17 1.17 1.1699999 1.1686563 -1.3041478 -1.3099484 -1.3099987 -1.31 -1.31 -1.31 -1.31 -1.31 -1.3099999 -1.3099946 -1.3099025 -1.3092838 -1.3070827 1.6986187 1.7399999 1.7399999 1.7289246 -0.60988126 -0.61 -0.61 -0.61 -0.61 -0.61 -0.61 -0.61 -0.61 -0.61 -0.61 -0.61 -0.61 -0.61 -0.61 -0.61 -0.60990082 1.409846 1.41 1.41 1.41 1.41 1.41
1.1699998 1.17 1.17 1.17 1.17 1.17 1.17 1.17 1.17 1.17 1.17 1.17 1.17 1.17 1.17 1.17 1.17 1.17 1.17 1.17 1.17 1.17 1.1462891 -1.3096888 -1.3099945 -1.31 -1.31 -1.31 -1.31 -1.31 -1.3099999 -1.3099774 -1.3095578 -1.307236 -1.2169307 1.7399975 1.74 1.74 1.7399999 1.1239921 -0.60999999 -0.61 -0.61 -0.61 -0.61 -0.61 -0.61 -0.61 -0.61 -0.61 -0.61 -0.61 -0.61 -0.61 -0.61 -0.60804335 1.4099974 1.41 1.41 1.41 1.41 1.41
1.1699992 1.1699998 1.17 1.17 1.17 1.17 1.17 1.17 1.17 1.17 1.17 1.17 1.17 1.17 1.17 1.17 1.17 1.17 1.17 1.17 1.17 1.17 1.17 -1.1756639 -1.3095145 -1.3099995 -1.31 -1.31 -1.31 -1.31 -1.3099905 -1.3093176 -1.3042474 -1.2910726 1.7378298 1.74 1.74 1.74 1.74 1.7399996 -0.60433575 -0.61 -0.61 -0.61 -0.61 -0.61 -0.61 -0.61 -0.61 -0.61 -0.61 -0.61 -0.61 -0.61 -0.61 -0.55202504 1.41 1.41 1.41 1.41 1.41 1.41
1.1699953 1.1699988 1.1699998 1.17 1.17 1.17 1.17 1.17 1.17 1.17 1.17 1.17 1.17 1.17 1.17 1.17 1.17 1.17 1.17 1.17 1.17 1.17 1.17 1.17 -0.98139287 -0.9781839 -1.0753541 -1.31 -1.3099339 -1.2934535 -1.2488344 -1.2095262 -1.1817084 -1.1257617 1.74 1.74 1.74 1.74 1.74 1.74 1.7399541 -0.6099997 -0.61 -0.61 -0.61 -0.61 -0.61 -0.61 -0.61 -0.61 -0.61 -0.61 -0.61 -0.61 -0.61 0.46608188 1.41 1.41 1.41 1.41 1.41 1.41
1.1699678 1.1699911 1.1699979 1.1699996 1.1699999 1.17 1.17 1.17 1.17 1.17 1.17 1.17 1.17 1.17 1.17 1.17 1.17 1.17 1.17 1.17 1.17 1.17 1.17 1.17 0.95192647 -0.83000007 -0.83 -0.83 -0.83 -0.83000003 -0.83024419 -0.83760304 -0.86623132 1.7397737 1.74 1.74 1.74 1.74 1.74 1.74 1.7399998 1.5197116 -0.60999991 -0.61 -0.61 -0.61 -0.61 -0.61 -0.61 -0.61 -0.61 -0.61 -0.61 -0.61 -0.60999995 1.3646174 1.41 1.41 1.41 1.41 1.41 1.41
1.1697343 1.1699165 1.1699779 1.1699952 1.1699992 1.1699999 1.17 1.17 1.17 1.17 1.17 1.17 1.17 1.17 1.17 1.17 1.17 1.17 1.17 1.17 1.17 1.17 1.17 1.17 1.17 -0.83 -0.83 -0.83 -0.83 -0.83 -0.83000121 -0.83015208 -0.83186649 1.74 1.74 1.74 1.74 1.74 1.74 1.74 1.7399949 1.2503903 1.2499968 -0.60932333 -0.61 -0.61 -0.61 -0.61 -0.61 -0.61 -0.61 -0.61 -0.61 -0.61 -0.60999644 1.408404 1.41 1.41 1.41 1.41 1.41 1.41
1.1674363 1.1690473 1.1696987 1.169921 1.1699834 1.1699973 1.1699997 1.17 1.17 1.17 1.17 1.17 1.17 1.17 1.17 1.17 1.17 1.17 1.17 1.17 1.17 1.17 1.17 1.17 1.17 0.93287306 -0.83 -0.83 -0.83 -0.83 -0.83000031 -0.83002148 1.7324976 1.74 1.74 1.74 1.74 1.74 1.74 1.74 1.6987116 1.25 1.25 1.25 1.1928848 -0.60999992 -0.61 -0.61 -0.61 -0.61 -0.61 -0.61 -0.61 -0.61 -0.6109719 0.83185718 1.4083867 1.4099996 1.41 1.41 1.41 1.41
1.1438787 1.1576269 1.1650428 1.1683462 1.1695515 1.1699045 1.1699847 1.1699983 1.1699999 1.17 1.17 1.17 1.17 1.17 1.17 1.17 1.17 1.17 1.17 1.17 1.17 1.17 1.17 1.17 1.17 1.17 -0.82999951 -0.83 -0.83 -0.83000001 -0.83000053 -0.83000203 1.74 1.74 1.74 1.74 1.74 1.74 1.74 1.74 1.25 1.25 1.25 1.25 1.25 1.2499936 -0.60027843 -0.60999998 -0.61 -0.61 -0.61 -0.61 -0.60999991 -0.60999033 -1.0497881 -1.0499461 -1.0457488 0.22436393 1.4097563 1.41 1.41 1.41
1.0203735 1.05717 1.0979099 1.1329605 1.1551556 1.1654188 1.1689306 1.1698183 1.1699788 1.1699984 1.1699999 1.17 1.17 1.17 1.17 1.17 1.17 1.17 1.17 1.17 1.17 1.17 1.17 1.17 1.17 1.17 0.64297539 -0.83000001 -0.83000003 -0.83000017 -0.83000163 0.96399121 1.74 1.74 1.74 1.74 1.74 1.74 1.74 1.7395159 1.25 1.25 1.25 1.25 1.25 1.25 1.2499999 1.0898243 -0.60956676 -0.60999972 -0.60999831 -0.60129398 0.47394442 0.4070785 -1.0495941 -1.05 -1.05 -1.05 -1.049985 -0.86646707 1.4099344 1.41
0.93108781 0.93572764 0.94384169 0.95872865 0.98643534 1.0339317 1.095649 1.143821 1.164225 1.1691939 1.1699314 1.1699966 1.1699999 1.17 1.17 1.17 1.17 1.17 1.17 1.17 1.17 1.17 1.17 1.17 1.17 1.17 1.1699102 -0.82876676 -0.83000041 -0.83000121 -0.82998812 1.7399523 1.74 1.74 1.74 1.74 1.74 1.74 1.74 1.25 1.25 1.25 1.25 1.25 1.25 1.25 1.25 1.25 1.2473709 0.16405437 0.5398513 0.53999993 0.53999997 0.53874628 -1.0439943 -1.05 -1.05 -1.05 -1.05 -1.05 -1.05 -1.0472462
0.92060837 0.92071418 0.9208768 0.92114123 0.92160253 0.92248234 0.92436116 0.9289741 0.94218641 0.98340367 1.0782145 1.1534524 1.1687696 1.1699377 1.169995 1.1699996 1.17 1.17 1.17 1.17 1.17 1.17 1.17 1.17 1.17 1.17 1.1699991 0.43256932 -0.82994984 -0.83000579 -0.53742996 1.74 1.74 1.74 1.74 1.74 1.74 1.74 1.7375509 1.25 1.25 1.25 1.25 1.25 1.25 1.25 1.25 1.25 1.2299902 0.53999071 0.53999996 0.54 0.54 0.53999859 -0.6995344 -1.05 -1.05 -1.05 -1.05 -1.05 -1.05 -1.05
0.91996763 0.91997307 0.91997736 0.91998065 0.91998303 0.91998456 0.91998517 0.91998464 0.91998231 0.91997643 0.9199616 0.91991794 0.91975 0.91885811 0.91526462 0.9227112 0.93774223 0.95373669 0.96941092 0.98218536 0.98808352 0.98240952 0.96193531 0.92827461 0.88885899 0.85231458 0.82333762 0.79853296 -0.77562015 -0.82984981 1.7228556 1.74 1.74 1.74 1.74 1.74 1.74 1.74 1.2500005 1.25 1.25 1.25 1.25 1.25 1.25 1.25 1.25 1.2401339 0.70747323 0.53998743 0.53999999 0.54 0.54 0.54 0.53315587 -1.0499998 -1.05 -1.05 -1.05 -1.05 -1.05 -1.05
0.91996682 0.91997379 0.91997931 0.9199836 0.91998685 0.91998925 0.91999089 0.91999186 0.91999208 0.91999126 0.91998836 0.91997953 0.91994601 0.91974363 0.91718659 0.83541982 0.42424581 0.41001138 0.41 0.41 0.41 0.41 0.41 0.41 0.41 0.41 0.41 0.41000924 0.41240708 0.025818136 0.102707 1.7399457 1.74 1.74 1.74 1.74 1.74 1.6877513 1.25 1.25 1.25 1.25 1.25 1.25 1.25 1.25 1.091939 1.0792341 0.93174252 0.53997837 0.54 0.54 0.54 0.54 0.53999972 -1.0499648 -1.05 -1.05 -1.05 -1.05 -1.05 -1.05
0.91998427 0.91998876 0.91999209 0.91999449 0.91999621 0.91999739 0.9199982 0.91999873 0.91999907 0.91999927 0.91999935 0.91999928 0.91999889 0.9199971 0.91998245 0.91961282 0.86632014 0.41173333 0.41000002 0.41 0.41 0.41 0.41 0.41 0.41 0.41 0.41000009 0.41064182 0.35233295 0.020043541 0.020000037 0.020059728 1.7112979 1.7399997 1.74 1.7399999 1.7396728 1.2522386 1.25 1.25 1.25 1.25 1.25 1.25 1.2499986 1.0800039 1.0799998 1.0799111 0.95610948 0.53989176 0.54 0.54 0.54 0.54 0.54 -0.77113778 -1.05 -1.05 -1.05 -1.05 -1.05 -1.05
0.91999293 0.9199954 0.91999709 0.91999821 0.91999894 0.91999939 0.91999966 0.91999981 0.9199999 0.91999995 0.91999997 0.91999998 0.91999999 0.91999999 0.91999997 0.91999978 0.91998738 0.89662043 0.41002446 0.41 0.41 0.41 0.41 0.41 0.41 0.41 0.41006404 0.92305515 0.028433933 0.020000115 0.02 0.02 0.01998927 -0.64219461 -0.64930115 -0.64934008 -0.64879104 1.0258805 1.2499995 1.25 1.25 1.25 1.25 1.245809 1.08 1.08 1.08 1.0799977 0.89211453 0.53103726 0.54 0.54 0.54 0.54 0.54 0.53998929 -1.05 -1.05 -1.05 -1.05 -1.05 -1.05
0.91999677 0.91999808 0.9199989 0.9199994 0.91999969 0.91999985 0.91999993 0.91999997 0.91999999 0.92 0.92 0.92 0.92 0.92 0.92 0.92 0.92 0.91999998 0.91554395 0.41 0.41 0.41 0.41 0.41 0.41 0.4100015 1.8570512 2.0273805 0.020017557 0.02 0.02 0.02 0.019999342 -0.64849419 -0.65 -0.65 -0.65 -0.65 -0.64999995 -0.62615882 1.2495255 1.2499999 1.0843183 1.08 1.08 1.08 1.08 1.08 0.53452335 0.13020109 0.54 0.54 0.54 0.54 0.54 0.54 -1.0499998 -1.05 -1.05 -1.05 -1.05 -1.05
0.91999847 0.91999916 0.91999957 0.91999979 0.91999991 0.91999996 0.91999999 0.92 0.92 0.92 0.92 0.92 0.92 0.92 0.92 0.92 0.92 0.92 0.92 0.9198538 0.41 0.41 0.41 0.41 0.41000001 2.0299708 2.03 1.9350285 0.02 0.02 0.02 0.02 0.019999983 -0.64981358 -0.65 -0.65 -0.65 -0.65 -0.65 -0.65 -0.65 -0.069233966 1.08 1.08 1.08 1.08 1.08 1.08 0.13146198 0.13 0.54 0.54 0.54 0.54 0.54 0.54 -0.49168292 -1.05 -1.05 -1.05 -1.05 -1.0499999
