Interpolating SPI Data/spi_stations/interpolated_spi/10-21_3.tif
NCOLS 257
NROWS 141
XLLCORNER -178.27925
YLLCORNER 5.3153543
DX 0.49934803
DY 0.49997533
NODATA_VALUE -9999
[rows 58 to 86 of 141, columns 0 to 63 of 257]
1.721358 1.7216834 1.7219954 1.7222941 1.7225795 1.7228517 1.7231108 1.7233569 1.7235899 1.7238098 1.7240167 1.7242104 1.7243908 1.7245576 1.7247108 1.7248499 1.7249746 1.7250843 1.7251784 1.7252562 1.7253167 1.7253587 1.7253809 1.7253814 1.7253581 1.7253084 1.7252289 1.7251155 1.724963 1.7247651 1.7245134 1.7241976 1.7238041 1.7233155 1.7227088 1.7219538 1.7210097 1.7198219 1.718315 1.7163848 1.7138846 1.7106057 1.7062466 1.7003663 1.6923132 1.6811155 1.6653208 1.642774 1.6103594 1.5638372 1.498158 1.4090294 1.2964924 1.1693963 1.0457749 0.94474286 0.87581187 0.83651474 0.81828848 0.81262241 0.81358422 0.81777057 0.82346333 0.82986466
1.720443 1.7207621 1.7210671 1.7213578 1.7216343 1.7218965 1.7221445 1.722378 1.722597 1.7228013 1.7229906 1.7231645 1.7233227 1.7234647 1.72359 1.7236976 1.7237869 1.7238567 1.7239056 1.7239322 1.7239346 1.7239105 1.723857 1.7237707 1.7236476 1.7234825 1.7232689 1.7229991 1.722663 1.7222483 1.7217389 1.7211147 1.7203492 1.7194082 1.7182466 1.7168044 1.7150009 1.7127264 1.7098303 1.7061032 1.7012508 1.6948553 1.6863187 1.6747799 1.6589991 1.6372071 1.6069409 1.5649507 1.5073995 1.4307792 1.3340183 1.2215071 1.104776 0.99943779 0.91784014 0.86368084 0.83298354 0.81869782 0.81437328 0.81550885 0.81943215 0.82472239 0.83067806 0.83695938
1.71932 1.7196273 1.7199192 1.7201955 1.7204561 1.7207008 1.7209293 1.7211412 1.7213362 1.7215139 1.7216735 1.7218145 1.721936 1.7220369 1.7221162 1.7221724 1.7222039 1.7222085 1.7221839 1.7221273 1.7220351 1.7219032 1.7217264 1.7214986 1.7212121 1.7208575 1.7204232 1.7198947 1.7192537 1.7184772 1.7175356 1.7163912 1.7149948 1.7132821 1.7111683 1.7085401 1.7052451 1.7010763 1.6957496 1.6888726 1.6798994 1.6680685 1.6523193 1.6311892 1.6027092 1.5643533 1.5131728 1.4463567 1.3625022 1.2635757 1.1565844 1.0529406 0.96444966 0.89829424 0.85503179 0.83049002 0.81899798 0.81559774 0.81679708 0.82045106 0.8253638 0.83091145 0.83677575 0.84278341
1.7179467 1.7182345 1.7185049 1.7187577 1.7189924 1.7192087 1.7194058 1.7195832 1.7197401 1.7198755 1.7199884 1.7200775 1.7201412 1.7201778 1.7201851 1.7201607 1.7201017 1.7200044 1.7198648 1.7196776 1.719437 1.7191355 1.7187643 1.7183125 1.7177668 1.7171106 1.7163236 1.7153799 1.7142475 1.7128852 1.7112406 1.7092461 1.7068138 1.7038287 1.7001388 1.6955416 1.6897659 1.6824457 1.6730853 1.6610123 1.6453175 1.6247849 1.5978255 1.5624513 1.5163713 1.4573475 1.3839811 1.296972 1.2004347 1.102194 1.011976 0.93793511 0.88381235 0.84864356 0.8285899 0.81911777 0.81635815 0.81754726 0.82093112 0.82548824 0.83065863 0.83614284 0.84177368 0.84744319
1.7162728 1.7165303 1.7167677 1.7169843 1.7171795 1.7173523 1.7175018 1.7176267 1.7177258 1.7177973 1.7178394 1.71785 1.7178264 1.7177657 1.7176643 1.7175181 1.7173221 1.7170703 1.7167558 1.7163701 1.7159031 1.7153424 1.7146731 1.7138768 1.712931 1.7118078 1.7104724 1.7088811 1.706979 1.704696 1.7019427 1.6986034 1.6945285 1.6895222 1.6833277 1.6756061 1.6659089 1.6536432 1.6380284 1.6180485 1.5924104 1.5595329 1.5176171 1.464881 1.4000594 1.3232165 1.2366978 1.1456706 1.0574997 0.97973032 0.91762953 0.87283039 0.8437396 0.82701634 0.8190286 0.81671157 0.81783949 0.82095512 0.82517513 0.829993 0.8351259 0.84041171 0.84574671 0.85105167
1.7142386 1.7144514 1.7146402 1.7148037 1.7149408 1.71505 1.7151296 1.7151777 1.715192 1.71517 1.7151085 1.7150041 1.7148527 1.7146492 1.7143881 1.7140627 1.7136648 1.7131849 1.7126118 1.7119317 1.711128 1.7101809 1.7090659 1.7077532 1.7062058 1.7043782 1.7022134 1.6996399 1.6965677 1.6928824 1.6884378 1.6830466 1.6764673 1.6683878 1.6584039 1.6459936 1.6304854 1.6110269 1.586558 1.5558092 1.5173542 1.4697692 1.4119595 1.3436901 1.2662507 1.1829783 1.0991787 1.0211081 0.95426179 0.90184835 0.86428876 0.83982008 0.8256081 0.81872524 0.81670929 0.81774015 0.82059061 0.82448887 0.82897391 0.83377782 0.83874274 0.84376785 0.84877855 0.85371031
1.7117738 1.7119232 1.7120427 1.7121307 1.7121852 1.7122039 1.7121841 1.7121229 1.7120166 1.7118612 1.711652 1.7113835 1.7110492 1.7106414 1.7101513 1.7095684 1.70888 1.7080713 1.7071244 1.7060177 1.7047254 1.7032159 1.7014509 1.699383 1.6969543 1.6940928 1.6907087 1.6866899 1.6818954 1.676147 1.6692194 1.6608265 1.6506052 1.6380961 1.622721 1.6037617 1.5803438 1.5514392 1.515907 1.4726039 1.420603 1.3595462 1.2901027 1.214397 1.1361407 1.0601957 0.99153384 0.93398189 0.88937116 0.85746775 0.83655941 0.82426811 0.81821537 0.81639724 0.81730533 0.81989408 0.82348327 0.82765109 0.8321432 0.83680551 0.84153909 0.84627243 0.85094578 0.85550349
1.7087964 1.7088578 1.7088814 1.7088648 1.7088047 1.7086978 1.70854 1.7083268 1.7080528 1.7077118 1.7072966 1.7067989 1.7062088 1.7055149 1.7047036 1.7037588 1.7026614 1.7013887 1.6999135 1.698203 1.6962176 1.6939091 1.6912191 1.6880758 1.6843908 1.6800552 1.674934 1.668859 1.661621 1.652959 1.6425477 1.629983 1.6147663 1.5962904 1.5738299 1.5465459 1.5135181 1.4738233 1.426685 1.3717114 1.3092122 1.2405246 1.1682019 1.0958765 1.0276922 0.96742644 0.91765388 0.87932291 0.8518751 0.83374327 0.82293911 0.81751367 0.81581665 0.8165833 0.81891384 0.82220441 0.8260674 0.83026098 0.83463452 0.83909029 0.84355868 0.84798329 0.85231296 0.85649793
1.7052112 1.7051534 1.7050472 1.7048885 1.7046729 1.7043954 1.70405 1.7036298 1.7031271 1.7025328 1.7018361 1.7010248 1.7000843 1.6989976 1.6977447 1.6963017 1.6946405 1.6927274 1.690522 1.6879759 1.6850306 1.6816153 1.6776438 1.6730112 1.667589 1.6612196 1.6537098 1.6448222 1.634266 1.6216858 1.6066513 1.5886473 1.5670687 1.5412265 1.5103727 1.4737572 1.4307326 1.3809173 1.3244158 1.2620596 1.1955888 1.1276541 1.0615396 1.000611 0.9476507 0.90433893 0.87107714 0.84717118 0.83122958 0.82158892 0.8166385 0.81500474 0.81561623 0.81769203 0.82069267 0.82426077 0.82816612 0.83226137 0.83644959 0.84066221 0.84484503 0.84895014 0.8529317 0.85674411
1.700909 1.7006929 1.7004139 1.7000663 1.6996436 1.6991385 1.6985426 1.697846 1.6970373 1.6961035 1.6950293 1.6937969 1.6923853 1.6907701 1.6889223 1.6868076 1.6843855 1.6816076 1.678416 1.6747416 1.6705008 1.6655933 1.6598977 1.6532671 1.6455238 1.6364526 1.6257938 1.6132352 1.5984046 1.5808636 1.5601052 1.5355599 1.5066153 1.4726584 1.43315 1.3877383 1.3364139 1.2796851 1.2187316 1.1554616 1.0923977 1.0323576 0.97798717 0.93129172 0.89333274 0.86418394 0.84311954 0.82892389 0.8202014 0.8156099 0.8139952 0.8144415 0.81626594 0.81898404 0.82226534 0.82589053 0.82971553 0.83364394 0.83760763 0.84155371 0.84543657 0.84921332 0.85284153 0.85627828
1.6957657 1.6953429 1.6948381 1.6942433 1.6935495 1.6927462 1.6918216 1.6907619 1.6895511 1.6881708 1.6865995 1.6848122 1.6827794 1.6804668 1.6778338 1.6748325 1.6714063 1.6674879 1.6629972 1.6578387 1.6518984 1.6450401 1.6371007 1.6278859 1.6171639 1.6046605 1.5900534 1.5729684 1.5529787 1.5296108 1.5023604 1.4707233 1.4342499 1.3926257 1.3457805 1.2940169 1.238132 1.1794895 1.1199902 1.0619019 1.0075579 0.9589931 0.91762909 0.88410904 0.85831836 0.83955426 0.82676354 0.81877064 0.81444843 0.81281873 0.81309256 0.81466899 0.81711096 0.8201122 0.82346374 0.82702472 0.83069925 0.83441919 0.83813232 0.84179453 0.84536512 0.84880416 0.85207119 0.8551246
1.6896422 1.6889539 1.6881587 1.6872458 1.6862026 1.6850149 1.6836663 1.6821379 1.6804077 1.6784504 1.6762365 1.6737317 1.6708958 1.6676819 1.6640347 1.6598895 1.6551698 1.6497854 1.6436296 1.6365765 1.6284772 1.6191563 1.6084075 1.5959898 1.5816234 1.5649882 1.5457235 1.5234336 1.4977003 1.4681069 1.4342775 1.3959356 1.3529816 1.3055875 1.2542899 1.2000603 1.1443148 1.0888334 1.0355777 0.98643386 0.94294386 0.90610231 0.87627435 0.85324408 0.83635807 0.82470741 0.81729732 0.81317438 0.81150326 0.81159952 0.81293133 0.81510293 0.81782991 0.82091314 0.82421511 0.82764037 0.8311206 0.83460371 0.8380465 0.84140979 0.84465562 0.84774555 0.85063977 0.85329662
1.682385 1.6813605 1.6801976 1.6788815 1.6773955 1.6757203 1.6738338 1.6717106 1.6693214 1.666632 1.6636032 1.6601891 1.6563364 1.651983 1.6470563 1.6414714 1.6351291 1.6279134 1.6196886 1.6102968 1.5995544 1.5872493 1.5731386 1.5569476 1.5383703 1.5170741 1.4927106 1.4649333 1.4334272 1.397951 1.3583946 1.3148465 1.2676668 1.2175467 1.1655349 1.1130065 1.0615601 1.0128478 0.96837003 0.9292842 0.89627754 0.86953343 0.84878796 0.83344764 0.82272899 0.81578619 0.81180738 0.81007431 0.80998959 0.81108028 0.81298682 0.81544471 0.81826424 0.82131131 0.82449104 0.82773479 0.8309903 0.83421473 0.83736993 0.84041939 0.84332631 0.84605247 0.84855747 0.85079798
1.6738272 1.6723836 1.670762 1.6689431 1.6669046 1.6646212 1.662064 1.6591994 1.6559891 1.6523888 1.6483471 1.643805 1.6386938 1.6329341 1.6264338 1.6190864 1.6107687 1.6013384 1.5906322 1.5784637 1.5646216 1.5488692 1.5309461 1.5105717 1.4874539 1.4613031 1.4318544 1.3988987 1.3623247 1.3221691 1.2786715 1.2323238 1.1839004 1.1344538 1.0852602 1.0377143 0.99318257 0.9528464 0.91756913 0.88781933 0.86366369 0.84482226 0.83076354 0.82081182 0.8142445 0.81036605 0.8085551 0.80828741 0.80914063 0.81078715 0.81298073 0.81554067 0.81833639 0.82127375 0.82428374 0.82731369 0.83032081 0.8332675 0.83611826 0.83883759 0.84138861 0.84373208 0.8458255 0.84762203
1.663792 1.6618336 1.6596487 1.6572123 1.6544958 1.6514668 1.6480878 1.6443162 1.640103 1.6353922 1.6301192 1.6242099 1.6175792 1.6101295 1.601749 1.5923099 1.581667 1.569656 1.5560929 1.5407735 1.5234752 1.5039602 1.4819825 1.4572988 1.4296854 1.3989616 1.3650205 1.3278667 1.2876577 1.2447436 1.199696 1.1533161 1.10661 1.0607257 1.0168553 0.97611572 0.93943142 0.90744402 0.88046778 0.85849622 0.84125206 0.82826326 0.81894626 0.81268086 0.80886784 0.80696671 0.80651524 0.80713482 0.80852627 0.81046008 0.81276425 0.81531184 0.81800959 0.8207882 0.82359448 0.82638538 0.8291235 0.83177399 0.8343023 0.83667264 0.83884681 0.8407831 0.84243514 0.84375019
1.6520964 1.6495152 1.6466495 1.6434676 1.6399335 1.6360064 1.6316397 1.6267803 1.6213679 1.6153336 1.6085989 1.6010745 1.5926592 1.5832383 1.5726825 1.5608472 1.5475717 1.5326794 1.5159793 1.4972691 1.4763406 1.4529884 1.4270231 1.3982883 1.3666845 1.332197 1.294927 1.2551237 1.2132094 1.1697925 1.1256596 1.0817405 1.039045 0.99857837 0.96124654 0.92777073 0.89862681 0.87402082 0.85390208 0.8380063 0.82591639 0.81712734 0.81110446 0.80732892 0.80532826 0.80469316 0.80508315 0.80622443 0.80790293 0.80995502 0.81225751 0.81471822 0.81726764 0.81985202 0.82242786 0.82495771 0.82740702 0.8297419 0.83192738 0.83392614 0.83569721 0.83719471 0.83836604 0.8391494
1.6385577 1.6352354 1.6315604 1.6274939 1.6229916 1.6180038 1.6124739 1.6063382 1.5995244 1.5919512 1.5835268 1.5741483 1.5637008 1.5520566 1.5390753 1.5246037 1.5084775 1.4905238 1.4705657 1.448429 1.4239524 1.3970009 1.3674834 1.3353737 1.3007351 1.2637443 1.2247137 1.1841054 1.1425315 1.1007367 1.0595599 1.0198756 0.98252372 0.9482361 0.91757499 0.89089293 0.86832059 0.84978208 0.83503144 0.82370117 0.81535317 0.8095246 0.80576413 0.80365694 0.80283921 0.80300388 0.80389993 0.80532758 0.80713126 0.80919161 0.81141774 0.81374007 0.8161043 0.81846638 0.82078856 0.82303636 0.82517626 0.8271739 0.82899263 0.83059215 0.83192709 0.83294514 0.83358454 0.83377025
1.6230018 1.6188121 1.6141922 1.6090955 1.6034693 1.5972547 1.5903853 1.5827869 1.5743768 1.5650624 1.5547416 1.5433016 1.5306193 1.5165617 1.5009869 1.4837467 1.4646899 1.4436683 1.420544 1.3952002 1.3675544 1.3375745 1.3052975 1.2708486 1.2344591 1.19648 1.1573868 1.1177721 1.0783229 1.0397832 1.0029024 0.96837801 0.93680044 0.90860848 0.88406317 0.86324304 0.84605941 0.83228685 0.82160201 0.81362391 0.80795032 0.80418695 0.80196818 0.80096955 0.80091339 0.80156922 0.80275054 0.80430952 0.80613073 0.80812474 0.81022207 0.81236794 0.81451767 0.81663308 0.81867957 0.82062374 0.82243161 0.82406708 0.82549044 0.82665686 0.82751454 0.82800219 0.82804555 0.82755227
1.6052731 1.6000865 1.5943842 1.5881118 1.5812086 1.573607 1.5652321 1.5560011 1.5458229 1.5345978 1.5222179 1.5085672 1.4935228 1.4769572 1.4587408 1.4387468 1.4168569 1.39297 1.3670116 1.3389474 1.3087962 1.2766463 1.2426692 1.2071318 1.1704032 1.1329531 1.0953394 1.0581845 1.0221399 0.9878431 0.955872 0.92670293 0.90067916 0.87799396 0.8586901 0.8426741 0.82974147 0.81960782 0.81194099 0.80639015 0.80260955 0.80027576 0.79909853 0.79882626 0.79924702 0.80018664 0.80150475 0.80308991 0.80485432 0.80672882 0.80865818 0.81059715 0.81250703 0.81435288 0.81610132 0.81771859 0.819169 0.82041342 0.82140773 0.82210101 0.82243331 0.82233269 0.82171159 0.82046276
1.5852463 1.578936 1.572019 1.564434 1.5561133 1.5469825 1.5369605 1.5259592 1.5138835 1.5006321 1.4860984 1.4701722 1.4527419 1.4336987 1.4129408 1.3903802 1.3659503 1.3396162 1.3113848 1.2813174 1.2495413 1.2162599 1.1817599 1.1464127 1.1106688 1.0750432 1.0400918 1.0063804 0.97444921 0.94477633 0.91774689 0.89363031 0.87256973 0.8545837 0.839579 0.82737137 0.81771067 0.81030655 0.80485202 0.80104282 0.79859189 0.79723893 0.79675547 0.79694644 0.79764913 0.79873036 0.80008271 0.80162021 0.80327415 0.80498906 0.80671909 0.80842501 0.81007151 0.81162506 0.81305207 0.81431726 0.81538222 0.8162039 0.81673309 0.81691271 0.81667614 0.8159463 0.81463774 0.8126684
1.5628391 1.5552886 1.5470388 1.538023 1.5281688 1.517398 1.505627 1.4927671 1.4787254 1.4634063 1.4467136 1.4285534 1.4088376 1.3874897 1.3644503 1.339685 1.3131928 1.2850157 1.2552479 1.2240448 1.1916292 1.1582949 1.1244042 1.0903799 1.0566905 1.0238276 0.99228012 0.96250441 0.93489658 0.90976886 0.88733366 0.86769699 0.85086131 0.8367367 0.82515796 0.81590491 0.80872315 0.80334319 0.79949643 0.7969274 0.79540203 0.79471252 0.79467913 0.79514985 0.79599841 0.79712141 0.79843491 0.79987083 0.80137357 0.80289685 0.8044009 0.80585005 0.80721064 0.80844926 0.80953123 0.81041926 0.81107219 0.81144404 0.81148344 0.81113436 0.81034028 0.8090572 0.80728986 0.80518832
1.538025 1.5291368 1.5194599 1.5089249 1.497458 1.4849813 1.4714138 1.4566723 1.4406734 1.4233357 1.4045831 1.3843484 1.3625789 1.3392416 1.3143302 1.2878728 1.259939 1.2306475 1.200172 1.1687446 1.1366564 1.1042529 1.0719251 1.0400939 1.0091917 0.97963917 0.95182181 0.92606833 0.9026329 0.88168384 0.86329967 0.84747244 0.83411733 0.82308668 0.81418654 0.80719347 0.80187022 0.79797901 0.79529183 0.79359781 0.79270762 0.7924555 0.79269942 0.79331978 0.79421723 0.79530995 0.79653073 0.79782405 0.7991433 0.80044833 0.80170318 0.8028742 0.80392844 0.80483225 0.8055503 0.80604483 0.80627578 0.80620236 0.80578798 0.80501314 0.80390677 0.80262195 0.80161962 0.80211769
1.5108446 1.5005491 1.4893847 1.4772828 1.4641725 1.4499811 1.4346363 1.4180671 1.4002074 1.3809985 1.3603931 1.3383603 1.3148905 1.2900015 1.2637446 1.2362106 1.207535 1.1779016 1.1475439 1.1167435 1.0858246 1.0551438 1.0250772 0.99600268 0.96828187 0.94224069 0.91815268 0.89622571 0.87659393 0.85931552 0.84437609 0.83169681 0.82114604 0.81255272 0.80572019 0.80043904 0.79649818 0.79369368 0.79183515 0.79074987 0.79028489 0.79030749 0.79070448 0.79138056 0.79225621 0.79326529 0.79435258 0.79547137 0.79658133 0.79764647 0.7986335 0.79951044 0.80024557 0.80080699 0.80116293 0.8012837 0.8011468 0.80074895 0.80013278 0.79944665 0.79907915 0.79996488 0.80427689 0.81692842
1.481414 1.4696782 1.4570088 1.4433421 1.428615 1.4127658 1.3957366 1.3774758 1.3579413 1.3371043 1.314953 1.2914981 1.2667771 1.2408593 1.2138507 1.1858969 1.1571854 1.1279453 1.0984442 1.0689821 1.0398819 1.0114772 0.98409795 0.95805459 0.9336232 0.91103224 0.8904526 0.87199191 0.85569331 0.84153869 0.82945563 0.8193269 0.81100151 0.80430598 0.79905502 0.7950608 0.79214053 0.79012204 0.78884755 0.78817585 0.78798297 0.78816188 0.78862135 0.78928431 0.79008593 0.79097154 0.79189469 0.79281519 0.79369748 0.79450923 0.79522036 0.79580259 0.79622989 0.79648049 0.79654185 0.79642143 0.79616938 0.79592604 0.79602239 0.79719426 0.80103911 0.81096119 0.83392357 0.88264006
1.4499289 1.4367632 1.4226207 1.4074474 1.3911927 1.373811 1.3552648 1.3355273 1.3145859 1.2924457 1.2691339 1.2447036 1.2192376 1.1928514 1.1656958 1.137957 1.1098554 1.0816417 1.0535912 1.0259942 0.99914577 0.97333329 0.94882365 0.92585122 0.90460762 0.8852342 0.86781786 0.85239066 0.83893267 0.82737788 0.81762202 0.80953163 0.80295341 0.79772305 0.79367307 0.79063929 0.78846578 0.78700831 0.78613643 0.78573441 0.78570115 0.78594953 0.78640509 0.78700459 0.78769432 0.78842844 0.78916747 0.78987697 0.79052656 0.79108956 0.79154341 0.79187161 0.79206835 0.792148 0.79216424 0.79224813 0.79268424 0.79406448 0.79759871 0.80572888 0.82325251 0.85893007 0.92595539 1.0353648
1.4166626 1.4021253 1.3865945 1.3700303 1.3523989 1.3336756 1.3138472 1.2929154 1.2708993 1.2478394 1.2238006 1.1988748 1.1731832 1.1468771 1.1201378 1.0931743 1.0662194 1.0395235 1.0133467 0.98794925 0.96358142 0.94047298 0.91882355 0.89879461 0.88050374 0.86402171 0.84937235 0.83653524 0.82545056 0.81602562 0.80814237 0.80166507 0.79644774 0.79234075 0.7891964 0.7868733 0.78523949 0.78417449 0.78357029 0.78333159 0.78337539 0.7836301 0.7840344 0.78453596 0.78509019 0.78565904 0.78621022 0.78671679 0.78715762 0.78751921 0.78779981 0.78801775 0.78822753 0.78855043 0.78923309 0.79076021 0.79407141 0.80097194 0.81486744 0.8418767 0.89171766 0.97557675 1.0958679 1.2320817
1.3819584 1.3661561 1.3493737 1.3315884 1.3127871 1.2929685 1.2721462 1.2503507 1.227633 1.2040661 1.1797477 1.1548008 1.1293745 1.1036425 1.077801 1.0520642 1.0266588 1.001817 0.97776814 0.95473041 0.93290198 0.91245347 0.89352163 0.87620493 0.86056145 0.84660901 0.83432751 0.82366303 0.81453323 0.80683355 0.80044363 0.79523353 0.79106937 0.78781811 0.78535139 0.78354845 0.78229803 0.78149946 0.78106311 0.7809102 0.78097225 0.78119032 0.78151405 0.78190086 0.7823152 0.78272835 0.78311886 0.7834742 0.78379446 0.78409956 0.78444273 0.78493536 0.78579248 0.78741683 0.79055372 0.79657286 0.80795954 0.82907427 0.8669628 0.93096241 1.0279592 1.1516068 1.2766489 1.3750312
1.3462153 1.3292999 1.3114486 1.2926583 1.272938 1.2523109 1.2308168 1.2085139 1.185481 1.1618182 1.1376481 1.1131149 1.0883834 1.0636358 1.0390684 1.0148855 0.99129404 0.96849618 0.94668218 0.9260235 0.90666656 0.88872777 0.87229014 0.85740177 0.84407608 0.83229387 0.82200671 0.81314148 0.8056055 0.79929191 0.79408489 0.78986448 0.78651069 0.78390698 0.78194282 0.78051554 0.7795315 0.77890665 0.77856658 0.77844631 0.77848979 0.77864942 0.77888561 0.77916671 0.7794695 0.77978077 0.78010055 0.78044837 0.78087463 0.78148071 0.78245479 0.7841354 0.78712423 0.79248397 0.80207385 0.81907008 0.8485982 0.89791996 0.97449937 1.0796746 1.200493 1.3121141 1.3949829 1.4462307
1.3098688 1.2920304 1.2733297 1.253784 1.2334244 1.2122974 1.1904664 1.1680132 1.1450386 1.1216621 1.098022 1.0742728 1.050583 1.0271312 1.0041016 0.98167818 0.96003916 0.93935087 0.91976208 0.90139894 0.88436109 0.86871903 0.85451294 0.84175307 0.83042144 0.82047473 0.81184802 0.80445913 0.79821307 0.79300649 0.78873179 0.78528074 0.78254746 0.78043087 0.77883638 0.77767713 0.77687463 0.77635912 0.77606953 0.77595341 0.77596685 0.7760746 0.77625065 0.77647978 0.77676046 0.77711025 0.7775754 0.77824726 0.77929067 0.78099273 0.78384624 0.78869152 0.7969503 0.81098621 0.83457218 0.87321599 0.93349861 1.0198227 1.1281142 1.2419634 1.3400581 1.4100843 1.4530157 1.4766013
