Interpolating SPI Data/spi_stations/interpolated_spi/10-20_3.tif
NCOLS 257
NROWS 141
XLLCORNER -178.27925
YLLCORNER 5.3153543
DX 0.49934803
DY 0.49997533
NODATA_VALUE -9999
[rows 84 to 111 of 141, columns 126 to 188 of 257]
-2.15 -2.15 -2.15 -2.15 -2.150001 -2.41 -2.41 -2.41 -2.21 -2.21 -2.21 -2.21 -2.41 -2.41 -2.41 -2.41 -2.01 -2.01 -2.01 -1.81 -1.8186163 -2.32 -2.32 -2.32 -2.32 -1.73 -1.73 -1.73 -0.23 -0.23 -0.23 -0.23 0.0041669679 0.05 0.42999543 0.51 0.51 0.51 0.5100001 1.3 1.3 1.66 1.66 1.66 1.5 1.5 1.24 1.24 1.24 0.61 0.61000288 0.57989886 0.69 0.69 0.67 0.67 0.67 1.3499999 1.35 1.35 1.8799998 1.88 2.07
-2.15 -2.15 -2.15 -2.15 -2.1500008 -2.41 -2.41 -2.41 -2.21 -2.21 -2.2099978 -2.1601204 -2.2243554 -2.41 -2.41 -2.3102301 -2.01 -2.01 -2.01 -1.8100114 -2.32 -2.32 -2.32 -2.32 -2.32 -1.73 -1.73 -1.7294726 -0.23 -0.23 -0.23 -0.23 -0.23 0.43 0.43 0.43 0.43 0.43520252 0.50996162 0.37850071 0.37385649 1.6599533 1.617419 0.92000012 1.5 1.5 1.2400014 1.24 0.61 0.61 0.58 0.58 0.69 0.69 0.6895298 0.67 0.67013768 1.4201783 1.68 1.68 1.88 1.88 1.88
-2.15 -2.15 -2.15 -2.15 -2.1500599 -2.41 -2.41 -2.41 -2.16 -2.16 -2.16 -2.16 -2.16 -2.3100007 -2.31 -2.31 -2.31 -2.31 -2.0141371 -2.0101253 -2.32 -2.32 -2.32 -2.32 -2.32 -1.8169987 -1.7299983 -0.23002229 -0.23 -0.23 -0.23 -0.23 0.032009714 0.43 0.43 0.43 0.43 0.43 0.37 0.37 0.37 0.37086861 0.92 0.92 1.55 1.55 1.4002505 1.4 1.4 0.61 0.58 0.58 0.58000002 0.69 0.690921 1.3 1.3 1.3 1.68 1.68 1.88 1.88 1.88
-2.15 -2.15 -2.15 -2.15 -2.1517831 -2.41 -2.41 -2.2666742 -2.16 -2.16 -2.16 -2.16 -2.16 -2.31 -2.31 -2.31 -2.31 -2.31 -2.31 -2.3099676 -2.3199997 -2.3193763 -2.0300954 -2.03 -2.03 -2.03 -2.0299749 -0.23016995 -0.23003608 -0.23002097 -0.23013193 -0.23405261 0.42999999 0.43 0.43 0.43 0.43 0.43 0.37 0.37 0.37 0.37 0.92 0.92 1.5499999 1.55 1.5497605 1.4 0.58 0.58 0.58 0.58 0.74 0.74 0.74000013 1.3 1.3 1.7749454 1.8099999 1.68 1.8600003 1.86 1.86
-2.15 -2.15 -2.15 -2.15 -2.1613376 -2.41 -2.4099904 -2.16 -2.16 -2.16 -2.16 -2.16 -2.16 -2.31 -2.31 -2.31 -2.31 -2.31 -2.31 -2.3099986 -2.03 -2.03 -2.03 -2.03 -2.03 -2.03 -2.03 -0.81 -0.81 -0.81 -0.81 -0.81 -0.80999908 0.43 0.43 0.43 0.43 0.42999993 0.37 0.37 0.37 0.37 1.76 1.76 1.76 1.71 1.71 1.2563012 0.58 0.58 0.58 0.58 0.74 0.74 0.74000002 1.6998507 1.81 1.81 1.81 2.209757 1.86 1.86 1.86
-2.15 -2.15 -2.15 -2.15 -2.1796722 -2.4099973 -2.1634649 -2.16 -2.16 -2.16 -2.16 -2.16 -2.16 -2.3099982 -2.31 -2.31 -2.31 -2.31 -2.31 -2.0302821 -2.03 -2.03 -2.03 -2.03 -2.03 -2.03 -2.03 -0.81 -0.81 -0.81 -0.81 -0.81 -0.81 -0.10698593 0.43 0.43 0.43 0.39576965 0.37 0.37 0.37 0.37 1.76 1.76 1.76 1.71 1.71 1.71 0.57482814 -0.03 0.58 0.58 -0.11 -0.10574416 0.91 0.91 1.81 1.81 1.9547542 2.21 2.1485806 1.86 1.86
-2.15 -2.15 -2.15 -2.1500013 -2.1997151 -2.3741422 -2.1600035 -2.16 -2.16 -2.16 -2.16 -2.16 -2.16 -2.309885 -2.31 -2.31 -2.31 -2.31 -2.3099999 -2.03 -2.03 -2.03 -2.03 -2.03 -2.03 -2.03 -2.03 -0.81 -0.81 -0.81 -0.81 -0.81 -0.81 -0.80658405 -0.61 -0.61 -0.61 -0.41653924 -0.39 -0.38999959 0.20410895 0.37000498 0.5237943 0.5 0.5 0.5 1.71 0.31 -0.03 -0.03 -0.03 -0.11 -0.11 -0.11 0.91 0.91 0.91 1.8100149 2.21 2.21 2.21 1.8600051 1.86
-2.15 -2.15 -2.15 -2.1500292 -2.2164685 -2.1649224 -2.1600002 -2.16 -2.16 -2.16 -2.16 -2.16 -2.16 -2.3083517 -2.31 -2.31 -2.31 -2.31 -2.1868802 -2.03 -2.03 -2.03 -2.03 -2.03 -2.03 -2.03 -2.0299991 -0.81 -0.81 -0.81 -0.81 -0.81 -0.81 -0.61 -0.61 -0.61 -0.61 -0.50102826 -0.39 -0.39 -0.39 -0.39 0.5 0.5 0.5 0.5 0.31 0.31 0.31 -1.0491134 -1.05 -0.93238779 -0.11 -0.11 0.91 0.91 0.91 2.21 2.21 2.21 2.21 2.21 1.8600417
-2.15 -2.15 -2.1500009 -2.1502374 -2.2080551 -2.1601944 -2.1600001 -2.16 -2.16 -2.16 -2.16 -2.16 -2.1600004 -2.3015883 -2.31 -2.31 -2.31 -2.3099978 -2.0300359 -2.03 -2.03 -2.03 -2.03 -2.03 -2.03 -2.03 -2.0298488 -0.81 -0.81 -0.81 -0.81 -0.81 -0.80760324 -0.61 -0.61 -0.61 -0.61 -0.60810588 -0.39 -0.39 -0.39 -0.39 0.49999941 0.5 0.5 0.5 0.31 0.31 0.31 -1.05 -1.05 -1.05 -0.11001151 -0.10999999 0.90999999 0.91 0.91 2.21 2.21 2.21 2.21 2.21 1.0571082
-2.15 -2.1500002 -2.1500113 -2.1510266 -2.1678197 -2.1600321 -2.16 -2.16 -2.16 -2.16 -2.16 -2.16 -2.1600059 -2.2879487 -2.3099998 -2.31 -2.31 -2.2933393 -2.0300002 -2.03 -2.03 -2.03 -2.03 -2.03 -2.03 -2.03 -2.0226946 -0.81 -0.81 -0.81 -0.80998498 -0.58000001 -0.58 -0.60999978 -0.61 -0.61 -0.61 -0.60997715 -0.39 -0.39 -0.39 -0.39 -0.38943207 0.5 0.5 0.4995029 0.31 0.31 0.033731362 -1.05 -1.05 -1.05 -1.0499998 -0.11003173 0.90984085 0.91 0.91000018 2.2099994 2.21 2.21 2.21 2.21 0.58140196
-2.1500002 -2.1500028 -2.1500721 -2.1531138 -2.1613337 -2.1600125 -2.1600001 -2.16 -2.16 -2.16 -2.16 -2.16 -2.1600387 -2.2715644 -2.3099943 -2.31 -2.3099579 -2.0421509 -2.03 -2.03 -2.03 -2.03 -2.03 -2.03 -2.03 -2.03 -1.9424823 -0.80999864 -0.80518634 -0.58000247 -0.58 -0.58 -0.58 -0.58 -0.60999939 -0.61 -0.61 -0.60997784 -0.39 -0.39 -0.39 -0.39 -0.38999999 0.49999987 0.5 0.35341302 0.31 0.31 -1.0474003 -1.05 -1.05 -1.05 -1.05 -1.0303934 0.89767868 0.90999967 0.91016658 2.209988 2.21 2.21 2.21 2.21 0.58002873
-2.1500017 -2.1500179 -2.150297 -2.1572888 -2.1604139 -2.1600081 -2.1600001 -2.16 -2.16 -2.16 -2.16 -2.1600001 -2.1601554 -2.256983 -2.3099465 -2.3099976 -2.2996148 -2.0303009 -2.03 -2.03 -2.03 -2.03 -2.03 -2.03 -2.03 -2.03 -1.6263217 -0.58046771 -0.58 -0.58 -0.58 -0.58 -0.58 -0.58 -0.58 -0.60875326 -0.61 -0.6098755 -0.39 -0.39 -0.39 -0.39 -0.39 0.45996177 0.4999914 0.31444506 0.31 0.30979343 -1.0493817 -1.05 -1.05 -1.05 -1.05 -1.0499614 0.62817582 0.90994115 0.91777131 2.2098977 2.21 2.21 2.21 2.2099187 0.46512614
-2.1500094 -2.1500778 -2.1509432 -2.160339 -2.1601995 -2.1600072 -2.1600002 -2.16 -2.16 -2.16 -2.16 -2.1600013 -2.1604444 -2.2457709 -2.3097256 -2.3096874 -2.1282028 -2.0300289 -2.03 -2.03 -2.03 -2.03 -2.03 -2.03 -2.03 -2.02986 -0.58006479 -0.58 -0.58 -0.58 -0.58 -0.58 -0.58 -0.58 -0.58 -0.62498242 -0.69999997 -0.69985969 -0.39000004 -0.39 -0.39 -0.39 -0.39 -0.36897201 0.49888778 0.31195273 0.30999264 0.2682591 -1.04929 -1.05 -1.05 -1.05 -1.05 -1.049997 -0.99121808 0.90795337 0.98066472 2.2095134 2.21 2.21 2.2099999 0.93796407 0.57774349
-2.1500383 -2.1502555 -2.1525446 -2.1607867 -2.1601296 -2.1600076 -2.1600004 -2.16 -2.16 -2.16 -2.1600001 -2.1600074 -2.1609992 -2.2376481 -2.3090309 -2.2986673 -2.0398193 -2.030007 -2.03 -2.03 -2.03 -2.03 -2.03 -2.03 -2.0299967 -0.80514608 -0.58000001 -0.58 -0.58 -0.58 -0.58 -0.58 -0.58 -0.58000059 -0.7 -0.7 -0.7 -0.7 -0.69999999 -0.39072472 -0.39 -0.39 -0.39 -0.38935797 0.47664794 0.31161525 0.30912957 -0.13115101 -1.0488044 -1.0499995 -1.05 -1.05 -1.05 -1.0499986 -1.047081 0.7600435 1.1512338 2.2084493 2.2099994 2.2099999 2.1435611 0.57995621 0.57999928
-2.1501216 -2.1506973 -2.1554334 -2.1606621 -2.1601029 -2.160009 -2.1600007 -2.1600001 -2.16 -2.16 -2.1600006 -2.16003 -2.1618883 -2.2318665 -2.3065165 -2.2025876 -2.0315522 -2.0300031 -2.03 -2.03 -2.03 -2.03 -2.03 -2.0299994 -1.9921463 -0.58008591 -0.58000001 -0.58 -0.58 -0.58 -0.58000001 -0.58003587 -0.69999997 -0.7 -0.7 -0.7 -0.7 -0.7 -0.7 -0.69999999 -0.54164254 -0.39000242 -0.39 -0.38988735 0.19169429 0.31147878 0.29366323 -0.60573692 -1.0478734 -1.0499928 -1.0499999 -1.05 -1.05 -1.0499986 -1.0494027 -0.46778226 1.3612057 2.2062479 2.2099925 2.2026907 0.58093516 0.58002871 0.58001713
-2.1503216 -2.1516564 -2.1583361 -2.1605367 -2.1600937 -2.1600114 -2.1600013 -2.1600002 -2.16 -2.1600002 -2.1600032 -2.1600911 -2.1631369 -2.2276766 -2.2917684 -2.0800919 -2.0304273 -2.030002 -2.03 -2.03 -2.03 -2.03 -2.0299996 -2.0283119 -0.62644837 -0.58000276 -0.58000288 -0.58000573 -0.58003185 -0.58127057 -0.69433898 -0.7 -0.7 -0.7 -0.7 -0.7 -0.7 -0.7 -0.7 -0.7 -0.69999996 -0.68448712 -0.39078631 -0.38994965 -0.22855501 0.30857478 0.20953284 -0.80776011 -1.0463581 -1.0499519 -1.049999 -1.05 -1.05 -1.0499978 -1.0497241 -0.95990143 1.4274466 2.2024973 2.2073328 0.64769983 0.58337871 0.58666666 0.60215337
-2.1507421 -2.1533876 -2.1599649 -2.1604602 -2.1600935 -2.1600149 -2.1600023 -2.1600004 -2.1600001 -2.1600008 -2.1600121 -2.1602237 -2.164726 -2.223946 -2.2302341 -2.0431774 -2.030177 -2.0300017 -2.03 -2.03 -2.03 -2.0299995 -2.0297067 -1.542542 -0.58038964 -0.58023028 -0.58075997 -0.58564326 -0.65269136 -0.69974728 -0.69999998 -0.7 -0.7 -0.7 -0.7 -0.7 -0.7 -0.7 -0.7 -0.7 -0.7 -0.69999967 -0.69581135 -0.41151868 -0.33876613 0.29062767 0.016522338 -0.88488594 -1.0441257 -1.0498033 -1.049991 -1.0499993 -1.0499998 -1.0499961 -1.049797 -1.0262618 0.95898837 2.1944723 1.1303365 0.629248 0.65610618 0.67826609 0.68049807
-2.1515305 -2.1557395 -2.1606171 -2.16042 -2.1600992 -2.1600198 -2.1600038 -2.1600008 -2.1600005 -2.1600033 -2.1600359 -2.1604671 -2.1665892 -2.2173918 -2.1332786 -2.0345222 -2.0300982 -2.0300017 -2.03 -2.03 -2.0299992 -2.0298807 -1.9776181 -0.60867815 -0.58348249 -0.59175312 -0.63142794 -0.69166623 -0.69987747 -0.69999979 -0.7 -0.7 -0.7 -0.7 -0.7 -0.7 -0.7 -0.7 -0.7 -0.7 -0.7 -0.7 -0.69999805 -0.69752517 -0.4825384 0.23064077 -0.21783 -0.9174518 -1.0410773 -1.0494209 -1.0499534 -1.0499946 -1.0499986 -1.0499925 -1.0498044 -1.0395633 0.090427615 1.3904896 0.8692178 0.91468652 0.94864869 0.97275655 0.98581009
-2.1528231 -2.1580151 -2.1608477 -2.1604043 -2.1601098 -2.1600264 -2.1600063 -2.1600018 -2.1600019 -2.1600107 -2.160089 -2.1608588 -2.1685523 -2.2002911 -2.073607 -2.0320213 -2.0300673 -2.0300019 -2.03 -2.0299986 -2.0299181 -2.0193092 -1.0140571 -0.59849336 -0.62478296 -0.67196703 -0.6966562 -0.69986926 -0.69999854 -0.7 -0.7 -0.7 -0.7 -0.7 -0.7 -0.7 -0.7 -0.7 -0.7 -0.7 -0.7 -0.7 -0.69999999 -0.69999142 -0.6976749 0.0084074201 -0.41023792 -0.93179273 -1.0371571 -1.048642 -1.0498327 -1.0499732 -1.0499928 -1.0499846 -1.0497791 -1.0434167 0.04303149 0.97100804 0.98147792 0.98700777 0.98927733 0.98990422 0.98999518
-2.1546087 -2.1596562 -2.1609296 -2.1604057 -2.160125 -2.1600352 -2.16001 -2.1600037 -2.1600057 -2.1600285 -2.1601906 -2.1614222 -2.1701035 -2.165972 -2.0495451 -2.0311158 -2.0300536 -2.0300021 -2.0299973 -2.0299216 -2.0258325 -1.6806908 -0.63939516 -0.65560238 -0.6857819 -0.6977293 -0.69981948 -0.69999354 -0.69999991 -0.7 -0.7 -0.7 -0.7 -0.7 -0.7 -0.7 -0.7 -0.7 -0.7 -0.7 -0.7 -0.7 -0.7 -0.69999987 -0.69996964 -0.67488572 -0.54254991 -0.9373789 -1.0323517 -1.0472979 -1.0495379 -1.0499041 -1.0499716 -1.0499664 -1.0497241 -1.0367649 0.97859776 0.98786566 0.98932541 0.98984922 0.98997977 0.98999873 0.98999997
-2.1566277 -2.1606421 -2.1609662 -2.1604201 -2.1601447 -2.1600468 -2.1600156 -2.1600078 -2.1600147 -2.1600656 -2.1603623 -2.1621394 -2.1699274 -2.1233192 -2.0400819 -2.030725 -2.0300472 -2.0299971 -2.0299065 -2.0274204 -1.9085056 -0.76787986 -0.67254157 -0.69056802 -0.69798569 -0.69973263 -0.69997928 -0.69999915 -0.69999998 -0.7 -0.7 -0.7 -0.7 -0.7 -0.7 -0.7 -0.7 -0.7 -0.7 -0.7 -0.7 -0.7 -0.7 -0.69999999 -0.69999889 -0.69961053 -0.64296366 -0.9381398 -1.0266839 -1.045241 -1.0489468 -1.0497301 -1.0499102 -1.0499247 -1.0494707 0.13206925 0.988995 0.98968434 0.98992309 0.98998742 0.98999882 0.98999995 0.99
-2.1585024 -2.1611932 -2.1609945 -2.1604455 -2.1601695 -2.1600618 -2.1600242 -2.160016 -2.1600339 -2.160134 -2.1606221 -2.1628882 -2.1655794 -2.0886768 -2.0359718 -2.0305324 -2.0300341 -2.029875 -2.0278249 -1.969868 -1.0540984 -0.68482611 -0.69250414 -0.69795334 -0.69960375 -0.69994756 -0.69999551 -0.69999977 -0.69999999 -0.7 -0.7 -0.7 -0.7 -0.7 -0.7 -0.7 -0.7 -0.7 -0.7 -0.7 -0.7 -0.7 -0.7 -0.7 -0.69999991 -0.69998414 -0.69855848 -0.93476683 -1.0202012 -1.0423631 -1.0479219 -1.0493668 -1.0497643 -1.0498245 -1.0094705 0.97921741 0.98977281 0.98993658 0.98998691 0.98999819 0.98999985 0.98999999 0.99
-2.1599875 -2.161505 -2.1610279 -2.1604806 -2.1601998 -2.1600813 -2.1600374 -2.1600314 -2.16007 -2.1602469 -2.1609704 -2.163327 -2.1544444 -2.066729 -2.0339735 -2.0304088 -2.0298552 -2.0277866 -1.9907143 -1.3812242 -0.71014041 -0.69354098 -0.69777376 -0.69942696 -0.69988846 -0.69998412 -0.6999984 -0.69999989 -0.69999999 -0.7 -0.7 -0.7 -0.7 -0.7 -0.7 -0.7 -0.7 -0.7 -0.7 -0.7 -0.7 -0.7 -0.7 -0.7 -0.69999998 -0.69999855 -0.70005213 -0.89356754 -1.0128913 -1.0386005 -1.0463301 -1.0487085 -1.0494662 -1.0479911 0.35936852 0.98963221 0.98993238 0.98998265 0.98999668 0.98999956 0.98999996 0.99 0.99
-2.1610494 -2.1616965 -2.161071 -2.1605253 -2.1602367 -2.1601069 -2.1600576 -2.1600586 -2.1601319 -2.1604156 -2.1613641 -2.1627628 -2.1364227 -2.0540074 -2.0328665 -2.030083 -2.0275323 -1.9992558 -1.612591 -0.77698523 -0.69545541 -0.69751565 -0.69919768 -0.69979195 -0.69995723 -0.69999318 -0.69999917 -0.69999992 -0.69999999 -0.7 -0.7 -0.7 -0.7 -0.7 -0.7 -0.7 -0.7 -0.7 -0.7 -0.7 -0.7 -0.7 -0.7 -0.7 -0.7 -0.69999975 -0.70001103 -0.74611825 -1.0025363 -1.033923 -1.0440579 -1.04764 -1.0487777 -0.91820853 0.97281256 0.98991242 0.98997447 0.98999363 0.98999878 0.98999983 0.98999998 0.99 0.99
-2.161774 -2.1618312 -2.1611256 -2.1605795 -2.1602813 -2.1601404 -2.1600884 -2.1601038 -2.1602289 -2.1606408 -2.1616749 -2.1601356 -2.1152128 -2.0465867 -2.0318509 -2.0273308 -2.0030373 -1.7469473 -0.90758 -0.70256482 -0.69734551 -0.69891565 -0.69964919 -0.6999052 -0.69997885 -0.69999615 -0.69999943 -0.69999993 -0.69999999 -0.7 -0.7 -0.7 -0.7 -0.7 -0.7 -0.7 -0.7 -0.7 -0.7 -0.7 -0.7 -0.7 -0.7 -0.7 -0.7 -0.69999993 -0.70000204 -0.70482987 -0.95759407 -1.0281099 -1.0410186 -1.0460215 -1.0382816 0.47810176 0.98927517 0.98996068 0.98998799 0.98999695 0.98999939 0.9899999 0.98999999 0.99 0.99
-2.1622683 -2.1619424 -2.1611925 -2.1606442 -2.1603354 -2.1601849 -2.1601342 -2.160174 -2.1603679 -2.1609001 -2.1616415 -2.1543211 -2.0954208 -2.0416305 -2.0282403 -2.0047681 -1.8227157 -1.0873751 -0.72379522 -0.69793013 -0.69860428 -0.6994539 -0.69981793 -0.69994773 -0.69998717 -0.69999732 -0.69999952 -0.69999993 -0.69999999 -0.7 -0.7 -0.7 -0.7 -0.7 -0.7 -0.7 -0.7 -0.7 -0.7 -0.7 -0.7 -0.7 -0.7 -0.7 -0.7 -0.69999997 -0.70000045 -0.70066012 -0.80735949 -1.0178853 -1.0371088 -1.0425092 -0.75378456 0.9620435 0.98990073 0.98997816 0.98999312 0.98999817 0.9899996 0.98999993 0.98999999 0.99 0.99
-2.1626182 -2.1620474 -2.1612724 -2.1607203 -2.1604012 -2.1602437 -2.1602006 -2.1602759 -2.1605485 -2.1611286 -2.1608403 -2.1447601 -2.0790657 -2.0351405 -2.006388 -1.8670137 -1.2725277 -0.77109903 -0.70120851 -0.69839679 -0.69920728 -0.69968641 -0.6998906 -0.69996628 -0.69999084 -0.69999781 -0.69999953 -0.69999991 -0.69999998 -0.7 -0.7 -0.7 -0.7 -0.7 -0.7 -0.7 -0.7 -0.7 -0.7 -0.7 -0.7 -0.7 -0.7 -0.7 -0.7 -0.69999998 -0.70000011 -0.70012886 -0.72083766 -0.97791775 -1.0315071 -1.0047976 0.53618269 0.98797406 0.98995804 0.98998585 0.98999534 0.98999867 0.98999967 0.98999993 0.98999999 0.99 0.99
-2.1628826 -2.1621555 -2.161366 -2.1608096 -2.1604817 -2.1603213 -2.1602932 -2.1604138 -2.1607551 -2.1611982 -2.1587095 -2.1317955 -2.0637588 -2.0125143 -1.895256 -1.4293581 -0.85234964 -0.71114085 -0.69876731 -0.69894138 -0.69950506 -0.69979811 -0.69992569 -0.6999753 -0.69999258 -0.69999798 -0.6999995 -0.69999988 -0.69999997 -0.69999999 -0.7 -0.7 -0.7 -0.7 -0.7 -0.7 -0.7 -0.7 -0.7 -0.7 -0.7 -0.7 -0.7 -0.7 -0.7 -0.69999999 -0.70000002 -0.70003407 -0.70410473 -0.85733299 -1.0145066 -0.54896063 0.94658894 0.98973043 0.98997251 0.98998957 0.98999636 0.98999887 0.98999969 0.98999992 0.98999998 0.99 0.99
