Interpolating SPI Data/spi_stations/interpolated_spi/10-23_1.tif
NCOLS 257
NROWS 141
XLLCORNER -178.27925
YLLCORNER 5.3153543
DX 0.49934803
DY 0.49997533
NODATA_VALUE -9999
[rows 54 to 80 of 141, columns 183 to 243 of 257]
-1.05 -1.05 -1.05 -1.05 0.98 0.98 0.97999789 -0.56 -0.56 0.96999969 0.97 0.97 0.97431087 2.13 2.13 2.49 2.49 2.54 2.54 2.54 2.54 2.4553868 2.4599999 2.46 2.46 2.46 2.1305963 1.83 1.83 1.2247055 1.22 0.15 0.35 -0.59990994 -0.6 -0.599995 -0.19 -0.19 -0.29683612 -0.45188659 -0.45 0.34 -0.11999998 -0.12 0.87 0.31 0.31 0.31000071 1.42 1.42 1.42 1.42 1.42 0.66 0.66000001 1.13 1.13 1.13 1.8091453 0.63 1.58
-1.05 -1.05 -1.05 -1.05 -0.12010388 -0.10667267 0.74291828 -0.55999998 0.35497805 0.97 0.97 0.97 2.13 2.13 2.13 2.49 2.49 2.54 2.54 2.54 2.54 2.4606055 2.46 2.46 2.46 2.46 2.4600023 2.97 2.9699999 1.22 1.2199998 0.349999 0.35 -0.59990882 -0.6 -0.59999986 -0.19 -0.19 0.14582325 0.34 0.34 0.34 -0.12 -0.12 0.17 0.17 0.3099945 0.30971786 0.6 0.6 0.6 0.6 0.60000174 0.66 0.66 0.66 1.13 1.1299997 0.63 0.63 0.63000005
-1.05 -1.05 -0.97253645 -0.1199551 -0.12 -0.12 -0.12 0.045199 1.5388047 0.97005281 0.97 1.4299357 2.2499167 2.25 2.25 2.4182613 2.49 2.54 2.54 2.54 2.5399999 1.28 2.46 2.46 2.46 2.46 1.6303633 2.97 2.97 2.97 -0.03 -0.03 2.48 0.33 0.33 0.33 0.44 0.44 0.44 0.34005014 0.34 0.34 0.72 0.40000097 0.4 -0.43740964 -0.52 -0.51999999 0.6 0.6 0.6 0.6 0.66999999 0.6602481 0.66 0.66 0.66 0.9 0.9 0.9 0.631108
0.55 0.55 0.55 -0.11990449 -0.12 -0.12 -0.12 1.5299725 1.5399991 1.54 1.5250509 1.47 1.47 2.2499127 1.3267452 0.86 0.86 0.86591458 2.5230362 0.62000567 1.28 1.28 1.28 2.4597232 1.6 1.6 1.6 2.97 2.97 0.65930705 0.59 0.35 0.44 0.33 0.33 0.33000663 0.44 0.44 0.45 0.45 0.13 0.13 0.31 0.31 1.1840002 -0.52 -0.52 0.61000033 1.03 0.60000014 0.6 0.6 0.67 0.67 0.66000146 0.66 0.66 0.9 0.9 0.9 0.89999998
0.55 0.55 0.55 0.54773448 -0.12 -0.12 -0.12 1.53 1.5300138 1.54 1.54 1.47 1.47 1.47 1.51 0.86 0.86 0.68582681 0.62 0.62 1.28 1.28 1.28 1.0900015 1.09 1.6 1.6 2.67 2.67 0.44 0.58999987 0.31000045 -0.26 -0.2599886 0.65999967 0.66 0.61625492 0.45 0.45 0.44999998 0.055822703 0.13 0.13 1.19 1.19 0.4 0.4 0.61 1.03 0.73 0.73 0.67193279 0.67 0.67 1.81 1.81 0.6604528 0.9 0.9 0.9 1.1445849
0.55 0.55 0.55 0.55 -0.12 -0.12 -0.1199979 1.53 1.53 1.54 1.5 1.5 1.47 0.90019655 1.51 1.51 0.37000003 0.37 0.62 1.2259746 1.2699994 1.28 1.18 1.1799995 1.09 1.09 1.98 1.98 0.7204641 0.44 0.070000446 0.07 -0.26 -0.26 0.66 0.66 0.66 0.45 0.44999999 -0.19 0.14 0.28999461 0.01 0.009733526 1.19 0.59 0.40000005 0.92 1.04 0.73 1.8599569 1.77 0.6 1.81 1.81 1.81 1.81 0.90001137 0.9 0.9 1.1499999
0.55 0.55 0.55 0.55000677 0.65999981 0.66 0.66388817 1.53 1.53 1.53 1.85 1.5000076 0.9 0.9 0.89999098 0.2 0.37 0.37 1.2506142 1.27 -0.35 0.12 0.62 0.08 0.080068713 1.3 1.99 1.2200855 0.72 0.040000634 0.04 0.07 -0.25999996 -0.24469099 0.66 0.66 0.66 0.50000001 0.5 0.5 0.28993884 0.44 0.01 -0.43 -0.43 0.58999129 0.21 0.21011967 1.04 1.68 1.86 1.77 0.91649698 0.64207526 1.81 1.81 1.81 1.8098886 0.90000007 0.90018918 1.15
0.88 0.88 0.88 0.88 0.66 0.66 0.66 1.53 1.53 1.85 1.85 1.53 1.1561823 0.9 0.2 0.2 -0.11 0.19 0.19 -0.35 -0.35 -0.38 -0.01 0.08 0.04 1.3000006 1.57 1.22 1.22 0.04 0.04 0.040000204 0.31060404 0.58 0.58 0.58 0.58 0.5 0.5 0.5 0.31 0.31 0.01 0.13 0.41 0.47 0.15 1.03 1.0156655 0.79 1.7130689 1.09 1.09 1.0899998 1.8099894 1.81 1.81 1.81 1.0673814 1.0295556 1.15
0.87967721 0.88 0.88 0.88 0.66 0.66 0.66 0.29 1.4699349 1.47 1.47 1.53 1.05 1.1 1.1027546 0.99 0.33341424 0.24 -0.97960538 -0.86 -0.78 -0.61 -0.33 0.49 0.040000276 1.209936 1.21 1.2116411 0.52 0.52 0.4 0.4 0.4 0.45000566 0.57999861 0.58 0.58 0.50843768 0.50000057 0.91 0.91 0.24 0.03 0.03 0.2000108 -0.07 -0.36 -0.14120506 0.79 0.79 0.79 1.09 1.09 1.09 1.0903581 1.8096545 1.8099975 1.8099989 1.8092971 1.1447454 1.15
0.76 0.76 0.76043726 0.19 0.19 0.65999669 0.29 0.29 0.29002413 1.4406307 1.47 0.8 0.06 0.61999985 -0.44 0.33 0.77 -1.26 -0.98 -0.69988885 -0.6 -0.60533338 -0.32999484 0.69 0.69 1.21 1.21 0.8 0.52 0.52 0.4 0.4 0.4 0.45 0.45 0.45 0.45000003 0.47581142 0.90999634 0.90999892 0.24 0.57999966 0.58 0.03 -0.09 -0.09 -0.35999977 -0.35995714 0.78999999 0.79 0.79 1.0885927 1.09 1.09 1.0899998 1.1461098 1.8056933 1.8098729 1.8099504 1.1559269 1.15
0.76 0.76 0.76 0.19 0.19 0.22621657 0.29 0.29 0.10000096 1.44 1.44 0.8 -0.07000211 0.44 -0.75 -0.13 -0.27 -1.26 -0.89013633 -0.7 -0.7 -0.6 0.34 0.68979334 0.69 0.69 0.80000975 0.8 0.3 -0.29 -0.29 -0.29 -0.17042606 0.45 0.45 0.45 0.45 0.45000003 0.90329088 0.29759744 0.58 0.58 -0.11 -0.11 -0.09 -0.09 -0.1668738 -0.35929795 0.75591283 0.79 0.79 0.79130347 1.0899995 1.09 1.0899998 1.0903311 1.3273905 1.7933552 1.8085568 1.3062401 1.1499999
0.76000016 0.76 0.76 0.20427392 0.20409392 0.3134601 0.29249345 0.29241037 0.1 0.1 0.53 0.31 0.19 -0.37 0.029999988 -0.24360316 -0.15240441 -0.1 -0.13999307 -0.14 -0.14 0.32290373 0.34 0.34 0.34 0.326528 0.30003528 0.3 0.3 -0.29 -0.29 -0.29 -0.29000014 0.44999938 0.45 0.45 0.45 0.45 0.55548063 0.57999143 0.58 0.56960877 -0.11 -0.11 -0.10985648 -0.09 -0.090000059 -0.35598131 -0.050042065 0.78999969 0.79 0.79004137 1.0859732 1.0899996 1.0899997 1.0900165 1.1001324 1.4515598 1.7726269 1.6459801 1.1500079
1.18 1.18 1.18 1 1 0.79321027 0.43 0.43 0.35 0.22 0.3 0.31 0.71915176 -1.3375424e-08 0.030541086 0.13999482 -0.2 -0.04 -0.13683647 -0.14 -0.14 0.21246206 0.21 0.21 0.26104449 0.3 0.3 0.31 0.31 -0.34 -0.34 -0.76 -0.76 -0.76 -0.73733625 0.45 0.45 0.45 0.57967833 0.57999903 0.57931343 -0.10999102 -0.11 -0.11 -0.11 -0.090383421 -0.090000018 -0.1286417 -0.25375362 0.78967468 0.78999986 0.79001742 0.91750194 1.0897601 1.0899983 1.0899961 1.0912095 1.1434263 1.5074626 1.7114474 1.1502968
1.1799998 1.18 1.18 1 1 0.80454787 0.42999353 0.02 0.23 0.53 0.26113348 0.30000709 0.61635752 0.1499969 0.15 0.15 -0.04 -0.04 -0.04 -0.13999998 0.25 0.25 0.21 0.21 0.21 0.3 0.3 0.30999999 0.0061420695 -0.34 -0.33999974 -0.76 -0.76 -0.76 -0.76 -0.75998835 0.44671869 0.45000093 0.57987357 0.57784716 0.040179787 -0.10999788 -0.11 -0.11 -0.11 -0.10980754 -0.090196436 -0.090503343 -0.25901157 0.77731933 0.7899684 0.79001829 0.80891872 1.0785684 1.0898763 1.0899867 1.0902989 1.100456 1.2145333 1.5245435 1.1540802
1.07 0.95 0.89154118 0.83 0.83814652 0.85 0.85 0.57374277 0.52999992 0.53 0.46 0.46 0.46 0.15 0.15 0.15 0.1 0.1 0.072084123 0.18355227 0.25 0.25 0.12 0.12 -0.45 0.3 -0.14 -0.14 -0.27 -0.27 -0.22 -0.76 -0.76 -0.76 -0.76 -0.76 -0.75999544 -0.31500161 0.57404759 0.41645548 -0.10181976 -0.10999459 -0.11 -0.11 -0.11 -0.10999182 -0.10294334 -0.090355433 -0.12808488 0.69386843 0.78904749 0.79000158 0.79564422 0.99632337 1.0872743 1.0898596 1.0900919 1.0933278 1.1267104 1.2833269 1.1758513
1.07 0.95 0.89233215 0.83 0.83751476 0.85 0.85 0.9 0.9 0.38 0.46 0.46 0.45998449 0.50999708 0.15 0.15 0.1 0.1 0.1 -0.02 -0.02 -0.31999998 0.12 0.11957871 -0.45 -0.449999 -0.31 -0.13007437 -0.13 -0.1300501 -0.22 -0.22000283 -0.76 -0.76 -0.76 -0.76 -0.76 -0.75998844 0.48663609 0.037593178 -0.10733368 -0.1099815 -0.10999985 -0.11 -0.10999999 -0.10999698 -0.10932217 -0.096029521 -0.095621862 0.46084763 0.7811032 0.78961689 0.79296007 0.88572081 1.0683247 1.0884557 1.0898735 1.0914598 1.1041712 1.168277 1.2163589
1.07 0.93933151 0.42000001 0.42 0.29 0.29 0.29 0.3 0.38 0.38 0.38503143 0.42 0.42 0.51 0.51 0.51 -0.13 -0.13 -0.68997134 -0.02 -0.02 -0.32000034 -0.32 -0.45 -0.45 -0.3608191 -0.31 -0.31 -0.13 -0.13 -0.22 -0.22000029 -0.75854629 -0.75999994 -0.76 -0.76 -0.75999999 -0.75999993 -0.39789381 -0.062876432 -0.10802749 -0.10994321 -0.10999806 -0.10999987 -0.10999994 -0.10999729 -0.10982923 -0.10564091 -0.095111262 0.10334571 0.74699087 0.78692723 0.79183465 0.83436983 1.01273 1.0808249 1.0887575 1.0906136 1.0969316 1.1260282 1.1992848
0.14001575 0.28 0.41955398 0.42 0.29007217 0.29 0.29000106 0.3 0.3 0.4562748 0.47 0.55699657 0.58 0.51 0.51 -0.26999995 -0.13 -0.13 -0.69 -0.69 -0.69253057 -1 -1 -1.32 -1.32 -0.92 -0.92 -0.31000004 -0.30997795 -0.13000008 -0.21912664 -0.22000203 -0.38136603 -0.75961332 -0.75999431 -0.75999892 -0.7599992 -0.75999887 -0.75750707 -0.085332544 -0.107933 -0.10985254 -0.10998776 -0.10999841 -0.1099995 -0.10999636 -0.10991306 -0.10859415 -0.1013925 -0.050945629 0.63510075 0.77611151 0.78983143 0.81482977 0.94036732 1.0576422 1.0842214 1.0893493 1.0938482 1.1093892 1.1561897
0.14 0.28 0.28 0.42 0.27 0.27 0.27 0.29917536 0.297711 0.47 0.47 0.58 0.58 -0.0099997651 -0.27 -0.27 -0.78 -0.6 -0.6 -1.3099996 -1.31 -1.73 -1.73 -1.32 -1.32 -0.92 -0.92 -0.92 -0.919938 -0.31727246 -0.15741082 -0.22000618 -0.23914025 -0.72477012 -0.75930185 -0.7599278 -0.75997566 -0.75998313 -0.75990738 -0.094974981 -0.10749302 -0.10967169 -0.10995134 -0.10999026 -0.10999668 -0.10999351 -0.10993364 -0.10933648 -0.10591536 -0.088389511 0.37468585 0.74286495 0.78377265 0.80536593 0.88637902 1.0155314 1.0718479 1.0859197 1.0915906 1.1017161 1.1297712
-0.09 -0.09 0.09 0.09 0.26999999 0.27 0.26442971 0.22 0.22 0.47 0.47 -0.0089956966 -0.01 -0.01 -0.27 -0.78 -0.78 -1.21 -0.6 -1.2600029 -1.26 -1.51 -1.5102283 -1.12 -1.32 -0.92 -0.92 -0.92 -0.92 -0.91999258 -0.80534605 -0.21902089 -0.22817495 -0.52014337 -0.74554807 -0.75850385 -0.75963273 -0.75982954 -0.75987067 -0.24759181 -0.10678612 -0.10935646 -0.10985784 -0.10996116 -0.10998495 -0.10998515 -0.10993396 -0.10957542 -0.10782582 -0.10000164 0.10003755 0.65282725 0.76741313 0.79717497 0.853806 0.9659581 1.0481799 1.0778477 1.0882451 1.0971005 1.1156079
-0.09 -0.09 0.09 0.09 0.08 0.08 0.22 0.22 0.22 -0.67 -0.67 -0.080389295 -0.6499818 -0.65 -0.65000008 -0.78000008 -1.209998 -1.21 -1.2279228 -1.28 -1.26 -1.15 -1.12 -1.12 -1.12 -0.92000004 -0.92 -0.92 -0.92 -0.91999998 -0.9199752 -0.7069986 -0.22628244 -0.35458472 -0.6734342 -0.74754438 -0.75706798 -0.75886668 -0.75935692 -0.6721745 -0.10600977 -0.10886192 -0.10966518 -0.10988491 -0.10994949 -0.10996236 -0.10991797 -0.10966051 -0.10861472 -0.10450248 -0.032506297 0.4629118 0.72746046 0.78439785 0.83273695 0.92244117 1.0149178 1.0629251 1.0820303 1.0927962 1.1071571
-0.089998199 -0.09 -0.45999999 0.08 0.08 0.08 -0.9 -0.9 -0.67000001 -0.67 -0.67 -0.67000002 -0.65 -0.65 -1.34 -1.34 -1.2100015 -1.21 -1.28 -1.28 -1.2799914 -1.1469043 -1.07 -1.07 -1.0700015 -1.0736604 -0.92000012 -0.92 -0.92 -0.92 -0.91999923 -0.91973499 -0.44452318 -0.29438375 -0.54518695 -0.70826459 -0.74620166 -0.75487907 -0.75741387 -0.74776444 -0.1111246 -0.10814968 -0.10932579 -0.10972409 -0.10986505 -0.10990831 -0.10987693 -0.10967391 -0.10896003 -0.10647491 -0.078087214 0.22331476 0.63927945 0.75951305 0.81445899 0.88859773 0.97822731 1.0408652 1.071451 1.0870309 1.1007693
-0.46 -0.46 -0.46 -0.45999999 0.08 -0.89999802 -0.9 -0.9 -0.90000004 -1.02 -1.02 -1.02 -0.65144295 -1.34 -1.34 -1.25 -1.3 -1.3 -1.3 -1.3 -1.3 -1.07 -1.07 -1.07 -1.07 -1.0700009 -1.0697713 -0.92001677 -0.92000001 -0.92 -0.91999983 -0.91998804 -0.91492168 -0.37276594 -0.43808445 -0.63376583 -0.71769969 -0.74343439 -0.75190308 -0.75300491 -0.18815335 -0.10726742 -0.10879308 -0.10943436 -0.1096969 -0.10979737 -0.10979305 -0.10963074 -0.10909673 -0.10741128 -0.093979098 0.054644758 0.48317536 0.71019798 0.79162066 0.86101556 0.94342273 1.0137629 1.0559067 1.0785477 1.0943267
-0.46 -0.46 -0.46 -0.46 0.0720989 -0.9 -0.9 -0.9 -0.90030237 -1.02 -1.09 -1.09 -1.0985179 -1.2500087 -1.25 -1.25 -1.2999726 -1.3 -1.3 -1.3 -1.3 -1.3 -1.07 -1.07 -1.07 -1.07 -1.0700059 -1.0621465 -0.92030877 -0.92000131 -0.91999998 -0.9199966 -0.91982536 -0.88028753 -0.42241089 -0.54827325 -0.66800296 -0.71959679 -0.73975688 -0.7474974 -0.45383371 -0.1074435 -0.10803099 -0.10897012 -0.10940423 -0.10959646 -0.10964079 -0.10952193 -0.1091026 -0.10785468 -0.1002913 -0.028213093 0.2920464 0.62068549 0.75593069 0.8340591 0.91187587 0.98457009 1.035973 1.0666799 1.086502
-1.47 -0.46000122 -1.5999861 -1.6 -1.3300007 -1.33 -1.33 -0.91838364 -1.2660381 -1.09 -1.09 -1.65 -1.65 -1.2099021 -1.06 -1.06 -1.06 -1.3 -1.0702094 -1.3 -1.3 -1.3 -1.3 -1.0700337 -1.07 -1.07 -1.0700014 -1.0700207 -1.0415934 -0.92163884 -0.92003274 -0.92000095 -0.91996469 -0.91793451 -0.79059896 -0.50111233 -0.60630775 -0.6819973 -0.71837911 -0.73510998 -0.64896961 -0.1185648 -0.10708081 -0.1082904 -0.1089449 -0.10926812 -0.10938891 -0.10932662 -0.10899635 -0.1080146 -0.10312329 -0.065134395 0.1344722 0.48659351 0.69732147 0.80129708 0.88162205 0.95514017 1.0129383 1.0514109 1.0765229
-1.47 -1.6 -1.6 -1.6 -1.3300002 -1.33 -1.33 -1.270263 -1.27 -1.270002 -1.65 -1.65 -1.2100001 -1.21 -1.06 -1.06 -1.06 -1.3591126 -1.07 -1.07 -1.07 -1.0701937 -1.2246534 -1.2876762 -1.0718123 -1.0700007 -1.0700011 -1.0700125 -1.0698495 -1.020977 -0.92457301 -0.92024998 -0.92001689 -0.91967952 -0.90731749 -0.69285174 -0.56004754 -0.63547155 -0.68751375 -0.71539294 -0.70012616 -0.17965192 -0.10654713 -0.10737162 -0.10828013 -0.10877438 -0.10900345 -0.10901777 -0.10877157 -0.10797156 -0.10446588 -0.082172287 0.035695151 0.33275821 0.60782839 0.75558678 0.84878256 0.92540085 0.98792056 1.0331734 1.0640708
-1.47 -1.6 -1.6 -1.6 -1.3303373 -1.33 -1.33 -1.27 -1.27 -1.27 -1.65 -1.3872464 -1.12 -1.21 -1.21 -1.06 -1.0304713 -1.43 -1.43 -1.4271373 -1.07 -1.07 -1.0700035 -1.0716194 -1.0992524 -1.0805355 -1.070058 -1.0700127 -1.0700432 -1.0683609 -1.0070276 -0.92892649 -0.92096881 -0.92007143 -0.91785101 -0.87587791 -0.64145974 -0.59651433 -0.65043737 -0.68880588 -0.70005603 -0.33302518 -0.10972744 -0.10627559 -0.10738023 -0.10808048 -0.10845083 -0.10856601 -0.10841057 -0.10775149 -0.1050478 -0.09058491 -0.019294627 0.19736956 0.49056018 0.69032669 0.80848577 0.89356469 0.96118853 1.0124401 1.0491296
