Interpolating SPI Data/spi_stations/interpolated_spi/11-19_3.tif
NCOLS 257
NROWS 141
XLLCORNER -178.27925
YLLCORNER 5.3153543
DX 0.49934803
DY 0.49997533
NODATA_VALUE -9999
[rows 81 to 107 of 141, columns 62 to 123 of 257]
-0.94496197 -0.978472 -1.0289419 -1.0945592 -1.1589807 -1.2035296 -1.2260164 -1.2351071 -1.2383112 -1.2393609 -1.2397034 -1.2398269 -1.239882 -1.2399131 -1.2399338 -1.2399486 -1.2399596 -1.2399677 -1.2399738 -1.2399783 -1.2399816 -1.239984 -1.2399857 -1.2399869 -1.2399876 -1.2399878 -1.2399876 -1.2399867 -1.2399851 -1.239982 -1.2399763 -1.2399655 -1.2399425 -1.2398873 -1.2397286 -1.2391562 -1.2363963 -1.2176313 -1.0651601 -0.69866459 -0.63182878 -0.63001704 -0.63000005 -0.63 -0.63 -0.63 -0.63 -0.63 -0.63 -0.63 -0.63 -0.63 -0.63 -0.63000003 -0.76625456 0.6 0.6 0.6 0.6 0.60000469 0.63 0.63
-1.0034278 -1.0584333 -1.121757 -1.1765884 -1.2114713 -1.2286636 -1.2357687 -1.2383981 -1.2393166 -1.2396394 -1.2397653 -1.2398257 -1.2398618 -1.2398868 -1.2399054 -1.2399197 -1.2399306 -1.2399389 -1.2399452 -1.2399498 -1.2399529 -1.2399548 -1.2399554 -1.2399548 -1.2399526 -1.2399483 -1.239941 -1.2399288 -1.2399082 -1.2398716 -1.2398017 -1.2396547 -1.2393033 -1.2383185 -1.2349605 -1.2205861 -1.1468243 -0.87628291 -0.65947822 -0.63128659 -0.63002649 -0.63000024 -0.63 -0.63 -0.63 -0.63 -0.63 -0.63 -0.63 -0.63 -0.63 -0.63 -0.63 -0.62805902 0.6 0.6 0.6 0.6 0.6 0.6 0.63 0.63
-1.0860592 -1.1440658 -1.189567 -1.2169994 -1.2304469 -1.2361665 -1.2383899 -1.2392166 -1.2395289 -1.2396601 -1.2397271 -1.2397691 -1.2397991 -1.2398218 -1.2398393 -1.2398527 -1.2398627 -1.2398697 -1.2398739 -1.2398753 -1.239874 -1.2398694 -1.2398607 -1.2398465 -1.2398242 -1.2397894 -1.239734 -1.2396418 -1.2394795 -1.2391717 -1.2385304 -1.2370315 -1.2330105 -1.2204053 -1.1750239 -1.0205296 -0.76071333 -0.64682987 -0.63113507 -0.63004349 -0.63000088 -0.63000001 -0.63 -0.63 -0.63 -0.63 -0.63 -0.63 -0.63 -0.63 -0.63 -0.63 -0.62989679 0.59999892 0.6 0.6 0.6 0.6 0.6 0.6 0.60030178 0.63
-1.1616931 -1.199038 -1.2208552 -1.2316209 -1.2363503 -1.23828 -1.2390416 -1.2393493 -1.2394873 -1.2395614 -1.2396088 -1.2396429 -1.2396684 -1.2396874 -1.2397008 -1.239709 -1.2397123 -1.2397102 -1.2397024 -1.2396875 -1.2396638 -1.2396281 -1.2395751 -1.2394962 -1.2393762 -1.2391873 -1.2388762 -1.2383329 -1.2373146 -1.235236 -1.2305493 -1.2187531 -1.1858984 -1.0928774 -0.89510167 -0.70676496 -0.64180952 -0.63114557 -0.63007172 -0.63000276 -0.63000006 -0.63 -0.63 -0.63 -0.63 -0.63 -0.63 -0.63 -0.63 -0.63 -0.63 -0.62994021 0.59650112 0.6 0.6 0.6 0.6 0.6 0.6 0.6 0.6 0.62999999
-1.2059116 -1.2235203 -1.232333 -1.2363379 -1.23805 -1.2387641 -1.2390699 -1.2392142 -1.2392935 -1.239344 -1.2393788 -1.2394027 -1.2394177 -1.2394243 -1.2394222 -1.2394108 -1.2393888 -1.2393536 -1.2393018 -1.2392277 -1.2391222 -1.2389709 -1.2387498 -1.2384173 -1.2378989 -1.2370525 -1.235593 -1.2329091 -1.2275968 -1.2162106 -1.1899283 -1.1273379 -0.99417632 -0.80786502 -0.68131149 -0.63954889 -0.63125172 -0.63011609 -0.63000736 -0.63000031 -0.63000001 -0.63 -0.63 -0.63 -0.63 -0.63 -0.63 -0.63 -0.63 -0.62999996 -0.62990892 0.35100336 0.59999983 0.6 0.6 0.6 0.6 0.6 0.6 0.6 0.6 0.6113387
-1.2253004 -1.2326638 -1.2361254 -1.237671 -1.2383479 -1.2386514 -1.2387983 -1.238878 -1.2389253 -1.2389533 -1.2389666 -1.2389664 -1.2389523 -1.238923 -1.2388759 -1.2388069 -1.2387102 -1.2385767 -1.2383928 -1.2381372 -1.2377762 -1.2372542 -1.2364766 -1.2352757 -1.2333395 -1.2300603 -1.2241901 -1.2130454 -1.1906937 -1.1444762 -1.052989 -0.90613654 -0.75508804 -0.66832351 -0.6385062 -0.63143196 -0.63018255 -0.6300172 -0.63000117 -0.63000006 -0.63 -0.63 -0.63 -0.63 -0.63 -0.63 -0.63 -0.62999999 -0.6299994 -0.6298142 -0.30673828 0.59986277 0.6 0.6 0.6 0.6 0.6 0.6 0.6 0.6 0.6 0.60001324
-1.23265 -1.2356929 -1.2371057 -1.237749 -1.2380455 -1.2381877 -1.2382585 -1.2382915 -1.2382993 -1.2382858 -1.2382511 -1.238193 -1.2381075 -1.2379887 -1.2378279 -1.2376122 -1.2373228 -1.2369313 -1.2363943 -1.2356434 -1.2345676 -1.2329811 -1.2305607 -1.226724 -1.2203792 -1.2094131 -1.1896635 -1.1531549 -1.0866953 -0.97791573 -0.84010016 -0.72378789 -0.66120266 -0.63809687 -0.63168008 -0.63027792 -0.63003604 -0.63000361 -0.63000029 -0.63000003 -0.63000001 -0.63 -0.63 -0.63 -0.63 -0.62999998 -0.6299998 -0.62999498 -0.62960818 -0.51838952 0.59222932 0.59999917 0.6 0.6 0.6 0.6 0.6 0.6 0.6 0.6 0.6 0.60285809
-1.2350094 -1.2363089 -1.2369164 -1.2371963 -1.2373213 -1.2373684 -1.2373696 -1.2373364 -1.2372715 -1.2371725 -1.2370344 -1.236849 -1.2366044 -1.2362841 -1.2358638 -1.2353084 -1.2345659 -1.2335572 -1.2321595 -1.2301771 -1.2272887 -1.2229512 -1.2162213 -1.2054215 -1.1875405 -1.1572965 -1.1063223 -1.0250632 -0.91310685 -0.79423006 -0.70475868 -0.65711541 -0.63806601 -0.63199588 -0.63040961 -0.63006891 -0.63000942 -0.63000108 -0.63000013 -0.63000003 -0.63000001 -0.63 -0.62999998 -0.62999994 -0.62999972 -0.62999807 -0.62997419 -0.62921749 -0.56981731 0.51164018 0.59989213 0.59999997 0.6 0.6 0.6 0.6 0.6 0.6 0.6 0.6 0.6 1.0423462
-1.2352304 -1.2357933 -1.2360417 -1.2361313 -1.2361334 -1.2360778 -1.2359743 -1.235823 -1.2356182 -1.23535 -1.2350037 -1.2345588 -1.2339864 -1.2332454 -1.2322766 -1.2309933 -1.2292657 -1.2268955 -1.2235729 -1.2188025 -1.2117762 -1.2011542 -1.1847062 -1.1587948 -1.1179189 -1.0553488 -0.96734278 -0.86205914 -0.76302646 -0.69278942 -0.65474202 -0.63828979 -0.63238161 -0.63058531 -0.63012206 -0.63002148 -0.63000325 -0.63000048 -0.63000009 -0.63 -0.62999992 -0.62999978 -0.6299994 -0.62999788 -0.62998898 -0.62990648 -0.6285535 -0.58597104 0.26318824 0.59738593 0.59999434 0.6 0.6 0.6 0.6 0.6 0.6 0.6 0.6 0.6 0.60000187 1.5042784
-1.2343197 -1.2345161 -1.2345459 -1.2344747 -1.2343292 -1.2341167 -1.2338334 -1.2334687 -1.2330057 -1.2324206 -1.2316804 -1.2307394 -1.2295333 -1.2279706 -1.225919 -1.2231836 -1.2194728 -1.2143418 -1.2071026 -1.1966797 -1.1813899 -1.1586491 -1.1247152 -1.0749159 -1.005436 -0.91778388 -0.82361625 -0.74168691 -0.68503843 -0.6534158 -0.63870267 -0.63284037 -0.63081264 -0.63020265 -0.63004384 -0.63000827 -0.63000137 -0.63000009 -0.62999971 -0.62999932 -0.62999855 -0.62999649 -0.62998936 -0.62995624 -0.62973738 -0.62752409 -0.591438 -0.030369972 0.5779175 0.5998091 0.59999922 0.6 0.6 0.6 0.6 0.6 0.6 0.6 0.6 0.6 0.60036416 1.5272221
-1.2325531 -1.2324924 -1.2323125 -1.2320364 -1.2316673 -1.2311963 -1.2306058 -1.22987 -1.2289529 -1.2278055 -1.2263604 -1.2245241 -1.2221655 -1.2190978 -1.2150513 -1.2096317 -1.2022558 -1.1920556 -1.1777412 -1.1574295 -1.1284978 -1.0876707 -1.0318225 -0.96014327 -0.87739306 -0.79513639 -0.72687552 -0.67992547 -0.65277454 -0.63926723 -0.63337514 -0.63109871 -0.63031828 -0.63008157 -0.63001825 -0.63000315 -0.62999959 -0.62999819 -0.62999659 -0.62999339 -0.6299854 -0.62996098 -0.62986695 -0.62939022 -0.62604511 -0.59251749 -0.22865003 0.50817334 0.59775434 0.59997089 0.59999978 0.6 0.6 0.6 0.6 0.6 0.6 0.6 0.6 0.60000055 0.61464748 1.5292615
-1.2299018 -1.2295716 -1.229117 -1.2285359 -1.2278129 -1.2269217 -1.225825 -1.224472 -1.2227943 -1.2206989 -1.2180587 -1.214698 -1.2103711 -1.2047314 -1.1972858 -1.1873303 -1.1738636 -1.1554841 -1.1303051 -1.0959909 -1.0501392 -0.99134759 -0.92107913 -0.84537031 -0.77406052 -0.71642989 -0.67653812 -0.65260835 -0.63996027 -0.63398814 -0.63144958 -0.63047627 -0.63014016 -0.63003564 -0.63000586 -0.62999707 -0.6299927 -0.62998734 -0.62997699 -0.62995291 -0.62988689 -0.629669 -0.62877469 -0.62404891 -0.59131625 -0.33957425 0.37011181 0.5869504 0.59960306 0.59999227 0.5999999 0.6 0.6 0.6 0.6 0.6 0.6 0.6 0.60000002 0.60003579 0.76703794 1.5296461
-1.2261854 -1.2254992 -1.2246453 -1.2236003 -1.2223276 -1.2207765 -1.2188793 -1.2165457 -1.2136548 -1.2100437 -1.2054911 -1.1996942 -1.1922365 -1.1825447 -1.1698321 -1.1530367 -1.1307708 -1.1013369 -1.0629214 -1.0141374 -0.955048 -0.88842819 -0.8202833 -0.75836969 -0.70896624 -0.67432691 -0.65278809 -0.64076575 -0.63468016 -0.63186959 -0.63068282 -0.63022466 -0.63006246 -0.6300084 -0.62998892 -0.62997722 -0.62996236 -0.62993488 -0.62987509 -0.62972604 -0.62929358 -0.62779855 -0.62148912 -0.58869982 -0.40080761 0.19693266 0.55371901 0.59727784 0.599891 0.59999689 0.59999993 0.6 0.6 0.6 0.6 0.6 0.6 0.6 0.60000107 0.60080885 1.1415913 1.5297535
-1.2211269 -1.2199368 -1.2184978 -1.2167618 -1.2146635 -1.2121171 -1.2090093 -1.205191 -1.2004646 -1.1945667 -1.1871459 -1.1777324 -1.1657024 -1.1502384 -1.1302996 -1.1046296 -1.0718595 -1.0307957 -0.98098065 -0.92349128 -0.86161429 -0.80068312 -0.74658872 -0.70358954 -0.67294645 -0.65322935 -0.64167089 -0.63544991 -0.63236061 -0.63094191 -0.6303385 -0.6300992 -0.63000753 -0.62996811 -0.62994074 -0.62990551 -0.62984316 -0.62971572 -0.62942322 -0.6286622 -0.62637852 -0.61834189 -0.58508887 -0.43567593 0.037461399 0.48573718 0.58850955 0.59919636 0.59995784 0.5999983 0.59999995 0.6 0.6 0.6 0.6 0.6 0.6 0.60000016 0.60002597 0.60841564 1.3798241 1.5297826
-1.2143748 -1.2124721 -1.2101952 -1.2074641 -1.2041744 -1.2001911 -1.1953387 -1.1893892 -1.1820454 -1.1729211 -1.1615166 -1.1471942 -1.1291598 -1.1064674 -1.0780766 -1.0430112 -1.0006722 -0.95131799 -0.89659388 -0.83977898 -0.78533454 -0.73766867 -0.69970853 -0.67217018 -0.65387318 -0.64266365 -0.63629338 -0.63292129 -0.63125426 -0.63048222 -0.63014361 -0.62999662 -0.62992304 -0.62986602 -0.6297925 -0.62966784 -0.62942711 -0.62891334 -0.6276953 -0.62444815 -0.61460454 -0.58072067 -0.45604096 -0.086211143 0.38484234 0.56597429 0.59628651 0.59968562 0.59997875 0.59999883 0.59999995 0.6 0.6 0.6 0.6 0.6 0.60000006 0.60000328 0.60031446 0.64805074 1.4646524 1.529778
-1.2055201 -1.2026342 -1.1991975 -1.195089 -1.1901539 -1.184195 -1.1769612 -1.1681329 -1.1573067 -1.1439791 -1.1275351 -1.107251 -1.0823283 -1.0519839 -1.0156294 -0.97315733 -0.92530093 -0.87393004 -0.82204395 -0.7732583 -0.73086668 -0.6969222 -0.67184271 -0.65467515 -0.6437312 -0.63720325 -0.63354633 -0.6316165 -0.6306524 -0.63018956 -0.62996477 -0.62983679 -0.62972914 -0.62959097 -0.62936594 -0.62895341 -0.62812757 -0.62632047 -0.62196201 -0.61029272 -0.57574824 -0.46793712 -0.17507562 0.26775836 0.5229095 0.58784328 0.59849053 0.599846 0.59998685 0.59999904 0.59999994 0.6 0.6 0.6 0.6 0.60000004 0.60000101 0.60003789 0.60224585 0.76389916 1.4951923 1.5297518
-1.1941201 -1.1899233 -1.1849439 -1.1790116 -1.1719137 -1.1633849 -1.1530969 -1.1406476 -1.1255546 -1.1072562 -1.0851327 -1.0585593 -1.0270119 -0.99023855 -0.94849211 -0.90276987 -0.85494306 -0.80762493 -0.76370226 -0.72565231 -0.6949505 -0.67185245 -0.65559901 -0.64485894 -0.63816858 -0.63422615 -0.6320205 -0.63084093 -0.63022634 -0.62989637 -0.62968716 -0.62950011 -0.62926193 -0.62888838 -0.62823517 -0.62699982 -0.62447852 -0.61889662 -0.60543674 -0.57028213 -0.47458726 -0.23739357 0.15362354 0.457903 0.5693482 0.59478915 0.59925837 0.59990977 0.59999047 0.59999911 0.59999992 0.59999999 0.6 0.60000001 0.60000004 0.60000055 0.60001013 0.60027579 0.61064327 0.95388201 1.5079268 1.5297077
-1.1797361 -1.1738605 -1.166919 -1.1586903 -1.1489053 -1.13724 -1.1233111 -1.1066772 -1.0868519 -1.0633362 -1.0356823 -1.0035984 -0.96709613 -0.92666279 -0.88340324 -0.83906545 -0.79586474 -0.75609505 -0.72164111 -0.69359168 -0.67211523 -0.65661287 -0.64602994 -0.63917465 -0.63494676 -0.63245331 -0.63103475 -0.63023858 -0.62977128 -0.62944744 -0.62914439 -0.62876239 -0.62818371 -0.62721449 -0.6254723 -0.62212716 -0.61524913 -0.60007784 -0.56440944 -0.47781554 -0.28104753 0.054114725 0.37654613 0.53689844 0.58602177 0.59738361 0.59957452 0.59993904 0.59999219 0.59999909 0.5999999 0.59999999 0.60000001 0.60000006 0.60000044 0.60000464 0.60006872 0.60139339 0.63623388 1.1412005 1.5139926 1.5296475
-1.1619888 -1.1540584 -1.1447452 -1.1337857 -1.1208722 -1.1056537 -1.0877443 -1.0667435 -1.0422761 -1.014057 -0.98198489 -0.94626007 -0.90750113 -0.86681721 -0.82577654 -0.78622964 -0.7500024 -0.71854917 -0.69269561 -0.67256443 -0.65768702 -0.64722484 -0.6402032 -0.63569001 -0.63289739 -0.63121625 -0.63020664 -0.62956567 -0.6290878 -0.62862517 -0.6280484 -0.62720216 -0.62583954 -0.62349947 -0.61924225 -0.61103453 -0.59426472 -0.55820295 -0.47871421 -0.31183381 -0.027233727 0.28837484 0.48930549 0.56920641 0.59274546 0.59849919 0.599723 0.59995386 0.59999297 0.59999901 0.59999987 0.6 0.60000008 0.60000044 0.60000306 0.60002811 0.60033906 0.60525684 0.69317326 1.2740399 1.5171673 1.5295758
-1.1406259 -1.1303065 -1.1182879 -1.1042879 -1.0879972 -1.0690926 -1.0472619 -1.0222456 -0.99389657 -0.96225892 -0.92765505 -0.89075934 -0.85262435 -0.81462342 -0.77829213 -0.74509187 -0.71616241 -0.69214688 -0.67314487 -0.65879271 -0.64842203 -0.64123292 -0.63643423 -0.63333133 -0.63136395 -0.63010758 -0.62925328 -0.62857715 -0.62790581 -0.62707833 -0.62589932 -0.62406808 -0.62105031 -0.61581734 -0.60628225 -0.5880505 -0.55172575 -0.47797167 -0.33369484 -0.091569349 0.20231488 0.42893542 0.54200093 0.58335946 0.5957839 0.59903795 0.5998001 0.59996179 0.5999932 0.59999887 0.59999985 0.6000001 0.60000051 0.60000257 0.60001626 0.60012956 0.60129108 0.61562922 0.78754823 1.3557007 1.5189233 1.5295048
-1.1155953 -1.1026556 -1.087749 -1.0706127 -1.0509878 -1.0286456 -1.0034273 -0.97529584 -0.94439827 -0.91112664 -0.87616009 -0.84046372 -0.80522328 -0.77171113 -0.7411062 -0.71431588 -0.69185401 -0.67380917 -0.65990173 -0.64959814 -0.64224013 -0.63715508 -0.63373087 -0.63145371 -0.62991644 -0.62880695 -0.62788501 -0.62695223 -0.62581552 -0.62423892 -0.62186974 -0.61810903 -0.61186188 -0.60103261 -0.58149024 -0.54503363 -0.47604215 -0.34926428 -0.14172064 0.12412288 0.36071899 0.50371282 0.56720589 0.59011667 0.59730068 0.59932359 0.5998431 0.599966 0.59999306 0.59999871 0.59999995 0.60000061 0.60000255 0.60001199 0.60006855 0.60047622 0.60397402 0.63806209 0.90691897 1.4044811 1.5199165 1.5294628
-1.0871032 -1.0714752 -1.0537145 -1.0336236 -1.011048 -0.98591186 -0.95826104 -0.92830961 -0.89648065 -0.86342663 -0.8300135 -0.79725724 -0.76621406 -0.73784371 -0.71287977 -0.69174244 -0.67451547 -0.66098628 -0.65072866 -0.64319966 -0.63782659 -0.63407007 -0.63145999 -0.62960764 -0.62820022 -0.62698336 -0.62573498 -0.62423054 -0.62219475 -0.61922704 -0.61467449 -0.60739886 -0.59533357 -0.57463907 -0.53817645 -0.47323774 -0.3603123 -0.18065121 0.056282814 0.29021308 0.45566307 0.54286709 0.57997779 0.59361922 0.59812379 0.59948644 0.59986815 0.59996802 0.5999927 0.59999866 0.60000054 0.60000276 0.60001047 0.60004588 0.60023762 0.6014494 0.61024791 0.67806673 1.0276195 1.4342365 1.5204848 1.5295098
-1.0556398 -1.03746 -1.0171275 -0.99455094 -0.9697195 -0.94273759 -0.91385844 -0.88350952 -0.85229916 -0.82099396 -0.79046148 -0.76158192 -0.73514416 -0.71174996 -0.69175006 -0.67522628 -0.66201932 -0.65178873 -0.64408585 -0.63842227 -0.63432258 -0.63135722 -0.62915642 -0.6274088 -0.62584816 -0.62423074 -0.62230246 -0.61975154 -0.61613534 -0.61075886 -0.60246208 -0.58923786 -0.56755072 -0.53119899 -0.4697806 -0.36804812 -0.21089721 -0.0009567274 0.22200696 0.40073344 0.51003108 0.56399889 0.58687887 0.59557124 0.59860201 0.5995844 0.59988291 0.59996866 0.59999232 0.59999919 0.60000287 0.60001021 0.60003637 0.60014829 0.60069777 0.60376477 0.62275099 0.73785214 1.1316708 1.4530768 1.520841 1.5297653
-1.0219546 -1.0015712 -0.97918016 -0.95481959 -0.92863253 -0.90089058 -0.87200849 -0.84254242 -0.81316549 -0.78461811 -0.7576376 -0.73287864 -0.71084154 -0.69182424 -0.67590773 -0.66297489 -0.65275395 -0.64487347 -0.63891623 -0.63446285 -0.63112108 -0.62854014 -0.6264118 -0.62446048 -0.6224233 -0.62001953 -0.61690504 -0.61260205 -0.6063857 -0.59709348 -0.58280067 -0.56027657 -0.52414149 -0.46583392 -0.3733145 -0.23446226 -0.048504303 0.15906549 0.34243871 0.46962422 0.54134326 0.5759411 0.59084135 0.59672833 0.59889535 0.59964546 0.59989141 0.59996856 0.59999252 0.60000162 0.60001034 0.60003246 0.60010922 0.6004147 0.60177961 0.60854925 0.644396 0.81396193 1.2131585 1.4655125 1.5211654 1.5304481
-0.98698099 -0.96491944 -0.94114755 -0.91583151 -0.88924667 -0.86178484 -0.833948 -0.80632447 -0.77954703 -0.75423683 -0.73094227 -0.71008437 -0.69191997 -0.67652936 -0.66382863 -0.65360106 -0.64553862 -0.63928412 -0.63446717 -0.63072959 -0.62773926 -0.62519265 -0.62280723 -0.62030398 -0.61737919 -0.61366133 -0.60864517 -0.60158777 -0.59134068 -0.57607771 -0.55286506 -0.51704015 -0.46152086 -0.37671127 -0.25287695 -0.087697135 0.10282849 0.28404292 0.42354065 0.51195409 0.55989697 0.58302598 0.59324293 0.59745027 0.59908288 0.59968425 0.59989609 0.59996864 0.59999474 0.60000922 0.60003101 0.60009078 0.6002891 0.60102381 0.60402309 0.61730028 0.67740346 0.89829663 1.27404 1.4741058 1.5216618 1.5319174
-0.95172348 -0.92861818 -0.90421098 -0.8787712 -0.8526624 -0.82633384 -0.80029867 -0.775099 -0.7512613 -0.72924893 -0.70942002 -0.69199865 -0.67706403 -0.66455824 -0.65430871 -0.64605945 -0.63950397 -0.63431454 -0.63016394 -0.62673816 -0.62373967 -0.62088143 -0.61787156 -0.61438746 -0.61003577 -0.60429161 -0.5964049 -0.58525477 -0.56912386 -0.54536129 -0.50992752 -0.45693662 -0.37867424 -0.26729669 -0.11991008 0.053636516 0.22803917 0.37413772 0.47657889 0.53828818 0.5712974 0.58742635 0.59476795 0.59791985 0.59920646 0.59970915 0.59989899 0.59997059 0.60000228 0.60002926 0.60008182 0.60022722 0.60068563 0.60226941 0.60819689 0.63167354 0.72225504 0.98187628 1.3188594 1.4804024 1.5225966 1.5346863
-0.91713553 -0.89364638 -0.86931788 -0.84448323 -0.81954237 -0.79494269 -0.77115009 -0.74861346 -0.72772747 -0.70879961 -0.69202723 -0.67748791 -0.66514387 -0.65485794 -0.64641685 -0.63955687 -0.63398737 -0.62940911 -0.62552559 -0.62204634 -0.61868222 -0.61513184 -0.61105811 -0.60605158 -0.59957531 -0.59088185 -0.57888848 -0.56199211 -0.53780691 -0.50283287 -0.45215632 -0.37952631 -0.27859301 -0.14638408 0.011173606 0.17601787 0.32373172 0.43658205 0.511221 0.55507685 0.57856862 0.59027424 0.59577526 0.5982356 0.59928983 0.59972575 0.59990259 0.59997788 0.6000219 0.60007603 0.60019465 0.60051605 0.60147735 0.60458101 0.61525775 0.65311013 0.77719534 1.0581726 1.3520412 1.4854259 1.5243193 1.5393712
