Interpolating SPI Data/spi_stations/interpolated_spi/11-19_1.tif
NCOLS 257
NROWS 141
XLLCORNER -178.27925
YLLCORNER 5.3153543
DX 0.49934803
DY 0.49997533
NODATA_VALUE -9999
[rows 27 to 53 of 141, columns 186 to 247 of 257]
0.20999904 0.20997509 0.20877742 -1.6099566 -1.6299978 -1.63 -1.63 -1.6299999 -1.6299994 -1.6299905 -1.6293816 -1.3929357 -0.16118609 -0.16000001 -0.16 -0.16 -0.16 -0.16 -0.16 -0.16 -0.16 -0.16 -1.93 -1.93 -1.93 -1.93 -1.93 -1.93 -1.93 -1.93 -1.93 -1.93 -1.9299998 -0.99884388 -0.2600005 -0.26 -0.26 -0.26 -0.26 -0.26 -0.26 -0.26 -0.26 -0.26 -0.26 -0.26 -0.26 -0.25999984 -0.25974914 -0.065294815 1.5550919 1.5898354 1.5899984 1.59 1.59 1.59 1.59 1.59 1.59 1.59 1.5900001 1.5900015
0.014513914 -0.12786897 -0.027565595 -1.6250541 -1.6299995 -1.63 -1.63 -1.63 -1.63 -1.63 -1.63 -1.6299995 -1.6293825 -0.22962847 -0.16000001 -0.16 -0.16 -0.16 -0.16 -0.16 -0.16 -1.9299982 -1.93 -1.93 -1.93 -1.93 -1.93 -1.93 -1.93 -1.93 -1.93 -1.93 -1.9300001 -1.9296789 -0.26638255 -0.26000002 -0.26 -0.26 -0.26 -0.26 -0.26 -0.26 -0.26 -0.26 -0.26 -0.25999997 -0.25992756 -0.15034875 1.5612467 1.5899469 1.5899998 1.59 1.59 1.59 1.59 1.59 1.59 1.59 1.59 1.59 1.5900001 1.590003
-0.17917191 -0.15462987 0.25256289 -1.4789807 -1.6299928 -1.63 -1.63 -1.63 -1.63 -1.63 -1.63 -1.63 -1.63 -1.63 -1.6205092 -0.16000138 -0.16 -0.16 -0.16 -0.16 -0.16 -1.93 -1.93 -1.93 -1.93 -1.93 -1.93 -1.93 -1.93 -1.93 -1.93 -1.9300008 -1.9300363 -1.9305957 -1.8182817 -0.26012804 -0.26 -0.26 -0.26 -0.26 -0.26 -0.26 -0.26 -0.25999998 -0.25996411 -0.19506184 1.5601738 1.5899751 1.59 1.59 1.59 1.59 1.59 1.59 1.59 1.59 1.59 1.59 1.59 1.59 1.5900002 1.5900076
-0.17877428 -0.11524999 0.78127853 0.86382295 -1.6297234 -1.63 -1.63 -1.63 -1.63 -1.63 -1.63 -1.63 -1.63 -1.63 -1.63 -1.63 -0.1930189 -0.16 -0.16 -0.16 -1.588246 -1.93 -1.93 -1.93 -1.93 -1.93 -1.93 -1.93 -1.93 -1.930001 -1.9301804 -1.9357706 -1.9834991 -2.1000371 -2.1950323 -1.2137387 -0.26010585 -0.26000002 -0.26 -0.26 -0.26 -0.25999995 -0.25996313 -0.21373153 1.5490159 1.5899775 1.59 1.59 1.59 1.59 1.59 1.59 1.59 1.59 1.59 1.59 1.59 1.59 1.59 1.59 1.5900004 1.5900263
-0.17752356 0.053010039 1.2687393 1.4028829 -1.5990612 -1.6299999 -1.63 -1.63 -1.63 -1.63 -1.63 -1.63 -1.63 -1.63 -1.63 -1.63 -1.63 -1.6298386 -0.16000193 -0.1600551 -1.9299732 -1.93 -1.93 -1.93 -1.93 -1.93 -1.93 -1.9304941 -2.053649 -2.269897 -2.2870577 -2.2889936 -2.2894191 -2.2895419 -2.2895648 -2.2895011 -1.7683672 -0.26089276 -0.26000747 -0.26003734 -0.26017001 -0.2194826 1.5167716 1.589944 1.5899999 1.59 1.59 1.59 1.59 1.59 1.59 1.59 1.59 1.59 1.59 1.59 1.59 1.59 1.59 1.59 1.5900014 1.5901321
-0.17192357 0.7192009 1.3984148 1.409718 0.80787852 -1.6299925 -1.63 -1.63 -1.63 -1.63 -1.63 -1.63 -1.63 -1.63 -1.63 -1.63 -1.63 -1.63 -1.63 -0.73931163 -1.9299993 -1.93 -1.9300049 -1.9612897 -2.2899476 -2.29 -2.29 -2.29 -2.29 -2.29 -2.29 -2.29 -2.2899999 -2.2899996 -2.2899987 -2.2899965 -2.2898986 -1.4898598 -0.6793734 -0.67902677 -0.67002864 0.13381923 1.5746419 1.5899693 1.59 1.59 1.59 1.59 1.59 1.59 1.59 1.59 1.59 1.59 1.59 1.59 1.59 1.59 1.59 1.59 1.5900073 1.5910637
-0.12542438 1.3480023 1.4096566 1.4099935 1.4095316 -1.6263884 -1.63 -1.63 -1.63 -1.63 -1.63 -1.63 -1.63 -1.63 -1.63 -1.63 -1.63 -1.63 -1.63 -1.6300001 -2.2899448 -2.29 -2.29 -2.29 -2.29 -2.29 -2.29 -2.29 -2.29 -2.29 -2.29 -2.29 -2.29 -2.29 -2.29 -2.289999 -2.2770582 -0.95458229 -0.68800621 -0.68016542 -0.67970067 -0.62060758 1.4369277 1.5898686 1.59 1.59 1.59 1.59 1.59 1.59 1.59 1.59 1.59 1.59 1.59 1.59 1.59 1.59 1.59 1.5900001 1.5900689 1.6050938
0.53621536 1.4091106 1.4099972 1.41 1.4099999 0.54980564 -1.6299999 -1.63 -1.63 -1.63 -1.63 -1.63 -1.63 -1.63 -1.63 -1.63 -1.63 -1.63 -1.63 -1.6300013 -2.29 -2.29 -2.29 -2.29 -2.29 -2.29 -2.29 -2.29 -2.29 -2.29 -2.29 -2.29 -2.29 -2.29 -2.29 -2.289239 -1.8382174 -1.1443859 -0.68910002 -0.68009472 -0.67999739 -0.6788701 0.10475211 1.5887885 1.5899999 1.59 1.59 1.59 1.59 1.59 1.59 1.59 1.59 1.59 1.59 1.59 1.59 1.59 1.59 1.5900016 1.5913601 1.8635894
1.3977566 1.4099983 1.41 1.41 1.41 1.4098704 -1.6297187 -1.63 -1.63 -1.63 -1.63 -1.63 -1.63 -1.63 -1.63 -1.63 -1.63 -1.63 -1.63 -1.6300716 -2.29 -2.29 -2.29 -2.29 -2.29 -2.29 -2.29 -2.29 -2.29 -2.29 -2.29 -2.29 -2.29 -2.29 -2.2899746 -1.9063315 -1.8452282 -1.4591682 -0.69197122 -0.68005009 -0.68000021 -0.67999398 -0.66665307 1.5569702 1.5899994 1.59 1.59 1.59 1.59 1.59 1.59 1.59 1.59 1.59 1.59 1.59 1.59 1.59 1.59 1.5900436 1.6519409 2.2469556
1.4099964 1.41 1.41 1.41 1.41 1.41 -0.047921815 -1.63 -1.63 -1.63 -1.63 -1.63 -1.63 -1.63 -1.63 -1.63 -1.63 -1.63 -1.63 -1.6362336 -2.29 -2.29 -2.29 -2.29 -2.29 -2.29 -2.29 -2.29 -2.29 -2.29 -2.29 -2.29 -2.29 -2.2899997 -2.0820873 -1.8499993 -1.8495757 -1.7401274 -0.69981788 -0.6800251 -0.68000003 -0.67999999 -0.67997154 0.09035188 1.5899875 1.59 1.59 1.59 1.59 1.59 1.59 1.59 1.59 1.59 1.59 1.59 1.59 1.59 1.5900003 1.5939217 2.2213167 2.2599381
1.41 1.41 1.41 1.41 1.41 1.41 1.4099066 -1.6299645 -1.6299998 -1.63 -1.63 -1.63 -1.63 -1.63 -1.63 -1.6299991 -1.5893172 -0.23870268 -0.21067367 -0.21027182 -2.29 -2.29 -2.29 -2.29 -2.29 -2.29 -2.29 -2.29 -2.29 -2.29 -2.29 -2.29 -2.29 -2.2676276 -1.8500045 -1.8499999 -1.8499845 -1.837637 -0.72701949 -0.68001215 -0.68 -0.68 -0.67999999 -0.67901748 1.5882863 1.59 1.59 1.59 1.59 1.59 1.59 1.59 1.59 1.59 1.59 1.59 1.59 1.59 1.590055 2.0667739 2.2599391 2.2599999
1.41 1.41 1.41 1.41 1.41 1.41 1.41 -0.80356993 -1.6106217 -1.5713033 -1.2518945 -0.28641478 -0.21008723 -0.21 -0.21 -0.21 -0.21 -0.21 -0.21 -0.21 -2.2673596 -2.29 -2.29 -2.29 -2.29 -2.29 -2.29 -2.29 -2.29 -2.29 -2.29 -2.29 -2.2893506 -1.8500153 -1.85 -1.85 -1.8499998 -1.8495516 -0.86591773 -0.68000598 -0.68 -0.68 -0.68 -0.67999996 0.13995868 1.59 1.59 1.59 1.59 1.59 1.59 1.59 1.59 1.59 1.59 1.59 1.59 1.5900001 1.656603 2.2599051 2.26 2.26
1.41 1.41 1.41 1.41 1.41 1.41 1.41 1.4018343 -0.21184362 -0.21003063 -0.21000006 -0.21 -0.21 -0.21 -0.21 -0.21 -0.21 -0.21 -0.21 -0.21 -0.21000395 -2.29 -2.29 -2.29 -2.29 -2.29 -2.29 -2.29 -2.29 -2.29 -2.29 -2.2899887 -1.8501383 -1.85 -1.85 -1.85 -1.85 -1.8499969 -1.5065151 -0.68000339 -0.68 -0.68 -0.68 -0.68 -0.67998928 1.5899931 1.59 1.59 1.59 1.59 1.59 1.59 1.59 1.59 1.59 1.59 1.59 1.5905019 2.2596494 2.26 2.26 2.26
1.41 1.41 1.41 1.41 1.41 1.41 1.41 1.4081556 -0.20999443 -0.20999983 -0.21 -0.21 -0.21 -0.21 -0.21 -0.21 -0.21 -0.21 -0.21 -0.21 -0.21 -1.6354142 -2.29 -2.29 -2.29 -2.29 -2.29 -2.29 -2.29 -2.29 -2.2899935 -1.8530167 -1.85 -1.85 -1.85 -1.85 -1.85 -1.85 -1.8435645 -0.68000298 -0.68 -0.68 -0.68 -0.68 -0.68 0.4116201 1.59 1.59 1.59 1.59 1.59 1.59 1.59 1.59 1.59 1.59 1.5900002 2.2541651 2.26 2.26 2.26 2.26
1.41 1.41 1.41 1.41 1.41 1.41 1.41 1.4094689 -0.20809622 -0.2096984 -0.20998488 -0.20999991 -0.21 -0.21 -0.21 -0.21 -0.21 -0.21 -0.21 -0.21 -0.21 -0.21000938 -2.2899227 -2.29 -2.29 -2.29 -2.29 -2.2899974 -2.2772052 -1.1139385 -1.0506092 -1.8495782 -1.85 -1.85 -1.85 -1.85 -1.85 -1.85 -1.849996 -0.68000789 -0.68 -0.68 -0.68 -0.68 -0.68 -0.67999997 1.59 1.59 1.59 1.59 1.59 1.59 1.59 1.59 1.59 1.59 1.8592872 2.26 2.26 2.26 2.26 2.26
1.41 1.41 1.41 1.41 1.41 1.41 1.41 1.4079651 -0.12610851 -0.12499008 -0.12412901 -0.12377169 -0.12495796 -0.13939845 -0.20825821 -0.20999991 -0.21 -0.2099999 -0.20999663 -0.20996312 -0.20982023 -0.20946638 -0.60073553 -2.289999 -2.2898156 -2.0433221 -1.0512393 -1.0500003 -1.05 -1.05 -1.0500002 -1.8129361 -1.85 -1.85 -1.85 -1.85 -1.85 -1.85 -1.85 -0.68025798 -0.68 -0.68 -0.68 -0.68 -0.68 -0.68 1.0530594 1.577243 1.5899903 1.59 1.59 1.59 1.59 1.59 1.5899996 1.5901865 2.26 2.26 2.26 2.26 2.26 2.26
1.41 1.41 1.41 1.41 1.41 1.41 1.41 1.2806852 -0.12001047 -0.12000103 -0.12000003 -0.12 -0.12 -0.12 -0.12 -0.12 -0.12 -0.12 -0.12 -0.12000288 -0.12018813 -0.12198381 -0.1278074 -1.0503448 -1.0500001 -1.05 -1.05 -1.05 -1.05 -1.05 -1.05 -1.0638123 -1.85 -1.85 -1.85 -1.85 -1.85 -1.85 -1.85 -1.2576264 -0.68 -0.68 -0.68 -0.68 -0.68 -0.68 1.1323716 1.16 1.16 1.16 1.16 1.16 1.16 1.1600483 1.165085 2.2555386 2.26 2.26 2.26 2.26 2.26 2.26
1.41 1.41 1.41 1.41 1.41 1.41 1.4099992 0.082318336 -0.12000003 -0.12 -0.12 -0.12 -0.12 -0.12 -0.12 -0.12 -0.12 -0.12 -0.12 -0.12 -0.12 -0.12000066 -0.14349363 -1.05 -1.05 -1.05 -1.05 -1.05 -1.05 -1.05 -1.05 -1.0500004 -1.8499999 -1.85 -1.85 -1.85 -1.85 -1.85 -1.85 -1.8499996 -0.68 -0.68 -0.68 -0.68 -0.68 -0.68 1.1594395 1.16 1.16 1.16 1.16 1.16 1.16 1.16 1.1688205 1.8194023 2.2599997 2.26 2.26 2.26 2.26 2.26
-3.25 -3.2496804 -2.9636433 0.42923032 1.2770805 1.3656068 -0.080464705 -0.12995258 -0.12000048 -0.12 -0.12 -0.12 -0.12 -0.12 -0.12 -0.12 -0.12 -0.12 -0.12 -0.12 -0.12 -0.1321257 -2.4400901 -1.0500002 -1.05 -1.05 -1.05 -1.05 -1.05 -1.05 -1.05 -1.05 -1.8486963 -1.85 -1.85 -1.85 -1.85 -1.85 -1.85 -1.85 -0.68 -0.68 -0.68 -0.68 -0.67999855 -0.28000162 -0.27984923 1.16 1.16 1.16 1.16 1.16 1.16 1.16 1.77 1.7700001 2.2573541 2.26 2.26 2.26 2.26 2.26
-3.25 -3.25 -3.25 -3.2499997 -3.096556 0.14186699 -0.12982475 -0.12999956 -0.12997517 -0.12000001 -0.12 -0.12 -0.12 -0.12 -0.12 -0.12 -0.12 -0.12 -0.12 -0.12 -1.4100206 -2.5999993 -2.5999889 -1.0500917 -1.05 -1.05 -1.05 -1.05 -1.05 -1.05 -1.05 -1.05 -1.051299 -1.85 -1.85 -1.85 -1.85 -1.85 -1.85 -1.85 -0.6800001 -0.68 -0.6799986 -0.28 -0.28 -0.28 -0.28 1.1599999 1.16 1.16 1.16 1.16 1.16 1.626738 1.77 1.77 1.77 2.26 2.26 2.26 2.26 2.26
-3.25 -3.25 -3.25 -3.1424416 0.85947323 -0.10349727 -0.12999877 -0.13 -0.12999999 -0.1298939 -0.12001747 -0.12000027 -0.12 -0.12 -0.12 -0.12 -0.12 -0.12 -0.12000157 -2.5997148 -2.6 -2.6 -2.6 -1.9870013 -1.05 -1.05 -1.05 -1.05 -1.05 -1.05 -1.05 -1.0498677 -0.92697747 -1.8499997 -1.85 -1.85 -1.85 -1.85 -1.85 -1.85 -0.74351679 -0.28000147 -0.28 -0.28 -0.28 -0.28 -0.28 -0.27993306 1.16 1.16 1.16 1.1599377 0.70101773 1.7699986 1.77 1.77 1.77 1.7701052 2.26 2.26 2.26 2.26
-3.25 -3.25 -3.1266715 0.85999991 0.85986144 -0.12979193 -0.13 -0.13 -0.13 -0.12999001 -2.313717 -2.3198947 -2.3199848 -2.3199976 -2.319999 -2.3199976 -2.319971 -2.319396 -2.5999998 -2.6 -2.6 -2.6 -2.6 -2.5999997 -1.0500006 -1.05 -1.05 -1.05 -1.05 -1.05 -1.0453703 -0.92000008 -0.92000001 -0.92010542 -1.8499999 -1.8499999 -1.8499967 -1.8208071 -0.40263889 -0.40000767 -0.45999999 -0.45786896 -0.28 -0.28 -0.28 -0.28 -0.28 -0.9999999 -1 0.69999988 0.7 0.7 0.7 0.73797502 1.77 1.77 1.77 1.77 0.95 0.95 0.95239198 2.216122
-3.25 -2.3659169 0.86 0.86 0.85977096 -0.12999998 -0.13 -0.13 -0.13 -0.12979751 -2.2615585 -2.32 -2.32 -2.32 -2.32 -2.32 -2.32 -2.32 -2.6 -2.6 -2.6 -2.6 -2.6 -2.6 -1.0757543 -1.0512367 -1.0510094 -1.0623569 -1.11 -0.92000361 -0.92 -0.92 -0.92 -0.93806586 -0.94058861 -0.40000039 -0.4 -0.4 -0.4 -0.4 -0.46 -0.46 -0.46 -1.7099978 -0.28012519 -0.28000001 -1 -1 -1 0.69999993 0.7 0.7 0.7 0.7 1.7711734 1.7799685 1.78 1.78 0.9509142 0.95792101 1.0468485 1.8427888
0.7429656 0.86 0.86 0.86 0.85049607 -0.13 -0.13 -0.13 -0.12999996 -0.047809174 0.049729636 -2.3199999 -2.32 -2.32 -2.32 -2.32 -2.32 -2.32 -2.6 -2.6 -2.6 -2.6 -2.6 -2.6 -1.7209958 -0.74760741 -1.1060381 -1.11 -1.11 -0.92 -0.92 -0.92 -0.92 -0.94083693 -0.94008557 -0.76361238 -0.4 -0.4 -0.4 -0.4 -0.46000009 -0.46 -0.46 -1.71 -1.71 -1.160423 -1 -1 -1 0.69998885 0.7 0.7 0.7 0.7 1.7799999 1.78 1.78 1.6772184 1.67 1.67 2.7499996 1.86
0.86 0.86 0.86 0.86 -0.12980131 -0.13 -0.13 -0.13 -0.12905361 0.079999277 -0.14521508 -2.0764964 -2.32 -2.32 -2.32 -2.32 -2.32 -2.32 -2.6 -2.6 -2.6 -2.6 -2.6 -2.6 -1.72 -1.72 -0.42 -0.42 -0.42 -0.42000726 -0.92 -0.92 -0.96922911 -0.94017971 -0.94000038 -0.80000003 -0.42598413 -0.4 -0.4 -0.39999988 0.19996833 -0.58999171 -0.46000002 -1.71 -1.71 -1.0005362 -1 -1 -1 -0.0031705038 0.7 0.7 0.7 0.7 1.9416673 1.37 1.3798236 1.6700001 2.75 2.75 2.749845 1.86
0.86 0.86 0.86 0.86 -0.13 -0.13 -0.13 -0.13 0.08 0.08 -0.20999523 0.04952124 0.24704395 -2.32 -2.32 -2.32 -2.32 -2.32 -2.6 -2.6 -2.6 -2.6 -2.6 -2.0135031 -1.72 -1.72 -1.72 -0.42 -0.42 -0.42 -0.41902214 -0.92027753 -1.5155444 -0.94296159 -0.94 -0.8 -0.8 -1.08 -0.56942081 0.2 0.2 -0.59 -0.59 -0.59100924 -1.71 -0.66728994 0.48879803 0.49 0.49 0.48999571 0.7 0.7 0.70000042 1.9915211 1.9966773 1.37 1.37 1.7099881 1.9356684 2.75 1.86 1.86
0.74342761 0.86 0.86 0.86 -0.13 -0.13 -0.13 0.08 0.08 0.08 -0.21 -0.20690959 0.34 0.34 -2.32 -2.32 -2.32 -2.3199773 -2.6 -2.6 -2.6 -2.6 -2.5998923 -1.72 -1.72 -1.72 -1.72 -0.96 -0.26 -0.26 -0.26 -1.44 -0.70025529 -1.9999998 -2 -0.8 -0.8 -1.08 -1.08 0.2 0.2 -0.4 -0.4 -0.40100592 -1.54666 0.49 0.49 0.49 0.49 0.49 0.62504683 1.6799992 1.68 1.68 1.9999992 1.7188552 1.37 1.71 1.92 1.92 0.76000016 0.76
