Interpolating SPI Data/spi_stations/interpolated_spi/11-22_2.tif
NCOLS 257
NROWS 141
XLLCORNER -178.27925
YLLCORNER 5.3153543
DX 0.49934803
DY 0.49997533
NODATA_VALUE -9999
[rows 108 to 134 of 141, columns 183 to 243 of 257]
-1.1399885 -1.1399977 -1.1399996 -1.14 -1.14 -1.14 -1.14 -1.14 -1.14 -1.14 -1.14 -1.14 -1.14 -1.14 -1.14 -1.14 -1.1399998 -1.1399919 -1.1397649 -1.1361637 -1.1039311 -0.9475762 -0.59822583 -0.25964085 -0.07185307 0.014855194 0.055551478 0.07612126 0.087349289 0.093877383 0.097845851 0.10031554 0.10184828 0.10275945 0.10323521 0.10339029 0.10329813 0.10300729 0.10255082 0.10195188 0.1012271 0.10038873 0.099446068 0.098406346 0.097275355 0.096057832 0.094757674 0.093377979 0.091920904 0.090387268 0.088775881 0.087082273 0.085294719 0.08337364 0.081136376 0.07766051 0.068542341 0.035975996 -0.064188597 -0.23220275 -0.35452657
-1.1399931 -1.1399985 -1.1399997 -1.14 -1.14 -1.14 -1.14 -1.14 -1.14 -1.14 -1.14 -1.14 -1.14 -1.14 -1.14 -1.14 -1.1399998 -1.1399955 -1.1399154 -1.1389305 -1.1309837 -1.0887455 -0.94686297 -0.67324961 -0.37933208 -0.17506233 -0.0593759 0.0033292836 0.03824097 0.058625786 0.071108235 0.079061334 0.08427655 0.087751309 0.090066895 0.091576602 0.092503437 0.092993019 0.093143376 0.09302234 0.092678058 0.092145523 0.091450751 0.090613512 0.089649159 0.088569855 0.087385413 0.086103831 0.084731595 0.08327377 0.08173386 0.080113396 0.078410823 0.07661691 0.074690682 0.072434915 0.068902416 0.059864349 0.029222331 -0.062126063 -0.22082814
-1.139995 -1.1399988 -1.1399997 -1.14 -1.14 -1.14 -1.14 -1.14 -1.14 -1.14 -1.14 -1.14 -1.14 -1.14 -1.14 -1.14 -1.1399998 -1.1399964 -1.1399539 -1.1395538 -1.1367966 -1.1228953 -1.0719649 -0.94116536 -0.71864443 -0.47042294 -0.27198514 -0.14082126 -0.060182921 -0.0109129 0.019874958 0.039722575 0.052914463 0.06191154 0.068165295 0.072559306 0.075648995 0.077794405 0.079235724 0.080137481 0.080615166 0.0807517 0.080607888 0.080229213 0.079650348 0.078898203 0.077994022 0.07695483 0.075794428 0.07452404 0.073152691 0.07168733 0.070132642 0.068489948 0.066751704 0.064873489 0.062639546 0.059067424 0.050036186 0.02072598 -0.063882553
-1.1399957 -1.1399988 -1.1399997 -1.1399999 -1.14 -1.14 -1.14 -1.14 -1.14 -1.14 -1.14 -1.14 -1.14 -1.14 -1.14 -1.14 -1.1399996 -1.1399963 -1.1399665 -1.1397485 -1.1384837 -1.1327038 -1.1119665 -1.0542029 -0.93277522 -0.74627122 -0.53677406 -0.35445514 -0.21978244 -0.12802371 -0.06709143 -0.026476451 0.0010558558 0.020113227 0.03357369 0.043245326 0.050283493 0.055442557 0.059226503 0.061979805 0.063943125 0.065288133 0.066139694 0.066590326 0.066709776 0.066551498 0.066157108 0.065559475 0.064784912 0.063854711 0.062786209 0.0615935 0.060287838 0.058877633 0.057367264 0.055750373 0.053977412 0.051810289 0.048220501 0.039137011 0.010691234
-1.1399959 -1.1399987 -1.1399996 -1.1399999 -1.14 -1.14 -1.14 -1.14 -1.14 -1.14 -1.14 -1.14 -1.14 -1.14 -1.14 -1.1399999 -1.1399994 -1.1399956 -1.1399703 -1.1398231 -1.1391022 -1.1361619 -1.1262296 -1.098587 -1.0359739 -0.92291056 -0.76295394 -0.58450054 -0.42108472 -0.29059048 -0.19424787 -0.12558229 -0.077060344 -0.042574513 -0.017761315 0.00034885318 0.013748706 0.023779017 0.031351889 0.037097166 0.041457087 0.044747516 0.047197899 0.048977656 0.050213859 0.051003264 0.051420594 0.051524352 0.051360924 0.050967525 0.050374309 0.049605888 0.048682391 0.047620151 0.046431859 0.04512515 0.043694429 0.042083376 0.040027529 0.036441043 0.027252634
-1.1399956 -1.1399985 -1.1399995 -1.1399998 -1.14 -1.14 -1.14 -1.14 -1.14 -1.14 -1.14 -1.14 -1.14 -1.14 -1.14 -1.1399998 -1.139999 -1.1399943 -1.1399698 -1.1398538 -1.1393688 -1.1376074 -1.1320912 -1.1172675 -1.0833015 -1.0176792 -0.91227448 -0.77266265 -0.61882472 -0.47361467 -0.35120017 -0.25512198 -0.18255458 -0.12860465 -0.088578481 -0.058720358 -0.036247445 -0.01916428 -0.0060553901 0.0040841335 0.011972856 0.018130037 0.022935526 0.026670816 0.029547262 0.03172563 0.033329756 0.034456204 0.035181157 0.035565385 0.035657869 0.035498444 0.035119739 0.034548582 0.033806936 0.032912161 0.031875237 0.030690795 0.029293921 0.027389271 0.023821855
-1.1399951 -1.1399981 -1.1399993 -1.1399997 -1.1399999 -1.14 -1.14 -1.14 -1.14 -1.14 -1.14 -1.14 -1.14 -1.14 -1.1399999 -1.1399996 -1.1399982 -1.1399921 -1.1399664 -1.1398641 -1.1394943 -1.1382931 -1.1348224 -1.1259512 -1.1059858 -1.0666819 -0.99961508 -0.90129548 -0.77778655 -0.64358498 -0.51463084 -0.40174137 -0.30895823 -0.23553797 -0.17855844 -0.134653 -0.10080893 -0.074601425 -0.054174922 -0.038142255 -0.025475316 -0.015412277 -0.0073859722 -0.00097097519 0.0041547336 0.0082373312 0.011466955 0.013991984 0.015929395 0.017372328 0.018395655 0.0190601 0.019415317 0.019502173 0.019354446 0.018999965 0.018460893 0.017751429 0.01686566 0.015727915 0.014006853
-1.1399941 -1.1399975 -1.139999 -1.1399996 -1.1399998 -1.1399999 -1.14 -1.14 -1.14 -1.14 -1.14 -1.14 -1.14 -1.1399999 -1.1399997 -1.1399991 -1.1399969 -1.1399889 -1.1399603 -1.1398627 -1.1395528 -1.1386459 -1.1362271 -1.1303826 -1.1176464 -1.0927332 -1.04925 -0.98198908 -0.89024318 -0.7798181 -0.66147462 -0.54658616 -0.44331849 -0.35544862 -0.28329607 -0.22526493 -0.1790627 -0.14239329 -0.1132548 -0.090016213 -0.071394423 -0.056397354 -0.044263324 -0.034407996 -0.026381727 -0.019836641 -0.014501754 -0.010164359 -0.0066561359 -0.003842786 -0.0016162698 0.00011102804 0.001410707 0.0023416919 0.002952769 0.0032844818 0.0033704054 0.0032373494 0.0029023239 0.002357799 0.0015147382
-1.1399926 -1.1399966 -1.1399984 -1.1399993 -1.1399997 -1.1399998 -1.1399999 -1.1399999 -1.14 -1.14 -1.14 -1.1399999 -1.1399999 -1.1399998 -1.1399994 -1.1399983 -1.1399949 -1.1399841 -1.1399512 -1.1398528 -1.139574 -1.1388328 -1.1370017 -1.1328254 -1.1240729 -1.1072846 -1.077942 -1.0314424 -0.96493812 -0.87928946 -0.77972241 -0.6743667 -0.57150772 -0.47731191 -0.3950362 -0.32547124 -0.26785251 -0.22068306 -0.18227638 -0.15104321 -0.12560883 -0.10483766 -0.087815087 -0.07381417 -0.062260482 -0.0527006 -0.044775919 -0.038201706 -0.032750715 -0.028240495 -0.024523619 -0.021480175 -0.019011978 -0.017038118 -0.015491516 -0.014316269 -0.013465647 -0.012900785 -0.012590685 -0.012516226 -0.012687983
-1.1399906 -1.1399952 -1.1399976 -1.1399988 -1.1399994 -1.1399997 -1.1399998 -1.1399999 -1.1399999 -1.1399999 -1.1399999 -1.1399998 -1.1399997 -1.1399994 -1.1399987 -1.1399968 -1.1399916 -1.1399773 -1.1399385 -1.1398353 -1.139571 -1.1389267 -1.1374451 -1.1342522 -1.1278344 -1.1158473 -1.0951178 -1.062055 -1.0136023 -0.94854521 -0.86854346 -0.77814264 -0.68357207 -0.59097988 -0.50504985 -0.42848693 -0.36223509 -0.30602275 -0.25890936 -0.21968874 -0.18713386 -0.16012093 -0.13767765 -0.11898987 -0.10338864 -0.090329949 -0.07937357 -0.070163664 -0.062412264 -0.055885659 -0.050393421 -0.045779669 -0.04191615 -0.038696783 -0.036033369 -0.033852203 -0.032091425 -0.030699016 -0.029631555 -0.028854585 -0.02834786
-1.1399877 -1.1399933 -1.1399964 -1.139998 -1.1399989 -1.1399993 -1.1399996 -1.1399997 -1.1399997 -1.1399997 -1.1399997 -1.1399996 -1.1399993 -1.1399987 -1.1399974 -1.1399942 -1.1399865 -1.1399677 -1.1399216 -1.1398103 -1.1395498 -1.1389622 -1.1376978 -1.1351169 -1.1301434 -1.1211285 -1.1058087 -1.0814782 -1.0454785 -0.99598607 -0.93285353 -0.85807278 -0.77551838 -0.69001975 -0.60621348 -0.52768656 -0.45664561 -0.39402954 -0.33984326 -0.29352044 -0.25421521 -0.22099825 -0.19297062 -0.16931977 -0.14933989 -0.13243244 -0.11809715 -0.10591933 -0.09555661 -0.086726695 -0.079196647 -0.072773856 -0.067298575 -0.062637832 -0.058680499 -0.055333315 -0.0525177 -0.050167219 -0.048225671 -0.046646022 -0.045391299
-1.1399838 -1.1399906 -1.1399945 -1.1399967 -1.139998 -1.1399987 -1.1399991 -1.1399993 -1.1399994 -1.1399994 -1.1399993 -1.139999 -1.1399985 -1.1399974 -1.1399951 -1.1399901 -1.1399791 -1.1399544 -1.1398993 -1.1397772 -1.1395128 -1.1389568 -1.1378309 -1.1356471 -1.1316086 -1.1245142 -1.1127115 -1.0941671 -1.066723 -1.0285595 -0.97877567 -0.91787762 -0.84791699 -0.77215649 -0.69437792 -0.61812784 -0.54617836 -0.48031558 -0.42140218 -0.36958728 -0.32454898 -0.28570308 -0.25235469 -0.22379525 -0.19935732 -0.1784408 -0.16052148 -0.14514965 -0.13194391 -0.12058288 -0.11079676 -0.10235926 -0.095080547 -0.08880113 -0.083386687 -0.078723785 -0.074716329 -0.071282663 -0.068353243 -0.065868895 -0.063780046
-1.1399785 -1.1399868 -1.1399918 -1.1399948 -1.1399966 -1.1399976 -1.1399982 -1.1399986 -1.1399987 -1.1399987 -1.1399984 -1.1399979 -1.1399969 -1.139995 -1.1399912 -1.1399837 -1.1399683 -1.1399364 -1.1398704 -1.1397349 -1.1394609 -1.1389197 -1.1378825 -1.1359641 -1.1325538 -1.1267482 -1.1173102 -1.1026963 -1.0811943 -1.0511961 -1.0115786 -0.96209352 -0.90361211 -0.83809662 -0.76827486 -0.69713433 -0.62742184 -0.56129941 -0.50020945 -0.44491281 -0.39562468 -0.35217899 -0.31417741 -0.28110451 -0.25240701 -0.22754303 -0.2060094 -0.18735419 -0.17118012 -0.15714287 -0.14494663 -0.13433871 -0.12510385 -0.11705891 -0.11004804 -0.10393847 -0.098616922 -0.09398652 -0.089964247 -0.086478875 -0.083469491
-1.1399713 -1.1399815 -1.1399878 -1.1399918 -1.1399943 -1.1399958 -1.1399967 -1.1399972 -1.1399974 -1.1399973 -1.1399968 -1.1399959 -1.1399942 -1.139991 -1.1399851 -1.1399741 -1.139953 -1.1399124 -1.1398337 -1.1396821 -1.1393938 -1.1388553 -1.1378737 -1.1361361 -1.1331606 -1.1282479 -1.1204495 -1.1085757 -1.0912724 -1.0671849 -1.0352047 -0.99475287 -0.9460157 -0.89003817 -0.82861922 -0.76403037 -0.69865024 -0.63462971 -0.57366998 -0.51693682 -0.46508613 -0.41835464 -0.37667317 -0.33977346 -0.30727489 -0.27874769 -0.25375517 -0.23187937 -0.21273508 -0.19597585 -0.18129522 -0.16842509 -0.15713258 -0.14721636 -0.13850278 -0.13084224 -0.12410589 -0.11818262 -0.11297655 -0.10840484 -0.1043959
-1.1399618 -1.1399741 -1.1399822 -1.1399874 -1.1399907 -1.1399929 -1.1399942 -1.1399948 -1.139995 -1.1399948 -1.139994 -1.1399924 -1.1399895 -1.1399845 -1.1399758 -1.1399602 -1.1399321 -1.1398808 -1.1397874 -1.1396173 -1.1393107 -1.1387658 -1.1378168 -1.1362032 -1.1335351 -1.1292579 -1.1226277 -1.1127121 -1.0984341 -1.0786735 -1.0524274 -1.0190095 -0.97824267 -0.93058362 -0.87712835 -0.81948351 -0.75953722 -0.69919676 -0.64016292 -0.58378547 -0.53100902 -0.48239166 -0.43816736 -0.39832539 -0.36268749 -0.33097312 -0.30284914 -0.27796497 -0.25597552 -0.23655496 -0.21940398 -0.20425274 -0.19086106 -0.17901709 -0.16853501 -0.15925249 -0.15102802 -0.14373837 -0.13727624 -0.1315482 -0.12647285
-1.1399492 -1.1399641 -1.1399742 -1.1399809 -1.1399854 -1.1399883 -1.13999 -1.139991 -1.1399911 -1.1399906 -1.1399892 -1.1399866 -1.1399821 -1.1399747 -1.139962 -1.1399406 -1.1399038 -1.1398402 -1.1397298 -1.1395387 -1.1392101 -1.1386518 -1.1377186 -1.1361894 -1.133742 -1.1299269 -1.1241488 -1.1156647 -1.1036099 -1.0870624 -1.0651493 -1.0371856 -1.0028217 -0.96216147 -0.91581337 -0.86485005 -0.81068238 -0.75487925 -0.69897991 -0.64434104 -0.59204193 -0.54285066 -0.49723861 -0.45542463 -0.41743172 -0.38314339 -0.35235278 -0.32480157 -0.30020866 -0.27829001 -0.25877135 -0.24139576 -0.22592746 -0.21215323 -0.19988218 -0.18894468 -0.17919065 -0.17048782 -0.16271979 -0.15578422 -0.14959125
-1.1399327 -1.1399507 -1.1399631 -1.1399717 -1.1399775 -1.1399813 -1.1399836 -1.1399848 -1.1399849 -1.1399839 -1.1399817 -1.1399776 -1.1399709 -1.13996 -1.1399424 -1.1399137 -1.1398665 -1.1397884 -1.1396589 -1.1394442 -1.1390905 -1.138513 -1.1375829 -1.1361095 -1.1338217 -1.1303484 -1.1252045 -1.1177884 -1.1073981 -1.0932733 -1.0746673 -1.0509442 -1.0216887 -0.98680607 -0.94658492 -0.90170305 -0.85316798 -0.80220495 -0.75011838 -0.69815799 -0.64741445 -0.59875704 -0.55281276 -0.50997819 -0.4704516 -0.43427407 -0.40137115 -0.37159003 -0.3447299 -0.32056519 -0.29886231 -0.27939101 -0.26193162 -0.24627926 -0.23224583 -0.21966064 -0.20837008 -0.19823667 -0.18913793 -0.18096499 -0.1736213
-1.1399114 -1.1399329 -1.1399481 -1.1399587 -1.1399661 -1.139971 -1.139974 -1.1399754 -1.1399753 -1.1399737 -1.1399702 -1.1399641 -1.1399544 -1.1399391 -1.1399153 -1.1398777 -1.1398181 -1.1397235 -1.1395725 -1.1393318 -1.1389499 -1.1383484 -1.1374115 -1.1359728 -1.1338004 -1.1305829 -1.1259188 -1.1193139 -1.1101914 -1.0979213 -1.081869 -1.0614644 -1.0362836 -1.0061283 -0.9710867 -0.93155919 -0.88823844 -0.84204596 -0.794038 -0.74530054 -0.69685386 -0.64958104 -0.60418683 -0.56118523 -0.52090929 -0.48353507 -0.44911202 -0.41759404 -0.38886787 -0.36277679 -0.33913934 -0.31776324 -0.29845534 -0.28102825 -0.26530451 -0.25111896 -0.23831981 -0.22676881 -0.21634091 -0.20692354 -0.19841571
-1.1398841 -1.1399095 -1.1399278 -1.139941 -1.1399502 -1.1399563 -1.13996 -1.1399616 -1.1399612 -1.1399585 -1.1399533 -1.1399446 -1.1399309 -1.1399101 -1.1398785 -1.1398303 -1.1397565 -1.139643 -1.1394682 -1.1391991 -1.1387861 -1.1381564 -1.1372051 -1.1357848 -1.133695 -1.1306705 -1.1263744 -1.120395 -1.1122536 -1.1014239 -1.0873673 -1.0695819 -1.0476632 -1.0213662 -0.99065859 -0.955753 -0.9171081 -0.87539713 -0.83144803 -0.786167 -0.74045985 -0.6951638 -0.6509985 -0.60853881 -0.5682078 -0.53028512 -0.49492509 -0.46217956 -0.43202139 -0.40436624 -0.37909114 -0.35604952 -0.3350828 -0.31602882 -0.29872782 -0.2830264 -0.26877996 -0.25585401 -0.24412472 -0.23347894 -0.22381383
-1.1398495 -1.1398792 -1.1399012 -1.1399171 -1.1399283 -1.1399359 -1.1399403 -1.1399419 -1.1399409 -1.1399369 -1.1399293 -1.1399171 -1.1398986 -1.1398709 -1.13983 -1.1397693 -1.1396791 -1.1395446 -1.1393437 -1.1390437 -1.1385971 -1.1379355 -1.1369633 -1.1355489 -1.1335166 -1.1306383 -1.1266272 -1.1211368 -1.113765 -1.1040692 -1.0915909 -1.0758923 -1.0566006 -1.033457 -1.0063604 -0.97539998 -0.94086619 -0.9032389 -0.86315168 -0.82133927 -0.77857689 -0.73562165 -0.69316391 -0.65179352 -0.61198209 -0.57407926 -0.53831992 -0.5048382 -0.47368485 -0.44484522 -0.41825613 -0.39382045 -0.37141925 -0.35092126 -0.3321901 -0.31508952 -0.29948697 -0.28525605 -0.27227791 -0.26044201 -0.24964634
-1.1398059 -1.1398405 -1.1398664 -1.1398854 -1.1398989 -1.1399079 -1.1399131 -1.1399147 -1.1399127 -1.1399068 -1.1398962 -1.1398797 -1.139855 -1.1398191 -1.1397672 -1.1396921 -1.1395834 -1.1394255 -1.1391962 -1.138863 -1.1383802 -1.1376836 -1.1366852 -1.1352667 -1.1332728 -1.1305047 -1.1267163 -1.1216122 -1.1148517 -1.1060594 -1.0948437 -1.0808238 -1.0636629 -1.0431062 -1.019017 -0.99140512 -0.96044322 -0.92646515 -0.88994687 -0.85147179 -0.8116863 -0.77125253 -0.73080473 -0.69091474 -0.65206868 -0.61465539 -0.57896498 -0.54519495 -0.51346121 -0.48381145 -0.45623911 -0.43069647 -0.40710627 -0.38537142 -0.36538283 -0.34702549 -0.33018299 -0.31474078 -0.30058843 -0.28762105 -0.27574014
-1.1397517 -1.1397917 -1.1398219 -1.1398442 -1.1398602 -1.1398707 -1.1398765 -1.1398778 -1.1398745 -1.1398661 -1.1398518 -1.1398298 -1.1397978 -1.1397521 -1.1396874 -1.1395959 -1.1394665 -1.139283 -1.139023 -1.1386544 -1.1381331 -1.1373986 -1.1363696 -1.134939 -1.1329682 -1.1302828 -1.126669 -1.1218729 -1.1156031 -1.1075389 -1.0973442 -1.0846876 -1.0692683 -1.050845 -1.0292652 -1.0044902 -0.97661106 -0.94585411 -0.91257134 -0.87721894 -0.84032592 -0.80245759 -0.76417902 -0.72602291 -0.6884649 -0.65190759 -0.61667313 -0.58300311 -0.55106384 -0.52095505 -0.49272042 -0.46635846 -0.44183281 -0.41908147 -0.39802469 -0.37857138 -0.36062419 -0.34408347 -0.32885009 -0.31482753 -0.30192327
-1.1396849 -1.1397306 -1.1397655 -1.1397914 -1.1398099 -1.139822 -1.1398283 -1.1398289 -1.1398239 -1.1398124 -1.1397934 -1.1397649 -1.1397242 -1.1396671 -1.1395878 -1.1394778 -1.1393254 -1.1391142 -1.1388212 -1.138415 -1.1378531 -1.1370782 -1.136015 -1.1345656 -1.1326058 -1.1299813 -1.1265048 -1.1219562 -1.1160841 -1.1086125 -1.0992514 -1.0877122 -1.0737276 -1.0570743 -1.0375961 -1.0152254 -0.98999881 -0.96206412 -0.93167798 -0.89919301 -0.86503636 -0.82968242 -0.79362354 -0.75734198 -0.72128627 -0.68585361 -0.65137891 -0.61813027 -0.58630958 -0.55605706 -0.52745832 -0.50055265 -0.47534157 -0.45179708 -0.42986898 -0.4094913 -0.39058756 -0.37307508 -0.35686826 -0.34188117 -0.32802936
-1.1396035 -1.1396553 -1.1396951 -1.1397248 -1.1397459 -1.1397595 -1.139766 -1.1397657 -1.1397583 -1.1397429 -1.1397183 -1.1396821 -1.1396312 -1.139561 -1.1394652 -1.1393347 -1.1391573 -1.138916 -1.1385879 -1.1381422 -1.1375377 -1.1367201 -1.1356194 -1.1341459 -1.1321875 -1.1296064 -1.1262378 -1.1218891 -1.1163418 -1.1093569 -1.1006828 -1.0900675 -1.0772741 -1.0620984 -1.0443881 -1.02406 -1.0011141 -0.97564224 -0.94782876 -0.9179437 -0.88632861 -0.85337675 -0.81951022 -0.7851566 -0.75072767 -0.71660207 -0.68311269 -0.65053936 -0.61910606 -0.58898204 -0.56028574 -0.5330905 -0.50743118 -0.48331099 -0.46070806 -0.43958135 -0.41987589 -0.40152711 -0.38446445 -0.36861418 -0.35390162
-1.139505 -1.1395632 -1.1396082 -1.1396418 -1.1396656 -1.1396805 -1.139687 -1.1396853 -1.1396748 -1.1396548 -1.1396234 -1.1395782 -1.1395156 -1.1394307 -1.1393164 -1.1391634 -1.1389588 -1.1386854 -1.1383203 -1.1378331 -1.1371841 -1.136322 -1.1351811 -1.133679 -1.131714 -1.1291626 -1.1258783 -1.1216916 -1.1164115 -1.1098296 -1.1017264 -1.0918812 -1.0800842 -1.0661504 -1.0499348 -1.0313472 -1.0103644 -0.9870382 -0.96149883 -0.93395144 -0.90466724 -0.87396943 -0.84221568 -0.80977938 -0.77703119 -0.74432306 -0.71197537 -0.68026816 -0.64943608 -0.61966698 -0.59110317 -0.56384484 -0.53795474 -0.51346349 -0.49037509 -0.46867218 -0.44832089 -0.42927505 -0.41147982 -0.39487472 -0.37939598
-1.139387 -1.1394519 -1.1395022 -1.1395398 -1.1395661 -1.1395822 -1.1395883 -1.1395846 -1.1395705 -1.1395448 -1.1395056 -1.13945 -1.1393743 -1.1392728 -1.1391382 -1.1389606 -1.1387268 -1.1384193 -1.1380152 -1.1374849 -1.1367898 -1.1358813 -1.134698 -1.1331637 -1.1311857 -1.1286525 -1.1254336 -1.1213787 -1.1163197 -1.1100737 -1.1024486 -1.0932503 -1.0822929 -1.0694093 -1.0544642 -1.0373658 -1.0180762 -0.99661946 -0.9730854 -0.94762876 -0.92046383 -0.89185461 -0.86210176 -0.83152772 -0.80046134 -0.76922369 -0.73811584 -0.70740963 -0.67734134 -0.64810849 -0.61986912 -0.59274325 -0.56681577 -0.54214028 -0.51874349 -0.49662958 -0.47578456 -0.45618015 -0.43777728 -0.42052911 -0.40438351
-1.1392469 -1.1393187 -1.1393744 -1.1394159 -1.1394447 -1.1394616 -1.139467 -1.1394607 -1.1394421 -1.1394097 -1.1393615 -1.1392942 -1.1392036 -1.1390839 -1.1389271 -1.138723 -1.138458 -1.1381146 -1.1376698 -1.1370947 -1.1363522 -1.1353959 -1.1341682 -1.1325986 -1.1306023 -1.1280782 -1.1249092 -1.1209615 -1.1160863 -1.1101223 -1.1029003 -1.0942494 -1.0840041 -1.0720144 -1.0581552 -1.0423363 -1.0245115 -1.0046855 -0.98291829 -0.95932581 -0.93407669 -0.90738572 -0.87950424 -0.85070852 -0.82128722 -0.79152917 -0.76171228 -0.73209452 -0.70290703 -0.67434982 -0.64658968 -0.61976003 -0.59396231 -0.56926854 -0.54572451 -0.52335331 -0.50215899 -0.48213003 -0.46324257 -0.4454633 -0.42875194
