Interpolating SPI Data/spi_stations/interpolated_spi/11-20_2.tif
NCOLS 257
NROWS 141
XLLCORNER -178.27925
YLLCORNER 5.3153543
DX 0.49934803
DY 0.49997533
NODATA_VALUE -9999
[rows 54 to 80 of 141, columns 0 to 61 of 257]
-0.31280661 -0.31418734 -0.31552422 -0.31681739 -0.31806703 -0.31927337 -0.32043665 -0.32155715 -0.32263521 -0.32367118 -0.32466547 -0.3256185 -0.32653076 -0.32740274 -0.328235 -0.32902812 -0.32978272 -0.33049945 -0.33117901 -0.33182211 -0.33242951 -0.333002 -0.33354038 -0.3340455 -0.33451821 -0.33495938 -0.33536989 -0.33575062 -0.33610245 -0.33642623 -0.33672279 -0.33699289 -0.33723723 -0.3374564 -0.33765084 -0.3378208 -0.33796627 -0.33808686 -0.3381817 -0.33824918 -0.33828677 -0.3382905 -0.33825438 -0.33816944 -0.33802217 -0.3377921 -0.33744778 -0.33693999 -0.33619011 -0.33506936 -0.33336111 -0.33069025 -0.32638785 -0.3192272 -0.30690837 -0.28508902 -0.24580284 -0.17600828 -0.060679392 0.10061506 0.27297936 0.4082969
-0.31241021 -0.31378703 -0.31512042 -0.31641051 -0.31765746 -0.31886148 -0.32002278 -0.32114165 -0.32221838 -0.32325332 -0.32424682 -0.3251993 -0.32611121 -0.326983 -0.3278152 -0.32860833 -0.32936298 -0.33007974 -0.33075925 -0.33140215 -0.33200913 -0.33258088 -0.33311811 -0.33362154 -0.33409189 -0.33452987 -0.33493617 -0.33531143 -0.33565625 -0.33597116 -0.33625656 -0.3365127 -0.33673965 -0.33693718 -0.3371047 -0.33724113 -0.33734469 -0.33741269 -0.33744112 -0.33742416 -0.33735337 -0.33721651 -0.33699577 -0.33666492 -0.33618486 -0.33549627 -0.3345075 -0.33307396 -0.33096223 -0.32778643 -0.3228933 -0.31515247 -0.3025763 -0.28165943 -0.24637648 -0.18725072 -0.092630181 0.042990261 0.20371298 0.35223115 0.46045438 0.52921027
-0.31190629 -0.31327945 -0.31460951 -0.31589661 -0.31714086 -0.31834246 -0.31950161 -0.32061854 -0.32169352 -0.32272686 -0.32371888 -0.32466995 -0.32558045 -0.32645081 -0.32728148 -0.32807291 -0.32882561 -0.32954008 -0.33021685 -0.33085646 -0.33145945 -0.33202636 -0.33255771 -0.33305399 -0.33351567 -0.33394314 -0.33433672 -0.3346966 -0.33502281 -0.3353152 -0.33557331 -0.33579632 -0.33598293 -0.33613117 -0.33623818 -0.3362999 -0.33631063 -0.33626237 -0.33614391 -0.33593945 -0.33562658 -0.33517312 -0.33453238 -0.3336355 -0.33237925 -0.33060614 -0.32807111 -0.3243854 -0.31892028 -0.31064177 -0.29783001 -0.2776252 -0.2453837 -0.19409122 -0.11492597 -0.001502507 0.14071699 0.28825598 0.41220186 0.49983077 0.55737239 0.59734192
-0.31128046 -0.31264954 -0.31397577 -0.31525923 -0.31650003 -0.31769831 -0.31885424 -0.319968 -0.32103981 -0.32206992 -0.3230586 -0.32400613 -0.32491282 -0.32577901 -0.32660503 -0.32739125 -0.32813801 -0.32884566 -0.32951457 -0.33014506 -0.33073741 -0.33129189 -0.33180867 -0.33228784 -0.33272937 -0.33313306 -0.33349851 -0.33382501 -0.33411152 -0.3343565 -0.33455777 -0.33471232 -0.33481605 -0.33486333 -0.33484653 -0.33475528 -0.33457536 -0.33428724 -0.33386381 -0.33326707 -0.33244314 -0.33131458 -0.32976849 -0.32763765 -0.32467048 -0.32048218 -0.31447528 -0.30571009 -0.29269777 -0.27308599 -0.2432408 -0.19787954 -0.1303426 -0.034836381 0.088086129 0.22552472 0.3548164 0.45753712 0.52994599 0.57940963 0.61561486 0.64576996
-0.31051486 -0.31187862 -0.3131996 -0.31447783 -0.31571339 -0.31690635 -0.31805681 -0.31916489 -0.32023072 -0.32125447 -0.3222363 -0.32317638 -0.3240749 -0.32493202 -0.32574792 -0.32652276 -0.32725665 -0.3279497 -0.32860194 -0.32921331 -0.3297837 -0.33031282 -0.33080024 -0.33124531 -0.33164709 -0.33200428 -0.33231512 -0.33257723 -0.33278745 -0.33294162 -0.3330342 -0.33305786 -0.33300292 -0.33285647 -0.33260121 -0.33221384 -0.33166268 -0.33090423 -0.32987814 -0.32849968 -0.32664836 -0.32415059 -0.32075291 -0.31608023 -0.30957089 -0.30037588 -0.2872062 -0.26811434 -0.24022038 -0.19948332 -0.14084742 -0.059480727 0.046063771 0.16947128 0.29546009 0.40635481 0.49204384 0.5531988 0.59665937 0.62985432 0.65819487 0.68485273
-0.30958759 -0.31094366 -0.31225679 -0.31352694 -0.31475409 -0.31593823 -0.31707937 -0.31817751 -0.31923267 -0.32024485 -0.32121405 -0.32214027 -0.32302347 -0.32386357 -0.32466047 -0.32541398 -0.32612385 -0.32678971 -0.32741106 -0.32798722 -0.3285173 -0.32900013 -0.32943417 -0.32981744 -0.33014739 -0.33042072 -0.3306332 -0.33077937 -0.33085218 -0.33084253 -0.33073858 -0.33052483 -0.33018095 -0.32968 -0.328986 -0.3280505 -0.32680762 -0.32516679 -0.32300217 -0.32013695 -0.31631988 -0.31119013 -0.30422464 -0.29466016 -0.28138085 -0.26276576 -0.2365084 -0.19947484 -0.14779243 -0.077565468 0.013278649 0.12209715 0.23951035 0.35154107 0.44611707 0.51852084 0.57123946 0.61009915 0.64081735 0.66753831 0.69276226 0.71777895
-0.30847197 -0.30981655 -0.31111767 -0.31237518 -0.31358894 -0.3147588 -0.31588462 -0.31696622 -0.31800341 -0.31899598 -0.31994367 -0.32084616 -0.32170308 -0.32251394 -0.32327818 -0.32399506 -0.32466368 -0.32528292 -0.32585139 -0.32636733 -0.32682857 -0.32723237 -0.32757534 -0.32785317 -0.3280605 -0.32819052 -0.32823464 -0.3281819 -0.32801832 -0.3277259 -0.32728137 -0.3266544 -0.32580518 -0.324681 -0.32321148 -0.3213018 -0.31882293 -0.31559773 -0.31138063 -0.30582839 -0.29845781 -0.28858573 -0.27524634 -0.25708452 -0.23223647 -0.19824231 -0.15210584 -0.090726658 -0.012002686 0.083324888 0.18987576 0.29776066 0.39592268 0.4768577 0.53895787 0.58522833 0.62045966 0.6490927 0.67436094 0.6982735 0.72191356 0.7457589
-0.30713571 -0.30846315 -0.3097461 -0.31098423 -0.31217724 -0.31332476 -0.3144264 -0.31548172 -0.31649023 -0.31745135 -0.3183644 -0.31922861 -0.32004304 -0.32080658 -0.32151789 -0.32217538 -0.3227771 -0.32332069 -0.32380329 -0.32422137 -0.32457063 -0.32484576 -0.32504019 -0.32514577 -0.32515232 -0.3250471 -0.32481404 -0.32443277 -0.32387731 -0.32311431 -0.32210066 -0.32078018 -0.31907914 -0.31689999 -0.31411258 -0.31054191 -0.3059509 -0.30001617 -0.29229444 -0.28217649 -0.26882646 -0.25110716 -0.22750091 -0.19605639 -0.15443227 -0.10016879 -0.031363821 0.052158744 0.14750109 0.24813408 0.34525195 0.43087582 0.500704 0.55476637 0.59600235 0.6282981 0.65514233 0.67910076 0.70181485 0.72420761 0.74671265 0.76945533
-0.30554008 -0.30684234 -0.30809836 -0.30930757 -0.31046938 -0.31158311 -0.312648 -0.31366322 -0.31462777 -0.31554055 -0.31640024 -0.31720533 -0.31795403 -0.31864423 -0.31927342 -0.3198386 -0.32033618 -0.32076185 -0.32111037 -0.32137539 -0.32154917 -0.32162221 -0.32158281 -0.32141651 -0.32110529 -0.3206266 -0.31995207 -0.31904576 -0.31786187 -0.31634161 -0.31440901 -0.31196527 -0.30888092 -0.30498524 -0.30005169 -0.29377819 -0.28576045 -0.27545689 -0.26214413 -0.24486464 -0.22237432 -0.19311079 -0.15522687 -0.10676772 -0.04609663 0.027360142 0.11216698 0.20420907 0.29703595 0.38356189 0.45837826 0.51924084 0.56695955 0.60418061 0.63404711 0.65933253 0.68210359 0.70372064 0.72497969 0.74627745 0.76774851 0.78936251
-0.30363883 -0.30490489 -0.30612196 -0.30728911 -0.30840534 -0.30946949 -0.31048028 -0.31143623 -0.31233567 -0.31317664 -0.31395689 -0.31467377 -0.31532421 -0.31590455 -0.31641048 -0.31683687 -0.31717756 -0.3174252 -0.31757087 -0.31760381 -0.31751088 -0.31727601 -0.31687942 -0.31629665 -0.31549729 -0.3144433 -0.31308683 -0.31136732 -0.30920766 -0.30650911 -0.30314446 -0.29894894 -0.29370807 -0.28714167 -0.27888287 -0.26845147 -0.25522134 -0.23838381 -0.21691299 -0.18954749 -0.15481697 -0.11116131 -0.057206045 0.0077566283 0.083120857 0.16638507 0.25306627 0.33748694 0.41430462 0.48002074 0.5336382 0.57627811 0.6102322 0.6380484 0.6619573 0.68364601 0.70425579 0.72447998 0.74468355 0.76500749 0.78544652 0.80590189
-0.3013772 -0.3025923 -0.3037543 -0.30486176 -0.30591305 -0.30690636 -0.3078396 -0.30871039 -0.309516 -0.31025327 -0.31091852 -0.31150746 -0.31201505 -0.31243537 -0.31276138 -0.31298473 -0.31309544 -0.31308152 -0.31292853 -0.31261896 -0.31213149 -0.31144007 -0.31051261 -0.30930949 -0.30778145 -0.30586697 -0.30348881 -0.30054945 -0.29692523 -0.2924586 -0.28694812 -0.2801355 -0.27168926 -0.2611845 -0.24807915 -0.23168833 -0.21116159 -0.18547298 -0.15344237 -0.113818 -0.065458971 -0.0076510383 0.059454518 0.13438946 0.21414395 0.29444955 0.37065792 0.43891174 0.49703901 0.54476351 0.58327477 0.61452042 0.64057616 0.66325561 0.68395225 0.70363367 0.72290869 0.74211439 0.76139564 0.78076741 0.80015895 0.81944355
-0.29869083 -0.29983562 -0.30092138 -0.30194593 -0.30290679 -0.30380114 -0.30462579 -0.30537705 -0.30605066 -0.30664171 -0.30714447 -0.30755223 -0.30785714 -0.30804992 -0.30811958 -0.30805307 -0.30783475 -0.30744589 -0.30686389 -0.30606137 -0.30500502 -0.30365412 -0.30195864 -0.29985685 -0.29727223 -0.29410951 -0.29024957 -0.28554303 -0.27980194 -0.27278948 -0.26420719 -0.25367975 -0.24073765 -0.22479935 -0.20515643 -0.18096879 -0.15128201 -0.1150858 -0.071437747 -0.019674265 0.040291092 0.10763462 0.18038441 0.25545962 0.32911502 0.39772016 0.45857182 0.51038092 0.55326716 0.5883707 0.61733243 0.64185379 0.66342426 0.68320674 0.70202896 0.72042916 0.73871937 0.75704626 0.77544093 0.79385586 0.81219083 0.83031053
-0.29550474 -0.29655429 -0.2975365 -0.29844813 -0.29928551 -0.30004445 -0.30072015 -0.30130709 -0.30179888 -0.30218811 -0.30246613 -0.30262284 -0.30264636 -0.30252267 -0.30223514 -0.30176401 -0.30108565 -0.30017172 -0.29898807 -0.29749335 -0.29563734 -0.29335879 -0.29058265 -0.28721667 -0.2831471 -0.27823327 -0.27230086 -0.26513369 -0.25646387 -0.24596027 -0.233216 -0.21773602 -0.19892761 -0.17609864 -0.14847176 -0.11522665 -0.075585669 -0.028957258 0.024859796 0.085436178 0.15150557 0.22090298 0.29075537 0.35794579 0.41972544 0.4742407 0.52077308 0.559644 0.59189339 0.61889941 0.64206592 0.66262745 0.68156328 0.699587 0.71717705 0.73462272 0.75207067 0.76956469 0.78707651 0.80452821 0.82180798 0.83878123
-0.29173236 -0.2926551 -0.29349909 -0.29425968 -0.29493153 -0.29550856 -0.29598378 -0.29634912 -0.29659526 -0.29671132 -0.29668467 -0.29650046 -0.29614126 -0.2955865 -0.2948118 -0.29378815 -0.29248094 -0.29084868 -0.28884146 -0.28639908 -0.28344859 -0.27990141 -0.27564966 -0.27056171 -0.26447669 -0.25719803 -0.24848583 -0.23804823 -0.22553237 -0.21051581 -0.19250059 -0.17091326 -0.14511656 -0.11444042 -0.078242421 -0.036006889 0.012513781 0.067127363 0.12703696 0.19074861 0.25612785 0.32065 0.38180996 0.43756838 0.48667644 0.5287758 0.56427666 0.59410241 0.61941059 0.64136718 0.66100387 0.67915191 0.69643058 0.71326704 0.72992972 0.74656381 0.7632229 0.7798946 0.79651983 0.81300681 0.82924111 0.84509309
-0.2872749 -0.28803147 -0.288694 -0.28925588 -0.28970957 -0.29004644 -0.29025654 -0.29032838 -0.29024865 -0.29000187 -0.28956997 -0.28893179 -0.28806245 -0.28693261 -0.28550753 -0.28374599 -0.28159886 -0.27900744 -0.27590141 -0.27219631 -0.26779047 -0.26256135 -0.25636117 -0.24901175 -0.24029867 -0.22996484 -0.21770399 -0.20315479 -0.18589725 -0.1654538 -0.14129879 -0.11288174 -0.079670606 -0.041221403 0.0027228638 0.052109476 0.10644953 0.16472595 0.22538616 0.28646189 0.3458203 0.40149366 0.45198873 0.49647807 0.5348254 0.56746588 0.59520719 0.61902324 0.63988867 0.65867208 0.67608399 0.69266486 0.70879752 0.72473111 0.74060811 0.75648953 0.77237602 0.78822442 0.8039601 0.81948609 0.83468971 0.84944782
-0.28202101 -0.28256314 -0.28299109 -0.28329572 -0.28346656 -0.28349162 -0.28335705 -0.2830469 -0.28254262 -0.28182269 -0.28086199 -0.27963109 -0.2780955 -0.27621457 -0.27394034 -0.27121605 -0.26797435 -0.26413521 -0.25960333 -0.25426519 -0.24798551 -0.2406032 -0.23192693 -0.22173029 -0.2097472 -0.19566785 -0.17913674 -0.15975419 -0.13708418 -0.1106719 -0.080075293 -0.044914648 -0.0049426915 0.039867377 0.08922676 0.14245099 0.19842674 0.25565802 0.31240832 0.36692271 0.41767794 0.46358975 0.50412004 0.5392656 0.56945187 0.59537938 0.61786984 0.63774281 0.65573449 0.67245591 0.68838108 0.7038541 0.71910619 0.73427621 0.74943053 0.76458045 0.77969627 0.79471813 0.80956418 0.8241367 0.83832667 0.85201757
-0.27584704 -0.27611651 -0.27624583 -0.27622257 -0.27603252 -0.27565936 -0.27508429 -0.27428561 -0.27323816 -0.27191273 -0.27027531 -0.26828616 -0.2658988 -0.26305867 -0.25970171 -0.25575246 -0.25112205 -0.24570572 -0.23938 -0.23199959 -0.22339394 -0.2133637 -0.2016774 -0.18806884 -0.17223601 -0.15384292 -0.13252594 -0.10790731 -0.079618356 -0.047335368 -0.010829845 0.029967959 0.074898108 0.12350552 0.17499979 0.22826305 0.28192329 0.33449367 0.38455504 0.4309385 0.47286078 0.50998041 0.54237057 0.57042943 0.59476183 0.61606332 0.63502695 0.6522804 0.668352 0.6836592 0.69851205 0.71312511 0.72763284 0.74210531 0.75656243 0.77098585 0.78532843 0.79952158 0.81348073 0.82710956 0.84030335 0.85295163
-0.26861811 -0.26854599 -0.26830083 -0.26786614 -0.26722299 -0.26634969 -0.26522128 -0.26380896 -0.26207944 -0.25999416 -0.25750833 -0.25456988 -0.25111812 -0.24708231 -0.24237989 -0.23691449 -0.23057374 -0.22322681 -0.21472178 -0.20488309 -0.19350915 -0.18037069 -0.16521029 -0.14774427 -0.12766786 -0.10466566 -0.078428989 -0.048682156 -0.015218886 0.022051442 0.063051034 0.10748189 0.15478716 0.20414103 0.25448132 0.30459126 0.35322338 0.39924246 0.44175561 0.48019873 0.51436282 0.54436175 0.57055872 0.59347485 0.61370095 0.6318261 0.64838833 0.66384662 0.67856994 0.69283822 0.70685047 0.7207362 0.7345678 0.74837203 0.7621401 0.77583587 0.78940235 0.80276666 0.81584393 0.82854025 0.84075507 0.85238323
-0.26019023 -0.25969643 -0.25898888 -0.25804608 -0.25684341 -0.2553527 -0.25354158 -0.25137285 -0.2488036 -0.24578437 -0.242258 -0.2381584 -0.23340913 -0.22792184 -0.22159446 -0.21430932 -0.2059312 -0.19630541 -0.18525617 -0.17258553 -0.1580734 -0.14147924 -0.12254643 -0.10101034 -0.076611468 -0.049114891 -0.018337014 0.015820537 0.053331598 0.094005193 0.13745177 0.18306603 0.23003689 0.27739206 0.32407718 0.36905951 0.41143663 0.45052749 0.48592662 0.51751337 0.54542022 0.5699732 0.59162102 0.61086729 0.62821509 0.64412781 0.65900583 0.6731763 0.68689237 0.70033851 0.71363893 0.72686715 0.74005533 0.75320269 0.76628258 0.7792482 0.79203712 0.80457479 0.81677728 0.82855343 0.83980663 0.85043632
-0.25041363 -0.2494072 -0.2481377 -0.24657771 -0.24469596 -0.24245673 -0.23981917 -0.23673648 -0.23315503 -0.22901332 -0.22424082 -0.21875667 -0.21246833 -0.2052701 -0.19704163 -0.18764656 -0.17693136 -0.16472476 -0.15083797 -0.13506627 -0.11719257 -0.096993803 -0.074250904 -0.04876343 -0.02036935 0.011029848 0.045439771 0.082742059 0.12266628 0.16477127 0.20844346 0.25291851 0.29732926 0.34077646 0.38241228 0.42152138 0.45758388 0.49030866 0.51963341 0.54569574 0.5687853 0.5892886 0.60763639 0.62426016 0.63956072 0.65388862 0.66753468 0.68072818 0.69364002 0.70638882 0.71904829 0.73165476 0.74421411 0.75670788 0.76909824 0.78133211 0.79334432 0.80506013 0.81639724 0.82726736 0.83757764 0.84723177
-0.23913772 -0.23751794 -0.23557675 -0.23328002 -0.23058901 -0.22745965 -0.22384179 -0.21967838 -0.21490447 -0.20944626 -0.20321994 -0.19613063 -0.18807121 -0.17892137 -0.16854685 -0.15679911 -0.1435157 -0.12852173 -0.11163277 -0.092659933 -0.071417549 -0.047734231 -0.021467705 0.0074764547 0.039122732 0.073401806 0.11012776 0.14898056 0.18949896 0.23108887 0.27305049 0.31462437 0.35505157 0.39363935 0.4298208 0.46319809 0.49356239 0.52088926 0.54531348 0.56709072 0.58655419 0.60407351 0.62002024 0.63474239 0.64854784 0.66169579 0.67439408 0.68680095 0.69902929 0.71115225 0.72320926 0.73521171 0.74714818 0.75898876 0.77068873 0.78219146 0.79343069 0.80433245 0.81481649 0.82479758 0.83418663 0.84289167
-0.2262176 -0.22387617 -0.22114614 -0.21798615 -0.21434947 -0.21018329 -0.20542796 -0.20001621 -0.19387223 -0.18691086 -0.17903676 -0.1701437 -0.16011404 -0.14881868 -0.13611743 -0.12186032 -0.10589004 -0.088045941 -0.068170025 -0.046115393 -0.021757456 0.0049919506 0.034167871 0.065733884 0.099563903 0.13542682 0.17297745 0.21175754 0.25120984 0.29070662 0.32959105 0.36722689 0.40304919 0.43660791 0.46759743 0.49586809 0.52141948 0.54437912 0.56497163 0.58348469 0.60023642 0.61554793 0.62972239 0.64303104 0.6557053 0.66793379 0.67986293 0.69159981 0.70321644 0.71475443 0.7262297 0.73763686 0.74895298 0.76014082 0.77115151 0.78192663 0.79239997 0.8024989 0.81214559 0.82125799 0.82975074 0.83753602
-0.21152224 -0.20834677 -0.20470763 -0.20055607 -0.19583741 -0.19049038 -0.18444647 -0.17762928 -0.1699539 -0.16132642 -0.15164363 -0.14079304 -0.12865331 -0.1150954 -0.099984612 -0.083183733 -0.064557788 -0.043980519 -0.021342954 0.0034358852 0.030396269 0.059523643 0.090734203 0.12386192 0.15864936 0.19474489 0.23170887 0.26903033 0.30615426 0.34251739 0.3775883 0.41090619 0.44211263 0.47097171 0.49737624 0.52134054 0.54298255 0.56249909 0.58013885 0.59617645 0.61089027 0.62454525 0.63738093 0.64960432 0.66138673 0.67286355 0.6841361 0.69527475 0.70632256 0.71729909 0.72820411 0.73902078 0.74971858 0.76025565 0.77058074 0.7806348 0.79035229 0.79966219 0.80848882 0.81675245 0.82436936 0.83125103
-0.19494411 -0.19082296 -0.18615713 -0.18089089 -0.17496235 -0.16830295 -0.16083704 -0.1524815 -0.14314564 -0.13273119 -0.12113284 -0.1082392 -0.093934463 -0.078100983 -0.060623 -0.041391687 -0.020311733 0.0026904485 0.027656989 0.054587654 0.083428459 0.11406095 0.1462937 0.17985788 0.21440885 0.24953516 0.28477587 0.31964522 0.35366278 0.38638528 0.41743623 0.44652893 0.47348017 0.49821327 0.52075102 0.54120083 0.55973487 0.57656845 0.59193925 0.60608934 0.61925087 0.63163587 0.64342981 0.65478835 0.66583662 0.67667026 0.68735761 0.69794253 0.70844748 0.71887656 0.72921827 0.73944801 0.7495302 0.75942005 0.76906494 0.77840557 0.78737672 0.79590762 0.80392175 0.81133528 0.81805287 0.823957
-0.17640963 -0.17123813 -0.16543794 -0.15894754 -0.15169945 -0.14362005 -0.13462945 -0.12464166 -0.11356501 -0.10130301 -0.087755738 -0.072821947 -0.056401978 -0.038401742 -0.018737822 0.0026561944 0.025822215 0.050769174 0.077464054 0.10582315 0.13570456 0.16690334 0.19915047 0.2321172 0.26542541 0.2986641 0.33141106 0.3632577 0.39383425 0.42283213 0.45002081 0.47525706 0.49848604 0.51973488 0.53910036 0.55673289 0.57281917 0.58756544 0.60118272 0.61387494 0.62583016 0.63721475 0.64817027 0.65881226 0.6692308 0.67949188 0.68963966 0.69969879 0.70967695 0.71956722 0.72935014 0.73899565 0.74846452 0.75770958 0.76667649 0.77530403 0.7835236 0.79125729 0.79841313 0.80487415 0.81047392 0.81494067
-0.15588984 -0.14957742 -0.14255336 -0.13475234 -0.12610387 -0.11653252 -0.10595827 -0.094297293 -0.081463064 -0.067368104 -0.05192631 -0.035056088 -0.016684339 0.003248615 0.02478321 0.047934037 0.072682759 0.098971028 0.1266941 0.15569603 0.18576751 0.21664725 0.24802784 0.2795663 0.31089922 0.34166121 0.37150522 0.40012226 0.42725848 0.45272735 0.47641604 0.49828536 0.51836403 0.53673856 0.55354028 0.56893132 0.58309102 0.5962038 0.60844916 0.6199942 0.63098835 0.64156036 0.65181687 0.66184248 0.67170067 0.68143534 0.69107274 0.70062342 0.71008421 0.71943999 0.72866524 0.73772518 0.74657666 0.7551683 0.76343989 0.77132025 0.77872219 0.7855318 0.79158581 0.7966231 0.80017854 0.80134432
-0.13340999 -0.12588788 -0.11757713 -0.1084114 -0.098320674 -0.087231861 -0.075069804 -0.061758648 -0.047223734 -0.031394082 -0.014205533 0.0043953999 0.024446979 0.045967071 0.068947544 0.093348553 0.11909318 0.14606305 0.17409565 0.20298409 0.23248001 0.26230014 0.29213635 0.32166909 0.35058297 0.37858312 0.40541072 0.43085591 0.4547668 0.47705373 0.49768866 0.51670019 0.53416517 0.55019821 0.56494033 0.57854776 0.591182 0.6030014 0.61415462 0.62477602 0.63498268 0.64487297 0.65452615 0.66400295 0.67334661 0.68258429 0.69172871 0.70077959 0.70972513 0.71854315 0.7272018 0.73565977 0.74386558 0.75175529 0.7592475 0.76623309 0.77255459 0.77796429 0.78203762 0.78398976 0.78227816 0.7737261
