Interpolating SPI Data/spi_stations/interpolated_spi/11-21_2.tif
NCOLS 257
NROWS 141
XLLCORNER -178.27925
YLLCORNER 5.3153543
DX 0.49934803
DY 0.49997533
NODATA_VALUE -9999
[rows 56 to 83 of 141, columns 186 to 247 of 257]
0.37994772 0.38 0.38 0.38 0.31261236 -0.30073361 -0.64996757 -0.65 -0.29125013 -1.5802819 -1.58 -1.58 -0.95603105 -0.69 -1.02 -1.02 -1.02 -1.02 -0.59 -0.44 -0.44 -0.44 -0.44 -0.31194133 -1.28 -1.28 -1.28 -1.25 -1.25 -0.01 -0.51 0.72 0.72 -0.8 -0.8 -0.8 0.36953961 0.37 0.37 -0.1 0.74999741 0.75 0.16293871 0.06 0.060000001 0.060000003 0.06 0.06 0.06 0.39999993 3.26706 3.34 3.34 3.34 2.83 2.83 2.83 0.031531422 0.0099999999 0.01 0.01 0.0099999898
0.37988881 0.38 0.38 0.38 -0.28999074 -0.29999914 -0.3 -0.29145767 -0.26 -0.26 -1.5798523 -1.1349705 -0.91 -0.91 -0.91038726 -1.0270682 -1.8199968 -0.59000004 -0.59 -0.59 -0.43995086 -0.29 -0.29 -0.29 -1.28 -1.28 -0.066298889 -0.03 -0.68 -1.12 -0.51 -0.51 0.71952282 -0.8 -0.8 -0.64 -0.64 -0.25 -0.25 -0.13 -0.13 0.37887725 0.06 0.06 0.29000043 0.83 0.060000362 0.06 0.06 0.4 0.4 3.3395707 3.34 3.34 2.83 2.83 2.83 2.8299997 0.01 0.01 0.01 0.01
-0.39736253 0.38 0.38 0.38 -0.29 -0.29001377 -0.3 -0.3 -0.26 -0.26 -0.25999999 -0.03 -0.91 -0.91 -1.5703225 -1.82 -1.82 -0.59000003 -0.59 -0.59 0.82998841 0.83 -0.29 -0.29 -0.05 -0.05 -0.11 -0.030000201 -0.45000258 -1.05 -1.0499988 -0.87999963 -0.88 -0.86345011 -0.64 -0.64 -0.63999998 -0.5297266 -0.25 -0.25 0.38 0.38 0.54 0.54 0.29 0.83 0.4 0.4 0.40009224 0.4 0.4 1.71 1.71 3.339358 2.83 2.83 2.83 0.071082842 0.01 0.01 0.01 0.01
-0.4 0.38 0.38 0.37999915 -0.29 -0.29 -0.3 -0.21 -0.21 -0.26 0.059970956 -0.03 -0.03 -0.86 -0.86 -1.82 -0.98095829 -0.92000022 -0.59 0.06 0.060004572 0.83 0.83 0.14 0.14 0.099990022 -0.11 -0.81999914 -0.82 -1.05 -1.05 -0.88 -0.88 -0.88 -0.64 -0.63999999 0.01 -0.74 -1.3099795 -0.55 -0.54986428 0.38 0.49 0.53999994 0.68 0.46 0.4 1.0799724 0.85 0.41 1.71 1.71 1.71 1.71 2.829986 2.83 2.83 0.010001135 0.01 0.01 0.01 0.01
-0.40000496 -0.62999975 -0.63 -0.6284804 -0.29 -0.29 -0.28999997 0.62 -0.20998195 0.06 0.06 0.059981953 -1.34 -0.86 -0.86 -0.90119767 -0.92 1.3012011e-11 0.63 0.5 0.54 0.54001974 0.15 -0.01 0.72993362 0.1 -0.88999908 -0.89 -0.82 -1.05 -1.0471712 -0.88 -0.88 -0.88 -0.55000001 -0.55 -0.55 -1.3097676 -0.49 -0.55 -0.33 -0.33 0.48998839 0.17 0.16995476 0.46 0.74 1.08 0.85 0.99132099 0.45520482 1.71 1.71 1.71 1.7101371 2.8299999 2.8278661 0.010000048 0.01 0.01 0.01 0.01
-0.64 -0.63 -0.63 -0.63 -0.29 -0.29 0.62 0.62 0.93 0.94557574 0.06 -1.34 -1.34 -1.41 0.14 0.14 3.9646834e-28 2.1029017e-54 0.82 0.15 0.54 0.54 0.15000113 0.66 0.72960957 0.67 -0.89 -0.89 -0.88999963 -0.35616047 -0.25 -0.25 -0.25 -0.25 -0.55 -0.55 -0.55 -0.13 -0.13 -0.46 -0.13 -0.46 -0.21 0.06 -0.14 -0.09460733 0.62 0.80246354 1.31 1.31 1.3099997 1.709989 1.71 1.71 1.71 2.6239911 1.3686134 0.010000047 0.01 0.01 0.01 0.01
-0.64 -0.63 -0.63 -0.63 0.31 1.3798899 1.38 1.38 0.93 0.95 0.08 0.30818522 0.15 -0.3557778 -0.5 -0.23959179 0.09 0.06 0.36 0.34 0.8 0.54000016 0.79998564 0.8 0.778665 0.18 0.18 -0.23 -0.23 -0.23 0.22997909 -0.24999485 -0.25 -0.25 -0.5183587 -0.55000029 -0.76 -0.76 -0.58 -0.5 -0.5 -0.21251665 -0.37 -0.18 -0.12718743 0.62 0.62 0.62 1.31 1.31 1.31 1.3101637 1.7097794 1.7099975 1.7099989 1.7108606 0.069939787 0.010000135 0.01 0.01 0.01 0.01
0.23 0.23 -0.62999314 0.31 0.31 0.31002621 1.5562158 1.38 0.95 0.08 -0.45999994 -0.59 -0.17 0.31 0.26 -0.24 0.84121942 -0.04 0.17333529 0.34010779 0.44000001 0.44 0.79999998 0.8 0.58 0.18 0.18 -0.23 -0.23 -0.23 0.23 0.23 0.23 0.2299999 0.13467999 -0.75999813 -0.75999971 -0.58 -1.1099995 -1.11 -0.5 0.7 0.7 -0.17999994 -0.17998965 0.61999999 0.62 0.62 1.3067633 1.31 1.31 1.3099993 1.3406971 1.7074249 1.7098959 1.7099638 0.036047512 0.010000491 0.01 0.01 0.01 0.01
0.23 0.23 0.25897326 0.31 0.31 1.0799961 1.56 1.56 0.95 -0.6799957 -1.14 0.4 0.56 -0.3 0.26000002 0.10982406 0.85 0.84999996 -0.039999999 1.25 0.44047828 0.44 0.44 0.58000523 0.58 0.2 -0.04 -0.04 -0.04 -0.072926122 0.23 0.23 0.23 0.23 0.22999991 -0.75820737 -0.6697134 -1.11 -1.11 0.59 0.59 0.7 0.7 0.44931388 -0.17983054 0.59613636 0.62 0.62 0.62299797 1.3099989 1.31 1.3099996 1.3101291 1.440257 1.7000501 1.7089468 0.41585193 0.010001903 0.010000001 0.01 0.01 0.01
0.24533124 0.24513791 0.38628087 0.32246724 0.32205184 1.08 1.08 0.57 1.32 0.53 1.39 0.68 0.61124565 0.53648608 0.94 1.5798891 1.58 1.58 1.2616842 1.25 1.25 1.25 0.94443277 0.41864684 0.2 0.2 -0.04 -0.04 -0.04 -0.03999987 0.23000008 0.23 0.23 0.23 0.23 -1.0691486 -1.1099866 -1.11 -1.0843984 0.59 0.59 0.59078934 0.7 0.69999981 -0.17888318 0.030733341 0.61999977 0.62 0.62009515 1.3007377 1.309999 1.3099992 1.3099832 1.3150397 1.5076066 1.6873835 1.2976216 0.010027156 0.010000015 0.01 0.01 0.0099999999
1.1 1.1 1.067349 1.01 1.01 1 0.9 1.12 1.32 1.2606244 1.79 0.6021621 0.58999361 0.17 1.02 1.5622843 1.58 1.58 1.1270737 1.14 1.14 1.1831915 0.58 0.58 0.52 0.52 0.24 0.24 0.39 0.39 0.39 0.38700314 0.23 0.23 0.22999998 -1.1094968 -1.109998 -1.1083084 0.58997787 0.59 0.59 0.59 0.69789118 0.69999991 0.56896384 -0.11558134 0.61976728 0.6199999 0.62004005 0.91324793 1.3094447 1.309994 1.309971 1.3103565 1.3373408 1.5364803 1.5730949 0.010798943 0.010000191 0.010000002 0.01 0.0099999982
1.1 1.1 1.0905034 1.0100088 1.57 0.96 1.21 1.0131171 1.1201405 1.3362902 0.49002686 0.49 0.49 1.02 1.02 1.02 1.58 0.93 0.93 1.14 1.14 1.14 0.58 0.58 0.52 0.20566421 0.24 0.23999946 0.39 0.39 0.39 0.39 0.38999846 0.23043389 0.22998696 -1.1097391 -1.1046964 0.21999183 0.58999479 0.59 0.59 0.59 0.5910585 0.69891962 0.69821918 -0.069341289 0.61089289 0.61997689 0.62004269 0.66350361 1.2836738 1.3096961 1.3099403 1.3098968 1.314317 1.3737616 1.5231472 0.021833419 0.010004154 0.010000022 0.010000001 0.0099999855
1.39 1.2840953 1.13 1.13 0.82478537 1.2099999 1.21 0.55 0.55 0.55 0.49 0.49 0.49 -0.23 -0.23 0.019248904 0.65682602 0.93 0.93 0.53 0.53 -0.07 0.58 0.11 0.11 -0.08 -0.08 -0.01 0.39 0.39 0.39 0.39 0.39 0.3899994 0.33079077 -1.0953636 -0.70706518 0.56984579 0.58998668 0.58999999 0.59 0.59000001 0.59004497 0.62881164 0.69817974 0.51927498 0.55191096 0.61930173 0.62004472 0.63296974 1.0944058 1.3036292 1.3095842 1.3097115 1.3106158 1.3262529 1.4033288 0.11264693 0.01008505 0.010000286 0.010000008 0.0099999226
1.39 1.2923081 1.13 1.13 0.52 0.52 0.07 0.55 0.55 0.54981001 -0.57999133 0.48999999 0.49 -0.23 -0.23 -0.23 -0.18 -0.18 -0.60999996 0.53 0.52955654 -0.07 -0.070000215 -0.1 0.1199091 0.12 0.11992844 -0.01 -0.0099979026 0.39 0.39 0.39 0.39 0.39 0.38999831 -0.88108961 0.22636381 0.5834308 0.58995443 0.58999964 0.58999999 0.59000003 0.59001661 0.59372806 0.66687892 0.67082682 0.44781238 0.61353174 0.61978583 0.62684731 0.83990859 1.2597792 1.3061488 1.3091333 1.3094878 1.3143442 1.3439069 0.51660236 0.011136495 0.010004404 0.01000008 0.0099996993
0.61 0.51 0.51 0.51 0.4 0.07 0.07 0.068742142 0.06 0.06 -0.58 -0.58 -0.58 -0.93 -0.93 -0.92996849 -0.18 -0.18 -0.6100001 -0.61 -0.07 -0.07 -0.089110194 -0.1 -0.1 0.12 0.12 -0.0099999997 -0.0099997815 0.38892318 0.38999995 0.39 0.39 0.38999999 0.38999995 0.14917154 0.47389769 0.58514018 0.58986008 0.58999521 0.58999967 0.59000011 0.59001481 0.5909391 0.61398359 0.67154332 0.50688829 0.59183041 0.61784315 0.62479018 0.72179916 1.1313917 1.2880811 1.3061602 1.3083178 1.3102791 1.3220711 1.0430363 0.020641615 0.010058402 0.010000868 0.0099991005
0.61 0.51005552 0.51 0.50998837 0.4 0.4 -0.11644951 -0.15 -0.49654855 -0.59 -0.58 -0.58 -0.90999998 -0.93 -0.93 -0.93 -0.93 -0.92967347 -0.8 -0.8 -0.57 -0.57 -0.82 -0.82 -0.10000005 -0.099973054 0.11999989 -0.0087384783 -0.0099984979 0.1095304 0.38971357 0.38999579 0.3899992 0.3899994 0.38999916 0.38932597 0.52919949 0.58490738 0.5896367 0.58996984 0.58999613 0.58999972 0.59001857 0.59047693 0.59773263 0.63696681 0.60964856 0.55219158 0.61047885 0.62291473 0.67733531 0.96444148 1.2337638 1.2948284 1.3050952 1.3076137 1.3130658 1.2413411 0.080033397 0.010576963 0.010009325 0.0099979691
0.61 0.05 0.05 0.05 0.39670143 0.39084392 -0.15 -0.15 -0.59 -0.59 -0.90999987 -0.91 -0.91 -0.83 -1.12 -1.12 -0.85000005 -0.85 -0.76 -0.76 -0.57 -0.57 -0.82 -0.82 -0.82 -0.81992682 -0.10447009 0.080407951 -0.0099797921 0.0041779925 0.36390379 0.38948285 0.38994652 0.38998197 0.38998751 0.38998335 0.54528655 0.58382328 0.58919111 0.58988015 0.58997628 0.58999487 0.59002453 0.59035682 0.59364129 0.61222546 0.62988291 0.53715727 0.59305194 0.61856795 0.65777399 0.84030575 1.1355471 1.2647891 1.2959912 1.3035122 1.3076972 1.2872022 0.30119127 0.014198688 0.010083273 0.0099979233
-0.11 0.049999994 0.05 0.053342174 0.08 0.08 -0.15 -0.15 -0.90945529 -0.91 -0.91 -0.91 -0.83 -0.83 -0.53 -1.12 -0.57001625 -0.57 -0.95 -0.94980279 -1.04 -0.57 -0.82 -0.82 -0.82 -0.82 -0.81999124 -0.68379133 -0.0084551275 -0.0039332154 0.21232861 0.37929487 0.38889174 0.38972795 0.38987373 0.38991072 0.51423183 0.5820761 0.58841449 0.58964998 0.58990549 0.58997088 0.59002557 0.59032469 0.59229997 0.60176177 0.62018956 0.57056829 0.56713507 0.60879241 0.64578832 0.76697973 1.0204419 1.208119 1.2752572 1.2949588 1.3019676 1.2960651 0.69032839 0.032591201 0.010579034 0.010013963
-0.11 0.22 0.22 0.08 0.08 0.08 -0.31 -0.31 -0.84600973 -0.91999972 -0.92 -0.91999999 -0.83 -0.53000141 -0.53 -0.58120809 -0.73 -0.57 -1.1 -1.04 -1.04 -1.04 -0.82000004 -0.82 -0.82 -0.82 -0.81999998 -0.81997068 -0.57221793 -0.0050112614 0.089708414 0.32587764 0.38077364 0.38782814 0.38916051 0.38952545 0.41101724 0.5796303 0.58719616 0.58917604 0.5897202 0.58989343 0.59000236 0.59031329 0.59175069 0.5973733 0.61002118 0.59668775 0.54978014 0.59180727 0.63413819 0.72371372 0.92064801 1.129247 1.2378768 1.2782993 1.2929975 1.2943958 1.0018092 0.099588015 0.013118123 0.01013304
0.22 0.22 0.22 -0.18 -0.18 -0.30999999 -0.31 -0.31 -0.31000002 -0.92 -0.92 -0.86 -0.86 -0.5300074 -0.53000001 -0.73 -0.73 -0.72993094 -1.0976782 -1.04 -1.04 -1.04 -1.0399996 -0.82000016 -0.82 -0.82 -0.82 -0.81999909 -0.81968844 -0.2610333 0.044871276 0.23089587 0.35167861 0.37977913 0.38620675 0.38808524 0.39134309 0.57476066 0.58543539 0.58834194 0.58933 0.58970324 0.58991655 0.59027905 0.59147196 0.59529714 0.60374867 0.60354084 0.55700082 0.57040341 0.61911752 0.69445886 0.8461635 1.043438 1.1836327 1.2503805 1.278103 1.2870223 1.1536525 0.26607981 0.023183052 0.01073369
0.19 0.22 -0.17999919 -0.18 -0.18 -0.18000018 -0.67 -0.67 -0.67 -0.91987452 -0.86 -0.86 -1.1 -0.97 -0.97 -0.97 -1.01 -1.01 -1.04 -1.04 -1.04 -1.04 -1.04 -1.0394293 -0.82002424 -0.82000001 -0.82 -0.8199998 -0.81998587 -0.81401121 -0.10402716 0.15065548 0.29650409 0.35866899 0.37772974 0.3840031 0.38693498 0.54876884 0.58302738 0.58703382 0.58862805 0.58931797 0.58970814 0.59017076 0.59126511 0.59415621 0.60008543 0.60311352 0.57416591 0.55426287 0.59968849 0.6700688 0.79195187 0.96450408 1.1182987 1.2103133 1.2551499 1.27397 1.2138436 0.52879611 0.054427191 0.013096388
0.19 0.2191778 -0.18 -0.18 -0.18 -0.18123469 -0.66999998 -0.37 -0.37 -0.36969579 -1.0999769 -1.1 -1.1 -0.9700712 -0.97 -0.97 -1.01 -1.01 -1.01 -1.04 -1.04 -1.04 -1.04 -1.04 -1.0282877 -0.82044978 -0.82000182 -0.81999994 -0.8199959 -0.81979324 -0.76934487 0.020076883 0.23161835 0.32183975 0.36007575 0.37500736 0.38141478 0.46862106 0.57953986 0.58515148 0.58750484 0.58864056 0.58929843 0.58992274 0.59101487 0.59339019 0.59780663 0.60115964 0.58569041 0.55216527 0.57840086 0.64584336 0.75001929 0.89787115 1.0501172 1.1602972 1.2233029 1.2544078 1.2321554 0.79006578 0.1301377 0.020643485
0.28 -0.29999847 -0.3 -0.3 -0.18513032 -0.20374086 -0.37 -0.37 -0.35 -0.35 -0.89026769 -1.3 -1.3 -1.3 -0.97 -1.199827 -1.01 -1.01 -1.01 -1.01 -1.0399956 -1.04 -1.04 -1.04 -1.0399903 -0.99807938 -0.82238807 -0.82004659 -0.82000114 -0.81995744 -0.81741216 -0.62175397 0.12118088 0.2738613 0.33213233 0.3591712 0.37186607 0.4052798 0.57193073 0.58259632 0.58586025 0.58757031 0.58859742 0.5894567 0.5906272 0.59272191 0.59620435 0.59918248 0.59096481 0.56024346 0.56127543 0.62038282 0.71408884 0.84253534 0.98532704 1.1045957 1.1834257 1.2279203 1.2295979 0.97174461 0.27018651 0.040618357
0.28 -0.29999964 -0.3 -0.3 -0.20043841 -0.2 -0.20000079 -0.35 -0.35 -0.88999993 -0.89 -1.3 -1.3 -1.3 -1.2080309 -1.2 -1.2 -1.2 -1.19984 -1.0722428 -1.0201705 -1.0398034 -1.0399999 -1.04 -1.0399998 -1.0396548 -0.96774145 -0.8266548 -0.82035708 -0.82002408 -0.81960283 -0.8017514 -0.38259845 0.18567873 0.29451612 0.33605346 0.35710597 0.37728809 0.54781645 0.5791192 0.58360945 0.58601343 0.5875129 0.58868761 0.59001284 0.59198077 0.59487686 0.59739575 0.59278619 0.56955878 0.55335767 0.59535059 0.68044497 0.79510828 0.92650788 1.0475162 1.1377186 1.19495 1.2145404 1.0725036 0.46313284 0.0847653
0.28 -0.29927549 -0.3 -0.3 -0.2 -0.2 -0.2 -0.35 -0.63754164 -0.93 -0.89 -0.89 -1.3 -1.4279577 -1.21 -1.21 -1.2099205 -1.2 -1.2 -1.1999971 -1.1986623 -1.1757631 -1.0489871 -1.040016 -1.0400003 -1.0399854 -1.0373059 -0.94714068 -0.83295923 -0.82138309 -0.82011086 -0.81704686 -0.74370244 -0.1643328 0.22268111 0.3043829 0.33680984 0.35794911 0.49125228 0.5735954 0.58066536 0.58389011 0.58595903 0.5875308 0.58908544 0.59104135 0.59357665 0.59570838 0.59291175 0.57617997 0.55379555 0.57448682 0.64793564 0.75234532 0.87347423 0.9919483 1.0888134 1.1567181 1.1908309 1.118809 0.66198827 0.16590391
-0.71 -0.71 -0.22845244 -0.29999018 -0.070000772 -0.07 -0.070287284 -0.41739558 -1.47 -0.93 -0.93 -0.89468892 -1.43 -1.43 -1.4295409 -1.21 -1.21 -1.21 -1.2065597 -1.2000615 -1.2000021 -1.1995371 -1.1946425 -1.1148015 -1.0412848 -1.0400507 -1.0397872 -1.0306329 -0.93458289 -0.84039917 -0.82351936 -0.81996864 -0.80504154 -0.61631129 -0.019701105 0.24331881 0.30852519 0.33752098 0.42234276 0.56202021 0.57683261 0.58113374 0.5838625 0.58590859 0.58776426 0.58980172 0.59213522 0.59398165 0.59213778 0.5799521 0.5580523 0.56082119 0.61769527 0.712257 0.82484403 0.9390862 1.0389148 1.1148207 1.1607982 1.1324584 0.82240611 0.28848504
-0.71 -0.71 -0.2 0.34999726 0.35 -0.070275668 -0.08 -0.25482139 -1.47 -1.47 -1.28244 -1.79 -1.4300085 -1.43 -1.43 -1.21 -1.21 -1.21 -1.21 -1.2099106 -1.2055475 -1.2011145 -1.1998996 -1.1968441 -1.1601633 -1.0529644 -1.0409415 -1.0388785 -1.0196189 -0.92708298 -0.84809925 -0.8266927 -0.81762169 -0.76807149 -0.44276086 0.066572182 0.25449775 0.31038115 0.36958394 0.53550352 0.57144924 0.57766705 0.58116455 0.58375512 0.5859778 0.58817654 0.5904285 0.59208822 0.59078313 0.58161879 0.56257554 0.55431866 0.5920924 0.67447237 0.77925656 0.8889425 0.98939483 1.0707726 1.1262054 1.1265903 0.92990382 0.43949776
-0.71 -0.20000002 -0.2 0.34999999 0.35 0.34999999 -0.21 -0.21 -1.5596811 -1.56 -1.79 -1.79 -1.79 -1.43 -1.43 -1.4299599 -1.21 -1.21 -1.21 -1.2099997 -1.2099459 -1.2088602 -1.2052226 -1.2019501 -1.1983655 -1.1768311 -1.0838663 -1.0460433 -1.0370866 -1.0067836 -0.92271123 -0.85540914 -0.82985554 -0.80734901 -0.69091072 -0.27824261 0.11764126 0.2607258 0.32730925 0.48605369 0.56256325 0.5733152 0.57781376 0.58101834 0.58366673 0.58609522 0.58836126 0.58992235 0.58895788 0.5818152 0.56588999 0.55258527 0.57294548 0.64001938 0.73607212 0.84106879 0.94085291 1.0257171 1.0884653 1.1086803 0.99155302 0.59230774
