Interpolating SPI Data/spi_stations/interpolated_spi/11-20_3.tif
NCOLS 257
NROWS 141
XLLCORNER -178.27925
YLLCORNER 5.3153543
DX 0.49934803
DY 0.49997533
NODATA_VALUE -9999
[rows 54 to 80 of 141, columns 186 to 247 of 257]
0.91 0.35 0.35 0.349999 -0.38 -0.38 0.5899998 0.59 0.59 0.59568589 2.12 2.12 1.38 1.38 0.84 0.84 0.84 0.84 1.339503 1.3800002 1.38 1.38 1.38 0.59570541 -0.12 -0.12 0.30668303 0.31 0.49 0.47000002 0.46000115 0.46 0.46000744 1.07 1.07 0.66907805 0.68345875 0.68 0.32 0.86999997 0.87 -0.1 0.69 0.69 0.689999 1 1 1 1 1 -1.18 -1.18 -0.56 -0.56 -0.56000011 -1.7793367 -0.79 -2.22 -1.0161304 -0.93 -1.79 -1.79
0.91 0.16011249 0.16230199 0.28694915 -0.37999999 0.20008412 0.59 0.59 0.59 2.12 2.12 2.1199995 1.38 1.38 0.84 0.84 0.84 0.84 1.3759099 1.38 1.38 1.38 1.38 1.3799927 -0.25 -0.24999999 0.31 0.31000004 0.4700001 0.47 0.46005786 0.46 0.46000009 1.07 1.07 1.1979327 0.32 0.32 0.32 0.87 0.87 0.43 0.43 0.68998979 0.68926966 -0.34 -0.34 -0.34 -0.34 -0.34000537 -1.18 -1.18 -1.18 -0.56 -0.55999966 -0.79 -0.79 -0.79000007 -2.2198532 -0.93000064 -1.7893615 -0.45933595
0.16003284 0.16 0.16 0.16 0.22208312 0.85943033 0.59002502 0.59 0.51641028 0.25129021 0.25 0.25 1.0422302 1.38 0.84 0.84 0.84 0.83999991 -0.53999999 1.38 1.38 1.38 1.38 0.21936182 -0.25 -0.25 -0.25 1.15 1.15 1.55 1.16 1.05 1.05 1.31 1.31 1.31 0.32003191 0.32 0.32 -0.5 0.4199972 0.42 -1.2601834 -1.49 -1.49 -0.34 -0.34 -0.34 -0.34 -0.43999998 -1.1616409 -1.18 -1.18 -1.18 -0.33 -0.33 -0.33 -0.78811229 0.28 0.28 0.28 0.27999996
0.16006985 0.16 0.16 0.16 0.70004175 0.85998627 0.86 0.7852547 0.51 0.51 0.2500291 0.42269879 0.51 0.51 0.51116179 0.82338965 -1.0399947 -0.54000002 -0.54 -0.54 1.3796291 0.23 0.23 0.23 -0.25 -0.25 -0.21109538 -0.21 0.79 1.18 1.16 1.16 1.0500501 1.31 1.31 0.39 0.39 -1.3 -1.3 -1.6 -1.6 -1.250842 -1.49 -1.49 -0.51000043 -1.19 -0.34000067 -0.34 -0.34 -0.44 -0.44 -1.1798919 -1.18 -1.18 -0.33 -0.33 -0.33 -0.33000004 0.28 0.28 0.28 0.28
0.64834313 0.16 0.16 0.16 0.7 0.70022034 0.86 0.86 0.51 0.51 0.51000003 0.98 0.51 0.51 -0.61475712 -1.04 -1.04 -0.54000001 -0.54 -0.54 0.039993962 0.04 0.23 0.23 0.35 0.35 0.79 -0.20999941 1.0199974 -0.52 -0.51997141 0.020001148 0.02 0.27312277 0.39 0.39 0.38999995 -1.2057501 -1.3 -1.3 -1.25 -1.25 -0.75 -0.75 -0.51 -1.19 -0.97 -0.97 -0.47880496 -0.44 -0.44 -1.93 -1.93 -1.1802942 -0.33 -0.33 -0.33 0.26678704 0.28 0.28 0.28 0.28
0.65 0.16 0.16 0.16000069 0.7 0.7 0.86 0.9 0.9 0.51 -0.40955219 0.98 0.98 -0.12999997 -0.13 -1.04 -0.60183377 -0.57000041 -0.54 -0.45 -0.44999709 0.04 0.04 -0.35 -0.35 -0.019650674 0.79 0.080000855 0.08 -0.52 -0.52 0.02 0.02 0.02 0.39 0.38999999 -1.04 -1.26 -1.1100054 -0.7 -0.6997508 -1.25 -0.73 -0.74999994 -0.9 -2.34 -0.97 -1.649972 -1.38 -2.18 -1.93 -1.93 -1.93 -1.93 -0.33002 -0.33 -0.33 0.27999975 0.28 0.28 0.28 0.28
0.64999786 0.27999997 0.28 0.28187706 0.7 0.7 0.69999998 0.09 0.89998239 -0.41 -0.41 -0.4100067 -0.93 -0.13 -0.13 -0.55345695 -0.57 -9.4556489e-11 -0.45 -0.63 -0.62 -0.6199552 -0.49 0.37 -0.59997187 -0.02 -0.51999953 -0.52 0.08 -0.51999993 -0.51101428 0.02 0.02 0.02 -0.72999997 -0.73 -0.73 -1.1100612 -0.56 -0.7 -0.29 -0.29 -0.72999932 -0.92 -0.92001022 -2.34 -1.13 -1.65 -1.38 -1.7343206 -2.1713068 -1.93 -1.93 -1.93 -1.9298041 -0.33000012 -0.32953841 0.27999999 0.28 0.28 0.28 0.28
0.55 0.28 0.28 0.28 0.7 0.7 0.09 0.09 -0.15 -0.025394104 -0.41 -0.93 -0.93 -0.12 0.36 0.36 -2.1648469e-27 -2.3849983e-54 -0.93 -0.94 -0.62 -0.75 -0.49000156 -1.19 -0.59986986 -0.58 -0.52 -0.52 -0.51999989 -0.31608003 -0.58 -0.58 -0.58 -0.58 -0.73 -0.73 -0.73 -1.66 -1.66 -0.7 -0.73 -0.98 -0.35 -0.12 -0.99 -0.97148457 -0.68 -1.2255325 -1.49 -1.49 -1.4900002 -1.9300017 -1.93 -1.93 -1.93 -0.62429659 -0.013884534 0.27999999 0.28 0.28 0.28 0.28
0.55 0.28 0.28 0.28 -0.17 0.059948425 0.06 0.06 -0.15 0.01 -0.08 0.2209398 0.56 -0.5729844 -0.69 -0.67036735 -0.68 -0.74 -0.57 -0.35 -0.63 -0.74999993 -0.93998971 -0.94 -0.8809185 -0.34 -0.34 -0.33 -0.33 -0.33 -0.90998563 -0.58000354 -0.58 -0.58 -0.71417935 -0.73000073 -1.26 -1.26 -0.66 -0.74 -0.74 -0.79250741 -0.12 -0.6 -0.34725412 -0.68 -0.68 -0.68 -1.49 -1.49 -1.49 -1.4902744 -1.929834 -1.9300002 -1.9300002 -1.9287666 0.26689969 0.27999997 0.28 0.28 0.28 0.28
-0.28 -0.28 0.27999603 -0.17 -0.17 -0.17001442 -0.8406583 0.06 -0.17 -0.34 -1.1699997 -0.83 -0.95 -0.03 -0.53 -0.67 -0.20822484 -0.62 -0.59333309 -0.35012143 -0.88 -0.88 -0.94 -0.94 -0.8 -0.34 -0.34 -0.33 -0.33 -0.33 -0.91 -0.91 -0.91 -0.90999993 -0.8444793 -1.2599953 -1.259999 -0.66 -1.3899993 -1.39 -0.74 -0.61 -0.61 -0.59999973 -0.59995049 -0.68 -0.68 -0.68 -1.4862003 -1.49 -1.49 -1.4900007 -1.5250379 -1.9276559 -1.9299751 -1.9299916 0.25564865 0.27999989 0.28 0.28 0.28 0.28
-0.28 -0.28 -0.24016177 -0.17 -0.17 -0.41999874 -0.86 -0.86 -0.17 -0.66999502 -0.64 -0.21 -1.22 -1.11 -0.53000001 -0.51915998 -0.2 -0.20000002 -0.62 -0.85 -0.87998229 -0.88 -0.88 -0.80000333 -0.8 -0.35 -0.64 -0.64 -0.64 -0.58627842 -0.91 -0.91 -0.91 -0.91 -0.90999994 -1.2540014 -0.78359637 -1.39 -1.39 -1.21 -1.21 -0.61 -0.61 -0.6070996 -0.59918901 -0.67722208 -0.68 -0.68 -0.68351936 -1.4899987 -1.49 -1.4900004 -1.4902888 -1.6376355 -1.9209358 -1.9295135 -0.24489161 0.27999941 0.28 0.28 0.28 0.28
-0.27947134 -0.279478 -0.23875584 -0.17178103 -0.17172169 -0.42 -0.42 -0.21 -0.21 0.46 -0.45 -1.14 -0.95928994 -0.58413092 -0.93 -1.0299827 -1.03 -1.03 -0.85632155 -0.85 -0.85 -0.85 -0.57657237 -0.2809696 -0.35 -0.35 -0.64 -0.64 -0.64 -0.63999994 -0.90999977 -0.91 -0.91 -0.91 -0.91 -1.3348042 -1.3899816 -1.39 -1.3872892 -1.21 -1.21 -1.2056945 -0.61 -0.61 -0.59541567 -0.60837885 -0.67999996 -0.68 -0.6801117 -1.479127 -1.4899988 -1.4900006 -1.4900507 -1.4971197 -1.7160885 -1.9100789 -1.395954 0.2799706 0.28 0.28 0.28 0.28
-0.25 -0.25 -0.25725578 -0.27 -0.27 0.45 -0.26 -0.4 -0.21 -0.11011781 -0.21000001 -0.3356749 -0.18000137 -0.27 -0.83 -1.0236729 -1.03 -1.03 -0.64369344 -0.64 -0.64 -0.72245649 -0.23 -0.23 -0.09 -0.09 -0.26 -0.26 -0.45 -0.45 -0.45 -0.45861597 -0.91 -0.91 -0.91000001 -1.389308 -1.389999 -1.3898209 -1.2100023 -1.21 -1.21 -1.21 -0.62150264 -0.61000041 -0.60655668 -0.58160514 -0.67996006 -0.67999998 -0.68004702 -1.0242489 -1.4893491 -1.4899976 -1.4900364 -1.4912297 -1.526324 -1.7536757 -1.768761 0.27897364 0.27999989 0.28 0.28 0.27999999
-0.25 -0.25 -0.13537485 -0.26999163 0.26 0.32 0.63 -0.3319836 -0.39986597 -0.12439507 -0.48999421 -0.49 -0.49 -0.83 -0.83 -0.83 -1.03 -0.7 -0.7 -0.64 -0.64 -0.64 -0.23 -0.23 -0.090000001 -0.07428321 -0.26 -0.25999925 -0.45 -0.45 -0.45 -0.45 -0.45000443 -0.90875256 -0.91000453 -1.3898593 -1.3894375 -1.2491773 -1.2100006 -1.21 -1.21 -1.21 -1.2042263 -0.61589283 -0.60996714 -0.56992606 -0.67834138 -0.67999474 -0.6800505 -0.73107138 -1.4591038 -1.4896591 -1.4900299 -1.4905775 -1.4986961 -1.5745794 -1.7409274 0.26444912 0.27999536 0.27999999 0.28 0.2799999
-0.07 -0.021120902 0.05 0.05 0.60357986 0.62999992 0.63 0.64 0.64 0.64 -0.49 -0.49 -0.49 -0.48 -0.48 -0.54978969 -0.74675951 -0.7 -0.7 -0.59 -0.59 0.0099999999 -0.23 -0.14 -0.14 -0.06 -0.06 0.09 -0.45 -0.45 -0.45 -0.45 -0.45 -0.45000173 -0.61929219 -1.388373 -1.3473342 -1.212134 -1.2100014 -1.21 -1.21 -1.21 -1.2097547 -0.99829988 -0.61836369 -0.59772933 -0.66641721 -0.67983642 -0.68007075 -0.69522994 -1.2369441 -1.4825724 -1.4896811 -1.4904209 -1.4938364 -1.5187766 -1.6161858 0.14240353 0.27989063 0.27999978 0.27999998 0.27999945
-0.07 -0.024911411 0.05 0.05 1 1 0.86 0.64 0.64 0.63979838 -0.60999903 -0.49 -0.49 -0.48 -0.48 -0.48 -0.89 -0.89 -0.41000001 -0.59 -0.58955654 0.01 0.010004294 0.61 -0.049727298 -0.05 -0.050003578 0.09 0.089997168 -0.45 -0.45 -0.45 -0.45 -0.45 -0.45000444 -1.3651951 -1.2485008 -1.2106956 -1.2100048 -1.21 -1.21 -1.2099998 -1.2099094 -1.189665 -0.79005689 -0.6203983 -0.63512206 -0.67840366 -0.68003716 -0.68807326 -0.93821701 -1.4311866 -1.4857877 -1.4899385 -1.492462 -1.5037605 -1.5485403 -0.41111095 0.27847859 0.27999493 0.27999983 0.2799977
0.36 0.97 0.97 0.97 0.54 0.86 0.86 0.76691848 0.12 0.12 -0.61 -0.61 -0.61 -0.13 -0.13 -0.83000128 -0.89 -0.89 -0.40999988 -0.41 0.0099999999 0.01 0.39220387 0.61 0.61 -0.05 -0.05 0.09 0.089999705 -0.44854629 -0.44999994 -0.45 -0.45 -0.44999999 -0.44999994 -0.75789838 -1.2222915 -1.2105146 -1.2100148 -1.2100005 -1.21 -1.2099991 -1.2099191 -1.2048774 -1.0790002 -0.72536061 -0.61687069 -0.67228287 -0.67953712 -0.68590064 -0.79963529 -1.2806286 -1.4648324 -1.4868008 -1.4913828 -1.498597 -1.5219149 -1.1417751 0.26545129 0.27992394 0.27999856 0.27999245
0.36 0.96966134 0.97 0.96995454 0.54 0.54 -0.029872681 -0.19 -0.37661256 -0.46 -0.61 -0.61 -0.050000039 -0.13 -0.13 -0.83 -0.83 -0.82624496 -0.18 -0.18 1.09 1.09 1.5 1.5 0.61000006 0.60991916 -0.049999809 0.088640755 0.089997972 -0.071366033 -0.44961332 -0.44999431 -0.44999892 -0.4499992 -0.44999887 -0.45243837 -1.2164248 -1.2105392 -1.2100385 -1.2100032 -1.2100003 -1.2099964 -1.2098963 -1.2073964 -1.1677469 -0.94159185 -0.68795801 -0.65735649 -0.67733479 -0.68485427 -0.7477326 -1.0848583 -1.4014662 -1.4740465 -1.4881981 -1.4956942 -1.510618 -1.420213 0.18320273 0.27921546 0.27998638 0.2799791
0.36 0.24 0.24 0.24 0.54 0.53999996 -0.19 -0.19 -0.46 -0.46 -0.29000006 -0.05 -0.05 0.25 -0.01 -0.01 0.089999383 0.09 0.8 0.8 1.09 1.09 1.5 1.5 1.5 1.4999095 0.40382694 -0.0073858322 0.089975409 0.070859712 -0.41477012 -0.44930185 -0.4499278 -0.44997566 -0.44998313 -0.45006137 -1.2113944 -1.2106538 -1.2100856 -1.2100126 -1.2100015 -1.2099893 -1.2098477 -1.2080398 -1.1900761 -1.0843879 -0.84335429 -0.6575481 -0.67139241 -0.68337672 -0.72580057 -0.93955142 -1.2866929 -1.4395466 -1.4784108 -1.491616 -1.50433 -1.4858226 -0.12447199 0.27418649 0.27988238 0.27994774
0.23 0.24 0.24 0.27342174 0.54 0.54 -0.19 -0.19 -0.29028938 -0.29 -0.29 -0.05 0.25 0.25 0.72 -0.01 1.4899187 1.49 0.78 0.78002083 1.5 1.09 1.5 1.5 1.5 1.5 1.4999892 1.2774301 0.088322952 0.081811462 -0.21014362 -0.43554808 -0.44850385 -0.44963273 -0.44982954 -0.44988772 -1.0381145 -1.210836 -1.2101676 -1.2100362 -1.2100057 -1.2099737 -1.2097676 -1.2081642 -1.1973513 -1.1436459 -0.98728696 -0.74433102 -0.66371524 -0.68005425 -0.71447238 -0.85452612 -1.1522785 -1.373976 -1.4552581 -1.4827495 -1.4983073 -1.4997874 -0.66721545 0.24846027 0.27918488 0.27986666
0.23 0.44 0.44 0.54 0.54 0.54 -0.08 -0.08 -0.26760341 -0.20000256 -0.2 -0.19999989 0.25000006 0.7199978 0.72 0.97604043 1.72 1.49 1.67 1.5 1.5 1.5 1.5 1.5 1.5 1.5 1.5 1.499961 1.0733545 0.0833723 -0.044604781 -0.36343485 -0.43754442 -0.44706799 -0.44886668 -0.44936141 -0.54996422 -1.2108622 -1.2102953 -1.2100836 -1.2100156 -1.2099451 -1.2096481 -1.2080604 -1.2002062 -1.1681904 -1.0734495 -0.87929499 -0.68027413 -0.67453868 -0.70654151 -0.80613664 -1.0363388 -1.2825407 -1.4128056 -1.464736 -1.4890549 -1.4997301 -1.1030419 0.15440418 0.27559939 0.27959958
0.44 0.44 0.44 0.24 0.24 -0.079999981 -0.08 -0.08 -0.079999977 -0.2 -0.2 0.7 0.7 0.72001598 0.72000002 1.72 1.72 1.7199007 1.6518127 1.2 1.2 1.200009 1.2219645 1.4999999 1.5 1.5 1.5 1.4999989 1.4995074 0.52998245 0.016086585 -0.2352083 -0.39826628 -0.43620189 -0.44487914 -0.44741603 -0.4605186 -1.2037745 -1.2104749 -1.2101635 -1.2100343 -1.2098989 -1.2094814 -1.2078136 -1.2013712 -1.179471 -1.1188332 -0.98481234 -0.75843666 -0.67338175 -0.69900117 -0.77644072 -0.95118481 -1.1833515 -1.3507737 -1.4337946 -1.4733029 -1.492861 -1.3173582 -0.079937159 0.26134169 0.27859246
-0.069999992 0.44 0.2400004 0.24 0.24 0.24000005 0.37 0.37 0.37000001 -0.19811789 0.7 0.7 1.92 1.67 1.67 1.67 1.76 1.76 1.2 1.2 1.2 1.2 1.2000053 1.2017403 1.4999684 1.5 1.5 1.4999997 1.499981 1.489767 0.26714265 -0.12659772 -0.32377834 -0.40770367 -0.43343542 -0.441905 -0.44765323 -1.1121625 -1.2106161 -1.210282 -1.2100635 -1.2098311 -1.2092613 -1.2074545 -1.2017363 -1.1851203 -1.1430433 -1.0508459 -0.86702112 -0.69700924 -0.69259107 -0.75567332 -0.89160699 -1.093055 -1.276047 -1.3888305 -1.4484327 -1.4795547 -1.4049331 -0.45081929 0.21696493 0.27499793
-0.07 0.4333538 0.24 0.24 0.24 0.24032757 0.37000003 0.92 0.92 0.92927842 1.9198825 1.92 1.92 1.6701369 1.67 1.67 1.76 1.76 1.76 1.2 1.2 1.2 1.2000002 1.2000352 1.2167642 1.4993988 1.4999976 1.4999997 1.4999947 1.4996745 1.4129892 0.078484246 -0.2357592 -0.35797554 -0.40960344 -0.42976148 -0.4389909 -0.79500987 -1.2092348 -1.2104347 -1.2101025 -1.2097378 -1.2089837 -1.2069968 -1.201652 -1.188056 -1.1565916 -1.0904283 -0.95592738 -0.76049327 -0.69456562 -0.73957436 -0.84896469 -1.0185982 -1.1986043 -1.3324778 -1.4133889 -1.4588694 -1.4353379 -0.82152531 0.10913973 0.26388713
-2.3134658e-14 0.85999774 0.86 0.86 0.26650665 1.3111894 0.92 0.92 1.53 1.53 1.4000457 1.47 1.47 1.47 1.67 1.2105008 1.76 1.76 1.76 1.76 1.2000821 1.2 1.2000002 1.2000086 1.2001769 1.2582158 1.4968026 1.4999387 1.4999916 1.499938 1.4956539 1.1630914 -0.068362037 -0.29261764 -0.37185319 -0.40838312 -0.42578419 -0.54839536 -1.1943629 -1.2105301 -1.2101466 -1.2096152 -1.2086464 -1.2064487 -1.2012786 -1.1895266 -1.1645026 -1.114535 -1.0159849 -0.84393316 -0.71728423 -0.7287069 -0.8167595 -0.95941706 -1.1262243 -1.2699487 -1.3692005 -1.4302936 -1.4380095 -1.0820547 -0.090989082 0.2348054
2.6011869e-46 0.85999946 0.86 0.86 1.3179833 1.32 1.3200011 1.53 1.53 1.4 1.4 1.47 1.47 1.47 1.1055982 1.21 1.21 1.21 1.2104631 1.5798234 1.7305295 1.2044151 1.2000019 1.2000066 1.2000762 1.2009804 1.2999854 1.4911135 1.4995262 1.4999065 1.4993385 1.4691165 0.76618029 -0.16047842 -0.3202782 -0.37710872 -0.40574246 -0.45862162 -1.1169272 -1.2097916 -1.2101763 -1.2094587 -1.2082485 -1.2058164 -1.2006994 -1.1901261 -1.1692271 -1.1296513 -1.0549521 -0.91846894 -0.76524558 -0.72818225 -0.79190913 -0.91219327 -1.0624496 -1.2066431 -1.3185896 -1.3943657 -1.4246712 -1.2302081 -0.36803884 0.17071578
1.1719646e-44 0.85892573 0.86 0.86 1.32 1.32 1.32 1.53 1.3911868 1.25 1.4 1.4 1.47 1.174713 1.08 1.08 1.0810338 1.21 1.21 1.2100083 1.2138722 1.2799442 1.2262988 1.2001479 1.2000676 1.200338 1.2048585 1.3286131 1.4827717 1.4981441 1.499416 1.4948731 1.3716536 0.41042419 -0.21284884 -0.333308 -0.37815942 -0.41709436 -0.91558069 -1.2039937 -1.2100743 -1.2092599 -1.2077893 -1.2051054 -1.1999626 -1.1901645 -1.1720282 -1.139375 -1.0804932 -0.97423346 -0.82667575 -0.74406448 -0.77485428 -0.87394482 -1.0075976 -1.1463697 -1.2649002 -1.3526248 -1.4006606 -1.3030212 -0.65576341 0.052808097
