Interpolating SPI Data/spi_stations/interpolated_spi/11-23_3.tif
NCOLS 257
NROWS 141
XLLCORNER -178.27925
YLLCORNER 5.3153543
DX 0.49934803
DY 0.49997533
NODATA_VALUE -9999
[rows 0 to 26 of 141, columns 0 to 61 of 257]
1.9629016 1.9873218 2.0121424 2.0373171 2.0627923 2.088507 2.1143931 2.140375 2.1663698 2.1922884 2.2180356 2.2435111 2.2686108 2.2932285 2.3172569 2.3405901 2.363125 2.3847642 2.4054174 2.4250038 2.443454 2.4607118 2.4767354 2.4914987 2.5049913 2.5172193 2.5282043 2.5379828 2.5466047 2.554132 2.5606359 2.5661956 2.5708953 2.5748221 2.5780637 2.5807063 2.5828329 2.5845216 2.5858442 2.5868659 2.5876441 2.5882289 2.5886627 2.5889807 2.5892116 2.5893782 2.5894981 2.5895847 2.5896479 2.5896947 2.5897301 2.5897575 2.5897792 2.5897965 2.5898103 2.5898213 2.5898296 2.5898353 2.5898383 2.5898385 2.5898352 2.5898276
1.8984148 1.9226655 1.947454 1.9727466 1.9985021 2.0246714 2.051197 2.0780129 2.1050443 2.1322074 2.1594101 2.1865522 2.2135264 2.240219 2.266512 2.292284 2.317413 2.3417784 2.3652633 2.3877575 2.4091598 2.4293808 2.4483451 2.4659933 2.4822837 2.4971932 2.5107179 2.5228726 2.5336907 2.5432218 2.5515307 2.5586947 2.5648007 2.5699428 2.5742193 2.5777296 2.5805719 2.582841 2.584626 2.5860088 2.5870636 2.5878553 2.5884402 2.5888657 2.5891707 2.5893865 2.5895377 2.5896432 2.5897167 2.5897685 2.5898056 2.5898327 2.5898533 2.5898692 2.5898819 2.589892 2.5899001 2.5899065 2.5899113 2.5899144 2.5899159 2.5899154
1.8301101 1.8538111 1.8781716 1.9031727 1.9287889 1.9549867 1.9817239 2.0089496 2.0366027 2.064612 2.092896 2.1213622 2.149908 2.1784209 2.2067793 2.234854 2.26251 2.2896081 2.3160084 2.3415719 2.366165 2.3896616 2.4119472 2.4329217 2.4525021 2.4706255 2.4872501 2.5023571 2.5159501 2.5280555 2.5387202 2.5480105 2.5560085 2.5628096 2.5685189 2.5732474 2.5771085 2.5802152 2.5826764 2.584595 2.5860656 2.5871732 2.5879925 2.5885875 2.5890117 2.5893088 2.5895135 2.5896524 2.5897459 2.5898086 2.5898508 2.5898797 2.5899001 2.589915 2.5899262 2.5899349 2.5899419 2.5899475 2.589952 2.5899554 2.5899579 2.5899595
1.7586702 1.7814275 1.8049408 1.8292076 1.8542194 1.879961 1.9064093 1.9335325 1.9612892 1.9896271 2.0184827 2.0477803 2.0774313 2.1073343 2.1373753 2.1674277 2.1973539 2.227006 2.2562289 2.2848619 2.3127425 2.3397099 2.3656087 2.3902934 2.4136324 2.4355118 2.4558396 2.4745479 2.4915951 2.5069674 2.5206782 2.5327678 2.5433003 2.5523616 2.560055 2.5664973 2.5718144 2.5761363 2.5795937 2.5823133 2.5844152 2.5860096 2.587196 2.5880609 2.5886784 2.58911 2.5894051 2.5896028 2.5897327 2.5898167 2.5898706 2.5899052 2.5899276 2.5899426 2.589953 2.5899605 2.5899662 2.5899707 2.5899743 2.5899771 2.5899793 2.589981
1.6849581 1.7063883 1.7286381 1.7517208 1.7756454 1.8004156 1.8260289 1.8524755 1.879737 1.9077855 1.9365819 1.9660747 1.9961992 2.0268763 2.0580112 2.0894937 2.1211975 2.1529807 2.184687 2.2161471 2.2471815 2.2776031 2.3072219 2.335849 2.3633019 2.3894099 2.4140192 2.4369986 2.4582435 2.4776795 2.4952651 2.5109926 2.5248877 2.5370077 2.5474381 2.5562889 2.5636889 2.5697803 2.574713 2.5786391 2.5817075 2.5840601 2.5858275 2.5871271 2.5880615 2.5887176 2.589167 2.5894672 2.5896627 2.5897869 2.5898641 2.5899113 2.5899399 2.5899573 2.5899682 2.5899752 2.5899801 2.5899836 2.5899863 2.5899884 2.58999 2.5899913
1.6099862 1.6297428 1.6503449 1.6718194 1.6941909 1.7174807 1.7417063 1.7668799 1.7930073 1.8200868 1.8481078 1.8770485 1.9068754 1.9375405 1.9689807 2.0011152 2.0338452 2.0670521 2.1005976 2.1343234 2.1680524 2.2015901 2.234728 2.2672469 2.2989221 2.329529 2.3588502 2.3866819 2.4128413 2.4371736 2.4595571 2.4799086 2.4981856 2.514388 2.5285564 2.5407696 2.5511399 2.5598067 2.56693 2.5726824 2.5772422 2.5807862 2.5834839 2.5854925 2.5869534 2.5879897 2.5887057 2.5891868 2.5895008 2.5896997 2.5898218 2.5898947 2.5899371 2.5899613 2.589975 2.5899829 2.5899876 2.5899906 2.5899926 2.5899941 2.5899952 2.589996
1.5348662 1.5526653 1.5712968 1.5907978 1.6112049 1.6325538 1.6548786 1.6782109 1.7025786 1.7280052 1.754508 1.7820967 1.8107717 1.840522 1.8713234 1.9031357 1.9359011 1.9695415 2.0039567 2.0390226 2.0745901 2.1104844 2.146506 2.182432 2.2180193 2.2530092 2.2871337 2.3201225 2.3517121 2.3816547 2.4097284 2.4357454 2.4595605 2.4810768 2.5002497 2.5170873 2.5316491 2.5440409 2.5544084 2.5629281 2.5697983 2.5752284 2.5794302 2.5826092 2.5849573 2.5866479 2.5878323 2.5886381 2.5891697 2.5895089 2.589718 2.5898423 2.5899135 2.5899529 2.589974 2.5899851 2.5899909 2.589994 2.5899958 2.5899969 2.5899977 2.5899982
1.4607471 1.4763877 1.4928116 1.5100618 1.5281823 1.5472184 1.5672158 1.5882202 1.6102769 1.6334294 1.657719 1.6831833 1.7098544 1.7377577 1.7669092 1.7973139 1.8289622 1.8618281 1.8958652 1.9310042 1.9671491 2.0041754 2.0419268 2.0802143 2.1188158 2.1574773 2.1959159 2.2338254 2.2708829 2.3067593 2.3411297 2.373687 2.4041543 2.4322975 2.4579369 2.4809547 2.5013004 2.5189915 2.5341104 2.5467975 2.5572408 2.5656639 2.5723129 2.5774429 2.5813056 2.5841397 2.586162 2.5875627 2.5885023 2.5891112 2.5894916 2.58972 2.5898515 2.5899239 2.5899621 2.5899813 2.5899907 2.5899951 2.5899972 2.5899983 2.5899988 2.5899992
1.3887446 1.4021213 1.4162029 1.4310338 1.4466607 1.4631328 1.4805014 1.4988202 1.5181444 1.5385307 1.5600367 1.5827199 1.6066371 1.6318429 1.6583882 1.6863183 1.7156708 1.7464725 1.7787365 1.8124583 1.8476124 1.8841471 1.9219806 1.9609964 2.0010392 2.0419117 2.0833728 2.1251374 2.166879 2.2082349 2.2488148 2.2882128 2.3260227 2.3618546 2.3953541 2.4262197 2.4542189 2.4792007 2.501102 2.5199491 2.5358526 2.5489966 2.5596243 2.5680203 2.5744915 2.5793499 2.5828965 2.5854087 2.5871313 2.5882721 2.5889994 2.5894446 2.5897053 2.5898508 2.589928 2.5899669 2.5899853 2.5899936 2.5899972 2.5899987 2.5899993 2.5899996
1.3198742 1.33098 1.3426922 1.3550529 1.3681068 1.3819021 1.3964901 1.4119254 1.4282661 1.4455736 1.4639127 1.4833511 1.5039592 1.5258095 1.548976 1.5735329 1.5995531 1.6271065 1.6562578 1.6870631 1.7195666 1.7537963 1.7897588 1.827434 1.8667681 1.9076676 1.9499927 1.9935507 2.0380919 2.0833061 2.1288237 2.1742195 2.2190221 2.262728 2.3048213 2.3447973 2.3821892 2.416594 2.4476976 2.4752928 2.4992909 2.5197234 2.5367343 2.5505647 2.5615303 2.5699958 2.5763481 2.5809722 2.5842302 2.5864463 2.5878975 2.5888093 2.5893569 2.5896701 2.5898399 2.5899268 2.5899685 2.5899872 2.5899951 2.5899982 2.5899993 2.5899997
1.2549945 1.2639137 1.2733314 1.283284 1.2938112 1.3049562 1.3167653 1.329289 1.3425817 1.356702 1.3717132 1.3876832 1.4046848 1.4227958 1.4420986 1.4626804 1.4846325 1.5080497 1.533029 1.5596684 1.5880645 1.6183096 1.6504884 1.6846728 1.7209165 1.7592476 1.7996611 1.8421088 1.88649 1.9326409 1.9803251 2.029226 2.0789422 2.1289884 2.1788027 2.2277619 2.2752059 2.3204695 2.3629206 2.402001 2.4372644 2.4684073 2.4952884 2.5179336 2.5365249 2.5513769 2.5629029 2.5715762 2.5778914 2.5823299 2.5853326 2.5872816 2.5884909 2.5892051 2.5896047 2.5898154 2.5899196 2.5899674 2.5899878 2.5899958 2.5899987 2.5899996
1.1947675 1.2016614 1.2089454 1.2166495 1.2248061 1.2334507 1.2426222 1.252363 1.2627194 1.273742 1.285486 1.2980119 1.3113855 1.3256788 1.3409698 1.3573434 1.3748917 1.3937139 1.4139165 1.4356134 1.4589251 1.4839779 1.5109028 1.5398326 1.5708995 1.6042301 1.6399397 1.678125 1.7188538 1.7621539 1.8079992 1.8562937 1.9068557 1.9594015 2.0135324 2.068726 2.1243373 2.1796101 2.2337036 2.2857333 2.3348251 2.380178 2.4211267 2.4571963 2.4881387 2.5139456 2.5348355 2.5512175 2.563639 2.5727253 2.579121 2.58344 2.5862282 2.5879419 2.58894 2.5894877 2.5897693 2.5899039 2.5899632 2.5899872 2.589996 2.5899989
1.1396406 1.1447265 1.1501023 1.1557908 1.1618168 1.1682073 1.1749925 1.182205 1.189881 1.1980604 1.2067869 1.216109 1.2260799 1.2367587 1.2482104 1.2605069 1.2737276 1.2879599 1.3033004 1.3198553 1.3377411 1.3570855 1.3780273 1.400717 1.4253165 1.4519979 1.4809419 1.5123347 1.5463635 1.5832092 1.6230375 1.6659859 1.7121468 1.7615478 1.8141267 1.8697046 1.9279584 1.9883957 2.0503376 2.1129168 2.1750952 2.2357089 2.293539 2.3474064 2.3962771 2.4393618 2.4761916 2.5066539 2.530982 2.549702 2.5635483 2.5733666 2.5800202 2.5843132 2.5869388 2.5884529 2.589271 2.5896823 2.5898731 2.589954 2.589985 2.5899957
1.089847 1.0933767 1.0971096 1.1010618 1.1052507 1.1096959 1.1144185 1.119442 1.1247923 1.1304981 1.1365912 1.1431066 1.1500835 1.1575652 1.1656003 1.1742425 1.183552 1.1935961 1.20445 1.2161977 1.2289334 1.2427625 1.257803 1.2741867 1.2920607 1.3115889 1.3329529 1.3563535 1.3820103 1.410162 1.4410639 1.4749849 1.5122 1.5529806 1.5975787 1.6462049 1.6989994 1.7559941 1.8170676 1.8818955 1.9499012 2.0202177 2.0916723 2.1628107 2.2319707 2.2974102 2.3574783 2.4108012 2.4564461 2.4940213 2.5236922 2.5461085 2.5622671 2.5733452 2.5805415 2.5849502 2.587483 2.5888381 2.5895079 2.5898108 2.5899348 2.5899801
1.0454248 1.0476634 1.0500346 1.0525492 1.0552186 1.0580554 1.0610738 1.0642891 1.0677183 1.0713805 1.0752964 1.0794893 1.0839853 1.0888131 1.094005 1.0995973 1.1056304 1.11215 1.1192073 1.1268602 1.1351742 1.1442233 1.1540916 1.1648746 1.1766808 1.1896337 1.2038742 1.2195626 1.2368817 1.2560392 1.2772708 1.300843 1.3270552 1.3562409 1.3887675 1.4250324 1.4654547 1.5104606 1.5604579 1.6157982 1.6767229 1.7432906 1.8152879 1.892131 1.9727746 2.0556549 2.1387032 2.219463 2.2953232 2.3638464 2.4231198 2.4720373 2.510426 2.5389832 2.5590555 2.572337 2.5805723 2.5853301 2.5878727 2.5891183 2.5896717 2.5898917
1.0062468 1.0074545 1.0087415 1.0101139 1.0115789 1.0131439 1.0148175 1.0166088 1.0185281 1.0205867 1.0227973 1.0251737 1.0277314 1.0304879 1.0334623 1.0366764 1.0401546 1.0439242 1.0480161 1.0524652 1.0573112 1.0625991 1.0683802 1.0747132 1.0816652 1.0893136 1.0977474 1.1070692 1.1173982 1.1288726 1.141653 1.1559268 1.1719123 1.1898644 1.2100804 1.2329065 1.2587443 1.2880568 1.3213727 1.359287 1.4024542 1.4515701 1.507334 1.5703847 1.6411972 1.7199364 1.8062663 1.8991366 1.9965986 2.0957342 2.1927997 2.2836511 2.3644099 2.4321946 2.4856567 2.5251161 2.5522678 2.5696131 2.5798468 2.5853845 2.5881076 2.5893102
0.97205627 0.97247566 0.97293634 0.97344179 0.97399579 0.97460249 0.97526646 0.97599272 0.97678681 0.97765484 0.97860358 0.97964053 0.98077401 0.98201329 0.9833687 0.9848518 0.98647551 0.98825437 0.99020475 0.99234511 0.99469637 0.99728226 1.0001298 1.00327 1.006738 1.0105748 1.0148272 1.0195497 1.0248055 1.0306685 1.0372253 1.0445775 1.0528455 1.0621719 1.0727263 1.0847117 1.0983714 1.1139978 1.1319438 1.1526349 1.1765848 1.2044117 1.2368558 1.2747939 1.3192472 1.3713716 1.4324152 1.5036184 1.5860251 1.6801727 1.7856495 1.9005757 2.0211766 2.141748 2.2553233 2.3550913 2.4361171 2.4965583 2.5377663 2.5633309 2.5776837 2.5849189
0.94250513 0.94235165 0.94221505 0.94209701 0.94199936 0.94192412 0.94187349 0.9418499 0.94185599 0.94189471 0.94196927 0.94208324 0.94224058 0.94244564 0.94270329 0.94301893 0.94339859 0.943849 0.94437771 0.94499319 0.94570501 0.94652395 0.94746222 0.94853373 0.9497543 0.95114206 0.95271783 0.95450559 0.95653314 0.95883276 0.96144218 0.96440565 0.96777535 0.97161316 0.97599281 0.98100267 0.98674927 0.99336186 1.0009982 1.0098519 1.0201626 1.0322282 1.0464214 1.0632114 1.0831911 1.1071124 1.1359292 1.1708486 1.2133837 1.2653976 1.3291058 1.4069817 1.5014613 1.6143086 1.7455234 1.8918834 2.045727 2.1951908 2.3269581 2.4308365 2.5033696 2.5479814
0.91718813 0.91664589 0.91610683 0.91557166 0.9150412 0.9145163 0.91399794 0.91348714 0.91298505 0.91249291 0.91201209 0.91154409 0.91109057 0.91065335 0.91023441 0.90983599 0.90946054 0.90911076 0.90878968 0.90850066 0.90824746 0.90803426 0.90786579 0.90774733 0.90768488 0.9076852 0.907756 0.90790604 0.90814538 0.90848557 0.90893995 0.909524 0.91025579 0.91115647 0.91225099 0.91356896 0.9151457 0.91702366 0.91925421 0.92189998 0.92503798 0.92876365 0.93319635 0.93848679 0.94482713 0.95246491 0.96172244 0.97302397 0.98693408 1.004212 1.0258886 1.0533739 1.0886041 1.1342291 1.193822 1.2720221 1.3743773 1.5063735 1.6708583 1.8634506 2.0679197 2.2574263
0.8956729 0.89489345 0.89411141 0.89332711 0.89254094 0.89175329 0.8909646 0.89017532 0.88938597 0.88859709 0.88780926 0.88702312 0.88623937 0.88545874 0.88468204 0.88391016 0.88314406 0.88238476 0.88163341 0.88089125 0.88015964 0.87944006 0.87873415 0.87804372 0.87737075 0.87671746 0.8760863 0.87548001 0.87490165 0.87435466 0.87384293 0.87337087 0.8729435 0.87256656 0.87224668 0.87199154 0.87181008 0.87171281 0.87171213 0.87182285 0.87206273 0.8724533 0.87302087 0.87379795 0.87482507 0.87615337 0.87784817 0.87999392 0.88270137 0.88611787 0.89044266 0.89594977 0.90302301 0.91221059 0.92431164 0.94051587 0.96263139 0.99345732 1.0373814 1.1012751 1.1955771 1.3346577
0.87752362 0.87662728 0.87572803 0.87482614 0.87392191 0.87301564 0.87210768 0.87119835 0.87028803 0.86937708 0.86846591 0.86755494 0.8666446 0.86573535 0.86482769 0.86392211 0.86301916 0.86211938 0.86122338 0.86033177 0.8594452 0.85856436 0.85768997 0.85682279 0.85596363 0.85511333 0.85427279 0.85344297 0.85262488 0.85181961 0.85102831 0.85025221 0.84949267 0.84875113 0.84802917 0.84732851 0.84665106 0.84599893 0.84537449 0.84478039 0.84421966 0.84369581 0.84321287 0.8427756 0.84238965 0.84206182 0.84180041 0.84161564 0.84152034 0.84153083 0.84166818 0.84196009 0.84244364 0.84316941 0.84420796 0.8456599 0.84767263 0.8504682 0.85439203 0.86000097 0.86822899 0.88071268
0.86231853 0.86139737 0.86047631 0.85955572 0.85863597 0.85771747 0.85680061 0.85588581 0.8549735 0.85406412 0.85315812 0.85225597 0.85135815 0.85046513 0.84957743 0.84869554 0.84782 0.84695132 0.84609006 0.84523676 0.84439197 0.84355626 0.84273021 0.84191439 0.84110938 0.84031578 0.83953416 0.83876512 0.83800925 0.83726715 0.83653939 0.83582658 0.83512928 0.83444808 0.83378353 0.83313621 0.83250666 0.83189543 0.83130305 0.83073004 0.83017691 0.82964418 0.82913233 0.82864188 0.82817333 0.82772719 0.827304 0.82690435 0.82652888 0.82617831 0.82585351 0.82555554 0.82528572 0.82504577 0.82483795 0.82466537 0.82453229 0.82444479 0.82441169 0.82444609 0.82456806 0.8248094
0.84966194 0.84878352 0.84790993 0.84704165 0.84617918 0.84532304 0.84447373 0.84363177 0.84279771 0.84197206 0.84115538 0.8403482 0.83955109 0.83876459 0.83798925 0.83722564 0.8364743 0.83573578 0.83501063 0.83429938 0.83360258 0.83292074 0.83225437 0.83160396 0.83097 0.83035295 0.82975323 0.82917127 0.82860746 0.82806215 0.82753568 0.82702832 0.82654034 0.82607196 0.82562333 0.8251946 0.82478585 0.82439709 0.82402831 0.82367943 0.82335032 0.8230408 0.82275061 0.82247945 0.82222696 0.82199272 0.82177626 0.82157703 0.82139446 0.82122792 0.82107671 0.82094013 0.82081741 0.82070777 0.8206104 0.82052447 0.82044914 0.82038358 0.82032697 0.82027852 0.82023746 0.82020308
0.83919139 0.83840282 0.83762434 0.83685651 0.83609991 0.8353551 0.83462268 0.8339032 0.83319724 0.83250537 0.83182815 0.83116612 0.83051982 0.8298898 0.82927656 0.82868061 0.82810241 0.82754244 0.82700112 0.82647885 0.82597602 0.82549296 0.82502998 0.82458734 0.82416526 0.82376393 0.82338346 0.82302394 0.82268538 0.82236774 0.82207093 0.82179479 0.82153907 0.82130351 0.82108771 0.82089127 0.82071367 0.82055435 0.82041266 0.8202879 0.82017929 0.82008602 0.82000718 0.81994183 0.81988901 0.81984767 0.81981678 0.81979526 0.81978203 0.81977601 0.81977615 0.8197814 0.81979077 0.81980331 0.81981814 0.81983445 0.81985152 0.81986871 0.8198855 0.81990145 0.81991623 0.81992961
0.83058122 0.82991311 0.82926006 0.82862266 0.8280015 0.82739712 0.82681007 0.8262409 0.82569012 0.82515823 0.82464569 0.82415296 0.82368046 0.82322857 0.82279764 0.82238799 0.82199988 0.82163355 0.82128917 0.82096686 0.82066671 0.8203887 0.8201328 0.81989889 0.81968678 0.81949621 0.81932686 0.81917831 0.81905008 0.81894161 0.81885225 0.81878128 0.81872791 0.81869125 0.81867036 0.8186642 0.8186717 0.8186917 0.818723 0.81876435 0.81881446 0.81887204 0.81893577 0.81900431 0.81907638 0.8191507 0.81922604 0.81930124 0.81937522 0.819447 0.8195157 0.81958056 0.81964098 0.81969648 0.81974673 0.81979155 0.81983092 0.81986493 0.81989382 0.81991791 0.81993763 0.81995344
0.82354336 0.82301336 0.82250266 0.82201178 0.82154121 0.82109142 0.82066284 0.82025587 0.8198709 0.81950825 0.81916821 0.81885102 0.81855687 0.81828592 0.81803823 0.81781383 0.81761269 0.8174347 0.81727968 0.81714737 0.81703745 0.81694951 0.81688307 0.81683754 0.81681228 0.81680653 0.81681948 0.8168502 0.8168977 0.8169609 0.81703865 0.81712971 0.81723279 0.81734652 0.81746951 0.81760029 0.81773739 0.81787929 0.81802449 0.81817149 0.81831882 0.81846505 0.8186088 0.81874879 0.81888383 0.81901284 0.81913487 0.81924914 0.819355 0.819452 0.81953983 0.81961839 0.81968775 0.81974814 0.81979994 0.81984368 0.81987999 0.81990959 0.81993325 0.81995178 0.81996596 0.81997656
0.81782621 0.81744219 0.81708069 0.8167421 0.81642675 0.81613494 0.81586694 0.81562293 0.81540308 0.81520747 0.81503615 0.81488906 0.81476613 0.81466717 0.81459193 0.8145401 0.81451128 0.81450496 0.81452059 0.81455749 0.81461493 0.81469205 0.81478795 0.81490159 0.81503187 0.81517762 0.81533755 0.81551034 0.81569455 0.81588871 0.81609129 0.8163007 0.81651534 0.81673355 0.81695371 0.81717415 0.81739328 0.81760951 0.81782132 0.81802727 0.81822602 0.81841633 0.81859711 0.81876741 0.81892644 0.8190736 0.81920847 0.81933083 0.81944064 0.81953808 0.81962347 0.81969734 0.81976036 0.81981331 0.81985709 0.81989266 0.81992102 0.81994317 0.8199601 0.81997273 0.8199819 0.81998837
