Interpolating SPI Data/spi_stations/interpolated_spi/11-21_3.tif
NCOLS 257
NROWS 141
XLLCORNER -178.27925
YLLCORNER 5.3153543
DX 0.49934803
DY 0.49997533
NODATA_VALUE -9999
[rows 84 to 111 of 141, columns 63 to 125 of 257]
0.61562163 0.56899668 0.54588738 0.53582787 0.53187371 0.53045875 0.53000421 0.52988136 0.52986184 0.52986994 0.52988298 0.52989497 0.52990462 0.52991185 0.52991677 0.52991954 0.52992021 0.52991877 0.52991502 0.52990853 0.52989851 0.5298836 0.52986141 0.52982775 0.52977491 0.52968801 0.52953645 0.52925253 0.52867315 0.52736696 0.52407946 0.51492321 0.48899927 0.43388122 0.38139367 0.36329121 0.36031926 0.36001999 0.36000077 0.36000002 0.36 0.36 0.36 0.36 0.36 0.36 0.36 0.36 0.36 0.36 0.35995236 -0.61721227 -0.62 -0.62 -0.62 -0.62 -0.62 -0.62 -0.62 -0.62 -0.81999995 -0.82 -1.0889606
0.56267908 0.54372024 0.53520517 0.53171116 0.53039527 0.52994689 0.52981655 0.52979225 0.52979867 0.52981129 0.52982292 0.52983168 0.52983721 0.52983941 0.52983818 0.52983328 0.52982419 0.52981005 0.52978938 0.52975977 0.52971729 0.52965529 0.52956227 0.52941741 0.52918121 0.5287742 0.52802599 0.52654533 0.523372 0.51604732 0.49860394 0.46149301 0.40956964 0.37430016 0.36266122 0.36034885 0.36003235 0.36000205 0.36000008 0.36 0.36 0.36 0.36 0.36 0.36 0.36 0.36 0.36 0.35999997 0.35992744 -0.42161244 -0.61999986 -0.62 -0.62 -0.62 -0.62 -0.62 -0.62 -0.62 -0.62 -0.69559132 -0.83080686 -1.09
0.54204909 0.53469249 0.53154787 0.53030515 0.52985712 0.52971672 0.52968531 0.52968765 0.52969733 0.52970578 0.52971038 0.52971027 0.52970492 0.52969372 0.52967568 0.52964931 0.52961222 0.52956076 0.5294891 0.52938793 0.52924183 0.52902451 0.52868922 0.52814911 0.52723476 0.52559842 0.52249218 0.51626273 0.50338212 0.47788515 0.43695815 0.39486164 0.37068068 0.36237066 0.36039908 0.36005087 0.36000479 0.36000032 0.36000002 0.36 0.36 0.36 0.36 0.36 0.36 0.36 0.35999999 0.35999952 0.35985196 0.10244188 -0.61989067 -0.62 -0.62 -0.62 -0.62 -0.62 -0.62 -0.62 -0.62 -0.62 -0.62008383 -1.0899995 -1.09
0.53424394 0.53136692 0.53017644 0.52972263 0.52956848 0.52952631 0.5295207 0.52952322 0.52952374 0.52951861 0.52950618 0.52948513 0.52945386 0.52941007 0.52935032 0.52926952 0.52915991 0.5290095 0.52879933 0.52849857 0.52805545 0.52738002 0.52630992 0.52454098 0.52148416 0.51597956 0.50580437 0.48728193 0.45696496 0.41855558 0.38613908 0.36869634 0.36225663 0.36046822 0.36007743 0.36001002 0.36000099 0.36000007 0.36 0.36 0.36 0.36 0.36 0.36 0.35999998 0.35999984 0.359996 0.35968781 0.27107457 -0.61380873 -0.61999933 -0.62 -0.62 -0.62 -0.62 -0.62 -0.62 -0.62 -0.62 -0.62 -0.62144756 -1.09 -1.09
0.5311515 0.52999543 0.52952906 0.52935608 0.52929788 0.5292786 0.52926762 0.52925297 0.52922962 0.5291947 0.52914562 0.5290791 0.52899059 0.52887351 0.52871824 0.5285104 0.5282281 0.52783726 0.52728339 0.526477 0.52526685 0.52339003 0.52037905 0.51539467 0.50696478 0.49275737 0.47010939 0.4389058 0.40577334 0.38083641 0.36755747 0.36224806 0.3605562 0.36011409 0.36001915 0.36000258 0.36000027 0.36000002 0.36 0.35999999 0.35999999 0.35999998 0.35999994 0.35999978 0.35999846 0.35997943 0.35937653 0.31204955 -0.5495995 -0.61991405 -0.61999997 -0.62 -0.62 -0.62 -0.62 -0.62 -0.62 -0.62 -0.62 -0.62 -0.84355181 -1.09 -1.09
0.52974707 0.52926038 0.52906189 0.52898053 0.5289397 0.52890642 0.52886649 0.52881306 0.52874155 0.52864735 0.52852466 0.52836553 0.52815865 0.5278877 0.52752865 0.52704548 0.52638305 0.52545509 0.52412364 0.52216351 0.51920135 0.51461555 0.5073923 0.4959983 0.4785578 0.45402781 0.42468212 0.3970787 0.37750137 0.36689625 0.36231042 0.3606636 0.36016294 0.36003386 0.36000586 0.36000081 0.36000006 0.35999996 0.35999993 0.35999989 0.3599998 0.3599995 0.35999829 0.3599912 0.35992547 0.35884748 0.32491998 -0.35164594 -0.61791724 -0.61999549 -0.62 -0.62 -0.62 -0.62 -0.62 -0.62 -0.62 -0.62 -0.62 -0.62000095 -1.0770009 -1.09 -1.09
0.52889956 0.52866714 0.52855349 0.52848096 0.52841392 0.52833558 0.52823674 0.5281104 0.5279492 0.52774378 0.52748145 0.52714443 0.52670738 0.52613358 0.52536888 0.52433208 0.52289938 0.5208791 0.51797148 0.51370744 0.50736668 0.49790618 0.48402352 0.46465515 0.44022144 0.4139716 0.39113322 0.37534196 0.3665268 0.36242534 0.36079119 0.360226 0.36005604 0.36001185 0.36000199 0.36000009 0.35999973 0.35999958 0.35999933 0.35999875 0.35999713 0.35999145 0.35996507 0.35979069 0.35802725 0.32927571 -0.1177541 -0.60240582 -0.6198479 -0.61999938 -0.62 -0.62 -0.62 -0.62 -0.62 -0.62 -0.62 -0.62 -0.62 -0.62018404 -1.0885961 -1.09 -1.09
0.52815289 0.52799582 0.52787918 0.52776439 0.52763163 0.52746873 0.52726564 0.52701131 0.52669181 0.52628837 0.52577506 0.52511548 0.52425772 0.52312677 0.52161284 0.51955346 0.51670678 0.51271333 0.50704819 0.49898023 0.48759639 0.47202528 0.45204102 0.42897057 0.40603785 0.38700706 0.37391756 0.36634795 0.36258216 0.36093954 0.36030499 0.36008754 0.36002166 0.36000406 0.35999984 0.35999873 0.35999803 0.35999691 0.35999444 0.35998813 0.35996871 0.35989381 0.35951397 0.35684875 0.33013564 0.040224981 -0.54683734 -0.61821078 -0.61997681 -0.61999983 -0.62 -0.62 -0.62 -0.62 -0.62 -0.62 -0.62 -0.62 -0.62000028 -0.6274025 -1.0896268 -1.09 -1.09
0.52728767 0.52711253 0.52693379 0.52672814 0.52647992 0.52617525 0.52579867 0.52533064 0.52474521 0.52400704 0.52306728 0.5218576 0.5202815 0.51820166 0.51542195 0.51166329 0.50653498 0.49951106 0.48994033 0.47715299 0.460758 0.44116325 0.42005187 0.40016732 0.38409719 0.37297347 0.36630073 0.36277391 0.36110872 0.36040102 0.36012976 0.36003612 0.36000693 0.35999837 0.35999532 0.35999291 0.35998901 0.35998095 0.35996188 0.35990936 0.3597358 0.35902328 0.35525799 0.32917825 0.12860331 -0.43683726 -0.60960278 -0.61968374 -0.61999384 -0.61999992 -0.62 -0.62 -0.62 -0.62 -0.62 -0.62 -0.62 -0.62000001 -0.62001809 -0.70441706 -1.0898211 -1.09 -1.09
0.52616195 0.52590145 0.52560281 0.52524634 0.52481378 0.52428452 0.52363277 0.52282467 0.52181486 0.52054175 0.51892106 0.51683683 0.51412926 0.51057919 0.50589054 0.49967639 0.49146345 0.48074596 0.46713721 0.45065479 0.43207261 0.4130655 0.39579665 0.38201719 0.37235573 0.36634825 0.36299513 0.3612979 0.36051412 0.36018315 0.36005519 0.36000944 0.3599933 0.35998589 0.35997901 0.35996802 0.35994653 0.35989914 0.35978054 0.35943608 0.35824495 0.3532179 0.32709301 0.17739025 -0.29885755 -0.58312582 -0.61783113 -0.61991315 -0.61999753 -0.61999995 -0.62 -0.62 -0.62 -0.62 -0.62 -0.62 -0.62 -0.62000054 -0.62040878 -0.89370747 -1.0898754 -1.09 -1.09
0.52465168 0.52423932 0.52375134 0.52316466 0.52245315 0.52158443 0.52051663 0.51919462 0.51754507 0.51547005 0.51283873 0.50947721 0.50515762 0.49958973 0.49242315 0.48327614 0.47181578 0.45791447 0.44187271 0.42460745 0.40760658 0.39251355 0.38051634 0.37196666 0.36646546 0.36324059 0.36150488 0.36064278 0.36024649 0.36007716 0.36000861 0.35997995 0.35996368 0.35994693 0.35992069 0.35987183 0.35977076 0.35953802 0.35893187 0.35711244 0.35070926 0.3242149 0.20517043 -0.17180004 -0.52896175 -0.61084507 -0.61935971 -0.61996641 -0.61999864 -0.61999996 -0.62 -0.62 -0.62 -0.62 -0.62 -0.62 -0.62000008 -0.62001313 -0.6242531 -1.0141047 -1.0898901 -1.0899999 -1.09
0.52262869 0.521987 0.52122185 0.52030153 0.51918722 0.51782959 0.51616492 0.51411038 0.51155829 0.50836938 0.50436585 0.49932624 0.4929867 0.48505701 0.47526485 0.46344311 0.44966408 0.43438695 0.41852695 0.40332917 0.39002385 0.37942786 0.37174094 0.36663352 0.36350429 0.36172558 0.36078331 0.36031625 0.36009788 0.35999872 0.35995027 0.35991773 0.35988193 0.35982703 0.35972932 0.35953839 0.35912959 0.35815947 0.3555725 0.34772966 0.32073269 0.22139443 -0.073265766 -0.4485748 -0.59289035 -0.61704133 -0.61974952 -0.61998307 -0.61999906 -0.61999996 -0.62 -0.62 -0.62 -0.62 -0.62 -0.62000003 -0.62000166 -0.62015894 -0.64428381 -1.0569749 -1.0898877 -1.0899996 -1.0899996
0.51995486 0.51899043 0.51783969 0.51645806 0.51478992 0.51276494 0.51029398 0.50726451 0.50353608 0.49893714 0.49326582 0.48629927 0.477819 0.46766086 0.45579498 0.44242619 0.42807672 0.41358411 0.39995796 0.3881179 0.37863711 0.37163212 0.36683659 0.3637788 0.36195369 0.36092941 0.36038598 0.36011 0.35997057 0.35989225 0.35983233 0.35976353 0.35966035 0.35948411 0.359157 0.35849996 0.35706076 0.35358852 0.34429119 0.31676796 0.23086984 -0.0024657322 -0.35529004 -0.55857915 -0.61031434 -0.61879737 -0.61987731 -0.61998952 -0.61999923 -0.61999995 -0.62 -0.62 -0.62 -0.62 -0.62000002 -0.62000051 -0.62001916 -0.62113505 -0.70283099 -1.0724089 -1.0898742 -1.0899985 -1.089997
0.51648615 0.51508985 0.5134276 0.51143918 0.5090502 0.50616891 0.50268307 0.49845801 0.49333699 0.48714699 0.47971364 0.47089066 0.46060783 0.44893591 0.4361537 0.42278412 0.4095574 0.39728012 0.38664437 0.37806222 0.37160487 0.36705987 0.36405485 0.36218031 0.36107183 0.36044593 0.36010265 0.3599111 0.35978962 0.35968696 0.35956592 0.35938832 0.35909622 0.35857856 0.35759591 0.35558808 0.35114133 0.34041754 0.31240835 0.23616404 0.047182077 -0.26435631 -0.50678675 -0.59557886 -0.61584841 -0.61940914 -0.61992812 -0.61999241 -0.61999929 -0.61999994 -0.62 -0.62 -0.62 -0.62000002 -0.62000028 -0.62000513 -0.62013942 -0.62537902 -0.79884388 -1.078844 -1.0898502 -1.0899943 -1.089985
0.51208435 0.51013728 0.50783003 0.50508691 0.50181725 0.4979139 0.49325358 0.48770039 0.48111499 0.47337234 0.464391 0.45417441 0.44285894 0.43075369 0.41834752 0.40625994 0.39513236 0.38549168 0.37764209 0.37163036 0.36728854 0.36432109 0.36239394 0.36119832 0.36048301 0.36006135 0.3598035 0.35962216 0.35945699 0.35925917 0.35897501 0.35852348 0.35775607 0.35637068 0.3537071 0.34822809 0.33614104 0.30772277 0.23873 0.081957628 -0.18507751 -0.44196858 -0.56972568 -0.60886336 -0.61791553 -0.61966103 -0.61995144 -0.61999378 -0.61999928 -0.61999992 -0.62 -0.62000001 -0.62000003 -0.62000023 -0.62000236 -0.62003478 -0.62070432 -0.63831212 -0.8935095 -1.0819067 -1.0898134 -1.0899804 -1.0899387
0.50663571 0.50402148 0.5009459 0.49732264 0.49305346 0.4880304 0.48214155 0.47528203 0.46737216 0.45838381 0.44837314 0.43751344 0.42611526 0.41461762 0.40353845 0.39338874 0.38457533 0.37732899 0.37168354 0.36750715 0.36456418 0.3625806 0.36129384 0.36048105 0.3599684 0.35962772 0.35936652 0.35911492 0.35881103 0.35838329 0.35772474 0.35664712 0.35478711 0.35139785 0.34486008 0.3314999 0.30276866 0.23943741 0.10647863 -0.1202701 -0.37172298 -0.53180842 -0.59546664 -0.61422038 -0.61880436 -0.61977934 -0.61996325 -0.61999441 -0.61999921 -0.6199999 -0.62 -0.62000005 -0.62000024 -0.62000157 -0.62001426 -0.62017148 -0.62265701 -0.66708808 -0.96063985 -1.083502 -1.0897561 -1.0899371 -1.089769
0.50007419 0.496697 0.49276384 0.48818795 0.4828788 0.47674904 0.46972601 0.46176866 0.45288947 0.44317891 0.43282605 0.4221259 0.41146333 0.40126855 0.39195092 0.38382948 0.37708398 0.3717416 0.36769947 0.36476897 0.3627242 0.36134103 0.36042144 0.35980358 0.35936138 0.35899741 0.35863197 0.35818901 0.35757745 0.35666273 0.35521668 0.35281945 0.34865435 0.34106001 0.32653577 0.29759566 0.23883422 0.12388567 -0.069020275 -0.30316213 -0.48371294 -0.57379268 -0.60674286 -0.61664122 -0.61923362 -0.61984078 -0.61996958 -0.6199946 -0.61999911 -0.61999989 -0.62000006 -0.62000029 -0.62000135 -0.6200083 -0.62006563 -0.62065281 -0.6278993 -0.71478176 -1.0018981 -1.0843639 -1.0896604 -1.0898078 -1.0891701
0.4924046 0.48821016 0.48338914 0.47786885 0.4715852 0.46449365 0.45658395 0.44789741 0.43854411 0.42871469 0.41867994 0.40877253 0.39934933 0.39074086 0.38320128 0.37687407 0.37178311 0.36784859 0.36491899 0.36280713 0.3613209 0.36028385 0.35954516 0.35898088 0.35848895 0.35797971 0.35736233 0.35652536 0.35530631 0.35343886 0.35045383 0.34548312 0.33685917 0.32129181 0.29224757 0.23728172 0.13627655 -0.029074954 -0.24087316 -0.4293686 -0.54329043 -0.59387422 -0.61212655 -0.61784972 -0.61946122 -0.61987506 -0.61997295 -0.6199945 -0.61999899 -0.61999994 -0.62000035 -0.62000136 -0.62000618 -0.62003485 -0.62024104 -0.62200908 -0.63923649 -0.7751021 -1.0265211 -1.084801 -1.0894825 -1.08943 -1.0872512
0.48371878 0.47871257 0.47305026 0.46668843 0.45960578 0.45181519 0.44337686 0.4344097 0.42509703 0.41568216 0.40645046 0.39769849 0.38969555 0.38264716 0.37667046 0.37178768 0.36793726 0.36499697 0.36281091 0.36121363 0.36004727 0.35917093 0.35846273 0.35781615 0.35713172 0.35630372 0.35520034 0.35363203 0.35129776 0.34768784 0.34190131 0.33229485 0.31581114 0.28676345 0.23502792 0.14506106 0.0019265622 -0.18683574 -0.37320357 -0.50501325 -0.57448562 -0.60404994 -0.61491718 -0.61850556 -0.61959101 -0.61989505 -0.61997458 -0.61999422 -0.61999892 -0.62000027 -0.6200015 -0.62000547 -0.62002346 -0.62012054 -0.62073327 -0.62518026 -0.65945214 -0.83607871 -1.0414896 -1.0849354 -1.0891156 -1.088385 -1.081958
0.47419775 0.46845413 0.46207701 0.45506331 0.44744235 0.43928536 0.4307126 0.42189521 0.41304883 0.40441743 0.39624841 0.38876325 0.3821305 0.37644762 0.37173594 0.36794823 0.36498545 0.36271696 0.36099941 0.35969091 0.35865933 0.35778465 0.35695619 0.35606495 0.35499077 0.35358227 0.35162486 0.34878741 0.34452942 0.3379345 0.32740802 0.31013573 0.28117822 0.23224919 0.15120204 0.026004374 -0.14124844 -0.31887501 -0.46125808 -0.54832935 -0.59132176 -0.60954825 -0.61647249 -0.61888666 -0.61966913 -0.61990686 -0.61997511 -0.61999389 -0.61999917 -0.62000152 -0.62000541 -0.62001877 -0.62007554 -0.62035357 -0.62190406 -0.63149906 -0.68965704 -0.88860551 -1.0508596 -1.0847721 -1.0883159 -1.085758 -1.0696523
0.4640958 0.45775339 0.45085293 0.44343459 0.43557482 0.42739042 0.41903802 0.4107072 0.4026064 0.39494302 0.38790088 0.38161997 0.37618269 0.37160966 0.36786482 0.36486745 0.3625073 0.36065932 0.35919519 0.35799043 0.3569267 0.35588945 0.35476075 0.35340685 0.3516583 0.34927833 0.34591118 0.34099534 0.33361456 0.32224141 0.30430555 0.27552316 0.22907486 0.15537032 0.044754279 -0.10338792 -0.26874577 -0.41482618 -0.51614448 -0.5732762 -0.60083639 -0.61270537 -0.61739451 -0.61912049 -0.61971787 -0.61991368 -0.61997501 -0.61999383 -0.62000042 -0.62000546 -0.62001693 -0.62005599 -0.62021074 -0.62090109 -0.62432273 -0.64243511 -0.72809059 -0.92965696 -1.0568296 -1.0841966 -1.0865886 -1.0798998 -1.0456642
0.45370835 0.4469518 0.43975506 0.43219567 0.42438406 0.41646177 0.40859464 0.40096096 0.39373551 0.38707223 0.38108863 0.37585524 0.37139197 0.36767133 0.36462702 0.36216523 0.36017601 0.35854248 0.35714681 0.35587213 0.35460038 0.35320553 0.35154153 0.34942291 0.34659415 0.34268073 0.3371095 0.32897768 0.31683807 0.29835812 0.26982626 0.22560235 0.1580432 0.059395195 -0.072189278 -0.22396354 -0.36831887 -0.47944115 -0.54986901 -0.5880582 -0.60648118 -0.61461896 -0.6179699 -0.61927006 -0.61974886 -0.61991738 -0.61997481 -0.61999483 -0.6200044 -0.62001624 -0.62004691 -0.62014759 -0.62051951 -0.62203593 -0.62874492 -0.65910369 -0.77063126 -0.96015716 -1.0605441 -1.0829323 -1.0830663 -1.0684107 -1.0064781
0.44333144 0.43636444 0.42909952 0.4216392 0.41411025 0.40665742 0.39943351 0.39258664 0.38624669 0.38051324 0.37544722 0.37106764 0.36735349 0.36424979 0.36167594 0.35953436 0.35771781 0.35611418 0.35460794 0.35307797 0.35139115 0.34939071 0.34687761 0.3435814 0.33911466 0.33290125 0.32406265 0.3112402 0.29232821 0.2641125 0.22190671 0.15956722 0.070847107 -0.046557624 -0.18480018 -0.3237232 -0.44009849 -0.52169684 -0.57084952 -0.59714121 -0.6099873 -0.61583427 -0.61834426 -0.61936867 -0.61976869 -0.61991939 -0.61997547 -0.61999859 -0.62001483 -0.6200425 -0.6201167 -0.6203491 -0.62115032 -0.62414603 -0.63600395 -0.68173195 -0.81268967 -0.98229013 -1.0625255 -1.0804848 -1.0764538 -1.0486203 -0.95264002
0.43322334 0.42624076 0.4191068 0.41193435 0.40484962 0.39798391 0.39146338 0.38539838 0.37987391 0.3749429 0.37062328 0.36689883 0.36372339 0.3610269 0.35872192 0.3567093 0.35488183 0.35312524 0.35131595 0.34931487 0.34695631 0.34403034 0.34025551 0.33523719 0.32840377 0.31890939 0.30548834 0.28624765 0.25840415 0.21804696 0.16019897 0.079803784 -0.02550479 -0.1510044 -0.28230683 -0.39996279 -0.48984781 -0.54929611 -0.58422526 -0.6029346 -0.61225667 -0.61663717 -0.61859606 -0.61943511 -0.61978156 -0.61992122 -0.61997883 -0.62000864 -0.62003905 -0.62010049 -0.62026398 -0.62075081 -0.62231998 -0.627713 -0.64681941 -0.70939979 -0.850881 -0.99810746 -1.0628807 -1.0761075 -1.0651415 -1.0186355 -0.88965152
0.42357745 0.41674329 0.4098915 0.40313214 0.39657834 0.39033804 0.38450553 0.37915378 0.37432894 0.37004759 0.36629698 0.36303775 0.36020822 0.35772925 0.35550843 0.35344281 0.35141941 0.34931278 0.34697912 0.34424575 0.34089463 0.33663717 0.33107674 0.32365263 0.31355783 0.2996208 0.28014541 0.25272102 0.21407031 0.16013186 0.086791045 -0.0081921535 -0.12206772 -0.24471072 -0.36057314 -0.45565948 -0.52391458 -0.56756909 -0.59300127 -0.6067624 -0.61377945 -0.61718535 -0.61876996 -0.6194808 -0.61979076 -0.6199251 -0.61998831 -0.62003146 -0.6200902 -0.62021785 -0.62054889 -0.62148525 -0.62431152 -0.63325294 -0.66157512 -0.74025175 -0.88351893 -1.0091052 -1.0614049 -1.0688327 -1.0475572 -0.9785163 -0.82540395
0.41451033 0.40794505 0.40147184 0.39518841 0.38918751 0.38355005 0.37833892 0.37359436 0.36933145 0.36553982 0.36218528 0.35921282 0.35655002 0.35411016 0.35179402 0.34948997 0.3470714 0.34439108 0.34127131 0.33748866 0.3327511 0.32666459 0.31868456 0.30804699 0.2936733 0.27404764 0.2470807 0.21001508 0.15951415 0.092210667 0.00607015 -0.097392618 -0.21111713 -0.32304531 -0.42047725 -0.4955416 -0.54733812 -0.57991723 -0.59892921 -0.60937372 -0.6148335 -0.61757002 -0.61889288 -0.61951351 -0.61979962 -0.61993456 -0.62000986 -0.62007818 -0.62018981 -0.62043767 -0.62105913 -0.62272913 -0.62745542 -0.64122467 -0.68015394 -0.77205853 -0.9102213 -1.0162094 -1.0576563 -1.0576034 -1.022707 -0.93072689 -0.76646252
0.40606366 0.39984076 0.39379046 0.3879927 0.38251713 0.37741807 0.37273056 0.36846802 0.36462159 0.36116099 0.35803645 0.35518106 0.35251286 0.34993601 0.34734034 0.34459882 0.34156207 0.33804929 0.3338343 0.32862496 0.32203378 0.31353639 0.30241427 0.28767879 0.26797778 0.24149878 0.20591278 0.15846124 0.096372626 0.017840971 -0.076385938 -0.18141488 -0.28807754 -0.38547769 -0.46517748 -0.52399341 -0.56365095 -0.58845475 -0.60304528 -0.6112065 -0.61558284 -0.6178465 -0.61898224 -0.61953945 -0.61981235 -0.61995536 -0.62005328 -0.62016642 -0.62037065 -0.62082202 -0.62191234 -0.6246973 -0.63209287 -0.65192535 -0.70190793 -0.80279266 -0.93129046 -1.0198825 -1.0510475 -1.0415074 -0.99068263 -0.87937103 -0.7162372
0.39821554 0.39236498 0.3867381 0.38139499 0.37638259 0.37173129 0.36745273 0.36353891 0.35996244 0.35667769 0.35362222 0.35071817 0.34787274 0.34497747 0.34190559 0.33850687 0.33459923 0.32995611 0.32428826 0.31721805 0.30824427 0.29669501 0.28166733 0.26195675 0.23598906 0.20178963 0.15706424 0.099518552 0.027570147 -0.058503736 -0.15532894 -0.25602232 -0.35157747 -0.43383354 -0.4982072 -0.5444135 -0.57520552 -0.59449485 -0.60597652 -0.61252549 -0.61612822 -0.61805012 -0.61905048 -0.61956467 -0.61983489 -0.61999638 -0.62013352 -0.62032226 -0.6206791 -0.62145386 -0.62325422 -0.62762709 -0.6385253 -0.66540379 -0.72578099 -0.83095849 -0.94724265 -1.0202529 -1.0409721 -1.0200596 -0.95283434 -0.82870538 -0.67537243
