Interpolating SPI Data/spi_stations/interpolated_spi/11-21_1.tif
NCOLS 257
NROWS 141
XLLCORNER -178.27925
YLLCORNER 5.3153543
DX 0.49934803
DY 0.49997533
NODATA_VALUE -9999
[rows 0 to 27 of 141, columns 126 to 188 of 257]
0.04 0.04 0.04 0.04 0.04 0.040000002 0.040000587 0.040265815 0.14634947 0.39871803 0.39999825 0.4 0.4 0.4 0.4 0.4 0.4 0.40000001 0.40000021 0.40001263 0.40141189 0.63699599 1.8377113 1.8599543 1.8599999 1.86 1.86 1.86 1.86 1.86 1.86 1.86 1.86 1.8596839 0.28835834 -0.059992077 -0.06 -0.06 -0.06 -0.06 -0.06 -0.06 -0.06 -0.06 -0.06 -0.06 -0.06 -0.06 -0.06 -0.060000002 -0.062851645 -1.729624 -1.73 -1.73 -1.73 -1.73 -1.73 -1.73 -1.73 -1.73 -1.73 -1.73 -1.73
0.04 0.04 0.04 0.04 0.04 0.04 0.040000067 0.040053708 0.08818634 0.39815272 0.39999868 0.4 0.4 0.4 0.4 0.4 0.4 0.4 0.40000001 0.40000044 0.40007827 0.42872036 1.7665618 1.8599199 1.86 1.86 1.86 1.86 1.86 1.86 1.86 1.86 1.86 1.8599947 1.3659936 -0.059981715 -0.06 -0.06 -0.06 -0.06 -0.06 -0.06 -0.06 -0.06 -0.06 -0.06 -0.06 -0.06 -0.06 -0.06 -0.06027201 -1.7290902 -1.73 -1.73 -1.73 -1.73 -1.73 -1.73 -1.73 -1.73 -1.73 -1.73 -1.73
0.04 0.04 0.04 0.04 0.04 0.04 0.040000006 0.040008337 0.056149704 0.39700738 0.39999897 0.4 0.4 0.4 0.4 0.4 0.4 0.4 0.4 0.40000001 0.40000204 0.40154003 1.3598697 1.8597981 1.86 1.86 1.86 1.86 1.86 1.86 1.86 1.86 1.86 1.86 1.8392923 -0.059923811 -0.06 -0.06 -0.06 -0.06 -0.06 -0.06 -0.06 -0.06 -0.06 -0.06 -0.06 -0.06 -0.06 -0.06 -0.06001905 -1.7269638 -1.73 -1.73 -1.73 -1.73 -1.73 -1.73 -1.73 -1.73 -1.73 -1.73 -1.73
0.04 0.04 0.04 0.04 0.04 0.04 0.04 0.040000955 0.044052649 0.39441549 0.39999915 0.4 0.4 0.4 0.4 0.4 0.4 0.4 0.4 0.4 0.40000002 0.4000333 0.5562873 1.85914 1.86 1.86 1.86 1.86 1.86 1.86 1.86 1.86 1.86 1.86 1.8597887 -0.059280141 -0.06 -0.06 -0.06 -0.06 -0.06 -0.06 -0.06 -0.06 -0.06 -0.06 -0.06 -0.06 -0.06 -0.06 -0.060001056 -1.7158529 -1.73 -1.73 -1.73 -1.73 -1.73 -1.73 -1.73 -1.73 -1.73 -1.73 -1.73
0.04 0.04 0.04 0.04 0.04 0.04 0.04 0.040000077 0.040762703 0.38771388 0.39999923 0.4 0.4 0.4 0.4 0.4 0.4 0.4 0.4 0.4 0.4 0.40000022 0.40397845 1.8522642 1.86 1.86 1.86 1.86 1.86 1.86 1.86 1.86 1.86 1.86 1.8599995 -0.040158165 -0.06 -0.06 -0.06 -0.06 -0.06 -0.06 -0.06 -0.06 -0.06 -0.06 -0.06 -0.06 -0.06 -0.06 -0.060000233 -1.6420961 -1.73 -1.73 -1.73 -1.73 -1.73 -1.73 -1.73 -1.73 -1.73 -1.73 -1.73
0.04 0.04 0.04 0.04 0.04 0.04 0.04 0.040000004 0.040105583 0.36791794 0.39999921 0.4 0.4 0.4 0.4 0.4 0.4 0.4 0.4 0.4 0.4 0.4 0.40002323 1.6806023 1.8599999 1.86 1.86 1.86 1.86 1.86 1.86 1.86 1.86 1.86 1.86 0.93983767 -0.06 -0.06 -0.06 -0.06 -0.06 -0.06 -0.06 -0.06 -0.06 -0.06 -0.06 -0.06 -0.06 -0.06 -0.060163548 -0.58283206 -1.7299353 -1.73 -1.73 -1.73 -1.73 -1.73 -1.73 -1.73 -1.73 -1.73 -1.73
0.04 0.04 0.04 0.04 0.04 0.04 0.04 0.04 0.040010439 0.30729455 0.39999905 0.4 0.4 0.4 0.4 0.4 0.4 0.4 0.4 0.4 0.4 0.4 0.40000002 0.48397033 1.8599992 1.86 1.86 1.86 1.86 1.86 1.86 1.86 1.86 1.86 1.86 1.8558937 -0.059999998 -0.06 -0.06 -0.06 -0.06 -0.06 -0.06 -0.06 -0.06 -0.06 -0.06 -0.06 -0.06 -0.060000833 -0.40865643 -0.49999964 -0.64774651 -1.7299978 -1.73 -1.73 -1.73 -1.73 -1.73 -1.73 -1.73 -1.73 -1.73
0.04 0.04 0.04 0.04 0.04 0.04 0.04 0.04 0.040000718 0.17690837 0.3999986 0.4 0.4 0.4 0.4 0.4 0.4 0.4 0.4 0.4 0.4 0.4 0.4 0.4001007 1.8599724 1.86 1.86 1.86 1.86 1.86 1.86 1.86 1.86 1.86 1.86 1.8599971 -0.059999758 -0.06 -0.06 -0.06 -0.06 -0.06 -0.06 -0.06 -0.06 -0.06 -0.06 -0.06 -0.06 -0.12261104 -0.4999994 -0.5 -0.50000007 -0.77666202 -1.73 -1.73 -1.73 -1.73 -1.73 -1.73 -1.73 -1.73 -1.73
0.04 0.04 0.04 0.04 0.04 0.04 0.04 0.04 0.040000034 0.07150681 0.39999733 0.4 0.4 0.4 0.4 0.4 0.4 0.4 0.4 0.4 0.4 0.4 0.4 0.40000001 1.8515568 1.86 1.86 1.86 1.86 1.86 1.86 1.86 1.86 1.86 1.86 1.86 -0.060012264 -0.060000001 -0.06 -0.06 -0.06 -0.06 -0.06 -0.06 -0.06 -0.06 -0.06 -0.06 -0.060548288 -0.4999992 -0.5 -0.5 -0.5 -0.50000001 -1.0974902 -1.73 -1.73 -1.73 -1.73 -1.73 -1.73 -1.73 -1.73
0.04 0.04 0.04 0.04 0.04 0.04 0.04 0.04 0.040000001 0.04387492 0.39999305 0.4 0.4 0.4 0.4 0.4 0.4 0.4 0.4 0.4 0.4 0.4 0.4 0.4 0.45471171 1.86 1.86 1.86 1.86 1.86 1.86 1.86 1.86 1.86 1.86 1.8599841 -0.24999705 -0.23829451 -0.060001161 -0.06 -0.06 -0.06 -0.06 -0.06 -0.06 -0.06 -0.06 -0.060000748 -0.49999466 -0.5 -0.5 -0.5 -0.5 -0.5 -0.5 -1.4988671 -1.73 -1.73 -1.73 -1.73 -1.73 -1.73 -1.73
0.04 0.04 0.04 0.04 0.04 0.04 0.04 0.04 0.04 0.040326962 0.39997446 0.4 0.4 0.4 0.4 0.4 0.4 0.4 0.4 0.4 0.4 0.4 0.4 0.4 0.4000009 1.86 1.86 1.86 1.86 1.86 1.86 1.86 1.86 1.86 1.86 0.54244051 -0.25 -0.25 -0.25 -0.24932361 -0.060000012 -0.06 -0.06 -0.06 -0.06 -0.06 -0.060000001 -0.49969325 -0.5 -0.5 -0.5 -0.5 -0.5 -0.5 -0.5 -0.50000001 -1.6717479 -1.73 -1.73 -1.73 -1.73 -1.73 -1.73
0.04 0.04 0.04 0.04 0.04 0.04 0.04 0.04 0.04 0.040021193 0.39986518 0.4 0.4 0.4 0.4 0.4 0.4 0.4 0.4 0.4 0.4 0.4 0.4 0.4 0.4 1.8599167 1.86 1.86 1.86 1.86 1.86 1.86 1.86 1.86 1.86 -0.24999986 -0.25 -0.25 -0.25 -0.25 -0.25 -0.24983686 -0.060000637 -0.06 -0.06 -0.06 -0.43079477 -0.5 -0.5 -0.5 -0.5 -0.5 -0.5 -0.5 -0.5 -0.5 -0.50000006 -1.7111893 -1.73 -1.73 -1.73 -1.73 -1.6810503
0.04 0.04 0.04 0.04 0.04 0.04 0.04 0.04 0.04 0.04000117 0.39899998 0.4 0.4 0.4 0.4 0.4 0.4 0.4 0.4 0.4 0.4 0.4 0.4 0.4 0.4 0.61136606 1.86 1.86 1.86 1.86 1.86 1.86 1.86 1.86 1.7652961 -0.25 -0.25 -0.25 -0.25 -0.25 -0.25 -0.25 -0.25 -0.24881882 -0.060247512 -0.071317164 -0.5 -0.5 -0.5 -0.5 -0.5 -0.5 -0.5 -0.5 -0.5 -0.5 -0.5 -0.50000157 -1.7197363 -1.73 -1.7299989 -1.1599153 1.4599995
0.04 0.04 0.04 0.04 0.04 0.04 0.04 0.04 0.04 0.040000063 0.39040716 0.4 0.4 0.4 0.4 0.4 0.4 0.4 0.4 0.4 0.4 0.4 0.4 0.4 0.4 0.40000708 1.86 1.86 1.86 1.86 1.86 1.86 1.86 1.86 -0.24999544 -0.25 -0.25 -0.25 -0.25 -0.25 -0.25 -0.25 -0.25 -0.25 -0.24999973 -0.49999655 -0.5 -0.5 -0.5 -0.5 -0.5 -0.5 -0.5 -0.5 -0.5 -0.5 -0.5 -0.5 -0.50004363 -1.7210178 0.051226667 1.4599974 1.46
0.04 0.04 0.04 0.04 0.04 0.04 0.04 0.04 0.04 0.040000004 0.31271094 0.4 0.4 0.4 0.4 0.4 0.4 0.4 0.4 0.4 0.4 0.4 0.4 0.4 0.4 0.4 1.8598515 1.86 1.86 1.86 1.86 1.86 1.86 1.8502827 -0.25 -0.25 -0.25 -0.25 -0.25 -0.25 -0.25 -0.25 -0.25 -0.25 -0.25 -0.49999858 -0.5 -0.5 -0.5 -0.5 -0.5 -0.5 -0.5 -0.5 -0.5 -0.5 -0.5 -0.5 -0.49999973 -0.49651158 1.4599837 1.46 1.46
0.04 0.04 0.04 0.04 0.04 0.04 0.04 0.04 0.04 0.04 0.11357486 0.39999999 0.4 0.4 0.4 0.4 0.4 0.4 0.4 0.4 0.4 0.4 0.4 0.4 0.4 0.40011782 1.2997608 1.8575085 1.86 1.86 1.86 1.86 1.8599999 -0.2476798 -0.25 -0.25 -0.25 -0.25 -0.25 -0.25 -0.25 -0.25 -0.25 -0.25 -0.25 -0.49999881 -0.5 -0.5 -0.5 -0.5 -0.5 -0.5 -0.5 -0.5 -0.5 -0.5 -0.4999999 -0.49997765 -0.49921103 -0.48892529 1.4599998 1.46 1.46
0.04 0.04 0.04 0.04 0.04 0.04 0.04 0.04 0.04 0.04 0.048217891 0.39999989 0.4 0.4 0.4 0.4 0.4 0.4 0.4 0.4 0.4 0.4 0.4 0.4 0.62568763 1.3 1.3 1.3 1.3000009 1.4234393 1.8599411 1.86 1.850451 -0.24999943 -0.25 -0.25 -0.25 -0.25 -0.25 -0.25 -0.25 -0.25 -0.25 -0.25 -0.25000001 -0.49999812 -0.5 -0.5 -0.5 -0.5 -0.5 -0.5 -0.5 -0.5 -0.49996133 -0.48478171 -0.2061618 0.21594288 0.36939142 0.4175151 1.4599922 1.46 1.46
0.04 0.04 0.04 0.04 0.04 0.04 0.04 0.04 0.04 0.04 0.04095286 0.39999566 0.39999981 0.39999999 0.4 0.4 0.4 0.4 0.4 0.4 0.4 0.4 0.40000264 1.299955 1.3 1.3 1.3 1.3 1.3 1.3 1.3 1.3016663 -0.11555927 -0.25 -0.25 -0.25 -0.25 -0.25 -0.25 -0.25 -0.25 -0.25 -0.25 -0.25 -0.25000007 -0.4975889 -0.49737773 -0.49492662 -0.46556856 0.27088938 0.48995632 0.49 0.49 0.49 0.49 0.48999999 0.48999987 0.48999847 0.4899901 0.48995763 1.4463441 1.46 1.46
0.04 0.04 0.04 0.04 0.04 0.04 0.04 0.04 0.04 0.03999999 0.040124433 0.36464322 0.38288445 0.39306206 0.3977284 0.39941485 0.39988065 0.39997906 0.39999609 0.39999889 0.39999932 0.55896485 1.3 1.3 1.3 1.3 1.3 1.3 1.3 1.3 1.3 1.3 1.2989981 -0.24999976 -0.25 -0.25 -0.25 -0.25 -0.25 -0.25 -0.25 -0.25 -0.25 -0.25 -0.24993692 0.48713948 0.48994384 0.4899999 0.49 0.49 0.49 0.49 0.49 0.49 0.49 0.49 0.49 0.49 0.49 0.48999997 0.52807565 1.46 1.46
0.04 0.04 0.04 0.04 0.04 0.04 0.04 0.039999978 0.039993851 0.039535722 0.0079631257 -1.7032493 -1.7075979 -1.7093315 -1.709862 -1.7099797 -1.7099979 -1.7099998 -1.71 -1.71 -1.709999 1.2727629 1.3 1.3 1.3 1.3 1.3 1.3 1.3 1.3 1.3 1.3 1.3 -0.18734249 -0.25 -0.25 -0.25 -0.25 -0.25 -0.25 -0.25 -0.25 -0.25 -0.25 0.31809132 0.48999992 0.49 0.49 0.49 0.49 0.49 0.49 0.49 0.49 0.49 0.49 0.49 0.49 0.49 0.49 0.49004224 1.4599289 1.46
0.04 0.04 0.04 0.04 0.039999999 0.039997235 0.038552055 -0.068314422 -0.25289468 -0.26846287 -0.28789876 -1.7099821 -1.71 -1.71 -1.71 -1.71 -1.71 -1.71 -1.71 -1.71 -1.71 -1.7098749 1.3 1.3 1.3 1.3 1.3 1.3 1.3 1.3 1.3 1.3 1.3 1.2995134 -0.24998921 -0.25 -0.25 -0.25 -0.25 -0.25 -0.25 -0.25 -0.25 -0.24997347 0.48996851 0.49 0.49 0.49 0.49 0.49 0.49 0.49 0.49 0.49 0.49 0.49 0.49 0.49 0.49 0.49 0.49000011 1.385823 1.46
0.032350014 0.039999725 0.0397763 -0.13262221 -0.26956326 -0.26999631 -0.26999985 -0.26999998 -0.26999999 -0.26999987 -0.27039663 -1.7098353 -1.71 -1.71 -1.71 -1.71 -1.71 -1.71 -1.71 -1.71 -1.71 -1.71 1.263999 1.3 1.3 1.3 1.3 1.3 1.3 1.3 1.3 1.3 1.3 1.2999999 0.10840299 -0.24999998 -0.25 -0.25 -0.25 -0.25 -0.25 -0.25 -0.24999999 -0.11323844 0.48999997 0.49 0.49 0.49 0.49 0.49 0.49 0.49 0.49 0.49 0.49 0.49 0.49 0.49 0.49 0.49 0.49 0.51692992 1.4599966
-0.56999986 -0.27018688 -0.27 -0.27 -0.27 -0.27 -0.27 -0.27 -0.27 -0.26999933 -0.26979792 -1.7068915 -1.71 -1.71 -1.71 -1.71 -1.71 -1.71 -1.71 -1.71 -1.71 -1.71 -1.71 1.3 1.3 1.3 1.3 1.3 1.3 1.3 1.3 1.3 1.2999993 1.2989235 1.1426673 -0.24757766 -0.24999997 -0.25 -0.25 -0.25 -0.25 -0.25 -0.2499483 0.48665893 0.49 0.49 0.49 0.49 0.49 0.49 0.49 0.49 0.49 0.49 0.49 0.49 0.49 0.49 0.49 0.49 0.49 0.49018898 1.4581295
-0.56995439 -0.27 -0.27 -0.27 -0.27 -0.27 -0.27 -0.27 -0.27 -0.26998775 -0.26311312 -1.3242927 -1.7099824 -1.71 -1.71 -1.71 -1.71 -1.71 -1.71 -1.71 -1.71 -1.71 -1.71 -0.70732319 1.3 1.3 1.3 1.3 1.3 1.3 1.3 1.2987191 0.63234414 0.44161518 0.4400681 0.44000296 0.088512476 -0.24997889 -0.25 -0.25 -0.25 -0.24999972 -0.20914712 0.48998159 0.49 0.49 0.49 0.49 0.49 0.49 0.49 0.49 0.49 0.49 0.49 0.49 0.49 0.49 0.49 0.49 0.49 0.49000361 1.2014122
-0.3199596 -0.27 -0.27 -0.27 -0.27 -0.27 -0.27 -0.27 -0.26999986 -0.26871996 0.27399102 1.3160177 -1.0535174 -1.7099951 -1.71 -1.71 -1.71 -1.71 -1.71 -1.71 -1.71 -1.71 -1.71 -1.71 1.2999999 1.3 1.3 1.3 1.3 1.2672078 0.44023088 0.44000018 0.44 0.44 0.44 0.44 0.44000579 0.43699232 -0.23880684 -0.24993457 -0.24999851 -0.24983417 0.42752631 0.48999959 0.49 0.49 0.49 0.49 0.49 0.49 0.49 0.49 0.49 0.49 0.49 0.49 0.49 0.49 0.49 0.49 0.49 0.49000017 0.52640604
-0.27000001 -0.27 -0.27 -0.27 -0.27 -0.27 -0.27 -0.27 -0.26991741 0.38262534 0.84898363 1.3962733 1.4099874 0.58023247 -1.7099981 -1.71 -1.71 -1.71 -1.71 -1.71 -1.71 -1.71 -1.71 -1.71 -1.6407927 1.3 1.2999851 0.44381899 0.44 0.44 0.44 0.44 0.44 0.44 0.44 0.44000012 0.44038128 0.6073389 1.206877 1.2279791 1.0987903 -0.021064346 0.48874103 0.48999997 0.49 0.49 0.49 0.49 0.49 0.49 0.49 0.49 0.49 0.49 0.49 0.49 0.49 0.49 0.49 0.49 0.49 0.49000002 0.4912721
-0.26999999 -0.27 -0.27 -0.27 -0.27 -0.27 -0.27 -0.26999929 0.5804555 0.84997482 0.85006625 1.409358 1.41 1.41 1.3860255 -1.7099977 -1.71 -1.71 -1.71 -1.71 -1.71 -1.71 -1.71 -1.71 -1.7099992 0.44000666 0.44 0.44 0.44 0.44 0.44 0.44 0.44 0.44 0.44 0.4400251 0.56502097 1.223019 1.2299271 1.229997 1.2299996 1.2299917 0.66523111 0.49000032 0.49 0.49 0.49 0.49 0.49 0.49 0.49 0.49 0.49 0.49 0.49 0.49 0.49 0.49 0.49 0.49 0.49 0.49 0.49008938
0.15550573 -0.27 -0.27 -0.27 -0.27 -0.27 -0.27 0.79351094 0.84999998 0.85 0.85006732 1.4099943 1.41 1.41 1.41 1.4099032 -1.7099792 -1.71 -1.71 -1.71 -1.71 -1.71 -1.71 -1.71 0.38588653 0.44 0.44 0.44 0.44 0.44 0.44 0.44 0.44 0.44 0.44000034 0.51855778 1.2289218 1.2299973 1.2299999 1.23 1.23 1.23 1.2299432 0.50400156 0.49000003 0.49 0.49 0.49 0.49 0.49 0.49 0.49 0.49 0.49 0.49 0.49 0.49 0.49 0.49 0.48999989 0.4899951 0.48987104 0.48714268
