Interpolating SPI Data/spi_stations/interpolated_spi/11-22_1.tif
NCOLS 257
NROWS 141
XLLCORNER -178.27925
YLLCORNER 5.3153543
DX 0.49934803
DY 0.49997533
NODATA_VALUE -9999
[rows 0 to 26 of 141, columns 122 to 182 of 257]
0.16999968 0.17 0.17 0.17 0.17 0.17 0.17 0.17 0.17 0.17 0.16999935 0.16970465 0.051833926 -0.22857559 -0.22999805 -0.23 -0.23 -0.23 -0.23 -0.23 -0.23 -0.23 -0.23 -0.22999983 -0.22998066 -0.22675348 -0.21030532 -0.21000063 -0.21 -0.21 -0.21 -0.21 -0.21 -0.21 -0.21 -0.21 -0.20999999 -0.20985184 0.52670703 0.68999629 0.69 0.69 0.69 0.69 0.69 0.69 0.69 0.69 0.69 0.69 0.69 0.69 0.69 0.69 0.68788261 -0.54972083 -0.55 -0.55 -0.55 -0.55 -0.55
0.16999998 0.17 0.17 0.17 0.17 0.17 0.17 0.17 0.17 0.17 0.16999993 0.16994032 0.11645962 -0.22794746 -0.22999854 -0.23 -0.23 -0.23 -0.23 -0.23 -0.23 -0.23 -0.23 -0.22999999 -0.22999893 -0.22960657 -0.21127998 -0.2100011 -0.21 -0.21 -0.21 -0.21 -0.21 -0.21 -0.21 -0.21 -0.21 -0.20999751 0.021565492 0.68999143 0.69 0.69 0.69 0.69 0.69 0.69 0.69 0.69 0.69 0.69 0.69 0.69 0.69 0.69 0.68979803 -0.54932444 -0.55 -0.55 -0.55 -0.55 -0.55
0.17 0.17 0.17 0.17 0.17 0.17 0.17 0.17 0.17 0.17 0.16999999 0.16999074 0.15205588 -0.22667487 -0.22999886 -0.23 -0.23 -0.23 -0.23 -0.23 -0.23 -0.23 -0.23 -0.23 -0.22999997 -0.2299789 -0.2168511 -0.21000277 -0.21 -0.21 -0.21 -0.21 -0.21 -0.21 -0.21 -0.21 -0.21 -0.20999999 -0.20029324 0.68996429 0.69 0.69 0.69 0.69 0.69 0.69 0.69 0.69 0.69 0.69 0.69 0.69 0.69 0.69 0.68998586 -0.54774557 -0.55 -0.55 -0.55 -0.55 -0.55
0.17 0.17 0.17 0.17 0.17 0.17 0.17 0.17 0.17 0.17 0.17 0.16999894 0.16549706 -0.22379499 -0.22999905 -0.23 -0.23 -0.23 -0.23 -0.23 -0.23 -0.23 -0.23 -0.23 -0.23 -0.22999954 -0.22785908 -0.21001178 -0.21 -0.21 -0.21 -0.21 -0.21 -0.21 -0.21 -0.21 -0.21 -0.21 -0.20990097 0.68966257 0.69 0.69 0.69 0.69 0.69 0.69 0.69 0.69 0.69 0.69 0.69 0.69 0.69 0.69 0.68999921 -0.53949614 -0.55 -0.55 -0.55 -0.55 -0.55
0.17 0.17 0.17 0.17 0.17 0.17 0.17 0.17 0.17 0.17 0.17 0.16999991 0.16915255 -0.21634876 -0.22999914 -0.23 -0.23 -0.23 -0.23 -0.23 -0.23 -0.23 -0.23 -0.23 -0.23 -0.23 -0.2299455 -0.21010597 -0.21 -0.21 -0.21 -0.21 -0.21 -0.21 -0.21 -0.21 -0.21 -0.21 -0.20999975 0.68069914 0.69 0.69 0.69 0.69 0.69 0.69 0.69 0.69 0.69 0.69 0.69 0.69 0.69 0.69 0.68999923 -0.48572604 -0.55 -0.55 -0.55 -0.55 -0.55
0.17 0.17 0.17 0.17 0.17 0.17 0.17 0.17 0.17 0.17 0.17 0.17 0.16988269 -0.19435326 -0.22999912 -0.23 -0.23 -0.23 -0.23 -0.23 -0.23 -0.23 -0.23 -0.23 -0.23 -0.23 -0.22999968 -0.2124575 -0.21 -0.21 -0.21 -0.21 -0.21 -0.21 -0.21 -0.21 -0.21 -0.21 -0.21 0.22132609 0.69 0.69 0.69 0.69 0.69 0.69 0.69 0.69 0.69 0.69 0.69 0.69 0.69 0.69 0.68933467 -0.99049547 -0.55002891 -0.55 -0.55 -0.55 -0.55
0.17 0.17 0.17 0.17 0.17 0.17 0.17 0.17 0.17 0.17 0.17 0.17 0.1699884 -0.12699395 -0.22999895 -0.23 -0.23 -0.23 -0.23 -0.23 -0.23 -0.23 -0.23 -0.23 -0.23 -0.23 -0.23 -0.22884972 -0.21000001 -0.21 -0.21 -0.21 -0.21 -0.21 -0.21 -0.21 -0.21 -0.21 -0.21 -0.20807515 0.69 0.69 0.69 0.69 0.69 0.69 0.69 0.69 0.69 0.69 0.69 0.69 0.69 0.68999661 -0.72839774 -1.0999954 -1.0339345 -0.550001 -0.55 -0.55 -0.55
0.17 0.17 0.17 0.17 0.17 0.17 0.17 0.17 0.17 0.17 0.17 0.17 0.1699992 0.017879585 -0.22999845 -0.23 -0.23 -0.23 -0.23 -0.23 -0.23 -0.23 -0.23 -0.23 -0.23 -0.23 -0.23 -0.22999862 -0.21000038 -0.21 -0.21 -0.21 -0.21 -0.21 -0.21 -0.21 -0.21 -0.21 -0.21 -0.20999866 0.68999989 0.69 0.69 0.69 0.69 0.69 0.69 0.69 0.69 0.69 0.69 0.69 0.69 0.43528689 -1.0999975 -1.1 -1.1 -0.97628934 -0.55000002 -0.55 -0.55
0.17 0.17 0.17 0.17 0.17 0.17 0.17 0.17 0.17 0.17 0.17 0.17 0.16999996 0.13499243 -0.22999703 -0.23 -0.23 -0.23 -0.23 -0.23 -0.23 -0.23 -0.23 -0.23 -0.23 -0.23 -0.23 -0.23 -0.21011566 -0.21 -0.21 -0.21 -0.21 -0.21 -0.21 -0.21 -0.21 -0.21 -0.21 -0.21 0.68744532 0.68999999 0.69 0.69 0.69 0.69 0.69 0.69 0.69 0.69 0.69 0.69 0.68776946 -1.0999967 -1.1 -1.1 -1.1 -1.1 -0.83282957 -0.55 -0.55
0.17 0.17 0.17 0.17 0.17 0.17 0.17 0.17 0.17 0.17 0.17 0.17 0.17 0.16569453 -0.22999228 -0.23 -0.23 -0.23 -0.23 -0.23 -0.23 -0.23 -0.23 -0.23 -0.23 -0.23 -0.23 -0.23 -0.22925052 -0.21 -0.21 -0.21 -0.21 -0.21 -0.21 -0.21 -0.21 -0.21 -0.21 -0.21001646 -2.3899742 -2.2002478 0.68998117 0.69 0.69 0.69 0.69 0.69 0.69 0.69 0.69 0.68999696 -1.0999783 -1.1 -1.1 -1.1 -1.1 -1.1 -1.1 -0.65335209 -0.55
0.17 0.17 0.17 0.17 0.17 0.17 0.17 0.17 0.17 0.17 0.17 0.17 0.17 0.16963671 -0.22997162 -0.23 -0.23 -0.23 -0.23 -0.23 -0.23 -0.23 -0.23 -0.23 -0.23 -0.23 -0.23 -0.23 -0.22999999 -0.21 -0.21 -0.21 -0.21 -0.21 -0.21 -0.21 -0.21 -0.21 -0.21 -1.57127 -2.39 -2.39 -2.39 -2.3790354 0.68999981 0.69 0.69 0.69 0.69 0.69 0.69 -1.0987521 -1.1 -1.1 -1.1 -1.1 -1.1 -1.1 -1.1 -1.1 -0.57604767
0.17 0.17 0.17 0.17 0.17 0.17 0.17 0.17 0.17 0.17 0.17 0.17 0.17 0.16997645 -0.2298502 -0.23 -0.23 -0.23 -0.23 -0.23 -0.23 -0.23 -0.23 -0.23 -0.23 -0.23 -0.23 -0.23 -0.23 -0.21000114 -0.21 -0.21 -0.21 -0.21 -0.21 -0.21 -0.21 -0.21 -0.21000001 -2.3899999 -2.39 -2.39 -2.39 -2.39 -2.39 -2.3873554 0.68998968 0.69 0.69 0.69 -0.81846055 -1.1 -1.1 -1.1 -1.1 -1.1 -1.1 -1.1 -1.1 -1.1 -1.1
0.17 0.17 0.17 0.17 0.17 0.17 0.17 0.17 0.17 0.17 0.17 0.17 0.17 0.1699987 -0.22888887 -0.23 -0.23 -0.23 -0.23 -0.23 -0.23 -0.23 -0.23 -0.23 -0.23 -0.23 -0.23 -0.23 -0.23 -0.22710457 -0.21 -0.21 -0.21 -0.21 -0.21 -0.21 -0.21 -0.21 -0.30784575 -2.39 -2.39 -2.39 -2.39 -2.39 -2.39 -2.39 -2.39 -2.3708524 0.68598771 0.64395691 -1.1 -1.1 -1.1 -1.1 -1.1 -1.1 -1.1 -1.1 -1.1 -1.1 -1.1
0.17 0.17 0.17 0.17 0.17 0.17 0.17 0.17 0.17 0.17 0.17 0.17 0.17 0.16999993 -0.21934129 -0.23 -0.23 -0.23 -0.23 -0.23 -0.23 -0.23 -0.23 -0.23 -0.23 -0.23 -0.23 -0.23 -0.23 -0.2299999 -0.21 -0.21 -0.21 -0.21 -0.21 -0.21 -0.21 -0.21 -2.3899953 -2.39 -2.39 -2.39 -2.39 -2.39 -2.39 -2.39 -2.39 -2.39 -2.3899956 -1.1000157 -1.1 -1.1 -1.1 -1.1 -1.1 -1.1 -1.1 -1.1 -1.1 -1.1 -1.1
0.17 0.17 0.17 0.17 0.17 0.17 0.17 0.17 0.17 0.17 0.17 0.17 0.17 0.17 -0.13301216 -0.23 -0.23 -0.23 -0.23 -0.23 -0.23 -0.23 -0.23 -0.23 -0.23 -0.23 -0.23 -0.23 -0.23 -0.23 -0.21000203 -0.21 -0.21 -0.21 -0.21 -0.21 -0.21 -0.22003969 -2.39 -2.39 -2.39 -2.39 -2.39 -2.39 -2.39 -2.39 -2.39 -2.39 -2.39 -1.1000073 -1.1 -1.1 -1.1 -1.1 -1.1 -1.1 -1.1 -1.1 -1.1 -1.1 -1.1
0.17 0.17 0.17 0.17 0.17 0.17 0.17 0.17 0.17 0.17 0.17 0.17 0.17 0.17 0.088250152 -0.22999999 -0.23 -0.23 -0.23 -0.23 -0.23 -0.23 -0.23 -0.23 -0.23 -0.23 -0.23 -0.23 -0.23 -0.23001047 -0.30967469 -0.2104449 -0.21 -0.21 -0.21 -0.21 -0.21000009 -2.3876028 -2.39 -2.39 -2.39 -2.39 -2.39 -2.39 -2.39 -2.39 -2.39 -2.39 -2.39 -1.1000062 -1.1 -1.1 -1.1 -1.1 -1.1 -1.1 -1.1 -1.1 -1.1 -1.1 -1.1
0.17 0.17 0.17 0.17 0.17 0.17 0.17 0.17 0.17 0.17 0.17 0.17 0.17 0.17 0.16086901 -0.22999988 -0.23 -0.23 -0.23 -0.23 -0.23 -0.23 -0.23 -0.23 -0.23 -0.23 -0.23 -0.23 -0.25006112 -0.31 -0.31 -0.31 -0.30999984 -0.28795727 -0.21001052 -0.21 -0.21986575 -2.3899994 -2.39 -2.39 -2.39 -2.39 -2.39 -2.39 -2.39 -2.39 -2.39 -2.39 -2.39 -1.1000096 -1.1 -1.1 -1.1 -1.1 -1.1 -1.1 -1.1 -1.1 -1.1000086 -1.1033818 -1.1652974
0.17 0.17 0.17 0.17 0.17 0.17 0.17 0.17 0.17 0.17 0.17 0.17 0.17 0.17 0.1689412 -0.22999879 -0.23000009 -0.23 -0.23 -0.23 -0.23 -0.23 -0.23 -0.23 -0.23 -0.23 -0.23000023 -0.309996 -0.31 -0.31 -0.31 -0.31 -0.31 -0.31 -0.30999999 -0.30970248 -2.2485448 -2.39 -2.39 -2.39 -2.39 -2.39 -2.39 -2.39 -2.39 -2.39 -2.39 -2.39 -2.3899996 -1.1005581 -1.1005827 -1.1011274 -1.1076514 -1.2713088 -1.3199903 -1.32 -1.32 -1.32 -1.32 -1.32 -1.32
0.17 0.17 0.17 0.17 0.17 0.17 0.17 0.17 0.17 0.17 0.17 0.17 0.17 0.16999998 0.16981532 -0.24736807 -0.2384361 -0.23341965 -0.23111965 -0.23028841 -0.23005883 -0.23001032 -0.23000193 -0.23000055 -0.23000034 -0.24413075 -0.31 -0.31 -0.31 -0.31 -0.31 -0.31 -0.31 -0.31 -0.31 -0.31 -0.31134459 -2.3899997 -2.39 -2.39 -2.39 -2.39 -2.39 -2.39 -2.39 -2.39 -2.39 -2.39 -2.3899038 -1.3193645 -1.3199875 -1.32 -1.32 -1.32 -1.32 -1.32 -1.32 -1.32 -1.32 -1.32 -1.32
0.16998747 0.17 0.17 0.17 0.17 0.17 0.17 0.17 0.17 0.17 0.17 0.16999994 0.16998433 0.16881684 0.12307142 -1.26667 -1.268816 -1.2696705 -1.269932 -1.26999 -1.2699989 -1.2699999 -1.27 -1.27 -1.2699997 -0.31868691 -0.31 -0.31 -0.31 -0.31 -0.31 -0.31 -0.31 -0.31 -0.31 -0.31 -0.31000001 -2.3059177 -2.39 -2.39 -2.39 -2.39 -2.39 -2.39 -2.39 -2.39 -2.39 -2.39 -1.5685603 -1.32 -1.32 -1.32 -1.32 -1.32 -1.32 -1.32 -1.32 -1.32 -1.32 -1.32 -1.32
-0.3 -0.29947387 0.16992998 0.17 0.17 0.17 0.17 0.17 0.17 0.16999295 0.16631008 -0.10602707 -0.57640903 -0.61608294 -0.62750448 -1.2699919 -1.27 -1.27 -1.27 -1.27 -1.27 -1.27 -1.27 -1.27 -1.27 -1.2699601 -0.31 -0.31 -0.31 -0.31 -0.31 -0.31 -0.31 -0.31 -0.31 -0.31 -0.31 -0.31065305 -2.3899855 -2.39 -2.39 -2.39 -2.39 -2.39 -2.39 -2.39 -2.39 -2.3899616 -1.3200455 -1.32 -1.32 -1.32 -1.32 -1.32 -1.32 -1.32 -1.32 -1.32 -1.32 -1.32 -1.32
-0.3 -0.3 -0.3 -0.29997399 0.16410575 0.1699996 0.16942993 -0.26990821 -0.61888703 -0.6199906 -0.61999963 -0.61999995 -0.61999998 -0.62000005 -0.62019781 -1.2699258 -1.27 -1.27 -1.27 -1.27 -1.27 -1.27 -1.27 -1.27 -1.27 -1.27 -0.32148206 -0.31 -0.31 -0.31 -0.31 -0.31 -0.31 -0.31 -0.31 -0.31 -0.31 -0.31000004 -1.9090396 -2.39 -2.39 -2.39 -2.39 -2.39 -2.39 -2.39 -2.39 -2.1922502 -1.32 -1.32 -1.32 -1.32 -1.32 -1.32 -1.32 -1.32 -1.32 -1.32 -1.32 -1.32 -1.32
-0.3 -0.3 -0.3 -0.3 -0.30000015 -0.6198006 -0.62 -0.62 -0.62 -0.62 -0.62 -0.62 -0.62 -0.62000035 -0.62011126 -1.2686449 -1.27 -1.27 -1.27 -1.27 -1.27 -1.27 -1.27 -1.27 -1.27 -1.27 -1.27 -0.31 -0.31 -0.31 -0.31 -0.31 -0.31 -0.31 -0.31 -0.31 -0.30999967 -0.30946177 -0.23253801 -2.3823805 -2.3899999 -2.39 -2.39 -2.39 -2.39 -2.39 -2.3899252 -1.324831 -1.32 -1.32 -1.32 -1.32 -1.32 -1.32 -1.32 -1.32 -1.32 -1.32 -1.32 -1.32 -1.32
-0.3 -0.3 -0.3 -0.3 -0.30004865 -0.62 -0.62 -0.62 -0.62 -0.62 -0.62 -0.62 -0.62 -0.62000645 -0.62362449 -1.1637377 -1.2699938 -1.27 -1.27 -1.27 -1.27 -1.27 -1.27 -1.27 -1.27 -1.27 -1.27 -0.95020939 -0.31 -0.31 -0.31 -0.31 -0.31 -0.31 -0.30999999 -0.30935956 0.023827928 0.11919241 0.11996595 0.11996975 -1.158607 -2.3899232 -2.39 -2.39 -2.39 -2.3899996 -2.3309289 -1.3200266 -1.32 -1.32 -1.32 -1.32 -1.32 -1.32 -1.32 -1.32 -1.32 -1.32 -1.32 -1.32 -1.32
-0.3 -0.3 -0.3 -0.3 -0.56670976 -0.62 -0.62 -0.62 -0.62 -0.62 -0.62 -0.62 -0.62000007 -0.62067431 -0.90639937 -0.3389411 -1.0385511 -1.2699983 -1.27 -1.27 -1.27 -1.27 -1.27 -1.27 -1.27 -1.27 -1.27 -1.27 -0.31000004 -0.31 -0.31 -0.31 -0.31 -0.29360389 0.11988456 0.11999991 0.12 0.12 0.12 0.12 0.11999325 0.098280581 -2.3612872 -2.3899219 -2.3899983 -2.3897602 -1.4103336 -1.3200006 -1.32 -1.32 -1.32 -1.32 -1.32 -1.32 -1.32 -1.32 -1.32 -1.32 -1.32 -1.32 -1.32
-0.3 -0.3 -0.3 -0.3 -0.61999999 -0.62 -0.62 -0.62 -0.62 -0.62 -0.62 -0.62 -0.62004351 -0.96379371 -1.2092462 -0.1954914 -0.17000469 -0.46254625 -1.2699993 -1.27 -1.27 -1.27 -1.27 -1.27 -1.27 -1.27 -1.27 -1.27 -1.2479273 -0.31 -0.30999254 0.11809051 0.12 0.12 0.12 0.12 0.12 0.12 0.12 0.11999987 0.11958494 -0.062166413 -0.7148463 -0.74081089 -0.88618584 -2.1276357 -1.3218246 -1.32 -1.32 -1.32 -1.32 -1.32 -1.32 -1.32 -1.32 -1.32 -1.32 -1.32 -1.32 -1.32 -1.32
-0.3 -0.3 -0.3 -0.62519113 -0.62 -0.62 -0.62 -0.62 -0.62 -0.62 -0.62 -0.62000037 -1.0680078 -1.2099867 -1.2098767 -0.17119235 -0.17 -0.17 -0.17845256 -1.2699992 -1.27 -1.27 -1.27 -1.27 -1.27 -1.27 -1.27 -1.27 -1.2699997 0.11999663 0.12 0.12 0.12 0.12 0.12 0.12 0.12 0.12 0.12 0.11997268 -0.016098776 -0.73240044 -0.73992066 -0.7399967 -0.73999964 -0.74000774 -1.1826888 -1.3199998 -1.32 -1.32 -1.32 -1.32 -1.32 -1.32 -1.32 -1.32 -1.32 -1.32 -1.32 -1.32 -1.32
