Interpolating SPI Data/spi_stations/interpolated_spi/11-22_3.tif
NCOLS 257
NROWS 141
XLLCORNER -178.27925
YLLCORNER 5.3153543
DX 0.49934803
DY 0.49997533
NODATA_VALUE -9999
[rows 0 to 26 of 141, columns 0 to 60 of 257]
1.5840361 1.6037405 1.6237674 1.6440795 1.6646337 1.6853808 1.706266 1.7272283 1.748201 1.7691121 1.7898849 1.8104385 1.8306891 1.8505508 1.8699371 1.8887625 1.906944 1.9244027 1.941066 1.9568685 1.9717542 1.9856779 1.9986057 2.0105165 2.021402 2.0312671 2.0401292 2.0480178 2.0549733 2.0610455 2.066292 2.0707768 2.0745678 2.0777353 2.0803501 2.0824819 2.0841974 2.0855598 2.0866271 2.0874518 2.0880803 2.0885528 2.0889036 2.0891611 2.0893484 2.0894838 2.0895815 2.0896524 2.0897044 2.0897431 2.0897725 2.0897954 2.0898136 2.0898282 2.0898399 2.0898491 2.0898562 2.0898611 2.0898637 2.0898639 2.0898612
1.5318716 1.5514416 1.5714453 1.5918554 1.612639 1.6337563 1.6551613 1.6768006 1.6986138 1.7205337 1.7424858 1.7643893 1.7861575 1.8076989 1.8289181 1.8497172 1.8699976 1.889662 1.908616 1.9267705 1.944044 1.9603641 1.97567 1.9899136 2.0030613 2.0150944 2.0260097 2.0358192 2.0445497 2.0522414 2.0589466 2.0647276 2.0696547 2.0738039 2.0772544 2.0800867 2.08238 2.0842108 2.085651 2.0867669 2.0876181 2.0882572 2.0887296 2.0890734 2.0893201 2.0894949 2.0896176 2.0897034 2.0897635 2.089806 2.0898366 2.0898591 2.0898762 2.0898896 2.0899003 2.0899088 2.0899157 2.0899211 2.0899252 2.0899279 2.0899291
1.4765898 1.4957179 1.515378 1.5355552 1.5562288 1.577372 1.5989508 1.6209243 1.6432432 1.6658502 1.6886795 1.7116565 1.7346985 1.7577145 1.7806065 1.8032702 1.8255964 1.847473 1.8687866 1.8894253 1.9092808 1.9282515 1.9462446 1.9631793 1.9789886 1.9936215 2.0070442 2.0192415 2.0302163 2.0399897 2.0485999 2.0561 2.0625567 2.068047 2.0726555 2.0764722 2.0795886 2.082096 2.0840823 2.0856306 2.0868174 2.0877113 2.0883725 2.0888529 2.0891955 2.0894356 2.0896011 2.0897138 2.0897897 2.0898407 2.0898753 2.0898991 2.0899159 2.0899283 2.0899377 2.0899451 2.089951 2.0899557 2.0899595 2.0899624 2.0899645
1.4187404 1.4371074 1.4560847 1.4756703 1.4958577 1.5166345 1.5379824 1.5598758 1.5822813 1.6051571 1.6284517 1.6521041 1.676043 1.7001865 1.7244425 1.7487089 1.7728744 1.7968197 1.8204193 1.8435434 1.8660608 1.8878413 1.9087594 1.9286974 1.9475488 1.9652216 1.9816413 1.9967529 2.0105228 2.0229397 2.0340144 2.0437792 2.0522863 2.0596047 2.065818 2.0710207 2.0753143 2.0788042 2.0815957 2.0837913 2.085488 2.0867751 2.0877327 2.0884308 2.0889293 2.0892777 2.089516 2.0896758 2.0897809 2.089849 2.0898928 2.089921 2.0899394 2.0899517 2.0899604 2.0899667 2.0899715 2.0899753 2.0899783 2.0899807 2.0899826
1.3590195 1.3763147 1.3942718 1.4129015 1.4322114 1.4522046 1.4728794 1.4942279 1.5162356 1.5388799 1.5621294 1.5859429 1.610268 1.6350408 1.6601851 1.6856118 1.7112189 1.7368917 1.762504 1.7879189 1.8129912 1.8375698 1.8615009 1.8846317 1.9068146 1.9279115 1.947798 1.9663678 1.9835361 1.9992429 2.0134543 2.0261641 2.0373928 2.0471868 2.0556153 2.062767 2.068746 2.0736674 2.0776524 2.0808238 2.0833022 2.0852022 2.0866294 2.0876788 2.0884331 2.0889627 2.0893256 2.0895679 2.0897258 2.0898262 2.0898887 2.0899269 2.0899501 2.0899644 2.0899733 2.0899792 2.0899832 2.0899862 2.0899884 2.0899902 2.0899916
1.298245 1.3141872 1.3308123 1.3481422 1.3661969 1.3849941 1.4045478 1.4248682 1.4459603 1.4678229 1.4904474 1.5138168 1.5379038 1.5626701 1.5880645 1.6140222 1.6404631 1.6672917 1.6943961 1.7216484 1.7489053 1.7760096 1.8027927 1.8290772 1.8546812 1.879423 1.9031266 1.9256271 1.9467764 1.966449 1.9845464 2.0010011 2.0157787 2.0288787 2.0403341 2.0502084 2.0585924 2.0655989 2.0713571 2.0760068 2.0796922 2.0825563 2.0847361 2.0863589 2.087539 2.0883759 2.0889541 2.0893426 2.0895961 2.0897566 2.0898553 2.0899142 2.0899485 2.0899681 2.0899792 2.0899857 2.0899896 2.0899921 2.0899938 2.089995 2.0899959
1.2373165 1.2516749 1.2667056 1.2824389 1.2989046 1.3161318 1.3341483 1.3529797 1.372649 1.3931753 1.414573 1.43685 1.460007 1.4840352 1.5089153 1.5346151 1.5610879 1.5882707 1.6160828 1.6444237 1.6731729 1.7021892 1.7313111 1.7603582 1.7891339 1.8174287 1.8450256 1.8717058 1.8972558 1.921475 1.9441834 1.965229 1.9844938 2.0018995 2.0174095 2.0310303 2.04281 2.052834 2.0612201 2.0681113 2.0736677 2.0780591 2.0814569 2.0840271 2.0859253 2.0872917 2.0882488 2.0888999 2.0893292 2.0896032 2.089772 2.0898723 2.0899298 2.0899616 2.0899787 2.0899877 2.0899924 2.089995 2.0899965 2.0899974 2.089998
1.1771645 1.1897752 1.2030187 1.2169298 1.2315445 1.2468995 1.263032 1.2799793 1.2977782 1.3164643 1.3360711 1.3566293 1.3781653 1.4006998 1.424246 1.4488082 1.474379 1.5009375 1.5284464 1.5568498 1.5860703 1.6160072 1.6465341 1.6774981 1.7087195 1.7399927 1.7710887 1.8017592 1.831743 1.8607732 1.8885867 1.9149344 1.939592 1.9623697 1.9831215 2.0017518 2.0182196 2.0325388 2.0447758 2.0550443 2.0634964 2.0703131 2.0756936 2.0798444 2.0829696 2.0852621 2.0868977 2.0880303 2.0887899 2.0892821 2.0895894 2.0897738 2.08988 2.0899385 2.0899693 2.0899848 2.0899924 2.0899959 2.0899977 2.0899985 2.089999
1.118694 1.1294706 1.1408165 1.1527678 1.1653625 1.1786406 1.1926438 1.2074159 1.2230018 1.2394475 1.2568001 1.2751063 1.2944124 1.3147628 1.3361992 1.3587584 1.3824712 1.4073595 1.4334343 1.4606923 1.489113 1.5186549 1.5492519 1.5808099 1.6132032 1.6462724 1.679822 1.7136212 1.7474056 1.7808812 1.8137317 1.8456281 1.876241 1.9052544 1.9323807 1.9573753 1.9800497 2.0002809 2.0180177 2.0332811 2.0461603 2.0568046 2.0654109 2.0722094 2.077449 2.0813823 2.0842531 2.0862863 2.0876803 2.0886031 2.0891914 2.0895513 2.089762 2.0898796 2.0899419 2.0899732 2.0899881 2.0899948 2.0899977 2.0899989 2.0899994
1.06273 1.0716657 1.081091 1.0910399 1.1015491 1.1126576 1.1244071 1.1368422 1.1500102 1.163961 1.1787472 1.194424 1.2110487 1.2286804 1.2473792 1.2672055 1.2882187 1.3104759 1.3340296 1.3589256 1.3852002 1.4128763 1.4419597 1.4724342 1.5042566 1.5373515 1.5716057 1.6068632 1.6429218 1.6795302 1.7163889 1.7531532 1.7894408 1.8248434 1.8589426 1.8913291 1.9216238 1.9494998 1.9747021 1.9970624 2.0165082 2.0330649 2.0468488 2.0580554 2.0669403 2.073799 2.0789452 2.0826908 2.0853296 2.0871242 2.0882991 2.089037 2.0894801 2.0897334 2.0898707 2.0899409 2.0899746 2.0899897 2.089996 2.0899985 2.0899994
1.0099712 1.0171334 1.0246975 1.0326934 1.0411533 1.0501123 1.0596083 1.0696823 1.0803786 1.0917449 1.1038327 1.1166973 1.130398 1.1449979 1.1605643 1.177168 1.1948834 1.2137875 1.2339594 1.2554788 1.2784243 1.3028713 1.3288885 1.3565347 1.3858537 1.4168688 1.4495762 1.4839371 1.5198701 1.5572428 1.5958635 1.6354757 1.675754 1.7163049 1.7566724 1.7963511 1.8348052 1.871495 1.9059074 1.9375891 1.9661777 1.9914265 2.0132207 2.0315806 2.0466537 2.0586948 2.068039 2.0750701 2.0801891 2.0837865 2.0862198 2.0877989 2.0887785 2.0893569 2.0896803 2.0898508 2.089935 2.0899737 2.0899902 2.0899966 2.0899989
0.96095812 0.9664764 0.97230888 0.97847989 0.98501597 0.99194607 0.99930181 1.0071177 1.0154316 1.0242845 1.0337217 1.0437921 1.0545496 1.0660525 1.0783645 1.0915547 1.105698 1.120875 1.1371726 1.1546833 1.1735051 1.193741 1.2154974 1.2388825 1.2640038 1.2909643 1.319858 1.3507637 1.3837368 1.4188003 1.4559331 1.4950579 1.5360275 1.5786118 1.6224876 1.6672311 1.7123189 1.7571372 1.8010036 1.8431999 1.8830166 1.9198028 1.9530185 1.9822774 2.0073779 2.0283126 2.0452585 2.0585474 2.0686231 2.0759931 2.0811802 2.0846826 2.0869434 2.0883326 2.0891415 2.0895853 2.0898133 2.0899223 2.0899703 2.0899897 2.0899967
0.91605727 0.9201072 0.92439004 0.92892431 0.93373026 0.93883011 0.94424826 0.95001151 0.95614933 0.96269417 0.96968178 0.97715158 0.98514708 0.99371627 1.0029122 1.0127933 1.0234243 1.0348765 1.0472283 1.0605662 1.0749851 1.0905887 1.1074902 1.1258119 1.1456855 1.167251 1.1906555 1.2160504 1.2435879 1.2734154 1.3056677 1.3404568 1.3778581 1.4178943 1.4605153 1.5055763 1.5528151 1.6018322 1.6520765 1.7028439 1.7532916 1.8024742 1.8494018 1.8931165 1.9327783 1.9677457 1.9976374 2.0223615 2.0421068 2.0573001 2.0685375 2.0765055 2.0819046 2.0853879 2.0875179 2.0887459 2.0894093 2.0897427 2.0898973 2.0899628 2.0899879
0.87546239 0.87824758 0.88119527 0.88431859 0.88763193 0.89115113 0.89489359 0.89887852 0.9031271 0.90766272 0.91251131 0.91770159 0.92326543 0.92923829 0.93565959 0.9425733 0.95002848 0.95807989 0.9667888 0.97622369 0.98646125 0.99758727 1.0096978 1.0229 1.0373137 1.0530723 1.0703235 1.0892305 1.1099721 1.1327423 1.1577489 1.1852106 1.215351 1.2483909 1.2845353 1.3239557 1.3667663 1.4129933 1.4625386 1.5151389 1.5703262 1.6273962 1.6853966 1.7431459 1.7992938 1.8524247 1.9011971 1.9444945 1.9815584 2.0120702 2.0361635 2.0543657 2.0674861 2.0764809 2.0823233 2.0859022 2.087958 2.0890577 2.0896011 2.0898467 2.0899472
0.83920878 0.84094383 0.84278417 0.84473847 0.84681621 0.84902782 0.85138479 0.85389978 0.85658679 0.8594613 0.86254047 0.86584335 0.86939114 0.87320747 0.87731875 0.88175449 0.88654782 0.89173594 0.8973607 0.90346933 0.91011518 0.91735863 0.92526815 0.93392148 0.94340701 0.95382536 0.96529111 0.97793482 0.99190511 1.007371 1.0245243 1.0435817 1.0647868 1.0884107 1.1147523 1.1441347 1.1768989 1.2133914 1.2539438 1.2988423 1.3482832 1.4023147 1.4607635 1.5231556 1.5886417 1.6559512 1.723403 1.7890007 1.8506221 1.9062859 1.9544372 1.9941765 2.0253625 2.0485613 2.0648669 2.0756554 2.0823445 2.0862086 2.0882733 2.0892846 2.0897337
0.80719747 0.80809348 0.80905127 0.8100761 0.81117374 0.8123505 0.81361336 0.81496997 0.8164288 0.81799918 0.81969146 0.82151713 0.82348896 0.82562118 0.82792966 0.8304322 0.83314872 0.83610167 0.83931632 0.84282124 0.84664881 0.85083579 0.8554241 0.86046157 0.86600304 0.87211146 0.87885934 0.88633042 0.89462165 0.90384552 0.91413284 0.925636 0.93853271 0.95303033 0.96937071 0.98783541 1.008751 1.0324941 1.0594947 1.0902366 1.125252 1.1651067 1.2103696 1.2615599 1.3190643 1.3830169 1.4531449 1.5285948 1.6077827 1.6883364 1.7672127 1.8410425 1.9066726 1.96176 2.005208 2.0372758 2.0593409 2.0734361 2.0817517 2.086251 2.0884632
0.77922442 0.77947807 0.77976273 0.78008131 0.78043703 0.78083337 0.7812742 0.78176371 0.78230657 0.78290787 0.78357327 0.78430902 0.78512203 0.78602001 0.7870115 0.78810608 0.78931442 0.79064851 0.79212183 0.79374956 0.79554888 0.79753927 0.79974289 0.80218503 0.80489465 0.80790501 0.81125449 0.81498752 0.81915569 0.82381923 0.82904864 0.83492686 0.84155179 0.84903952 0.85752823 0.86718301 0.87820177 0.89082254 0.90533222 0.92207702 0.94147468 0.96402804 0.99033896 1.0211205 1.0572033 1.0995271 1.1491069 1.2069516 1.27391 1.3504192 1.4361448 1.5295583 1.6275906 1.7256035 1.8179322 1.8990379 1.9649078 2.0140432 2.0475423 2.0683238 2.0799905
0.75501074 0.7547971 0.75459461 0.75440476 0.75422919 0.75406964 0.75392806 0.75380654 0.75370739 0.75363315 0.75358658 0.75357075 0.75358902 0.7536451 0.75374312 0.75388763 0.75408371 0.75433701 0.75465384 0.75504127 0.75550726 0.75606074 0.75671184 0.75747204 0.75835438 0.75937378 0.76054734 0.76189474 0.76343875 0.76520579 0.76722668 0.76953759 0.77218109 0.77520764 0.77867734 0.78266217 0.78724891 0.79254277 0.79867211 0.80579461 0.81410511 0.82384597 0.83532043 0.84891007 0.86509716 0.88449322 0.90787416 0.93622153 0.97076606 1.0130228 1.0647939 1.1280905 1.204894 1.2966388 1.4033249 1.5223315 1.6474275 1.7689647 1.8761127 1.9605824 2.0195626
0.73423086 0.7336996 0.73316839 0.73263793 0.732109 0.73158246 0.73105922 0.73054026 0.73002666 0.72951959 0.72902032 0.72853022 0.72805081 0.72758373 0.72713079 0.72669395 0.72627538 0.72587749 0.72550289 0.7251545 0.72483557 0.72454968 0.72430084 0.72409356 0.72393286 0.72382445 0.72377474 0.72379106 0.72388174 0.72405633 0.72432586 0.72470305 0.72520275 0.72584229 0.72664211 0.7276264 0.72882399 0.73026953 0.73200487 0.73408105 0.73656076 0.73952171 0.74306102 0.74730132 0.75239893 0.75855522 0.76603236 0.77517543 0.78644364 0.80045455 0.8180466 0.84036671 0.86898963 0.90607089 0.95451658 1.0181002 1.1013341 1.2086803 1.3424545 1.4990925 1.665392
0.71653661 0.71581112 0.71508102 0.71434671 0.71360864 0.71286726 0.71212308 0.71137662 0.71062845 0.70987916 0.70912939 0.70837984 0.70763122 0.70688431 0.70613996 0.70539906 0.70466256 0.70393149 0.70320697 0.70249018 0.70178242 0.70108509 0.70039969 0.69972789 0.69907148 0.69843243 0.69781293 0.69721536 0.69664239 0.69609698 0.69558245 0.69510252 0.69466142 0.69426397 0.69391566 0.69362285 0.69339293 0.69323452 0.69315781 0.69317489 0.69330028 0.69355153 0.69395008 0.69452237 0.69530139 0.69632875 0.69765754 0.69935645 0.70151553 0.70425459 0.70773566 0.7121816 0.71790458 0.72535049 0.73516933 0.74832887 0.76629992 0.79135943 0.82707665 0.87904129 0.95574469
0.70157653 0.70075491 0.69992847 0.69909755 0.69826255 0.69742387 0.69658192 0.69573712 0.69488995 0.69404086 0.69319036 0.69233894 0.69148715 0.69063553 0.68978466 0.68893515 0.68808761 0.68724268 0.68640103 0.68556336 0.68473039 0.68390286 0.68308155 0.68226727 0.68146086 0.68066318 0.67987514 0.67909769 0.67833183 0.6775786 0.67683908 0.67611443 0.67540588 0.67471473 0.67404238 0.67339034 0.67276026 0.67215393 0.67157333 0.6710207 0.67049854 0.67000972 0.66955753 0.66914585 0.66877926 0.66846327 0.66820458 0.66801145 0.66789425 0.66786618 0.6679443 0.66815105 0.6685165 0.66908168 0.66990388 0.67106487 0.67268444 0.67494315 0.67812194 0.68267376 0.68935843
0.68901013 0.68816757 0.6873227 0.68647595 0.68562779 0.68477868 0.68392911 0.68307958 0.6822306 0.68138271 0.68053643 0.67969233 0.67885098 0.67801296 0.67717885 0.67634927 0.67552483 0.67470615 0.67389387 0.67308863 0.67229107 0.67150184 0.67072161 0.66995104 0.66919077 0.66844147 0.6677038 0.66697842 0.66626595 0.66556705 0.66488235 0.66421245 0.66355797 0.66291948 0.66229757 0.66169279 0.66110566 0.6605367 0.6599864 0.65945522 0.65894361 0.65845199 0.65798078 0.65753034 0.65710107 0.65669333 0.65630751 0.655944 0.65560322 0.65528568 0.65499197 0.65472282 0.65447918 0.65426231 0.65407392 0.65391639 0.65379304 0.65370869 0.65367035 0.65368858 0.65377957
0.67851762 0.67770943 0.67690284 0.67609841 0.67529669 0.67449825 0.67370367 0.67291354 0.67212847 0.67134906 0.67057593 0.66980972 0.66905106 0.66830058 0.66755892 0.66682675 0.66610469 0.66539339 0.6646935 0.66400565 0.66333047 0.66266858 0.66202059 0.66138709 0.66076865 0.66016583 0.65957917 0.65900917 0.6584563 0.65792102 0.65740374 0.65690482 0.65642459 0.65596336 0.65552135 0.65509875 0.6546957 0.65431229 0.65394854 0.65360441 0.65327981 0.65297458 0.6526885 0.65242129 0.65217261 0.65194203 0.6517291 0.65153329 0.65135401 0.65119063 0.65104246 0.65090878 0.65078882 0.65068179 0.65058687 0.65050322 0.65043002 0.65036641 0.65031158 0.65026473 0.65022508
0.66980582 0.66907069 0.66834154 0.66761897 0.66690362 0.66619612 0.66549709 0.66480718 0.66412703 0.66345727 0.66279856 0.66215152 0.66151679 0.66089499 0.66028675 0.65969265 0.6591133 0.65854926 0.65800109 0.65746931 0.65695443 0.65645693 0.65597723 0.65551575 0.65507286 0.65464887 0.65424406 0.65385866 0.65349285 0.65314673 0.65282036 0.65251375 0.65222681 0.65195943 0.65171137 0.65148238 0.65127211 0.65108012 0.65090593 0.65074899 0.65060865 0.65048422 0.65037494 0.65027999 0.6501985 0.65012956 0.65007221 0.65002546 0.64998833 0.64995978 0.64993882 0.64992443 0.64991566 0.64991156 0.64991125 0.6499139 0.64991874 0.64992512 0.64993242 0.64994015 0.64994789
0.66261109 0.66197431 0.66134765 0.66073174 0.66012723 0.65953472 0.65895485 0.65838822 0.65783544 0.6572971 0.65677377 0.656266 0.65577433 0.65529928 0.65484133 0.65440093 0.65397851 0.65357446 0.65318911 0.65282277 0.6524757 0.65214809 0.6518401 0.65155182 0.65128327 0.65103443 0.6508052 0.65059539 0.65040477 0.65023302 0.65007975 0.64994448 0.64982667 0.6497257 0.64964086 0.6495714 0.64951646 0.64947514 0.64944648 0.64942946 0.64942301 0.64942603 0.6494374 0.64945597 0.6494806 0.64951014 0.64954349 0.64957957 0.64961736 0.64965592 0.64969436 0.6497319 0.64976789 0.64980176 0.64983306 0.64986148 0.64988683 0.64990902 0.64992808 0.64994413 0.64995737
0.65670006 0.65617636 0.65566633 0.65517055 0.65468959 0.654224 0.65377431 0.65334105 0.65292469 0.65252569 0.65214448 0.65178146 0.65143697 0.65111134 0.65080483 0.65051767 0.65025001 0.65000199 0.64977365 0.64956498 0.64937593 0.64920634 0.649056 0.64892465 0.6488119 0.64871734 0.64864045 0.64858063 0.64853722 0.64850948 0.64849657 0.64849761 0.64851163 0.6485376 0.64857445 0.64862104 0.64867619 0.64873869 0.64880732 0.64888083 0.64895798 0.64903757 0.6491184 0.64919934 0.64927931 0.64935734 0.64943251 0.64950404 0.64957126 0.64963362 0.64969073 0.64974232 0.64978825 0.64982856 0.64986336 0.64989293 0.64991759 0.64993778 0.64995398 0.64996671 0.64997647
0.65186873 0.65146486 0.65107738 0.65070678 0.65035349 0.65001795 0.64970054 0.6494016 0.64912146 0.64886038 0.64861857 0.64839622 0.64819343 0.64801028 0.64784676 0.64770281 0.6475783 0.64747304 0.64738676 0.64731912 0.6472697 0.64723801 0.64722348 0.64722546 0.64724321 0.64727594 0.64732278 0.64738276 0.64745487 0.64753802 0.64763108 0.64773286 0.64784212 0.64795759 0.64807798 0.648202 0.64832834 0.64845572 0.64858289 0.64870864 0.64883182 0.64895136 0.64906629 0.64917572 0.64927891 0.64937524 0.64946422 0.64954551 0.64961893 0.64968444 0.64974214 0.64979228 0.64983521 0.64987141 0.64990143 0.64992588 0.64994541 0.64996069 0.64997239 0.64998112 0.64998746
