Interpolating SPI Data/spi_stations/interpolated_spi/12-19_3.tif
NCOLS 257
NROWS 141
XLLCORNER -178.27925
YLLCORNER 5.3153543
DX 0.49934803
DY 0.49997533
NODATA_VALUE -9999
[rows 108 to 134 of 141, columns 186 to 247 of 257]
0.17000002 0.17 0.17 0.17 0.17 0.17 0.17 0.17 0.17 0.17 0.17 0.17 0.17 0.17000008 0.1700041 0.17011944 0.1719486 0.18832072 0.26773908 0.4451869 0.6171666 0.71255091 0.75659326 0.77726447 0.78771275 0.79341607 0.79673221 0.79874835 0.80000338 0.80078272 0.80124663 0.80148975 0.80157043 0.80152607 0.80138145 0.80115349 0.80085408 0.80049183 0.80007312 0.79960286 0.79908491 0.79852241 0.79791794 0.79727356 0.79659067 0.79586968 0.79510912 0.79430418 0.79344394 0.79250559 0.7914371 0.79008375 0.78784045 0.78210311 0.76279983 0.70592816 0.61404231 0.55146483 0.5299167 0.52516947 0.52470861 0.52433327
0.17000002 0.17 0.17 0.17 0.17 0.17 0.17 0.17 0.17 0.17 0.17 0.17 0.17 0.17000008 0.17000226 0.17004298 0.17054326 0.17457972 0.19603404 0.26810137 0.40707963 0.55637116 0.66012733 0.71888884 0.75073929 0.76847249 0.77882707 0.7851679 0.7892083 0.79185828 0.79362453 0.79480238 0.79557137 0.79604488 0.79629696 0.79637754 0.79632121 0.79615255 0.79588951 0.79554547 0.79513066 0.79465308 0.7941191 0.79353388 0.79290157 0.79222535 0.79150724 0.79074748 0.7899435 0.78908767 0.78816213 0.78712097 0.78581316 0.78363734 0.77811043 0.76015435 0.70866437 0.62274697 0.55842141 0.53343206 0.52650319 0.52440996
0.17000003 0.17 0.17 0.17 0.17 0.17 0.17 0.17 0.17 0.17 0.17 0.17 0.17000001 0.17000011 0.17000182 0.17002342 0.17022663 0.17162713 0.17868813 0.20455756 0.27099545 0.38402206 0.51010301 0.61089706 0.67752029 0.71847986 0.74350643 0.75914541 0.76922766 0.77592949 0.78050097 0.78367943 0.78591376 0.78748618 0.78857966 0.78931633 0.78977988 0.79002911 0.79010629 0.79004248 0.78986095 0.78957949 0.78921199 0.78876943 0.78826063 0.78769269 0.78707125 0.78640039 0.78568238 0.78491679 0.78409869 0.7832135 0.78221777 0.78095761 0.77882412 0.77342074 0.75646873 0.70934988 0.6292933 0.56449189 0.53637961 0.5270474
0.17000003 0.17000001 0.17 0.17 0.17 0.17 0.17 0.17 0.17 0.17 0.17 0.17 0.17000002 0.17000018 0.17000187 0.17001703 0.17012775 0.1707702 0.17370599 0.18423927 0.21357954 0.27525723 0.36998966 0.47640128 0.5690082 0.63741398 0.68402233 0.71497298 0.73560398 0.7495901 0.75927186 0.76611118 0.77102656 0.77460491 0.77722953 0.77915651 0.78056095 0.78156521 0.78225666 0.78269885 0.78293896 0.78301259 0.78294709 0.78276379 0.78247959 0.78210802 0.78166001 0.78114429 0.78056759 0.77993453 0.77924697 0.77850237 0.77768832 0.77676138 0.77556023 0.77346056 0.76812601 0.75192463 0.70834728 0.63374705 0.56939197 0.53851857
0.17000005 0.17000001 0.17 0.17 0.17 0.17 0.17 0.17 0.17 0.17 0.17 0.17000001 0.17000004 0.1700003 0.17000223 0.17001511 0.17008987 0.17045602 0.17194952 0.1769945 0.19103528 0.22283885 0.28026812 0.36151637 0.45216002 0.53516572 0.60144953 0.65038669 0.68526593 0.7099138 0.72743259 0.74003877 0.74924078 0.75605088 0.76115022 0.76500219 0.76792683 0.77014889 0.77182896 0.77308373 0.77399941 0.77464072 0.77505698 0.77528635 0.77535875 0.77529792 0.77512295 0.77484925 0.77448926 0.77405282 0.77354724 0.77297682 0.77234125 0.77162953 0.77079635 0.7696695 0.76760333 0.76230094 0.7466571 0.70594517 0.63625081 0.57292319
0.17000008 0.17000003 0.17000001 0.17 0.17 0.17 0.17 0.17 0.17 0.17 0.17 0.17000002 0.17000009 0.17000052 0.1700029 0.17001535 0.17007429 0.17032061 0.17121531 0.1740172 0.18154675 0.19879945 0.23213169 0.28567107 0.35658578 0.43472674 0.50848557 0.57066598 0.6194695 0.65633136 0.68373713 0.70407099 0.71924069 0.73065982 0.73934206 0.74600649 0.75116364 0.75517864 0.75831536 0.76076689 0.76267636 0.7641513 0.76527352 0.76610613 0.76669836 0.76708911 0.76730944 0.7673844 0.76733432 0.76717571 0.76692185 0.76658295 0.76616591 0.76567247 0.76509237 0.76437688 0.76334011 0.76131016 0.75601267 0.74077356 0.70237119 0.63696736
0.17000014 0.17000005 0.17000002 0.17000001 0.17 0.17 0.17 0.17 0.17 0.17 0.17000001 0.17000005 0.17000021 0.17000091 0.17000399 0.17001708 0.17006901 0.17025687 0.17086702 0.17262992 0.17713602 0.18727729 0.20724145 0.24130764 0.29124858 0.35398448 0.42215198 0.4876545 0.54499756 0.59212826 0.62942427 0.65836992 0.68067533 0.69787086 0.71118826 0.72157015 0.72972123 0.73616385 0.74128508 0.74537315 0.7486443 0.75126225 0.75335221 0.75501093 0.75631397 0.75732095 0.75807937 0.75862745 0.7589962 0.75921093 0.75929233 0.75925722 0.75911886 0.75888667 0.75856428 0.75814152 0.75756479 0.75663198 0.75464069 0.74932464 0.7343627 0.69780013
0.17000023 0.1700001 0.17000004 0.17000002 0.17000001 0.17000001 0.17 0.17000001 0.17000001 0.17000002 0.17000004 0.17000013 0.17000044 0.17000156 0.17000563 0.17002019 0.17006972 0.17022717 0.17068782 0.17191644 0.17488514 0.18135447 0.19400912 0.21609632 0.25026145 0.29686385 0.35295459 0.41306789 0.47142678 0.52388351 0.56851963 0.60517287 0.63465391 0.65812728 0.67675933 0.69156703 0.70337892 0.71284688 0.72047493 0.72665009 0.73166932 0.73576116 0.73910247 0.74183105 0.74405514 0.74586041 0.74731528 0.74847483 0.74938374 0.75007854 0.75058924 0.75094055 0.75115271 0.75124193 0.75122008 0.75109232 0.75084785 0.75042679 0.7496084 0.74765569 0.74229725 0.72749772
0.17000039 0.17000018 0.17000009 0.17000005 0.17000003 0.17000002 0.17000002 0.17000002 0.17000003 0.17000005 0.17000012 0.17000031 0.17000088 0.17000262 0.17000805 0.17002481 0.17007478 0.1702164 0.17059291 0.17152305 0.17364441 0.17809031 0.186618 0.20152269 0.22514243 0.25892374 0.30242976 0.35300608 0.40652331 0.45877299 0.50662292 0.54841879 0.58375903 0.61303203 0.63699821 0.65651432 0.67238771 0.68531676 0.69587841 0.70453735 0.71166296 0.71754715 0.7224204 0.72646501 0.72982579 0.73261834 0.73493554 0.73685245 0.7384302 0.73971882 0.74075956 0.74158657 0.74222815 0.74270769 0.7430441 0.74325138 0.74333581 0.74328516 0.74303178 0.74233387 0.74041552 0.73498693
0.17000066 0.17000034 0.17000019 0.17000011 0.17000007 0.17000005 0.17000005 0.17000006 0.17000008 0.17000015 0.17000029 0.17000067 0.17000165 0.17000429 0.17001153 0.17003124 0.17008366 0.17021793 0.17054525 0.17129786 0.17291972 0.17617975 0.18226879 0.19279861 0.20959335 0.23420562 0.26725254 0.30789109 0.35381249 0.40185262 0.4488886 0.49254134 0.53143688 0.56509578 0.59365604 0.61759546 0.63752682 0.65407347 0.66780634 0.67921944 0.68872643 0.69666724 0.70331834 0.7089035 0.71360363 0.71756519 0.72090706 0.72372616 0.72610187 0.72809952 0.72977318 0.73116777 0.7323208 0.73326359 0.73402219 0.7346178 0.73506619 0.73537421 0.73552724 0.73544831 0.7348719 0.73297823
0.17000108 0.17000062 0.17000037 0.17000024 0.17000017 0.17000014 0.17000013 0.17000016 0.17000022 0.17000035 0.17000065 0.17000134 0.17000295 0.17000685 0.17001642 0.17003986 0.17009636 0.17022875 0.17052723 0.17116953 0.17248058 0.17500703 0.17958643 0.18736851 0.1997278 0.21801486 0.24315594 0.27522614 0.31321374 0.35515076 0.39858415 0.4411588 0.48105269 0.517145 0.54895884 0.57649177 0.60003153 0.62000784 0.63689287 0.65114333 0.66317208 0.67333776 0.68194455 0.68924669 0.695455 0.70074355 0.70525589 0.70911055 0.71240554 0.7152222 0.71762827 0.71968036 0.72142597 0.72290504 0.72415122 0.72519265 0.72605235 0.72674731 0.72728431 0.72764534 0.72774233 0.72728303
0.17000176 0.17000108 0.1700007 0.17000049 0.17000037 0.17000032 0.17000032 0.17000037 0.1700005 0.17000078 0.17000134 0.17000251 0.17000505 0.17001065 0.17002318 0.17005121 0.17011322 0.17024756 0.17052999 0.17110198 0.1722114 0.17426296 0.17786685 0.18386256 0.19328298 0.20722432 0.22661117 0.25190114 0.28283737 0.31837782 0.35686526 0.39637875 0.43511684 0.47167143 0.50513529 0.53507025 0.56140062 0.58428995 0.6040351 0.62098911 0.63551204 0.64794301 0.65858698 0.66771037 0.67554177 0.68227506 0.68807367 0.69307481 0.69739362 0.70112671 0.70435528 0.70714776 0.70956192 0.71164668 0.71344355 0.7149877 0.71630878 0.71743104 0.71837215 0.71913805 0.71970618 0.71997543
0.17000282 0.17000185 0.17000128 0.17000095 0.17000076 0.17000069 0.1700007 0.17000082 0.17000107 0.17000158 0.17000256 0.17000447 0.17000831 0.17001616 0.17003235 0.17006587 0.17013473 0.17027397 0.17054894 0.17107588 0.17205052 0.17378301 0.17673237 0.18152703 0.18895107 0.19987432 0.21511375 0.23523995 0.26037928 0.29008922 0.32337315 0.35884554 0.39498888 0.43040795 0.46400454 0.49504598 0.52314584 0.54819484 0.57027741 0.58959597 0.60641243 0.62100795 0.63365789 0.64461799 0.65411795 0.66235971 0.66951835 0.6757443 0.68116608 0.68589323 0.69001897 0.69362265 0.69677188 0.69952437 0.70192941 0.70402917 0.70585968 0.70745141 0.70882928 0.71001101 0.71100088 0.71177051
0.17000442 0.17000308 0.17000225 0.17000175 0.17000148 0.17000138 0.17000143 0.17000165 0.17000212 0.170003 0.17000461 0.17000759 0.1700132 0.17002392 0.17004459 0.17008458 0.17016159 0.17030811 0.17058174 0.17108046 0.17196329 0.17347504 0.17597091 0.17993284 0.18596516 0.19475584 0.20699311 0.22324018 0.24379131 0.26855197 0.29699148 0.32819612 0.36101212 0.39423125 0.42676097 0.45773714 0.4865676 0.51291924 0.53667183 0.5578606 0.57662188 0.59314911 0.60766072 0.62037865 0.63151534 0.64126662 0.64980861 0.65729716 0.66386862 0.66964146 0.67471814 0.67918706 0.68312439 0.68659576 0.68965773 0.6923591 0.69474193 0.69684238 0.69869118 0.70031334 0.70172597 0.70293079
0.17000681 0.17000498 0.17000382 0.17000311 0.17000273 0.1700026 0.17000272 0.17000313 0.17000394 0.17000538 0.17000791 0.17001237 0.1700203 0.17003461 0.17006064 0.17010815 0.1701946 0.17035045 0.17062732 0.17110956 0.17192945 0.1732851 0.17545828 0.17882692 0.18386472 0.19111884 0.20115843 0.21449308 0.23147155 0.25218396 0.27639842 0.30355832 0.3328476 0.36330722 0.39396835 0.42396708 0.45261776 0.47944059 0.50415212 0.52663353 0.54689036 0.56501323 0.58114476 0.59545427 0.60811997 0.61931729 0.6292119 0.63795599 0.6456868 0.6525265 0.65858288 0.66395053 0.66871209 0.67293961 0.67669586 0.68003547 0.68300596 0.68564864 0.68799922 0.69008813 0.69193992 0.6935704
0.17001028 0.17000785 0.17000627 0.1700053 0.17000478 0.17000465 0.17000489 0.17000559 0.17000691 0.17000917 0.17001298 0.1700194 0.17003031 0.17004902 0.17008138 0.17013751 0.17023466 0.17040167 0.1706854 0.17115969 0.17193677 0.1731804 0.17511895 0.17805485 0.18236564 0.18849067 0.19689836 0.20803228 0.22224053 0.23970083 0.26036051 0.28391068 0.30980652 0.33733141 0.36568844 0.39409572 0.42186412 0.44844541 0.47344942 0.49663676 0.51789631 0.53721645 0.55465644 0.57032146 0.58434285 0.59686352 0.60802789 0.61797544 0.62683683 0.634732 0.64176944 0.64804628 0.65364889 0.65865368 0.66312801 0.66713117 0.67071525 0.67392595 0.67680327 0.679382 0.68169178 0.68375615
0.17001523 0.17001207 0.17000998 0.17000869 0.17000802 0.17000792 0.17000837 0.17000951 0.17001156 0.17001496 0.17002049 0.17002944 0.17004405 0.17006807 0.17010779 0.17017367 0.17028281 0.17046264 0.17075616 0.17122893 0.17197772 0.17314036 0.17490543 0.17751934 0.1812878 0.18656752 0.19374478 0.20319905 0.21525351 0.23011921 0.24784449 0.26828279 0.29108994 0.31575421 0.34165326 0.36812451 0.39453313 0.4203251 0.44505886 0.46841593 0.49019491 0.51029512 0.52869577 0.54543477 0.56058984 0.57426311 0.58656928 0.59762716 0.60755386 0.61646112 0.6244532 0.6316258 0.63806583 0.64385149 0.6490528 0.65373214 0.65794495 0.66174039 0.66516192 0.66824785 0.67103162 0.67354167
0.17002214 0.17001812 0.17001543 0.17001377 0.17001296 0.17001293 0.17001372 0.17001548 0.17001854 0.17002346 0.17003122 0.17004338 0.17006251 0.17009279 0.17014095 0.17021775 0.17034014 0.17053434 0.17084013 0.17131637 0.17204765 0.17315179 0.17478702 0.17715736 0.18051398 0.18514985 0.19138524 0.19954263 0.20991165 0.22270787 0.23803216 0.25583982 0.27592757 0.29794364 0.32141998 0.34582007 0.37059227 0.39521832 0.41924963 0.44232822 0.46419301 0.48467487 0.50368441 0.5211966 0.53723492 0.55185703 0.56514266 0.5771841 0.58807919 0.59792618 0.60682044 0.61485227 0.62210574 0.62865815 0.63457989 0.63993468 0.64477984 0.64916681 0.65314156 0.65674505 0.66001361 0.66297905
0.17003161 0.17002659 0.17002321 0.17002114 0.17002021 0.17002034 0.17002161 0.17002424 0.17002865 0.17003556 0.17004613 0.17006222 0.17008676 0.17012432 0.17018205 0.17027097 0.17040785 0.17061787 0.17093806 0.17142174 0.17214375 0.17320608 0.1747434 0.176927 0.17996603 0.18410381 0.18960775 0.19675164 0.2057905 0.21693 0.23029475 0.24590123 0.26364161 0.28328295 0.30448334 0.32682225 0.34983936 0.37307455 0.39610254 0.41855776 0.44014821 0.46065901 0.47994815 0.49793728 0.51460017 0.52995067 0.54403174 0.55690597 0.56864794 0.57933836 0.58905975 0.59789343 0.6059175 0.61320558 0.61982617 0.62584235 0.63131176 0.6362868 0.64081485 0.64493862 0.64869643 0.65212242
0.17004436 0.1700382 0.17003405 0.17003156 0.17003054 0.17003095 0.1700329 0.17003668 0.17004284 0.17005225 0.1700663 0.17008713 0.17011802 0.17016393 0.17023238 0.17033461 0.17048721 0.1707144 0.17105084 0.17154522 0.17226436 0.17329757 0.17476083 0.17679978 0.17959067 0.18333774 0.18826598 0.19460838 0.20258754 0.21239291 0.22415618 0.23792873 0.25366549 0.27121895 0.29034544 0.31072317 0.33197894 0.35371895 0.37555862 0.39714728 0.41818527 0.43843307 0.45771308 0.47590603 0.49294386 0.50880086 0.52348457 0.53702719 0.54947819 0.56089812 0.5713538 0.58091467 0.5896501 0.5976276 0.60491155 0.61156249 0.61763677 0.62318634 0.62825884 0.63289774 0.63714246 0.64102863
0.1700612 0.17005379 0.17004881 0.17004589 0.17004486 0.1700457 0.17004857 0.17005386 0.17006222 0.17007472 0.17009297 0.1701194 0.17015762 0.17021298 0.17029331 0.17041003 0.17057955 0.17082518 0.17117951 0.17168728 0.17240863 0.17342253 0.17482992 0.17675598 0.17935085 0.18278766 0.1872572 0.19295852 0.20008528 0.20880862 0.21925811 0.23150342 0.24553958 0.26127905 0.2785523 0.29711761 0.31667868 0.33690714 0.35746667 0.37803508 0.3983219 0.41808018 0.43711244 0.45527132 0.47245656 0.48860935 0.50370554 0.51774856 0.53076277 0.54278753 0.55387231 0.56407267 0.57344718 0.58205515 0.58995492 0.59720278 0.60385218 0.6099533 0.61555288 0.62069408 0.62541659 0.62975665
0.17008309 0.17007433 0.17006847 0.17006516 0.17006422 0.17006567 0.17006976 0.17007694 0.17008803 0.17010426 0.17012749 0.17016042 0.170207 0.17027291 0.17036629 0.17049867 0.17068625 0.17095151 0.17132518 0.1718486 0.17257627 0.17357858 0.17494418 0.17678173 0.17922035 0.18240814 0.18650812 0.19169117 0.19812571 0.20596471 0.21533086 0.22630178 0.23889734 0.25307124 0.26870868 0.28563093 0.30360627 0.32236602 0.34162302 0.36109022 0.38049703 0.39960184 0.41820014 0.43612831 0.45326368 0.46952182 0.48485212 0.4992325 0.5126638 0.52516463 0.53676658 0.54751033 0.55744229 0.56661205 0.57507042 0.58286791 0.59005372 0.59667503 0.6027765 0.60840005 0.61358471 0.61836661
0.17011111 0.17010092 0.17009417 0.17009051 0.17008981 0.17009212 0.17009774 0.17010727 0.17012165 0.17014231 0.17017132 0.1702117 0.17026768 0.17034527 0.17045283 0.170602 0.17080873 0.17109473 0.17148904 0.17203001 0.17276735 0.17376421 0.17509911 0.17686713 0.17918031 0.18216636 0.18596562 0.19072552 0.19659277 0.20370332 0.21217077 0.22207454 0.23344909 0.246276 0.26048025 0.27593154 0.2924508 0.30982109 0.32780143 0.34614174 0.36459703 0.38293946 0.40096729 0.41851037 0.43543258 0.45163138 0.46703561 0.48160186 0.49531026 0.50816014 0.52016584 0.53135299 0.54175525 0.5514116 0.56036422 0.56865674 0.57633298 0.583436 0.59000742 0.596087 0.6017123 0.60691855
0.17014645 0.17013477 0.17012715 0.17012325 0.17012295 0.17012639 0.17013394 0.17014631 0.17016458 0.17019039 0.17022606 0.17027484 0.17034127 0.17043162 0.17055449 0.17072152 0.17094845 0.1712562 0.1716723 0.17223245 0.1729822 0.17397859 0.17529159 0.17700508 0.17921699 0.18203832 0.18559066 0.19000191 0.19540021 0.20190605 0.20962324 0.21862936 0.22896678 0.24063555 0.25358916 0.26773405 0.2829331 0.29901285 0.31577355 0.3330008 0.35047741 0.36799419 0.38535881 0.40240219 0.41898219 0.43498507 0.45032491 0.46494161 0.47879799 0.49187643 0.50417542 0.51570618 0.52648968 0.536554 0.54593209 0.55465993 0.56277515 0.57031585 0.57731977 0.58382369 0.58986296 0.59547123
0.17019042 0.17017723 0.17016878 0.17016477 0.1701651 0.17016998 0.17017988 0.17019561 0.17021844 0.17025017 0.17029335 0.1703515 0.17042942 0.17053362 0.17067286 0.1708588 0.17110688 0.17143731 0.17187621 0.17245692 0.17322136 0.17422129 0.17551949 0.17719041 0.17932027 0.18200618 0.18535416 0.18947576 0.19448321 0.20048328 0.20757006 0.2158173 0.22527094 0.23594295 0.24780702 0.26079716 0.2748092 0.2897054 0.30532163 0.32147621 0.33797948 0.35464314 0.37128843 0.3877526 0.40389343 0.41959173 0.43475212 0.44930238 0.46319167 0.4763882 0.48887651 0.50065468 0.51173166 0.52212477 0.53185762 0.5409582 0.54945741 0.55738777 0.56478252 0.57167481 0.57809716 0.58408105
0.17024441 0.17022973 0.17022055 0.17021659 0.17021782 0.17022449 0.17023719 0.17025686 0.17028491 0.17032334 0.17037493 0.17044341 0.17053384 0.17065293 0.17080956 0.17101537 0.1712855 0.17163945 0.17210203 0.17270447 0.17348547 0.17449225 0.1757814 0.1774194 0.17948262 0.18205656 0.18523421 0.18911331 0.19379253 0.19936653 0.2059202 0.21352244 0.22222006 0.23203236 0.24294723 0.25491916 0.26786959 0.28168974 0.29624552 0.31138422 0.32694208 0.34275205 0.35865103 0.3744861 0.39011919 0.40543028 0.42031908 0.43470535 0.44852818 0.46174453 0.47432725 0.48626289 0.49754941 0.50819406 0.51821134 0.52762122 0.53644766 0.54471729 0.55245837 0.55969995 0.56647122 0.572801
0.17030994 0.17029382 0.17028403 0.17028032 0.17028274 0.1702916 0.1703076 0.1703318 0.17036577 0.1704117 0.17047257 0.17055234 0.17065626 0.17079123 0.17096622 0.17119279 0.17148577 0.17186398 0.17235101 0.17297616 0.17377528 0.1747916 0.17607638 0.17768931 0.17969839 0.18217932 0.18521408 0.18888875 0.19329037 0.19850298 0.20460297 0.21165404 0.21970212 0.22877079 0.23885773 0.24993256 0.26193649 0.27478391 0.28836575 0.30255436 0.31720942 0.33218431 0.34733232 0.36251227 0.37759315 0.39245755 0.4070039 0.42114752 0.43482068 0.44797192 0.46056473 0.47257594 0.48399393 0.49481675 0.50505038 0.51470708 0.5238039 0.53236146 0.54040283 0.54795266 0.55503644 0.56167994
