Interpolating SPI Data/spi_stations/interpolated_spi/12-19_2.tif
NCOLS 257
NROWS 141
XLLCORNER -178.27925
YLLCORNER 5.3153543
DX 0.49934803
DY 0.49997533
NODATA_VALUE -9999
[rows 108 to 134 of 141, columns 61 to 121 of 257]
0.13298978 0.1778454 0.22401095 0.2708838 0.31775706 0.36385285 0.40836942 0.45053752 0.4896785 0.52525573 0.556911 0.58448084 0.60799153 0.62763559 0.64373567 0.65670283 0.66699568 0.67508549 0.68143009 0.68645763 0.69056018 0.69409627 0.69740169 0.70080837 0.70467231 0.70941274 0.71556663 0.72386343 0.73532339 0.75137239 0.77393392 0.80538353 0.84812502 0.90346878 0.96981741 1.0412759 1.1087879 1.1641988 1.2039785 1.2294245 1.2442515 1.2522761 1.2563691 1.2583564 1.2592812 1.2596959 1.259876 1.2599526 1.2599853 1.2600011 1.2600133 1.2600322 1.2600767 1.2601993 1.2605658 1.2617218 1.2653865 1.2756178 1.2945132 1.3119623 1.3216972
0.19432312 0.23840275 0.28298777 0.3274517 0.37111461 0.41328182 0.45328912 0.49054907 0.52459196 0.55509563 0.58189999 0.60500523 0.62455547 0.64081164 0.65411892 0.66487364 0.67349384 0.68039609 0.68598012 0.6906215 0.69467215 0.69846835 0.70234623 0.70666546 0.7118425 0.71839631 0.72700889 0.73860141 0.75441766 0.77608241 0.80555235 0.84479842 0.8950129 0.95531848 1.0216048 1.0868473 1.1436448 1.1874082 1.2176105 1.2366106 1.2477009 1.2537951 1.2569818 1.2585795 1.2593517 1.2597133 1.2598785 1.259953 1.2599879 1.260008 1.2600279 1.2600632 1.2601461 1.2603647 1.2609793 1.2627683 1.2678453 1.279958 1.2986929 1.3146648 1.3252169
0.25128785 0.29374395 0.33599429 0.37744325 0.41748641 0.45554707 0.49111339 0.52377147 0.55322988 0.57933281 0.60206042 0.62151771 0.63791439 0.65153956 0.66273508 0.67187088 0.67932478 0.68546826 0.69065871 0.69523858 0.69954103 0.70390243 0.70868202 0.7142899 0.7212247 0.73012225 0.74181423 0.75738827 0.77822395 0.8059447 0.84217718 0.8879824 0.94293094 1.0041753 1.0663737 1.1231751 1.169659 1.2039676 1.2271048 1.2415791 1.2500956 1.2548608 1.2574168 1.2587389 1.2594017 1.2597252 1.2598803 1.2599549 1.2599938 1.260021 1.2600541 1.2601169 1.2602619 1.2606272 1.2615938 1.2641916 1.2707943 1.2843917 1.302675 1.3180052 1.3305134
0.30332748 0.34354452 0.38297591 0.42109362 0.45739432 0.4914294 0.52283195 0.55133721 0.57679434 0.59916833 0.61853266 0.63505456 0.64897543 0.66058954 0.67022353 0.67821904 0.68491977 0.69066381 0.69578176 0.70060049 0.70545301 0.71069459 0.71672582 0.7240234 0.73317887 0.74494342 0.76027095 0.780339 0.80650418 0.84011806 0.88211356 0.93233679 0.98882599 1.0475711 1.1033214 1.1513174 1.1888841 1.2158536 1.2338299 1.2450938 1.2518004 1.2556269 1.2577322 1.2588548 1.2594375 1.2597336 1.2598826 1.2599596 1.260005 1.2600437 1.2600982 1.2602046 1.2604441 1.2610206 1.2624569 1.2660229 1.274162 1.2888614 1.3067664 1.3224037 1.3380818
0.35023871 0.38782848 0.42419612 0.45890018 0.49154543 0.52180491 0.54943726 0.57429717 0.59633835 0.61560901 0.63224115 0.64643563 0.6584452 0.66855769 0.67708112 0.6843322 0.690629 0.69628834 0.70162815 0.70697497 0.71267697 0.71912268 0.72676582 0.73615582 0.74797181 0.76305307 0.78241012 0.80718465 0.83850736 0.87719363 0.92325628 0.97535233 1.0304958 1.0844544 1.1329093 1.1728097 1.2030959 1.2244822 1.2386815 1.2476347 1.2530415 1.2561893 1.2579652 1.2589403 1.2594637 1.2597404 1.2598871 1.2599692 1.2600249 1.2600814 1.2601689 1.260341 1.2607169 1.2615814 1.2636113 1.2682726 1.2778827 1.2934248 1.3113152 1.3282704 1.3483004
0.39209907 0.42687181 0.46012269 0.49150182 0.52071658 0.54754627 0.5718516 0.5935781 0.61275378 0.62948148 0.64392766 0.6563089 0.66687827 0.67591272 0.68370301 0.69054681 0.69674574 0.70260655 0.70844672 0.71460469 0.72145489 0.72942746 0.73903208 0.75088347 0.76572266 0.78442155 0.80794766 0.83725361 0.87305043 0.91544907 0.96353826 1.015106 1.0667992 1.1148632 1.1561973 1.1891526 1.2136691 1.2308341 1.242246 1.2495088 1.2539631 1.2566097 1.2581398 1.2590042 1.2594837 1.2597477 1.2598956 1.2599863 1.2600575 1.2601408 1.2602772 1.2605437 1.2611075 1.2623467 1.2650924 1.270939 1.2819272 1.2982354 1.3166773 1.3359591 1.3613304
0.42918636 0.4611105 0.49133223 0.51958865 0.54567756 0.56946588 0.59089351 0.60997239 0.62678133 0.64145753 0.65418615 0.66518921 0.67471508 0.68302971 0.69041036 0.69714242 0.70351971 0.7098485 0.71645539 0.72369913 0.73198609 0.74178859 0.75366384 0.76826845 0.78635887 0.80876076 0.83628232 0.86954382 0.90871127 0.95317473 1.0013013 1.0504651 1.097497 1.139459 1.174383 1.2016067 1.2216131 1.2355798 1.2449111 1.2509164 1.2546594 1.2569289 1.2582727 1.2590532 1.2595006 1.2597574 1.2599107 1.2600148 1.2601087 1.2602306 1.2604365 1.2608333 1.2616454 1.263353 1.2669289 1.274021 1.2863212 1.3035091 1.3231825 1.3457112 1.37705
0.46190439 0.49106466 0.51843899 0.54384177 0.56714633 0.58828891 0.6072688 0.62414496 0.63902984 0.65208128 0.66349362 0.67348903 0.68230994 0.69021343 0.69746802 0.70435329 0.71116261 0.7182091 0.72583465 0.73442196 0.74440836 0.7562997 0.77067993 0.78820894 0.80959612 0.83553205 0.86655894 0.90287099 0.94406887 0.98895064 1.0354757 1.0810242 1.122939 1.1591458 1.1885652 1.2111559 1.2276509 1.2391783 1.2469362 1.2519909 1.2551936 1.2571748 1.2583756 1.2590924 1.2595172 1.2597724 1.2599356 1.2600592 1.2601852 1.2603614 1.2606629 1.2612328 1.2623615 1.2646354 1.269147 1.2775326 1.2911468 1.3094878 1.3310985 1.3576068 1.3950507
0.49072231 0.5172821 0.54204726 0.56489757 0.5857672 0.60464556 0.62157531 0.63664791 0.64999751 0.66179383 0.67223508 0.68154156 0.68995061 0.69771354 0.70509479 0.71237361 0.71984833 0.72784329 0.73671778 0.74687648 0.75877931 0.77294747 0.78995971 0.81042966 0.83495156 0.86400094 0.89778361 0.9360477 0.97791113 1.0217966 1.0655695 1.1069038 1.1437686 1.1748383 1.199658 1.21854 1.2322958 1.2419459 1.2484982 1.2528232 1.2556093 1.257367 1.2584573 1.2591261 1.2595366 1.2597957 1.2599746 1.2601256 1.260296 1.2605459 1.2609744 1.2617675 1.2632885 1.2662288 1.2717763 1.2815127 1.2965294 1.3164023 1.3405972 1.371538 1.4147018
0.51612961 0.54030032 0.56272267 0.58332996 0.60210399 0.61907405 0.63431389 0.64793708 0.6600915 0.67095353 0.68072271 0.68961729 0.69787136 0.70573362 0.71346832 0.7213582 0.72970955 0.7388588 0.74918016 0.7610924 0.77506234 0.79160023 0.81124036 0.83449765 0.86179085 0.89332736 0.92895865 0.96804006 1.0093568 1.0511878 1.0915433 1.1285299 1.1607152 1.1873502 1.2083837 1.2243049 1.2359129 1.2441031 1.2497195 1.2534767 1.2559373 1.2575201 1.2585246 1.2591583 1.259562 1.2598311 1.2600328 1.2602211 1.2604511 1.2607987 1.2613915 1.262465 1.2644602 1.2681704 1.2748552 1.2860268 1.3026167 1.3244402 1.3517289 1.3872163 1.4352596
0.53860551 0.56062334 0.58097759 0.59964428 0.6166418 0.63202892 0.6459014 0.65838774 0.6696445 0.67985185 0.68920975 0.69793523 0.70626103 0.71443586 0.72272635 0.73142056 0.74083274 0.75130867 0.76323021 0.77701682 0.79312063 0.8120098 0.83413357 0.85986242 0.8893994 0.92266848 0.95920145 0.99806539 1.0378827 1.0769799 1.1136512 1.1464605 1.174476 1.1973583 1.2152973 1.2288512 1.2387626 1.2458056 1.2506865 1.2539964 1.2561998 1.2576448 1.2585833 1.259193 1.2595973 1.2598833 1.2601165 1.2603544 1.2606627 1.2611365 1.2619372 1.2633552 1.2659136 1.2705018 1.2784344 1.2911619 1.3095524 1.333719 1.3644126 1.4042136 1.4559853
0.55860012 0.5787095 0.59726569 0.61427823 0.62979326 0.64389113 0.65668318 0.668308 0.6789278 0.68872511 0.6979003 0.70667013 0.71526757 0.72394288 0.73296598 0.74262968 0.75325331 0.76518546 0.77880422 0.79451211 0.8127218 0.83382786 0.85815966 0.88591263 0.91706149 0.95126949 0.98782208 1.0256224 1.0632804 1.0992966 1.1323014 1.1612726 1.1856624 1.2054045 1.2208195 1.2324727 1.2410331 1.2471649 1.2514613 1.254415 1.2564136 1.25775 1.2586388 1.2592343 1.2596468 1.2599578 1.2602329 1.2605357 1.2609447 1.2615784 1.2626368 1.2644711 1.267689 1.2732714 1.2825772 1.2970141 1.3174528 1.3442692 1.3784458 1.4220239 1.4762385
0.57652418 0.59496663 0.61198221 0.62760644 0.64190635 0.65497808 0.66694402 0.67794975 0.68816132 0.69776299 0.70695576 0.71595686 0.7250002 0.73433784 0.74424199 0.75500732 0.76695238 0.78041895 0.79576693 0.81336218 0.83355343 0.85663495 0.88279292 0.91203745 0.94412998 0.97852493 1.0143525 1.0504683 1.0855786 1.1184217 1.1479563 1.1735008 1.1947852 1.2119139 1.2252676 1.235386 1.2428614 1.2482624 1.2520896 1.2547571 1.2565918 1.2578429 1.2586959 1.2592867 1.2597158 1.2600611 1.2603908 1.2607765 1.2613129 1.2621456 1.2635188 1.2658493 1.2698319 1.2765343 1.2873544 1.3036734 1.3263867 1.3560295 1.3935316 1.4401312 1.4955287
0.59274484 0.60975196 0.62546737 0.63994661 0.65327243 0.66555254 0.67691725 0.68751712 0.69752095 0.70711437 0.71649909 0.72589291 0.7355304 0.74566412 0.75656575 0.76852666 0.78185653 0.79687849 0.81391857 0.83328685 0.85524757 0.87997692 0.90750959 0.93768052 0.97007487 1.0040052 1.0385358 1.0725655 1.1049615 1.1347139 1.1610701 1.1836116 1.2022591 1.2172163 1.2288812 1.237752 1.2443485 1.249158 1.2526053 1.2550413 1.2567448 1.2579303 1.2587598 1.2593552 1.25981 1.2602009 1.2606002 1.2610904 1.2617854 1.2628624 1.2646148 1.2675303 1.2723924 1.2803511 1.2928371 1.3112084 1.3363632 1.3688539 1.4093165 1.4580653 1.5135281
0.60758516 0.62337449 0.63801112 0.65156596 0.66413357 0.67583022 0.68679197 0.69717294 0.70714389 0.71689142 0.72661756 0.73653999 0.7468925 0.75792541 0.76990537 0.7831136 0.79784124 0.81438028 0.8330079 0.85396255 0.87741033 0.90340275 0.93182995 0.96237834 0.99450625 1.0274527 1.0602901 1.0920206 1.1216983 1.1485491 1.1720572 1.1919974 1.2084152 1.2215665 1.2318415 1.2396913 1.2455702 1.249897 1.2530344 1.2552827 1.2568817 1.2580181 1.2588358 1.2594456 1.2599365 1.2603859 1.2608728 1.2614929 1.2623827 1.263756 1.2659603 1.269559 1.2754247 1.2847832 1.2990864 1.3196535 1.3473277 1.3825295 1.4254314 1.4754387 1.5300548
0.62132583 0.63609874 0.64985828 0.66268719 0.6746889 0.68598601 0.69671871 0.70704358 0.71713257 0.72717249 0.73736475 0.74792534 0.75908468 0.77108692 0.78418788 0.79865075 0.81473813 0.83269911 0.85274976 0.87504637 0.89965174 0.92649751 0.95534865 0.98577978 1.0171746 1.0487581 1.0796639 1.1090285 1.1360927 1.1602866 1.1812786 1.1989808 1.213516 1.2251616 1.2342866 1.2412952 1.2465838 1.2505139 1.2533975 1.2554934 1.2570102 1.2581124 1.2589294 1.2595642 1.260103 1.2606264 1.2612219 1.2620014 1.2631282 1.2648567 1.2675944 1.2719838 1.2789848 1.2898875 1.3061443 1.3290005 1.3591664 1.3968013 1.4415279 1.4919623 1.545044
0.63420812 0.64814888 0.66121355 0.67349387 0.68509994 0.69615893 0.70681386 0.71722271 0.72755763 0.73800449 0.74876245 0.76004341 0.77207096 0.78507819 0.79930365 0.81498446 0.83234544 0.85158322 0.8728447 0.89619996 0.92161189 0.94890653 0.97775115 1.0076485 1.037955 1.0679271 1.0967916 1.1238285 1.148449 1.1702506 1.1890405 1.204824 1.2177687 1.2281544 1.2363227 1.2426336 1.2474336 1.2510359 1.2537108 1.2556837 1.2571376 1.2582194 1.2590472 1.2597182 1.2603187 1.260934 1.2616626 1.2626361 1.2640479 1.2661985 1.2695597 1.2748549 1.2831259 1.2957092 1.3140257 1.3391962 1.3717183 1.411398 1.4573035 1.5074442 1.5585138
0.64643721 0.65971289 0.67224597 0.68413502 0.695495 0.70645619 0.71716321 0.72777428 0.73846047 0.74940506 0.76080276 0.77285831 0.78578435 0.79979761 0.81511292 0.83193403 0.85044054 0.87077041 0.89299818 0.91711022 0.94298012 0.970349 0.99881703 1.0278526 1.0568232 1.0850467 1.1118574 1.1366735 1.1590527 1.1787249 1.195598 1.2097386 1.2213368 1.230664 1.2380321 1.2437609 1.2481541 1.2514845 1.2539882 1.2558628 1.257271 1.2583455 1.2591959 1.2599161 1.260594 1.261322 1.2622124 1.2634193 1.2651709 1.2678181 1.2719008 1.2782223 1.2878951 1.3022761 1.322713 1.3501457 1.3847903 1.4260559 1.4725158 1.521777 1.5705362
0.65818556 0.67094632 0.68309294 0.69472903 0.70597288 0.71695653 0.72782494 0.73873519 0.74985568 0.76136506 0.77345083 0.78630715 0.80013131 0.81511849 0.831454 0.84930242 0.86879331 0.89000355 0.91293713 0.93750471 0.96350628 0.99062159 1.0184134 1.0463474 1.073829 1.1002545 1.1250673 1.1478099 1.1681608 1.1859516 1.2011613 1.2138947 1.22435 1.2327838 1.2394792 1.2447199 1.2487729 1.2518775 1.2542412 1.2560392 1.2574175 1.2584977 1.2593833 1.2601672 1.2609406 1.2618055 1.2628906 1.2643761 1.266529 1.2697548 1.2746628 1.2821318 1.2933272 1.3095929 1.3321553 1.3617196 1.3981753 1.4405373 1.4869863 1.5349206 1.581213
0.66959624 0.68197576 0.69386365 0.70536699 0.71660599 0.72771311 0.73883227 0.75011786 0.76173367 0.77385136 0.78664829 0.80030436 0.81499733 0.83089624 0.84815232 0.86688726 0.88717871 0.90904385 0.93242225 0.95716086 0.98300429 1.0095944 1.0364823 1.0631548 1.0890724 1.1137156 1.1366305 1.1574665 1.1759991 1.1921352 1.2059029 1.2174292 1.2269112 1.234588 1.240715 1.2455446 1.2493124 1.2522297 1.2544802 1.2562209 1.2575843 1.2586836 1.2596183 1.2604821 1.261372 1.2624016 1.2637191 1.2655341 1.2681564 1.2720487 1.2778892 1.286622 1.2994417 1.3176389 1.3422708 1.3737648 1.4116678 1.4546417 1.5005963 1.546884 1.5906583
0.68078588 0.69290197 0.70464219 0.71611566 0.72744315 0.73875619 0.75019611 0.76191288 0.77406356 0.78681028 0.80031727 0.81474675 0.83025328 0.84697616 0.86502966 0.88449115 0.90538749 0.92768086 0.95125568 0.97590936 1.0013497 1.0272016 1.0530252 1.0783443 1.1026831 1.125605 1.1467477 1.1658496 1.1827617 1.1974463 1.2099641 1.2204527 1.2291029 1.2361355 1.2417805 1.2462628 1.2497914 1.252554 1.2547149 1.2564159 1.2577791 1.2589114 1.2599106 1.260873 1.2619033 1.2631293 1.2647217 1.2669229 1.2700885 1.2747397 1.2816189 1.2917204 1.3062384 1.3263673 1.352952 1.3861165 1.425077 1.468211 1.5132781 1.5577088 1.5989856
0.69184745 0.7038026 0.71549021 0.72702009 0.73851219 0.75009568 0.76190769 0.77409187 0.78679641 0.80017138 0.81436507 0.82951909 0.84576197 0.86320103 0.88191252 0.90193036 0.92323431 0.94573874 0.96928402 0.9936327 1.0184728 1.0434297 1.0680873 1.092016 1.1148053 1.1360956 1.1556039 1.1731405 1.1886143 1.2020272 1.2134602 1.2230546 1.2309918 1.2374741 1.242709 1.2468973 1.2502256 1.2528619 1.2549542 1.2566323 1.2580101 1.2591905 1.2602712 1.2613531 1.2625511 1.2640095 1.2659242 1.2685736 1.2723611 1.2778648 1.2858833 1.2974407 1.3136963 1.3357074 1.3640732 1.3986088 1.438236 1.481129 1.5250048 1.5674548 1.6062987
0.70285276 0.71473478 0.7264495 0.73810613 0.74982247 0.76172377 0.77394133 0.7866106 0.79986879 0.8138516 0.82868901 0.84449977 0.86138466 0.87941819 0.89863932 0.91904145 0.94056287 0.9630789 0.98639752 1.0102603 1.03435 1.0583056 1.0817442 1.104287 1.1255865 1.1453517 1.1633661 1.1794971 1.1936973 1.2059959 1.2164861 1.225308 1.2326318 1.2386427 1.2435278 1.2474675 1.2506291 1.253164 1.2552072 1.2568786 1.2582864 1.259531 1.2607123 1.2619376 1.2633339 1.2650648 1.2673539 1.270518 1.2750084 1.2814565 1.2907038 1.3037799 1.3217737 1.3455687 1.3754989 1.4110849 1.4510064 1.4933177 1.5357784 1.5761887 1.612683
0.71385484 0.7257374 0.73754432 0.74938287 0.76136731 0.77361755 0.78625738 0.79941227 0.81320653 0.82775958 0.8431813 0.85956624 0.87698679 0.8954853 0.91506574 0.93568549 0.95724828 0.97959968 1.0025265 1.0257615 1.0489936 1.0718847 1.09409 1.1152817 1.1351704 1.1535245 1.170182 1.1850552 1.1981287 1.2094505 1.2191198 1.2272726 1.2340675 1.2396736 1.2442602 1.24799 1.2510141 1.2534702 1.2554826 1.2571637 1.2586175 1.2599442 1.2612473 1.2626427 1.2642717 1.2663191 1.269039 1.2727873 1.2780619 1.2855399 1.2960896 1.3107182 1.3304097 1.355846 1.387092 1.4234033 1.4632795 1.5047303 1.5456197 1.583973 1.6181964
0.72489007 0.73683341 0.74878366 0.76084492 0.77312659 0.78574175 0.7988052 0.81243083 0.82672847 0.84179985 0.85773366 0.87459982 0.89244285 0.91127482 0.9310683 0.95175013 0.97319695 0.99523373 1.0176362 1.040138 1.062443 1.0842413 1.1052283 1.1251244 1.1436923 1.1607505 1.1761811 1.1899311 1.2020083 1.2124729 1.2214261 1.2289978 1.2353355 1.2405936 1.2449259 1.2484796 1.2513923 1.2537905 1.2557897 1.257497 1.259014 1.2604424 1.261891 1.2634862 1.2653855 1.2677975 1.2710075 1.2754108 1.281548 1.2901313 1.3020361 1.3182185 1.3395275 1.3664262 1.3987201 1.4354423 1.4749745 1.5153444 1.5545576 1.5908564 1.6228562
0.73598031 0.7480319 0.76016351 0.77247485 0.78506918 0.79805148 0.81152618 0.82559432 0.84035011 0.85587672 0.87224136 0.88948973 0.90764005 0.92667695 0.94654603 0.96714962 0.9883447 1.0099439 1.0317205 1.0534166 1.0747564 1.0954611 1.1152657 1.1339349 1.1512766 1.1671512 1.1814758 1.1942239 1.2054199 1.2151313 1.2234585 1.2305249 1.2364669 1.2414259 1.2455419 1.2489494 1.2517745 1.2541344 1.2561381 1.2578887 1.2594875 1.2610389 1.2626593 1.2644869 1.2666976 1.2695249 1.2732863 1.2784146 1.2854865 1.2952364 1.3085245 1.3262285 1.3490387 1.3771934 1.4102616 1.4471014 1.4860345 1.5251529 1.5626188 1.5968612 1.6266203
0.74713485 0.75933023 0.77166903 0.78424546 0.79715551 0.81049492 0.82435668 0.83882806 0.85398695 0.86989775 0.88660656 0.90413614 0.92248071 0.94160108 0.96142071 0.98182347 1.0026536 1.0237187 1.0447959 1.0656416 1.0860036 1.1056347 1.1243072 1.1418255 1.1580362 1.1728339 1.1861637 1.1980185 1.2084346 1.2174832 1.2252625 1.2318886 1.2374879 1.2421902 1.2461237 1.2494118 1.2521713 1.2545118 1.2565377 1.2583497 1.2600502 1.2617483 1.263569 1.2656645 1.2682303 1.2715258 1.2759002 1.2818199 1.2898894 1.3008492 1.3155221 1.334683 1.3588476 1.3880347 1.4216082 1.4583002 1.496421 1.5341557 1.5698169 1.6019678 1.6293592
