Interpolating SPI Data/spi_stations/interpolated_spi/12-21_1.tif
NCOLS 257
NROWS 141
XLLCORNER -178.27925
YLLCORNER 5.3153543
DX 0.49934803
DY 0.49997533
NODATA_VALUE -9999
[rows 112 to 139 of 141, columns 189 to 251 of 257]
-0.61 -0.61 -0.61 -0.61 -0.61 -0.61 -0.61 -0.61 -0.61 -0.60999997 -0.6099998 -0.60999854 -0.60999009 -0.60994103 -0.60970075 -0.60872068 -0.60541002 -0.59619605 -0.57532566 -0.53763915 -0.48432247 -0.42484119 -0.37037337 -0.32688033 -0.29477218 -0.27189094 -0.25572577 -0.24424117 -0.235983 -0.22996181 -0.22551378 -0.22219242 -0.21969418 -0.2178096 -0.21639177 -0.21533593 -0.21456612 -0.21402641 -0.21367499 -0.21348014 -0.21341751 -0.21346812 -0.21361704 -0.21385239 -0.21416468 -0.21454631 -0.21499136 -0.21549544 -0.21605542 -0.21666663 -0.21730688 -0.21785954 -0.21778506 -0.21484398 -0.20066081 -0.14861655 -0.0024468716 0.2542977 0.48659871 0.60027079 0.63552246 0.63975821 0.63468454
-0.61 -0.61 -0.61 -0.61 -0.61 -0.61 -0.61 -0.61 -0.60999999 -0.60999994 -0.60999966 -0.6099981 -0.60998993 -0.60995126 -0.60978962 -0.60920252 -0.6073639 -0.60242295 -0.59110158 -0.5692288 -0.53409626 -0.48756273 -0.43628863 -0.38789187 -0.34709496 -0.31507822 -0.29090003 -0.27292959 -0.25960268 -0.24966781 -0.24219779 -0.2365279 -0.2321868 -0.22883999 -0.22624843 -0.22423955 -0.22268724 -0.22149818 -0.22060244 -0.21994695 -0.21949093 -0.21920272 -0.21905742 -0.21903525 -0.21912039 -0.21930008 -0.21956402 -0.21990399 -0.22031356 -0.22078726 -0.22131625 -0.22186704 -0.22228939 -0.22195264 -0.21842527 -0.20318366 -0.15075268 -0.010185819 0.23317749 0.46014606 0.57829909 0.61879902 0.62703309
-0.61 -0.61 -0.61 -0.61 -0.61 -0.61 -0.61 -0.60999999 -0.60999997 -0.60999986 -0.60999941 -0.60999739 -0.6099888 -0.60995473 -0.60983147 -0.60943112 -0.60827436 -0.60531758 -0.59866314 -0.58556318 -0.56321003 -0.53044088 -0.48927718 -0.44455127 -0.4015764 -0.36395823 -0.33304403 -0.30858616 -0.28961087 -0.27499633 -0.2637387 -0.25503018 -0.24825268 -0.2429443 -0.23876282 -0.23545478 -0.23283162 -0.23075202 -0.22910915 -0.22782143 -0.22682598 -0.22607383 -0.22552644 -0.22515325 -0.22492975 -0.22483616 -0.2248564 -0.22497742 -0.2251886 -0.2254813 -0.22584744 -0.2262731 -0.22671126 -0.22697276 -0.22632548 -0.22212833 -0.20566796 -0.15240736 -0.016047879 0.21563937 0.4365477 0.55805963 0.60367182
-0.60999999 -0.61 -0.61 -0.61 -0.61 -0.60999999 -0.60999999 -0.60999997 -0.60999991 -0.60999971 -0.60999898 -0.60999631 -0.60998676 -0.60995427 -0.60985098 -0.60954876 -0.60874267 -0.60679486 -0.6025502 -0.59424718 -0.57975533 -0.55733923 -0.52676366 -0.4899642 -0.45052784 -0.4122456 -0.37783931 -0.34856795 -0.3245382 -0.30521836 -0.28984463 -0.27765206 -0.26797379 -0.26026663 -0.25410334 -0.24915372 -0.24516433 -0.2419409 -0.23933402 -0.23722819 -0.23553358 -0.23417973 -0.23311099 -0.23228304 -0.2316603 -0.23121398 -0.23092065 -0.23076112 -0.23071963 -0.23078325 -0.23094105 -0.23118196 -0.23148603 -0.2317899 -0.2318594 -0.23084933 -0.22589089 -0.20804561 -0.15355716 -0.020231117 0.20141946 0.41604139 0.53994675
-0.60999998 -0.60999999 -0.60999999 -0.60999999 -0.60999999 -0.60999998 -0.60999997 -0.60999992 -0.6099998 -0.60999943 -0.60999829 -0.60999473 -0.60998374 -0.60995098 -0.60985809 -0.60961113 -0.60900096 -0.6076093 -0.6046926 -0.59909802 -0.58931981 -0.57382428 -0.55166286 -0.52312283 -0.48994647 -0.45484371 -0.42057623 -0.38919935 -0.36179869 -0.33863791 -0.31946242 -0.30377358 -0.29100962 -0.28064123 -0.27221063 -0.26533975 -0.2597242 -0.25512213 -0.25134255 -0.24823475 -0.24567968 -0.24358286 -0.24186897 -0.24047763 -0.2393601 -0.23847682 -0.23779545 -0.23728942 -0.23693679 -0.2367194 -0.23662211 -0.2366317 -0.23673378 -0.23690104 -0.23705064 -0.23689634 -0.23546729 -0.22964832 -0.21024504 -0.15415826 -0.022848946 0.19031542 0.39876643
-0.60999996 -0.60999997 -0.60999998 -0.60999998 -0.60999997 -0.60999995 -0.60999991 -0.60999981 -0.60999957 -0.60999893 -0.6099972 -0.60999246 -0.60997955 -0.60994519 -0.60985716 -0.60964252 -0.60914892 -0.60808516 -0.60594683 -0.60195276 -0.59504573 -0.58402931 -0.56788533 -0.54620956 -0.51955579 -0.48943943 -0.45793691 -0.42709744 -0.39848212 -0.37299252 -0.35094339 -0.3322444 -0.31658235 -0.30355556 -0.29275544 -0.28380783 -0.27638911 -0.27022833 -0.26510298 -0.26083217 -0.25726959 -0.25429707 -0.25181904 -0.24975802 -0.24805091 -0.24664614 -0.24550133 -0.24458149 -0.2438576 -0.24330547 -0.24290491 -0.24263879 -0.24249165 -0.24244528 -0.24246356 -0.24244035 -0.24202954 -0.24012099 -0.23333391 -0.21218988 -0.15414567 -0.02394202 0.18218553
-0.60999992 -0.60999993 -0.60999994 -0.60999993 -0.60999992 -0.60999987 -0.60999978 -0.60999959 -0.60999914 -0.60999809 -0.60999555 -0.60998928 -0.60997394 -0.60993693 -0.60985017 -0.60965452 -0.60923341 -0.60837374 -0.60671699 -0.60371384 -0.59861025 -0.59050484 -0.57851207 -0.5620249 -0.5409948 -0.51608617 -0.48859072 -0.46011818 -0.43221389 -0.40607334 -0.38243195 -0.36160275 -0.34358755 -0.32819783 -0.31515199 -0.30414066 -0.29486461 -0.28705344 -0.28047231 -0.27492215 -0.27023663 -0.26627795 -0.2629324 -0.26010628 -0.25772233 -0.25571671 -0.25403654 -0.25263783 -0.25148388 -0.25054397 -0.24979225 -0.2492069 -0.24876913 -0.24846117 -0.24826045 -0.2481202 -0.24790666 -0.24720512 -0.24475147 -0.23687901 -0.21379754 -0.15343235 -0.023490683
-0.60999982 -0.60999985 -0.60999986 -0.60999984 -0.6099998 -0.60999971 -0.60999953 -0.60999916 -0.6099984 -0.60999675 -0.60999309 -0.60998491 -0.60996658 -0.60992599 -0.609838 -0.60965296 -0.60927811 -0.60855092 -0.60720604 -0.60484332 -0.60091235 -0.5947359 -0.58559536 -0.57288482 -0.5563048 -0.53602453 -0.51272828 -0.4875037 -0.46161128 -0.43623301 -0.4122927 -0.3903856 -0.37079928 -0.35358358 -0.33863144 -0.32574845 -0.31470333 -0.30526029 -0.29719729 -0.29031469 -0.28443819 -0.2794183 -0.27512828 -0.2714614 -0.2683281 -0.26565332 -0.26337412 -0.26143767 -0.25979952 -0.25842218 -0.25727395 -0.25632792 -0.25556111 -0.25495327 -0.2544843 -0.2541265 -0.25382024 -0.25339916 -0.25237031 -0.24929968 -0.24021257 -0.21497727 -0.15190878
-0.60999964 -0.60999968 -0.60999969 -0.60999965 -0.60999956 -0.60999938 -0.60999905 -0.60999841 -0.60999717 -0.60999467 -0.60998956 -0.60997899 -0.60995709 -0.60991206 -0.60982094 -0.6096409 -0.60929576 -0.60865723 -0.60752199 -0.60558913 -0.60244672 -0.59758082 -0.59042133 -0.580433 -0.56724226 -0.55076696 -0.53129812 -0.50949005 -0.48625205 -0.46257981 -0.43938867 -0.4173991 -0.39709175 -0.37872023 -0.36235636 -0.34794499 -0.33535362 -0.32441077 -0.3149324 -0.30673826 -0.29966102 -0.29355045 -0.2882745 -0.28371878 -0.27978507 -0.27638948 -0.2734606 -0.2709377 -0.26876916 -0.26691101 -0.2653258 -0.26398152 -0.26285077 -0.26190981 -0.26113714 -0.26051013 -0.25999497 -0.25951654 -0.25887018 -0.257474 -0.25370656 -0.24326028 -0.21562816
-0.60999932 -0.60999937 -0.60999936 -0.60999928 -0.60999911 -0.60999878 -0.6099982 -0.60999715 -0.60999522 -0.60999158 -0.60998461 -0.60997114 -0.60994504 -0.60989473 -0.60979893 -0.60961991 -0.60929348 -0.60871544 -0.60772537 -0.6060905 -0.60349502 -0.59954293 -0.59378348 -0.58576588 -0.57512141 -0.56165785 -0.54543793 -0.5268104 -0.50637507 -0.48488907 -0.46314508 -0.4418598 -0.42160005 -0.40275428 -0.38554107 -0.3700394 -0.35622639 -0.34401286 -0.33327223 -0.3238616 -0.31563575 -0.30845574 -0.30219354 -0.29673404 -0.29197544 -0.28782873 -0.2842166 -0.28107227 -0.27833816 -0.27596469 -0.2739092 -0.27213492 -0.27061016 -0.26930747 -0.2682027 -0.26727322 -0.26649352 -0.26582241 -0.26516612 -0.2642752 -0.26246689 -0.25791266 -0.24594316
-0.60999876 -0.60999882 -0.60999878 -0.60999862 -0.60999831 -0.60999775 -0.6099968 -0.60999515 -0.60999226 -0.60998712 -0.60997782 -0.60996088 -0.60992992 -0.60987351 -0.60977172 -0.60959075 -0.60927536 -0.60873892 -0.60785166 -0.60642901 -0.6042234 -0.60092455 -0.5961741 -0.58959939 -0.58086689 -0.56974863 -0.55618629 -0.54033262 -0.52255328 -0.5033839 -0.48345374 -0.46339832 -0.4437843 -0.42506136 -0.4075442 -0.3914188 -0.37676319 -0.36357392 -0.3517918 -0.34132358 -0.33205852 -0.3238801 -0.31667363 -0.31033085 -0.30475234 -0.29984848 -0.29553955 -0.29175523 -0.28843388 -0.28552169 -0.28297174 -0.28074323 -0.27880065 -0.27711306 -0.27565336 -0.27439723 -0.2733209 -0.27239543 -0.2715706 -0.2707303 -0.26957289 -0.26730124 -0.26185725
-0.60999783 -0.60999789 -0.60999779 -0.60999751 -0.60999697 -0.60999607 -0.60999457 -0.6099921 -0.60998794 -0.60998087 -0.60996873 -0.60994771 -0.60991118 -0.60984787 -0.60973892 -0.60955366 -0.60924377 -0.60873578 -0.60792246 -0.60665431 -0.60473329 -0.60191222 -0.59790347 -0.59240046 -0.58511299 -0.57581352 -0.56438628 -0.55086653 -0.53545748 -0.51851691 -0.50051509 -0.48197483 -0.46340894 -0.44526936 -0.42791561 -0.41160355 -0.39649023 -0.38264862 -0.37008649 -0.35876521 -0.34861606 -0.33955322 -0.33148329 -0.3243119 -0.31794797 -0.31230616 -0.3073082 -0.30288332 -0.29896819 -0.29550652 -0.29244858 -0.28975051 -0.28737376 -0.28528445 -0.28345277 -0.28185222 -0.28045843 -0.27924633 -0.27818277 -0.27720646 -0.2761746 -0.27472483 -0.27193027
-0.60999636 -0.6099964 -0.6099962 -0.60999572 -0.60999486 -0.60999345 -0.60999121 -0.60998761 -0.60998181 -0.60997236 -0.6099568 -0.60993103 -0.60988822 -0.60981721 -0.60970004 -0.60950862 -0.60920006 -0.60871104 -0.60795137 -0.60679766 -0.60508864 -0.60262424 -0.59917107 -0.59447642 -0.58829212 -0.58040701 -0.57068344 -0.55909048 -0.54572488 -0.53081288 -0.51469041 -0.49776582 -0.4804737 -0.46323034 -0.446399 -0.43026919 -0.41504973 -0.40087275 -0.38780432 -0.37585824 -0.36500985 -0.35520843 -0.34638728 -0.3384715 -0.33138352 -0.32504688 -0.31938865 -0.31434085 -0.30984104 -0.3058326 -0.30226459 -0.29909143 -0.29627252 -0.2937718 -0.29155727 -0.28960046 -0.28787566 -0.28635844 -0.28502208 -0.28382813 -0.28270175 -0.28146833 -0.27969497
-0.60999413 -0.60999411 -0.60999374 -0.60999296 -0.60999164 -0.60998954 -0.60998629 -0.60998124 -0.60997337 -0.60996101 -0.60994142 -0.60991022 -0.6098604 -0.60978088 -0.60965454 -0.60945537 -0.60914492 -0.60866787 -0.60794717 -0.60687934 -0.60533093 -0.60313767 -0.60010797 -0.59603241 -0.59070022 -0.58392221 -0.57555781 -0.56554162 -0.55390363 -0.54077771 -0.52639495 -0.51106253 -0.4951324 -0.4789663 -0.46290402 -0.44723963 -0.43220781 -0.41797969 -0.40466622 -0.39232608 -0.3809758 -0.37060018 -0.36116163 -0.35260816 -0.34487951 -0.33791187 -0.33164112 -0.32600507 -0.32094485 -0.31640565 -0.31233713 -0.30869346 -0.30543316 -0.30251894 -0.29991733 -0.29759835 -0.29553499 -0.29370235 -0.29207583 -0.29062648 -0.28930916 -0.28803248 -0.28658398
-0.60999083 -0.6099907 -0.60999009 -0.60998889 -0.60998693 -0.6099839 -0.60997933 -0.60997245 -0.60996204 -0.6099462 -0.60992194 -0.6098846 -0.60982701 -0.60973821 -0.60960179 -0.60939355 -0.60907866 -0.60860824 -0.60791563 -0.60691281 -0.60548781 -0.60350393 -0.60080214 -0.5972077 -0.59254175 -0.58663782 -0.57936181 -0.57063277 -0.56044057 -0.54885653 -0.53603384 -0.52219701 -0.50762197 -0.49261058 -0.47746451 -0.46246253 -0.44784421 -0.43380094 -0.42047358 -0.40795523 -0.39629734 -0.38551722 -0.37560596 -0.3665356 -0.35826536 -0.35074661 -0.34392673 -0.33775191 -0.33216915 -0.32712757 -0.3225792 -0.31847945 -0.31478727 -0.31146514 -0.30847898 -0.30579794 -0.30339407 -0.30124183 -0.2993171 -0.29759479 -0.29604293 -0.29460796 -0.29317828
-0.60998612 -0.60998581 -0.60998483 -0.60998305 -0.60998024 -0.60997602 -0.60996979 -0.60996064 -0.60994718 -0.60992725 -0.60989764 -0.60985344 -0.60978733 -0.6096885 -0.60954115 -0.60932268 -0.60900129 -0.60853338 -0.6078606 -0.60690722 -0.6055781 -0.60375812 -0.60131388 -0.59809845 -0.59395974 -0.5887525 -0.5823533 -0.57467651 -0.56568915 -0.55542139 -0.54397045 -0.53149645 -0.51821059 -0.50435767 -0.49019585 -0.47597721 -0.46193156 -0.44825524 -0.43510519 -0.42259781 -0.41081129 -0.39979033 -0.38955187 -0.38009114 -0.37138722 -0.36340791 -0.35611378 -0.34946128 -0.34340518 -0.3379003 -0.33290267 -0.32837039 -0.32426404 -0.32054698 -0.31718542 -0.31414834 -0.31140742 -0.3089367 -0.30671207 -0.30470995 -0.30290432 -0.30125918 -0.29971032
-0.60997956 -0.60997897 -0.60997749 -0.60997495 -0.60997104 -0.6099653 -0.60995703 -0.60994514 -0.60992806 -0.60990343 -0.60986776 -0.60981596 -0.60974061 -0.609631 -0.60947196 -0.60924224 -0.60891266 -0.60844398 -0.60778469 -0.6068689 -0.6056149 -0.60392471 -0.60168532 -0.59877223 -0.59505559 -0.59040914 -0.58472141 -0.57790817 -0.56992447 -0.56077417 -0.5505152 -0.53925911 -0.52716462 -0.51442615 -0.50125898 -0.48788356 -0.47451099 -0.46133159 -0.4485071 -0.43616693 -0.42440761 -0.41329487 -0.40286732 -0.3931409 -0.38411349 -0.37576933 -0.36808282 -0.36102176 -0.35455001 -0.34862943 -0.34322141 -0.33828799 -0.33379255 -0.32970032 -0.32597867 -0.3225972 -0.31952781 -0.31674455 -0.31422335 -0.31194134 -0.30987522 -0.30799739 -0.30626647
-0.60997066 -0.60996967 -0.60996752 -0.60996399 -0.6099587 -0.60995109 -0.60994034 -0.60992521 -0.60990393 -0.60987393 -0.60983151 -0.6097714 -0.60968607 -0.60956499 -0.60939353 -0.60915167 -0.60881248 -0.60834043 -0.60768963 -0.60680228 -0.6056075 -0.60402109 -0.60194646 -0.59927731 -0.59590226 -0.59171158 -0.5866057 -0.5805049 -0.573359 -0.5651556 -0.55592559 -0.54574465 -0.53473028 -0.52303453 -0.51083362 -0.49831577 -0.48566904 -0.47307069 -0.46067897 -0.44862781 -0.43702438 -0.42594904 -0.41545714 -0.4055819 -0.39633789 -0.38772469 -0.37973029 -0.37233416 -0.36550989 -0.35922728 -0.35345408 -0.34815725 -0.34330394 -0.33886214 -0.33480121 -0.3310921 -0.32770754 -0.32462208 -0.32181199 -0.31925491 -0.31692897 -0.31481072 -0.31287014
-0.60995886 -0.60995732 -0.6099543 -0.60994952 -0.60994252 -0.60993266 -0.60991896 -0.60990005 -0.60987397 -0.60983794 -0.60978807 -0.60971892 -0.60962292 -0.6094897 -0.60930516 -0.60905038 -0.6087004 -0.60822286 -0.6075766 -0.60671049 -0.60556256 -0.60405981 -0.602119 -0.59964872 -0.59655294 -0.59273614 -0.58810992 -0.5826005 -0.57615649 -0.56875595 -0.56041149 -0.55117274 -0.54112545 -0.53038722 -0.51910035 -0.5074228 -0.49551843 -0.48354771 -0.47165983 -0.4599869 -0.4486403 -0.4377092 -0.42726073 -0.41734155 -0.40798016 -0.39918967 -0.39097065 -0.38331387 -0.3762027 -0.36961532 -0.36352638 -0.35790848 -0.35273326 -0.34797226 -0.34359748 -0.33958187 -0.33589961 -0.33252624 -0.32943873 -0.32661534 -0.32403519 -0.32167711 -0.31951693
-0.60994351 -0.60994124 -0.60993712 -0.6099308 -0.60992176 -0.60990922 -0.60989209 -0.60986884 -0.60983733 -0.6097946 -0.60973658 -0.6096577 -0.60955037 -0.60940438 -0.60920615 -0.60893776 -0.608576 -0.60809123 -0.60744635 -0.60659579 -0.60548495 -0.60405007 -0.60221889 -0.59991226 -0.59704695 -0.59353962 -0.58931195 -0.58429658 -0.57844334 -0.57172507 -0.56414228 -0.55572593 -0.54653771 -0.53666772 -0.52622981 -0.51535494 -0.50418357 -0.49285798 -0.48151513 -0.47028091 -0.45926601 -0.44856348 -0.43824776 -0.42837514 -0.41898501 -0.41010179 -0.40173709 -0.39389204 -0.38655944 -0.37972571 -0.37337266 -0.36747891 -0.36202108 -0.35697474 -0.35231516 -0.34801781 -0.34405882 -0.34041519 -0.337065 -0.33398737 -0.33116233 -0.32857019 -0.32619006
-0.60992392 -0.60992072 -0.60991524 -0.60990707 -0.60989559 -0.60987993 -0.60985886 -0.60983069 -0.60979313 -0.60974304 -0.60967619 -0.60958691 -0.60946761 -0.60930828 -0.6090958 -0.60881321 -0.60843883 -0.60794543 -0.60729935 -0.60645976 -0.60537825 -0.60399873 -0.60225803 -0.60008721 -0.59741375 -0.59416471 -0.59027077 -0.5856709 -0.58031745 -0.57418088 -0.56725393 -0.5595543 -0.55112561 -0.54203641 -0.53237714 -0.52225544 -0.51179037 -0.50110612 -0.490326 -0.479567 -0.46893563 -0.45852496 -0.44841299 -0.43866214 -0.42931972 -0.42041905 -0.41198099 -0.40401577 -0.39652476 -0.38950225 -0.38293703 -0.37681384 -0.37111452 -0.36581903 -0.36090626 -0.35635465 -0.35214268 -0.34824923 -0.34465381 -0.34133673 -0.33827902 -0.33546219 -0.33286743
-0.60989935 -0.60989497 -0.60988785 -0.60987748 -0.60986317 -0.60984391 -0.60981837 -0.60978471 -0.60974047 -0.60968237 -0.60960604 -0.60950572 -0.60937387 -0.60920066 -0.60897345 -0.60867613 -0.60828844 -0.60778524 -0.60713588 -0.60630358 -0.60524513 -0.60391093 -0.60224541 -0.60018816 -0.59767568 -0.59464392 -0.59103149 -0.58678337 -0.58185505 -0.57621645 -0.56985545 -0.56278048 -0.55502174 -0.54663101 -0.53767977 -0.52825598 -0.51845973 -0.50839829 -0.49818102 -0.48791464 -0.47769922 -0.4676251 -0.45777077 -0.44820186 -0.43897089 -0.43011772 -0.42167059 -0.41364731 -0.40605679 -0.39890047 -0.39217373 -0.38586724 -0.37996807 -0.37446072 -0.36932791 -0.36455134 -0.36011215 -0.35599141 -0.35217041 -0.34863084 -0.34535498 -0.34232549 -0.33952509
-0.60986899 -0.60986319 -0.60985411 -0.60984118 -0.6098236 -0.60980027 -0.60976972 -0.60972998 -0.60967845 -0.6096117 -0.60952526 -0.60941332 -0.60926836 -0.60908079 -0.60883842 -0.60852594 -0.60812436 -0.60761042 -0.60695607 -0.60612805 -0.6050876 -0.6037906 -0.60218789 -0.60022627 -0.59784987 -0.59500226 -0.59162897 -0.58768055 -0.58311587 -0.57790542 -0.57203428 -0.56550444 -0.5583362 -0.55056839 -0.54225732 -0.53347459 -0.52430388 -0.51483709 -0.50517022 -0.49539927 -0.4856166 -0.4759079 -0.46634995 -0.45700918 -0.44794099 -0.43918968 -0.43078896 -0.42276276 -0.4151263 -0.40788728 -0.40104707 -0.39460189 -0.38854386 -0.38286195 -0.37754283 -0.37257157 -0.36793218 -0.36360816 -0.35958277 -0.3558394 -0.35236168 -0.34913353 -0.34613902
-0.60983201 -0.6098245 -0.60981313 -0.60979725 -0.60977596 -0.60974807 -0.60971198 -0.60966559 -0.60960617 -0.60953016 -0.60943302 -0.60930889 -0.60915034 -0.60894798 -0.60869008 -0.60836207 -0.60794613 -0.60742068 -0.60675997 -0.60593377 -0.60490719 -0.60364076 -0.6020908 -0.6002102 -0.59794963 -0.59525915 -0.59209038 -0.58839891 -0.58414702 -0.57930641 -0.57386073 -0.56780762 -0.56116011 -0.55394707 -0.54621276 -0.53801531 -0.52942446 -0.52051853 -0.51138113 -0.50209772 -0.49275241 -0.48342511 -0.47418931 -0.46511044 -0.45624486 -0.44763948 -0.4393318 -0.43135035 -0.42371547 -0.41644012 -0.40953094 -0.40298917 -0.39681163 -0.39099159 -0.38551959 -0.38038408 -0.37557208 -0.37106959 -0.36686208 -0.36293475 -0.35927277 -0.35586144 -0.3526861
-0.60978754 -0.60977803 -0.60976401 -0.60974478 -0.60971934 -0.6096864 -0.60964423 -0.60959062 -0.60952273 -0.60943689 -0.60932849 -0.60919167 -0.60901908 -0.60880156 -0.60852781 -0.60818399 -0.60775331 -0.60721573 -0.60654754 -0.60572116 -0.60470505 -0.60346375 -0.60195828 -0.60014675 -0.59798538 -0.59542986 -0.59243712 -0.58896727 -0.5849859 -0.58046628 -0.57539154 -0.56975646 -0.56356875 -0.55684969 -0.54963398 -0.54196879 -0.5339121 -0.52553043 -0.51689623 -0.50808499 -0.49917254 -0.49023244 -0.48133387 -0.47253996 -0.46390656 -0.45548165 -0.44730504 -0.43940855 -0.43181641 -0.42454589 -0.41760805 -0.41100856 -0.40474848 -0.3988251 -0.39323262 -0.38796282 -0.38300567 -0.3783498 -0.37398292 -0.36989217 -0.36606442 -0.36248639 -0.35914476
-0.60973472 -0.60972287 -0.60970584 -0.60968285 -0.60965281 -0.60961431 -0.60956554 -0.60950417 -0.60942725 -0.60933105 -0.60921089 -0.60906091 -0.60887389 -0.6086409 -0.60835105 -0.60799117 -0.60754549 -0.60699529 -0.6063187 -0.60549052 -0.60448208 -0.60326144 -0.60179364 -0.60004128 -0.59796538 -0.59552649 -0.59268617 -0.58940859 -0.58566243 -0.58142273 -0.57667269 -0.57140528 -0.56562437 -0.55934546 -0.55259571 -0.54541336 -0.53784661 -0.52995184 -0.5217916 -0.51343223 -0.50494157 -0.49638668 -0.48783187 -0.47933705 -0.47095651 -0.46273808 -0.45472266 -0.44694415 -0.4394296 -0.43219962 -0.4252689 -0.41864687 -0.41233833 -0.40634417 -0.40066201 -0.39528679 -0.39021135 -0.38542689 -0.38092341 -0.37669007 -0.37271546 -0.36898785 -0.3654953
-0.60967263 -0.60965811 -0.60963771 -0.60961053 -0.60957543 -0.6095309 -0.60947502 -0.60940537 -0.60931891 -0.60921183 -0.60907944 -0.6089159 -0.60871411 -0.60846538 -0.60815925 -0.60778316 -0.60732225 -0.60675907 -0.60607338 -0.60524205 -0.60423899 -0.60303529 -0.60159949 -0.59989809 -0.59789624 -0.59555873 -0.59285114 -0.5897413 -0.58620072 -0.58220627 -0.57774162 -0.57279866 -0.56737853 -0.56149232 -0.55516126 -0.54841637 -0.54129773 -0.53385309 -0.52613634 -0.51820558 -0.51012114 -0.50194372 -0.49373251 -0.4855437 -0.47742923 -0.46943586 -0.4616046 -0.45397044 -0.44656229 -0.43940321 -0.43251075 -0.42589742 -0.41957124 -0.41353626 -0.40779318 -0.40233988 -0.3971719 -0.39228294 -0.38766526 -0.38331001 -0.37920757 -0.37534777 -0.37172009
-0.60960039 -0.60958286 -0.60955869 -0.60952692 -0.60948631 -0.60943527 -0.60937179 -0.60929336 -0.60919687 -0.60907847 -0.60893342 -0.60875597 -0.60853913 -0.60827446 -0.6079519 -0.6075595 -0.60708325 -0.60650682 -0.60581146 -0.6049759 -0.60397632 -0.60278647 -0.60137796 -0.59972066 -0.59778331 -0.59553439 -0.59294304 -0.5899803 -0.58662032 -0.58284174 -0.57862896 -0.57397331 -0.568874 -0.5633388 -0.55738424 -0.55103556 -0.54432608 -0.53729628 -0.52999252 -0.52246557 -0.51476891 -0.50695714 -0.49908435 -0.49120274 -0.4833614 -0.47560537 -0.46797503 -0.4605056 -0.45322705 -0.44616412 -0.43933649 -0.43275913 -0.42644269 -0.42039399 -0.41461642 -0.40911051 -0.40387432 -0.39890389 -0.39419364 -0.38973669 -0.3855252 -0.38155059 -0.37780374
