Interpolating SPI Data/spi_stations/interpolated_spi/12-22_2.tif
NCOLS 257
NROWS 141
XLLCORNER -178.27925
YLLCORNER 5.3153543
DX 0.49934803
DY 0.49997533
NODATA_VALUE -9999
[rows 27 to 53 of 141, columns 0 to 61 of 257]
0.057579144 0.054839874 0.052141024 0.049484546 0.046872377 0.044306432 0.041788596 0.039320718 0.036904607 0.034542022 0.032234665 0.029984174 0.027792115 0.025659975 0.023589154 0.021580952 0.019636569 0.01775709 0.01594348 0.014196577 0.012517081 0.01090555 0.0093623913 0.0078878544 0.0064820273 0.0051448303 0.0038760111 0.0026751425 0.0015416192 0.00047465692 -0.00052670777 -0.0014636161 -0.0023373847 -0.003149501 -0.0039016181 -0.0045955474 -0.00523325 -0.0058168262 -0.0063485041 -0.0068306259 -0.007265634 -0.007656055 -0.008004483 -0.0083135622 -0.0085859684 -0.0088243911 -0.0090315142 -0.0092099977 -0.0093624597 -0.0094914579 -0.0095994733 -0.0096888935 -0.0097619976 -0.009820942 -0.0098677475 -0.0099042878 -0.0099322791 -0.0099532729 -0.0099686495 -0.0099796158 -0.0099872051 -0.0099922819
0.05300681 0.050365435 0.047767157 0.045213832 0.042707284 0.040249306 0.037841647 0.035486009 0.03318404 0.030937323 0.028747376 0.026615637 0.024543462 0.022532115 0.020582763 0.018696463 0.016874161 0.015116682 0.013424725 0.011798851 0.010239485 0.0087469027 0.0073212318 0.0059624426 0.004670347 0.0034445945 0.0022846707 0.0011898961 0.00015942573 -0.00080774906 -0.0017127989 -0.0025570525 -0.0033419923 -0.0040692481 -0.0047405899 -0.0053579198 -0.0059232618 -0.0064387511 -0.0069066228 -0.0073291985 -0.007708873 -0.0080481004 -0.0083493787 -0.008615235 -0.0088482103 -0.0090508432 -0.0092256549 -0.0093751335 -0.0095017183 -0.0096077845 -0.0096956284 -0.0097674521 -0.0098253496 -0.0098712923 -0.0099071163 -0.0099345105 -0.0099550064 -0.0099699702 -0.0099805983 -0.0099879156 -0.0099927787 -0.0099958835
0.048967442 0.046423221 0.043924175 0.041472038 0.039068509 0.036715236 0.034413818 0.032165795 0.029972641 0.027835757 0.025756469 0.023736013 0.021775535 0.019876083 0.018038596 0.016263904 0.014552719 0.012905625 0.011323082 0.0098054115 0.0083527973 0.00696528 0.0056427538 0.0043849639 0.0031915044 0.0020618176 0.00099519389 -9.2279329e-06 -0.00095245844 -0.001835655 -0.0026601181 -0.0034272864 -0.0041387311 -0.0047961492 -0.0054013557 -0.0059562753 -0.0064629326 -0.0069234425 -0.0073399989 -0.0077148637 -0.0080503548 -0.008348834 -0.008612694 -0.0088443456 -0.0090462046 -0.009220678 -0.0093701504 -0.0094969694 -0.0096034316 -0.0096917675 -0.0097641266 -0.0098225622 -0.0098690163 -0.0099053056 -0.0099331075 -0.0099539487 -0.0099691958 -0.009980049 -0.0099875393 -0.0099925307 -0.0099957271 -0.0099976827
0.045389086 0.042939605 0.040536827 0.038182357 0.035877751 0.033624509 0.031424074 0.029277818 0.027187042 0.025152968 0.023176732 0.021259379 0.019401857 0.01760501 0.015869574 0.014196171 0.012585304 0.011037353 0.0095525696 0.0081310755 0.0067728572 0.0054777648 0.00424551 0.0030756647 0.0019676609 0.00092079086 -6.579146e-05 -0.00099306871 -0.0018621572 -0.0026743033 -0.0034308791 -0.004133377 -0.0047834044 -0.0053826763 -0.0059330086 -0.00643631 -0.0068945735 -0.0073098678 -0.0076843279 -0.0080201447 -0.0083195556 -0.0085848333 -0.0088182751 -0.0090221909 -0.0091988914 -0.0093506754 -0.0094798159 -0.0095885469 -0.0096790478 -0.0097534285 -0.0098137136 -0.0098618267 -0.0098995747 -0.0099286335 -0.0099505349 -0.009966656 -0.009978212 -0.0099862521 -0.0099916606 -0.0099951625 -0.0099973331 -0.0099986131
0.04220987 0.039851603 0.037541084 0.03527978 0.033069107 0.030910416 0.028804992 0.026754047 0.024758716 0.02282005 0.020939011 0.019116465 0.017353182 0.015649825 0.014006949 0.012424999 0.010904299 0.0094450569 0.0080473555 0.0067111535 0.0054362823 0.004222445 0.003069216 0.0019760405 0.00094223541 -3.3009318e-05 -0.00095062892 -0.0018116812 -0.0026173433 -0.0033689078 -0.0040677785 -0.0047154654 -0.0053135789 -0.0058638243 -0.006367995 -0.0068279661 -0.0072456866 -0.0076231719 -0.007962496 -0.0082657826 -0.0085351961 -0.0087729321 -0.0089812068 -0.0091622462 -0.009318274 -0.0094514989 -0.0095641007 -0.0096582155 -0.0097359204 -0.0097992175 -0.0098500173 -0.0098901229 -0.0099212144 -0.0099448353 -0.009962381 -0.0099750901 -0.0099840399 -0.0099901455 -0.009994164 -0.0099967035 -0.0099982357 -0.0099991123
0.039376745 0.037105481 0.034882592 0.032709414 0.030587222 0.028517224 0.026500559 0.024538286 0.022631386 0.020780755 0.018987197 0.017251421 0.015574038 0.013955556 0.012396378 0.010896795 0.0094569893 0.0080770257 0.006756854 0.0054963062 0.0042950952 0.0031528153 0.0020689413 0.00104283 7.3721009e-05 -0.00083926151 -0.0016971066 -0.0025009139 -0.0032518904 -0.0039513468 -0.0046006936 -0.0052014366 -0.0057551723 -0.0062635824 -0.0067284289 -0.0071515474 -0.0075348418 -0.0078802767 -0.0081898708 -0.0084656887 -0.0087098326 -0.0089244327 -0.0091116374 -0.0092736015 -0.0094124741 -0.0095303853 -0.0096294313 -0.0097116594 -0.0097790513 -0.0098335073 -0.009876829 -0.0099107044 -0.0099366929 -0.0099562133 -0.0099705341 -0.0099807678 -0.0099878688 -0.0099926356 -0.0099957184 -0.0099976295 -0.0099987586 -0.00999939
0.036844301 0.034655459 0.032515273 0.030424952 0.028385638 0.026398407 0.024464259 0.022584119 0.020758828 0.018989142 0.017275728 0.015619159 0.01401991 0.01247836 0.010994782 0.0095693474 0.0082021186 0.0068930513 0.0056419917 0.004448676 0.0033127302 0.0022336701 0.001210902 0.00024372359 -0.00066867456 -0.0015272074 -0.002332893 -0.0030868504 -0.0037902966 -0.0044445432 -0.0050509937 -0.0056111387 -0.0061265531 -0.0065988906 -0.0070298798 -0.0074213188 -0.0077750696 -0.008093052 -0.0083772368 -0.0086296379 -0.0088523045 -0.0090473108 -0.0092167456 -0.0093627009 -0.0094872581 -0.0095924743 -0.0096803673 -0.0097528989 -0.0098119591 -0.009859349 -0.0098967655 -0.0099257862 -0.0099478561 -0.0099642781 -0.009976205 -0.0099846364 -0.0099904195 -0.0099942542 -0.0099967018 -0.0099981981 -0.0099990693 -0.0099995491
0.034573696 0.032462561 0.030400079 0.028387338 0.026425362 0.024515103 0.022657439 0.020853173 0.019103023 0.017407626 0.015767529 0.01418319 0.012654974 0.011183148 0.0097678841 0.0084092552 0.0071072327 0.0058616872 0.004672387 0.0035389982 0.0024610846 0.001438108 0.00046942908 -0.00044569154 -0.0013080922 -0.0021187085 -0.0028785714 -0.0035888052 -0.0042506251 -0.0048653348 -0.0054343234 -0.0059590628 -0.0064411038 -0.0068820726 -0.0072836667 -0.0076476502 -0.0079758484 -0.0082701422 -0.0085324607 -0.0087647741 -0.0089690844 -0.0091474154 -0.0093018017 -0.0094342759 -0.0095468551 -0.0096415259 -0.009720229 -0.0097848427 -0.0098371669 -0.0098789068 -0.0099116582 -0.0099368939 -0.0099559527 -0.0099700309 -0.0099801775 -0.0099872934 -0.0099921341 -0.0099953168 -0.0099973307 -0.0099985515 -0.0099992563 -0.0099996414
0.032531705 0.030493592 0.028503899 0.026563607 0.02467363 0.022834811 0.021047922 0.019313656 0.017632628 0.016005372 0.014432335 0.012913879 0.011450276 0.010041708 0.0086882636 0.0073899394 0.006146637 0.004958163 0.0038242289 0.0027444508 0.0017183494 0.00074535092 -0.00017521273 -0.0010441028 -0.0018621726 -0.0026303666 -0.0033497184 -0.0040213494 -0.0046464672 -0.0052263629 -0.0057624096 -0.0062560592 -0.0067088396 -0.0071223518 -0.0074982653 -0.0078383143 -0.0081442919 -0.0084180445 -0.0086614642 -0.0088764812 -0.0090650538 -0.0092291583 -0.0093707767 -0.0094918838 -0.0095944331 -0.0096803412 -0.0097514726 -0.0098096233 -0.0098565051 -0.0098937307 -0.0099227998 -0.0099450871 -0.0099618336 -0.0099741399 -0.0099829633 -0.0099891195 -0.0099932864 -0.0099960132 -0.0099977315 -0.0099987695 -0.0099993674 -0.0099996938
0.030689871 0.028720238 0.026798613 0.024925879 0.023102854 0.021330286 0.019608852 0.017939154 0.016321718 0.014756991 0.013245338 0.011787043 0.010382303 0.0090312303 0.0077338511 0.0064901026 0.0052998338 0.0041628046 0.0030786856 0.0020470585 0.0010674153 0.00013915971 -0.00073839333 -0.0015660164 -0.0023445691 -0.0030749972 -0.0037583312 -0.0043956858 -0.0049882578 -0.0055373248 -0.0060442435 -0.006510447 -0.0069374426 -0.007326808 -0.0076801882 -0.0079992903 -0.0082858784 -0.0085417672 -0.0087688141 -0.008968911 -0.0091439739 -0.009295932 -0.009426715 -0.00953824 -0.0096323963 -0.009711031 -0.009775933 -0.0098288174 -0.009871311 -0.0099049381 -0.009931108 -0.0099511052 -0.0099660821 -0.0099770539 -0.0099848986 -0.0099903585 -0.0099940474 -0.0099964588 -0.0099979782 -0.0099988974 -0.0099994286 -0.0099997202
0.029023777 0.0271183 0.02526028 0.023450514 0.021689735 0.019978609 0.018317732 0.016707629 0.015148752 0.013641474 0.012186096 0.010782835 0.0094318327 0.0081331459 0.0068867511 0.0056925421 0.0045503287 0.0034598375 0.0024207109 0.0014325069 0.00049469968 -0.00039332072 -0.0012322481 -0.0020228597 -0.002766016 -0.0034626597 -0.0041138156 -0.0047205894 -0.0052841667 -0.0058058117 -0.0062868654 -0.0067287438 -0.007132935 -0.007500996 -0.0078345489 -0.0081352759 -0.0084049135 -0.0086452457 -0.008858096 -0.0090453181 -0.0092087855 -0.0093503798 -0.0094719776 -0.0095754375 -0.0096625848 -0.009735197 -0.0097949886 -0.0098435965 -0.0098825657 -0.0099133372 -0.0099372367 -0.0099554665 -0.0099690993 -0.0099790758 -0.0099862049 -0.0099911677 -0.0099945243 -0.0099967234 -0.0099981144 -0.0099989607 -0.0099994538 -0.0099997277
0.0275124 0.02566702 0.023868441 0.022117384 0.020414509 0.018760413 0.017155623 0.015600599 0.014095729 0.012641332 0.011237651 0.0098848555 0.008583038 0.0073322155 0.0061323271 0.0049832337 0.0038847172 0.0028364806 0.0018381468 0.00088925919 -1.0719186e-05 -0.00086240549 -0.0016664972 -0.0024237721 -0.003135088 -0.003801383 -0.0044236743 -0.0050030583 -0.0055407094 -0.006037879 -0.0064958935 -0.0069161529 -0.0073001274 -0.0076493544 -0.0079654341 -0.0082500243 -0.0085048342 -0.0087316171 -0.008932162 -0.0091082836 -0.0092618117 -0.0093945791 -0.0095084088 -0.0096050999 -0.0096864139 -0.0097540595 -0.0098096788 -0.0098548332 -0.0098909904 -0.0099195139 -0.0099416525 -0.0099585341 -0.0099711611 -0.0099804091 -0.009987028 -0.0099916474 -0.0099947835 -0.0099968491 -0.009998165 -0.0099989732 -0.0099994501 -0.0099997192
0.026137567 0.024348514 0.022605528 0.020909265 0.019260323 0.017659238 0.016106481 0.014602458 0.013147506 0.011741897 0.010385829 0.0090794337 0.0078227672 0.0066158148 0.0054584878 0.0043506231 0.0032919829 0.0022822538 0.0013210462 0.00040789423 -0.00045774508 -0.001276492 -0.0020490444 -0.0027761782 -0.003458747 -0.0040976827 -0.0046939949 -0.0052487705 -0.005763173 -0.0062384415 -0.0066758886 -0.0070768987 -0.0074429248 -0.0077754848 -0.008076157 -0.0083465744 -0.0085884183 -0.0088034102 -0.0089933032 -0.0091598718 -0.0093049008 -0.009430173 -0.0095374567 -0.0096284918 -0.009704976 -0.0097685508 -0.0098207884 -0.0098631782 -0.0098971157 -0.0099238923 -0.0099446872 -0.0099605617 -0.0099724562 -0.0099811897 -0.0099874623 -0.0099918606 -0.0099948649 -0.0099968593 -0.0099981428 -0.0099989412 -0.0099994198 -0.0099996954
0.024883471 0.023147276 0.021456357 0.019811317 0.018212699 0.016660988 0.015156609 0.013699923 0.012291226 0.010930751 0.0096186634 0.0083550617 0.0071399761 0.0059733674 0.0048551263 0.0037850726 0.0027629546 0.0017884479 0.00086115518 -1.9394816e-05 -0.00085374777 -0.0016425244 -0.0023864212 -0.0030862103 -0.0037427406 -0.0043569374 -0.0049298021 -0.0054624124 -0.0059559212 -0.0064115551 -0.0068306134 -0.0072144647 -0.0075645445 -0.0078823507 -0.008169439 -0.0084274164 -0.008657935 -0.0088626829 -0.0090433758 -0.0092017464 -0.009339533 -0.0094584677 -0.0095602635 -0.0096466012 -0.0097191158 -0.0097793838 -0.0098289101 -0.0098691163 -0.0099013306 -0.0099267784 -0.0099465757 -0.0099617247 -0.0099731113 -0.009981506 -0.0099875668 -0.0099918443 -0.0099947901 -0.0099967655 -0.0099980526 -0.0099988656 -0.0099993621 -0.0099996546
0.023736261 0.022049755 0.020407697 0.01881064 0.017259085 0.015753475 0.014294194 0.012881566 0.011515856 0.010197265 0.0089259311 0.0077019294 0.0065252686 0.0053958917 0.0043136744 0.0032784243 0.0022898799 0.0013477099 0.00045151232 -0.00039918673 -0.0012049335 -0.0019663476 -0.0026841227 -0.0033590268 -0.003991903 -0.0045836698 -0.0051353207 -0.0056479236 -0.0061226207 -0.0065606263 -0.0069632254 -0.0073317705 -0.0076676788 -0.007972427 -0.0082475466 -0.0084946175 -0.0087152603 -0.0089111286 -0.0090838988 -0.0092352601 -0.0093669035 -0.0094805095 -0.0095777358 -0.0096602046 -0.0097294902 -0.0097871058 -0.0098344928 -0.009873009 -0.0099039202 -0.0099283915 -0.0099474823 -0.0099621421 -0.0099732094 -0.0099814131 -0.0099873754 -0.0099916177 -0.009994568 -0.0099965701 -0.0099978934 -0.0099987436 -0.0099992737 -0.0099995938
0.022683682 0.021043991 0.019447892 0.017895901 0.016388479 0.014926035 0.01350892 0.012137429 0.010811799 0.0095322067 0.0082987698 0.0071115438 0.0059705216 0.0048756327 0.0038267419 0.002823648 0.0018660834 0.00095371216 8.6129786e-05 -0.00073713834 -0.0015166377 -0.0022529858 -0.0029468725 -0.0035990613 -0.0042103892 -0.0047817675 -0.0053141811 -0.0058086884 -0.0062664199 -0.0066885771 -0.0070764299 -0.0074313138 -0.0077546258 -0.0080478204 -0.0083124033 -0.008549925 -0.0087619735 -0.0089501654 -0.0091161366 -0.0092615317 -0.0093879933 -0.0094971501 -0.0095906048 -0.0096699224 -0.0097366177 -0.0097921438 -0.0098378816 -0.0098751297 -0.0099050959 -0.0099288909 -0.0099475229 -0.009961895 -0.0099728044 -0.009980944 -0.0099869063 -0.0099911884 -0.0099941997 -0.0099962703 -0.0099976604 -0.0099985703 -0.0099991499 -0.009999509
0.021714756 0.020119286 0.01856654 0.017056998 0.01559109 0.014169195 0.012791637 0.011458688 0.010170561 0.008927416 0.0077293517 0.0065764095 0.0054685703 0.0044057533 0.0033878154 0.0024145493 0.001485683 0.00060087833 -0.00024027052 -0.0010382377 -0.0017935671 -0.0025068731 -0.0031788416 -0.0038102309 -0.0044018716 -0.0049546672 -0.0054695937 -0.005947699 -0.0063901016 -0.0067979889 -0.0071726146 -0.0075152955 -0.0078274076 -0.0081103807 -0.008365693 -0.0085948642 -0.0087994475 -0.0089810212 -0.0091411792 -0.0092815206 -0.0094036392 -0.0095091119 -0.0095994872 -0.0096762738 -0.0097409296 -0.0097948501 -0.0098393593 -0.0098757005 -0.0099050285 -0.0099284042 -0.0099467899 -0.0099610477 -0.0099719387 -0.0099801253 -0.0099861746 -0.0099905642 -0.0099936884 -0.0099958671 -0.0099973541 -0.0099983462 -0.0099989928 -0.0099994041
0.020819496 0.019265925 0.017754199 0.016284773 0.014858047 0.013474378 0.012134066 0.010837363 0.009584465 0.0083755154 0.0072106004 0.0060897497 0.0050129346 0.0039800667 0.0029909969 0.0020455139 0.0011433428 0.00028414405 -0.00053248813 -0.0013070268 -0.0020400133 -0.0027320588 -0.0033838447 -0.0039961233 -0.0045697185 -0.0051055256 -0.0056045108 -0.0060677106 -0.0064962305 -0.0068912426 -0.0072539829 -0.0075857482 -0.0078878912 -0.0081618159 -0.0084089711 -0.0086308437 -0.0088289507 -0.0090048308 -0.0091600348 -0.0092961158 -0.0094146183 -0.0095170679 -0.00960496 -0.0096797488 -0.0097428371 -0.009795566 -0.009839206 -0.0098749487 -0.0099039003 -0.0099270763 -0.0099453982 -0.0099596914 -0.0099706858 -0.0099790175 -0.0099852326 -0.0099897924 -0.00999308 -0.0099954078 -0.0099970258 -0.0099981301 -0.0099988719 -0.0099993655
0.019988651 0.018474906 0.017002128 0.015570745 0.014181138 0.012833639 0.011528533 0.010266054 0.0090463834 0.0078696519 0.0067359348 0.0056452528 0.0045975697 0.0035927912 0.002630764 0.0017112735 0.00083404333 -1.2666961e-06 -0.00079506166 -0.0015478129 -0.002260059 -0.0029324071 -0.0035655337 -0.0041601848 -0.0047171768 -0.005237396 -0.0057217982 -0.0061714075 -0.0065873149 -0.0069706759 -0.0073227076 -0.0076446848 -0.0079379357 -0.0082038365 -0.008443805 -0.0086592937 -0.0088517824 -0.0090227688 -0.00917376 -0.0093062627 -0.0094217727 -0.0095217649 -0.0096076825 -0.0096809273 -0.0097428495 -0.0097947384 -0.0098378143 -0.0098732212 -0.0099020205 -0.0099251867 -0.0099436046 -0.0099580678 -0.009969279 -0.0099778526 -0.0099843181 -0.0099891251 -0.0099926505 -0.0099952051 -0.0099970434 -0.0099983731 -0.0099993675 -0.010000184
0.019213457 0.017737698 0.016302032 0.014906862 0.013552552 0.012239416 0.010967723 0.0097376922 0.0085494948 0.0074032495 0.0062990233 0.0052368292 0.0042166251 0.0032383122 0.0023017337 0.0014066729 0.00055285251 -0.00026006772 -0.0010324917 -0.0017648886 -0.0024577938 -0.0031118101 -0.0037276084 -0.0043059281 -0.0048475772 -0.0053534323 -0.0058244376 -0.006261604 -0.0066660066 -0.0070387831 -0.00738113 -0.0076942989 -0.0079795917 -0.0082383553 -0.0084719752 -0.0086818686 -0.0088694765 -0.0090362555 -0.0091836688 -0.0093131764 -0.0094262263 -0.0095242436 -0.0096086215 -0.0096807112 -0.009741813 -0.0097931679 -0.0098359497 -0.0098712589 -0.0099001169 -0.0099234625 -0.0099421494 -0.0099569459 -0.0099685353 -0.0099775195 -0.0099844235 -0.0099897024 -0.0099937518 -0.0099969217 -0.009999539 -0.010001946 -0.010004573 -0.010008102
0.018485404 0.017046006 0.015645828 0.014285259 0.012964644 0.011684282 0.010444429 0.0092452935 0.0080870342 0.006969762 0.0058935362 0.0048583637 0.0038641974 0.0029109347 0.0019984162 0.0011264236 0.00029467899 -0.00049715734 -0.0012494878 -0.0019627791 -0.0026375631 -0.0032744377 -0.0038740677 -0.0044371854 -0.0049645897 -0.0054571466 -0.005915788 -0.0063415101 -0.0067353714 -0.0070984903 -0.0074320415 -0.007737252 -0.0080153964 -0.0082677913 -0.0084957889 -0.0087007703 -0.0088841377 -0.0090473064 -0.0091916959 -0.0093187213 -0.0094297837 -0.009526261 -0.0096094989 -0.009680802 -0.0097414252 -0.0097925666 -0.0098353602 -0.009870871 -0.0099000903 -0.0099239337 -0.0099432404 -0.009958775 -0.0099712322 -0.0099812464 -0.0099894061 -0.0099962807 -0.010002464 -0.010008659 -0.010015838 -0.010025585 -0.010040866 -0.010067914
0.017796003 0.016391524 0.015025403 0.013698013 0.012409682 0.011160699 0.0099513061 0.0087817014 0.0076520359 0.0065624121 0.0055128829 0.0045034497 0.0035340611 0.0026046115 0.0017149389 0.00086482416 5.3988815e-05 -0.00071790602 -0.0014512611 -0.0021465403 -0.0028042716 -0.0034250479 -0.0040095276 -0.0045584349 -0.0050725595 -0.0055527561 -0.0059999432 -0.0064151017 -0.0067992728 -0.0071535548 -0.0074790998 -0.0077771097 -0.0080488312 -0.0082955504 -0.0085185865 -0.008719285 -0.0088990105 -0.0090591386 -0.009201048 -0.0093261117 -0.0094356889 -0.0095311159 -0.0096136985 -0.0096847038 -0.0097453534 -0.0097968177 -0.009840211 -0.009876589 -0.0099069487 -0.0099322319 -0.0099533333 -0.009971117 -0.0099864448 -0.010000226 -0.010013507 -0.010027632 -0.010044553 -0.010067456 -0.01010208 -0.010159709 -0.010264376 -0.010471598
0.017136539 0.015765698 0.014432361 0.013136886 0.011879589 0.010660747 0.0094805919 0.0083393123 0.007237051 0.0061739037 0.0051499172 0.0041650881 0.0032193612 0.0023126277 0.0014447236 0.00061542862 -0.00017553595 -0.00092850827 -0.0016438874 -0.0023221344 -0.0029637734 -0.0035693921 -0.0041396424 -0.0046752405 -0.0051769665 -0.0056456638 -0.0060822376 -0.0064876535 -0.0068629353 -0.0072091615 -0.0075274624 -0.0078190157 -0.0080850418 -0.0083267984 -0.0085455744 -0.0087426837 -0.0089194582 -0.0090772406 -0.0092173771 -0.0093412097 -0.0094500692 -0.0095452683 -0.0096280956 -0.009699811 -0.0097616421 -0.0098147844 -0.0098604042 -0.009899648 -0.0099336597 -0.0099636123 -0.0099907619 -0.010016539 -0.01004271 -0.010071658 -0.010106914 -0.010154155 -0.010223226 -0.010332388 -0.010517795 -0.010855935 -0.011520542 -0.012938026
0.016497818 0.015159454 0.01385775 0.012593048 0.011365655 0.010175835 0.0090238113 0.0079097637 0.0068338275 0.0057960916 0.0047965971 0.0038353359 0.0029122486 0.0020272233 0.0011800938 0.0003706382 -0.00040142276 -0.001136427 -0.0018347723 -0.0024969176 -0.0031233837 -0.0037147539 -0.0042716743 -0.004794854 -0.0052850647 -0.0057431395 -0.0061699721 -0.0065665148 -0.0069337763 -0.0072728187 -0.0075847544 -0.0078707418 -0.0081319811 -0.0083697097 -0.0085851962 -0.0087797354 -0.0089546425 -0.0091112473 -0.009250889 -0.0093749111 -0.0094846583 -0.0095814747 -0.0096667039 -0.0097416948 -0.009807812 -0.0098664559 -0.0099190977 -0.009967336 -0.010012991 -0.010058259 -0.010105977 -0.01016007 -0.010226352 -0.010313996 -0.010438321 -0.010626351 -0.01092836 -0.011443173 -0.012376729 -0.014186061 -0.01795634 -0.026450481
0.015869885 0.014562915 0.013291766 0.012056768 0.010858217 0.0096963654 0.0085714282 0.0074835764 0.0064329375 0.0054195936 0.0044435798 0.0035048823 0.0026034373 0.0017391287 0.00091178725 0.00012118823 -0.00063294946 -0.0013509649 -0.0020332564 -0.0026802825 -0.0032925627 -0.0038706782 -0.0044152725 -0.0049270506 -0.0054067795 -0.0058552869 -0.0062734602 -0.006662245 -0.0070226428 -0.007355709 -0.0076625497 -0.0079443188 -0.0082022145 -0.0084374756 -0.0086513784 -0.0088452334 -0.0090203828 -0.0091781992 -0.0093200861 -0.0094474814 -0.0095618649 -0.009664772 -0.0097578173 -0.0098427328 -0.0099214271 -0.0099960805 -0.010069295 -0.010144335 -0.010225518 -0.010318872 -0.010433251 -0.01058231 -0.010788084 -0.011087756 -0.011546908 -0.012286651 -0.013541729 -0.015791211 -0.020067291 -0.028718845 -0.047351434 -0.089594475
0.015241712 0.013965072 0.012723415 0.01151706 0.010346291 0.0092113514 0.0081124446 0.0070497328 0.0060233352 0.0050333256 0.0040797318 0.003162533 0.0022816587 0.0014369871 0.0006283429 -0.00014450375 -0.00088183897 -0.0015840065 -0.0022514091 -0.0028845094 -0.003483831 -0.0040499593 -0.0045835415 -0.0050852874 -0.0055559688 -0.0059964194 -0.0064075343 -0.0067902687 -0.0071456371 -0.0074747122 -0.0077786236 -0.0080585566 -0.008315752 -0.0085515062 -0.0087671725 -0.0089641651 -0.0091439652 -0.0093081322 -0.0094583211 -0.0095963096 -0.0097240392 -0.0098436776 -0.009957713 -0.010069098 -0.010181469 -0.010299494 -0.010429412 -0.010579919 -0.010763626 -0.010999532 -0.01131735 -0.011765283 -0.012424499 -0.013437048 -0.015061771 -0.017790746 -0.022601292 -0.03151942 -0.048897474 -0.084199673 -0.15689683 -0.29791588
0.014600849 0.013353416 0.012140124 0.010961277 0.0098171476 0.008707966 0.0076339249 0.0065951752 0.0055918251 0.004623938 0.003691531 0.002794573 0.0019329832 0.001106629 0.00031532476 -0.00044117056 -0.0011631545 -0.001850983 -0.0025050716 -0.0031258969 -0.0037139982 -0.0042699778 -0.0047945028 -0.0052883056 -0.0057521847 -0.0061870057 -0.0065937018 -0.0069732752 -0.0073267985 -0.0076554163 -0.0079603488 -0.008242896 -0.0085044444 -0.0087464772 -0.0089705885 -0.0091785047 -0.0093721149 -0.009553515 -0.0097250723 -0.009889518 -0.010050085 -0.010210709 -0.010376333 -0.010553367 -0.010750398 -0.010979306 -0.011257058 -0.01160865 -0.012072051 -0.012706744 -0.013608894 -0.014939109 -0.016974829 -0.020212374 -0.025571536 -0.034814904 -0.05141008 -0.082223389 -0.14026052 -0.24606887 -0.41571939 -0.62175069
