Interpolating SPI Data/spi_stations/interpolated_spi/12-23_1.tif
NCOLS 257
NROWS 141
XLLCORNER -178.27925
YLLCORNER 5.3153543
DX 0.49934803
DY 0.49997533
NODATA_VALUE -9999
[rows 84 to 111 of 141, columns 64 to 127 of 257]
0.27389313 0.2238327 0.20233558 0.19409303 0.19126264 0.19040733 0.19019016 0.19014859 0.19014396 0.19014297 0.19014103 0.19013908 0.19013819 0.19013884 0.19014129 0.19014578 0.19015273 0.19016285 0.19017728 0.1901978 0.19022731 0.19027061 0.19033598 0.19043847 0.19060702 0.19090107 0.19145207 0.19257664 0.1951121 0.20149365 0.21926746 0.26959026 0.3765838 0.47847112 0.51361112 0.51938022 0.51996118 0.5199985 0.51999996 0.52 0.52 0.52 0.52 0.52 0.52 0.52 0.52 0.52 0.52 0.51999125 0.34051203 0.34 0.34 0.34 0.34 0.34 0.34 0.34 0.34 -0.21999985 -0.22 0.49722837 0.5 0.5
0.21952934 0.20139044 0.19410144 0.19144434 0.19057702 0.19033165 0.19027573 0.19026754 0.19026806 0.19026967 0.19027241 0.19027733 0.19028531 0.19029712 0.1903137 0.19033645 0.19036744 0.19040987 0.19046871 0.1905519 0.19067252 0.19085309 0.19113411 0.19159237 0.19238219 0.19383435 0.19670834 0.20286812 0.21708638 0.2509467 0.32298496 0.42377669 0.49224061 0.51483386 0.51932268 0.51993713 0.51999599 0.51999982 0.51999999 0.52 0.52 0.52 0.52 0.52 0.52 0.52 0.52 0.51999999 0.51998667 0.37643853 0.34000003 0.34 0.34 0.34 0.34 0.34 0.34 0.34 0.34 0.12834429 -0.19118169 0.5 0.5 0.5
0.20077002 0.19421556 0.19169375 0.19081452 0.19054473 0.1904776 0.19046918 0.1904754 0.19048584 0.19049971 0.19051829 0.19054316 0.19057615 0.19061965 0.19067706 0.19075338 0.19085615 0.19099698 0.19119428 0.19147819 0.19189998 0.19255055 0.19359858 0.19537304 0.19854897 0.20457823 0.21667011 0.24167288 0.2911659 0.37061104 0.45232674 0.49926598 0.51539739 0.51922486 0.519901 0.51999057 0.51999931 0.51999994 0.51999998 0.51999999 0.52 0.52 0.52 0.52 0.52 0.52 0.51999991 0.51997281 0.4726934 0.34002008 0.34 0.34 0.34 0.34 0.34 0.34 0.34 0.34 0.34 0.33976641 0.49999859 0.5 0.5 0.5
0.19444973 0.19203566 0.19114599 0.19085682 0.19078361 0.19078087 0.19080009 0.19082835 0.19086423 0.19090962 0.19096742 0.19104137 0.19113649 0.19125993 0.19142205 0.19163834 0.19193245 0.19234153 0.19292572 0.19378573 0.19509636 0.19717289 0.20060588 0.20653872 0.21722296 0.23697336 0.27292674 0.33177488 0.40633192 0.46925686 0.50311636 0.5156176 0.51908986 0.51984893 0.5199801 0.51999782 0.51999972 0.51999992 0.51999996 0.51999998 0.51999999 0.51999999 0.51999999 0.51999999 0.51999997 0.51999926 0.51994265 0.50366673 0.34113717 0.34000012 0.34 0.34 0.34 0.34 0.34 0.34 0.34 0.34 0.34 0.34048208 0.5 0.5 0.5 0.5
0.19249751 0.19160112 0.1912997 0.1912283 0.19124048 0.19128398 0.19134371 0.19141811 0.19151021 0.19162512 0.19176973 0.19195346 0.19218961 0.19249736 0.19290507 0.19345566 0.19421567 0.19529119 0.19685615 0.19920439 0.20284634 0.20868957 0.21836313 0.23472451 0.26230039 0.30626014 0.3668276 0.43114043 0.4795464 0.5053239 0.51563179 0.51891731 0.51977655 0.51996157 0.5199942 0.51999899 0.51999967 0.51999982 0.51999989 0.51999993 0.51999995 0.51999996 0.51999993 0.51999969 0.51999619 0.51988544 0.51119269 0.35293068 0.34001579 0.34 0.34 0.34 0.34 0.34 0.34 0.34 0.34 0.34 0.34 0.4161011 0.5 0.5 0.5 0.5
0.19221231 0.19190852 0.19185012 0.19189042 0.19197406 0.19208439 0.19222022 0.19238661 0.19259201 0.1928481 0.19317092 0.19358296 0.19411645 0.1948185 0.19575948 0.19704684 0.19884837 0.20143213 0.20523545 0.21098317 0.21988192 0.23389958 0.25601237 0.28986138 0.33747167 0.3944308 0.44801041 0.48601315 0.50660144 0.51550599 0.51870521 0.51967907 0.5199311 0.51998648 0.51999698 0.5199989 0.51999938 0.51999959 0.51999971 0.51999977 0.51999976 0.51999957 0.51999827 0.51998619 0.51978816 0.51355648 0.38928937 0.34038254 0.34000083 0.34 0.34 0.34 0.34 0.34 0.34 0.34 0.34 0.34 0.34000032 0.49557472 0.5 0.5 0.5 0.5
0.19272024 0.19268971 0.19277553 0.19292011 0.19310587 0.19333278 0.19360891 0.19394746 0.19436679 0.1948921 0.19555846 0.19641561 0.19753534 0.19902321 0.20103722 0.20381806 0.20773804 0.2133792 0.22165213 0.23395499 0.25231231 0.27925225 0.31683971 0.36425997 0.41520796 0.45953799 0.49019261 0.50730806 0.51527423 0.51845066 0.51955129 0.51988392 0.51997171 0.51999226 0.51999689 0.51999817 0.51999871 0.519999 0.51999911 0.51999896 0.519998 0.51999319 0.51996115 0.51963718 0.51435611 0.43224866 0.34323154 0.34002794 0.34000011 0.34 0.34 0.34 0.34 0.34 0.34 0.34 0.34 0.34 0.34006264 0.49952207 0.5 0.5 0.5 0.5
0.19378759 0.19394052 0.19417154 0.194463 0.19481685 0.1952453 0.19576782 0.19641138 0.19721287 0.19822316 0.19951347 0.20118505 0.20338397 0.20632373 0.21031997 0.21584241 0.22358891 0.23457838 0.25022997 0.27231606 0.3025285 0.34130692 0.38607776 0.43058565 0.4675253 0.49293731 0.50763747 0.51495473 0.51815016 0.5193877 0.5198144 0.51994577 0.51998242 0.51999225 0.51999523 0.51999645 0.51999703 0.5199971 0.5199963 0.51999295 0.5199793 0.51990954 0.51941989 0.51451311 0.4612642 0.35343773 0.34032862 0.34000426 0.34000003 0.34 0.34 0.34 0.34 0.34 0.34 0.34 0.34 0.34000009 0.34251996 0.49987295 0.5 0.5 0.5 0.5
0.19542691 0.19577396 0.19620586 0.19672747 0.19735623 0.19811925 0.19905392 0.20021089 0.20165927 0.20349441 0.2058494 0.20891198 0.21294906 0.21834157 0.22563137 0.23557692 0.24919913 0.26776209 0.29256633 0.32437193 0.36238931 0.40335448 0.44194495 0.47313894 0.49473771 0.50770021 0.51455715 0.5177998 0.51918242 0.51971612 0.51990335 0.51996383 0.51998261 0.51998884 0.51999129 0.51999223 0.51999186 0.51998913 0.51997999 0.51994839 0.51981759 0.51912584 0.51433525 0.47749486 0.37364079 0.34190956 0.34005808 0.34000113 0.34000001 0.34 0.34 0.34 0.34 0.34 0.34 0.34 0.34 0.34000615 0.36873759 0.49993911 0.5 0.5 0.5 0.5
0.19776559 0.1983756 0.19910873 0.19998855 0.2010509 0.20234479 0.20393596 0.20591289 0.20839556 0.21154798 0.21559561 0.22084888 0.2277334 0.23682393 0.24887158 0.26479511 0.28557656 0.3119676 0.34393608 0.37998293 0.41686093 0.45037399 0.47712342 0.49588699 0.50756212 0.51408619 0.51739524 0.51892928 0.51958194 0.51983787 0.51993141 0.51996426 0.51997606 0.51998056 0.51998177 0.51997997 0.51997277 0.51995202 0.51988937 0.51967083 0.51874733 0.51394832 0.48645175 0.39898121 0.3467721 0.34039829 0.34001595 0.34000045 0.34000001 0.34 0.34 0.34 0.34 0.34 0.34 0.34 0.34000018 0.34013913 0.43317681 0.49995758 0.49999999 0.5 0.5 0.49999995
0.20100087 0.20198963 0.20317075 0.20458936 0.20630654 0.20840327 0.2109868 0.2141998 0.21823269 0.2233397 0.22985856 0.23823167 0.24902247 0.26291115 0.28063909 0.30285336 0.32980347 0.36090915 0.39439467 0.42737603 0.45666578 0.4799578 0.4965668 0.50726359 0.51354345 0.51693177 0.51862175 0.51940401 0.51974152 0.51987849 0.51993184 0.5199524 0.51996001 0.5199611 0.519956 0.51994017 0.51989933 0.51978923 0.51945563 0.51827948 0.51341256 0.49154721 0.42231253 0.35671859 0.34168111 0.34011756 0.34000616 0.34000025 0.34000001 0.34 0.34 0.34 0.34 0.34 0.34 0.34000003 0.34000446 0.34144776 0.47416309 0.4999626 0.49999996 0.5 0.49999996 0.49999948
0.20538108 0.20690973 0.20873533 0.21093056 0.21359045 0.21683866 0.22083617 0.22579222 0.23197729 0.23973661 0.24950009 0.26178002 0.27714005 0.29610955 0.31901448 0.34571735 0.37533084 0.40608327 0.43556211 0.46138166 0.48195563 0.49689318 0.50682975 0.51292842 0.51640428 0.51825294 0.51917389 0.51960536 0.51979678 0.51987814 0.51991148 0.51992353 0.5199237 0.51991236 0.51988193 0.51981015 0.51963418 0.51916023 0.51771998 0.51276091 0.49451543 0.4404004 0.37147829 0.34497761 0.34054315 0.34004597 0.34000311 0.34000017 0.34000001 0.34 0.34 0.34 0.34 0.34 0.34000001 0.34000056 0.34005406 0.34826648 0.48875721 0.49996179 0.49999988 0.49999995 0.49999969 0.49999693
0.21118955 0.21346282 0.21617708 0.21943899 0.2233847 0.22818724 0.23406515 0.24129108 0.25019806 0.26117806 0.2746639 0.29108037 0.3107475 0.33372572 0.35962119 0.38742518 0.41551726 0.44194201 0.46491624 0.48332622 0.49694215 0.50627619 0.51223913 0.5158073 0.51781566 0.51888257 0.51941939 0.5196764 0.51979404 0.51984488 0.51986289 0.51986095 0.51983935 0.51978678 0.51967149 0.51941087 0.51877538 0.51706865 0.51201343 0.49623734 0.45338787 0.38860134 0.35127581 0.3417778 0.34022067 0.3400225 0.34000192 0.34000014 0.34000001 0.34 0.34 0.34 0.34 0.34 0.34000016 0.34000648 0.34038621 0.36819693 0.49401133 0.49995721 0.49999965 0.49999969 0.49999835 0.49999414
0.21872093 0.22197837 0.2258595 0.23050795 0.23610162 0.24285825 0.25103928 0.26094894 0.27292333 0.28730144 0.30436842 0.32426267 0.34685019 0.37159449 0.39748614 0.42311332 0.44691455 0.46754795 0.48421203 0.49676451 0.50561229 0.51147256 0.51513501 0.51730242 0.51852065 0.51917279 0.51950614 0.51966864 0.51974219 0.5197679 0.51976228 0.51972559 0.51964219 0.5194701 0.51910727 0.51829442 0.51632689 0.51118346 0.49718193 0.46248153 0.40528428 0.36077964 0.34448148 0.34076161 0.34010833 0.34001317 0.34000139 0.34000013 0.34000001 0.34 0.34 0.34 0.34 0.34000008 0.3400017 0.34004732 0.34183059 0.40088146 0.49620202 0.4999493 0.49999898 0.49999863 0.49999535 0.50006098
0.2282444 0.23273971 0.23806939 0.24440898 0.25196621 0.2609803 0.27171516 0.28444169 0.29940351 0.3167605 0.33650886 0.35838808 0.38180363 0.40581266 0.42921839 0.45077971 0.46947503 0.48471179 0.49639462 0.50484333 0.51062494 0.51438136 0.51670555 0.51807842 0.51885417 0.51927372 0.51948956 0.51959129 0.5196266 0.51961562 0.51955852 0.51943517 0.51919334 0.51871323 0.51771319 0.51549719 0.51028042 0.49761307 0.46883208 0.41981545 0.37266718 0.3492229 0.34204234 0.34038206 0.34006207 0.34000887 0.34000113 0.34000013 0.34000001 0.33999999 0.33999999 0.34 0.34000005 0.34000074 0.34001168 0.34023932 0.34623248 0.4331074 0.49724498 0.49993772 0.49999723 0.49999605 0.50000393 0.50064798
0.23995386 0.24591988 0.25293491 0.26118929 0.27089247 0.28226192 0.29550194 0.31076855 0.32811881 0.34744729 0.3684226 0.39044792 0.41267754 0.43411171 0.45376228 0.4708402 0.48489507 0.49585597 0.5039718 0.509692 0.51354021 0.51601735 0.51754617 0.51845186 0.5189662 0.51924338 0.51937878 0.51942576 0.51940783 0.51932506 0.51915298 0.51882982 0.51822079 0.51702971 0.51458274 0.50931127 0.49768712 0.47328452 0.43167461 0.3855389 0.35617223 0.34449721 0.34105887 0.34021885 0.34004032 0.34000669 0.340001 0.34000013 0.34 0.33999998 0.33999998 0.34000003 0.34000044 0.34000466 0.34005793 0.34090334 0.3560269 0.45596008 0.49778933 0.49992162 0.49999352 0.49999585 0.50011563 0.50328931
0.25391119 0.26151347 0.27034674 0.28058668 0.29240323 0.30593845 0.32127396 0.33838852 0.35711083 0.37707941 0.39772804 0.41831623 0.43801433 0.45603112 0.4717475 0.48481159 0.49516467 0.50299835 0.50866926 0.51260545 0.51523027 0.51691435 0.51795425 0.51857045 0.51891617 0.51909055 0.51915145 0.51912533 0.51901219 0.51878367 0.51836977 0.51762418 0.51624375 0.51358705 0.50828125 0.49750107 0.47641226 0.44102643 0.39808464 0.36497848 0.34846554 0.34242741 0.34061444 0.34013998 0.34002899 0.34000549 0.34000094 0.34000012 0.33999998 0.33999996 0.34 0.3400003 0.34000255 0.34002182 0.3402211 0.34268643 0.37226061 0.47000639 0.4980867 0.49989987 0.4999891 0.50002715 0.50066876 0.51075261
0.26999633 0.27928512 0.2899124 0.30200319 0.31564532 0.33086109 0.34757385 0.36557475 0.38449975 0.40382983 0.42292573 0.44109996 0.4577138 0.47227369 0.4844974 0.49433181 0.50192247 0.5075522 0.5115712 0.5143371 0.51617386 0.51735021 0.51807362 0.51849404 0.51871234 0.51878963 0.51875469 0.51860751 0.51831652 0.51780526 0.51691963 0.51535646 0.51251374 0.50719431 0.49711742 0.47859692 0.44828134 0.40945822 0.37491493 0.3540439 0.3447802 0.3414393 0.34039252 0.34009809 0.34002261 0.3400048 0.3400009 0.34000009 0.33999994 0.33999995 0.3400002 0.3400017 0.34001118 0.34008079 0.34068136 0.34654311 0.39279277 0.47839257 0.49824693 0.49987263 0.4999963 0.50019723 0.5024783 0.52434715
0.28788194 0.29875813 0.31097185 0.3245662 0.33951895 0.35571728 0.3729356 0.39082426 0.40891767 0.42666817 0.44350491 0.45890751 0.47247614 0.48397899 0.49336507 0.500743 0.50633651 0.51043201 0.51333123 0.51531635 0.51662936 0.51746358 0.51796368 0.5182304 0.51832673 0.51828314 0.51809964 0.5177423 0.51713016 0.51610514 0.51436992 0.51136629 0.50605348 0.49657779 0.4800937 0.4538694 0.41929254 0.38516345 0.36103325 0.34832023 0.34291308 0.34092703 0.34027193 0.34007408 0.34001879 0.34000438 0.34000085 0.34000003 0.33999989 0.34000009 0.34000124 0.34000704 0.34003947 0.34024684 0.34175818 0.3534207 0.41355037 0.48349947 0.49832388 0.49984619 0.50006005 0.50077728 0.50680929 0.54070187
0.30704817 0.31925797 0.332683 0.34726949 0.36288352 0.3792971 0.39618431 0.4131331 0.4296758 0.44533649 0.45968693 0.47239834 0.48327614 0.49226986 0.49945852 0.5050183 0.50918304 0.51220679 0.51433442 0.51578244 0.51672933 0.51731287 0.51763195 0.51775018 0.51769902 0.51747856 0.5170534 0.51634011 0.51518015 0.51328686 0.51014797 0.50486102 0.49591061 0.48107564 0.45815802 0.4275477 0.39504801 0.36900588 0.35308737 0.34523191 0.34190416 0.34064129 0.34020164 0.34005945 0.34001638 0.34000409 0.34000076 0.33999994 0.33999997 0.34000091 0.34000503 0.34002368 0.3401171 0.34064259 0.34390463 0.36369787 0.43143771 0.48671845 0.4983501 0.49984365 0.50029344 0.5022698 0.51462244 0.55491263
0.32684095 0.3400052 0.35415551 0.36914802 0.38476153 0.40069814 0.41659611 0.43205622 0.44667954 0.46011012 0.47207373 0.48240393 0.49105013 0.49806763 0.50359422 0.50782023 0.5109589 0.51322184 0.51480157 0.51586135 0.51653086 0.51690569 0.51704884 0.51699215 0.51673582 0.51624384 0.51543226 0.51414519 0.51211032 0.50886173 0.50361855 0.49513575 0.4816622 0.46143671 0.43435319 0.40413083 0.37744182 0.35893956 0.34851267 0.34348671 0.34132452 0.34047153 0.34015818 0.34005005 0.34001476 0.34000382 0.34000063 0.33999995 0.34000061 0.34000384 0.34001631 0.34006768 0.34030041 0.34146116 0.3476206 0.37677787 0.4454336 0.48882156 0.49835595 0.49992197 0.50091495 0.50534142 0.52541698 0.56507221
0.34656085 0.36023159 0.37458928 0.38942496 0.40446979 0.41940759 0.43389704 0.44760167 0.46022271 0.47152842 0.48137413 0.48970894 0.49656925 0.50206167 0.50634041 0.50958378 0.51197375 0.51368041 0.51485183 0.51560867 0.51604204 0.51621331 0.51615407 0.51586463 0.51530924 0.51440512 0.51300165 0.51084349 0.50751014 0.50232724 0.49426732 0.48193741 0.46392582 0.4399013 0.41219771 0.3858585 0.36559305 0.35275708 0.34580242 0.34245094 0.34097262 0.34036505 0.34012994 0.3400437 0.34001356 0.34000354 0.34000056 0.34000044 0.34000297 0.34001225 0.34004502 0.34016927 0.34068156 0.34295906 0.3532863 0.39126413 0.45587082 0.49024766 0.4983848 0.50019128 0.5022561 0.51052192 0.53720289 0.57174307
0.36555771 0.37928413 0.39337495 0.40758955 0.42165205 0.43526982 0.44815722 0.46006107 0.47078324 0.48019621 0.48824895 0.49496273 0.50041886 0.50474143 0.50807883 0.51058671 0.51241432 0.51369483 0.5145393 0.51503345 0.51523613 0.51517813 0.51485995 0.51424673 0.51325836 0.51175151 0.50948948 0.50609541 0.50098781 0.49331548 0.48196145 0.46579097 0.44438994 0.41919565 0.39388698 0.37269685 0.35784869 0.34891191 0.34413672 0.34180682 0.34074831 0.34029505 0.34011072 0.34003916 0.3400126 0.34000333 0.34000091 0.34000239 0.34000965 0.34003295 0.34010947 0.34037825 0.34139178 0.34541958 0.36098199 0.40560786 0.46352836 0.49126593 0.49850654 0.50082578 0.50469989 0.5177868 0.54793319 0.57603698
0.38330499 0.39668985 0.41013518 0.42340029 0.43623335 0.44839028 0.45965461 0.46985511 0.47887811 0.48667266 0.49324803 0.49866488 0.50302223 0.50644275 0.50905879 0.51100041 0.51238637 0.51331783 0.51387445 0.51411187 0.51405966 0.51371843 0.51305484 0.51199258 0.51039711 0.50805128 0.50461936 0.49960067 0.49228762 0.48177813 0.46715636 0.44799756 0.42516795 0.40129114 0.37990691 0.36358099 0.35279241 0.34646033 0.34307331 0.34138874 0.34059905 0.34024707 0.34009706 0.34003575 0.34001183 0.3400035 0.34000254 0.3400079 0.34002566 0.34007815 0.34023963 0.34076752 0.34259427 0.34908848 0.37040221 0.41868237 0.46916777 0.49206494 0.49882656 0.50205155 0.50853651 0.52640779 0.55659933 0.57882893
0.39943894 0.41217343 0.42471174 0.43683626 0.44833705 0.45902747 0.46875812 0.47742673 0.48498268 0.49142575 0.49679977 0.50118279 0.50467548 0.50738956 0.50943755 0.51092442 0.51194142 0.5125617 0.51283718 0.51279581 0.51243835 0.51173335 0.51060918 0.50894108 0.50653164 0.50308343 0.49816591 0.49118912 0.48141986 0.46811557 0.45087531 0.43020536 0.40795048 0.38693654 0.36970238 0.3573419 0.34944496 0.34485069 0.34236916 0.3411067 0.34049583 0.34021288 0.34008694 0.34003311 0.34001151 0.3400048 0.3400072 0.34002089 0.34005975 0.34016751 0.34047969 0.34143252 0.34446451 0.35409997 0.38093169 0.42995783 0.47340036 0.49280081 0.49948489 0.50410022 0.51379405 0.53529264 0.5631452 0.58068081
0.41376154 0.42563652 0.43711912 0.4480276 0.45819983 0.46750433 0.47584834 0.48318186 0.48949719 0.49482446 0.4992242 0.50277821 0.50558005 0.50772626 0.50930883 0.51040924 0.51109392 0.51141068 0.5113856 0.51101952 0.51028321 0.50911024 0.5073862 0.50493311 0.50148876 0.49668342 0.4900239 0.48091093 0.46873959 0.45314722 0.43441516 0.41382919 0.39357773 0.37596086 0.36240005 0.35305289 0.34718175 0.34376153 0.34188678 0.34090964 0.34042188 0.34018762 0.3400792 0.34003126 0.34001227 0.34000876 0.34001808 0.34004798 0.34012576 0.34032993 0.34088878 0.3424851 0.34716002 0.36042302 0.39184126 0.4393744 0.47669057 0.49362101 0.50064033 0.50713366 0.5201636 0.54350694 0.56794109 0.58193312
0.42621711 0.43711606 0.44748728 0.45718887 0.46610427 0.47414882 0.48127337 0.48746438 0.49274081 0.49714857 0.50075331 0.50363264 0.50586865 0.50754121 0.50872236 0.50947173 0.50983285 0.5098297 0.50946314 0.50870633 0.50749838 0.50573535 0.503258 0.49983623 0.4951529 0.48879485 0.48026981 0.46908272 0.45491344 0.43790404 0.41894563 0.39969983 0.38213657 0.36777738 0.35719231 0.35006493 0.34561476 0.34300271 0.34154577 0.34076746 0.34036715 0.34016837 0.34007332 0.34003067 0.34001543 0.34001805 0.34004044 0.34009948 0.34024383 0.3406044 0.34153917 0.34404159 0.35078637 0.36785485 0.40248907 0.44713713 0.47939312 0.49467064 0.50243857 0.51116918 0.52709395 0.5505456 0.57142299 0.58279089
0.43685612 0.44673767 0.45600946 0.46456742 0.47233389 0.47926076 0.48532999 0.49055149 0.49495895 0.49860421 0.50155093 0.50386823 0.50562476 0.50688354 0.50769754 0.50810586 0.5081303 0.50777166 0.50700554 0.50577667 0.50399148 0.50150845 0.49812649 0.49357392 0.48750401 0.47951065 0.46918693 0.4562543 0.44076979 0.42334848 0.40523625 0.38805833 0.37328355 0.36173333 0.35345406 0.3479461 0.34450305 0.3424592 0.34129759 0.3406618 0.34032546 0.34015347 0.34006939 0.34003242 0.34002327 0.34003696 0.34008226 0.34019015 0.34044111 0.3410395 0.34251127 0.34620667 0.35537017 0.37606692 0.41243735 0.45355756 0.48178651 0.49608504 0.50497145 0.5160479 0.53399432 0.55629203 0.57395458 0.58337909
