Interpolating SPI Data/spi_stations/interpolated_spi/12-23_3.tif
NCOLS 257
NROWS 141
XLLCORNER -178.27925
YLLCORNER 5.3153543
DX 0.49934803
DY 0.49997533
NODATA_VALUE -9999
[rows 54 to 80 of 141, columns 186 to 247 of 257]
-1.59 0.99 0.99 0.98999731 -0.97 -0.97 -0.17000016 -0.17 -0.17 -0.16279044 1.77 1.77 1.64 1.64 1.09 1.09 1.09 1.09 1.0411489 1.03 1.03 1.03 1.03 0.97771369 0.93 0.93 0.37431977 0.37 -1.31 -0.82999999 -0.79000366 -0.79 -0.79001037 -1.64 -1.64 -1.1620374 -1.9670465 -1.99 -0.59000001 -1.09 -1.09 0.2 0.15 0.15 0.15000006 1.44 1.44 1.44 1.44 1.44 0.18 0.18000002 1.15 1.15 1.1500002 2.7394735 0.76 1.61 0.94740508 0.9 -1.25 -1.25
-1.59 -0.82006203 -0.79807048 0.62723249 -0.96999999 -0.4915801 -0.17 -0.17 -0.17 1.77 1.77 1.7699999 1.64 1.64 1.09 1.09 1.09 1.09 1.0304541 1.03 1.03 1.03 1.03 1.0300029 1.67 1.67 0.37 0.36999962 -0.83000241 -0.83 -0.78999016 -0.79 -0.78999999 -1.64 -1.64 -0.88839558 -0.59 -0.59 -0.59 -1.09 -1.09 -0.52 -0.52 0.14997368 0.14924507 -0.54 -0.54 -0.54 -0.54 -0.53998311 0.18 0.18 0.18 1.15 1.1500017 0.76000002 0.76 0.76000004 1.6099192 0.90000034 -1.2497408 -1.1962209
-0.81994236 -0.82 -0.82 -0.82 -0.69628499 0.39880579 -0.16994719 -0.17 0.19794859 1.4502199 1.45 1.45 1.5832069 1.64 1.09 1.09 1.09 1.0899999 0.24 1.03 1.03 1.03 1.03 1.0930761 1.67 1.67 1.67 -0.36 -0.36 2.23 -0.41 -0.69 -0.69 -0.23 -0.23 -0.23 -0.58975385 -0.59 -0.59 -0.22 -0.58999887 -0.59 -1.8052436 -1.98 -1.98 -0.54 -0.54 -0.54 -0.54 1.1299997 0.20356906 0.18 0.18 0.18 2.28 2.28 2.28 0.76623764 -0.41 -0.41 -0.41 -0.41000005
-0.8198774 -0.82 -0.82 -0.82 0.43996354 0.40000343 0.4 0.36369531 0.23 0.23 1.4498635 0.14814311 -0.51 -0.51 -0.50436707 1.0705624 -1.1099931 0.23999995 0.24 0.24 1.030008 1.08 1.08 1.08 1.67 1.67 0.7962518 0.77 -0.07 0.27 -0.41 -0.41 -0.68988451 -0.23 -0.23 -0.05 -0.05 -0.53 -0.53 -0.85 -0.85 -0.016912029 -1.98 -1.98 -0.61999926 0.42 -0.53999917 -0.54 -0.54 1.13 1.13 0.18013873 0.18 0.18 2.28 2.28 2.28 2.2799999 -0.41 -0.41 -0.41 -0.41
0.037092016 -0.82 -0.82 -0.82 0.44 0.43994491 0.4 0.40000006 0.23 0.23 0.23 0.22 -0.51 -0.51 -0.94539436 -1.11 -1.11 0.23999996 0.24 0.24 0.20000684 0.2 1.08 1.08 2.09 2.09 0.01 0.76999962 -0.020000562 -0.7 -0.69998624 0.54999903 0.55 0.39547142 -0.05 -0.05 -0.050000012 -0.12763584 -0.53 -0.53 -0.01 -0.01 -1.15 -1.15 -0.62 0.42 0.24 0.24 1.0932391 1.13 1.13 2.41 2.41 0.18087976 2.28 2.28 2.28 -0.35173303 -0.41 -0.41 -0.41 -0.41
0.04 -0.82 -0.82 -0.81999839 0.44 0.44 0.4 1.64 1.64 0.23 -0.85965199 0.22 0.22 -0.85999998 -0.86 -1.11 -0.131118 -0.06000043 0.24 1.1 1.0999947 0.2 0.2 1.55 1.55 0.66022956 0.01 -0.3199996 -0.32 -0.7 -0.7 0.55 0.55 0.55 -0.05 -0.050000003 -0.39 -0.01 -0.21999245 -3.1280539e-25 -0.00061001265 -0.01 -0.78 -1.1499999 0.06 0.62 0.24 2.3899163 2.04 1.29 2.41 2.41 2.41 2.41 2.2800016 2.28 2.28 -0.40999892 -0.41 -0.41 -0.41 -0.41
0.039997069 -0.22000015 -0.22 -0.21705036 0.44 0.44 0.44000001 0.7 1.6399796 -0.86 -0.86 -0.86000593 -1.32 -0.86 -0.86 -0.06658355 -0.06 -0.76 -0.11 0.11 -0.31 -0.30996518 0.92 1.98 1.6199921 0.66 0.020000597 0.02 -0.32 -0.69999996 -0.67919971 0.55 0.55 0.55 0.56 0.56 0.56 -0.21991437 -0.18 -3.7279103e-16 -1 -1 -0.78000444 -0.18 -0.17988325 0.62 1.93 2.39 2.04 1.8131889 1.3289457 2.41 2.41 2.41 2.4099841 2.28 2.2779645 -0.40999995 -0.41 -0.41 -0.41 -0.41
-0.1 -0.22 -0.22 -0.22 0.44 0.44 0.7 0.7 0.07 -0.21036327 -0.86 -1.32 -1.32 -0.8 -0.42 -0.42 -0.76 -0.76 -0.37 -0.41 -0.31 -0.21 0.92000178 1.72 1.6198699 1.6 0.02 0.02 0.02000026 0.3042619 0.83 0.83 0.83 0.83 0.56 0.56 0.56 0.41 0.41 -0.26 -0.71 -0.66 -0.31 -0.16 0.62 0.65762813 1.25 2.0145095 2.1 2.1 2.0999997 2.4099905 2.41 2.41 2.41 2.3039105 0.88598231 -0.40999995 -0.41 -0.41 -0.41 -0.41
-0.1 -0.22 -0.22 -0.22 -0.06 0.39001287 0.39 0.39 0.07 -0.29 0.48 0.052330802 1.02 0.2314838 0.19 -0.46001361 -0.98 -0.61 -0.7 -0.93 0.71 -0.20999943 1.3499146 1.35 1.3910288 0.63 0.63 0.48 0.48 0.48 0.58001089 0.82999732 0.83 0.83 0.58847717 0.55999942 0.14 0.14 -0.72 -0.79 -0.79 -0.69749709 -0.15 -0.61 -0.4817409 1.25 1.25 1.25 2.1 2.1 2.1 2.1001206 2.4098239 2.4099978 2.409999 2.4098972 -0.35273583 -0.40999987 -0.41 -0.41 -0.41 -0.41
-0.51 -0.51 -0.22000085 -0.06 -0.06 -0.059975704 1.0850733 0.39 0.14 -0.38 0.3099998 -0.58 0.23 0.43 -0.78 -0.46 -0.37111147 -0.35 -0.53666838 -0.92974654 1.1 1.1 1.35 1.35 0.91 0.63 0.63 0.48 0.48 0.48 0.58 0.58 0.58 0.58000005 0.6296321 0.14000375 0.13999862 -0.72 -0.92999979 -0.93 -0.79 -0.15 -0.15 -0.60999986 -0.60997488 1.25 1.25 1.25 2.0960127 2.1 2.1 2.0999994 2.1237052 2.4079716 2.4099134 2.409962 -0.3729782 -0.40999953 -0.41 -0.41 -0.41 -0.41
-0.51 -0.51 -0.34702541 -0.06 -0.06 -0.73999657 1.1 1.1 0.14 -0.55000312 0.93 -0.39 -0.42 -0.21 -0.77999998 -0.43111575 -0.37 -0.37 -0.35 0.86 1.0998583 1.1 1.1 0.91001047 0.91 0.44 0.05 0.05 0.05 0.1245171 0.58 0.58 0.58 0.58 0.58000005 0.13137389 -0.75547049 -0.93 -0.93 -0.39 -0.39 -0.15 -0.15 -0.28101911 -0.60958845 1.1945253 1.25 1.25 1.2536932 2.0999986 2.1 2.0999996 2.1000902 2.2006577 2.4021629 2.4091376 0.26147547 -0.40999807 -0.41 -0.41 -0.41 -0.41
-0.49784074 -0.49799407 -0.27442243 -0.063027759 -0.062926876 -0.74 -0.74 -0.23 -0.05 0.16 -0.34 -0.020000012 -0.40616885 -0.39341542 -0.21 -0.020032909 -0.02 -0.02 0.82865649 0.86 0.86 0.86 0.79663552 0.59533836 0.44 0.44 0.05 0.05 0.05 0.049999762 0.57999933 0.58 0.58 0.58 0.58 -0.91097996 -0.92999471 -0.93 -0.92186773 -0.39 -0.39 -0.38827781 -0.15 -0.1500001 -0.60758894 -0.11977627 1.2499995 1.25 1.2501172 2.0885901 2.0999988 2.0999993 2.0999824 2.1038004 2.2525616 2.3921393 1.7285301 -0.40995879 -0.40999999 -0.41 -0.41 -0.41
0.18 0.18 0.031256513 -0.23 -0.23 -0.29 -0.39 -0.28 -0.05 -0.030577274 -0.51999999 -0.25621599 -0.21000533 -0.56 -0.41 -0.032337754 -0.02 -0.02 0.60830435 0.62 0.62 0.71423598 0.71 0.71 0.46 0.46 0.03 0.03 -0.74 -0.74 -0.74 -0.7152759 0.58 0.58 0.57999998 -0.92979885 -0.92999931 -0.92946268 -0.39000703 -0.39 -0.39 -0.39 -0.15460106 -0.15000017 -0.21771463 -0.45985672 1.2494593 1.2499998 1.2500493 1.6112492 2.0993169 2.0999939 2.0999735 2.1002214 2.1207731 2.2745494 2.2145842 -0.40868048 -0.40999978 -0.41 -0.41 -0.41000001
0.18 0.18 -0.22010146 -0.23000442 -0.51 -0.96 -0.46 -0.33344146 -0.2798383 -0.10053225 -0.77999462 -0.78 -0.78 -0.41 -0.41 -0.41 -0.019999974 0.43 0.43 0.62 0.62 0.62 0.71 0.71 0.46 0.46523893 0.03 0.030000387 -0.74 -0.74 -0.74 -0.74 -0.73998729 0.57642039 0.57998488 -0.92990921 -0.92831525 -0.50753201 -0.39000166 -0.39 -0.39 -0.39 -0.38769054 -0.15235715 -0.15092149 -0.47542991 1.2288375 1.2499463 1.2500522 1.3035939 2.0675781 2.0996327 2.099945 2.0998777 2.103089 2.1484593 2.2410067 -0.39004122 -0.40999359 -0.40999998 -0.41 -0.41000005
-0.51 -0.53851281 -0.58 -0.58 -0.54295085 -0.46000013 -0.46 -0.51 -0.51 -0.51 -0.78 -0.78 -0.78 -0.32 -0.32 -0.33794592 0.3290979 0.43 0.43 0.82 0.82 0.81 0.71 0.5 0.5 0.47 0.47 0.21 -0.74 -0.74 -0.74 -0.74 -0.74 -0.73999503 -0.25500506 -0.92534031 -0.80200881 -0.39640193 -0.39000423 -0.39 -0.39 -0.38999999 -0.38990189 -0.30531998 -0.15349473 -0.22667344 1.088794 1.2483775 1.2500333 1.2659795 1.8344498 2.0921835 2.0995324 2.0997254 2.1002835 2.1118956 2.1653542 -0.2303009 -0.40985775 -0.40999962 -0.41 -0.4100003
-0.51 -0.53630168 -0.58 -0.58 -0.23 -0.23 -0.48 -0.51 -0.51 -0.50988368 -0.34000357 -0.78 -0.78 -0.32 -0.32 -0.32 0.02 0.02 0.56000001 0.82 0.81999261 0.81 0.80999656 0.33 0.56990084 0.57 0.56996422 0.21 0.20999502 -0.74 -0.74 -0.74 -0.74 -0.74 -0.73998759 -0.85743151 -0.50550786 -0.39208669 -0.39001448 -0.39000012 -0.39 -0.38999993 -0.38996377 -0.38186602 -0.2220798 -0.16616667 0.70195629 1.2347946 1.2493849 1.258406 1.5209662 2.0382408 2.0953691 2.0991019 2.0994092 2.1028197 2.123425 0.51654041 -0.40801503 -0.40999303 -0.40999996 -0.41000123
-1.1 -0.94 -0.94 -0.94 -0.48 -0.48 -0.48 -0.44603782 -0.21 -0.21 -0.34 -0.34 -0.34 -0.33 -0.33 -0.22999048 0.02 0.02 0.55999998 0.56 0.81 0.81 0.5042369 0.33 0.33 0.57 0.57 0.21 0.20999948 -0.73744255 -0.73999989 -0.73999999 -0.73999999 -0.73999997 -0.73999989 -0.71290205 -0.42687946 -0.39154371 -0.39004445 -0.39000152 -0.3900001 -0.38999965 -0.38996763 -0.38795096 -0.33761688 -0.19928303 0.13069707 1.1766258 1.2447372 1.2555776 1.3754397 1.8802237 2.0732693 2.0955997 2.0982801 2.0997032 2.1076625 1.5336662 -0.39068249 -0.40989966 -0.40999899 -0.41000405
-1.1 -0.94008883 -0.94 -0.93995137 -0.48 -0.48 -0.12405093 -0.06 -0.055878862 -0.03 -0.34 -0.34 -0.76999997 -0.33 -0.33 -0.23 -0.23 -0.22861226 0.53 0.53 0.51 0.51 0.38 0.38 0.33 0.3300294 0.5699999 0.21349482 0.20999644 -0.073884688 -0.73931973 -0.73998999 -0.73999809 -0.73999859 -0.73999801 -0.73934076 -0.40931688 -0.39161765 -0.3901154 -0.39000958 -0.39000117 -0.38999884 -0.38995865 -0.38895866 -0.37310555 -0.28356847 -0.12738351 0.98954533 1.225997 1.2517675 1.3203599 1.6746663 2.0066431 2.081932 2.0946623 2.0973809 2.1010457 1.9396063 -0.27932507 -0.40896272 -0.40998551 -0.41001075
-1.1 -0.81 -0.81 -0.81 -0.4810308 -0.48286124 -0.06 -0.06 -0.03 -0.03 -0.79999968 -0.77 -0.77 -0.47 -0.28 -0.28 0.10999977 0.11 0.53 0.53 0.51 0.51 0.38 0.38 0.38 0.37999492 0.46957314 0.46043766 0.21000543 0.17632738 -0.67802151 -0.73877177 -0.73987298 -0.73995719 -0.73997033 -0.73994137 -0.40542617 -0.391962 -0.39025693 -0.39003802 -0.39000718 -0.38999771 -0.38994003 -0.38921664 -0.3820355 -0.3400764 -0.23358977 0.55900257 1.168995 1.2410317 1.2949746 1.5215446 1.8860021 2.0453997 2.0839502 2.0931017 2.0967217 2.0442424 0.14226834 -0.40222965 -0.40985585 -0.41002165
-1.38 -0.81000002 -0.81 -0.78437667 -0.58 -0.58 -0.06 -0.06 -0.7986893 -0.8 -0.8 -0.77 -0.47 -0.47 -0.46 -0.28 0.30998839 0.31 0.56 0.55996885 0.46 0.51 0.38 0.38 0.38 0.38 0.3799994 0.40346013 0.21411243 0.19563055 -0.31802974 -0.71457531 -0.73736789 -0.73935388 -0.73970011 -0.73978343 -0.47997859 -0.39251779 -0.39050354 -0.39011089 -0.39002851 -0.38999901 -0.38991184 -0.38926907 -0.38494754 -0.36361216 -0.29906655 0.08962717 1.0168134 1.2124664 1.276229 1.4301217 1.7443301 1.9762027 2.0591235 2.0834191 2.0912471 2.0715558 0.89251638 -0.36742256 -0.40894768 -0.41001467
-1.38 -0.99 -0.99 -0.58 -0.58 -0.58 -1.24 -1.24 -0.8469262 -0.89999716 -0.9 -0.89999995 -0.47000001 -0.46000005 -0.46 -0.27309048 0.27 0.31 0.38 0.46 0.46 0.45999999 0.38000002 0.38 0.38 0.38 0.38 0.37999972 0.34604809 0.19958854 -0.026749925 -0.5877076 -0.7180873 -0.73484181 -0.73800619 -0.73887146 -0.69486102 -0.39337896 -0.3908902 -0.39026046 -0.390084 -0.3900108 -0.38987673 -0.38923618 -0.38609701 -0.3733809 -0.33504493 -0.16246543 0.69525814 1.1435656 1.2512524 1.3735996 1.6207156 1.8795519 2.0139741 2.0639426 2.0816351 2.0767094 1.5003323 -0.23919781 -0.40418447 -0.40983561
-0.99 -0.99 -0.99 -1.47 -1.47 -1.24 -1.24 -1.24 -1.24 -0.9 -0.9 -0.51 -0.51 -0.45999142 -0.45999999 0.27 0.27 0.27001726 0.37380858 0.22 0.22 0.22000723 0.23757144 0.37999997 0.38 0.38 0.38 0.37999994 0.37999443 0.26264083 0.080021612 -0.36206157 -0.64898204 -0.71572484 -0.73099086 -0.73545159 -0.7317445 -0.3976813 -0.39144932 -0.39052257 -0.3902001 -0.39004814 -0.38984277 -0.38915996 -0.38658188 -0.37788843 -0.35354541 -0.26732626 0.28030564 0.99243738 1.2060614 1.3296621 1.5264734 1.7737172 1.9480293 2.030778 2.0648044 2.0718025 1.803211 0.082064827 -0.38502718 -0.40877777
-1.57 -0.99 -1.469999 -1.47 -1.47 -1.4699998 -0.98 -0.98 -0.98 -0.89918442 -0.51 -0.51 -0.24 0.049999991 0.05 0.05 0.17 0.17 0.22 0.22 0.22 0.22 0.22000426 0.22118471 0.37998351 0.38 0.38 0.37999999 0.37999956 0.37901008 0.16377577 -0.17221226 -0.51787621 -0.66557726 -0.7108554 -0.72575575 -0.73041154 -0.43950432 -0.39224786 -0.39093145 -0.39040746 -0.39013277 -0.38982474 -0.38906561 -0.38676825 -0.38017475 -0.3633482 -0.3133359 -0.024233806 0.72346842 1.1190842 1.2817157 1.4535886 1.6748282 1.8679395 1.9826558 2.0381628 2.058811 1.9305859 0.5930083 -0.32495917 -0.40439645
-1.57 -0.99784487 -1.47 -1.47 -1.47 -1.4687653 -0.98 -0.99 -0.99 -0.97996106 -0.24002601 -0.24 -0.24 0.049841178 0.05 0.05 0.17 0.17 0.17 0.22 0.22 0.22 0.22000017 0.2200282 0.22915236 0.37968268 0.37999881 0.37999995 0.37999979 0.37998154 0.36657016 -0.01695072 -0.3654193 -0.578056 -0.6689048 -0.70438283 -0.7188777 -0.57517045 -0.39394922 -0.391518 -0.39073674 -0.39029074 -0.38984343 -0.38897652 -0.38681079 -0.38141198 -0.36885407 -0.33612436 -0.18340871 0.38926716 0.9626081 1.213463 1.3888126 1.5881499 1.7830859 1.9218896 2.0005448 2.0373653 1.9791338 1.1067051 -0.17820591 -0.39006683
-1.84 -1.3000014 -1.3 -1.3 -1.462732 -0.911764 -0.99 -0.99 -0.33 -0.33 0.18986942 -0.01 -0.01 -0.01 0.05 0.13003642 0.17 0.17 0.17 0.17 0.21999267 0.22 0.22000012 0.22000691 0.22013795 0.25132905 0.37831105 0.37996852 0.37999754 0.37999733 0.37945713 0.29979835 -0.2011714 -0.46671122 -0.60255333 -0.66673681 -0.69658966 -0.66542957 -0.40149828 -0.39233995 -0.39121536 -0.39054922 -0.38992359 -0.38891781 -0.38679211 -0.38211233 -0.37212937 -0.34867019 -0.26036797 0.1076555 0.72768131 1.1063792 1.3182567 1.5100637 1.6999782 1.8530698 1.9526781 2.0070817 1.9902639 1.4712398 0.095495021 -0.3516007
-1.84 -1.3000003 -1.3 -1.3 -0.91170981 -0.91 -0.90999694 -0.33 -0.33 0.18999993 0.19 -0.01 -0.01 -0.01 0.073783666 0.13 0.13 0.13 0.13003368 0.15689625 0.16786235 0.21958365 0.22000013 0.22000527 0.2200609 0.22065862 0.27371398 0.37531426 0.37975685 0.37996871 0.3799366 0.37375405 0.14401777 -0.32709303 -0.51693952 -0.61201305 -0.66164178 -0.67432444 -0.43294636 -0.39371676 -0.39186968 -0.39093359 -0.39009119 -0.388916 -0.38676664 -0.38253055 -0.37418188 -0.35616468 -0.2995249 -0.074091179 0.45587177 0.94577238 1.2277059 1.432434 1.6199922 1.7805159 1.8967093 1.9683233 1.9805129 1.6826923 0.47638362 -0.26566301
-1.84 -1.3006745 -1.3 -1.3 -0.91 -0.91 -0.91 -0.33 -0.072204047 0.19 0.19 0.19 -0.01 0.41324467 0.06 0.06 0.060556643 0.13 0.13 0.1300006 0.1302816 0.13512789 0.21188224 0.21998161 0.22004834 0.22026371 0.22290583 0.28912919 0.37094551 0.37905563 0.37981389 0.37913298 0.34415575 -0.035633383 -0.40182025 -0.54184909 -0.61400056 -0.6501356 -0.50213673 -0.39717024 -0.39275517 -0.39146632 -0.39037087 -0.38899736 -0.3867759 -0.38280991 -0.37553774 -0.36093873 -0.32119288 -0.17913265 0.213597 0.73621839 1.1045034 1.3453117 1.5401408 1.706358 1.8350508 1.9221628 1.9570636 1.7915211 0.87467474 -0.10610603
