Interpolating SPI Data/spi_stations/interpolated_spi/12-21_2.tif
NCOLS 257
NROWS 141
XLLCORNER -178.27925
YLLCORNER 5.3153543
DX 0.49934803
DY 0.49997533
NODATA_VALUE -9999
[rows 84 to 111 of 141, columns 126 to 188 of 257]
0.09 0.09 0.09 0.09 0.090001086 0.37 0.37 0.37 0.25 0.25 0.25 0.25 -0.6499999 -0.65 -0.65 -0.65 -1.33 -1.33 -1.33 -1.41 -1.4096621 -1.39 -1.39 -1.39 -1.39 -1.83 -1.83 -1.83 -1.43 -1.43 -1.43 -1.43 -1.747798 -1.81 -1.160074 -1.31 -1.31 -1.31 -1.31 -1.02 -1.02 -0.9 -0.9 -0.9 -0.97 -0.97 -1.57 -1.57 -1.57 -2.17 -2.1699077 -2.0695993 -1.78 -1.78 -1.18 -1.18 -1.18 -0.32000032 -0.32 -0.32 -0.68999997 -0.69 -0.73
0.09 0.09 0.09 0.09 0.090000904 0.37 0.37 0.37 0.25 0.25 0.24998051 -0.18894047 -0.30838637 -0.65 -0.65 -0.38064081 -1.33 -1.33 -1.33 -1.4099954 -1.39 -1.39 -1.39 -1.39 -1.39 -1.83 -1.83 -1.8298594 -1.43 -1.43 -1.43 -1.43 -1.43 -1.16 -1.16 -1.16 -1.16 -1.1697547 -1.3098879 -0.99027422 -0.99012407 -0.90002019 -0.91841341 -1.2199999 -0.97 -0.97000002 -1.5700049 -1.57 -2.17 -2.17 -2.07 -2.07 -1.78 -1.78 -1.7658939 -1.18 -1.18 -0.32638799 -0.35 -0.35 -0.69 -0.69 -0.69
0.09 0.09 0.09 0.09 0.09006452 0.37 0.37 0.37 -0.19 -0.19 -0.19 -0.19 -0.19 -0.3800019 -0.38 -0.38 -0.38 -0.38 -1.3168992 -1.3300445 -1.39 -1.39 -1.39 -1.39 -1.39 -1.7650762 -1.8299995 -1.4300059 -1.43 -1.43 -1.43 -1.43 -1.3228142 -1.16 -1.16 -1.16 -1.16 -1.16 -0.99 -0.99 -0.99 -0.99036324 -1.22 -1.22 -1.65 -1.65 -2.1192151 -2.12 -2.12 -2.17 -2.07 -2.07 -2.0699999 -1.78 -1.7790895 -1.18 -1.18 -1.18 -0.35 -0.35 -0.69 -0.69 -0.68999997
0.09 0.09 0.09 0.09 0.091920249 0.37 0.37 0.04895016 -0.19 -0.19 -0.19 -0.19 -0.19 -0.38 -0.38 -0.38 -0.38 -0.38 -0.38 -0.38010323 -1.3899998 -1.3894623 -1.1400822 -1.14 -1.14 -1.14 -1.140018 -1.4298652 -1.4299714 -1.4299834 -1.4298954 -1.4267859 -1.16 -1.16 -1.16 -1.16 -1.16 -1.16 -0.99 -0.99 -0.99 -0.99 -1.22 -1.22 -1.65 -1.65 -1.6507505 -2.12 -2.17 -2.17 -2.61 -2.61 -2.19 -2.19 -2.1899998 -1.18 -1.18 -1.8318858 -1.8799994 -0.35 -0.9899949 -0.99 -0.99
0.09 0.09 0.09 0.09 0.10220977 0.37 0.36997851 -0.19 -0.19 -0.19 -0.19 -0.19 -0.19 -0.37999999 -0.38 -0.38 -0.38 -0.38 -0.38 -0.38000385 -1.14 -1.14 -1.14 -1.14 -1.14 -1.14 -1.14 -0.97 -0.97 -0.97 -0.97 -0.97 -0.97000014 -1.16 -1.16 -1.16 -1.16 -1.1599998 -0.99 -0.99 -0.99 -0.99 -1.73 -1.73 -1.73 -2.01 -2.01 -2.0742405 -2.17 -2.17 -2.61 -2.61 -2.19 -2.19 -2.19 -1.7320304 -1.88 -1.88 -1.88 -1.8098792 -0.99 -0.99 -0.99
0.09 0.09 0.09 0.090000009 0.1219547 0.36999428 -0.18223861 -0.19 -0.19 -0.19 -0.19 -0.19 -0.19 -0.37999773 -0.38 -0.38 -0.38 -0.38 -0.38 -1.1392342 -1.14 -1.14 -1.14 -1.14 -1.14 -1.14 -1.14 -0.97 -0.97 -0.97 -0.97 -0.97 -0.97 -1.0777199 -1.16 -1.16 -1.16 -1.0630152 -0.99 -0.99 -0.99 -0.99 -1.73 -1.73 -1.73 -2.01 -2.01 -2.01 -2.1691522 -2.07 -2.61 -2.61 -2.52 -2.5183477 -1.84 -1.84 -1.88 -1.88 -1.854668 -1.81 -1.6661031 -0.99 -0.99
0.09 0.09 0.09 0.090001351 0.1435382 0.28969653 -0.18999215 -0.19 -0.19 -0.19 -0.19 -0.19 -0.19 -0.37985431 -0.38 -0.38 -0.38 -0.38 -0.38000029 -1.14 -1.14 -1.14 -1.14 -1.14 -1.14 -1.14 -1.14 -0.97 -0.97 -0.97 -0.97 -0.97 -0.97 -0.96299731 -0.56 -0.56 -0.56 -0.96450886 -1.02 -1.02 -0.99654833 -0.99000342 -2.357914 -2.37 -2.37 -2.37 -2.01 -1.8 -2.07 -2.07 -2.07 -2.52 -2.52 -2.52 -1.84 -1.84 -1.84 -1.8799974 -1.81 -1.81 -1.81 -0.99001193 -0.99
0.09 0.09 0.090000028 0.090031427 0.16029873 -0.17896891 -0.18999962 -0.19 -0.19 -0.19 -0.19 -0.19 -0.19000001 -0.37791217 -0.38 -0.38 -0.38 -0.38 -0.71418224 -1.14 -1.14 -1.14 -1.14 -1.14 -1.14 -1.14 -1.1399999 -0.97 -0.97 -0.97 -0.97 -0.97 -0.97 -0.56 -0.56 -0.56 -0.56 -0.78785 -1.02 -1.02 -1.02 -1.02 -2.37 -2.37 -2.37 -2.37 -1.8 -1.8 -1.8 -2.3997131 -2.4 -2.4150143 -2.52 -2.52 -1.84 -1.84 -1.84 -1.81 -1.81 -1.81 -1.81 -1.81 -0.99009884
0.09 0.09000001 0.09000097 0.090253674 0.061882777 -0.18956361 -0.18999987 -0.19 -0.19 -0.19 -0.19 -0.19 -0.19000054 -0.36934522 -0.38 -0.38 -0.38 -0.38000604 -1.1399025 -1.14 -1.14 -1.14 -1.14 -1.14 -1.14 -1.14 -1.1399789 -0.97 -0.97 -0.97 -0.97 -0.97 -0.96508523 -0.56 -0.56 -0.56 -0.56 -0.56396043 -1.02 -1.02 -1.02 -1.02 -2.3699991 -2.37 -2.37 -2.37 -1.8 -1.8 -1.8 -2.4 -2.4 -2.4 -2.5199985 -2.52 -1.84 -1.84 -1.84 -1.81 -1.81 -1.81 -1.81 -1.81 -0.49438764
0.090000012 0.090000258 0.090012079 0.090825169 -0.15303067 -0.18992764 -0.18999989 -0.19 -0.19 -0.19 -0.19 -0.19 -0.19000744 -0.35206837 -0.37999968 -0.38 -0.38000004 -0.42522201 -1.1399995 -1.14 -1.14 -1.14 -1.14 -1.14 -1.14 -1.14 -1.138982 -0.97 -0.97 -0.97 -0.96995297 -0.25000002 -0.25 -0.55999775 -0.56 -0.56 -0.56 -0.56004778 -1.02 -1.02 -1.02 -1.02 -1.0208615 -2.37 -2.37 -2.3685087 -1.8 -1.8 -1.9218832 -2.4 -2.4 -2.4 -2.4 -2.5199874 -1.8401061 -1.84 -1.84 -1.81 -1.81 -1.81 -1.81 -1.81 0.048400218
0.090000199 0.090002949 0.090069886 0.084376503 -0.18410764 -0.18997157 -0.18999985 -0.19 -0.19 -0.19 -0.19 -0.19000001 -0.19004901 -0.3313149 -0.37999274 -0.38000001 -0.3801143 -1.1070191 -1.14 -1.14 -1.14 -1.14 -1.14 -1.14 -1.14 -1.14 -1.1278049 -0.96999573 -0.95493115 -0.25000773 -0.25 -0.25 -0.25 -0.25 -0.55999372 -0.56 -0.56 -0.56004633 -1.02 -1.02 -1.02 -1.02 -1.02 -2.3699998 -2.37 -1.9302391 -1.8 -1.8 -2.3988531 -2.4 -2.4 -2.4 -2.4 -2.4024976 -1.8482108 -1.8400002 -1.8399962 -1.8100003 -1.81 -1.81 -1.81 -1.81 0.050111191
0.090001766 0.090018102 0.090075811 0.016991974 -0.18825497 -0.18998127 -0.18999975 -0.19 -0.19 -0.19 -0.19 -0.19000016 -0.1901969 -0.31284512 -0.37993218 -0.38000614 -0.40818849 -1.1391834 -1.14 -1.14 -1.14 -1.14 -1.14 -1.14 -1.14 -1.14 -1.0419478 -0.25146415 -0.25000001 -0.25 -0.25 -0.25 -0.25 -0.25 -0.25 -0.54711697 -0.56 -0.56026032 -1.02 -1.02 -1.02 -1.02 -1.02 -2.3092679 -2.3699742 -1.8133352 -1.8 -1.8000911 -2.3997272 -2.4 -2.4 -2.4 -2.4 -2.4000048 -1.9529906 -1.8400392 -1.8398208 -1.8100024 -1.81 -1.81 -1.81 -1.809905 0.4623736
0.090009646 0.090054988 0.087768527 -0.10126867 -0.18918688 -0.18998315 -0.18999954 -0.18999999 -0.19 -0.19 -0.19000001 -0.19000158 -0.19056289 -0.2986432 -0.37965503 -0.38084454 -0.87344945 -1.1399215 -1.14 -1.14 -1.14 -1.14 -1.14 -1.14 -1.14 -1.1399154 -0.25006235 -0.25 -0.25 -0.25 -0.25 -0.25 -0.25 -0.25 -0.25 0.31977735 1.2699995 1.2671638 -1.0199998 -1.02 -1.02 -1.02 -1.02 -1.0518964 -2.3666784 -1.8058583 -1.8000035 -1.8184151 -2.3996868 -2.4 -2.4 -2.4 -2.4 -2.4000004 -2.3864405 -1.8410754 -1.8383782 -1.8100112 -1.81 -1.81 -1.8099999 -0.15437566 0.31319652
0.090032678 0.089926863 0.070906085 -0.1575864 -0.18948506 -0.18998174 -0.18999913 -0.18999996 -0.19 -0.19 -0.1900001 -0.19000942 -0.19126569 -0.2883552 -0.37895265 -0.4107289 -1.1133477 -1.1399811 -1.14 -1.14 -1.14 -1.14 -1.14 -1.14 -1.139998 -0.3881983 -0.25000001 -0.25 -0.25 -0.25 -0.25 -0.25 -0.25 -0.24999252 1.27 1.27 1.27 1.27 1.2699999 -1.0146464 -1.02 -1.02 -1.02 -1.0209738 -2.3113028 -1.8048679 -1.8003875 -1.9946254 -2.3994725 -2.3999998 -2.4 -2.4 -2.4 -2.4000002 -2.3994415 -1.8860634 -1.83458 -1.8100358 -1.81 -1.8099999 -1.7235862 0.31006279 0.31000106
0.090044571 0.088277071 0.017980937 -0.17573806 -0.18959886 -0.18997789 -0.18999838 -0.18999987 -0.18999999 -0.19000002 -0.19000079 -0.19003798 -0.19239181 -0.28106328 -0.3802481 -0.67144534 -1.1357869 -1.1399917 -1.14 -1.14 -1.14 -1.14 -1.14 -1.1399996 -1.1167658 -0.25005248 -0.24999992 -0.24999997 -0.24999999 -0.24999999 -0.2499999 -0.24954569 1.2699996 1.27 1.27 1.27 1.27 1.27 1.27 1.2699999 0.10019812 -1.0199821 -1.02 -1.0201707 -1.8400001 -1.8053495 -1.8072308 -2.2040016 -2.3990618 -2.3999968 -2.4 -2.4 -2.4 -2.4000001 -2.3999047 -2.2374716 -1.8315992 -1.8100869 -1.8099997 -1.8004912 0.30907509 0.31012681 0.31007424
0.089784947 0.080371495 -0.057104454 -0.18218387 -0.18964046 -0.18997147 -0.18999704 -0.18999966 -0.18999997 -0.19000018 -0.19000404 -0.19011538 -0.19397429 -0.27626914 -0.41166299 -1.0039288 -1.1388402 -1.1399945 -1.14 -1.14 -1.14 -1.14 -1.1399998 -1.1389638 -0.27847365 -0.2499689 -0.24996358 -0.24992745 -0.24959661 -0.23390609 1.1982938 1.27 1.27 1.27 1.27 1.27 1.27 1.27 1.27 1.27 1.2699997 1.1554048 -1.0141914 -1.0200645 -1.2327362 -1.8076441 -1.8444137 -2.2931298 -2.3983933 -2.3999788 -2.3999996 -2.4 -2.4 -2.4000002 -2.3999623 -2.3757146 -1.8528965 -1.8101773 -1.8065753 0.23491018 0.32458639 0.33886666 0.40599065
0.088232356 0.057574791 -0.1137142 -0.18487968 -0.18964558 -0.1899619 -0.18999478 -0.18999921 -0.18999996 -0.19000101 -0.19001526 -0.19028342 -0.1960035 -0.2762015 -0.57266536 -1.1041542 -1.1395196 -1.1399954 -1.14 -1.14 -1.14 -1.1399997 -1.1398198 -0.84043273 -0.24868219 -0.24708319 -0.24037371 -0.17851866 0.67075727 1.2667988 1.2699998 1.27 1.27 1.27 1.27 1.27 1.27 1.27 1.27 1.27 1.27 1.2699976 1.239058 -0.86080621 -1.0835357 -1.8148186 -1.9296995 -2.327157 -2.3974084 -2.3999132 -2.399996 -2.3999997 -2.4 -2.4000003 -2.3999753 -2.3939416 -1.9751082 -1.8075974 -0.31153122 0.46485113 0.56573387 0.66266466 0.69426448
0.082877764 0.015674383 -0.14494199 -0.18616066 -0.18962737 -0.18994833 -0.1899911 -0.18999835 -0.19000011 -0.19000409 -0.19004546 -0.19059274 -0.19853735 -0.2938145 -0.84055349 -1.1276639 -1.1397333 -1.1399953 -1.1399999 -1.14 -1.1399995 -1.1399261 -1.1074354 -0.248063 -0.20597303 -0.10112711 0.40142058 1.1644389 1.2684479 1.2699973 1.27 1.27 1.27 1.27 1.27 1.27 1.27 1.27 1.27 1.27 1.27 1.27 1.2699856 1.2517205 -0.23808041 -1.8252989 -2.0332653 -2.3415275 -2.3960636 -2.3997445 -2.3999794 -2.3999976 -2.3999996 -2.4000003 -2.3999782 -2.3975141 -2.1637341 -0.43365821 0.60119381 0.61463329 0.61185651 0.60534457 0.60130899
0.069783397 -0.034993302 -0.16101783 -0.1868167 -0.18959086 -0.18992964 -0.18998537 -0.1899969 -0.19000102 -0.19001314 -0.19011277 -0.19110074 -0.20221456 -0.36339265 -1.0101645 -1.1344594 -1.1398172 -1.1399948 -1.1399998 -1.1399991 -1.1399476 -1.133008 -0.44140671 -0.025480734 0.31724693 0.9149157 1.2276452 1.268344 1.2699815 1.27 1.27 1.27 1.27 1.27 1.27 1.27 1.27 1.27 1.27 1.27 1.27 1.27 1.2699999 1.2699366 1.2535074 -1.4447135 -2.1182372 -2.3478623 -2.3943342 -2.3994009 -2.3999262 -2.3999883 -2.3999976 -2.3999997 -2.3999765 -2.3985305 -1.2329219 0.60261694 0.60220937 0.60089499 0.60022439 0.60002992 0.60000151
0.045904684 -0.07917731 -0.16956179 -0.18715626 -0.1895377 -0.18990454 -0.18997686 -0.18999484 -0.1900042 -0.19003517 -0.19024298 -0.19190384 -0.20982753 -0.51552445 -1.0801278 -1.1369191 -1.139854 -1.1399936 -1.1399978 -1.1399457 -1.1369313 -0.85087778 0.27553189 0.70731507 1.0899039 1.2412378 1.2677134 1.2699181 1.2699989 1.27 1.27 1.27 1.27 1.27 1.27 1.27 1.27 1.27 1.27 1.27 1.27 1.27 1.27 1.2699991 1.2697825 1.1508559 -2.1677332 -2.3503417 -2.3922149 -2.398808 -2.3997963 -2.399958 -2.3999893 -2.3999969 -2.3999703 -2.3871022 0.59086931 0.60059172 0.60020366 0.60004678 0.60000632 0.6000004 0.60000001
0.012703483 -0.11085457 -0.17436214 -0.18731501 -0.18946792 -0.18987159 -0.18996481 -0.18999255 -0.19001277 -0.19008147 -0.19047329 -0.19329167 -0.22920431 -0.70929802 -1.1082113 -1.137978 -1.1398693 -1.1399877 -1.1399261 -1.137759 -1.0166569 0.43012554 0.91516408 1.1505183 1.2444854 1.2666134 1.2697376 1.2699892 1.2699998 1.27 1.27 1.27 1.27 1.27 1.27 1.27 1.27 1.27 1.27 1.27 1.27 1.27 1.27 1.27 1.269992 1.2676637 -1.4598469 -2.3504857 -2.3897165 -2.3979009 -2.3995357 -2.399882 -2.3999645 -2.399987 -2.3997209 -0.6619044 0.60022187 0.60009536 0.60002381 0.60000392 0.60000037 0.60000002 0.6
-0.023703004 -0.13170135 -0.17719762 -0.18735857 -0.18938077 -0.1898293 -0.18994865 -0.18999125 -0.19003215 -0.19016914 -0.19087427 -0.19617141 -0.27482169 -0.86827591 -1.120631 -1.1384907 -1.1398639 -1.1398734 -1.1377825 -1.0686171 0.22336645 1.009219 1.1747698 1.244075 1.2649809 1.2693357 1.2699432 1.269997 1.2699999 1.27 1.27 1.27 1.27 1.27 1.27 1.27 1.27 1.27 1.27 1.27 1.27 1.27 1.27 1.27 1.2699993 1.2698838 1.0062709 -2.3311833 -2.3868478 -2.3966321 -2.3990843 -2.3997232 -2.3999046 -2.3999468 -2.341029 0.58523578 0.60006761 0.60001957 0.60000408 0.60000057 0.60000005 0.6 0.6
-0.056955192 -0.14514324 -0.17893048 -0.18732106 -0.18927513 -0.18977635 -0.18992826 -0.18999345 -0.19007098 -0.1903263 -0.19162253 -0.20284399 -0.36118898 -0.96953993 -1.126746 -1.1387356 -1.1396736 -1.1374264 -1.0883167 -0.17339717 1.0251748 1.1844661 1.2417814 1.2627414 1.2685871 1.2697988 1.2699798 1.2699986 1.2699999 1.27 1.27 1.27 1.27 1.27 1.27 1.27 1.27 1.27 1.27 1.27 1.27 1.27 1.27 1.27 1.2699999 1.2699877 1.2562187 -1.7512031 -2.382741 -2.3949724 -2.3983839 -2.3994361 -2.3997797 -2.3974569 -0.32705524 0.59982878 0.60002075 0.60000539 0.60000104 0.60000014 0.60000001 0.6 0.6
-0.08387916 -0.15389324 -0.1800022 -0.18722131 -0.18914987 -0.18971175 -0.18990437 -0.1900036 -0.19014317 -0.19060964 -0.19316661 -0.21784449 -0.48641245 -1.0283917 -1.1299986 -1.1385616 -1.1366871 -1.0968156 -0.49480224 0.94406064 1.1850159 1.2382047 1.2598349 1.2673647 1.2694583 1.2699136 1.2699895 1.269999 1.2699999 1.27 1.27 1.27 1.27 1.27 1.27 1.27 1.27 1.27 1.27 1.27 1.27 1.27 1.27 1.27 1.27 1.2699977 1.2687374 0.53255483 -2.3499873 -2.3928093 -2.3973847 -2.3989706 -2.399329 -2.206867 0.57510315 0.60001762 0.6000079 0.60000198 0.60000038 0.60000005 0.60000001 0.6 0.6
-0.10425817 -0.15970042 -0.18065217 -0.18707028 -0.18900409 -0.18963517 -0.18987895 -0.1900291 -0.19027374 -0.19114796 -0.19650148 -0.24789741 -0.62597838 -1.0623986 -1.1313953 -1.1349183 -1.1003203 -0.69277901 0.74059198 1.1723299 1.2333741 1.2562195 1.265556 1.2687992 1.2697321 1.2699512 1.2699928 1.2699991 1.2699999 1.27 1.27 1.27 1.27 1.27 1.27 1.27 1.27 1.27 1.27 1.27 1.27 1.27 1.27 1.27 1.27 1.2699993 1.2698062 1.1903625 -1.8976063 -2.3875289 -2.3960275 -2.3982381 -2.3847934 -0.15280394 0.59912409 0.60001156 0.60000373 0.60000095 0.60000019 0.60000003 0.6 0.6 0.6
-0.11921503 -0.16362882 -0.1810174 -0.18687477 -0.18883738 -0.18954726 -0.18985595 -0.19008302 -0.1905135 -0.19222453 -0.20347992 -0.29967064 -0.75146825 -1.0820431 -1.1279485 -1.100568 -0.80787959 0.44519882 1.1325238 1.2262896 1.2518392 1.2630734 1.2676936 1.2693379 1.2698375 1.269966 1.2699939 1.2699991 1.2699999 1.27 1.27 1.27 1.27 1.27 1.27 1.27 1.27 1.27 1.27 1.27 1.27 1.27 1.27 1.27 1.27 1.2699997 1.2699546 1.2586972 -0.090481928 -2.3413448 -2.3938115 -2.3953549 -1.9672331 0.55910736 0.59996016 0.6000067 0.60000214 0.60000057 0.60000013 0.60000002 0.6 0.6 0.6
-0.13009118 -0.16632275 -0.18118027 -0.18663948 -0.18865015 -0.18945017 -0.1898427 -0.19019012 -0.19096804 -0.19439767 -0.21695689 -0.37532484 -0.84870173 -1.089361 -1.0951966 -0.87548813 0.13581709 1.0458661 1.2136547 1.2464669 1.259851 1.2660252 1.2686143 1.2695729 1.269884 1.2699722 1.2699941 1.2699989 1.2699998 1.27 1.27 1.27 1.27 1.27 1.27 1.27 1.27 1.27 1.27 1.27 1.27 1.27 1.27 1.27 1.27 1.2699998 1.269985 1.2676898 0.99708316 -1.9568974 -2.3845099 -2.3426184 -0.068302073 0.59717724 0.60000554 0.60000438 0.60000145 0.60000042 0.6000001 0.60000002 0.6 0.6 0.6
-0.13801335 -0.16817896 -0.18119278 -0.18636825 -0.188444 -0.18934844 -0.18985306 -0.19039914 -0.19184463 -0.19862958 -0.24045553 -0.46894724 -0.91455003 -1.0654656 -0.91390191 -0.12751177 0.89964973 1.1886267 1.2392905 1.2558026 1.2636986 1.2674417 1.2690587 1.2696871 1.269906 1.2699744 1.2699936 1.2699985 1.2699997 1.2699999 1.27 1.27 1.27 1.27 1.27 1.27 1.27 1.27 1.27 1.27 1.27 1.27 1.27 1.27 1.27 1.2699999 1.2699934 1.2693539 1.2142532 -0.60292609 -2.3130391 -1.6718818 0.53622395 0.59971411 0.60000731 0.60000324 0.60000114 0.60000035 0.6000001 0.60000002 0.60000001 0.6 0.6
