Interpolating SPI Data/spi_stations/interpolated_spi/12-23_2.tif
NCOLS 257
NROWS 141
XLLCORNER -178.27925
YLLCORNER 5.3153543
DX 0.49934803
DY 0.49997533
NODATA_VALUE -9999
[rows 112 to 139 of 141, columns 0 to 62 of 257]
0.96817126 0.96638493 0.96358331 0.95965177 0.95445869 0.94785307 0.93966198 0.92968819 0.91770805 0.90347004 0.88669456 0.86707554 0.84428492 0.8179812 0.78782332 0.75349147 0.71471593 0.67131436 0.62323666 0.5706142 0.5138071 0.45344061 0.39041927 0.325908 0.26127365 0.19798833 0.13750606 0.081133094 0.029915809 -0.015433606 -0.054562966 -0.087458884 -0.11438975 -0.13582912 -0.15237545 -0.16468004 -0.17339019 -0.17910935 -0.18237322 -0.18363872 -0.18328237 -0.18160474 -0.17883855 -0.17515822 -0.17068987 -0.16552068 -0.15970755 -0.15328462 -0.14626992 -0.13867108 -0.13049036 -0.1217292 -0.1123923 -0.10249144 -0.092048996 -0.081101122 -0.069700452 -0.057918069 -0.045844493 -0.03358935 -0.02127947 -0.009055259 0.002934616
0.95383494 0.95022709 0.94543659 0.9393279 0.93174672 0.92251795 0.91144385 0.89830276 0.88284864 0.86481204 0.84390323 0.81981827 0.79224928 0.7608998 0.72550655 0.68586811 0.64188027 0.59357655 0.54116992 0.48508987 0.42600637 0.3648316 0.30269185 0.24086608 0.18069503 0.12347255 0.070336719 0.022180042 -0.020406536 -0.057148802 -0.088066304 -0.1134211 -0.13365141 -0.14930299 -0.1609676 -0.16923407 -0.17465366 -0.17771876 -0.17885256 -0.17840689 -0.17666558 -0.17385103 -0.17013242 -0.1656344 -0.16044549 -0.15462584 -0.1482142 -0.14123401 -0.13369883 -0.12561699 -0.11699587 -0.10784561 -0.098182587 -0.088032506 -0.077433073 -0.066436214 -0.055109597 -0.043537266 -0.031819176 -0.020069442 -0.0084132031 0.0030178178 0.014090851
0.93644461 0.93079292 0.92377035 0.91522072 0.90496845 0.89281734 0.87855006 0.86192868 0.8426968 0.82058399 0.79531324 0.76661251 0.73423108 0.69796156 0.65766759 0.61331655 0.5650151 0.51304355 0.45788346 0.40023107 0.34098955 0.28123491 0.22215455 0.16496369 0.11081072 0.060686477 0.015352526 -0.024700592 -0.059261002 -0.088372161 -0.11228705 -0.13141071 -0.14624137 -0.15731765 -0.16517635 -0.17032213 -0.17320846 -0.17422801 -0.1737101 -0.17192305 -0.1690796 -0.16534391 -0.16083905 -0.15565458 -0.14985345 -0.14347847 -0.13655786 -0.12911033 -0.12114946 -0.11268758 -0.10373928 -0.094324488 -0.084471184 -0.074217738 -0.063614714 -0.052726068 -0.041629558 -0.030416231 -0.01918884 -0.0080591756 0.0028556548 0.013437796 0.02357373
0.91574959 0.90782061 0.89831614 0.88706179 0.87386486 0.85851456 0.84078348 0.82043077 0.79720769 0.77086621 0.74117139 0.70791828 0.67095345 0.63020122 0.58569309 0.53759814 0.48625041 0.43216802 0.37605805 0.31880183 0.26141745 0.20500044 0.15064815 0.099378081 0.052052671 0.0093222864 -0.028405657 -0.060969073 -0.088428375 -0.11102573 -0.12913523 -0.14321221 -0.15374782 -0.1612324 -0.16612888 -0.16885571 -0.16977787 -0.16920404 -0.1673882 -0.164534 -0.16080068 -0.15630969 -0.15115126 -0.14539075 -0.13907443 -0.13223472 -0.12489478 -0.11707264 -0.10878478 -0.10004937 -0.090889016 -0.08133321 -0.071420326 -0.061199149 -0.050729829 -0.040084156 -0.029345041 -0.018605136 -0.0079645525 0.0024722392 0.012600192 0.022317878 0.031531752
0.89151668 0.88107725 0.86884911 0.85464487 0.8382623 0.8194866 0.79809455 0.77386092 0.74656793 0.71601815 0.68205134 0.64456518 0.60353938 0.55906162 0.51135289 0.46078832 0.4079091 0.35342059 0.29817277 0.24312147 0.18927241 0.1376137 0.089045868 0.044319805 0.003991515 -0.03160041 -0.062333583 -0.088280052 -0.10967015 -0.12684923 -0.14023391 -0.15027283 -0.15741477 -0.16208519 -0.16467094 -0.16551178 -0.16489745 -0.16306862 -0.16022034 -0.1565071 -0.15204853 -0.14693527 -0.14123463 -0.13499587 -0.12825496 -0.12103892 -0.11336952 -0.1052667 -0.096751472 -0.087848453 -0.078588036 -0.06900815 -0.059155558 -0.04908665 -0.038867633 -0.028574048 -0.018289576 -0.0081041112 0.0018888336 0.011595259 0.020924152 0.029791027 0.038121249
0.86355081 0.85038352 0.83521708 0.81785957 0.79811059 0.77576613 0.75062572 0.72250241 0.69123583 0.65670859 0.61886581 0.57773678 0.53345735 0.48629032 0.43664058 0.38506095 0.33224513 0.27900508 0.22623255 0.17484715 0.12573679 0.079698079 0.037385159 -0.00072597186 -0.03435372 -0.063407297 -0.08796631 -0.10824876 -0.12457342 -0.13732192 -0.14690477 -0.15373345 -0.15819973 -0.16066181 -0.1614365 -0.16079611 -0.15896886 -0.15614168 -0.1524644 -0.14805473 -0.14300339 -0.13737924 -0.13123404 -0.12460681 -0.11752778 -0.11002193 -0.10211202 -0.093821315 -0.085175908 -0.076206648 -0.066950708 -0.057452723 -0.047765455 -0.037949948 -0.028075099 -0.018216637 -0.0084555027 0.0011243166 0.01043839 0.019404726 0.027946728 0.035995979 0.043494644
0.83171923 0.81564146 0.79737187 0.77672585 0.75351976 0.72757856 0.69874602 0.6668977 0.63195657 0.59391092 0.55283358 0.50890067 0.46240754 0.41377882 0.36356948 0.31245397 0.26120195 0.21064112 0.16160979 0.1149047 0.07123044 0.031157462 -0.0049060985 -0.036725869 -0.064236145 -0.087521 -0.10678598 -0.1223253 -0.134489 -0.14365327 -0.15019607 -0.15447877 -0.15683358 -0.15755631 -0.15690319 -0.15509083 -0.15229842 -0.14867124 -0.14432493 -0.13935004 -0.13381658 -0.12777836 -0.12127695 -0.11434532 -0.10701109 -0.099299348 -0.091235139 -0.082845597 -0.074161702 -0.065219681 -0.056062019 -0.046738046 -0.037304068 -0.027823014 -0.018363568 -0.0089988176 0.00019555731 0.0091434468 0.017770714 0.026007664 0.033791399 0.041067872 0.047793471
0.79597735 0.77686296 0.75539974 0.73142509 0.70478954 0.67536697 0.64306713 0.60785027 0.56974336 0.52885666 0.48539907 0.43969005 0.39216546 0.34337472 0.29396746 0.24466863 0.19624332 0.14945396 0.10501485 0.063549398 0.025555675 -0.008615735 -0.038769599 -0.064860069 -0.086973335 -0.10530262 -0.12011954 -0.13174549 -0.14052578 -0.14680816 -0.15092647 -0.15318932 -0.15387326 -0.15321964 -0.15143421 -0.14868878 -0.14512416 -0.14085379 -0.13596781 -0.13053703 -0.1246169 -0.1182511 -0.11147488 -0.10431806 -0.096807609 -0.088969971 -0.080833001 -0.072427574 -0.06378886 -0.054957237 -0.045978827 -0.036905621 -0.027795199 -0.018710007 -0.009716229 -0.00088228178 0.0077229898 0.016032317 0.02398208 0.031514299 0.038578404 0.045132627 0.051144928
0.75639404 0.73419572 0.70954643 0.68232192 0.65242503 0.61979754 0.58443362 0.54639422 0.50582108 0.46294896 0.41811399 0.37175603 0.32441296 0.2767057 0.22931358 0.18294148 0.13828167 0.095974237 0.056571134 0.020507888 -0.011913761 -0.040531042 -0.065313751 -0.086348443 -0.10381632 -0.11796821 -0.12909956 -0.13752779 -0.14357334 -0.14754513 -0.14973023 -0.15038752 -0.14974453 -0.14799681 -0.14530916 -0.14181796 -0.13763439 -0.1328479 -0.12752982 -0.12173684 -0.11551438 -0.10889957 -0.10192403 -0.094616268 -0.087003804 -0.079114961 -0.070980352 -0.062634043 -0.054114392 -0.045464548 -0.036732593 -0.027971322 -0.019237655 -0.010591699 -0.0020955003 0.0061884616 0.014198951 0.021877719 0.029171192 0.036031997 0.042420192 0.04830412 0.053660825
0.71317277 0.68794225 0.66023174 0.62997147 0.59713276 0.56174016 0.52388389 0.48373156 0.44153748 0.397648 0.35250107 0.30661846 0.2605899 0.21504927 0.17064438 0.12800298 0.087698694 0.050220647 0.015950328 -0.014852004 -0.042050514 -0.065627262 -0.085667857 -0.10234193 -0.11588117 -0.12655747 -0.13466304 -0.14049362 -0.14433545 -0.14645592 -0.14709763 -0.14647531 -0.14477491 -0.14215449 -0.13874612 -0.1346586 -0.1299805 -0.12478335 -0.11912481 -0.11305165 -0.10660255 -0.099810596 -0.092705529 -0.085315694 -0.0776697 -0.069797789 -0.061732917 -0.053511536 -0.045174066 -0.036765057 -0.028333029 -0.019930005 -0.011610734 -0.003431661 0.0045503342 0.012279336 0.019701865 0.026768312 0.033434254 0.039661542 0.045419083 0.050683275 0.055438037
0.6666649 0.63856774 0.60804924 0.57510752 0.53979384 0.50222324 0.46258392 0.42114415 0.37825502 0.33434782 0.28992487 0.24554335 0.20179274 0.15926721 0.11853564 0.080112207 0.044430886 0.011826461 -0.017476067 -0.043363224 -0.065826614 -0.084949951 -0.10089178 -0.11386623 -0.12412379 -0.13193379 -0.13756957 -0.14129671 -0.1433646 -0.14400082 -0.14340816 -0.14176354 -0.13921856 -0.13590107 -0.1319174 -0.12735507 -0.12228556 -0.11676719 -0.11084778 -0.10456726 -0.097959905 -0.091056437 -0.083885824 -0.076476818 -0.068859227 -0.061064924 -0.053128581 -0.045088127 -0.036984931 -0.028863701 -0.020772114 -0.012760189 -0.0048794282 0.0028182269 0.010281571 0.017461377 0.024311616 0.030790596 0.036861918 0.042495194 0.04766648 0.052358379 0.056559813
0.61737147 0.58669328 0.55374799 0.51860999 0.48141481 0.44236653 0.40174244 0.35989381 0.31724159 0.2742663 0.23149217 0.18946585 0.14873156 0.10980462 0.073146231 0.039141951 0.0080861895 -0.019826059 -0.04449989 -0.065934266 -0.084210321 -0.099476079 -0.1119295 -0.1218016 -0.12934097 -0.13480053 -0.13842706 -0.14045338 -0.14109321 -0.1405382 -0.13895675 -0.1364943 -0.1332745 -0.12940119 -0.12496065 -0.12002412 -0.11465029 -0.10888782 -0.10277757 -0.096354778 -0.089650951 -0.082695512 -0.075517252 -0.068145513 -0.060611127 -0.052947124 -0.04518917 -0.037375775 -0.029548249 -0.021750412 -0.014028096 -0.0064284346 0.0010010014 0.0082131919 0.015162713 0.021806784 0.028106243 0.034026392 0.039537655 0.044615997 0.049243077 0.053406117 0.057097505
0.56593098 0.53307256 0.49819621 0.46145398 0.42306156 0.3833011 0.34252028 0.30112688 0.25957824 0.2183658 0.17799544 0.13896511 0.10174164 0.066739028 0.034300369 0.0046851359 -0.021937239 -0.04548728 -0.065969549 -0.08346213 -0.098103089 -0.11007553 -0.11959273 -0.12688437 -0.13218483 -0.13572364 -0.13771842 -0.13837004 -0.13785974 -0.13634788 -0.13397395 -0.13085755 -0.12709994 -0.12278604 -0.11798663 -0.1127606 -0.10715714 -0.10121787 -0.094978784 -0.088471974 -0.081727203 -0.074773225 -0.0676389 -0.060354084 -0.052950295 -0.045461155 -0.03792261 -0.030372939 -0.022852538 -0.015403528 -0.0080691717 -0.00089315977 0.0060812173 0.012811952 0.019259214 0.025386191 0.031159836 0.036551464 0.041537148 0.046097912 0.050219676 0.053892966 0.057112412
0.51309256 0.47855335 0.44233007 0.40464626 0.36578537 0.32608853 0.28594832 0.24579812 0.20609732 0.16731331 0.12990143 0.094284665 0.06083505 0.029858426 0.0015840033 -0.023840587 -0.046348688 -0.065949056 -0.082716411 -0.096779432 -0.10830757 -0.11749788 -0.12456286 -0.12971992 -0.13318281 -0.13515514 -0.13582585 -0.13536645 -0.13392967 -0.13164934 -0.12864103 -0.12500343 -0.12081997 -0.11616082 -0.11108483 -0.10564157 -0.099873197 -0.093816277 -0.087503361 -0.08096444 -0.074228178 -0.067322959 -0.060277723 -0.053122614 -0.045889407 -0.038611757 -0.031325237 -0.024067205 -0.016876483 -0.0097928986 -0.0028566889 0.0038921897 0.010414807 0.01667402 0.022635204 0.028266906 0.033541384 0.038434986 0.042928357 0.047006444 0.050658304 0.053876709 0.056657586
0.45967646 0.42402739 0.38709399 0.34915804 0.31055185 0.27165138 0.23286582 0.19462365 0.15735615 0.12147958 0.087377408 0.055384354 0.02577356 -0.0012519957 -0.025563304 -0.047104359 -0.065886981 -0.081982337 -0.095510283 -0.1066277 -0.11551685 -0.1223745 -0.12740257 -0.1308003 -0.13275837 -0.13345465 -0.13305152 -0.13169451 -0.12951196 -0.12661557 -0.12310137 -0.11905125 -0.11453459 -0.10961008 -0.10432744 -0.09872923 -0.092852421 -0.086729907 -0.080391823 -0.073866706 -0.067182476 -0.060367229 -0.053449858 -0.046460481 -0.0394307 -0.032393684 -0.02538408 -0.018437785 -0.011591566 -0.0048825793 0.0016522064 0.0079766392 0.014056033 0.019857798 0.025352017 0.030511926 0.035314278 0.039739552 0.043772004 0.047399546 0.050613454 0.053407921 0.055779476
0.40652619 0.37037516 0.33338034 0.2958634 0.25818287 0.22072396 0.18388558 0.14806538 0.11364384 0.080968883 0.050342071 0.022007825 -0.0038536471 -0.027129259 -0.047771855 -0.065795417 -0.081267462 -0.094299573 -0.10503706 -0.11364863 -0.1203167 -0.12522895 -0.12857132 -0.13052251 -0.13125008 -0.13090785 -0.12963452 -0.12755319 -0.12477172 -0.12138352 -0.11746885 -0.11309618 -0.10832386 -0.10320165 -0.097772339 -0.092073186 -0.086137321 -0.079994958 -0.073674482 -0.067203367 -0.060608935 -0.053918948 -0.047162037 -0.040367972 -0.033567776 -0.02679369 -0.020079 -0.013457749 -0.0069643388 -0.00063305218 0.0055024733 0.0114098 0.017058236 0.022419335 0.027467336 0.032179495 0.0365363 0.040521551 0.044122297 0.047328623 0.050133307 0.052531346 0.054519382
0.35445813 0.31841264 0.28197685 0.24549143 0.20931812 0.17382781 0.1393869 0.1063433 0.075012931 0.045667903 0.018527391 -0.006248187 -0.028559381 -0.048366383 -0.065684621 -0.080577933 -0.093150157 -0.10353595 -0.11189159 -0.11838633 -0.12319482 -0.1264907 -0.12844161 -0.12920549 -0.12892813 -0.12774171 -0.12576433 -0.1231001 -0.11983981 -0.116062 -0.11183416 -0.10721417 -0.10225169 -0.096989592 -0.091465338 -0.085712196 -0.079760409 -0.07363819 -0.067372593 -0.06099023 -0.054517845 -0.047982738 -0.041413045 -0.034837877 -0.02828733 -0.021792367 -0.015384596 -0.0090959503 -0.0029582973 0.0029970075 0.0087395887 0.014240521 0.019472772 0.024411587 0.029034803 0.033323058 0.037259894 0.040831734 0.044027739 0.046839541 0.049260873 0.051287099 0.052914666
0.3042151 0.26884683 0.23352774 0.19859692 0.16439879 0.13127091 0.099531527 0.069467803 0.041325675 0.015302108 -0.0084597041 -0.029872005 -0.048901086 -0.065563246 -0.079918677 -0.092063972 -0.10212396 -0.11024353 -0.11657985 -0.12129557 -0.12455301 -0.12650953 -0.12731409 -0.12710492 -0.12600806 -0.12413674 -0.12159145 -0.11846036 -0.11482025 -0.11073754 -0.10626952 -0.10146563 -0.096368752 -0.091016415 -0.08544197 -0.07967564 -0.073745455 -0.067678073 -0.061499463 -0.055235453 -0.048912153 -0.042556241 -0.036195126 -0.029856993 -0.023570731 -0.017365773 -0.011271837 -0.0053186095 0.00046462622 0.0060493886 0.011408401 0.016515979 0.021348373 0.025884059 0.030103939 0.033991458 0.037532615 0.040715871 0.043531955 0.045973566 0.048034998 0.049711695 0.050999748
0.25642927 0.2222448 0.18851205 0.15555068 0.12367163 0.093166215 0.064295758 0.03728292 0.012305109 -0.010509496 -0.031083181 -0.049387294 -0.065438553 -0.07929357 -0.091042171 -0.10080013 -0.10870183 -0.11489337 -0.11952636 -0.12275262 -0.12471998 -0.12556901 -0.12543082 -0.12442558 -0.1226619 -0.12023671 -0.11723559 -0.11373352 -0.10979576 -0.10547894 -0.10083218 -0.09589826 -0.090714706 -0.085314884 -0.079728959 -0.073984773 -0.068108615 -0.062125867 -0.056061537 -0.049940672 -0.043788651 -0.037631368 -0.031495303 -0.025407496 -0.019395429 -0.01348683 -0.0077094179 -0.0020905876 0.0033429196 0.0085653649 0.013552348 0.018281116 0.02273082 0.026882718 0.030720291 0.034229285 0.037397654 0.040215425 0.04267447 0.044768202 0.046491215 0.047838874 0.048806874
0.21159795 0.17901826 0.14723912 0.11654704 0.087208852 0.059462691 0.033510505 0.0095124542 -0.012416389 -0.032206944 -0.049834747 -0.065316584 -0.07870558 -0.090085243 -0.099562975 -0.10726353 -0.11332279 -0.11788217 -0.12108379 -0.12306661 -0.12396336 -0.12389842 -0.1229864 -0.12133146 -0.11902705 -0.11615621 -0.11279208 -0.10899872 -0.104832 -0.10034064 -0.095567221 -0.090549214 -0.085319938 -0.07990947 -0.074345459 -0.068653846 -0.062859485 -0.056986648 -0.051059434 -0.045102066 -0.039139088 -0.033195461 -0.02729657 -0.021468151 -0.015736143 -0.01012648 -0.0046648399 0.0006236388 0.005714651 0.010585019 0.015212965 0.019578346 0.023662842 0.027450082 0.030925696 0.034077298 0.036894389 0.039368188 0.041491396 0.043257902 0.044662444 0.045700254 0.046366681
0.17007328 0.13942311 0.10985862 0.081624407 0.054937796 0.029982287 0.0069028131 -0.014197014 -0.033255552 -0.050251798 -0.065202329 -0.0781569 -0.089193121 -0.098410664 -0.1059254 -0.1118638 -0.11635787 -0.11954074 -0.1215431 -0.12249032 -0.12250044 -0.12168281 -0.12013727 -0.11795393 -0.11521329 -0.11198664 -0.10833679 -0.10431879 -0.099980878 -0.09536538 -0.090509628 -0.085446853 -0.080207018 -0.074817576 -0.069304145 -0.063691099 -0.058002051 -0.052260258 -0.046488911 -0.040711353 -0.03495119 -0.029232328 -0.023578938 -0.018015343 -0.012565865 -0.0072546125 -0.0021052509 0.0028592524 0.0076168803 0.012146806 0.016429607 0.02044744 0.024184166 0.027625419 0.030758609 0.033572862 0.0360589 0.038208852 0.040016031 0.041474651 0.042579535 0.043325804 0.043708587
0.13206479 0.10357107 0.076381024 0.05069325 0.026674813 0.004457183 -0.015866065 -0.034239703 -0.050645584 -0.065099865 -0.077649058 -0.088365272 -0.097341031 -0.10468401 -0.110512 -0.1149483 -0.11811769 -0.12014315 -0.12114315 -0.12122977 -0.1205073 -0.11907146 -0.11700912 -0.11439824 -0.11130831 -0.10780081 -0.10392993 -0.099743361 -0.095283096 -0.090586282 -0.085686021 -0.080612139 -0.075391889 -0.070050589 -0.064612174 -0.059099672 -0.053535586 -0.047942193 -0.042341764 -0.036756696 -0.031209574 -0.025723161 -0.020320328 -0.015023931 -0.0098566498 -0.0048407905 1.9257475e-06 0.004650581 0.0090852715 0.0132873 0.01723934 0.020925553 0.02433167 0.027445015 0.030254466 0.032750378 0.034924442 0.036769503 0.038279339 0.039448424 0.040271667 0.040744171 0.04086101
0.09765212 0.071449754 0.046703926 0.023567037 0.002158633 -0.017436514 -0.035168718 -0.051022181 -0.065012479 -0.077183019 -0.087600779 -0.096351667 -0.10353579 -0.10926292 -0.11364828 -0.11680891 -0.11886058 -0.11991528 -0.12007945 -0.11945256 -0.11812642 -0.11618468 -0.11370288 -0.11074864 -0.10738211 -0.10365657 -0.099619094 -0.095311311 -0.090770126 -0.086028473 -0.081116017 -0.076059813 -0.070884894 -0.065614802 -0.060272036 -0.05487843 -0.049455448 -0.044024406 -0.038606624 -0.033223503 -0.027896543 -0.022647303 -0.017497314 -0.012467946 -0.007580254 -0.0028547994 0.0016885399 0.0060307513 0.010153861 0.014041082 0.017676935 0.021047325 0.02413958 0.026942444 0.029446019 0.031641663 0.033521856 0.035080023 0.036310339 0.037207522 0.037766629 0.037982873 0.037851473
0.06680429 0.042947134 0.020640072 -7.9207653e-06 -0.018919811 -0.036050707 -0.051386737 -0.064942778 -0.076759271 -0.08689841 -0.095439976 -0.10247708 -0.10811207 -0.11245269 -0.11560877 -0.11768932 -0.11880028 -0.11904273 -0.11851158 -0.11729481 -0.11547304 -0.11311936 -0.11029956 -0.10707244 -0.10349031 -0.099599613 -0.095441529 -0.09105269 -0.08646583 -0.081710437 -0.076813361 -0.071799371 -0.066691648 -0.06151222 -0.056282324 -0.051022699 -0.045753813 -0.040496025 -0.035269675 -0.03009513 -0.024992765 -0.019982906 -0.015085729 -0.010321137 -0.0057086091 -0.0012670436 0.0029854047 0.0070314756 0.010854941 0.014440716 0.017774944 0.020845038 0.023639695 0.02614886 0.028363658 0.03027629 0.0318799 0.033168416 0.034136386 0.03477881 0.035090986 0.03506839 0.034706599
0.039402381 0.017876969 -0.002055918 -0.020326059 -0.036892717 -0.051743595 -0.064892782 -0.0763779 -0.08625668 -0.094603224 -0.10150417 -0.10705498 -0.11135647 -0.11451173 -0.11662348 -0.11779193 -0.1181131 -0.11767755 -0.11656963 -0.11486695 -0.11264024 -0.10995346 -0.10686403 -0.10342328 -0.099676962 -0.095665781 -0.09142605 -0.086990273 -0.082387743 -0.077645107 -0.072786878 -0.067835911 -0.062813809 -0.057741278 -0.052638413 -0.047524927 -0.042420319 -0.037343983 -0.032315266 -0.027353475 -0.02247784 -0.01770745 -0.013061143 -0.0085573944 -0.0042141773 -4.8826105e-05 0.003922099 0.0076829358 0.011219025 0.014516794 0.017563807 0.020348789 0.022861609 0.025093241 0.027035687 0.028681872 0.030025525 0.031061049 0.031783379 0.032187863 0.032270158 0.032026167 0.031452032
0.015262512 -0.0039973335 -0.021664169 -0.037700861 -0.052096393 -0.064864012 -0.07603866 -0.085673905 -0.093838581 -0.10061333 -0.10608724 -0.11035465 -0.1135124 -0.11565731 -0.11688419 -0.11728428 -0.11694399 -0.11594416 -0.1143595 -0.11225843 -0.10970309 -0.10674952 -0.10344805 -0.099843666 -0.095976597 -0.091882792 -0.087594501 -0.083140804 -0.078548138 -0.073840778 -0.069041276 -0.064170854 -0.059249744 -0.054297468 -0.049333066 -0.044375272 -0.039442631 -0.034553574 -0.029726444 -0.024979478 -0.020330767 -0.015798174 -0.011399238 -0.0071510638 -0.0030702016 0.0008274695 0.0045268544 0.0080137397 0.011274873 0.014298021 0.017071996 0.019586666 0.021832922 0.023802631 0.025488559 0.026884282 0.027984078 0.028782821 0.029275881 0.029459038 0.029328434 0.02888056 0.02811231
-0.0058428383 -0.022941994 -0.038480429 -0.052448163 -0.06485756 -0.075741024 -0.085148242 -0.093143157 -0.099800851 -0.10520448 -0.1094424 -0.11260557 -0.11478528 -0.11607128 -0.11655025 -0.11630466 -0.11541198 -0.11394411 -0.11196722 -0.10954162 -0.10672199 -0.1035576 -0.10009271 -0.096366982 -0.09241599 -0.088271702 -0.083962972 -0.079516025 -0.074954904 -0.070301882 -0.065577838 -0.06080258 -0.055995118 -0.051173896 -0.046356963 -0.041562106 -0.036806933 -0.032108915 -0.027485389 -0.022953535 -0.018530316 -0.014232404 -0.010076087 -0.0060771718 -0.0022508755 0.0013882684 0.0048265038 0.0080509269 0.011049545 0.013811313 0.01632615 0.018584925 0.020579429 0.022302322 0.023747064 0.024907835 0.025779451 0.026357284 0.026637197 0.026615499 0.026288938 0.025654742 0.024710722
-0.024166455 -0.039235993 -0.052801405 -0.064874153 -0.075484242 -0.084677735 -0.092514034 -0.099063057 -0.10440246 -0.10861499 -0.11178615 -0.11400203 -0.1153476 -0.11590523 -0.11575362 -0.11496699 -0.11361456 -0.11176024 -0.10946259 -0.1067749 -0.10374538 -0.10041751 -0.096830384 -0.093019166 -0.089015517 -0.084848054 -0.080542782 -0.07612352 -0.071612283 -0.067029638 -0.062395013 -0.057726964 -0.053043401 -0.048361764 -0.043699161 -0.03907246 -0.034498346 -0.029993339 -0.025573787 -0.021255826 -0.017055323 -0.012987802 -0.0090683613 -0.0053115838 -0.0017314491 0.001658749 0.0048464741 0.007820006 0.010568482 0.013081918 0.015351213 0.017368134 0.019125277 0.020616024 0.02183448 0.022775411 0.023434181 0.023806702 0.023889396 0.023679193 0.023173562 0.022370596 0.021269147
