Interpolating SPI Data/spi_stations/interpolated_spi/12-20_1.tif
NCOLS 257
NROWS 141
XLLCORNER -178.27925
YLLCORNER 5.3153543
DX 0.49934803
DY 0.49997533
NODATA_VALUE -9999
[rows 112 to 139 of 141, columns 63 to 125 of 257]
-0.72621104 -0.72852768 -0.73066619 -0.7325994 -0.7343053 -0.7357675 -0.73697514 -0.73792211 -0.73860578 -0.73902518 -0.73917886 -0.73906243 -0.73866577 -0.73796997 -0.73694368 -0.73553869 -0.73368436 -0.73128026 -0.72818654 -0.72421113 -0.71909317 -0.7124827 -0.70391778 -0.69280427 -0.67841003 -0.65989719 -0.63643087 -0.60740942 -0.57283165 -0.53371323 -0.49230253 -0.45178236 -0.41539852 -0.3854427 -0.36270952 -0.34666094 -0.33600945 -0.32929652 -0.3252458 -0.3228909 -0.32156654 -0.32084533 -0.32046742 -0.32028294 -0.32021172 -0.32021911 -0.32030627 -0.32051699 -0.32097184 -0.32196167 -0.32418377 -0.32931942 -0.34132834 -0.36855908 -0.42325488 -0.50680776 -0.58969982 -0.63979548 -0.65540909 -0.64527486 -0.61146012 -0.55634543 -0.49711389
-0.72787814 -0.72988023 -0.73168885 -0.73328304 -0.73464632 -0.7357666 -0.73663556 -0.73724761 -0.73759831 -0.7376825 -0.7374921 -0.73701357 -0.73622504 -0.73509291 -0.73356775 -0.73157922 -0.72902954 -0.72578506 -0.72166554 -0.71643068 -0.70976411 -0.7012565 -0.6903918 -0.67654604 -0.65901584 -0.63710327 -0.61028753 -0.57849536 -0.54241886 -0.50372482 -0.46493501 -0.42887055 -0.39785988 -0.37314014 -0.35475501 -0.34188727 -0.33333639 -0.32789835 -0.32456736 -0.32259315 -0.32145847 -0.32082745 -0.32049307 -0.32033502 -0.32029092 -0.32034053 -0.32050377 -0.3208578 -0.32158947 -0.32312474 -0.32643298 -0.33370593 -0.34966124 -0.38291639 -0.44282822 -0.52399685 -0.59705599 -0.63822391 -0.64767914 -0.63179506 -0.59316709 -0.53863187 -0.48621981
-0.72901339 -0.73070092 -0.73218497 -0.73344899 -0.73447989 -0.73526755 -0.73580385 -0.7360814 -0.73609187 -0.73582401 -0.73526136 -0.73437957 -0.73314329 -0.73150243 -0.72938752 -0.72670396 -0.7233248 -0.71908171 -0.71375407 -0.70705654 -0.69862658 -0.68801538 -0.67468952 -0.65805572 -0.63752763 -0.61265518 -0.58332566 -0.55000598 -0.51392843 -0.47706848 -0.44180703 -0.41034978 -0.38417307 -0.36377306 -0.34878622 -0.33832851 -0.33134636 -0.32685787 -0.32406609 -0.32238092 -0.32139378 -0.32083672 -0.32054312 -0.3204169 -0.32041259 -0.32052694 -0.32080497 -0.32136897 -0.32249243 -0.32476853 -0.32947776 -0.33932463 -0.3595832 -0.39841921 -0.46152198 -0.53836545 -0.60192879 -0.63490382 -0.63827609 -0.61709769 -0.57551017 -0.52355315 -0.47770146
-0.72963829 -0.73101366 -0.73217828 -0.73311826 -0.73382195 -0.73427917 -0.73448003 -0.73441352 -0.73406572 -0.73341769 -0.73244312 -0.73110538 -0.72935418 -0.72712144 -0.72431617 -0.72081838 -0.71647147 -0.7110735 -0.70436757 -0.69603264 -0.68567786 -0.67284576 -0.65703376 -0.63774686 -0.61459622 -0.58745003 -0.55661849 -0.52301119 -0.48816432 -0.45404641 -0.42265191 -0.39553659 -0.37350927 -0.3566002 -0.34425922 -0.33564023 -0.32984556 -0.32607679 -0.32369729 -0.32223698 -0.32136867 -0.32087616 -0.32062496 -0.3205402 -0.32059397 -0.32080384 -0.32124765 -0.32210617 -0.32376047 -0.32699895 -0.33343312 -0.3462263 -0.37090562 -0.41448937 -0.47878729 -0.55001978 -0.60456326 -0.62992235 -0.62747305 -0.60188925 -0.5591818 -0.51097149 -0.4710213
-0.72977225 -0.73083759 -0.73168557 -0.73230331 -0.73267892 -0.73280045 -0.73265463 -0.73222534 -0.73149164 -0.73042568 -0.72899 -0.72713456 -0.72479303 -0.7218784 -0.71827769 -0.71384573 -0.70839814 -0.70170388 -0.69347867 -0.6833816 -0.67101923 -0.65596394 -0.63779599 -0.61617918 -0.59097515 -0.56238506 -0.53107956 -0.4982478 -0.46549422 -0.43456486 -0.4069826 -0.38374078 -0.36517974 -0.35106511 -0.34078857 -0.33358601 -0.32870326 -0.32548968 -0.32343207 -0.32215156 -0.32138321 -0.3209515 -0.32074873 -0.32071996 -0.32085666 -0.32120222 -0.32187613 -0.3231316 -0.32547665 -0.32991436 -0.33838043 -0.35438363 -0.38333745 -0.43056138 -0.49427148 -0.55912537 -0.60516705 -0.62343887 -0.61566908 -0.58683641 -0.54455576 -0.50058902 -0.4657524
-0.72943079 -0.73018621 -0.73071669 -0.73100895 -0.73104935 -0.73082281 -0.73031139 -0.7294926 -0.72833743 -0.72680804 -0.72485499 -0.72241404 -0.71940231 -0.71571386 -0.71121448 -0.70573614 -0.69907126 -0.69096802 -0.68112862 -0.66921367 -0.65485791 -0.63770384 -0.61746041 -0.59399023 -0.56741873 -0.53823976 -0.50737142 -0.47610854 -0.44594496 -0.41830044 -0.39424828 -0.37434915 -0.35864113 -0.34675785 -0.33810143 -0.33200231 -0.32783034 -0.32505283 -0.3232523 -0.32212033 -0.32144077 -0.3210712 -0.32092752 -0.32097478 -0.32122669 -0.32175827 -0.3227401 -0.32451117 -0.32772184 -0.33359624 -0.34435611 -0.36369009 -0.39652067 -0.44613693 -0.50778286 -0.5658705 -0.60394264 -0.61569111 -0.60332386 -0.57247038 -0.53174684 -0.49206281 -0.46156677
-0.72862498 -0.72906754 -0.72927546 -0.72923377 -0.72892593 -0.72833258 -0.72743005 -0.72618858 -0.72457026 -0.7225266 -0.71999568 -0.7168989 -0.71313717 -0.70858676 -0.70309475 -0.69647472 -0.68850352 -0.67892056 -0.66743226 -0.65372542 -0.63749431 -0.61848647 -0.59656995 -0.57181767 -0.54459264 -0.51560274 -0.48588599 -0.45669956 -0.42932277 -0.40483147 -0.38392344 -0.36685255 -0.35347677 -0.3433788 -0.33600406 -0.33077509 -0.32716574 -0.32473735 -0.3231475 -0.32214322 -0.32154766 -0.32124644 -0.32117747 -0.32132686 -0.32173422 -0.32251253 -0.3238927 -0.32631088 -0.3305685 -0.33810069 -0.35134496 -0.37396905 -0.41007002 -0.46081399 -0.51924963 -0.57045357 -0.60110944 -0.60697894 -0.59088794 -0.55914847 -0.52069715 -0.48506563 -0.45821562
-0.72736159 -0.72748491 -0.72736092 -0.72697197 -0.72629764 -0.72531341 -0.72398912 -0.72228711 -0.72016007 -0.7175486 -0.7143784 -0.71055707 -0.70597071 -0.70048032 -0.69391855 -0.68608751 -0.67675877 -0.66567767 -0.65257468 -0.63718731 -0.61929614 -0.598777 -0.57566664 -0.55023112 -0.52301595 -0.49484968 -0.46677786 -0.43992537 -0.41531861 -0.39372291 -0.37554808 -0.36084415 -0.34937179 -0.3407093 -0.33435821 -0.32982435 -0.32666766 -0.32452476 -0.3231129 -0.32222369 -0.32171293 -0.32149113 -0.32151772 -0.3218018 -0.32241297 -0.32350857 -0.32538806 -0.32859262 -0.33407463 -0.34345173 -0.35927902 -0.38499073 -0.42360899 -0.47429437 -0.5286851 -0.57308244 -0.59691258 -0.59763356 -0.57874806 -0.54706231 -0.51125338 -0.4793111 -0.45551018
-0.72564384 -0.72543806 -0.7249689 -0.72421519 -0.72315191 -0.72174876 -0.71996859 -0.71776551 -0.71508275 -0.71185028 -0.70798212 -0.70337357 -0.69789841 -0.69140641 -0.68372191 -0.67464432 -0.66395216 -0.65141266 -0.6367996 -0.61992184 -0.60066413 -0.57903852 -0.55523915 -0.52968631 -0.50303964 -0.47616141 -0.45002317 -0.42557074 -0.40358377 -0.38457237 -0.36873883 -0.35600587 -0.34608993 -0.3385896 -0.33306475 -0.32909392 -0.32630793 -0.32440418 -0.32314817 -0.32236822 -0.32194823 -0.32182175 -0.3219702 -0.32242807 -0.32329924 -0.32479126 -0.32727844 -0.33140992 -0.33827836 -0.34963737 -0.36804197 -0.39649333 -0.43679683 -0.48637761 -0.53616273 -0.57397691 -0.59161917 -0.58798245 -0.56719742 -0.53627166 -0.50322221 -0.4745594 -0.45330565
-0.72347237 -0.72292453 -0.72209364 -0.72095443 -0.71947675 -0.71762419 -0.71535241 -0.71260735 -0.70932316 -0.70542 -0.70080176 -0.69535384 -0.68894137 -0.68140826 -0.67257806 -0.66225762 -0.65024526 -0.63634529 -0.62039084 -0.60227593 -0.58199593 -0.55969156 -0.53568667 -0.51050562 -0.48485542 -0.45956422 -0.43548188 -0.41336481 -0.39377632 -0.3770298 -0.36318541 -0.35209206 -0.34345429 -0.33690265 -0.33205246 -0.32854454 -0.32606819 -0.32437048 -0.3232566 -0.32258599 -0.3222676 -0.32225722 -0.32255926 -0.32323632 -0.32443063 -0.32640469 -0.32961112 -0.33480382 -0.34319396 -0.356609 -0.37747807 -0.40820449 -0.44934547 -0.49694847 -0.54179974 -0.57336925 -0.58550555 -0.57831941 -0.55642955 -0.52674493 -0.49640426 -0.47061386 -0.4514886
-0.72084643 -0.71994106 -0.71872947 -0.71718188 -0.71526278 -0.71292955 -0.71013083 -0.70680487 -0.7028776 -0.69826089 -0.69285073 -0.68652597 -0.67914777 -0.67056062 -0.66059563 -0.6490775 -0.63583639 -0.62072623 -0.60365018 -0.58459265 -0.56365459 -0.54108552 -0.51730202 -0.49288151 -0.46852311 -0.4449764 -0.42295037 -0.40302459 -0.38558539 -0.37080173 -0.35864106 -0.34891418 -0.34133244 -0.33556257 -0.33127025 -0.32814924 -0.32593742 -0.32442296 -0.32344447 -0.32288852 -0.32268722 -0.32281844 -0.32331106 -0.32425841 -0.32584453 -0.32838995 -0.33242537 -0.33879947 -0.34880955 -0.36428383 -0.38740391 -0.41986025 -0.46102725 -0.50596282 -0.54574592 -0.57150055 -0.57884079 -0.56888516 -0.54654867 -0.51839525 -0.49061199 -0.46731403 -0.44996714
-0.71776512 -0.71648501 -0.71487232 -0.7128926 -0.710505 -0.70766088 -0.7043024 -0.70036099 -0.69575584 -0.69039257 -0.68416228 -0.67694135 -0.66859243 -0.6589675 -0.64791368 -0.6352831 -0.62094759 -0.60481905 -0.58687488 -0.56718647 -0.54594597 -0.52348432 -0.50027189 -0.4768948 -0.45400499 -0.43225048 -0.41220013 -0.39428073 -0.37874092 -0.36564777 -0.35491156 -0.34632796 -0.33962518 -0.33450631 -0.33068172 -0.32789014 -0.32591012 -0.32456448 -0.3237206 -0.32328939 -0.32322505 -0.32352792 -0.32425285 -0.32552627 -0.32757646 -0.33078283 -0.33574973 -0.3434037 -0.35508684 -0.3725501 -0.39762141 -0.43121978 -0.47167606 -0.51343451 -0.54817492 -0.56861337 -0.571871 -0.55985947 -0.53758818 -0.5111075 -0.48567716 -0.46452806 -0.44866316
-0.71422852 -0.71255567 -0.7105212 -0.70808609 -0.70520438 -0.701822 -0.69787548 -0.69329079 -0.68798227 -0.68185196 -0.67478963 -0.66667377 -0.65737428 -0.64675748 -0.63469418 -0.62107168 -0.60581002 -0.58888243 -0.57033829 -0.55032543 -0.52910681 -0.50706504 -0.48468906 -0.46254 -0.44119908 -0.4212063 -0.40300293 -0.38689063 -0.37301496 -0.36137382 -0.35184495 -0.34422312 -0.33825821 -0.3336878 -0.33026144 -0.32775621 -0.32598515 -0.32480078 -0.32409588 -0.32380385 -0.32390044 -0.32440909 -0.32541205 -0.32707062 -0.32965837 -0.33361174 -0.33959985 -0.34860376 -0.36196282 -0.38127412 -0.40793018 -0.44207544 -0.48118419 -0.51942353 -0.54927599 -0.56494249 -0.56480781 -0.55136265 -0.52953051 -0.5047565 -0.48145228 -0.46214541 -0.44750589
-0.71023889 -0.70815546 -0.70567944 -0.70276749 -0.69936913 -0.69542567 -0.6908693 -0.68562222 -0.67959628 -0.67269302 -0.66480474 -0.65581682 -0.64561203 -0.63407715 -0.62111283 -0.60664666 -0.59064965 -0.57315478 -0.55427562 -0.53422119 -0.51330251 -0.491926 -0.47057091 -0.44975115 -0.42996681 -0.41165433 -0.39514544 -0.3806433 -0.3682187 -0.35782458 -0.34932274 -0.34251547 -0.33717599 -0.33307365 -0.32999221 -0.32774168 -0.32616475 -0.32513991 -0.32458292 -0.32444843 -0.32473361 -0.32548564 -0.32681532 -0.32891969 -0.33211695 -0.33689584 -0.34397695 -0.35436731 -0.36935298 -0.39030836 -0.41813846 -0.45225858 -0.48949666 -0.52402549 -0.54924563 -0.56070578 -0.55782225 -0.54346308 -0.52232471 -0.4992177 -0.4778088 -0.46007029 -0.44642586
-0.70580157 -0.70329093 -0.70035563 -0.69694856 -0.6930155 -0.68849431 -0.68331435 -0.67739616 -0.67065171 -0.66298532 -0.65429579 -0.64448 -0.63343848 -0.62108339 -0.60734927 -0.59220622 -0.57567508 -0.55784286 -0.53887579 -0.51902662 -0.49863244 -0.47810019 -0.45787935 -0.43842453 -0.42015377 -0.40341054 -0.38843644 -0.37535939 -0.36419764 -0.35487652 -0.34725274 -0.34114081 -0.33633724 -0.3326401 -0.32986313 -0.32784483 -0.32645381 -0.32559175 -0.3251956 -0.3252405 -0.32574506 -0.32678074 -0.32848748 -0.33109788 -0.33497216 -0.34064369 -0.34886725 -0.36064363 -0.37715586 -0.39949961 -0.42807165 -0.46164172 -0.49660431 -0.52736182 -0.54827923 -0.55609686 -0.55104369 -0.53618728 -0.51590011 -0.49437273 -0.47463368 -0.4582154 -0.44534821
-0.7009258 -0.69797354 -0.69456441 -0.6906483 -0.68616828 -0.68106015 -0.67525223 -0.66866568 -0.66121535 -0.65281168 -0.64336369 -0.63278374 -0.62099403 -0.60793536 -0.59357788 -0.57793346 -0.56106847 -0.54311517 -0.52427901 -0.50483917 -0.48513975 -0.46557065 -0.44653925 -0.42843661 -0.41160388 -0.39630482 -0.38270913 -0.37088882 -0.36082639 -0.35243171 -0.34556335 -0.34005036 -0.33571153 -0.33237076 -0.32986811 -0.32806711 -0.32685933 -0.32616755 -0.32594864 -0.32619773 -0.32695491 -0.32831619 -0.33045053 -0.3336246 -0.33823606 -0.34485234 -0.35424206 -0.36736589 -0.38525836 -0.40869666 -0.43757863 -0.47013802 -0.50253614 -0.52957059 -0.5465635 -0.55128054 -0.54456256 -0.52953023 -0.5101759 -0.49011121 -0.47182504 -0.45649539 -0.44418358
-0.69562533 -0.69222016 -0.68832682 -0.68389314 -0.67886072 -0.67316484 -0.66673476 -0.65949458 -0.65136481 -0.64226503 -0.63211777 -0.62085397 -0.60842011 -0.59478699 -0.5799599 -0.56398919 -0.54698008 -0.52909964 -0.51057894 -0.49170809 -0.47282318 -0.45428526 -0.43645361 -0.41965709 -0.4041683 -0.39018492 -0.37782079 -0.36710733 -0.35800372 -0.35041275 -0.34419911 -0.33920724 -0.33527681 -0.3322549 -0.33000486 -0.32841241 -0.32738986 -0.32687947 -0.32685714 -0.32733759 -0.3283823 -0.33011164 -0.33272266 -0.33651323 -0.34191189 -0.34950709 -0.36005878 -0.37445424 -0.39354119 -0.41775694 -0.44653554 -0.47769867 -0.50735143 -0.5307981 -0.54427025 -0.54639095 -0.53843529 -0.52346441 -0.50506718 -0.48633025 -0.46928704 -0.45481903 -0.44281419
-0.68991874 -0.68605333 -0.68167041 -0.67671684 -0.67113409 -0.66485863 -0.65782262 -0.6499554 -0.64118565 -0.63144475 -0.62067123 -0.60881671 -0.59585305 -0.58178073 -0.56663765 -0.55050748 -0.5335262 -0.515885 -0.49782796 -0.47964346 -0.46164879 -0.4441694 -0.42751525 -0.41195764 -0.39771034 -0.38491764 -0.37365086 -0.36391277 -0.35564826 -0.34875865 -0.34311722 -0.33858386 -0.33501753 -0.33228617 -0.33027391 -0.32888645 -0.32805504 -0.32774021 -0.32793616 -0.32867679 -0.33004466 -0.3321838 -0.33531741 -0.33977036 -0.3459936 -0.35458169 -0.36626258 -0.38181939 -0.40188438 -0.42655176 -0.45484759 -0.48430886 -0.51113189 -0.53119133 -0.54155202 -0.54153219 -0.53269016 -0.51794692 -0.50048814 -0.48293213 -0.46692355 -0.45307824 -0.4410718
-0.68382959 -0.6795012 -0.67462896 -0.66915989 -0.66303681 -0.65619902 -0.6485835 -0.64012691 -0.63076828 -0.62045279 -0.60913666 -0.59679307 -0.58341905 -0.56904278 -0.5537308 -0.53759383 -0.52079006 -0.50352464 -0.48604413 -0.46862553 -0.45156048 -0.43513609 -0.41961497 -0.40521732 -0.3921077 -0.3803882 -0.37009847 -0.36122164 -0.35369477 -0.34742144 -0.34228484 -0.33815984 -0.33492318 -0.33246161 -0.33067802 -0.32949627 -0.32886516 -0.32876251 -0.32920016 -0.33023072 -0.33195713 -0.33454571 -0.338243 -0.34339523 -0.35046579 -0.36003923 -0.37278857 -0.38936654 -0.41017211 -0.43497024 -0.46244892 -0.48998268 -0.51397414 -0.53089175 -0.5385395 -0.53678051 -0.52733298 -0.51292457 -0.49635286 -0.4798203 -0.46462963 -0.45113213 -0.43870415
-0.67738628 -0.67259727 -0.66724193 -0.66126873 -0.6546232 -0.6472491 -0.63908995 -0.63009149 -0.62020471 -0.60938999 -0.59762195 -0.58489516 -0.57123028 -0.55668014 -0.54133494 -0.52532566 -0.50882459 -0.492042 -0.47521854 -0.45861332 -0.44248871 -0.42709359 -0.41264713 -0.39932546 -0.38725292 -0.37649885 -0.36707975 -0.35896592 -0.35209113 -0.34636358 -0.34167697 -0.33792046 -0.33498714 -0.33278084 -0.33122153 -0.33024976 -0.32983075 -0.32995876 -0.33066259 -0.3320129 -0.33413191 -0.33720619 -0.34150178 -0.34737949 -0.355304 -0.36583333 -0.37956442 -0.39699915 -0.41829691 -0.44292166 -0.46930107 -0.49475757 -0.51598287 -0.53003052 -0.53534076 -0.53218749 -0.52235192 -0.50833681 -0.49257412 -0.47689346 -0.46227963 -0.44878368 -0.43532762
-0.67062172 -0.66537975 -0.65955367 -0.65309456 -0.64595203 -0.63807569 -0.62941707 -0.61993232 -0.6095855 -0.59835275 -0.58622696 -0.57322294 -0.55938254 -0.54477931 -0.52952174 -0.5137545 -0.49765663 -0.48143639 -0.46532245 -0.44955207 -0.43435725 -0.41995066 -0.40651289 -0.39418295 -0.38305288 -0.373167 -0.36452535 -0.3570904 -0.35079578 -0.34555581 -0.3412748 -0.33785543 -0.33520582 -0.33324542 -0.33190988 -0.33115524 -0.33096216 -0.33134054 -0.33233544 -0.33403453 -0.33657781 -0.34016936 -0.34508998 -0.35170729 -0.36047545 -0.37190988 -0.38651313 -0.40462269 -0.42616301 -0.45033653 -0.47539023 -0.49868854 -0.51726486 -0.52872515 -0.53204165 -0.52778341 -0.51772121 -0.50411687 -0.48906015 -0.47403702 -0.45971056 -0.44574734 -0.43036891
-0.66357274 -0.65789086 -0.65161237 -0.64469207 -0.63708486 -0.62874737 -0.61964023 -0.60973088 -0.59899696 -0.58743025 -0.57504099 -0.56186229 -0.5479541 -0.53340639 -0.51834062 -0.5029091 -0.48729156 -0.47168876 -0.45631343 -0.44137911 -0.42708812 -0.41362001 -0.401122 -0.38970236 -0.3794276 -0.37032329 -0.36237811 -0.35555037 -0.34977573 -0.34497549 -0.34106442 -0.33795787 -0.33557788 -0.33385827 -0.33274916 -0.33222107 -0.3322692 -0.33291832 -0.33422878 -0.33630404 -0.33929981 -0.34343431 -0.34899757 -0.35635558 -0.36594004 -0.3782089 -0.39355586 -0.41214774 -0.43368859 -0.45716635 -0.48072378 -0.5018426 -0.51792407 -0.52707752 -0.52870712 -0.52358031 -0.51340342 -0.50019083 -0.48570911 -0.47111113 -0.45669932 -0.44160845 -0.42300994
-0.65627943 -0.65017589 -0.6434689 -0.63611802 -0.62808436 -0.61933251 -0.60983292 -0.59956469 -0.58851895 -0.57670241 -0.56414113 -0.55088403 -0.53700574 -0.52260831 -0.50782122 -0.49279925 -0.47771799 -0.46276691 -0.44814054 -0.43402844 -0.42060501 -0.40802041 -0.39639347 -0.38580745 -0.37630895 -0.36790974 -0.36059109 -0.35430975 -0.34900491 -0.34460526 -0.34103572 -0.33822357 -0.33610369 -0.33462321 -0.33374572 -0.33345528 -0.33376079 -0.33470098 -0.33635041 -0.33882671 -0.3422988 -0.34699498 -0.35320846 -0.36129477 -0.37165165 -0.38466665 -0.40061464 -0.41949274 -0.44080724 -0.46338243 -0.48532626 -0.50429361 -0.51805789 -0.52517295 -0.52538291 -0.51957435 -0.50935014 -0.49647474 -0.48240096 -0.46793471 -0.45293422 -0.4357806 -0.41217075
-0.64878428 -0.64228213 -0.63517559 -0.62742975 -0.61901269 -0.60989755 -0.60006488 -0.58950542 -0.57822319 -0.56623859 -0.55359153 -0.54034398 -0.52658172 -0.5124148 -0.49797637 -0.4834195 -0.46891209 -0.45462991 -0.4407484 -0.42743395 -0.41483554 -0.40307771 -0.39225557 -0.38243227 -0.37363914 -0.36587805 -0.35912579 -0.35333949 -0.34846279 -0.34443193 -0.34118162 -0.33865029 -0.33678477 -0.33554457 -0.33490582 -0.33486526 -0.33544462 -0.33669557 -0.33870556 -0.34160445 -0.34557133 -0.35084018 -0.35770082 -0.36648957 -0.37755956 -0.39121771 -0.40761482 -0.42658594 -0.44746832 -0.46897388 -0.48923522 -0.5061178 -0.51775432 -0.52308011 -0.52209709 -0.51574728 -0.50550111 -0.49286952 -0.47898621 -0.46426511 -0.44798331 -0.42747746 -0.39659109
-0.64113127 -0.63425787 -0.626785 -0.61868387 -0.60993003 -0.6005054 -0.5904006 -0.57961756 -0.56817215 -0.55609692 -0.54344336 -0.53028362 -0.51671128 -0.50284075 -0.48880521 -0.47475282 -0.46084137 -0.44723167 -0.4340802 -0.42153171 -0.40971251 -0.39872523 -0.38864538 -0.37952018 -0.3713694 -0.3641881 -0.35795076 -0.35261627 -0.34813328 -0.34444562 -0.34149731 -0.33923724 -0.3376234 -0.33662681 -0.3362353 -0.33645744 -0.33732685 -0.33890699 -0.34129663 -0.34463554 -0.34910967 -0.35495375 -0.36244762 -0.37189994 -0.38361009 -0.39779706 -0.41448717 -0.43336679 -0.45363663 -0.47394497 -0.49249721 -0.50738999 -0.51709017 -0.52085123 -0.51886136 -0.51206655 -0.50178143 -0.48925349 -0.47527166 -0.45977506 -0.44126783 -0.4157299 -0.37508323
-0.63336501 -0.62615132 -0.61834873 -0.60993496 -0.60089323 -0.59121421 -0.58089821 -0.56995749 -0.55841857 -0.54632427 -0.53373533 -0.52073134 -0.5074106 -0.49388876 -0.48029618 -0.46677377 -0.4534678 -0.44052374 -0.42807993 -0.41626138 -0.40517458 -0.39490363 -0.38550811 -0.37702271 -0.36945868 -0.36280661 -0.35704033 -0.35212141 -0.34800389 -0.34463901 -0.34197969 -0.33998463 -0.33862223 -0.33787421 -0.3377393 -0.33823703 -0.33941187 -0.34133777 -0.34412299 -0.34791462 -0.35290179 -0.35931495 -0.36741734 -0.37748233 -0.38974819 -0.4043419 -0.4211695 -0.43978656 -0.45929128 -0.47831231 -0.49516397 -0.50818061 -0.51612983 -0.51852255 -0.51567153 -0.50848426 -0.49809688 -0.48547246 -0.4710037 -0.45403088 -0.43205639 -0.39949236 -0.34697885
-0.62552974 -0.61800963 -0.60991643 -0.60123456 -0.59195486 -0.58207645 -0.57160868 -0.56057311 -0.54900538 -0.53695669 -0.52449475 -0.51170402 -0.49868485 -0.48555162 -0.4724297 -0.45945126 -0.44675034 -0.43445739 -0.42269382 -0.41156704 -0.40116642 -0.3915606 -0.3827963 -0.37489856 -0.36787249 -0.36170603 -0.35637357 -0.35184 -0.34806491 -0.34500677 -0.34262692 -0.34089328 -0.33978393 -0.33929057 -0.33942201 -0.34020779 -0.34170212 -0.34398793 -0.34718092 -0.35143271 -0.35693167 -0.36389888 -0.37257479 -0.38319087 -0.39591896 -0.41079333 -0.42760788 -0.44580838 -0.46442413 -0.48210173 -0.49728911 -0.50855328 -0.51492452 -0.51611449 -0.51250721 -0.50493439 -0.49432743 -0.48132793 -0.46585144 -0.44648012 -0.41950442 -0.37787625 -0.3126451
-0.61766861 -0.609878 -0.60153485 -0.59263024 -0.5831624 -0.57313832 -0.56257554 -0.55150372 -0.53996605 -0.52802021 -0.51573875 -0.50320869 -0.49053026 -0.4778146 -0.46518057 -0.45275075 -0.44064686 -0.42898506 -0.41787133 -0.40739757 -0.39763859 -0.38865026 -0.38046903 -0.37311264 -0.36658192 -0.36086358 -0.35593344 -0.35176014 -0.34830885 -0.34554504 -0.34343799 -0.34196426 -0.34111096 -0.34087901 -0.34128644 -0.34237184 -0.34419788 -0.34685483 -0.3504636 -0.35517728 -0.36117954 -0.36867711 -0.37788205 -0.38897858 -0.40206915 -0.41709765 -0.43375727 -0.4514067 -0.4690378 -0.48534539 -0.49892513 -0.508563 -0.51351168 -0.51363141 -0.50933038 -0.50132879 -0.49031896 -0.47656441 -0.45939408 -0.43646225 -0.40276714 -0.35049725 -0.27376327
