Interpolating SPI Data/spi_stations/interpolated_spi/12-22_1.tif
NCOLS 257
NROWS 141
XLLCORNER -178.27925
YLLCORNER 5.3153543
DX 0.49934803
DY 0.49997533
NODATA_VALUE -9999
[rows 0 to 26 of 141, columns 0 to 61 of 257]
0.80596702 0.81769105 0.82967653 0.84189995 0.85433386 0.86694672 0.87970279 0.89256221 0.90548108 0.9184117 0.9313029 0.94410057 0.95674826 0.96918796 0.98136096 0.99320893 1.004675 1.0157048 1.0262478 1.0362586 1.0456976 1.0545324 1.0627381 1.0702985 1.077206 1.0834617 1.0890755 1.0940652 1.0984561 1.10228 1.1055742 1.10838 1.1107417 1.1127051 1.1143164 1.1156211 1.1166629 1.1174827 1.1181183 1.1186035 1.1189683 1.1192383 1.1194353 1.119577 1.119678 1.1197493 1.1197997 1.1198354 1.1198611 1.11988 1.1198943 1.1199055 1.1199144 1.1199217 1.1199277 1.1199326 1.1199365 1.1199394 1.1199414 1.1199424 1.1199422 1.1199406
0.76931102 0.78096829 0.79296449 0.80528313 0.81790356 0.83080072 0.84394486 0.85730133 0.8708305 0.88448769 0.89822334 0.91198323 0.92570888 0.93933817 0.95280606 0.96604559 0.97898897 0.99156885 1.0037197 1.0153794 1.0264904 1.0370015 1.0468691 1.0560582 1.0645433 1.0723095 1.079352 1.0856768 1.0912997 1.0962461 1.1005495 1.1042504 1.1073948 1.110033 1.1122171 1.1140004 1.1154355 1.1165728 1.11746 1.1181407 1.118654 1.1190344 1.1193114 1.1195094 1.1196488 1.1197453 1.1198115 1.1198565 1.1198873 1.1199085 1.1199235 1.1199344 1.1199427 1.1199492 1.1199545 1.1199588 1.1199623 1.1199651 1.1199673 1.119969 1.11997 1.1199704
0.73001621 0.74139072 0.75317376 0.76535726 0.77792925 0.79087338 0.80416853 0.8177884 0.83170109 0.84586889 0.86024803 0.87478863 0.88943475 0.9041247 0.91879145 0.93336338 0.94776516 0.961919 0.97574596 0.98916763 1.0021079 1.0144947 1.0262621 1.0373518 1.0477151 1.057314 1.0661226 1.0741274 1.0813278 1.0877356 1.0933745 1.0982789 1.1024923 1.1060657 1.1090557 1.1115223 1.113527 1.115131 1.1163933 1.1173698 1.1181115 1.1186643 1.1190682 1.1193574 1.1195602 1.1196996 1.1197935 1.1198558 1.1198967 1.1199233 1.1199408 1.1199526 1.1199608 1.1199667 1.1199713 1.1199749 1.1199778 1.1199801 1.119982 1.1199836 1.1199847 1.1199856
0.68840937 0.69927226 0.7105999 0.72239342 0.73465063 0.74736553 0.76052771 0.77412182 0.78812697 0.8025162 0.81725597 0.83230569 0.84761748 0.86313588 0.87879798 0.89453356 0.91026566 0.9259114 0.94138306 0.95658957 0.97143827 0.98583699 0.99969625 1.0129317 1.0254664 1.0372335 1.0481777 1.0582574 1.0674461 1.0757326 1.0831212 1.0896316 1.095297 1.1001632 1.1042861 1.1077291 1.1105612 1.1128539 1.1146789 1.1161061 1.1172014 1.1180255 1.1186327 1.1190704 1.1193788 1.1195908 1.1197333 1.1198266 1.1198865 1.1199242 1.1199476 1.1199622 1.1199714 1.1199774 1.1199816 1.1199846 1.1199869 1.1199887 1.1199902 1.1199914 1.1199924 1.1199931
0.64493219 0.65505532 0.66568128 0.67682024 0.68848 0.70066543 0.71337793 0.72661473 0.74036822 0.75462523 0.76936625 0.78456471 0.80018624 0.81618806 0.83251843 0.84911634 0.86591133 0.88282373 0.89976513 0.91663931 0.93334358 0.94977061 0.96581062 0.98135404 0.99629442 1.0105315 1.0239746 1.036545 1.0481795 1.0588318 1.0684743 1.0770987 1.0847162 1.0913558 1.0970635 1.1018988 1.1059328 1.1092442 1.1119165 1.1140345 1.1156813 1.1169362 1.117872 1.1185542 1.1190396 1.1193762 1.1196034 1.1197526 1.1198477 1.1199067 1.1199424 1.1199635 1.1199758 1.1199831 1.1199875 1.1199903 1.1199922 1.1199936 1.1199947 1.1199956 1.1199962 1.1199968
0.60012814 0.60929957 0.61899051 0.62921903 0.64000199 0.65135451 0.66328948 0.6758169 0.68894321 0.70267051 0.71699567 0.7319094 0.74739531 0.76342885 0.77997634 0.79699403 0.81442728 0.83220994 0.85026394 0.86849937 0.88681487 0.90509862 0.92322991 0.94108134 0.95852163 0.97541901 0.99164507 1.0070788 1.021611 1.0351479 1.047615 1.0589596 1.0691527 1.0781899 1.0860906 1.0928964 1.0986686 1.1034849 1.1074346 1.1106153 1.1131276 1.1150717 1.1165438 1.1176328 1.1184187 1.118971 1.1193484 1.1195987 1.1197594 1.1198592 1.1199191 1.1199539 1.1199734 1.1199842 1.11999 1.1199932 1.1199951 1.1199963 1.1199971 1.1199977 1.1199982 1.1199985
0.55461813 0.56265761 0.57121068 0.5803014 0.58995373 0.6001912 0.61103649 0.62251093 0.63463393 0.64742229 0.66088936 0.67504415 0.68989025 0.70542469 0.72163665 0.73850613 0.75600258 0.7740835 0.79269325 0.81176189 0.83120447 0.85092065 0.87079495 0.89069765 0.91048655 0.93000957 0.94910827 0.96762228 0.98539429 1.0022757 1.0181321 1.032849 1.0463364 1.0585324 1.0694056 1.078956 1.0872135 1.0942359 1.1001046 1.1049194 1.1087935 1.1118467 1.1142008 1.1159739 1.1172764 1.1182078 1.1188551 1.1192912 1.1195754 1.1197542 1.1198625 1.1199254 1.1199606 1.1199794 1.1199891 1.119994 1.1199964 1.1199977 1.1199984 1.1199988 1.1199991 1.1199993
0.50906671 0.51583891 0.52309743 0.53086988 0.53918469 0.54807102 0.55755848 0.56767685 0.5784557 0.58992386 0.60210885 0.61503611 0.62872813 0.64320335 0.65847496 0.67454949 0.69142517 0.7090902 0.7275209 0.74667974 0.76651347 0.78695133 0.80790361 0.82926069 0.85089272 0.8726503 0.89436615 0.91585814 0.93693359 0.95739492 0.97704642 0.99570181 1.0131921 1.0293733 1.0441328 1.057395 1.0691241 1.0793247 1.0880404 1.0953495 1.1013594 1.106199 1.1100107 1.1129431 1.1151431 1.1167498 1.1178898 1.1186739 1.1191954 1.1195299 1.1197361 1.119858 1.1199268 1.1199638 1.1199827 1.1199919 1.1199961 1.119998 1.1199989 1.1199993 1.1199995 1.1199997
0.46414257 0.46956612 0.47543094 0.48176553 0.48859995 0.49596579 0.50389613 0.51242543 0.52158936 0.53142458 0.54196838 0.55325828 0.5653314 0.57822378 0.59196939 0.60659904 0.62213897 0.63860917 0.65602148 0.67437741 0.69366559 0.71385917 0.73491302 0.75676099 0.77931333 0.80245469 0.82604278 0.84990826 0.87385601 0.89766822 0.9211095 0.94393399 0.96589435 0.98675222 1.0062894 1.0243189 1.0406946 1.055319 1.0681475 1.0791894 1.0885051 1.0961998 1.1024148 1.1073169 1.1110868 1.1139091 1.1159616 1.1174087 1.1183952 1.1190438 1.1194536 1.1197016 1.1198448 1.1199234 1.1199642 1.1199842 1.1199933 1.1199973 1.1199989 1.1199995 1.1199997 1.1199998
0.42047808 0.42452923 0.42896397 0.43380938 0.43909448 0.44485028 0.45110986 0.45790846 0.46528348 0.47327448 0.48192316 0.4912732 0.50137005 0.51226063 0.52399284 0.53661492 0.55017459 0.56471791 0.58028785 0.59692251 0.61465287 0.63350021 0.65347298 0.67456329 0.69674302 0.71995972 0.74413246 0.76914805 0.79485788 0.82107618 0.84757997 0.87411151 0.90038375 0.92608889 0.95091018 0.9745364 0.99667802 1.0170836 1.0355549 1.0519582 1.066232 1.0783879 1.0885069 1.0967294 1.103242 1.1082619 1.1120206 1.1147487 1.1166637 1.1179602 1.118804 1.1193302 1.1196433 1.1198202 1.1199146 1.119962 1.1199843 1.1199939 1.1199978 1.1199992 1.1199997 1.1199999
0.37863327 0.38134373 0.38437343 0.38774634 0.39148839 0.39562758 0.40019419 0.40522089 0.41074294 0.41679832 0.42342791 0.43067559 0.43858833 0.44721625 0.45661257 0.46683352 0.47793803 0.48998735 0.50304437 0.51717269 0.53243529 0.54889282 0.56660133 0.58560935 0.60595433 0.62765833 0.65072289 0.67512329 0.70080229 0.72766371 0.75556634 0.78431905 0.81367779 0.84334584 0.87297804 0.90219014 0.93057351 0.95771484 0.9832197 1.0067376 1.0279861 1.04677 1.0629937 1.0766647 1.0878872 1.0968479 1.1037951 1.109015 1.1128077 1.1154656 1.117257 1.1184142 1.1191277 1.1195459 1.1197775 1.1198981 1.1199566 1.119983 1.1199939 1.119998 1.1199994 1.1199998
0.3390683 0.34051802 0.34222182 0.34419958 0.3464729 0.34906531 0.3520024 0.35531203 0.35902458 0.36317316 0.36779386 0.37292599 0.37861237 0.3848996 0.39183832 0.39948346 0.40789445 0.41713537 0.42727502 0.43838683 0.45054862 0.46384203 0.47835167 0.49416375 0.51136412 0.53003554 0.55025406 0.57208423 0.59557312 0.62074298 0.64758256 0.67603738 0.70599935 0.73729666 0.76968524 0.80284338 0.83637169 0.86980026 0.90260468 0.93423148 0.96413175 0.99180019 1.0168147 1.0388704 1.0578034 1.073599 1.0863843 1.096406 1.1039979 1.1095434 1.1134387 1.1160618 1.1177489 1.1187808 1.119378 1.1197031 1.1198684 1.1199463 1.11998 1.1199933 1.119998 1.1199995
0.3021271 0.30243348 0.30293293 0.30364095 0.30457444 0.30575183 0.30719328 0.30892082 0.31095862 0.31333314 0.31607348 0.31921157 0.32278258 0.32682519 0.33138201 0.33649997 0.34223077 0.34863133 0.35576428 0.36369843 0.37250921 0.38227907 0.39309776 0.40506246 0.41827761 0.43285437 0.44890949 0.46656344 0.48593754 0.50714962 0.53030812 0.55550408 0.58280066 0.61222031 0.64372927 0.67722051 0.71249595 0.74925056 0.78706136 0.82538536 0.8635707 0.90088408 0.93655562 0.96983803 1.0000732 1.0267553 1.0495792 1.0684635 1.083545 1.0951451 1.1037179 1.1097887 1.1138945 1.1165364 1.1181463 1.1190702 1.1195661 1.1198134 1.1199267 1.119974 1.1199918 1.1199977
0.26803268 0.26733809 0.26678324 0.26637958 0.26613954 0.26607669 0.2662059 0.26654341 0.26710705 0.26791642 0.2689931 0.27036088 0.27204603 0.27407763 0.27648793 0.27931271 0.28259175 0.28636935 0.29069487 0.2956234 0.30121643 0.30754261 0.31467863 0.32271006 0.33173226 0.34185127 0.35318458 0.36586178 0.38002483 0.39582776 0.41343559 0.43302192 0.45476485 0.47884034 0.50541244 0.53461941 0.56655509 0.60124499 0.63861756 0.67847233 0.7204485 0.76400008 0.80838599 0.85268441 0.89583928 0.93674118 0.97433578 1.0077425 1.0363585 1.0599242 1.0785331 1.0925874 1.1027106 1.1096423 1.1141368 1.1168831 1.1184552 1.1192922 1.1197033 1.1198875 1.1199619 1.1199887
0.23689281 0.23535212 0.23390759 0.23256721 0.23133968 0.23023445 0.22926183 0.22843307 0.22776048 0.22725756 0.22693917 0.22682165 0.22692305 0.22726337 0.22786477 0.2287519 0.22995224 0.23149649 0.23341905 0.23575851 0.23855832 0.24186747 0.24574129 0.25024247 0.25544204 0.2614207 0.26827016 0.27609471 0.28501291 0.29515945 0.30668693 0.31976772 0.33459536 0.35138544 0.37037527 0.39182168 0.41599576 0.4431733 0.47361887 0.50756157 0.54516034 0.58645764 0.63132225 0.67938595 0.72998472 0.78212184 0.8344758 0.88547429 0.93344342 0.97681692 1.0143618 1.0453592 1.0696866 1.0877788 1.1004872 1.1088865 1.1140859 1.1170824 1.1186782 1.1194563 1.1197996 1.1199349
0.20871348 0.20648312 0.20431563 0.20221643 0.20019135 0.19824667 0.19638923 0.19462642 0.19296629 0.19141759 0.1899899 0.18869371 0.18754055 0.18654308 0.18571533 0.18507281 0.18463273 0.18441432 0.18443903 0.18473092 0.18531707 0.18622803 0.1874984 0.18916749 0.1912801 0.19388746 0.19704838 0.20083051 0.20531195 0.21058309 0.21674884 0.22393114 0.23227201 0.24193695 0.25311879 0.26604182 0.28096608 0.29819127 0.3180595 0.34095568 0.36730337 0.39755291 0.43215752 0.4715316 0.51598487 0.56562762 0.62024792 0.679174 0.74115472 0.80431318 0.86623865 0.92425931 0.97587114 1.0192093 1.0533942 1.0786206 1.095969 1.1070409 1.1135634 1.117085 1.1188111 1.1195699
0.18341718 0.18064642 0.17791508 0.17522681 0.17258547 0.16999519 0.16746038 0.16498579 0.16257652 0.16023805 0.15797632 0.15579773 0.15370927 0.15171853 0.14983379 0.14806415 0.14641959 0.14491113 0.14355098 0.14235271 0.14133144 0.14050414 0.13988987 0.13951019 0.13938953 0.13955573 0.14004069 0.14088105 0.14211917 0.14380418 0.14599339 0.14875395 0.15216487 0.15631958 0.16132906 0.16732563 0.17446773 0.18294567 0.19298859 0.20487288 0.21893181 0.23556642 0.2552566 0.27857089 0.30617136 0.33880746 0.37728855 0.42241937 0.47487788 0.53501431 0.60256498 0.6763154 0.75382364 0.83139701 0.90452304 0.96878708 1.0209867 1.0599201 1.0864527 1.1028996 1.1121213 1.1167607
0.16086305 0.15768791 0.15453738 0.15141402 0.1483205 0.14525963 0.14223437 0.13924786 0.13630339 0.13340448 0.13055482 0.12775837 0.12501934 0.12234223 0.11973186 0.1171934 0.11473246 0.11235507 0.11006781 0.10787784 0.10579302 0.10382198 0.10197427 0.1002605 0.098692507 0.097283584 0.096048726 0.095004955 0.094171698 0.093571264 0.093229422 0.093176128 0.093446421 0.094081554 0.095130413 0.09665132 0.09871432 0.10140412 0.10482386 0.10910001 0.11438868 0.12088385 0.12882815 0.13852669 0.15036506 0.16483207 0.1825479 0.2042971 0.23106335 0.26405762 0.30472019 0.35465869 0.41545636 0.48825941 0.57306672 0.66778192 0.76742192 0.86427178 0.94967128 1.0169916 1.0639824 1.0928655
0.14086647 0.13740615 0.13396267 0.13053805 0.12713434 0.12375369 0.12039832 0.11707054 0.11377274 0.11050741 0.10727711 0.10408453 0.10093247 0.09782382 0.094761631 0.091749076 0.088789485 0.085886359 0.083043382 0.080264454 0.077553707 0.074915543 0.07235467 0.069876146 0.067485434 0.065188471 0.062991742 0.060902381 0.058928291 0.057078285 0.055362267 0.053791458 0.052378665 0.051138636 0.050088486 0.049248259 0.048641624 0.048296784 0.048247648 0.048535356 0.049210295 0.050334762 0.051986548 0.054263768 0.057291466 0.061230712 0.066291253 0.072749256 0.080972345 0.091455069 0.10486907 0.12213332 0.14450975 0.17372589 0.21211075 0.26268821 0.3290735 0.41483921 0.52183435 0.64719101 0.7803136 0.90369427
0.12321658 0.11957199 0.11594183 0.11232793 0.10873216 0.10515643 0.10160271 0.098073 0.094569365 0.091093903 0.087648761 0.084236133 0.080858258 0.07751742 0.074215948 0.070956218 0.067740652 0.064571717 0.061451931 0.058383862 0.055370128 0.052413407 0.049516436 0.046682022 0.043913046 0.041212475 0.038583378 0.036028939 0.033552483 0.031157498 0.028847674 0.026626944 0.024499538 0.022470054 0.020543542 0.018725614 0.017022587 0.015441659 0.013991139 0.012680748 0.011522003 0.010528732 0.0097177467 0.0091097496 0.0087305618 0.0086128018 0.0087982156 0.0093409536 0.010312248 0.011807193 0.013954743 0.016932719 0.020990742 0.026485953 0.033939662 0.044128671 0.058234255 0.078085681 0.10655068 0.14812 0.20961394 0.3004172
0.10769088 0.10394472 0.10021438 0.096501728 0.092808669 0.089137144 0.085489133 0.081866647 0.078271735 0.074706474 0.071172969 0.067673352 0.064209779 0.060784422 0.057399473 0.054057134 0.050759618 0.047509141 0.044307918 0.041158164 0.038062079 0.035021854 0.032039657 0.029117633 0.0262579 0.023462537 0.020733587 0.018073047 0.015482868 0.012964948 0.01052113 0.0081532012 0.0058628925 0.0036518795 0.0015217866 -0.00052580658 -0.0024893543 -0.0043673298 -0.0061582036 -0.0078604144 -0.0094723296 -0.010992192 -0.01241805 -0.013747663 -0.014978377 -0.016106955 -0.017129349 -0.018040391 -0.018833363 -0.019499394 -0.020026604 -0.020398872 -0.020594003 -0.020580985 -0.020315741 -0.019734418 -0.018742442 -0.017196129 -0.014870687 -0.011402422 -0.0061800179 0.0018688465
0.094066484 0.090284477 0.086522131 0.082781455 0.079064497 0.07537334 0.071710102 0.068076931 0.064476005 0.060909526 0.057379718 0.053888824 0.0504391 0.047032812 0.04367223 0.040359625 0.037097261 0.033887389 0.030732241 0.027634027 0.024594922 0.021617061 0.018702532 0.015853368 0.013071535 0.010358929 0.0077173617 0.0051485536 0.0026541247 0.00023558437 -0.002105678 -0.0043684024 -0.0065514679 -0.0086539014 -0.010674887 -0.012613772 -0.014470081 -0.016243514 -0.017933958 -0.019541491 -0.021066386 -0.02250911 -0.023870325 -0.025150886 -0.026351837 -0.027474397 -0.028519952 -0.029490036 -0.030386304 -0.031210503 -0.03196443 -0.032649876 -0.03326855 -0.033821983 -0.034311384 -0.034737451 -0.035100079 -0.035397934 -0.035627783 -0.035783414 -0.035853805 -0.035819914
0.082128305 0.078361051 0.074618662 0.070903315 0.067217222 0.063562629 0.059941813 0.056357075 0.052810743 0.049305162 0.045842691 0.042425701 0.039056566 0.03573766 0.03247135 0.029259989 0.02610591 0.02301142 0.019978787 0.017010238 0.014107948 0.01127403 0.0085105255 0.005819397 0.0032025162 0.00066165369 -0.001801531 -0.0041855007 -0.0064888512 -0.0087103227 -0.01084881 -0.012903375 -0.014873254 -0.016757873 -0.018556852 -0.020270018 -0.021897415 -0.023439307 -0.024896187 -0.026268783 -0.027558062 -0.028765233 -0.029891745 -0.030939289 -0.031909793 -0.032805417 -0.033628543 -0.034381769 -0.035067888 -0.035689879 -0.036250884 -0.036754186 -0.037203183 -0.037601365 -0.037952278 -0.038259496 -0.038526584 -0.038757064 -0.038954376 -0.039121838 -0.039262607 -0.039379636
0.071674532 0.067959645 0.064275379 0.060624052 0.057008009 0.053429622 0.049891288 0.046395421 0.042944447 0.039540802 0.036186925 0.032885252 0.029638206 0.026448199 0.023317615 0.020248808 0.017244091 0.014305729 0.011435929 0.0086368294 0.0059104931 0.0032588936 0.00068390636 -0.0018127028 -0.0042292888 -0.0065643389 -0.0088164843 -0.010984511 -0.013067374 -0.015064203 -0.016974322 -0.018797251 -0.020532723 -0.022180692 -0.02374134 -0.025215087 -0.026602595 -0.027904777 -0.0291228 -0.030258082 -0.0313123 -0.032287384 -0.033185509 -0.034009096 -0.034760794 -0.035443475 -0.036060212 -0.036614262 -0.037109047 -0.037548126 -0.037935165 -0.038273914 -0.038568166 -0.038821725 -0.039038371 -0.03922182 -0.039375692 -0.039503469 -0.039608464 -0.039693793 -0.039762343 -0.039816756
0.062519854 0.058884153 0.055284807 0.051724219 0.048204811 0.044729022 0.0412993 0.0379181 0.034587875 0.031311072 0.028090122 0.024927439 0.021825405 0.018786366 0.015812622 0.012906421 0.010069945 0.0073053011 0.0046145146 0.001999515 -0.00053787409 -0.0029959455 -0.0053731205 -0.0076679601 -0.0098791769 -0.012005646 -0.014046419 -0.016000729 -0.01786801 -0.019647902 -0.021340261 -0.022945169 -0.024462942 -0.02589414 -0.027239567 -0.028500278 -0.029677584 -0.030773049 -0.031788489 -0.032725972 -0.033587805 -0.034376534 -0.035094922 -0.035745944 -0.036332763 -0.036858711 -0.037327267 -0.037742028 -0.038106681 -0.03842497 -0.038700667 -0.038937531 -0.039139275 -0.039309533 -0.039451821 -0.039569506 -0.039665776 -0.039743613 -0.039805773 -0.039854767 -0.039892852 -0.039922027
0.054496982 0.050958558 0.047461824 0.044009206 0.040603139 0.037246059 0.033940398 0.030688574 0.027492992 0.024356028 0.021280026 0.01826729 0.015320072 0.012440566 0.009630898 0.0068931144 0.0042291742 0.001640937 -0.00086984735 -0.0033015494 -0.0056526716 -0.007921859 -0.010107911 -0.012209791 -0.014226639 -0.016157781 -0.01800274 -0.019761243 -0.021433235 -0.02301888 -0.024518574 -0.025932947 -0.027262871 -0.028509457 -0.029674063 -0.030758288 -0.031763974 -0.032693195 -0.033548255 -0.034331674 -0.03504618 -0.035694689 -0.03628029 -0.036806224 -0.037275861 -0.037692675 -0.038060214 -0.038382078 -0.038661878 -0.038903213 -0.039109639 -0.039284629 -0.039431555 -0.03955365 -0.039653989 -0.039735463 -0.039800764 -0.039852366 -0.039892518 -0.039923236 -0.039946307 -0.039963285
0.047456924 0.044026992 0.040643464 0.037308733 0.034025185 0.030795192 0.027621104 0.024505243 0.021449896 0.018457303 0.015529655 0.012669078 0.0098776302 0.007157287 0.0045099356 0.0019373625 -0.00055875574 -0.0029768633 -0.0053155352 -0.0075734879 -0.0097495892 -0.011842869 -0.013852529 -0.015777952 -0.017618711 -0.019374578 -0.02104553 -0.022631758 -0.024133673 -0.025551908 -0.026887322 -0.028141005 -0.029314273 -0.03040867 -0.031425966 -0.032368146 -0.033237406 -0.034036144 -0.034766947 -0.035432575 -0.036035947 -0.036580123 -0.037068279 -0.037503691 -0.037889707 -0.038229721 -0.038527152 -0.038785413 -0.039007884 -0.039197892 -0.039358678 -0.039493379 -0.039605001 -0.039696404 -0.039770278 -0.039829134 -0.039875287 -0.039910848 -0.039937719 -0.039957587 -0.039971923 -0.039981989
