Interpolating SPI Data/spi_stations/interpolated_spi/2-19_2.tif
NCOLS 257
NROWS 141
XLLCORNER -178.27925
YLLCORNER 5.3153543
DX 0.49934803
DY 0.49997533
NODATA_VALUE -9999
[rows 58 to 86 of 141, columns 64 to 127 of 257]
-1.7711261 -1.7732336 -1.7753508 -1.777434 -1.7794424 -1.7813358 -1.7830761 -1.784631 -1.7859772 -1.7871036 -1.7880123 -1.788718 -1.7892465 -1.7896306 -1.7899075 -1.7901162 -1.7902986 -1.7905055 -1.790816 -1.7913854 -1.7925601 -1.7949291 -1.793092 -1.586733 -0.62556655 -0.49532177 -0.49457766 -0.50032794 -0.52087689 -0.60453393 -0.82161641 -0.95237158 -0.96918766 -0.97237601 -1.0833449 -1.6985992 -1.7199621 -1.72 -1.7199992 -1.3209131 -0.82 -0.82 -0.82 -0.82 -0.82 -0.82000039 -0.88 -0.88 -0.88 -0.9 -0.59000258 -0.59 1.02 1.02 1.02 1.0199978 0.69 0.69 0.69 0.52 0.52 0.52 -0.069986474 -0.07
-1.7734923 -1.7754655 -1.7774113 -1.7792953 -1.7810842 -1.7827463 -1.7842541 -1.7855861 -1.7867298 -1.7876827 -1.7884528 -1.7890576 -1.7895228 -1.7898795 -1.7901639 -1.7904169 -1.7906902 -1.7910587 -1.7916513 -1.7926991 -1.7943879 -1.7926098 -1.7002106 -0.92138988 -0.51576525 -0.49905456 -0.50647159 -0.52846068 -0.59426588 -0.75188974 -0.91231694 -0.96290049 -0.97200207 -1.0091765 -1.4653766 -1.7151444 -1.7199675 -1.7199948 -1.6767188 -0.81985143 -0.81998719 -0.81999977 -0.82 -0.82 -0.82000004 -0.88 -0.88 -0.88 -0.88 -0.88000002 -0.58874475 0.76 0.76083887 1.02 1.02 1.0199614 0.69 0.69 1.33 1.33 1.3299931 0.54312674 0.72 0.7199999
-1.7755184 -1.7773489 -1.7791287 -1.7808299 -1.7824261 -1.7838933 -1.7852125 -1.7863705 -1.7873624 -1.7881912 -1.7888689 -1.7894148 -1.7898549 -1.7902216 -1.7905538 -1.7909012 -1.7913331 -1.7919543 -1.792909 -1.7941334 -1.7922 -1.7419617 -1.2672945 -0.59366277 -0.50825722 -0.51374566 -0.53623746 -0.59073706 -0.70675079 -0.8573517 -0.94351854 -0.96899395 -0.99321935 -1.1891896 -1.6467491 -1.7178501 -1.7178856 -0.57544883 0.14714968 0.14951287 0.14996035 0.14999893 0.14999999 0.15 0.13408289 -0.23 -0.23 -0.23000117 -0.86787443 -0.16031502 0.76 0.76 0.76 0.76 0.76014237 1.73 1.73 1.73 1.33 1.33 1.33 0.72 0.72 0.72
-1.7772619 -1.7789541 -1.7805816 -1.7821218 -1.7835544 -1.7848621 -1.7860324 -1.7870588 -1.7879413 -1.7886876 -1.7893122 -1.7898366 -1.7902891 -1.7907055 -1.7911319 -1.7916293 -1.7922782 -1.7931498 -1.7940063 -1.7918374 -1.7595496 -1.4927381 -0.77810461 -0.53335602 -0.52269206 -0.54406439 -0.59057396 -0.6792929 -0.80544031 -0.9096593 -0.95854223 -0.986298 -1.0809562 -1.444299 -1.6786209 -0.75344052 0.14779176 0.14999888 0.14999998 0.15 0.15 0.15 0.15 0.15 0.15 -0.23 -0.23 -0.23 -0.16 -0.16 0.75999963 0.76 0.76 0.76 0.76000006 1.73 1.73 1.73 1.73 1.33 0.72 0.72 0.72 0.72
-1.778779 -1.7803443 -1.7818374 -1.7832405 -1.7845386 -1.7857197 -1.7867769 -1.7877084 -1.7885188 -1.7892188 -1.7898261 -1.790365 -1.7908672 -1.7913733 -1.791934 -1.7926039 -1.7933884 -1.793919 -1.7914722 -1.7679231 -1.6097742 -1.0356176 -0.59910122 -0.53667894 -0.55215823 -0.59226954 -0.66270665 -0.76481332 -0.86886397 -0.93774482 -0.97762585 -1.0401174 -1.2409917 -0.85607269 0.12868426 0.14994562 0.14999996 0.15 0.15 0.15 0.15 0.15 0.15 0.15 0.15 0.15 -0.23 -0.23 -0.16 -0.16 -0.16 0.76 0.76 0.76 0.76148208 1.73 1.73 1.73 1.7300395 2.05 0.72000007 0.72 0.72 0.72003606
-1.7801202 -1.7815738 -1.7829524 -1.7842426 -1.7854339 -1.7865189 -1.7874951 -1.7883648 -1.7891361 -1.7898229 -1.7904457 -1.7910315 -1.791614 -1.7922312 -1.7929098 -1.7935941 -1.7938138 -1.7910608 -1.7722258 -1.669626 -1.2676901 -0.72930559 -0.56501385 -0.56185071 -0.59521036 -0.65276151 -0.7355035 -0.82981087 -0.90871461 -0.962539 -1.0132798 -0.93753036 0.03831372 0.14855972 0.14999294 0.15 0.15 0.15 0.15 0.15 0.15 0.15 0.15 0.15 0.15 0.15 -0.22894107 -0.16 -0.16 -0.16 -0.1497745 1.25 1.25 1.25 1.25 1.7683274 1.799997 1.8 2.05 2.05 2.05 0.838631 0.72 1.1800038
-1.7813295 -1.7826881 -1.7839727 -1.7851737 -1.7862843 -1.7873011 -1.7882253 -1.7890625 -1.7898238 -1.7905254 -1.7911892 -1.7918405 -1.7925024 -1.7931725 -1.7937378 -1.7936474 -1.7905671 -1.7744681 -1.7019115 -1.4291976 -0.91273933 -0.62278132 -0.57699266 -0.5996039 -0.64708124 -0.71503211 -0.79699091 -0.87646901 -0.93813324 -0.94447709 -0.34040636 0.13192939 0.14984762 0.15002887 0.15000461 0.15000047 0.15000004 0.15 0.15 0.15 0.15 0.15 0.15 0.15 0.15 0.15 1.11 1.1084678 -0.15914353 1.12 1.12 1.25 1.25 1.25 1.25 1.8 1.8 1.8 2.05 2.05 2.05 2.0496476 1.3299996 1.33
-1.7824439 -1.7837248 -1.7849354 -1.7860693 -1.7871231 -1.7880967 -1.7889938 -1.7898227 -1.7905957 -1.7913284 -1.7920368 -1.7927274 -1.7933675 -1.7937913 -1.7933843 -1.7899609 -1.7755296 -1.7204027 -1.530713 -1.1034539 -0.72153526 -0.60495093 -0.60697106 -0.64452926 -0.70094673 -0.77098265 -0.84367919 -0.88943154 -0.6891709 0.04475508 0.1804839 0.17015875 0.15973076 0.15385135 0.15118145 0.15025712 0.15003507 0.15000261 0.15000013 0.15000002 0.15 0.15 0.15 0.15000208 1.1099815 1.11 1.11 1.11 1.12 1.12 1.12 1.25 1.25 1.25 1.25 1.8 1.8 1.8 1.8000065 2.05 1.2001968 1.2 1.2875501 1.33
-1.7834927 -1.7847128 -1.785868 -1.7869549 -1.7879723 -1.7889226 -1.7898109 -1.7906454 -1.791435 -1.7921852 -1.7928847 -1.7934705 -1.7937282 -1.7929947 -1.7892169 -1.7758326 -1.7314931 -1.5935641 -1.2634255 -0.85592949 -0.65489138 -0.62072663 -0.64490463 -0.69066929 -0.74626934 -0.78253843 -0.61177535 0.24172895 0.71578736 0.74021536 0.7133165 0.6762889 0.62912207 0.56974217 0.49681366 0.41172794 0.32157346 0.24064479 0.18473434 0.15838131 0.15113602 0.1521128 0.80805638 1.1099999 1.11 1.11 1.11 1.11 1.12 1.12 1.12 1.1210154 1.25 1.25 1.25 1.8 1.8 1.8 1.8 1.2 1.2 1.2 1.2 1.33
-1.7844974 -1.7856718 -1.7867875 -1.787843 -1.7888386 -1.7897767 -1.7906608 -1.7914928 -1.7922666 -1.7929524 -1.7934573 -1.7935239 -1.7924532 -1.7883136 -1.7755949 -1.7383096 -1.6332485 -1.3823641 -1.0037017 -0.73217783 -0.64529739 -0.64632521 -0.66937487 -0.64944871 -0.32274025 0.64093815 1.1695964 1.2574445 1.2806099 1.2979907 1.3136654 1.3273712 1.3386924 1.3473708 1.3534023 1.3570833 1.3589699 1.3597322 1.3599544 1.3599957 1.3599998 1.3599999 1.3599946 1.2201634 1.11 1.11 1.11 1.11 1.1199659 1.12 1.12 1.1200017 1.25 1.25 1.2610864 1.7999669 1.8 1.8 1.7970912 1.2 1.2 1.2 1.2 1.33
-1.7854698 -1.7866101 -1.787697 -1.7887292 -1.7897062 -1.7906264 -1.791484 -1.7922609 -1.7929084 -1.7933053 -1.7931565 -1.7917384 -1.787233 -1.774934 -1.7424732 -1.6589882 -1.4661569 -1.140729 -0.83107373 -0.67776587 -0.62060001 -0.51187676 -0.046764943 0.82598527 1.2507077 1.3294713 1.3436334 1.349604 1.353671 1.3564656 1.3582324 1.359231 1.3597201 1.3599191 1.3599828 1.3599976 1.3599998 1.36 1.36 1.36 1.36 1.36 1.36 1.36 1.36 1.36 1.1100019 1.11 1.113618 1.1216265 1.49 1.49 1.49 1.5599842 1.56 1.56 1.56 1.7723463 1.2000081 1.2 1.2 1.2 1.2000615 1.3299972
-1.7864094 -1.7875206 -1.78858 -1.7895837 -1.7905249 -1.7913898 -1.7921477 -1.7927314 -1.7929933 -1.7926061 -1.7908314 -1.7859575 -1.7739073 -1.7448398 -1.6759029 -1.5235234 -1.2507149 -0.92573144 -0.67126754 -0.41014124 0.14062462 0.89245342 1.2572809 1.3386909 1.3527481 1.3562043 1.3578765 1.3588899 1.3594782 1.3597854 1.3599253 1.3599789 1.3599954 1.3599993 1.3599999 1.36 1.36 1.36 1.36 1.36 1.36 1.36 1.36 1.36 1.36 1.36 1.36 1.5605984 1.58 1.5797454 1.49 1.49 1.49 1.56 1.56 1.56 1.56 1.56 1.33 1.33 1.33 1.33 1.33 1.33
-1.7872985 -1.7883748 -1.7893921 -1.7903382 -1.7911908 -1.7919068 -1.792401 -1.7925014 -1.7918539 -1.7897119 -1.7844588 -1.7725018 -1.7457413 -1.6863141 -1.5592805 -1.3181427 -0.94990477 -0.46600951 0.20827276 0.90084868 1.2427635 1.3351933 1.3538014 1.3575763 1.3587617 1.3593581 1.3596924 1.3598683 1.3599509 1.3599846 1.3599961 1.3599992 1.3599999 1.36 1.36 1.36 1.36 1.36 1.36 1.36 1.36 1.36 1.36 1.36 1.36 1.36 1.36 1.58 1.58 1.58 1.49 1.49 1.49 1.56 1.56 1.56 1.56 1.56 1.33 1.33 1.33 1.33 1.33 1.33
-1.7880964 -1.7891135 -1.7900475 -1.7908675 -1.7915181 -1.7918968 -1.791809 -1.7908765 -1.7883444 -1.7826615 -1.7705425 -1.7448324 -1.6896421 -1.5697187 -1.3103395 -0.7823146 0.062041397 0.84081976 1.2125655 1.3249719 1.3517419 1.3575244 1.3589422 1.3594669 1.3597344 1.359878 1.3599498 1.359982 1.3599945 1.3599986 1.3599997 1.36 1.36 1.36 1.36 1.36 1.36 1.36 1.36 1.36 1.36 1.36 1.36 1.36 1.36 1.36 1.36 1.58 1.58 1.58 1.58 1.49 1.49 1.56 1.56 1.56 1.56 1.56 1.33 1.33 1.33 1.33 1.33 1.33
-1.7887292 -1.7896333 -1.7903996 -1.7909602 -1.7911952 -1.7908869 -1.7896294 -1.7866396 -1.7803473 -1.7674413 -1.7404385 -1.6807482 -1.5370247 -1.1674285 -0.35100325 0.63021017 1.1461267 1.3057115 1.346602 1.3563906 1.3587462 1.3594309 1.3597137 1.3598594 1.3599361 1.3599738 1.3599906 1.3599971 1.3599992 1.3599998 1.36 1.36 1.36 1.36 1.36 1.36 1.36 1.36 1.36 1.36 1.36 1.36 1.36 1.36 1.36 1.36 1.3600069 1.58 1.58 1.58 1.58 1.49 1.49 1.5599961 1.56 1.56 1.56 1.56 1.1619654 1.33 1.33 1.33 1.33 0.96694167
-1.7890746 -1.7897639 -1.7902058 -1.7902603 -1.7896797 -1.7880081 -1.784367 -1.7769483 -1.7616862 -1.7282903 -1.647093 -1.4263754 -0.8389088 0.19289213 0.98039923 1.2627191 1.3357386 1.3536012 1.358046 1.3592401 1.3596388 1.3598167 1.3599097 1.3599586 1.3599827 1.3599936 1.3599979 1.3599994 1.3599999 1.36 1.36 1.36 1.36 1.36 1.36 1.36 1.36 1.36 1.36 1.36 1.36 1.36 1.36 1.36 1.36 1.36 1.5747747 1.58 1.58 1.58 1.58 1.5788541 1.49 1.5597164 1.56 1.56 1.56 1.03 1.03 1.03 1.03 1.291372 1.33 0.95000001
-1.7889282 -1.7892111 -1.7890243 -1.7880663 -1.7857697 -1.7809886 -1.7711805 -1.750026 -1.6998331 -1.5668081 -1.1983346 -0.36657031 0.63247908 1.1540815 1.3090465 1.3470378 1.3563281 1.3587522 1.3594711 1.3597388 1.3598653 1.3599326 1.3599684 1.3599864 1.3599947 1.3599982 1.3599994 1.3599999 1.36 1.36 1.36 1.36 1.36 1.36 1.36 1.36 1.36 1.36 1.36 1.36 1.36 1.36 1.36 1.36 1.36 1.36 1.5799859 1.58 1.58 1.58 1.58 1.0753902 1.05 1.05 1.0502237 1.5593287 1.03 1.03 1.03 1.03 1.03 1.03 1.03 0.95007874
-1.7878954 -1.7873501 -1.7857914 -1.7823992 -1.7753952 -1.7605191 -1.7264917 -1.64106 -1.4125686 -0.84475691 0.11599314 0.91184476 1.2386609 1.3295668 1.3519562 1.3575588 1.3590948 1.3595901 1.3597904 1.3598896 1.3599435 1.3599727 1.3599878 1.359995 1.3599981 1.3599994 1.3599998 1.36 1.36 1.36 1.36 1.36 1.36 1.36 1.36 1.36 1.36 1.36 1.36 1.36 1.36 1.36 1.36 1.36 1.36 1.3599435 1.1167859 1.0902369 1.0900002 1.09 1.0872162 1.05 1.05 1.05 1.05 1.05 1.03 1.03 1.03 1.03 1.03 1.03 1.03 1.57
-1.784972 -1.7823595 -1.7769189 -1.7655623 -1.740624 -1.6817491 -1.5338693 -1.166009 -0.417274 0.50256681 1.0744343 1.2820757 1.3396969 1.3543663 1.3581773 1.3592751 1.3596541 1.3598175 1.3599015 1.3599482 1.3599741 1.3599879 1.3599948 1.3599979 1.3599992 1.3599998 1.3599999 1.36 1.36 1.36 1.36 1.36 1.36 1.36 1.36 1.36 1.36 1.36 1.36 1.36 1.36 1.36 1.36 1.3599944 1.1119436 1.09 1.09 1.09 1.09 1.09 1.09 1.05 1.05 1.05 1.05 1.05 1.03 1.03 1.03 1.03 1.03 1.03 1.0300052 1.57
-1.7768962 -1.7676609 -1.7482095 -1.7049938 -1.6036878 -1.3621266 -0.83693861 0.00011845131 0.77154505 1.1684587 1.305914 1.3451737 1.3556561 1.3585095 1.3593727 1.3596877 1.3598303 1.359906 1.3599491 1.3599736 1.3599871 1.3599941 1.3599975 1.359999 1.3599996 1.3599999 1.36 1.36 1.36 1.36 1.36 1.36 1.36 1.36 1.36 1.36 1.36 1.36 1.36 1.36 1.36 1.3599941 1.3498364 1.0901455 1.09 1.09 1.09 1.09 1.09 1.09 1.09 1.05 1.05 1.05 1.05 1.05 1.0302604 1.03 1.03 1.0301121 1.54 1.54 1.54 1.57
-1.7520653 -1.7186239 -1.6452913 -1.48023 -1.1216498 -0.467189 0.34755941 0.94753453 1.2243577 1.3198564 1.3483502 1.3563864 1.358691 1.3594227 1.3597022 1.3598336 1.3599054 1.3599471 1.3599716 1.3599854 1.3599929 1.3599968 1.3599986 1.3599994 1.3599998 1.3599999 1.36 1.36 1.36 1.36 1.36 1.36 1.36 1.36 1.36 1.36 1.36 1.3599999 1.3599992 1.3599821 1.3584187 1.153826 1.090014 1.09 1.09 1.09 1.09 1.09 1.09 1.09 1.09 1.0500586 1.05 1.05 1.05 1.05 1.057538 1.5399979 1.54 1.54 1.54 1.54 1.54 1.66
-1.6708789 -1.5527929 -1.3043667 -0.82745955 -0.10918122 0.60916084 1.0611503 1.2588857 1.3284571 1.3502856 1.3568079 1.3587836 1.3594414 1.3597028 1.3598294 1.3599001 1.3599423 1.3599676 1.3599825 1.3599909 1.3599955 1.3599978 1.3599989 1.3599994 1.3599997 1.3599998 1.3599998 1.3599999 1.3599999 1.3599999 1.3599999 1.3599999 1.3599998 1.3599997 1.3599995 1.3599984 1.359993 1.3599419 1.358947 1.3148441 1.0966352 1.0900061 1.09 1.09 1.09 1.09 1.09 1.09 1.09 1.09 1.09 1.09 1.05 1.05 1.05 1.0500008 1.1508609 1.4647301 1.5399998 1.54 1.54 1.54 1.54 1.66
-1.4210333 -1.0792283 -0.51026337 0.20018724 0.79620064 1.1353156 1.2810506 1.3339895 1.3514968 1.3570413 1.3588167 1.3594362 1.359691 1.3598175 1.3598897 1.3599337 1.3599609 1.3599774 1.3599871 1.3599927 1.3599957 1.3599974 1.3599982 1.3599986 1.3599989 1.359999 1.359999 1.359999 1.3599989 1.3599987 1.3599982 1.3599973 1.359995 1.3599885 1.3599645 1.3598389 1.3588116 1.3444134 1.1835658 1.0916846 1.0900057 1.09 1.09 1.09 1.09 1.09 1.09 1.09 1.09 1.09 1.09 1.09 1.05 1.05 1.1498445 1.15 1.15 1.21 1.21 1.21 1.21 1.5299917 1.62881 1.66
-0.81941848 -0.20332597 0.44787143 0.92742049 1.1847818 1.2957779 1.3376549 1.3522527 1.3571479 1.3588038 1.3594087 1.3596656 1.359796 1.3598717 1.3599189 1.3599488 1.3599676 1.3599792 1.3599862 1.3599902 1.3599925 1.3599937 1.3599944 1.3599946 1.3599945 1.3599942 1.3599934 1.359992 1.3599895 1.3599847 1.3599746 1.3599501 1.3598799 1.3596265 1.3584049 1.3500991 1.2826119 1.1203925 1.0908095 1.0900075 1.09 1.09 1.09 1.09 1.09 1.09 1.09 1.09 1.09 1.09 1.09 1.09 1.0551799 1.15 1.15 1.15 1.15 1.1500094 1.21 1.21 1.21 1.21 1.211175 1.66
0.069711428 0.63753098 1.0195072 1.2185912 1.3058451 1.3401213 1.3527002 1.3571583 1.3587491 1.3593567 1.3596227 1.3597602 1.3598414 1.359893 1.3599265 1.3599482 1.359962 1.3599705 1.3599756 1.3599784 1.3599797 1.3599798 1.359979 1.3599772 1.359974 1.3599686 1.3599594 1.3599432 1.3599123 1.3598472 1.3596917 1.3592558 1.3577694 1.351407 1.3187583 1.1990105 1.1030477 1.0905695 1.0900117 1.0900001 1.09 1.09 1.09 1.09 1.09 1.09 1.09 1.09 1.09 1.09 1.09 1.0900946 1.15 1.15 1.15 1.15 1.15 1.15 1.21 1.21 1.21 1.21 1.21 1.6532971
0.77968857 1.0848007 1.2422493 1.3128731 1.3417754 1.3529209 1.3570856 1.35865 1.3592737 1.3595547 1.3597024 1.3597906 1.3598474 1.3598849 1.3599096 1.3599255 1.3599351 1.3599403 1.3599422 1.3599415 1.3599383 1.3599322 1.3599225 1.3599071 1.3598825 1.3598417 1.3597698 1.3596335 1.3593497 1.3586862 1.3569064 1.351327 1.3312402 1.2628574 1.1478568 1.0974493 1.0905024 1.0900192 1.0900004 1.09 1.09 1.09 1.09 1.09 1.09 1.09 1.09 1.09 1.09 1.09 1.090005 1.1499999 1.15 1.15 1.15 1.15 1.15 1.15 1.1506036 1.21 1.21 1.21 1 1
1.1317779 1.2591457 1.317839 1.3428479 1.352959 1.3569316 1.3584983 1.359149 1.35945 1.3596101 1.3597063 1.3597684 1.3598094 1.359836 1.3598522 1.3598605 1.3598626 1.3598593 1.3598505 1.3598355 1.3598125 1.3597777 1.3597245 1.3596409 1.3595031 1.3592626 1.3588118 1.3578917 1.3558172 1.3505959 1.3360537 1.2948804 1.2073402 1.123978 1.0952272 1.0905071 1.0900317 1.0900012 1.09 1.09 1.09 1.09 1.09 1.09 1.09 1.09 1.09 1.09 1.09 1.0900029 1.1498293 1.15 1.15 1.15 1.15 1.15 1.15 1.15 1.15 1.21 1.21 1.0008084 1 1
1.2714076 1.3213491 1.3434783 1.3528353 1.3566896 1.3582807 1.3589669 1.3592917 1.3594655 1.3595693 1.3596352 1.3596773 1.3597025 1.3597146 1.3597158 1.3597071 1.3596882 1.3596577 1.3596121 1.3595457 1.359448 1.3593008 1.3590713 1.3586965 1.3580504 1.3568623 1.3545109 1.349471 1.3378378 1.3101338 1.2511933 1.1687274 1.1127117 1.0942265 1.090554 1.0900514 1.0900033 1.0900001 1.09 1.09 1.09 1.09 1.09 1.09 1.09 1.09 1.09 1.09 1.0900044 1.1378538 1.15 1.15 1.15 1.15 1.15 1.15 1.15 1.15 1.15 1.1726774 1.2015947 1 1 1
1.3237881 1.3437503 1.3525555 1.3563462 1.3579786 1.3587069 1.3590577 1.3592447 1.3593538 1.3594197 1.3594575 1.3594742 1.3594733 1.3594558 1.3594212 1.3593672 1.3592887 1.3591771 1.3590181 1.3587873 1.3584431 1.3579114 1.3570542 1.3556025 1.3530041 1.348071 1.3381775 1.3177204 1.2772257 1.212225 1.1453671 1.1069629 1.093765 1.0906338 1.0900808 1.0900076 1.0900005 1.09 1.09 1.09 1.09 1.09 1.09 1.09 1.09 1.09 1.09 1.0900091 1.1057689 1.1499933 1.15 1.15 1.15 1.15 1.15 1.15 1.15 1.15 1.15 1.1500249 1.0000004 1 1 1
