Interpolating SPI Data/spi_stations/interpolated_spi/2-19_3.tif
NCOLS 257
NROWS 141
XLLCORNER -178.27925
YLLCORNER 5.3153543
DX 0.49934803
DY 0.49997533
NODATA_VALUE -9999
[rows 0 to 27 of 141, columns 64 to 127 of 257]
-1.1298943 -1.1298724 -1.1298376 -1.1297802 -1.1296811 -1.1294986 -1.1291363 -1.1283502 -1.126465 -1.1214225 -1.1064332 -1.0593044 -0.93104224 -0.74088967 -0.63583527 -0.61073424 -0.60744795 -0.60767151 -0.60820335 -0.60863785 -0.60895689 -0.60918324 -0.60933913 -0.60944184 -0.60950367 -0.60953243 -0.60953195 -0.60950247 -0.60944074 -0.60933989 -0.60918921 -0.60897393 -0.60867342 -0.6063172 -0.15883592 -0.060088246 -0.060000066 -0.06 -0.06 -0.06 -0.06 -0.06 -0.06 -0.06 -0.06 -0.06 -0.06 -0.06 -0.06 -0.06 -0.06 -0.06 -0.06 -0.059999918 -0.059945192 -0.029328635 0.33068941 0.33997571 0.33999992 0.34 0.34 0.34 0.34 0.34
-1.1299543 -1.1299474 -1.1299361 -1.1299176 -1.1298859 -1.1298285 -1.1297163 -1.1294764 -1.1289048 -1.1273639 -1.122602 -1.1058021 -1.0431609 -0.86744707 -0.67745833 -0.61667936 -0.60825277 -0.60802028 -0.60851444 -0.6089265 -0.60921873 -0.60941815 -0.60955032 -0.6096344 -0.60968351 -0.60970571 -0.60970481 -0.60968093 -0.60963057 -0.6095464 -0.60941672 -0.60922497 -0.60894916 -0.60791178 -0.18973906 -0.060057376 -0.06000002 -0.06 -0.06 -0.06 -0.06 -0.06 -0.06 -0.06 -0.06 -0.06 -0.06 -0.06 -0.06 -0.06 -0.06 -0.06 -0.06 -0.059999948 -0.05992906 0.0095502434 0.33801036 0.33999715 0.33999999 0.34 0.34 0.34 0.34 0.34
-1.1299811 -1.1299793 -1.1299763 -1.1299711 -1.1299623 -1.1299465 -1.1299163 -1.1298531 -1.1297056 -1.1293122 -1.1280882 -1.1235619 -1.1037731 -1.0140541 -0.78155175 -0.63387656 -0.60981577 -0.6083497 -0.6087744 -0.60916369 -0.6094287 -0.60960085 -0.60970941 -0.60977535 -0.60981237 -0.60982854 -0.60982749 -0.6098092 -0.60977011 -0.60970259 -0.60959415 -0.6094264 -0.60917435 -0.60862675 -0.23731343 -0.060036912 -0.060000005 -0.06 -0.06 -0.06 -0.06 -0.06 -0.06 -0.06 -0.06 -0.06 -0.06 -0.06 -0.06 -0.06 -0.06 -0.06 -0.06 -0.059999965 -0.059894833 0.10006771 0.33969077 0.33999977 0.34 0.34 0.34 0.34 0.34 0.34
-1.1299925 -1.1299923 -1.1299917 -1.1299905 -1.1299885 -1.1299848 -1.1299779 -1.1299638 -1.1299319 -1.1298492 -1.1295962 -1.1286549 -1.1242856 -1.0991966 -0.95997091 -0.69213418 -0.61435056 -0.60873259 -0.60898655 -0.60935329 -0.60959185 -0.60973736 -0.60982331 -0.60987238 -0.60989852 -0.60990943 -0.60990845 -0.60989543 -0.6098669 -0.60981526 -0.60972744 -0.60958324 -0.60935396 -0.60896225 -0.30730389 -0.060023741 -0.060000001 -0.06 -0.06 -0.06 -0.06 -0.06 -0.06 -0.06 -0.06 -0.06 -0.06 -0.06 -0.06 -0.06 -0.06 -0.06 -0.06 -0.059999975 -0.059814508 0.23401915 0.33996663 0.33999999 0.34 0.34 0.34 0.34 0.34 0.34
-1.1299971 -1.1299972 -1.1299972 -1.1299971 -1.1299968 -1.1299961 -1.1299948 -1.1299922 -1.1299866 -1.1299725 -1.1299313 -1.1297817 -1.1290834 -1.1247336 -1.0892543 -0.86324425 -0.6332249 -0.60949003 -0.60915714 -0.60949984 -0.60971414 -0.60983472 -0.60990002 -0.60993425 -0.6099512 -0.60995788 -0.6099571 -0.60994867 -0.60992941 -0.60989208 -0.60982338 -0.60970126 -0.60949255 -0.60914528 -0.39810041 -0.060015528 -0.06 -0.06 -0.06 -0.06 -0.06 -0.06 -0.06 -0.06 -0.06 -0.06 -0.06 -0.06 -0.06 -0.06 -0.06 -0.06 -0.06 -0.05999998 -0.059592328 0.31646633 0.33999765 0.34 0.34 0.34 0.34 0.34 0.34 0.34
-1.1299989 -1.129999 -1.1299991 -1.1299992 -1.1299991 -1.1299991 -1.1299989 -1.1299985 -1.1299977 -1.1299959 -1.1299908 -1.1299731 -1.1298935 -1.1293948 -1.1248063 -1.0659782 -0.7303541 -0.61258912 -0.60930626 -0.60960809 -0.60980208 -0.60990056 -0.60994798 -0.60997005 -0.60997988 -0.60998346 -0.60998295 -0.60997814 -0.60996636 -0.60994111 -0.60988919 -0.60978661 -0.60959453 -0.60925672 -0.49085423 -0.060010716 -0.06 -0.06 -0.06 -0.06 -0.06 -0.06 -0.06 -0.06 -0.06 -0.06 -0.06 -0.06 -0.06 -0.06 -0.06 -0.06 -0.06 -0.059999982 -0.058821444 0.33708161 0.3399999 0.34 0.34 0.34 0.34 0.34 0.34 0.34
-1.1299996 -1.1299997 -1.1299997 -1.1299998 -1.1299998 -1.1299998 -1.1299998 -1.1299998 -1.1299997 -1.1299995 -1.129999 -1.1299975 -1.1299913 -1.1299544 -1.129611 -1.124228 -1.004248 -0.6360213 -0.60956016 -0.60968232 -0.6098622 -0.60994245 -0.6099754 -0.60998833 -0.60999326 -0.60999485 -0.60999459 -0.60999227 -0.60998592 -0.60997007 -0.60993195 -0.60984526 -0.60966344 -0.6093164 -0.55839666 -0.060009821 -0.060000001 -0.06 -0.06 -0.06 -0.06 -0.06 -0.06 -0.06 -0.06 -0.06 -0.06 -0.06 -0.06 -0.06 -0.06 -0.06 -0.06 -0.059999979 -0.055255907 0.33978059 0.34 0.34 0.34 0.34 0.34 0.34 0.34 0.34
-1.1299999 -1.1299999 -1.1299999 -1.1299999 -1.13 -1.13 -1.13 -1.13 -1.13 -1.13 -1.1299999 -1.1299998 -1.1299995 -1.1299979 -1.1299834 -1.1297527 -1.122082 -0.84441655 -0.61142094 -0.60972617 -0.60990033 -0.60996733 -0.6099895 -0.60999628 -0.6099983 -0.60999885 -0.60999875 -0.60999786 -0.60999495 -0.60998574 -0.60995804 -0.60988233 -0.60970035 -0.60931992 -0.59356168 -0.060057295 -0.060000009 -0.06 -0.06 -0.06 -0.06 -0.06 -0.06 -0.06 -0.06 -0.06 -0.06 -0.06 -0.06 -0.06 -0.06 -0.06 -0.06 -0.059999967 -0.032776505 0.33999021 0.34 0.34 0.34 0.34 0.34 0.34 0.34 0.34
-1.1299999 -1.13 -1.13 -1.13 -1.13 -1.13 -1.13 -1.13 -1.13 -1.13 -1.13 -1.13 -1.13 -1.1299999 -1.1299996 -1.1299951 -1.1298385 -1.1142298 -0.65250847 -0.60976103 -0.60992062 -0.60998092 -0.60999591 -0.60999908 -0.60999972 -0.60999984 -0.60999982 -0.60999958 -0.60999847 -0.60999344 -0.60997266 -0.60990097 -0.60970023 -0.60924528 -0.65108537 -0.063712118 -0.060000239 -0.06 -0.06 -0.06 -0.06 -0.06 -0.06 -0.06 -0.06 -0.06 -0.06 -0.06 -0.06 -0.06 -0.06 -0.06 -0.06 -0.059999926 0.10578449 0.33999975 0.34 0.34 0.34 0.34 0.34 0.34 0.34 0.34
-1.13 -1.13 -1.13 -1.13 -1.13 -1.13 -1.13 -1.13 -1.13 -1.13 -1.13 -1.13 -1.13 -1.13 -1.13 -1.13 -1.1299989 -1.1298814 -1.0707347 -0.61080495 -0.60992318 -0.60998732 -0.60999846 -0.60999983 -0.60999997 -0.60999999 -0.60999999 -0.60999995 -0.60999961 -0.60999683 -0.60997924 -0.60989968 -0.60964106 -0.60917796 -1.089667 -0.62137723 -0.060029034 -0.06 -0.06 -0.06 -0.06 -0.06 -0.06 -0.06 -0.06 -0.06 -0.06 -0.06 -0.06 -0.06 -0.06 -0.06 -0.06 -0.059999728 0.30777048 0.34 0.34 0.34 0.34 0.34 0.34 0.34 0.34 0.34
-1.13 -1.13 -1.13 -1.13 -1.13 -1.13 -1.13 -1.13 -1.13 -1.13 -1.13 -1.13 -1.13 -1.13 -1.13 -1.13 -1.13 -1.1299998 -1.1298791 -0.78022953 -0.60989608 -0.60998828 -0.60999932 -0.60999998 -0.61 -0.61 -0.61 -0.61 -0.6099999 -0.60999806 -0.60997827 -0.60986203 -0.60944436 -0.6362467 -1.1299276 -1.1295235 -0.083542802 -0.060000022 -0.06 -0.06 -0.06 -0.06 -0.06 -0.06 -0.06 -0.06 -0.06 -0.06 -0.06 -0.06 -0.06 -0.06 -0.06 -0.059998273 0.33870379 0.34 0.34 0.34 0.34 0.34 0.34 0.34 0.34 0.34
-1.13 -1.13 -1.13 -1.13 -1.13 -1.13 -1.13 -1.13 -1.13 -1.13 -1.13 -1.13 -1.13 -1.13 -1.13 -1.13 -1.13 -1.13 -1.13 -1.1297172 -0.61084431 -0.60997849 -0.60999945 -0.61 -0.61 -0.61 -0.61 -0.61 -0.60999996 -0.60999776 -0.60995937 -0.6097016 -0.60880581 -1.1228828 -1.13 -1.13 -1.1249572 -0.060054066 -0.06 -0.06 -0.06 -0.06 -0.06 -0.06 -0.06 -0.06 -0.06 -0.06 -0.06 -0.06 -0.06 -0.06 -0.06 -0.059980361 0.3399695 0.34 0.34 0.34 0.34 0.34 0.34 0.34 0.34 0.34
-1.13 -1.13 -1.13 -1.13 -1.13 -1.13 -1.13 -1.13 -1.13 -1.13 -1.13 -1.13 -1.13 -1.13 -1.13 -1.13 -1.13 -1.13 -1.13 -1.13 -1.1250091 -0.60987038 -0.60999772 -0.61 -0.61 -0.61 -0.61 -0.61 -0.60999994 -0.60999057 -0.60981574 -0.60884832 -0.6207018 -1.1299996 -1.13 -1.13 -1.13 -0.84951981 -0.060000006 -0.06 -0.06 -0.06 -0.06 -0.06 -0.06 -0.06 -0.06 -0.06 -0.06 -0.06 -0.06 -0.06 -0.06 -0.059612545 0.33999948 0.34 0.34 0.34 0.34 0.34 0.34 0.34 0.34 0.34
-1.1300002 -1.13 -1.13 -1.13 -1.13 -1.13 -1.13 -1.13 -1.13 -1.13 -1.13 -1.13 -1.13 -1.13 -1.13 -1.13 -1.13 -1.13 -1.13 -1.13 -1.13 -0.63284014 -0.6097977 -0.60999979 -0.61 -0.61 -0.61 -0.61 -0.60999603 -0.60971568 -0.60760309 -0.60211381 -1.1296136 -1.13 -1.13 -1.13 -1.13 -1.1299998 -0.062579042 -0.06 -0.06 -0.06 -0.06 -0.06 -0.06 -0.06 -0.06 -0.06 -0.06 -0.06 -0.06 -0.06 -0.06 -0.04851981 0.33999999 0.34 0.34 0.34 0.34 0.34 0.34 0.34 0.34 0.34
-1.1300012 -1.1300002 -1.13 -1.13 -1.13 -1.13 -1.13 -1.13 -1.13 -1.13 -1.13 -1.13 -1.13 -1.13 -1.13 -1.13 -1.13 -1.13 -1.13 -1.13 -1.13 -1.13 -0.47308036 -0.47174329 -0.51223087 -0.61 -0.60997246 -0.60310562 -0.58451433 -0.56813592 -0.55654518 -0.55573165 -1.13 -1.13 -1.13 -1.13 -1.13 -1.13 -1.1299791 -0.060000136 -0.06 -0.06 -0.06 -0.06 -0.06 -0.06 -0.06 -0.06 -0.06 -0.06 -0.06 -0.06 -0.06 0.15308552 0.34 0.34 0.34 0.34 0.34 0.34 0.34 0.34 0.34 0.34
-1.1300107 -1.1300019 -1.1300003 -1.13 -1.13 -1.13 -1.13 -1.13 -1.13 -1.13 -1.13 -1.13 -1.13 -1.13 -1.13 -1.13 -1.13 -1.13 -1.13 -1.13 -1.13 -1.13 -1.0515021 -0.41000003 -0.41 -0.41 -0.41 -0.41000001 -0.41010175 -0.41316793 -0.42509638 -1.1299413 -1.13 -1.13 -1.13 -1.13 -1.13 -1.13 -1.1299999 -0.96265448 -0.060000029 -0.06 -0.06 -0.06 -0.06 -0.06 -0.06 -0.06 -0.06 -0.06 -0.06 -0.06 -0.059999989 0.33101335 0.34 0.34 0.34 0.34 0.34 0.34 0.34 0.34 0.34 0.34
-1.1301216 -1.1300259 -1.1300044 -1.1300006 -1.1300001 -1.13 -1.13 -1.13 -1.13 -1.13 -1.13 -1.13 -1.13 -1.13 -1.13 -1.13 -1.13 -1.13 -1.13 -1.13 -1.13 -1.13 -1.13 -0.41 -0.41 -0.41 -0.41 -0.41 -0.4100005 -0.41006337 -0.41104943 -1.13 -1.13 -1.13 -1.13 -1.13 -1.13 -1.13 -1.1299952 -0.67036639 -0.66999894 -0.060221919 -0.06 -0.06 -0.06 -0.06 -0.06 -0.06 -0.06 -0.06 -0.06 -0.06 -0.0599993 0.33967225 0.33999999 0.34 0.34 0.34 0.34 0.34 0.34 0.34 0.34 0.34
-1.1317088 -1.1304442 -1.1300922 -1.1300146 -1.1300017 -1.1300001 -1.13 -1.13 -1.13 -1.13 -1.13 -1.13 -1.13 -1.13 -1.13 -1.13 -1.13 -1.13 -1.13 -1.13 -1.13 -1.13 -1.13 -1.0446343 -0.41 -0.41 -0.41 -0.41 -0.41000013 -0.41000895 -1.1278989 -1.13 -1.13 -1.13 -1.13 -1.13 -1.13 -1.13 -1.0912394 -0.67 -0.67 -0.67 -0.65126866 -0.060000026 -0.06 -0.06 -0.06 -0.06 -0.06 -0.06 -0.06 -0.06 -0.063010567 -0.021899631 0.33899006 0.33999977 0.34 0.34 0.34 0.34 0.34 0.34 0.34 0.34
-1.1585726 -1.1395026 -1.1325635 -1.1305409 -1.130085 -1.1300094 -1.1300007 -1.13 -1.13 -1.13 -1.13 -1.13 -1.13 -1.13 -1.13 -1.13 -1.13 -1.13 -1.13 -1.13 -1.13 -1.13 -1.13 -1.13 -0.41000018 -0.41 -0.41 -0.41000001 -0.41000022 -0.41000813 -1.13 -1.13 -1.13 -1.13 -1.13 -1.13 -1.13 -1.13 -0.67 -0.67 -0.67 -0.67 -0.67 -0.66999791 -0.063188257 -0.060000008 -0.06 -0.06 -0.06 -0.06 -0.06000003 -0.060691542 -1.1996252 -1.1999663 -1.1973387 -0.40222746 0.33984745 0.34 0.34 0.34 0.34 0.34 0.34 0.34
-1.5486852 -1.3449318 -1.2160116 -1.1564759 -1.1361504 -1.131035 -1.1301182 -1.1300084 -1.1300003 -1.13 -1.13 -1.13 -1.13 -1.13 -1.13 -1.13 -1.13 -1.13 -1.13 -1.13 -1.13 -1.13 -1.13 -1.13 -0.94027115 -0.41000001 -0.41000001 -0.41000007 -0.41000068 -0.91260002 -1.13 -1.13 -1.13 -1.13 -1.13 -1.13 -1.13 -1.1295456 -0.67 -0.67 -0.67 -0.67 -0.67 -0.67 -0.66999998 -0.61746927 -0.060142084 -0.060000093 -0.060000589 -0.06302818 -0.43703464 -0.52178355 -1.1998111 -1.2 -1.2 -1.2 -1.1999906 -1.0851054 0.33995894 0.34 0.34 0.34 0.34 0.34
-2.4478497 -2.3609178 -2.1991705 -1.9220873 -1.5623666 -1.2819234 -1.1633624 -1.1346038 -1.1303783 -1.1300166 -1.1300004 -1.13 -1.13 -1.13 -1.13 -1.13 -1.13 -1.13 -1.13 -1.13 -1.13 -1.13 -1.13 -1.13 -1.1299677 -0.41044418 -0.41000017 -0.41000051 -0.41000707 -1.1299866 -1.13 -1.13 -1.13 -1.13 -1.13 -1.13 -1.13 -0.67 -0.67 -0.67 -0.67 -0.67 -0.67 -0.67 -0.67 -0.67 -0.66913773 -0.32784994 -0.45994778 -0.45999997 -0.46000001 -0.46058349 -1.1972049 -1.2 -1.2 -1.2 -1.2 -1.2 -1.2 -1.1982761 0.33977058 0.34 0.34 0.34
-2.5836498 -2.5821401 -2.5794285 -2.5742004 -2.5630237 -2.5356788 -2.4577495 -2.2158166 -1.6617004 -1.2242677 -1.1364426 -1.1302018 -1.1300054 -1.1300003 -1.13 -1.13 -1.13 -1.13 -1.13 -1.13 -1.13 -1.13 -1.13 -1.13 -1.1299997 -0.8645256 -0.41002029 -0.41000243 -0.49197506 -1.13 -1.13 -1.13 -1.13 -1.13 -1.13 -1.13 -1.1277008 -0.67 -0.67 -0.67 -0.67 -0.67 -0.67 -0.67 -0.67 -0.66999999 -0.6588656 -0.45993471 -0.45999991 -0.46 -0.46 -0.46000066 -1.0368902 -1.2 -1.2 -1.2 -1.2 -1.2 -1.2 -1.2 -1.2 -1.1999148 0.32068692 0.33999913
-2.589675 -2.5897122 -2.5897371 -2.589749 -2.5897451 -2.5897176 -2.5896471 -2.5894793 -2.5890337 -2.5875446 -2.5804501 -2.5261505 -2.0284268 -1.3626589 -1.3136454 -1.3007347 -1.2883598 -1.2782747 -1.2736183 -1.2780978 -1.2942616 -1.3208358 -1.3519534 -1.3808043 -1.4036808 -1.4178078 -0.44434409 -0.41006963 -1.1251971 -1.13 -1.13 -1.13 -1.13 -1.13 -1.13 -1.13 -0.67000047 -0.67 -0.67 -0.67 -0.67 -0.67 -0.67 -0.67 -0.66999999 -0.57438859 0.088027158 -0.459957 -0.45999999 -0.46 -0.46 -0.46 -0.46318532 -1.1999999 -1.2 -1.2 -1.2 -1.2 -1.2 -1.2 -1.2 -1.2 -1.1999999 -0.98013699
-2.5899549 -2.5899659 -2.5899739 -2.5899795 -2.5899833 -2.5899855 -2.5899862 -2.589985 -2.5899802 -2.5899654 -2.5899089 -2.5895676 -2.5852556 -2.4473739 -1.7540221 -1.7300192 -1.73 -1.73 -1.73 -1.73 -1.73 -1.73 -1.73 -1.73 -1.73 -1.7299974 -1.7281119 -0.81910249 -0.82538791 -1.1299899 -1.13 -1.13 -1.13 -1.13 -1.13 -1.0809502 -0.67 -0.67 -0.67 -0.67 -0.67 -0.67 -0.67 -0.66999995 0.8919232 1.0094676 0.81489766 -0.45995001 -0.46 -0.46 -0.46 -0.46 -0.46000013 -1.1999836 -1.2 -1.2 -1.2 -1.2 -1.2 -1.2 -1.2 -1.2 -1.1999666 -0.98
-2.5899863 -2.5899906 -2.5899935 -2.5899956 -2.589997 -2.5899979 -2.5899984 -2.5899988 -2.5899989 -2.5899988 -2.5899981 -2.5899951 -2.5899704 -2.5893471 -2.499481 -1.7329229 -1.73 -1.73 -1.73 -1.73 -1.73 -1.73 -1.73 -1.73 -1.73 -1.7298177 -1.2678626 -0.81001194 -0.81000001 -0.81001111 -1.1246629 -1.1300001 -1.13 -1.13 -1.1296929 -0.67210152 -0.67 -0.67 -0.67 -0.67 -0.67 -0.67 -0.66998663 1.0099615 1.0099999 1.0099383 0.92323432 -0.45978228 -0.46 -0.46 -0.46 -0.46 -0.46 -1.0702151 -1.2 -1.2 -1.2 -1.2 -1.2 -1.2 -1.2 -1.2 -1.016637 -0.98
-2.5899951 -2.589997 -2.5899982 -2.589999 -2.5899994 -2.5899997 -2.5899998 -2.5899999 -2.5899999 -2.59 -2.59 -2.59 -2.5899999 -2.5899996 -2.5899787 -2.5505756 -1.7300413 -1.73 -1.73 -1.73 -1.73 -1.73 -1.73 -1.73 -1.7299818 -1.5842187 -0.8119597 -0.81000003 -0.81 -0.81 -0.81001894 -1.9776475 -1.9897485 -1.9897625 -1.9894783 -0.82578861 -0.67000037 -0.67 -0.67 -0.67 -0.67 -0.62858338 1.01 1.01 1.01 1.0099984 0.87946895 -0.44228743 -0.46 -0.46 -0.46 -0.46 -0.46 -0.46000498 -1.2 -1.2 -1.2 -1.2 -1.2 -1.2 -1.2 -1.2 -0.98000001 -0.98
-2.5899981 -2.589999 -2.5899995 -2.5899998 -2.5899999 -2.59 -2.59 -2.59 -2.59 -2.59 -2.59 -2.59 -2.59 -2.59 -2.59 -2.59 -2.5824859 -1.73 -1.73 -1.73 -1.73 -1.73 -1.73 -1.7299996 -1.3191089 -1.2694363 -0.81000402 -0.81 -0.81 -0.81 -0.81000116 -1.987348 -1.99 -1.99 -1.99 -1.99 -1.99 -1.9734367 -0.67032963 -0.66999867 0.96732488 1.01 1.01 1.01 1.01 1.01 0.63103728 0.34960279 -0.46 -0.46 -0.46 -0.46 -0.46 -0.46 -1.1999999 -1.2 -1.2 -1.2 -1.2 -1.2 -1.2 -1.1338593 -0.98 -0.98
-2.5899993 -2.5899996 -2.5899998 -2.5899999 -2.59 -2.59 -2.59 -2.59 -2.59 -2.59 -2.59 -2.59 -2.59 -2.59 -2.59 -2.59 -2.59 -2.5897535 -1.73 -1.73 -1.73 -1.73 -1.73 -1.2700083 -1.27 -1.2482652 -0.81 -0.81 -0.81 -0.81 -0.81000003 -1.9896717 -1.99 -1.99 -1.99 -1.99 -1.99 -1.99 -1.99 -0.98306474 1.01 1.01 1.01 1.01 1.01 1.01 0.35101569 0.35 -0.46 -0.46 -0.46 -0.46 -0.46 -0.46 -0.94015432 -1.2 -1.2 -1.2 -1.2 -1.2 -1.08 -1.08 -1.0225506 -0.98
