Interpolating SPI Data/spi_stations/interpolated_spi/2-20_1.tif
NCOLS 257
NROWS 141
XLLCORNER -178.27925
YLLCORNER 5.3153543
DX 0.49934803
DY 0.49997533
NODATA_VALUE -9999
[rows 28 to 55 of 141, columns 183 to 243 of 257]
-1.1901108 -1.1934308 -1.255505 -1.6516243 -2.0035263 -1.9100376 -1.6290433 -1.6299998 -1.63 -1.63 -1.63 -1.63 -1.63 -1.63 -1.6300001 -1.630168 -2.0110535 -2.03 -2.03 -2.03 -2.03 -2.03 -2.03 -2.03 -3.2999987 -3.3 -3.3 -3.3 -3.3 -3.3 -3.3 -3.3 -3.3 -3.3 -3.3 -3.2999998 -3.2997099 -1.8455794 -1.84 -1.84 -1.84 -1.84 -1.84 -1.84 -1.84 -1.84 -1.84 -1.84 -1.84 -1.8399683 -1.7919905 -1.0425893 -1.0300233 -1.0300001 -1.03 -1.03 -1.03 -1.03 -1.03 -1.03 -1.03
-2.1096472 -2.109964 -2.1099731 -2.1091971 -2.0854273 -1.6897418 -1.5848226 -1.6299975 -1.63 -1.63 -1.63 -1.63 -1.63 -1.63 -1.63 -1.63 -1.63 -1.6325825 -2.0299996 -2.03 -2.03 -2.03 -2.03 -2.03 -3.3 -3.3 -3.3 -3.3 -3.3 -3.3 -3.3 -3.3 -3.3 -3.3 -3.2999974 -3.299881 -3.2980468 -3.1842568 -1.8401053 -1.84 -1.84 -1.84 -1.84 -1.84 -1.84 -1.84 -1.84 -1.8399843 -1.8115676 -1.043059 -1.0300109 -1.03 -1.03 -1.03 -1.03 -1.03 -1.03 -1.03 -1.03 -1.03 -1.03
-2.11 -2.1099998 -2.109984 -2.1088128 -2.0472862 -1.1789369 -0.78404429 -1.6299037 -1.63 -1.63 -1.63 -1.63 -1.63 -1.63 -1.63 -1.63 -1.63 -1.63 -1.63 -2.0210153 -2.03 -2.03 -2.03 -3.0547867 -3.3 -3.3 -3.3 -3.3 -3.3 -3.3 -3.3 -3.3 -3.2999966 -3.2994086 -3.2810853 -3.1246417 -2.7426561 -2.4311367 -2.0538598 -1.8400201 -1.84 -1.84 -1.84 -1.84 -1.84 -1.8399839 -1.8197419 -1.0479444 -1.0300099 -1.03 -1.03 -1.03 -1.03 -1.03 -1.03 -1.03 -1.03 -1.03 -1.03 -1.03 -1.03
-2.11 -2.1099999 -2.1099863 -2.1076014 -1.8843173 -0.70681852 -0.57561383 -1.6192142 -1.63 -1.63 -1.63 -1.63 -1.63 -1.63 -1.63 -1.63 -1.63 -1.63 -1.63 -1.63 -1.6300439 -2.0299995 -2.0300395 -3.2999807 -3.3 -3.3 -3.3 -3.3 -3.3 -3.2999999 -3.2983803 -2.894706 -2.1858933 -2.1296441 -2.1232988 -2.1219042 -2.1215017 -2.1214263 -2.121508 -2.0493777 -1.8401258 -1.8400065 -1.8400339 -1.8401877 -1.8230566 -1.0622967 -1.0300256 -1.03 -1.03 -1.03 -1.03 -1.03 -1.03 -1.03 -1.03 -1.03 -1.03 -1.03 -1.03 -1.03 -1.03
-2.11 -2.11 -2.1099851 -2.1021775 -1.2390759 -0.5812209 -0.57027197 -0.77995816 -1.6299974 -1.63 -1.63 -1.63 -1.63 -1.63 -1.63 -1.63 -1.63 -1.63 -1.63 -1.63 -1.63 -1.63 -2.1941301 -3.2999994 -3.2999998 -3.2999839 -3.1974393 -2.1201717 -2.12 -2.12 -2.12 -2.12 -2.12 -2.12 -2.1200001 -2.1200004 -2.1200014 -2.1200043 -2.1200113 -2.1200981 -2.2192816 -2.2188986 -2.2191634 -2.2147227 -1.7933677 -1.0380511 -1.0300161 -1.03 -1.03 -1.03 -1.03 -1.03 -1.03 -1.03 -1.03 -1.03 -1.03 -1.03 -1.03 -1.03 -1.03
-2.11 -2.11 -2.109975 -2.0571406 -0.63004811 -0.57033255 -0.57000628 -0.57016356 -1.6287407 -1.63 -1.63 -1.63 -1.63 -1.63 -1.63 -1.63 -1.63 -1.63 -1.63 -1.63 -1.63 -1.63 -1.6300001 -2.1201808 -2.12 -2.12 -2.12 -2.12 -2.12 -2.12 -2.12 -2.12 -2.12 -2.12 -2.12 -2.12 -2.12 -2.12 -2.1200024 -2.1439659 -2.4471198 -2.2267743 -2.2201412 -2.2198443 -2.1888648 -1.1102449 -1.0300689 -1.03 -1.03 -1.03 -1.03 -1.03 -1.03 -1.03 -1.03 -1.03 -1.03 -1.03 -1.03 -1.03 -1.03
-2.11 -2.11 -2.1099082 -1.4163071 -0.57086148 -0.5700027 -0.57000005 -0.57000003 -0.86993619 -1.63 -1.63 -1.63 -1.63 -1.63 -1.63 -1.63 -1.63 -1.63 -1.63 -1.63 -1.63 -1.63 -1.630001 -2.12 -2.12 -2.12 -2.12 -2.12 -2.12 -2.12 -2.12 -2.12 -2.12 -2.12 -2.12 -2.12 -2.12 -2.12 -2.1218811 -3.148583 -2.6129358 -2.2277 -2.2200802 -2.219999 -2.2194077 -1.8086101 -1.0306351 -1.0300001 -1.03 -1.03 -1.03 -1.03 -1.03 -1.03 -1.03 -1.03 -1.03 -1.03 -1.03 -1.03 -1.03
-2.11 -2.11 -2.108591 -0.5818584 -0.57000165 -0.57 -0.57 -0.57 -0.57004519 -1.6299019 -1.63 -1.63 -1.63 -1.63 -1.63 -1.63 -1.63 -1.63 -1.63 -1.63 -1.63 -1.63 -1.6300532 -2.12 -2.12 -2.12 -2.12 -2.12 -2.12 -2.12 -2.12 -2.12 -2.12 -2.12 -2.12 -2.12 -2.12 -2.1200629 -3.0702425 -3.205952 -2.8792962 -2.2301295 -2.2200424 -2.2200002 -2.2199968 -2.2130031 -1.0473152 -1.0300003 -1.03 -1.03 -1.03 -1.03 -1.03 -1.03 -1.03 -1.03 -1.03 -1.03 -1.03 -1.03 -1.03
-2.11 -2.11 -1.8597616 -0.57000346 -0.57 -0.57 -0.57 -0.57 -0.57 -1.0783543 -1.63 -1.63 -1.63 -1.63 -1.63 -1.63 -1.63 -1.63 -1.63 -1.63 -1.63 -1.63 -1.6346318 -2.12 -2.12 -2.12 -2.12 -2.12 -2.12 -2.12 -2.12 -2.12 -2.12 -2.12 -2.12 -2.12 -2.1200008 -2.6350562 -3.2099899 -3.209641 -3.1170309 -2.236769 -2.2200212 -2.22 -2.22 -2.2199851 -1.8161591 -1.0300065 -1.03 -1.03 -1.03 -1.03 -1.03 -1.03 -1.03 -1.03 -1.03 -1.03 -1.03 -1.03 -1.03
-2.11 -2.1099999 -0.5703156 -0.57 -0.57 -0.57 -0.57 -0.57 -0.57 -0.57003258 -1.6299876 -1.6299999 -1.63 -1.63 -1.63 -1.63 -1.63 -1.63 -1.6299996 -1.6133831 -1.0617236 -1.0502752 -1.0501238 -2.12 -2.12 -2.12 -2.12 -2.12 -2.12 -2.12 -2.12 -2.12 -2.12 -2.12 -2.12 -2.12 -2.1754225 -3.2099889 -3.2099999 -3.2099869 -3.199539 -2.2597857 -2.2200103 -2.22 -2.22 -2.22 -2.2194849 -1.0308983 -1.03 -1.03 -1.03 -1.03 -1.03 -1.03 -1.03 -1.03 -1.03 -1.03 -1.03 -1.03 -1.03
-2.11 -2.108224 -0.57 -0.57 -0.57 -0.57 -0.57 -0.57 -0.57 -0.57 -1.3413579 -1.6220849 -1.6060253 -1.4755626 -1.0812117 -1.0500356 -1.05 -1.05 -1.05 -1.05 -1.05 -1.05 -1.05 -2.1083533 -2.12 -2.12 -2.12 -2.12 -2.12 -2.12 -2.12 -2.12 -2.12 -2.12 -2.12 -2.1216088 -3.2099621 -3.21 -3.21 -3.2099999 -3.2096206 -2.377315 -2.2200051 -2.22 -2.22 -2.22 -2.22 -1.7901538 -1.03 -1.03 -1.03 -1.03 -1.03 -1.03 -1.03 -1.03 -1.03 -1.03 -1.03 -1.03 -1.0300002
-2.11 -0.57000014 -0.57 -0.57 -0.57 -0.57 -0.57 -0.57 -0.57 -0.57 -0.57243512 -1.0507528 -1.0500125 -1.05 -1.05 -1.05 -1.05 -1.05 -1.05 -1.05 -1.05 -1.05 -1.05 -1.050002 -2.12 -2.12 -2.12 -2.12 -2.12 -2.12 -2.12 -2.12 -2.12 -2.12 -2.120028 -3.2096575 -3.21 -3.21 -3.21 -3.21 -3.2099973 -2.9193589 -2.2200029 -2.22 -2.22 -2.22 -2.22 -2.2199944 -1.0300036 -1.03 -1.03 -1.03 -1.03 -1.03 -1.03 -1.03 -1.03 -1.03 -1.03 -1.03 -1.0313108
-2.11 -0.57 -0.57 -0.57 -0.57 -0.57 -0.57 -0.57 -0.57 -0.57 -0.57054615 -1.0499705 -1.0499991 -1.05 -1.05 -1.05 -1.05 -1.05 -1.05 -1.05 -1.05 -1.05 -1.05 -1.05 -1.7832659 -2.12 -2.12 -2.12 -2.12 -2.12 -2.12 -2.12 -2.12 -2.1199906 -3.2023603 -3.21 -3.21 -3.21 -3.21 -3.21 -3.21 -3.2045546 -2.2200025 -2.22 -2.22 -2.22 -2.22 -2.22 -1.647741 -1.03 -1.03 -1.03 -1.03 -1.03 -1.03 -1.03 -1.03 -1.03 -1.03 -1.0300006 -2.7647596
-0.57000132 -0.57 -0.57 -0.57 -0.57 -0.57 -0.57 -0.57 -0.57 -0.57 -0.5701475 -1.0400584 -1.048425 -1.0499211 -1.0499995 -1.05 -1.05 -1.05 -1.05 -1.05 -1.05 -1.05 -1.05 -1.05 -1.0500044 -2.1199602 -2.12 -2.12 -2.12 -2.12 -2.1199958 -2.0996728 -0.25157978 -0.15195586 -3.2083866 -3.21 -3.21 -3.21 -3.21 -3.21 -3.21 -3.2099966 -2.2200067 -2.22 -2.22 -2.22 -2.22 -2.22 -2.22 -1.03 -1.03 -1.03 -1.03 -1.03 -1.03 -1.03 -1.03 -1.03 -1.03 -1.733362 -2.78
-0.57 -0.57 -0.57 -0.57 -0.57 -0.57 -0.57 -0.57 -0.57 -0.57 -0.57006419 -0.6119001 -0.6060593 -0.60156263 -0.59969662 -0.60589157 -0.681303 -1.040904 -1.0499995 -1.05 -1.0499995 -1.0499824 -1.0498074 -1.0490612 -1.0472133 -1.2465636 -2.119999 -2.1197071 -1.7281004 -0.15196882 -0.1500005 -0.15 -0.15 -0.15000091 -3.0682305 -3.21 -3.21 -3.21 -3.21 -3.21 -3.21 -3.21 -2.2202183 -2.22 -2.22 -2.22 -2.22 -2.22 -2.22 -1.6354045 -1.0614475 -1.030024 -1.03 -1.03 -1.03 -1.03 -1.03 -1.0300009 -1.0305201 -2.7799999 -2.78
-0.57 -0.57 -0.57 -0.57 -0.57 -0.57 -0.57 -0.57 -0.57 -0.57 -0.57086858 -0.58005467 -0.5800054 -0.58000017 -0.58 -0.58 -0.58 -0.58 -0.58 -0.58 -0.58 -0.58000001 -0.58001504 -0.58098247 -0.59035989 -0.62061733 -0.15056467 -0.15000015 -0.15 -0.15 -0.15 -0.15 -0.15 -0.15 -0.20283219 -3.21 -3.21 -3.21 -3.21 -3.21 -3.21 -3.21 -2.7087608 -2.22 -2.22 -2.22 -2.22 -2.22 -2.22 -2.091952 -2.09 -2.09 -2.09 -2.09 -2.09 -2.09 -2.0898809 -2.0774648 -2.7684921 -2.7799999 -2.78
-1.0763229 -0.57000002 -0.57 -0.57 -0.57 -0.57 -0.57 -0.57 -0.57000002 -0.57000018 -0.57828168 -0.58000017 -0.58 -0.58 -0.58 -0.58 -0.58 -0.58 -0.58 -0.58 -0.58 -0.58 -0.58 -0.58000002 -0.58000343 -0.57044919 -0.15000005 -0.15 -0.15 -0.15 -0.15 -0.15 -0.15 -0.15 -0.15000154 -3.2099995 -3.21 -3.21 -3.21 -3.21 -3.21 -3.21 -3.2099997 -2.22 -2.22 -2.22 -2.22 -2.22 -2.22 -2.0900351 -2.09 -2.09 -2.09 -2.09 -2.09 -2.09 -2.09 -2.0816134 -1.6380426 -2.7799991 -2.78
-1.9830877 -3.28 -3.28 -3.28 -3.2798141 -3.1134706 -1.1403618 -0.64729816 -0.5945428 -0.26569893 -0.26038696 -0.57998454 -0.58 -0.58 -0.58 -0.58 -0.58 -0.58 -0.58 -0.58 -0.58 -0.58 -0.58 -0.58 -0.59149008 -2.6453825 -0.1500004 -0.15 -0.15 -0.15 -0.15 -0.15 -0.15 -0.15 -0.15 -3.2050134 -3.21 -3.21 -3.21 -3.21 -3.21 -3.21 -3.21 -2.22 -2.22 -2.22 -2.22 -2.2199952 -0.88000543 -0.88012669 -2.09 -2.09 -2.09 -2.09 -2.09 -2.09 -2.09 -1.51 -1.5100002 -2.7731423 -2.78
-3.2799975 -3.28 -3.28 -3.28 -3.28 -3.28 -3.2799997 -3.1295453 0.017566754 -0.25982121 -0.25999955 -0.26079365 -0.57999974 -0.58 -0.58 -0.58 -0.58 -0.58 -0.58 -0.58 -0.58 -0.58 -0.58 -1.8023986 -2.9299994 -2.92998 -0.15016461 -0.15 -0.15 -0.15 -0.15 -0.15 -0.15 -0.15 -0.15000003 -0.15666164 -3.21 -3.21 -3.21 -3.21 -3.21 -3.21 -3.21 -2.2200001 -2.22 -2.2199953 -0.88 -0.88 -0.88 -0.88 -2.0899999 -2.09 -2.09 -2.09 -2.09 -2.09 -1.6462163 -1.51 -1.51 -1.51 -2.78
-3.28 -3.28 -3.28 -3.28 -3.28 -3.28 -3.1745352 0.74947508 -0.23296186 -0.25999875 -0.26 -0.26000001 -0.26342506 -0.57999269 -0.57999989 -0.58 -0.58 -0.58 -0.58 -0.58 -0.58 -0.58000149 -2.9297298 -2.93 -2.93 -2.93 -1.8305582 -0.15000003 -0.15 -0.15 -0.15 -0.15 -0.15 -0.15 -0.15033578 -0.46228834 -3.209999 -3.21 -3.21 -3.21 -3.21 -3.21 -3.21 -2.2491803 -0.88000493 -0.88 -0.88 -0.88 -0.88 -0.88 -0.88005652 -2.09 -2.09 -2.09 -2.0898931 -1.3017478 -1.5099996 -1.51 -1.51 -1.51 -1.5102949
-3.28 -3.28 -3.28 -3.28 -3.28 -3.159072 0.74999991 0.74985864 -0.25978773 -0.26 -0.26 -0.26 -0.26001525 0.3381742 0.33995599 0.33999365 0.33999898 0.33999959 0.33999901 0.33998786 0.33973779 -2.9299981 -2.93 -2.93 -2.93 -2.93 -2.9299995 -0.15001036 -0.15000003 -0.15 -0.15 -0.15 -0.15 -0.16175233 -0.47999979 -0.47999999 -0.48030873 -3.2099999 -3.2099999 -3.2099959 -3.1737606 -1.4132759 -1.4100095 -0.56000012 -0.56378852 -0.88 -0.88 -0.88 -0.88 -0.88 -2.0599998 -2.06 -1.3000002 -1.3 -1.3 -1.3 -1.3074525 -1.51 -1.51 -1.51 -1.51
-3.28 -3.28 -3.28 -3.28 -2.4131253 0.75 0.75 0.74976633 -0.25999998 -0.26 -0.26 -0.26 -0.26030855 0.31919624 0.34 0.34 0.34 0.34 0.34 0.34 0.33999998 -2.93 -2.93 -2.93 -2.93 -2.93 -2.93 -0.22828576 -0.17267402 -0.16850506 -0.37654251 -1.25 -0.48001463 -0.48 -0.48 -0.48 -0.2354249 -0.16457614 -1.4099998 -1.41 -1.41 -1.41 -1.41 -0.56 -0.56 -0.56000001 -2.1199981 -0.88010856 -0.88000001 -2.06 -2.06 -2.06 -1.3 -1.3 -1.3 -1.3 -1.3 -1.4161304 -0.71251791 -0.71 -0.71
-3.28 -3.28 -3.28 0.63524364 0.75 0.75 0.75 0.74030407 -0.26 -0.26 -0.26 -0.26000006 -0.38524318 -0.56891662 0.33999999 0.34 0.34 0.34 0.34 0.34 0.34 -2.93 -2.93 -2.93 -2.93 -2.93 -2.93 -0.30297811 -1.0290661 -1.2477607 -1.25 -1.25 -0.48 -0.48 -0.48 -0.48 -0.16121592 -0.16013056 -1.2370328 -1.41 -1.41 -1.41 -1.41 -0.56000058 -0.56 -0.56 -2.12 -2.12 -2.0735569 -2.06 -2.06 -2.06 -1.300005 -1.3 -1.3 -1.3 -1.3 -0.71000616 -0.71 -0.71 -1.0370324
-1.2300002 -1.2300868 0.70821884 0.75 0.75 0.75 0.75 -0.25979729 -0.26 -0.26 -0.26 -0.26144211 -0.5799989 -0.50232512 0.29948544 0.34 0.34 0.34 0.34 0.34 0.34 -2.93 -2.93 -2.93 -2.93 -2.93 -2.93 -0.3 -0.3 -0.86 -0.86 -0.86 -0.85999448 -0.48 -0.48 -0.20246562 -0.16026109 -0.16000055 -1.2199998 -1.3976575 -1.41 -1.41 -1.4099998 -0.480038 -1.4299445 -0.56000015 -2.12 -2.12 -2.0600453 -2.06 -2.06 -2.06 -1.6143586 -1.3 -1.3 -1.3 -1.3 0.29589966 0.40999999 0.38316473 -1.0599999
-1.23 -1.23 -1.23 0.75 0.75 0.75 0.75 -0.26 -0.26 -0.26 -0.26 -0.58 -0.58 -0.48000164 -0.23935303 0.040833224 0.34 0.34 0.34 0.34 0.34 -2.93 -2.93 -2.93 -2.93 -2.93 -1.177174 -0.3 -0.3 -0.3 -0.86 -0.86 -0.86 -0.85838102 -0.4799623 -0.99616824 -0.16430269 -0.16 -1.22 -1.22 -1.48 -1.4274404 -0.48 -0.48 -1.43 -1.43 -1.4306218 -2.12 -1.8299525 -1.0308309 -1.03 -1.03 -1.030003 -1.3 -1.3 -1.2999995 0.29544432 0.29864631 0.41 0.41 0.44999798
-1.23 -1.23 -1.23 0.43381736 0.75 0.75 0.75 -0.26 -0.26 -0.26 -0.58 -0.58 -0.58 -0.48 -0.47713435 0.03 0.03 0.34 0.34 0.34 0.33999066 -2.93 -2.93 -2.93 -2.93 -2.9298765 -0.3 -0.3 -0.3 -0.3 -0.88 -0.6 -0.6 -0.6 -0.23 0.099646563 -1.6999997 -1.7 -1.22 -1.22 -1.48 -1.48 -0.48 -0.48 -0.01 -0.01 -0.010565382 -1.7210317 -1.03 -1.03 -1.03 -1.03 -1.03 -1.2022782 -0.050002341 -0.05 -0.05 0.29999965 0.19724982 0.41 0.45
-1.23 -1.23 -1.23 -1.23 0.75 0.75 0.74999861 -0.26 -0.26 -0.57999993 -0.58 -0.58 -0.57962837 -0.48 -0.48 0.03 0.03 -0.34 -0.34 -0.34 -0.34 -0.30552484 -0.19000062 -0.19 -0.19 -0.19 -0.24751494 -0.3 -0.3 -0.87552595 -0.88 -0.46 -0.23 -0.23000006 -0.23 -0.22999597 0.1 0.1 -1.6192418 -1.4718248 -1.48 -0.84 0.45999995 0.46 -0.01 -0.42 -0.42 -0.41999948 -1.03 -1.03 -1.03 -1.03 -1.03 -1.17 -1.17 -0.05 -0.05 -0.049999955 0.19007521 -1.84 0.45
-1.23 -1.23 -1.23 -1.23 -0.1701273 -0.1588535 0.56495464 -0.26 -0.45136796 -0.58 -0.58 -0.58 -0.48 -0.48 -0.4800002 0.03 0.03 -0.34 -0.34 -0.34 -0.34 -0.1911359 -0.19 -0.19 -0.19 -0.19 -0.18999861 0.12 0.11999997 -0.88 -0.8799999 -0.23000115 -0.23 -0.23003921 -0.23 -0.23000006 0.1 0.1 0.1 -0.84 -0.84 -0.84 0.46 0.46 0.11 0.11 -0.41997918 -0.41978574 -0.56 -0.56 -0.56 -0.56 -0.5600039 -1.17 -1.17 -1.17 -0.05 -0.049999567 -1.84 -1.84 -1.8399999
