Interpolating SPI Data/spi_stations/interpolated_spi/2-20_3.tif
NCOLS 257
NROWS 141
XLLCORNER -178.27925
YLLCORNER 5.3153543
DX 0.49934803
DY 0.49997533
NODATA_VALUE -9999
[rows 27 to 53 of 141, columns 124 to 185 of 257]
-0.65 -0.65 -0.37424275 -0.17 -0.17 -0.17 -0.17 -0.17 -0.17 -0.32193013 -0.33 -0.33 -0.32991825 0.34999306 0.35 0.35 0.35 0.3499941 0.16000126 0.16 0.16 0.16 0.16 0.16 0.16 0.16 -0.31766716 -0.33 -0.33 -0.33 -0.33 -0.33 -0.33 -0.33 -0.33 -0.33 -0.33000048 -0.44037866 -1.4384851 -1.4399961 -1.4399999 -1.44 -1.44 -1.44 -1.4398476 0.51234685 0.54999993 0.55 0.55 0.55 0.55 0.55 0.55 0.55 0.55 0.55 0.55 0.55 0.55 0.55 0.55 0.54999986
-0.65 -0.65 -0.65 -0.17 -0.17 -0.17 -0.17 -0.17 -0.32982104 -0.33 -0.33 -0.33 -0.3298246 0.35 0.35 0.35 0.35 0.35 0.3496862 -2.4590388 -0.0073677142 0.15989322 0.15999989 0.16 0.16 0.15995393 -0.33 -0.33 -0.33 -0.33 -0.33 -0.33 -0.33 -0.33 -0.33 -0.33 -0.38168355 -1.4399252 -1.44 -1.44 -1.44 -1.44 -1.44 -1.44 -1.4399998 -1.4371727 0.54708497 0.54999999 0.55 0.55 0.55 0.55 0.55 0.55 0.55 0.55 0.55 0.54999988 0.54999333 0.54970862 0.54097544 0.37769032
-0.65 -0.65 -0.65 -0.63467922 -0.17 -0.17 -0.17 -0.32999943 -0.33 -0.33 -0.33 -0.33 -0.32836198 0.35 0.35 0.35 0.35 0.35 0.34977501 -2.55 -2.55 -2.55 -2.55 -2.5499999 -2.5496239 -0.36951895 -0.33 -0.33 -0.33 -0.33 -0.33 -0.33 -0.33 -0.33 -0.33 -0.3455949 -1.4399995 -1.44 -1.44 -1.44 -1.44 -1.44 -1.44 -1.44 -1.4399972 -1.4397486 -1.3824498 0.54949314 0.54999998 0.54999999 0.54999996 0.54999979 0.54999819 0.54997396 0.5494225 0.53296608 0.09036964 -1.5712243 -1.8554502 -1.869072 -1.8699062 -1.8699594
-0.65 -0.65 -0.65 -0.65 -0.17000001 -0.17 -0.32999981 -0.33 -0.33 -0.33 -0.33 -0.33 -0.19635011 0.35 0.35 0.35 0.35 0.35 0.34947464 -2.55 -2.55 -2.55 -2.55 -2.55 -2.55 -2.5495604 -0.33 -0.33 -0.33 -0.33 -0.33 -0.33 -0.33 -0.33 -0.33332893 -1.44 -1.44 -1.44 -1.44 -1.44 -1.44 -1.44 -1.44 -1.4399996 -1.4398608 -1.4278916 -1.2853594 -1.1724396 0.53788245 0.52697566 0.33134004 -0.93904927 -1.8091389 -1.8681322 -1.869953 -1.8699988 -1.87 -1.87 -1.87 -1.87 -1.8699998 -1.8699807
-0.65 -0.65 -0.65 -0.64994012 0.1 0.099999999 -0.33 -0.33 -0.33 -0.33 -0.33 -0.32560007 0.67618529 0.35 0.35 0.35 0.35 0.35 0.32892165 -2.55 -2.55 -2.55 -2.55 -2.55 -2.55 -2.55 -0.33000605 -0.33 -0.33 -0.33 -0.33 -0.33 -0.33 -0.33144986 -1.44 -1.44 -1.44 -1.44 -1.44 -1.44 -1.44 -1.44 -1.44 -1.4399239 -1.4168666 -1.2199154 -1.1915059 -1.1901629 -1.3275132 -1.8697582 -1.8699934 -1.8699999 -1.87 -1.87 -1.87 -1.87 -1.87 -1.87 -1.87 -1.87 -1.8699999 -1.8699834
0.19997987 0.12686734 -0.62769342 0.1 0.1 0.1 0.099992801 -0.33 -0.33 -0.33 0.67999994 0.68 0.68 0.35 0.35 0.35 0.35 0.35 -2.3868118 -2.55 -2.55 -2.55 -2.55 -2.55 -2.55 -2.55 -1.6258099 -0.33 -0.33 -0.33 -0.33 -0.33 -0.33454692 -1.44 -1.44 -1.44 -1.44 -1.44 -1.44 -1.44 -1.44 -1.44 -1.4399537 -1.3683248 -1.1928782 -1.1900738 -1.1900063 -1.1900015 -1.3144957 -1.8699892 -1.8699999 -1.87 -1.87 -1.87 -1.87 -1.87 -1.87 -1.87 -1.87 -1.87 -1.87 -1.869982
0.2 0.2 0.19999869 0.1 0.1 0.1 0.1 -0.32996524 -0.32430104 0.68 0.68 0.68 0.68 0.35 0.35 0.35 0.35 0.35 -2.5499562 -2.55 -2.55 -2.55 -2.55 -2.55 -2.55 -2.55 -1.7261224 -0.78597177 -0.49107123 -0.35228099 -0.33214696 -0.36170121 -1.44 -1.44 -1.44 -1.44 -1.44 -1.44 -1.44 -1.44 -1.44 -1.4399558 -1.2262529 -1.1900474 -1.1900007 -1.19 -1.19 -1.1900005 -1.3026872 -1.8699438 -1.8699998 -1.87 -1.87 -1.87 -1.87 -1.87 -1.87 -1.87 -1.87 -1.87 -1.87 -1.8699698
0.2 0.2 0.2 0.1 0.1 0.1 0.1 0.10000001 0.68 0.68 0.68 0.68 0.68 0.54208475 0.35 0.35 0.35 0.35 -2.549999 -2.55 -2.55 -2.55 -2.55 -2.55 -2.55 -0.33021514 -0.15000002 -0.81631694 -1.24 -1.24 -1.24 -1.24 -1.44 -1.44 -1.44 -1.44 -1.44 -1.44 -1.44 -1.44 -1.4398328 -1.1902117 -1.19 -1.19 -1.19 -1.19 -1.19 -1.190008 -1.384215 -1.8689449 -1.8699974 -1.87 -1.87 -1.87 -1.87 -1.87 -1.87 -1.87 -1.87 -1.87 -1.87 -1.8698892
-1.12 0.2 0.2 0.1 0.1 0.1 0.1 0.089274932 -0.45031728 0.67999995 0.68 0.68 0.68 0.49658679 0.35 0.35 0.35 0.35 -2.5499989 -2.55 -2.55 -2.55 -2.55 -2.55 -0.15104928 -0.15 -0.15 -0.15186303 -1.24 -1.24 -1.24 -1.24 -1.2400003 -1.44 -1.44 -1.44 -1.44 -1.44 -1.44 -1.420595 -1.19 -1.19 -1.19 -1.19 -1.19 -1.19 -1.19 -1.1905707 -2.077109 -1.8096966 -1.8698992 -1.87 -1.87 -1.87 -1.87 -1.87 -1.87 -1.87 -1.87 -1.87 -1.87 -1.8682982
-1.12 0.11885415 0.15 0.14999962 0.1 0.1 0.099999986 -0.46 -0.46 -0.46 -0.46 -0.65999985 -0.66 -0.66 -0.66000345 -0.78999953 -0.78999972 -0.78999886 -2.2896603 -2.55 -2.55 -2.55 -2.55 -0.15000595 -0.15 -0.15 -0.15 -0.15 -1.24 -1.24 -1.24 -1.24 -1.24 -1.3000768 -1.44 -1.44 -1.44 -1.44 -1.1900644 -1.19 -1.19 -1.19 -1.19 -1.19 -1.19 -1.19 -1.1900001 -1.3842163 -2.1415809 -1.4469029 -1.8460153 -1.8699976 -1.87 -1.87 -1.87 -1.87 -1.87 -1.87 -1.87 -1.87 -1.87 -1.5677641
0.1499994 0.15 0.15 0.15 0.15 0.10058453 -0.45999986 -0.46 -0.46 -0.46 -1.0742999 -0.66 -0.66 -0.66 -0.78280914 -0.79 -0.79 -0.79 -0.79 -0.79258777 -1.0391305 -1.0300086 -1.0010978 -0.15 -0.15 -0.15 -0.15 -0.15 -1.24 -1.24 -1.24 -1.24 -1.24 -1.24 -1.2900137 -0.86000608 -0.86 -0.86000002 -1.19 -1.19 -1.19 -1.19 -1.19 -1.19 -1.19 -1.19 -1.190074 -2.1492057 -2.1493974 -1.8835256 -0.67697147 -1.8658092 -1.87 -1.87 -1.87 -1.87 -1.87 -1.87 -1.87 -1.87 -1.8699999 -0.010381181
0.15 0.15 0.15 0.15 0.15 0.1438722 -0.46000949 -0.46 -0.46 -1.0799996 -1.08 -0.66 -0.66 -0.66 -0.79 -0.79 -0.79 -0.79 -0.79 -0.85625248 -1.03 -1.03 -1.03 -0.15000258 -0.15 -0.15 -0.15 -0.15 -0.46832789 -1.24 -1.24 -1.24 -1.24 -1.24 -0.86 -0.86 -0.86 -0.86 -1.19 -1.19 -1.19 -1.19 -1.19 -1.19 -1.19 -1.19 -1.6669347 -2.1500289 -2.1499882 -2.1191984 -0.65614064 -0.65372483 -1.8697855 -1.87 -1.87 -1.87 -1.87 -1.87 -1.87 -1.87 -1.8678549 -0.01
-0.15 0.15 0.15 0.1105027 0.11000145 -0.32999574 -0.66171214 -0.99995611 -1.0690975 -1.08 -1.2098625 -1.21 -0.66000026 -0.66000007 -0.79 -0.79 -0.79 -0.79 -0.79 -1.0299919 -1.03 -1.03 -1.03 -1.03 -0.15 -0.15 -0.15 -0.44999996 -0.45 -0.45049213 -1.24 -1.24 -1.24 -1.2399412 -0.86 -0.86 -0.86 -0.86 -1.19 -1.19 -1.19 -1.19 -1.19 -1.19 -1.19 -1.1994177 -2.2205803 -2.1500087 -2.15 -2.1493727 -0.66106374 -0.65000001 -0.65019254 -1.8699986 -1.87 -1.87 -1.87 -1.87 -1.87 -1.87 -0.010000174 -0.01
-0.15 0.044464617 0.11 0.11 0.11000268 -0.33 -0.95892523 -1 -0.87 -1.2067665 -1.21 -1.21 -1.21 -1.209328 -0.79 -0.79 -0.79 -0.79 -0.79 -1.03 -1.03 -1.03 -1.03 -1.03 -0.15174196 -0.15 -0.33809763 -0.45 -0.45 -0.45 -0.66999997 -1.065733 -1.2399917 -0.86019429 -0.86 -0.86 -0.86 -0.86 -0.87493001 -1.19 -1.19 -1.19 -1.19 -1.19 -1.1903695 -2.5399957 -2.4224192 -2.1500021 -2.15 -2.1499993 -0.70960999 -0.65 -0.65 -0.65000179 -1.87 -1.87 -1.87 -1.87 -1.87 -1.87 -0.01 -0.01
-0.45 -0.45 0.21 0.21 -0.329984 -0.33 -1 -1 -0.87 -0.86999991 -1.2100049 -1.21 -1.21 -0.040018442 -0.37138054 -0.78999998 -0.79 -0.78999997 -0.76383169 -0.40095377 -1.03 -1.03 -1.03 -1.03 -1.03 -0.15975439 -0.45 -0.45 -0.45000046 -0.67 -0.67 -0.67093689 -1.1399254 -1.1374696 -0.86000075 -0.86 -0.86 -0.86 -0.86000367 -1.19 -1.19 -1.19 -1.19 -1.1900071 -2.54 -2.54 -2.5386036 -2.1500004 -2.15 -2.15 -1.8090107 -0.65 -0.65 -0.65 -0.65000001 -1.87 -1.87 -1.87 -1.87 -0.010001594 -0.01 -0.01
-0.45 -0.44998412 -0.13 -0.13 0.14 -0.22000885 -0.21999992 -0.71369537 -0.87 -0.83 -1.32 -1.32 -1.1841098 -0.04 -0.04 -0.69 -0.69 -0.68999998 -0.3602691 -0.4 -0.4 -1.0299987 -1.03 -1.03 -1.5172216 -1.53 -0.45000004 -0.66873318 -0.67 -0.67 -0.67217875 -1.14 -1.14 -1.14 -2.07 -2.07 -2.07 -2.07 -2.07 -2.0699347 -1.19 -1.19 -1.1900005 -2.54 -2.54 -2.54 -2.5399999 -2.1500001 -2.15 -2.15 -2.1499918 -0.65 -0.65 -0.65 -0.65 -0.65000002 -1.87 -1.87 -1.8699957 -0.01 -0.01 -0.01
0.26838444 0.56 -0.14946254 -0.21999991 0.27 0.48 -0.22985032 -0.43999248 -0.63819253 -0.44 -0.29 -1.06 -1.35 -0.04 -0.04 -0.69 -0.69 0.24 0.24 -0.4 -0.4 -0.4 -0.40000078 -1.53 -1.53 -1.53 -1.53 -0.67000278 -0.67 -1.1399996 -1.14 -1.14 -1.14 -1.14 -2.07 -2.07 -2.07 -2.07 -2.07 -2.07 -2.0699877 -1.3255781 -2.5399997 -2.54 -2.54 -2.54 -2.54 -2.1500017 -2.15 -2.15 -2.15 -0.65 -0.65 -0.65 -0.65 -0.65 -0.65508669 -2.1431605 -0.087864394 -0.01 -0.01 -0.01
0.26 0.34 0.55 0.11 0.18 -0.76 0.10017061 -0.32999903 -0.21 -0.63 -0.84999692 -0.64 -1.35 -0.64019577 -0.64 -0.68630211 0.23999915 0.24 0.24 -0.4 -0.4 -0.4 -1.5189059 -1.5299998 -1.53 -1.53 -1.53 -1.27 -1.27 -1.14 -1.14 -1.14 -1.14 -1.14 -2.07 -2.07 -2.07 -2.07 -2.0698129 -0.51952839 -1.4799677 -1.4799993 -2.54 -2.54 -2.54 -2.54 -2.54 -2.5250782 -2.15 -2.15 -2.15 -0.65 -0.65 -0.65 -0.65 -0.65000002 -2.15 -2.15 -2.15 -0.84990314 -0.010000031 -0.01
-0.36900123 1.24 1.24 0.76 0.31 -0.08 -0.2 -0.07 -0.47 -0.57 -0.58 -1.01 -0.83 -0.52 -0.52 -1.45 -1.45 0.24 0.24 -1.0360066 -1 -1 -1.5200248 -1.52 -1.53 -1.53 -1.2701031 -1.27 -1.27 -1.27 -1.144702 -1.1400382 -1.14 -1.14 -0.44621242 -0.33000183 -0.33 -0.33 -0.33 -1.48 -1.48 -1.48 -2.5399824 -2.54 -2.54 -2.54 -2.54 -2.54 -2.15 -2.15 -2.15 -0.65004742 -0.65 -0.65 -0.65 -2.15 -2.15 -2.15 -2.15 -2.3086272 -3.98 -3.98
-0.38 -0.38 -0.2 -0.86 -0.83959803 -0.39 -0.88 -1.25 -0.72 -0.97 -0.60220609 -1.12 -1.06 -0.52033725 -1.31 -1.31 -1.45 -1.57 -1.96 -1.96 -1 -1 -2.49 -1.52 -1.52 -1.5300005 -1.27 -1.27 -1.27 -1.51 -1.51 -1.14 -1.14 -1.14 -0.3375668 -0.33 -0.33 -0.33 -1.48 -1.48 -1.48 -1.48 -2.3416524 -2.54 -2.54 -2.54 -2.54 -2.54 -2.15 -2.15 -2.15 -1.68 -1.6799988 -1.5884587 -2.1499996 -2.15 -2.15 -2.15 -2.15 -3.9799968 -3.98 -3.98
-0.38 -0.81997366 -0.72999621 -0.86345996 -0.27 -0.28 -0.65 -0.45 -1.32 -1.59 -0.93 -1.82 -1.3 -1.3 -1.31 -1.31 -1.57 -1.57 -1.96 -1.96 -1.96 -2.68 -3.83 -2.25 -1.93 -1.93 -2.346028 -1.7508873 -1.2700308 -1.51 -1.51 -1.14 -1.14 -1.191988 -2.2282622 -0.33000061 -0.33 -1.4799599 -1.48 -1.48 -1.48 -1.4799832 -0.47034599 -2.54 -2.54 -2.54 -2.54 -2.54 -2.1500708 -2.1499941 -1.68 -1.68 -1.68 -1.68 -2.0891769 -2.15 -2.15 -2.15 -2.15 -3.98 -3.98 -3.98
-1.45 -0.88999526 -0.21 0.56 -0.06 -0.52 -0.070178246 -0.62 -1.1594863 -1.16 -1.51 -1.25 -1.01 -0.74 -0.74 -1.48 -0.82 -0.82 -1.68 -2.0503885 -2.4200001 -2.68 -2.85 -2.249877 -1.93 -2.33 -2.3308747 -2.46 -2.46 -0.68 -0.68002433 -1.14 -2.23 -2.23 -1.6600939 -1.3829638 -1.42 -1.42 -1.42 -1.48 -0.47000666 -0.47 -0.46999998 -1.5828171 -2.6 -2.6 -2.6 -2.6 -2.6021374 -1.7097374 -1.68 -1.68 -1.68 -1.68 -1.68 -2.15 -2.15 -2.15 -2.15 -3.98 -3.98 -3.98
-1.0999998 0.10999998 -0.71 -0.72 0.0022102383 -0.27999999 -0.28 -0.61 -0.51 -1.1 -1.35 -1.3 -1.3 -0.91 -0.90999592 -1.48 -1.48 -1.8565666 -1.42 -2.42 -2.42 -2.8498823 -2.85 -2.7700003 -2.52 -2.33 -2.3301545 -2.46 -2.46 -2.6966472 -2.71 -1.5 -2.23 -1.6600011 -1.66 -0.84000007 -0.89409247 -1.42 -1.4201383 -1.48 -0.47 -0.47 -0.46999991 -2.1299627 -2.6 -2.6 -2.6 -2.6 -2.65 -2.65 -1.68 -1.68 -1.68 -1.68 -1.43 -1.43 -1.4315716 -2.15 -3.1245545 -3.98 -3.98 -3.98
-1.1 -1.3 -1.2993145 -1.34 -1.64 -0.82 -0.82 -0.35 -0.54850363 -0.55 -1.35 -1.3499997 0.01 -0.91 -0.91 -1.4800988 -1.8 -1.8 -1.55 -2.419999 -2.83 -2.499126 -1.51 -2.77 -1.59 -2.29 -2.3046916 -2.29 -2.29 -2.7098842 -1.5 -1.52 -1.53 -1.66 -1.66 -1.7899993 -0.84 -0.84 -1.48 -1.48 -0.47 -0.47 -0.77620716 -2.13 -2.1300013 -2.6 -2.6 -2.6 -2.65 -2.65 -2.65 -1.68 -1.68 -1.43 -1.43 -1.43 -1.43 -1.43 -3.9772599 -3.98 -3.98 -3.98
-1.24 -1.24 -2.8798469 -1.61 -1.42 -0.23 -0.93 -0.29000013 -1.16 0.011840071 0.45 0.4 -0.49 -0.25 -0.25 -0.23 -1.72 -1.72 -1.72 -1.61 -1.61 -2.83 -2.4400001 -2.44 -2.5595571 -2.56 -2.57 -2.57 -2.2900003 -1.71 -1.71 -1.5199999 -1.2 -1.8999998 -1.9 -1.79 -1.48 -1.12 -0.48 -0.93 0.24 -0.79953829 -1.0674437 -2.13 -2.13 -2.5999929 -1.99 -1.99 -2.65 -2.65 -2.65 0.15999998 0.15999925 -1.43 -1.43 -1.43 -1.4299999 -0.59001204 -0.59000014 -0.6000003 -0.60014306 0.97142742
-1.24 -1.24 -2.4699914 -1.73 -1.4013015 -1.43 -1.27 -1.29 -0.89 -1.54 -1.28 -0.47 0.14 -0.25 -0.23 -0.23 -0.59006586 -0.59 -1.05 -1.0500001 -1.61 -1.61 -0.58000001 -2.44 -2.56 -2.56 -2.5600014 -1.2800019 -1.28 -1.2996188 -2.6699999 -2.67 -1.75 -1.8300054 -2.2 -2.02 -1.81 -1.81 -2.28 -2.28 -0.13 -0.8 -1.41 -2.13 -2.13 -2.13 -1.99 -1.99 -2.6499599 -2.65 0.15977248 0.16 0.16 0.1498269 -1.43 -0.59 -0.59 -0.59 -0.59160423 -0.6 -0.6 -0.6
-1.24 -1.24 -2.8799995 -2.7488533 -2.06 -2.81 -1.7 -1.78 -0.49 -1.17 -0.85 -0.61 -0.61 -0.2300002 -0.23 -0.23 -0.59 -0.59 -1.05 -1.05 -0.2 -0.58 -0.58 -0.58000001 -2.56 -2.56 -2.5593518 -1.2799999 -1.28 -1.28 -2.67 -2.67 -2.08 -1.83 -1.85 -1.85 -1.11 -1.83 -2.24 -2.28 -0.13 -1.39 -1.39 -2.0088308 -0.33 -0.69999998 -0.69999995 -1.4263303e-40 0.0048333237 0.63 0.62999994 0.16 0.16 0.15361031 -0.91999993 -0.59 -0.59 -0.59 -0.6 -0.6 -0.6 -0.6
