Interpolating SPI Data/spi_stations/interpolated_spi/2-21_3.tif
NCOLS 257
NROWS 141
XLLCORNER -178.27925
YLLCORNER 5.3153543
DX 0.49934803
DY 0.49997533
NODATA_VALUE -9999
[rows 28 to 55 of 141, columns 124 to 185 of 257]
-1.68 -1.68 -1.68 0.09 0.09 0.09 0.09 0.09 -0.42941837 -0.43 -0.43 -0.43 -0.42993294 -0.17 -0.17 -0.17 -0.17 -0.17 -0.17008005 -0.87610583 0.037623103 0.099960205 0.099999961 0.1 0.1 0.09999812 0.08 0.08 0.08 0.08 0.08 0.08 0.08 0.08 0.08 0.08 0.10979952 0.71995689 0.71999999 0.72 0.72 0.72 0.72 0.72000001 0.72000178 0.72291825 2.6871204 2.69 2.69 2.69 2.69 2.69 2.69 2.69 2.69 2.69 2.69 2.6899999 2.6899948 2.6897748 2.6830265 2.55685
-1.68 -1.68 -1.68 -1.6235046 0.09 0.09 0.09 -0.42999815 -0.43 -0.43 -0.43 -0.43 -0.42937371 -0.17 -0.17 -0.17 -0.17 -0.17 -0.17005741 -0.90999999 -0.91 -0.91 -0.91 -0.90999995 -0.90985984 0.062201586 0.08 0.08 0.08 0.08 0.08 0.08 0.08 0.08 0.08 0.088991654 0.7199997 0.72 0.72 0.72 0.72 0.72 0.72 0.72000012 0.72003019 0.72269442 0.86037407 2.6897485 2.69 2.69 2.69 2.6899998 2.6899986 2.6899799 2.6895537 2.6768374 2.3348311 1.0508721 0.83124302 0.8207171 0.8200721 0.82001505
-1.68 -1.68 -1.68 -1.68 0.08999997 0.09 -0.42999938 -0.43 -0.43 -0.43 -0.43 -0.43 -0.37909782 -0.17 -0.17 -0.17 -0.17 -0.17 -0.17013406 -0.91 -0.91 -0.91 -0.91 -0.91 -0.91 -0.90980398 0.08 0.08 0.08 0.08 0.08 0.08 0.08 0.08 0.081919382 0.72 0.72 0.72 0.72 0.72 0.72 0.72 0.72 0.72000442 0.72149266 0.84980238 2.3777331 3.2763351 2.6907867 2.6722097 2.5210355 1.539371 0.86702902 0.8214433 0.82003629 0.82000093 0.82000003 0.82 0.82 0.82 0.82000003 0.8200026
-1.68 -1.68 -1.68 -1.6797932 0.91 0.91 -0.43 -0.43 -0.43 -0.43 -0.43 -0.43265738 -1.0300219 -0.17 -0.17 -0.17 -0.17 -0.17 -0.17537861 -0.91 -0.91 -0.91 -0.91 -0.91 -0.91 -0.91 0.079997304 0.08 0.08 0.08 0.08 0.08 0.08 0.080835958 0.72 0.72 0.72 0.72 0.72 0.72 0.72 0.72 0.72000034 0.72081606 0.96798961 3.0793073 3.3838565 3.398259 2.8749827 0.82022605 0.82000509 0.8200001 0.82 0.82 0.82 0.82 0.82 0.82 0.82 0.82 0.82000001 0.82000223
0.25995411 0.093085465 -1.6180462 0.91 0.91 0.91 0.90997757 -0.43 -0.43 -0.43 -1.04 -1.04 -1.04 -0.17 -0.17 -0.17 -0.17 -0.17 -0.86835888 -0.91 -0.91 -0.91 -0.91 -0.91 -0.91 -0.91 -0.49786114 0.08 0.08 0.08 0.08 0.08 0.082621649 0.72 0.72 0.72 0.72 0.72 0.72 0.72 0.72 0.72000001 0.72049664 1.488358 3.3691462 3.399209 3.3999329 3.3999857 2.9271983 0.82001227 0.82 0.82 0.82 0.82 0.82 0.82 0.82 0.82 0.82 0.82 0.82 0.82000242
0.26 0.26 0.26000853 0.91 0.91 0.91 0.91 -0.42989168 -0.43344195 -1.04 -1.04 -1.04 -1.04 -0.17 -0.17 -0.17 -0.17 -0.17 -0.90998882 -0.91 -0.91 -0.91 -0.91 -0.91 -0.91 -0.91 -0.24057462 0.92269101 0.37205223 0.12039959 0.083892837 0.098672097 0.72 0.72 0.72 0.72 0.72 0.72 0.72 0.72 0.72 0.7204743 3.0113685 3.3994924 3.399993 3.3999995 3.3999999 3.3999978 2.9668948 0.81998814 0.82 0.82 0.82 0.82 0.82 0.82 0.82 0.82 0.82 0.82 0.82 0.82000406
0.26 0.26 0.26 0.91 0.91 0.91 0.91 0.90999996 -1.04 -1.04 -1.04 -1.04 -1.04 -0.67640525 -0.17 -0.17 -0.17 -0.17 -0.90999974 -0.91 -0.91 -0.91 -0.91 -0.91 -0.91 0.8935752 1.04 1.461797 1.73 1.73 1.73 1.73 0.72000003 0.72 0.72 0.72 0.72 0.72 0.72 0.72 0.72179274 3.3977308 3.3999996 3.4 3.4 3.4 3.4 3.3999622 2.4867548 0.81956887 0.82 0.82 0.82 0.82 0.82 0.82 0.82 0.82 0.82 0.82 0.82 0.8200149
-0.71 0.26 0.26 0.91 0.91 0.91 0.91 0.88184615 -0.56407693 -1.04 -1.04 -1.04 -1.04 -0.8579543 -0.17 -0.17 -0.17 -0.17 -0.90999972 -0.91 -0.91 -0.91 -0.91 -0.91 1.0391475 1.04 1.04 1.0411793 1.73 1.73 1.73 1.73 1.7299987 0.72 0.72 0.72 0.72 0.72 0.72 0.92802211 3.3999999 3.4 3.4 3.4 3.4 3.4 3.4 3.3973172 -0.93219543 0.77326291 0.82000002 0.82 0.82 0.82 0.82 0.82 0.82 0.82 0.82 0.82 0.82 0.82022873
-0.71 0.20037082 1.38 1.3799964 0.91 0.91 0.90999996 -0.56 -0.56 -0.56 -0.56 0.28999648 0.29 0.29 0.29000717 0.5599997 0.55999982 0.55999927 -0.69255962 -0.91 -0.91 -0.91 -0.90999999 1.0399952 1.04 1.04 1.04 1.04 1.73 1.73 1.73 1.73 1.73 1.4266119 0.72 0.72 0.72 0.72 3.3993066 3.4 3.4 3.4 3.4 3.4 3.4 3.4 3.3999995 2.487684 -1.0990476 -0.16148579 0.82004008 0.82000002 0.82 0.82 0.82 0.82 0.82 0.82 0.82 0.82 0.82 0.86062311
1.379999 1.38 1.38 1.38 1.38 0.91549458 -0.55999963 -0.56 -0.56 -0.56 0.093932112 0.29 0.29 0.29 0.54506515 0.56 0.56 0.56 0.56 0.55685502 -1.2777774 -1.2799979 -1.2038033 1.04 1.04 1.04 1.04 1.04 1.73 1.73 1.73 1.73 1.73 1.73 0.94244053 1.579991 1.58 1.5800001 3.4 3.4 3.4 3.4 3.4 3.4 3.4 3.4 3.3996574 -1.1058993 -1.1092199 -0.7653528 0.82279842 0.82003434 0.82 0.82 0.82 0.82 0.82 0.82 0.82 0.82 0.82000001 1.0699488
1.38 1.38 1.38 1.38 1.38 1.2926624 -0.56006611 -0.56 -0.56 0.099999623 0.1 0.29 0.29 0.29 0.56 0.56 0.56 0.56 0.56 0.052064357 -1.28 -1.28 -1.28 1.0399932 1.04 1.04 1.04 1.04 0.49925963 1.73 1.73 1.73 1.73 1.73 1.58 1.58 1.58 1.58 3.4 3.4 3.4 3.4 3.4 3.4 3.4 3.4 1.2180519 -1.109994 -1.1099846 -1.0701632 0.82205857 0.82996903 0.82000176 0.82 0.82 0.82 0.82 0.82 0.82 0.82 0.82028832 1.07
-0.64 1.38 1.38 -0.54549373 -0.56998739 -1.5999899 -1.1643016 -0.71993114 0.088394122 0.1 0.38969329 0.39 0.29000005 0.29000006 0.56 0.56 0.56 0.56 0.56 -1.2799382 -1.28 -1.28 -1.28 -1.28 1.04 1.04 1.04 0.47000008 0.47 0.47078492 1.73 1.73 1.73 1.7299768 1.58 1.58 1.58 1.58 3.4 3.4 3.4 3.4 3.4 3.4 3.4 3.3690835 -1.0955102 -1.1099982 -1.11 -1.1091887 0.81569089 0.82999998 0.82999842 0.82000001 0.82 0.82 0.82 0.82 0.82 0.82 1.07 1.07
-0.64 -0.57491038 -0.56999999 -0.57 -0.56997672 -1.6 -0.7739487 -0.72 -0.27 0.38372321 0.39 0.39 0.39 0.39027199 0.56 0.56 0.56 0.56 0.56 -1.28 -1.28 -1.28 -1.28 -1.28 1.0354076 1.04 0.6826145 0.47 0.47 0.47 -0.88999982 0.92898314 1.7299614 1.5800767 1.58 1.58 1.58 1.58 1.6623412 3.4 3.4 3.4 3.4 3.4 3.3987873 -1.0299977 -1.0541191 -1.1099996 -1.11 -1.1099991 0.75290442 0.83 0.83 0.82999999 0.82 0.82 0.82 0.82 0.82 0.82 1.07 1.07
-0.2 -0.2 0.3 0.3 -1.5999461 -1.6 -0.72 -0.72 -0.27 -0.27000009 0.38992582 0.39 0.3899999 -0.25998976 0.10010745 0.55999966 0.55999999 0.55999939 0.45461874 -1.0104088 -1.28 -1.28 -1.28 -1.28 -1.28 1.0214667 0.47 0.47 0.46999714 -0.89 -0.89 -0.8888837 -0.3300889 -0.31274394 1.5799979 1.58 1.58 1.58 1.5800202 3.4 3.4 3.4 3.4 3.3999766 -1.0299998 -1.03 -1.0302864 -1.1099999 -1.11 -1.11 -0.66898718 0.83 0.83 0.83 0.83 0.82 0.82 0.82 0.82 1.0699998 1.07 1.07
-0.2 -0.20001022 -1.1 -1.1 -1.76 -0.79006588 -0.79000025 -0.99607946 -0.27 -0.31 -1.27 -1.27 -1.4372496 -0.26 -0.26 -1.24 -1.24 -1.24 -0.97585625 -1.01 -1.01 -1.2799994 -1.28 -1.28 -0.83175614 -0.82 0.46999976 -0.88216875 -0.89 -0.89 -0.88740405 -0.33 -0.33 -0.33000003 -1.75 -1.75 -1.75 -1.75 -1.75 -1.7496181 3.3999998 3.4 3.3999985 -1.0299999 -1.03 -1.03 -1.03 -1.11 -1.11 -1.11 -1.1099894 0.83 0.83 0.83 0.83 0.83 0.82 0.82 0.82000058 1.07 1.07 1.07
-1.3554664 -0.85 -0.76818843 -1.3099987 -1.82 -1.56 -1.3699834 -1.2600039 -1.4351892 -1.94 -1.77 -1.59 -2.2 -0.26 -0.26 -1.24 -1.24 -0.46 -0.46 -1.01 -1.01 -1.01 -1.0100003 -0.82 -0.82 -0.82 -0.82 -0.89000714 -0.89 -0.33000046 -0.33 -0.33 -0.33 -0.33 -1.75 -1.75 -1.75 -1.75 -1.75 -1.75 -1.7499856 2.1993574 -1.0299991 -1.03 -1.03 -1.03 -1.03 -1.1099997 -1.11 -1.11 -1.11 0.83 0.83 0.83 0.83 0.83 0.8261708 -0.27264225 1.0366677 1.07 1.07 1.07
-1.37 -1.22 -1.32 -1.91 -2.03 -2.19 -1.0901877 -2.2999988 -3.23 -3.07 -2.190006 -2.06 -2.2 -1.8101505 -1.81 -1.2821558 -0.46000072 -0.46 -0.46 -1.01 -1.01 -1.01 -1.0313452 -0.82000484 -0.82 -0.82 -0.82000001 -2.43 -2.43 -0.33 -0.33 -0.33 -0.33 -0.33000003 -1.75 -1.75 -1.75 -1.75 -1.7498785 -0.69019758 -0.71999733 -0.71999994 -1.03 -1.03 -1.03 -1.03 -1.03 -1.0330609 -1.11 -1.11 -1.11 0.83 0.83 0.83 0.83 0.82999998 -0.3 -0.3 -0.3 0.53227046 1.07 1.07
-1.2618904 -1.93 -1.93 -1.37 -1.3 -2.3 -2.46 -2.13 -2.71 -2.81 -3.25 -3.28 -3.4 -2.85 -2.85 -2.11 -2.11 -0.46 -0.46 -1.7113742 -1.69 -1.69 -1.0300355 -1.03 -0.82 -0.82 -2.4293613 -2.43 -2.43 -2.43 -0.34524963 -0.86416219 -2.5499974 -2.5499999 -0.69547131 -0.62000119 -0.62 -0.62 -0.62 -0.72 -0.72 -0.72 -1.0299949 -1.03 -1.03 -1.03 -1.03 -1.03 -1.11 -1.11 -1.11 0.82993866 0.83 0.83 0.83 -0.3 -0.3 -0.3 -0.3 -0.4378236 -1.89 -1.89
-1.26 -1.26 -1.27 -1.94 -1.9274411 -2.18 -2.49 -2.43 -2.74 -2.33 -2.211633 -2.02 -2.32 -2.850269 -2.64 -2.64 -2.11 -2.69 -2.26 -2.26 -1.69 -1.69 -2.42 -1.03 -1.03 -0.82000048 -2.43 -2.43 -2.43 -1.53 -1.53 -2.55 -2.55 -2.55 -0.63799124 -0.62 -0.62 -0.62 -0.72 -0.72 -0.72 -0.72 -0.97199268 -1.03 -1.03 -1.03 -1.03 -1.03 -1.11 -1.11 -1.11 -1.16 -1.1599976 -0.98313871 -0.29999968 -0.3 -0.3 -0.3 -0.3 -1.8899972 -1.89 -1.89
-1.26 -1.4999151 -1.209998 -1.4285206 -0.65 -1.48 -1.88 -1.54 -1.8 -1.87 -1.37 -2.39 -3.4 -3.4 -2.64 -2.64 -2.69 -2.69 -2.26 -2.26 -2.26 -1.8 -0.79000001 -1.07 -1.19 -1.19 -0.075790356 -1.9612359 -2.4299695 -1.53 -1.53 -2.55 -2.55 -2.4498397 -0.4529579 -0.61999998 -0.62 -0.71999651 -0.72 -0.72 -0.72 -0.71998887 -0.050229506 -1.03 -1.03 -1.03 -1.03 -1.03 -1.1099855 -1.1100006 -1.16 -1.16 -1.16 -1.16 -0.4112933 -0.3 -0.3 -0.3 -0.3 -1.89 -1.89 -1.89
-0.24 -1.0100032 -0.8 1.07 -0.29 -1.17 -0.30022046 -1.04 -1.7790291 -1.78 -1.91 -1.55 -1.93 -1.67 -1.67 -1.49 -1.32 -1.32 -1.19 -1.1249318 -1.0600003 -1.8 -1.72 -1.0700461 -1.19 0.1 0.090781751 -1.27 -1.27 -0.41 -0.41000875 -2.55 -0.45 -0.45 -1.4198402 -0.61995756 -0.59 -0.59 -0.59 -0.71999949 -0.050004418 -0.05 -0.049999994 -1.1939572 -2.24 -2.24 -2.24 -2.24 -2.2656482 -1.2115039 -1.16 -1.16 -1.16 -1.16 -1.16 -0.3 -0.3 -0.3 -0.3 -1.89 -1.89 -1.89
-0.33000049 -0.27 -0.16 0.06 0.75528001 0.35000002 0.35 -0.77 -0.23 -1.38 -0.86 -0.51 -0.51 -1.06 -1.0600147 -1.49 -1.49 -0.62947833 -1.05 -1.06 -1.06 -1.7198569 -1.72 -1.8999987 0.64 0.1 0.098354653 -1.27 -1.27 -1.1351983 -1.14 -1.12 -0.45 -1.4199981 -1.42 -0.86000005 -0.83481902 -0.59 -0.58870873 -0.03 -0.05 -0.05 -0.049999975 -1.669964 -2.24 -2.24 -2.24 -2.24 -2.84 -2.84 -1.16 -1.16 -1.16 -1.16 -1.56 -1.56 -1.5572497 -0.3 -1.1467441 -1.89 -1.89 -1.89
-0.33 0.16 0.15811478 -0.24 -0.36 -0.67 -0.67 -0.01 -0.18187046 -0.18 -0.86 -0.86000016 -1.47 -1.06 -1.06 -1.4901081 -1.84 -1.84 0.30999995 -1.06 -1.5 -1.1465664 -0.09 -1.9 -0.63 -1.75 -1.6628937 -0.78 -0.78 -1.1399578 -1.12 -0.85 0.44 -1.42 -1.42 -1.4599995 -0.86 -0.86 -0.03 -0.03 -0.05 -0.05 -0.58355937 -1.67 -1.6700016 -2.24 -2.24 -2.24 -2.84 -2.84 -2.84 -1.16 -1.16 -1.56 -1.56 -1.56 -1.56 -1.56 -1.8894429 -1.89 -1.89 -1.89
-1.45 -1.45 0.96994335 -0.5 -1.29 -1.13 -1.21 -0.89999994 -0.03 -1.3714101 -1.93 -1.85 -2.11 -1.26 -1.26 -1.71 -1.62 -1.62 -1.62 -0.89 -0.89 -1.5 -1.43 -1.43 -1.6095525 -1.61 -0.09 -0.09 -0.77999915 -0.6 -0.6 -0.85 -0.86 -1.2599999 -1.26 -1.46 -1.53 -1.49 -1.7 -1.03 0.15 -0.6096626 -1.1229658 -1.67 -1.67 -2.2399914 -2.87 -2.87 -2.84 -2.84 -2.84 -0.43000002 -0.43000053 -1.56 -1.56 -1.56 -1.5599999 -0.64001319 -0.64000445 -1.1100001 -1.110033 0.54694173
-1.45 -1.45 -0.19001116 -0.91 -1.5806768 -1.42 -1.21 -1.11 -1.17 -1.66 -2.37 -2.15 -0.29 -1.26 -1.71 -1.71 -2.6399405 -2.64 -1.96 -1.9599998 -0.89 -0.89 -1.38 -1.43 -1.61 -1.61 -1.6097835 -1.2499983 -1.25 -1.2203436 -1.7599999 -1.76 -1.22 -1.2400015 -1.05 -0.47 -1.06 -1.06 -1.01 -1.01 -0.72 -0.61 -1.78 -1.67 -1.67 -1.67 -2.87 -2.87 -2.8400018 -2.84 -0.43033632 -0.43 -0.43 -0.43722994 -1.56 -0.64 -0.64 -0.64 -0.71539859 -1.11 -1.11 -1.11
-1.45 -1.45 -1.0100002 -1.1092968 -1.02 -1.27 -1.15 -1.28 -1.02 -1.17 -1.3 -1.18 -1.18 -1.7099994 -1.71 -1.71 -2.64 -2.64 -1.96 -1.96 -1.82 -1.38 -1.38 -1.38 -1.61 -1.61 -1.6099075 -1.2500003 -1.25 -1.25 -1.76 -1.76 -1.84 -1.24 -0.98000008 -0.98 -1.73 -1.28 -1.81 -1.0100007 -0.72 0.87 0.86999998 -1.6524465 -0.97 -1.84 -1.8399999 -1.16 -1.1591561 -1.05 -1.0499999 -0.43 -0.43 -0.42769261 -0.040000125 -0.64 -0.64 -0.64 -1.11 -1.11 -1.11 -1.11
-0.52 -1.4496403 -1.0347456 -1.5390845 -1.0200758 -1.270004 -1.7299885 -1.28 -1.02 -1.17 -1.3 -1.1148617 -0.97 -0.97 -1.7099996 -1.71 -2.64 -2.64 -1.96 -1.96 -1.82 -1.38 -2.6656273 -2.8199792 -1.6100884 -1.6099999 -1.42 -1.42 -1.42 -1.42 -1.76 -1.84 -1.84 -1.84 -0.98000056 -1.98 -1.98 -1.2902142 -1.81 -1.81 0.86915035 0.87 0.87 -0.97 -0.97 -1.84 -1.84 -1.16 -1.1596597 -1.05 -1.05 -0.43 -0.43 -0.04 -0.04 -0.04 -0.64 -0.64 -1.11 -1.11 -1.11 -1.11
-0.52 -0.52 -0.63 -0.63 -0.63 -1.1958015 -1.7282293 -1.28 -1.0200461 -1.1699162 -0.97001321 -0.97 -0.97 -0.97 -0.97 -1.7870066 -2.64 -2.64 -1.9618211 -1.9599999 -2.82 -2.82 -2.82 -2.82 -2.82 -1.4200003 -1.42 -1.42 -1.42 -2.3698189 -1.8568428 -1.84 -1.84 -1.84 -1.19 -1.98 -1.98 -1.98 -1.5542903 -1.68 -1.68 -1.68 -1.5222962 -1.18 -1.18 -1.8364043 -1.84 -1.16 -1.07 -1.07 -1.0502776 -0.43 -1.659869 -1.66 -0.040000029 -0.04 -0.040249462 -0.64000144 -1.11 -1.11 -1.11 -1.11
