Interpolating SPI Data/spi_stations/interpolated_spi/2-21_2.tif
NCOLS 257
NROWS 141
XLLCORNER -178.27925
YLLCORNER 5.3153543
DX 0.49934803
DY 0.49997533
NODATA_VALUE -9999
[rows 81 to 107 of 141, columns 61 to 121 of 257]
0.068017951 0.048581684 0.011995106 -0.051541156 -0.14304261 -0.24023811 -0.31231324 -0.35142986 -0.36864637 -0.37540421 -0.37795403 -0.37894998 -0.37938602 -0.37961075 -0.37974454 -0.3798312 -0.37988915 -0.37992793 -0.37995348 -0.37996993 -0.37998024 -0.37998653 -0.37999026 -0.3799924 -0.3799936 -0.37999421 -0.37999443 -0.37999436 -0.37999398 -0.37999319 -0.37999176 -0.37998916 -0.37998417 -0.37997363 -0.37994827 -0.37987546 -0.37961269 -0.37834586 -0.36973243 -0.29974564 -0.13151818 -0.10083944 -0.10000782 -0.10000002 -0.1 -0.1 -0.1 -0.1 -0.1 -0.1 -0.1 -0.1 -0.1 -0.1 -0.10000005 -0.42612901 -0.56 -0.56 -0.56 -0.56 -0.55999219
0.029832156 -0.017694942 -0.09134109 -0.18329566 -0.26842652 -0.32611779 -0.35655386 -0.37019005 -0.37577742 -0.37800329 -0.37892287 -0.37934532 -0.37957058 -0.37970782 -0.37979849 -0.37986039 -0.37990281 -0.37993153 -0.3799506 -0.37996295 -0.37997071 -0.37997538 -0.37997798 -0.37997915 -0.37997925 -0.37997839 -0.37997646 -0.37997308 -0.37996746 -0.37995797 -0.37994115 -0.37990907 -0.37984157 -0.37968028 -0.37922824 -0.37768682 -0.37108875 -0.33723089 -0.21304794 -0.113531 -0.10059057 -0.10001216 -0.10000011 -0.1 -0.1 -0.1 -0.1 -0.1 -0.1 -0.1 -0.1 -0.1 -0.1 -0.1 -0.10072635 -0.56 -0.56 -0.56 -0.56 -0.56 -0.56
-0.05075876 -0.12999603 -0.21707898 -0.28954691 -0.33587217 -0.36009725 -0.3712257 -0.37598826 -0.37798699 -0.37885745 -0.37927557 -0.37950555 -0.37964858 -0.37974467 -0.37981142 -0.37985801 -0.37989016 -0.37991184 -0.37992594 -0.37993457 -0.3799392 -0.37994077 -0.3799398 -0.37993634 -0.37993001 -0.37991983 -0.37990383 -0.37987831 -0.37983592 -0.37976138 -0.37962005 -0.37932567 -0.3786376 -0.37679189 -0.37100589 -0.3501751 -0.27925965 -0.15999965 -0.10772521 -0.10052102 -0.10001996 -0.10000041 -0.1 -0.1 -0.1 -0.1 -0.1 -0.1 -0.1 -0.1 -0.1 -0.1 -0.1 -0.1000386 -0.5599996 -0.56 -0.56 -0.56 -0.56 -0.56 -0.56
-0.1651841 -0.2443453 -0.30524217 -0.34283665 -0.36257015 -0.37190091 -0.37606877 -0.37790631 -0.37874673 -0.37916717 -0.37940484 -0.37955513 -0.37965731 -0.37972901 -0.37977942 -0.37981421 -0.37983723 -0.37985127 -0.37985826 -0.37985943 -0.37985536 -0.37984592 -0.37983019 -0.37980613 -0.37976995 -0.37971477 -0.37962796 -0.37948501 -0.37923554 -0.37876802 -0.37781384 -0.37566253 -0.37024787 -0.35516703 -0.31246885 -0.2216864 -0.13523655 -0.10542082 -0.10052585 -0.10003293 -0.10000127 -0.10000003 -0.1 -0.1 -0.1 -0.1 -0.1 -0.1 -0.1 -0.1 -0.1 -0.1 -0.10002236 -0.55869147 -0.56 -0.56 -0.56 -0.56 -0.56 -0.56 -0.56
-0.26585099 -0.31690134 -0.34785137 -0.36428828 -0.37230218 -0.37603281 -0.37775515 -0.37857889 -0.37900606 -0.379253 -0.37941084 -0.37951849 -0.37959381 -0.37964603 -0.37968068 -0.37970141 -0.37971064 -0.37970981 -0.37969944 -0.37967904 -0.37964682 -0.37959927 -0.37953013 -0.37942862 -0.37927589 -0.3790377 -0.37864899 -0.37797888 -0.37674675 -0.37430819 -0.36908167 -0.35701762 -0.32828755 -0.26716403 -0.18164369 -0.12355315 -0.10438323 -0.10057461 -0.10005331 -0.10000339 -0.10000014 -0.10000001 -0.1 -0.1 -0.1 -0.1 -0.1 -0.1 -0.1 -0.1 -0.10000001 -0.10003406 -0.46687931 -0.55999994 -0.56 -0.56 -0.56 -0.56 -0.56 -0.56 -0.56
-0.32558443 -0.35147136 -0.36544876 -0.3724785 -0.375882 -0.37752148 -0.37833748 -0.37877359 -0.37902965 -0.37919354 -0.37930412 -0.37937948 -0.37942884 -0.37945743 -0.37946836 -0.37946328 -0.37944252 -0.37940499 -0.37934783 -0.37926568 -0.37914946 -0.37898412 -0.37874449 -0.37838733 -0.37783574 -0.3769467 -0.37544117 -0.37274643 -0.36763061 -0.35737069 -0.33615599 -0.29416161 -0.22675335 -0.15741881 -0.1175918 -0.1039048 -0.10065744 -0.10008386 -0.10000793 -0.10000055 -0.10000004 -0.10000001 -0.1 -0.1 -0.1 -0.1 -0.1 -0.1 -0.1 -0.10000023 -0.10006949 -0.22089463 -0.55994868 -0.56 -0.56 -0.56 -0.56 -0.56 -0.56 -0.56 -0.56
-0.35406341 -0.36617471 -0.37245492 -0.37560933 -0.37718834 -0.3780017 -0.37844656 -0.37870939 -0.37887548 -0.37898374 -0.37905241 -0.37909051 -0.37910262 -0.37909082 -0.37905524 -0.3789941 -0.37890325 -0.37877538 -0.37859848 -0.37835335 -0.37800913 -0.37751527 -0.37678666 -0.37567522 -0.37391361 -0.37100084 -0.36596682 -0.35690115 -0.34014284 -0.30963639 -0.25970405 -0.19644322 -0.14305258 -0.11432387 -0.10371731 -0.10077157 -0.10012778 -0.10001666 -0.10000172 -0.10000017 -0.10000003 -0.10000001 -0.10000001 -0.1 -0.1 -0.1 -0.10000001 -0.10000008 -0.10000188 -0.10014654 -0.14174052 -0.55709389 -0.55999969 -0.56 -0.56 -0.56 -0.56 -0.56 -0.56 -0.56 -0.56
-0.36654207 -0.37224074 -0.37520155 -0.37673477 -0.37754701 -0.37799775 -0.3782623 -0.37842377 -0.37852105 -0.37857232 -0.37858601 -0.37856556 -0.37851121 -0.37842056 -0.37828822 -0.37810493 -0.377856 -0.3775186 -0.37705729 -0.37641635 -0.37550632 -0.37418002 -0.37218843 -0.36909866 -0.36414075 -0.35593255 -0.34204954 -0.31865093 -0.28135071 -0.2299593 -0.17539071 -0.13431968 -0.11244897 -0.10370394 -0.10091704 -0.10018856 -0.10003196 -0.10000452 -0.10000062 -0.10000014 -0.10000006 -0.10000004 -0.10000003 -0.10000002 -0.10000004 -0.10000011 -0.10000073 -0.10000966 -0.10029266 -0.12250738 -0.52695487 -0.55995966 -0.55999999 -0.56 -0.56 -0.56 -0.56 -0.56 -0.56 -0.56 -0.56
-0.37183481 -0.37464102 -0.37613685 -0.37694602 -0.37739681 -0.37765497 -0.37780157 -0.37787524 -0.37789376 -0.37786445 -0.37778884 -0.37766437 -0.37748469 -0.37723892 -0.37691009 -0.37647258 -0.37588774 -0.37509692 -0.37400979 -0.37248461 -0.37029439 -0.36706842 -0.36219191 -0.35464119 -0.3427466 -0.32398295 -0.29526097 -0.25486278 -0.20653295 -0.16107184 -0.12882859 -0.1113617 -0.10380817 -0.10109515 -0.10026995 -0.10005688 -0.10001043 -0.10000188 -0.10000049 -0.10000024 -0.10000017 -0.10000014 -0.10000016 -0.10000028 -0.10000084 -0.10000417 -0.10003503 -0.10054103 -0.11646622 -0.43403794 -0.55902238 -0.55999788 -0.56 -0.56 -0.56 -0.56 -0.56 -0.56 -0.56 -0.56 -0.56
-0.37390744 -0.37536893 -0.37616969 -0.37661161 -0.37685198 -0.37696976 -0.37700299 -0.37696852 -0.37687192 -0.37671189 -0.37648187 -0.37616992 -0.37575752 -0.37521716 -0.37450843 -0.37357187 -0.37231906 -0.37061684 -0.36826169 -0.36493825 -0.36015305 -0.35313373 -0.34269414 -0.32711663 -0.30425628 -0.27236146 -0.23212414 -0.18889499 -0.15128292 -0.12527563 -0.11075663 -0.10400045 -0.10130779 -0.10037583 -0.10009504 -0.1000216 -0.1000049 -0.1000015 -0.1000008 -0.10000062 -0.10000062 -0.10000081 -0.10000153 -0.10000416 -0.10001653 -0.10009839 -0.10092615 -0.11442183 -0.32425212 -0.55174152 -0.55992861 -0.55999971 -0.56 -0.56 -0.56 -0.56 -0.56 -0.56 -0.56 -0.56 -0.56
-0.37440502 -0.3751888 -0.37560989 -0.3758178 -0.37588922 -0.37586109 -0.37574876 -0.37555526 -0.37527549 -0.37489755 -0.37440228 -0.37376134 -0.37293394 -0.37186154 -0.37045976 -0.36860592 -0.36611983 -0.36273445 -0.35805182 -0.35148025 -0.34215551 -0.32887374 -0.31013134 -0.28449326 -0.25158721 -0.2135979 -0.17583388 -0.14449379 -0.12293641 -0.11046844 -0.10426447 -0.10155712 -0.10051024 -0.10015064 -0.10004104 -0.10001135 -0.10000408 -0.10000238 -0.10000205 -0.10000228 -0.10000325 -0.1000061 -0.10001514 -0.10005025 -0.10022854 -0.10147961 -0.11401851 -0.25009903 -0.52565845 -0.55916017 -0.55998911 -0.55999992 -0.56 -0.56 -0.56 -0.56 -0.56 -0.56 -0.56 -0.56 -0.55999937
-0.37397562 -0.37436114 -0.37451902 -0.37452334 -0.37440943 -0.37419049 -0.37386623 -0.37342677 -0.37285367 -0.372119 -0.37118282 -0.36998897 -0.36845855 -0.36648024 -0.36389608 -0.36048064 -0.35591155 -0.34972967 -0.341292 -0.32973268 -0.31397954 -0.29292962 -0.26593878 -0.2336781 -0.19891836 -0.16617653 -0.13971344 -0.12139368 -0.11040229 -0.10459103 -0.10184559 -0.10067734 -0.10022845 -0.10007273 -0.10002392 -0.10001 -0.10000644 -0.10000601 -0.10000716 -0.10001054 -0.10001922 -0.1000437 -0.10012507 -0.1004595 -0.10222694 -0.1144686 -0.20861605 -0.47402612 -0.55511972 -0.55985156 -0.55999711 -0.55999996 -0.56 -0.56 -0.56 -0.56 -0.56 -0.56 -0.56 -0.55999998 -0.55995921
-0.37283853 -0.37292649 -0.37284056 -0.37261395 -0.37225709 -0.37176566 -0.37112418 -0.37030669 -0.36927542 -0.36797774 -0.36634115 -0.36426591 -0.36161457 -0.35819723 -0.35375161 -0.34791749 -0.3402079 -0.32998616 -0.31647325 -0.29883655 -0.27643913 -0.24930945 -0.21872094 -0.18743024 -0.15899845 -0.13630893 -0.12039748 -0.1105012 -0.10497512 -0.10217594 -0.10088159 -0.10033389 -0.10012177 -0.10004662 -0.1000224 -0.1000158 -0.10001563 -0.10001935 -0.10002863 -0.10005034 -0.10010565 -0.10026712 -0.10082614 -0.10318584 -0.11544874 -0.18571743 -0.40926109 -0.54269196 -0.55898198 -0.55995924 -0.55999884 -0.55999998 -0.56 -0.56 -0.56 -0.56 -0.56 -0.56 -0.56 -0.55999878 -0.55907809
-0.37101741 -0.37081678 -0.3704494 -0.36992244 -0.36922703 -0.36834153 -0.36723195 -0.36585028 -0.36413103 -0.36198583 -0.35929581 -0.35590118 -0.35158768 -0.34606996 -0.33897362 -0.32982144 -0.31803704 -0.30299214 -0.28413865 -0.2612661 -0.23486843 -0.20645404 -0.17847143 -0.15362561 -0.13387267 -0.11979265 -0.11072991 -0.10541449 -0.10255137 -0.10112786 -0.10047313 -0.10019456 -0.10008523 -0.10004635 -0.10003538 -0.10003644 -0.10004587 -0.10006726 -0.10011372 -0.1002223 -0.10050639 -0.10136021 -0.1043658 -0.11680214 -0.17268017 -0.34962384 -0.5172687 -0.55570293 -0.55969947 -0.55998424 -0.55999936 -0.55999998 -0.56 -0.56 -0.56 -0.56 -0.56 -0.56 -0.55999982 -0.55997039 -0.55040798
-0.3684372 -0.36790142 -0.36717325 -0.36623904 -0.36507085 -0.36362667 -0.36184861 -0.35965931 -0.35695656 -0.35360603 -0.34943203 -0.34420659 -0.3376381 -0.32936288 -0.31894724 -0.30591391 -0.2898148 -0.27037465 -0.24771174 -0.22258086 -0.19648715 -0.17147893 -0.14958075 -0.13213771 -0.11947987 -0.11106634 -0.1059089 -0.10297572 -0.10142171 -0.10065333 -0.100299 -0.10014754 -0.10008933 -0.10007277 -0.10007697 -0.10009727 -0.10014031 -0.10022818 -0.10041889 -0.10087349 -0.10208736 -0.1057686 -0.1184408 -0.16506885 -0.30337659 -0.47953785 -0.54727565 -0.55861133 -0.55988244 -0.55999205 -0.55999956 -0.55999998 -0.56 -0.56 -0.56 -0.56 -0.56 -0.55999993 -0.55999626 -0.55964158 -0.50523249
-0.36496786 -0.36401044 -0.36280696 -0.36132348 -0.35951063 -0.35730183 -0.35460987 -0.35132202 -0.34729377 -0.34234166 -0.33623596 -0.32869553 -0.31938905 -0.30795045 -0.29402056 -0.27732925 -0.25782694 -0.2358498 -0.21225585 -0.18842194 -0.16600843 -0.14652841 -0.13092589 -0.11939417 -0.1114969 -0.10645984 -0.10345365 -0.10176948 -0.10088269 -0.1004446 -0.10024354 -0.10016146 -0.10013855 -0.10014905 -0.10018768 -0.10026539 -0.10041596 -0.10072239 -0.10139662 -0.10302566 -0.10738939 -0.12030843 -0.16062757 -0.27014965 -0.43575488 -0.53117172 -0.55545408 -0.55943557 -0.55994242 -0.55999508 -0.55999964 -0.55999998 -0.56 -0.56 -0.56 -0.56 -0.55999995 -0.55999885 -0.55995682 -0.55744021 -0.37319021
-0.36044931 -0.35895247 -0.35712949 -0.35492486 -0.35226519 -0.3490563 -0.34517916 -0.34048524 -0.33479182 -0.32787885 -0.31948973 -0.30934076 -0.29714575 -0.28266431 -0.26578078 -0.24661093 -0.22561223 -0.20364348 -0.18190448 -0.16172119 -0.14423212 -0.13011621 -0.11949247 -0.11201381 -0.10707022 -0.10399068 -0.10217848 -0.10117058 -0.10064246 -0.10038539 -0.10027557 -0.10024634 -0.1002677 -0.10033437 -0.10046292 -0.10070095 -0.101159 -0.10209931 -0.10418519 -0.10921806 -0.12236484 -0.15815211 -0.24685429 -0.3930783 -0.50686412 -0.5485384 -0.55805161 -0.55972272 -0.55996627 -0.55999644 -0.55999967 -0.55999997 -0.56 -0.56 -0.55999999 -0.55999995 -0.55999937 -0.55998845 -0.55968565 -0.54786895 -0.15665094
-0.3547122 -0.35253542 -0.3499283 -0.34681304 -0.34309183 -0.33864397 -0.33332303 -0.32695492 -0.31933855 -0.31025177 -0.29946641 -0.28677748 -0.27205122 -0.25529297 -0.23672616 -0.21685773 -0.19649005 -0.17664042 -0.15836283 -0.14252391 -0.12962528 -0.11974615 -0.11261334 -0.10774426 -0.10459328 -0.10265694 -0.10152743 -0.1009051 -0.10058715 -0.10044682 -0.10041236 -0.10045053 -0.1005569 -0.10075476 -0.10110693 -0.10175215 -0.10299902 -0.10556855 -0.11124063 -0.1245788 -0.15696151 -0.23054374 -0.35587621 -0.4764454 -0.53640568 -0.55477368 -0.55902184 -0.55984095 -0.55997722 -0.55999708 -0.55999966 -0.55999996 -0.55999999 -0.55999999 -0.55999993 -0.5599995 -0.55999471 -0.55992167 -0.55841182 -0.51870123 0.056849974
-0.34760093 -0.34459332 -0.34103284 -0.3368215 -0.33184139 -0.32595365 -0.31899907 -0.31080204 -0.30117997 -0.28996149 -0.27701623 -0.26229802 -0.24589874 -0.2281022 -0.20941745 -0.19056447 -0.1723933 -0.1557432 -0.14128343 -0.12939501 -0.12013644 -0.11329479 -0.10848728 -0.10526872 -0.10321387 -0.10196455 -0.10124616 -0.10086437 -0.10069217 -0.10065473 -0.10071688 -0.10087595 -0.10116276 -0.10165585 -0.10252102 -0.10410667 -0.10717186 -0.1134405 -0.1269246 -0.1566487 -0.21905158 -0.32547162 -0.44348347 -0.51861295 -0.54848739 -0.55728803 -0.55943903 -0.55989648 -0.55998276 -0.55999737 -0.55999962 -0.55999994 -0.55999997 -0.5599999 -0.5599995 -0.55999651 -0.55996796 -0.55961353 -0.55400833 -0.45380326 0.20825082
-0.33900051 -0.33501872 -0.33035434 -0.32489609 -0.31851693 -0.31107688 -0.30242916 -0.29243177 -0.28096641 -0.26796615 -0.25345155 -0.23757067 -0.22063303 -0.20312184 -0.18566779 -0.16897651 -0.15372013 -0.14042369 -0.12938468 -0.12065139 -0.11405959 -0.10930541 -0.1060249 -0.10385889 -0.10249379 -0.10167989 -0.10123341 -0.10102958 -0.10099258 -0.10108677 -0.10131212 -0.10170743 -0.10236656 -0.10347971 -0.10542683 -0.10898605 -0.11579956 -0.12938027 -0.15695774 -0.21090483 -0.3014367 -0.41131802 -0.49604699 -0.5383182 -0.55377982 -0.55842424 -0.5596405 -0.55992532 -0.55998572 -0.55999745 -0.55999955 -0.55999988 -0.55999984 -0.55999941 -0.55999706 -0.55998146 -0.55985232 -0.55852844 -0.54218625 -0.34624002 0.3013039
-0.3288655 -0.32379651 -0.31792486 -0.31113829 -0.30331828 -0.29434761 -0.28412266 -0.27257143 -0.2596776 -0.245509 -0.23024579 -0.21419983 -0.19781432 -0.18163405 -0.16624401 -0.15218688 -0.13988128 -0.12956568 -0.12128381 -0.11491071 -0.11020535 -0.10687009 -0.10460184 -0.10312714 -0.10222064 -0.10171075 -0.10147715 -0.10144506 -0.10157979 -0.10188479 -0.10240687 -0.10325401 -0.10463702 -0.10695838 -0.11099813 -0.1182991 -0.13192668 -0.15772039 -0.20512008 -0.28271504 -0.38210343 -0.4705539 -0.52400904 -0.54774311 -0.55630656 -0.55899144 -0.55974732 -0.55994139 -0.55998728 -0.55999735 -0.55999939 -0.55999966 -0.55999922 -0.55999707 -0.55998632 -0.55992185 -0.55945719 -0.55547053 -0.51661893 -0.21019861 0.35684453
-0.31724594 -0.31103142 -0.30392412 -0.29582747 -0.28665247 -0.27632965 -0.26482521 -0.25216088 -0.23843545 -0.22384344 -0.20868461 -0.19335687 -0.17832729 -0.16408187 -0.15106294 -0.13960964 -0.1299179 -0.12202982 -0.11585208 -0.11119404 -0.10781255 -0.10545242 -0.10387624 -0.10288228 -0.10231227 -0.10205227 -0.10203037 -0.10221415 -0.10261119 -0.10327599 -0.10432884 -0.10599667 -0.1086954 -0.11319245 -0.12092051 -0.13454697 -0.15882159 -0.20103689 -0.26819976 -0.35677012 -0.44421384 -0.50605624 -0.53864949 -0.55251871 -0.55761626 -0.55929924 -0.55980821 -0.55995072 -0.55998795 -0.55999704 -0.55999897 -0.55999881 -0.55999672 -0.55998802 -0.55994768 -0.55972914 -0.55834801 -0.54832019 -0.47102841 -0.072672767 0.39062472
-0.30430337 -0.29695991 -0.28868292 -0.2794089 -0.26909729 -0.25774433 -0.24539877 -0.23217748 -0.21827717 -0.20397755 -0.18963116 -0.17563718 -0.1624011 -0.15028714 -0.13957432 -0.13042722 -0.12288777 -0.11688811 -0.11227831 -0.10886027 -0.10641981 -0.10475195 -0.10367761 -0.10305258 -0.10277086 -0.10276493 -0.10300583 -0.10350569 -0.10432608 -0.10559736 -0.1075578 -0.11062826 -0.11555175 -0.12364579 -0.13722629 -0.16017996 -0.19820462 -0.25694389 -0.33541247 -0.41874489 -0.48553992 -0.52638459 -0.54655059 -0.55509904 -0.55834615 -0.55947804 -0.55984478 -0.55995609 -0.55998789 -0.55999628 -0.55999774 -0.55999591 -0.55998814 -0.55995846 -0.55983092 -0.55920467 -0.55570927 -0.53407199 -0.40290806 0.045807863 0.41181256
-0.29031057 -0.28193947 -0.27265645 -0.26244447 -0.25132229 -0.23935657 -0.22667278 -0.21346199 -0.19998023 -0.18653736 -0.17347453 -0.16113196 -0.14981267 -0.13974959 -0.1310837 -0.12385739 -0.11802332 -0.11346458 -0.11002054 -0.10751228 -0.10576391 -0.10461789 -0.10394447 -0.10364669 -0.10366272 -0.10396799 -0.10457936 -0.10556462 -0.10706177 -0.10931566 -0.11274455 -0.11805808 -0.12645797 -0.1399515 -0.16173621 -0.1963097 -0.24819963 -0.31769207 -0.39525741 -0.46377678 -0.51129745 -0.53809147 -0.55101551 -0.55658056 -0.55877875 -0.5595876 -0.55986735 -0.55995878 -0.55998691 -0.55999439 -0.55999413 -0.55998705 -0.55996264 -0.55987536 -0.55952726 -0.55797177 -0.55025735 -0.50941118 -0.31622376 0.13843637 0.42541183
-0.27563162 -0.26641412 -0.25637097 -0.24553703 -0.23398979 -0.22185663 -0.20931836 -0.1966064 -0.18399201 -0.17176726 -0.16021949 -0.14960335 -0.140116 -0.13188026 -0.12493918 -0.11926193 -0.11475856 -0.11129972 -0.10873686 -0.1069202 -0.10571245 -0.10499842 -0.10469094 -0.10473483 -0.10511057 -0.10583975 -0.10699537 -0.10872057 -0.11126237 -0.11503005 -0.12069351 -0.12934133 -0.14271108 -0.16344603 -0.19512942 -0.24139604 -0.3031102 -0.37429125 -0.44198947 -0.49409903 -0.5271227 -0.54502776 -0.5536642 -0.55747835 -0.55904845 -0.55965729 -0.55988107 -0.55995912 -0.55998425 -0.55998968 -0.55998435 -0.559963 -0.55989595 -0.55967026 -0.5588331 -0.55541554 -0.54028818 -0.47182052 -0.22025909 0.20733217 0.43410116
-0.26068509 -0.25086304 -0.24035687 -0.22924952 -0.21766588 -0.20577405 -0.19378159 -0.18192561 -0.17045697 -0.15962001 -0.14963091 -0.1406586 -0.13281172 -0.12613389 -0.12060761 -0.11616502 -0.11270296 -0.11009911 -0.10822703 -0.1069684 -0.10622232 -0.10591188 -0.10598918 -0.10644012 -0.10729091 -0.1086186 -0.11056908 -0.11338766 -0.11746949 -0.12344065 -0.13228155 -0.14549497 -0.16527565 -0.19450239 -0.2361025 -0.29115402 -0.35597504 -0.42111197 -0.47567331 -0.51392662 -0.53696692 -0.54928941 -0.55530902 -0.5580481 -0.55922332 -0.5597023 -0.55988834 -0.55995656 -0.55997807 -0.55997829 -0.55996007 -0.55990442 -0.55974015 -0.55921828 -0.55741396 -0.55066142 -0.5239218 -0.42078159 -0.1253391 0.25749072 0.43923948
-0.24589806 -0.23574485 -0.225086 -0.21404112 -0.20276467 -0.19144196 -0.1802803 -0.16949607 -0.1592985 -0.14987286 -0.14136561 -0.13387402 -0.12744215 -0.12206324 -0.11768758 -0.11423401 -0.11160291 -0.10968864 -0.10839047 -0.10762134 -0.10731475 -0.10743041 -0.10795984 -0.1089335 -0.1104314 -0.1126 -0.11567955 -0.12004717 -0.12628302 -0.13526577 -0.14829448 -0.16719885 -0.19430949 -0.23199452 -0.28136076 -0.34019176 -0.40174037 -0.45688852 -0.49901614 -0.52687551 -0.54324211 -0.552007 -0.55637297 -0.5584236 -0.5593396 -0.55973056 -0.55988964 -0.55994923 -0.55996442 -0.55995242 -0.5599049 -0.55977494 -0.55941064 -0.55831622 -0.55478136 -0.54262319 -0.49953251 -0.35835459 -0.039048283 0.29366421 0.44137114
