Interpolating SPI Data/spi_stations/interpolated_spi/2-21_1.tif
NCOLS 257
NROWS 141
XLLCORNER -178.27925
YLLCORNER 5.3153543
DX 0.49934803
DY 0.49997533
NODATA_VALUE -9999
[rows 28 to 55 of 141, columns 189 to 251 of 257]
-0.046619918 -0.049999842 -0.05 -0.05 -0.05 -0.05 -0.05 -0.050000003 -0.050000283 -0.05034865 -0.84068597 -0.87999999 -0.88 -0.88 -0.88 -0.88 -0.88 -0.88 -1.8299991 -1.83 -1.83 -1.83 -1.83 -1.83 -1.83 -1.83 -1.83 -1.83 -1.83 -1.8299996 -1.829733 -0.54492903 -0.54000001 -0.54 -0.54 -0.54 -0.54 -0.54 -0.54 -0.54 -0.54 -0.54 -0.53999998 -0.53995889 -0.47776551 0.49368056 0.50996985 0.50999989 0.51 0.51 0.51 0.51 0.51 0.51 0.51 0.51 0.51000001 0.51000023 0.51000748 0.51019166 0.5137923 0.5659312 0.9921091
0.012308407 -0.04999786 -0.05 -0.05 -0.05 -0.05 -0.05 -0.05 -0.05 -0.05 -0.050000011 -0.055358736 -0.87999922 -0.88 -0.88 -0.88 -0.88 -0.88 -1.83 -1.83 -1.83 -1.83 -1.83 -1.83 -1.83 -1.83 -1.83 -1.83 -1.829994 -1.8297226 -1.8254483 -1.7070889 -0.54008548 -0.54 -0.54 -0.54 -0.54 -0.54 -0.54 -0.54 -0.53999999 -0.53997963 -0.5031432 0.49307161 0.50998586 0.50999998 0.51 0.51 0.51 0.51 0.51 0.51 0.51 0.51 0.51 0.51 0.51000001 0.51000042 0.5100191 0.51064321 0.52568938 0.75273446 1.6674701
0.72391769 -0.049920328 -0.049999999 -0.05 -0.05 -0.05 -0.05 -0.05 -0.05 -0.05 -0.05 -0.05 -0.05000001 -0.86135667 -0.88 -0.88 -0.88 -1.6465727 -1.83 -1.83 -1.83 -1.83 -1.83 -1.83 -1.83 -1.83 -1.8299922 -1.8286218 -1.7859192 -1.421326 -0.53110539 0.1948487 -0.020805957 -0.539935 -0.53999999 -0.54 -0.54 -0.54 -0.53999997 -0.53997907 -0.51373941 0.48673876 0.50998721 0.50999999 0.51 0.51 0.51 0.51 0.51 0.51 0.51 0.51 0.51 0.51 0.51 0.51 0.51000001 0.51000101 0.51006588 0.51295956 0.59621175 1.4025023 2.0937549
0.825956 -0.041140647 -0.049999982 -0.05 -0.05 -0.05 -0.05 -0.05 -0.05 -0.05 -0.05 -0.05 -0.05 -0.05 -0.050091145 -0.87999891 -0.88002957 -1.8299856 -1.83 -1.83 -1.83 -1.83 -1.83 -1.8299998 -1.8262253 -0.8854589 0.7664351 0.89752432 0.91231205 0.91556231 0.91650035 0.9166759 0.91644693 0.54214787 -0.5393573 -0.53998103 -0.53989802 -0.53930058 -0.51140435 0.47008657 0.50997567 0.50999999 0.51 0.51 0.51 0.51 0.51 0.51 0.51 0.51 0.51 0.51 0.51 0.51 0.51 0.51 0.51000002 0.51000342 0.51033135 0.52988393 1.0355957 2.0499029 2.1803109
0.8203624 0.6477025 -0.049997848 -0.05 -0.05 -0.05 -0.05 -0.05 -0.05 -0.05 -0.05 -0.05 -0.05 -0.05 -0.05 -0.050000007 -0.91099817 -1.8299995 -1.8299996 -1.8299625 -1.5909814 0.91959993 0.91999995 0.92 0.92 0.92 0.91999999 0.91999996 0.91999979 0.91999907 0.91999666 0.91998989 0.91997358 0.91978003 0.57509255 0.56739161 0.59663077 0.59921331 0.56770039 0.51060886 0.51000122 0.51 0.51 0.51 0.51 0.51 0.51 0.51 0.51 0.51 0.51 0.51 0.51 0.51 0.51 0.51 0.51000007 0.51001823 0.51266726 0.70371838 1.9517384 2.1798035 2.1893591
0.8200084 0.81986653 -0.048966421 -0.05 -0.05 -0.05 -0.05 -0.05 -0.05 -0.05 -0.05 -0.05 -0.05 -0.05 -0.05 -0.05 -0.049999887 0.91957851 0.91999997 0.92 0.92 0.92 0.92 0.92 0.92 0.92 0.92 0.92 0.92 0.92 0.92 0.91999996 0.91999581 0.87835703 0.2426938 0.58932519 0.59977423 0.59998298 0.5976451 0.51606894 0.51000521 0.51 0.51 0.51 0.51 0.51 0.51 0.51 0.51 0.51 0.51 0.51 0.51 0.51 0.51 0.51 0.51000037 0.5101728 0.54784728 1.7119987 2.1779284 2.189576 2.1899639
0.82000006 0.81999999 0.57382596 -0.049999973 -0.05 -0.05 -0.05 -0.05 -0.05 -0.05 -0.05 -0.05 -0.05 -0.05 -0.05 -0.05 -0.04999807 0.92 0.92 0.92 0.92 0.92 0.92 0.92 0.92 0.92 0.92 0.92 0.92 0.92 0.92 0.91999996 0.91675542 -0.85750721 -0.019170893 0.58786665 0.59987365 0.59999847 0.59995518 0.56888648 0.51004803 0.51 0.51 0.51 0.51 0.51 0.51 0.51 0.51 0.51 0.51 0.51 0.51 0.51 0.51 0.51 0.51000401 0.51341045 1.1960159 2.1728107 2.1897164 2.189987 2.1899938
0.82 0.82 0.81996291 -0.049919497 -0.05 -0.05 -0.05 -0.05 -0.05 -0.05 -0.05 -0.05 -0.05 -0.05 -0.05 -0.05 -0.049894761 0.92 0.92 0.92 0.92 0.92 0.92 0.92 0.92 0.92 0.92 0.92 0.92 0.92 0.92 0.91989152 -0.71895829 -0.95362014 -0.43889094 0.58403837 0.59993321 0.59999971 0.59999976 0.59947083 0.51130955 0.51000003 0.51 0.51 0.51 0.51 0.51 0.51 0.51 0.51 0.51 0.51 0.51 0.51 0.51 0.51000002 0.51010925 0.66531456 2.1572923 2.1898016 2.189996 2.1899984 2.1899972
0.82 0.82 0.82 0.40276579 -0.05 -0.05 -0.05 -0.05 -0.05 -0.05 -0.05 -0.05 -0.05 -0.05 -0.05 -0.050000001 -0.04082884 0.92 0.92 0.92 0.92 0.92 0.92 0.92 0.92 0.92 0.92 0.92 0.92 0.92 0.91999861 0.031646143 -0.95998302 -0.95943424 -0.81350321 0.57357616 0.59996653 0.59999996 0.6 0.59999887 0.56945741 0.51000049 0.51 0.51 0.51 0.51 0.51 0.51 0.51 0.51 0.51 0.51 0.51 0.51 0.51 0.51000078 0.51983355 2.0930033 2.1898451 2.189999 2.1899997 2.1899994 2.1899987
0.82 0.82 0.82 0.81997326 -0.049991012 -0.050000129 -0.050000014 -0.050000001 -0.05 -0.05 -0.05 -0.05 -0.050000585 -0.075211879 -0.91221242 -0.92958251 -0.92979901 0.92 0.92 0.92 0.92 0.92 0.92 0.92 0.92 0.92 0.92 0.92 0.92 0.91999999 0.82440886 -0.9599809 -0.95999991 -0.9599794 -0.94351598 0.53730734 0.5999838 0.6 0.6 0.6 0.59996105 0.51006794 0.51 0.51 0.51 0.51 0.51 0.51 0.51 0.51 0.51 0.51 0.51 0.51 0.51 0.51013792 1.7054927 2.1898474 2.1899998 2.1899999 2.1899999 2.1899998 2.1899994
0.82 0.82 0.82 0.82 0.17925189 -0.062009076 -0.086375407 -0.28431888 -0.88264436 -0.92994594 -0.93 -0.93 -0.93 -0.93 -0.93 -0.93 -0.93 0.89986314 0.92 0.92 0.92 0.92 0.92 0.92 0.92 0.92 0.92 0.92 0.92 0.91722526 -0.95993466 -0.96 -0.96 -0.95999979 -0.95940219 0.35210969 0.59999203 0.6 0.6 0.6 0.6 0.56749062 0.51 0.51 0.51 0.51 0.51 0.51 0.51 0.51 0.51 0.51 0.51 0.51 0.51000023 0.6770045 2.1897622 2.19 2.19 2.19 2.19 2.1899999 2.1899997
0.82 0.82 0.82 0.82 0.81141649 -0.9288567 -0.92998101 -0.92999996 -0.93 -0.93 -0.93 -0.93 -0.93 -0.93 -0.93 -0.93 -0.93 -0.92999649 0.91999996 0.92 0.92 0.92 0.92 0.92 0.92 0.92 0.92 0.92 0.91995171 -0.95940929 -0.96 -0.96 -0.96 -0.96 -0.9599958 -0.50202011 0.59999548 0.6 0.6 0.6 0.6 0.59999957 0.51000027 0.51 0.51 0.51 0.51 0.51 0.51 0.51 0.51 0.51 0.51 0.51 0.51125838 2.1891209 2.19 2.19 2.19 2.19 2.19 2.19 2.1899999
0.82 0.82 0.82 0.82 0.81800858 -0.92991364 -0.92999736 -0.92999999 -0.93 -0.93 -0.93 -0.93 -0.93 -0.93 -0.93 -0.93 -0.93 -0.93 0.33779626 0.92 0.92 0.92 0.92 0.92 0.92 0.92 0.92 0.91999606 -0.94695458 -0.96 -0.96 -0.96 -0.96 -0.96 -0.96 -0.95141936 0.59999602 0.6 0.6 0.6 0.6 0.6 0.55671991 0.51 0.51 0.51 0.51 0.51 0.51 0.51 0.51 0.51 0.51 0.51000059 2.1753692 2.19 2.19 2.19 2.19 2.19 2.19 2.19 2.1899999
0.82 0.82 0.82 0.82 0.81945459 -0.9010212 -0.92540891 -0.92976988 -0.92999862 -0.93 -0.93 -0.93 -0.93 -0.93 -0.93 -0.93 -0.93 -0.92999998 -0.92999009 0.91993127 0.92 0.92 0.92 0.92 0.91999877 0.91401534 0.36990673 0.33936031 -0.95931459 -0.96 -0.96 -0.96 -0.96 -0.96 -0.96 -0.95999467 0.59998948 0.6 0.6 0.6 0.6 0.6 0.6 0.51 0.51 0.51 0.51 0.51 0.51 0.51 0.51 0.51 0.51 1.1852275 2.19 2.19 2.19 2.19 2.19 2.19 2.19 2.19 2.19
0.82 0.82 0.82 0.82 0.81934849 0.3470146 0.36403991 0.37714722 0.38258645 0.36452882 0.14471253 -0.90348608 -0.92999863 -0.92999996 -0.92999851 -0.92994868 -0.92943863 -0.92726344 -0.92187716 -0.56727636 0.91999934 0.91991377 0.80461839 0.34057965 0.34000015 0.34 0.34 0.33999961 -0.89977114 -0.96 -0.96 -0.96 -0.96 -0.96 -0.96 -0.96 0.59965603 0.6 0.6 0.6 0.6 0.6 0.6 0.00069834361 0.46994894 0.50996945 0.51 0.51 0.51 0.51 0.50999999 0.50999889 0.51046355 2.1899999 2.19 2.19 2.19 2.19 2.19 2.19 2.19 2.19 2.19
0.82 0.82 0.82 0.82 0.78781545 0.43984065 0.43998425 0.43999951 0.44 0.44 0.44 0.44 0.44 0.44 0.44 0.43999998 0.43995615 0.43713621 0.40980201 0.32160204 0.3401635 0.34000004 0.34 0.34 0.34 0.34 0.34 0.34 0.31755495 -0.96 -0.96 -0.96 -0.96 -0.96 -0.96 -0.96 -0.17016857 0.6 0.6 0.6 0.6 0.6 0.6 -0.81837774 -0.84 -0.84 -0.84 -0.84 -0.84 -0.83999998 -0.83984831 -0.82403538 2.1800599 2.1899999 2.19 2.19 2.19 2.19 2.19 2.19 2.19 2.19 2.19
0.82 0.82 0.81999998 0.81999924 0.48775898 0.43999951 0.43999999 0.44 0.44 0.44 0.44 0.44 0.44 0.44 0.44 0.44 0.44 0.43999994 0.43999002 0.43714113 0.33999995 0.34 0.34 0.34 0.34 0.34 0.34 0.34 0.33999935 -0.95999978 -0.96 -0.96 -0.96 -0.96 -0.96 -0.96 -0.95999949 0.6 0.6 0.6 0.6 0.6 0.6 -0.83955886 -0.84 -0.84 -0.84 -0.84 -0.84 -0.84 -0.84 -0.8119479 1.2098949 2.1899993 2.19 2.19 2.19 2.19 2.19 2.19 2.19 2.19 2.19
0.41801071 0.76551999 0.80099911 -1.4819211 -1.5573537 0.43990334 0.44 0.44 0.44 0.44 0.44 0.44 0.44 0.44 0.44 0.44 0.44 0.44 0.43760418 -0.0099045353 0.3399999 0.34 0.34 0.34 0.34 0.34 0.34 0.34 0.34 -0.95788152 -0.96 -0.96 -0.96 -0.96 -0.96 -0.96 -0.96 0.6 0.6 0.6 0.6 0.60000152 1.0199983 1.0198053 -0.84 -0.84 -0.84 -0.84 -0.84 -0.84 -0.84 1.0999999 1.1000002 2.1841143 2.19 2.19 2.19 2.19 2.19 2.19 2.19 2.19 2.1899998
-1.0899999 -1.0444728 -1.0885134 -1.5597008 -1.5599992 -1.5550397 0.43999841 0.44 0.44 0.44 0.44 0.44 0.44 0.44 0.44 0.44 0.44 0.1851169 -0.04999987 -0.049997196 0.33997673 0.34 0.34 0.34 0.34 0.34 0.34 0.34 0.33999999 0.33721117 -0.96 -0.96 -0.96 -0.96 -0.96 -0.96 -0.96 0.59999986 0.6 0.60000147 1.02 1.02 1.02 1.02 -0.8399999 -0.84 -0.84 -0.84 -0.84 -0.84 0.64437991 1.1 1.1 1.1 2.19 2.19 2.19 2.19 2.19 2.19 2.19 2.1899998 2.1899954
-1.0580727 0.12954482 -1.514758 -1.5599979 -1.56 -1.56 -1.5386083 0.43998623 0.43999979 0.44 0.44 0.44 0.44 0.44 0.44 0.43999969 -0.049943653 -0.05 -0.05 -0.05 0.1042371 0.33999997 0.34 0.34 0.34 0.34 0.34 0.34 0.3398779 0.22644035 -0.95999956 -0.96 -0.96 -0.96 -0.96 -0.96 -0.96 0.51257068 1.0199985 1.02 1.02 1.02 1.02 1.02 1.0199132 -0.84 -0.84 -0.84 -0.83978747 0.72652643 1.0999996 1.1 1.1 1.1 1.1002459 2.19 2.19 2.19 2.19 2.19 2.189999 2.1898937 2.1356181
0.12999997 0.12976347 -1.5596448 -1.56 -1.56 -1.56 -1.55998 -1.2902216 -1.2899172 -1.2899881 -1.2899981 -1.2899992 -1.2899981 -1.2899772 -1.2895209 -0.050000724 -0.05 -0.05 -0.05 -0.05 -0.049999936 0.33998861 0.33999996 0.34 0.34 0.34 0.34 0.33572642 0.22000008 0.22 0.21986527 -0.9599999 -0.9599999 -0.95999542 -0.91933134 1.0563237 1.0599893 1.4399999 1.4350276 1.02 1.02 1.02 1.02 1.02 -0.33999981 -0.34 0.72999972 0.73 0.73 0.73 0.74313183 1.1 1.1 1.1 1.1 0.83 0.83 0.83248328 2.1444472 2.1840675 2.0519353 2.0500028 1.9947575
0.13 0.129609 -1.56 -1.56 -1.56 -1.56 -1.559595 -1.288897 -1.29 -1.29 -1.29 -1.29 -1.29 -1.29 -1.29 -0.050000003 -0.05 -0.05 -0.05 -0.05 -0.05 0.29457092 0.31505856 0.31964443 0.090803235 -0.87 0.21997929 0.22 0.22 0.22 -0.23956573 -0.36834413 1.0599994 1.06 1.06 1.06 1.06 1.44 1.44 1.44 -0.35999792 1.0198792 1.02 -0.34 -0.34 -0.34 0.72999995 0.73 0.73 0.73 0.73 1.153975 1.5585522 1.56 1.56 0.83060947 0.83528067 0.89456569 2.0232416 2.05 2.05 2.0499902 0.46150909
0.13 0.11377612 -1.56 -1.56 -1.56 -1.5599999 -1.3956183 -1.0978162 -1.29 -1.29 -1.29 -1.29 -1.29 -1.29 -1.29 -0.05 -0.05 -0.05 -0.05 -0.05 -0.05 -1.0888224 -0.87268823 -0.87 -0.87 -0.87 0.22 0.22 0.22 0.22 -0.37059217 -0.37005704 0.4962508 1.06 1.06 1.06 1.06 1.4399992 1.44 1.44 -0.36 -0.36 -0.34451896 -0.34 -0.34 -0.34 0.72999298 0.73 0.73 0.73 0.73 1.5599965 1.56 1.56 1.3264054 1.31 1.31 0.95000013 2.05 2.05 2.05 1.988126 0.42000014
0.13 -1.5596608 -1.56 -1.56 -1.56 -1.5581072 -1.1400014 -0.58081888 -1.2132847 -1.29 -1.29 -1.29 -1.29 -1.29 -1.29 -0.05 -0.05 -0.05 -0.05 -0.05 -0.050000001 -1.09 -1.09 -0.87 -0.87 -0.87 -0.86998417 0.22 0.22 -0.39067984 -0.37012716 -0.37000027 0.43999984 1.0197246 1.06 1.06 1.06 0.91997527 0.30007267 1.4399998 -0.36 -0.36 -0.34001511 -0.34 -0.34 -0.34 0.28741621 0.73 0.73 0.73 0.73 0.51814317 0.93 0.94509484 1.31 0.95 0.95 0.95019155 2.05 2.05 2.05 0.42000009 0.42
0.13 -1.56 -1.56 -1.56 -1.56 -1.14 -1.14 -0.42001184 -0.46246711 -0.53725779 -1.29 -1.29 -1.29 -1.29 -1.29 -0.05 -0.05 -0.05 -0.05 -0.05 -0.74313272 -1.09 -1.09 -1.09 -0.87 -0.87 -0.87 -0.8692298 0.21968113 -0.77722477 -0.37209547 -0.37 0.44 0.44 -0.8 0.59658426 0.92 0.92 0.3 0.3 0.29940527 -0.36 -0.39584105 -0.58979833 -0.59 -0.59 -0.58999928 0.73 0.73 0.73000008 0.4934292 0.49061531 0.93 0.93 1.919959 1.3522602 0.95 2.05 2.05 2.0499999 0.72476038 0.42 0.42
0.13 -1.56 -1.56 -1.56 -1.14 -1.14 -1.14 -0.42 -0.4205057 -0.51 -0.51 -1.29 -1.29 -1.29 -1.2900067 -0.05 -0.05 -0.05 -0.05 -0.050022986 -1.09 -1.09 -1.09 -1.09 -0.65 -0.75 -0.75 -0.75 0.42 1.159552 -1.1199999 -1.12 0.44 0.44 -0.8 -0.8 0.92 0.92 1.16 1.16 1.1603855 0.035666212 -0.59 -0.59 -0.59 -0.59 -0.59 0.25221949 0.91999882 0.92 0.92 0.49000016 0.55246076 0.93 1.92 1.36 1.36 0.26000025 0.26 0.26 0.76 0.42 0.42
0.12999768 -1.56 -1.56 -1.1400001 -1.14 -1.14 -1.1373243 -0.42 -0.42 -0.51 -0.51 -1.78 -1.78 -1.78 -1.78 -0.69716434 -0.55999989 -0.56 -0.56 -0.56 -0.83711742 -1.09 -1.09 -0.65339411 -0.65 -0.77 -0.31000001 0.41993069 0.42 0.42000903 1.16 1.16 -1.0103379 -0.76101048 -0.79999999 0.28999999 1.54 1.54 1.16 1.44 1.44 1.4399996 -0.59 -0.59 -0.59 -0.59 -0.59 0.01 0.010000019 0.92 0.92 0.91999994 0.53996581 -0.29 1.92 1.3973899 1.36 0.26 0.26 0.76 0.75930073 0.42 0.42
0.05248205 -1.56 -1.3088296 -1.14 -1.14 -1.14 -0.42 -0.42 -0.42000042 -0.51 -0.51 -1.78 -1.78 -1.78 -1.78 -0.56923917 -0.56 -0.56 -0.56 -0.56 -0.55999915 -0.37 -0.37000005 -0.65 -0.65000003 -0.31000231 -0.31 0.41994309 0.42 0.41999991 1.16 1.16 0.81351569 0.29 0.29 0.29 1.54 1.54 1.49 1.49 1.440002 1.4400244 1.5 1.5 1.5 1.5 1.4999917 0.01 0.01 0.01 0.92 0.92000111 -0.28999998 -0.29 -0.28999989 1.9199363 1.3600003 0.26037636 0.1330183 0.12 0.12 0.38731191 0.08
