Interpolating SPI Data/spi_stations/interpolated_spi/2-22_1.tif
NCOLS 257
NROWS 141
XLLCORNER -178.27925
YLLCORNER 5.3153543
DX 0.49934803
DY 0.49997533
NODATA_VALUE -9999
[rows 0 to 28 of 141, columns 192 to 255 of 257]
-1.92 -1.9199401 -0.49081918 -0.49 -0.49 -0.49 -0.49 -0.49 -0.49 -0.49 -0.49 -0.49 -0.49 -0.49 -0.49 -0.49 -0.49 -0.49 -0.49 -0.48959099 1.3783962 1.4499989 1.45 1.45 1.45 1.45 1.45 1.45 1.45 1.45 1.45 1.45 1.45 1.45 1.45 1.449999 1.4491563 1.1133738 0.44517636 0.44002233 0.44000017 0.44 0.44 0.44 0.44 0.44 0.44 0.44 0.44 0.44 0.44 0.44 0.44 0.44 0.44 0.44 0.44 0.44 0.44 0.44 0.44 0.44 0.44 0.44
-1.92 -1.9199665 -0.49012071 -0.49 -0.49 -0.49 -0.49 -0.49 -0.49 -0.49 -0.49 -0.49 -0.49 -0.49 -0.49 -0.49 -0.49 -0.49 -0.48999999 -0.48638171 1.4473072 1.45 1.45 1.45 1.45 1.45 1.45 1.45 1.45 1.45 1.45 1.45 1.45 1.45 1.45 1.45 1.45 1.4499961 1.4478155 1.0235919 0.44704371 0.44006439 0.44000104 0.44000003 0.44 0.44 0.44 0.44 0.44 0.44 0.44 0.44 0.44 0.44 0.44 0.44 0.44 0.44 0.44 0.44 0.44 0.44 0.44 0.44
-1.92 -1.9199775 -0.4900138 -0.49 -0.49 -0.49 -0.49 -0.49 -0.49 -0.49 -0.49 -0.49 -0.49 -0.49 -0.49 -0.49 -0.49 -0.49 -0.48999998 -0.43576115 1.4499468 1.45 1.45 1.45 1.45 1.45 1.45 1.45 1.45 1.45 1.45 1.45 1.45 1.45 1.45 1.45 1.45 1.45 1.45 1.4499793 1.4439675 0.94617201 0.45069046 0.44019972 0.44000624 0.44000032 0.44000003 0.44 0.44 0.44 0.44 0.44 0.44 0.44 0.44 0.44 0.44 0.44 0.44 0.44 0.44 0.44 0.44 0.44
-1.92 -1.9199796 -0.49000139 -0.49 -0.49 -0.49 -0.49 -0.49 -0.49 -0.49 -0.49 -0.49 -0.49 -0.49 -0.49 -0.49 -0.49 -0.49 -0.4899998 0.3741337 1.4499994 1.45 1.45 1.45 1.45 1.45 1.45 1.45 1.45 1.45 1.45 1.45 1.45 1.45 1.45 1.45 1.45 1.45 1.45 1.45 1.4499995 1.4498845 1.4344095 0.8879138 0.45666003 0.44057216 0.44002773 0.44000118 0.43999972 0.43999976 0.43999985 0.4399999 0.43999993 0.43999994 0.43999995 0.43999995 0.43999995 0.43999995 0.43999995 0.43999994 0.43999993 0.43999992 0.4399999 0.43999988
-1.92 -1.9199721 -0.49000015 -0.49 -0.49 -0.49 -0.49 -0.49 -0.49 -0.49 -0.49 -0.49 -0.49 -0.49 -0.49 -0.49 -0.49 -0.49 -0.48999692 1.4035999 1.45 1.45 1.45 1.45 1.45 1.45 1.45 1.45 1.45 1.45 1.45 1.45 1.45 1.45 1.45 1.45 1.45 1.45 1.45 1.45 1.4499993 1.449977 1.4495437 1.4436685 1.3666542 0.74761698 0.43928587 0.43543691 0.43847962 0.43948803 0.43980549 0.4399156 0.43995843 0.43997702 0.43998591 0.43999054 0.43999311 0.43999462 0.43999553 0.43999609 0.43999641 0.43999658 0.43999664 0.43999659
-1.92 -1.9199386 -0.49000002 -0.49 -0.49 -0.49 -0.49 -0.49 -0.49 -0.49 -0.49 -0.49 -0.49 -0.49 -0.49 -0.49 -0.49 -0.49 -0.48990644 1.4494553 1.45 1.45 1.45 1.45 1.45 1.45 1.45 1.45 1.45 1.45 1.45 1.45 1.45 1.45 1.45 1.45 1.45 1.45 1.45 1.4499998 1.4499897 1.4496617 1.4435096 1.3734044 0.92946356 -0.13132708 -0.88389118 -1.0495327 -0.72898411 -0.11383353 0.25535797 0.38098147 0.41935757 0.43187178 0.43640185 0.4382251 0.43903447 0.4394267 0.43963203 0.43974696 0.43981508 0.43985743 0.43988478 0.43990297
-1.92 -1.9197722 -0.48999995 -0.49 -0.49 -0.49 -0.49 -0.49 -0.49 -0.49 -0.49 -0.49 -0.49 -0.49 -0.49 -0.49 -0.49 -0.49 -0.48489756 1.4499958 1.45 1.45 1.45 1.45 1.45 1.45 1.45 1.45 1.45 1.45 1.45 1.45 1.45 1.45 1.45 1.45 1.45 1.45 1.45 1.4499957 1.4497299 1.4415229 1.3089375 0.44576077 -0.74990987 -1.1612828 -1.2542971 -1.2777032 -1.2845087 -1.2847475 -1.2726728 -1.2139174 -1.0146757 -0.59308178 -0.11907245 0.18283434 0.32430878 0.38530055 0.41218523 0.42474336 0.43100913 0.43434197 0.43622208 0.43734002
-1.9199912 0.4742928 -0.18328101 -0.48999999 -0.49 -0.49 -0.49 -0.49 -0.49 -0.49 -0.49 -0.49 -0.49 -0.49 -0.49 -0.49 -0.49 -0.49 -0.13710393 1.45 1.45 1.45 1.45 1.45 1.45 1.45 1.45 1.45 1.45 1.45 1.45 1.45 1.45 1.45 1.45 1.45 1.45 1.45 1.4499983 1.4497552 1.4359017 1.1128207 -0.38691587 -1.1427383 -1.2628468 -1.2831942 -1.2877535 -1.2890687 -1.2895346 -1.2897271 -1.2898007 -1.2897214 -1.2890298 -1.285653 -1.2721425 -1.2268864 -1.1035987 -0.84941263 -0.48661607 -0.13801098 0.10669193 0.2505073 0.3296038 0.37296507
0.48952794 0.49 0.49 0.4319511 -0.48999999 -0.49 -0.49 -0.49 -0.49 -0.49 -0.49 -0.49 -0.49 -0.49 -0.49 -0.49 -0.49 -0.4899999 1.3692806 1.45 1.45 1.45 1.45 1.45 1.45 1.45 1.45 1.45 1.45 1.45 1.45 1.45 1.45 1.45 1.45 1.45 1.45 1.4499993 1.4497188 1.4158151 0.44630145 -1.0768768 -1.2686654 -1.2866461 -1.2892071 -1.2897395 -1.2898887 -1.2899414 -1.2899636 -1.2899741 -1.2899796 -1.2899821 -1.2899812 -1.2899661 -1.2898813 -1.2894905 -1.2879467 -1.2826566 -1.2668344 -1.2256123 -1.1335289 -0.96288264 -0.7112103 -0.42293263
0.49 0.49 0.49 0.49 0.48962289 -0.48999993 -0.49 -0.49 -0.49 -0.49 -0.49 -0.49 -0.49 -0.49 -0.49 -0.49 -0.49 -0.48998676 1.4491358 1.45 1.45 1.45 1.45 1.45 1.45 1.45 1.45 1.45 1.45 1.45 1.45 1.45 1.45 1.45 1.45 1.45 1.4499997 1.4495031 1.3031216 -0.81680975 -1.2710608 -1.2885631 -1.289795 -1.289952 -1.2899835 -1.2899923 -1.2899955 -1.2899969 -1.2899975 -1.2899978 -1.2899978 -1.2899978 -1.2899976 -1.2899972 -1.2899962 -1.289992 -1.2899729 -1.2898911 -1.289583 -1.2885574 -1.285524 -1.2774965 -1.2584137 -1.2177216
0.49 0.49 0.49 0.49 0.49 0.48999815 -0.48998893 -0.49 -0.49 -0.49 -0.49 -0.49 -0.49 -0.49 -0.49 -0.49 -0.49 -0.48832885 1.4499877 1.45 1.45 1.45 1.45 1.45 1.45 1.45 1.45 1.45 1.45 1.45 1.45 1.45 1.45 1.45 1.45 1.4499998 1.4481066 0.34999736 -1.2663282 -1.2894622 -1.2899659 -1.2899953 -1.2899988 -1.2899995 -1.2899997 -1.2899998 -1.2899998 -1.2899999 -1.2899998 -1.2899998 -1.2899998 -1.2899997 -1.2899997 -1.2899995 -1.2899994 -1.2899992 -1.2899986 -1.2899969 -1.28999 -1.2899629 -1.2898673 -1.2895642 -1.2886991 -1.2864615
0.49 0.49 0.49 0.49 0.49 0.49 0.48999993 -0.48686097 -0.49 -0.49 -0.49 -0.49 -0.49 -0.49 -0.49 -0.49 -0.49 -0.34181301 1.4499997 1.45 1.45 1.45 1.45 1.45 1.45 1.45 1.45 1.45 1.45 1.45 1.45 1.45 1.45 1.45 1.4499996 1.4225702 -1.218883 -1.2898035 -1.2899969 -1.2899998 -1.29 -1.29 -1.29 -1.29 -1.29 -1.29 -1.29 -1.29 -1.29 -1.29 -1.29 -1.29 -1.29 -1.2899999 -1.2899999 -1.2899998 -1.2899997 -1.2899996 -1.2899993 -1.2899982 -1.2899946 -1.2899819 -1.28994 -1.2898146
0.49 0.49 0.49 0.49 0.49 0.49 0.49 0.48999996 -0.29103284 -0.48999976 -0.49 -0.49 -0.49 -0.49 -0.49 -0.49 -0.48999938 1.1257368 1.45 1.45 1.45 1.45 1.45 1.45 1.45 1.45 1.45 1.45 1.45 1.45 1.45 1.45 1.45 1.4499946 -0.14611086 -1.2898859 -1.2899999 -1.29 -1.29 -1.29 -1.29 -1.29 -1.29 -1.29 -1.29 -1.29 -1.29 -1.29 -1.29 -1.29 -1.29 -1.29 -1.29 -1.29 -1.29 -1.29 -1.2899999 -1.2899999 -1.2899998 -1.2899997 -1.2899994 -1.2899984 -1.2899949 -1.2899819
0.49 0.49 0.49 0.49 0.49 0.49 0.49 0.49 0.48999988 0.28973927 -0.48992607 -0.48999997 -0.49 -0.49 -0.49 -0.49 -0.48992894 1.4385871 1.45 1.45 1.45 1.45 1.45 1.45 1.45 1.45 1.45 1.45 1.45 1.45 1.45 1.45 1.4480367 -1.2895066 -1.29 -1.29 -1.29 -1.29 -1.29 -1.29 -1.29 -1.29 -1.29 -1.29 -1.29 -1.29 -1.29 -1.29 -1.29 -1.29 -1.29 -1.29 -1.29 -1.29 -1.29 -1.29 -1.29 -1.29 -1.2899999 -1.2899999 -1.2899996 -1.2899982 -1.2899912 -1.2899605
0.49 0.49 0.49 0.49 0.49 0.49 0.49 0.49 0.49 0.48999933 0.43701344 -0.48671372 -0.48999395 -0.48999993 -0.49 -0.48999999 -0.48555971 1.4493768 1.45 1.45 1.45 1.45 1.45 1.45 1.45 1.45 1.45 1.45 1.45 1.45 1.45 -1.0854379 -1.29 -1.29 -1.29 -1.29 -1.29 -1.29 -1.29 -1.29 -1.29 -1.29 -1.29 -1.29 -1.29 -1.29 -1.29 -1.29 -1.29 -1.29 -1.29 -1.29 -1.29 -1.29 -1.29 -1.29 -1.29 -1.29 -1.29 -1.2899997 -1.289998 -1.2899885 -1.2899422 -1.2897465
0.49 0.49 0.49 0.49 0.49 0.49 0.49 0.49 0.49 0.49 0.48999614 0.46432167 -0.45180299 -0.48977593 -0.49002335 -0.49129552 -0.40648111 1.4496222 1.45 1.45 1.45 1.45 1.45 1.45 1.45 1.45 1.45 1.45 1.45 1.4456345 -1.2899977 -1.29 -1.29 -1.29 -1.29 -1.29 -1.29 -1.29 -1.29 -1.29 -1.29 -1.29 -1.29 -1.29 -1.29 -1.29 -1.29 -1.29 -1.29 -1.29 -1.29 -1.29 -1.29 -1.29 -1.29 -1.29 -1.29 -1.29 -1.2899997 -1.2899974 -1.2899827 -1.2899032 -1.2895388 -1.2881148
0.49 0.49 0.49 0.49 0.49 0.49 0.49 0.49 0.49 0.49 0.49 0.48998148 0.43610632 -0.65426909 -0.65991789 -0.65999673 -0.66001036 -0.55277584 1.4491244 1.45 1.45 1.45 1.45 1.45 1.45 1.45 1.45 1.4499638 -1.2238374 -1.29 -1.29 -1.29 -1.29 -1.29 -1.29 -1.29 -1.29 -1.29 -1.29 -1.29 -1.29 -1.29 -1.29 -1.29 -1.29 -1.29 -1.29 -1.29 -1.29 -1.29 -1.29 -1.29 -1.29 -1.29 -1.29 -1.29 -1.29 -1.2899996 -1.289996 -1.2899702 -1.2898148 -1.2890407 -1.2858488 -1.2754251
0.49 0.49 0.49 0.49 0.49 0.49 0.49 0.49 0.49 0.49 0.48999917 0.3340569 -0.65981629 -0.65999998 -0.66000001 -0.66000025 -0.66000855 -0.66030688 -0.65498535 1.4454547 1.4499998 1.45 1.45 1.45 1.4499999 1.4499751 1.2524756 -1.2898844 -1.29 -1.29 -1.29 -1.29 -1.29 -1.29 -1.29 -1.29 -1.29 -1.29 -1.29 -1.29 -1.29 -1.29 -1.29 -1.29 -1.29 -1.29 -1.29 -1.29 -1.29 -1.29 -1.29 -1.29 -1.29 -1.29 -1.29 -1.29 -1.2899994 -1.289993 -1.2899397 -1.2895837 -1.2876667 -1.2795883 -1.2561253 -1.2189826
0.49 0.49 0.49 0.49 0.49 0.49 0.49 0.49 0.49 0.48999796 -0.16739924 -0.6599947 -0.66 -0.66 -0.66 -0.66000006 -0.66000408 -0.66030685 -0.67879132 -1.1915341 1.0043549 1.4499429 1.4499983 1.4499217 1.4308939 -1.1210229 -1.2899949 -1.29 -1.29 -1.29 -1.29 -1.29 -1.29 -1.29 -1.29 -1.29 -1.29 -1.29 -1.29 -1.29 -1.29 -1.29 -1.29 -1.29 -1.29 -1.29 -1.29 -1.29 -1.29 -1.29 -1.29 -1.29 -1.29 -1.29 -1.2899999 -1.2899988 -1.289985 -1.2898521 -1.2888656 -1.2832562 -1.2616098 -1.219323 -1.18526 -1.1729489
0.49 0.49 0.49 0.49 0.49 0.49 0.49 0.49 0.48998802 -0.6019073 -0.6599999 -0.66 -0.66 -0.66 -0.66 -0.66000001 -0.66000188 -0.66037616 -0.71210584 -1.8041951 -2.1965744 -2.185279 1.3819003 0.573626 -1.2810132 -1.2899983 -1.29 -1.29 -1.29 -1.29 -1.29 -1.29 -1.29 -1.29 -1.29 -1.29 -1.29 -1.29 -1.29 -1.29 -1.29 -1.29 -1.29 -1.29 -1.29 -1.29 -1.29 -1.29 -1.29 -1.29 -1.29 -1.29 -1.29 -1.2899999 -1.2899973 -1.2899593 -1.2895408 -1.2861361 -1.2676414 -1.2209397 -1.1814638 -1.1670952 -1.1645527 -1.1686943
0.49 0.49 0.49 0.49 0.49 0.49 0.49 0.48984784 -0.65658231 -0.66 -0.66 -0.66 -0.66 -0.66 -0.66 -0.66 -0.66000087 -0.66065684 -0.89427733 -2.1613271 -2.2092104 -2.2099671 -2.2099526 -1.300876 -1.2899983 -1.29 -1.29 -1.29 -1.29 -1.29 -1.29 -1.29 -1.29 -1.29 -1.29 -1.29 -1.29 -1.29 -1.29 -1.29 -1.29 -1.29 -1.29 -1.29 -1.29 -1.29 -1.29 -1.29 -1.29 -1.29 -1.29 -1.29 -1.2899997 -1.2899919 -1.2898529 -1.2881067 -1.2737808 -1.2234038 -1.1783484 -1.1644706 -1.1614711 -1.1615884 -1.1645898 -1.1743024
0.49 0.49 0.49 0.49 0.49 0.49 0.48706897 -0.65976916 -0.66 -0.66 -0.66 -0.66 -0.66 -0.66 -0.66 -0.66 -0.66000046 -0.66212252 -1.7386474 -2.20836 -2.2099829 -2.2099993 -2.2099999 -2.2053626 -1.2900124 -1.29 -1.29 -1.29 -1.29 -1.29 -1.29 -1.29 -1.29 -1.29 -1.29 -1.29 -1.29 -1.29 -1.29 -1.29 -1.29 -1.29 -1.29 -1.29 -1.29 -1.29 -1.29 -1.29 -1.29 -1.29 -1.29 -1.2899989 -1.2899649 -1.2892393 -1.2794669 -1.2268616 -1.1752851 -1.1627824 -1.1606068 -1.1602594 -1.1605628 -1.1622191 -1.1683218 -1.1863277
0.49 0.49 0.49 0.49 0.48999973 0.43801618 -0.65997206 -0.66 -0.66 -0.66 -0.66 -0.66 -0.66 -0.66 -0.66 -0.66 -0.66000034 -0.6801778 -2.1977942 -2.209988 -2.2099999 -2.21 -2.21 -2.2099999 -1.52077 -1.29 -1.29 -1.29 -1.29 -1.29 -1.29 -1.29 -1.29 -1.29 -1.29 -1.29 -1.29 -1.29 -1.29 -1.29 -1.29 -1.29 -1.29 -1.29 -1.29 -1.29 -1.29 -1.29 -1.29 -1.2899999 -1.2899942 -1.2897617 -1.2840865 -1.2316459 -1.1722672 -1.1615792 -1.1602527 -1.1600566 -1.1600453 -1.1601875 -1.1609424 -1.1642771 -1.1764991 -1.2087246
0.49 0.49 0.49 0.48998629 0.06422345 -0.65999257 -0.66 -0.66 -0.66 -0.66 -0.66 -0.66 -0.66 -0.66 -0.66 -0.66 -0.66000062 -1.3951586 -2.2099781 -2.21 -2.21 -2.21 -2.21 -2.21 -2.2099491 -1.290252 -1.29 -1.29 -1.29 -1.29 -1.29 -1.29 -1.29 -1.29 -1.29 -1.29 -1.29 -1.29 -1.29 -1.29 -1.29 -1.29 -1.29 -1.29 -1.29 -1.29 -1.29 -1.29 -1.2899994 -1.2899448 -1.2872376 -1.2381394 -1.1694254 -1.1607902 -1.1600894 -1.160014 -1.1600038 -1.1600082 -1.1600534 -1.1603383 -1.1618945 -1.1690754 -1.1939553 -1.2439464
0.49 0.48999985 0.48961564 -0.43766586 -0.65999563 -0.66 -0.66 -0.66 -0.66 -0.66 -0.66 -0.66 -0.66 -0.66 -0.66 -0.66 -0.66000974 -2.2093001 -2.21 -2.21 -2.21 -2.21 -2.21 -2.21 -2.21 -2.1588902 -1.2900002 -1.29 -1.29 -1.29 -1.29 -1.29 -1.29 -1.29 -1.29 -1.29 -1.29 -1.29 -1.29 -1.29 -1.29 -1.29 -1.29 -1.29 -1.29 -1.29 -1.29 -1.289991 -1.2889625 -1.2465949 -1.1669162 -1.1603406 -1.1600251 -1.1600028 -1.1600004 -1.1600002 -1.1600013 -1.160012 -1.1600985 -1.1607014 -1.1642701 -1.18077 -1.227146 -1.2834128
0.48993344 0.48186719 0.058023809 -0.63686341 -0.65992567 -0.65999996 -0.66 -0.66 -0.66 -0.66 -0.66 -0.66 -0.66 -0.66 -0.66 -0.66 -0.68167848 -2.21 -2.21 -2.21 -2.21 -2.21 -2.21 -2.21 -2.21 -2.209999 -1.3047826 -1.29 -1.29 -1.29 -1.29 -1.29 -1.29 -1.29 -1.29 -1.29 -1.29 -1.29 -1.29 -1.29 -1.29 -1.29 -1.29 -1.29 -1.29 -1.2899989 -1.2896911 -1.256744 -1.1648784 -1.1601248 -1.1600054 -1.1600004 -1.16 -1.16 -1.16 -1.1600002 -1.160002 -1.160022 -1.1602084 -1.1616656 -1.1707937 -1.2081074 -1.2723908 -1.3113031
0.46999475 0.46993503 0.46905258 0.43079202 -0.50927416 -0.65985616 -0.65999999 -0.66 -0.66 -0.66 -0.66 -0.66 -0.66 -0.66 -0.66 -0.66 -2.2099988 -2.21 -2.21 -2.21 -2.21 -2.21 -2.21 -2.21 -2.21 -2.21 -2.2083844 -1.290033 -1.29 -1.29 -1.29 -1.29 -1.29 -1.29 -1.29 -1.29 -1.29 -1.29 -1.29 -1.29 -1.29 -1.29 -1.29 -1.2899999 -1.2899242 -1.2673291 -1.1633906 -1.1600394 -1.1600009 -1.16 -1.16 -1.16 -1.16 -1.16 -1.16 -1.1600002 -1.1600035 -1.160047 -1.1605166 -1.1646008 -1.1894873 -1.2564232 -1.3080492 -1.3240383
0.46999997 0.46999992 0.46999954 0.46999268 0.46952464 0.28776689 -0.65908824 -0.66 -0.66 -0.66 -0.66 -0.66 -0.66 -0.66 -0.66 -0.66 -2.21 -2.21 -2.21 -2.21 -2.21 -2.21 -2.21 -2.21 -2.21 -2.21 -2.2099999 -1.6970277 -1.2900003 -1.29 -1.29 -1.29 -1.29 -1.29 -1.29 -1.29 -1.29 -1.29 -1.29 -1.29 -1.29 -1.29 -1.2899824 -1.276318 -1.162453 -1.1600116 -1.1600001 -1.16 -1.16 -1.16 -1.16 -1.16 -1.16 -1.16 -1.16 -1.1600004 -1.1600075 -1.1601203 -1.161542 -1.1746955 -1.234664 -1.3025595 -1.3239294 -1.3282738
0.47 0.47 0.47 0.47 0.47 0.46999962 0.46952533 -0.60647607 -0.65999999 -0.66 -0.66 -0.66 -0.66 -0.66 -0.66 -2.2099985 -2.21 -2.21 -2.21 -2.21 -2.21 -2.21 -2.21 -2.21 -2.21 -2.21 -2.2099998 -2.2098156 -1.2935157 -1.29 -1.29 -1.29 -1.29 -1.29 -1.29 -1.29 -1.29 -1.29 -1.29 -1.29 -1.2899949 -1.2822948 -1.1620205 -1.1600037 -1.16 -1.16 -1.16 -1.16 -1.16 -1.16 -1.16 -1.16 -1.16 -1.16 -1.16 -1.1600008 -1.1600194 -1.1603835 -1.165656 -1.2087495 -1.2932033 -1.3234407 -1.3285859 -1.3294301
