Interpolating SPI Data/spi_stations/interpolated_spi/2-22_3.tif
NCOLS 257
NROWS 141
XLLCORNER -178.27925
YLLCORNER 5.3153543
DX 0.49934803
DY 0.49997533
NODATA_VALUE -9999
[rows 0 to 27 of 141, columns 0 to 61 of 257]
0.97102402 0.97265975 0.97440322 0.97624988 0.97819411 0.98022915 0.98234712 0.98453895 0.98679438 0.98910207 0.99144958 0.99382355 0.99620978 0.99859346 1.0009594 1.0032921 1.0055764 1.0077974 1.009941 1.0119941 1.0139451 1.0157837 1.0175016 1.0190927 1.0205529 1.0218801 1.0230747 1.024139 1.0250773 1.0258955 1.0266011 1.0272026 1.0277094 1.0281315 1.0284788 1.0287614 1.0289887 1.0291698 1.0293128 1.0294251 1.029513 1.029582 1.0296364 1.0296799 1.0297151 1.0297443 1.029769 1.0297903 1.0298088 1.0298251 1.0298395 1.0298522 1.0298634 1.029873 1.0298811 1.0298878 1.029893 1.0298968 1.0298989 1.0298992 1.0298974 1.0298931
0.96180896 0.96342209 0.96516322 0.96702963 0.96901746 0.97112168 0.97333593 0.97565253 0.97806236 0.98055487 0.98311808 0.9857386 0.98840173 0.99109161 0.99379136 0.99648333 0.99914941 1.0017713 1.0043309 1.0068108 1.0091944 1.0114667 1.0136143 1.015626 1.0174929 1.0192088 1.02077 1.0221758 1.0234279 1.0245305 1.0254903 1.0263155 1.0270163 1.0276036 1.0280894 1.0284856 1.0288045 1.0290577 1.029256 1.0294094 1.0295269 1.0296162 1.0296839 1.0297352 1.0297744 1.0298049 1.0298291 1.0298488 1.0298652 1.0298792 1.0298914 1.029902 1.0299113 1.0299194 1.0299264 1.0299323 1.0299373 1.0299413 1.0299444 1.0299465 1.0299475 1.0299474
0.95152486 0.95305838 0.95473872 0.95656539 0.95853684 0.96065036 0.96290192 0.96528604 0.96779572 0.97042225 0.97315524 0.97598248 0.97888999 0.98186202 0.9848812 0.98792865 0.99098423 0.99402683 0.99703477 0.99998616 1.0028594 1.0056338 1.0082899 1.0108101 1.0131791 1.0153844 1.0174166 1.0192695 1.0209404 1.0224298 1.0237416 1.0248826 1.025862 1.0266915 1.0273841 1.0279538 1.0284155 1.0287836 1.0290726 1.0292957 1.0294652 1.0295922 1.029686 1.0297547 1.0298046 1.029841 1.0298679 1.0298881 1.0299037 1.0299162 1.0299265 1.0299352 1.0299427 1.0299492 1.0299547 1.0299595 1.0299636 1.029967 1.0299698 1.0299721 1.0299737 1.0299747
0.94021623 0.94160639 0.94315916 0.94487652 0.94675961 0.94880853 0.95102217 0.95339807 0.95593222 0.9586189 0.9614505 0.96441741 0.96750787 0.97070788 0.97400121 0.97736941 0.9807919 0.98424622 0.98770824 0.99115259 0.99455313 0.99788346 1.0011176 1.0042307 1.0071997 1.0100037 1.0126251 1.01505 1.0172682 1.0192738 1.0210652 1.0226451 1.02402 1.0251999 1.0261977 1.0270289 1.0277101 1.0282592 1.028694 1.0290322 1.0292903 1.0294835 1.0296253 1.0297276 1.0298001 1.0298508 1.029886 1.0299105 1.0299278 1.0299403 1.0299497 1.0299571 1.0299631 1.0299681 1.0299724 1.029976 1.0299791 1.0299817 1.0299838 1.0299856 1.029987 1.0299881
0.92796678 0.92914655 0.93050015 0.9320321 0.93374631 0.93564593 0.93773313 0.94000899 0.94247321 0.94512394 0.94795752 0.95096828 0.95414828 0.9574871 0.9609717 0.96458622 0.96831199 0.97212746 0.97600833 0.97992782 0.98385693 0.987765 0.99162029 0.9953907 0.99904464 1.0025519 1.0058845 1.0090179 1.0119313 1.0146088 1.0170394 1.0192178 1.0211441 1.0228236 1.0242664 1.0254867 1.0265021 1.0273326 1.0279997 1.0285253 1.0289312 1.029238 1.029465 1.029629 1.0297448 1.0298246 1.0298786 1.0299144 1.0299378 1.0299533 1.0299636 1.0299708 1.029976 1.02998 1.0299832 1.0299858 1.0299881 1.0299899 1.0299914 1.0299927 1.0299937 1.0299945
0.91489934 0.91580273 0.91688548 0.91815436 0.91961586 0.92127606 0.92314043 0.92521368 0.92749955 0.93000056 0.93271775 0.93565043 0.93879581 0.94214875 0.94570141 0.94944296 0.95335928 0.95743277 0.96164218 0.96596256 0.97036535 0.97481861 0.97928744 0.98373457 0.98812116 0.99240779 0.99655554 1.0005272 1.0042886 1.0078098 1.0110661 1.0140388 1.0167164 1.019094 1.0211741 1.0229656 1.0244832 1.0257467 1.0267794 1.0276074 1.0282577 1.0287573 1.0291325 1.0294073 1.0296034 1.0297396 1.0298315 1.0298917 1.0299302 1.0299541 1.0299688 1.0299778 1.0299834 1.0299871 1.0299897 1.0299917 1.0299932 1.0299945 1.0299955 1.0299963 1.029997 1.0299975
0.90117203 0.90173898 0.90248443 0.90341694 0.90454508 0.90587737 0.90742216 0.90918748 0.91118086 0.91340913 0.91587816 0.91859263 0.92155561 0.92476833 0.92822966 0.93193578 0.93587969 0.94005081 0.94443451 0.9490118 0.953759 0.95864764 0.96364438 0.96871132 0.9738064 0.97888413 0.98389667 0.98879502 0.99353062 0.99805695 1.0023313 1.0063165 1.0099824 1.0133069 1.016277 1.018889 1.0211482 1.0230685 1.0246707 1.0259819 1.0270328 1.0278569 1.0284882 1.0289599 1.029303 1.0295455 1.0297117 1.0298219 1.0298926 1.0299362 1.0299623 1.0299773 1.0299858 1.0299905 1.0299933 1.029995 1.0299961 1.029997 1.0299976 1.0299982 1.0299986 1.0299989
0.8869709 0.88715181 0.88750409 0.88803735 0.88876153 0.88968684 0.89082372 0.89218273 0.89377443 0.89560928 0.89769738 0.90004832 0.90267088 0.90557267 0.90875981 0.91223642 0.9160042 0.9200618 0.92440425 0.92902235 0.93390205 0.93902383 0.94436221 0.94988542 0.95555519 0.9613269 0.96715003 0.97296899 0.97872443 0.98435487 0.98979881 0.99499701 0.99989498 1.0044454 1.0086102 1.0123623 1.0156866 1.0185807 1.0210538 1.0231262 1.0248271 1.0261929 1.0272643 1.0280839 1.0286946 1.0291366 1.0294469 1.0296574 1.0297952 1.029882 1.0299343 1.0299645 1.0299811 1.0299898 1.0299943 1.0299965 1.0299977 1.0299983 1.0299988 1.0299991 1.0299993 1.0299995
0.87249943 0.87225896 0.87217719 0.87226403 0.87252993 0.87298589 0.87364341 0.8745145 0.87561162 0.87694762 0.87853561 0.88038888 0.88252068 0.88494403 0.8876714 0.89071438 0.89408325 0.89778641 0.90182985 0.90621637 0.91094481 0.91600923 0.92139793 0.92709259 0.93306738 0.93928829 0.94571258 0.95228868 0.95895652 0.96564837 0.97229035 0.97880464 0.98511223 0.99113623 0.99680538 1.0020576 1.0068431 1.0111271 1.0148912 1.0181338 1.0208694 1.023127 1.024947 1.0263783 1.0274743 1.0282901 1.0288791 1.0292905 1.0295676 1.0297472 1.0298587 1.0299246 1.0299617 1.0299814 1.0299913 1.0299959 1.029998 1.0299989 1.0299993 1.0299995 1.0299997 1.0299998
0.8579664 0.8572858 0.85674702 0.85635958 0.85613365 0.85608006 0.85621038 0.85653687 0.85707257 0.85783126 0.85882746 0.86007639 0.86159392 0.86339649 0.86550093 0.86792429 0.87068356 0.87379533 0.87727531 0.88113779 0.88539491 0.89005582 0.89512568 0.90060451 0.90648592 0.91275574 0.91939065 0.92635685 0.93360904 0.94108967 0.94872886 0.95644506 0.96414665 0.97173463 0.97910628 0.98615983 0.99279963 0.99894151 1.0045177 1.0094807 1.0138058 1.017492 1.0205603 1.0230512 1.0250203 1.0265335 1.0276618 1.028476 1.0290432 1.0294236 1.0296681 1.0298182 1.0299058 1.029954 1.029979 1.029991 1.0299964 1.0299986 1.0299994 1.0299997 1.0299999 1.0299999
0.84357354 0.84245128 0.84145146 0.84058266 0.83985413 0.83927579 0.83885836 0.83861333 0.8385531 0.83869099 0.8390413 0.83961935 0.84044153 0.84152533 0.8428893 0.84455306 0.84653719 0.84886314 0.85155299 0.85462916 0.85811404 0.86202935 0.86639549 0.87123054 0.87654913 0.88236098 0.88866925 0.89546862 0.90274319 0.9104643 0.91858848 0.92705571 0.93578832 0.94469093 0.95365165 0.96254502 0.97123669 0.97958978 0.98747258 0.99476686 1.0013758 1.0072305 1.0122944 1.0165645 1.0200695 1.0228656 1.0250295 1.0266505 1.0278235 1.0286409 1.0291877 1.0295374 1.0297504 1.0298732 1.0299398 1.0299735 1.0299893 1.0299961 1.0299987 1.0299996 1.0299999 1.03
0.82950455 0.82795524 0.82650831 0.82517105 0.82395134 0.82285774 0.82189946 0.82108653 0.82042981 0.81994107 0.81963313 0.81951987 0.81961639 0.81993908 0.82050571 0.8213355 0.82244924 0.82386933 0.82561981 0.82772632 0.83021607 0.83311766 0.83646077 0.84027577 0.84459305 0.84944214 0.85485052 0.86084202 0.86743484 0.87463908 0.88245383 0.89086392 0.8998363 0.90931666 0.9192264 0.92946066 0.93988816 0.95035333 0.96068149 0.97068716 0.9801852 0.98900386 0.996998 1.0040608 1.0101319 1.0152003 1.0193027 1.0225156 1.0249453 1.0267153 1.0279536 1.028783 1.0293125 1.0296333 1.0298166 1.0299147 1.0299635 1.0299858 1.0299951 1.0299985 1.0299996 1.0299999
0.81591665 0.81396867 0.8121039 0.81032825 0.8086481 0.80707036 0.80560253 0.80425275 0.80302989 0.8019436 0.80100442 0.8002239 0.79961463 0.79919046 0.79896655 0.79895956 0.79918777 0.79967127 0.80043209 0.80149443 0.80288473 0.80463189 0.80676734 0.80932512 0.81234178 0.8158563 0.81990966 0.82454426 0.82980294 0.83572757 0.84235705 0.8497246 0.85785422 0.86675635 0.87642256 0.88681968 0.89788373 0.90951429 0.92157065 0.93387079 0.94619493 0.95829457 0.96990747 0.98077765 0.99067799 0.99943185 1.0069297 1.0131377 1.0180955 1.0219061 1.0247179 1.026704 1.0280423 1.028899 1.0294174 1.0297121 1.0298684 1.0299449 1.0299792 1.029993 1.029998 1.0299995
0.80293537 0.80062753 0.7983859 0.79621506 0.79411996 0.79210592 0.79017872 0.78834461 0.78661039 0.78498345 0.78347189 0.78208454 0.78083111 0.77972225 0.77876973 0.77798651 0.77738695 0.77698693 0.77680412 0.77685815 0.77717084 0.77776651 0.77867228 0.7799183 0.78153816 0.78356914 0.78605252 0.78903382 0.79256288 0.79669379 0.80148457 0.80699632 0.8132919 0.82043362 0.82847995 0.83748078 0.84747096 0.85846214 0.8704328 0.88331717 0.89699433 0.91127935 0.92591961 0.94059941 0.95495556 0.96860498 0.98118188 0.99237866 1.0019821 1.009896 1.0161459 1.0208632 1.0242564 1.0265746 1.0280726 1.0289836 1.0295017 1.029775 1.0299076 1.0299659 1.0299889 1.0299969
0.79065266 0.78803053 0.78546058 0.78294627 0.78049131 0.77809967 0.77577561 0.77352374 0.77134902 0.76925682 0.76725299 0.76534388 0.76353645 0.76183831 0.76025783 0.75880425 0.75748778 0.75631975 0.75531275 0.75448086 0.75383982 0.75340729 0.75320316 0.75324985 0.7535727 0.75420041 0.75516553 0.75650499 0.7582607 0.76048022 0.76321737 0.76653292 0.77049505 0.77517973 0.7806706 0.78705823 0.79443835 0.80290854 0.81256273 0.82348282 0.83572658 0.84931154 0.86419497 0.88025173 0.8972535 0.91485563 0.93259941 0.9499374 0.96628505 0.98109339 0.9939278 1.0045315 1.0128546 1.0190416 1.0233825 1.0262458 1.0280129 1.0290269 1.0295636 1.029823 1.0299361 1.0299799
0.77912787 0.77624025 0.7733941 0.77059204 0.76783682 0.76513136 0.76247878 0.75988237 0.75734567 0.75487245 0.75246679 0.75013306 0.74787599 0.74570072 0.74361286 0.74161851 0.7397244 0.73793792 0.73626726 0.7347215 0.73331077 0.73204642 0.73094121 0.73000952 0.72926767 0.72873424 0.72843043 0.72838055 0.72861256 0.72915877 0.73005654 0.73134924 0.7330873 0.73532941 0.73814387 0.7416101 0.74582011 0.75087992 0.75691056 0.76404824 0.7724429 0.78225409 0.79364265 0.80675604 0.82170522 0.83853129 0.85716222 0.87736421 0.89869933 0.92050866 0.94194412 0.96206398 0.97998354 0.99504126 1.0069212 1.0156848 1.021706 1.0255423 1.0277964 1.0290086 1.0295995 1.0298571
0.76839089 0.76528674 0.76221667 0.75918271 0.75618698 0.75323167 0.75031908 0.74745164 0.74463187 0.74186246 0.73914623 0.73648617 0.73388547 0.73134751 0.72887593 0.72647464 0.72414786 0.72190014 0.71973649 0.71766232 0.71568365 0.71380707 0.71203995 0.71039049 0.70886791 0.70748261 0.70624641 0.7051728 0.70427725 0.70357764 0.7030947 0.70285263 0.70287983 0.70320978 0.70388215 0.70494417 0.70645232 0.70847436 0.71109182 0.71440299 0.71852634 0.72360439 0.72980771 0.73733834 0.74643163 0.75735402 0.77039342 0.78583628 0.8039243 0.82478313 0.84832068 0.87410736 0.90127757 0.92852085 0.95423439 0.97684843 0.99522194 1.008923 1.0182532 1.0240288 1.02726 1.0288801
0.75844669 0.75517274 0.75192852 0.74871569 0.745536 0.7423912 0.73928314 0.73621368 0.73318478 0.73019844 0.72725674 0.72436183 0.72151595 0.71872144 0.71598073 0.71329639 0.71067109 0.70810769 0.70560919 0.7031788 0.70081995 0.69853633 0.69633195 0.69421116 0.69217872 0.69023992 0.68840058 0.68666726 0.68504732 0.68354914 0.68218228 0.68095778 0.67988845 0.6789893 0.67827801 0.67777561 0.67750726 0.67750333 0.67780076 0.67844474 0.67949105 0.68100898 0.68308512 0.6858284 0.68937647 0.69390386 0.699632 0.70684108 0.71588242 0.72718858 0.74127404 0.75871305 0.78007109 0.80575734 0.83577074 0.86936121 0.90474678 0.93916896 0.9695314 0.9934636 1.0101595 1.0204106
0.74928036 0.74587949 0.74250653 0.73916302 0.73585051 0.73257057 0.7293248 0.72611484 0.72294234 0.71980898 0.71671648 0.71366655 0.71066099 0.70770159 0.70479017 0.70192862 0.69911885 0.6963628 0.69366249 0.69101998 0.68843738 0.6859169 0.68346082 0.68107151 0.67875149 0.67650337 0.67432998 0.6722343 0.67021957 0.66828933 0.66644746 0.66469827 0.66304659 0.66149791 0.66005852 0.65873573 0.65753806 0.65647565 0.65556062 0.65480763 0.65423462 0.65386375 0.6537227 0.6538464 0.65427942 0.65507923 0.65632075 0.65810274 0.66055678 0.66386007 0.66825341 0.67406642 0.68175194 0.69192997 0.70543642 0.72335643 0.74698682 0.77760787 0.81587902 0.86076377 0.90845002 0.95264636
0.74086225 0.73737244 0.73391079 0.7304788 0.72707798 0.72370989 0.72037608 0.71707809 0.71381752 0.71059595 0.70741496 0.70427617 0.70118118 0.69813159 0.69512903 0.6921751 0.68927142 0.6864196 0.68362124 0.68087796 0.67819133 0.67556296 0.67299442 0.67048729 0.66804313 0.66566352 0.66335001 0.66110416 0.65892755 0.65682176 0.65478839 0.65282909 0.65094556 0.64913958 0.64741303 0.64576793 0.6442065 0.64273121 0.64134486 0.64005071 0.63885258 0.63775506 0.63676377 0.63588563 0.63512936 0.63450609 0.63403014 0.6337203 0.63360145 0.63370705 0.63408275 0.63479185 0.63592352 0.63760579 0.64002596 0.64346355 0.64834408 0.65532684 0.66544555 0.68031878 0.70240379 0.73507919
0.73315254 0.72960651 0.72609038 0.72260571 0.7191541 0.71573713 0.7123564 0.70901352 0.70571011 0.70244779 0.69922817 0.69605288 0.69292352 0.68984171 0.68680903 0.68382708 0.6808974 0.67802156 0.67520106 0.6724374 0.66973203 0.66708638 0.66450183 0.66197971 0.65952131 0.65712786 0.65480053 0.65254044 0.65034861 0.64822604 0.6461736 0.64419211 0.64228231 0.64044485 0.63868029 0.63698911 0.6353717 0.63382837 0.63235935 0.63096482 0.62964488 0.62839962 0.62722909 0.6261334 0.62511269 0.62416725 0.62329759 0.62250455 0.62178945 0.62115436 0.62060234 0.62013799 0.61976805 0.61950245 0.61935586 0.61935014 0.61951833 0.61991136 0.62060969 0.62174425 0.62353593 0.62637284
0.7261052 0.72253038 0.71898823 0.71548044 0.71200867 0.70857462 0.70517999 0.70182648 0.69851578 0.69524962 0.69202969 0.68885768 0.68573529 0.68266418 0.67964601 0.6766824 0.67377498 0.6709253 0.66813492 0.66540534 0.662738 0.66013432 0.65759563 0.65512323 0.65271834 0.65038209 0.64811554 0.64591968 0.64379537 0.6417434 0.63976444 0.63785904 0.63602766 0.63427058 0.632588 0.63097996 0.62944633 0.62798688 0.6266012 0.6252887 0.62404868 0.62288024 0.62178233 0.62075375 0.61979312 0.61889891 0.61806948 0.617303 0.61659756 0.61595113 0.61536159 0.61482678 0.61434453 0.61391268 0.61352918 0.61319217 0.61290009 0.61265185 0.61244714 0.61228682 0.61217361 0.61211336
0.71967119 0.71609003 0.71254495 0.70903773 0.70557017 0.70214406 0.69876119 0.69542336 0.69213239 0.68889005 0.68569814 0.68255843 0.67947269 0.67644264 0.67347 0.67055646 0.66770366 0.66491321 0.66218666 0.65952553 0.65693127 0.65440526 0.65194882 0.64956318 0.6472495 0.64500884 0.64284216 0.64075032 0.63873406 0.636794 0.63493063 0.63314431 0.63143526 0.62980355 0.62824907 0.62677158 0.62537065 0.6240457 0.62279594 0.62162043 0.62051803 0.61948741 0.61852706 0.6176353 0.61681026 0.61604987 0.61535194 0.61471406 0.61413372 0.61360825 0.61313486 0.61271065 0.61233264 0.61199781 0.61170306 0.61144532 0.61122151 0.61102861 0.61086366 0.61072384 0.61060643 0.61050892
0.71380088 0.7102313 0.70670153 0.70321344 0.6997689 0.69636981 0.69301804 0.68971547 0.68646397 0.68326541 0.68012161 0.67703442 0.67400563 0.671037 0.66813027 0.66528714 0.66250924 0.65979816 0.65715545 0.65458256 0.65208088 0.64965172 0.64729631 0.64501578 0.64281114 0.64068332 0.63863311 0.63666117 0.63476805 0.63295413 0.63121966 0.62956473 0.62798925 0.626493 0.62507553 0.62373626 0.62247438 0.62128893 0.62017871 0.61914237 0.61817835 0.61728488 0.61646001 0.61570162 0.61500738 0.61437481 0.61380125 0.61328391 0.61281987 0.61240607 0.61203938 0.6117166 0.61143445 0.61118969 0.61097902 0.61079923 0.61064715 0.61051973 0.61041401 0.61032722 0.61025675 0.61020018
0.70844577 0.70490176 0.70140134 0.69794646 0.69453907 0.6911811 0.68787449 0.68462116 0.68142302 0.67828195 0.67519982 0.67217845 0.66921965 0.66632516 0.66349669 0.66073589 0.65804434 0.65542357 0.65287501 0.65040004 0.64799991 0.64567581 0.6434288 0.64125984 0.63916974 0.63715923 0.63522885 0.63337904 0.63161005 0.62992199 0.6283148 0.62678825 0.62534192 0.62397521 0.62268733 0.6214773 0.62034393 0.61928586 0.6183015 0.61738909 0.61654665 0.61577203 0.61506289 0.61441672 0.61383084 0.61330243 0.61282852 0.61240603 0.61203179 0.61170254 0.61141498 0.61116579 0.61095164 0.61076924 0.61061536 0.61048686 0.61038073 0.6102941 0.61022426 0.61016872 0.61012516 0.61009153
0.70355969 0.70005186 0.69659131 0.69318002 0.68981998 0.68651315 0.68326149 0.68006692 0.67693135 0.67385665 0.67084467 0.6678972 0.66501599 0.66220273 0.65945904 0.65678649 0.65418656 0.65166066 0.64921008 0.64683605 0.64453966 0.6423219 0.64018364 0.63812561 0.63614841 0.6342525 0.63243817 0.63070557 0.62905465 0.62748523 0.62599692 0.62458916 0.62326119 0.62201207 0.62084066 0.61974561 0.61872541 0.61777833 0.61690243 0.61609563 0.61535563 0.61467996 0.61406601 0.61351101 0.61301202 0.61256604 0.61216991 0.61182042 0.61151431 0.61124825 0.61101892 0.61082303 0.61065733 0.61051862 0.61040382 0.61030999 0.61023432 0.61017419 0.61012716 0.61009103 0.61006379 0.61004368
0.69909952 0.69563568 0.69222258 0.68886222 0.6855566 0.68230766 0.67911735 0.67598758 0.67292022 0.66991709 0.66697997 0.6641106 0.66131062 0.65858165 0.65592519 0.65334268 0.65083548 0.64840481 0.64605184 0.64377758 0.64158295 0.63946872 0.63743554 0.63548391 0.63361418 0.63182653 0.63012101 0.62849746 0.62695558 0.62549486 0.62411463 0.62281402 0.62159196 0.62044722 0.61937834 0.6183837 0.61746147 0.61660966 0.61582608 0.61510838 0.61445403 0.61386037 0.61332458 0.61284374 0.61241478 0.61203458 0.61169993 0.61140757 0.61115421 0.61093656 0.61075136 0.6105954 0.61046552 0.61035869 0.610272 0.61020268 0.61014816 0.61010605 0.61007415 0.61005054 0.61003347 0.61002148
0.69502559 0.69161123 0.6882508 0.68494628 0.68169963 0.67851279 0.67538764 0.67232605 0.66932983 0.66640072 0.66354042 0.66075056 0.6580327 0.6553883 0.65281875 0.65032534 0.64790926 0.64557158 0.64331327 0.64113516 0.63903795 0.6370222 0.63508834 0.63323664 0.63146719 0.62977994 0.62817467 0.62665097 0.62520827 0.62384581 0.62256264 0.62135763 0.62022947 0.61917665 0.6181975 0.61729013 0.61645252 0.61568245 0.61497753 0.61433525 0.61375292 0.61322773 0.61275676 0.61233698 0.61196528 0.61163847 0.61135331 0.61110657 0.61089498 0.6107153 0.61056436 0.61043903 0.6103363 0.61025328 0.61018724 0.6101356 0.61009599 0.61006626 0.61004447 0.61002892 0.61001815 0.61001095
