Interpolating SPI Data/spi_stations/interpolated_spi/2-23_1.tif
NCOLS 257
NROWS 141
XLLCORNER -178.27925
YLLCORNER 5.3153543
DX 0.49934803
DY 0.49997533
NODATA_VALUE -9999
[rows 28 to 55 of 141, columns 0 to 62 of 257]
0.88568846 0.8847634 0.88384777 0.8829421 0.88204696 0.88116293 0.88029058 0.8794305 0.87858327 0.87774948 0.87692973 0.87612462 0.87533473 0.87456066 0.87380299 0.87306232 0.8723392 0.87163421 0.87094789 0.87028078 0.8696334 0.86900623 0.86839975 0.8678144 0.86725059 0.86670869 0.86618903 0.86569191 0.86521756 0.86476617 0.86433788 0.86393275 0.8635508 0.86319195 0.86285607 0.86254295 0.86225228 0.86198369 0.86173672 0.86151083 0.86130536 0.86111962 0.86095281 0.86080404 0.86067237 0.8605568 0.86045625 0.86036961 0.86029574 0.86023346 0.86018162 0.86013904 0.8601046 0.86007718 0.86005575 0.86003934 0.86002704 0.86001805 0.86001167 0.86000727 0.86000434 0.86000248 0.86000134
0.88551444 0.88456885 0.88363339 0.88270868 0.88179533 0.88089394 0.88000515 0.87912957 0.87826785 0.87742063 0.87658852 0.87577218 0.87497223 0.87418931 0.87342403 0.872677 0.87194883 0.8712401 0.87055138 0.86988322 0.86923613 0.86861061 0.86800712 0.86742609 0.8668679 0.8663329 0.86582139 0.86533359 0.8648697 0.86442983 0.86401405 0.86362233 0.86325458 0.86291063 0.86259024 0.86229307 0.86201869 0.8617666 0.86153621 0.86132683 0.86113768 0.86096794 0.86081666 0.86068285 0.86056546 0.86046338 0.86037546 0.8603005 0.86023733 0.86018473 0.86014153 0.86010656 0.86007871 0.86005693 0.86004023 0.8600277 0.86001853 0.860012 0.8600075 0.86000449 0.86000257 0.86000139 0.86000071
0.88525605 0.88429283 0.8833406 0.88240002 0.88147173 0.88055639 0.87965466 0.87876721 0.87789471 0.87703783 0.87619725 0.87537362 0.8745676 0.87377986 0.87301102 0.87226173 0.87153258 0.87082417 0.87013707 0.86947182 0.86882892 0.86820886 0.86761205 0.86703891 0.86648977 0.86596491 0.86546458 0.86498895 0.86453813 0.86411214 0.86371096 0.86333446 0.86298245 0.86265465 0.86235069 0.86207012 0.86181238 0.86157684 0.86136279 0.86116942 0.86099585 0.86084111 0.86070418 0.86058398 0.86047937 0.86038916 0.86031217 0.86024718 0.86019296 0.86014833 0.86011211 0.86008317 0.86006046 0.86004296 0.86002978 0.86002007 0.86001311 0.86000827 0.86000502 0.86000291 0.8600016 0.86000083 0.86000041
0.88493584 0.88395795 0.882992 0.88203867 0.88109866 0.88017265 0.87926134 0.87836543 0.87748561 0.87662258 0.87577704 0.87494967 0.87414114 0.87335211 0.87258324 0.87183516 0.87110846 0.87040373 0.86972153 0.86906237 0.86842672 0.86781503 0.86722769 0.86666504 0.86612737 0.86561489 0.86512777 0.8646661 0.8642299 0.86381912 0.86343361 0.86307315 0.86273745 0.8624261 0.86213862 0.86187444 0.8616329 0.86141327 0.8612147 0.8610363 0.86087708 0.86073601 0.86061197 0.86050382 0.86041037 0.8603304 0.86026271 0.86020605 0.86015923 0.86012107 0.86009043 0.86006624 0.86004749 0.86003324 0.86002266 0.860015 0.86000961 0.86000593 0.86000351 0.86000198 0.86000106 0.86000053 0.86000025
0.88457233 0.88358263 0.88260588 0.88164278 0.88069407 0.87976045 0.87884264 0.87794137 0.87705735 0.87619129 0.87534389 0.87451586 0.87370786 0.87292055 0.87215459 0.87141057 0.8706891 0.86999073 0.86931598 0.86866534 0.86803923 0.86743805 0.86686214 0.86631177 0.86578715 0.86528844 0.86481572 0.86436899 0.86394818 0.86355313 0.86318361 0.86283929 0.86251976 0.86222453 0.861953 0.8617045 0.86147828 0.86127349 0.86108922 0.86092448 0.86077822 0.86064933 0.86053665 0.860439 0.86035517 0.86028392 0.86022403 0.8601743 0.86013353 0.86010059 0.86007439 0.86005391 0.86003821 0.86002641 0.86001777 0.86001159 0.86000731 0.86000444 0.86000258 0.86000143 0.86000075 0.86000037 0.86000017
0.88418065 0.88318181 0.88219696 0.88122683 0.88027216 0.87933369 0.87841214 0.87750826 0.87662276 0.87575636 0.87490976 0.87408366 0.87327873 0.8724956 0.87173491 0.87099724 0.87028317 0.86959319 0.86892781 0.86828745 0.8676725 0.86708329 0.86652008 0.86598309 0.86547246 0.86498825 0.86453047 0.86409902 0.86369375 0.8633144 0.86296064 0.86263206 0.86232813 0.86204828 0.86179181 0.86155798 0.86134592 0.86115474 0.86098343 0.86083096 0.86069622 0.86057805 0.86047527 0.86038667 0.86031104 0.86024714 0.86019376 0.86014972 0.86011388 0.86008514 0.86006245 0.86004487 0.86003151 0.86002158 0.86001437 0.86000927 0.86000578 0.86000346 0.86000199 0.86000109 0.86000056 0.86000027 0.86000012
0.88377305 0.88276753 0.88177703 0.88080232 0.87984414 0.87890323 0.87798034 0.87707621 0.87619155 0.87532708 0.87448349 0.87366145 0.87286162 0.87208463 0.87133106 0.87060148 0.86989641 0.86921632 0.86856166 0.86793278 0.86733004 0.86675368 0.86620391 0.86568087 0.86518461 0.86471513 0.86427234 0.86385606 0.86346605 0.86310197 0.86276339 0.8624498 0.86216062 0.86189517 0.86165268 0.86143232 0.86123318 0.86105429 0.86089459 0.86075301 0.86062839 0.86051957 0.86042533 0.86034448 0.86027578 0.86021804 0.86017006 0.8601307 0.86009884 0.86007346 0.86005355 0.86003823 0.86002667 0.86001813 0.86001199 0.86000768 0.86000475 0.86000283 0.86000161 0.86000087 0.86000045 0.86000022 0.8600001
0.88335947 0.88234943 0.88135546 0.88037831 0.87941874 0.87847748 0.87755529 0.87665289 0.87577099 0.8749103 0.87407149 0.87325521 0.87246209 0.87169272 0.87094766 0.87022743 0.8695325 0.86886331 0.86822023 0.86760357 0.86701362 0.86645055 0.86591451 0.86540555 0.86492366 0.86446874 0.86404064 0.86363909 0.86326376 0.86291424 0.86259001 0.8622905 0.86201504 0.86176287 0.86153318 0.86132507 0.86113757 0.86096966 0.86082026 0.86068825 0.86057246 0.86047172 0.86038481 0.86031052 0.86024767 0.86019505 0.86015153 0.86011598 0.86008735 0.86006464 0.86004692 0.86003335 0.86002316 0.86001568 0.86001033 0.86000659 0.86000406 0.86000241 0.86000137 0.86000074 0.86000038 0.86000018 0.86000008
0.88294788 0.88193524 0.88093967 0.87996192 0.87900275 0.87806289 0.87714308 0.87624404 0.87536646 0.87451102 0.87367837 0.87286914 0.87208391 0.87132325 0.87058767 0.86987765 0.8691936 0.86853591 0.8679049 0.86730081 0.86672386 0.86617417 0.8656518 0.86515674 0.8646889 0.86424811 0.86383413 0.86344664 0.86308522 0.86274937 0.86243854 0.86215206 0.86188921 0.86164917 0.86143107 0.86123397 0.86105685 0.86089868 0.86075833 0.86063467 0.86052653 0.86043272 0.86035205 0.86028331 0.86022534 0.86017698 0.8601371 0.86010465 0.8600786 0.86005801 0.86004201 0.86002979 0.86002065 0.86001396 0.86000918 0.86000586 0.86000362 0.86000215 0.86000123 0.86000067 0.86000035 0.86000017 0.86000008
0.88254471 0.8815311 0.88053551 0.87955871 0.87860142 0.87766439 0.87674833 0.87585393 0.87498187 0.87413281 0.87330736 0.87250611 0.87172962 0.8709784 0.87025292 0.86955361 0.86888084 0.86823493 0.86761614 0.86702466 0.86646063 0.86592412 0.8654151 0.86493352 0.86447919 0.8640519 0.86365131 0.86327705 0.86292863 0.86260549 0.86230701 0.86203247 0.86178109 0.86155201 0.86134431 0.86115703 0.86098911 0.86083949 0.86070704 0.86059062 0.86048905 0.86040115 0.86032575 0.86026167 0.86020775 0.86016288 0.86012598 0.86009602 0.86007203 0.86005311 0.86003843 0.86002725 0.86001889 0.86001279 0.86000842 0.86000539 0.86000334 0.860002 0.86000115 0.86000063 0.86000033 0.86000017 0.86000008
0.88215512 0.8811419 0.88014761 0.879173 0.8782188 0.87728572 0.87637445 0.87548568 0.87462005 0.87377817 0.87296064 0.872168 0.87140077 0.87065943 0.86994438 0.86925601 0.86859463 0.8679605 0.86735384 0.86677476 0.86622335 0.86569959 0.86520343 0.86473471 0.86429321 0.86387864 0.8634906 0.86312865 0.86279225 0.86248079 0.86219358 0.86192987 0.86168884 0.86146958 0.86127115 0.86109254 0.8609327 0.86079054 0.86066493 0.86055472 0.86045876 0.86037587 0.86030489 0.86024467 0.8601941 0.86015208 0.86011757 0.8600896 0.86006722 0.86004959 0.86003593 0.86002551 0.86001773 0.86001204 0.86000797 0.86000513 0.8600032 0.86000194 0.86000113 0.86000063 0.86000034 0.86000017 0.86000008
0.88178327 0.88077154 0.87977959 0.87880817 0.87785798 0.8769297 0.87602402 0.87514158 0.87428299 0.87344884 0.87263968 0.87185601 0.87109832 0.87036701 0.86966247 0.86898502 0.86833491 0.86771236 0.86711751 0.86655044 0.86601115 0.8654996 0.86501563 0.86455905 0.86412958 0.86372685 0.86335044 0.86299983 0.86267443 0.8623736 0.8620966 0.86184263 0.86161084 0.86140031 0.86121005 0.86103905 0.86088625 0.86075054 0.8606308 0.8605259 0.86043467 0.86035597 0.86028866 0.86023162 0.86018376 0.86014403 0.86011143 0.860085 0.86006387 0.86004722 0.8600343 0.86002445 0.86001707 0.86001165 0.86000777 0.86000504 0.86000318 0.86000195 0.86000115 0.86000066 0.86000036 0.86000019 0.8600001
0.88143255 0.88042317 0.87943438 0.87846688 0.87752137 0.87659851 0.87569895 0.87482329 0.87397212 0.873146 0.87234542 0.87157085 0.87082273 0.87010142 0.86940726 0.8687405 0.86810137 0.86749001 0.86690651 0.86635089 0.86582312 0.86532306 0.86485053 0.86440527 0.86398695 0.86359515 0.8632294 0.86288913 0.86257372 0.86228247 0.86201461 0.86176933 0.86154573 0.86134287 0.86115976 0.86099537 0.86084864 0.86071845 0.8606037 0.86050326 0.86041598 0.86034075 0.86027644 0.86022197 0.86017628 0.86013835 0.86010722 0.86008198 0.86006177 0.86004583 0.86003343 0.86002395 0.86001683 0.86001158 0.86000779 0.86000512 0.86000327 0.86000204 0.86000123 0.86000072 0.86000041 0.86000022 0.86000012
0.88110576 0.88009938 0.87911432 0.87815127 0.8772109 0.87629384 0.8754007 0.87453207 0.87368849 0.87287047 0.87207848 0.87131294 0.87057424 0.86986271 0.86917861 0.86852217 0.86789355 0.86729285 0.86672011 0.86617529 0.86565829 0.86516895 0.86470703 0.86427221 0.86386412 0.86348229 0.86312621 0.86279527 0.86248882 0.86220612 0.86194639 0.86170876 0.86149234 0.86129616 0.86111924 0.86096053 0.86081896 0.86069344 0.86058287 0.86048613 0.8604021 0.86032968 0.86026777 0.86021533 0.86017133 0.86013477 0.86010474 0.86008035 0.86006079 0.86004531 0.86003325 0.86002398 0.86001699 0.8600118 0.86000803 0.86000535 0.86000347 0.8600022 0.86000136 0.86000082 0.86000048 0.86000027 0.86000015
0.88080531 0.87980236 0.87882141 0.87786313 0.87692814 0.87601706 0.87513046 0.8742689 0.87343288 0.87262287 0.8718393 0.87108255 0.87035296 0.86965082 0.86897634 0.8683297 0.86771101 0.86712033 0.86655764 0.86602286 0.86551584 0.86503637 0.86458416 0.86415886 0.86376004 0.86338721 0.86303981 0.8627172 0.8624187 0.86214354 0.86189092 0.86165997 0.86144976 0.86125933 0.86108767 0.86093376 0.86079653 0.86067489 0.86056775 0.86047401 0.86039258 0.86032238 0.86026234 0.86021144 0.86016868 0.86013312 0.86010384 0.86008001 0.86006085 0.86004563 0.86003372 0.86002453 0.86001754 0.86001233 0.8600085 0.86000575 0.86000381 0.86000247 0.86000156 0.86000097 0.86000058 0.86000035 0.8600002
0.88053332 0.87953406 0.87855742 0.87760403 0.8766745 0.87576941 0.87488929 0.87403467 0.87320602 0.87240376 0.87162829 0.87087994 0.87015901 0.86946574 0.86880031 0.86816284 0.8675534 0.866972 0.86641858 0.86589301 0.8653951 0.8649246 0.86448117 0.86406443 0.86367392 0.86330909 0.86296937 0.8626541 0.86236255 0.86209395 0.86184748 0.86162224 0.86141731 0.86123173 0.86106449 0.86091455 0.86078086 0.86066236 0.86055795 0.86046657 0.86038715 0.86031862 0.86025995 0.86021014 0.86016823 0.8601333 0.86010447 0.86008094 0.86006194 0.86004679 0.86003487 0.86002561 0.86001853 0.86001319 0.86000924 0.86000636 0.8600043 0.86000286 0.86000186 0.86000119 0.86000075 0.86000047 0.86000029
0.88029183 0.87929635 0.87832404 0.87737552 0.87645135 0.87555208 0.87467824 0.87383029 0.87300866 0.87221376 0.87144593 0.87070547 0.86999263 0.86930761 0.86865054 0.86802152 0.86742056 0.86684763 0.86630263 0.86578538 0.86529567 0.86483319 0.86439759 0.86398843 0.86360522 0.86324741 0.86291438 0.86260545 0.86231987 0.86205687 0.86181559 0.86159515 0.86139461 0.86121301 0.86104935 0.8609026 0.86077172 0.86065564 0.86055332 0.8604637 0.86038571 0.86031834 0.86026058 0.86021144 0.86017001 0.86013537 0.8601067 0.86008321 0.86006416 0.86004889 0.8600368 0.86002734 0.86002004 0.8600145 0.86001034 0.86000727 0.86000504 0.86000345 0.86000234 0.86000158 0.86000106 0.86000073 0.86000052
0.88008287 0.87909111 0.87812301 0.87717917 0.87626014 0.87536641 0.87449849 0.87365679 0.87284174 0.87205368 0.87129292 0.87055972 0.8698543 0.86917681 0.86852735 0.86790597 0.86731265 0.86674731 0.86620981 0.86569996 0.86521749 0.86476206 0.86433329 0.86393071 0.86355382 0.86320202 0.86287468 0.8625711 0.86229053 0.86203216 0.86179515 0.86157861 0.86138159 0.86120314 0.86104226 0.86089794 0.86076914 0.86065483 0.86055397 0.86046551 0.86038843 0.86032172 0.86026441 0.86021555 0.86017422 0.86013957 0.86011077 0.86008706 0.86006775 0.86005217 0.86003975 0.86002996 0.86002234 0.86001649 0.86001205 0.86000874 0.86000631 0.86000455 0.86000332 0.86000249 0.86000197 0.86000171 0.86000171
0.87990865 0.8789204 0.87795627 0.87701681 0.87610255 0.87521395 0.87435148 0.87351553 0.87270648 0.87192464 0.87117028 0.87044364 0.86974488 0.86907413 0.86843144 0.86781683 0.86723024 0.86667156 0.86614062 0.86563719 0.86516096 0.86471158 0.86428863 0.86389163 0.86352003 0.86317324 0.86285059 0.86255139 0.86227486 0.86202019 0.86178654 0.86157301 0.86137866 0.86120254 0.86104367 0.86090103 0.86077363 0.86066042 0.8605604 0.86047254 0.86039584 0.86032933 0.86027204 0.86022305 0.86018149 0.8601465 0.8601173 0.86009314 0.86007335 0.86005729 0.8600444 0.86003417 0.86002615 0.86001995 0.86001523 0.86001172 0.86000918 0.86000746 0.86000643 0.86000607 0.86000647 0.86000793 0.86001124
0.87977162 0.87878659 0.87782607 0.87689059 0.87598063 0.87509666 0.87423907 0.87340826 0.87260455 0.87182823 0.87107954 0.87035866 0.86966574 0.86900086 0.86836405 0.86775529 0.86717449 0.8666215 0.86609613 0.86559811 0.86512712 0.86468277 0.86426462 0.86387216 0.86350485 0.86316206 0.86284312 0.86254731 0.86227387 0.86202198 0.86179079 0.86157939 0.86138688 0.8612123 0.86105467 0.86091301 0.86078632 0.86067359 0.86057382 0.86048602 0.86040922 0.86034244 0.86028477 0.8602353 0.86019318 0.86015759 0.86012776 0.86010299 0.8600826 0.860066 0.86005264 0.86004204 0.86003378 0.86002752 0.86002298 0.86001997 0.86001841 0.86001839 0.86002028 0.86002492 0.86003426 0.86005263 0.86009035
0.8796747 0.87869249 0.87773513 0.87680313 0.87589695 0.875017 0.87416368 0.87333732 0.87253824 0.87176667 0.87102284 0.87030689 0.86961894 0.86895903 0.86832718 0.86772331 0.86714732 0.86659904 0.86607823 0.86558461 0.86511783 0.86467749 0.86426312 0.8638742 0.86351017 0.86317039 0.86285418 0.86256083 0.86228955 0.86203953 0.86180992 0.86159984 0.86140837 0.86123457 0.86107748 0.86093612 0.86080953 0.8606967 0.86059667 0.86050846 0.86043113 0.86036374 0.8603054 0.86025522 0.8602124 0.86017613 0.86014571 0.86012044 0.86009972 0.86008299 0.8600698 0.86005976 0.86005261 0.86004821 0.86004666 0.86004836 0.86005427 0.86006636 0.86008862 0.86012928 0.86020632 0.86036159 0.86070114
0.87962138 0.87864153 0.87768683 0.87675777 0.87585476 0.8749782 0.87412846 0.87330584 0.87251062 0.87174301 0.87100321 0.87029133 0.86960746 0.86895162 0.86832378 0.86772385 0.8671517 0.86660714 0.8660899 0.86559969 0.86513612 0.86469879 0.86428722 0.86390087 0.86353915 0.86320144 0.86288705 0.86259525 0.86232528 0.86207631 0.86184751 0.861638 0.86144687 0.86127321 0.86111606 0.86097448 0.86084751 0.8607342 0.86063358 0.86054474 0.86046674 0.86039871 0.86033977 0.86028913 0.860246 0.86020968 0.86017953 0.86015499 0.8601356 0.86012104 0.86011115 0.86010602 0.86010612 0.86011252 0.86012726 0.86015421 0.86020059 0.86028037 0.86042179 0.86068519 0.8612085 0.86233183 0.864968
0.87961592 0.87863794 0.87768537 0.87675866 0.87585821 0.8749844 0.87413754 0.87331793 0.87252581 0.87176138 0.87102479 0.87031614 0.86963548 0.86898281 0.86835808 0.86776118 0.86719195 0.86665017 0.86613558 0.86564784 0.86518657 0.86475134 0.86434167 0.863957 0.86359676 0.86326031 0.86294695 0.86265597 0.8623866 0.86213804 0.86190946 0.8617 0.86150877 0.86133487 0.86117739 0.86103541 0.860908 0.86079427 0.86069329 0.8606042 0.86052616 0.86045834 0.8604 0.86035045 0.86030908 0.86027541 0.86024908 0.86022996 0.86021817 0.86021427 0.86021942 0.86023579 0.86026719 0.86032031 0.86040697 0.86054872 0.86078643 0.86120135 0.86196405 0.86345555 0.86658628 0.87369099 0.89115481
0.87966352 0.87868694 0.87773599 0.87681109 0.87591261 0.87504091 0.87419629 0.87337901 0.87258928 0.87182729 0.87109315 0.87038695 0.86970872 0.86905842 0.868436 0.86784131 0.86727419 0.8667344 0.86622166 0.86573562 0.8652759 0.86484205 0.86443358 0.86404995 0.86369057 0.86335481 0.86304199 0.8627514 0.86248229 0.86223388 0.86200537 0.86179591 0.86160467 0.8614308 0.86127341 0.86113167 0.86100473 0.86089175 0.86079196 0.8607046 0.860629 0.86056457 0.86051085 0.86046751 0.86043447 0.86041194 0.86040058 0.86040168 0.86041755 0.86045202 0.86051142 0.86060625 0.86075426 0.86098626 0.86135752 0.8619713 0.86302951 0.86494739 0.8686265 0.87613603 0.89246373 0.92989018 1.0165843
0.87977064 0.87879504 0.87784525 0.87692168 0.87602467 0.87515456 0.87431162 0.87349609 0.87270817 0.87194801 0.87121571 0.87051135 0.86983491 0.86918638 0.86856565 0.86797259 0.867407 0.86686864 0.86635723 0.86587241 0.8654138 0.86498094 0.86457336 0.86419053 0.86383186 0.86349674 0.86318452 0.86289451 0.86262601 0.86237827 0.86215055 0.86194207 0.86175206 0.86157977 0.86142444 0.86128536 0.86116185 0.86105331 0.86095922 0.86087917 0.86081297 0.8607606 0.86072243 0.86069924 0.86069251 0.86070465 0.86073956 0.86080333 0.86090559 0.86106165 0.86129634 0.86165093 0.86219605 0.86305678 0.86446318 0.86685642 0.8711203 0.87910445 0.89482607 0.92713973 0.99460661 1.1277529 1.3418013
0.87994516 0.87897026 0.87802134 0.87709877 0.87620289 0.87533401 0.87449238 0.87367824 0.87289175 0.87213305 0.87140224 0.87069936 0.8700244 0.86937732 0.86875802 0.86816635 0.86760212 0.86706508 0.86655495 0.86607138 0.865614 0.86518238 0.86477606 0.86439452 0.86403724 0.86370363 0.8633931 0.86310503 0.86283879 0.86259373 0.86236921 0.86216461 0.86197932 0.8618128 0.86166456 0.8615342 0.86142146 0.86132627 0.8612488 0.86118954 0.86114949 0.86113029 0.86113452 0.86116612 0.86123106 0.86133831 0.86150148 0.86174151 0.86209116 0.86260285 0.86336262 0.86451589 0.86631637 0.86922209 0.87408992 0.88257854 0.89798924 0.92695215 0.98226725 1.0848187 1.2528923 1.4638873 1.6421383
0.88019681 0.87922254 0.87827441 0.87735277 0.87645795 0.87559023 0.87474986 0.87393706 0.87315199 0.87239477 0.87166549 0.87096419 0.87029085 0.86964544 0.86902786 0.86843796 0.86787556 0.86734044 0.86683232 0.86635089 0.86589582 0.86546671 0.86506316 0.86468472 0.86433093 0.86400132 0.86369539 0.86341267 0.86315268 0.86291499 0.86269921 0.862505 0.86233216 0.86218059 0.8620504 0.86194196 0.86185598 0.86179365 0.86175681 0.86174821 0.8617719 0.8618337 0.86194211 0.86210949 0.86235403 0.86270285 0.8631971 0.86390044 0.86491355 0.8663997 0.86863083 0.87207293 0.87754753 0.88654236 0.9018069 0.92844425 0.97561328 1.0578187 1.1905331 1.370524 1.5540671 1.686335 1.7553359
0.88053747 0.87956411 0.87861705 0.87769665 0.87680321 0.87593703 0.87509833 0.87428734 0.8735042 0.87274905 0.87202198 0.87132303 0.8706522 0.87000947 0.86939476 0.86880795 0.8682489 0.86771742 0.8672133 0.86673629 0.86628612 0.8658625 0.86546513 0.86509371 0.86474792 0.86442749 0.86413217 0.86386174 0.86361609 0.8633952 0.8631992 0.8630284 0.8628834 0.86276515 0.86267505 0.86261517 0.86258844 0.86259899 0.86265257 0.86275729 0.86292453 0.86317044 0.86351817 0.86400132 0.86466947 0.86559701 0.86689778 0.86874973 0.87143732 0.87542607 0.88149543 0.89097774 0.90618361 0.93112175 0.97254128 1.0407421 1.1476496 1.2969492 1.4676052 1.6164519 1.7138946 1.763621 1.7844776
