Interpolating SPI Data/spi_stations/interpolated_spi/2-23_2.tif
NCOLS 257
NROWS 141
XLLCORNER -178.27925
YLLCORNER 5.3153543
DX 0.49934803
DY 0.49997533
NODATA_VALUE -9999
[rows 29 to 57 of 141, columns 0 to 64 of 257]
0.2793754 0.27703687 0.27475081 0.27251861 0.27034159 0.26822103 0.26615812 0.26415395 0.26220956 0.26032587 0.2585037 0.25674378 0.25504671 0.25341297 0.25184293 0.2503368 0.24889468 0.24751652 0.24620213 0.24495117 0.24376316 0.24263747 0.24157331 0.24056976 0.23962574 0.23874004 0.2379113 0.23713806 0.2364187 0.2357515 0.23513465 0.23456622 0.23404421 0.23356656 0.23313113 0.23273575 0.23237822 0.23205632 0.23176783 0.23151053 0.23128225 0.23108082 0.23090415 0.23075017 0.23061691 0.23050244 0.23040492 0.23032259 0.23025379 0.23019691 0.23015046 0.23011306 0.23008338 0.23006024 0.23004253 0.23002927 0.23001957 0.23001267 0.23000792 0.23000474 0.23000271 0.23000147 0.23000075 0.23000036 0.23000016
0.27528856 0.27308041 0.27092593 0.2688263 0.26678264 0.26479598 0.26286726 0.26099734 0.259187 0.25743689 0.25574758 0.2541195 0.25255299 0.25104826 0.24960539 0.24822432 0.24690489 0.24564677 0.24444954 0.24331259 0.24223522 0.24121658 0.24025568 0.23935142 0.23850257 0.23770776 0.23696556 0.23627438 0.23563257 0.23503838 0.23448999 0.23398552 0.23352301 0.23310049 0.23271593 0.23236731 0.23205257 0.23176968 0.2315166 0.23129133 0.23109189 0.23091634 0.23076279 0.23062941 0.2305144 0.23041605 0.23033269 0.23026275 0.23020469 0.23015709 0.23011859 0.2300879 0.23006386 0.23004536 0.23003143 0.23002119 0.23001384 0.23000873 0.2300053 0.23000307 0.23000169 0.23000088 0.23000043 0.23000019 0.23000008
0.27175184 0.26966673 0.26763581 0.26566007 0.2637404 0.26187761 0.2600724 0.25832542 0.25663718 0.25500811 0.25343852 0.25192861 0.25047848 0.2490881 0.24775731 0.24648583 0.24527329 0.24411915 0.24302277 0.2419834 0.24100015 0.24007202 0.23919791 0.23837659 0.23760675 0.23688698 0.23621577 0.23559154 0.23501265 0.23447737 0.23398395 0.23353057 0.23311539 0.23273655 0.23239216 0.23208034 0.23179922 0.23154691 0.23132157 0.23112137 0.23094451 0.23078924 0.23065383 0.23053661 0.23043594 0.23035025 0.23027802 0.23021778 0.23016813 0.23012775 0.23009538 0.23006985 0.23005007 0.23003505 0.2300239 0.23001582 0.23001014 0.23000626 0.23000371 0.23000209 0.23000112 0.23000056 0.23000026 0.23000011 0.23000004
0.26868333 0.26671311 0.26479708 0.26293599 0.26113054 0.25938132 0.25768884 0.25605351 0.25447563 0.25295542 0.25149299 0.25008832 0.2487413 0.24745172 0.24621922 0.24504337 0.24392359 0.24285922 0.24184947 0.24089346 0.2399902 0.2391386 0.23833749 0.23758559 0.23688155 0.23622396 0.23561132 0.23504209 0.23451466 0.23402738 0.23357859 0.23316658 0.23278961 0.23244596 0.23213388 0.23185164 0.23159749 0.23136974 0.23116667 0.23098662 0.23082792 0.23068897 0.23056816 0.23046395 0.23037483 0.23029932 0.230236 0.23018352 0.23014056 0.23010587 0.2300783 0.23005675 0.23004023 0.23002782 0.23001872 0.23001222 0.23000771 0.23000468 0.23000272 0.23000151 0.23000079 0.23000039 0.23000018 0.23000007 0.23000003
0.26601377 0.26415 0.26233995 0.2605842 0.25888323 0.25723746 0.2556472 0.25411266 0.25263399 0.2512112 0.24984421 0.24853286 0.24727687 0.24607585 0.24492933 0.24383671 0.24279733 0.24181039 0.24087503 0.23999028 0.2391551 0.23836835 0.23762883 0.23693526 0.23628631 0.23568058 0.23511662 0.23459295 0.23410804 0.23366033 0.23324824 0.23287019 0.23252455 0.23220973 0.23192411 0.23166608 0.23143405 0.23122642 0.23104162 0.23087809 0.2307343 0.23060874 0.23049992 0.23040638 0.23032669 0.23025949 0.23020342 0.23015719 0.23011958 0.23008942 0.23006562 0.23004717 0.23003314 0.2300227 0.23001512 0.23000976 0.23000609 0.23000365 0.2300021 0.23000114 0.23000059 0.23000029 0.23000013 0.23000005 0.23000002
0.26368474 0.26191899 0.26020614 0.25854661 0.25694072 0.25538871 0.25389072 0.25244682 0.25105697 0.24972105 0.24843884 0.24721003 0.24603422 0.2449109 0.24383949 0.24281931 0.2418496 0.24092951 0.24005812 0.23923442 0.23845734 0.23772575 0.23703845 0.23639418 0.23579165 0.2352295 0.23470636 0.23422081 0.2337714 0.23335669 0.23297518 0.2326254 0.23230584 0.23201501 0.23175141 0.23151355 0.23129993 0.23110907 0.2309395 0.23078975 0.23065839 0.23054397 0.23044511 0.23036041 0.23028853 0.23022814 0.23017799 0.23013684 0.23010354 0.23007698 0.23005615 0.23004011 0.23002799 0.23001904 0.2300126 0.23000807 0.230005 0.23000298 0.2300017 0.23000092 0.23000047 0.23000023 0.2300001 0.23000004 0.23000002
0.26164707 0.25997112 0.25834702 0.25677503 0.25525532 0.25378798 0.25237302 0.25101037 0.24969986 0.24844125 0.24723421 0.24607832 0.24497308 0.2439179 0.24291214 0.24195504 0.24104581 0.24018354 0.23936731 0.23859609 0.23786882 0.23718438 0.2365416 0.23593927 0.23537614 0.23485092 0.23436231 0.23390897 0.23348954 0.23310266 0.23274695 0.232421 0.23212344 0.23185285 0.23160784 0.23138699 0.23118892 0.23101221 0.23085549 0.23071736 0.23059646 0.23049142 0.23040089 0.23032357 0.23025816 0.23020341 0.2301581 0.23012108 0.23009125 0.23006757 0.23004908 0.23003491 0.23002426 0.23001644 0.23001083 0.23000691 0.23000427 0.23000253 0.23000144 0.23000078 0.2300004 0.23000019 0.23000009 0.23000004 0.23000001
0.25985939 0.25826543 0.25672208 0.25522947 0.25378765 0.25239658 0.25105617 0.24976623 0.24852648 0.2473366 0.24619616 0.24510467 0.24406157 0.24306621 0.24211788 0.24121582 0.24035919 0.2395471 0.2387786 0.23805268 0.23736831 0.2367244 0.23611982 0.23555341 0.23502398 0.23453031 0.23407118 0.23364532 0.23325146 0.23288831 0.23255459 0.23224898 0.23197017 0.23171685 0.23148768 0.23128136 0.23109654 0.2309319 0.23078611 0.23065785 0.2305458 0.23044867 0.23036516 0.23029401 0.23023399 0.23018389 0.23014256 0.23010889 0.23008185 0.23006045 0.23004381 0.23003109 0.23002156 0.23001459 0.2300096 0.23000613 0.23000378 0.23000225 0.23000129 0.2300007 0.23000036 0.23000018 0.23000008 0.23000003 0.23000001
0.25828699 0.25676765 0.25529758 0.25387679 0.25250522 0.25118275 0.24990918 0.24868423 0.24750756 0.24637875 0.24529733 0.24426276 0.24327441 0.24233161 0.24143364 0.24057971 0.23976899 0.23900057 0.23827354 0.23758691 0.23693968 0.2363308 0.2357592 0.23522377 0.23472338 0.23425689 0.23382313 0.23342092 0.23304906 0.23270634 0.23239153 0.23210342 0.23184075 0.23160229 0.23138676 0.23119291 0.23101947 0.23086517 0.23072873 0.23060889 0.23050438 0.23041394 0.23033633 0.23027035 0.2302148 0.23016854 0.23013046 0.23009952 0.23007471 0.23005513 0.23003992 0.23002832 0.23001965 0.23001331 0.23000877 0.23000562 0.23000348 0.23000208 0.2300012 0.23000066 0.23000035 0.23000017 0.23000008 0.23000004 0.23000001
0.25690075 0.25544918 0.25404547 0.25268954 0.25138126 0.2501204 0.2489067 0.24773982 0.24661935 0.24554484 0.24451575 0.24353151 0.24259148 0.24169498 0.24084125 0.24002953 0.23925898 0.23852872 0.23783787 0.23718547 0.23657056 0.23599214 0.23544918 0.23494064 0.23446545 0.23402253 0.23361077 0.23322906 0.23287627 0.23255126 0.23225286 0.23197991 0.23173123 0.23150562 0.23130189 0.23111882 0.23095519 0.23080978 0.23068136 0.23056871 0.2304706 0.23038583 0.23031319 0.23025153 0.2301997 0.23015659 0.23012116 0.2300924 0.23006938 0.23005122 0.23003713 0.23002639 0.23001835 0.23001246 0.23000825 0.23000531 0.23000332 0.230002 0.23000117 0.23000065 0.23000035 0.23000018 0.23000009 0.23000004 0.23000002
0.25567629 0.25428615 0.25294245 0.25164503 0.25039368 0.24918813 0.24802804 0.24691303 0.24584266 0.24481642 0.24383377 0.24289411 0.24199679 0.24114112 0.24032636 0.23955175 0.23881647 0.23811969 0.23746052 0.23683807 0.23625142 0.2356996 0.23518166 0.23469659 0.23424339 0.23382103 0.23342847 0.23306465 0.23272849 0.23241891 0.23213481 0.23187507 0.23163856 0.23142413 0.23123063 0.23105689 0.23090174 0.23076398 0.23064244 0.23053593 0.23044326 0.23036327 0.23029481 0.23023674 0.23018796 0.23014744 0.23011415 0.23008714 0.23006552 0.23004846 0.23003522 0.23002511 0.23001754 0.23001198 0.23000798 0.23000518 0.23000327 0.230002 0.23000118 0.23000067 0.23000037 0.23000019 0.2300001 0.23000005 0.23000002
0.25459327 0.25325873 0.25196922 0.25072451 0.24952434 0.24836839 0.24725629 0.24618762 0.2451619 0.24417862 0.24323722 0.24233708 0.24147757 0.24065799 0.23987763 0.23913573 0.23843151 0.23776417 0.23713285 0.23653671 0.23597486 0.23544639 0.23495039 0.2344859 0.23405197 0.23364763 0.23327189 0.23292374 0.23260215 0.23230608 0.23203448 0.23178627 0.23156038 0.23135568 0.23117107 0.23100542 0.23085758 0.23072641 0.23061076 0.23050947 0.23042141 0.23034544 0.23028045 0.23022534 0.23017908 0.23014064 0.23010905 0.23008342 0.23006288 0.23004666 0.23003404 0.23002439 0.23001713 0.23001179 0.23000792 0.2300052 0.23000332 0.23000206 0.23000124 0.23000072 0.23000041 0.23000022 0.23000011 0.23000006 0.23000003
0.25363475 0.25235046 0.25110981 0.24991254 0.24875834 0.24764686 0.2465777 0.24555042 0.24456452 0.24361948 0.24271473 0.24184967 0.24102366 0.24023603 0.23948608 0.23877308 0.23809628 0.2374549 0.23684813 0.23627516 0.23573514 0.23522722 0.23475052 0.23430413 0.23388716 0.23349866 0.23313769 0.2328033 0.23249449 0.23221026 0.23194961 0.23171149 0.23149485 0.23129862 0.23112173 0.23096306 0.23082152 0.23069599 0.23058536 0.2304885 0.2304043 0.23033168 0.23026955 0.23021688 0.23017263 0.23013585 0.2301056 0.23008102 0.2300613 0.23004569 0.23003351 0.23002415 0.23001709 0.23001186 0.23000806 0.23000535 0.23000347 0.23000219 0.23000135 0.2300008 0.23000046 0.23000026 0.23000014 0.23000007 0.23000004
0.25278674 0.2515478 0.25035115 0.24919653 0.24808358 0.24701193 0.24598117 0.24499084 0.24404043 0.24312943 0.24225727 0.24142336 0.24062706 0.23986774 0.2391447 0.23845726 0.23780468 0.23718622 0.23660112 0.23604859 0.23552783 0.23503802 0.23457833 0.23414789 0.23374583 0.23337127 0.2330233 0.23270098 0.23240339 0.23212954 0.23187845 0.23164913 0.23144055 0.23125167 0.23108144 0.23092878 0.23079264 0.23067191 0.23056551 0.23047236 0.23039138 0.23032151 0.23026172 0.23021099 0.23016834 0.23013285 0.23010361 0.23007981 0.23006066 0.23004545 0.23003355 0.23002436 0.23001739 0.23001219 0.23000838 0.23000564 0.23000372 0.23000239 0.2300015 0.23000092 0.23000055 0.23000032 0.23000018 0.2300001 0.23000005
0.25203778 0.25083968 0.24968261 0.24856626 0.24749028 0.24645427 0.24545781 0.24450043 0.24358165 0.24270093 0.24185773 0.24105145 0.24028151 0.23954725 0.23884804 0.2381832 0.23755203 0.23695383 0.23638785 0.23585335 0.23534958 0.23487573 0.23443101 0.2340146 0.23362567 0.23326336 0.23292678 0.23261506 0.23232727 0.23206248 0.23181972 0.23159804 0.23139643 0.23121387 0.23104936 0.23090183 0.23077025 0.23065356 0.23055069 0.23046061 0.23038226 0.23031462 0.23025667 0.23020746 0.23016603 0.23013148 0.23010297 0.23007969 0.2300609 0.23004593 0.23003415 0.23002501 0.23001803 0.23001279 0.23000891 0.23000609 0.23000408 0.23000268 0.23000173 0.23000109 0.23000067 0.23000041 0.23000024 0.23000014 0.23000009
0.25137865 0.25021725 0.24909569 0.24801363 0.24697071 0.24596653 0.24500066 0.24407264 0.24318198 0.24232816 0.24151065 0.24072888 0.23998226 0.23927019 0.23859203 0.23794715 0.23733488 0.23675453 0.2362054 0.23568679 0.23519795 0.23473814 0.23430658 0.23390248 0.23352504 0.23317344 0.23284683 0.23254433 0.23226506 0.23200812 0.23177256 0.23155745 0.2313618 0.23118464 0.23102496 0.23088174 0.23075397 0.23064061 0.23054063 0.23045301 0.23037675 0.23031083 0.2302543 0.2302062 0.23016564 0.23013173 0.23010367 0.23008069 0.23006207 0.23004716 0.23003537 0.23002617 0.23001908 0.23001371 0.2300097 0.23000676 0.23000464 0.23000313 0.23000209 0.23000138 0.23000091 0.23000061 0.23000044 0.23000035 0.23000034
0.25080211 0.24967361 0.24858382 0.2475324 0.24651898 0.24554315 0.24460449 0.24370255 0.24283683 0.24200685 0.24121208 0.24045196 0.23972594 0.23903344 0.23837384 0.23774653 0.23715087 0.23658621 0.23605188 0.23554719 0.23507143 0.23462388 0.23420381 0.23381045 0.23344301 0.23310071 0.23278271 0.23248818 0.23221624 0.23196602 0.23173659 0.23152705 0.23133643 0.23116377 0.2310081 0.23086842 0.23074373 0.23063304 0.23053533 0.23044962 0.23037493 0.23031028 0.23025473 0.23020738 0.23016734 0.23013379 0.23010593 0.23008302 0.23006438 0.23004937 0.23003743 0.23002805 0.23002078 0.23001522 0.23001103 0.23000792 0.23000566 0.23000405 0.23000294 0.23000221 0.23000179 0.23000164 0.23000176 0.23000228 0.23000354
0.25030274 0.24920364 0.24814219 0.24711805 0.24613085 0.24518019 0.24426565 0.24338678 0.24254312 0.24173417 0.24095944 0.24021838 0.23951047 0.23883514 0.23819181 0.23757989 0.23699876 0.23644779 0.23592635 0.23543378 0.23496938 0.23453248 0.23412233 0.23373823 0.23337939 0.23304506 0.23273442 0.23244665 0.23218091 0.23193634 0.23171204 0.2315071 0.23132061 0.23115161 0.23099916 0.23086227 0.23073998 0.23063132 0.23053529 0.23045095 0.23037733 0.2303135 0.23025854 0.23021157 0.23017176 0.23013827 0.23011037 0.23008733 0.23006849 0.23005326 0.23004107 0.23003144 0.23002394 0.23001818 0.23001384 0.23001067 0.23000843 0.23000699 0.23000625 0.23000621 0.23000702 0.23000908 0.2300134 0.23002248 0.23004292
0.24987688 0.24880393 0.24776765 0.2467677 0.24580371 0.24487528 0.24398201 0.24312346 0.24229918 0.2415087 0.24075152 0.24002715 0.23933505 0.23867469 0.23804551 0.23744695 0.23687842 0.2363393 0.23582899 0.23534684 0.2348922 0.2344644 0.23406273 0.23368649 0.23333493 0.2330073 0.23270282 0.23242068 0.23216005 0.2319201 0.23169995 0.23149871 0.23131548 0.23114933 0.23099933 0.23086453 0.23074398 0.23063673 0.23054183 0.23045835 0.23038534 0.23032192 0.23026718 0.23022029 0.23018042 0.23014679 0.23011868 0.23009539 0.2300763 0.23006084 0.23004847 0.23003875 0.23003129 0.23002575 0.2300219 0.23001958 0.23001877 0.23001964 0.2300227 0.23002905 0.23004117 0.2300645 0.23011203 0.23021738 0.23047703
0.24952251 0.24847272 0.24745868 0.24648006 0.2455365 0.2446276 0.24375298 0.24291222 0.24210486 0.24133046 0.24058856 0.23987865 0.23920025 0.23855282 0.23793584 0.23734877 0.23679103 0.23626204 0.2357612 0.23528791 0.23484151 0.23442137 0.23402679 0.2336571 0.23331156 0.23298944 0.23268998 0.23241238 0.23215585 0.23191955 0.23170263 0.23150422 0.23132344 0.23115938 0.23101113 0.23087777 0.23075837 0.230652 0.23055776 0.23047471 0.23040197 0.23033866 0.23028393 0.23023697 0.23019698 0.23016324 0.23013506 0.2301118 0.23009288 0.2300778 0.23006615 0.23005758 0.2300519 0.23004907 0.23004929 0.23005316 0.23006196 0.23007822 0.230107 0.23015868 0.23025582 0.23045098 0.23087714 0.23190444 0.23467972
0.24923935 0.24820994 0.24721544 0.24625552 0.24532983 0.24443798 0.2435796 0.24275427 0.24196158 0.24120109 0.24047234 0.23977487 0.2391082 0.23847183 0.23786524 0.23728791 0.2367393 0.23621884 0.23572595 0.23526004 0.23482049 0.23440667 0.23401791 0.23365355 0.23331287 0.23299517 0.23269968 0.23242565 0.23217228 0.23193876 0.23172426 0.23152794 0.23134892 0.23118633 0.23103929 0.23090689 0.23078824 0.23068244 0.23058861 0.23050588 0.23043339 0.23037031 0.23031585 0.23026924 0.23022978 0.23019683 0.23016979 0.23014819 0.23013164 0.23011991 0.23011298 0.23011111 0.23011502 0.23012615 0.23014719 0.23018307 0.23024294 0.23034438 0.23052288 0.23085419 0.23151139 0.23292118 0.23622878 0.24479823 0.26937861
0.24902886 0.24801731 0.24703988 0.24609625 0.24518608 0.24430901 0.24346466 0.24265265 0.24187256 0.24112398 0.24040648 0.2397196 0.23906289 0.23843586 0.23783802 0.23726887 0.23672788 0.2362145 0.23572819 0.23526836 0.23483441 0.23442572 0.23404167 0.23368158 0.23334477 0.23303055 0.23273818 0.23246692 0.232216 0.23198462 0.23177199 0.23157728 0.23139965 0.23123826 0.23109225 0.23096077 0.23084297 0.23073801 0.23064505 0.2305633 0.23049199 0.23043038 0.2303778 0.23033366 0.23029745 0.23026879 0.23024748 0.23023354 0.23022733 0.23022972 0.23024234 0.23026807 0.23031183 0.23038211 0.23049386 0.23067423 0.23097458 0.23149694 0.23245544 0.23432826 0.23825797 0.24717452 0.26909083 0.32653528 0.47605048
0.24889445 0.24789846 0.24693588 0.24600638 0.24510964 0.24424531 0.24341303 0.24261242 0.24184311 0.24110468 0.24039673 0.23971882 0.23907051 0.23845133 0.23786083 0.23729851 0.23676386 0.23625637 0.23577549 0.23532067 0.23489132 0.23448686 0.23410666 0.23375008 0.23341647 0.23310515 0.23281541 0.23254653 0.23229777 0.23206839 0.2318576 0.23166463 0.23148869 0.231329 0.23118475 0.23105518 0.23093953 0.23083705 0.23074707 0.23066894 0.2306021 0.23054609 0.2305006 0.2304655 0.23044092 0.23042736 0.23042588 0.23043831 0.23046775 0.23051917 0.23060068 0.23072565 0.23091647 0.23121195 0.23168157 0.23245508 0.23378603 0.23619573 0.24081602 0.25024441 0.2707421 0.31772513 0.42655499 0.65253237 0.98398472
0.24884164 0.24785922 0.24690953 0.24599228 0.24510715 0.24425381 0.24343191 0.24264111 0.24188103 0.24115128 0.24045148 0.23978121 0.23914005 0.23852757 0.2379433 0.2373868 0.23685756 0.2363551 0.2358789 0.23542843 0.23500312 0.23460242 0.23422573 0.23387244 0.23354193 0.23323356 0.23294665 0.23268054 0.23243455 0.23220797 0.23200011 0.23181027 0.23163775 0.23148189 0.23134204 0.23121759 0.231108 0.2310128 0.23093164 0.23086431 0.23081082 0.23077147 0.23074696 0.23073855 0.23074833 0.23077958 0.23083741 0.23092968 0.23106868 0.23127383 0.23157646 0.23202858 0.23271903 0.233805 0.23557555 0.23858477 0.24394265 0.25397189 0.2737171 0.31429714 0.39901953 0.56621678 0.83500716 1.1229846 1.3064111
0.24887838 0.24790785 0.24696945 0.24606292 0.24518793 0.24434419 0.24353137 0.24274913 0.24199713 0.24127499 0.24058236 0.23991883 0.23928403 0.23867752 0.2380989 0.23754771 0.23702351 0.23652582 0.23605417 0.23560805 0.23518695 0.23479033 0.23441767 0.23406839 0.23374193 0.23343771 0.23315515 0.23289366 0.23265265 0.23243155 0.23222982 0.23204692 0.23188239 0.2317358 0.23160684 0.23149531 0.23140117 0.23132462 0.23126618 0.23122675 0.23120787 0.23121187 0.23124226 0.23130428 0.23140563 0.23155784 0.23177824 0.23209335 0.23254453 0.23319783 0.23416155 0.23561853 0.23788769 0.24154463 0.24766595 0.25833549 0.27770051 0.31408972 0.38358175 0.51240917 0.72353949 0.98858175 1.2124953 1.3371171 1.3867324
0.24901538 0.24805549 0.24712723 0.24623032 0.24536449 0.24452944 0.24372487 0.24295048 0.24220594 0.24149091 0.24080504 0.240148 0.2395194 0.23891887 0.23834602 0.23780046 0.23728176 0.23678952 0.23632329 0.23588263 0.2354671 0.23507623 0.23470956 0.23436664 0.23404699 0.23375016 0.23347573 0.23322329 0.23299245 0.23278291 0.23259442 0.23242684 0.23228017 0.23215458 0.23205049 0.23196866 0.23191027 0.23187711 0.23187178 0.23189805 0.23196125 0.23206902 0.23223227 0.23246682 0.23279578 0.2332535 0.23389194 0.23479133 0.23607847 0.2379588 0.24077435 0.24511103 0.25200163 0.26331618 0.28251038 0.31599756 0.37528735 0.4786057 0.64539185 0.87157606 1.1022098 1.2684042 1.3551049 1.3902621 1.4019264
0.24926659 0.24831665 0.24739792 0.24651015 0.24565309 0.24482647 0.24403003 0.24326349 0.24252655 0.24181892 0.24114029 0.24049036 0.23986881 0.2392753 0.2387095 0.23817109 0.23765971 0.23717503 0.23671669 0.23628436 0.23587769 0.23549636 0.23514007 0.23480852 0.23450146 0.2342187 0.23396009 0.23372559 0.23351526 0.2333293 0.23316814 0.23303244 0.23292322 0.23284195 0.23279069 0.23277232 0.23279083 0.23285169 0.23296244 0.23313357 0.23337966 0.23372133 0.23418795 0.23482208 0.23568634 0.23687455 0.23853018 0.24087727 0.2442739 0.24930576 0.25695336 0.26889246 0.28802879 0.31940305 0.37150082 0.45727023 0.59169939 0.7794114 0.99394814 1.1810415 1.3035 1.3659779 1.3921784 1.4014752 1.4041712
0.24964971 0.24870975 0.24780072 0.2469224 0.24607457 0.24525702 0.24446952 0.24371182 0.2429837 0.24228491 0.24161521 0.24097436 0.2403621 0.23977821 0.23922243 0.23869453 0.2381943 0.23772151 0.23727599 0.23685756 0.2364661 0.23610152 0.23576379 0.23545298 0.23516922 0.23491281 0.23468418 0.23448399 0.23431317 0.23417302 0.23406527 0.23399228 0.23395718 0.23396418 0.23401887 0.23412873 0.23430385 0.23455787 0.23490941 0.23538418 0.23601807 0.23686181 0.23798825 0.2395036 0.2415655 0.24441218 0.24841063 0.25413719 0.26251382 0.27503874 0.29417048 0.32393282 0.37073081 0.4439722 0.55490558 0.71026969 0.89938931 1.0873429 1.2345048 1.3259307 1.3726719 1.3930825 1.4008149 1.4032719 1.4037774
0.2501869 0.2492579 0.24835974 0.24749224 0.24665526 0.24584861 0.24507214 0.24432569 0.24360909 0.24292219 0.24226484 0.24163692 0.24103828 0.24046884 0.2399285 0.2394172 0.23893494 0.23848173 0.23805765 0.23766286 0.23729761 0.23696224 0.23665725 0.23638333 0.23614137 0.23593257 0.23575848 0.23562112 0.2355231 0.23546781 0.23545963 0.23550427 0.23560914 0.235784 0.23604166 0.23639919 0.23687942 0.23751328 0.23834308 0.23942739 0.24084842 0.24272309 0.24522032 0.2485879 0.25319519 0.25960151 0.26866623 0.28172526 0.30086783 0.32934461 0.37208266 0.43605897 0.52968869 0.6594452 0.82230058 0.99831249 1.155723 1.2707424 1.3405342 1.3767738 1.3932935 1.3999575 1.4022681 1.4028446 1.4027889
