Interpolating SPI Data/spi_stations/interpolated_spi/3-19_1.tif
NCOLS 257
NROWS 141
XLLCORNER -178.27925
YLLCORNER 5.3153543
DX 0.49934803
DY 0.49997533
NODATA_VALUE -9999
[rows 112 to 139 of 141, columns 189 to 251 of 257]
0.02 0.02 0.02 0.02 0.02 0.02 0.02 0.02 0.02 0.020000002 0.020000019 0.020000139 0.020000944 0.020005614 0.020028491 0.020121809 0.020437044 0.021314382 0.0233016 0.026889893 0.031966132 0.037628773 0.042813281 0.04695193 0.05000559 0.052179629 0.053712969 0.054799233 0.055576649 0.056139171 0.056549724 0.056850512 0.057070117 0.05722814 0.057338212 0.057409941 0.057450176 0.057463852 0.057454548 0.057424867 0.057376698 0.057311391 0.057229867 0.057132677 0.057020004 0.056891596 0.05674662 0.056583445 0.056399561 0.05619284 0.055969689 0.05578296 0.055884876 0.057279652 0.063466406 0.084494628 0.13794646 0.21832037 0.26924187 0.26720617 0.2364508 0.19706979 0.15826719
0.02 0.02 0.02 0.02 0.02 0.02 0.02 0.02 0.020000001 0.020000006 0.020000032 0.020000181 0.020000957 0.020004637 0.020020021 0.020075907 0.020250937 0.02072131 0.021799088 0.023881287 0.027225571 0.031654701 0.036534287 0.041138864 0.04501871 0.04806136 0.050356346 0.052058766 0.053317338 0.05425097 0.054947666 0.055470418 0.055863792 0.056159305 0.056379374 0.056540079 0.056653062 0.056726837 0.05676768 0.056780255 0.05676804 0.056733632 0.056678957 0.056605405 0.056513915 0.056404991 0.056278669 0.056134409 0.055970973 0.055786605 0.055581059 0.055365893 0.055207165 0.055383043 0.056908344 0.063050613 0.082459422 0.12882964 0.19587226 0.23736558 0.23338114 0.20439923 0.16874644
0.019999999 0.019999999 0.02 0.02 0.02 0.02 0.02 0.020000001 0.020000003 0.020000013 0.020000056 0.020000248 0.020001063 0.020004303 0.020016027 0.020054118 0.020164192 0.020445573 0.021078859 0.022325526 0.024452665 0.027570692 0.031486856 0.03574088 0.039826801 0.043401283 0.046335987 0.048654369 0.050448954 0.051826322 0.052881782 0.05369196 0.054315393 0.054795742 0.055165257 0.055447729 0.055660764 0.05581746 0.055927627 0.055998661 0.05603617 0.056044426 0.05602669 0.055985437 0.055922516 0.055839246 0.055736457 0.055614471 0.05547304 0.055311326 0.055128375 0.054925994 0.054721264 0.054593602 0.054844692 0.056489662 0.062555224 0.080412828 0.12045479 0.17567705 0.20839707 0.20267059 0.17594338
0.019999996 0.019999998 0.019999999 0.02 0.02 0.02 0.020000001 0.020000002 0.020000008 0.020000026 0.020000095 0.020000348 0.020001253 0.020004338 0.020014152 0.020042883 0.020119537 0.020304793 0.020708534 0.021498306 0.022876697 0.025008602 0.027916062 0.03141451 0.035162287 0.038798421 0.042063771 0.044838431 0.047112137 0.048935329 0.050380496 0.051520195 0.052417622 0.053124182 0.05368023 0.054116873 0.054457902 0.054721472 0.05492146 0.055068508 0.05517081 0.055234705 0.055265111 0.05526585 0.055239879 0.055189461 0.055116265 0.055021422 0.054905528 0.054768621 0.054610279 0.054430436 0.054233188 0.054041538 0.053948199 0.054275176 0.056026302 0.061976191 0.078323489 0.11267813 0.15754374 0.18244127 0.17535792
0.019999992 0.019999996 0.019999998 0.019999999 0.02 0.02 0.020000002 0.020000006 0.020000017 0.020000051 0.020000158 0.020000494 0.020001532 0.020004636 0.020013448 0.020036897 0.020094859 0.020227102 0.020504308 0.021036064 0.021965463 0.023438168 0.025544084 0.028255484 0.031406233 0.034738225 0.037988539 0.040961528 0.043553825 0.045740238 0.047544842 0.049014886 0.050203588 0.051161047 0.051930537 0.052547731 0.053041281 0.053433881 0.053743378 0.053983779 0.054166075 0.05429891 0.054389094 0.054442004 0.054461888 0.054452087 0.054415204 0.054353206 0.054267486 0.054158887 0.054027724 0.053874021 0.05369871 0.053508452 0.053332522 0.053276527 0.053678717 0.055519013 0.061308752 0.076171572 0.10540506 0.14130842 0.15949741
0.019999982 0.01999999 0.019999994 0.019999997 0.019999999 0.020000001 0.020000005 0.020000014 0.020000036 0.020000094 0.020000255 0.020000699 0.020001915 0.020005161 0.020013493 0.020033835 0.020080653 0.020181604 0.020384598 0.020763825 0.02141967 0.022465676 0.02399834 0.026055702 0.028584673 0.031440762 0.034426226 0.037346017 0.040051576 0.042457084 0.044532513 0.046286319 0.047748112 0.04895588 0.049948236 0.050760498 0.051423161 0.051961697 0.052396964 0.052745854 0.053021963 0.053236202 0.053397328 0.053512365 0.053586951 0.053625609 0.05363195 0.053608826 0.053558435 0.053482385 0.053381728 0.053257048 0.053108852 0.052939215 0.052757635 0.052599901 0.052583665 0.05305847 0.05496722 0.060548874 0.073948464 0.09857887 0.12682957
0.019999963 0.019999978 0.019999987 0.019999992 0.019999997 0.020000002 0.020000011 0.020000028 0.020000068 0.020000164 0.020000399 0.020000982 0.020002421 0.020005903 0.020014089 0.020032585 0.020072442 0.020153876 0.020310899 0.020595623 0.021079563 0.021848173 0.022985306 0.024548269 0.026541234 0.028900613 0.031503271 0.034195945 0.036831593 0.039296492 0.041520666 0.043474277 0.045157034 0.046586696 0.047789834 0.04879563 0.049632278 0.050325213 0.050896477 0.051364704 0.051745403 0.052051368 0.052293093 0.05247916 0.052616576 0.052711055 0.052767244 0.052788905 0.052779048 0.052740031 0.052673615 0.05258103 0.05246312 0.052320931 0.052157831 0.051986417 0.051849044 0.051874063 0.052416585 0.054369551 0.059694293 0.071655541 0.092168771
0.019999929 0.019999955 0.019999972 0.019999983 0.019999993 0.020000004 0.020000021 0.020000054 0.020000122 0.020000272 0.020000606 0.020001363 0.02000307 0.020006871 0.020015139 0.020032573 0.020067952 0.020136668 0.020263857 0.020487423 0.020859497 0.02144419 0.022309465 0.023512497 0.025081294 0.026999321 0.029201159 0.031583153 0.034025336 0.036415292 0.038665183 0.040718402 0.042547556 0.044147804 0.045529174 0.046709957 0.047711915 0.048557214 0.049266699 0.049859068 0.050350603 0.05075522 0.051084663 0.051348765 0.051555719 0.051712326 0.051824214 0.051896023 0.051931556 0.051933892 0.051905471 0.051848159 0.051763326 0.051652081 0.051516073 0.051360125 0.051200128 0.051084839 0.051151427 0.051754279 0.053724324 0.058745093 0.069301862
0.01999987 0.019999915 0.019999944 0.019999965 0.019999984 0.020000006 0.020000038 0.020000095 0.020000206 0.02000043 0.020000893 0.020001862 0.020003887 0.020008079 0.020016599 0.02003349 0.020065946 0.020126094 0.020233155 0.020415583 0.020712323 0.021171946 0.021848276 0.02279176 0.024037426 0.025592606 0.027429226 0.029484778 0.031672649 0.033898124 0.036074194 0.038132402 0.040027066 0.041734049 0.043246438 0.044569341 0.045715174 0.046700025 0.047541152 0.048255428 0.048858488 0.04936433 0.049785215 0.050131717 0.050412865 0.050636311 0.05080851 0.050934879 0.05101994 0.051067441 0.051080451 0.051061428 0.051012292 0.050934529 0.050829523 0.050699605 0.050551205 0.050403619 0.050311561 0.050418649 0.05107196 0.053029933 0.057703706
0.019999774 0.019999846 0.019999895 0.019999933 0.019999968 0.020000008 0.020000064 0.020000159 0.020000329 0.020000653 0.020001278 0.020002502 0.020004896 0.020009546 0.02001845 0.020035157 0.020065717 0.020119951 0.020212992 0.020366802 0.020611175 0.020983458 0.021526121 0.022281569 0.023284358 0.024552262 0.026078862 0.027830652 0.029750384 0.031765985 0.033802103 0.035790664 0.03767785 0.039426771 0.04101664 0.042439882 0.043698554 0.044800968 0.045758954 0.046585868 0.047295263 0.047900082 0.048412216 0.048842322 0.049199777 0.049492738 0.049728231 0.049912269 0.050049967 0.050145645 0.050202922 0.050224786 0.050213662 0.050171481 0.05009983 0.050000397 0.049876276 0.04973563 0.049601151 0.049532779 0.049677785 0.050369372 0.052285071
0.019999624 0.019999735 0.019999815 0.019999879 0.019999939 0.020000007 0.020000101 0.020000249 0.020000502 0.020000955 0.020001781 0.020003305 0.020006119 0.02001129 0.020020684 0.020037471 0.020066836 0.020116924 0.020199944 0.020333264 0.020540182 0.020849885 0.021296059 0.021913679 0.022733949 0.023778024 0.025050964 0.026537843 0.02820362 0.029997224 0.031858804 0.033728001 0.035551041 0.037285267 0.03890082 0.04038003 0.041715428 0.042907236 0.043960931 0.044885188 0.045690314 0.046387145 0.046986324 0.047497869 0.047930948 0.048293784 0.048593649 0.048836907 0.049029076 0.04917491 0.049278466 0.049343176 0.049371899 0.049366983 0.049330343 0.049263664 0.049168971 0.049050209 0.048917351 0.048796336 0.048751306 0.048930076 0.049645717
0.019999397 0.019999563 0.019999689 0.019999792 0.019999889 0.02 0.020000147 0.02000037 0.020000733 0.020001349 0.020002417 0.020004289 0.020007576 0.020013328 0.020023302 0.020040363 0.020069032 0.020116194 0.020191902 0.020310185 0.020489623 0.020753403 0.021128482 0.021643558 0.022325714 0.023196057 0.024265088 0.025529014 0.026968181 0.02854837 0.030224795 0.031947786 0.033668685 0.035344652 0.03694162 0.03843534 0.0398109 0.041061327 0.042185789 0.043187822 0.044073781 0.044851614 0.045529968 0.04611756 0.046622783 0.047053467 0.047416759 0.047719079 0.047966126 0.048162904 0.048313773 0.048422489 0.048492259 0.048525777 0.048525284 0.048492664 0.048429708 0.048338825 0.048224883 0.048099685 0.047992101 0.04796918 0.048175987
0.019999066 0.019999308 0.019999496 0.019999656 0.019999809 0.01999998 0.020000203 0.020000526 0.02000103 0.020001847 0.020003201 0.02000547 0.020009283 0.020015672 0.020026301 0.020043787 0.020072124 0.020117223 0.020187511 0.020294525 0.020453346 0.020682677 0.021004325 0.021441868 0.022018399 0.022753466 0.02365964 0.024739393 0.02598315 0.027369143 0.028865303 0.030432796 0.032030383 0.033618615 0.0351631 0.036636439 0.03801886 0.039297834 0.040467049 0.041525114 0.042474246 0.043319099 0.044065814 0.044721285 0.045292642 0.04578689 0.046210683 0.046570192 0.046871043 0.047118293 0.047316435 0.047469422 0.047580695 0.047653208 0.04768947 0.047691599 0.047661444 0.047600924 0.047512879 0.047403149 0.04728531 0.047190678 0.047187679
0.019998597 0.01999894 0.019999214 0.019999451 0.019999681 0.019999937 0.020000261 0.020000716 0.020001396 0.020002456 0.020004144 0.02000686 0.020011249 0.020018327 0.020029677 0.020047705 0.02007598 0.020119643 0.020185865 0.020284282 0.020427325 0.020630297 0.020911032 0.021288998 0.021783741 0.022412727 0.023188799 0.024117691 0.025196142 0.02641112 0.027740471 0.02915493 0.030621078 0.032104637 0.033573454 0.034999728 0.036361277 0.037641916 0.038831135 0.039923332 0.040916862 0.041813054 0.042615319 0.043328411 0.043957839 0.044509429 0.044989016 0.045402238 0.045754398 0.046050396 0.046294688 0.046491275 0.046643711 0.046755109 0.046828169 0.046865201 0.046868194 0.046838976 0.046779618 0.046693435 0.046587257 0.04647628 0.046393612
0.019997951 0.019998425 0.019998812 0.019999154 0.019999488 0.019999856 0.020000313 0.020000934 0.020001831 0.020003178 0.020005248 0.020008463 0.020013477 0.020021292 0.020033418 0.020052081 0.020080498 0.020123191 0.020186335 0.020278091 0.020408847 0.020591282 0.020840141 0.021171602 0.021602188 0.022147214 0.022818908 0.023624477 0.024564451 0.025631711 0.026811462 0.02808225 0.02941784 0.030789617 0.032169045 0.033529787 0.034849225 0.036109296 0.037296696 0.038402608 0.039422127 0.040353535 0.04119757 0.041956735 0.042634723 0.043235946 0.043765168 0.044227249 0.044626953 0.044968824 0.045257108 0.04549571 0.04568817 0.045837654 0.04594696 0.04601853 0.046054477 0.046056669 0.046026925 0.045967504 0.045882229 0.045778892 0.04567405
0.019997083 0.019997721 0.019998255 0.019998733 0.019999203 0.019999718 0.020000343 0.020001169 0.020002327 0.020004009 0.020006511 0.020010274 0.020015962 0.020024559 0.020037507 0.020056879 0.020085592 0.020127663 0.020188467 0.020274994 0.020396028 0.0205622 0.020785821 0.021080435 0.021460032 0.021937918 0.022525317 0.023229877 0.02405429 0.024995321 0.026043462 0.027183335 0.028394813 0.029654673 0.03093849 0.03222246 0.033484909 0.034707332 0.035874935 0.03697674 0.038005346 0.038956488 0.039828488 0.040621693 0.041337944 0.041980121 0.042551766 0.043056783 0.043499219 0.043883096 0.044212297 0.044490492 0.044721083 0.044907185 0.045051601 0.045156826 0.045225052 0.045258207 0.04525805 0.045226417 0.045165784 0.045080495 0.044979216
0.01999594 0.019996783 0.019997501 0.019998152 0.019998796 0.019999495 0.02000033 0.020001406 0.02000287 0.020004937 0.020007922 0.020012282 0.020018688 0.020028107 0.020041918 0.020062055 0.020091184 0.020132896 0.020191915 0.020274288 0.020387522 0.020540621 0.020743962 0.021008966 0.021347521 0.02177114 0.022289921 0.022911381 0.023639347 0.024473067 0.025406739 0.026429565 0.027526368 0.028678675 0.029866107 0.031067853 0.032264015 0.033436676 0.034570615 0.035653656 0.036676699 0.037633526 0.038520448 0.039335887 0.040079934 0.040753945 0.041360176 0.041901481 0.042381067 0.042802305 0.043168589 0.043483232 0.043749395 0.043970034 0.044147873 0.044285381 0.044384767 0.044447991 0.04447681 0.044472893 0.044438121 0.044375211 0.04428901
0.019994464 0.019995556 0.019996501 0.019997369 0.019998228 0.019999156 0.020000245 0.020001618 0.020003438 0.020005941 0.020009459 0.020014464 0.020021631 0.020031907 0.020046613 0.020067561 0.020097196 0.02013875 0.020196408 0.020275447 0.02038234 0.020524785 0.020711604 0.020952498 0.021257609 0.021636896 0.022099333 0.022652021 0.023299281 0.024041898 0.024876621 0.025796031 0.026788835 0.027840547 0.028934473 0.03005284 0.031177929 0.032293066 0.033383383 0.034436297 0.035441735 0.036392129 0.037282242 0.038108894 0.038870633 0.039567393 0.04020017 0.04077074 0.041281411 0.041734822 0.042133784 0.042481163 0.042779781 0.043032353 0.043241439 0.04340941 0.04353843 0.043630445 0.043687203 0.043710307 0.043701366 0.043662326 0.043596157
0.019992591 0.019993982 0.019995202 0.019996333 0.019997455 0.019998659 0.020000052 0.020001772 0.020004001 0.020006991 0.020011091 0.020016788 0.020024754 0.020035919 0.020051547 0.020073339 0.020103547 0.020145098 0.020201721 0.020278056 0.020379733 0.020513384 0.02068657 0.020907585 0.021185126 0.021527812 0.021943573 0.022438954 0.023018394 0.023683583 0.024432993 0.025261659 0.026161275 0.0271206 0.028126126 0.029162931 0.030215578 0.031268987 0.03230915 0.033323678 0.034302122 0.035236113 0.036119328 0.036947352 0.037717446 0.038428294 0.039079733 0.039672497 0.040207989 0.04068808 0.041114947 0.04149094 0.041818475 0.042099954 0.042337706 0.042533937 0.042690705 0.042809896 0.04289322 0.042942234 0.042958412 0.042943326 0.042899007
0.019990252 0.019991995 0.019993542 0.019994988 0.019996425 0.019997957 0.019999707 0.020001827 0.020004517 0.020008046 0.020012779 0.02001921 0.020028012 0.020040092 0.020056663 0.020079323 0.020110154 0.020151818 0.020207659 0.020281782 0.020379118 0.020505424 0.020667224 0.020871657 0.021126216 0.021438376 0.021815123 0.022262402 0.022784548 0.023383746 0.024059608 0.024808931 0.025625669 0.026501165 0.027424588 0.028383552 0.029364822 0.030355032 0.031341338 0.032311945 0.033256489 0.034166256 0.035034261 0.035855206 0.036625353 0.03734235 0.038005014 0.038613127 0.039167228 0.039668428 0.04011825 0.040518495 0.040871126 0.041178182 0.041441703 0.041663683 0.041846018 0.041990487 0.042098726 0.042172234 0.042212402 0.042220602 0.042198385
0.019987369 0.019989523 0.019991455 0.019993271 0.019995078 0.019996994 0.019999155 0.020001731 0.020004937 0.020009058 0.02001447 0.020021677 0.020031347 0.020044365 0.020061894 0.020085438 0.020116928 0.020158794 0.020214047 0.020286344 0.020380027 0.020500128 0.020652313 0.020842761 0.02107796 0.02136441 0.021708258 0.022114859 0.022588319 0.023131051 0.023743408 0.024423432 0.025166776 0.025966807 0.026814893 0.027700835 0.028613411 0.029540953 0.030471906 0.031395323 0.032301244 0.03318097 0.034027203 0.034834089 0.03559717 0.03631328 0.036980389 0.037597448 0.038164207 0.03868106 0.03914889 0.03956894 0.039942701 0.040271813 0.040557996 0.040802984 0.041008474 0.041176095 0.041307374 0.041403731 0.041466476 0.041496859 0.04149617
0.019983864 0.01998649 0.019988866 0.019991112 0.019993349 0.019995707 0.019998337 0.020001425 0.020005201 0.020009964 0.020016102 0.020024123 0.020034691 0.020048666 0.020067163 0.020091601 0.020123773 0.020165906 0.020220723 0.020291497 0.020382074 0.020496876 0.020640854 0.020819386 0.021038112 0.021302705 0.021618572 0.021990512 0.022422343 0.022916537 0.023473906 0.02409337 0.024771844 0.025504268 0.026283787 0.027102048 0.027949608 0.028816387 0.029692142 0.030566895 0.031431301 0.032276931 0.033096456 0.03388374 0.034633858 0.035343045 0.036008609 0.036628801 0.037202689 0.037730012 0.038211055 0.038646519 0.039037421 0.039384995 0.039690613 0.039955725 0.040181798 0.040370277 0.040522551 0.040639931 0.040723642 0.040774834 0.040794638
0.019979652 0.019982813 0.019985698 0.019988436 0.019991163 0.019994023 0.019997182 0.020000839 0.02000524 0.020010696 0.020017604 0.020026475 0.020037965 0.020052913 0.020072384 0.02009772 0.020130588 0.020173034 0.020227533 0.020297024 0.020384932 0.020495163 0.020632064 0.020800341 0.021004919 0.021250763 0.021542635 0.021884821 0.022280828 0.022733085 0.023242674 0.023809121 0.024430274 0.02510229 0.025819733 0.026575784 0.027362534 0.028171345 0.028993226 0.029819208 0.030640677 0.031449647 0.032238964 0.033002431 0.03373487 0.034432121 0.035090995 0.035709193 0.036285207 0.036818209 0.03730794 0.037754599 0.038158744 0.038521207 0.038843008 0.039125296 0.039369287 0.039576222 0.039747325 0.039883778 0.039986701 0.04005715 0.040096137
0.019974643 0.019978407 0.019981865 0.01998516 0.019988441 0.019991865 0.019995613 0.019999898 0.020004977 0.020011174 0.020018894 0.020028648 0.020041083 0.020057014 0.020077463 0.020103694 0.020137264 0.020180057 0.020234327 0.020302725 0.020388315 0.020494563 0.020625305 0.020784673 0.02097699 0.021206613 0.021477743 0.021794201 0.022159184 0.022575014 0.023042915 0.023562827 0.024133284 0.024751376 0.025412797 0.026111986 0.026842341 0.027596492 0.028366608 0.029144708 0.029922956 0.030693912 0.031450742 0.032187354 0.032898494 0.033579776 0.034227671 0.034839467 0.035413197 0.035947556 0.03644181 0.036895703 0.037309372 0.03768326 0.038018043 0.038314566 0.038573787 0.038796725 0.038984424 0.039137917 0.039258205 0.039346241 0.039402937
0.019968746 0.01997318 0.019977279 0.019981197 0.019985097 0.019989148 0.019993546 0.019998514 0.020004325 0.020011311 0.020019881 0.020030548 0.020043947 0.02006087 0.020082295 0.020109416 0.020143687 0.020186847 0.020240957 0.020308415 0.020391971 0.020494714 0.020620043 0.020771606 0.020953207 0.021168682 0.021421744 0.021715799 0.022053742 0.022437758 0.022869127 0.023348063 0.023873603 0.024443549 0.025054492 0.025701895 0.026380253 0.0270833 0.027804247 0.028536045 0.029271634 0.030004175 0.030727241 0.031434969 0.03212216 0.032784344 0.03341779 0.034019496 0.034587145 0.035119049 0.035614074 0.036071569 0.036491287 0.036873313 0.037217996 0.037525886 0.037797678 0.038034169 0.038236209 0.038404672 0.038540425 0.038644311 0.038717139
0.019961864 0.019967038 0.019971846 0.019976455 0.019981038 0.01998578 0.019990887 0.019996597 0.020003191 0.020011009 0.020020467 0.020032073 0.020046454 0.020064374 0.02008677 0.020114772 0.020149738 0.020193278 0.020247277 0.020313916 0.020395668 0.020495299 0.020615832 0.020760496 0.020932654 0.021135695 0.021372904 0.021647315 0.021961546 0.022317625 0.022716832 0.023159559 0.023645205 0.024172119 0.024737596 0.025337934 0.025968541 0.026624096 0.027298733 0.027986258 0.028680359 0.029374805 0.030063631 0.030741279 0.031402708 0.032043472 0.032659752 0.033248365 0.033806745 0.034332908 0.034825397 0.035283224 0.035705809 0.036092916 0.036444588 0.036761098 0.037042888 0.037290529 0.037504677 0.037686039 0.037835341 0.037953306 0.03804064
0.019953899 0.019959883 0.019965468 0.019970835 0.019976167 0.019981663 0.019987539 0.019994045 0.020001472 0.020010167 0.020020546 0.020033117 0.020048491 0.020067411 0.020090771 0.020119642 0.020155293 0.020199216 0.020253143 0.020319057 0.020399194 0.020496037 0.020612282 0.020750802 0.020914577 0.021106607 0.021329808 0.021586884 0.021880194 0.022211607 0.022582367 0.022992974 0.023443088 0.023931473 0.024455981 0.025013583 0.025600446 0.026212052 0.026843342 0.02748889 0.028143082 0.028800285 0.029455013 0.03010206 0.030736614 0.031354335 0.031951405 0.032524553 0.033071052 0.033588703 0.034075797 0.034531073 0.034953666 0.035343058 0.03569902 0.036021566 0.0363109 0.036567377 0.03679146 0.036983687 0.037144637 0.037274911 0.037375105
0.01994475 0.019951614 0.019958046 0.019964237 0.019970384 0.019976696 0.0199834 0.019990756 0.019999063 0.020008673 0.020020006 0.020033562 0.020049941 0.020069861 0.020094177 0.020123901 0.020160223 0.020204528 0.020258408 0.020323673 0.02040235 0.020496672 0.020609055 0.020742061 0.020898338 0.021080551 0.021291292 0.021532974 0.021807719 0.022117238 0.022462719 0.022844719 0.023263086 0.023716899 0.024204447 0.024723247 0.025270092 0.025841142 0.026432036 0.027038034 0.027654156 0.028275339 0.028896574 0.029513031 0.030120168 0.030713811 0.031290214 0.031846091 0.032378629 0.032885486 0.033364766 0.033814992 0.034235068 0.034624233 0.03498202 0.03530821 0.035602789 0.035865907 0.036097841 0.036298963 0.036469707 0.036610545 0.036721964
