Interpolating SPI Data/spi_stations/interpolated_spi/3-19_3.tif
NCOLS 257
NROWS 141
XLLCORNER -178.27925
YLLCORNER 5.3153543
DX 0.49934803
DY 0.49997533
NODATA_VALUE -9999
[rows 84 to 111 of 141, columns 128 to 191 of 257]
0.86 0.86 0.86000039 0.96 0.96 0.96 0.96 0.96 0.96 0.96 0.41000006 0.41 0.41 0.41 -0.09 -0.09 -0.09 -0.13 -0.13709574 -0.55 -0.55 -0.55 -0.55 -1.2570552e-21 -2.6352271e-38 -5.3216654e-24 -0.55 -0.55 -0.55 -0.55 -0.15693402 -0.08 -0.59979764 0.13999999 0.14 0.14 0.13999998 0.02 0.02 0.57 0.57 0.57 0.61 0.61 1.12 1.12 1.12 0.77 0.77006469 0.4003929 0.48 0.48 0.63 0.63 0.63 0.80000023 0.8 0.8 -0.62999924 -0.63 0.79 -1.1299068 -0.070032819 -1.1899974
0.86 0.86 0.86000032 0.96 0.96 0.96 0.96 0.96 0.96000177 0.99990368 0.84812523 0.41 0.41 -0.35819973 -0.09 -0.09 -0.09 -0.12999771 -0.55 -0.55 -0.55 -0.55 -0.55 -5.4857513e-09 -8.1063794e-18 -0.00019338968 -0.55 -0.55 -0.55 -0.55 -0.55 -0.6 -0.6 -0.6 -0.6 -0.55187665 0.13982831 -0.346618 -0.34846465 0.56995268 0.52684356 -0.17999988 0.61 0.61 1.1199937 1.12 0.77 0.77 0.4 0.4 0.48 0.48 0.48352653 0.63 0.62965253 0.53415466 -0.45 -0.45 -0.63 -0.63 -0.63 -1.13 -1.13 -1.59
0.86 0.86 0.86002304 0.96 0.96 0.96 1 1 1 1 1 -0.35999458 -0.36 -0.36 -0.36 -0.36 -0.093723378 -0.090259849 -0.55 -0.55 -0.55 -0.55 -0.55 -0.081110742 -6.2207949e-07 -0.54999183 -0.55 -0.55 -0.55 -0.55 -0.56984922 -0.6 -0.6 -0.6 -0.6 -0.6 -0.35 -0.35 -0.35 -0.34973152 -0.18 -0.18 0.59 0.59 0.42028389 0.42 0.42 0.77 0.4 0.4 0.40000001 0.48 0.47782661 -0.96 -0.96 -0.96 -0.45 -0.45 -0.63 -0.63 -0.63000005 -1.13 -1.13 -1.59
0.86 0.86 0.8606858 0.96 0.96 0.98293213 1 1 1 1 1 -0.36 -0.36 -0.36 -0.36 -0.36 -0.36 -0.35997099 -0.54999985 -0.54965589 -0.39005262 -0.39 -0.39 -0.39 -0.38999317 -0.55009666 -0.55002053 -0.55001193 -0.55007506 -0.55230579 -0.6 -0.6 -0.6 -0.6 -0.6 -0.6 -0.35 -0.35 -0.35 -0.35 -0.18 -0.18 0.58999993 0.59 0.58972856 0.42 -0.64 -0.64 -0.85 -0.85 -0.41 -0.41 -0.41000013 -0.96 -0.96 -1.1835037 -1.1999997 -0.45 -0.99999371 -1 -1 -1.17 -1.17 -1.2488989
0.86 0.86 0.86436063 0.96 0.96000154 1 1 1 1 1 1 -0.35999995 -0.36 -0.36 -0.36 -0.36 -0.36 -0.36000015 -0.39 -0.39 -0.39 -0.39 -0.39 -0.39 -0.39 -0.88 -0.88 -0.88 -0.88 -0.88 -0.87999979 -0.6 -0.6 -0.6 -0.6 -0.59999972 -0.35 -0.35 -0.35 -0.35 -0.21 -0.21 -0.21 -0.74 -0.74 -0.69984966 -0.64 -0.64 -0.85 -0.85 -0.41 -0.41 -0.41000012 -1.1497887 -1.2 -1.2 -1.2 -1.7596098 -1 -1 -1 -1.17 -1.17 -1.1700016
0.86 0.86 0.87141239 0.96000025 0.99944562 1 1 1 1 1 1 -0.35998376 -0.36 -0.36 -0.36 -0.36 -0.36 -0.38996977 -0.39 -0.39 -0.39 -0.39 -0.39 -0.39 -0.39 -0.88 -0.88 -0.88 -0.88 -0.88 -0.88 -0.72125489 -0.6 -0.6 -0.6 -0.45737533 -0.35 -0.35 -0.35 -0.35 -0.21 -0.21 -0.21 -0.74 -0.74 -0.74 -0.64415444 -1.13 -0.85 -0.85 -0.9 -0.89754663 -1.38 -1.38 -1.2 -1.2 -1.4026559 -1.76 -1.6266321 -1 -1 -1.17 -1.17 -1.17
0.86 0.86000048 0.87912169 0.96572879 0.99999944 1 1 1 1 1 1 -0.35895713 -0.36 -0.36 -0.36 -0.36 -0.36000001 -0.39 -0.39 -0.39 -0.39 -0.39 -0.39 -0.39 -0.39 -0.88 -0.88 -0.88 -0.88 -0.88 -0.88 -0.87777963 -0.75 -0.75 -0.75 -0.38066582 -0.33 -0.33000001 -0.34563445 -0.34999938 -0.93602557 -0.95 -0.95 -0.95 -0.74000001 -1.18 -1.13 -1.13 -1.13 -0.9 -0.9 -0.9 -1.38 -1.38 -1.38 -1.2000209 -1.76 -1.76 -1.76 -1.0000111 -1 -1.17 -1.0999598 -0.72
0.86000001 0.86001123 0.88616545 0.99921009 0.99999997 1 1 1 1 1 0.99999991 -0.34505554 -0.36 -0.36 -0.36 -0.36 -0.3731914 -0.39 -0.39 -0.39 -0.39 -0.39 -0.39 -0.39 -0.39000035 -0.88 -0.88 -0.88 -0.88 -0.88 -0.88 -0.75 -0.75 -0.75 -0.75 -0.54196305 -0.33 -0.33 -0.33 -0.33 -0.95 -0.95 -0.95 -0.95 -1.18 -1.18 -1.18 -0.85024339 -0.85 -0.85625597 -0.9 -0.9 -1.38 -1.38 -1.38 -1.76 -1.76 -1.76 -1.76 -1.76 -1.0000925 -0.72000001 -0.72 -0.72
0.86000035 0.86009228 0.92477057 0.99996843 0.99999999 1 1 1 1 1 0.99999612 -0.28373422 -0.35999998 -0.36 -0.36 -0.36000024 -0.38999615 -0.39 -0.39 -0.39 -0.39 -0.39 -0.39 -0.39 -0.39006075 -0.88 -0.88 -0.88 -0.88 -0.88 -0.87844238 -0.75 -0.75 -0.75 -0.75 -0.74638395 -0.33 -0.33 -0.33 -0.33 -0.94999959 -0.95 -0.95 -0.95 -1.18 -1.18 -1.18 -0.85 -0.85 -0.85 -0.89999939 -0.90000001 -1.38 -1.38 -1.38 -1.76 -1.76 -1.76 -1.76 -1.76 -1.0243583 -0.72 -0.72 -0.72
0.86000438 0.86052618 0.98963977 0.99999462 0.99999999 1 1 1 1 1 0.99994674 -0.16006831 -0.35999774 -0.36 -0.36 -0.36178508 -0.38999998 -0.39 -0.39 -0.39 -0.39 -0.39 -0.39 -0.39 -0.39293414 -0.88 -0.88 -0.88 -0.87999347 -0.78 -0.78 -0.75000022 -0.75 -0.75 -0.75 -0.74995637 -0.33 -0.33 -0.33 -0.33 -0.33039563 -0.95 -0.95 -0.95060176 -1.18 -1.18 -1.1129642 -0.85 -0.85 -0.85 -0.85000001 -0.90000279 -1.3799251 -1.38 -1.3800001 -1.7599998 -1.76 -1.76 -1.76 -1.76 -0.7208945 -0.72 -0.72 -0.60034562
0.86003139 0.86540105 0.99842638 0.99999778 0.99999999 1 1 1 1 0.99999995 0.99964917 -0.011517182 -0.35994804 -0.35999999 -0.36000451 -0.38869812 -0.39 -0.39 -0.39 -0.39 -0.39 -0.39 -0.39 -0.39 -0.42515055 -0.87999941 -0.8779071 -0.78000107 -0.78 -0.78 -0.78 -0.78 -0.75000061 -0.75 -0.75 -0.74995769 -0.33 -0.33 -0.33 -0.33 -0.33000001 -0.94999991 -0.95 -1.1274474 -1.18 -1.18 -0.8506308 -0.85 -0.85 -0.85 -0.85 -0.85104574 -1.3742035 -1.3799998 -1.3800487 -1.7599965 -1.76 -1.76 -1.76 -1.76 -0.71999699 -0.69646613 -0.60000014 -0.6
0.86022853 0.9006652 0.99955083 0.99999844 0.99999998 1 1 1 1 0.99999889 0.99859065 0.12068756 -0.35951452 -0.35999968 -0.3611127 -0.38996777 -0.39 -0.39 -0.39 -0.39 -0.39 -0.39 -0.39 -0.39000001 -0.5404437 -0.78020335 -0.78 -0.78 -0.78 -0.78 -0.78 -0.78 -0.78 -0.75124674 -0.75 -0.74976232 -0.33 -0.33 -0.33 -0.33 -0.33 -0.9221082 -0.95001041 -1.1746191 -1.18 -1.1799499 -0.85015003 -0.85 -0.85 -0.85 -0.85 -0.85000209 -1.2867307 -1.3799723 -1.3822716 -1.7599701 -1.76 -1.76 -1.76 -1.7599477 -0.60262621 -0.59886523 -0.59928068 -0.59775783
0.86188333 0.95875258 0.99979661 0.99999849 0.99999997 1 1 1 0.99999995 0.99998866 0.99597089 0.22234344 -0.35751802 -0.36002433 -0.37947825 -0.3899969 -0.39 -0.39 -0.39 -0.39 -0.39 -0.39 -0.39 -0.39003801 -0.77998889 -0.78 -0.78 -0.78 -0.78 -0.78 -0.78 -0.78 -0.78 -0.30768456 0.47999966 0.47809673 -0.32999994 -0.33 -0.33 -0.33 -0.33 -0.34464874 -0.95132697 -1.1776361 -1.1799981 -1.1698717 -0.85017227 -0.85 -0.85 -0.85 -0.85 -0.85000017 -0.86419501 -1.3791893 -1.4006534 -1.7598578 -1.76 -1.76 -1.7599999 -0.36253844 0.14570814 0.15974996 0.15999994 0.16
0.87120264 0.98552148 0.99987407 0.99999822 0.99999994 1 1 0.99999999 0.99999927 0.9999326 0.99094033 0.29598837 -0.35162879 -0.36114202 -0.3889479 -0.38999925 -0.39 -0.39 -0.39 -0.39 -0.39 -0.39 -0.39000089 -0.71944492 -0.78 -0.78 -0.78 -0.78 -0.78 -0.78 -0.78 -0.7799938 0.48 0.48 0.48 0.48 0.47999997 -0.32810636 -0.33 -0.33 -0.33 -0.33044731 -0.96366201 -1.1780354 -1.1797873 -1.072956 -0.85029012 -0.85000012 -0.85 -0.85 -0.85 -0.85000009 -0.85064456 -1.3377784 -1.4504804 -1.7595467 -1.7599998 -1.7599999 -1.681927 0.15971569 0.15999547 0.16 0.16 0.16
0.89855293 0.99391035 0.99990366 0.99999767 0.99999988 0.99999999 0.99999999 0.99999983 0.99999437 0.99972811 0.98287981 0.34833575 -0.33915614 -0.37127197 -0.38983364 -0.38999967 -0.39 -0.39 -0.39 -0.39 -0.39 -0.39000017 -0.40018137 -0.77997669 -0.77999993 -0.77999998 -0.77999999 -0.77999999 -0.77999992 -0.7796234 0.47999968 0.48 0.48 0.48 0.48 0.48 0.48 0.47999998 0.066227282 -0.32999367 -0.33 -0.33007864 -0.81540261 -1.177822 -1.1760261 -0.95779911 -0.85051602 -0.85000175 -0.85000001 -0.85 -0.85 -0.8500001 -0.85012189 -1.0054993 -1.5117978 -1.7589032 -1.7599975 -1.7513916 0.15922499 0.16020122 0.1601199 0.16009016 0.1601632 0.16571169
0.93629212 0.99681717 0.99991491 0.99999677 0.99999976 0.99999997 0.9999999 0.99999863 0.99997106 0.99917413 0.97155688 0.38514194 -0.32088188 -0.38438565 -0.38995414 -0.38999978 -0.39 -0.39 -0.39 -0.39 -0.39000011 -0.39045401 -0.76747919 -0.77997399 -0.77996981 -0.77993986 -0.77966561 -0.76665899 0.42055934 0.47999998 0.48 0.48 0.48 0.48 0.48 0.48 0.48 0.48 0.47999988 0.43946634 -0.32794543 -0.33003185 -0.48388967 -1.1765543 -1.155584 -0.90877866 -0.8508837 -0.85001168 -0.85000025 -0.85000001 -0.85 -0.85000016 -0.85005302 -0.87365617 -1.532523 -1.7578049 -1.7568743 0.098937213 0.18353958 0.20662359 0.31505952 0.68685391 0.78951254 0.79
0.96424772 0.99801146 0.99991713 0.99999539 0.99999955 0.99999986 0.99999932 0.99999258 0.99989074 0.99797154 0.95711107 0.40823219 -0.31360385 -0.38840709 -0.3899809 -0.38999982 -0.39 -0.39 -0.39 -0.39000013 -0.39007874 -0.52082515 -0.77869574 -0.77758211 -0.77202031 -0.72074574 -0.016740688 0.47734641 0.4799998 0.48 0.48 0.48 0.48 0.48 0.48 0.48 0.48 0.48 0.48 0.47999915 0.46905545 -0.27369939 -0.38267916 -1.170099 -1.1086933 -0.89006386 -0.85142537 -0.85004772 -0.85000218 -0.85000017 -0.85000003 -0.85000033 -0.85003738 -0.85608894 -1.4042524 -1.7534733 -0.36589002 0.3918991 0.5497714 0.70663726 0.7645928 0.77796882 0.78486177 0.78848462
0.97945004 0.99857562 0.99991373 0.99999335 0.99999912 0.99999936 0.99999653 0.99997009 0.99967446 0.9957625 0.939818 0.40793832 -0.33487607 -0.38937341 -0.38998922 -0.38999982 -0.39 -0.39 -0.3900002 -0.39003157 -0.4037708 -0.75723369 -0.74349901 -0.65659221 -0.24000662 0.39249543 0.4787134 0.47999774 0.48 0.48 0.48 0.48 0.48 0.48 0.48 0.48 0.48 0.48 0.48 0.48 0.47999491 0.47353421 -0.063762858 -1.1440725 -1.0517428 -0.88216049 -0.85216505 -0.85014052 -0.85001132 -0.85000131 -0.85000026 -0.85000073 -0.850035 -0.85261236 -1.163277 -0.54078678 0.32856167 0.29108782 0.23935292 0.19386309 0.1682482 0.16076636 0.1600116 0.16
0.98718262 0.99886883 0.99990604 0.99999037 0.99999812 0.99999735 0.99998631 0.99990414 0.99919299 0.99218389 0.91927524 0.35273107 -0.35888758 -0.38965861 -0.38999234 -0.38999979 -0.39000001 -0.39000036 -0.39002039 -0.39254418 -0.60546367 -0.59331551 -0.30978192 0.1856538 0.44489009 0.47862723 0.47998466 0.47999997 0.48 0.48 0.48 0.48 0.48 0.48 0.48 0.48 0.48 0.48 0.48 0.48 0.47999998 0.47997758 0.47408984 -0.88662716 -1.004888 -0.87867728 -0.85311623 -0.85032951 -0.8500406 -0.85000647 -0.85000151 -0.85000179 -0.8500389 -0.85160662 -0.56193973 0.19226519 0.17590215 0.16581357 0.16141997 0.16018854 0.16000949 0.16000009 0.16 0.16
0.99125625 0.99902902 0.99989442 0.99998591 0.99999556 0.99999064 0.99995611 0.99974398 0.99826845 0.98686954 0.89219514 0.21313904 -0.37218658 -0.38976014 -0.38999346 -0.38999979 -0.39000063 -0.39001637 -0.39072746 -0.42639009 -0.3310788 0.013582264 0.33070983 0.45615761 0.47810449 0.47993213 0.47999909 0.48 0.48 0.48 0.48 0.48 0.48 0.48 0.48 0.48 0.48 0.48 0.48 0.48 0.48 0.47999967 0.47992225 0.42356864 -0.96888485 -0.87731353 -0.85428198 -0.85065566 -0.85011211 -0.85002317 -0.85000633 -0.85000475 -0.85004825 -0.84722148 0.16575005 0.16405793 0.16131429 0.1602962 0.16003982 0.16000251 0.16000005 0.16 0.16 0.16
0.99353655 0.99911598 0.99987864 0.99997884 0.99998894 0.99997174 0.99988114 0.99940916 0.99668186 0.97926194 0.84862563 0.028820094 -0.37872624 -0.3897981 -0.38999361 -0.39000069 -0.3900129 -0.39018714 -0.38510571 -0.11666987 0.18627136 0.38095653 0.45884978 0.47719267 0.47978249 0.47999108 0.47999982 0.48 0.48 0.48 0.48 0.48 0.48 0.48 0.48 0.48 0.48 0.48 0.48 0.48 0.48 0.47999998 0.47999714 0.47896223 -0.64145062 -0.87702339 -0.85565636 -0.85115471 -0.85025552 -0.85006521 -0.85002054 -0.85001254 -0.84998488 -0.26300015 0.16183942 0.16061512 0.16015098 0.16002474 0.16000233 0.1600001 0.16 0.16 0.16 0.16
0.99488918 0.99915806 0.99985771 0.99996683 0.9999728 0.99992584 0.99971954 0.99878728 0.99416093 0.9680225 0.77023445 -0.12456098 -0.38208129 -0.38980817 -0.38999396 -0.39000553 -0.38990607 -0.37961504 -0.06363044 0.26784255 0.40107572 0.45850961 0.47583942 0.47944933 0.47995289 0.47999754 0.47999992 0.48 0.48 0.48 0.48 0.48 0.48 0.48 0.48 0.48 0.48 0.48 0.48 0.48 0.48 0.48 0.47999975 0.47995106 0.37346948 -0.87061721 -0.85722131 -0.85185283 -0.85050408 -0.85015298 -0.85005469 -0.85002638 -0.83020779 0.15618842 0.16044123 0.16012439 0.16002575 0.16000356 0.16000029 0.16000001 0.16 0.16 0.16 0.16
0.9957292 0.99916929 0.99982951 0.99994524 0.99993668 0.99982752 0.99940886 0.99773118 0.99029574 0.9499488 0.6396618 -0.22299393 -0.38392015 -0.38980257 -0.38998183 -0.38967282 -0.37932837 -0.12662146 0.29891337 0.40931472 0.45660938 0.47398303 0.47882882 0.47983324 0.47998322 0.47999884 0.47999994 0.48 0.48 0.48 0.48 0.48 0.48 0.48 0.48 0.48 0.48 0.48 0.48 0.48 0.48 0.48 0.47999996 0.47999502 0.47449672 -0.65442884 -0.85862954 -0.85276424 -0.85088998 -0.85031189 -0.85012391 -0.84924525 -0.15148653 0.16032768 0.16013241 0.16003409 0.16000654 0.16000087 0.16000007 0.16 0.16 0.16 0.16 0.16
0.99626646 0.99915602 0.99978994 0.99990571 0.99986291 0.99963782 0.99886326 0.99604226 0.98431769 0.91884995 0.46187999 -0.28047412 -0.38497954 -0.38974575 -0.38941106 -0.37955561 -0.20259505 0.28601135 0.41115845 0.45366253 0.47157377 0.4778155 0.47955092 0.47992839 0.47999129 0.4799992 0.47999994 0.48 0.48 0.48 0.48 0.48 0.48 0.48 0.48 0.48 0.48 0.48 0.48 0.48 0.48 0.48 0.47999999 0.47999908 0.47949993 0.20266754 -0.84977617 -0.85385496 -0.85144022 -0.85056939 -0.85017267 -0.78511958 0.15202257 0.16015865 0.16005013 0.16001252 0.1600024 0.16000033 0.16000003 0.16 0.16 0.16 0.16 0.16
0.99661243 0.9991195 0.99973197 0.99983461 0.99972437 0.99930181 0.99796785 0.99341821 0.97472221 0.86574398 0.27057267 -0.31386252 -0.38552348 -0.38888239 -0.37957433 -0.25546159 0.2261401 0.40665932 0.44981489 0.46857936 0.47631616 0.47900458 0.47977794 0.47995958 0.47999402 0.47999928 0.47999993 0.47999999 0.48 0.48 0.48 0.48 0.48 0.48 0.48 0.48 0.48 0.48 0.48 0.48 0.48 0.48 0.47999999 0.47999973 0.47992372 0.4499966 -0.68655591 -0.85416316 -0.85216608 -0.85093846 -0.84559802 -0.09319184 0.15990373 0.16007632 0.16002361 0.16000599 0.16000121 0.16000019 0.16000002 0.16 0.16 0.16 0.16 0.16
0.99682806 0.99905665 0.99964441 0.99971134 0.9994826 0.99874545 0.9965625 0.98934479 0.95884607 0.78214226 0.10231993 -0.3337335 -0.3847616 -0.37908859 -0.28804296 0.13194171 0.39174247 0.44479078 0.46497386 0.47425874 0.47808815 0.47945112 0.47986526 0.47997184 0.47999497 0.47999922 0.47999989 0.47999999 0.48 0.48 0.48 0.48 0.48 0.48 0.48 0.48 0.48 0.48 0.48 0.48 0.48 0.48 0.48 0.47999989 0.4799822 0.47573334 -0.022377852 -0.83985317 -0.8529048 -0.85081984 -0.70526185 0.14648582 0.16009739 0.16004281 0.16001352 0.16000361 0.1600008 0.16000014 0.16000002 0.16 0.16 0.16 0.16 0.16
0.99694615 0.99895988 0.9995107 0.99950691 0.99908569 0.99786901 0.994406 0.9829331 0.93269878 0.66616305 -0.026727918 -0.34487732 -0.37520772 -0.30777597 0.030880976 0.36007178 0.43748911 0.46068121 0.47159334 0.47670525 0.4788513 0.47964596 0.47990386 0.47997698 0.4799951 0.47999906 0.47999983 0.47999997 0.47999999 0.48 0.48 0.48 0.48 0.48 0.48 0.48 0.48 0.48 0.48 0.48 0.48 0.48 0.48 0.47999993 0.47999413 0.47912615 0.37894002 -0.70188893 -0.85140303 -0.83411056 -0.065141153 0.15921559 0.16007208 0.1600278 0.16000917 0.16000263 0.16000065 0.16000013 0.16000002 0.16 0.16 0.16 0.16 0.16
0.99698216 0.9988167 0.99930784 0.99918243 0.99846484 0.99653275 0.99111512 0.97274593 0.89147204 0.52674004 -0.11796742 -0.34373968 -0.31749699 -0.055963945 0.30768107 0.42557547 0.45542749 0.46827727 0.47477838 0.47787939 0.47921973 0.47974064 0.47992211 0.47997878 0.47999471 0.47999877 0.47999973 0.47999994 0.47999999 0.48 0.48 0.48 0.48 0.48 0.48 0.48 0.48 0.48 0.48 0.48 0.48 0.48 0.48 0.47999995 0.47999744 0.47975513 0.45929786 -0.20760078 -0.82774752 -0.60844449 0.13870996 0.16001957 0.16005234 0.16002052 0.16000717 0.16000223 0.16000062 0.16000015 0.16000003 0.16000001 0.16 0.16 0.16 0.16
