Interpolating SPI Data/spi_stations/interpolated_spi/3-20_3.tif
NCOLS 257
NROWS 141
XLLCORNER -178.27925
YLLCORNER 5.3153543
DX 0.49934803
DY 0.49997533
NODATA_VALUE -9999
[rows 0 to 26 of 141, columns 122 to 182 of 257]
-1.2599994 -1.26 -1.26 -1.26 -1.26 -1.26 -1.26 -1.26 -1.26 -1.26 -1.2599979 -1.2590549 -0.88186856 0.015441887 0.019993769 0.019999992 0.02 0.02 0.02 0.02 0.02 0.020000008 0.020000248 0.020014967 0.021672998 0.30082401 1.7235894 1.7499458 1.7499999 1.75 1.75 1.75 1.75 1.75 1.75 1.75 1.75 1.7500412 1.9546408 1.999999 2 2 2 2 2 2 2 2 2 2 2 2 2 2 1.9942455 -1.3692413 -1.37 -1.37 -1.37 -1.37 -1.37
-1.26 -1.26 -1.26 -1.26 -1.26 -1.26 -1.26 -1.26 -1.26 -1.26 -1.2599998 -1.259809 -1.0886708 0.013431887 0.019995322 0.019999997 0.02 0.02 0.02 0.02 0.02 0.02 0.020000006 0.020000522 0.02009275 0.054031659 1.6392821 1.7499051 1.7499999 1.75 1.75 1.75 1.75 1.75 1.75 1.75 1.75 1.7500007 1.8143237 1.9999976 2 2 2 2 2 2 2 2 2 2 2 2 2 2 1.9994511 -1.368164 -1.37 -1.37 -1.37 -1.37 -1.37
-1.26 -1.26 -1.26 -1.26 -1.26 -1.26 -1.26 -1.26 -1.26 -1.26 -1.26 -1.2599704 -1.2025788 0.0093595734 0.019996344 0.019999999 0.02 0.02 0.02 0.02 0.02 0.02 0.02 0.020000008 0.020002415 0.021824833 1.1573799 1.7497608 1.75 1.75 1.75 1.75 1.75 1.75 1.75 1.75 1.75 1.75 1.7526963 1.9999901 2 2 2 2 2 2 2 2 2 2 2 2 2 2 1.9999616 -1.363873 -1.37 -1.37 -1.37 -1.37 -1.37
-1.26 -1.26 -1.26 -1.26 -1.26 -1.26 -1.26 -1.26 -1.26 -1.26 -1.26 -1.2599966 -1.2455906 0.00014395566 0.019996964 0.02 0.02 0.02 0.02 0.02 0.02 0.02 0.02 0.02 0.020000024 0.020039453 0.20518974 1.748981 1.75 1.75 1.75 1.75 1.75 1.75 1.75 1.75 1.75 1.75 1.7500275 1.9999063 2 2 2 2 2 2 2 2 2 2 2 2 2 2 1.9999979 -1.3414526 -1.37 -1.37 -1.37 -1.37 -1.37
-1.26 -1.26 -1.26 -1.26 -1.26 -1.26 -1.26 -1.26 -1.26 -1.26 -1.26 -1.2599997 -1.2572882 -0.023683978 0.01999725 0.02 0.02 0.02 0.02 0.02 0.02 0.02 0.02 0.02 0.02 0.020000263 0.024714195 1.7408336 1.75 1.75 1.75 1.75 1.75 1.75 1.75 1.75 1.75 1.75 1.7500001 1.9974164 2 2 2 2 2 2 2 2 2 2 2 2 2 2 1.9999986 -1.1942073 -1.37 -1.37 -1.37 -1.37 -1.37
-1.26 -1.26 -1.26 -1.26 -1.26 -1.26 -1.26 -1.26 -1.26 -1.26 -1.26 -1.26 -1.2596246 -0.094069553 0.019997191 0.02 0.02 0.02 0.02 0.02 0.02 0.02 0.02 0.02 0.02 0.02 0.020027532 1.537426 1.7499999 1.75 1.75 1.75 1.75 1.75 1.75 1.75 1.75 1.75 1.75 1.8698128 2 2 2 2 2 2 2 2 2 2 2 2 2 2 1.9987994 -1.1234418 -1.3699926 -1.37 -1.37 -1.37 -1.37
-1.26 -1.26 -1.26 -1.26 -1.26 -1.26 -1.26 -1.26 -1.26 -1.26 -1.26 -1.26 -1.2599629 -0.30961936 0.019996633 0.02 0.02 0.02 0.02 0.02 0.02 0.02 0.02 0.02 0.02 0.02 0.020000026 0.11949908 1.7499991 1.75 1.75 1.75 1.75 1.75 1.75 1.75 1.75 1.75 1.75 1.7505347 2 2 2 2 2 2 2 2 2 2 2 2 2 1.9999939 -0.55945514 -1.2299923 -1.2468167 -1.3699997 -1.37 -1.37 -1.37
-1.26 -1.26 -1.26 -1.26 -1.26 -1.26 -1.26 -1.26 -1.26 -1.26 -1.26 -1.26 -1.2599974 -0.77321467 0.019995031 0.02 0.02 0.02 0.02 0.02 0.02 0.02 0.02 0.02 0.02 0.02 0.02 0.020119324 1.7499672 1.75 1.75 1.75 1.75 1.75 1.75 1.75 1.75 1.75 1.75 1.7500004 2 2 2 2 2 2 2 2 2 2 2 2 2 1.540378 -1.2299956 -1.23 -1.23 -1.26149 -1.37 -1.37 -1.37
-1.26 -1.26 -1.26 -1.26 -1.26 -1.26 -1.26 -1.26 -1.26 -1.26 -1.26 -1.26 -1.2599999 -1.1479758 0.019990503 0.02 0.02 0.02 0.02 0.02 0.02 0.02 0.02 0.02 0.02 0.02 0.02 0.02000001 1.7399954 1.75 1.75 1.75 1.75 1.75 1.75 1.75 1.75 1.75 1.75 1.75 1.9970568 2 2 2 2 2 2 2 2 2 2 2 1.9959751 -1.2299941 -1.23 -1.23 -1.23 -1.23 -1.298007 -1.37 -1.37
-1.26 -1.26 -1.26 -1.26 -1.26 -1.26 -1.26 -1.26 -1.26 -1.26 -1.26 -1.26 -1.26 -1.2462225 0.019975302 0.02 0.02 0.02 0.02 0.02 0.02 0.02 0.02 0.02 0.02 0.02 0.02 0.02 0.084829633 1.75 1.75 1.75 1.75 1.75 1.75 1.75 1.75 1.75 1.75 1.7499746 -1.6199692 -1.3969796 1.9999779 2 2 2 2 2 2 2 2 1.9999945 -1.2299608 -1.23 -1.23 -1.23 -1.23 -1.23 -1.23 -1.3436922 -1.37
-1.26 -1.26 -1.26 -1.26 -1.26 -1.26 -1.26 -1.26 -1.26 -1.26 -1.26 -1.26 -1.26 -1.2588375 0.019909192 0.02 0.02 0.02 0.02 0.02 0.02 0.02 0.02 0.02 0.02 0.02 0.02 0.02 0.020001063 1.75 1.75 1.75 1.75 1.75 1.75 1.75 1.75 1.75 1.75 -0.35434858 -1.62 -1.62 -1.62 -1.607113 1.9999998 2 2 2 2 2 2 -1.2277482 -1.23 -1.23 -1.23 -1.23 -1.23 -1.23 -1.23 -1.23 -1.3633697
-1.26 -1.26 -1.26 -1.26 -1.26 -1.26 -1.26 -1.26 -1.26 -1.26 -1.26 -1.26 -1.26 -1.2599246 0.01952063 0.02 0.02 0.02 0.02 0.02 0.02 0.02 0.02 0.02 0.02 0.02 0.02 0.02 0.02 1.7499013 1.75 1.75 1.75 1.75 1.75 1.75 1.75 1.75 1.75 -1.6199998 -1.62 -1.62 -1.62 -1.62 -1.62 -1.6168917 1.9999879 2 2 2 -0.72197071 -1.23 -1.23 -1.23 -1.23 -1.23 -1.23 -1.23 -1.23 -1.23 -1.23
-1.26 -1.26 -1.26 -1.26 -1.26 -1.26 -1.26 -1.26 -1.26 -1.26 -1.26 -1.26 -1.26 -1.2599958 0.016444379 0.02 0.02 0.02 0.02 0.02 0.02 0.02 0.02 0.02 0.02 0.02 0.02 0.02 0.02 0.27045431 1.75 1.75 1.75 1.75 1.75 1.75 1.75 1.75 1.598743 -1.62 -1.62 -1.62 -1.62 -1.62 -1.62 -1.62 -1.62 -1.5974953 1.9952843 1.916919 -1.23 -1.23 -1.23 -1.23 -1.23 -1.23 -1.23 -1.23 -1.23 -1.23 -1.23
-1.26 -1.26 -1.26 -1.26 -1.26 -1.26 -1.26 -1.26 -1.26 -1.26 -1.26 -1.26 -1.26 -1.2599998 -0.014107878 0.02 0.02 0.02 0.02 0.02 0.02 0.02 0.02 0.02 0.02 0.02 0.02 0.02 0.02 0.020008393 1.75 1.75 1.75 1.75 1.75 1.75 1.75 1.75 -1.6199927 -1.62 -1.62 -1.62 -1.62 -1.62 -1.62 -1.62 -1.62 -1.62 -1.6199949 -1.2300034 -1.23 -1.23 -1.23 -1.23 -1.23 -1.23 -1.23 -1.23 -1.23 -1.23 -1.23
-1.26 -1.26 -1.26 -1.26 -1.26 -1.26 -1.26 -1.26 -1.26 -1.26 -1.26 -1.26 -1.26 -1.26 -0.2903611 0.019999999 0.02 0.02 0.02 0.02 0.02 0.02 0.02 0.02 0.02 0.02 0.02 0.02 0.02 0.020000003 1.749824 1.75 1.75 1.75 1.75 1.75 1.75 1.7344799 -1.62 -1.62 -1.62 -1.62 -1.62 -1.62 -1.62 -1.62 -1.62 -1.62 -1.62 -1.2300022 -1.23 -1.23 -1.23 -1.23 -1.23 -1.23 -1.23 -1.23 -1.23 -1.23 -1.23
-1.26 -1.26 -1.26 -1.26 -1.26 -1.26 -1.26 -1.26 -1.26 -1.26 -1.26 -1.26 -1.26 -1.26 -0.99840049 0.01999998 0.02 0.02 0.02 0.02 0.02 0.02 0.02 0.02 0.02 0.02 0.02 0.02 0.02 0.020119129 0.93027334 1.7463518 1.75 1.75 1.75 1.75 1.7499999 -1.6162943 -1.62 -1.62 -1.62 -1.62 -1.62 -1.62 -1.62 -1.62 -1.62 -1.62 -1.62 -1.2300019 -1.23 -1.23 -1.23 -1.23 -1.23 -1.23 -1.23 -1.23 -1.23 -1.23 -1.2299998
-1.26 -1.26 -1.26 -1.26 -1.26 -1.26 -1.26 -1.26 -1.26 -1.26 -1.26 -1.26 -1.26 -1.26 -1.2307808 0.019999623 0.02 0.02 0.02 0.02 0.02 0.02 0.02 0.02 0.02 0.02 0.02 0.02 0.24819527 0.92999997 0.93 0.93 0.93000132 1.1107504 1.7499137 1.75 1.7347488 -1.6199991 -1.62 -1.62 -1.62 -1.62 -1.62 -1.62 -1.62 -1.62 -1.62 -1.62 -1.62 -1.2300029 -1.23 -1.23 -1.23 -1.23 -1.23 -1.23 -1.23 -1.23 -1.2299387 -1.2058659 -0.76401417
-1.26 -1.26 -1.26 -1.26 -1.26 -1.26 -1.26 -1.26 -1.26 -1.26 -1.26 -1.26 -1.26 -1.26 -1.2566119 0.019992138 0.019999964 0.019999998 0.02 0.02 0.02 0.02 0.02 0.02 0.02 0.02 0.020002672 0.92995451 0.93 0.93 0.93 0.93 0.93 0.93 0.93000006 0.9324399 -1.40488 -1.62 -1.62 -1.62 -1.62 -1.62 -1.62 -1.62 -1.62 -1.62 -1.62 -1.62 -1.6199999 -1.2261905 -1.2258415 -1.2219543 -1.1753966 -0.0074784651 0.33993074 0.34 0.34 0.34 0.34 0.33999999 0.33999979
-1.26 -1.26 -1.26 -1.26 -1.26 -1.26 -1.26 -1.26 -1.26 -1.26 -1.26 -1.26 -1.26 -1.26 -1.25946 0.013173537 0.016755346 0.018684751 0.019569365 0.019889071 0.019977374 0.019996029 0.019999258 0.01999979 0.019999879 0.18073189 0.93 0.93 0.93 0.93 0.93 0.93 0.93 0.93 0.93 0.93 0.9283517 -1.6199996 -1.62 -1.62 -1.62 -1.62 -1.62 -1.62 -1.62 -1.62 -1.62 -1.62 -1.6198297 0.3354635 0.33991094 0.33999985 0.34 0.34 0.34 0.34 0.34 0.34 0.34 0.34 0.34
-1.2599779 -1.26 -1.26 -1.26 -1.26 -1.26 -1.26 -1.26 -1.26 -1.26 -1.26 -1.2599999 -1.2599734 -1.2579931 -1.1983692 -0.3787256 -0.37954463 -0.37987327 -0.37997384 -0.37999615 -0.37999959 -0.37999997 -0.38 -0.38 -0.37999954 0.91814599 0.93 0.93 0.93 0.93 0.93 0.93 0.93 0.93 0.93 0.93 0.92999999 -1.5169183 -1.62 -1.62 -1.62 -1.62 -1.62 -1.62 -1.62 -1.62 -1.62 -1.62 -0.11531907 0.33999987 0.34 0.34 0.34 0.34 0.34 0.34 0.34 0.34 0.34 0.34 0.34
-0.43 -0.43092912 -1.2598764 -1.26 -1.26 -1.26 -1.26 -1.26 -1.26 -1.259988 -1.2537411 -0.79180218 0.0060608837 0.073355833 0.073000544 -0.37999434 -0.37999999 -0.38 -0.38 -0.38 -0.38 -0.38 -0.38 -0.38 -0.38 -0.37994557 0.93 0.93 0.93 0.93 0.93 0.93 0.93 0.93 0.93 0.93 0.93 0.92919939 -1.6199823 -1.62 -1.62 -1.62 -1.62 -1.62 -1.62 -1.62 -1.62 -1.6199297 0.3399166 0.34 0.34 0.34 0.34 0.34 0.34 0.34 0.34 0.34 0.34 0.34 0.34
-0.43 -0.43 -0.43 -0.43004593 -1.249591 -1.2599993 -1.259033 -0.51382657 0.078112172 0.079984051 0.079999367 0.07999991 0.079999967 0.079999995 0.079870043 -0.37994744 -0.38 -0.38 -0.38 -0.38 -0.38 -0.38 -0.38 -0.38 -0.38 -0.38 0.91433178 0.93 0.93 0.93 0.93 0.93 0.93 0.93 0.93 0.93 0.93 0.92999991 -1.0303678 -1.62 -1.62 -1.62 -1.62 -1.62 -1.62 -1.62 -1.62 -1.2577667 0.33999992 0.34 0.34 0.34 0.34 0.34 0.34 0.34 0.34 0.34 0.34 0.34 0.34
-0.43 -0.43 -0.43 -0.43 -0.42999976 0.079682207 0.08 0.08 0.08 0.08 0.08 0.08 0.08 0.080000102 0.080029802 -0.37902298 -0.38 -0.38 -0.38 -0.38 -0.38 -0.38 -0.38 -0.38 -0.38 -0.38 -0.38 0.93 0.93 0.93 0.93 0.93 0.93 0.93 0.93 0.93 0.92999918 0.92866067 0.73398673 -1.6150638 -1.6199999 -1.62 -1.62 -1.62 -1.62 -1.62 -1.6198631 0.33115067 0.34 0.34 0.34 0.34 0.34 0.34 0.34 0.34 0.34 0.34 0.34 0.34 0.34
-0.43 -0.43 -0.43 -0.43 -0.42992247 0.079999996 0.08 0.08 0.08 0.08 0.08 0.08 0.080000001 0.08000186 0.081044923 -0.2913614 -0.37999684 -0.38 -0.38 -0.38 -0.38 -0.38 -0.38 -0.38 -0.38 -0.38 -0.38 0.056380937 0.93 0.93 0.93 0.93 0.93 0.93 0.92999998 0.92840634 0.099311899 -0.13799042 -0.13991528 -0.14000257 -0.8939169 -1.6199547 -1.62 -1.62 -1.62 -1.6199993 -1.5117951 0.33995124 0.34 0.34 0.34 0.34 0.34 0.34 0.34 0.34 0.34 0.34 0.34 0.34 0.34
-0.43 -0.43 -0.43 -0.43 -0.0049313132 0.08 0.08 0.08 0.08 0.08 0.08 0.08 0.080000021 0.080194292 0.16255064 0.19094947 -0.26216913 -0.37999912 -0.38 -0.38 -0.38 -0.38 -0.38 -0.38 -0.38 -0.38 -0.38 -0.38 0.92999994 0.93 0.93 0.93 0.93 0.88920038 -0.13971275 -0.13999977 -0.14 -0.14 -0.14 -0.14 -0.13999425 -0.14903343 -1.5988673 -1.619898 -1.6199977 -1.6195608 0.17452913 0.33999891 0.34 0.34 0.34 0.34 0.34 0.34 0.34 0.34 0.34 0.34 0.34 0.34 0.34
-0.43 -0.43 -0.43 -0.43 0.079999987 0.08 0.08 0.08 0.08 0.08 0.08 0.08 0.080012536 0.1790592 0.24982038 0.18171572 0.17999778 0.031067366 -0.37999965 -0.38 -0.38 -0.38 -0.38 -0.38 -0.38 -0.38 -0.38 -0.38 -0.3498799 0.93 0.92998144 -0.13524847 -0.14 -0.14 -0.14 -0.14 -0.14 -0.14 -0.14 -0.13999988 -0.1396139 0.029457105 0.63657991 0.6572322 0.45788938 -1.2434521 0.3366513 0.33999992 0.34 0.34 0.34 0.34 0.34 0.34 0.34 0.34 0.34 0.34 0.34 0.34 0.34
-0.43 -0.43 -0.43 -0.47409337 0.079999997 0.08 0.08 0.08 0.08 0.08 0.08 0.080000107 0.209087 0.24999618 0.24999169 0.18008025 0.18 0.18 0.17569688 -0.3799996 -0.38 -0.38 -0.38 -0.38 -0.38 -0.38 -0.38 -0.38 -0.37999968 -0.13999168 -0.14 -0.14 -0.14 -0.14 -0.14 -0.14 -0.14 -0.14 -0.14 -0.13997458 -0.013396487 0.65293064 0.65992619 0.65999693 0.6599996 0.65999166 0.4156681 0.34000013 0.34 0.34 0.34 0.34 0.34 0.34 0.34 0.34 0.34 0.34 0.34 0.34 0.34
