Interpolating SPI Data/spi_stations/interpolated_spi/3-20_1.tif
NCOLS 257
NROWS 141
XLLCORNER -178.27925
YLLCORNER 5.3153543
DX 0.49934803
DY 0.49997533
NODATA_VALUE -9999
[rows 112 to 139 of 141, columns 62 to 123 of 257]
0.08970896 0.13226052 0.17285372 0.21102158 0.24637798 0.27863785 0.30762947 0.33329775 0.35569866 0.37498654 0.39139622 0.40522281 0.41680159 0.42649025 0.43465482 0.44166058 0.44786823 0.45363565 0.45932543 0.46531828 0.47203268 0.47995084 0.48965071 0.50184145 0.51739534 0.53735955 0.56291505 0.59523011 0.63514627 0.68267576 0.73643081 0.79332799 0.84899853 0.89898571 0.94014243 0.97137746 0.99343007 1.0080692 1.0172989 1.0228735 1.0261222 1.0279615 1.028983 1.0295515 1.0298875 1.0301292 1.0303802 1.0307556 1.0314464 1.0328497 1.0358669 1.0426324 1.0582804 1.0948978 1.1779645 1.3448256 1.5996159 1.8519522 2.0032585 2.0474874 2.0095238 1.893128
0.13601345 0.17486403 0.21151025 0.24560625 0.27689117 0.30520008 0.33046804 0.35272696 0.37209659 0.38877094 0.40300226 0.41508467 0.425339 0.43410052 0.44171035 0.44851123 0.45484805 0.46107325 0.46755725 0.47470405 0.48297188 0.49289806 0.5051257 0.52042603 0.5397034 0.56395919 0.59417791 0.63109361 0.67482018 0.72441619 0.77759822 0.83090609 0.88046666 0.92308246 0.9570546 0.9823235 1.0000124 1.0117715 1.019256 1.0238497 1.0265861 1.0281806 1.0291023 1.0296493 1.0300118 1.030323 1.0307033 1.0313138 1.0324436 1.0346905 1.0393684 1.049442 1.0716029 1.1202483 1.2216674 1.4043586 1.6516528 1.8735411 1.9968275 2.020971 1.963595 1.8307878
0.17662452 0.21187674 0.24481365 0.27519592 0.3028658 0.32775141 0.34986554 0.36929932 0.3862121 0.40081888 0.41337699 0.4241734 0.43351404 0.4417159 0.4491027 0.45600439 0.46276086 0.46972984 0.47729906 0.48590237 0.49603886 0.50829264 0.52334818 0.54199099 0.56507622 0.59343961 0.62772175 0.66809372 0.71392567 0.76353262 0.8142058 0.86267736 0.90591872 0.94190258 0.96994798 0.9905552 1.0049399 1.0145513 1.0207404 1.0246055 1.0269621 1.0283794 1.0292385 1.029791 1.0302098 1.0306335 1.0312131 1.0321769 1.0339485 1.037389 1.0443224 1.0586626 1.0886644 1.1504172 1.2688106 1.4610981 1.6948827 1.8872239 1.9845698 1.9887309 1.9134767 1.7705859
0.21215362 0.24402081 0.27356436 0.30063384 0.32515285 0.34711902 0.36659991 0.38372545 0.39867827 0.41168292 0.42299537 0.43289379 0.4416714 0.44963219 0.45708975 0.46436954 0.47181471 0.47979538 0.48872094 0.49905459 0.51132774 0.52615019 0.54420809 0.56623695 0.59295138 0.62491172 0.66231853 0.70475975 0.75099565 0.79892228 0.8458392 0.88900855 0.9262942 0.95658585 0.97984305 0.99682305 1.0086903 1.0166806 1.0218947 1.0252123 1.0272871 1.0285812 1.0294125 1.0300019 1.0305164 1.0311118 1.0319854 1.033458 1.0361285 1.0411858 1.0510488 1.0706408 1.1096132 1.1848163 1.3176062 1.5133323 1.7295818 1.8936992 1.966734 1.9516887 1.8615767 1.7148866
0.24324443 0.27200597 0.2985094 0.32267561 0.34449041 0.36400191 0.38131516 0.39658467 0.41000587 0.42180643 0.43223838 0.4415718 0.45009066 0.45809116 0.46588296 0.47379321 0.48217344 0.49140882 0.5019289 0.51421792 0.52882122 0.54634153 0.56741587 0.59265977 0.62256511 0.65734481 0.69673937 0.73983956 0.7850199 0.83008136 0.87262817 0.91056984 0.94254288 0.96808099 0.98750783 1.0016614 1.0115946 1.0183474 1.0228193 1.0257234 1.0275925 1.02881 1.0296496 1.0303143 1.0309764 1.0318219 1.0331124 1.0352896 1.0391708 1.0463311 1.0598439 1.0856194 1.1343567 1.2225407 1.3663006 1.5599451 1.7562112 1.8935692 1.9438299 1.9112011 1.8101712 1.6649711
0.27052788 0.29649584 0.32032141 0.34198121 0.36150741 0.37898402 0.39454117 0.40834843 0.42060771 0.43154662 0.4414129 0.4504705 0.45899766 0.46728724 0.47564938 0.48441648 0.49394986 0.5046476 0.51695162 0.53135136 0.54837918 0.56859056 0.59251954 0.6205998 0.65304626 0.68970646 0.72991648 0.77242525 0.8154606 0.85697437 0.89501847 0.92811996 0.95551009 0.9771384 0.99351075 1.0054519 1.0138859 1.0196846 1.0235879 1.0261815 1.0279075 1.0290925 1.0299804 1.0307683 1.0316451 1.032841 1.0347023 1.0378208 1.0432734 1.0530681 1.0709513 1.1037021 1.1625574 1.2624772 1.4133411 1.6003124 1.7753103 1.8874449 1.9166465 1.8688367 1.761078 1.6212396
0.29459494 0.31809058 0.33959162 0.35911723 0.37673359 0.39254977 0.40671242 0.41940007 0.43081759 0.44119136 0.45076559 0.45980027 0.46857089 0.47737 0.48651053 0.49633055 0.50719869 0.51951881 0.53373168 0.55030995 0.56974118 0.59249202 0.61894672 0.6493161 0.68352285 0.72108544 0.76104381 0.80198043 0.84217371 0.87986946 0.91359186 0.94238415 0.96589963 0.98433613 0.99827052 1.0084693 1.0157321 1.0207902 1.024258 1.0266237 1.0282621 1.0294592 1.0304422 1.0314128 1.0325886 1.0342589 1.0368759 1.0412106 1.048634 1.0616135 1.0845363 1.1248332 1.193661 1.3034254 1.4574673 1.63418 1.7874639 1.8760165 1.8861944 1.826137 1.7155249 1.5835056
0.31598224 0.3373207 0.35683102 0.37456439 0.39061161 0.40509907 0.41818415 0.43005068 0.44090469 0.45097119 0.46049195 0.46972483 0.47894446 0.48844431 0.4985399 0.50957231 0.52191106 0.53595434 0.55212384 0.57085017 0.59254392 0.61754729 0.64606366 0.6780684 0.71321589 0.75077156 0.78960767 0.828295 0.8652928 0.89919405 0.92894968 0.95399906 0.97427637 0.99011416 1.0020967 1.0109152 1.0172571 1.0217389 1.024877 1.027085 1.0286881 1.0299456 1.0310789 1.0323053 1.0338827 1.0361757 1.0397632 1.0456209 1.0554376 1.0721389 1.1006645 1.1487935 1.2269475 1.344209 1.4977367 1.6615619 1.7933036 1.8600791 1.8535984 1.7844293 1.6741765 1.5512595
0.33516653 0.35464752 0.37247601 0.38872704 0.40350909 0.41696047 0.42924556 0.44055125 0.45108394 0.46106751 0.47074219 0.48036464 0.49020911 0.50056934 0.51176068 0.52412154 0.53801266 0.55381196 0.571902 0.59264639 0.61635155 0.64321162 0.67323887 0.70618922 0.74150257 0.77828546 0.8153623 0.85140449 0.88511681 0.91543123 0.94164976 0.96349765 0.98108502 0.99480651 1.0052202 1.0129395 1.0185553 1.0225912 1.0254869 1.0276 1.0292206 1.0305925 1.0319416 1.0335111 1.035612 1.0386996 1.043498 1.0512073 1.0638428 1.0847544 1.1192899 1.1752135 1.2615964 1.3837602 1.5335095 1.6826673 1.7935175 1.8405165 1.8199761 1.744724 1.6372497 1.5238575
0.35256463 0.37046729 0.38689578 0.40194279 0.41572944 0.42840226 0.44013015 0.45110176 0.46152348 0.47161816 0.48162474 0.49179862 0.50241261 0.51375801 0.52614498 0.53990114 0.55536658 0.57288299 0.59277441 0.6153166 0.64069378 0.66894388 0.69989891 0.73313379 0.76794317 0.80336679 0.83827475 0.87150493 0.9020222 0.9290561 0.95217959 0.97131419 0.98667273 0.99866788 1.0078161 1.0146575 1.0197018 1.0233983 1.0261273 1.0282051 1.0298984 1.031446 1.0330877 1.0351029 1.0378676 1.041942 1.0482111 1.0581097 1.0739691 1.0994957 1.1402528 1.2036012 1.2967535 1.4211731 1.5644126 1.6978528 1.7888504 1.8182543 1.7863344 1.7076934 1.6046521 1.5006391
0.36853648 0.38511705 0.40040014 0.41449143 0.42752109 0.43964125 0.45102369 0.46185792 0.47234986 0.48272111 0.49320873 0.50406555 0.51556038 0.52797764 0.54161551 0.55678112 0.57378123 0.5929062 0.61440546 0.63845319 0.66510498 0.69425001 0.72556781 0.75850343 0.79227676 0.82593696 0.85846123 0.88888072 0.91640342 0.94050258 0.96095056 0.97779752 0.99131027 1.0018943 1.0100191 1.0161598 1.0207585 1.0242059 1.026837 1.0289387 1.0307646 1.0325576 1.0345804 1.0371584 1.0407438 1.0460138 1.0540241 1.0664431 1.0858868 1.1163173 1.1632871 1.233378 1.3315896 1.4557298 1.5902998 1.7075896 1.7800893 1.7942012 1.7535022 1.6737074 1.5761053 1.4809884
0.38338966 0.39888086 0.41324679 0.42660267 0.43908507 0.45084982 0.46207031 0.47293612 0.48365199 0.49443734 0.50552596 0.51716563 0.52961726 0.5431527 0.55805022 0.57458641 0.59302283 0.61358616 0.6364407 0.661654 0.6891583 0.71871428 0.749887 0.78204552 0.81439622 0.8460521 0.87612937 0.90385173 0.92863755 0.95015009 0.9683029 0.98322629 0.9952099 1.0046387 1.011936 1.0175203 1.0217791 1.0250569 1.0276554 1.029842 1.0318662 1.0339832 1.0364872 1.0397585 1.0443352 1.0510198 1.0610416 1.0762887 1.0996088 1.1350914 1.1880367 1.2639198 1.3653479 1.4869063 1.6112127 1.7124355 1.7680368 1.769193 1.7221025 1.6428961 1.5512383 1.4643615
0.39738452 0.41199589 0.4256479 0.43846269 0.45058116 0.46216139 0.47337726 0.48441735 0.49548415 0.50679338 0.51857319 0.53106294 0.54451082 0.55916966 0.5752898 0.59310796 0.61283099 0.63461377 0.65853163 0.68454925 0.71249047 0.74201593 0.77261744 0.80363689 0.83431378 0.86385759 0.89153282 0.91673875 0.93906641 0.95832184 0.97451511 0.98782319 0.99853951 1.0070227 1.013653 1.0188016 1.0228118 1.0259931 1.0286231 1.0309588 1.0332534 1.0357821 1.0388779 1.0429842 1.048732 1.0570534 1.0693453 1.0876878 1.1150875 1.1556135 1.2140772 1.2945954 1.3973759 1.5143648 1.6273458 1.7130084 1.7534766 1.7439527 1.6925582 1.6152187 1.5296505 1.4502935
0.41073916 0.42465793 0.43777573 0.45021953 0.46213295 0.47367494 0.48501865 0.49635044 0.50786893 0.51978396 0.53231509 0.54568915 0.56013638 0.57588414 0.59314752 0.612116 0.6329355 0.65568615 0.68035707 0.70682127 0.73481563 0.7639324 0.7936288 0.82325869 0.8521256 0.87955017 0.90493935 0.9278435 0.94799001 0.96528905 0.97981432 0.99176711 1.0014336 1.0091446 1.0152424 1.0200586 1.023902 1.0270557 1.0297823 1.0323355 1.0349793 1.0380155 1.0418229 1.046914 1.0540169 1.0641915 1.0789878 1.1006363 1.1322137 1.1776122 1.2409415 1.3248014 1.4271453 1.5379371 1.6390131 1.7099563 1.7371413 1.7190683 1.6651177 1.5905245 1.5109498 1.4383935
0.42363412 0.43702624 0.44976741 0.46198769 0.47383194 0.48545864 0.49703886 0.50875511 0.52080015 0.53337529 0.54668805 0.56094844 0.57636356 0.59312953 0.61142048 0.63137386 0.65307243 0.67652367 0.70163895 0.72821592 0.75592886 0.78433223 0.81288104 0.84096903 0.86798076 0.89334955 0.91661054 0.93743884 0.95566648 0.97127757 0.98438603 0.99520302 1.0040019 1.0110863 1.016766 1.0213408 1.0250927 1.0282865 1.0311766 1.0340201 1.0370982 1.0407451 1.0453908 1.0516206 1.0602603 1.07249 1.0899888 1.1150838 1.1508216 1.2007637 1.2681459 1.3539902 1.4542599 1.5576044 1.6466171 1.7039297 1.7196861 1.6949889 1.6398895 1.5686 1.4947726 1.4283353
0.43621664 0.44922786 0.46172912 0.473852 0.48574116 0.49755324 0.50945562 0.5216251 0.53424622 0.54750888 0.56160497 0.57672352 0.59304391 0.6107266 0.62990107 0.65065106 0.67299782 0.69688266 0.7221517 0.7485461 0.77570173 0.80316177 0.83040352 0.85687792 0.88205662 0.90547892 0.92679021 0.94576553 0.96231537 0.97647508 0.98838252 0.99824985 1.006335 1.0129172 1.0182789 1.0226944 1.0264262 1.0297275 1.0328505 1.0360619 1.0396649 1.0440312 1.0496455 1.0571676 1.0675169 1.08198 1.102332 1.1309332 1.1706952 1.2247084 1.2952142 1.3816896 1.4784547 1.5734737 1.6506189 1.6955539 1.7016724 1.6720346 1.6168792 1.5492036 1.4807917 1.4198437
0.44860441 0.46136134 0.47373964 0.48587099 0.49789843 0.50997518 0.5222632 0.53493153 0.54815398 0.56210608 0.57696071 0.59288232 0.61001911 0.62849302 0.64838765 0.66973438 0.69249792 0.71656312 0.74172554 0.76768897 0.79407251 0.82042909 0.84627482 0.87112637 0.89454104 0.91615284 0.935699 0.95303281 0.96812245 0.98103785 0.99192988 1.0010065 1.0085099 1.014698 1.0198307 1.0241631 1.027944 1.0314208 1.0348491 1.0385098 1.0427327 1.0479304 1.0546441 1.0636067 1.0758229 1.0926651 1.1159646 1.1480445 1.1915786 1.2490691 1.3216994 1.4075164 1.4995888 1.5857521 1.6515092 1.6854083 1.683561 1.6504134 1.5960201 1.5320869 1.4687156 1.4126768
0.46088899 0.47350003 0.48585361 0.49808008 0.51031937 0.52271967 0.53543569 0.54862653 0.56245283 0.57707298 0.59263801 0.60928503 0.6271289 0.64625214 0.66669356 0.6884361 0.71139552 0.73541168 0.76024478 0.78557882 0.81103394 0.83618793 0.8606053 0.8838705 0.90562028 0.92557043 0.9435328 0.95942092 0.97324468 0.98509665 0.99513355 1.0035565 1.0105929 1.0164824 1.0214674 1.0257888 1.0296871 1.0334085 1.037217 1.0414116 1.0463521 1.0524939 1.0604345 1.070975 1.0851928 1.1045202 1.1307978 1.1662399 1.2131875 1.2734677 1.3472005 1.4311822 1.5176323 1.5947217 1.6497839 1.6740105 1.6657149 1.630242 1.5771995 1.517006 1.4582805 1.4066026
0.47313883 0.48569514 0.4981045 0.5104945 0.52300048 0.53576393 0.54893046 0.56264716 0.57705926 0.59230569 0.60851349 0.62579077 0.64421838 0.66384036 0.68465384 0.70659927 0.72955256 0.75332065 0.77764264 0.80219769 0.82662043 0.85052328 0.87352328 0.89527018 0.91547168 0.9339123 0.95046352 0.96508455 0.977815 0.98876173 0.99808284 1.0059715 1.0126421 1.0183194 1.0232322 1.027612 1.0316954 1.0357321 1.0399976 1.0448126 1.050569 1.0577654 1.0670531 1.0792929 1.0956185 1.1174908 1.1467101 1.1853109 1.2352214 1.2975416 1.3713757 1.4524932 1.5326507 1.6007152 1.6459224 1.6618077 1.6484063 1.6115655 1.5602756 1.5037251 1.4492352 1.4013644
0.48540212 0.49797854 0.51050741 0.52311218 0.53592212 0.5490704 0.56269177 0.57691946 0.59188142 0.60769544 0.62446328 0.64226359 0.66114401 0.6811126 0.70212953 0.72409999 0.74686966 0.77022418 0.793894 0.81756519 0.84089627 0.86353951 0.88516461 0.90548154 0.92425954 0.94133987 0.95664097 0.97015636 0.98194651 0.99212687 1.0008543 1.0083143 1.0147097 1.0202538 1.0251659 1.0296717 1.034008 1.0384313 1.043232 1.0487544 1.0554234 1.0637795 1.0745228 1.0885628 1.1070683 1.1314948 1.163551 1.2050269 1.2573768 1.320957 1.3939498 1.4713456 1.5447861 1.6040928 1.6403721 1.6491743 1.6318284 1.5943746 1.5450887 1.4920109 1.4413174 1.3966293
0.49770942 0.5103654 0.52306182 0.53591662 0.54905157 0.56259005 0.57665438 0.59136244 0.60682354 0.62313337 0.64036806 0.6585775 0.67777814 0.69794586 0.71900965 0.74084717 0.76328329 0.7860927 0.80900736 0.83172895 0.85394553 0.87535106 0.8956654 0.91465234 0.93213343 0.94799606 0.96219534 0.97475035 0.98573603 0.99527264 1.0035145 1.0106399 1.0168428 1.0223274 1.0273071 1.0320053 1.0366621 1.0415438 1.0469579 1.0532733 1.0609475 1.07056 1.082852 1.0987678 1.1194872 1.1464243 1.1811467 1.2251443 1.279358 1.3434197 1.4147178 1.4877169 1.5542391 1.6052227 1.6335369 1.6364135 1.6161069 1.5786181 1.5314633 1.4816192 1.434217 1.3919125
0.51007611 0.5228568 0.53575424 0.54887966 0.56234602 0.57626562 0.59074711 0.60589195 0.62179005 0.63851476 0.6561172 0.67462015 0.69401196 0.71424095 0.73521118 0.75678045 0.77876143 0.80092654 0.82301707 0.84475602 0.86586385 0.88607559 0.90515722 0.92291954 0.93922785 0.95400674 0.96723976 0.97896491 0.98926708 0.99826896 1.006122 1.0129981 1.0190844 1.0245792 1.0296923 1.0346483 1.0396929 1.0451044 1.0512085 1.0583994 1.067165 1.0781188 1.0920335 1.1098716 1.1327984 1.1621493 1.1993061 1.2454155 1.3008887 1.3646828 1.4335443 1.5016541 1.5612501 1.604465 1.6257709 1.6237617 1.6013103 1.5642105 1.5192042 1.4722709 1.4275229 1.3864712
0.52250481 0.53544211 0.5485608 0.56196424 0.57575551 0.59003478 0.60489619 0.62042417 0.63668909 0.65374248 0.67161184 0.69029534 0.70975697 0.72992255 0.7506775 0.77186689 0.79329856 0.81474961 0.83597613 0.85672585 0.87675228 0.8958293 0.91376423 0.93040824 0.94566289 0.95948252 0.97187267 0.98288535 0.99261226 1.0011771 1.0087285 1.0154336 1.0214742 1.0270453 1.0323559 1.0376336 1.0431324 1.0491436 1.0560119 1.0641554 1.0740895 1.0864549 1.1020442 1.1218195 1.1469048 1.178522 1.2178281 1.2655979 1.3217195 1.3845508 1.4503593 1.5132609 1.5660825 1.6021591 1.6173755 1.6113945 1.587458 1.5510326 1.5080823 1.4636157 1.4206493 1.3791649
0.5349876 0.54810143 0.5614497 0.57512699 0.58922564 0.603833 0.61902821 0.63487858 0.65143541 0.66872956 0.68676695 0.70552421 0.72494508 0.74493805 0.76537579 0.7860969 0.80691047 0.82760337 0.84795014 0.86772467 0.88671269 0.90472376 0.92160161 0.93723167 0.95154529 0.96452055 0.97618001 0.98658608 0.99583517 1.0040514 1.0113808 1.017987 1.0240487 1.0297594 1.0353295 1.0409917 1.0470092 1.0536875 1.0613898 1.0705558 1.081724 1.095554 1.112845 1.1345393 1.1616927 1.1953816 1.2365081 1.2854617 1.3416352 1.4028812 1.4651516 1.5226841 1.569008 1.5986149 1.6085991 1.5994317 1.574524 1.5389264 1.4978117 1.455181 1.4127387 1.3682912
0.54750825 0.56080778 0.57438358 0.58832072 0.60270019 0.61759615 0.63307272 0.64918046 0.66595258 0.68340096 0.70151243 0.72024546 0.73952781 0.75925552 0.7792938 0.79948006 0.81962929 0.83954174 0.85901235 0.87784128 0.89584462 0.91286409 0.928775 0.94349162 0.95696971 0.96920629 0.9802371 0.99013239 0.99899193 1.0069399 1.0141206 1.0206954 1.0268415 1.0327526 1.0386421 1.0447494 1.0513478 1.0587568 1.0673568 1.0776061 1.0900603 1.1053884 1.1243818 1.147943 1.1770342 1.2125593 1.2551447 1.3047968 1.3604586 1.4195828 1.4779604 1.5301002 1.5702943 1.5941066 1.5996377 1.5879409 1.5624355 1.5276808 1.4880151 1.4463044 1.4025466 1.3514284
0.56004415 0.57352923 0.58732168 0.60149657 0.61612327 0.63126269 0.64696428 0.66326269 0.68017441 0.69769442 0.71579325 0.7344147 0.75347462 0.7728611 0.79243642 0.81204098 0.83149912 0.8506267 0.86923979 0.88716397 0.90424328 0.92034797 0.93538051 0.94927932 0.9620201 0.97361504 0.98411022 0.99358188 1.0021323 1.0098859 1.0169859 1.0235926 1.029883 1.0360526 1.0423194 1.0489298 1.0561678 1.0643661 1.07392 1.0853024 1.0990789 1.1159175 1.1365869 1.1619296 1.192792 1.2298839 1.2735462 1.3234181 1.3780528 1.4346125 1.4888655 1.535703 1.5701954 1.5888689 1.5906363 1.5769378 1.5510662 1.5170099 1.4781773 1.4360522 1.3883217 1.3253498
0.57256829 0.58623081 0.60022179 0.61460602 0.62944123 0.64477543 0.66064405 0.677067 0.69404576 0.71156071 0.729569 0.74800316 0.76677089 0.78575623 0.80482227 0.82381561 0.84257226 0.86092481 0.87871036 0.89577841 0.9119983 0.9272653 0.9415051 0.9546763 0.96677093 0.97781338 0.98785793 0.99698558 1.0053007 1.0129281 1.0200108 1.0267089 1.0332007 1.0396845 1.0463835 1.0535518 1.0614835 1.0705232 1.0810783 1.0936311 1.1087493 1.1270886 1.1493799 1.1763877 1.2088228 1.2471869 1.2915352 1.3411692 1.3943209 1.4479691 1.4979772 1.5396925 1.5689434 1.5830939 1.5816879 1.5663831 1.5402223 1.5065218 1.467588 1.4231315 1.3677161 1.2861217
0.58505089 0.59887622 0.6130419 0.62760245 0.64260423 0.65808288 0.67406082 0.69054463 0.70752272 0.72496327 0.74281287 0.760996 0.77941556 0.79795481 0.81648059 0.83484798 0.85290607 0.87050457 0.88750077 0.9037663 0.91919311 0.93369827 0.94722722 0.95975541 0.97128832 0.98186027 0.99153215 1.0003889 1.0085368 1.0161013 1.0232259 1.0300717 1.0368188 1.0436695 1.0508524 1.0586293 1.0673035 1.0772293 1.0888224 1.1025689 1.1190301 1.1388379 1.1626705 1.1911984 1.2249818 1.2643068 1.3089536 1.3579244 1.409204 1.4596873 1.5054265 1.5422655 1.5667425 1.5769285 1.5728315 1.5561737 1.5296227 1.4956784 1.4552782 1.4058127 1.3377831 1.2295232
