Interpolating SPI Data/spi_stations/interpolated_spi/3-20_2.tif
NCOLS 257
NROWS 141
XLLCORNER -178.27925
YLLCORNER 5.3153543
DX 0.49934803
DY 0.49997533
NODATA_VALUE -9999
[rows 0 to 26 of 141, columns 0 to 60 of 257]
-0.46347683 -0.46873846 -0.47403278 -0.47935121 -0.48468407 -0.4900205 -0.49534846 -0.5006548 -0.50592526 -0.5111446 -0.51629671 -0.52136476 -0.52633142 -0.53117911 -0.53589027 -0.54044766 -0.54483471 -0.54903588 -0.55303696 -0.55682546 -0.56039087 -0.56372497 -0.56682201 -0.5696789 -0.57229522 -0.57467329 -0.57681803 -0.57873681 -0.58043925 -0.58193688 -0.58324285 -0.58437152 -0.58533807 -0.58615818 -0.58684757 -0.58742171 -0.58789552 -0.58828307 -0.58859743 -0.58885048 -0.58905287 -0.5892139 -0.58934162 -0.58944281 -0.58952313 -0.58958714 -0.58963851 -0.58968011 -0.58971414 -0.58974224 -0.58976565 -0.58978526 -0.58980168 -0.58981537 -0.58982658 -0.58983551 -0.58984219 -0.58984659 -0.58984854 -0.58984774 -0.58984365
-0.45380876 -0.45902372 -0.4642929 -0.46960983 -0.47496682 -0.48035495 -0.48576399 -0.49118236 -0.49659711 -0.50199397 -0.50735736 -0.51267054 -0.51791569 -0.52307418 -0.52812673 -0.53305376 -0.5378357 -0.54245341 -0.54688851 -0.55112387 -0.55514399 -0.55893543 -0.56248714 -0.56579079 -0.568841 -0.57163547 -0.57417506 -0.57646374 -0.57850839 -0.58031864 -0.58190647 -0.58328587 -0.5844724 -0.58548271 -0.58633407 -0.58704395 -0.58762958 -0.58810757 -0.58849361 -0.58880222 -0.58904657 -0.58923837 -0.58938782 -0.58950365 -0.58959316 -0.58966233 -0.58971598 -0.58975788 -0.58979095 -0.58981737 -0.58983876 -0.58985631 -0.58987084 -0.58988295 -0.58989304 -0.58990139 -0.58990817 -0.58991349 -0.58991738 -0.58991982 -0.58992067
-0.44373426 -0.44884349 -0.45402555 -0.45927634 -0.46459067 -0.46996213 -0.47538296 -0.48084397 -0.48633448 -0.49184221 -0.49735331 -0.50285233 -0.50832226 -0.51374467 -0.51909984 -0.52436701 -0.52952462 -0.53455073 -0.53942337 -0.54412103 -0.54862317 -0.55291069 -0.55696648 -0.56077592 -0.56432725 -0.56761198 -0.57062513 -0.57336538 -0.57583506 -0.57804007 -0.57998963 -0.58169593 -0.58317371 -0.58443972 -0.58551219 -0.58641024 -0.58715336 -0.58776086 -0.58825139 -0.5886426 -0.5889508 -0.58919071 -0.58937538 -0.5895161 -0.58962244 -0.58970234 -0.58976221 -0.58980716 -0.58984109 -0.589867 -0.58988706 -0.58990286 -0.58991552 -0.58992581 -0.58993427 -0.58994128 -0.58994706 -0.5899518 -0.5899556 -0.58995853 -0.58996061
-0.4333929 -0.43833765 -0.44336951 -0.44848691 -0.45368739 -0.45896739 -0.46432211 -0.46974542 -0.47522968 -0.48076562 -0.48634223 -0.49194667 -0.49756419 -0.50317815 -0.50877002 -0.51431952 -0.51980475 -0.52520251 -0.53048856 -0.53563808 -0.54062622 -0.54542856 -0.55002182 -0.55438447 -0.55849735 -0.56234428 -0.56591258 -0.56919349 -0.57218246 -0.57487927 -0.57728801 -0.57941687 -0.5812778 -0.582886 -0.58425935 -0.58541775 -0.5863824 -0.58717514 -0.58781773 -0.58833136 -0.58873606 -0.58905032 -0.58929085 -0.58947237 -0.58960754 -0.58970699 -0.58977946 -0.58983193 -0.58986985 -0.58989733 -0.58991745 -0.58993241 -0.58994375 -0.58995254 -0.5899595 -0.5899651 -0.58996965 -0.58997338 -0.58997642 -0.58997887 -0.58998081
-0.42294643 -0.42767215 -0.43249389 -0.43741251 -0.44242823 -0.44754038 -0.45274735 -0.45804639 -0.46343342 -0.46890287 -0.4744475 -0.48005823 -0.48572396 -0.49143146 -0.49716524 -0.50290751 -0.50863817 -0.51433495 -0.51997352 -0.52552782 -0.53097046 -0.53627319 -0.54140754 -0.5463455 -0.55106035 -0.55552739 -0.55972479 -0.56363433 -0.56724204 -0.57053869 -0.57352015 -0.57618748 -0.57854681 -0.58060906 -0.5823894 -0.58390658 -0.58518214 -0.58623956 -0.58710337 -0.58779836 -0.58834871 -0.58877747 -0.58910591 -0.58935322 -0.58953627 -0.58966947 -0.58976484 -0.58983215 -0.58987911 -0.58991162 -0.5899341 -0.58994974 -0.58996077 -0.58996873 -0.58997462 -0.5899791 -0.58998259 -0.58998535 -0.58998757 -0.58998936 -0.58999079
-0.41257163 -0.41703191 -0.42159121 -0.42625248 -0.43101823 -0.43589049 -0.44087062 -0.44595919 -0.45115577 -0.45645876 -0.46186519 -0.46737045 -0.47296814 -0.47864974 -0.48440446 -0.49021901 -0.4960774 -0.50196088 -0.50784785 -0.51371395 -0.51953218 -0.52527326 -0.53090604 -0.5363981 -0.54171653 -0.54682879 -0.55170367 -0.55631238 -0.5606295 -0.56463404 -0.56831015 -0.57164785 -0.57464333 -0.57729907 -0.57962363 -0.58163118 -0.58334074 -0.58477528 -0.58596063 -0.58692442 -0.58769495 -0.58830021 -0.58876696 -0.58912006 -0.58938192 -0.58957219 -0.58970759 -0.58980199 -0.58986651 -0.58990982 -0.58993849 -0.58995729 -0.58996961 -0.58997776 -0.58998327 -0.58998709 -0.58998985 -0.58999189 -0.58999346 -0.58999467 -0.58999562
-0.40245073 -0.40661077 -0.41086701 -0.41522387 -0.41968564 -0.42425647 -0.42894016 -0.43374013 -0.43865922 -0.44369953 -0.44886224 -0.45414735 -0.45955347 -0.46507753 -0.47071448 -0.47645699 -0.48229513 -0.48821608 -0.49420388 -0.50023916 -0.50629907 -0.51235723 -0.51838385 -0.52434603 -0.53020824 -0.53593305 -0.541482 -0.54681674 -0.55190026 -0.55669827 -0.56118049 -0.56532201 -0.56910426 -0.57251594 -0.57555334 -0.57822054 -0.58052894 -0.58249663 -0.5841473 -0.58550898 -0.58661265 -0.58749078 -0.58817599 -0.5886998 -0.58909171 -0.58937837 -0.58958315 -0.58972589 -0.5898229 -0.58988719 -0.58992876 -0.58995504 -0.58997134 -0.58998135 -0.58998749 -0.58999131 -0.58999375 -0.58999537 -0.5899965 -0.58999732 -0.58999793
-0.39276049 -0.39659957 -0.40052684 -0.40454755 -0.40866707 -0.41289089 -0.4172245 -0.42167336 -0.42624278 -0.43093778 -0.43576298 -0.44072242 -0.4458193 -0.45105578 -0.45643264 -0.46194902 -0.46760199 -0.4733862 -0.47929343 -0.48531219 -0.4914273 -0.49761954 -0.50386536 -0.51013674 -0.51640115 -0.52262186 -0.52875838 -0.53476727 -0.54060319 -0.54622034 -0.55157404 -0.55662255 -0.56132882 -0.56566229 -0.56960034 -0.57312937 -0.5762454 -0.5789541 -0.58127027 -0.58321676 -0.58482302 -0.5861233 -0.58715479 -0.58795576 -0.58856385 -0.58901458 -0.58934034 -0.58956955 -0.58972633 -0.58983043 -0.58989746 -0.58993929 -0.58996459 -0.58997945 -0.58998798 -0.58999279 -0.58999552 -0.58999708 -0.58999802 -0.58999861 -0.589999
-0.38366128 -0.38717374 -0.39076239 -0.39443265 -0.39819026 -0.40204123 -0.40599186 -0.41004866 -0.41421837 -0.41850786 -0.42292404 -0.42747378 -0.43216373 -0.4370002 -0.4419889 -0.44713467 -0.4524412 -0.45791063 -0.4635431 -0.4693363 -0.4752849 -0.48137996 -0.48760839 -0.4939523 -0.50038857 -0.5068884 -0.51341712 -0.5199343 -0.5263941 -0.5327461 -0.53893659 -0.54491019 -0.55061204 -0.55599012 -0.56099778 -0.5655962 -0.56975643 -0.57346102 -0.57670481 -0.57949503 -0.5818504 -0.58379967 -0.5853795 -0.58663193 -0.58760191 -0.58833476 -0.58887408 -0.58926 -0.58952804 -0.58970836 -0.58982561 -0.58989916 -0.58994358 -0.58996938 -0.58998378 -0.58999152 -0.58999555 -0.5899976 -0.58999865 -0.58999919 -0.58999949
-0.37528744 -0.37848215 -0.38173855 -0.3850617 -0.38845703 -0.39193037 -0.39548799 -0.39913653 -0.40288309 -0.40673516 -0.41070064 -0.41478776 -0.4190051 -0.4233614 -0.42786555 -0.43252639 -0.4373525 -0.44235196 -0.44753205 -0.45289878 -0.45845647 -0.46420717 -0.47014992 -0.47628011 -0.48258854 -0.48906065 -0.49567564 -0.50240573 -0.50921556 -0.51606191 -0.52289386 -0.52965346 -0.53627702 -0.54269715 -0.54884544 -0.55465564 -0.56006724 -0.56502896 -0.5695019 -0.57346196 -0.57690112 -0.57982762 -0.58226474 -0.58424858 -0.58582501 -0.58704615 -0.58796681 -0.5886412 -0.5891202 -0.58944939 -0.58966774 -0.58980715 -0.58989258 -0.58994269 -0.58997074 -0.58998568 -0.58999325 -0.5899969 -0.58999858 -0.58999934 -0.58999967
-0.36774026 -0.37063873 -0.3735834 -0.3765786 -0.37962901 -0.38273975 -0.38591638 -0.38916496 -0.39249203 -0.39590469 -0.3994106 -0.40301801 -0.40673576 -0.41057329 -0.41454063 -0.41864835 -0.4229075 -0.42732952 -0.43192606 -0.43670878 -0.44168907 -0.44687765 -0.45228411 -0.45791622 -0.46377926 -0.46987503 -0.47620083 -0.48274825 -0.48950191 -0.49643815 -0.50352386 -0.51071557 -0.51795893 -0.52518898 -0.5323312 -0.53930367 -0.54602034 -0.55239529 -0.55834775 -0.56380739 -0.56871918 -0.57304738 -0.5767778 -0.57991824 -0.58249693 -0.58455923 -0.58616313 -0.58737406 -0.58825989 -0.58888639 -0.58931368 -0.58959394 -0.58977013 -0.58987594 -0.58993639 -0.58996912 -0.58998585 -0.58999388 -0.58999749 -0.58999902 -0.58999962
-0.36108438 -0.36371772 -0.36638219 -0.36908116 -0.37181833 -0.37459779 -0.37742405 -0.38030204 -0.38323722 -0.38623556 -0.38930363 -0.39244864 -0.39567848 -0.39900177 -0.40242793 -0.4059672 -0.4096307 -0.41343042 -0.41737924 -0.42149092 -0.42577998 -0.43026164 -0.43495156 -0.4398656 -0.44501935 -0.45042758 -0.45610347 -0.46205763 -0.46829685 -0.47482262 -0.48162938 -0.48870254 -0.49601648 -0.50353256 -0.51119753 -0.51894261 -0.52668371 -0.53432315 -0.54175314 -0.54886119 -0.55553709 -0.56168094 -0.56721112 -0.57207102 -0.57623357 -0.57970258 -0.58251087 -0.58471537 -0.58639034 -0.58761956 -0.5884888 -0.58907949 -0.58946399 -0.58970285 -0.58984388 -0.58992264 -0.58996404 -0.58998439 -0.58999371 -0.58999765 -0.58999919
-0.3553475 -0.357753 -0.36017598 -0.36261884 -0.36508425 -0.36757516 -0.3700949 -0.37264711 -0.37523589 -0.37786578 -0.3805418 -0.38326956 -0.38605529 -0.38890588 -0.39182903 -0.39483322 -0.3979279 -0.40112351 -0.40443159 -0.40786484 -0.41143728 -0.41516421 -0.41906233 -0.42314973 -0.42744582 -0.43197125 -0.4367476 -0.44179704 -0.44714169 -0.45280279 -0.45879943 -0.465147 -0.47185508 -0.4789249 -0.48634629 -0.4940944 -0.50212626 -0.51037781 -0.51876193 -0.52716836 -0.53546617 -0.54350953 -0.55114684 -0.55823263 -0.56464069 -0.57027643 -0.57508605 -0.57906074 -0.58223502 -0.58467978 -0.58649159 -0.58778039 -0.58865777 -0.58922744 -0.58957878 -0.58978362 -0.5898959 -0.58995341 -0.58998074 -0.5899927 -0.58999748
-0.35052339 -0.35274101 -0.35496452 -0.35719545 -0.35943552 -0.36168665 -0.36395101 -0.36623105 -0.36852951 -0.37084946 -0.37319436 -0.37556811 -0.37797504 -0.38042007 -0.3829087 -0.38544711 -0.38804224 -0.39070191 -0.39343491 -0.39625111 -0.3991616 -0.40217885 -0.40531684 -0.40859126 -0.41201961 -0.41562145 -0.41941845 -0.42343455 -0.42769599 -0.43223122 -0.43707065 -0.44224618 -0.44779036 -0.45373509 -0.4601097 -0.4669382 -0.47423573 -0.48200393 -0.49022546 -0.49885794 -0.50782811 -0.51702726 -0.52630971 -0.53549596 -0.54438206 -0.55275554 -0.56041644 -0.56720014 -0.57299704 -0.57776465 -0.58152896 -0.58437515 -0.58643052 -0.58784393 -0.58876616 -0.58933466 -0.58966404 -0.58984228 -0.58993171 -0.58997297 -0.58999031
-0.34657701 -0.3486463 -0.35071223 -0.35277559 -0.35483733 -0.35689851 -0.35896036 -0.36102428 -0.36309189 -0.365165 -0.36724569 -0.36933634 -0.37143961 -0.37355855 -0.37569664 -0.37785779 -0.38004648 -0.38226777 -0.38452744 -0.38683206 -0.3891891 -0.39160709 -0.39409576 -0.3966662 -0.39933111 -0.40210496 -0.40500432 -0.40804808 -0.41125783 -0.41465813 -0.41827692 -0.42214574 -0.42630009 -0.4307795 -0.43562746 -0.44089097 -0.44661949 -0.45286314 -0.45966961 -0.46707959 -0.47512017 -0.48379623 -0.49307965 -0.50289762 -0.51312185 -0.52356201 -0.53396774 -0.54404307 -0.55347492 -0.56197259 -0.56931006 -0.57535947 -0.58010585 -0.58363899 -0.58612646 -0.58777699 -0.58880477 -0.58940215 -0.58972407 -0.58988361 -0.58995562
-0.34345099 -0.34540875 -0.34735614 -0.34929344 -0.35122098 -0.35313919 -0.35504859 -0.3569498 -0.35884356 -0.36073075 -0.36261237 -0.36448964 -0.36636392 -0.36823683 -0.3701102 -0.37198616 -0.37386717 -0.37575605 -0.37765605 -0.37957088 -0.38150485 -0.3834629 -0.38545074 -0.38747494 -0.38954311 -0.39166405 -0.39384796 -0.3961067 -0.39845406 -0.40090609 -0.40348153 -0.40620229 -0.40909392 -0.41218635 -0.41551449 -0.41911902 -0.42304718 -0.42735343 -0.43209994 -0.43735666 -0.44320044 -0.44971288 -0.45697581 -0.46506356 -0.47403088 -0.4838954 -0.49461522 -0.50606377 -0.51800818 -0.53010134 -0.54189942 -0.55291257 -0.56268411 -0.57087696 -0.57733668 -0.58210688 -0.5853939 -0.58749904 -0.58874594 -0.58942453 -0.58976096
-0.34107248 -0.34295114 -0.34481442 -0.34666223 -0.34849449 -0.3503112 -0.35211237 -0.3538981 -0.35566853 -0.35742387 -0.35916444 -0.36089061 -0.36260287 -0.36430184 -0.36598826 -0.367663 -0.36932713 -0.3709819 -0.37262879 -0.37426953 -0.37590614 -0.377541 -0.37917688 -0.38081701 -0.38246515 -0.38412574 -0.38580391 -0.38750571 -0.38923825 -0.39100987 -0.39283042 -0.39471156 -0.39666712 -0.39871355 -0.40087052 -0.40316158 -0.40561499 -0.40826484 -0.41115222 -0.41432676 -0.41784839 -0.42178925 -0.42623568 -0.43128999 -0.43707128 -0.44371429 -0.4513644 -0.46016593 -0.47024002 -0.48164837 -0.49434164 -0.50809889 -0.52247799 -0.53681208 -0.55028785 -0.56211158 -0.57171011 -0.57887253 -0.58376149 -0.58680109 -0.58851355
-0.33935961 -0.34118638 -0.34299438 -0.34478327 -0.34655273 -0.34830246 -0.35003216 -0.3517416 -0.35343055 -0.35509882 -0.35674626 -0.35837278 -0.35997831 -0.36156287 -0.3631265 -0.36466936 -0.36619166 -0.36769371 -0.36917592 -0.37063882 -0.3720831 -0.37350957 -0.37491924 -0.37631334 -0.37769332 -0.37906092 -0.38041822 -0.38176767 -0.38311221 -0.3844553 -0.38580104 -0.38715435 -0.38852107 -0.38990817 -0.39132405 -0.39277882 -0.39428472 -0.39585663 -0.39751277 -0.39927555 -0.40117269 -0.40323868 -0.40551672 -0.40806112 -0.41094057 -0.4142421 -0.41807615 -0.42258236 -0.4279358 -0.43435195 -0.44208708 -0.45142723 -0.46265419 -0.47597222 -0.49138183 -0.50851139 -0.52647646 -0.54390722 -0.5592659 -0.57137594 -0.57983943
-0.338227 -0.34002367 -0.34179938 -0.34355364 -0.34528597 -0.34699591 -0.348683 -0.35034679 -0.35198686 -0.35360278 -0.35519417 -0.35676064 -0.35830185 -0.35981746 -0.3613072 -0.36277078 -0.364208 -0.36561867 -0.36700266 -0.36835987 -0.36969031 -0.370994 -0.37227108 -0.37352176 -0.37474635 -0.37594526 -0.37711906 -0.37826845 -0.3793943 -0.38049769 -0.38157993 -0.38264262 -0.38368767 -0.38471738 -0.38573455 -0.38674252 -0.38774534 -0.38874791 -0.38975619 -0.39077748 -0.39182077 -0.39289718 -0.39402065 -0.3952087 -0.39648366 -0.39787424 -0.39941772 -0.40116308 -0.40317541 -0.40554208 -0.40838157 -0.41185584 -0.41618707 -0.42167934 -0.42874256 -0.43790912 -0.44981613 -0.46509462 -0.48407478 -0.50626 -0.5297959
-0.33759017 -0.33937333 -0.34113415 -0.34287207 -0.34458651 -0.34627693 -0.34794276 -0.34958345 -0.35119848 -0.3527873 -0.3543494 -0.35588427 -0.35739141 -0.35887034 -0.3603206 -0.36174174 -0.36313335 -0.36449502 -0.36582637 -0.36712707 -0.3683968 -0.36963528 -0.37084226 -0.37201756 -0.37316102 -0.37427255 -0.37535209 -0.37639967 -0.37741538 -0.37839939 -0.37935195 -0.38027343 -0.38116428 -0.38202511 -0.38285664 -0.38365978 -0.38443564 -0.38518554 -0.38591108 -0.38661417 -0.38729714 -0.38796278 -0.38861449 -0.38925641 -0.38989368 -0.39053267 -0.39118142 -0.39185017 -0.39255222 -0.39330503 -0.394132 -0.395065 -0.39614843 -0.39744531 -0.39904716 -0.40108986 -0.40377958 -0.40743514 -0.4125562 -0.41992542 -0.43073256
-0.33736878 -0.33915036 -0.34090872 -0.34264325 -0.34435332 -0.34603833 -0.34769768 -0.34933076 -0.35093698 -0.35251575 -0.35406649 -0.35558863 -0.35708161 -0.35854489 -0.35997793 -0.36138022 -0.36275125 -0.36409055 -0.36539765 -0.36667213 -0.36791356 -0.36912158 -0.37029581 -0.37143595 -0.3725417 -0.37361281 -0.37464908 -0.37565033 -0.37661644 -0.37754735 -0.37844303 -0.37930352 -0.38012891 -0.38091937 -0.38167512 -0.38239646 -0.38308378 -0.38373754 -0.3843583 -0.3849467 -0.38550351 -0.38602961 -0.38652601 -0.38699386 -0.38743449 -0.38784942 -0.38824039 -0.38860945 -0.38895898 -0.38929179 -0.38961131 -0.38992171 -0.39022827 -0.39053781 -0.39085939 -0.39120543 -0.3915936 -0.39204991 -0.39261419 -0.39334997 -0.39436318
-0.33748872 -0.33927668 -0.34104078 -0.34278038 -0.34449482 -0.34618346 -0.34784568 -0.34948082 -0.35108828 -0.35266742 -0.35421763 -0.35573832 -0.3572289 -0.35868879 -0.36011742 -0.36151425 -0.36287876 -0.36421045 -0.36550881 -0.36677341 -0.3680038 -0.36919957 -0.37036036 -0.37148582 -0.37257565 -0.37362958 -0.37464738 -0.37562887 -0.37657391 -0.37748241 -0.37835432 -0.37918966 -0.37998851 -0.38075098 -0.38147727 -0.38216763 -0.38282238 -0.3834419 -0.38402665 -0.38457715 -0.38509401 -0.3855779 -0.38602956 -0.38644983 -0.3868396 -0.38719984 -0.38753161 -0.38783602 -0.38811427 -0.38836762 -0.38859739 -0.388805 -0.38899189 -0.38915961 -0.38930978 -0.3894441 -0.3895644 -0.38967268 -0.38977119 -0.3898626 -0.38995022
-0.33788333 -0.33968239 -0.34145702 -0.34320655 -0.3449303 -0.3466276 -0.34829778 -0.34994018 -0.35155415 -0.35313905 -0.35469423 -0.35621908 -0.35771298 -0.35917533 -0.36060555 -0.36200308 -0.36336738 -0.36469793 -0.36599423 -0.36725582 -0.36848226 -0.36967314 -0.37082808 -0.37194676 -0.37302886 -0.37407413 -0.37508237 -0.37605339 -0.3769871 -0.37788341 -0.37874232 -0.37956389 -0.3803482 -0.38109544 -0.38180583 -0.38247968 -0.38311735 -0.38371929 -0.38428601 -0.38481809 -0.38531619 -0.38578105 -0.38621347 -0.38661434 -0.38698461 -0.38732531 -0.38763753 -0.38792242 -0.38818121 -0.38841515 -0.38862558 -0.38881383 -0.38898131 -0.38912941 -0.38925955 -0.38937316 -0.38947163 -0.38955635 -0.38962866 -0.38968985 -0.38974113
-0.33849386 -0.34030623 -0.34209355 -0.34385511 -0.34559022 -0.34729817 -0.34897827 -0.35062982 -0.35225215 -0.35384456 -0.35540642 -0.35693705 -0.35843583 -0.35990213 -0.36133536 -0.36273492 -0.36410027 -0.36543086 -0.36672619 -0.36798578 -0.36920917 -0.37039597 -0.37154579 -0.3726583 -0.3737332 -0.37477025 -0.37576924 -0.37673002 -0.3776525 -0.37853663 -0.37938243 -0.38018998 -0.38095942 -0.38169096 -0.38238489 -0.38304154 -0.38366134 -0.3842448 -0.38479247 -0.38530502 -0.38578317 -0.38622773 -0.38663959 -0.3870197 -0.3873691 -0.3876889 -0.38798029 -0.3882445 -0.38848284 -0.38869667 -0.38888739 -0.38905645 -0.38920533 -0.3893355 -0.38944847 -0.38954574 -0.38962878 -0.38969903 -0.38975791 -0.38980676 -0.38984686
-0.33926948 -0.34109546 -0.34289567 -0.34466937 -0.34641582 -0.34813428 -0.34982402 -0.35148432 -0.35311446 -0.35471373 -0.35628144 -0.3578169 -0.35931945 -0.36078844 -0.36222325 -0.36362326 -0.36498791 -0.36631662 -0.36760888 -0.3688642 -0.37008211 -0.3712622 -0.37240408 -0.37350743 -0.37457194 -0.37559738 -0.37658356 -0.37753033 -0.37843763 -0.37930543 -0.38013378 -0.38092281 -0.38167268 -0.38238365 -0.38305605 -0.3836903 -0.38428687 -0.38484633 -0.38536933 -0.3858566 -0.38630896 -0.38672731 -0.38711263 -0.38746598 -0.38778853 -0.38808149 -0.38834616 -0.38858391 -0.38879617 -0.38898444 -0.38915023 -0.38929514 -0.38942074 -0.38952866 -0.38962049 -0.38969785 -0.38976229 -0.38981533 -0.38985843 -0.38989298 -0.38992026
-0.34016683 -0.3420054 -0.34381734 -0.34560188 -0.34735823 -0.34908563 -0.35078329 -0.35245047 -0.35408639 -0.35569033 -0.35726156 -0.35879935 -0.36030302 -0.36177188 -0.36320529 -0.36460262 -0.36596325 -0.36728663 -0.3685722 -0.36981947 -0.37102797 -0.37219727 -0.37332699 -0.37441681 -0.37546643 -0.37647564 -0.37744425 -0.37837217 -0.37925934 -0.38010579 -0.3809116 -0.38167695 -0.38240206 -0.38308727 -0.38373297 -0.38433965 -0.38490789 -0.38543835 -0.38593178 -0.38638904 -0.38681104 -0.38719884 -0.38755354 -0.38787635 -0.38816858 -0.38843159 -0.38866685 -0.38887588 -0.38906026 -0.38922164 -0.38936169 -0.38948213 -0.38958467 -0.38967104 -0.38974294 -0.38980203 -0.38984993 -0.38988816 -0.38991818 -0.38994133 -0.38995883
-0.34114943 -0.34299868 -0.34482031 -0.34661352 -0.34837746 -0.35011134 -0.35181434 -0.35348566 -0.35512451 -0.35673012 -0.35830173 -0.35983859 -0.36133998 -0.36280519 -0.36423356 -0.36562443 -0.36697718 -0.36829123 -0.36956603 -0.37080108 -0.3719959 -0.37315008 -0.37426326 -0.3753351 -0.37636537 -0.37735385 -0.37830042 -0.379205 -0.3800676 -0.3808883 -0.38166726 -0.38240472 -0.38310099 -0.3837565 -0.38437174 -0.38494732 -0.38548392 -0.38598233 -0.38644344 -0.38686825 -0.38725783 -0.38761337 -0.38793616 -0.38822756 -0.38848903 -0.38872213 -0.38892845 -0.3891097 -0.38926759 -0.38940391 -0.38952045 -0.38961904 -0.38970146 -0.38976951 -0.38982492 -0.38986934 -0.38990437 -0.38993149 -0.38995206 -0.38996731 -0.38997834
