Interpolating SPI Data/spi_stations/interpolated_spi/3-21_2.tif
NCOLS 257
NROWS 141
XLLCORNER -178.27925
YLLCORNER 5.3153543
DX 0.49934803
DY 0.49997533
NODATA_VALUE -9999
[rows 56 to 83 of 141, columns 0 to 62 of 257]
0.81950668 0.81853447 0.81759007 0.81667362 0.81578521 0.81492491 0.81409277 0.81328877 0.8125129 0.81176508 0.8110452 0.81035312 0.80968865 0.80905157 0.80844161 0.80785847 0.80730181 0.80677122 0.80626629 0.80578653 0.80533142 0.8049004 0.80449286 0.80410813 0.80374552 0.80340427 0.80308356 0.80278254 0.80250028 0.80223578 0.80198796 0.80175567 0.80153762 0.80133239 0.80113838 0.80095374 0.80077633 0.80060354 0.80043216 0.80025813 0.80007611 0.79987895 0.79965675 0.79939546 0.79907461 0.79866362 0.79811567 0.79735752 0.79627204 0.79466864 0.79223373 0.78845195 0.78249818 0.77314986 0.75892093 0.73885903 0.71420983 0.68936449 0.66943314 0.65644417 0.64907346 0.64500127 0.64247432
0.81950201 0.81853564 0.81759673 0.8166854 0.81580174 0.81494582 0.81411765 0.81331722 0.81254449 0.81179937 0.81108175 0.81039146 0.8097283 0.80909204 0.80848239 0.80789903 0.80734159 0.80680966 0.80630277 0.80582041 0.80536203 0.80492702 0.80451471 0.80412437 0.80375523 0.80340641 0.803077 0.80276598 0.80247222 0.80219448 0.80193139 0.80168137 0.80144263 0.80121308 0.80099022 0.80077102 0.80055175 0.80032763 0.80009248 0.79983808 0.79955322 0.79922233 0.79882325 0.79832382 0.79767637 0.79680896 0.79561115 0.79391106 0.79143927 0.78777498 0.78227692 0.77402973 0.76191349 0.74502939 0.72367724 0.70034889 0.67913038 0.66316235 0.6529037 0.64690404 0.64339219 0.64108823 0.63927289
0.81950688 0.8185454 0.817611 0.81670379 0.81582384 0.81497119 0.81414585 0.8133478 0.81257696 0.81183324 0.8111165 0.81042655 0.80976317 0.80912609 0.80851501 0.80792956 0.80736933 0.80683386 0.80632265 0.80583511 0.80537062 0.80492848 0.80450791 0.80410805 0.80372797 0.80336662 0.80302281 0.80269522 0.80238235 0.80208248 0.8017936 0.80151335 0.8012389 0.80096678 0.80069271 0.80041125 0.80011539 0.79979592 0.79944049 0.79903224 0.7985477 0.7979537 0.79720248 0.79622429 0.79491581 0.7931225 0.7906122 0.78703813 0.78189422 0.77448263 0.76395363 0.74954347 0.73114336 0.71004405 0.6890631 0.67130124 0.65840278 0.65009109 0.64505935 0.64195993 0.63983523 0.6381305 0.63656855
0.81951665 0.81855896 0.81762792 0.81672361 0.81584609 0.81499539 0.81417148 0.81337431 0.8126038 0.81185981 0.81114218 0.81045067 0.80978504 0.80914496 0.80853008 0.80793997 0.80737415 0.8068321 0.80631319 0.80581674 0.80534198 0.80488806 0.804454 0.8040387 0.80364093 0.80325926 0.80289207 0.80253747 0.80219322 0.8018567 0.80152473 0.80119341 0.80085793 0.80051223 0.80014855 0.79975679 0.79932363 0.79883118 0.79825509 0.7975617 0.79670384 0.79561458 0.79419796 0.79231539 0.7897664 0.78626297 0.78140061 0.7746388 0.76532614 0.75283956 0.73691999 0.71817302 0.69837895 0.68004742 0.66524192 0.6546653 0.64776059 0.64343108 0.64064331 0.63866396 0.63705438 0.63558422 0.63414778
0.81952586 0.8185706 0.81764149 0.81673859 0.81586192 0.81501148 0.81418722 0.81338904 0.81261683 0.8118704 0.81114953 0.81045395 0.80978332 0.80913727 0.80851533 0.807917 0.80734167 0.80678868 0.80625723 0.80574646 0.80525535 0.80478276 0.80432737 0.80388766 0.80346187 0.80304793 0.80264339 0.80224534 0.80185026 0.80145387 0.80105086 0.80063458 0.8001966 0.7997261 0.79920897 0.79862658 0.79795407 0.79715778 0.79619167 0.79499214 0.7934706 0.79150307 0.78891608 0.78546891 0.78083471 0.77458897 0.76622662 0.75524716 0.7413574 0.72479542 0.70662418 0.68866284 0.6728576 0.6604528 0.65162428 0.64575364 0.64194557 0.63939758 0.63753596 0.63600633 0.6346137 0.63326295 0.63191558
0.81952795 0.81857346 0.81764451 0.81674112 0.8158633 0.81501098 0.81418406 0.81338241 0.81260583 0.81185408 0.81112685 0.81042379 0.80974445 0.80908834 0.80845485 0.80784332 0.80725294 0.80668282 0.80613189 0.80559896 0.80508262 0.80458123 0.8040929 0.80361538 0.80314602 0.80268162 0.80221836 0.80175156 0.80127548 0.80078297 0.80026504 0.79971026 0.79910395 0.79842704 0.79765447 0.79675302 0.79567825 0.79437019 0.79274748 0.79069943 0.78807572 0.78467403 0.78022774 0.77439938 0.76679287 0.75700778 0.74476502 0.73011492 0.71366465 0.69664925 0.68065819 0.66707077 0.65656987 0.64906356 0.64396585 0.64055216 0.63819045 0.63642322 0.63495878 0.6336295 0.63234882 0.63107848 0.62980705
0.81951512 0.81855929 0.81762826 0.816722 0.81584043 0.81498346 0.8141509 0.81334253 0.81255806 0.81179716 0.81105938 0.81034424 0.80965113 0.80897936 0.80832811 0.80769644 0.80708325 0.80648727 0.80590699 0.80534068 0.8047863 0.80424141 0.80370317 0.80316813 0.80263217 0.80209029 0.80153634 0.80096275 0.8003601 0.7997165 0.79901691 0.79824204 0.797367 0.79635935 0.79517655 0.79376248 0.79204276 0.78991872 0.78725989 0.78389542 0.77960605 0.77412056 0.767125 0.7582984 0.74739301 0.73436865 0.71955609 0.70376034 0.68817558 0.67406319 0.66234038 0.65333636 0.64683883 0.64232765 0.63921613 0.63699937 0.63530623 0.63389278 0.632613 0.6313874 0.63017799 0.62897093 0.62776581
0.81947809 0.81851826 0.81758229 0.81667007 0.81578145 0.81491622 0.81407411 0.81325476 0.81245777 0.81168261 0.81092868 0.81019526 0.80948152 0.80878645 0.80810891 0.80744754 0.80680076 0.80616671 0.80554321 0.80492769 0.80431707 0.80370771 0.80309521 0.80247427 0.80183845 0.80117982 0.80048863 0.79975272 0.79895684 0.79808176 0.79710299 0.79598917 0.79469992 0.79318301 0.79137071 0.78917519 0.78648307 0.78314942 0.77899262 0.77379261 0.76729799 0.75925034 0.7494367 0.7377776 0.72444082 0.70993685 0.69511852 0.68102327 0.66859108 0.65840137 0.6505734 0.64485308 0.6407925 0.63791423 0.63580943 0.63417244 0.63279642 0.63155276 0.63036795 0.62920432 0.62804599 0.62688968 0.62573909
0.81940584 0.81843864 0.81749408 0.81657196 0.815672 0.81479386 0.81393711 0.81310122 0.81228557 0.81148942 0.81071187 0.8099519 0.80920829 0.80847961 0.8077642 0.80706008 0.80636493 0.80567604 0.80499016 0.80430344 0.80361126 0.80290809 0.80218723 0.80144051 0.80065795 0.79982726 0.79893319 0.79795674 0.79687405 0.79565507 0.79426173 0.79264569 0.79074545 0.78848293 0.78575944 0.78245159 0.77840793 0.77344839 0.76736975 0.7599627 0.75104703 0.7405302 0.72848586 0.71523056 0.70135454 0.68765804 0.67498288 0.66400013 0.65505778 0.64815684 0.64304097 0.63932969 0.63663175 0.63461186 0.63301494 0.63166351 0.6304432 0.62928564 0.62815356 0.62702936 0.62590726 0.62478826 0.62367692
0.81928533 0.81830649 0.81734872 0.81641166 0.81549488 0.81459782 0.81371985 0.81286017 0.81201788 0.81119187 0.81038089 0.80958341 0.80879769 0.80802165 0.80725287 0.80648847 0.80572507 0.80495864 0.8041844 0.80339661 0.8025884 0.80175145 0.80087568 0.79994877 0.79895563 0.79787766 0.79669185 0.79536959 0.7938752 0.79216413 0.79018072 0.78785558 0.78510272 0.78181668 0.77787045 0.77311551 0.76738619 0.76051181 0.75234092 0.74278086 0.73185211 0.71974631 0.70686375 0.69379752 0.68124392 0.66985606 0.66009851 0.65216719 0.64600067 0.64135863 0.63791959 0.63536034 0.63340276 0.63183143 0.63049251 0.62928346 0.62814043 0.62702661 0.62592295 0.62482149 0.62372082 0.62262312 0.62153226
0.81910127 0.81810541 0.81712858 0.8161702 0.8152296 0.81430596 0.81339831 0.81250553 0.81162626 0.81075894 0.80990172 0.80905245 0.80820859 0.80736715 0.80652462 0.80567683 0.80481888 0.8039449 0.80304789 0.80211947 0.80114955 0.80012594 0.79903381 0.79785514 0.79656786 0.79514491 0.79355306 0.79175139 0.78968964 0.78730618 0.78452596 0.78125856 0.7773969 0.7728176 0.76738451 0.76095755 0.75340964 0.74465403 0.73468203 0.7236059 0.71169323 0.69937261 0.68719192 0.67572784 0.66547219 0.65673891 0.64962701 0.64404544 0.63977709 0.63655051 0.63409656 0.63218208 0.63062328 0.62928559 0.6280765 0.62693613 0.62582821 0.6247325 0.62363913 0.62254454 0.62144878 0.62035359 0.61926119
0.81883584 0.81781626 0.81681304 0.81582531 0.81485207 0.81389213 0.8129441 0.81200634 0.81107692 0.81015362 0.8092338 0.80831438 0.80739176 0.80646167 0.80551909 0.80455811 0.80357167 0.80255141 0.80148731 0.80036738 0.79917723 0.79789948 0.79651312 0.79499273 0.79330744 0.79141983 0.78928458 0.78684697 0.78404142 0.78079014 0.77700241 0.77257509 0.76739544 0.76134773 0.75432525 0.74624948 0.73709665 0.72692893 0.71592301 0.70438364 0.69272833 0.6814363 0.67096981 0.66169197 0.65381032 0.64736376 0.64225034 0.63827782 0.63521656 0.63284065 0.63095279 0.62939475 0.62804789 0.62682825 0.62567956 0.62456614 0.6234668 0.62236999 0.62127025 0.62016567 0.61905611 0.61794197 0.6168232
0.81846848 0.81741687 0.81637816 0.81535109 0.81433422 0.81332586 0.81232403 0.81132641 0.81033031 0.80933258 0.80832952 0.80731684 0.80628945 0.80524141 0.80416569 0.80305399 0.80189647 0.80068145 0.79939501 0.79802053 0.79653813 0.79492401 0.79314966 0.79118092 0.78897698 0.78648928 0.78366041 0.78042326 0.77670061 0.77240573 0.76744464 0.76172107 0.75514521 0.74764734 0.73919663 0.72982398 0.71964446 0.70887239 0.6978194 0.68686838 0.67642354 0.66684757 0.65840505 0.65122998 0.64532506 0.64058778 0.63684976 0.63391607 0.63159567 0.6297202 0.62815232 0.62678675 0.62554694 0.62437987 0.62325053 0.62213697 0.62102621 0.61991107 0.6187879 0.61765484 0.61651065 0.61535372 0.61418125
0.81797572 0.81688191 0.81579655 0.81471788 0.81364387 0.81257215 0.81149999 0.81042417 0.80934096 0.80824603 0.8071343 0.80599984 0.8048357 0.80363371 0.80238427 0.80107608 0.79969576 0.79822751 0.79665263 0.79494892 0.79309013 0.79104515 0.78877728 0.78624341 0.78339323 0.78016866 0.77650369 0.77232498 0.7675537 0.76210927 0.75591585 0.74891214 0.74106492 0.73238569 0.72294804 0.71290141 0.70247526 0.69196767 0.68171592 0.67205274 0.66325894 0.65552561 0.64893665 0.64347387 0.63903957 0.63548712 0.6326504 0.63036671 0.62849128 0.62690411 0.62551119 0.62424245 0.62304785 0.62189313 0.62075577 0.61962154 0.61848177 0.61733119 0.61616643 0.61498475 0.61378314 0.61255749 0.61130181
0.8173311 0.81618282 0.81503733 0.81389222 0.8127447 0.81159156 0.81042905 0.80925282 0.80805784 0.80683823 0.80558717 0.80429669 0.80295747 0.80155864 0.80008744 0.79852891 0.79686551 0.79507666 0.79313821 0.79102192 0.7886948 0.78611857 0.78324905 0.78003587 0.77642236 0.7723462 0.76774084 0.76253848 0.75667478 0.75009615 0.74276955 0.73469467 0.72591721 0.71654057 0.70673216 0.69672004 0.68677696 0.67719196 0.66823469 0.66012084 0.65298763 0.64688525 0.64178421 0.63759425 0.63418794 0.63142311 0.62916033 0.62727426 0.62565938 0.62423136 0.62292581 0.62169546 0.62050686 0.61933708 0.61817085 0.61699815 0.61581233 0.61460857 0.61338281 0.61213077 0.61084718 0.609525 0.60815459
0.8165053 0.81528793 0.81406627 0.81283707 0.81159661 0.81034057 0.80906398 0.80776108 0.80642518 0.80504858 0.80362228 0.80213588 0.80057726 0.79893234 0.79718473 0.79531539 0.79330219 0.7911195 0.78873771 0.78612278 0.7832359 0.78003322 0.77646594 0.77248083 0.76802142 0.7630303 0.7574527 0.75124187 0.74436627 0.73681863 0.72862598 0.71985919 0.71063955 0.70113956 0.69157511 0.68218824 0.67322217 0.66489336 0.65736683 0.65074071 0.64504277 0.64023822 0.63624515 0.6329529 0.63023927 0.62798406 0.62607811 0.62442811 0.62295809 0.62160872 0.62033532 0.61910526 0.61789538 0.61668956 0.6154766 0.61424858 0.61299941 0.6117238 0.61041636 0.60907076 0.60767903 0.60623074 0.60471208
0.81546636 0.81416283 0.81284625 0.81151238 0.81015633 0.80877248 0.80735434 0.80589447 0.80438427 0.8028138 0.80117161 0.79944451 0.79761723 0.79567221 0.7935892 0.79134498 0.78891296 0.78626289 0.78336058 0.78016779 0.77664234 0.77273855 0.76840826 0.7636026 0.75827474 0.75238391 0.74590076 0.73881409 0.73113845 0.72292181 0.71425155 0.70525707 0.69610678 0.6869983 0.67814198 0.66974009 0.66196546 0.6549443 0.64874652 0.64338518 0.63882384 0.63498901 0.63178453 0.62910492 0.62684602 0.62491222 0.62322064 0.62170257 0.62030321 0.6189803 0.61770211 0.61644537 0.61519326 0.61393358 0.61265726 0.61135709 0.61002667 0.60865957 0.60724853 0.60578475 0.6042571 0.60265126 0.60094861
0.81418029 0.81277099 0.81133806 0.80987604 0.80837869 0.80683882 0.80524825 0.80359757 0.80187598 0.80007115 0.79816891 0.79615309 0.79400522 0.79170425 0.78922633 0.78654453 0.78362872 0.78044544 0.77695811 0.77312737 0.76891195 0.76427004 0.75916142 0.75355052 0.7474104 0.74072787 0.73350924 0.72578632 0.71762168 0.70911183 0.7003868 0.69160512 0.68294347 0.67458213 0.66668808 0.65939911 0.65281186 0.64697599 0.64189511 0.63753324 0.63382495 0.63068657 0.62802668 0.62575455 0.6237861 0.62204736 0.62047598 0.61902129 0.61764325 0.61631111 0.6150016 0.61369735 0.61238531 0.61105541 0.60969941 0.60830991 0.60687954 0.60540021 0.60386236 0.60225426 0.60056109 0.59876396 0.59683852
0.81261187 0.81107484 0.80950162 0.80788538 0.80621831 0.80449153 0.80269492 0.80081697 0.79884458 0.79676289 0.79455504 0.792202 0.78968236 0.78697215 0.78404472 0.78087078 0.77741846 0.77365374 0.76954107 0.76504452 0.76012941 0.75476464 0.74892573 0.7425987 0.73578441 0.72850337 0.72080002 0.71274595 0.70444088 0.69601038 0.68759983 0.67936469 0.67145801 0.66401716 0.65715207 0.650937 0.64540711 0.64056006 0.6363616 0.63275371 0.62966347 0.62701136 0.62471801 0.62270912 0.62091845 0.61928929 0.61777465 0.61633668 0.61494555 0.61357816 0.61221671 0.61084743 0.60945938 0.6080434 0.60659119 0.60509452 0.60354453 0.60193099 0.60024156 0.59846098 0.59657004 0.59454423 0.592352
0.81072589 0.80903714 0.80729767 0.80549911 0.80363202 0.80168568 0.79964799 0.79750532 0.79524232 0.79284177 0.79028445 0.78754899 0.78461183 0.78144721 0.77802732 0.77432262 0.77030237 0.76593554 0.76119212 0.75604484 0.75047161 0.74445836 0.73800249 0.73111652 0.7238317 0.71620089 0.70830011 0.70022796 0.69210232 0.68405411 0.67621858 0.66872495 0.66168615 0.65519013 0.64929421 0.64402318 0.63937112 0.63530619 0.63177705 0.62872005 0.62606575 0.62374446 0.62169027 0.61984369 0.61815297 0.61657452 0.61507251 0.61361812 0.61218845 0.61076545 0.60933474 0.60788462 0.6064051 0.60488706 0.6033215 0.60169881 0.60000811 0.59823648 0.59636815 0.59438341 0.59225728 0.58995754 0.5874418
0.80848874 0.80662288 0.80468993 0.80267996 0.80058182 0.79838301 0.79606957 0.79362593 0.79103482 0.78827718 0.78533213 0.78217698 0.77878738 0.77513758 0.77120091 0.76695046 0.76236012 0.75740597 0.75206811 0.74633286 0.74019543 0.73366277 0.7267565 0.71951542 0.71199724 0.70427887 0.69645485 0.68863361 0.68093155 0.67346548 0.66634421 0.65966069 0.65348557 0.64786335 0.64281145 0.63832197 0.6343657 0.63089734 0.62786117 0.62519638 0.62284156 0.62073805 0.61883224 0.61707685 0.61543136 0.61386189 0.61234061 0.61084494 0.60935665 0.60786089 0.60634529 0.60479913 0.60321252 0.60157571 0.59987837 0.59810893 0.59625379 0.59429644 0.59221631 0.58998716 0.58757471 0.58493271 0.58199601
0.80587033 0.8038015 0.8016477 0.79939752 0.79703823 0.79455576 0.79193461 0.78915774 0.78620661 0.7830612 0.77970013 0.77610089 0.77224022 0.76809471 0.76364156 0.75885972 0.75373131 0.74824328 0.74238953 0.73617315 0.72960874 0.72272458 0.71556427 0.7081875 0.7006695 0.69309896 0.68557415 0.67819765 0.6710699 0.66428249 0.65791211 0.65201582 0.64662845 0.64176214 0.63740806 0.63353971 0.63011712 0.62709146 0.6244093 0.62201634 0.61986021 0.61789249 0.61606989 0.61435472 0.61271495 0.61112374 0.60955889 0.6080021 0.60643812 0.60485401 0.60323837 0.60158056 0.59987009 0.59809584 0.5962454 0.59430423 0.59225458 0.59007415 0.58773392 0.5851947 0.58240108 0.57926982 0.57566638
0.80284629 0.80054937 0.79814868 0.79563151 0.7929839 0.79019063 0.78723522 0.78409995 0.78076599 0.77721359 0.77342243 0.76937202 0.76504242 0.76041504 0.75547381 0.75020647 0.74460621 0.73867345 0.73241767 0.72585928 0.71903106 0.71197914 0.70476302 0.69745456 0.69013559 0.68289429 0.67582051 0.66900043 0.66251124 0.65641644 0.65076242 0.64557665 0.64086755 0.63662605 0.63282825 0.62943893 0.62641518 0.62370994 0.62127505 0.61906364 0.61703188 0.61514003 0.61335305 0.61164061 0.60997689 0.60834011 0.60671195 0.60507686 0.60342136 0.60173338 0.60000153 0.59821446 0.59636009 0.59442485 0.59239265 0.59024358 0.58795192 0.58548294 0.58278734 0.57979091 0.57637416 0.57232976 0.56726917
0.79940032 0.7968524 0.79418178 0.79137484 0.7884169 0.78529226 0.78198427 0.77847559 0.77474835 0.7707846 0.7665668 0.76207852 0.75730531 0.75223574 0.74686271 0.74118479 0.73520779 0.7289462 0.72242452 0.71567826 0.70875425 0.7017103 0.69461382 0.68753946 0.68056575 0.6737711 0.66722944 0.66100595 0.65515349 0.64971003 0.64469742 0.64012148 0.6359733 0.63223148 0.62886495 0.62583595 0.62310293 0.62062303 0.61835422 0.6162567 0.614294 0.61243344 0.61064633 0.60890783 0.60719662 0.60549439 0.60378529 0.60205535 0.60029176 0.59848227 0.59661444 0.59467484 0.59264809 0.59051553 0.5882533 0.58582933 0.5831981 0.58029128 0.57699981 0.57313816 0.56836982 0.56204547 0.55283887
0.79552642 0.79270844 0.78974969 0.78663624 0.78335336 0.77988573 0.77621763 0.77233325 0.76821712 0.76385469 0.75923294 0.7543413 0.74917263 0.74372428 0.73799938 0.73200801 0.72576834 0.71930757 0.71266241 0.70587912 0.69901278 0.69212581 0.68528569 0.67856206 0.67202322 0.66573262 0.6597455 0.65410607 0.64884568 0.64398188 0.63951865 0.63544752 0.6317494 0.62839687 0.62535665 0.62259193 0.62006452 0.61773658 0.61557196 0.61353705 0.61160138 0.6097378 0.60792238 0.60613423 0.60435508 0.60256877 0.6007607 0.59891724 0.59702499 0.59507 0.59303679 0.59090704 0.58865773 0.58625813 0.58366495 0.5808137 0.57760289 0.57386366 0.56929957 0.56336264 0.55499032 0.54203567 0.52002967
0.79123075 0.78812913 0.7848707 0.78144189 0.77782881 0.77401751 0.76999431 0.76574625 0.76126164 0.75653072 0.75154646 0.74630547 0.74080893 0.73506362 0.72908289 0.72288743 0.71650594 0.70997525 0.70334006 0.69665212 0.68996866 0.68335036 0.67685872 0.67055325 0.6644885 0.65871144 0.65325931 0.64815815 0.64342224 0.63905429 0.6350464 0.63138158 0.62803564 0.62497917 0.62217949 0.61960247 0.61721398 0.61498106 0.61287272 0.61086049 0.60891859 0.60702397 0.6051561 0.60329666 0.60142909 0.59953801 0.59760864 0.59562596 0.59357379 0.59143343 0.58918185 0.58678875 0.584212 0.58138964 0.57822583 0.57456502 0.57014264 0.56448872 0.55673377 0.54521096 0.52663725 0.49448074 0.43608651
0.7865329 0.78314104 0.77957946 0.77583582 0.77189796 0.76775434 0.76339443 0.75880925 0.75399201 0.74893885 0.74364958 0.73812852 0.73238531 0.72643562 0.72030176 0.71401293 0.70760526 0.70112131 0.69460913 0.68812084 0.68171077 0.67543317 0.66933988 0.66347795 0.6578875 0.65260005 0.64763744 0.6430114 0.63872378 0.63476733 0.63112696 0.62778129 0.62470426 0.62186682 0.61923836 0.616788 0.61448562 0.61230256 0.61021212 0.60818977 0.60621319 0.60426211 0.602318 0.60036368 0.59838267 0.59635853 0.59427388 0.59210911 0.58984055 0.58743767 0.5848587 0.58204333 0.57890016 0.57528454 0.57095794 0.56551199 0.55822256 0.54776532 0.53165845 0.50519496 0.45956751 0.37939876 0.24280425
0.78146626 0.77778557 0.77392649 0.76987868 0.76563265 0.76118016 0.75651473 0.75163224 0.74653153 0.7412151 0.73568976 0.72996727 0.72406488 0.71800567 0.71181869 0.70553876 0.69920588 0.69286436 0.68656142 0.68034554 0.67426457 0.66836375 0.66268375 0.65725899 0.65211635 0.64727428 0.64274253 0.63852236 0.63460718 0.63098361 0.62763271 0.62453136 0.62165362 0.61897196 0.61645835 0.61408515 0.61182575 0.609655 0.60754943 0.60548724 0.60344823 0.60141343 0.59936463 0.59728375 0.5951519 0.59294818 0.59064782 0.58821958 0.58562153 0.58279438 0.57965032 0.57605386 0.5717882 0.56649462 0.55956106 0.54991457 0.53563235 0.51322528 0.47639855 0.41428066 0.31034635 0.1470128 -0.075945997
