Interpolating SPI Data/spi_stations/interpolated_spi/3-21_3.tif
NCOLS 257
NROWS 141
XLLCORNER -178.27925
YLLCORNER 5.3153543
DX 0.49934803
DY 0.49997533
NODATA_VALUE -9999
[rows 56 to 83 of 141, columns 63 to 125 of 257]
0.37550513 0.37167783 0.36774065 0.36368 0.3595358 0.35537768 0.35129471 0.34738813 0.34376226 0.34051307 0.33771552 0.33541257 0.33360881 0.33227094 0.33133521 0.33071982 0.33033868 0.33011266 0.32997538 0.32987148 0.32974342 0.32949144 0.32883909 0.32679835 0.31924805 0.28346043 0.060177983 0.020264954 0.020191054 0.020442855 0.021697485 0.032733788 0.16865742 0.36231249 0.36995981 0.36998903 0.35637545 -0.30915567 -0.31 -0.31 -0.31 -0.31000415 0.27980934 0.27999996 0.28 0.28 0.28 0.27619451 0.26 0.26 0.24 0.24 0.06 -0.25758385 -0.26 -0.26 -0.38385469 -0.41 -0.44372714 -0.92 -0.92 -0.92 -0.91957371
0.36991122 0.36624101 0.36248306 0.35866769 0.35485015 0.3511012 0.34750089 0.344132 0.34107207 0.33838465 0.33611127 0.33426587 0.33283348 0.33177336 0.33102615 0.33052299 0.33019408 0.32997426 0.32980303 0.32961515 0.32931104 0.32866976 0.32706752 0.3224337 0.30506662 0.16375431 0.023056059 0.020719531 0.021428065 0.024037562 0.037323625 0.12207023 0.32318029 0.3683849 0.36993561 0.36694454 -0.10594815 -0.30991912 -0.30999999 -0.31 -0.30999992 0.27844856 0.28 0.28 0.28 0.28 0.28 0.27000001 0.27 0.26 0.24 0.060000516 0.06 0.059382627 -0.84 -0.84 -0.83997495 -0.46 -0.46 -0.46 0.07 0.07 0.07
0.36511965 0.36162242 0.35808537 0.35455199 0.35107872 0.34772964 0.34457141 0.3416677 0.33907288 0.33682604 0.33494642 0.33343114 0.33225612 0.33137972 0.33074839 0.33030267 0.3299816 0.32972333 0.3294584 0.32908803 0.32842526 0.32702917 0.32366041 0.313295 0.24547053 0.042884477 0.022115673 0.023308314 0.027530381 0.042514187 0.10351322 0.26179712 0.35711497 0.36918458 0.36779245 0.26723268 -0.29059657 -0.30996561 -0.30999997 -0.30999949 -0.04837785 0.27999999 0.28 0.28 0.28 0.28 0.27999994 0.27 0.27 0.27 0.24 0.0600015 0.06 -0.84 -0.84 -0.84 -0.83999745 -0.46 -0.46 -0.46 0.07 0.07 0.07
0.36101124 0.3577105 0.35441613 0.35117324 0.34803353 0.34505135 0.34227948 0.33976466 0.33754301 0.33563625 0.33404929 0.3327698 0.33176977 0.33100862 0.33043705 0.33000005 0.32963744 0.32927888 0.32882787 0.32812059 0.32681898 0.32407966 0.31685382 0.28161067 0.10350938 0.026708723 0.026227361 0.032000602 0.048042471 0.096021082 0.21093306 0.32782033 0.36426526 0.36716415 0.33441693 -0.079142785 -0.3055976 -0.30997058 -0.30999658 -0.28168643 0.27991998 0.27999749 0.27999995 0.28 0.28 0.27999999 0.27 0.27 0.27 0.27 0.26999997 0.059492446 -0.51 -0.51106472 -0.84 -0.84 -0.83995334 -0.46 -0.46 0.23999997 0.24 0.23999854 0.058715276
0.35748848 0.35439632 0.35134767 0.34838448 0.34555137 0.34289243 0.34044788 0.33825058 0.33632291 0.3346745 0.33330113 0.33218495 0.33129596 0.33059413 0.33003117 0.32955065 0.32908404 0.32853872 0.32776802 0.32649644 0.32409176 0.31847275 0.29707437 0.18090045 0.042808374 0.030544624 0.037193947 0.053702962 0.093430654 0.177963 0.28755012 0.34954037 0.36384346 0.34810149 0.17120271 -0.24358703 -0.30805868 -0.30951037 -0.062767229 0.090532471 0.090095418 0.090007767 0.090000209 0.090000001 0.089999999 0.077433859 -0.21 -0.21 -0.20999914 0.2610531 -0.18979873 -0.51 -0.51 -0.51 -0.51 -0.51018069 0.16 0.16 0.16 0.24 0.24 0.24 -0.46
0.35446076 0.3515768 0.34876349 0.34605763 0.3434962 0.3411138 0.33893992 0.33699645 0.3352956 0.33383849 0.33261468 0.33160252 0.33077003 0.33007566 0.3294679 0.32888194 0.32823024 0.32737969 0.32609503 0.32386663 0.31914772 0.30435216 0.23483371 0.081584943 0.03810634 0.042952024 0.059346343 0.093264743 0.15782509 0.24937612 0.32399493 0.35458847 0.350193 0.26865643 -0.060238289 -0.28164813 -0.1027601 0.08953249 0.090000086 0.090000004 0.09 0.09 0.09 0.09 0.09 0.09 -0.21 -0.21 -0.21 -0.19 -0.19 -0.50999987 -0.51 -0.51 -0.51 -0.50999996 0.16 0.16 0.16 0.16 0.24 -0.46 -0.46
0.35184402 0.34915838 0.34656151 0.34408449 0.341757 0.33960524 0.33764989 0.33590422 0.33437273 0.33305018 0.33192132 0.33096089 0.33013365 0.32939348 0.32868032 0.32791241 0.32696776 0.3256382 0.32349057 0.31930367 0.30804751 0.26447109 0.13726528 0.053589667 0.049609145 0.064898412 0.094383394 0.14552215 0.21927931 0.29317518 0.33748472 0.34558868 0.30226463 0.11092717 -0.072953579 0.085561154 0.089988498 0.089999997 0.09 0.09 0.09 0.09 0.09 0.09 0.09 0.09 0.09 -0.21 -0.21 -0.19 -0.19 -0.19 -0.51 -0.51 -0.51 -0.50897629 0.16 0.16 0.16 0.15996299 -0.14 -0.45999998 -0.46
0.34956227 0.3470587 0.34465456 0.34237526 0.34024384 0.33827933 0.33649511 0.33489758 0.33348503 0.33224698 0.33116361 0.33020524 0.32933107 0.32848621 0.32759477 0.32654405 0.32514493 0.32301531 0.31914936 0.30997354 0.28034296 0.18877464 0.081819358 0.058631013 0.070466624 0.096208826 0.13792665 0.1972626 0.26345339 0.31426296 0.33437969 0.31189512 0.18491475 0.08033616 0.089730138 0.089998447 0.08999999 0.089999999 0.09 0.09 0.09 0.09 0.09 0.09 0.09 0.09 0.09 -0.209164 -0.19 -0.19 -0.19 -0.19655071 -0.83 -0.83 -0.83 -0.83 0.034067109 -0.069990298 -0.070000008 -0.14 -0.14 -0.14 -0.4314572
0.34754842 0.34520678 0.34296924 0.3408559 0.33888391 0.33706612 0.33540979 0.33391549 0.33257616 0.33137627 0.33029084 0.32928396 0.32830577 0.327286 0.32611966 0.32463167 0.32247657 0.3188013 0.31093497 0.28918751 0.22547006 0.12072701 0.072669995 0.07658262 0.098472855 0.13322114 0.18149518 0.23813164 0.28879348 0.31696392 0.30113183 0.15135453 0.089492099 0.089862902 0.089979751 0.089997134 0.089999716 0.089999976 0.089999998 0.09 0.09 0.09 0.09 0.09 0.09 0.09 0.09 -0.45 -0.44968632 -0.19054868 -1.01 -1.01 -0.83 -0.83 -0.83 -0.83 -0.07 -0.07 -0.07 -0.14 -0.14 -0.14 -0.14014512
0.3457442 0.34354222 0.34144426 0.33946554 0.33761795 0.33590895 0.33434042 0.33290767 0.33159839 0.33039148 0.32925527 0.32814446 0.32699383 0.32570483 0.32411319 0.32190171 0.31833235 0.31133262 0.29434277 0.24900485 0.16106836 0.093852121 0.084407174 0.10119564 0.1303548 0.17016715 0.21776056 0.2639797 0.29127723 0.23961694 0.080657358 0.067451834 0.077246657 0.083888282 0.087581832 0.08925833 0.089838667 0.089978031 0.08999838 0.089999922 0.089999991 0.089999998 0.089999999 0.089999999 0.089998828 -0.44998958 -0.45 -0.45 -0.45 -1.01 -1.01 -1.01 -0.83 -0.83 -0.83 -0.83 -0.07 -0.07 -0.07 -0.070001818 -0.14 -0.48991896 -0.49
0.34409962 0.342014 0.34002851 0.33815388 0.33639724 0.33476113 0.33324238 0.33183105 0.33050906 0.32924827 0.32800728 0.32672522 0.32530889 0.32360284 0.32131314 0.31779264 0.3113876 0.29744776 0.26381709 0.19502835 0.12122358 0.095470059 0.1047403 0.12869282 0.16161704 0.20002136 0.23024738 0.17908286 -0.12158249 -0.28085359 -0.28155421 -0.26384168 -0.24055428 -0.21093016 -0.17363536 -0.12783025 -0.074388845 -0.017763467 0.033067431 0.068184686 0.084737566 0.08929281 0.088808092 -0.28015673 -0.44999992 -0.45 -0.45 -0.45 -0.45 -1.01 -1.01 -1.01 -1.0085941 -0.83 -0.83 -0.83 -0.07 -0.07 -0.07 -0.07 -0.49 -0.49 -0.49
0.34257206 0.34057913 0.33867928 0.33687904 0.33518106 0.33358309 0.33207681 0.33064643 0.32926658 0.32789905 0.32648659 0.32494048 0.32311281 0.32072993 0.31721929 0.31123315 0.29935047 0.27329133 0.22042135 0.15067214 0.11067543 0.10951671 0.12682363 0.14946088 0.155093 0.035790865 -0.34983672 -0.56734773 -0.60686277 -0.62019939 -0.63105011 -0.64089431 -0.64950406 -0.65661569 -0.66206705 -0.6658557 -0.66816789 -0.66935293 -0.6698318 -0.66997135 -0.66999726 -0.66999986 -0.66999994 -0.66999526 -0.54694377 -0.45 -0.45 -0.45 -0.45 -1.0080905 -1.01 -1.01 -1.0099976 -0.83 -0.83 -0.798529 -0.069983452 -0.07 -0.07 -0.072036136 -0.49 -0.49 -0.49
0.34112526 0.33920124 0.33736049 0.33560543 0.33393424 0.33233963 0.3308074 0.32931431 0.32782465 0.32628409 0.32460767 0.3226543 0.32016868 0.31664116 0.31095529 0.30051723 0.27950487 0.23841114 0.17764871 0.12867671 0.11321137 0.11283761 0.083224657 -0.093549692 -0.44362857 -0.61842661 -0.65254698 -0.65984677 -0.66347488 -0.66602344 -0.66777915 -0.66888936 -0.66951681 -0.66982409 -0.66994919 -0.66998918 -0.66999847 -0.66999988 -0.67 -0.67 -0.67 -0.67 -0.67 -0.67 -0.67 -0.67 -0.66999997 -0.45000171 -0.45 -0.64205646 -1.0079784 -0.55000001 -0.55 -0.55 0.049864763 0.05 0.05 0.05 -0.056173164 -0.48999432 -0.49 -0.49 -0.49
0.33972811 0.33784911 0.33604087 0.33430161 0.33262461 0.33099673 0.3293962 0.32778921 0.32612376 0.32431815 0.32223758 0.31964368 0.31608059 0.31061012 0.30121047 0.28363224 0.25071807 0.19866835 0.14265761 0.097877475 0.024502407 -0.18057502 -0.47763962 -0.6252866 -0.65928155 -0.66571958 -0.66763606 -0.66866615 -0.66930206 -0.66967188 -0.66986503 -0.66995299 -0.66998672 -0.66999713 -0.66999956 -0.66999996 -0.67 -0.67 -0.67 -0.67 -0.67 -0.67 -0.67 -0.67 -0.67 -0.67 -0.67 -0.67 -0.89795273 -0.92 -0.91895342 -0.55 -0.55 -0.55 0.049999895 0.05 0.05 0.05 0.05 0.029999812 0.03 0.03 0.03
0.33835341 0.33649506 0.33469205 0.33293787 0.33121995 0.32951755 0.32779817 0.32601164 0.32407911 0.3218716 0.31916609 0.31555159 0.31022388 0.30154257 0.28617449 0.25802912 0.2090767 0.13258513 0.0064833723 -0.22270987 -0.48590623 -0.6211828 -0.65876312 -0.66671084 -0.66854352 -0.66922671 -0.66959629 -0.66980633 -0.66991705 -0.6699691 -0.6699903 -0.66999753 -0.66999952 -0.66999993 -0.66999999 -0.67 -0.67 -0.67 -0.67 -0.67 -0.67 -0.67 -0.67 -0.67 -0.67 -0.67 -0.67 -0.67 -0.92 -0.92 -0.92 -0.55 -0.55 -0.55 0.05 0.05 0.05 0.05 0.05 0.030000001 0.03 0.03 0.03
0.33697638 0.33511314 0.3332862 0.33148324 0.32968407 0.32785707 0.32595343 0.32389658 0.32156239 0.31873986 0.31504945 0.30976621 0.30141901 0.28683038 0.2586089 0.19804527 0.06022717 -0.1991759 -0.47081818 -0.61082874 -0.65511701 -0.66608599 -0.66863371 -0.6693572 -0.66966624 -0.66983266 -0.669923 -0.66996831 -0.6699886 -0.66999652 -0.66999913 -0.66999983 -0.66999997 -0.67 -0.67 -0.67 -0.67 -0.67 -0.67 -0.67 -0.67 -0.67 -0.67 -0.67 -0.67 -0.67 -0.67 -0.67 -0.92 -0.92 -0.92 -0.92 -0.55 -0.55 0.049999991 0.05 0.05 0.05 0.05 0.030000003 0.03 0.03 0.03
0.33557285 0.3336768 0.33179302 0.32990148 0.32797099 0.32595335 0.32377308 0.32130793 0.31835001 0.31452151 0.30907298 0.30033065 0.28392679 0.24648419 0.14600137 -0.095414079 -0.41034686 -0.58897761 -0.64813766 -0.66415711 -0.66821421 -0.66928856 -0.66965143 -0.66982022 -0.66991114 -0.66995956 -0.66998342 -0.669994 -0.66999813 -0.66999951 -0.6699999 -0.66999998 -0.67 -0.67 -0.67 -0.67 -0.67 -0.67 -0.67 -0.67 -0.67 -0.67 -0.67 -0.67 -0.67 -0.67 -0.67 -0.67000788 -0.92 -0.92 -0.92 -0.92 -0.55 -0.55 0.049966947 0.05 0.05 0.05 0.05 -0.25005809 0.029999997 0.03 0.03
0.33411671 0.3321553 0.33017454 0.32814284 0.32601118 0.32370182 0.32108603 0.31793542 0.31380279 0.30768722 0.29695512 0.27349897 0.21046055 0.036624439 -0.28233961 -0.53707373 -0.63355683 -0.6601744 -0.66713013 -0.66899746 -0.66956017 -0.6697774 -0.66988455 -0.66994273 -0.66997368 -0.669989 -0.66999589 -0.66999866 -0.66999962 -0.66999991 -0.66999998 -0.67 -0.67 -0.67 -0.67 -0.67 -0.67 -0.67 -0.67 -0.67 -0.67 -0.67 -0.67 -0.67 -0.67 -0.67 -0.67 -0.91406217 -0.92 -0.92 -0.92 -0.92 -0.91528895 -0.55 0.047568784 0.05 0.05 0.049999997 -0.46999999 -0.47 -0.47 -0.47 -0.034380022
0.33257434 0.33050491 0.32836991 0.32611588 0.32365449 0.3208296 0.31733666 0.31250149 0.30460342 0.28862364 0.24866319 0.13796485 -0.11683948 -0.43018426 -0.59874056 -0.65107167 -0.66471234 -0.66830912 -0.66934119 -0.66968946 -0.66983813 -0.66991483 -0.66995708 -0.66997982 -0.66999129 -0.66999659 -0.66999881 -0.66999964 -0.6699999 -0.66999998 -0.67 -0.67 -0.67 -0.67 -0.67 -0.67 -0.67 -0.67 -0.67 -0.67 -0.67 -0.67 -0.67 -0.67 -0.67 -0.67 -0.67000003 -0.91998399 -0.92 -0.92 -0.92 -0.92 -0.63437166 -0.62 -0.62 -0.61970618 0.049119185 -0.46999999 -0.47 -0.47 -0.47 -0.47 -0.47
0.33088721 0.32863712 0.32623375 0.32355932 0.32038467 0.31621294 0.30983347 0.2979587 0.27094753 0.20080569 0.026295198 -0.2721222 -0.52298547 -0.62833661 -0.65875174 -0.66669246 -0.66885042 -0.6695117 -0.66975668 -0.66986951 -0.66992993 -0.66996385 -0.66998247 -0.66999212 -0.66999675 -0.66999879 -0.66999959 -0.66999988 -0.66999997 -0.66999999 -0.67 -0.67 -0.67 -0.67 -0.67 -0.67 -0.67 -0.67 -0.67 -0.67 -0.67 -0.67 -0.67 -0.67 -0.67 -0.67 -0.66993213 -0.3906125 -0.36027078 -0.36000028 -0.36 -0.37809461 -0.62 -0.62 -0.62 -0.62 -0.62 -0.47 -0.47 -0.47 -0.47 -0.47 -0.47
0.32890596 0.32628938 0.32326745 0.31944972 0.31393317 0.3044399 0.28482425 0.23823038 0.12408289 -0.10843405 -0.39592391 -0.57655903 -0.64335707 -0.66250972 -0.66766496 -0.66912645 -0.6696028 -0.66979298 -0.66988584 -0.66993721 -0.66996669 -0.66998327 -0.66999214 -0.66999657 -0.66999863 -0.6699995 -0.66999984 -0.66999995 -0.66999999 -0.67 -0.67 -0.67 -0.67 -0.67 -0.67 -0.67 -0.67 -0.67 -0.67 -0.67 -0.67 -0.67 -0.67 -0.67 -0.66999351 -0.38519445 -0.36 -0.36 -0.36 -0.36 -0.36 -0.36 -0.62 -0.62 -0.62 -0.62 -0.62 -0.47 -0.47 -0.47 -0.47 -0.47 -0.47
0.32613896 0.32250872 0.31750328 0.3094666 0.29427415 0.26138097 0.18535457 0.021455434 -0.23989785 -0.48182854 -0.60736334 -0.65153067 -0.66452535 -0.66818598 -0.66927628 -0.66965247 -0.6698119 -0.66989338 -0.6699398 -0.66996708 -0.66998284 -0.66999155 -0.6699961 -0.66999832 -0.66999933 -0.66999976 -0.66999992 -0.66999997 -0.66999999 -0.67 -0.67 -0.67 -0.67 -0.67 -0.67 -0.67 -0.67 -0.67 -0.67 -0.67 -0.67 -0.66999996 -0.66999324 -0.65833072 -0.36016711 -0.36 -0.36 -0.36 -0.36 -0.36 -0.36 -0.36 -0.62 -0.62 -0.62 -0.62 -0.62 -0.47195267 -0.47 -0.47 -0.47002418 -0.58 -0.58
0.32084339 0.31373815 0.30132387 0.27669729 0.22379097 0.11091231 -0.094058776 -0.34931729 -0.53793549 -0.62559771 -0.65627511 -0.66568493 -0.66848033 -0.66935834 -0.66967762 -0.66981963 -0.66989494 -0.669939 -0.66996553 -0.66998129 -0.66999032 -0.66999525 -0.66999779 -0.66999903 -0.66999959 -0.66999983 -0.66999993 -0.66999997 -0.66999998 -0.66999999 -0.66999999 -0.66999999 -0.66999999 -0.66999999 -0.66999999 -0.66999999 -0.66999999 -0.66999997 -0.66999989 -0.6699991 -0.66997945 -0.66818443 -0.43328172 -0.36001602 -0.36 -0.36 -0.36 -0.36 -0.36 -0.36 -0.36 -0.36 -0.61961905 -0.62 -0.62 -0.62 -0.62 -0.61928467 -0.57999956 -0.58 -0.58 -0.58 -0.58
0.30703313 0.28762072 0.24892683 0.16977539 0.019506143 -0.20605924 -0.43171051 -0.57410958 -0.63681929 -0.65918044 -0.66638393 -0.66864815 -0.66939917 -0.66968595 -0.66981876 -0.66989138 -0.66993493 -0.66996184 -0.6699783 -0.66998808 -0.66999367 -0.66999672 -0.66999832 -0.66999912 -0.66999951 -0.66999969 -0.66999978 -0.66999983 -0.66999986 -0.66999987 -0.66999988 -0.66999988 -0.66999986 -0.66999981 -0.6699997 -0.66999938 -0.66999822 -0.66999191 -0.66993325 -0.66879096 -0.61815434 -0.36761821 -0.36000698 -0.36 -0.36 -0.36 -0.36 -0.36 -0.36 -0.36 -0.36 -0.36 -0.36000009 -0.62 -0.62 -0.62 -0.61999992 -0.6108551 -0.60508996 -0.58000007 -0.58 -0.58 -0.58
0.26633345 0.20886499 0.10021936 -0.079310037 -0.3029511 -0.49062547 -0.59769351 -0.64399523 -0.66103252 -0.66681309 -0.668737 -0.66941083 -0.66968025 -0.66980946 -0.66988202 -0.6699266 -0.66995485 -0.66997268 -0.6699837 -0.66999031 -0.66999414 -0.66999631 -0.66999751 -0.66999816 -0.66999852 -0.66999872 -0.66999882 -0.66999886 -0.66999883 -0.66999871 -0.66999847 -0.66999796 -0.66999688 -0.66999429 -0.66998685 -0.66995925 -0.66981508 -0.66863556 -0.65210429 -0.46742743 -0.36193417 -0.3600065 -0.36 -0.36 -0.36 -0.36 -0.36 -0.36 -0.36 -0.36 -0.36 -0.36 -0.36000001 -0.61999978 -0.62 -0.61001555 -0.61 -0.61 -0.68999999 -0.69 -0.69 -0.69 -0.5833361
0.15606251 0.019619268 -0.17512126 -0.38059068 -0.53195414 -0.61339746 -0.64873865 -0.66224223 -0.66706964 -0.66876952 -0.6693975 -0.66965979 -0.66978964 -0.66986433 -0.66991127 -0.66994181 -0.66996171 -0.66997449 -0.66998252 -0.66998746 -0.66999042 -0.66999217 -0.66999316 -0.66999367 -0.66999385 -0.66999374 -0.66999332 -0.66999245 -0.66999087 -0.66998799 -0.66998246 -0.6699708 -0.66994272 -0.66986211 -0.66957119 -0.66816863 -0.65863233 -0.58114695 -0.39489512 -0.36092938 -0.36000866 -0.36000003 -0.36 -0.36 -0.36 -0.36 -0.36 -0.36 -0.36 -0.36 -0.36 -0.36 -0.36000004 -0.61237508 -0.61 -0.61 -0.61 -0.61 -0.6100125 -0.69 -0.69 -0.69 -0.69
-0.065243424 -0.26047895 -0.44007401 -0.56094175 -0.62410165 -0.65195371 -0.6630343 -0.667204 -0.66875476 -0.66935793 -0.66962057 -0.66975443 -0.6698331 -0.66988361 -0.66991726 -0.66993981 -0.66995476 -0.66996448 -0.66997062 -0.66997433 -0.66997638 -0.66997724 -0.66997712 -0.66997606 -0.66997388 -0.66997014 -0.66996392 -0.66995342 -0.6699348 -0.6698993 -0.66982457 -0.669646 -0.66914553 -0.66743896 -0.66013395 -0.62264846 -0.4851602 -0.37498074 -0.36065384 -0.36001346 -0.36000012 -0.36 -0.36 -0.36 -0.36 -0.36 -0.36 -0.36 -0.36 -0.36 -0.36 -0.36 -0.36039485 -0.61 -0.61 -0.61 -0.61 -0.61 -0.61 -0.69 -0.69 -0.69 -0.69
-0.33210432 -0.48466221 -0.58146576 -0.63155469 -0.65416342 -0.66353502 -0.66724077 -0.66869293 -0.66928618 -0.6695548 -0.66969533 -0.66977944 -0.6698343 -0.66987148 -0.66989681 -0.6699138 -0.66992478 -0.66993138 -0.6699347 -0.66993538 -0.6699337 -0.66992956 -0.66992241 -0.66991108 -0.66989337 -0.66986511 -0.66981821 -0.6697357 -0.66957924 -0.66925333 -0.66849155 -0.66644809 -0.66004216 -0.6369795 -0.55846597 -0.42642815 -0.3685529 -0.36057684 -0.3600221 -0.36000045 -0.36 -0.36 -0.36 -0.36 -0.36 -0.36 -0.36 -0.36 -0.36 -0.36 -0.36 -0.36002098 -0.60999978 -0.61 -0.61 -0.61 -0.61 -0.61 -0.61 -0.61080476 -0.69 -0.69 -0.69
