Interpolating SPI Data/spi_stations/interpolated_spi/3-22_3.tif
NCOLS 257
NROWS 141
XLLCORNER -178.27925
YLLCORNER 5.3153543
DX 0.49934803
DY 0.49997533
NODATA_VALUE -9999
[rows 28 to 55 of 141, columns 0 to 62 of 257]
1.1603107 1.1588569 1.1574173 1.1559929 1.1545847 1.1531935 1.1518206 1.1504667 1.149133 1.1478204 1.14653 1.1452626 1.1440194 1.1428013 1.1416092 1.140444 1.1393068 1.1381985 1.1371198 1.1360717 1.1350549 1.1340703 1.1331185 1.1322003 1.1313163 1.1304671 1.129653 1.1288747 1.1281324 1.1274264 1.1267568 1.1261238 1.1255273 1.1249671 1.1244431 1.1239548 1.1235017 1.1230833 1.1226987 1.1223471 1.1220274 1.1217386 1.1214792 1.121248 1.1210435 1.120864 1.1207079 1.1205734 1.1204587 1.1203621 1.1202817 1.1202156 1.1201622 1.1201197 1.1200865 1.120061 1.1200419 1.120028 1.1200181 1.1200113 1.1200067 1.1200038 1.1200021
1.1599162 1.1584348 1.1569687 1.1555191 1.1540869 1.1526733 1.1512792 1.1499057 1.1485539 1.1472248 1.1459195 1.1446391 1.1433845 1.1421569 1.1409571 1.1397862 1.1386452 1.1375349 1.1364563 1.1354102 1.1343975 1.1334189 1.1324751 1.1315667 1.1306945 1.1298587 1.12906 1.1282987 1.127575 1.126889 1.1262408 1.1256305 1.1250577 1.1245221 1.1240235 1.1235612 1.1231344 1.1227425 1.1223844 1.1220591 1.1217653 1.1215017 1.1212669 1.1210592 1.120877 1.1207186 1.1205822 1.120466 1.120368 1.1202864 1.1202194 1.1201652 1.120122 1.1200883 1.1200624 1.1200429 1.1200287 1.1200186 1.1200116 1.120007 1.120004 1.1200022 1.1200011
1.1594089 1.1579044 1.1564166 1.1549466 1.1534954 1.1520642 1.1506542 1.1492664 1.147902 1.1465619 1.1452475 1.1439596 1.1426995 1.1414681 1.1402665 1.1390956 1.1379565 1.1368501 1.1357772 1.1347387 1.1337355 1.1327681 1.1318374 1.1309438 1.1300879 1.1292702 1.1284909 1.1277504 1.1270487 1.1263858 1.1257618 1.1251764 1.1246292 1.1241198 1.1236475 1.1232117 1.1228115 1.1224459 1.1221136 1.1218136 1.1215443 1.1213042 1.1210918 1.1209054 1.1207432 1.1206033 1.120484 1.1203832 1.1202991 1.12023 1.1201738 1.1201289 1.1200937 1.1200666 1.1200462 1.1200311 1.1200203 1.1200128 1.1200078 1.1200045 1.1200025 1.1200013 1.1200006
1.1588208 1.1572976 1.1557926 1.1543068 1.1528415 1.1513977 1.1499767 1.1485796 1.1472075 1.1458616 1.1445431 1.1432529 1.1419923 1.1407622 1.1395637 1.1383978 1.1372654 1.1361675 1.135105 1.1340785 1.1330889 1.1321369 1.131223 1.1303477 1.1295115 1.1287147 1.1279575 1.1272401 1.1265624 1.1259244 1.1253257 1.1247661 1.1242451 1.1237619 1.1233159 1.1229061 1.1225314 1.1221908 1.1218829 1.1216063 1.1213595 1.1211408 1.1209485 1.1207809 1.1206361 1.1205121 1.1204072 1.1203194 1.1202468 1.1201877 1.1201402 1.1201027 1.1200736 1.1200515 1.1200351 1.1200233 1.1200149 1.1200092 1.1200054 1.1200031 1.1200016 1.1200008 1.1200004
1.1581775 1.15664 1.1551221 1.1536251 1.15215 1.1506982 1.1492707 1.1478688 1.1464937 1.1451465 1.1438283 1.1425402 1.1412834 1.1400589 1.1388677 1.1377108 1.1365891 1.1355034 1.1344547 1.1334436 1.1324709 1.131537 1.1306425 1.1297879 1.1289735 1.1281994 1.1274658 1.1267726 1.1261198 1.1255071 1.124934 1.1244001 1.1239048 1.1234471 1.1230262 1.1226411 1.1222905 1.1219732 1.1216877 1.1214324 1.1212058 1.1210061 1.1208316 1.1206803 1.1205504 1.12044 1.1203472 1.1202701 1.1202069 1.1201559 1.1201153 1.1200836 1.1200592 1.1200409 1.1200275 1.120018 1.1200113 1.1200069 1.120004 1.1200022 1.1200012 1.1200006 1.1200003
1.1574999 1.1559522 1.1544256 1.1529213 1.1514407 1.1499848 1.148555 1.1471523 1.1457781 1.1444334 1.1431193 1.1418371 1.1405878 1.1393723 1.1381917 1.137047 1.1359389 1.1348684 1.1338361 1.1328428 1.131889 1.1309752 1.1301019 1.1292693 1.1284777 1.1277272 1.1270177 1.1263492 1.1257212 1.1251335 1.1245855 1.1240765 1.1236057 1.1231723 1.1227751 1.122413 1.1220846 1.1217885 1.1215232 1.1212871 1.1210784 1.1208954 1.1207363 1.120599 1.1204819 1.1203829 1.1203002 1.120232 1.1201765 1.1201319 1.1200968 1.1200695 1.1200488 1.1200334 1.1200223 1.1200144 1.120009 1.1200054 1.1200031 1.1200017 1.1200009 1.1200004 1.1200002
1.1568049 1.1552507 1.153719 1.1522113 1.1507286 1.1492723 1.1478436 1.1464437 1.1450737 1.1437348 1.1424281 1.1411548 1.1399158 1.1387121 1.1375448 1.1364146 1.1353224 1.134269 1.133255 1.132281 1.1313475 1.130455 1.1296036 1.1287938 1.1280254 1.1272986 1.1266132 1.1259688 1.1253651 1.1248015 1.1242775 1.1237922 1.1233446 1.1229338 1.1225585 1.1222174 1.1219092 1.1216323 1.1213852 1.121166 1.1209731 1.1208046 1.1206587 1.1205335 1.1204272 1.1203377 1.1202634 1.1202025 1.1201531 1.1201138 1.120083 1.1200592 1.1200413 1.1200281 1.1200186 1.1200119 1.1200074 1.1200044 1.1200025 1.1200014 1.1200007 1.1200003 1.1200002
1.1561059 1.1545484 1.1530151 1.151507 1.1500256 1.148572 1.1471474 1.1457531 1.1443902 1.1430598 1.1417631 1.140501 1.1392747 1.1380849 1.1369327 1.1358188 1.1347441 1.1337091 1.1327145 1.1317608 1.1308483 1.1299775 1.1291485 1.1283613 1.1276161 1.1269125 1.1262505 1.1256295 1.125049 1.1245085 1.1240071 1.1235438 1.1231178 1.1227278 1.1223725 1.1220506 1.1217605 1.1215008 1.1212696 1.1210654 1.1208862 1.1207303 1.1205958 1.1204808 1.1203835 1.1203021 1.1202347 1.1201796 1.1201353 1.1201001 1.1200727 1.1200517 1.1200359 1.1200243 1.120016 1.1200102 1.1200063 1.1200037 1.1200021 1.1200012 1.1200006 1.1200003 1.1200001
1.1554134 1.1538557 1.1523234 1.1508179 1.1493404 1.1478921 1.1464743 1.145088 1.1437345 1.1424148 1.14113 1.1398811 1.138669 1.1374948 1.1363591 1.1352627 1.1342063 1.1331906 1.132216 1.131283 1.1303918 1.1295426 1.1287357 1.1279708 1.1272481 1.126567 1.1259274 1.1253287 1.1247702 1.1242512 1.1237708 1.123328 1.1229218 1.1225507 1.1222136 1.1219088 1.121635 1.1213904 1.1211734 1.1209821 1.1208148 1.1206697 1.1205449 1.1204386 1.1203488 1.120274 1.1202123 1.120162 1.1201217 1.1200898 1.1200651 1.1200461 1.120032 1.1200216 1.1200142 1.1200091 1.1200056 1.1200033 1.1200019 1.120001 1.1200005 1.1200003 1.1200001
1.1547355 1.1531802 1.1516516 1.150151 1.1486798 1.147239 1.1458299 1.1444537 1.1431113 1.141804 1.1405327 1.1392983 1.1381018 1.136944 1.1358257 1.1347476 1.1337101 1.132714 1.1317596 1.1308472 1.129977 1.1291492 1.1283637 1.1276205 1.1269193 1.1262597 1.1256413 1.1250635 1.1245255 1.1240265 1.1235656 1.1231415 1.1227532 1.1223993 1.1220785 1.1217891 1.1215296 1.1212983 1.1210936 1.1209136 1.1207566 1.1206206 1.120504 1.1204049 1.1203215 1.1202521 1.120195 1.1201486 1.1201115 1.1200822 1.1200595 1.1200422 1.1200293 1.1200198 1.120013 1.1200083 1.1200052 1.1200031 1.1200018 1.120001 1.1200005 1.1200003 1.1200001
1.1540786 1.1525278 1.151005 1.1495114 1.1480484 1.1466169 1.1452183 1.1438536 1.1425239 1.1412302 1.1399735 1.1387546 1.1375745 1.1364338 1.1353334 1.1342737 1.1332554 1.1322788 1.1313444 1.1304522 1.1296026 1.1287954 1.1280306 1.127308 1.1266273 1.125988 1.1253895 1.1248312 1.1243122 1.1238316 1.1233884 1.1229814 1.1226093 1.1222708 1.1219644 1.1216885 1.1214417 1.1212221 1.121028 1.1208577 1.1207094 1.1205813 1.1204715 1.1203784 1.1203002 1.1202353 1.1201819 1.1201386 1.120104 1.1200767 1.1200556 1.1200395 1.1200274 1.1200186 1.1200123 1.1200079 1.120005 1.120003 1.1200017 1.120001 1.1200005 1.1200003 1.1200001
1.1534474 1.151903 1.1503878 1.1489029 1.1474495 1.1460289 1.144642 1.1432901 1.141974 1.1406949 1.1394535 1.1382508 1.1370875 1.1359643 1.1348819 1.1338408 1.1328414 1.1318841 1.1309691 1.1300967 1.1292668 1.1284794 1.1277343 1.1270312 1.1263697 1.1257493 1.1251693 1.124629 1.1241274 1.1236636 1.1232365 1.1228448 1.1224873 1.1221625 1.1218689 1.121605 1.1213691 1.1211596 1.1209747 1.1208127 1.1206718 1.1205502 1.1204462 1.1203581 1.1202841 1.1202227 1.1201723 1.1201315 1.1200988 1.120073 1.1200531 1.1200378 1.1200264 1.120018 1.120012 1.1200078 1.1200049 1.120003 1.1200018 1.120001 1.1200006 1.1200003 1.1200001
1.1528451 1.1513088 1.1498026 1.1483278 1.1468854 1.1454767 1.1441026 1.1427643 1.1414627 1.1401987 1.1389731 1.1377869 1.1366406 1.1355349 1.1344704 1.1334476 1.1324667 1.1315282 1.1306321 1.1297786 1.1289676 1.128199 1.1274725 1.1267877 1.1261442 1.1255413 1.1249783 1.1244545 1.1239688 1.1235202 1.1231076 1.1227296 1.122385 1.1220723 1.12179 1.1215364 1.1213101 1.1211093 1.1209322 1.1207772 1.1206425 1.1205263 1.120427 1.1203429 1.1202724 1.1202138 1.1201657 1.1201267 1.1200955 1.1200708 1.1200517 1.120037 1.120026 1.1200179 1.120012 1.1200079 1.1200051 1.1200031 1.1200019 1.1200011 1.1200006 1.1200003 1.1200002
1.152274 1.1507471 1.1492512 1.1477875 1.1463572 1.1449612 1.1436007 1.1422767 1.14099 1.1397415 1.138532 1.1373623 1.136233 1.1351447 1.1340978 1.1330928 1.13213 1.1312096 1.1303316 1.1294961 1.128703 1.127952 1.1272429 1.1265752 1.1259483 1.1253615 1.1248142 1.1243054 1.123834 1.1233991 1.1229995 1.1226337 1.1223005 1.1219984 1.1217259 1.1214813 1.1212632 1.1210697 1.1208993 1.1207501 1.1206205 1.1205088 1.1204133 1.1203324 1.1202645 1.1202081 1.1201617 1.120124 1.1200939 1.12007 1.1200513 1.120037 1.1200262 1.1200182 1.1200124 1.1200082 1.1200054 1.1200034 1.1200021 1.1200013 1.1200007 1.1200004 1.1200002
1.1517356 1.1502191 1.1487345 1.1472829 1.1458653 1.1444828 1.1431364 1.141827 1.1405555 1.1393227 1.1381293 1.1369761 1.1358635 1.1347922 1.1337626 1.1327749 1.1318294 1.1309263 1.1300655 1.1292471 1.1284708 1.1277364 1.1270435 1.1263915 1.1257799 1.1252079 1.1246748 1.1241796 1.1237212 1.1232985 1.1229103 1.1225553 1.1222321 1.1219392 1.1216752 1.1214383 1.1212271 1.1210398 1.1208749 1.1207305 1.1206051 1.1204969 1.1204044 1.120326 1.1202601 1.1202052 1.1201601 1.1201234 1.1200938 1.1200703 1.120052 1.1200378 1.120027 1.120019 1.1200131 1.1200088 1.1200059 1.1200038 1.1200024 1.1200015 1.1200009 1.1200005 1.1200003
1.1512303 1.1497252 1.1482527 1.1468138 1.1454095 1.1440409 1.1427089 1.1414144 1.1401582 1.1389411 1.1377637 1.1366267 1.1355307 1.1344759 1.1334629 1.1324919 1.131563 1.1306763 1.1298319 1.1290295 1.128269 1.12755 1.126872 1.1262346 1.125637 1.1250785 1.1245582 1.1240751 1.1236283 1.1232165 1.1228384 1.1224928 1.1221783 1.1218934 1.1216366 1.1214063 1.1212009 1.1210187 1.1208582 1.1207177 1.1205956 1.1204902 1.1203999 1.1203233 1.1202588 1.1202051 1.1201607 1.1201245 1.1200952 1.1200719 1.1200536 1.1200393 1.1200284 1.1200202 1.1200142 1.1200097 1.1200066 1.1200044 1.1200028 1.1200018 1.1200011 1.1200007 1.1200004
1.150758 1.149265 1.1478052 1.1463795 1.144989 1.1436346 1.1423173 1.1410377 1.1397969 1.1385953 1.1374337 1.1363126 1.1352326 1.1341939 1.1331969 1.1322418 1.1313287 1.1304577 1.1296286 1.1288413 1.1280954 1.1273907 1.1267265 1.1261024 1.1255176 1.1249712 1.1244625 1.1239904 1.1235538 1.1231515 1.1227824 1.122445 1.1221379 1.1218598 1.1216091 1.1213842 1.1211836 1.1210056 1.1208487 1.1207112 1.1205916 1.1204882 1.1203996 1.1203242 1.1202606 1.1202074 1.1201634 1.1201274 1.1200981 1.1200747 1.1200562 1.1200417 1.1200305 1.120022 1.1200156 1.1200109 1.1200075 1.1200051 1.1200034 1.1200022 1.1200014 1.1200009 1.1200005
1.1503179 1.1488377 1.147391 1.145979 1.1446025 1.1432625 1.1419599 1.1406953 1.1394696 1.1382834 1.1371373 1.1360318 1.1349672 1.133944 1.1329624 1.1320225 1.1311244 1.1302681 1.1294534 1.1286802 1.127948 1.1272564 1.1266049 1.1259929 1.1254197 1.1248843 1.124386 1.1239236 1.123496 1.1231022 1.1227407 1.1224104 1.1221097 1.1218373 1.1215916 1.1213712 1.1211744 1.1209997 1.1208456 1.1207104 1.1205925 1.1204906 1.120403 1.1203283 1.1202651 1.1202121 1.1201681 1.1201319 1.1201024 1.1200786 1.1200597 1.1200448 1.1200331 1.1200242 1.1200174 1.1200124 1.1200087 1.1200059 1.120004 1.1200025 1.1200015 1.1200007 1.12
1.1499087 1.1484416 1.1470085 1.1456104 1.1442482 1.1429227 1.1416347 1.1403851 1.1391744 1.1380033 1.1368723 1.1357818 1.1347323 1.133724 1.132757 1.1318316 1.1309477 1.1301053 1.1293041 1.1285439 1.1278243 1.1271449 1.126505 1.1259041 1.1253413 1.1248159 1.1243267 1.1238729 1.1234533 1.1230668 1.122712 1.1223876 1.1220923 1.1218247 1.1215831 1.1213663 1.1211725 1.1210003 1.1208482 1.1207146 1.1205979 1.1204968 1.1204097 1.1203352 1.120272 1.1202188 1.1201745 1.1201378 1.1201078 1.1200834 1.1200638 1.1200482 1.120036 1.1200265 1.1200191 1.1200135 1.1200092 1.1200059 1.1200033 1.1200012 1.1199991 1.1199966 1.119993
1.1495285 1.1480749 1.1466556 1.1452716 1.1439237 1.1426127 1.1413394 1.1401045 1.1389086 1.1377522 1.1366359 1.1355601 1.134525 1.133531 1.1325781 1.1316664 1.1307959 1.1299665 1.1291779 1.1284299 1.127722 1.1270537 1.1264245 1.1258336 1.1252802 1.1247636 1.1242827 1.1238364 1.1234238 1.1230435 1.1226944 1.1223751 1.1220843 1.1218205 1.1215822 1.1213681 1.1211766 1.1210063 1.1208555 1.1207228 1.1206067 1.1205059 1.1204188 1.1203441 1.1202804 1.1202267 1.1201816 1.1201441 1.1201132 1.1200879 1.1200674 1.1200508 1.1200376 1.120027 1.1200185 1.1200116 1.1200057 1.1200004 1.1199948 1.1199881 1.1199783 1.1199617 1.1199297
1.1491746 1.1477348 1.1463295 1.1449597 1.1436261 1.1423296 1.1410708 1.1398504 1.138669 1.1375271 1.1364251 1.1353634 1.1343422 1.1333618 1.1324223 1.1315237 1.1306658 1.1298486 1.1290718 1.1283351 1.127638 1.1269799 1.1263604 1.1257785 1.1252337 1.1247249 1.1242512 1.1238116 1.123405 1.1230301 1.1226858 1.1223707 1.1220834 1.1218227 1.121587 1.1213749 1.1211849 1.1210156 1.1208656 1.1207332 1.1206172 1.120516 1.1204284 1.1203529 1.1202883 1.1202335 1.1201871 1.1201483 1.1201158 1.1200889 1.1200665 1.120048 1.1200323 1.1200189 1.1200068 1.119995 1.1199821 1.1199661 1.1199434 1.1199069 1.1198417 1.1197139 1.1194371
1.1488437 1.1474179 1.1460268 1.1446712 1.1433519 1.1420698 1.1408253 1.1396192 1.138452 1.1373241 1.136236 1.1351879 1.1341801 1.1332128 1.132286 1.1313996 1.1305537 1.129748 1.1289821 1.1282558 1.1275686 1.1269199 1.1263091 1.1257355 1.1251982 1.1246964 1.1242291 1.1237952 1.1233937 1.1230233 1.1226829 1.1223711 1.1220866 1.1218281 1.1215941 1.1213832 1.1211941 1.1210251 1.120875 1.1207423 1.1206255 1.1205232 1.1204342 1.1203571 1.1202907 1.1202337 1.1201849 1.1201431 1.1201074 1.1200766 1.1200496 1.1200252 1.120002 1.1199783 1.1199516 1.1199182 1.1198717 1.1198003 1.119681 1.1194648 1.1190407 1.1181352 1.1160159
1.1485318 1.1471201 1.1457432 1.1444018 1.1430968 1.1418288 1.1405984 1.1394063 1.1382529 1.1371387 1.136064 1.135029 1.134034 1.1330791 1.1321643 1.1312896 1.1304548 1.1296598 1.1289041 1.1281874 1.1275093 1.126869 1.1262661 1.1256998 1.1251691 1.1246734 1.1242114 1.1237824 1.123385 1.1230182 1.1226808 1.1223714 1.1220887 1.1218315 1.1215983 1.1213877 1.1211982 1.1210286 1.1208773 1.120743 1.1206241 1.1205194 1.1204274 1.1203468 1.1202762 1.1202143 1.1201596 1.1201109 1.1200665 1.1200247 1.1199833 1.1199395 1.1198892 1.1198263 1.1197405 1.1196139 1.1194133 1.1190733 1.1184576 1.1172622 1.1147623 1.1091023 1.0952155
1.148234 1.1468363 1.1454735 1.1441462 1.1428553 1.1416012 1.1403847 1.1392062 1.1380663 1.1369652 1.1359033 1.1348809 1.1338981 1.1329549 1.1320515 1.1311876 1.1303632 1.129578 1.1288316 1.1281237 1.1274536 1.126821 1.126225 1.1256649 1.1251399 1.1246491 1.1241915 1.1237662 1.1233719 1.1230075 1.1226718 1.1223636 1.1220815 1.1218242 1.1215903 1.1213783 1.121187 1.1210148 1.1208602 1.1207218 1.1205982 1.1204877 1.1203888 1.1203 1.1202194 1.1201454 1.1200756 1.1200076 1.1199381 1.1198629 1.1197756 1.1196668 1.1195215 1.1193143 1.1190006 1.1184977 1.1176452 1.1161138 1.1131905 1.107242 1.0943388 1.0648282 0.99664012
1.147944 1.1465604 1.1452115 1.1438982 1.1426209 1.1413805 1.1401774 1.1390121 1.137885 1.1367965 1.1357469 1.1347363 1.1337649 1.1328328 1.1319398 1.131086 1.130271 1.1294947 1.1287566 1.1280563 1.1273933 1.126767 1.1261768 1.1256217 1.1251011 1.1246139 1.1241593 1.1237362 1.1233433 1.1229797 1.122644 1.122335 1.1220513 1.1217916 1.1215544 1.1213383 1.1211417 1.1209631 1.1208008 1.1206532 1.1205185 1.1203946 1.1202796 1.1201709 1.1200656 1.1199602 1.1198499 1.1197286 1.1195872 1.1194123 1.1191831 1.1188658 1.1184038 1.1176975 1.1165646 1.1146573 1.11128 1.1049806 1.0926117 1.0672537 1.0144487 0.91055952 0.7442356
1.1476546 1.1462848 1.1449496 1.1436497 1.1423858 1.1411585 1.1399682 1.1388155 1.1377006 1.136624 1.1355858 1.1345862 1.1336253 1.1327031 1.1318196 1.1309747 1.130168 1.1293992 1.1286681 1.1279741 1.1273167 1.1266953 1.1261091 1.1255573 1.1250392 1.1245537 1.1240999 1.1236766 1.1232828 1.1229171 1.1225783 1.1222651 1.121976 1.1217095 1.1214641 1.121238 1.1210295 1.1208365 1.1206572 1.1204889 1.1203291 1.1201746 1.1200215 1.1198649 1.1196985 1.1195134 1.1192975 1.1190328 1.1186921 1.1182328 1.1175861 1.1166366 1.115184 1.1128685 1.1090181 1.102336 1.0902464 1.0675902 1.0244407 0.94468975 0.81448195 0.6519239 0.51597339
1.1473568 1.1460003 1.1446782 1.1433913 1.1421401 1.1409251 1.1397469 1.1386058 1.1375022 1.1364364 1.1354085 1.1344188 1.1334671 1.1325536 1.1316781 1.1308405 1.1300404 1.1292776 1.1285516 1.1278619 1.1272079 1.126589 1.1260044 1.1254533 1.1249347 1.1244477 1.1239911 1.1235638 1.1231646 1.1227921 1.1224448 1.1221212 1.1218196 1.1215381 1.1212748 1.1210274 1.1207934 1.12057 1.1203537 1.1201404 1.1199252 1.1197015 1.119461 1.119192 1.1188787 1.1184982 1.1180164 1.1173821 1.1165149 1.1152854 1.1134797 1.1107322 1.1064006 1.0993248 1.0873659 1.0665649 1.0298409 0.96603738 0.8634026 0.72486694 0.58464208 0.4850416 0.43491131
1.1470399 1.1456959 1.1443861 1.1431112 1.1418717 1.140668 1.1395007 1.13837 1.1372763 1.1362198 1.1352007 1.1342191 1.1332749 1.1323681 1.1314985 1.130666 1.1298701 1.1291106 1.1283869 1.1276985 1.1270447 1.1264248 1.1258379 1.125283 1.1247593 1.1242654 1.1238003 1.1233624 1.1229504 1.1225624 1.1221968 1.1218515 1.1215242 1.1212123 1.1209128 1.1206222 1.1203362 1.1200498 1.1197565 1.1194481 1.1191137 1.1187388 1.1183036 1.1177799 1.1171272 1.1162856 1.1151643 1.1136227 1.1114371 1.1082429 1.1034316 1.0959658 1.0840514 1.0645842 1.0323565 0.97945999 0.89683237 0.78193392 0.65138477 0.53864403 0.46630062 0.43116089 0.41850541
