Interpolating SPI Data/spi_stations/interpolated_spi/3-22_1.tif
NCOLS 257
NROWS 141
XLLCORNER -178.27925
YLLCORNER 5.3153543
DX 0.49934803
DY 0.49997533
NODATA_VALUE -9999
[rows 0 to 27 of 141, columns 63 to 125 of 257]
-0.030075101 -0.030082634 -0.030094703 -0.030113823 -0.030144591 -0.030195858 -0.030285721 -0.030453851 -0.030794345 -0.031550547 -0.033410372 -0.038462011 -0.052880562 -0.088066701 -0.13273421 -0.14874952 -0.14456997 -0.13701055 -0.13047076 -0.12541502 -0.12165105 -0.118919 -0.11698329 -0.11565043 -0.11477225 -0.1142436 -0.11399775 -0.11400184 -0.11425388 -0.1147817 -0.11564396 -0.11693225 -0.11877288 -0.12132253 -0.12024288 0.91914649 1.1497927 1.1499998 1.15 1.15 1.15 1.15 1.15 1.15 1.15 1.15 1.15 1.15 1.15 1.15 1.15 1.15 1.15 1.15 1.1499998 1.1498657 1.0748552 0.19281094 0.17005951 0.17000021 0.17 0.17 0.17
-0.030035147 -0.030037004 -0.030040513 -0.030046462 -0.030056285 -0.03007273 -0.030101366 -0.030154323 -0.03026031 -0.030494114 -0.031072719 -0.032701863 -0.037908128 -0.055389119 -0.098882315 -0.13724823 -0.14099757 -0.1342458 -0.12772161 -0.12275888 -0.11918208 -0.11668007 -0.11497482 -0.11384474 -0.11312588 -0.11270598 -0.11251619 -0.11252387 -0.11272808 -0.11315864 -0.11387829 -0.11498702 -0.11662652 -0.11898157 -0.12076791 0.84774448 1.1498655 1.15 1.15 1.15 1.15 1.15 1.15 1.15 1.15 1.15 1.15 1.15 1.15 1.15 1.15 1.15 1.15 1.15 1.1499999 1.1498262 0.9796019 0.17487461 0.17000697 0.17000001 0.17 0.17 0.17
-0.030015934 -0.030015956 -0.030016572 -0.030017988 -0.030020588 -0.030025108 -0.030033028 -0.030047533 -0.030076076 -0.030137947 -0.030289308 -0.030717356 -0.032145389 -0.037750977 -0.060467304 -0.11198441 -0.13571289 -0.13186786 -0.12544058 -0.12054842 -0.1171535 -0.1148847 -0.11341276 -0.11248456 -0.11192079 -0.1116042 -0.11146601 -0.111475 -0.11163132 -0.11196559 -0.11254284 -0.11346999 -0.11490429 -0.11705891 -0.11978467 0.73778812 1.1499137 1.15 1.15 1.15 1.15 1.15 1.15 1.15 1.15 1.15 1.15 1.15 1.15 1.15 1.15 1.15 1.15 1.15 1.1499999 1.1497423 0.7578341 0.17075762 0.17000056 0.17 0.17 0.17 0.17
-0.030007018 -0.030006643 -0.030006498 -0.030006619 -0.030007086 -0.030008061 -0.030009873 -0.030013225 -0.030019732 -0.030033501 -0.030066343 -0.030157571 -0.030462597 -0.031726682 -0.038189959 -0.070057311 -0.12256634 -0.12950831 -0.12362369 -0.1187656 -0.11553219 -0.11348975 -0.1122456 -0.11151067 -0.11109113 -0.11086768 -0.11077435 -0.11078279 -0.11089407 -0.11113803 -0.11157956 -0.11233039 -0.11356332 -0.11552364 -0.11843761 0.57604118 1.1499446 1.15 1.15 1.15 1.15 1.15 1.15 1.15 1.15 1.15 1.15 1.15 1.15 1.15 1.15 1.15 1.15 1.15 1.1499999 1.1495455 0.42965308 0.17008175 0.17000003 0.17 0.17 0.17 0.17
-0.030003014 -0.03000268 -0.030002451 -0.030002322 -0.030002301 -0.030002411 -0.03000271 -0.030003321 -0.030004526 -0.030007031 -0.030012806 -0.030028275 -0.030078638 -0.030287328 -0.031435702 -0.039720281 -0.086445109 -0.12509487 -0.1222388 -0.11739286 -0.11427946 -0.11244414 -0.1114131 -0.11085484 -0.11056212 -0.11041725 -0.11036014 -0.11036678 -0.11043885 -0.11060356 -0.11092271 -0.11151008 -0.11255421 -0.11433869 -0.11723211 0.36626552 1.1499638 1.15 1.15 1.15 1.15 1.15 1.15 1.15 1.15 1.15 1.15 1.15 1.15 1.15 1.15 1.15 1.15 1.15 1.15 1.1490012 0.22765749 0.17000575 0.17 0.17 0.17 0.17 0.17
-0.030001268 -0.030001053 -0.030000894 -0.030000781 -0.030000708 -0.030000675 -0.030000685 -0.030000754 -0.030000918 -0.03000127 -0.030002062 -0.030004086 -0.03001034 -0.030035269 -0.030172148 -0.031273827 -0.043722078 -0.10653844 -0.12100119 -0.11642006 -0.11335527 -0.11169222 -0.11085021 -0.11044478 -0.11025607 -0.110172 -0.11014141 -0.11014576 -0.11018693 -0.11028765 -0.11050351 -0.11094742 -0.11182449 -0.11346673 -0.11634514 0.15196266 1.1499751 1.15 1.15 1.15 1.15 1.15 1.15 1.15 1.15 1.15 1.15 1.15 1.15 1.15 1.15 1.15 1.15 1.15 1.15 1.1471125 0.17715006 0.17000025 0.17 0.17 0.17 0.17 0.17
-0.030000525 -0.030000405 -0.030000317 -0.030000253 -0.030000208 -0.030000178 -0.030000161 -0.030000155 -0.030000165 -0.030000197 -0.030000276 -0.03000047 -0.03000103 -0.030003102 -0.030013859 -0.030100192 -0.031274625 -0.054385247 -0.11688385 -0.11584747 -0.11272535 -0.11117821 -0.11049207 -0.11021032 -0.11009977 -0.11005765 -0.11004401 -0.11004629 -0.11006613 -0.11012041 -0.11025587 -0.11058185 -0.11132306 -0.1128776 -0.11584445 -0.0043130805 1.1499784 1.15 1.15 1.15 1.15 1.15 1.15 1.15 1.15 1.15 1.15 1.15 1.15 1.15 1.15 1.15 1.15 1.15 1.1499999 1.138377 0.17053756 0.17000001 0.17 0.17 0.17 0.17 0.17
-0.030000215 -0.030000154 -0.03000011 -0.03000008 -0.030000059 -0.030000045 -0.030000035 -0.030000029 -0.030000026 -0.030000027 -0.030000031 -0.030000043 -0.030000077 -0.03000019 -0.030000716 -0.030004614 -0.030057706 -0.031583419 -0.080790894 -0.11551799 -0.11237504 -0.11085219 -0.11027936 -0.11008979 -0.11003183 -0.11001451 -0.11000983 -0.11001072 -0.11001826 -0.1100432 -0.11012188 -0.11035873 -0.11100612 -0.112562 -0.1158183 -0.085179475 1.1498967 1.15 1.15 1.15 1.15 1.15 1.15 1.15 1.15 1.15 1.15 1.15 1.15 1.15 1.15 1.15 1.15 1.15 1.1499999 1.0833024 0.17002397 0.17 0.17 0.17 0.17 0.17 0.17
-0.030000087 -0.030000058 -0.030000038 -0.030000025 -0.030000016 -0.030000011 -0.030000007 -0.030000005 -0.030000004 -0.030000003 -0.030000003 -0.030000003 -0.030000004 -0.030000008 -0.030000023 -0.030000116 -0.030001245 -0.030034327 -0.032889637 -0.10943648 -0.11233981 -0.11067874 -0.11016309 -0.11003499 -0.11000789 -0.11000242 -0.11000134 -0.11000156 -0.11000361 -0.11001305 -0.11005608 -0.11023377 -0.11084668 -0.112563 -0.11649688 -0.16732048 1.1435436 1.1499996 1.15 1.15 1.15 1.15 1.15 1.15 1.15 1.15 1.15 1.15 1.15 1.15 1.15 1.15 1.15 1.15 1.1499998 0.74382799 0.17000061 0.17 0.17 0.17 0.17 0.17 0.17
-0.030000033 -0.030000021 -0.030000013 -0.030000008 -0.030000004 -0.030000003 -0.030000001 -0.030000001 -0.030000001 -0.03 -0.03 -0.03 -0.03 -0.03 -0.03 -0.030000001 -0.030000011 -0.030000257 -0.030023208 -0.040125036 -0.11265536 -0.11065722 -0.11010838 -0.1100132 -0.11000145 -0.11000022 -0.11000008 -0.11000011 -0.11000045 -0.11000336 -0.11002707 -0.11017746 -0.1108577 -0.11306898 -0.11867559 -0.66504206 0.17414596 1.1499495 1.15 1.15 1.15 1.15 1.15 1.15 1.15 1.15 1.15 1.15 1.15 1.15 1.15 1.15 1.15 1.15 1.1499993 0.24896233 0.17000001 0.17 0.17 0.17 0.17 0.17 0.17
-0.030000003 -0.030000006 -0.030000004 -0.030000002 -0.030000001 -0.030000001 -0.03 -0.03 -0.03 -0.03 -0.03 -0.03 -0.03 -0.03 -0.03 -0.03 -0.03 -0.030000001 -0.030000038 -0.03002216 -0.086883128 -0.11090353 -0.11010021 -0.11000578 -0.1100002 -0.11000001 -0.11 -0.11 -0.11000003 -0.11000083 -0.11001661 -0.11018581 -0.11117965 -0.11475102 -0.15488487 -0.70992113 -0.70917176 1.1090751 1.15 1.15 1.15 1.15 1.15 1.15 1.15 1.15 1.15 1.15 1.15 1.15 1.15 1.15 1.15 1.15 1.1499958 0.17317572 0.17 0.17 0.17 0.17 0.17 0.17 0.17
-0.029999962 -0.029999996 -0.030000001 -0.030000001 -0.03 -0.03 -0.03 -0.03 -0.03 -0.03 -0.03 -0.03 -0.03 -0.03 -0.03 -0.03 -0.03 -0.03 -0.03 -0.030000004 -0.030049692 -0.11200801 -0.11018392 -0.11000471 -0.11000003 -0.11 -0.11 -0.11 -0.11 -0.1100003 -0.11001919 -0.11034739 -0.1125513 -0.12027044 -0.7022148 -0.70999998 -0.70999996 -0.70123394 1.149906 1.15 1.15 1.15 1.15 1.15 1.15 1.15 1.15 1.15 1.15 1.15 1.15 1.15 1.15 1.15 1.1499519 0.17007472 0.17 0.17 0.17 0.17 0.17 0.17 0.17
-0.029999811 -0.029999967 -0.029999996 -0.03 -0.03 -0.03 -0.03 -0.03 -0.03 -0.03 -0.03 -0.03 -0.03 -0.03 -0.03 -0.03 -0.03 -0.03 -0.03 -0.03 -0.03 -0.030875146 -0.11110841 -0.11001954 -0.11000001 -0.11 -0.11 -0.11 -0.11 -0.1100005 -0.11008063 -0.11157543 -0.11984685 -0.15792047 -0.70999956 -0.71 -0.71 -0.70999995 -0.22243631 1.15 1.15 1.15 1.15 1.15 1.15 1.15 1.15 1.15 1.15 1.15 1.15 1.15 1.15 1.15 1.1490507 0.17000127 0.17 0.17 0.17 0.17 0.17 0.17 0.17
-0.029998974 -0.029999809 -0.029999971 -0.029999996 -0.03 -0.03 -0.03 -0.03 -0.03 -0.03 -0.03 -0.03 -0.03 -0.03 -0.03 -0.03 -0.03 -0.03 -0.03 -0.03 -0.03 -0.03 -0.13624023 -0.11172966 -0.11000176 -0.11 -0.11 -0.11 -0.11 -0.11003395 -0.11243097 -0.1304936 -0.17742755 -0.70966698 -0.71 -0.71 -0.71 -0.71 -0.70999968 1.1455168 1.15 1.15 1.15 1.15 1.15 1.15 1.15 1.15 1.15 1.15 1.15 1.15 1.15 1.15 1.1218735 0.17000002 0.17 0.17 0.17 0.17 0.17 0.17 0.17
-0.029993243 -0.029998637 -0.029999777 -0.029999971 -0.029999997 -0.03 -0.03 -0.03 -0.03 -0.03 -0.03 -0.03 -0.03 -0.03 -0.03 -0.03 -0.03 -0.03 -0.03 -0.03 -0.03 -0.03 -0.030000004 -1.2806629 -1.2920949 -0.94592603 -0.11000001 -0.11023548 -0.16894692 -0.32790251 -0.46793787 -0.56703868 -0.63738545 -0.71 -0.71 -0.71 -0.71 -0.71 -0.71 -0.70996359 1.1499998 1.15 1.15 1.15 1.15 1.15 1.15 1.15 1.15 1.15 1.15 1.15 1.15 1.15 0.62794047 0.17 0.17 0.17 0.17 0.17 0.17 0.17 0.17
-0.029945579 -0.0299877 -0.029997746 -0.029999675 -0.029999965 -0.029999997 -0.03 -0.03 -0.03 -0.03 -0.03 -0.03 -0.03 -0.03 -0.03 -0.03 -0.03 -0.03 -0.03 -0.03 -0.03 -0.03 -0.03 -0.22512669 -1.8199997 -1.82 -1.82 -1.82 -1.8199999 -1.8191301 -1.7929142 -1.6909259 -0.71007098 -0.71 -0.71 -0.71 -0.71 -0.71 -0.71 -0.70999966 -0.34541113 1.15 1.15 1.15 1.15 1.15 1.15 1.15 1.15 1.15 1.15 1.15 1.15 1.15 0.19201729 0.17 0.17 0.17 0.17 0.17 0.17 0.17 0.17
-0.029468497 -0.029860714 -0.029970208 -0.029994976 -0.029999358 -0.029999941 -0.029999996 -0.03 -0.03 -0.03 -0.03 -0.03 -0.03 -0.03 -0.03 -0.03 -0.03 -0.03 -0.03 -0.03 -0.03 -0.03 -0.03 -0.03 -1.82 -1.82 -1.82 -1.82 -1.82 -1.8199957 -1.8194582 -1.811793 -0.71 -0.71 -0.71 -0.71 -0.71 -0.71 -0.71 -0.70998903 0.3491557 0.35000139 1.149709 1.15 1.15 1.15 1.15 1.15 1.15 1.15 1.15 1.15 1.15 1.1499983 0.17076845 0.17 0.17 0.17 0.17 0.17 0.17 0.17 0.17
-0.023805645 -0.028050477 -0.029492725 -0.029894551 -0.029983208 -0.029998051 -0.029999844 -0.029999992 -0.03 -0.03 -0.03 -0.03 -0.03 -0.03 -0.03 -0.03 -0.03 -0.03 -0.03 -0.03 -0.03 -0.03 -0.03 -0.03 -0.24222861 -1.82 -1.82 -1.82 -1.82 -1.8199989 -1.8199235 -0.71323611 -0.71 -0.71 -0.71 -0.71 -0.71 -0.71 -0.71 -0.62068219 0.35 0.35 0.35 0.3745657 1.15 1.15 1.15 1.15 1.15 1.15 1.15 1.15 1.15 1.1490704 0.32747517 0.17043939 0.1700001 0.17 0.17 0.17 0.17 0.17 0.17
0.051347013 0.0025355708 -0.019175545 -0.027078179 -0.029382871 -0.029902807 -0.029989254 -0.029999223 -0.029999966 -0.029999999 -0.03 -0.03 -0.03 -0.03 -0.03 -0.03 -0.03 -0.03 -0.03 -0.03 -0.03 -0.03 -0.03 -0.03 -0.030000002 -1.8199996 -1.82 -1.82 -1.8199999 -1.8199981 -1.819951 -0.71 -0.71 -0.71 -0.71 -0.71 -0.71 -0.71 -0.71 0.34999999 0.35 0.35 0.35 0.35 0.35000275 1.1458187 1.15 1.15 1.15 1.15 1.15 1.1499999 1.149623 0.8400562 0.83998533 0.83884215 0.49291714 0.17006637 0.17 0.17 0.17 0.17 0.17
0.71586792 0.44634032 0.21455339 0.067882159 0.00013884516 -0.022994836 -0.028819795 -0.0298649 -0.029990346 -0.029999607 -0.029999991 -0.03 -0.03 -0.03 -0.03 -0.03 -0.03 -0.03 -0.03 -0.03 -0.03 -0.03 -0.03 -0.03 -0.03 -0.50168699 -1.8199999 -1.8199999 -1.8199994 -1.8199942 -1.0451447 -0.71 -0.71 -0.71 -0.71 -0.71 -0.71 -0.71 -0.70895284 0.35 0.35 0.35 0.35 0.35 0.35 0.35000002 0.41889276 1.1498137 1.1499999 1.1499985 1.1424295 0.20743402 0.20772538 0.83982386 0.84 0.84 0.83999999 0.83999592 0.79001339 0.17001786 0.17 0.17 0.17
1.5225962 1.468755 1.3699137 1.1860014 0.87092336 0.46183398 0.14285962 0.0079797572 -0.024752109 -0.029566951 -0.029980653 -0.029999549 -0.029999992 -0.03 -0.03 -0.03 -0.03 -0.03 -0.03 -0.03 -0.03 -0.03 -0.03 -0.03 -0.03 -0.03008036 -1.818895 -1.8199985 -1.8199957 -1.8199734 -0.7100206 -0.71 -0.71 -0.71 -0.71 -0.71 -0.71 -0.71 0.35 0.35 0.35 0.35 0.35 0.35 0.35 0.35 0.35000001 0.35113056 0.50602547 0.15012979 0.15000007 0.15000001 0.15054407 0.83739373 0.84 0.84 0.84 0.84 0.84 0.84 0.83924999 0.17009981 0.17
1.6239417 1.6229394 1.6212184 1.6181377 1.612205 1.5995238 1.5684856 1.4799808 1.2050651 0.57509731 0.077488537 -0.022578435 -0.029749585 -0.02999078 -0.029999365 -0.029999972 -0.029999999 -0.03 -0.03 -0.03 -0.03 -0.03 -0.03 -0.03 -0.03 -0.030000824 -0.68999679 -1.8199423 -1.8199792 -1.6935802 -0.71000002 -0.71 -0.71 -0.71 -0.71 -0.71 -0.71 -0.70470195 0.35 0.35 0.35 0.35 0.35 0.35 0.35 0.35 0.35000001 0.34816223 0.15006944 0.15000011 0.15 0.15 0.15000061 0.68791115 0.84 0.84 0.84 0.84 0.84 0.84 0.84 0.84 0.83996293
1.6296428 1.6296898 1.6297247 1.629748 1.6297589 1.6297544 1.6297272 1.629658 1.6294934 1.6290558 1.6275888 1.6205697 1.5665496 1.0679169 0.39165234 0.33089677 0.30577777 0.28144095 0.26160694 0.25244927 0.26125891 0.29304781 0.34531048 0.40650841 0.46324842 0.5082388 0.53513476 -1.7398501 -1.8198092 -0.71740296 -0.71 -0.71 -0.71 -0.71 -0.71 -0.71 -0.70999996 0.34999892 0.35 0.35 0.35 0.35 0.35 0.35 0.35 0.35 0.40978228 0.62995903 0.15004824 0.15000001 0.15 0.15 0.15 0.15297009 0.83999993 0.84 0.84 0.84 0.84 0.84 0.84 0.84 0.84
1.6299593 1.6299702 1.6299781 1.6299837 1.6299875 1.62999 1.6299915 1.6299921 1.6299915 1.6299889 1.6299806 1.6299491 1.6297586 1.6273518 1.5503944 1.1634076 1.1500107 1.15 1.15 1.15 1.15 1.15 1.15 1.15 1.15 1.15 1.1499985 1.148757 0.48668 0.42277667 -0.70996241 -0.71 -0.71 -0.71 -0.71 -0.70999998 -0.59697211 0.35 0.35 0.35 0.35 0.35 0.35 0.35 0.35000003 1.3262033 1.399782 1.2656196 0.15005897 0.15 0.15 0.15 0.15 0.15000012 0.83998474 0.84 0.84 0.84 0.84 0.84 0.84 0.84 0.84
1.6299886 1.6299922 1.6299947 1.6299964 1.6299975 1.6299983 1.6299988 1.6299991 1.6299993 1.6299994 1.6299993 1.629999 1.6299973 1.6299835 1.6296356 1.5794778 1.1516314 1.15 1.15 1.15 1.15 1.15 1.15 1.15 1.15 1.15 1.1498969 0.81915574 0.48001028 0.48000001 0.47995868 -0.6901402 -0.70999966 -0.70999998 -0.70999988 -0.70929228 0.34515738 0.35 0.35 0.35 0.35 0.35 0.35 0.35000836 1.3999759 1.3999999 1.3999747 1.3640936 0.15026261 0.15 0.15 0.15 0.15 0.15 0.71898432 0.84 0.84 0.84 0.84 0.84 0.84 0.84 0.84
1.6299956 1.6299972 1.6299983 1.629999 1.6299994 1.6299997 1.6299998 1.6299999 1.6299999 1.63 1.63 1.63 1.63 1.63 1.6299998 1.6299881 1.6079957 1.150023 1.15 1.15 1.15 1.15 1.15 1.15 1.15 1.1499897 1.0675875 0.48174136 0.48000002 0.48 0.48 0.48002181 1.8251143 1.8392544 1.8392959 1.8387832 0.52568556 0.35000041 0.35 0.35 0.35 0.35 0.37588539 1.4 1.4 1.4 1.3999993 1.3466009 0.17142884 0.15 0.15 0.15 0.15 0.15 0.15000465 0.84 0.84 0.84 0.84 0.84 0.84 0.84 0.84
1.6299982 1.629999 1.6299994 1.6299997 1.6299999 1.6299999 1.63 1.63 1.63 1.63 1.63 1.63 1.63 1.63 1.63 1.63 1.63 1.6258061 1.15 1.15 1.15 1.15 1.15 1.15 1.1499998 0.91775721 0.88949114 0.48000358 0.48 0.48 0.48 0.48000134 1.8369434 1.84 1.84 1.84 1.84 1.84 1.8213035 0.35037209 0.35000085 1.3733281 1.4 1.4 1.4 1.4 1.4 1.2449698 1.1295194 0.15 0.15 0.15 0.15 0.15 0.15 0.83999991 0.84 0.84 0.84 0.84 0.84 0.84 -0.21824794
1.6299992 1.6299996 1.6299998 1.6299999 1.63 1.63 1.63 1.63 1.63 1.63 1.63 1.63 1.63 1.63 1.63 1.63 1.63 1.63 1.6298624 1.15 1.15 1.15 1.15 1.15 0.89000469 0.89 0.87062771 0.48 0.48 0.48 0.48 0.48000003 1.8396216 1.84 1.84 1.84 1.84 1.84 1.84 1.84 1.6922023 1.4 1.4 1.4 1.4 1.4 1.4 1.1304155 1.13 0.15 0.15 0.15 0.15 0.15 0.15 0.59771146 0.84 0.84 0.84 0.84 0.83999992 -1.08 -1.08
