Interpolating SPI Data/spi_stations/interpolated_spi/3-22_2.tif
NCOLS 257
NROWS 141
XLLCORNER -178.27925
YLLCORNER 5.3153543
DX 0.49934803
DY 0.49997533
NODATA_VALUE -9999
[rows 0 to 27 of 141, columns 64 to 127 of 257]
0.30983853 0.30981194 0.30976977 0.30970132 0.30958559 0.30937867 0.30898181 0.3081539 0.30625058 0.30138125 0.28755561 0.24607892 0.13871683 -0.010247484 -0.080757247 -0.086708261 -0.077943949 -0.068939826 -0.061812503 -0.056488363 -0.052622186 -0.049882786 -0.047996517 -0.046753715 -0.046005565 -0.045657629 -0.045663426 -0.046020108 -0.046767081 -0.047987363 -0.04981055 -0.052415419 -0.05602675 -0.057785094 0.65987377 0.8198555 0.81999989 0.82 0.82 0.82 0.82 0.82 0.82 0.82 0.82 0.82 0.82 0.82 0.82 0.82 0.82 0.82 0.82 0.81999983 0.81988627 0.75635692 0.0093194699 -0.0099495979 -0.0099998238 -0.0099999991 -0.01 -0.01 -0.01 -0.01
0.30992847 0.30992046 0.30990715 0.3098852 0.30984812 0.30978252 0.30965843 0.30940293 0.3088197 0.30731769 0.3028924 0.28801677 0.23517914 0.094508215 -0.045803845 -0.079089598 -0.073808014 -0.065036593 -0.05805332 -0.05299433 -0.049453653 -0.047040391 -0.045441094 -0.044423761 -0.04382951 -0.043560927 -0.043571793 -0.043860795 -0.044470122 -0.045488576 -0.047057651 -0.049377882 -0.052711247 -0.056335978 0.610789 0.81990648 0.81999997 0.82 0.82 0.82 0.82 0.82 0.82 0.82 0.82 0.82 0.82 0.82 0.82 0.82 0.82 0.82 0.82 0.81999989 0.8198528 0.67568324 -0.0058715035 -0.0099940958 -0.0099999878 -0.01 -0.01 -0.01 -0.01 -0.01
0.30996951 0.30996787 0.30996453 0.3099586 0.30994836 0.30993025 0.3098965 0.30982835 0.30967574 0.30928735 0.30813719 0.30409484 0.2872898 0.21477112 0.03684727 -0.063923025 -0.069846954 -0.061779425 -0.054924394 -0.0501235 -0.046912839 -0.044829751 -0.043516163 -0.042718314 -0.042270266 -0.0420747 -0.042087429 -0.042308655 -0.042781708 -0.043598633 -0.044910741 -0.046940579 -0.049989855 -0.054150259 0.53518008 0.81994006 0.81999999 0.82 0.82 0.82 0.82 0.82 0.82 0.82 0.82 0.82 0.82 0.82 0.82 0.82 0.82 0.82 0.82 0.81999993 0.81978178 0.48785949 -0.0093583408 -0.0099995253 -0.0099999995 -0.01 -0.01 -0.01 -0.01 -0.01
0.30998746 0.30998757 0.30998714 0.30998597 0.3099837 0.30997952 0.30997175 0.30995636 0.30992283 0.30983979 0.30959831 0.30874669 0.30500028 0.28457025 0.17664122 -0.019017066 -0.064532907 -0.059129145 -0.052399661 -0.047829021 -0.044938702 -0.043177987 -0.042137911 -0.041544174 -0.041227942 -0.041095859 -0.041107805 -0.041265285 -0.041610541 -0.042235405 -0.043297973 -0.045042822 -0.047817081 -0.05200833 0.42396903 0.81996155 0.82 0.82 0.82 0.82 0.82 0.82 0.82 0.82 0.82 0.82 0.82 0.82 0.82 0.82 0.82 0.82 0.82 0.81999995 0.8196151 0.20991026 -0.009930766 -0.0099999755 -0.01 -0.01 -0.01 -0.01 -0.01 -0.01
0.30999501 0.30999538 0.30999556 0.30999552 0.30999521 0.30999449 0.30999306 0.30999022 0.3099842 0.30996984 0.30992968 0.30979176 0.30918392 0.30560403 0.27787731 0.10948606 -0.049774372 -0.056893124 -0.050452296 -0.046056147 -0.043458962 -0.041999832 -0.041209775 -0.040795519 -0.040590489 -0.040509676 -0.040519073 -0.040621066 -0.040854167 -0.041305823 -0.042137078 -0.043614728 -0.046140137 -0.050246656 0.27976496 0.81997491 0.82 0.82 0.82 0.82 0.82 0.82 0.82 0.82 0.82 0.82 0.82 0.82 0.82 0.82 0.82 0.82 0.82 0.81999996 0.81915408 0.038832361 -0.0099951269 -0.0099999992 -0.01 -0.01 -0.01 -0.01 -0.01 -0.01
0.30999806 0.30999834 0.30999853 0.30999865 0.30999869 0.30999864 0.30999846 0.30999807 0.30999723 0.30999529 0.30999015 0.30997345 0.30990263 0.3094851 0.30585807 0.26163794 0.020518882 -0.05377173 -0.049059196 -0.044748154 -0.04239483 -0.041203227 -0.040629453 -0.040362395 -0.040243412 -0.040200122 -0.040206275 -0.040264542 -0.040407086 -0.040712577 -0.041340798 -0.042582026 -0.044906127 -0.048981221 0.13243876 0.81998275 0.82 0.82 0.82 0.82 0.82 0.82 0.82 0.82 0.82 0.82 0.82 0.82 0.82 0.82 0.82 0.82 0.82 0.81999996 0.8175545 -0.003944341 -0.0099997916 -0.01 -0.01 -0.01 -0.01 -0.01 -0.01 -0.01
0.30999926 0.30999942 0.30999953 0.30999961 0.30999966 0.30999969 0.30999969 0.30999966 0.30999958 0.30999939 0.30999891 0.30999746 0.30999176 0.30995999 0.30968326 0.3055888 0.21850159 -0.037302728 -0.048162185 -0.043856431 -0.041667413 -0.040696382 -0.040297648 -0.04014119 -0.04008158 -0.040062284 -0.040065508 -0.040093581 -0.040170408 -0.040362105 -0.040823435 -0.041872396 -0.044072398 -0.048271206 0.024809437 0.81998483 0.82 0.82 0.82 0.82 0.82 0.82 0.82 0.82 0.82 0.82 0.82 0.82 0.82 0.82 0.82 0.82 0.82 0.81999996 0.81015601 -0.009544716 -0.009999995 -0.01 -0.01 -0.01 -0.01 -0.01 -0.01 -0.01
0.30999972 0.3099998 0.30999985 0.30999989 0.30999992 0.30999993 0.30999994 0.30999995 0.30999995 0.30999994 0.30999991 0.30999982 0.30999952 0.30999803 0.30998604 0.30980681 0.30417344 0.10845094 -0.046850936 -0.043359331 -0.041206027 -0.040395352 -0.040127077 -0.040045052 -0.040020532 -0.040013918 -0.04001517 -0.040025843 -0.04006114 -0.040172487 -0.040507675 -0.041423861 -0.04362575 -0.048233855 -0.031709619 0.81992404 0.81999999 0.82 0.82 0.82 0.82 0.82 0.82 0.82 0.82 0.82 0.82 0.82 0.82 0.82 0.82 0.82 0.82 0.81999993 0.76351125 -0.009979695 -0.0099999999 -0.01 -0.01 -0.01 -0.01 -0.01 -0.01 -0.01
0.3099999 0.30999993 0.30999996 0.30999997 0.30999998 0.30999999 0.30999999 0.30999999 0.30999999 0.30999999 0.30999999 0.30999999 0.30999998 0.30999994 0.30999967 0.30999606 0.30987841 0.29875469 -0.01952203 -0.043295228 -0.040960555 -0.04023081 -0.040049513 -0.04001117 -0.040003429 -0.040001895 -0.040002209 -0.040005107 -0.040018462 -0.040079365 -0.040330836 -0.041198224 -0.043627174 -0.049191535 -0.098276822 0.81521038 0.81999969 0.82 0.82 0.82 0.82 0.82 0.82 0.82 0.82 0.82 0.82 0.82 0.82 0.82 0.82 0.82 0.82 0.81999985 0.47599718 -0.0099994849 -0.01 -0.01 -0.01 -0.01 -0.01 -0.01 -0.01 -0.01
0.30999996 0.30999998 0.30999999 0.30999999 0.31 0.31 0.31 0.31 0.31 0.31 0.31 0.31 0.31 0.31 0.31 0.30999997 0.30999915 0.30991344 0.26873898 -0.043240617 -0.040930081 -0.040153374 -0.040018675 -0.040002046 -0.040000311 -0.040000117 -0.040000157 -0.040000642 -0.040004754 -0.040038307 -0.040251148 -0.04121382 -0.044343238 -0.052170305 -0.52186947 0.095979554 0.81996255 0.82 0.82 0.82 0.82 0.82 0.82 0.82 0.82 0.82 0.82 0.82 0.82 0.82 0.82 0.82 0.82 0.81999944 0.056876258 -0.0099999927 -0.01 -0.01 -0.01 -0.01 -0.01 -0.01 -0.01 -0.01
0.30999999 0.30999999 0.31 0.31 0.31 0.31 0.31 0.31 0.31 0.31 0.31 0.31 0.31 0.31 0.31 0.31 0.31 0.30999987 0.30991378 0.070396273 -0.041277861 -0.040141815 -0.040008183 -0.040000279 -0.040000011 -0.040000002 -0.040000003 -0.040000045 -0.040001175 -0.040023503 -0.040262964 -0.041669443 -0.046723644 -0.085956698 -0.55993395 -0.5593855 0.78963639 0.81999997 0.82 0.82 0.82 0.82 0.82 0.82 0.82 0.82 0.82 0.82 0.82 0.82 0.82 0.82 0.82 0.81999642 -0.0073103607 -0.0099999999 -0.01 -0.01 -0.01 -0.01 -0.01 -0.01 -0.01 -0.01
0.31 0.31 0.31 0.31 0.31 0.31 0.31 0.31 0.31 0.31 0.31 0.31 0.31 0.31 0.31 0.31 0.31 0.31 0.30999999 0.30980121 -0.042341341 -0.040260291 -0.040006664 -0.040000038 -0.04 -0.04 -0.04 -0.040000002 -0.040000425 -0.04002716 -0.040491632 -0.043610609 -0.054530852 -0.55345916 -0.55999999 -0.55999997 -0.55349615 0.81993027 0.82 0.82 0.82 0.82 0.82 0.82 0.82 0.82 0.82 0.82 0.82 0.82 0.82 0.82 0.82 0.81995925 -0.0099367127 -0.01 -0.01 -0.01 -0.01 -0.01 -0.01 -0.01 -0.01 -0.01
0.31000003 0.31 0.31 0.31 0.31 0.31 0.31 0.31 0.31 0.31 0.31 0.31 0.31 0.31 0.31 0.31 0.31 0.31 0.31 0.31 0.30649471 -0.041568611 -0.040027647 -0.04000002 -0.04 -0.04 -0.04 -0.04 -0.040000714 -0.040114108 -0.042229559 -0.053935303 -0.098723612 -0.55999965 -0.56 -0.56 -0.55999996 -0.1982592 0.81999999 0.82 0.82 0.82 0.82 0.82 0.82 0.82 0.82 0.82 0.82 0.82 0.82 0.82 0.82 0.81919603 -0.0099989246 -0.01 -0.01 -0.01 -0.01 -0.01 -0.01 -0.01 -0.01 -0.01
0.31000017 0.31000003 0.31 0.31 0.31 0.31 0.31 0.31 0.31 0.31 0.31 0.31 0.31 0.31 0.31 0.31 0.31 0.31 0.31 0.31 0.31 -0.06512129 -0.042447822 -0.040002488 -0.04 -0.04 -0.04 -0.040000002 -0.040048044 -0.043440319 -0.069002643 -0.13542374 -0.5597659 -0.56 -0.56 -0.56 -0.56 -0.55999976 0.81667376 0.82 0.82 0.82 0.82 0.82 0.82 0.82 0.82 0.82 0.82 0.82 0.82 0.82 0.82 0.79617861 -0.0099999835 -0.01 -0.01 -0.01 -0.01 -0.01 -0.01 -0.01 -0.01 -0.01
0.31000115 0.31000019 0.31000003 0.31 0.31 0.31 0.31 0.31 0.31 0.31 0.31 0.31 0.31 0.31 0.31 0.31 0.31 0.31 0.31 0.31 0.31 0.30999999 -1.6967276 -1.7129062 -1.2230064 -0.040000011 -0.040333246 -0.12342195 -0.34837665 -0.54655535 -0.68680328 -0.78222371 -0.56 -0.56 -0.56 -0.56 -0.56 -0.56 -0.55997305 0.81999982 0.82 0.82 0.82 0.82 0.82 0.82 0.82 0.82 0.82 0.82 0.82 0.82 0.82 0.37784755 -0.0099999997 -0.01 -0.01 -0.01 -0.01 -0.01 -0.01 -0.01 -0.01 -0.01
0.31001009 0.31000188 0.31000028 0.31000003 0.31 0.31 0.31 0.31 0.31 0.31 0.31 0.31 0.31 0.31 0.31 0.31 0.31 0.31 0.31 0.31 0.31 0.31 0.0080389859 -2.4599996 -2.46 -2.46 -2.46 -2.4599998 -2.4587689 -2.421668 -2.2773338 -0.56012857 -0.56 -0.56 -0.56 -0.56 -0.56 -0.56 -0.55999993 -0.44698164 0.81999995 0.82 0.82 0.82 0.82 0.82 0.82 0.82 0.82 0.82 0.82 0.82 0.81999998 0.0086472993 -0.01 -0.01 -0.01 -0.01 -0.01 -0.01 -0.01 -0.01 -0.01 -0.01
0.31011208 0.31002414 0.31000412 0.31000054 0.31000005 0.31 0.31 0.31 0.31 0.31 0.31 0.31 0.31 0.31 0.31 0.31 0.31 0.31 0.31 0.31 0.31 0.31 0.31 -2.46 -2.46 -2.46 -2.46 -2.46 -2.4599939 -2.4592332 -2.4483355 -0.56 -0.56 -0.56 -0.56 -0.56 -0.56 -0.56 -0.55999762 -0.3301832 -0.329998 0.81958163 0.82 0.82 0.82 0.82 0.82 0.82 0.82 0.82 0.82 0.82 0.81999853 -0.0093525946 -0.0099999982 -0.01 -0.01 -0.01 -0.01 -0.01 -0.01 -0.01 -0.01 -0.01
0.31155279 0.31040519 0.31008463 0.31001359 0.3100016 0.31000013 0.31000001 0.31 0.31 0.31 0.31 0.31 0.31 0.31 0.31 0.31 0.31 0.31 0.31 0.31 0.31 0.31 0.31 -0.018420805 -2.46 -2.46 -2.46 -2.46 -2.4599984 -2.4598917 -0.56554041 -0.56 -0.56 -0.56 -0.56 -0.56 -0.56 -0.56 -0.54061972 -0.33 -0.33 -0.33 -0.29468681 0.81999995 0.82 0.82 0.82 0.82 0.82 0.82 0.82 0.82 0.81838985 0.051123904 -0.00982949 -0.0099999615 -0.01 -0.01 -0.01 -0.01 -0.01 -0.01 -0.01 -0.01
0.33578178 0.31858592 0.31232139 0.31049174 0.31007787 0.31000871 0.31000065 0.31000003 0.31 0.31 0.31 0.31 0.31 0.31 0.31 0.31 0.31 0.31 0.31 0.31 0.31 0.31 0.31 0.31 -2.4599993 -2.46 -2.46 -2.4599999 -2.4599973 -2.4599293 -0.56000001 -0.56 -0.56 -0.56 -0.56 -0.56 -0.56 -0.56 -0.33 -0.33 -0.33 -0.33 -0.33 -0.32999605 0.81398935 0.81999999 0.82 0.82 0.82 0.82 0.82000003 0.81977085 0.25021349 0.24999431 0.24955068 0.11531113 -0.0099742456 -0.0099999999 -0.01 -0.01 -0.01 -0.01 -0.01 -0.01
0.68655941 0.50337851 0.38743535 0.33386248 0.31555478 0.31093875 0.31010823 0.31000788 0.31000034 0.31000001 0.31 0.31 0.31 0.31 0.31 0.31 0.31 0.31 0.31 0.31 0.31 0.31 0.31 0.31 -0.41992904 -2.4599999 -2.4599999 -2.4599992 -2.4599918 -1.133676 -0.56 -0.56 -0.56 -0.56 -0.56 -0.56 -0.56 -0.55977279 -0.33 -0.33 -0.33 -0.33 -0.33 -0.33 -0.32999997 -0.23096665 0.81973214 0.81999983 0.82000051 0.82264966 1.1498926 1.0931162 0.25023486 0.25 0.25 0.25 0.24999841 0.23060221 -0.0099930674 -0.01 -0.01 -0.01 -0.01 -0.01
1.4935717 1.4155681 1.2704158 1.0216867 0.6986521 0.44668364 0.34007408 0.31417061 0.31034802 0.31001622 0.31000045 0.31000001 0.31 0.31 0.31 0.31 0.31 0.31 0.31 0.31 0.31 0.31 0.31 0.31 0.30987564 -2.4582902 -2.4599979 -2.4599939 -2.4599602 -0.56003527 -0.56 -0.56 -0.56 -0.56 -0.56 -0.56 -0.56 -0.33 -0.33 -0.33 -0.33 -0.33 -0.33 -0.33 -0.33 -0.32999999 -0.32837384 0.99463986 1.1699549 1.17 1.17 1.1692746 0.25347502 0.25 0.25 0.25 0.25 0.25 0.25 0.24970895 -0.0099612673 -0.01 -0.01 -0.01
1.6147737 1.6134058 1.6109796 1.6063231 1.5963731 1.571993 1.5023651 1.2857576 0.78873271 0.39549155 0.31606564 0.31024316 0.31001391 0.31000108 0.31000005 0.31 0.31 0.31 0.31 0.31 0.31 0.31 0.31 0.31 0.30999872 -0.71133621 -2.4599121 -2.4599706 -2.2436208 -0.56000004 -0.56 -0.56 -0.56 -0.56 -0.56 -0.56 -0.55885042 -0.33 -0.33 -0.33 -0.33 -0.33 -0.33 -0.33 -0.33 -0.32999999 -0.28166992 1.1700241 1.17 1.17 1.17 1.1699992 0.45278513 0.25000001 0.25 0.25 0.25 0.25 0.25 0.25 0.25 0.24998561 -0.0067393499 -0.0099995183
1.6198837 1.6198954 1.6199029 1.6199056 1.6199022 1.6198893 1.6198583 1.6197852 1.6195895 1.618922 1.6156524 1.5897471 1.3420328 0.98324804 0.92440659 0.8819598 0.84050534 0.80672029 0.79112121 0.80612747 0.86027635 0.94930005 1.053544 1.1501943 1.2268305 1.2733071 -2.3328663 -2.4597006 -0.57267194 -0.56 -0.56 -0.56 -0.56 -0.56 -0.56 -0.55999999 -0.33000023 -0.33 -0.33 -0.33 -0.33 -0.33 -0.33 -0.33 -0.32999999 -0.1888299 1.5161677 1.1700126 1.17 1.17 1.17 1.17 1.1660399 0.25000009 0.25 0.25 0.25 0.25 0.25 0.25 0.25 0.25 0.25000045 1.2094019
1.6200231 1.6200192 1.620016 1.6200136 1.6200118 1.6200108 1.6200106 1.6200119 1.6200159 1.620028 1.620074 1.6203518 1.6238614 1.7360901 2.3004468 2.3199844 2.32 2.32 2.32 2.32 2.32 2.32 2.32 2.32 2.32 2.3199989 2.3189738 1.7358921 1.61988 -0.55992766 -0.56 -0.56 -0.56 -0.56 -0.56 -0.53547508 -0.33 -0.33 -0.33 -0.33 -0.33 -0.33 -0.33 -0.32999993 1.9756974 2.1493226 1.9766347 1.1700107 1.17 1.17 1.17 1.17 1.1699998 0.25002034 0.25 0.25 0.25 0.25 0.25 0.25 0.25 0.25 0.25014594 1.21
1.6200107 1.6200075 1.6200052 1.6200036 1.6200025 1.6200017 1.6200013 1.620001 1.6200009 1.620001 1.6200015 1.620004 1.6200241 1.6205314 1.6936782 2.3176209 2.32 2.32 2.32 2.32 2.32 2.32 2.32 2.32 2.32 2.3199247 2.0316265 1.7300099 1.73 1.7299205 -0.5217863 -0.55999958 -0.55999998 -0.55999997 -0.55984644 -0.33105076 -0.33 -0.33 -0.33 -0.33 -0.33 -0.33 -0.32998026 2.1499432 2.1499998 2.1499214 2.040136 1.1700387 1.17 1.17 1.17 1.17 1.17 0.41135424 0.25 0.25 0.25 0.25 0.25 0.25 0.25 0.25 1.0501293 1.21
1.620004 1.6200024 1.6200015 1.6200008 1.6200005 1.6200003 1.6200001 1.6200001 1.62 1.62 1.62 1.62 1.62 1.6200003 1.6200173 1.6520896 2.3199664 2.32 2.32 2.32 2.32 2.32 2.32 2.32 2.3199925 2.2597658 1.7316966 1.73 1.73 1.73 1.7300131 2.5403702 2.5490906 2.5491413 2.5483713 0.0097721714 -0.3299992 -0.33 -0.33 -0.33 -0.33 -0.26886118 2.15 2.15 2.15 2.1499979 1.9838696 1.1730631 1.17 1.17 1.17 1.17 1.17 1.1699938 0.25 0.25 0.25 0.25 0.25 0.25 0.25 0.25 1.21 1.21
1.6200015 1.6200008 1.6200004 1.6200002 1.6200001 1.62 1.62 1.62 1.62 1.62 1.62 1.62 1.62 1.62 1.62 1.62 1.6261161 2.32 2.32 2.32 2.32 2.32 2.32 2.3199998 2.1502841 2.1295008 1.7300035 1.73 1.73 1.73 1.7300008 2.5481571 2.55 2.55 2.55 2.55 2.5499999 2.5138618 -0.3292808 -0.329998 2.0870034 2.15 2.15 2.15 2.15 2.15 1.6676838 1.3099314 1.17 1.17 1.17 1.17 1.17 1.17 0.25000011 0.25 0.25 0.25 0.25 0.25 0.25 0.0074853183 1.21 1.21
1.6200006 1.6200003 1.6200001 1.6200001 1.62 1.62 1.62 1.62 1.62 1.62 1.62 1.62 1.62 1.62 1.62 1.62 1.62 1.6202007 2.32 2.32 2.32 2.32 2.32 2.1300034 2.13 2.1111002 1.73 1.73 1.73 1.73 1.73 2.5497718 2.55 2.55 2.55 2.55 2.55 2.55 2.55 2.4155044 2.15 2.15 2.15 2.15 2.15 2.15 1.3112927 1.31 1.17 1.17 1.17 1.17 1.17 1.17 0.57305139 0.25 0.25 0.25 0.25 0.24999998 -0.19 -0.19 0.61429198 1.21
