Interpolating SPI Data/spi_stations/interpolated_spi/3-23_2.tif
NCOLS 257
NROWS 141
XLLCORNER -178.27925
YLLCORNER 5.3153543
DX 0.49934803
DY 0.49997533
NODATA_VALUE -9999
[rows 56 to 83 of 141, columns 126 to 188 of 257]
-0.99 -0.99 -0.99 -0.99 -0.99 -1.6697997 -0.37085417 -0.34921949 0.66294355 0.67976858 0.68648741 0.6807432 0.66416054 0.65057264 -0.50999996 -0.50992247 0.039239689 0.36999934 0.37 0.37 0.37 0.37 0.37 0.69 0.69239551 0.7 0.7 0.7 0.70240932 0.73163787 -0.019999602 0.65 0.65 0.65 0.82999859 0.83 0.83 0.4 0.4 0.4 0.44939934 0.45 0.45 0.45 0.44337806 1.13 1.13 1.13 1.13 1.1298992 0.51 0.51 0.51 0.51 0.51466739 0.75999998 1.14 1.14 1.14 1.0920694 0.16999866 0.17 0.17
-0.99 -0.99 -0.99 -0.99 -0.99 -0.024574593 0.74 0.57000025 0.57 0.57 0.57 0.57 0.57 0.57706023 1.04 1.0399778 0.11728424 0.37 0.37 0.37 0.37 0.37 0.39459919 0.69 0.69 0.69 0.7 0.7 0.94 0.94 0.93999998 0.65 0.65 0.65 0.83000003 0.83 0.83 0.82226771 0.4 0.4 0.44993302 0.45 0.45 0.45 1.55 1.13 1.13 1.13 1.13 1.1300119 0.51 0.51 0.51 0.76 0.76 0.76 0.75999963 0.15 0.15 0.15 0.16999715 0.17 0.17
-0.99000272 -0.99 -0.99 -0.99 -0.76964494 0.74 0.74 0.73999999 0.57 0.57 0.57 0.57 0.57 1.04 1.04 1.04 1.04 0.37 0.37 0.37 0.37 0.37 0.37 0.69 0.69 0.69 0.69 0.94 0.94 0.94 0.94 0.65 0.65 1.2 1.2 1.1944935 0.83 0.82832637 0.43 0.43 0.43000054 1.0770081 1.5497156 1.55 1.55 1.55 1.48 1.48 1.48 1.4759719 1.31 1.3096645 0.76 0.76 0.76 0.76 0.75999985 0.15 0.15 0.15 0.15006763 0.17 0.17
0.11 0.10999987 -0.98999874 -0.92333843 0.74 0.74 0.74 0.74 0.61170657 0.57 0.57 0.57 1.04 1.04 1.04 1.04 1.04 0.37 0.37 0.37 0.37 0.37 0.37 0.69 0.69 0.69 0.68520107 0.94 0.94 0.94 0.64 0.64 1.2 1.2 1.2 1.1112481 1.11 0.43 0.43 0.43 0.43013197 1.09 1.09 1.55 1.55 1.55 1.48 1.48 1.48 1.31 1.31 1.31 0.76 0.76 0.76 0.76 0.75999722 0.15 0.15 0.15 0.15 0.17 0.17
0.11 0.11 1.0498063 1.05 0.74 0.74 0.74 0.74 0.73999996 0.68 0.68 1.0377973 1.04 1.04 1.04 1.04 1.04 0.72977657 0.37 0.37 0.37 0.37 0.37000114 0.35 0.35 0.35 0.35 0.35 0.64000007 0.64 0.64 0.64 0.64001609 1.1188244 1.11 1.11 1.11 0.43 0.43 0.43 1.0899999 1.09 1.09 1.55 1.55 1.55 1.48 1.48 1.48 1.31 1.31 1.31 1.1274319 1.12 1.12 1.12 1.1199998 0.15 0.15 0.15 0.15001556 1.0299998 1.03
0.11 0.11 1.05 1.05 1.05 0.74 0.74 0.74 0.68 0.68 0.68 0.68 1.04 1.04 1.04 0.97599555 0.73370865 0.73 0.73 0.44827698 0.57 0.57 0.57 0.35002405 0.35 0.35 0.35 0.35 0.64 0.64 0.64 0.64 0.63956441 1.11 1.11 1.11 0.38015812 0.42999994 0.43 0.43 1.09 1.09 1.09 1.09 1.55 1.42 1.4217078 1.6 1.6 1.31 1.31 1.31 1.12 1.12 1.12 1.12 1.1932205 0.9 0.9 0.9 0.9 1.03 1.03
0.11 0.11007369 1.05 1.05 1.05 1.048054 0.74 0.74 0.68 0.68 0.68 0.68 0.97000001 0.97 0.97 0.97 0.73000003 0.73 0.73 0.73 0.57 0.57 0.57 1.02 1.02 0.35009494 0.5598904 0.55999789 0.33 0.33 0.33 0.33 0.33 0.38 0.38 0.38 0.38 0.38010491 0.61 0.61 0.61 1.1099079 1.14 1.14 1.42 1.42 1.42 1.6 1.6 1.6 1.35 1.35 1.35 1.7278348 1.74 1.74 1.74 0.90196365 0.9 0.9 0.9 1.03 1.03
0.11 1.0499748 1.05 1.05 1.05 0.76 0.76 0.98095913 0.61000011 0.61 0.61092736 0.67929889 0.96999269 0.97 0.97 0.97 0.73 0.73 0.73 0.73 0.57 0.57 0.57001107 1.02 1.02 0.56 0.56 0.56 0.3299981 0.33 0.33 0.33 0.33 0.3777831 0.37999786 0.38 0.37999962 0.60999871 0.61 0.61 0.61 1.14 1.14 1.14 1.4199999 1.42 1.42 1.6 1.6 1.6 1.35 1.35 1.35 1.74 1.74 1.74 1.74 1.63 1.63 1.62734 1.4 1.4 1.0300024
0.13000117 0.13 0.13 0.79330649 0.76 0.76 0.76 1.39 0.61 0.61 0.61 0.61 0.46 0.46 0.46 0.87586102 0.73 0.73 0.73 0.72980452 -0.06 -0.06 -0.059999967 1.02 1.02 0.56 0.56 0.56 -0.39 -0.39 -0.39 -0.39 -0.38996617 0.12 0.12 0.12 0.12 0.12000901 0.61 0.60984874 0.44000007 1.14 1.14 1.0936097 0.52 1.42 1.4199627 0.57 1.5999605 1.18 1.18 1.3500395 1.69 1.69 1.7469833 1.7400219 1.7401064 1.63 1.63 1.63 1.4 1.4 1.3529185
0.25408423 0.13 0.13 0.13 0.76 0.76 1.39 1.39 1.39 0.61 0.61 0.60999999 0.46 0.46 0.46 0.46 0.27005362 0.72984476 0.73 -0.060000253 -0.06 -0.06 -0.06 1.02 1.0193146 0.56 0.56 0.56 -0.39000006 -0.39 -0.39 -0.39 -0.39 0.12 0.12 0.12 0.12 0.091508594 0.44 0.44 0.44 0.44 0.52 0.52 0.52 0.56439649 0.57 0.57 0.57000438 1.18 1.18 1.69 1.69 1.6968409 2.19 2.19 2.19 1.6300003 1.63 1.63 1.4091635 1.4090479 1.4216429
0.51 0.13 0.13 0.13 0.75999998 0.9401136 1.39 1.39 1.39 0.61000334 0.79 0.79 0.46016508 0.46 0.46 0.28233676 0.27 0.27 0.27 -1.19 -1.19 -1.19 -1.1035392 -0.51 -0.51 -0.51 -0.51 -0.70398671 -0.94 -0.94 -0.94 -0.94 -0.93980516 -0.25683798 -0.40999997 -0.41 -0.41 -0.41 0.44 0.44 0.43214893 0.22000634 0.52 0.52 0.51998132 0.44731753 0.57 0.57 0.51299817 1.18 1.18 1.6120253 1.69 2.19 2.19 2.19 2.1900002 2.48 2.48 2.48 1.92 1.92 1.8401864
0.51 0.13 0.13 0.13 0.13106749 1.39 1.39 1.39 1.39 0.79 0.79 0.79 0.79 0.77016741 0.4599943 0.27 0.27 0.27 0.27 -1.19 -1.19 -1.19 -1.19 -0.51 -0.51 -0.51 -0.51 -0.51109647 -0.94 -0.94 -0.94 -0.94 -0.64 -0.64 -0.41 -0.41 -0.41 -0.41 0.22 0.22 0.22 0.22 0.34 0.34 0.34 0.34 0.59098413 0.51 0.51 0.51 1.12 1.12 1.38 1.38 1.38 2.1899991 1.85 2.4799991 2.48 2.48 1.92 1.92 1.7840302
0.51034084 0.13003441 0.13 0.13 1.52 1.52 1.52 1.5199956 1.72 0.7900024 0.79 0.79 0.79 0.79 0.27000008 0.27 0.27 0.27 0.27 -1.19 -1.19 -1.19 -1.19 -0.51 -0.51 -0.51 -0.51 -0.44 -0.44 -0.93999985 -0.94 -0.64 -0.64 -0.64 -0.41019992 -0.40058284 -0.35 -0.35 -0.16014937 0.22000004 0.24336385 0.27998633 0.4 0.39992784 0.34 0.69002895 0.99 0.51191708 0.51 0.51 1.12 1.12 1.38 1.38 1.38 1.85 1.85 1.85 1.87 1.8164127 1.76 1.7396337 1.71
1.23 1.23 1.2948024 1.35039 1.52 1.52 1.52 1.52 1.72 1.72 0.8023711 0.79 0.79 0.79094166 0.27002802 0.27 0.27 0.27 0.27 -1.19 -1.1899987 -0.42000002 -0.42 -0.42000005 -0.51 -0.51 -0.44000448 -0.44 -0.44 -0.44 -0.54268389 -0.64 -0.64 -0.64 -0.63929021 -0.35 -0.35 -0.35 -0.34935897 0.28 0.28 0.28 0.4 0.4 0.4 0.99 0.99 0.99 0.98533506 1.01 1.0172578 0.96000041 0.96 1.3795568 1.35 1.353444 1.85 1.85 1.87 1.8171378 1.76 1.7412131 1.71
1.23 1.23 1.35 1.35 1.3550236 1.52 1.52 1.52 1.72 1.72 1.72 1 1 1 1.5226373 1.5299986 0.27078861 0.27 0.27 -0.42000001 -0.42 -0.42 -0.42 -0.42 -0.39000001 -0.39 -0.39 -0.44 -0.44 -0.44 -0.43999897 -0.1 -0.1 -0.1 -0.9199998 -0.3400011 -0.34 -0.34 -0.33999994 0.28 0.28 0.28 0.42338704 0.4 0.4 0.98999999 0.99 0.99 1.01 1.01 1.01 0.96 0.96 1.35 1.35 1.35 1.8499938 1.85 1.8620384 1.23 1.23 1.14 1.14
1.23 1.23 1.35 1.35 1.35 1.5199997 1.52 1.52 1.72 1.72 1 1 1 1 1.53 1.53 1.53 1.53 1.2261926 -0.42 -0.42 -0.42 -0.42 -0.42 -0.39 -0.39 -0.39 -0.39000444 -0.37000015 -0.37 -0.36999985 -0.1 -0.1 -0.10018425 -0.92 -0.85810512 -0.34 -0.34 0.1 0.1 0.10000005 0.6 0.6 0.6 0.6 0.84000176 0.84 0.84 1.01 1.01 0.76063079 0.96 0.96 1.3499964 1.35 1.3789673 1.38 1.3799989 1.37 1.230446 1.23 1.14005 1.14
1.23 1.34465 1.35 1.35 1.35 1.35 1.5199998 1.5226795 1.72 1.72 1 1 1 1.1708137 1.53 1.53 1.53 1.53 1.53 -0.42 -0.42 -0.42 -0.42 -0.42 -0.39 -0.39 -0.39 -0.38896511 -0.37 -0.37 -0.37 -0.1 -0.1 -0.92 -0.92 -0.92 -0.34 -0.33942309 0.1 0.1 0.1 0.6 0.6 0.6 0.6 0.84 0.84 0.84 0.84 0.76 0.76 0.76 1.1008217 1.11 1.11 1.38 1.38 1.38 1.37 1.37 1.23 0.8 0.8
1.23 1.35 1.35 1.35 1.35 1.3510691 1.47 1.47 1.47 1.66 1.66 1.6455684 1.0000006 1.53 1.53 1.53 1.53 1.53 1.1602328 1.159999 -0.42000002 -0.42062093 -0.96999999 -0.97 -0.66240668 -0.39 -0.39 -0.65994594 -0.66 -0.66 -0.65999773 -0.29506416 -1.2297499 -1.23 -1.23 -1.2299999 -1.1888982 0.1593648 0.15999953 0.15999923 0.15921409 0.6 0.6 0.17197694 0.17 0.84 0.84 0.84 0.84 0.76 0.76 0.76 1.11 1.11 1.11 1.1100691 1.25 1.11 1.11 0.95 0.95 0.80000001 0.8
1.23 1.350005 1.35 1.35 1.4257645 1.47 1.47 1.47 1.47 1.66 1.66 1.66 1.66 1.53 1.53 1.53 1.53 1.1600709 1.16 1.16 1.1599877 -0.97 -0.97 -0.97 -0.97 -0.96998201 -0.39130847 -0.66 -0.66 -0.66 -0.66 -0.66 -1.23 -1.23 -1.23 -1.23 -1.2299988 0.16 0.16 0.16 0.16 0.1699951 0.17 0.17 0.17 0.17 0.84 0.84 0.84 0.76000001 1.1494586 1.15 1.15 1.1898556 1.1100001 1.25 1.25 1.11 1.11 0.95 0.95 0.38 0.38
1.23 1.39 1.39 1.39 1.3900003 1.47 1.47 1.47 1.47 1.66 1.66 1.66 1.66 1.6599996 1.53 1.53 1.1629679 1.16 1.16 1.16 1.16 -0.97 -0.97 -0.97 -0.97 -0.97 -1.1094138 -1.1099997 -1.11 -1.11 -1.11 -1.1098874 -1.33 -1.33 -1.33 -1.3299989 -1.3134024 0.053978031 0.14893799 0.14720601 0.046598998 0.16999997 0.17 0.17 0.17 0.17 1.0488807 1.47 1.47 1.47 1.15 1.15 1.15 1.19 1.19 1.25 1.25 1.1100126 1.11 0.32000003 0.38 0.38 0.38
1.2299937 1.39 1.39 1.39 1.39 1.3905193 1.47 1.47 1.47 1.66 1.66 1.66 1.66 1.6593108 1.2900002 1.2880728 1.16 1.16 1.16 1.16 1.16 -0.97 -0.97 -0.97 -0.97 -0.97 -1.1754129 -1.11 -1.11 -1.11 -1.11 -1.1100006 -1.33 -1.33 -1.33 -1.33 -1.3261048 -0.57 -0.57 -0.57 -0.57 1.4316306 1.44 1.44 1.44 1.44 1.47 1.47 1.47 1.47 1.15 1.15 1.15 1.19 1.1696034 0.75 0.75 0.32 0.32 0.32 0.32 0.38 0.16000044
0.61 1.39 1.39 1.39 1.39 1.39 1.4673933 1.47 1.3887188 1.619738 1.66 1.66 1.3021143 1.29 1.29 1.29 1.16 1.16 1.16 1.16 1.1247831 1.0154289 -0.97 -0.97 -0.97 -1.0873241 -1.29 -1.29 -1.29 -1.2899934 -1.1100022 -1.1100087 -1.2655169 -1.2300005 -1.23 -1.23 -1.2299958 -0.57 -0.57 -0.56997462 0.52993291 1.4330481 1.44 1.44 1.44 1.44 1.4700191 1.47 1.47 1.47 1.14 1.14 1.14 1.0680762 0.75 0.75 0.75 0.32 0.32 0.32 0.32 0.37900021 0.16
0.61 0.84000003 1.0778734 1.39 1.39 1.39 1.39 1.37 1.37 1.37 1.37 1.37 1.29 1.29 1.29 1.29 1.29 1.02 1.02 1.02 1.02 1.02 -0.85 -0.85 -0.85 -0.95551667 -1.29 -1.29 -1.29 -1.29 -1.29 -1.15 -1.2292476 -1.23 -1.23 -1.23 -0.34534225 0.53 0.53 0.53 0.53 1.6199997 1.62 1.62 1.4485298 1.7 1.7 1.4941543 1.47 1.1400001 1.14 1.14 0.98075918 0.40000001 0.75 0.75 -0.059999972 -0.059999989 0.32 0.32 0.32 0.18000037 0.18
0.61 0.84 0.84 0.84 0.84 1.3544711 1.000124 1.37 1.37 1.37 1.37 1.37 1.29 1.29 1.29 1.29 1.29 1.02 1.02 1.02 1.02 1.0199873 -0.85 -0.85 -0.85 -0.85 -1.29 -1.29 -1.29 -1.29 -1.15 -1.15 -1.15 -1.23 -1.23 0.56976724 0.57 0.57 0.53 0.53 1.5807759 1.6199988 1.62 1.62 1.62 1.7 1.7 1.699916 1.3 1.3 1.14 1.0471619 0.4 0.4 0.10369038 -0.06 -0.06 -0.06 0.32 0.32 0.32 0.18000009 0.18
0.78022529 0.84 0.84 0.84 0.84 1 1 1.3699999 1.37 1.37 1.37 1.37 1.29 1.29 1.29 1.29 1.29 1.02 1.02 1.02 1.02 -0.84999998 -0.85 -0.85 -0.85 -0.85 -1.3799996 -1.2940968 -1.29 -1.2899471 -1.15 -1.15 -1.15 -1.15 0.56993671 0.57 0.57 0.57 1.6 1.6 1.6 1.6 2.04 2.04 1.9696519 1.7 1.7 1.3000035 1.3 1.3 1.3 0.4 0.4 0.4 0.10278722 -0.06 -0.06 -0.06 0.32 0.32 0.32 0.18017488 0.18
0.78015667 0.84 0.84 0.84 1 1 1 1 1.37 1.37 1.37 1.37 1.2900082 1.29 1.2899977 0.98473514 0.28149479 -0.29980629 -0.29999998 -0.3 -0.3 -0.85 -0.85 -0.85 -0.85 -0.88850956 -1.38 -1.38 -1.38 -1.1591316 -1.15 -1.15 -0.18 -0.18 -0.18 0.57 0.57 0.57000004 1.6 1.6 1.6 1.8591709 2.04 2.04 1.51 1.51 1.51 0.83 0.83 0.83005005 0.65902761 0.65999999 0.86404486 0.9 0.89999991 0.49 0.49 0.48999995 0.041668847 0.3199995 -0.099999999 -0.1 -0.13480925
0.78 0.83542982 0.83995628 0.9988948 1 1 1 1 1.03 1.03 1.03 1.0300276 0.28 0.28 0.28 0.28 0.2798938 -0.18848125 -0.3 -0.3 -0.3 -0.30107473 -0.85004894 -0.85 -0.85 -1.38 -1.38 -1.38 -1.38 -0.41103722 -0.40866854 -0.18 -0.18 -0.18 -0.18 1.53 1.53 1.53 1.5300002 2.08 2.08 2.08 2.04 2.04 1.51 1.51 1.51 0.83 0.83 0.42 0.46265496 0.66 0.9 0.9 0.9 0.49 0.49 0.04 0.04 -0.1 -0.1 -0.1 -0.26
0.39 0.39 0.39 0.39 1 1 0.99999977 0.51000088 1.03 1.03 1.03 1.03 0.28 0.28 0.28 0.28 -0.13 -0.13 -0.3 -0.3 -0.3 -1.13 -1.13 -1.13 -1.3754266 -1.38 -1.38 -1.38 -1.38 -0.41 -0.41 -0.39780442 -0.18 -0.18 -0.17999946 1.53 1.53 1.53 1.53 2.08 2.08 2.08 1.47 1.47 0.29000001 0.2901001 1.042359 -0.21 0.80756672 0.42 0.42 0.66 0.66787527 0.9 0.83587279 0.3 0.3913516 0.04 0.28551726 0.30999086 -0.1 -0.25999999 -0.26
