Interpolating SPI Data/spi_stations/interpolated_spi/3-23_1.tif
NCOLS 257
NROWS 141
XLLCORNER -178.27925
YLLCORNER 5.3153543
DX 0.49934803
DY 0.49997533
NODATA_VALUE -9999
[rows 56 to 83 of 141, columns 126 to 188 of 257]
-0.9 -0.9 -0.9 -0.9 -0.9 -1.2598727 -0.24306869 -0.45295764 0.53617944 0.55721073 0.56560927 0.558429 0.53770067 0.52074534 0.14000004 0.14006991 0.63521611 0.66000007 0.66 0.66 0.66 0.66 0.66 0.81 0.85551469 1 1 1 1.0017066 1.0093875 0.43000033 0.99 0.99 0.99 1.1599987 1.16 1.16 0.92 0.92 0.92 0.67300331 0.67 0.67 0.67 0.66411359 0.62 0.62 0.62 0.62 0.61981957 -0.49 -0.49 -0.49 -0.49 -0.47214205 0.45999994 0.65 0.65 0.65 0.6059426 -0.020016084 -0.02 -0.02
-0.9 -0.9 -0.9 -0.9 -0.9 0.27748424 1.21 0.42000115 0.42 0.42 0.42 0.42 0.42 0.42585849 0.81 0.80999043 0.5854718 0.65998234 0.65999541 0.65997165 0.50277506 0.030491948 0.090024984 0.81 0.81 0.81 1 1 1.17 1.17 1.17 0.99 0.99 0.99 1.16 1.16 1.16 1.1556843 0.92 0.92 0.67033489 0.67 0.67 0.67 0.95 0.62 0.62 0.62 0.62 0.61997397 -0.49 -0.49 -0.49 0.46 0.46 0.46 0.45999956 -0.26 -0.26 -0.26 -0.020034213 -0.02 -0.02
-0.89999538 -0.9 -0.9 -0.9 -0.63124325 1.21 1.21 1.2099999 0.42 0.42 0.42 0.42 0.42 0.81 0.81 0.81 0.80999998 0.030000001 0.03 0.03 0.03 0.03 0.030000001 0.81 0.81 0.81 0.81 1.17 1.17 1.17 1.17 0.99 0.99 1.44 1.44 1.435833 1.16 1.156318 0.28 0.28 0.28000026 0.60142099 0.94992754 0.95 0.95 0.95 0.79 0.79 0.79 0.78739358 0.68 0.67951714 0.46 0.46 0.46 0.46 0.45999982 -0.26 -0.26 -0.26 -0.25918847 -0.02 -0.02
0.89 0.88999978 -0.89999796 -0.81837519 1.21 1.21 1.21 1.21 0.61381287 0.42 0.42 0.42 0.81 0.81 0.81 0.81 0.81 0.03 0.03 0.03 0.03 0.03 0.03 0.81 0.81 0.81 0.8043542 1.17 1.17 1.17 0.75 0.75 1.44 1.44 1.44 1.1244376 1.12 0.28 0.28 0.28 0.28006399 0.6 0.6 0.95 0.95 0.95 0.79 0.79 0.79 0.68 0.68 0.68 0.46 0.46 0.46 0.46 0.45999667 -0.26 -0.26 -0.26 -0.26 -0.02 -0.02
0.89 0.89 1.6098516 1.61 1.21 1.21 1.21 1.21 1.2099998 0.94 0.94 0.81079539 0.81 0.81 0.81 0.81 0.81 1.8618995e-05 0.03 0.03 0.03 0.03 0.029999085 0.41 0.41 0.41 0.41 0.41 0.7500001 0.75 0.75 0.75 0.75001982 1.1513756 1.12 1.12 1.12 0.28 0.28 0.28 0.59999997 0.6 0.6 0.95 0.95 0.95 0.79 0.79 0.79 0.68 0.68 0.68 0.51664961 0.51 0.51 0.51 0.50999997 -0.26 -0.26 -0.26 -0.25998529 0.49999987 0.5
0.89 0.89 1.61 1.61 1.61 1.21 1.21 1.21 0.94 0.94 0.94 0.94 0.81 0.81 0.81 0.85571747 0.013288726 3.1862073e-24 2.5673064e-19 0.022623558 -0.13 -0.13 -0.13 0.41001118 0.41 0.41 0.41 0.41 0.75 0.75 0.75 0.75 0.74939579 1.12 1.12 1.12 0.010240431 0.27999968 0.28 0.28 0.6 0.6 0.6 0.6 0.94999988 0.25000003 0.26344407 0.64000002 0.64 0.68 0.68 0.68 0.51 0.51 0.51 0.51 0.56078198 0.45 0.45 0.45 0.45 0.5 0.5
0.89 0.89005645 1.61 1.61 1.61 1.6074891 1.21 1.21 0.94 0.94 0.94 0.94 0.85999999 0.86 0.86 0.86 9.4650704e-08 1.5403346e-45 -4.0934028e-50 -9.776684e-12 -0.13 -0.13 -0.13 1.06 1.06 0.41003165 0.47996347 0.4799993 0.32 0.32 0.32 0.32 0.32 0.010000007 0.01 0.01 0.01 0.0099863161 -0.02 -0.02 -0.02 0.29341786 -0.17 -0.17 0.24999996 0.25 0.25 0.64 0.64 0.64 0.65 0.65 0.65 0.93156282 0.94 0.94 0.94 0.45118357 0.45 0.45 0.45 0.5 0.5
0.89 1.6099798 1.61 1.61 1.61 1.33 1.33 1.4253262 0.94 0.94 0.94 0.94 0.85998797 0.86 0.86 0.86 2.1049877e-13 3.3531865e-69 -4.2723914e-94 -1.2854339e-21 -0.13 -0.13 -0.12997074 1.06 1.06 0.48 0.48 0.48 0.31999752 0.32 0.32 0.32 0.32 0.0071862447 0.0099972779 0.01 0.0099995213 -0.019999842 -0.02 -0.02 -0.02 -0.17 -0.17 -0.17 0.24999986 0.25 0.25 0.64 0.64 0.64 0.65 0.65 0.65 0.94 0.94 0.94 0.94 0.89 0.89 0.88839673 0.62 0.62 0.50000086
0.87000108 0.87 0.87 1.3654385 1.33 1.33 1.33 1.65 0.94 0.94 0.94 0.94 0.02 0.02 0.02 0.70494757 4.8033491e-13 -7.4680699e-44 -2.3710467e-41 -6.1862052e-05 -0.25 -0.25 -0.24999996 1.06 1.06 0.48 0.48 0.48 -0.62 -0.62 -0.62 -0.62 -0.61995583 -0.32 -0.32 -0.32 -0.32 -0.31999448 -0.02 -0.020213538 -0.2599999 -0.17 -0.17 -0.19618805 -0.52 0.25 0.24997195 -0.39 0.63996115 0.28 0.28 0.64998607 0.53 0.53 0.93534445 0.93998541 0.9399061 0.89 0.89 0.89 0.62 0.62 0.61275669
0.98428811 0.87 0.87 0.87 1.33 1.33 1.65 1.65 1.65 0.94 0.94 0.93999997 0.02 0.02 0.02 0.02 -0.14998238 -5.062126e-05 -3.6403023e-12 -0.25000022 -0.25 -0.25 -0.25 1.06 1.0593809 0.48 0.48 0.48 -0.62000002 -0.62 -0.62 -0.62 -0.62 -0.32 -0.32 -0.32 -0.32 -0.3313386 -0.26 -0.26 -0.26 -0.26 -0.52 -0.52 -0.52 -0.40456912 -0.39 -0.39 -0.38999519 0.28 0.28 0.53 0.53 0.531505 0.64 0.64 0.64 0.89000045 0.89 0.89 0.63779834 0.63757389 0.75333676
1.22 0.87 0.87 0.87 1.33 1.4214863 1.65 1.65 1.65 0.9400023 1 1 0.020490235 0.02 0.02 -0.13896185 -0.15 -0.15 -0.15 -1.25 -1.25 -1.25 -1.173486 -0.32 -0.32 -0.32 -0.32 -0.52764049 -0.78 -0.78 -0.78 -0.78 -0.7799434 -0.4694223 -0.52999999 -0.53 -0.53 -0.53 -0.26 -0.26 -0.27141973 -0.57999077 -0.52 -0.52 -0.52000623 -0.49827419 -0.39 -0.39 -0.50400368 0.28 0.28 0.46433706 0.53 0.64 0.64 0.64 0.64000088 2.05 2.05 2.05 1.63 1.63 1.5393028
1.22 0.87 0.87 0.87 0.87077928 1.65 1.65 1.65 1.65 1 1 1 1 0.94110321 0.019994903 -0.15 -0.15 -0.15 -0.15 -1.25 -1.25 -1.25 -1.25 -0.32 -0.32 -0.32 -0.32 -0.32117297 -0.78 -0.78 -0.78 -0.78 -0.73 -0.73 -0.53 -0.53 -0.53 -0.53 -0.58 -0.58 -0.58 -0.58 -0.58 -0.58 -0.58 -0.58 -0.41157638 -0.51 -0.51 -0.51 0.05 0.05 0.26 0.26 0.26000001 0.64000121 1.15 2.0499987 2.05 2.05 1.63 1.63 1.3396392
1.2202698 0.87002949 0.87 0.87 2.06 2.06 2.06 2.0599861 2.41 1.0000036 1 1 1 1 -0.14999982 -0.15 -0.15 -0.15 -0.15 -1.25 -1.25 -1.25 -1.25 -0.32 -0.32 -0.32 -0.32 -0.27 -0.27 -0.77999984 -0.78 -0.73 -0.73 -0.73 -0.53017452 -0.55197337 -0.67 -0.67 -0.64002642 -0.58000012 -0.65787948 -0.77995442 -0.61 -0.60996392 -0.58 -0.24612624 0.04 -0.50780335 -0.51 -0.51 0.05 0.05 0.26 0.26 0.26 1.15 1.15 1.15 1.52 1.3153941 1.1 1.0796337 1.05
1.79 1.79 1.8115637 1.8305277 2.06 2.06 2.06 2.06 2.41 2.41 1.0187562 1 1 1.0004933 -0.14994612 -0.15 -0.15 -0.15 -0.15 -1.25 -1.2499982 -0.13000003 -0.13 -0.13000011 -0.32 -0.32 -0.27001827 -0.27 -0.27 -0.27 -0.50617294 -0.73 -0.73 -0.73 -0.72985315 -0.67 -0.67 -0.67 -0.67011193 -0.78 -0.78 -0.78 -0.61 -0.61 -0.61 0.04 0.04 0.04 0.27810497 0.32 0.30218552 0.50999882 0.51 0.2684122 0.83 0.83220413 1.15 1.15 1.52 1.3181625 1.1 1.0812131 1.05
1.79 1.79 1.83 1.83 1.8367967 2.06 2.06 2.06 2.41 2.41 2.41 1.11 1.11 1.11 1.7805535 1.7899978 -0.1487858 -0.15 -0.15 -0.13000001 -0.13 -0.13 -0.13 -0.13 -0.30999995 -0.31 -0.31 -0.27 -0.27 -0.27 -0.27000091 -0.57 -0.57 -0.57 -1.1099999 -0.79998573 -0.8 -0.8 -0.79999999 -0.78 -0.78 -0.78 -0.57258074 -0.61 -0.61 0.039999991 0.04 0.04 0.32 0.32 0.32 0.51 0.51 0.82999999 0.83 0.83 1.1500053 1.15 1.5203185 1.4 1.4 1.47 1.47
1.79 1.79 1.83 1.83 1.83 2.0599996 2.06 2.0600001 2.41 2.41 1.11 1.11 1.11 1.11 1.79 1.79 1.79 1.79 1.4907354 -0.13 -0.13 -0.13 -0.13 -0.13 -0.31 -0.31 -0.31 -0.30999654 -0.69999911 -0.7 -0.69999993 -0.57 -0.57 -0.57012133 -1.11 -1.0769183 -0.8 -0.8 -0.7 -0.7 -0.70000002 -0.29 -0.29 -0.29 -0.29 0.28999706 0.29 0.29 0.32 0.32 0.70901597 0.51 0.51 0.82999703 0.83 1.5252157 1.55 1.5499989 1.54 1.400446 1.4 1.4699611 1.47
1.79 1.8282167 1.83 1.83 1.83 1.83 2.0599997 2.0646877 2.41 2.41 1.11 1.11 1.11 1.3291572 1.79 1.79 1.79 1.79 1.7899999 -0.13 -0.13 -0.13 -0.13 -0.13 -0.31 -0.31 -0.31 -0.33018033 -0.7 -0.7 -0.7 -0.57 -0.57 -1.11 -1.11 -1.11 -0.8 -0.79986889 -0.7 -0.7 -0.7 -0.29 -0.29 -0.29 -0.29 0.29 0.29 0.29 0.29 0.71 0.71 0.71 1.4016576 1.45 1.45 1.55 1.55 1.55 1.54 1.54 1.4 1.31 1.31
1.79 1.83 1.83 1.83 1.83 1.830891 1.93 1.93 1.93 1.89 1.89 1.8729444 1.1100007 1.79 1.79 1.79 1.79 1.79 0.98050957 0.97999927 -0.13000004 -0.131208 -1.2 -1.2 -0.72800335 -0.31 -0.31 -1.1999067 -1.2 -1.2 -1.1999961 -0.78899308 -1.5796229 -1.58 -1.58 -1.5799998 -1.5433649 -0.54169386 -0.54000126 -0.54000204 -0.54209576 -0.29 -0.29 -0.090919507 -0.09 0.29 0.29 0.29 0.29 0.71 0.71 0.71 1.4499999 1.45 1.45 1.4500099 1.47 1.4 1.4 1.36 1.36 1.31 1.31
1.57 1.8299909 1.83 1.83 1.8931371 1.93 1.93 1.93 1.93 1.89 1.89 1.89 1.89 1.79 1.79 1.79 1.79 0.98015516 0.98 0.98 0.97998736 -1.2 -1.2 -1.2 -1.2 -1.1999724 -0.31431312 -1.2 -1.2 -1.2 -1.2 -1.2 -1.58 -1.58 -1.58 -1.58 -1.5799991 -0.54 -0.54 -0.54 -0.54 -0.090221277 -0.09 -0.09 -0.09 -0.09 0.29 0.29 0.29 0.71000003 1.4290004 1.43 1.43 1.4100722 1.45 1.47 1.47 1.4 1.4 1.36 1.36 0.39 0.39
1.57 1.76 1.76 1.76 1.7600007 1.93 1.93 1.93 1.93 1.89 1.89 1.89 1.89 1.8899997 1.79 1.79 0.98649734 0.98 0.98 0.98 0.98 -1.2 -1.2 -1.2 -1.2 -1.2 -1.3498044 -1.3499999 -1.35 -1.35 -1.35 -1.3499663 -2.03 -2.03 -2.03 -2.0299951 -1.9556221 -0.65037904 -0.55151661 -0.55331977 -0.65806132 -0.090000081 -0.09 -0.09 -0.09 -0.09 0.77136596 1.74 1.74 1.74 1.43 1.43 1.43 1.41 1.41 1.47 1.47 1.4000063 1.4 0.41000004 0.39 0.39 0.39
1.5699943 1.76 1.76 1.76 1.76 1.7611035 1.93 1.93 1.93 1.89 1.89 1.89 1.89 1.8893108 1.5200002 1.499012 0.98 0.98 0.98 0.98 0.98 -1.2 -1.2 -1.2 -1.2 -1.2 -1.3572681 -1.35 -1.35 -1.35 -1.35 -1.3500018 -2.03 -2.03 -2.03 -2.03 -2.0262586 -1.3 -1.3 -1.3 -1.3 1.5281751 1.54 1.54 1.54 1.54 1.74 1.74 1.74 1.74 1.43 1.43 1.43 1.41 1.3951661 1.09 1.09 0.41 0.41 0.41 0.41 0.39 -0.46999826
1.01 1.76 1.76 1.76 1.76 1.76 1.9244609 1.93 1.7593 1.8663981 1.89 1.89 1.5321143 1.52 1.52 1.52 0.98000018 0.98 0.98 0.98 0.97748451 0.96484299 -1.2 -1.2 -1.2 -1.2623284 -1.37 -1.37 -1.37 -1.3699993 -1.3500002 -1.3500243 -1.862344 -1.7700013 -1.77 -1.77 -1.7699973 -1.3 -1.3 -1.2999663 0.15991095 1.5284051 1.54 1.54 1.54 1.54 1.7399834 1.74 1.74 1.74 1.31 1.31 1.31 1.3213282 1.09 1.09 1.09 0.41 0.41 0.41 0.41 0.38930869 -0.47
1.01 1.31 1.5046237 1.76 1.76 1.76 1.76 1.72 1.72 1.72 1.72 1.72 1.52 1.52 1.52 1.52 1.52 0.97 0.97 0.97 0.97 0.97 -0.61 -0.61 -0.61 -0.79225606 -1.37 -1.37 -1.37 -1.37 -1.37 -1.28 -1.7653915 -1.77 -1.77 -1.77 -0.72806976 0.16 0.16 0.16 0.16 1.6799995 1.68 1.68 1.5466343 1.54 1.54 1.7189963 1.74 1.3100001 1.31 1.31 1.2131644 0.86000001 1.09 1.09 0.19000003 0.19000001 0.40999982 0.24000207 0.24 0.040000526 0.04
1.01 1.31 1.31 1.31 1.31 1.7309307 1.4101083 1.72 1.72 1.72 1.72 1.72 1.52 1.52 1.52 1.52 1.52 0.97 0.97 0.97 0.97 0.96998929 -0.61 -0.61 -0.61 -0.61 -1.37 -1.37 -1.37 -1.37 -1.28 -1.28 -1.28 -1.77 -1.77 0.34972586 0.35 0.35 0.16 0.16 1.3384403 1.679981 1.68 1.68 1.68 1.54 1.54 1.5399916 1.5 1.5 1.31 1.2535444 0.86 0.86 0.4284186 0.19 0.19 0.19 0.24 0.24 0.24 0.040000125 0.04
1.2320328 1.31 1.31 1.31 1.31 1.41 1.41 1.7199999 1.72 1.72 1.72 1.72 1.52 1.52 1.52 1.52 1.52 0.97 0.97 0.97 0.97 -0.60999998 -0.61 -0.61 -0.61 -0.61 -1.2299995 -1.3636272 -1.37 -1.369966 -1.28 -1.28 -1.28 -1.28 0.34992546 0.35 0.35 0.35 1.36 1.36 1.36 1.36 1.69 1.69 1.6668105 1.54 1.54 1.5000004 1.5 1.5 1.5 0.86 0.86 0.86 0.42710312 0.19 0.19 0.19 0.24 0.24 0.24 0.04024983 0.04
1.2102611 1.31 1.31 1.31 1.41 1.41 1.41 1.41 1.72 1.72 1.72 1.72 1.5200206 1.52 1.5199974 1.1814885 0.401658 0.090129133 0.090000012 0.09 0.09 -0.60999999 -0.61 -0.61 -0.61 -0.65504892 -1.23 -1.23 -1.23 -1.2780148 -1.28 -1.28 -0.52 -0.52 -0.52 0.35 0.35 0.35000004 1.36 1.36 1.36 1.5543698 1.69 1.69 1.37 1.37 1.37 1.25 1.25 1.2500266 1.0396354 1.04 1.2405168 1.27 1.2699998 0.6 0.6 0.59999995 0.19029801 0.23999981 0.08 0.08 0.061464267
1.21 1.3031955 1.3099349 1.4093092 1.41 1.41 1.41 1.41 1.22 1.22 1.22 1.2200406 0.4 0.4 0.4 0.4 0.39993006 0.11623971 0.09 0.09 0.09 0.08891232 -0.61002447 -0.61 -0.61 -1.23 -1.23 -1.23 -1.23 -0.3809089 -0.38081827 -0.52 -0.52 -0.52 -0.52 1.32 1.32 1.32 1.3200001 1.62 1.62 1.62 1.69 1.69 1.37 1.37 1.37 1.25 1.25 0.95 0.96599561 1.04 1.27 1.27 1.27 0.6 0.6 0.19 0.19 0.08 0.08 0.08 0.07
0.64 0.64 0.64 0.64 1.41 1.41 1.4099996 0.58000149 1.22 1.22 1.22 1.22 0.4 0.4 0.4 0.4 0.13 0.13 0.09 0.09 0.09 -0.75 -0.75 -0.75 -1.2212206 -1.23 -1.23 -1.23 -1.23 -0.38 -0.38 -0.3874234 -0.52 -0.52 -0.51999942 1.32 1.32 1.32 1.32 1.62 1.62 1.62 1.04 1.04 0.54000001 0.5400681 1.1435302 0.55 1.2335856 0.95 0.95 1.04 1.0475471 1.27 1.1524334 0.17 0.51012035 0.19 0.26274586 0.26999576 0.08 0.07 0.07
