Interpolating SPI Data/spi_stations/interpolated_spi/3-23_3.tif
NCOLS 257
NROWS 141
XLLCORNER -178.27925
YLLCORNER 5.3153543
DX 0.49934803
DY 0.49997533
NODATA_VALUE -9999
[rows 28 to 55 of 141, columns 0 to 63 of 257]
1.1131302 1.1125854 1.1120473 1.1115166 1.1109938 1.1104796 1.1099744 1.1094789 1.1089935 1.1085188 1.1080553 1.1076034 1.1071637 1.1067365 1.1063223 1.1059213 1.105534 1.1051605 1.1048013 1.1044564 1.1041261 1.1038105 1.1035096 1.1032235 1.1029522 1.1026956 1.1024536 1.1022261 1.1020127 1.1018134 1.1016277 1.1014554 1.101296 1.1011492 1.1010144 1.1008912 1.1007791 1.1006775 1.1005859 1.1005037 1.1004303 1.1003652 1.1003076 1.1002572 1.1002132 1.1001752 1.1001426 1.1001148 1.1000914 1.1000718 1.1000556 1.1000425 1.1000319 1.1000235 1.1000169 1.1000119 1.1000082 1.1000055 1.1000035 1.1000022 1.1000013 1.1000008 1.1000004 1.1000002
1.1117332 1.1112293 1.1107326 1.1102438 1.1097634 1.1092918 1.1088295 1.1083772 1.1079351 1.1075037 1.1070835 1.1066749 1.1062782 1.1058937 1.1055218 1.1051627 1.1048167 1.1044839 1.1041646 1.1038588 1.1035667 1.1032882 1.1030234 1.1027722 1.1025346 1.1023104 1.1020995 1.1019015 1.1017164 1.1015438 1.1013833 1.1012346 1.1010974 1.1009712 1.1008556 1.1007501 1.1006542 1.1005675 1.1004894 1.1004194 1.1003571 1.1003018 1.1002532 1.1002106 1.1001736 1.1001417 1.1001144 1.1000914 1.100072 1.100056 1.1000428 1.1000322 1.1000238 1.1000172 1.1000122 1.1000084 1.1000056 1.1000036 1.1000023 1.1000014 1.1000008 1.1000004 1.1000002 1.1000001
1.1105229 1.1100583 1.1096012 1.1091522 1.1087118 1.1082803 1.1078582 1.1074459 1.1070438 1.1066523 1.1062717 1.1059022 1.1055443 1.1051982 1.104864 1.104542 1.1042323 1.1039351 1.1036504 1.1033784 1.1031189 1.1028721 1.1026377 1.1024158 1.1022062 1.1020088 1.1018233 1.1016495 1.1014872 1.101336 1.1011956 1.1010657 1.1009459 1.1008358 1.1007351 1.1006432 1.1005598 1.1004845 1.1004167 1.100356 1.1003021 1.1002543 1.1002124 1.1001758 1.1001441 1.1001168 1.1000937 1.1000741 1.1000579 1.1000445 1.1000337 1.100025 1.1000182 1.1000129 1.100009 1.1000061 1.100004 1.1000025 1.1000015 1.1000009 1.1000005 1.1000003 1.1000001 1.1000001
1.1094707 1.1090433 1.1086236 1.108212 1.1078089 1.1074146 1.1070297 1.1066543 1.1062888 1.1059335 1.1055887 1.1052546 1.1049315 1.1046194 1.1043186 1.1040293 1.1037514 1.1034851 1.1032304 1.1029873 1.1027557 1.1025357 1.1023271 1.1021297 1.1019435 1.1017683 1.1016037 1.1014497 1.1013059 1.101172 1.1010478 1.100933 1.1008271 1.1007298 1.1006409 1.1005598 1.1004862 1.1004198 1.1003601 1.1003068 1.1002594 1.1002176 1.1001809 1.100149 1.1001214 1.1000978 1.1000779 1.1000612 1.1000474 1.1000361 1.100027 1.1000198 1.1000142 1.10001 1.1000068 1.1000045 1.1000029 1.1000018 1.1000011 1.1000006 1.1000003 1.1000002 1.1000001 1.1
1.108552 1.1081596 1.1077749 1.1073981 1.1070296 1.1066698 1.1063189 1.1059772 1.105645 1.1053225 1.1050099 1.1047075 1.1044153 1.1041335 1.1038621 1.1036014 1.1033513 1.1031118 1.102883 1.1026648 1.1024571 1.1022599 1.102073 1.1018963 1.1017297 1.1015729 1.1014257 1.101288 1.1011595 1.1010399 1.1009289 1.1008262 1.1007316 1.1006448 1.1005653 1.100493 1.1004274 1.1003682 1.100315 1.1002676 1.1002255 1.1001884 1.100156 1.1001279 1.1001037 1.1000831 1.1000657 1.1000513 1.1000394 1.1000297 1.1000221 1.100016 1.1000114 1.1000079 1.1000053 1.1000035 1.1000022 1.1000013 1.1000008 1.1000004 1.1000002 1.1000001 1.1000001 1.1
1.1077463 1.1073866 1.1070342 1.1066897 1.1063531 1.1060248 1.1057051 1.105394 1.105092 1.1047991 1.1045154 1.1042412 1.1039765 1.1037215 1.1034762 1.1032405 1.1030147 1.1027985 1.1025921 1.1023953 1.1022081 1.1020304 1.101862 1.1017028 1.1015527 1.1014114 1.1012789 1.1011548 1.1010389 1.1009311 1.1008311 1.1007386 1.1006533 1.1005751 1.1005035 1.1004383 1.1003793 1.100326 1.1002783 1.1002358 1.1001981 1.100165 1.1001361 1.1001111 1.1000897 1.1000715 1.1000562 1.1000436 1.1000333 1.100025 1.1000184 1.1000132 1.1000093 1.1000064 1.1000043 1.1000028 1.1000017 1.100001 1.1000006 1.1000003 1.1000002 1.1000001 1.1 1.1
1.107036 1.1067066 1.1063843 1.1060694 1.1057622 1.1054627 1.1051713 1.1048881 1.1046133 1.104347 1.1040893 1.1038403 1.1036001 1.1033688 1.1031464 1.1029328 1.1027282 1.1025324 1.1023454 1.1021671 1.1019976 1.1018366 1.1016841 1.1015398 1.1014038 1.1012757 1.1011555 1.101043 1.1009379 1.1008401 1.1007493 1.1006653 1.1005879 1.1005169 1.100452 1.1003929 1.1003393 1.1002911 1.100248 1.1002095 1.1001756 1.1001458 1.1001199 1.1000975 1.1000784 1.1000623 1.1000488 1.1000376 1.1000286 1.1000213 1.1000156 1.1000112 1.1000078 1.1000053 1.1000035 1.1000023 1.1000014 1.1000008 1.1000005 1.1000003 1.1000001 1.1000001 1.1 1.1
1.1064062 1.1061049 1.1058104 1.1055228 1.1052424 1.1049693 1.1047038 1.1044458 1.1041956 1.1039532 1.1037188 1.1034924 1.103274 1.1030637 1.1028615 1.1026674 1.1024814 1.1023035 1.1021335 1.1019714 1.1018172 1.1016707 1.1015319 1.1014006 1.1012766 1.10116 1.1010504 1.1009478 1.1008519 1.1007626 1.1006797 1.1006031 1.1005325 1.1004676 1.1004084 1.1003545 1.1003057 1.1002618 1.1002226 1.1001877 1.1001569 1.10013 1.1001066 1.1000864 1.1000693 1.1000548 1.1000428 1.1000329 1.1000249 1.1000185 1.1000135 1.1000096 1.1000067 1.1000046 1.100003 1.1000019 1.1000012 1.1000007 1.1000004 1.1000002 1.1000001 1.1000001 1.1 1.1
1.1058445 1.1055692 1.1053003 1.1050378 1.104782 1.104533 1.1042909 1.1040558 1.1038279 1.1036071 1.1033936 1.1031874 1.1029885 1.102797 1.1026128 1.102436 1.1022665 1.1021042 1.1019492 1.1018014 1.1016606 1.1015268 1.1013999 1.1012799 1.1011665 1.1010597 1.1009594 1.1008654 1.1007776 1.1006957 1.1006198 1.1005495 1.1004847 1.1004253 1.100371 1.1003217 1.1002771 1.100237 1.1002011 1.1001693 1.1001413 1.1001168 1.1000956 1.1000773 1.1000619 1.1000488 1.100038 1.1000292 1.100022 1.1000163 1.1000119 1.1000085 1.1000059 1.100004 1.1000026 1.1000017 1.100001 1.1000006 1.1000004 1.1000002 1.1000001 1.1 1.1 1.1
1.1053401 1.1050889 1.1048436 1.1046042 1.104371 1.104144 1.1039233 1.1037091 1.1035013 1.1033001 1.1031055 1.1029175 1.1027361 1.1025614 1.1023933 1.1022318 1.102077 1.1019287 1.101787 1.1016517 1.1015228 1.1014003 1.101284 1.1011739 1.1010699 1.1009718 1.1008796 1.1007932 1.1007125 1.1006372 1.1005674 1.1005027 1.1004432 1.1003885 1.1003386 1.1002933 1.1002524 1.1002156 1.1001827 1.1001536 1.100128 1.1001057 1.1000864 1.1000698 1.1000557 1.1000439 1.1000342 1.1000262 1.1000197 1.1000146 1.1000106 1.1000076 1.1000053 1.1000036 1.1000024 1.1000015 1.1000009 1.1000006 1.1000003 1.1000002 1.1000001 1.1 1.1 1.1
1.1048842 1.1046553 1.1044317 1.1042136 1.1040011 1.1037943 1.1035932 1.103398 1.1032086 1.1030251 1.1028476 1.102676 1.1025105 1.1023509 1.1021973 1.1020497 1.101908 1.1017723 1.1016424 1.1015184 1.1014001 1.1012876 1.1011808 1.1010796 1.1009839 1.1008936 1.1008088 1.1007292 1.1006548 1.1005854 1.100521 1.1004614 1.1004065 1.1003562 1.1003102 1.1002685 1.1002308 1.100197 1.1001669 1.1001402 1.1001167 1.1000962 1.1000786 1.1000634 1.1000506 1.1000399 1.100031 1.1000237 1.1000179 1.1000133 1.1000096 1.1000069 1.1000048 1.1000033 1.1000022 1.1000014 1.1000009 1.1000005 1.1000003 1.1000002 1.1000001 1.1 1.1 1.1
1.1044689 1.1042606 1.1040573 1.1038588 1.1036654 1.1034772 1.1032941 1.1031162 1.1029436 1.1027764 1.1026144 1.1024579 1.1023067 1.1021608 1.1020204 1.1018853 1.1017555 1.1016311 1.101512 1.1013981 1.1012895 1.1011861 1.1010878 1.1009946 1.1009064 1.1008233 1.100745 1.1006716 1.1006029 1.1005389 1.1004795 1.1004245 1.1003738 1.1003274 1.100285 1.1002465 1.1002118 1.1001807 1.1001529 1.1001284 1.1001068 1.1000881 1.1000719 1.100058 1.1000463 1.1000365 1.1000284 1.1000217 1.1000164 1.1000122 1.1000089 1.1000063 1.1000044 1.100003 1.100002 1.1000013 1.1000008 1.1000005 1.1000003 1.1000002 1.1000001 1.1 1.1 1.1
1.1040877 1.1038986 1.1037139 1.1035337 1.103358 1.1031869 1.1030204 1.1028585 1.1027014 1.102549 1.1024014 1.1022585 1.1021205 1.1019872 1.1018588 1.1017351 1.1016163 1.1015022 1.1013929 1.1012883 1.1011885 1.1010933 1.1010029 1.100917 1.1008358 1.1007591 1.1006869 1.1006191 1.1005557 1.1004966 1.1004418 1.100391 1.1003442 1.1003013 1.1002622 1.1002268 1.1001948 1.1001661 1.1001405 1.1001179 1.1000981 1.1000809 1.100066 1.1000533 1.1000425 1.1000335 1.1000261 1.10002 1.1000151 1.1000112 1.1000082 1.1000059 1.1000041 1.1000028 1.1000019 1.1000012 1.1000008 1.1000005 1.1000003 1.1000002 1.1000001 1.1 1.1 1.1
1.1037347 1.1035636 1.1033964 1.1032331 1.1030738 1.1029186 1.1027675 1.1026205 1.1024776 1.102339 1.1022046 1.1020744 1.1019485 1.1018268 1.1017095 1.1015964 1.1014875 1.101383 1.1012827 1.1011868 1.101095 1.1010076 1.1009243 1.1008453 1.1007705 1.1006998 1.1006332 1.1005707 1.1005122 1.1004577 1.100407 1.1003602 1.100317 1.1002775 1.1002414 1.1002087 1.1001792 1.1001528 1.1001293 1.1001085 1.1000902 1.1000744 1.1000607 1.100049 1.1000391 1.1000309 1.1000241 1.1000185 1.100014 1.1000104 1.1000076 1.1000055 1.1000039 1.1000027 1.1000018 1.1000012 1.1000007 1.1000005 1.1000003 1.1000002 1.1000001 1.1 1.1 1.1
1.1034051 1.1032508 1.1030999 1.1029525 1.1028085 1.1026682 1.1025314 1.1023982 1.1022687 1.1021429 1.1020207 1.1019024 1.1017877 1.1016769 1.1015698 1.1014665 1.1013671 1.1012714 1.1011796 1.1010916 1.1010075 1.1009272 1.1008507 1.1007781 1.1007092 1.1006442 1.1005829 1.1005253 1.1004714 1.1004212 1.1003745 1.1003314 1.1002916 1.1002552 1.100222 1.1001919 1.1001647 1.1001404 1.1001188 1.1000997 1.1000829 1.1000684 1.1000558 1.1000451 1.100036 1.1000284 1.1000221 1.100017 1.1000129 1.1000096 1.100007 1.1000051 1.1000036 1.1000025 1.1000017 1.1000011 1.1000007 1.1000004 1.1000002 1.1000001 1.1000001 1.1 1.1 1.1
1.1030943 1.1029558 1.1028203 1.1026878 1.1025583 1.1024319 1.1023085 1.1021884 1.1020713 1.1019575 1.101847 1.1017396 1.1016356 1.1015349 1.1014375 1.1013435 1.1012528 1.1011655 1.1010817 1.1010013 1.1009243 1.1008507 1.1007807 1.1007141 1.1006509 1.1005912 1.1005349 1.1004821 1.1004326 1.1003864 1.1003436 1.1003039 1.1002674 1.1002339 1.1002034 1.1001758 1.1001509 1.1001286 1.1001088 1.1000912 1.1000759 1.1000625 1.100051 1.1000412 1.1000329 1.100026 1.1000202 1.1000156 1.1000118 1.1000088 1.1000064 1.1000046 1.1000032 1.1000022 1.1000015 1.1000009 1.1000006 1.1000003 1.1000002 1.1000001 1.1 1.1 1.1 1.1
1.1027984 1.1026749 1.102554 1.1024355 1.1023197 1.1022064 1.1020958 1.1019879 1.1018827 1.1017803 1.1016806 1.1015838 1.1014898 1.1013987 1.1013105 1.1012252 1.1011429 1.1010636 1.1009873 1.1009141 1.100844 1.1007769 1.100713 1.1006522 1.1005945 1.1005399 1.1004884 1.1004401 1.1003948 1.1003526 1.1003134 1.1002771 1.1002437 1.1002131 1.1001853 1.10016 1.1001373 1.1001169 1.1000988 1.1000828 1.1000688 1.1000566 1.1000462 1.1000372 1.1000297 1.1000234 1.1000182 1.1000139 1.1000105 1.1000078 1.1000056 1.100004 1.1000027 1.1000018 1.1000012 1.1000007 1.1000004 1.1000002 1.1 1.1 1.0999999 1.0999999 1.0999999 1.0999999
1.1025137 1.1024045 1.1022974 1.1021924 1.1020895 1.1019888 1.1018903 1.1017941 1.1017002 1.1016086 1.1015193 1.1014325 1.1013481 1.1012662 1.1011868 1.1011099 1.1010356 1.100964 1.100895 1.1008287 1.1007652 1.1007044 1.1006464 1.1005912 1.1005388 1.1004892 1.1004424 1.1003985 1.1003573 1.1003189 1.1002833 1.1002503 1.1002199 1.1001922 1.1001668 1.1001439 1.1001233 1.1001048 1.1000884 1.100074 1.1000613 1.1000503 1.1000409 1.1000328 1.100026 1.1000204 1.1000157 1.1000119 1.1000088 1.1000064 1.1000045 1.100003 1.100002 1.1000012 1.1000006 1.1000002 1.0999999 1.0999998 1.0999997 1.0999996 1.0999995 1.0999994 1.0999993 1.0999991
1.1022368 1.1021412 1.1020474 1.1019552 1.1018648 1.1017761 1.1016893 1.1016042 1.1015211 1.1014399 1.1013607 1.1012835 1.1012084 1.1011353 1.1010644 1.1009957 1.1009292 1.100865 1.1008031 1.1007436 1.1006865 1.1006318 1.1005795 1.1005298 1.1004826 1.1004379 1.1003958 1.1003561 1.100319 1.1002844 1.1002523 1.1002226 1.1001952 1.1001702 1.1001475 1.1001269 1.1001084 1.1000918 1.1000771 1.1000642 1.1000529 1.1000431 1.1000347 1.1000275 1.1000215 1.1000165 1.1000124 1.1000091 1.1000064 1.1000043 1.1000027 1.1000014 1.1000005 1.0999998 1.0999993 1.099999 1.0999987 1.0999985 1.0999982 1.0999979 1.0999974 1.0999966 1.0999949 1.0999917
1.1019643 1.1018819 1.1018008 1.101721 1.1016425 1.1015655 1.1014898 1.1014157 1.101343 1.1012719 1.1012024 1.1011345 1.1010684 1.101004 1.1009414 1.1008806 1.1008217 1.1007648 1.1007098 1.100657 1.1006062 1.1005575 1.100511 1.1004667 1.1004246 1.1003847 1.1003472 1.1003118 1.1002788 1.1002479 1.1002193 1.1001929 1.1001686 1.1001464 1.1001262 1.1001079 1.1000915 1.1000769 1.1000639 1.1000526 1.1000426 1.1000341 1.1000268 1.1000205 1.1000153 1.100011 1.1000075 1.1000046 1.1000024 1.1000006 1.0999992 1.0999981 1.0999973 1.0999966 1.0999959 1.0999953 1.0999946 1.0999935 1.0999919 1.0999894 1.0999849 1.0999764 1.0999595 1.099922
1.1016928 1.1016232 1.1015544 1.1014866 1.1014198 1.101354 1.1012893 1.1012256 1.1011632 1.1011019 1.1010419 1.1009832 1.1009258 1.1008699 1.1008154 1.1007624 1.100711 1.1006613 1.1006132 1.1005669 1.1005224 1.1004797 1.1004389 1.1004 1.100363 1.100328 1.100295 1.100264 1.100235 1.1002079 1.1001828 1.1001597 1.1001385 1.1001191 1.1001015 1.1000856 1.1000714 1.1000587 1.1000475 1.1000377 1.1000292 1.1000219 1.1000157 1.1000104 1.100006 1.1000023 1.0999993 1.0999968 1.0999948 1.0999931 1.0999916 1.0999902 1.0999889 1.0999873 1.0999853 1.0999825 1.0999784 1.0999719 1.0999612 1.0999426 1.0999081 1.0998389 1.0996881 1.0993246
1.1014191 1.1013618 1.1013051 1.101249 1.1011935 1.1011386 1.1010845 1.1010312 1.1009787 1.1009271 1.1008764 1.1008267 1.100778 1.1007304 1.1006839 1.1006387 1.1005947 1.1005521 1.1005109 1.1004711 1.1004328 1.1003961 1.1003609 1.1003274 1.1002956 1.1002655 1.1002371 1.1002104 1.1001854 1.1001622 1.1001407 1.1001209 1.1001027 1.1000862 1.1000712 1.1000577 1.1000456 1.1000349 1.1000255 1.1000172 1.1000101 1.1000039 1.0999986 1.099994 1.0999901 1.0999868 1.0999838 1.0999812 1.0999786 1.099976 1.099973 1.0999694 1.0999648 1.0999583 1.0999491 1.099935 1.0999129 1.0998765 1.0998131 1.0996959 1.099464 1.098967 1.0978014 1.0947831
1.1011394 1.1010942 1.1010492 1.1010045 1.10096 1.100916 1.1008723 1.1008291 1.1007864 1.1007443 1.1007027 1.1006619 1.1006217 1.1005824 1.1005439 1.1005063 1.1004698 1.1004342 1.1003998 1.1003665 1.1003345 1.1003037 1.1002742 1.1002461 1.1002194 1.1001942 1.1001703 1.100148 1.1001271 1.1001077 1.1000897 1.1000731 1.100058 1.1000442 1.1000317 1.1000205 1.1000105 1.1000015 1.0999936 1.0999866 1.0999803 1.0999748 1.0999698 1.0999653 1.0999609 1.0999567 1.0999522 1.0999472 1.0999413 1.0999339 1.0999243 1.0999112 1.0998926 1.0998655 1.0998243 1.0997596 1.099653 1.0994686 1.0991311 1.0984726 1.0970919 1.0939611 1.0862711 1.0661306
1.1008499 1.1008164 1.1007829 1.1007493 1.1007158 1.1006823 1.1006488 1.1006156 1.1005825 1.1005497 1.1005172 1.1004851 1.1004534 1.1004222 1.1003916 1.1003617 1.1003324 1.1003039 1.1002762 1.1002493 1.1002235 1.1001986 1.1001747 1.100152 1.1001303 1.1001098 1.1000905 1.1000724 1.1000554 1.1000396 1.100025 1.1000115 1.0999991 1.0999878 1.0999774 1.099968 1.0999594 1.0999516 1.0999443 1.0999375 1.0999311 1.0999247 1.0999182 1.0999113 1.0999036 1.0998946 1.0998836 1.0998697 1.0998516 1.0998273 1.0997937 1.0997459 1.0996758 1.0995697 1.0994031 1.0991304 1.0986625 1.0978168 1.096197 1.0928943 1.0857198 1.0692892 1.0312692 0.95242625
1.1005461 1.1005241 1.1005018 1.1004792 1.1004562 1.1004331 1.1004097 1.1003862 1.1003626 1.1003389 1.1003153 1.1002918 1.1002684 1.1002453 1.1002224 1.1001999 1.1001778 1.1001561 1.100135 1.1001145 1.1000946 1.1000755 1.100057 1.1000394 1.1000226 1.1000066 1.0999914 1.0999771 1.0999637 1.099951 1.0999392 1.0999281 1.0999178 1.099908 1.0998988 1.0998899 1.0998813 1.0998728 1.0998641 1.099855 1.0998451 1.099834 1.0998211 1.0998056 1.0997866 1.0997624 1.0997311 1.0996896 1.0996334 1.0995554 1.0994445 1.0992822 1.0990372 1.0986544 1.0980325 1.0969777 1.095102 1.0915944 1.084695 1.070529 1.0409847 0.98275501 0.88930594 0.78947423
1.1002231 1.1002124 1.1002009 1.1001889 1.1001763 1.1001632 1.1001496 1.1001356 1.1001212 1.1001065 1.1000915 1.1000764 1.1000611 1.1000457 1.1000303 1.1000149 1.0999997 1.0999846 1.0999698 1.0999552 1.099941 1.0999271 1.0999136 1.0999006 1.0998879 1.0998758 1.0998641 1.0998528 1.0998419 1.0998313 1.099821 1.0998108 1.0998007 1.0997905 1.09978 1.0997689 1.0997569 1.0997437 1.0997287 1.0997112 1.0996904 1.0996652 1.0996339 1.0995946 1.099544 1.099478 1.0993902 1.099271 1.0991058 1.0988711 1.0985289 1.0980151 1.0972182 1.0959369 1.0937955 1.0900674 1.0833077 1.0706181 1.0464113 1.0015926 0.92825851 0.83641248 0.75914638 0.71657762
1.0998752 1.0998752 1.0998744 1.0998726 1.09987 1.0998666 1.0998624 1.0998575 1.099852 1.0998458 1.099839 1.0998318 1.0998241 1.0998161 1.0998077 1.099799 1.0997901 1.099781 1.0997717 1.0997624 1.099753 1.0997435 1.099734 1.0997245 1.0997149 1.0997052 1.0996954 1.0996853 1.099675 1.0996642 1.0996527 1.0996404 1.099627 1.0996122 1.0995953 1.099576 1.0995535 1.0995268 1.0994947 1.0994555 1.0994072 1.0993466 1.0992696 1.0991705 1.0990409 1.0988684 1.0986345 1.0983111 1.0978536 1.0971899 1.0962005 1.0946808 1.0922705 1.0883179 1.0816201 1.0699473 1.0493033 1.0133738 0.95546043 0.87707969 0.79740732 0.74034283 0.71101021 0.69963667
1.0994957 1.099506 1.0995152 1.0995232 1.09953 1.0995358 1.0995404 1.0995441 1.0995467 1.0995485 1.0995493 1.0995493 1.0995485 1.099547 1.0995447 1.0995418 1.0995382 1.099534 1.0995292 1.0995237 1.0995177 1.0995111 1.0995038 1.0994957 1.0994869 1.0994771 1.0994663 1.0994542 1.0994406 1.0994252 1.0994075 1.0993871 1.0993634 1.0993356 1.0993025 1.0992631 1.0992154 1.0991574 1.099086 1.0989974 1.098886 1.0987444 1.0985619 1.0983235 1.0980068 1.097579 1.0969895 1.0961598 1.0949649 1.0932 1.0905234 1.086351 1.0796717 1.0687332 1.0505901 1.0207577 0.97406728 0.90898791 0.83479737 0.77036904 0.72855212 0.70764643 0.69938107 0.6970246
