Interpolating SPI Data/spi_stations/interpolated_spi/4-19_3.tif
NCOLS 257
NROWS 141
XLLCORNER -178.27925
YLLCORNER 5.3153543
DX 0.49934803
DY 0.49997533
NODATA_VALUE -9999
[rows 112 to 139 of 141, columns 128 to 191 of 257]
1.0783885 1.0856355 1.0881043 1.0886743 1.0881936 1.0864 1.0814726 1.0662103 1.0093238 0.8253314 0.60822848 0.52651844 0.43948667 0.3231295 0.29026202 0.29496581 0.30163515 0.30582593 0.30808231 0.30918782 0.30968338 0.30988642 0.30996242 0.30998846 0.30999668 0.30999909 0.30999976 0.30999993 0.30999998 0.30999999 0.31 0.31 0.31 0.31 0.31 0.31 0.31 0.31 0.31 0.31 0.31 0.31 0.31 0.30999997 0.30999952 0.3099767 0.30860212 0.25078491 -0.0046641958 0.021552235 0.039763167 0.039989436 0.039995986 0.039998375 0.039999396 0.039999795 0.039999936 0.039999982 0.039999995 0.039999999 0.04 0.04 0.04 0.04
1.0783549 1.0851991 1.0876248 1.0880871 1.0872589 1.084594 1.0773425 1.0547439 0.97515255 0.76877542 0.5733754 0.46417579 0.34834334 0.29529127 0.29317494 0.2993515 0.30414498 0.30702292 0.3085873 0.3093742 0.30974125 0.30990001 0.30996376 0.30998759 0.30999595 0.30999872 0.3099996 0.30999987 0.30999996 0.30999999 0.30999999 0.31 0.31 0.31 0.31 0.31 0.31 0.31 0.31 0.31 0.31 0.31 0.30999999 0.30999997 0.30999965 0.30998927 0.30954127 0.29313883 0.081655834 0.037435155 0.039950377 0.039992216 0.039996579 0.039998536 0.039999416 0.039999783 0.039999925 0.039999975 0.039999992 0.039999998 0.039999999 0.04 0.04 0.04
1.0781604 1.0846557 1.0870021 1.0872812 1.0859539 1.0820564 1.0714599 1.0386022 0.93230663 0.707653 0.51035875 0.37670877 0.30477194 0.29261121 0.29703718 0.30216675 0.30565511 0.30773547 0.30888674 0.30948353 0.30977369 0.30990611 0.30996296 0.309986 0.30999488 0.30999817 0.30999935 0.30999976 0.30999991 0.30999996 0.30999998 0.30999999 0.31 0.31 0.31 0.31 0.31 0.31 0.31 0.31 0.31 0.30999999 0.30999999 0.30999996 0.30999971 0.30999404 0.30981511 0.30426408 0.12452801 0.039696254 0.039979872 0.039993354 0.039996861 0.039998578 0.039999391 0.039999753 0.039999904 0.039999964 0.039999987 0.039999995 0.039999998 0.039999999 0.04 0.04
1.0778088 1.0839816 1.0861976 1.086193 1.084159 1.0785192 1.0631604 1.0162785 0.87746051 0.62551693 0.41969662 0.31968736 0.29410511 0.29500965 0.29996828 0.30397752 0.30660134 0.30817861 0.30907111 0.30954877 0.30979088 0.30990726 0.30996045 0.30998367 0.30999341 0.30999737 0.30999895 0.30999957 0.30999982 0.30999992 0.30999996 0.30999998 0.30999999 0.30999999 0.30999999 0.31 0.31 0.31 0.30999999 0.30999999 0.30999999 0.30999999 0.30999998 0.30999994 0.30999972 0.30999612 0.3099101 0.30696477 0.11205549 0.040035237 0.039986563 0.039993865 0.039996941 0.039998533 0.039999326 0.039999703 0.039999873 0.039999947 0.039999978 0.039999991 0.039999996 0.039999998 0.039999999 0.039999999
1.0772948 1.0831479 1.0851644 1.0847421 1.081715 1.0736139 1.0514652 0.98461889 0.79901026 0.51349377 0.34581721 0.29878689 0.29373223 0.29769959 0.30201926 0.3051692 0.30721511 0.30846306 0.30918671 0.3095868 0.30979802 0.30990469 0.30995637 0.3099805 0.30999142 0.30999624 0.30999834 0.30999925 0.30999965 0.30999983 0.30999991 0.30999995 0.30999997 0.30999998 0.30999998 0.30999999 0.30999999 0.30999999 0.30999999 0.30999998 0.30999998 0.30999997 0.30999996 0.30999991 0.30999969 0.3099971 0.30994531 0.30670466 0.091943144 0.040091593 0.039988627 0.039994017 0.039996865 0.03999841 0.03999922 0.039999628 0.039999826 0.03999992 0.039999963 0.039999982 0.039999991 0.039999995 0.039999997 0.039999997
1.0766056 1.0821195 1.0838448 1.0828249 1.0784035 1.0667814 1.0344738 0.93538488 0.6806694 0.4053874 0.30986111 0.29390872 0.29560537 0.2998529 0.30344417 0.30597297 0.30762374 0.30864884 0.30925857 0.30960673 0.30979788 0.30989899 0.30995069 0.30997634 0.30998875 0.30999466 0.30999744 0.30999875 0.30999937 0.30999966 0.30999981 0.30999989 0.30999993 0.30999995 0.30999996 0.30999997 0.30999997 0.30999997 0.30999997 0.30999996 0.30999996 0.30999994 0.30999992 0.30999986 0.30999962 0.3099975 0.30995138 0.30434434 0.076632141 0.040099462 0.039989322 0.039993907 0.039996654 0.039998209 0.039999064 0.03999952 0.039999756 0.039999876 0.039999936 0.039999966 0.039999981 0.039999988 0.039999991 0.039999992
1.0757208 1.0808536 1.0821664 1.0803014 1.0738952 1.0569767 1.0076191 0.85170816 0.53496488 0.33892033 0.29720618 0.29408272 0.29761029 0.30145996 0.30444441 0.30652621 0.30790009 0.30877005 0.30930092 0.30961371 0.30979195 0.30989041 0.30994329 0.309971 0.30998525 0.30999248 0.30999612 0.30999796 0.30999889 0.30999937 0.30999963 0.30999977 0.30999984 0.30999989 0.30999991 0.30999993 0.30999993 0.30999994 0.30999993 0.30999993 0.30999991 0.30999989 0.30999985 0.30999977 0.3099995 0.30999746 0.30992844 0.29938874 0.066289271 0.040099042 0.039989414 0.039993573 0.039996308 0.03999792 0.039998847 0.039999368 0.039999654 0.039999809 0.039999892 0.039999937 0.03999996 0.039999972 0.039999978 0.03999998
1.0746132 1.0792976 1.0800338 1.0769657 1.067598 1.0418359 0.96039822 0.71926668 0.4145233 0.30915093 0.29400023 0.29551724 0.29928914 0.30264207 0.30515554 0.30691208 0.30808745 0.30884686 0.30932212 0.3096107 0.30978102 0.30987896 0.30993397 0.30996427 0.30998071 0.30998953 0.30999425 0.30999678 0.30999814 0.30999889 0.30999931 0.30999954 0.30999968 0.30999977 0.30999981 0.30999984 0.30999986 0.30999987 0.30999986 0.30999985 0.30999983 0.3099998 0.30999974 0.30999962 0.3099993 0.30999677 0.30985548 0.29087834 0.059436759 0.040098313 0.039989132 0.039993023 0.039995816 0.039997526 0.039998551 0.039999155 0.039999505 0.039999706 0.03999982 0.039999885 0.039999921 0.039999941 0.03999995 0.039999952
1.073247 1.0773834 1.0773099 1.0724615 1.0582487 1.0158611 0.87527761 0.5620296 0.34566674 0.29799729 0.29404622 0.29706419 0.30060576 0.30351232 0.30566599 0.30718224 0.30821243 0.30889164 0.30932723 0.30959943 0.30976546 0.30986451 0.30992248 0.30995587 0.30997487 0.3099856 0.30999165 0.30999506 0.309997 0.30999812 0.30999877 0.30999916 0.3099994 0.30999954 0.30999963 0.30999969 0.30999972 0.30999974 0.30999973 0.30999972 0.30999969 0.30999964 0.30999955 0.30999939 0.30999898 0.30999466 0.3096847 0.27792159 0.054853459 0.040098936 0.039988556 0.039992247 0.039995157 0.039997002 0.039998153 0.039998861 0.039999291 0.03999955 0.039999705 0.039999797 0.039999851 0.039999881 0.039999895 0.039999895
1.0715745 1.075015 1.0737669 1.0660707 1.0429939 0.96798275 0.74218272 0.43505476 0.31400523 0.29452185 0.29505644 0.29841554 0.30161726 0.30415531 0.30603367 0.30736966 0.30829189 0.30891214 0.30931941 0.30958089 0.30974535 0.30984686 0.30990854 0.30994552 0.30996748 0.30998045 0.3099881 0.30999262 0.30999531 0.30999693 0.30999792 0.30999853 0.30999892 0.30999916 0.30999932 0.30999942 0.30999948 0.30999951 0.30999951 0.30999949 0.30999945 0.30999937 0.30999925 0.30999904 0.30999846 0.3099892 0.30932929 0.26024311 0.051728473 0.04010119 0.039987714 0.03999122 0.039994298 0.039996318 0.039997622 0.039998456 0.039998984 0.039999316 0.039999524 0.039999652 0.039999729 0.039999772 0.03999979 0.039999787
1.0695284 1.072039 1.0689694 1.0562407 1.0158089 0.88281721 0.58734763 0.36015891 0.3008831 0.29397522 0.29623552 0.2995197 0.30238918 0.30463101 0.30629702 0.30749589 0.30833679 0.30891339 0.30930059 0.30955561 0.30972062 0.30982573 0.30989179 0.30993286 0.30995821 0.30997378 0.30998335 0.30998923 0.30999288 0.30999517 0.30999661 0.30999754 0.30999814 0.30999854 0.3099988 0.30999897 0.30999907 0.30999913 0.30999914 0.30999912 0.30999906 0.30999896 0.30999879 0.3099985 0.30999759 0.3099762 0.30864845 0.23857936 0.049550742 0.040105059 0.039986611 0.039989905 0.039993199 0.039995431 0.039996919 0.039997904 0.03999855 0.039998972 0.039999245 0.039999419 0.039999526 0.039999585 0.039999606 0.039999592
1.0670023 1.0681755 1.0620196 1.0397084 0.96617211 0.7549628 0.45953991 0.32307557 0.29585903 0.29447121 0.29732343 0.30039811 0.30297615 0.30498136 0.30648204 0.30757534 0.3083544 0.30889865 0.30927197 0.30952379 0.30969109 0.30980076 0.30987185 0.30991753 0.30994671 0.30996528 0.3099771 0.30998465 0.30998949 0.30999263 0.30999468 0.30999604 0.30999694 0.30999755 0.30999796 0.30999824 0.30999841 0.30999851 0.30999855 0.30999853 0.30999846 0.30999832 0.30999809 0.30999769 0.30999602 0.30994723 0.30743442 0.21461329 0.048000344 0.040110484 0.039985236 0.039988253 0.039991808 0.03999429 0.039995995 0.039997157 0.039997945 0.039998475 0.039998828 0.039999058 0.0399992 0.039999276 0.039999296 0.039999263
1.0638088 1.0628743 1.0510789 1.0103429 0.88195404 0.60877989 0.37904696 0.30602412 0.29423805 0.29527455 0.29825012 0.30108769 0.30342 0.3052359 0.30660661 0.30761787 0.30834965 0.30887004 0.30923425 0.30948546 0.30965648 0.30977159 0.30984833 0.30989913 0.30993259 0.30995458 0.30996903 0.30997856 0.30998487 0.30998908 0.30999191 0.30999384 0.30999516 0.30999607 0.30999669 0.30999712 0.3099974 0.30999757 0.30999764 0.30999764 0.30999755 0.30999737 0.30999707 0.30999651 0.30999306 0.3098869 0.30540834 0.19041719 0.046874928 0.04011742 0.039983574 0.039986205 0.03999006 0.039992834 0.039994788 0.039996157 0.03999711 0.039997768 0.039998216 0.039998511 0.039998694 0.039998786 0.0399988 0.039998733
1.0595941 1.0550461 1.0326403 0.95887181 0.76160253 0.48425258 0.33557095 0.29844539 0.29401988 0.29610267 0.29901146 0.30162374 0.30375188 0.30541557 0.30668326 0.3076303 0.30832587 0.30882897 0.3091878 0.30944049 0.30961645 0.30973778 0.30982078 0.30987722 0.30991544 0.30994128 0.30995876 0.30997062 0.30997869 0.30998423 0.30998805 0.30999071 0.30999257 0.30999389 0.30999481 0.30999545 0.30999588 0.30999615 0.30999629 0.30999631 0.30999621 0.30999599 0.3099956 0.30999477 0.30998726 0.30976903 0.30223304 0.16777338 0.046044259 0.040125849 0.039981601 0.03998369 0.039987881 0.039990986 0.039993226 0.039994831 0.039995974 0.03999678 0.039997337 0.039997709 0.039997935 0.03999804 0.039998034 0.039997913
1.0536813 1.0426328 1.0008573 0.87651745 0.62623938 0.40017238 0.31356614 0.2952189 0.29435208 0.2968528 0.29962407 0.30203559 0.30399483 0.30553544 0.30672089 0.30761743 0.30828538 0.30877632 0.30913275 0.30938866 0.3095706 0.30969889 0.30978872 0.30985132 0.3098948 0.30992495 0.30994588 0.30996044 0.30997061 0.30997775 0.3099828 0.30998638 0.30998895 0.30999079 0.30999211 0.30999304 0.30999368 0.3099941 0.30999433 0.30999439 0.3099943 0.30999403 0.30999353 0.30999218 0.30997591 0.30955231 0.2975495 0.14778104 0.045422799 0.040135772 0.039979288 0.039980625 0.039985181 0.039988658 0.039991219 0.039993091 0.03999445 0.039995424 0.039996105 0.039996559 0.039996829 0.03999694 0.039996898 0.039996693
1.0448168 1.0220893 0.94806227 0.76440004 0.50747062 0.35075323 0.30265411 0.29399004 0.29486712 0.29749423 0.300109 0.30234651 0.30416597 0.30560648 0.30672589 0.30758267 0.30822975 0.30871263 0.30906908 0.30932966 0.30951853 0.30965444 0.30975168 0.30982095 0.30987017 0.30990511 0.30992993 0.3099476 0.30996022 0.30996927 0.3099758 0.30998054 0.30998399 0.30998651 0.30998834 0.30998966 0.30999059 0.30999121 0.30999157 0.30999171 0.30999163 0.30999131 0.30999067 0.30998826 0.3099541 0.30917585 0.29103818 0.13084449 0.044953183 0.040147205 0.039976606 0.039976917 0.039981857 0.039985745 0.039988663 0.039990833 0.039992433 0.039993593 0.03999441 0.039994952 0.039995263 0.039995366 0.039995264 0.039994939
1.0308312 0.98815765 0.8684182 0.6402014 0.42204863 0.32348482 0.29728487 0.29367519 0.29540639 0.29802465 0.30048606 0.3025746 0.30427807 0.30563675 0.30670295 0.30752845 0.30816005 0.30863818 0.30899666 0.30926314 0.30945976 0.30960393 0.30970912 0.30978559 0.30984106 0.30988127 0.30991043 0.30993162 0.30994707 0.30995837 0.30996668 0.30997281 0.30997735 0.30998072 0.30998321 0.30998503 0.30998634 0.30998723 0.30998778 0.30998802 0.30998798 0.30998762 0.30998674 0.30998213 0.30991358 0.30855571 0.28249551 0.11687834 0.044596133 0.040160174 0.03997352 0.03997246 0.03997779 0.039982128 0.039985437 0.039987935 0.039989798 0.039991162 0.039992125 0.039992756 0.039993099 0.039993175 0.039992981 0.03999249
1.0083406 0.93485001 0.76463595 0.52848255 0.36785504 0.30872849 0.29468528 0.29376659 0.29590337 0.29845224 0.30077224 0.30273385 0.30434077 0.30563225 0.30665548 0.30745652 0.308077 0.30855309 0.30891527 0.30918872 0.30939384 0.30954686 0.30966053 0.3097447 0.30980692 0.30985289 0.30988686 0.30991202 0.30993069 0.3099446 0.30995499 0.30996279 0.30996866 0.30997307 0.30997638 0.30997883 0.30998063 0.30998188 0.30998267 0.30998307 0.30998309 0.30998269 0.30998141 0.30997234 0.30984126 0.3075835 0.27190394 0.10554177 0.04432421 0.040174709 0.039969992 0.03996714 0.039972847 0.039977669 0.039981404 0.039984256 0.039986405 0.039987986 0.0399891 0.039989816 0.039990177 0.0399902 0.039989874 0.039989161
0.97285948 0.8586574 0.65120667 0.44365856 0.33556439 0.30074179 0.29348213 0.29402169 0.29633286 0.29878819 0.30098151 0.30283511 0.30436136 0.30559749 0.30658603 0.30736812 0.30798105 0.30845733 0.30882463 0.30910598 0.30932027 0.3094827 0.30960535 0.30969773 0.3097672 0.30981941 0.30985868 0.30988824 0.30991056 0.30992745 0.30994027 0.30995003 0.30995747 0.30996315 0.30996746 0.3099707 0.3099731 0.30997481 0.30997594 0.30997655 0.30997667 0.30997622 0.30997414 0.30995642 0.30971752 0.30612847 0.25946821 0.096409296 0.04411788 0.040190838 0.039965985 0.03996083 0.03996688 0.039972217 0.039976407 0.039979639 0.039982091 0.039983899 0.039985165 0.039985957 0.039986315 0.03998625 0.039985744 0.039984743
0.91995512 0.76304816 0.54707718 0.38612722 0.3167507 0.29639524 0.29298595 0.29432336 0.29668825 0.29904369 0.3011252 0.30288682 0.30434547 0.30553589 0.30649647 0.30726415 0.30787245 0.3083508 0.30872442 0.30901449 0.30923856 0.30941091 0.30954305 0.30964412 0.30972133 0.30978028 0.30982531 0.30985975 0.30988613 0.3099064 0.309922 0.30993404 0.30994333 0.30995051 0.30995603 0.30996023 0.30996339 0.30996567 0.30996721 0.3099681 0.30996836 0.30996781 0.3099642 0.30993044 0.30951455 0.30404405 0.24559872 0.089066732 0.043962981 0.040208591 0.03996146 0.039953396 0.039959726 0.039965599 0.039970273 0.039973906 0.039976674 0.039978715 0.039980128 0.03998098 0.039981307 0.039981112 0.039980366 0.039979002
0.84781564 0.6597292 0.464338 0.34944136 0.3057978 0.29402283 0.29284325 0.29461527 0.29697107 0.29922887 0.30121241 0.30289557 0.30429739 0.30545003 0.30638821 0.30714521 0.30775133 0.30823333 0.3086143 0.3089138 0.3091482 0.30933096 0.30947305 0.30958329 0.30966871 0.30973489 0.30978616 0.30982593 0.30985683 0.30988088 0.30989964 0.30991428 0.30992573 0.30993466 0.30994161 0.30994697 0.30995103 0.30995402 0.30995609 0.30995734 0.30995778 0.30995699 0.30995044 0.30988834 0.30919487 0.30117939 0.23084378 0.083152827 0.043849063 0.040227989 0.039956376 0.039944696 0.03995121 0.039957632 0.039962811 0.039966861 0.039969955 0.039972227 0.039973776 0.039974666 0.039974925 0.03997455 0.039973499 0.039971685
0.76009714 0.56328375 0.40489946 0.32664609 0.29936277 0.29273353 0.29286904 0.29487124 0.29718613 0.29935246 0.30125045 0.30286655 0.30422049 0.30534193 0.3062623 0.30701172 0.30761771 0.30810469 0.3084939 0.30880347 0.3090487 0.30924232 0.3093948 0.30951466 0.30960877 0.30968264 0.30974064 0.30978621 0.30982206 0.30985031 0.3098726 0.3098902 0.30990411 0.30991508 0.30992371 0.30993042 0.30993558 0.30993942 0.30994214 0.30994384 0.30994448 0.30994317 0.30993114 0.30982121 0.30871055 0.29739529 0.2157941 0.07837013 0.043768288 0.040249047 0.039950692 0.039934584 0.039941141 0.039948114 0.039953814 0.039958293 0.039961715 0.039964212 0.039965879 0.039966777 0.039966925 0.039966311 0.039964877 0.03996252
0.66616194 0.48368359 0.36467054 0.31254468 0.29553328 0.29204299 0.29296496 0.29508025 0.29733927 0.29942182 0.30124519 0.30280386 0.30411741 0.30521311 0.3061195 0.30686395 0.30747153 0.30796463 0.30836284 0.30868303 0.30893955 0.30914445 0.30930774 0.30943765 0.3095409 0.30962293 0.30968812 0.30973995 0.3097812 0.30981407 0.30984029 0.30986121 0.30987791 0.30989121 0.30990176 0.30991007 0.30991651 0.30992137 0.30992486 0.3099271 0.30992795 0.30992555 0.30990374 0.30971649 0.30800316 0.29258268 0.20099182 0.074481286 0.043714684 0.040271772 0.03994437 0.039922908 0.039929322 0.03993683 0.03994306 0.039947973 0.03995172 0.039954428 0.03995619 0.039957057 0.039957044 0.039956123 0.039954224 0.039951221
0.57724204 0.42361684 0.33821265 0.30375827 0.29322256 0.29168265 0.29307828 0.29523885 0.2974363 0.2994431 0.30120139 0.30271077 0.30399021 0.30506475 0.30596039 0.30670205 0.30731268 0.30781287 0.30822074 0.30855204 0.30882027 0.30903683 0.30921131 0.30935168 0.30946451 0.30955515 0.30962798 0.30968652 0.30973362 0.30977153 0.30980208 0.30982669 0.30984652 0.30986246 0.30987521 0.30988534 0.30989327 0.30989933 0.30990374 0.30990662 0.30990758 0.30990305 0.30986451 0.30955728 0.30700504 0.28668059 0.18686859 0.07130001 0.043683625 0.040296159 0.039937369 0.039909516 0.039915544 0.039923552 0.039930312 0.039935659 0.039939721 0.039942621 0.039944445 0.039945237 0.039945002 0.039943701 0.039941244 0.039937488
0.5014778 0.38078686 0.32095874 0.2982109 0.29180756 0.29150064 0.29318087 0.29534741 0.29748263 0.29942142 0.30112289 0.3025899 0.30384054 0.30489779 0.30578538 0.30652611 0.30714102 0.30764911 0.30806722 0.30841007 0.30869035 0.30891893 0.30910497 0.30925619 0.309379 0.30947868 0.3095596 0.3096253 0.30967867 0.30972206 0.30975733 0.30978602 0.30980932 0.30982821 0.30984345 0.30985566 0.3098653 0.30987274 0.30987822 0.30988181 0.30988265 0.30987418 0.30980819 0.30932165 0.30564185 0.27968973 0.17372053 0.068681204 0.043671475 0.040322194 0.039929651 0.039894253 0.039899591 0.039908043 0.039915323 0.039921094 0.039925455 0.03992852 0.039930368 0.039931033 0.039930511 0.039928748 0.039925637 0.039921013
0.44184995 0.35116225 0.30966604 0.29465064 0.29092555 0.29140967 0.29325809 0.29540802 0.29748304 0.29936102 0.30101284 0.30244336 0.30366969 0.30471292 0.30559477 0.30633613 0.30695637 0.30747307 0.30790191 0.30825667 0.30854934 0.30879024 0.30898818 0.30915061 0.30928379 0.30939292 0.30948235 0.30955564 0.30961573 0.309665 0.30970541 0.30973854 0.30976567 0.30978783 0.30980585 0.3098204 0.30983198 0.309841 0.30984771 0.30985203 0.3098523 0.30983691 0.30972757 0.30898234 0.30383657 0.27167845 0.16171378 0.066512072 0.043675332 0.040349851 0.039921178 0.039876971 0.039881244 0.039890057 0.039897836 0.039904015 0.039908652 0.039911848 0.039913673 0.039914154 0.039913272 0.039910959 0.039907092 0.039901481
0.3973513 0.33091681 0.3021961 0.2923224 0.29036157 0.29135889 0.29330273 0.29542352 0.29744173 0.29926543 0.30087379 0.30227287 0.30347871 0.3045107 0.30538876 0.30613208 0.30675854 0.30728445 0.30772443 0.30809143 0.30839677 0.30865028 0.30886042 0.3090344 0.3091783 0.30929728 0.30939563 0.30947692 0.30954413 0.3095997 0.30964564 0.30968359 0.3097149 0.30974067 0.30976178 0.30977893 0.3097927 0.3098035 0.30981157 0.30981658 0.30981541 0.30978845 0.30961311 0.30850669 0.30151469 0.26277913 0.15090793 0.064704785 0.043692843 0.040379092 0.039911916 0.039857522 0.039860284 0.039869341 0.039877583 0.039884146 0.039889029 0.039892315 0.039894067 0.039894298 0.039892979 0.039890025 0.039885294 0.039878576
0.36516239 0.3170833 0.29718153 0.29076642 0.28998599 0.29131847 0.29331179 0.29539693 0.2973623 0.2991376 0.30070787 0.30207982 0.30326844 0.30429156 0.30516749 0.3059139 0.30654734 0.30708296 0.30753444 0.30791394 0.3082322 0.30849857 0.30872119 0.308907 0.30906198 0.30919116 0.30929882 0.30938852 0.30946325 0.30952552 0.30957737 0.30962052 0.30965637 0.30968608 0.30971057 0.30973061 0.3097468 0.30975959 0.30976913 0.30977464 0.30977059 0.30972505 0.30945256 0.3078571 0.29861023 0.25317543 0.14128557 0.063190688 0.043722075 0.040409867 0.039901831 0.039835768 0.03983649 0.039845639 0.039854294 0.039861208 0.039866299 0.039869631 0.03987125 0.039871163 0.039869324 0.039865633 0.039859929 0.039851981
