Interpolating SPI Data/spi_stations/interpolated_spi/4-19_2.tif
NCOLS 257
NROWS 141
XLLCORNER -178.27925
YLLCORNER 5.3153543
DX 0.49934803
DY 0.49997533
NODATA_VALUE -9999
[rows 84 to 111 of 141, columns 64 to 127 of 257]
0.13222998 0.20245246 0.23548972 0.2499142 0.25590431 0.25831489 0.25927343 0.25965952 0.25982205 0.25989579 0.25993237 0.25995192 0.25996271 0.25996847 0.25997108 0.2599716 0.25997063 0.25996845 0.2599651 0.25996036 0.25995372 0.25994419 0.25993004 0.25990807 0.25987213 0.25980962 0.25969264 0.25945402 0.25891615 0.25756246 0.25379223 0.24311764 0.22042189 0.19880925 0.19135523 0.19013147 0.19000823 0.19000032 0.19000001 0.19 0.19 0.19 0.19 0.19 0.19 0.19 0.19 0.19 0.19 0.18998639 -0.089203506 -0.09 -0.09 -0.09 -0.09 -0.09 -0.09 -0.09 -0.09 0.65999979 0.66 0.31134732 0.31 0.31
0.2096123 0.23771521 0.25044049 0.25594608 0.25825768 0.25921524 0.25961494 0.25978751 0.25986656 0.25990539 0.25992547 0.25993576 0.25994027 0.25994098 0.25993887 0.25993439 0.25992757 0.25991803 0.25990491 0.25988664 0.25986049 0.2598217 0.25976169 0.25966417 0.25949638 0.25918816 0.25857838 0.25727165 0.25425557 0.24707295 0.23179186 0.21041141 0.19588846 0.19109585 0.19014366 0.19001333 0.19000085 0.19000004 0.19 0.19 0.19 0.19 0.19 0.19 0.19 0.19 0.19 0.18999999 0.18997927 -0.033317838 -0.089999961 -0.09 -0.09 -0.09 -0.09 -0.09 -0.09 -0.09 -0.09 0.19346746 0.64599109 0.31 0.31 0.31
0.23931224 0.25076212 0.25591251 0.25816349 0.25913268 0.25955091 0.25973554 0.25982042 0.2598611 0.25988067 0.25988892 0.25989019 0.25988645 0.2598785 0.25986642 0.25984968 0.25982701 0.25979616 0.25975334 0.25969224 0.259602 0.25946336 0.25924052 0.25886369 0.25818967 0.25691046 0.25434527 0.24904137 0.23854243 0.22168977 0.20435545 0.19439823 0.19097628 0.19016438 0.19002097 0.19000198 0.19000014 0.19000001 0.19 0.19 0.19 0.19 0.19 0.19 0.19 0.19 0.18999986 0.1899577 0.11641197 -0.089968762 -0.09 -0.09 -0.09 -0.09 -0.09 -0.09 -0.09 -0.09 -0.09 -0.089686685 0.31000068 0.31 0.31 0.31
0.25092061 0.25581062 0.25802999 0.2590207 0.25946145 0.2596596 0.25975027 0.2597917 0.25980885 0.25981244 0.25980711 0.25979469 0.2597756 0.25974919 0.25971385 0.25966665 0.25960283 0.25951464 0.25938942 0.25920584 0.25892683 0.25848552 0.25775661 0.25649752 0.25423062 0.25004056 0.24241335 0.22992938 0.21411301 0.20076426 0.19358141 0.19092947 0.19019293 0.19003195 0.19000417 0.19000043 0.19000004 0.19000001 0.19 0.19 0.19 0.19 0.19 0.19 0.18999995 0.18999886 0.1899108 0.16459274 -0.088231065 -0.08999981 -0.09 -0.09 -0.09 -0.09 -0.09 -0.09 -0.09 -0.09 -0.09 -0.088758151 0.31 0.31 0.31 0.31
0.25564302 0.25785299 0.25887303 0.25933938 0.25955186 0.25964755 0.25968776 0.25969948 0.25969442 0.25967741 0.25965001 0.25961186 0.25956114 0.2594944 0.25940603 0.25928722 0.25912402 0.25889402 0.25856038 0.25806079 0.25728696 0.25604633 0.25399329 0.25052161 0.24467092 0.23534453 0.22249494 0.20885087 0.19858154 0.19311292 0.19092623 0.19022933 0.19004716 0.19000799 0.19000113 0.19000015 0.19000003 0.19000001 0.19000001 0.19 0.19 0.18999999 0.18999994 0.18999956 0.18999413 0.18982187 0.17629988 -0.069885569 -0.089975443 -0.089999993 -0.09 -0.09 -0.09 -0.09 -0.09 -0.09 -0.09 -0.09 -0.089999999 0.10025838 0.31 0.31 0.31 0.31
0.25762706 0.25868246 0.25917657 0.25940344 0.25950259 0.25953859 0.25954059 0.25952131 0.25948566 0.25943462 0.25936666 0.25927812 0.25916287 0.25901139 0.25880904 0.25853325 0.25814853 0.25759807 0.25678913 0.25556793 0.25367843 0.2507031 0.24601044 0.23882793 0.22872588 0.21664051 0.20527241 0.19720945 0.19284144 0.19095243 0.19027391 0.1900675 0.19001421 0.19000259 0.19000045 0.1900001 0.19000004 0.19000001 0.18999999 0.18999996 0.18999987 0.18999952 0.1899975 0.18997871 0.18967072 0.17997716 -0.0133274 -0.089404926 -0.089998712 -0.089999999 -0.09 -0.09 -0.09 -0.09 -0.09 -0.09 -0.09 -0.09 -0.089999193 0.29893702 0.31 0.31 0.31 0.31
0.25844118 0.25896433 0.25920485 0.25930501 0.25933273 0.25931944 0.25927877 0.25921559 0.25912996 0.25901869 0.25887562 0.25869097 0.25845005 0.25813081 0.25769995 0.25710655 0.2562717 0.25507192 0.25331401 0.25070126 0.24680406 0.24108592 0.23310867 0.22304524 0.21223362 0.20282673 0.19632208 0.19269061 0.19100067 0.19032709 0.19009394 0.19002368 0.1900053 0.19000112 0.19000026 0.19000006 0.18999998 0.18999988 0.18999969 0.18999922 0.18999759 0.18999005 0.18994023 0.1894364 0.18122168 0.053498876 -0.084973088 -0.089956543 -0.089999822 -0.09 -0.09 -0.09 -0.09 -0.09 -0.09 -0.09 -0.09 -0.089999999 -0.089843362 0.3088052 0.31 0.31 0.31 0.31
0.25869384 0.25894652 0.25904438 0.25905879 0.2590234 0.25895277 0.25885149 0.25871839 0.25854815 0.25833143 0.25805402 0.25769503 0.25722385 0.25659544 0.25574298 0.25456688 0.2529191 0.25058338 0.24725854 0.2425684 0.23615389 0.22792177 0.21841836 0.20897137 0.20113127 0.19573827 0.192619 0.19106677 0.19038932 0.19012733 0.19003732 0.19000987 0.19000241 0.19000053 0.18999999 0.18999969 0.18999931 0.18999856 0.18999673 0.18999116 0.18996976 0.18986123 0.18909975 0.18146745 0.098635837 -0.069096359 -0.089488792 -0.089993374 -0.08999995 -0.09 -0.09 -0.09 -0.09 -0.09 -0.09 -0.09 -0.09 -0.089999763 -0.083699961 0.30968239 0.31 0.31 0.31 0.31
0.25861937 0.25871094 0.25870618 0.25864099 0.25853074 0.25837962 0.25818495 0.25793888 0.25762843 0.2572344 0.25672919 0.25607342 0.25521072 0.25406043 0.25250763 0.25039138 0.24749498 0.2435501 0.23828066 0.23152539 0.22345202 0.21475366 0.20656035 0.19993811 0.19535351 0.1926027 0.19114819 0.19046094 0.19016843 0.19005599 0.1900169 0.19000453 0.19000079 0.18999946 0.18999856 0.18999731 0.18999493 0.18998942 0.18997437 0.18992476 0.18972118 0.18864539 0.18119407 0.12388695 -0.037667682 -0.087029356 -0.08990964 -0.089998241 -0.089999977 -0.09 -0.09 -0.09 -0.09 -0.09 -0.09 -0.09 -0.089999992 -0.089984603 -0.018155575 0.30984778 0.30999999 0.31 0.31 0.30999998
0.25829625 0.25826599 0.25816277 0.25800277 0.25778964 0.25751906 0.25718042 0.25675691 0.25622423 0.25554833 0.25468185 0.25355919 0.25209022 0.25015301 0.24758816 0.24420061 0.23978187 0.2341724 0.22737919 0.2197208 0.21188704 0.2047691 0.19908864 0.19510491 0.192627 0.19124316 0.19054204 0.19021771 0.19008029 0.19002683 0.1900075 0.19000062 0.18999761 0.18999523 0.18999184 0.18998553 0.18997187 0.18993791 0.18983944 0.1894991 0.18806281 0.1805986 0.13782639 0.0017553128 -0.079464464 -0.089380318 -0.089975186 -0.089999293 -0.089999985 -0.09 -0.09 -0.09 -0.09 -0.09 -0.09 -0.089999998 -0.089999536 -0.089652079 0.14294271 0.30989396 0.30999997 0.31 0.30999997 0.30999946
0.25773169 0.25758227 0.25736255 0.2570757 0.25671571 0.25626931 0.25571599 0.25502682 0.25416223 0.25306879 0.25167513 0.24988754 0.2475865 0.24462761 0.24085348 0.23612675 0.2303946 0.22378055 0.21666216 0.20965239 0.2034285 0.19848026 0.1949529 0.19268222 0.19135017 0.19063239 0.19027518 0.19011044 0.19003968 0.19001088 0.18999897 0.18999276 0.18998721 0.18997926 0.189965 0.18993591 0.18986926 0.18969598 0.18917609 0.18734662 0.17977685 0.14576415 0.03805792 -0.063988854 -0.087384274 -0.089817055 -0.089990403 -0.089999613 -0.089999988 -0.09 -0.09 -0.09 -0.09 -0.09 -0.089999999 -0.089999931 -0.089988815 -0.086380245 0.24540844 0.30990651 0.30999989 0.30999995 0.30999958 0.30999375
0.2568965 0.25660803 0.25623707 0.25577618 0.25520971 0.25451402 0.25365649 0.25259368 0.25126873 0.24960874 0.24752261 0.24490168 0.24162631 0.23758415 0.23270612 0.22702172 0.22071992 0.21417767 0.20790805 0.20241822 0.19804512 0.1948714 0.19276147 0.19146763 0.19073122 0.19034032 0.19014599 0.19005485 0.19001356 0.18999399 0.18998209 0.18997055 0.1899541 0.18992567 0.18987075 0.18975369 0.18947634 0.18873711 0.18649628 0.17878289 0.15040051 0.066211384 -0.041020737 -0.082254248 -0.089154643 -0.089928431 -0.089995162 -0.089999733 -0.089999987 -0.089999999 -0.09 -0.09 -0.09 -0.089999998 -0.089999971 -0.08999858 -0.089864687 -0.069332614 0.28189375 0.30990446 0.3099996 0.30999946 0.30999626 0.30995989
0.25574163 0.25527836 0.25470798 0.25401306 0.25316773 0.25213705 0.25087572 0.24932649 0.24741906 0.24507043 0.24218882 0.23868411 0.23448849 0.22958942 0.22407106 0.2181484 0.21216652 0.2065416 0.20165291 0.19773704 0.19484237 0.19285934 0.19159365 0.19083715 0.19041181 0.1901857 0.19007088 0.19001349 0.18998272 0.18996152 0.18993973 0.189909 0.18985782 0.18976378 0.18957563 0.18916413 0.18817188 0.18551542 0.17765164 0.15310923 0.086441287 -0.014367082 -0.072450741 -0.087232572 -0.089656372 -0.089964941 -0.089997005 -0.089999781 -0.089999985 -0.089999999 -0.089999999 -0.089999999 -0.089999997 -0.089999977 -0.089999554 -0.089983657 -0.089033826 -0.019504752 0.29502907 0.30989285 0.30999843 0.30999636 0.30997886 0.30983664
0.25420905 0.25352415 0.25269698 0.25170054 0.25049913 0.24904778 0.24729171 0.24516678 0.24260188 0.23952522 0.23587642 0.23162639 0.22680406 0.22152412 0.21600196 0.21053854 0.20546649 0.20107141 0.19752352 0.19485252 0.19297109 0.19172586 0.19094808 0.19048754 0.19022738 0.1900853 0.19000759 0.1899611 0.18992568 0.1898878 0.1898351 0.18975036 0.18960155 0.18932013 0.18874599 0.18747518 0.18441107 0.17640836 0.15462407 0.10062839 0.011615517 -0.057652183 -0.083022203 -0.08881375 -0.089831161 -0.089979455 -0.089997827 -0.089999794 -0.08999998 -0.089999996 -0.089999996 -0.089999993 -0.089999972 -0.089999744 -0.08999559 -0.089881206 -0.085421589 0.062208989 0.30050557 0.30987209 0.30999384 0.30998274 0.30991694 0.30957911
0.25224212 0.25128357 0.25014017 0.24877705 0.24715155 0.24521372 0.24290807 0.2401774 0.23697027 0.23325303 0.22902696 0.22434809 0.21934367 0.21421515 0.20921796 0.20461676 0.20062911 0.19738081 0.19489151 0.19309225 0.19186134 0.19106117 0.1905645 0.1902679 0.19009466 0.18999173 0.189924 0.18986811 0.18980668 0.18972254 0.1895916 0.18937099 0.18897417 0.18821242 0.18664649 0.18319273 0.175073 0.1553604 0.1105672 0.034269021 -0.039131266 -0.075634993 -0.086817831 -0.089404356 -0.089903124 -0.089986111 -0.089998214 -0.089999784 -0.089999969 -0.089999987 -0.089999983 -0.089999956 -0.089999778 -0.089997932 -0.089970262 -0.089400169 -0.074413892 0.14277597 0.30311161 0.30983928 0.30997857 0.30993864 0.30976342 0.30954662
0.24979749 0.24851621 0.24700572 0.24522727 0.2431374 0.24069058 0.23784388 0.23456458 0.23084105 0.22669633 0.22220174 0.21748522 0.21272775 0.20814302 0.20394197 0.20029275 0.19729091 0.19495079 0.19321834 0.19199663 0.19117285 0.19063892 0.19030324 0.19009458 0.18996091 0.18986542 0.18978157 0.18968773 0.18956121 0.18937023 0.18906036 0.18852749 0.18755807 0.18568936 0.18187162 0.17366225 0.15556698 0.11757731 0.052788977 -0.019058624 -0.064800249 -0.082989703 -0.088348421 -0.089658291 -0.089936908 -0.08998947 -0.089998375 -0.089999749 -0.089999941 -0.089999957 -0.089999922 -0.089999748 -0.089998574 -0.089987685 -0.089853644 -0.087737634 -0.049922228 0.19990805 0.30446752 0.3097867 0.30993635 0.30982969 0.30952646 0.31144918
0.24685783 0.24521804 0.24331097 0.24110054 0.23855146 0.23563416 0.23233189 0.22864983 0.22462522 0.22033597 0.21590369 0.21148715 0.20726394 0.20340319 0.20003688 0.19723956 0.19502287 0.19334475 0.19212774 0.19127895 0.19070632 0.19032865 0.19007995 0.18990943 0.18977884 0.1896585 0.18952225 0.18934144 0.18907606 0.1886601 0.18797313 0.18678158 0.18461063 0.18045998 0.17219062 0.15540065 0.12255632 0.067436736 0.00053401838 -0.051056397 -0.076796058 -0.086211528 -0.089040057 -0.089780893 -0.089954418 -0.089991235 -0.089998387 -0.08999967 -0.08999987 -0.08999985 -0.089999658 -0.089998709 -0.08999269 -0.089943661 -0.089443373 -0.083274717 -0.0093297932 0.23501983 0.30519663 0.30969926 0.30983974 0.30962676 0.30948733 0.31877472
0.24344301 0.24143276 0.23913264 0.23651712 0.23356831 0.23028225 0.22667607 0.22279519 0.21871824 0.21455695 0.21044864 0.20654075 0.20296996 0.19984153 0.19721511 0.19510102 0.19346678 0.19225031 0.19137486 0.19076172 0.19033886 0.19004518 0.18983125 0.18965761 0.18949147 0.18930211 0.18905463 0.18870075 0.18816328 0.18730757 0.18588524 0.18341962 0.1789705 0.17067096 0.15496498 0.12610392 0.078856327 0.018336368 -0.03552568 -0.068079047 -0.082533766 -0.087749678 -0.08938525 -0.089845827 -0.089964121 -0.089992107 -0.089998256 -0.089999501 -0.089999673 -0.089999478 -0.089998586 -0.089994366 -0.089969714 -0.089793688 -0.088287767 -0.073623527 0.042008418 0.25597136 0.30556215 0.3095531 0.30965738 0.30937238 0.31052944 0.33371471
0.23961608 0.23725485 0.23460415 0.2316558 0.22841548 0.22490821 0.22118313 0.21731597 0.2134072 0.20957472 0.20594119 0.20261807 0.19969063 0.1972077 0.19517899 0.19357963 0.19235975 0.19145566 0.19079989 0.19032837 0.18998452 0.18972032 0.18949528 0.18927366 0.18902018 0.18869377 0.18823812 0.18756586 0.18653057 0.18487435 0.18212736 0.17741586 0.16911478 0.15433115 0.12862322 0.08772255 0.033783126 -0.01947286 -0.057139131 -0.076992196 -0.085441051 -0.088546832 -0.089572447 -0.089882723 -0.089969643 -0.089992366 -0.089997924 -0.089999122 -0.08999911 -0.089998228 -0.089994746 -0.089979151 -0.089895973 -0.089373371 -0.085586389 -0.056414892 0.093903292 0.26870419 0.30567806 0.30931931 0.3093803 0.3092996 0.31420712 0.35279121
0.23548069 0.23282089 0.22989793 0.22672437 0.2233299 0.21976433 0.21609845 0.2124214 0.20883413 0.20543905 0.20232798 0.19957098 0.19720885 0.19525098 0.19367853 0.19245136 0.1915164 0.19081556 0.19029172 0.18989237 0.18957093 0.18928602 0.18899917 0.18867073 0.18825376 0.18768448 0.18686667 0.18564489 0.18375667 0.18074598 0.17580843 0.16753242 0.1535499 0.13038966 0.094612909 0.046817874 -0.0039424367 -0.04463204 -0.069515522 -0.081802448 -0.087011712 -0.088990859 -0.089680978 -0.089904682 -0.089972633 -0.089992068 -0.089997228 -0.089998226 -0.08999752 -0.089994362 -0.089982728 -0.089933822 -0.089696074 -0.088374366 -0.080204481 -0.03070387 0.13860456 0.2766787 0.30559058 0.30897693 0.30907128 0.30994692 0.32192974 0.37003687
0.23116921 0.22829017 0.22519729 0.22192251 0.21851435 0.2150377 0.21157106 0.20820079 0.20501289 0.2020837 0.19947156 0.19721112 0.1953116 0.1937589 0.19252059 0.19155226 0.19080367 0.19022371 0.18976354 0.18937795 0.18902487 0.18866334 0.18824969 0.18773157 0.18703858 0.18606721 0.18465579 0.18254175 0.17928809 0.17416003 0.16593318 0.15265856 0.13159527 0.099983694 0.057647623 0.010390874 -0.031357604 -0.060314285 -0.076643088 -0.084520463 -0.087913159 -0.08925367 -0.089747145 -0.08991793 -0.08997381 -0.089991061 -0.089995783 -0.089996069 -0.089993239 -0.089983539 -0.089949734 -0.089816871 -0.089227259 -0.086311523 -0.070890863 0.0020105024 0.17354289 0.2817963 0.30531848 0.30853707 0.30892402 0.31212899 0.33349161 0.38273959
0.22682408 0.22382011 0.22066678 0.21741009 0.21410882 0.21083179 0.20765298 0.20464502 0.20187199 0.19938305 0.19720802 0.19535594 0.19381639 0.19256312 0.19155874 0.19075958 0.19011968 0.18959349 0.18913712 0.18870798 0.18826293 0.18775473 0.18712625 0.1863015 0.18517136 0.18357064 0.18124039 0.17776644 0.17248178 0.16432544 0.15168531 0.13237677 0.10418353 0.066576981 0.02319952 -0.018058569 -0.049819312 -0.069949659 -0.080865827 -0.086132322 -0.088458866 -0.089416989 -0.089788742 -0.089925518 -0.08997333 -0.089988905 -0.08999274 -0.089990974 -0.089982482 -0.089956222 -0.089869433 -0.089550828 -0.088256669 -0.082541014 -0.056696083 0.038222345 0.1995262 0.28511014 0.30488158 0.30807395 0.30929597 0.31661821 0.34677266 0.39127283
0.22257766 0.21954387 0.21643037 0.21328994 0.2101828 0.20717251 0.20432078 0.20168185 0.19929755 0.19719385 0.19537956 0.19384709 0.19257507 0.19153186 0.19067923 0.18997566 0.18937854 0.18884522 0.18833276 0.18779623 0.18718531 0.18643886 0.18547644 0.18418502 0.18239832 0.17986416 0.1761935 0.170784 0.16271672 0.15065197 0.13283356 0.10747563 0.073919135 0.034406203 -0.005302204 -0.038566873 -0.061891898 -0.075943049 -0.083459539 -0.087132447 -0.088804377 -0.089522133 -0.089814919 -0.089928832 -0.08997086 -0.08998465 -0.089986353 -0.089979441 -0.089957513 -0.089893787 -0.089694022 -0.089008611 -0.086453339 -0.076352891 -0.037425777 0.074037178 0.21846722 0.28722891 0.30432564 0.30775047 0.31066326 0.32362514 0.35930667 0.39685198
0.21853605 0.2155561 0.21256199 0.20960642 0.20674416 0.20402794 0.20150405 0.19920838 0.19716374 0.1953786 0.19384756 0.1925531 0.19146823 0.19055929 0.18978854 0.18911594 0.18850011 0.18789792 0.18726299 0.18654255 0.18567227 0.18456839 0.18311565 0.18114885 0.17842495 0.17458131 0.16907623 0.1611138 0.14957581 0.13303931 0.11005861 0.079956799 0.044083084 0.0065497223 -0.027083898 -0.052779948 -0.06977582 -0.079762573 -0.085112355 -0.087778213 -0.08903099 -0.089591037 -0.089830407 -0.089928173 -0.08996544 -0.089976459 -0.089973253 -0.089954787 -0.089904007 -0.089763567 -0.089345923 -0.088004871 -0.083406433 -0.067133579 -0.013857772 0.10660723 0.23222146 0.28853475 0.30374271 0.30781986 0.31346761 0.33251773 0.36970497 0.40050399
0.21477034 0.21190853 0.20908767 0.20635517 0.20375633 0.2013309 0.19910992 0.19711352 0.19534979 0.19381493 0.19249449 0.19136522 0.19039725 0.18955609 0.18880402 0.18810083 0.18740343 0.18666442 0.18582913 0.1848309 0.18358384 0.18197192 0.17983291 0.17693467 0.17294128 0.16736717 0.15952273 0.1484707 0.1330497 0.11208309 0.084929973 0.052375835 0.017314485 -0.015809605 -0.042995259 -0.062510893 -0.074993623 -0.082266475 -0.086202164 -0.088209178 -0.089183146 -0.089635674 -0.089837394 -0.089922888 -0.089955182 -0.089961003 -0.089947389 -0.089905262 -0.089797773 -0.089513604 -0.088711447 -0.086297669 -0.078675461 -0.054553351 0.012445738 0.13456777 0.24225228 0.28930248 0.30328073 0.30858622 0.31790378 0.34211819 0.37771611 0.4029139
0.21131539 0.20861389 0.20599488 0.20349748 0.20115603 0.19899754 0.19703982 0.19529051 0.193747 0.1923972 0.19122092 0.19019145 0.18927706 0.18844211 0.18764755 0.18685053 0.18600301 0.18504906 0.1839205 0.1825304 0.18076333 0.17846152 0.17540495 0.17128409 0.16566475 0.15794898 0.14734801 0.13290748 0.11366427 0.089036167 0.059455569 0.026940406 -0.0050623067 -0.03292158 -0.054386483 -0.06919901 -0.078516697 -0.083954717 -0.086942384 -0.088503975 -0.089285951 -0.089662464 -0.089836298 -0.089911231 -0.089936783 -0.089932629 -0.089898644 -0.089811786 -0.089601292 -0.089068295 -0.087639087 -0.083604435 -0.071867626 -0.038703074 0.039627625 0.15771853 0.24963876 0.28976422 0.3031353 0.310322 0.32378282 0.35130103 0.3836624 0.40450883
0.2081744 0.20565438 0.20324439 0.20097421 0.19886747 0.19693995 0.19519878 0.19364218 0.19225992 0.19103426 0.18994111 0.18895113 0.18803056 0.1871415 0.18624154 0.18528239 0.18420744 0.18294781 0.18141649 0.17949985 0.17704574 0.173847 0.16961965 0.16397612 0.15639746 0.14621718 0.13264606 0.11489115 0.092435478 0.065492178 0.035459667 0.004958948 -0.022894483 -0.045687601 -0.062509512 -0.073852993 -0.080948479 -0.085122615 -0.087457235 -0.088708328 -0.089353731 -0.089674369 -0.089826 -0.089890022 -0.08990486 -0.089882299 -0.089811205 -0.08964557 -0.089260735 -0.088326372 -0.085944658 -0.079632807 -0.062724694 -0.020112601 0.066039423 0.17651033 0.25517121 0.29013989 0.30351926 0.31316946 0.33058489 0.35937141 0.38800366 0.40555265
0.20532632 0.20299133 0.20078126 0.19871679 0.19681194 0.19507328 0.19349958 0.19208204 0.19080491 0.18964629 0.1885789 0.18757067 0.1865849 0.18557977 0.18450715 0.18331029 0.18192031 0.18025104 0.17819162 0.17559641 0.17227142 0.16795705 0.16230776 0.15487258 0.14508617 0.13229193 0.11583321 0.095256874 0.070641509 0.042951264 0.014153885 -0.013175347 -0.036702487 -0.055116294 -0.06833462 -0.077144208 -0.08266328 -0.085948249 -0.087821034 -0.088849339 -0.089394343 -0.089671844 -0.089803746 -0.089854145 -0.089851139 -0.089796398 -0.089661887 -0.089366061 -0.088704289 -0.087162465 -0.083424309 -0.074122475 -0.05119287 0.00036334181 0.090534285 0.1916503 0.25944245 0.29064289 0.30461485 0.31707576 0.33766598 0.36608175 0.39115008 0.40621075
