Interpolating SPI Data/spi_stations/interpolated_spi/4-19_1.tif
NCOLS 257
NROWS 141
XLLCORNER -178.27925
YLLCORNER 5.3153543
DX 0.49934803
DY 0.49997533
NODATA_VALUE -9999
[rows 84 to 111 of 141, columns 63 to 125 of 257]
0.13500507 0.20027963 0.23444468 0.25023696 0.25684277 0.25932406 0.2601018 0.26023443 0.26015356 0.26002332 0.25990019 0.25979959 0.25972216 0.2596638 0.25961927 0.25958342 0.25955144 0.25951876 0.25948068 0.25943187 0.25936542 0.25927133 0.25913388 0.2589264 0.25860085 0.25806506 0.25712989 0.25537702 0.25179909 0.24373186 0.22342694 0.16687382 0.0067557648 -0.3336778 -0.65786374 -0.76967219 -0.78802814 -0.78987655 -0.78999525 -0.78999989 -0.79 -0.79 -0.79 -0.79 -0.79 -0.79 -0.79 -0.79 -0.79 -0.79 -0.79 -0.79 -0.79 -0.79 -0.79 -0.79 -0.79 -0.79 -0.79 -0.79 -0.18000017 -0.18 0.43761331
0.20977496 0.23783144 0.25110787 0.25683633 0.25905891 0.25977451 0.25989406 0.25980604 0.25966524 0.25952757 0.25940922 0.25931116 0.259229 0.25915662 0.25908738 0.25901427 0.25892958 0.25882407 0.25868567 0.25849722 0.25823255 0.2578494 0.25727578 0.25638258 0.25492536 0.25241303 0.24779309 0.23864893 0.21904975 0.17380976 0.066072225 -0.16314012 -0.48383956 -0.70167725 -0.77356351 -0.78784544 -0.7898002 -0.78998734 -0.78999947 -0.78999999 -0.79 -0.79 -0.79 -0.79 -0.79 -0.79 -0.79 -0.79 -0.79 -0.79 -0.79 -0.79 -0.79 -0.79 -0.79 -0.79 -0.79 -0.79 -0.79 -0.79 -0.55944646 -0.15518425 0.44
0.24009928 0.25148299 0.25654069 0.25856066 0.25922335 0.25932524 0.25922072 0.25905723 0.25889034 0.25873669 0.25859705 0.25846587 0.25833495 0.25819448 0.25803292 0.25783606 0.25758524 0.25725441 0.25680509 0.25617765 0.25527543 0.25393481 0.25186632 0.24853302 0.24288812 0.23278363 0.2136 0.17512582 0.095571236 -0.061906536 -0.31468493 -0.57468573 -0.72403391 -0.77535847 -0.78753528 -0.78968584 -0.78997042 -0.789998 -0.7899999 -0.79 -0.79 -0.79 -0.79 -0.79 -0.79 -0.79 -0.79 -0.79 -0.79 -0.79 -0.79 -0.79 -0.79 -0.79 -0.79 -0.79 -0.79 -0.79 -0.79 -0.79 -0.78974447 0.43999879 0.44
0.25137868 0.25590671 0.25775787 0.25836676 0.25843899 0.25830108 0.25809426 0.25787351 0.25765527 0.25743905 0.25721673 0.25697604 0.25670126 0.25637249 0.25596358 0.25543864 0.25474616 0.25380918 0.25250827 0.25065116 0.24791686 0.24374874 0.2371434 0.22622161 0.20734513 0.17334991 0.11050731 -0.0038901992 -0.19113312 -0.42835559 -0.628564 -0.73629173 -0.77606341 -0.78710841 -0.78952181 -0.78993808 -0.78999385 -0.78999953 -0.78999997 -0.78999999 -0.79 -0.79 -0.79 -0.79 -0.79 -0.79 -0.79 -0.79 -0.79 -0.79 -0.79 -0.79 -0.79 -0.79 -0.79 -0.79 -0.79 -0.79 -0.79 -0.79 -0.78621023 0.44 0.44
0.25486768 0.25656551 0.25710941 0.25713105 0.25693334 0.25665165 0.25633972 0.2560126 0.25566699 0.25529004 0.25486247 0.25435868 0.25374485 0.25297521 0.25198569 0.25068361 0.24893058 0.24651339 0.24309351 0.2381167 0.23064755 0.21906152 0.20047063 0.16969142 0.11763188 0.029889534 -0.10998206 -0.30269251 -0.5073146 -0.66132078 -0.74332822 -0.77611723 -0.78656527 -0.78929541 -0.78988167 -0.78998396 -0.78999824 -0.78999982 -0.78999997 -0.78999999 -0.78999999 -0.78999999 -0.79 -0.79 -0.79 -0.79 -0.78999999 -0.78999999 -0.79 -0.79 -0.79 -0.79 -0.79 -0.79 -0.79 -0.79 -0.79 -0.79 -0.79 -0.79 -0.20495992 0.44 0.44
0.25488814 0.25534514 0.25528507 0.25498999 0.2545892 0.25413394 0.25363629 0.25308793 0.25246841 0.25174758 0.2508847 0.24982498 0.24849333 0.24678409 0.24454474 0.2415493 0.23745429 0.23172458 0.22350629 0.21140726 0.19312067 0.16480689 0.12020444 0.049844019 -0.057858127 -0.20934248 -0.39056604 -0.56102911 -0.68192607 -0.74741529 -0.77573323 -0.78590209 -0.7889935 -0.78979052 -0.78996342 -0.78999462 -0.78999928 -0.78999987 -0.78999995 -0.78999997 -0.78999998 -0.78999998 -0.78999999 -0.78999999 -0.78999999 -0.78999998 -0.78999997 -0.78999998 -0.79 -0.79 -0.79 -0.79 -0.79 -0.79 -0.79 -0.79 -0.79 -0.79 -0.79 -0.78999752 0.40598116 0.44 0.44
0.25296122 0.25277742 0.25233538 0.25175752 0.25109102 0.25034283 0.24949693 0.24852174 0.24737163 0.24598463 0.24427691 0.24213329 0.23939232 0.23582276 0.23108648 0.2246789 0.21583273 0.20336222 0.18541458 0.15909186 0.11994519 0.061533155 -0.024186961 -0.14378229 -0.29465636 -0.45674432 -0.59776582 -0.69527143 -0.74970066 -0.77502429 -0.78511363 -0.78860298 -0.78965228 -0.78992515 -0.78998603 -0.78999761 -0.78999952 -0.78999982 -0.78999989 -0.78999992 -0.78999994 -0.78999995 -0.78999995 -0.78999995 -0.78999994 -0.78999992 -0.78999993 -0.78999999 -0.79 -0.79 -0.79 -0.79 -0.79 -0.79 -0.79 -0.79 -0.79 -0.79 -0.79 -0.78951836 0.43632596 0.44 0.44
0.24948327 0.24883272 0.24800638 0.2470454 0.24594917 0.24469093 0.2432241 0.24148261 0.23937695 0.23678616 0.23354482 0.22942294 0.22409541 0.21709503 0.20774035 0.19502542 0.17745434 0.15280573 0.11783703 0.068032939 -0.0022447784 -0.09837648 -0.22175646 -0.36419105 -0.50577467 -0.62326673 -0.70407681 -0.75080759 -0.77405462 -0.78419445 -0.78811125 -0.78945342 -0.78985992 -0.78996811 -0.78999331 -0.78999848 -0.78999947 -0.78999969 -0.78999977 -0.78999981 -0.78999984 -0.78999985 -0.78999985 -0.78999984 -0.7899998 -0.7899998 -0.78999996 -0.79 -0.79 -0.79 -0.79 -0.79 -0.79 -0.79 -0.79 -0.79 -0.79 -0.79 -0.78999927 -0.77062749 0.43902333 0.43999999 0.44
0.24435217 0.24319403 0.24184217 0.24028583 0.23848441 0.23637255 0.23385905 0.23082121 0.22709417 0.22245442 0.21659517 0.20908983 0.19933837 0.18648926 0.16932854 0.14613068 0.11448157 0.071132627 0.012062633 -0.066863996 -0.16806129 -0.28901109 -0.419323 -0.54206128 -0.64125322 -0.70991192 -0.75109647 -0.77286316 -0.7831396 -0.78750663 -0.78917987 -0.78975655 -0.78993459 -0.78998366 -0.78999579 -0.78999855 -0.7899992 -0.78999942 -0.78999952 -0.78999958 -0.78999962 -0.78999963 -0.78999961 -0.78999955 -0.78999954 -0.78999983 -0.78999998 -0.79 -0.79 -0.79 -0.79 -0.79 -0.79 -0.79 -0.79 -0.79 -0.79 -0.78999998 -0.78995267 -0.56907874 0.43953191 0.43999997 0.44
0.23719686 0.23534827 0.23321003 0.2307249 0.22780549 0.22433184 0.22014395 0.2150289 0.20870154 0.20077659 0.19072894 0.17783841 0.16111475 0.13920185 0.11026947 0.071927212 0.021252189 -0.044878271 -0.12885177 -0.2305601 -0.34522693 -0.46251605 -0.56907765 -0.65410536 -0.71372055 -0.75078739 -0.77147506 -0.78194508 -0.78677864 -0.78881756 -0.78960232 -0.7898771 -0.7899644 -0.78998962 -0.78999636 -0.78999813 -0.78999868 -0.78999892 -0.78999905 -0.78999913 -0.78999916 -0.78999914 -0.78999907 -0.78999905 -0.78999949 -0.78999991 -0.78999999 -0.79 -0.79 -0.79 -0.79 -0.79 -0.79 -0.79 -0.79 -0.79 -0.79 -0.78999858 -0.78893021 -0.073701709 0.43967392 0.4399999 0.44
0.22746272 0.22461745 0.22130647 0.21741821 0.21280189 0.20725861 0.20052688 0.19226173 0.18200568 0.16914948 0.15288123 0.13212388 0.10546784 0.0711193 0.026913985 -0.029505513 -0.10019465 -0.18594172 -0.28489333 -0.39139289 -0.49626117 -0.58935974 -0.66336015 -0.71609331 -0.75002137 -0.7699077 -0.78060791 -0.78591824 -0.78835298 -0.78938351 -0.78978535 -0.78992944 -0.78997699 -0.78999157 -0.78999588 -0.78999723 -0.78999776 -0.78999804 -0.7899982 -0.78999827 -0.78999826 -0.78999819 -0.78999818 -0.78999878 -0.78999966 -0.78999995 -0.78999999 -0.79 -0.79 -0.79 -0.79 -0.79 -0.79 -0.79 -0.79 -0.79 -0.78999979 -0.78996564 -0.77886954 0.24138038 0.43971252 0.43999969 0.43999995
0.21445115 0.21017955 0.20517343 0.19925123 0.19217648 0.1836428 0.17325294 0.16049114 0.14468828 0.12498072 0.10026766 0.069179563 0.03008583 -0.018806036 -0.079177671 -0.1520613 -0.23701253 -0.33120047 -0.42898195 -0.52267954 -0.6047076 -0.67002945 -0.71741376 -0.74889285 -0.768174 -0.77912635 -0.784918 -0.7877736 -0.78908602 -0.7896475 -0.7898708 -0.78995337 -0.78998193 -0.78999136 -0.78999451 -0.7899957 -0.78999626 -0.78999656 -0.78999672 -0.78999675 -0.7899967 -0.78999674 -0.78999751 -0.78999901 -0.78999979 -0.78999997 -0.79 -0.79 -0.79 -0.79 -0.79 -0.79 -0.79 -0.79 -0.79 -0.78999992 -0.78999566 -0.78958405 -0.72644872 0.35357272 0.43970629 0.43999904 0.43999949
0.19735594 0.1911057 0.18374599 0.17500721 0.16454568 0.15192438 0.13658918 0.11784151 0.094810959 0.06643584 0.03146786 -0.011469929 -0.063727133 -0.12631792 -0.19942833 -0.28179743 -0.37020794 -0.45949904 -0.54344933 -0.61639191 -0.67479472 -0.71793972 -0.7474677 -0.76628428 -0.77749982 -0.78377213 -0.78706824 -0.7886959 -0.78945055 -0.78977872 -0.78991259 -0.78996399 -0.7899828 -0.78998958 -0.78999216 -0.78999329 -0.78999388 -0.78999419 -0.78999431 -0.78999432 -0.78999446 -0.78999545 -0.78999767 -0.78999931 -0.78999985 -0.78999997 -0.78999999 -0.79 -0.79 -0.79 -0.79 -0.79 -0.79 -0.78999999 -0.78999994 -0.78999866 -0.78994985 -0.78702952 -0.57322939 0.39396399 0.4396711 0.43999704 0.43999657
0.17531919 0.16643137 0.15594932 0.1435028 0.12863097 0.11076433 0.089207016 0.063124673 0.031547672 -0.0065937203 -0.052376963 -0.1067061 -0.1700162 -0.24187353 -0.3205629 -0.40286527 -0.48428477 -0.55985505 -0.62531465 -0.67812594 -0.71785003 -0.74579368 -0.76424744 -0.77572898 -0.78247655 -0.78622731 -0.78819989 -0.78918091 -0.78964198 -0.78984675 -0.78993287 -0.78996743 -0.78998093 -0.78998628 -0.78998857 -0.78998968 -0.78999027 -0.78999056 -0.78999071 -0.78999102 -0.78999232 -0.78999529 -0.78999818 -0.7899995 -0.78999988 -0.78999997 -0.78999999 -0.79 -0.79 -0.79 -0.79 -0.79 -0.78999999 -0.78999993 -0.78999926 -0.78998656 -0.78963511 -0.77592291 -0.32196136 0.41080524 0.43960997 0.4399908 0.43998334
0.14751952 0.13527267 0.12085481 0.1037986 0.083542293 0.059422199 0.030675127 -0.0035394953 -0.04408314 -0.091728721 -0.14698056 -0.20982015 -0.2794106 -0.35385202 -0.43013799 -0.50445821 -0.5728671 -0.63212333 -0.6803548 -0.71727245 -0.74390676 -0.76207156 -0.7738156 -0.78102883 -0.785243 -0.78758583 -0.78882499 -0.78944827 -0.78974637 -0.78988214 -0.7899413 -0.78996625 -0.7899767 -0.78998123 -0.78998336 -0.78998447 -0.78998507 -0.78998546 -0.78998605 -0.78998777 -0.78999155 -0.78999597 -0.7899986 -0.78999959 -0.78999989 -0.78999997 -0.78999999 -0.78999999 -0.78999999 -0.78999999 -0.78999999 -0.78999998 -0.78999991 -0.7899994 -0.78999381 -0.78990897 -0.78815672 -0.74207654 -0.074218427 0.41882316 0.43951958 0.4399723 0.43993596
0.11329605 0.09698644 0.07788667 0.055463228 0.029108247 -0.0018460527 -0.038091777 -0.080277444 -0.12889621 -0.18412417 -0.24561872 -0.3123171 -0.38231256 -0.45290864 -0.5209233 -0.58321701 -0.63728925 -0.68172073 -0.71630079 -0.74183506 -0.75976443 -0.7717626 -0.7794282 -0.78410937 -0.78684305 -0.78836966 -0.7891847 -0.78960071 -0.78980387 -0.7898991 -0.78994225 -0.78996144 -0.78997005 -0.7899741 -0.78997616 -0.78997731 -0.7899781 -0.78997913 -0.7899814 -0.78998605 -0.78999216 -0.78999671 -0.78999886 -0.78999963 -0.78999988 -0.78999995 -0.78999997 -0.78999998 -0.78999998 -0.78999997 -0.78999995 -0.78999986 -0.78999937 -0.78999587 -0.78996265 -0.78955116 -0.78304636 -0.66676868 0.10146677 0.42300686 0.4393902 0.43992159 0.43978647
0.072297269 0.051353254 0.027042045 -0.0011722753 -0.033849281 -0.071528955 -0.11466087 -0.16350041 -0.21797376 -0.2775282 -0.34100537 -0.40659638 -0.47194066 -0.53439863 -0.59145829 -0.64116063 -0.68240025 -0.71500575 -0.73960133 -0.75733369 -0.7695739 -0.77767543 -0.78282236 -0.78596257 -0.78780273 -0.78883833 -0.78939807 -0.78968877 -0.78983414 -0.78990446 -0.78993768 -0.78995328 -0.78996076 -0.78996454 -0.78996665 -0.78996812 -0.78996977 -0.78997276 -0.78997841 -0.78998628 -0.78999323 -0.78999724 -0.78999898 -0.78999963 -0.78999985 -0.78999992 -0.78999994 -0.78999994 -0.78999993 -0.78999989 -0.78999976 -0.78999923 -0.78999645 -0.78997825 -0.78982817 -0.78829143 -0.76932686 -0.54195104 0.20945154 0.42528744 0.43920186 0.4397914 0.43934178
0.024626986 -0.001260518 -0.030941919 -0.064865946 -0.10342875 -0.14690638 -0.19536477 -0.24855319 -0.30579927 -0.36593678 -0.42730776 -0.48787487 -0.54545181 -0.59801283 -0.6439987 -0.68252614 -0.71344197 -0.73722461 -0.7547871 -0.76725439 -0.77577275 -0.7813798 -0.78493727 -0.78711333 -0.78839663 -0.78912631 -0.78952649 -0.78973846 -0.78984722 -0.78990163 -0.78992845 -0.78994174 -0.78994855 -0.78995234 -0.78995489 -0.78995746 -0.7899614 -0.78996818 -0.78997786 -0.78998753 -0.78999414 -0.78999754 -0.78999899 -0.78999956 -0.78999977 -0.78999984 -0.78999986 -0.78999984 -0.78999977 -0.78999958 -0.78999895 -0.78999638 -0.78998377 -0.78990871 -0.78936901 -0.78474178 -0.73965613 -0.38408338 0.27391983 0.4264987 0.43891509 0.43947018 0.43809765
-0.02905518 -0.059819965 -0.094549997 -0.1335135 -0.17684347 -0.22446346 -0.27600734 -0.33074956 -0.38757015 -0.44498205 -0.50124034 -0.55453089 -0.60320505 -0.64600239 -0.68220021 -0.71165265 -0.73472131 -0.75213249 -0.76480982 -0.77372373 -0.77978135 -0.78376203 -0.7862922 -0.78784791 -0.78877329 -0.78930596 -0.78960295 -0.78976366 -0.7898484 -0.78989229 -0.7899149 -0.78992676 -0.78993337 -0.78993768 -0.78994158 -0.78994676 -0.78995489 -0.78996642 -0.78997896 -0.78998883 -0.78999471 -0.78999761 -0.78999888 -0.78999941 -0.78999961 -0.78999967 -0.78999965 -0.78999955 -0.78999927 -0.78999847 -0.78999583 -0.78998556 -0.78993845 -0.78968432 -0.78808059 -0.77644205 -0.68674762 -0.22448225 0.31316468 0.42702194 0.43845101 0.43870563 0.43495288
-0.08752226 -0.12266779 -0.1616275 -0.20442211 -0.25087434 -0.30055084 -0.35271867 -0.40633402 -0.46008104 -0.51247033 -0.56199059 -0.60728699 -0.64732543 -0.68150193 -0.70967271 -0.73210595 -0.74937791 -0.7622467 -0.77153319 -0.77802836 -0.78243366 -0.78533189 -0.78718173 -0.78832732 -0.78901584 -0.78941771 -0.78964581 -0.78977207 -0.78984058 -0.78987736 -0.78989724 -0.78990844 -0.78991557 -0.78992145 -0.78992828 -0.78993801 -0.7899515 -0.78996696 -0.78998054 -0.78998976 -0.78999491 -0.78999745 -0.78999861 -0.7899991 -0.78999928 -0.78999928 -0.78999914 -0.78999874 -0.78999772 -0.78999481 -0.78998543 -0.78995061 -0.78980201 -0.78907422 -0.78501604 -0.75990361 -0.60768859 -0.086956477 0.3378548 0.42701699 0.43765401 0.43698648 0.42801455
-0.14908154 -0.18771125 -0.22967892 -0.27474065 -0.32243155 -0.37204069 -0.42261413 -0.47299696 -0.52191848 -0.56811307 -0.6104564 -0.64808824 -0.68049437 -0.70753098 -0.7293916 -0.74653153 -0.7595722 -0.769207 -0.77612378 -0.78095092 -0.78422684 -0.78638916 -0.78777755 -0.7886449 -0.78917235 -0.78948488 -0.78966568 -0.78976816 -0.78982546 -0.78985748 -0.78987585 -0.78988737 -0.78989619 -0.78990527 -0.78991697 -0.78993259 -0.78995098 -0.7899685 -0.7899818 -0.78999014 -0.78999471 -0.789997 -0.78999806 -0.7899985 -0.78999859 -0.78999841 -0.78999786 -0.78999654 -0.7899932 -0.78998393 -0.78995497 -0.78985296 -0.78944785 -0.78764079 -0.77868494 -0.7312776 -0.50707162 0.020621106 0.35385714 0.42650276 0.43623662 0.43342989 0.41490958
-0.21177676 -0.25270856 -0.2962421 -0.34190602 -0.38902883 -0.43674984 -0.48405992 -0.52987344 -0.57312419 -0.61287009 -0.64838642 -0.67922838 -0.70525165 -0.72659026 -0.74360164 -0.75679403 -0.76675198 -0.77407198 -0.7793144 -0.78297345 -0.78546296 -0.7871143 -0.78818243 -0.78885637 -0.78927148 -0.78952143 -0.78966894 -0.78975468 -0.78980426 -0.78983336 -0.78985153 -0.78986471 -0.78987691 -0.78989113 -0.78990914 -0.78993049 -0.78995203 -0.78996994 -0.78998238 -0.78998989 -0.78999401 -0.78999609 -0.78999704 -0.78999734 -0.78999716 -0.78999644 -0.78999473 -0.78999082 -0.78998114 -0.7899549 -0.78987601 -0.78961276 -0.78863919 -0.78466965 -0.76710815 -0.68763757 -0.39564992 0.10075792 0.36439569 0.42537488 0.43372293 0.42678758 0.3939238
-0.27364129 -0.31557438 -0.35922427 -0.40396802 -0.44903546 -0.4935466 -0.53657139 -0.57720593 -0.61465362 -0.64829679 -0.67774553 -0.70285536 -0.72371303 -0.74059659 -0.75392029 -0.76417574 -0.77187857 -0.77752638 -0.78157005 -0.78439773 -0.78632935 -0.78761857 -0.78845953 -0.78899596 -0.7893309 -0.78953602 -0.78965968 -0.78973361 -0.78977813 -0.78980607 -0.7898256 -0.7898422 -0.7898597 -0.78988053 -0.78990495 -0.78993051 -0.78995332 -0.78997061 -0.78998204 -0.78998885 -0.78999259 -0.78999445 -0.78999517 -0.78999508 -0.78999418 -0.78999203 -0.78998737 -0.78997692 -0.78995163 -0.78988496 -0.78969253 -0.78908458 -0.78698707 -0.77914458 -0.74810076 -0.62837025 -0.28536809 0.15933657 0.371252 0.42339959 0.42942924 0.41570827 0.36547387
-0.33293533 -0.37462107 -0.41711252 -0.45972406 -0.50168844 -0.54220614 -0.58050596 -0.61590847 -0.64788177 -0.67608022 -0.70035997 -0.72077028 -0.73752472 -0.75095941 -0.76148649 -0.76955026 -0.77559068 -0.78001676 -0.78318989 -0.78541603 -0.78694461 -0.78797217 -0.7886487 -0.7890853 -0.78936188 -0.78953436 -0.78964083 -0.78970665 -0.78974844 -0.78977707 -0.78979983 -0.78982173 -0.78984602 -0.78987376 -0.78990332 -0.78993114 -0.78995383 -0.78997008 -0.78998055 -0.78998673 -0.78999007 -0.78999156 -0.78999173 -0.7899907 -0.78998804 -0.78998251 -0.78997095 -0.78994549 -0.78988529 -0.78973144 -0.78930577 -0.7880318 -0.78392344 -0.76980263 -0.71976922 -0.55584278 -0.18496345 0.2020159 0.37538735 0.42021166 0.42253287 0.39928435 0.33250463
-0.38831159 -0.42868638 -0.4690321 -0.50867915 -0.54693747 -0.58314495 -0.61671741 -0.64719258 -0.67426126 -0.69778105 -0.71777166 -0.73439428 -0.74791994 -0.75869289 -0.7670946 -0.77351244 -0.77831542 -0.78183771 -0.78436941 -0.7861532 -0.7873855 -0.78822048 -0.78877575 -0.78913856 -0.78937197 -0.78952048 -0.78961473 -0.78967551 -0.78971682 -0.78974814 -0.78977601 -0.78980471 -0.78983622 -0.78986987 -0.78990268 -0.78993107 -0.78995287 -0.78996795 -0.78997749 -0.78998302 -0.78998576 -0.78998649 -0.78998544 -0.78998226 -0.78997572 -0.78996279 -0.78993637 -0.78987928 -0.78974755 -0.78942178 -0.78855801 -0.78610698 -0.77870576 -0.75528698 -0.68108587 -0.47483165 -0.09864426 0.23317148 0.37726859 0.41534206 0.41226163 0.37764552 0.29911653
-0.43888539 -0.47714429 -0.51468109 -0.55089768 -0.58522215 -0.61714848 -0.64627165 -0.67231296 -0.6951323 -0.71472623 -0.73121335 -0.7448105 -0.75580392 -0.76451986 -0.77129794 -0.77646937 -0.78034118 -0.78318625 -0.78523845 -0.78669183 -0.7877027 -0.78839356 -0.78885789 -0.78916534 -0.78936654 -0.78949753 -0.78958355 -0.78964204 -0.78968507 -0.78972101 -0.78975545 -0.78979148 -0.78982946 -0.78986725 -0.78990144 -0.78992928 -0.78994981 -0.78996365 -0.78997221 -0.78997684 -0.78997852 -0.78997767 -0.78997403 -0.7899664 -0.78995185 -0.78992386 -0.78986774 -0.78974889 -0.78948168 -0.78884279 -0.7872191 -0.78284618 -0.77046503 -0.7343831 -0.63231011 -0.39103194 -0.027090612 0.25589313 0.3770541 0.40829366 0.39817271 0.35215998 0.26865465
-0.48421808 -0.51983064 -0.5541968 -0.58681971 -0.61725806 -0.64515441 -0.67025603 -0.69242585 -0.71164242 -0.72798979 -0.74163964 -0.75282869 -0.76183479 -0.76895438 -0.77448326 -0.77870186 -0.78186498 -0.78419603 -0.78588473 -0.78708762 -0.78793046 -0.78851179 -0.78890699 -0.78917249 -0.78934963 -0.78946819 -0.78954934 -0.78960804 -0.78965481 -0.78969684 -0.78973849 -0.7897813 -0.78982414 -0.78986412 -0.78989826 -0.78992487 -0.78994388 -0.78995635 -0.78996362 -0.78996679 -0.78996646 -0.7899625 -0.78995375 -0.78993739 -0.78990737 -0.78985074 -0.78973916 -0.78950782 -0.78900152 -0.78783145 -0.78497995 -0.77768417 -0.75829949 -0.70628507 -0.57505075 -0.30952785 0.030948327 0.27226592 0.37472183 0.39866386 0.3804024 0.32500699 0.24280627
-0.52424272 -0.55692683 -0.58800605 -0.61709314 -0.64387063 -0.6681082 -0.68967243 -0.70852805 -0.72473113 -0.73841573 -0.74977634 -0.75904844 -0.76648966 -0.77236289 -0.77692275 -0.78040561 -0.78302316 -0.78495912 -0.78636853 -0.78737886 -0.7880924 -0.78858941 -0.78893152 -0.78916512 -0.78932453 -0.78943479 -0.78951398 -0.78957506 -0.78962709 -0.78967591 -0.78972437 -0.78977254 -0.78981831 -0.78985882 -0.7898919 -0.7899168 -0.78993402 -0.78994472 -0.78995004 -0.78995067 -0.78994661 -0.7899368 -0.78991852 -0.78988608 -0.78982788 -0.78971994 -0.78951102 -0.78908724 -0.78818498 -0.78616947 -0.78145685 -0.76999352 -0.74140229 -0.67081204 -0.51192668 -0.23391039 0.077429504 0.28366127 0.37017825 0.3862841 0.35973406 0.29839642 0.22183755
