Interpolating SPI Data/spi_stations/interpolated_spi/4-20_3.tif
NCOLS 257
NROWS 141
XLLCORNER -178.27925
YLLCORNER 5.3153543
DX 0.49934803
DY 0.49997533
NODATA_VALUE -9999
[rows 108 to 134 of 141, columns 62 to 123 of 257]
-1.1194432 -1.0541872 -0.98791541 -0.92163425 -0.85644997 -0.79350168 -0.73388134 -0.67855124 -0.6282712 -0.58354704 -0.5446075 -0.5114116 -0.48368195 -0.46095608 -0.44264551 -0.42809341 -0.41662375 -0.40757765 -0.40033545 -0.39432443 -0.38901326 -0.38389376 -0.37844978 -0.37211129 -0.36418919 -0.3537839 -0.33965905 -0.32007437 -0.29259012 -0.25391052 -0.19996301 -0.12662666 -0.031657922 0.082195753 0.2048125 0.32064824 0.4157112 0.48394833 0.52759048 0.55301487 0.56677149 0.57378622 0.57719128 0.57877622 0.57948864 0.57980206 0.57994334 0.58002088 0.58009521 0.58022621 0.58053313 0.58134046 0.58362997 0.59054496 0.61242818 0.68176167 0.87443775 1.2255976 1.5344161 1.6658603 1.6929453 1.6659656
-1.0328842 -0.96987243 -0.90702169 -0.84529926 -0.78569244 -0.72914425 -0.67648773 -0.62838787 -0.58529942 -0.54744639 -0.51482463 -0.48722525 -0.46427292 -0.44547209 -0.43025359 -0.4180161 -0.40815823 -0.40009956 -0.39328958 -0.38720515 -0.38133634 -0.37516054 -0.36810317 -0.35948215 -0.34843135 -0.33379834 -0.3140153 -0.28695737 -0.24984362 -0.19932246 -0.13201759 -0.045889077 0.057551971 0.17124859 0.28314678 0.38055081 0.45559225 0.50737189 0.53993964 0.5589446 0.56938519 0.57484327 0.57757981 0.57890438 0.57952899 0.57982288 0.57997297 0.58007884 0.58021222 0.58047066 0.58107042 0.58258759 0.5866722 0.59823864 0.63194714 0.72728808 0.95252841 1.2917381 1.5537833 1.6612841 1.6761381 1.6294424
-0.95367074 -0.89397232 -0.83540062 -0.77881493 -0.7250342 -0.67478432 -0.62865125 -0.58704618 -0.55018707 -0.51809812 -0.49062571 -0.46746687 -0.4482051 -0.4323479 -0.4193614 -0.40869836 -0.39981748 -0.39219303 -0.3853144 -0.37867545 -0.37175324 -0.36397509 -0.35467173 -0.34301416 -0.32793147 -0.30801183 -0.28140055 -0.24573967 -0.19825139 -0.13615186 -0.057627337 0.036579599 0.14158006 0.2482102 0.3455783 0.42525016 0.48404419 0.52368607 0.54847957 0.56306395 0.57122212 0.57559787 0.57786323 0.57900343 0.57956932 0.57985841 0.5800322 0.58019108 0.58043111 0.58091383 0.58201005 0.58467387 0.59148778 0.6095927 0.65816682 0.78066641 1.0282408 1.3446842 1.5660129 1.6522699 1.6522592 1.5825435
-0.88225919 -0.82655904 -0.772712 -0.72143302 -0.67335837 -0.62900743 -0.58875364 -0.55280791 -0.52121593 -0.49386859 -0.47052291 -0.45082963 -0.43436326 -0.42065065 -0.40919515 -0.39949407 -0.3910483 -0.38336344 -0.37594199 -0.36826623 -0.35977095 -0.34980462 -0.33757776 -0.32209761 -0.30209262 -0.27593975 -0.24162975 -0.19684447 -0.13927359 -0.067324155 0.018733729 0.11553141 0.21619081 0.31171048 0.39393385 0.45828037 0.50446612 0.53524382 0.55452406 0.56600077 0.57254813 0.57615229 0.57807903 0.579089 0.5796206 0.57992237 0.5801427 0.58039423 0.58081574 0.58166926 0.58355527 0.5879566 0.59866014 0.62535311 0.69123222 0.83938253 1.0980701 1.385988 1.571912 1.6380439 1.6206428 1.5272613
-0.81861007 -0.7672522 -0.71824242 -0.67214139 -0.62941186 -0.59039419 -0.55529143 -0.52416523 -0.49694222 -0.47342915 -0.45333392 -0.43628946 -0.42187719 -0.40964753 -0.39913542 -0.38986966 -0.38137499 -0.3731667 -0.36473712 -0.35553332 -0.34492546 -0.33216501 -0.31633333 -0.29628452 -0.27059417 -0.23754152 -0.19517891 -0.1415763 -0.075343445 0.0035350576 0.092752055 0.18718678 0.27958591 0.36255102 0.43085829 0.48269673 0.51929382 0.54358589 0.55889937 0.56814573 0.57353042 0.57657344 0.57825468 0.57917618 0.57969735 0.58003505 0.58033658 0.58074112 0.58145489 0.58288762 0.5859598 0.59284537 0.60877107 0.64604207 0.73060185 0.90049073 1.1599822 1.4171674 1.5718177 1.6180105 1.5815607 1.4669529
-0.76232541 -0.71538053 -0.67107669 -0.62982801 -0.59194556 -0.55762394 -0.52693635 -0.499838 -0.47617678 -0.45570917 -0.43811903 -0.42303664 -0.41005603 -0.39874856 -0.38867158 -0.37937132 -0.37037931 -0.36120192 -0.35130255 -0.34007611 -0.32681566 -0.31067232 -0.29061246 -0.26538208 -0.23349993 -0.19331875 -0.14321538 -0.08197953 -0.0094281361 0.072871847 0.16112736 0.24959328 0.33184004 0.40256037 0.45893469 0.50086436 0.53021384 0.54972173 0.56213499 0.56974924 0.57427865 0.5769082 0.57841309 0.57928196 0.57981946 0.5802254 0.5806589 0.58130382 0.58246508 0.58475695 0.58951965 0.59977263 0.62232884 0.6718482 0.77510594 0.96115444 1.2131115 1.4394633 1.5658416 1.5919754 1.5362883 1.4054141
-0.71277927 -0.67011757 -0.63022624 -0.59339021 -0.55979526 -0.52952261 -0.50255017 -0.47875986 -0.4579494 -0.43984698 -0.42412662 -0.41042258 -0.3983411 -0.38746838 -0.37737381 -0.36760788 -0.35769433 -0.3471161 -0.33529513 -0.32156605 -0.3051453 -0.28509939 -0.26032075 -0.22952774 -0.19131796 -0.14431717 -0.087471764 -0.020504975 0.055532546 0.13784057 0.22192098 0.30234892 0.37409749 0.4338021 0.48033277 0.51451981 0.53838063 0.55431952 0.56457806 0.57097725 0.57486841 0.57719253 0.57857629 0.57942717 0.58001392 0.58053294 0.58116996 0.58217558 0.58399094 0.58749827 0.59455721 0.60915398 0.63969471 0.70256633 0.82313121 1.0190154 1.2573456 1.4538168 1.5540825 1.5602889 1.4868705 1.3459726
-0.66922574 -0.63058282 -0.59471479 -0.5617984 -0.53192007 -0.50507565 -0.48117511 -0.4600512 -0.44147066 -0.42514658 -0.4107502 -0.397921 -0.38627388 -0.37540249 -0.3648784 -0.35424526 -0.34300806 -0.33061736 -0.31644884 -0.29977985 -0.27976622 -0.25542638 -0.22564576 -0.18922264 -0.14498568 -0.092016137 -0.029989656 0.040403648 0.11710182 0.19661022 0.27444554 0.34606337 0.40791854 0.45816855 0.4967462 0.5249079 0.54458539 0.55782856 0.56646221 0.57194405 0.57535532 0.57745721 0.57876799 0.57963815 0.58031639 0.58100946 0.58194665 0.58347136 0.58620282 0.59135652 0.60139849 0.62134335 0.66102189 0.73760282 0.87286675 1.0723427 1.2929789 1.4609509 1.5367936 1.5238574 1.4356824 1.2909665
-0.63087918 -0.59590966 -0.56362923 -0.5341273 -0.50741374 -0.48342164 -0.46201342 -0.44298939 -0.42609745 -0.41104277 -0.39749629 -0.38510109 -0.37347576 -0.36221438 -0.35088246 -0.33900888 -0.32607376 -0.31149295 -0.29460043 -0.27463172 -0.25071401 -0.22187309 -0.18707262 -0.14530755 -0.095774362 -0.038129594 0.027188738 0.098666369 0.17360215 0.24834462 0.31891692 0.38184961 0.43487997 0.47723409 0.50944876 0.53291384 0.54937518 0.56055706 0.56794951 0.57273217 0.57578363 0.57773162 0.57901558 0.57994817 0.58077246 0.58171996 0.58308284 0.58532617 0.58929112 0.59658672 0.61034566 0.63658939 0.68621961 0.77604317 0.92253709 1.1200123 1.3204917 1.4614841 1.514482 1.4840168 1.3849709 1.2416645
-0.5969684 -0.56528615 -0.53614507 -0.50956587 -0.48550063 -0.46383693 -0.44440424 -0.42698148 -0.41130483 -0.39707484 -0.38396203 -0.37161014 -0.3596367 -0.34763039 -0.33514519 -0.32169128 -0.30672348 -0.28962832 -0.26971249 -0.24619736 -0.21822716 -0.18490264 -0.14535567 -0.098880934 -0.045133027 0.015626446 0.082289426 0.15277536 0.22414069 0.29298514 0.35607538 0.41096706 0.45638436 0.49224315 0.51938205 0.53916826 0.55313352 0.56272151 0.56915652 0.57340479 0.57619189 0.57804631 0.57935155 0.5803985 0.58143837 0.58274297 0.58468829 0.58789148 0.59345753 0.60343674 0.62164811 0.65500031 0.71494919 0.81676172 0.97057222 1.1613993 1.3404408 1.4560362 1.4879273 1.4423128 1.3365313 1.1984645
-0.56676977 -0.53797609 -0.51153534 -0.4874151 -0.4655243 -0.44571772 -0.4278019 -0.41154128 -0.3966642 -0.3828676 -0.36982021 -0.35716349 -0.34451011 -0.33143983 -0.31749294 -0.30216181 -0.28488166 -0.26502293 -0.24188876 -0.21472384 -0.18274316 -0.145192 -0.10144859 -0.05117567 0.0054886029 0.067737794 0.1339735 0.20183996 0.26847839 0.33097696 0.38688638 0.43461884 0.47359862 0.50415317 0.5272383 0.54412399 0.55613415 0.56447829 0.57017082 0.57401369 0.57661656 0.57843489 0.57981455 0.581039 0.58238123 0.58416967 0.58688611 0.59132934 0.59890382 0.6121281 0.63547564 0.6765227 0.74665205 0.8585453 1.0156992 1.1962539 1.3534241 1.4452993 1.4581264 1.4002653 1.291577 1.1611841
-0.53962475 -0.51332697 -0.48916957 -0.46707948 -0.44693351 -0.42856271 -0.41175729 -0.39627143 -0.38182741 -0.36811849 -0.35481013 -0.34153933 -0.32791189 -0.31349788 -0.29782566 -0.28037559 -0.26057522 -0.23779905 -0.21137738 -0.18062098 -0.14486957 -0.10357253 -0.056406335 -0.0034228876 0.054795796 0.11702455 0.18138775 0.24551118 0.30683676 0.36302914 0.41234719 0.45386024 0.48745822 0.51369152 0.53352752 0.54811032 0.55857672 0.5659442 0.57106169 0.57460441 0.57709456 0.57893519 0.58045001 0.58192821 0.58367833 0.58610211 0.58980867 0.59580475 0.60581878 0.62283687 0.65189759 0.70093776 0.78060217 0.90020549 1.0569677 1.2245954 1.3600817 1.430065 1.4261884 1.3591834 1.2507655 1.1293202
-0.51494692 -0.49076979 -0.46850759 -0.4480562 -0.42926849 -0.41195802 -0.39590302 -0.38084984 -0.36651554 -0.35258935 -0.33873254 -0.32457688 -0.30972158 -0.29372933 -0.27612228 -0.25637935 -0.2339375 -0.20820044 -0.17855969 -0.14443409 -0.10533371 -0.060951579 -0.011279577 0.043267677 0.10175353 0.16269028 0.22412384 0.28384763 0.33971144 0.38994252 0.43338217 0.46957364 0.49869827 0.52140878 0.5386283 0.55137062 0.56061068 0.56720998 0.57188713 0.57521974 0.5776649 0.57959004 0.58131024 0.58313293 0.58541578 0.58865019 0.59359224 0.60147663 0.61436482 0.63567685 0.67087048 0.72787475 0.81597184 0.94066386 1.0937332 1.2466384 1.3611053 1.4112096 1.3932155 1.3200643 1.2143118 1.1022369
-0.49222251 -0.46981458 -0.44909107 -0.42992415 -0.41214858 -0.39556482 -0.37994194 -0.36501995 -0.3505113 -0.3361012 -0.32144695 -0.30617606 -0.28988386 -0.27213115 -0.25244317 -0.23031183 -0.20520408 -0.17657998 -0.14392507 -0.10680135 -0.064919504 -0.018229942 0.032977892 0.087990367 0.145631 0.2043022 0.26212645 0.31717393 0.36772615 0.41250401 0.45079808 0.48247672 0.50789103 0.52772282 0.54282493 0.55408841 0.56235136 0.56834931 0.57269853 0.575902 0.57836965 0.58044749 0.58245411 0.58472706 0.58768624 0.59192777 0.59837054 0.60848823 0.62466517 0.65068693 0.69223573 0.75683867 0.85189905 0.97900577 1.1256203 1.2627429 1.3572388 1.3896489 1.3602009 1.2835719 1.1821248 1.0792798
-0.4710071 -0.45004388 -0.43053483 -0.41233387 -0.39526196 -0.37910952 -0.36363848 -0.34858375 -0.33365392 -0.31853111 -0.30287015 -0.28629725 -0.26840899 -0.24877245 -0.22692811 -0.20239773 -0.17469991 -0.14337677 -0.10803496 -0.068402836 -0.024402572 0.02377022 0.075574473 0.13008232 0.18599422 0.24172905 0.29558755 0.34596081 0.39153376 0.43143136 0.46527456 0.49314451 0.51548105 0.532953 0.54633412 0.55640538 0.56389085 0.56942491 0.57354383 0.57669448 0.57925447 0.58156064 0.58394618 0.58678991 0.59058601 0.59604795 0.60426778 0.61695763 0.63679323 0.66782395 0.7157273 0.7872472 0.88754717 1.0145063 1.152481 1.2733812 1.3492657 1.3662812 1.3279622 1.2500712 1.1539289 1.0598381
-0.45092065 -0.43110568 -0.41251848 -0.39499886 -0.37835718 -0.36237616 -0.34681228 -0.3313967 -0.31583555 -0.29980978 -0.28297475 -0.26496015 -0.24537098 -0.22379083 -0.19978923 -0.17293511 -0.14281892 -0.10908584 -0.071481418 -0.029908984 0.015506299 0.064357089 0.11591365 0.16912311 0.22266438 0.27506285 0.32485028 0.37073728 0.4117576 0.44735109 0.4773723 0.50203458 0.52181465 0.5373461 0.54932414 0.55843394 0.56530556 0.5704926 0.57446953 0.57764226 0.58036859 0.58298701 0.58585538 0.58940395 0.5942115 0.6011179 0.61139153 0.6269692 0.65076481 0.68696174 0.7409879 0.81847132 0.92215195 1.0466356 1.1743552 1.2791099 1.3379826 1.3419326 1.2971145 1.2196904 1.1293563 1.0433711
-0.43164182 -0.41270667 -0.39477921 -0.37768836 -0.36123643 -0.34520046 -0.32933322 -0.31336386 -0.29699822 -0.27991908 -0.26178677 -0.24224071 -0.22090293 -0.19738485 -0.17129894 -0.14227724 -0.10999835 -0.074224217 -0.034846052 0.0080639196 0.054202176 0.10299671 0.15359737 0.2049071 0.25566046 0.30454334 0.35033362 0.39203315 0.42896176 0.46079562 0.48754866 0.50951069 0.52716352 0.54109538 0.55192839 0.56026596 0.56666127 0.57160407 0.57552194 0.57879249 0.58176444 0.58478752 0.58825326 0.59265211 0.59865528 0.60723347 0.61982612 0.63856677 0.66653418 0.70789625 0.76759115 0.84987472 0.95505411 1.0750503 1.1914346 1.2805436 1.3241665 1.3173178 1.2680754 1.1923886 1.1080088 1.0294142
-0.4129023 -0.39460602 -0.37710546 -0.36022131 -0.34375006 -0.32746507 -0.31111738 -0.29443642 -0.27713071 -0.25888892 -0.23938182 -0.21826583 -0.19518929 -0.16980265 -0.14177391 -0.11081088 -0.076690961 -0.039298075 0.0013353105 0.044986417 0.0912088 0.13931814 0.18840787 0.23740152 0.28514036 0.33049491 0.37247936 0.41034591 0.44364013 0.47221023 0.4961748 0.51586287 0.53174285 0.54435478 0.55425522 0.56197887 0.56801671 0.57280865 0.57674784 0.58019427 0.58349694 0.58702514 0.59121189 0.59661474 0.60400202 0.61447408 0.62962689 0.65174894 0.68399399 0.7303559 0.79506711 0.88084847 0.98571866 1.0995772 1.2040298 1.2783261 1.3085434 1.2930179 1.2410896 1.1680151 1.0894953 1.017575
-0.39448162 -0.37660992 -0.35933155 -0.3424613 -0.325792 -0.30909542 -0.29212327 -0.27460813 -0.25626489 -0.2367929 -0.21587951 -0.19320581 -0.16845547 -0.14132793 -0.11155665 -0.078933463 -0.043338524 -0.0047745021 0.036598715 0.080434685 0.12618434 0.17310161 0.22027708 0.26670096 0.31134926 0.35327948 0.3917183 0.42612439 0.45621629 0.48196406 0.50355191 0.52132392 0.53572529 0.54724915 0.55639484 0.56363999 0.56942589 0.57415439 0.57819467 0.58189825 0.58562241 0.58976323 0.59480147 0.60136643 0.61032439 0.62289804 0.64081581 0.66646703 0.70297916 0.75401587 0.82292836 0.91083891 1.0137429 1.1201923 1.2125392 1.2731025 1.2917623 1.2694772 1.2162638 1.146357 1.0734518 1.0075221
-0.37620229 -0.35856675 -0.34133299 -0.32431216 -0.30729558 -0.29005586 -0.27234806 -0.25391133 -0.23447111 -0.21374264 -0.1914362 -0.16726481 -0.14095546 -0.11226432 -0.080996703 -0.047031507 -0.010349188 0.028939406 0.070567535 0.11409626 0.15891381 0.20425624 0.2492517 0.29298568 0.33457878 0.37326418 0.4084511 0.43976344 0.4670491 0.4903621 0.50992516 0.52608235 0.53925134 0.54988186 0.55842426 0.56530946 0.57093964 0.57568859 0.57991036 0.5839558 0.58819733 0.59306368 0.59908787 0.60697282 0.61767941 0.63253874 0.65337879 0.68262558 0.72327404 0.77851494 0.85069458 0.93936792 1.0388554 1.1369968 1.2174186 1.2654933 1.2743792 1.247012 1.1936021 1.1271717 1.059548 0.99897167
-0.35792554 -0.34036278 -0.32302237 -0.30571396 -0.28822975 -0.27034573 -0.25182345 -0.23241226 -0.21185263 -0.18988095 -0.1662363 -0.14067005 -0.11295857 -0.082919729 -0.050433012 -0.01546245 0.021919352 0.06150923 0.10295782 0.14576525 0.18929278 0.23279329 0.27545974 0.31648688 0.35513732 0.39080111 0.42303928 0.45160485 0.47644048 0.49765638 0.51549531 0.53029252 0.5424372 0.55234028 0.56041088 0.56704224 0.57260655 0.57745791 0.58194285 0.58641812 0.59127689 0.59698495 0.60413006 0.61348764 0.62610519 0.64340196 0.66726472 0.70008554 0.74462226 0.80347319 0.8779139 0.96604588 1.0609086 1.1501921 1.2191541 1.2560726 1.2568509 1.2258277 1.1730364 1.1102087 1.0474865 0.99166838
-0.33954731 -0.32191829 -0.30434544 -0.28663921 -0.26859508 -0.24999527 -0.23061104 -0.21020576 -0.1885393 -0.165374 -0.14048292 -0.11366051 -0.084736398 -0.05359194 -0.020179202 0.015459004 0.053170265 0.092678051 0.13357538 0.17533044 0.21730692 0.25879943 0.29908151 0.33746032 0.37333012 0.40621617 0.43580266 0.46194165 0.4846439 0.5040558 0.52042809 0.53408242 0.54538061 0.55469976 0.56241489 0.56888945 0.57447336 0.57950826 0.58433945 0.58933505 0.59491335 0.60158002 0.60997775 0.62095004 0.63561847 0.65546433 0.6823864 0.71866952 0.76673829 0.82850945 0.9041802 0.99057763 1.0798661 1.1600547 1.2182362 1.2453538 1.2395366 1.2060384 1.1544516 1.0952197 1.0369934 0.98535924
-0.32099464 -0.30318384 -0.28527743 -0.26708896 -0.24841975 -0.22906112 -0.20879729 -0.18740933 -0.16468046 -0.14040313 -0.11438811 -0.086476001 -0.056550986 -0.024556605 0.009487495 0.045469416 0.083171839 0.12226474 0.16230704 0.20275962 0.24301077 0.28241285 0.32032662 0.35616748 0.389447 0.41980393 0.44702055 0.47102371 0.4918722 0.5097345 0.52486162 0.53755962 0.54816516 0.55702652 0.56449101 0.57089911 0.57658515 0.58188431 0.58714595 0.59275388 0.59915451 0.60689446 0.61666915 0.62938242 0.646213 0.66867314 0.69862317 0.73816898 0.78931998 0.85325717 0.92914575 1.0127626 1.0957865 1.1669115 1.21514 1.2337803 1.2227058 1.1876868 1.1377024 1.0819615 1.0278019 0.9797552
-0.30222217 -0.28413674 -0.26581935 -0.24708896 -0.2277553 -0.20762159 -0.18648809 -0.16415687 -0.14043782 -0.11515651 -0.088163798 -0.059347392 -0.028644961 0.0039417784 0.038333265 0.07436031 0.11175655 0.15015753 0.18910858 0.22808268 0.26650806 0.30380338 0.3394167 0.37286305 0.40375561 0.43182651 0.45693504 0.47906378 0.49830466 0.51483857 0.52891223 0.54081575 0.55086349 0.55937965 0.56668954 0.57311659 0.57898513 0.58462894 0.59040569 0.59671801 0.60404208 0.61296466 0.62422919 0.63878885 0.65785876 0.68294744 0.71582507 0.75835254 0.81206104 0.87737804 0.95252916 1.0324902 1.1088055 1.1711172 1.2103083 1.2217231 1.2065488 1.1707601 1.1226231 1.0701888 1.0196253 0.97447321
-0.28320878 -0.26477754 -0.24599429 -0.22668566 -0.20667222 -0.1857717 -0.16380317 -0.14059237 -0.1159783 -0.089821472 -0.062013579 -0.032488498 -0.0012341579 0.031695662 0.066170886 0.10197774 0.13881629 0.17630468 0.21399139 0.25137564 0.28793495 0.32315717 0.35657334 0.38778737 0.4164986 0.44251483 0.46575512 0.48624309 0.504093 0.51949166 0.53267898 0.54392995 0.55353963 0.56181257 0.5690571 0.57558467 0.58171434 0.58778256 0.59415855 0.60126575 0.60961022 0.61981621 0.63266804 0.64915419 0.67050228 0.69818036 0.73381823 0.77897511 0.83466287 0.90057278 0.9741189 1.0497307 1.1191174 1.1730349 1.2041413 1.2094821 1.1911877 1.1552024 1.1090291 1.0596389 1.0121158 0.96895051
-0.26395426 -0.24512655 -0.22584368 -0.20594208 -0.18525541 -0.16361821 -0.14087056 -0.11686381 -0.091467525 -0.064577705 -0.036126055 -0.0060900091 0.025497163 0.058537157 0.092859611 0.12821875 0.16429517 0.20070392 0.23700938 0.27274646 0.30744649 0.3406653 0.37201016 0.40116238 0.42789315 0.45207099 0.47366091 0.4927164 0.50936633 0.52379922 0.53624716 0.54697135 0.55625063 0.56437393 0.57163697 0.57834348 0.58481114 0.59138231 0.59843992 0.60642904 0.61588427 0.62746273 0.64198017 0.66044384 0.68406779 0.71424243 0.75241112 0.79978702 0.85684498 0.92258881 0.99377279 1.0645243 1.1269564 1.17302 1.1969894 1.1972905 1.1766871 1.1409204 1.0967107 1.050004 1.0048046 0.96232388
-0.2444761 -0.22522034 -0.20542351 -0.18493379 -0.16359982 -0.14127478 -0.11782134 -0.093117627 -0.067064141 -0.039591676 -0.010669801 0.019684477 0.051398632 0.084338106 0.11830251 0.15302575 0.1881811 0.22339181 0.2582472 0.2923233 0.32520623 0.35651601 0.38592802 0.41318991 0.4381321 0.46067136 0.48080778 0.49861639 0.51423527 0.52785208 0.53969094 0.55000099 0.5590478 0.56710824 0.57446916 0.58143019 0.5883107 0.59546127 0.60327977 0.61223244 0.62287962 0.63590491 0.65214396 0.67260429 0.69845922 0.73098581 0.77140136 0.82054291 0.8783537 0.94322468 1.011414 1.0769682 1.1325805 1.1714077 1.1891503 1.1853197 1.1630599 1.127784 1.085417 1.0408906 0.99701821 0.95327139
