Interpolating SPI Data/spi_stations/interpolated_spi/4-20_2.tif
NCOLS 257
NROWS 141
XLLCORNER -178.27925
YLLCORNER 5.3153543
DX 0.49934803
DY 0.49997533
NODATA_VALUE -9999
[rows 0 to 26 of 141, columns 186 to 247 of 257]
-2.19 -2.19 -2.19 -2.19 -2.19 -2.19 -2.19 -2.1899171 -0.21113425 -0.21 -0.21 -0.21 -0.21 -0.21 -0.21 -0.21 -0.21 -0.21 -0.21 -0.21 -0.21 -0.21 -0.21 -0.21 -0.21 -0.20980182 0.69530536 0.72999949 0.73 0.73 0.73 0.73 0.73 0.73 0.73 0.73 0.73 0.73 0.73 0.73 0.73 0.73000008 0.73006683 0.75666346 0.80958999 0.80999823 0.80999999 0.81 0.81 0.81 0.81 0.81 0.81 0.81 0.81 0.81 0.81 0.81 0.81 0.81 0.81 0.81
-2.19 -2.19 -2.19 -2.19 -2.19 -2.19 -2.19 -2.1899536 -0.21016713 -0.21 -0.21 -0.21 -0.21 -0.21 -0.21 -0.21 -0.21 -0.21 -0.21 -0.21 -0.21 -0.21 -0.21 -0.21 -0.21 -0.20824681 0.72869525 0.72999999 0.73 0.73 0.73 0.73 0.73 0.73 0.73 0.73 0.73 0.73 0.73 0.73 0.73 0.73 0.73 0.73000031 0.73017303 0.7637749 0.80944208 0.8099949 0.80999992 0.81 0.81 0.81 0.81 0.81 0.81 0.81 0.81 0.81 0.81 0.81 0.81 0.81
-2.19 -2.19 -2.19 -2.19 -2.19 -2.19 -2.19 -2.1899688 -0.21001911 -0.21 -0.21 -0.21 -0.21 -0.21 -0.21 -0.21 -0.21 -0.21 -0.21 -0.21 -0.21 -0.21 -0.21 -0.21 -0.20999999 -0.18371932 0.72997424 0.73 0.73 0.73 0.73 0.73 0.73 0.73 0.73 0.73 0.73 0.73 0.73 0.73 0.73 0.73 0.73 0.73 0.73 0.73000164 0.73047781 0.76990707 0.80915319 0.80998417 0.8099995 0.80999997 0.81 0.81 0.81 0.81 0.81 0.81 0.81 0.81 0.81 0.81
-2.19 -2.19 -2.19 -2.19 -2.19 -2.19 -2.19 -2.1899718 -0.21000192 -0.21 -0.21 -0.21 -0.21 -0.21 -0.21 -0.21 -0.21 -0.21 -0.21 -0.21 -0.21 -0.21 -0.21 -0.21 -0.2099999 0.20870396 0.72999973 0.73 0.73 0.73 0.73 0.73 0.73 0.73 0.73 0.73 0.73 0.73 0.73 0.73 0.73 0.73 0.73 0.73 0.73 0.73 0.73 0.73000798 0.7312131 0.7743944 0.80863641 0.80994407 0.80999475 0.80999885 0.80999958 0.80999981 0.80999989 0.80999993 0.80999995 0.80999996 0.80999997 0.80999997
-2.19 -2.19 -2.19 -2.19 -2.19 -2.19 -2.19 -2.1899613 -0.21000021 -0.21 -0.21 -0.21 -0.21 -0.21 -0.21 -0.21 -0.21 -0.21 -0.21 -0.21 -0.21 -0.21 -0.21 -0.21 -0.20999851 0.70751748 0.73 0.73 0.73 0.73 0.73 0.73 0.73 0.73 0.73 0.73 0.73 0.73 0.73 0.73 0.73 0.73 0.73 0.73 0.73 0.72999999 0.72999972 0.72999118 0.72982726 0.72781946 0.71389471 0.72594736 0.79102537 0.80589875 0.80891076 0.80965401 0.80987106 0.80994446 0.80997274 0.80998495 0.80999078 0.80999381
-2.19 -2.19 -2.19 -2.19 -2.19 -2.19 -2.19 -2.189915 -0.21000003 -0.21 -0.21 -0.21 -0.21 -0.21 -0.21 -0.21 -0.21 -0.21 -0.21 -0.21 -0.21 -0.21 -0.21 -0.21 -0.20995467 0.72973608 0.73 0.73 0.73 0.73 0.73 0.73 0.73 0.73 0.73 0.73 0.73 0.73 0.73 0.73 0.73 0.73 0.73 0.73 0.73 0.72999994 0.72999606 0.72987037 0.72751281 0.70064783 0.53053777 0.12441133 -0.159682 -0.19483055 0.037678629 0.44649818 0.68911057 0.77139991 0.79650597 0.80468796 0.80764885 0.80884033
-2.19 -2.19 -2.19 -2.19 -2.19 -2.19 -2.19 -2.1897097 -0.21000011 -0.21 -0.21 -0.21 -0.21 -0.21 -0.21 -0.21 -0.21 -0.21 -0.21 -0.21 -0.21 -0.21 -0.21 -0.21 -0.20752768 0.72999798 0.73 0.73 0.73 0.73 0.73 0.73 0.73 0.73 0.73 0.73 0.73 0.73 0.73 0.73 0.73 0.73 0.73 0.73 0.72999999 0.72999836 0.72989651 0.72675148 0.67594319 0.3451638 -0.11303115 -0.27067398 -0.30631701 -0.31527512 -0.31778905 -0.31724229 -0.30905735 -0.27053223 -0.14030241 0.13513888 0.44479369 0.64201239
-2.19 -2.19 -2.19 -2.19 -2.19 -2.19 -2.1899985 -1.7925996 -0.70450613 -0.21000002 -0.21 -0.21 -0.21 -0.21 -0.21 -0.21 -0.21 -0.21 -0.21 -0.21 -0.21 -0.21 -0.21 -0.21 -0.03900912 0.72999999 0.73 0.73 0.73 0.73 0.73 0.73 0.73 0.73 0.73 0.73 0.73 0.73 0.73 0.73 0.73 0.73 0.73 0.73 0.72999935 0.72990619 0.72459736 0.60078894 0.026072386 -0.26356761 -0.30959458 -0.31739193 -0.31913911 -0.3196431 -0.3198216 -0.31989472 -0.31991785 -0.31985298 -0.31939391 -0.317184 -0.30835656 -0.2787944
-2.19 -2.19 -2.19 -2.19 -2.19 -2.1899983 -1.7900784 -1.79 -1.79 -1.696411 -0.21000001 -0.21 -0.21 -0.21 -0.21 -0.21 -0.21 -0.21 -0.21 -0.21 -0.21 -0.21 -0.21 -0.20999995 0.69088855 0.73 0.73 0.73 0.73 0.73 0.73 0.73 0.73 0.73 0.73 0.73 0.73 0.73 0.73 0.73 0.73 0.73 0.73 0.72999974 0.72989223 0.71689993 0.34537099 -0.23832869 -0.31182433 -0.31871474 -0.31969615 -0.31990018 -0.31995736 -0.31997755 -0.31998604 -0.31999009 -0.31999215 -0.31999306 -0.31999204 -0.31998207 -0.31992672 -0.31967164
-2.19 -2.19 -2.19 -2.19 -2.1899898 -1.7900016 -1.79 -1.79 -1.79 -1.79 -1.789392 -0.21000012 -0.21 -0.21 -0.21 -0.21 -0.21 -0.21 -0.21 -0.21 -0.21 -0.21 -0.21 -0.20999358 0.72958125 0.73 0.73 0.73 0.73 0.73 0.73 0.73 0.73 0.73 0.73 0.73 0.73 0.73 0.73 0.73 0.73 0.73 0.72999988 0.72980958 0.67371447 -0.13866797 -0.31274228 -0.31944937 -0.31992143 -0.3199816 -0.31999367 -0.31999706 -0.31999829 -0.3199988 -0.31999904 -0.31999915 -0.31999917 -0.31999915 -0.31999907 -0.31999891 -0.31999836 -0.31999578
-2.19 -2.19 -2.19 -2.1897733 -1.7900001 -1.79 -1.79 -1.79 -1.79 -1.79 -1.79 -1.789997 -0.21001785 -0.21 -0.21 -0.21 -0.21 -0.21 -0.21 -0.21 -0.21 -0.21 -0.21 -0.20919027 0.72999406 0.73 0.73 0.73 0.73 0.73 0.73 0.73 0.73 0.73 0.73 0.73 0.73 0.73 0.73 0.73 0.73 0.72999992 0.72927443 0.30846614 -0.31092869 -0.31979392 -0.31998693 -0.31999818 -0.31999954 -0.31999982 -0.3199999 -0.31999993 -0.31999994 -0.31999994 -0.31999994 -0.31999993 -0.31999992 -0.3199999 -0.31999987 -0.31999983 -0.31999977 -0.31999967
-2.19 -2.19 -2.1838621 -1.79 -1.79 -1.79 -1.79 -1.79 -1.79 -1.79 -1.79 -1.79 -1.7899999 -0.21506088 -0.21 -0.21 -0.21 -0.21 -0.21 -0.21 -0.21 -0.21 -0.21 -0.13819806 0.72999986 0.73 0.73 0.73 0.73 0.73 0.73 0.73 0.73 0.73 0.73 0.73 0.73 0.73 0.73 0.73 0.72999985 0.71948858 -0.29274714 -0.31992469 -0.31999882 -0.31999993 -0.31999999 -0.32 -0.32 -0.32 -0.32 -0.32 -0.32 -0.32 -0.32 -0.31999999 -0.31999999 -0.31999999 -0.31999998 -0.31999997 -0.31999996 -0.31999993
-2.1899999 -2.118516 -1.7900001 -1.79 -1.79 -1.79 -1.79 -1.79 -1.79 -1.79 -1.79 -1.79 -1.79 -1.7899999 -0.53078379 -0.21000039 -0.21 -0.21 -0.21 -0.21 -0.21 -0.21 -0.2099997 0.57288279 0.72999999 0.73 0.73 0.73 0.73 0.73 0.73 0.73 0.73 0.73 0.73 0.73 0.73 0.73 0.73 0.72999795 0.11835168 -0.31995627 -0.31999995 -0.32 -0.32 -0.32 -0.32 -0.32 -0.32 -0.32 -0.32 -0.32 -0.32 -0.32 -0.32 -0.32 -0.32 -0.32 -0.32 -0.32 -0.31999999 -0.31999999
-1.9666487 -1.7900003 -1.79 -1.79 -1.79 -1.79 -1.79 -1.79 -1.79 -1.79 -1.79 -1.79 -1.79 -1.79 -1.7899998 -1.4671307 -0.21011919 -0.21000005 -0.21 -0.21 -0.21 -0.21 -0.20996557 0.72447002 0.73 0.73 0.73 0.73 0.73 0.73 0.73 0.73 0.73 0.73 0.73 0.73 0.73 0.73 0.72924763 -0.31981093 -0.32 -0.32 -0.32 -0.32 -0.32 -0.32 -0.32 -0.32 -0.32 -0.32 -0.32 -0.32 -0.32 -0.32 -0.32 -0.32 -0.32 -0.32 -0.32 -0.32 -0.32 -0.32
-1.790002 -1.79 -1.79 -1.79 -1.79 -1.79 -1.79 -1.79 -1.79 -1.79 -1.79 -1.79 -1.79 -1.79 -1.79 -1.7899989 -1.7045727 -0.21529829 -0.21000975 -0.21000011 -0.21 -0.21 -0.20784869 0.72969805 0.73 0.73 0.73 0.73 0.73 0.73 0.73 0.73 0.73 0.73 0.73 0.73 0.72999999 -0.2416094 -0.32 -0.32 -0.32 -0.32 -0.32 -0.32 -0.32 -0.32 -0.32 -0.32 -0.32 -0.32 -0.32 -0.32 -0.32 -0.32 -0.32 -0.32 -0.32 -0.32 -0.32 -0.32 -0.32 -0.32
-1.7899999 -1.79 -1.79 -1.79 -1.79 -1.79 -1.79 -1.79 -1.79 -1.79 -1.79 -1.79 -1.79 -1.79 -1.79 -1.79 -1.7899938 -1.7486003 -0.27158298 -0.21036469 -0.21017786 -0.21785505 -0.34190682 0.72967467 0.72999999 0.73 0.73 0.73 0.73 0.73 0.73 0.73 0.73 0.73 0.73 0.72832709 -0.31999912 -0.32 -0.32 -0.32 -0.32 -0.32 -0.32 -0.32 -0.32 -0.32 -0.32 -0.32 -0.32 -0.32 -0.32 -0.32 -0.32 -0.32 -0.32 -0.32 -0.32 -0.32 -0.32 -0.32 -0.32 -0.32
-1.7899906 -1.79 -1.79 -1.79 -1.79 -1.79 -1.79 -1.79 -1.79 -1.79 -1.79 -1.79 -1.79 -1.79 -1.79 -1.79 -1.79 -1.789971 -1.7437678 -1.2272171 -1.2395123 -1.2399753 -1.240001 -1.139757 0.72918359 0.72999999 0.73 0.73 0.73 0.73 0.73 0.73 0.73 0.72998612 -0.29464572 -0.32 -0.32 -0.32 -0.32 -0.32 -0.32 -0.32 -0.32 -0.32 -0.32 -0.32 -0.32 -0.32 -0.32 -0.32 -0.32 -0.32 -0.32 -0.32 -0.32 -0.32 -0.32 -0.32 -0.32 -0.32 -0.32 -0.32
-1.7722645 -1.79 -1.79 -1.79 -1.79 -1.79 -1.79 -1.79 -1.79 -1.79 -1.79 -1.79 -1.79 -1.79 -1.79 -1.79 -1.7899996 -1.7154185 -1.2400878 -1.24 -1.24 -1.2400001 -1.2400045 -1.2401622 -1.2313793 0.72592517 0.72999988 0.73 0.73 0.73 0.72999998 0.72999047 0.65430634 -0.31995572 -0.32 -0.32 -0.32 -0.32 -0.32 -0.32 -0.32 -0.32 -0.32 -0.32 -0.32 -0.32 -0.32 -0.32 -0.32 -0.32 -0.32 -0.32 -0.32 -0.32 -0.32 -0.32 -0.32 -0.32 -0.32 -0.32 -0.32 -0.31999994
-0.57945972 -1.79 -1.79 -1.79 -1.79 -1.79 -1.79 -1.79 -1.79 -1.79 -1.79 -1.79 -1.79 -1.79 -1.79 -1.789999 -1.4755917 -1.2400025 -1.24 -1.24 -1.24 -1.24 -1.2400022 -1.2401623 -1.2499412 -1.5207169 0.38723182 0.72995647 0.72999936 0.72997001 0.72267831 -0.25524601 -0.31999803 -0.32 -0.32 -0.32 -0.32 -0.32 -0.32 -0.32 -0.32 -0.32 -0.32 -0.32 -0.32 -0.32 -0.32 -0.32 -0.32 -0.32 -0.32 -0.32 -0.32 -0.32 -0.32 -0.32 -0.32 -0.32 -0.32 -0.32 -0.31999992 -0.31999857
-0.53005487 -1.7899077 -1.79 -1.79 -1.79 -1.79 -1.79 -1.79 -1.79 -1.79 -1.79 -1.79 -1.79 -1.79 -1.7899943 -1.2677835 -1.24 -1.24 -1.24 -1.24 -1.24 -1.24 -1.240001 -1.240199 -1.2675657 -1.8453161 -2.0528966 -2.0413124 0.68192361 0.39416169 -0.31655614 -0.31999934 -0.32 -0.32 -0.32 -0.32 -0.32 -0.32 -0.32 -0.32 -0.32 -0.32 -0.32 -0.32 -0.32 -0.32 -0.32 -0.32 -0.32 -0.32 -0.32 -0.32 -0.32 -0.32 -0.32 -0.32 -0.32 -0.32 -0.32 -0.31999985 -0.31999673 -0.31994996
-0.53000015 -1.6936464 -1.79 -1.79 -1.79 -1.79 -1.79 -1.79 -1.79 -1.79 -1.79 -1.79 -1.79 -1.7899272 -1.2416345 -1.24 -1.24 -1.24 -1.24 -1.24 -1.24 -1.24 -1.2400005 -1.2403475 -1.3639403 -2.0342505 -2.0595823 -2.0599826 -2.0599335 -0.34326922 -0.31999936 -0.32 -0.32 -0.32 -0.32 -0.32 -0.32 -0.32 -0.32 -0.32 -0.32 -0.32 -0.32 -0.32 -0.32 -0.32 -0.32 -0.32 -0.32 -0.32 -0.32 -0.32 -0.32 -0.32 -0.32 -0.32 -0.32 -0.31999999 -0.31999963 -0.31999008 -0.31981891 -0.31766977
-0.53 -0.56498113 -1.7899955 -1.79 -1.79 -1.79 -1.79 -1.79 -1.79 -1.79 -1.79 -1.79 -1.7885982 -1.2401104 -1.24 -1.24 -1.24 -1.24 -1.24 -1.24 -1.24 -1.24 -1.2400002 -1.2411229 -1.8106393 -2.0591324 -2.0599909 -2.0599996 -2.06 -2.0512292 -0.32002337 -0.32 -0.32 -0.32 -0.32 -0.32 -0.32 -0.32 -0.32 -0.32 -0.32 -0.32 -0.32 -0.32 -0.32 -0.32 -0.32 -0.32 -0.32 -0.32 -0.32 -0.32 -0.32 -0.32 -0.32 -0.32 -0.31999998 -0.3199987 -0.31995686 -0.31906379 -0.30703613 -0.24229073
-0.53 -0.53024547 -1.7875703 -1.79 -1.79 -1.79 -1.79 -1.79 -1.79 -1.79 -1.7899999 -1.7651382 -1.2400134 -1.24 -1.24 -1.24 -1.24 -1.24 -1.24 -1.24 -1.24 -1.24 -1.2400002 -1.2506747 -2.0535427 -2.0599937 -2.0599999 -2.06 -2.06 -2.0599998 -0.75645625 -0.32000001 -0.32 -0.32 -0.32 -0.32 -0.32 -0.32 -0.32 -0.32 -0.32 -0.32 -0.32 -0.32 -0.32 -0.32 -0.32 -0.32 -0.32 -0.32 -0.32 -0.32 -0.32 -0.32 -0.32 -0.3199999 -0.3199929 -0.31970671 -0.3127218 -0.24817953 -0.175098 -0.16194265
-0.53 -0.53000469 -1.4541025 -1.7899983 -1.79 -1.79 -1.79 -1.79 -1.79 -1.7899934 -1.5863677 -1.2400036 -1.24 -1.24 -1.24 -1.24 -1.24 -1.24 -1.24 -1.24 -1.24 -1.24 -1.2400003 -1.6289226 -2.0599884 -2.06 -2.06 -2.06 -2.06 -2.06 -2.0599037 -0.3204766 -0.32 -0.32 -0.32 -0.32 -0.32 -0.32 -0.32 -0.32 -0.32 -0.32 -0.32 -0.32 -0.32 -0.32 -0.32 -0.32 -0.32 -0.32 -0.32 -0.32 -0.32 -0.32 -0.31999925 -0.31993212 -0.31660016 -0.25617158 -0.17160045 -0.1609725 -0.16010993 -0.16001609
-0.53 -0.53000023 -0.57729033 -1.7896455 -1.79 -1.79 -1.79 -1.7899999 -1.7898153 -1.3463138 -1.240002 -1.24 -1.24 -1.24 -1.24 -1.24 -1.24 -1.24 -1.24 -1.24 -1.24 -1.24 -1.2400052 -2.0596297 -2.06 -2.06 -2.06 -2.06 -2.06 -2.06 -2.06 -1.9633358 -0.32000043 -0.32 -0.32 -0.32 -0.32 -0.32 -0.32 -0.32 -0.32 -0.32 -0.32 -0.32 -0.32 -0.32 -0.32 -0.32 -0.32 -0.32 -0.32 -0.32 -0.31999995 -0.31998887 -0.31872313 -0.26657829 -0.16851227 -0.16041921 -0.16003088 -0.16000338 -0.16000043 -0.15999899
-0.53 -0.53000002 -0.53165241 -1.7611679 -1.7899965 -1.7899687 -1.7887602 -1.7134564 -1.3376764 -1.2428679 -1.2400092 -1.24 -1.24 -1.24 -1.24 -1.24 -1.24 -1.24 -1.24 -1.24 -1.24 -1.24 -1.2514686 -2.06 -2.06 -2.06 -2.06 -2.06 -2.06 -2.06 -2.06 -2.0599981 -0.3479584 -0.32 -0.32 -0.32 -0.32 -0.32 -0.32 -0.32 -0.32 -0.32 -0.32 -0.32 -0.32 -0.32 -0.32 -0.32 -0.32 -0.32 -0.32 -0.31999869 -0.31961985 -0.2790695 -0.16600413 -0.16015365 -0.1600066 -0.16000047 -0.16000005 -0.16 -0.1599999 -0.15999858
-0.53 -0.53000001 -0.53011667 -1.209597 -1.6052503 -1.3891918 -1.3800941 -1.3799925 -1.3798826 -1.3751424 -1.258674 -1.2400178 -1.24 -1.24 -1.24 -1.24 -1.24 -1.24 -1.24 -1.24 -1.24 -1.24 -2.0599994 -2.06 -2.06 -2.06 -2.06 -2.06 -2.06 -2.06 -2.06 -2.06 -2.0569443 -0.32006239 -0.32 -0.32 -0.32 -0.32 -0.32 -0.32 -0.32 -0.32 -0.32 -0.32 -0.32 -0.32 -0.32 -0.32 -0.32 -0.31999987 -0.31990674 -0.29209736 -0.164173 -0.16004855 -0.16000106 -0.16000004 -0.16 -0.16 -0.16 -0.15999999 -0.15999989 -0.15999797
