Interpolating SPI Data/spi_stations/interpolated_spi/4-21_1.tif
NCOLS 257
NROWS 141
XLLCORNER -178.27925
YLLCORNER 5.3153543
DX 0.49934803
DY 0.49997533
NODATA_VALUE -9999
[rows 81 to 107 of 141, columns 0 to 61 of 257]
0.97796772 0.96325846 0.94733443 0.93010995 0.91149869 0.89141562 0.86977951 0.84651613 0.82156212 0.79486971 0.76641206 0.73618928 0.70423483 0.67062195 0.63546966 0.59894754 0.56127876 0.52274029 0.48365967 0.44440787 0.40538789 0.36701956 0.32972138 0.29389087 0.25988508 0.22800346 0.19847448 0.17144758 0.14699084 0.12509423 0.10567775 0.088603021 0.073686998 0.060716204 0.049460341 0.039684316 0.031158145 0.023664477 0.017003798 0.010997512 0.0054892338 0.00034464044 -0.0045497391 -0.0092884918 -0.013949771 -0.01859803 -0.023286912 -0.028062229 -0.032965083 -0.038035237 -0.043315049 -0.048854504 -0.054718318 -0.060996931 -0.06782478 -0.075412502 -0.084106311 -0.094501763 -0.10766858 -0.12560482 -0.152159 -0.19484203
0.93774072 0.92112606 0.90323171 0.88398307 0.86330882 0.8411435 0.81743064 0.79212653 0.76520448 0.73665968 0.7065143 0.67482282 0.64167701 0.60721027 0.57160071 0.53507233 0.49789374 0.46037394 0.42285481 0.38570043 0.34928352 0.31397 0.28010273 0.24798594 0.21787171 0.18994985 0.16434202 0.1411004 0.12021078 0.10159947 0.085142876 0.070678782 0.05801812 0.046956284 0.037283264 0.028792116 0.02128557 0.014580737 0.0085120718 0.0029328012 -0.0022848998 -0.0072507147 -0.012057722 -0.016784447 -0.021497279 -0.026253157 -0.031102512 -0.036092554 -0.041271134 -0.046691625 -0.052419656 -0.058543197 -0.065188743 -0.072548797 -0.080930577 -0.090845437 -0.10317767 -0.11950946 -0.14274989 -0.17832514 -0.23623436 -0.33366153
0.89498979 0.87652581 0.85675028 0.83560531 0.81304047 0.78901585 0.76350548 0.7365012 0.70801686 0.67809263 0.64679918 0.6142415 0.5805618 0.54594121 0.51059966 0.47479361 0.43881132 0.40296544 0.36758324 0.3329948 0.29951985 0.26745453 0.23705876 0.20854569 0.18207392 0.15774319 0.13559372 0.11560903 0.097721721 0.081821481 0.06776437 0.055382583 0.044493908 0.034910281 0.026445068 0.01891885 0.012163676 0.0060258601 0.00036747143 -0.0049332769 -0.0099825418 -0.014872072 -0.019680979 -0.024477955 -0.02932389 -0.034274934 -0.039386196 -0.044716419 -0.050334349 -0.056328022 -0.062819197 -0.069987001 -0.078108301 -0.087628907 -0.099292441 -0.11437769 -0.13513835 -0.16560443 -0.21294923 -0.28939486 -0.4132127 -0.60320866
0.85012635 0.82993183 0.80843169 0.78558951 0.76138036 0.73579393 0.70883791 0.68054154 0.65095913 0.62017327 0.58829761 0.55547862 0.52189622 0.48776279 0.45332027 0.41883527 0.3845921 0.35088395 0.31800268 0.2862278 0.25581553 0.22698869 0.19992834 0.17476782 0.15158949 0.13042457 0.11125556 0.094021193 0.078623017 0.064933122 0.052802259 0.042067764 0.032560816 0.024112691 0.01655984 0.0097477017 0.0035333099 -0.0022132211 -0.0076081891 -0.012754629 -0.017743331 -0.02265446 -0.0275597 -0.03252497 -0.037613828 -0.042891862 -0.048432648 -0.054326275 -0.060692252 -0.067699973 -0.075602451 -0.084793666 -0.095908369 -0.10999864 -0.12884809 -0.15552411 -0.19530166 -0.25700398 -0.35418757 -0.50355091 -0.71469988 -0.9696834
0.80363899 0.78189233 0.75888564 0.73460726 0.70906037 0.68226586 0.65426528 0.6251236 0.59493164 0.5638079 0.53189955 0.49938219 0.46645826 0.43335394 0.40031422 0.36759657 0.33546306 0.30417163 0.27396686 0.24507097 0.21767565 0.19193547 0.16796316 0.14582732 0.12555231 0.10712053 0.090476471 0.075532257 0.062174032 0.050268751 0.039670834 0.030228336 0.021788329 0.014201338 0.0073247501 0.0010252053 -0.0048199838 -0.010322286 -0.015582188 -0.020690128 -0.025728083 -0.030771811 -0.035893855 -0.041167549 -0.04667249 -0.052502317 -0.058776221 -0.065656722 -0.073378047 -0.082292752 -0.092950013 -0.10622909 -0.12356818 -0.14735322 -0.18155352 -0.23265785 -0.31068653 -0.42907085 -0.60013736 -0.82243577 -1.066459 -1.2828444
0.75607025 0.73300138 0.7087564 0.6833498 0.65681318 0.62919756 0.60057556 0.5710431 0.54072052 0.50975292 0.47830935 0.44658094 0.41477757 0.38312333 0.35185066 0.32119355 0.29138001 0.26262435 0.23511983 0.209032 0.18449343 0.16160005 0.14040939 0.12094066 0.10317667 0.087067292 0.072534009 0.059475286 0.047772222 0.037294166 0.027903963 0.019462579 0.011832973 0.0048831113 -0.0015118776 -0.0074683992 -0.013093888 -0.018487056 -0.023738858 -0.028934193 -0.034154421 -0.03948089 -0.044999858 -0.050809494 -0.057030107 -0.063819587 -0.071397392 -0.080082755 -0.090356786 -0.1029648 -0.11908592 -0.14061211 -0.17059364 -0.21389558 -0.27798051 -0.3732562 -0.51128926 -0.69798118 -0.92166611 -1.1476906 -1.3352602 -1.463995
0.70798885 0.68386701 0.6586869 0.63248849 0.60532983 0.57728857 0.54846317 0.51897346 0.48896044 0.45858516 0.42802665 0.39747864 0.36714535 0.33723625 0.30796012 0.27951866 0.25210004 0.22587278 0.20098043 0.17753725 0.15562536 0.13529336 0.11655654 0.099398466 0.083773908 0.069612633 0.056823866 0.045301042 0.034926535 0.025576112 0.01712291 0.0094407869 0.0024069615 -0.004096091 -0.010179504 -0.015947629 -0.021498401 -0.026924456 -0.032315113 -0.037759356 -0.043350153 -0.049190658 -0.055403231 -0.062142822 -0.069617299 -0.078118966 -0.088074294 -0.10012337 -0.11524753 -0.13497317 -0.16168946 -0.19911329 -0.25287265 -0.33094344 -0.44307173 -0.5973841 -0.792649 -1.0098089 -1.2145853 -1.3762645 -1.4846427 -1.5481829
0.65996045 0.63507915 0.60928443 0.58263919 0.555224 0.5271378 0.49849809 0.46944037 0.44011681 0.41069407 0.38135027 0.35227104 0.32364491 0.29565819 0.26848951 0.24230441 0.21725034 0.19345222 0.17100899 0.14999135 0.13044067 0.11236919 0.095761422 0.080576547 0.066751601 0.05420519 0.042841469 0.032554128 0.023230171 0.014753314 0.0070068542 -0.00012404729 -0.0067507598 -0.012980265 -0.018914963 -0.024653249 -0.030290931 -0.035923648 -0.041650549 -0.047579691 -0.053835902 -0.060572347 -0.067987761 -0.076352572 -0.086049048 -0.097633667 -0.11193447 -0.13020236 -0.15434139 -0.1872422 -0.23321135 -0.29836934 -0.39057234 -0.51783054 -0.6838304 -0.88089316 -1.086114 -1.2691233 -1.4084764 -1.5006271 -1.5549624 -1.5842513
0.61251979 0.58718075 0.56109166 0.53433425 0.50700636 0.47922186 0.45110978 0.42281298 0.3944859 0.36629176 0.33839901 0.31097726 0.28419284 0.25820415 0.2331572 0.20918134 0.18638571 0.16485638 0.14465453 0.12581558 0.1083494 0.092241488 0.077454944 0.063933137 0.051602802 0.040377358 0.030160268 0.020848221 0.012334013 0.0045089765 -0.0027351086 -0.009504713 -0.015903915 -0.022034481 -0.027996767 -0.033891569 -0.039823161 -0.045903905 -0.052261023 -0.059046522 -0.066451799 -0.074729349 -0.084225392 -0.095429299 -0.10904877 -0.12612372 -0.14819583 -0.17755077 -0.21753385 -0.27287692 -0.34980518 -0.4553532 -0.59493535 -0.76757927 -0.9608119 -1.1510594 -1.3134304 -1.433966 -1.5131706 -1.5603028 -1.5862214 -1.5995749
0.56614711 0.54064491 0.51456539 0.48800413 0.4610704 0.43388626 0.40658509 0.3793095 0.35220874 0.32543548 0.29914229 0.27347777 0.24858264 0.22458594 0.20160151 0.17972503 0.15903168 0.13957463 0.12138437 0.10446887 0.088814557 0.074387956 0.061137902 0.048998109 0.037889937 0.027725198 0.01840882 0.0098412497 0.0019204708 -0.0054564643 -0.012392466 -0.018990095 -0.025351999 -0.03158225 -0.037788766 -0.044087165 -0.050606523 -0.057497827 -0.064946314 -0.073189546 -0.082544047 -0.093444796 -0.10650389 -0.1225974 -0.14299192 -0.16952288 -0.20482762 -0.25260266 -0.31776215 -0.40618198 -0.52343621 -0.67187348 -0.84637067 -1.0316708 -1.2057819 -1.3494606 -1.4543204 -1.523149 -1.5645777 -1.5878237 -1.6001157 -1.6062682
0.52125056 0.49585933 0.47006416 0.44396915 0.41768909 0.39134802 0.36507727 0.33901308 0.31329374 0.2880565 0.26343428 0.23955227 0.2165248 0.19445232 0.17341898 0.15349068 0.13471381 0.11711469 0.10069969 0.085456058 0.071353251 0.05834475 0.046370186 0.035357634 0.02522593 0.015886867 0.0072471654 -0.00078992408 -0.008323462 -0.015454226 -0.022284781 -0.028920364 -0.035470754 -0.042053423 -0.048798368 -0.055855251 -0.063403778 -0.071668754 -0.080941909 -0.091613654 -0.10421929 -0.11950599 -0.13852849 -0.16278196 -0.19437549 -0.2362307 -0.29223906 -0.36720161 -0.46619651 -0.59287904 -0.74650921 -0.91880389 -1.0935766 -1.2516673 -1.378877 -1.4707391 -1.5311952 -1.5680547 -1.5891552 -1.6005951 -1.6064884 -1.6093644
0.47815549 0.45311872 0.42784441 0.40244003 0.37702056 0.35170669 0.32662262 0.3018936 0.27764315 0.25399027 0.23104656 0.20891349 0.18767995 0.16742013 0.14819196 0.130036 0.11297499 0.097013902 0.082140635 0.068327067 0.055530549 0.043695641 0.032755983 0.022636178 0.013253573 0.004519801 -0.003658003 -0.011376448 -0.018735693 -0.025839965 -0.032798962 -0.039730376 -0.046763894 -0.054047179 -0.061754564 -0.070099571 -0.079352839 -0.089867797 -0.10211734 -0.116746 -0.13464315 -0.1570432 -0.18565579 -0.22281823 -0.27163326 -0.33599238 -0.4202751 -0.52839148 -0.66186924 -0.81724122 -0.98423585 -1.1471496 -1.2901027 -1.4030374 -1.4841246 -1.537771 -1.5709291 -1.5902879 -1.6010385 -1.6067315 -1.6095987 -1.6109588
0.43710042 0.41262423 0.38806385 0.36352559 0.33912018 0.31496078 0.29116078 0.26783144 0.24507942 0.22300432 0.20169639 0.18123444 0.16168403 0.14309616 0.12550633 0.10893411 0.093383203 0.078841912 0.065284045 0.052670079 0.040948561 0.030057605 0.019926385 0.01047652 0.0016232207 -0.0067239002 -0.014660478 -0.022287651 -0.029713075 -0.037052921 -0.044435153 -0.052004492 -0.05992967 -0.068413817 -0.077709212 -0.088138112 -0.10012206 -0.11422287 -0.13119921 -0.15208298 -0.1782779 -0.21167649 -0.25477437 -0.31072439 -0.38320647 -0.47590066 -0.59131065 -0.72888281 -0.8830313 -1.0425987 -1.1932635 -1.3223525 -1.4230246 -1.4951561 -1.5432173 -1.5733451 -1.5912758 -1.6014656 -1.6070061 -1.6098829 -1.6112996 -1.6119524
0.39823887 0.37448855 0.35079008 0.32724493 0.30395612 0.28102634 0.25855585 0.23664034 0.21536884 0.19482172 0.17506897 0.15616858 0.13816549 0.12109072 0.10496097 0.089778683 0.075532333 0.062197145 0.049736001 0.038100535 0.027232288 0.017063849 0.0075198583 -0.001482229 -0.010031736 -0.018224847 -0.026165337 -0.033966138 -0.041752005 -0.049663611 -0.057863577 -0.066545074 -0.07594396 -0.086355738 -0.098159098 -0.11184835 -0.12807757 -0.14771938 -0.17194031 -0.20229081 -0.24079765 -0.29002496 -0.35302951 -0.43307746 -0.53293907 -0.65362851 -0.79276403 -0.94334299 -1.0942075 -1.2328692 -1.3495098 -1.4396917 -1.5043474 -1.5477883 -1.5754107 -1.59216 -1.6018915 -1.6073191 -1.6102216 -1.6117041 -1.6124235 -1.6127559
0.3616455 0.338745 0.31601253 0.29354189 0.27142606 0.24975544 0.22861593 0.2080872 0.18824091 0.16913923 0.15083351 0.13336328 0.1167555 0.10102427 0.086170669 0.072183078 0.059037628 0.046698904 0.035120756 0.024247146 0.014012949 0.0043446013 -0.0048395223 -0.013629106 -0.022122427 -0.030427593 -0.038664704 -0.046969228 -0.055496988 -0.064431286 -0.073992886 -0.084453854 -0.096156552 -0.10953947 -0.12517192 -0.14379973 -0.16640329 -0.19426718 -0.22905393 -0.27286172 -0.32822101 -0.39794696 -0.48472339 -0.5902908 -0.71423707 -0.85273521 -0.99803544 -1.1395979 -1.2668904 -1.3724911 -1.4537073 -1.5120888 -1.5516756 -1.5772076 -1.5929718 -1.6023278 -1.6076749 -1.6106174 -1.6121747 -1.6129687 -1.6133658 -1.6135752
0.3273251 0.30535872 0.28365559 0.26229993 0.24137325 0.22095274 0.20110969 0.18190803 0.163403 0.14563998 0.12865363 0.11246725 0.097092366 0.082528655 0.068764062 0.055775121 0.043527433 0.031976217 0.02106688 0.010735484 0.00090905432 -0.0084944226 -0.017566413 -0.026408836 -0.035135828 -0.043876533 -0.052779223 -0.062017193 -0.071796984 -0.082369691 -0.094046352 -0.10721863 -0.12238627 -0.14019289 -0.1614711 -0.18729658 -0.21904669 -0.25845123 -0.30760736 -0.36890702 -0.44479438 -0.53725386 -0.64697173 -0.77228646 -0.90835786 -1.0472485 -1.1794054 -1.2961689 -1.3920501 -1.4655944 -1.518679 -1.5550245 -1.5787976 -1.5937344 -1.6027823 -1.6080763 -1.6110711 -1.6127115 -1.613588 -1.6140577 -1.6143308 -1.6145287
0.295223 0.27423855 0.25359166 0.23335584 0.21360045 0.1943893 0.17577937 0.15781968 0.14055023 0.12400125 0.10819256 0.093133204 0.078821291 0.065243999 0.052377751 0.040188487 0.028631981 0.017654124 0.007191102 -0.0028306518 -0.012494825 -0.021896065 -0.03114145 -0.040352802 -0.049670111 -0.059256412 -0.06930457 -0.080046539 -0.091765866 -0.10481433 -0.11963384 -0.13678457 -0.1569804 -0.1811311 -0.2103889 -0.24619135 -0.29028331 -0.34468499 -0.41155236 -0.49285821 -0.58983032 -0.70216111 -0.82718633 -0.95946866 -1.0913006 -1.214286 -1.3214433 -1.4088006 -1.4757628 -1.5243477 -1.5579461 -1.5802273 -1.5944649 -1.60326 -1.6085237 -1.6115815 -1.6133124 -1.6142785 -1.6148283 -1.6151727 -1.615437 -1.615696
0.26523552 0.24524825 0.22565281 0.20651147 0.18788131 0.16981304 0.15235004 0.13552741 0.11937122 0.103898 0.089114291 0.07501645 0.061590536 0.048812348 0.036647503 0.025051527 0.01396988 0.0033378307 -0.0069199212 -0.016889986 -0.02667154 -0.036378279 -0.046141272 -0.056113017 -0.06647305 -0.07743555 -0.08925953 -0.10226229 -0.11683692 -0.13347469 -0.15279291 -0.17556814 -0.20277318 -0.23561261 -0.27554604 -0.32427785 -0.38367831 -0.45558622 -0.5414394 -0.64171047 -0.75522216 -0.87858047 -1.0061091 -1.130608 -1.2448674 -1.3433463 -1.4232388 -1.484534 -1.5292726 -1.5605254 -1.5815321 -1.595175 -1.603763 -1.6090154 -1.6121453 -1.6139732 -1.6150351 -1.6156716 -1.6160937 -1.6164306 -1.6167616 -1.6171367
0.23721963 0.21821642 0.19964055 0.18154298 0.16396874 0.14695602 0.13053535 0.11472894 0.099550081 0.08500276 0.071081358 0.057770456 0.045044718 0.032868791 0.021197182 0.0099740298 -0.00086731019 -0.011404965 -0.021729653 -0.031946359 -0.042176745 -0.052562543 -0.06327021 -0.074497198 -0.086480291 -0.099506516 -0.11392724 -0.13017603 -0.14879073 -0.17043978 -0.19595157 -0.22634366 -0.26284473 -0.30689533 -0.36010469 -0.42412923 -0.50043181 -0.58989082 -0.69227511 -0.80570019 -0.92630684 -1.0484605 -1.165627 -1.2717243 -1.3624114 -1.4357652 -1.4921612 -1.5335915 -1.5628277 -1.5827378 -1.5958724 -1.604291 -1.6095477 -1.6127572 -1.6146874 -1.6158505 -1.6165789 -1.617084 -1.6174982 -1.6179049 -1.6183581 -1.6188954
0.21100129 0.19294451 0.17533333 0.15820753 0.14160052 0.12553857 0.11004014 0.095115335 0.080765494 0.066982785 0.053749936 0.041039972 0.028815945 0.017030602 0.0056259102 -0.0054676283 -0.016331998 -0.027063131 -0.037772984 -0.048592394 -0.059674968 -0.071202284 -0.083390727 -0.096500396 -0.11084649 -0.12681364 -0.14487355 -0.16560584 -0.18972154 -0.21808697 -0.25174318 -0.29191214 -0.3399742 -0.39739376 -0.46556319 -0.54553625 -0.63764368 -0.74103835 -0.85330545 -0.97035341 -1.0867904 -1.1968153 -1.2953675 -1.3790841 -1.4467022 -1.4988441 -1.5374119 -1.5649025 -1.5838632 -1.5965609 -1.6048413 -1.6101151 -1.6134101 -1.6154467 -1.616715 -1.6175395 -1.6181313 -1.6186258 -1.6191101 -1.6196418 -1.6202614 -1.6210005
0.18638201 0.16921287 0.1524917 0.1362474 0.12050218 0.10527087 0.090560396 0.076369295 0.06268728 0.049494852 0.036762907 0.0244523 0.012513313 0.00088494927 -0.010506022 -0.021746387 -0.03293829 -0.04420168 -0.055677587 -0.06753245 -0.079963772 -0.093207407 -0.10754682 -0.12332463 -0.14095678 -0.16094918 -0.1839165 -0.21060164 -0.24189253 -0.27883042 -0.32259938 -0.3744811 -0.43575392 -0.50751256 -0.5903939 -0.68422255 -0.78764483 -0.89788755 -1.0108162 -1.1214114 -1.2246089 -1.3162421 -1.393734 -1.45631 -1.5047411 -1.5408174 -1.5667877 -1.5849213 -1.5972414 -1.6054094 -1.6107106 -1.6140953 -1.6162412 -1.6176174 -1.6185408 -1.6192216 -1.6197977 -1.6203597 -1.6209682 -1.6216662 -1.6224869 -1.623459
0.16314358 0.1467847 0.13086139 0.11539196 0.10038765 0.085852171 0.071781111 0.058161465 0.044971139 0.03217843 0.019741428 0.0076072944 -0.0042886643 -0.016024209 -0.027691768 -0.039400558 -0.05127937 -0.063480209 -0.076182992 -0.089601546 -0.10399118 -0.11965804 -0.13697051 -0.15637263 -0.17839915 -0.20369138 -0.23301145 -0.26725113 -0.30742798 -0.35465838 -0.41009215 -0.4747911 -0.54953619 -0.63456219 -0.72925039 -0.83185779 -0.9394069 -1.0478635 -1.1526521 -1.2494087 -1.3347313 -1.406667 -1.4647985 -1.5099777 -1.5438734 -1.5685116 -1.5859203 -1.5979124 -1.6059892 -1.6113257 -1.6148031 -1.6170599 -1.6185454 -1.6195689 -1.6203396 -1.6209972 -1.6216351 -1.6223168 -1.6230875 -1.6239815 -1.6250275 -1.6262517
0.14105112 0.12540817 0.11017442 0.095357574 0.080958037 0.06696829 0.053372349 0.040145173 0.027252014 0.014647671 0.0022755873 -0.0099332867 -0.022061938 -0.034209154 -0.046491923 -0.05904852 -0.072042437 -0.085667362 -0.10015339 -0.11577467 -0.13285862 -0.15179674 -0.17305684 -0.19719585 -0.22487185 -0.25685245 -0.29401478 -0.33732962 -0.38781913 -0.44647509 -0.51412421 -0.59123408 -0.67767018 -0.77244557 -0.87354223 -0.97790729 -1.0817069 -1.1808374 -1.2715754 -1.3511622 -1.4181357 -1.4723374 -1.5146538 -1.5466306 -1.5700949 -1.5868647 -1.5985704 -1.6065732 -1.6119509 -1.6155226 -1.6178905 -1.6194855 -1.6206093 -1.6214693 -1.6222068 -1.6229175 -1.6236674 -1.6245034 -1.6254608 -1.6265681 -1.6278502 -1.6293301
0.11985441 0.10481694 0.090148498 0.075846072 0.061898874 0.048287688 0.03498419 0.021950179 0.009136689 -0.0035170868 -0.016085121 -0.02865621 -0.041336072 -0.054249981 -0.067546098 -0.081399618 -0.096017911 -0.11164679 -0.12857803 -0.14715814 -0.16779823 -0.19098453 -0.21728836 -0.24737381 -0.28199962 -0.32201023 -0.36830853 -0.42180062 -0.48330212 -0.55339798 -0.63225701 -0.71942077 -0.81361357 -0.91264607 -1.0134915 -1.1125796 -1.2062763 -1.2914286 -1.365812 -1.4283485 -1.4790642 -1.5188488 -1.5491285 -1.5715527 -1.5877562 -1.5992102 -1.6071531 -1.6125763 -1.6162425 -1.6187207 -1.6204243 -1.6216471 -1.6225947 -1.6234092 -1.6241884 -1.6250003 -1.6258933 -1.6269033 -1.6280586 -1.6293826 -1.630896 -1.6326166
0.099287936 0.084729248 0.070485319 0.056541915 0.04287635 0.029456711 0.01624098 0.0031760091 -0.0098037074 -0.022777531 -0.035840523 -0.049105736 -0.062707042 -0.076802632 -0.091579293 -0.10725758 -0.124098 -0.14240812 -0.16255066 -0.18495204 -0.21011069 -0.23860385 -0.27109034 -0.30830584 -0.35104534 -0.40012583 -0.45632102 -0.52026078 -0.59229234 -0.67231137 -0.75958807 -0.85263551 -0.94918178 -1.0463013 -1.1407215 -1.2292551 -1.3092481 -1.3789154 -1.4374775 -1.4850904 -1.5226264 -1.5513975 -1.5728954 -1.5885941 -1.5998257 -1.6077201 -1.6131912 -1.6169512 -1.6195379 -1.621348 -1.6226677 -1.6237002 -1.6245879 -1.6254304 -1.6262974 -1.6272385 -1.62829 -1.6294799 -1.6308305 -1.6323598 -1.6340828 -1.6360104
0.079069848 0.064846062 0.050867802 0.037108698 0.023532978 0.010094493 -0.0032644303 -0.016614358 -0.030040391 -0.043644167 -0.057546299 -0.071889346 -0.0868414 -0.1026004 -0.11939918 -0.13751141 -0.15725809 -0.17901464 -0.20321778 -0.23037143 -0.26104979 -0.29589521 -0.33560694 -0.38091582 -0.43253879 -0.49110683 -0.55706243 -0.63052825 -0.71115996 -0.79801141 -0.88945545 -0.98320964 -1.0765013 -1.1663677 -1.2500343 -1.3252772 -1.3906703 -1.4456654 -1.4905069 -1.5260371 -1.553461 -1.5741298 -1.5893763 -1.6004099 -1.6082647 -1.6137852 -1.6176371 -1.6203297 -1.6222435 -1.6236571 -1.6247708 -1.6257274 -1.6266274 -1.6275421 -1.6285221 -1.6296042 -1.630816 -1.6321785 -1.6337079 -1.6354164 -1.6373118 -1.6393968
0.058900113 0.044848597 0.03095697 0.017185379 0.0034832917 -0.010211761 -0.023975663 -0.037899482 -0.052091587 -0.066680191 -0.081816395 -0.097677785 -0.11447266 -0.13244488 -0.15187926 -0.17310737 -0.1965133 -0.22253866 -0.25168572 -0.28451673 -0.32164686 -0.36372698 -0.4114118 -0.46530828 -0.52590025 -0.59344828 -0.6678704 -0.74861976 -0.83458739 -0.92406777 -1.0148236 -1.1042673 -1.1897425 -1.2688481 -1.3397265 -1.4012439 -1.4530301 -1.495388 -1.5291217 -1.555337 -1.5752601 -1.5900992 -1.6009557 -1.6087778 -1.6143479 -1.6182892 -1.6210842 -1.6230982 -1.6246019 -1.6257929 -1.6268133 -1.6277649 -1.6287198 -1.6297298 -1.630832 -1.6320537 -1.6334149 -1.6349301 -1.6366095 -1.6384582 -1.6404764 -1.6426583
