Interpolating SPI Data/spi_stations/interpolated_spi/4-21_3.tif
NCOLS 257
NROWS 141
XLLCORNER -178.27925
YLLCORNER 5.3153543
DX 0.49934803
DY 0.49997533
NODATA_VALUE -9999
[rows 112 to 139 of 141, columns 0 to 62 of 257]
0.46807441 0.45385878 0.43884631 0.42289342 0.40583422 0.38747769 0.3676049 0.34596621 0.32227891 0.29622563 0.26745415 0.23557946 0.20018922 0.16085408 0.11714441 0.068655344 0.015041485 -0.043938162 -0.1083661 -0.17810698 -0.25275035 -0.33156648 -0.41348887 -0.49713649 -0.5808837 -0.66297643 -0.74168079 -0.81543962 -0.88300835 -0.94354542 -0.99664457 -1.0423103 -1.0808899 -1.1129822 -1.1393405 -1.1607865 -1.1781414 -1.1921778 -1.2035904 -1.2129828 -1.2208649 -1.2276578 -1.2337034 -1.239275 -1.244589 -1.2498149 -1.255085 -1.260502 -1.2661445 -1.2720727 -1.2783306 -1.2849484 -1.2919439 -1.299322 -1.3070747 -1.3151804 -1.3236028 -1.3322904 -1.3411762 -1.3501786 -1.3592032 -1.3681452 -1.3768942
0.4452222 0.42938231 0.41251213 0.39444017 0.37497045 0.35388008 0.33091725 0.30579965 0.27821409 0.24781776 0.21424202 0.17709987 0.13599836 0.090557333 0.040435799 -0.014633203 -0.074799526 -0.1400466 -0.21014035 -0.28458383 -0.36258753 -0.44306656 -0.52467425 -0.60587629 -0.68506092 -0.76067119 -0.83133785 -0.89598947 -0.95392164 -1.0048167 -1.0487168 -1.0859628 -1.1171137 -1.1428639 -1.1639682 -1.1811822 -1.1952199 -1.2067273 -1.2162697 -1.2243283 -1.2313039 -1.2375245 -1.2432544 -1.2487041 -1.2540398 -1.2593913 -1.2648592 -1.2705207 -1.2764338 -1.2826405 -1.2891686 -1.2960336 -1.3032384 -1.3107737 -1.3186176 -1.3267348 -1.335077 -1.3435824 -1.3521767 -1.3607753 -1.3692848 -1.3776074 -1.3856448
0.41918925 0.40137637 0.38227011 0.361671 0.33935415 0.31506785 0.28853301 0.25944385 0.22747058 0.19226483 0.1534688 0.11072939 0.063718275 0.012158866 -0.044139656 -0.10524209 -0.17104339 -0.24122605 -0.31522579 -0.39221437 -0.47110827 -0.55060987 -0.6292823 -0.7056517 -0.77832361 -0.84609493 -0.90804295 -0.96357786 -1.0124534 -1.0547396 -1.0907669 -1.1210569 -1.14625 -1.1670406 -1.184125 -1.1981642 -1.2097596 -1.2194411 -1.2276632 -1.2348074 -1.2411884 -1.2470616 -1.2526319 -1.2580617 -1.2634786 -1.2689815 -1.274646 -1.2805285 -1.2866695 -1.2930953 -1.2998197 -1.3068445 -1.3141599 -1.3217443 -1.3295642 -1.3375746 -1.3457187 -1.3539293 -1.3621301 -1.3702381 -1.3781664 -1.3858276 -1.393138
0.38950302 0.36934806 0.34761163 0.32406877 0.29847023 0.27054281 0.23999118 0.20650187 0.16975005 0.12941021 0.085171448 0.036758332 -0.016042339 -0.073349075 -0.13514899 -0.20125985 -0.27129568 -0.34464243 -0.42045115 -0.49765537 -0.57501673 -0.651198 -0.72485651 -0.79474554 -0.85980828 -0.91924949 -0.97257506 -1.0195963 -1.0604029 -1.0953132 -1.1248132 -1.1494938 -1.1699947 -1.1869588 -1.2009986 -1.212675 -1.2224849 -1.230858 -1.2381576 -1.2446854 -1.2506882 -1.2563652 -1.2618755 -1.267344 -1.2728682 -1.2785225 -1.2843622 -1.2904264 -1.2967407 -1.3033178 -1.3101592 -1.317255 -1.3245846 -1.3321167 -1.3398096 -1.3476114 -1.3554612 -1.3632906 -1.3710252 -1.3785876 -1.3859002 -1.392888 -1.3994824
0.35570449 0.33283114 0.30807206 0.28118271 0.25189834 0.21993684 0.18500386 0.14680085 0.10503679 0.059444298 0.009800632 -0.044046298 -0.10214772 -0.16442125 -0.23061893 -0.30030047 -0.37281768 -0.44731598 -0.52275794 -0.59797096 -0.6717168 -0.74277578 -0.81003456 -0.87256464 -0.92967989 -0.98096615 -1.026281 -1.0657278 -1.0996111 -1.1283834 -1.1525906 -1.1728228 -1.1896741 -1.2037132 -1.2154634 -1.2253916 -1.2339039 -1.2413463 -1.2480083 -1.2541283 -1.2598999 -1.2654785 -1.270987 -1.2765213 -1.2821548 -1.287942 -1.2939213 -1.3001178 -1.3065438 -1.3132008 -1.3200796 -1.327161 -1.3344158 -1.3418058 -1.3492837 -1.3567944 -1.3642765 -1.3716633 -1.3788857 -1.3858741 -1.3925614 -1.3988856 -1.4047922
0.31737408 0.29141759 0.26326857 0.23267302 0.19936448 0.1630701 0.12351964 0.08045795 0.033661485 -0.017041029 -0.071743925 -0.13043701 -0.19297704 -0.25906148 -0.32820881 -0.39975025 -0.47283782 -0.54647198 -0.61954944 -0.69092817 -0.75950257 -0.82427902 -0.88444124 -0.93939647 -0.98879731 -1.0325385 -1.0707321 -1.1036683 -1.1317683 -1.1555366 -1.1755182 -1.192263 -1.2062996 -1.2181168 -1.2281535 -1.2367939 -1.2443677 -1.2511525 -1.2573784 -1.2632338 -1.2688705 -1.2744092 -1.2799445 -1.2855488 -1.2912763 -1.2971652 -1.30324 -1.3095134 -1.3159873 -1.3226535 -1.3294942 -1.3364829 -1.3435846 -1.3507563 -1.3579484 -1.3651054 -1.3721677 -1.3790731 -1.3857594 -1.3921661 -1.3982369 -1.4039218 -1.4091788
0.27416346 0.24479487 0.21294306 0.17835922 0.14079386 0.10000641 0.055778233 0.0079290506 -0.043663105 -0.099038943 -0.15813324 -0.22075057 -0.28654446 -0.35500383 -0.42545085 -0.49705383 -0.56885721 -0.63982827 -0.70891704 -0.7751228 -0.83755888 -0.895507 -0.94845428 -0.99610906 -1.0383957 -1.0754316 -1.1074921 -1.1349689 -1.1583287 -1.1780756 -1.1947192 -1.2087512 -1.2206288 -1.2307649 -1.2395232 -1.2472178 -1.254115 -1.260437 -1.2663668 -1.2720528 -1.2776137 -1.2831427 -1.2887118 -1.2943746 -1.3001693 -1.3061207 -1.312242 -1.3185357 -1.3249948 -1.3316035 -1.3383376 -1.3451653 -1.3520478 -1.3589403 -1.3657928 -1.3725516 -1.3791611 -1.385565 -1.3917088 -1.3975413 -1.4030164 -1.4080948 -1.4127449
0.22583132 0.19278615 0.15700622 0.11826667 0.0763574 0.031096149 -0.017655419 -0.069972834 -0.12584787 -0.18516693 -0.24769085 -0.31303902 -0.38068112 -0.44993981 -0.52000707 -0.58997526 -0.65888174 -0.72576347 -0.78971552 -0.84994648 -0.90582355 -0.95690213 -1.0029372 -1.0438766 -1.0798404 -1.1110887 -1.1379861 -1.1609646 -1.1804908 -1.1970376 -1.2110628 -1.2229947 -1.2332217 -1.2420885 -1.2498943 -1.2568946 -1.263304 -1.2693003 -1.2750284 -1.280605 -1.2861222 -1.2916515 -1.2972464 -1.3029452 -1.3087733 -1.3147443 -1.3208619 -1.3271206 -1.3335062 -1.3399973 -1.3465651 -1.3531745 -1.3597852 -1.3663521 -1.3728269 -1.3791593 -1.3852988 -1.3911958 -1.3968036 -1.4020797 -1.4069873 -1.4114958 -1.4155822
0.17228031 0.13538945 0.095577165 0.052663968 0.0065032255 -0.043003404 -0.09588842 -0.1520997 -0.21148191 -0.27376019 -0.33852867 -0.40524662 -0.47324493 -0.54174471 -0.60988834 -0.67678152 -0.74154249 -0.80335337 -0.86150734 -0.91544611 -0.9647835 -1.0093134 -1.0490025 -1.0839709 -1.1144642 -1.1408214 -1.1634428 -1.1827608 -1.1992144 -1.2132309 -1.2252112 -1.2355214 -1.244488 -1.2523963 -1.2594915 -1.2659807 -1.2720366 -1.277801 -1.2833883 -1.2888898 -1.2943764 -1.2999017 -1.3055044 -1.3112104 -1.3170344 -1.3229811 -1.3290465 -1.3352186 -1.3414782 -1.3477996 -1.3541512 -1.3604967 -1.3667954 -1.3730039 -1.3790767 -1.384968 -1.3906328 -1.3960284 -1.4011153 -1.4058591 -1.4102306 -1.4142068 -1.4177707
0.11359058 0.072809986 0.029011678 -0.017916642 -0.068035766 -0.12133894 -0.1777353 -0.23703426 -0.29893273 -0.36300743 -0.42871468 -0.49539969 -0.56231648 -0.6286582 -0.69359619 -0.75632417 -0.81610298 -0.87230083 -0.92442431 -0.97213727 -1.0152661 -1.0537923 -1.0878346 -1.1176242 -1.1434765 -1.1657625 -1.1848833 -1.2012472 -1.2152528 -1.2272762 -1.2376625 -1.2467211 -1.2547242 -1.2619071 -1.2684696 -1.2745795 -1.2803754 -1.2859697 -1.2914528 -1.2968952 -1.3023505 -1.3078581 -1.3134445 -1.3191255 -1.3249071 -1.330787 -1.3367551 -1.3427946 -1.3488827 -1.354991 -1.3610868 -1.3671336 -1.3730919 -1.3789209 -1.3845789 -1.3900248 -1.3952195 -1.4001265 -1.4047134 -1.4089521 -1.41282 -1.4162997 -1.4193791
0.050044976 0.0054796668 -0.042087577 -0.092682805 -0.14626399 -0.20270669 -0.26179121 -0.323193 -0.3864782 -0.45110636 -0.51644168 -0.58177347 -0.64634533 -0.70939098 -0.77017375 -0.8280255 -0.88238082 -0.93280288 -0.97899838 -1.0208209 -1.0582634 -1.0914422 -1.1205744 -1.1459534 -1.1679237 -1.1868572 -1.2031343 -1.2171272 -1.2291888 -1.2396447 -1.2487884 -1.2568794 -1.2641436 -1.2707739 -1.2769332 -1.2827569 -1.2883557 -1.2938187 -1.2992164 -1.3046025 -1.3100169 -1.3154872 -1.32103 -1.326653 -1.3323554 -1.3381291 -1.3439597 -1.349827 -1.3557057 -1.3615663 -1.367376 -1.3730993 -1.3786989 -1.3841372 -1.3893765 -1.3943808 -1.3991164 -1.4035527 -1.4076629 -1.4114248 -1.4148205 -1.4178371 -1.4204656
-0.017859792 -0.065941887 -0.1168841 -0.1706132 -0.22697616 -0.2857299 -0.34653444 -0.40895122 -0.47244797 -0.5364113 -0.60016718 -0.66300843 -0.72422759 -0.78315186 -0.83917698 -0.89179631 -0.94062229 -0.98539834 -1.0260008 -1.0624315 -1.0948033 -1.12332 -1.1482546 -1.1699267 -1.1886822 -1.2048751 -1.2188535 -1.230949 -1.2414687 -1.2506911 -1.258864 -1.266204 -1.2728974 -1.2791024 -1.2849512 -1.2905527 -1.2959952 -1.3013486 -1.3066672 -1.3119913 -1.3173494 -1.3227596 -1.3282308 -1.3337638 -1.3393528 -1.3449853 -1.3506438 -1.3563057 -1.3619448 -1.3675314 -1.3730333 -1.3784171 -1.3836481 -1.3886921 -1.3935159 -1.398088 -1.4023798 -1.4063656 -1.4100237 -1.4133362 -1.4162893 -1.4188727 -1.4210798
-0.089420036 -0.1405882 -0.19434558 -0.25051532 -0.30883619 -0.3689581 -0.43044268 -0.49276977 -0.55535079 -0.61754874 -0.67870404 -0.73816416 -0.79531475 -0.84960888 -0.9005919 -0.94791921 -0.99136574 -1.0308268 -1.0663112 -1.0979274 -1.1258666 -1.1503828 -1.1717729 -1.1903584 -1.2064696 -1.2204321 -1.2325575 -1.2431358 -1.2524315 -1.2606808 -1.2680919 -1.2748445 -1.2810923 -1.2869644 -1.2925678 -1.2979899 -1.3033004 -1.3085537 -1.313791 -1.3190417 -1.3243251 -1.3296514 -1.3350235 -1.340437 -1.345882 -1.3513431 -1.3568006 -1.3622308 -1.3676072 -1.3729008 -1.3780809 -1.3831163 -1.3879755 -1.3926278 -1.397044 -1.401197 -1.4050626 -1.4086194 -1.4118497 -1.4147389 -1.4172759 -1.4194527 -1.4212636
-0.16375212 -0.21742877 -0.27330416 -0.33110356 -0.39047142 -0.45097355 -0.51210492 -0.57330327 -0.63396844 -0.69348624 -0.75125533 -0.80671455 -0.85936845 -0.90880831 -0.95472701 -0.99692658 -1.0353182 -1.0699157 -1.1008231 -1.1282194 -1.152341 -1.1734638 -1.191887 -1.2079187 -1.221864 -1.2340158 -1.244648 -1.2540119 -1.2623332 -1.2698112 -1.2766199 -1.2829082 -1.2888024 -1.2944076 -1.2998102 -1.3050797 -1.3102708 -1.3154254 -1.3205737 -1.3257364 -1.3309252 -1.3361445 -1.3413919 -1.3466596 -1.3519343 -1.3571988 -1.3624322 -1.3676105 -1.3727075 -1.3776957 -1.3825462 -1.3872302 -1.3917195 -1.3959869 -1.4000068 -1.4037561 -1.4072142 -1.4103634 -1.4131888 -1.4156786 -1.4178236 -1.4196169 -1.4210531
-0.23983832 -0.29533005 -0.35253202 -0.41108706 -0.47056847 -0.53048853 -0.59031215 -0.64947521 -0.7074066 -0.7635523 -0.81739959 -0.8684991 -0.91648274 -0.96107615 -1.0021046 -1.0394926 -1.0732576 -1.1034988 -1.1303838 -1.1541325 -1.1750014 -1.1932692 -1.2092237 -1.2231507 -1.2353257 -1.2460079 -1.2554357 -1.2638247 -1.2713664 -1.2782285 -1.2845559 -1.2904716 -1.296079 -1.3014636 -1.3066945 -1.3118269 -1.316903 -1.3219544 -1.3270028 -1.3320613 -1.3371361 -1.3422266 -1.3473267 -1.3524255 -1.357508 -1.3625558 -1.3675473 -1.372459 -1.3772658 -1.3819415 -1.3864596 -1.3907939 -1.3949191 -1.3988113 -1.4024483 -1.4058103 -1.4088798 -1.4116418 -1.4140839 -1.416196 -1.4179702 -1.4193999 -1.42048
-0.31658686 -0.37312707 -0.43082196 -0.48925487 -0.54795694 -0.60642052 -0.6641164 -0.720514 -0.77510301 -0.82741465 -0.87704078 -0.92364932 -0.96699451 -1.0069217 -1.0433664 -1.0763486 -1.1059626 -1.1323651 -1.1557607 -1.1763881 -1.1945071 -1.2103865 -1.2242942 -1.2364897 -1.2472182 -1.2567061 -1.2651594 -1.2727619 -1.2796755 -1.2860407 -1.2919779 -1.2975885 -1.302957 -1.3081523 -1.3132297 -1.3182322 -1.3231923 -1.3281328 -1.3330685 -1.3380069 -1.3429492 -1.3478912 -1.3528242 -1.3577352 -1.3626079 -1.3674233 -1.3721601 -1.3767956 -1.3813058 -1.3856665 -1.3898534 -1.3938429 -1.3976125 -1.4011412 -1.4044098 -1.4074012 -1.4101003 -1.4124945 -1.414573 -1.4163269 -1.4177489 -1.4188326 -1.4195722
-0.39289882 -0.44969643 -0.5070622 -0.56454713 -0.62167081 -0.67793754 -0.73285474 -0.78595228 -0.83680119 -0.88503031 -0.93033937 -0.97250767 -1.0113978 -1.0469546 -1.0791995 -1.1082221 -1.1341686 -1.1572294 -1.1776268 -1.1956029 -1.2114092 -1.225297 -1.2375107 -1.2482822 -1.2578269 -1.2663414 -1.2740023 -1.2809659 -1.2873684 -1.2933275 -1.2989426 -1.3042973 -1.3094601 -1.3144867 -1.3194206 -1.3242952 -1.3291345 -1.3339545 -1.3387645 -1.3435672 -1.3483604 -1.3531371 -1.3578864 -1.3625942 -1.3672434 -1.3718152 -1.3762887 -1.3806423 -1.3848536 -1.3889002 -1.3927601 -1.3964122 -1.3998365 -1.4030145 -1.4059295 -1.4085666 -1.4109129 -1.4129572 -1.41469 -1.4161032 -1.4171895 -1.4179426 -1.4183557
-0.46773341 -0.52402127 -0.58029617 -0.63610441 -0.69098223 -0.74447249 -0.79614193 -0.84559767 -0.89250162 -0.93658171 -0.97763919 -1.0155516 -1.0502713 -1.0818209 -1.1102848 -1.1357995 -1.1585424 -1.1787203 -1.1965593 -1.2122944 -1.2261617 -1.2383915 -1.2492033 -1.2588019 -1.2673751 -1.2750925 -1.2821048 -1.2885445 -1.2945261 -1.3001474 -1.3054909 -1.3106249 -1.315605 -1.3204754 -1.3252703 -1.3300149 -1.3347266 -1.339416 -1.3440876 -1.3487408 -1.3533704 -1.3579674 -1.3625197 -1.3670123 -1.3714282 -1.3757487 -1.3799539 -1.3840235 -1.3879366 -1.3916728 -1.3952122 -1.3985358 -1.401626 -1.4044666 -1.4070427 -1.4093414 -1.4113513 -1.4130623 -1.4144657 -1.4155538 -1.4163193 -1.4167554 -1.4168547
-0.54016371 -0.59524085 -0.64976147 -0.70329205 -0.75540841 -0.80571106 -0.85383977 -0.89948606 -0.94240291 -0.9824108 -1.0194001 -1.0533297 -1.0842224 -1.1121578 -1.1372632 -1.1597036 -1.1796719 -1.197379 -1.2130449 -1.2268914 -1.2391356 -1.2499852 -1.2596351 -1.2682648 -1.2760371 -1.2830974 -1.2895743 -1.2955795 -1.301209 -1.3065442 -1.3116529 -1.316591 -1.3214031 -1.3261243 -1.3307808 -1.3353914 -1.3399679 -1.3445165 -1.3490381 -1.3535294 -1.3579831 -1.362389 -1.3667339 -1.3710026 -1.3751784 -1.3792432 -1.3831782 -1.3869643 -1.3905824 -1.3940139 -1.3972407 -1.400246 -1.403014 -1.4055303 -1.407782 -1.4097573 -1.411446 -1.412839 -1.413928 -1.4147053 -1.4151635 -1.4152953 -1.4150925
-0.60941739 -0.66268074 -0.71490656 -0.76570121 -0.81469611 -0.86156056 -0.90601265 -0.94782752 -0.98684261 -1.0229594 -1.0561421 -1.0864134 -1.1138481 -1.1385647 -1.1607171 -1.180485 -1.1980652 -1.2136638 -1.2274892 -1.2397462 -1.2506316 -1.2603307 -1.269015 -1.2768409 -1.2839488 -1.2904632 -1.2964933 -1.3021331 -1.3074629 -1.3125502 -1.3174508 -1.32221 -1.3268634 -1.3314383 -1.3359547 -1.3404259 -1.3448594 -1.3492577 -1.3536191 -1.3579382 -1.3622062 -1.3664118 -1.3705417 -1.3745808 -1.3785125 -1.3823199 -1.3859851 -1.3894906 -1.3928186 -1.3959524 -1.3988756 -1.4015732 -1.4040311 -1.4062363 -1.4081772 -1.4098434 -1.4112254 -1.4123144 -1.4131027 -1.4135824 -1.413746 -1.4135855 -1.4130923
-0.67489946 -0.72586328 -0.77538728 -0.82313111 -0.8687908 -0.91210822 -0.95287828 -0.99095326 -1.0262443 -1.05872 -1.0884027 -1.1153623 -1.1397093 -1.1615871 -1.181163 -1.198621 -1.2141542 -1.2279584 -1.2402269 -1.2511462 -1.2608926 -1.26963 -1.2775085 -1.2846637 -1.2912163 -1.2972727 -1.3029251 -1.3082527 -1.3133225 -1.3181904 -1.3229018 -1.3274933 -1.3319931 -1.3364223 -1.3407954 -1.3451215 -1.3494044 -1.3536441 -1.3578366 -1.361975 -1.3660495 -1.3700484 -1.3739582 -1.377764 -1.3814503 -1.3850006 -1.3883985 -1.3916277 -1.394672 -1.3975161 -1.4001455 -1.4025463 -1.4047059 -1.4066127 -1.4082562 -1.4096266 -1.4107152 -1.4115137 -1.4120141 -1.4122088 -1.4120898 -1.4116489 -1.4108769
-0.73619777 -0.78450079 -0.83104782 -0.87555904 -0.9177977 -0.95757625 -0.99476009 -1.0292687 -1.0610744 -1.0901986 -1.1167069 -1.1407021 -1.1623176 -1.1817095 -1.1990497 -1.2145193 -1.2283024 -1.2405814 -1.251533 -1.261325 -1.2701141 -1.2780445 -1.2852469 -1.2918385 -1.2979228 -1.3035902 -1.3089188 -1.3139751 -1.3188148 -1.3234839 -1.3280193 -1.3324504 -1.3367991 -1.3410813 -1.3453073 -1.3494826 -1.3536083 -1.3576822 -1.3616987 -1.3656498 -1.3695251 -1.3733129 -1.3769996 -1.3805709 -1.384012 -1.3873074 -1.390442 -1.3934006 -1.3961685 -1.3987317 -1.401077 -1.403192 -1.4050651 -1.4066859 -1.4080445 -1.409132 -1.4099399 -1.4104602 -1.4106852 -1.4106069 -1.4102173 -1.4095079 -1.4084693
-0.79307382 -0.83847587 -0.88189187 -0.92310421 -0.96194101 -0.99827923 -1.0320456 -1.0632155 -1.0918093 -1.1178882 -1.141548 -1.1629127 -1.1821281 -1.1993548 -1.2147625 -1.2285245 -1.2408131 -1.2517957 -1.2616319 -1.2704717 -1.2784534 -1.2857032 -1.2923346 -1.2984484 -1.3041334 -1.3094663 -1.3145131 -1.3193293 -1.3239611 -1.3284463 -1.3328148 -1.3370897 -1.3412879 -1.3454211 -1.349496 -1.3535153 -1.3574781 -1.3613803 -1.3652153 -1.3689743 -1.3726468 -1.3762208 -1.3796833 -1.3830205 -1.3862184 -1.3892626 -1.3921389 -1.3948335 -1.3973329 -1.3996243 -1.4016957 -1.4035357 -1.4051338 -1.4064804 -1.4075663 -1.4083829 -1.4089223 -1.4091767 -1.4091381 -1.4087988 -1.4081506 -1.407185 -1.4058926
-0.84544296 -0.88781402 -0.92804927 -0.96599077 -1.0015257 -1.0345872 -1.0651529 -1.0932423 -1.1189122 -1.1422519 -1.1633767 -1.1824225 -1.1995397 -1.2148873 -1.2286284 -1.2409258 -1.2519381 -1.2618174 -1.2707069 -1.2787396 -1.286037 -1.2927091 -1.2988544 -1.3045594 -1.3098999 -1.314941 -1.3197383 -1.3243382 -1.3287787 -1.3330907 -1.3372982 -1.3414193 -1.3454666 -1.3494484 -1.3533685 -1.3572274 -1.3610224 -1.3647484 -1.3683979 -1.3719617 -1.3754292 -1.3787885 -1.3820272 -1.3851322 -1.3880901 -1.3908878 -1.3935119 -1.3959497 -1.3981889 -1.4002177 -1.4020253 -1.403601 -1.4049354 -1.4060192 -1.406844 -1.4074017 -1.4076844 -1.4076845 -1.4073943 -1.406806 -1.4059115 -1.4047025 -1.4031701
-0.89334855 -0.9326529 -0.96974251 -1.0045137 -1.0369049 -1.066896 -1.094505 -1.119785 -1.1428186 -1.1637135 -1.1825964 -1.1996078 -1.214897 -1.2286175 -1.240923 -1.251964 -1.2618854 -1.2708239 -1.2789071 -1.2862525 -1.2929666 -1.299145 -1.3048726 -1.3102239 -1.3152634 -1.3200463 -1.3246192 -1.3290207 -1.3332822 -1.3374286 -1.341479 -1.3454473 -1.3493428 -1.3531706 -1.3569327 -1.3606275 -1.3642512 -1.3677978 -1.3712592 -1.374626 -1.3778877 -1.3810329 -1.3840496 -1.3869253 -1.3896476 -1.3922041 -1.3945826 -1.3967713 -1.3987589 -1.4005347 -1.4020884 -1.4034104 -1.4044919 -1.4053242 -1.4058992 -1.4062093 -1.4062469 -1.4060045 -1.4054746 -1.4046496 -1.4035216 -1.4020827 -1.4003247
-0.93693377 -0.97321208 -1.0072562 -1.0390095 -1.0684532 -1.0956044 -1.120512 -1.1432529 -1.1639274 -1.1826534 -1.1995626 -1.214795 -1.2284952 -1.2408083 -1.2518772 -1.2618396 -1.2708264 -1.2789602 -1.286354 -1.293111 -1.2993244 -1.3050772 -1.3104426 -1.3154843 -1.3202573 -1.3248082 -1.329176 -1.3333928 -1.3374843 -1.3414704 -1.3453662 -1.3491821 -1.3529245 -1.3565963 -1.3601976 -1.3637256 -1.3671754 -1.3705404 -1.3738124 -1.3769818 -1.3800384 -1.3829711 -1.3857685 -1.3884189 -1.3909106 -1.3932321 -1.3953721 -1.3973197 -1.3990645 -1.4005965 -1.4019063 -1.402985 -1.4038242 -1.4044159 -1.4047523 -1.4048262 -1.4046301 -1.4041569 -1.4033994 -1.4023503 -1.4010021 -1.3993476 -1.3973793
-0.97641428 -1.0097657 -1.040911 -1.069833 -1.0965471 -1.1210988 -1.1435594 -1.1640221 -1.1825972 -1.1994075 -1.2145848 -1.228265 -1.2405853 -1.2516812 -1.2616839 -1.2707186 -1.2789027 -1.2863454 -1.2931465 -1.2993968 -1.3051773 -1.3105599 -1.3156076 -1.3203751 -1.3249088 -1.3292483 -1.333426 -1.3374685 -1.3413965 -1.3452262 -1.3489689 -1.3526323 -1.3562204 -1.3597345 -1.363173 -1.3665323 -1.3698067 -1.3729893 -1.3760716 -1.3790443 -1.3818973 -1.3846202 -1.3872019 -1.3896317 -1.3918985 -1.3939915 -1.3959005 -1.3976151 -1.3991259 -1.4004235 -1.4014993 -1.4023448 -1.4029523 -1.4033141 -1.4034229 -1.4032717 -1.4028536 -1.4021615 -1.4011888 -1.3999285 -1.398374 -1.3965186 -1.3943562
-1.0120537 -1.0426191 -1.071043 -1.0973396 -1.1215507 -1.1437426 -1.1640018 -1.1824313 -1.1991461 -1.2142696 -1.2279302 -1.2402573 -1.2513796 -1.2614219 -1.2705039 -1.2787384 -1.2862305 -1.293077 -1.2993659 -1.3051765 -1.3105795 -1.3156369 -1.320403 -1.3249244 -1.3292407 -1.3333848 -1.337384 -1.34126 -1.3450297 -1.3487055 -1.3522962 -1.3558069 -1.35924 -1.362595 -1.3658695 -1.369059 -1.3721575 -1.3751576 -1.378051 -1.3808285 -1.3834805 -1.3859969 -1.3883675 -1.3905818 -1.3926298 -1.3945014 -1.3961868 -1.3976769 -1.3989624 -1.400035 -1.4008864 -1.4015089 -1.401895 -1.4020376 -1.4019298 -1.4015648 -1.4009362 -1.4000374 -1.3988621 -1.3974042 -1.3956576 -1.3936168 -1.3912769
