Interpolating SPI Data/spi_stations/interpolated_spi/4-22_3.tif
NCOLS 257
NROWS 141
XLLCORNER -178.27925
YLLCORNER 5.3153543
DX 0.49934803
DY 0.49997533
NODATA_VALUE -9999
[rows 56 to 83 of 141, columns 0 to 62 of 257]
1.814524 1.8142757 1.8140259 1.8137752 1.8135245 1.8132745 1.8130259 1.8127793 1.8125351 1.812294 1.8120564 1.8118226 1.8115929 1.8113676 1.8111468 1.8109305 1.8107189 1.8105117 1.8103088 1.8101098 1.8099144 1.8097219 1.8095317 1.8093429 1.8091543 1.8089648 1.8087727 1.8085761 1.8083727 1.8081597 1.8079335 1.80769 1.8074236 1.8071277 1.8067936 1.8064103 1.8059633 1.8054335 1.8047955 1.8040146 1.8030429 1.8018137 1.8002316 1.7981585 1.7953905 1.7916209 1.7863788 1.7789276 1.768093 1.7519747 1.7274672 1.6895139 1.6301168 1.5376374 1.3984022 1.2048324 0.97152289 0.74309508 0.56891215 0.46657198 0.4212779 0.40966939 0.41464385
1.8136718 1.8134238 1.8131741 1.8129232 1.812672 1.8124209 1.8121706 1.8119216 1.8116742 1.8114289 1.8111859 1.8109455 1.8107077 1.8104726 1.8102401 1.8100102 1.8097823 1.8095563 1.8093314 1.8091069 1.808882 1.8086555 1.8084261 1.808192 1.8079511 1.8077011 1.807439 1.8071609 1.8068626 1.8065384 1.8061815 1.8057832 1.8053327 1.8048161 1.8042155 1.8035075 1.8026613 1.8016357 1.8003747 1.7988017 1.7968099 1.7942478 1.7908981 1.7864431 1.7804109 1.7720899 1.7603905 1.7436254 1.7191675 1.6829496 1.628846 1.5482595 1.4309827 1.2695388 1.068632 0.8540619 0.66572603 0.53269735 0.45757132 0.42513189 0.4178926 0.42355115 0.43529791
1.8126144 1.8123631 1.8121094 1.811854 1.8115972 1.8113398 1.8110819 1.810824 1.8105664 1.8103091 1.8100522 1.8097957 1.8095395 1.8092833 1.8090266 1.8087689 1.8085094 1.8082471 1.807981 1.8077095 1.8074309 1.807143 1.8068432 1.8065284 1.8061948 1.8058378 1.8054517 1.8050296 1.8045629 1.8040411 1.8034508 1.8027751 1.8019925 1.8010752 1.7999871 1.7986806 1.7970921 1.795136 1.7926954 1.7896084 1.7856477 1.7804904 1.7736707 1.7645085 1.7519996 1.7346487 1.7102241 1.6754201 1.6254672 1.5538935 1.4530288 1.3164331 1.1443939 0.95073944 0.76328459 0.61128822 0.50911129 0.45273476 0.4288892 0.42448162 0.43042084 0.44150139 0.45508927
1.8113068 1.8110463 1.8107824 1.8105154 1.8102457 1.8099736 1.8096993 1.8094227 1.809144 1.808863 1.8085794 1.8082927 1.8080025 1.8077078 1.8074078 1.8071012 1.8067864 1.8064617 1.8061248 1.805773 1.8054031 1.8050112 1.8045926 1.8041415 1.8036512 1.8031131 1.8025169 1.8018499 1.801096 1.8002355 1.7992431 1.7980867 1.7967251 1.7951045 1.7931546 1.790782 1.7878615 1.7842232 1.779634 1.7737707 1.7661793 1.7562164 1.7429619 1.725093 1.700708 1.6670973 1.6204966 1.555953 1.4676445 1.3503019 1.2024492 1.0310175 0.8538424 0.69488116 0.57292777 0.49344453 0.45016862 0.43220885 0.42965916 0.43563059 0.44603885 0.45870632 0.47254162
1.8096944 1.8094163 1.8091328 1.8088442 1.8085506 1.8082519 1.807948 1.8076386 1.8073232 1.8070014 1.8066722 1.8063346 1.8059874 1.805629 1.8052575 1.8048707 1.8044657 1.8040392 1.8035874 1.8031054 1.8025875 1.8020271 1.8014156 1.8007433 1.7999977 1.7991639 1.7982235 1.7971535 1.795925 1.7945019 1.7928381 1.7908746 1.7885348 1.785719 1.7822958 1.7780899 1.7728661 1.766305 1.7579693 1.7472555 1.7333251 1.7150098 1.690685 1.6581142 1.6142924 1.555375 1.4768928 1.3746227 1.2465405 1.0958159 0.93333066 0.77663778 0.64376978 0.54558151 0.48276109 0.44879974 0.43495707 0.4336297 0.43947795 0.44922558 0.4610402 0.47395246 0.48744768
1.8077121 1.8074041 1.807088 1.8067636 1.8064305 1.8060883 1.8057364 1.8053739 1.8049999 1.8046128 1.8042113 1.8037933 1.8033564 1.802898 1.8024146 1.8019023 1.8013563 1.800771 1.8001396 1.7994542 1.798705 1.7978803 1.7969661 1.7959451 1.7947963 1.7934938 1.7920055 1.7902912 1.7883007 1.7859702 1.7832182 1.77994 1.7759998 1.7712198 1.7653656 1.7581257 1.7490828 1.7376749 1.7231416 1.7044527 1.6802173 1.6485786 1.6071144 1.552803 1.4821759 1.3918709 1.2798418 1.1472824 1.0006183 0.85191623 0.71607115 0.60548068 0.52573608 0.47523389 0.44801463 0.43710293 0.43657184 0.4421987 0.45130565 0.46232804 0.47439701 0.48703162 0.49994323
1.8052818 1.8049276 1.8045609 1.804181 1.8037872 1.8033782 1.8029529 1.8025095 1.802046 1.8015601 1.801049 1.8005093 1.799937 1.7993274 1.7986751 1.7979734 1.7972144 1.7963889 1.7954858 1.7944917 1.7933908 1.7921635 1.7907865 1.7892312 1.7874622 1.7854361 1.7830989 1.780383 1.7772029 1.7734505 1.7689876 1.7636361 1.7571653 1.7492745 1.739569 1.7275288 1.7124671 1.6934765 1.6693645 1.6385812 1.5991581 1.5486945 1.4844699 1.4038079 1.3048462 1.1877787 1.0562988 0.91840064 0.78538946 0.66877503 0.57652212 0.51101446 0.46971783 0.44746183 0.43866567 0.43863846 0.44398155 0.45247092 0.46275404 0.47404632 0.48589641 0.49802919 0.51025153
1.8023115 1.8018888 1.8014473 1.8009857 1.8005024 1.7999954 1.7994622 1.7989001 1.7983056 1.7976749 1.7970034 1.7962855 1.7955149 1.794684 1.7937839 1.7928041 1.791732 1.7905528 1.7892487 1.7877982 1.7861757 1.7843501 1.7822834 1.7799291 1.7772303 1.7741162 1.7704987 1.7662678 1.7612843 1.7553721 1.7483067 1.7398003 1.7294824 1.7168746 1.7013587 1.6821365 1.6581836 1.6282008 1.5905764 1.543385 1.4844717 1.4116993 1.3234511 1.2194428 1.1017321 0.97550229 0.84891803 0.73154734 0.63174005 0.55431407 0.49981968 0.46548798 0.44694194 0.43968784 0.43995966 0.44497943 0.45287472 0.46246431 0.47303523 0.48416247 0.49558227 0.50711188 0.51860332
1.7986927 1.7981721 1.7976241 1.7970462 1.7964355 1.7957888 1.7951021 1.794371 1.7935901 1.7927532 1.7918531 1.7908811 1.7898274 1.7886802 1.7874256 1.7860472 1.7845255 1.7828374 1.7809551 1.7788452 1.7764675 1.7737732 1.7707029 1.7671838 1.7631261 1.7584189 1.7529243 1.7464697 1.7388385 1.7297575 1.7188812 1.7057718 1.6898744 1.6704872 1.6467292 1.6175069 1.5814924 1.5371279 1.4826914 1.4164678 1.3370858 1.2440573 1.1384747 1.0236548 0.90532542 0.79093935 0.68807435 0.60252058 0.53699875 0.49107649 0.46208095 0.44634528 0.44022154 0.44064626 0.44531798 0.45264178 0.46157711 0.47147271 0.48192723 0.49268672 0.50357623 0.51445818 0.52520941
1.7942985 1.7936425 1.7929467 1.7922073 1.79142 1.7905794 1.7896798 1.7887139 1.7876738 1.78655 1.7853315 1.7840053 1.7825564 1.7809668 1.7792157 1.7772782 1.7751248 1.7727203 1.7700226 1.7669811 1.7635346 1.7596091 1.7551143 1.7499398 1.7439498 1.736977 1.7288141 1.7192038 1.7078256 1.6942804 1.6780714 1.6585821 1.6350536 1.6065622 1.5720073 1.5301193 1.4795104 1.4187965 1.3468279 1.2630533 1.1680019 1.0637762 0.95432912 0.84524218 0.74284703 0.65288193 0.57922278 0.52325185 0.4840562 0.45919831 0.44561579 0.44032135 0.44079313 0.44510185 0.4518753 0.46019011 0.46944881 0.47927161 0.48941318 0.49970456 0.51001576 0.52023391 0.5302518
1.7889821 1.7881426 1.7872466 1.7862883 1.7852612 1.7841574 1.7829682 1.781683 1.78029 1.7787751 1.777122 1.7753117 1.7733219 1.7711263 1.7686939 1.7659882 1.7629655 1.759574 1.7557517 1.7514238 1.7465004 1.7408728 1.7344087 1.726947 1.7182908 1.7081992 1.6963764 1.6824599 1.6660058 1.6464729 1.6232063 1.5954232 1.5622067 1.5225148 1.4752205 1.4192003 1.3534951 1.2775602 1.1916008 1.0969369 0.99627286 0.89369226 0.7942248 0.70299792 0.62422385 0.56041573 0.51213077 0.47826093 0.45664717 0.44472969 0.44004077 0.44048201 0.44441933 0.45066196 0.45838537 0.46703951 0.47626437 0.48582248 0.49554947 0.50532093 0.51503164 0.52458392 0.53388204
1.7825752 1.7814918 1.7803296 1.7790802 1.7777338 1.7762794 1.7747039 1.7729924 1.7711276 1.7690894 1.7668544 1.764395 1.7616792 1.7586693 1.7553208 1.7515809 1.7473874 1.7426658 1.7373274 1.7312657 1.7243531 1.7164357 1.7073275 1.6968041 1.6845939 1.6703684 1.6537319 1.634209 1.611234 1.5841415 1.5521636 1.5144402 1.4700494 1.4180737 1.357714 1.2884648 1.2103486 1.1241833 1.0318113 0.93618085 0.84116418 0.7510646 0.6699016 0.600699 0.54503062 0.50296244 0.47334766 0.45430316 0.44368266 0.43943051 0.43978375 0.4433458 0.44907557 0.45623293 0.46430995 0.47296502 0.48196791 0.491158 0.50041484 0.50963885 0.51873968 0.52762997 0.53622264
1.7748864 1.7734849 1.771975 1.7703449 1.7685808 1.7666671 1.7645853 1.7623146 1.7598305 1.7571048 1.7541044 1.750791 1.7471194 1.7430368 1.738481 1.7333786 1.7276426 1.72117 1.7138381 1.7055008 1.6959837 1.6850786 1.6725369 1.658062 1.6413011 1.6218372 1.5991806 1.5727639 1.5419416 1.505999 1.4641774 1.4157232 1.3599702 1.2964638 1.225128 1.1464591 1.0617095 0.97299338 0.88323556 0.7959075 0.71456347 0.64228562 0.58120819 0.53227204 0.49526351 0.46907829 0.4520868 0.44248192 0.4385377 0.43876016 0.4419462 0.44717971 0.45379327 0.46131675 0.46942572 0.47789687 0.48657268 0.49533554 0.50408992 0.51275101 0.52123809 0.52947109 0.53736938
1.7657017 1.7638915 1.7619347 1.759815 1.7575133 1.755008 1.7522739 1.749282 1.745999 1.7423859 1.7383976 1.7339814 1.7290759 1.7236092 1.7174967 1.7106392 1.7029197 1.6942003 1.6843183 1.6730812 1.6602621 1.6455938 1.6287624 1.6094015 1.5870869 1.5613334 1.5315958 1.4972775 1.4577501 1.4123911 1.3606439 1.3021075 1.2366559 1.1645802 1.0867302 1.0046177 0.92042791 0.8368915 0.75700374 0.68363068 0.61910078 0.5648991 0.52154763 0.4886845 0.46528649 0.44994838 0.44114135 0.43740562 0.43746538 0.44027691 0.44502954 0.45111911 0.45810955 0.46569266 0.4736518 0.4818322 0.49011825 0.49841727 0.50664856 0.51473653 0.52260684 0.53018452 0.53739323
1.7547847 1.7524575 1.7499352 1.7471955 1.744213 1.7409581 1.7373972 1.7334915 1.7291958 1.7244584 1.7192188 1.7134072 1.7069419 1.6997279 1.6916544 1.6825918 1.6723887 1.6608681 1.6478234 1.6330141 1.6161612 1.5969427 1.5749906 1.5498886 1.5211748 1.4883484 1.4508863 1.408271 1.3600365 1.3058327 1.2455125 1.1792357 1.1075779 1.0316196 0.952984 0.87378589 0.79647164 0.72355835 0.65732026 0.59949909 0.55111404 0.51241461 0.48297087 0.46185554 0.44785795 0.43967836 0.43607373 0.435947 0.43838715 0.44267326 0.44825663 0.45473215 0.46180692 0.46927086 0.47697176 0.48479549 0.49265127 0.50046132 0.50815399 0.51565952 0.52290764 0.52982632 0.53634126
1.741879 1.7389077 1.7356806 1.7321684 1.7283371 1.7241483 1.7195575 1.7145137 1.7089583 1.7028236 1.6960312 1.6884909 1.6800979 1.6707311 1.6602502 1.6484927 1.6352712 1.6203696 1.6035396 1.5844985 1.5629261 1.5384648 1.5107214 1.4792737 1.4436838 1.4035197 1.3583895 1.3079894 1.2521676 1.1910008 1.1248769 1.0545691 0.98128022 0.90663302 0.8325854 0.76126682 0.6947548 0.63483535 0.5828028 0.5393459 0.5045403 0.47793584 0.45870326 0.44579874 0.4381119 0.43457769 0.43424691 0.43631999 0.44015311 0.44524649 0.45122325 0.45780507 0.46478836 0.47202339 0.47939715 0.48682008 0.49421642 0.50151739 0.50865681 0.51556823 0.52218334 0.52843087 0.53423573
1.7267129 1.7229511 1.7188592 1.7143993 1.7095277 1.7041948 1.6983438 1.6919095 1.6848173 1.6769816 1.668304 1.6586717 1.647955 1.6360054 1.6226528 1.6077032 1.5909363 1.5721031 1.5509249 1.5270934 1.500273 1.4701062 1.4362244 1.3982652 1.3558979 1.3088598 1.2570032 1.2003526 1.1391675 1.0740018 1.0057469 0.93564185 0.86523342 0.79627887 0.73059503 0.66987624 0.61551634 0.56847311 0.52920284 0.49767318 0.47344138 0.45577168 0.44376267 0.43646123 0.4329496 0.43240198 0.43411322 0.43750616 0.44212444 0.4476171 0.45371969 0.46023507 0.46701602 0.47395046 0.48094956 0.48793884 0.49485154 0.50162415 0.50819326 0.51449362 0.52045657 0.52600887 0.53107104
1.7090059 1.7042887 1.6991526 1.6935495 1.6874245 1.6807155 1.6733515 1.6652518 1.6563243 1.6464642 1.6355522 1.6234525 1.6100113 1.5950545 1.5783863 1.5597875 1.5390151 1.5158027 1.4898626 1.4608911 1.4285765 1.3926132 1.3527211 1.3086732 1.2603308 1.2076863 1.1509107 1.0904015 1.0268201 0.96111052 0.89448542 0.82837112 0.76431046 0.7038324 0.64830841 0.59882283 0.55608236 0.52038096 0.49162178 0.4693847 0.45301994 0.44174734 0.43474504 0.43121817 0.43044464 0.43179993 0.43476489 0.43892193 0.44394393 0.44957966 0.45563844 0.46197566 0.46848004 0.47506318 0.4816513 0.48817896 0.49458454 0.50080694 0.50678329 0.51244712 0.5177267 0.52254313 0.52680759
1.6884784 1.6826251 1.676249 1.6692908 1.6616835 1.653351 1.6442077 1.6341563 1.6230874 1.610877 1.5973862 1.5824589 1.565921 1.5475795 1.5272219 1.5046175 1.4795192 1.4516675 1.4207978 1.3866513 1.3489899 1.3076174 1.262406 1.213329 1.1604968 1.1041945 1.0449139 0.98337435 0.92052229 0.85750314 0.79560123 0.73615045 0.68042584 0.62953293 0.58431443 0.54529078 0.51264332 0.48623927 0.4656887 0.45041921 0.43975388 0.43298101 0.4294089 0.42840334 0.42940904 0.43195771 0.43566651 0.44023028 0.44541047 0.45102283 0.45692545 0.4630079 0.46918197 0.47537415 0.48151976 0.48755838 0.49343055 0.49907517 0.50442739 0.50941664 0.51396433 0.5179807 0.52136007
1.6648642 1.6576827 1.6498602 1.6413258 1.6319996 1.6217919 1.6106022 1.5983179 1.5848132 1.5699483 1.5535686 1.5355035 1.5155674 1.4935599 1.4692677 1.4424686 1.4129371 1.3804528 1.3448126 1.3058469 1.2634394 1.2175526 1.1682552 1.1157514 1.0604079 1.0027733 0.943585 0.88375679 0.82434346 0.76648196 0.7113133 0.65989483 0.61311625 0.57163298 0.53582763 0.50580408 0.48141217 0.46229508 0.44794917 0.43778554 0.43118542 0.42754428 0.42630285 0.42696572 0.42910934 0.43238215 0.43649931 0.4412344 0.44640957 0.45188576 0.45755343 0.46332443 0.46912526 0.47489145 0.48056327 0.48608225 0.49138842 0.49641799 0.50110102 0.50535873 0.50909991 0.51221553 0.51457016
1.6379261 1.6292197 1.6197423 1.6094113 1.5981347 1.58581 1.5723239 1.5575509 1.5413535 1.5235811 1.504071 1.4826486 1.4591297 1.433323 1.4050355 1.374079 1.3402795 1.3034898 1.2636054 1.2205832 1.1744632 1.1253913 1.0736414 1.0196328 0.96393997 0.90728905 0.8505387 0.79464252 0.74059492 0.68936508 0.64182727 0.59869766 0.56048707 0.5274763 0.49971652 0.47705199 0.45915933 0.44559545 0.43584666 0.42937298 0.42564398 0.42416468 0.4244917 0.42624109 0.42908951 0.432771 0.43707068 0.44181711 0.44687419 0.45213335 0.45750648 0.46291981 0.46830876 0.47361373 0.47877662 0.483738 0.48843443 0.49279585 0.4967424 0.5001802 0.50299486 0.50504109 0.50612483
1.6074743 1.597051 1.5857189 1.5733848 1.5599464 1.5452914 1.5292972 1.5118308 1.4927492 1.4719001 1.4491236 1.424255 1.3971281 1.3675815 1.3354656 1.3006528 1.2630492 1.2226097 1.1793546 1.1333877 1.0849138 1.0342543 0.98185683 0.92829775 0.87427204 0.82057075 0.76804453 0.71755587 0.66992446 0.62587255 0.58597766 0.55063909 0.52006257 0.49426389 0.47308913 0.45624708 0.44334778 0.43394194 0.42755668 0.42372496 0.42200721 0.42200553 0.42337109 0.42580618 0.42906229 0.43293561 0.43726102 0.44190551 0.4467616 0.45174118 0.45677006 0.46178318 0.46672059 0.47152399 0.47613367 0.48048568 0.48450869 0.48812018 0.49122107 0.49368739 0.4953562 0.49600031 0.49527984
1.5733851 1.5610697 1.5477052 1.533191 1.5174179 1.5002681 1.4816158 1.4613278 1.4392651 1.4152849 1.3892441 1.3610035 1.3304342 1.297425 1.2618919 1.2237901 1.1831266 1.1399742 1.0944865 1.0469101 0.99759495 0.94699796 0.89567993 0.84429221 0.79355303 0.744214 0.69701904 0.65265993 0.61173376 0.57470754 0.54189465 0.51344546 0.48935251 0.46946821 0.4535314 0.44119862 0.43207588 0.42574776 0.42180161 0.41984594 0.41952273 0.42051447 0.42254669 0.42538711 0.42884247 0.43275388 0.43699151 0.44144905 0.4460384 0.45068477 0.4553223 0.45989016 0.4643291 0.46857823 0.47257175 0.47623521 0.4794806 0.48219907 0.48424908 0.48543551 0.48547051 0.48389563 0.47991768
1.5356214 1.521268 1.505731 1.4889061 1.4706824 1.4509431 1.429567 1.40643 1.3814083 1.3543815 1.3252381 1.2938809 1.2602352 1.2242575 1.1859456 1.1453502 1.1025863 1.0578437 1.0113962 0.96360661 0.91492669 0.86589018 0.81709802 0.76919546 0.72284214 0.67867758 0.63728532 0.59915989 0.5646804 0.53409393 0.50751003 0.48490651 0.46614459 0.45099076 0.43914216 0.43025245 0.42395556 0.41988583 0.41769359 0.41705595 0.41768341 0.41932263 0.4217564 0.42480149 0.42830513 0.43214069 0.43620309 0.44040421 0.44466846 0.44892877 0.45312278 0.45718935 0.46106505 0.46468025 0.46795436 0.47078912 0.473058 0.47458823 0.47512797 0.47428332 0.47139086 0.46524784 0.45351795
1.494249 1.4777553 1.4599581 1.4407549 1.4200396 1.3977042 1.3736411 1.3477459 1.3199217 1.2900834 1.2581645 1.2241236 1.1879526 1.1496858 1.1094094 1.0672696 1.0234814 0.97833296 0.93218822 0.88548333 0.83871799 0.79244021 0.74722523 0.70364943 0.66226166 0.62355453 0.58793879 0.55572361 0.52710478 0.50216185 0.48086376 0.46308177 0.44860748 0.43717352 0.42847468 0.42218749 0.41798701 0.4155601 0.41461495 0.41488711 0.41614251 0.41817791 0.42081959 0.42392069 0.42735779 0.43102701 0.43484008 0.43872031 0.44259887 0.446411 0.45009233 0.45357481 0.45678194 0.45962228 0.46197966 0.46369721 0.46454925 0.46418914 0.46204827 0.4571322 0.44759516 0.42982987 0.39651361
1.4494499 1.4307701 1.4106912 1.389119 1.3659595 1.3411222 1.3145222 1.2860852 1.2557517 1.2234829 1.1892669 1.1531263 1.1151251 1.0753765 1.0340493 0.99137315 0.94764121 0.90320943 0.85849164 0.81394983 0.77007949 0.72739066 0.68638563 0.6475353 0.61125623 0.57789081 0.54769244 0.52081722 0.4973226 0.47717269 0.46024927 0.44636653 0.43528812 0.42674445 0.42044893 0.41611203 0.41345266 0.41220652 0.41213168 0.41301159 0.41465594 0.41689998 0.41960249 0.42264313 0.42591911 0.42934172 0.43283275 0.43632074 0.43973725 0.44301268 0.44607142 0.44882548 0.45116533 0.45294536 0.45395938 0.45389685 0.4522615 0.44821442 0.44026238 0.4256254 0.39894684 0.34974468 0.25798018
1.4015279 1.3806831 1.3583773 1.3345312 1.3090708 1.2819305 1.2530574 1.2224153 1.1899902 1.1557957 1.1198794 1.0823289 1.0432772 1.0029075 0.96145625 0.91921388 0.87652226 0.83376883 0.79137669 0.7497911 0.70946264 0.67082845 0.63429284 0.60020895 0.56886336 0.54046495 0.51513893 0.49292654 0.47378987 0.45762106 0.44425458 0.43348118 0.42506219 0.41874306 0.41426516 0.41137556 0.40983439 0.40941996 0.40993161 0.411191 0.41304169 0.4153478 0.41799179 0.42087165 0.42389782 0.42698973 0.43007215 0.43307104 0.43590873 0.43849768 0.44073176 0.44247293 0.44352965 0.44361966 0.44230362 0.43886245 0.43206454 0.41971571 0.39778372 0.35873304 0.28862565 0.16337188 -0.05090067
1.3509054 1.3279903 1.3035933 1.2776566 1.2501328 1.2209886 1.1902084 1.1577999 1.123798 1.0882704 1.0513221 1.0130995 0.97379387 0.93364204 0.89292615 0.85197001 0.81113267 0.77079895 0.73136714 0.69323446 0.65678126 0.62235518 0.59025653 0.56072629 0.53393761 0.50999167 0.48891784 0.470678 0.45517428 0.44225921 0.43174724 0.42342664 0.41707072 0.41244788 0.40933002 0.40749897 0.40675116 0.4069004 0.40777924 0.40923894 0.41114845 0.4133926 0.41586966 0.41848844 0.4211649 0.42381823 0.42636615 0.42871887 0.43077087 0.43238861 0.4333913 0.43351913 0.43237847 0.42934471 0.42338556 0.41273391 0.394279 0.3624508 0.3073032 0.21180526 0.050293429 -0.20413955 -0.55084703
