Interpolating SPI Data/spi_stations/interpolated_spi/4-22_2.tif
NCOLS 257
NROWS 141
XLLCORNER -178.27925
YLLCORNER 5.3153543
DX 0.49934803
DY 0.49997533
NODATA_VALUE -9999
[rows 28 to 55 of 141, columns 0 to 61 of 257]
1.7403634 1.7437491 1.7470551 1.7502794 1.7534204 1.7564764 1.7594456 1.7623268 1.7651186 1.7678196 1.7704289 1.7729456 1.7753688 1.777698 1.7799327 1.7820728 1.7841182 1.7860691 1.7879258 1.789689 1.7913596 1.7929384 1.7944269 1.7958265 1.7971389 1.798366 1.7995101 1.8005733 1.8015583 1.8024678 1.8033047 1.8040719 1.8047727 1.8054103 1.805988 1.8065094 1.8069778 1.8073967 1.8077697 1.8081 1.8083912 1.8086464 1.8088689 1.8090617 1.8092278 1.8093698 1.8094904 1.8095921 1.809677 1.8097474 1.809805 1.8098517 1.809889 1.8099185 1.8099413 1.8099587 1.8099717 1.8099811 1.8099878 1.8099924 1.8099955 1.8099974
1.7472043 1.7503804 1.7534741 1.756484 1.7594086 1.7622466 1.7649968 1.7676581 1.7702295 1.7727103 1.7750998 1.7773976 1.7796033 1.7817168 1.7837382 1.7856678 1.7875059 1.7892533 1.7909107 1.7924794 1.7939604 1.7953553 1.7966658 1.7978938 1.7990412 1.8001104 1.8011038 1.8020239 1.8028735 1.8036553 1.8043725 1.805028 1.805625 1.8061666 1.8066562 1.8070969 1.8074919 1.8078444 1.8081577 1.8084346 1.8086783 1.8088916 1.8090772 1.8092377 1.8093756 1.8094933 1.809593 1.8096767 1.8097463 1.8098036 1.8098502 1.8098876 1.8099172 1.8099402 1.8099578 1.809971 1.8099806 1.8099875 1.8099922 1.8099953 1.8099973 1.8099985
1.75305 1.7560267 1.7589199 1.7617281 1.7644504 1.7670858 1.7696334 1.7720926 1.7744627 1.7767434 1.7789345 1.781036 1.7830478 1.7849703 1.786804 1.7885496 1.7902079 1.7917799 1.7932669 1.7946702 1.7959916 1.7972327 1.7983955 1.7994822 1.800495 1.8014363 1.8023087 1.8031149 1.8038576 1.8045396 1.8051639 1.8057335 1.8062513 1.8067204 1.8071437 1.8075243 1.8078651 1.8081688 1.8084384 1.8086766 1.8088859 1.8090688 1.8092277 1.8093649 1.8094825 1.8095826 1.809667 1.8097376 1.8097959 1.8098436 1.8098821 1.8099127 1.8099366 1.809955 1.8099688 1.809979 1.8099863 1.8099914 1.8099948 1.809997 1.8099983 1.8099991
1.7580531 1.7608431 1.7635491 1.7661703 1.7687059 1.7711552 1.7735178 1.7757933 1.7779816 1.7800827 1.7820966 1.7840236 1.7858643 1.7876193 1.7892893 1.7908755 1.7923789 1.793801 1.7951431 1.796407 1.7975946 1.7987077 1.7997485 1.8007193 1.8016224 1.8024604 1.8032357 1.803951 1.8046091 1.8052127 1.8057645 1.8062675 1.8067243 1.8071378 1.8075108 1.8078458 1.8081455 1.8084126 1.8086494 1.8088584 1.8090418 1.809202 1.8093408 1.8094604 1.8095627 1.8096494 1.8097222 1.8097827 1.8098325 1.8098729 1.8099052 1.8099306 1.8099503 1.8099652 1.8099763 1.8099843 1.80999 1.8099938 1.8099963 1.8099979 1.8099989 1.8099994
1.7623428 1.7649596 1.7674931 1.7699424 1.7723073 1.7745874 1.7767826 1.7788929 1.7809183 1.7828592 1.7847161 1.7864895 1.7881802 1.7897891 1.7913174 1.7927662 1.794137 1.7954314 1.796651 1.7977977 1.7988734 1.7998802 1.8008203 1.801696 1.8025097 1.8032639 1.803961 1.8046037 1.8051944 1.8057359 1.8062307 1.8066814 1.8070906 1.8074609 1.8077947 1.8080944 1.8083625 1.8086012 1.8088127 1.8089991 1.8091626 1.809305 1.8094282 1.8095341 1.8096243 1.8097005 1.8097642 1.8098169 1.8098599 1.8098946 1.8099221 1.8099436 1.80996 1.8099724 1.8099814 1.8099879 1.8099924 1.8099954 1.8099973 1.8099985 1.8099992 1.8099996
1.7660279 1.7684856 1.770861 1.7731539 1.775364 1.7774914 1.7795362 1.7814986 1.7833791 1.7851782 1.7868967 1.7885354 1.7900953 1.7915775 1.7929834 1.7943144 1.795572 1.796758 1.7978741 1.7989223 1.7999045 1.800823 1.8016799 1.8024775 1.8032181 1.8039041 1.8045379 1.8051219 1.8056586 1.8061504 1.8065997 1.807009 1.8073804 1.8077165 1.8080193 1.8082912 1.8085342 1.8087504 1.8089418 1.8091104 1.8092579 1.8093862 1.8094969 1.8095918 1.8096724 1.8097402 1.8097966 1.809843 1.8098807 1.8099109 1.8099346 1.8099531 1.809967 1.8099774 1.809985 1.8099903 1.809994 1.8099964 1.8099979 1.8099989 1.8099994 1.8099997
1.7691999 1.7715123 1.7737441 1.7758953 1.7779659 1.7799562 1.7818665 1.7836975 1.7854497 1.7871238 1.7887209 1.7902419 1.7916881 1.7930608 1.7943613 1.7955913 1.7967524 1.7978464 1.7988751 1.7998405 1.8007446 1.8015895 1.8023775 1.8031106 1.8037911 1.8044213 1.8050034 1.8055398 1.8060327 1.8064843 1.8068969 1.8072727 1.8076138 1.8079223 1.8082002 1.8084496 1.8086724 1.8088704 1.8090456 1.8091996 1.8093342 1.809451 1.8095516 1.8096375 1.8097102 1.8097712 1.8098217 1.8098631 1.8098965 1.8099231 1.809944 1.80996 1.8099721 1.809981 1.8099875 1.809992 1.809995 1.809997 1.8099983 1.8099991 1.8099995 1.8099998
1.7719355 1.774116 1.776218 1.7782415 1.7801869 1.7820548 1.7838455 1.78556 1.7871989 1.7887632 1.7902541 1.7916727 1.7930202 1.7942982 1.7955082 1.7966517 1.7977305 1.7987464 1.7997012 1.8005969 1.8014355 1.802219 1.8029495 1.8036292 1.80426 1.8048442 1.8053839 1.8058812 1.8063382 1.8067569 1.8071395 1.807488 1.8078042 1.8080901 1.8083477 1.8085787 1.8087849 1.808968 1.8091298 1.8092718 1.8093957 1.8095031 1.8095953 1.8096738 1.8097401 1.8097955 1.8098413 1.8098786 1.8099086 1.8099324 1.8099509 1.8099651 1.8099758 1.8099836 1.8099892 1.8099931 1.8099958 1.8099975 1.8099986 1.8099992 1.8099996 1.8099998
1.774299 1.7763603 1.7783453 1.7802543 1.7820879 1.7838467 1.7855314 1.7871429 1.7886822 1.7901503 1.7915484 1.7928778 1.7941399 1.7953363 1.7964683 1.7975378 1.7985464 1.7994959 1.8003882 1.801225 1.8020085 1.8027405 1.803423 1.804058 1.8046475 1.8051935 1.805698 1.8061629 1.8065902 1.8069818 1.8073395 1.8076654 1.807961 1.8082283 1.808469 1.8086846 1.8088771 1.8090478 1.8091984 1.8093305 1.8094455 1.809545 1.8096302 1.8097027 1.8097637 1.8098145 1.8098564 1.8098904 1.8099177 1.8099393 1.809956 1.8099688 1.8099784 1.8099854 1.8099904 1.8099939 1.8099962 1.8099978 1.8099987 1.8099993 1.8099996 1.8099998
1.7763439 1.778298 1.780178 1.7819847 1.7837187 1.7853807 1.7869716 1.7884924 1.7899441 1.7913279 1.7926452 1.7938971 1.7950853 1.7962111 1.7972762 1.7982822 1.7992309 1.8001238 1.800963 1.8017501 1.802487 1.8031756 1.8038177 1.8044153 1.8049701 1.8054842 1.8059592 1.8063971 1.8067996 1.8071685 1.8075055 1.8078124 1.8080909 1.8083426 1.808569 1.8087719 1.8089527 1.8091131 1.8092544 1.8093781 1.8094857 1.8095786 1.8096581 1.8097255 1.8097822 1.8098293 1.809868 1.8098994 1.8099246 1.8099444 1.8099598 1.8099715 1.8099802 1.8099866 1.8099912 1.8099944 1.8099965 1.8099979 1.8099988 1.8099993 1.8099997 1.8099998
1.7781151 1.7799729 1.7817591 1.7834746 1.7851201 1.7866963 1.7882044 1.7896454 1.7910204 1.7923306 1.7935774 1.7947621 1.7958862 1.7969512 1.7979587 1.7989102 1.7998076 1.8006523 1.8014462 1.802191 1.8028885 1.8035404 1.8041484 1.8047144 1.8052401 1.8057272 1.8061775 1.8065926 1.8069742 1.807324 1.8076436 1.8079346 1.8081986 1.8084371 1.8086516 1.8088437 1.8090148 1.8091663 1.8092998 1.8094165 1.8095179 1.8096053 1.8096801 1.8097434 1.8097965 1.8098406 1.8098768 1.8099061 1.8099296 1.8099481 1.8099624 1.8099733 1.8099814 1.8099874 1.8099917 1.8099946 1.8099966 1.809998 1.8099988 1.8099993 1.8099996 1.8099998
1.7796496 1.7814213 1.7831239 1.7847583 1.7863253 1.7878259 1.789261 1.7906319 1.7919397 1.7931856 1.7943711 1.7954975 1.7965661 1.7975787 1.7985365 1.7994414 1.8002947 1.8010982 1.8018536 1.8025624 1.8032263 1.803847 1.8044262 1.8049654 1.8054664 1.8059308 1.8063601 1.8067559 1.8071199 1.8074536 1.8077584 1.8080359 1.8082876 1.8085149 1.8087194 1.8089023 1.8090652 1.8092093 1.8093362 1.8094471 1.8095434 1.8096263 1.8096971 1.809757 1.8098073 1.809849 1.8098832 1.8099109 1.8099331 1.8099505 1.8099641 1.8099744 1.8099821 1.8099878 1.8099919 1.8099947 1.8099967 1.809998 1.8099988 1.8099993 1.8099996 1.8099998
1.7809783 1.7826732 1.7843015 1.785864 1.7873616 1.7887954 1.7901665 1.7914759 1.792725 1.7939149 1.7950471 1.7961228 1.7971436 1.7981108 1.799026 1.7998907 1.8007063 1.8014746 1.802197 1.8028751 1.8035104 1.8041046 1.8046592 1.8051758 1.8056558 1.8061008 1.8065123 1.8068919 1.8072409 1.8075608 1.8078531 1.8081192 1.8083605 1.8085784 1.8087743 1.8089495 1.8091055 1.8092435 1.8093649 1.8094709 1.8095629 1.8096422 1.8097098 1.8097671 1.8098151 1.8098549 1.8098875 1.809914 1.8099352 1.809952 1.8099649 1.8099749 1.8099824 1.8099879 1.8099918 1.8099946 1.8099966 1.8099979 1.8099987 1.8099992 1.8099996 1.8099998
1.7821264 1.7837531 1.7853155 1.7868144 1.788251 1.7896261 1.790941 1.7921967 1.7933945 1.7945357 1.7956216 1.7966535 1.7976329 1.7985611 1.7994396 1.8002697 1.8010531 1.8017912 1.8024855 1.8031374 1.8037484 1.80432 1.8048537 1.805351 1.8058132 1.8062418 1.8066382 1.8070039 1.8073402 1.8076486 1.8079303 1.8081867 1.8084192 1.8086292 1.8088179 1.8089867 1.8091369 1.8092698 1.8093867 1.8094888 1.8095773 1.8096536 1.8097187 1.8097739 1.8098201 1.8098585 1.8098901 1.8099157 1.8099362 1.8099524 1.8099651 1.8099748 1.8099822 1.8099876 1.8099916 1.8099944 1.8099963 1.8099977 1.8099986 1.8099991 1.8099995 1.8099997
1.7831146 1.7846809 1.7861851 1.7876281 1.7890109 1.7903346 1.7916004 1.7928093 1.7939626 1.7950615 1.7961074 1.7971015 1.7980451 1.7989398 1.7997867 1.8005874 1.8013432 1.8020555 1.8027258 1.8033554 1.8039457 1.8044982 1.8050142 1.805495 1.8059422 1.8063569 1.8067406 1.8070946 1.8074202 1.8077188 1.8079916 1.8082399 1.8084651 1.8086685 1.8088513 1.8090148 1.8091602 1.809289 1.8094022 1.8095011 1.809587 1.8096609 1.8097241 1.8097777 1.8098227 1.8098601 1.8098909 1.8099159 1.809936 1.809952 1.8099646 1.8099742 1.8099816 1.809987 1.8099911 1.8099939 1.809996 1.8099974 1.8099984 1.809999 1.8099994 1.8099996
1.7839596 1.7854726 1.7869256 1.7883195 1.7896553 1.7909342 1.7921572 1.7933254 1.7944402 1.7955026 1.7965139 1.7974755 1.7983886 1.7992545 1.8000745 1.8008501 1.8015824 1.8022728 1.8029227 1.8035335 1.8041063 1.8046426 1.8051437 1.8056108 1.8060452 1.8064483 1.8068213 1.8071656 1.8074823 1.8077727 1.8080381 1.8082798 1.808499 1.8086969 1.8088749 1.8090341 1.8091759 1.8093013 1.8094117 1.8095082 1.8095921 1.8096643 1.8097262 1.8097787 1.8098228 1.8098596 1.80989 1.8099147 1.8099347 1.8099507 1.8099632 1.809973 1.8099804 1.8099861 1.8099902 1.8099933 1.8099954 1.809997 1.809998 1.8099987 1.8099992 1.8099995
1.7846742 1.7861405 1.7875487 1.7888998 1.7901948 1.7914347 1.7926207 1.7937539 1.7948354 1.7958665 1.7968483 1.7977821 1.7986691 1.7995106 1.8003079 1.8010621 1.8017746 1.8024466 1.8030795 1.8036744 1.8042326 1.8047554 1.805244 1.8056997 1.8061236 1.8065171 1.8068814 1.8072176 1.807527 1.8078109 1.8080703 1.8083067 1.8085211 1.8087148 1.808889 1.809045 1.8091839 1.8093069 1.8094152 1.8095101 1.8095925 1.8096637 1.8097247 1.8097766 1.8098204 1.8098569 1.8098872 1.809912 1.8099321 1.8099482 1.809961 1.809971 1.8099787 1.8099845 1.8099889 1.8099922 1.8099946 1.8099962 1.8099974 1.8099982 1.8099988 1.8099991
1.7852682 1.7866939 1.7880632 1.7893772 1.7906369 1.7918433 1.7929976 1.7941008 1.795154 1.7961584 1.7971151 1.7980255 1.7988905 1.7997115 1.8004896 1.8012261 1.8019221 1.8025788 1.8031975 1.8037794 1.8043256 1.8048373 1.8053158 1.8057622 1.8061777 1.8065635 1.8069207 1.8072506 1.8075543 1.807833 1.8080879 1.8083202 1.808531 1.8087216 1.8088931 1.8090468 1.8091837 1.8093052 1.8094122 1.8095061 1.8095878 1.8096585 1.8097192 1.809771 1.8098148 1.8098515 1.809882 1.8099071 1.8099276 1.8099441 1.8099573 1.8099677 1.8099757 1.809982 1.8099867 1.8099902 1.8099927 1.8099946 1.8099958 1.8099966 1.809997 1.8099971
1.7857485 1.787139 1.7884749 1.7897571 1.7909866 1.7921645 1.7932918 1.7943695 1.7953989 1.7963809 1.7973167 1.7982075 1.7990543 1.7998583 1.8006207 1.8013426 1.8020251 1.8026695 1.8032768 1.8038482 1.8043848 1.8048878 1.8053583 1.8057975 1.8062064 1.8065863 1.8069382 1.8072634 1.8075629 1.8078378 1.8080895 1.8083189 1.8085274 1.8087159 1.8088858 1.8090381 1.809174 1.8092947 1.8094013 1.8094948 1.8095765 1.8096473 1.8097082 1.8097604 1.8098046 1.8098419 1.809873 1.8098987 1.8099198 1.8099369 1.8099506 1.8099615 1.80997 1.8099765 1.8099815 1.809985 1.8099875 1.8099889 1.8099894 1.8099889 1.8099869 1.8099826
1.786119 1.7874795 1.7887868 1.790042 1.7912461 1.7924 1.7935047 1.7945613 1.7955709 1.7965344 1.7974531 1.7983278 1.7991599 1.7999502 1.8007 1.8014103 1.8020822 1.8027169 1.8033153 1.8038787 1.804408 1.8049045 1.8053691 1.8058029 1.8062072 1.8065829 1.8069311 1.8072531 1.8075498 1.8078225 1.8080722 1.8083001 1.8085073 1.8086949 1.8088641 1.8090161 1.8091519 1.8092726 1.8093794 1.8094734 1.8095556 1.8096271 1.8096888 1.8097417 1.8097868 1.8098249 1.8098568 1.8098832 1.809905 1.8099226 1.8099367 1.8099477 1.8099561 1.8099622 1.8099661 1.809968 1.8099676 1.8099646 1.8099577 1.8099448 1.8099211 1.8098759
1.7863808 1.7877159 1.7889994 1.7902321 1.791415 1.7925491 1.7936353 1.7946747 1.7956682 1.7966169 1.7975218 1.798384 1.7992044 1.7999841 1.8007242 1.8014257 1.8020897 1.8027171 1.8033091 1.8038667 1.8043909 1.8048828 1.8053435 1.8057739 1.8061752 1.8065484 1.8068946 1.8072149 1.8075103 1.807782 1.808031 1.8082585 1.8084656 1.8086533 1.8088229 1.8089753 1.8091118 1.8092333 1.809341 1.809436 1.8095192 1.8095917 1.8096544 1.8097083 1.8097542 1.8097929 1.8098253 1.8098519 1.8098735 1.8098904 1.8099031 1.8099119 1.8099168 1.8099177 1.8099138 1.8099038 1.809885 1.8098526 1.8097967 1.8096974 1.8095116 1.809139
1.786532 1.7878462 1.78911 1.7903243 1.79149 1.7926082 1.7936796 1.7947053 1.7956863 1.7966235 1.7975178 1.7983704 1.7991822 1.7999541 1.8006872 1.8013824 1.8020409 1.8026635 1.8032512 1.8038052 1.8043263 1.8048156 1.8052741 1.8057028 1.8061028 1.806475 1.8068206 1.8071406 1.807436 1.8077079 1.8079573 1.8081855 1.8083933 1.808582 1.8087526 1.8089061 1.8090437 1.8091664 1.8092753 1.8093712 1.8094553 1.8095285 1.8095916 1.8096454 1.8096909 1.8097285 1.8097589 1.8097826 1.8097997 1.8098103 1.8098141 1.8098102 1.8097969 1.8097712 1.8097278 1.8096572 1.8095418 1.8093481 1.8090091 1.8083812 1.8071374 1.8044713
1.7865679 1.7878651 1.789113 1.7903127 1.7914649 1.7925705 1.7936306 1.7946459 1.7956174 1.7965461 1.7974328 1.7982786 1.7990843 1.799851 1.8005795 1.8012708 1.8019259 1.8025457 1.8031312 1.8036834 1.8042031 1.8046915 1.8051494 1.8055779 1.8059779 1.8063505 1.8066966 1.8070173 1.8073136 1.8075865 1.8078371 1.8080664 1.8082755 1.8084653 1.8086369 1.8087914 1.8089297 1.8090528 1.8091617 1.8092573 1.8093404 1.8094117 1.809472 1.8095219 1.8095616 1.8095915 1.8096113 1.8096207 1.8096184 1.8096025 1.8095694 1.8095135 1.8094252 1.8092882 1.8090742 1.808732 1.8081649 1.8071812 1.8053791 1.8018622 1.7944909 1.7777857
1.7864803 1.7877639 1.7889995 1.7901877 1.7913296 1.7924259 1.7934775 1.7944853 1.7954501 1.7963729 1.7972545 1.7980959 1.7988979 1.7996614 1.8003874 1.8010767 1.8017303 1.802349 1.8029339 1.8034857 1.8040055 1.8044941 1.8049525 1.8053817 1.8057826 1.8061562 1.8065033 1.8068251 1.8071224 1.8073963 1.8076477 1.8078776 1.808087 1.8082767 1.8084478 1.8086012 1.8087376 1.8088579 1.8089627 1.8090528 1.8091286 1.8091903 1.809238 1.8092714 1.8092898 1.8092916 1.8092745 1.8092345 1.8091655 1.8090578 1.8088958 1.8086542 1.8082908 1.807733 1.8068507 1.8054016 1.802913 1.798414 1.7897993 1.7722445 1.7341394 1.6469576
1.786257 1.7875303 1.7887563 1.7899361 1.7910704 1.7921599 1.7932056 1.7942082 1.7951686 1.7960876 1.7969661 1.7978049 1.7986049 1.7993669 1.8000918 1.8007805 1.8014337 1.8020524 1.8026375 1.8031898 1.8037101 1.8041994 1.8046586 1.8050885 1.80549 1.805864 1.8062115 1.8065332 1.8068302 1.8071032 1.8073531 1.8075807 1.8077869 1.8079724 1.8081378 1.8082838 1.8084108 1.8085192 1.808609 1.8086801 1.8087318 1.8087632 1.8087724 1.8087564 1.808711 1.8086295 1.8085019 1.8083132 1.8080401 1.8076461 1.8070725 1.8062224 1.8049304 1.8029046 1.7996088 1.7940166 1.7840749 1.7654939 1.7289733 1.6540583 1.4979985 1.1908604
1.7858819 1.7871472 1.7883662 1.7895396 1.7906683 1.7917531 1.7927946 1.7937938 1.7947513 1.7956679 1.7965446 1.797382 1.7981809 1.7989422 1.7996666 1.800355 1.8010082 1.8016269 1.8022119 1.8027641 1.8032843 1.8037733 1.8042318 1.8046606 1.8050606 1.8054325 1.8057771 1.8060951 1.8063872 1.806654 1.8068962 1.8071142 1.8073085 1.8074794 1.8076269 1.8077509 1.8078509 1.807926 1.8079748 1.807995 1.8079833 1.8079347 1.8078423 1.8076959 1.8074805 1.8071745 1.8067453 1.8061432 1.8052912 1.8040668 1.8022693 1.7995604 1.7953514 1.7885806 1.7772656 1.7575754 1.7218994 1.6549875 1.5274857 1.2917343 0.9066676 0.42566562
1.7853337 1.7865926 1.7878061 1.7889746 1.7900991 1.7911801 1.7922185 1.7932149 1.7941701 1.7950848 1.7959598 1.7967957 1.7975933 1.7983534 1.7990766 1.7997637 1.8004154 1.8010323 1.8016153 1.802165 1.8026821 1.8031672 1.803621 1.8040441 1.804437 1.8048005 1.8051348 1.8054405 1.8057178 1.8059669 1.8061879 1.8063806 1.8065445 1.8066788 1.8067822 1.8068529 1.8068882 1.8068842 1.8068356 1.8067348 1.8065716 1.8063313 1.8059932 1.8055275 1.8048911 1.8040201 1.8028181 1.8011367 1.7987418 1.7952549 1.7900465 1.7820399 1.7693404 1.7485224 1.7132679 1.6518774 1.5434154 1.3548789 1.0514572 0.64168416 0.22659521 -0.068667363
1.7845852 1.7858385 1.7870469 1.7882109 1.7893312 1.7904084 1.7914433 1.7924364 1.7933885 1.7943002 1.7951721 1.7960048 1.7967991 1.7975555 1.7982747 1.7989571 1.7996035 1.8002144 1.8007903 1.8013318 1.8018392 1.802313 1.8027536 1.8031613 1.8035362 1.8038785 1.804188 1.8044646 1.8047078 1.8049166 1.8050901 1.8052265 1.8053235 1.805378 1.8053855 1.8053403 1.8052347 1.8050578 1.8047954 1.8044276 1.8039269 1.8032548 1.8023568 1.8011538 1.7995304 1.7973132 1.7942384 1.7898942 1.7836234 1.7743529 1.760289 1.7383708 1.7033012 1.6459114 1.5508106 1.3946135 1.1504909 0.81083838 0.4246562 0.090795587 -0.1238891 -0.22871655
