Interpolating SPI Data/spi_stations/interpolated_spi/4-22_1.tif
NCOLS 257
NROWS 141
XLLCORNER -178.27925
YLLCORNER 5.3153543
DX 0.49934803
DY 0.49997533
NODATA_VALUE -9999
[rows 108 to 134 of 141, columns 124 to 185 of 257]
-0.77308478 -1.0157024 -1.3217849 -1.508639 -1.5750486 -1.5934694 -1.5982138 -1.5994326 -1.5997169 -1.5996444 -1.5991315 -1.5973398 -1.5907494 -1.5614703 -1.4456966 -1.3615012 -1.3579384 -1.3560142 -1.3263722 -0.99779668 0.11033442 0.40695297 0.43041832 0.43646143 0.43885973 0.43969189 0.43993127 0.43998749 0.43999815 0.43999978 0.43999998 0.44 0.44 0.44 0.44 0.44 0.44 0.44 0.44 0.44 0.44 0.44 0.44 0.44 0.44 0.44 0.43999999 0.43999969 0.43995793 0.42501351 -0.13462155 -0.21407959 -0.21189419 -0.2108013 -0.20536354 0.56876242 0.82958463 0.82996333 0.82998875 0.82999715 0.82999942 0.82999991
-0.84812465 -1.108912 -1.374989 -1.5225008 -1.5766514 -1.5931523 -1.5978938 -1.5992371 -1.5995497 -1.5993836 -1.5985548 -1.5958591 -1.5862513 -1.5445998 -1.421343 -1.3604028 -1.3542974 -1.3275887 -1.0932395 -0.12332863 0.37779522 0.42771142 0.43531076 0.4382222 0.43940823 0.43983011 0.4399583 0.43999128 0.43999844 0.43999976 0.43999997 0.44 0.44 0.44 0.44 0.44 0.44 0.44 0.44 0.44 0.44 0.44 0.44 0.44 0.44 0.44 0.43999999 0.43999987 0.43998977 0.43785861 0.19215292 -0.20767114 -0.2126077 -0.21058533 -0.060932847 0.81566942 0.82992392 0.82997955 0.82999356 0.82999828 0.82999962 0.82999993
-0.92892245 -1.1884089 -1.4136258 -1.5321647 -1.5776315 -1.5927362 -1.5975126 -1.5989773 -1.5992998 -1.598986 -1.5977096 -1.5937455 -1.5797412 -1.522902 -1.4026997 -1.3554802 -1.327076 -1.149 -0.36558098 0.31347613 0.42114606 0.43376394 0.43738937 0.43897998 0.43964445 0.43989041 0.43997024 0.43999287 0.43999848 0.43999971 0.43999995 0.43999999 0.44 0.44 0.44 0.44 0.44 0.44 0.44 0.44 0.44 0.44 0.44 0.44 0.44 0.44 0.44 0.43999992 0.43999646 0.43955809 0.39004483 -0.14059798 -0.21222399 -0.19330423 0.59779234 0.82892676 0.82996248 0.82998674 0.82999563 0.82999875 0.82999969 0.82999994
-1.0087531 -1.2531287 -1.4418231 -1.5390131 -1.5781566 -1.5922234 -1.5970579 -1.5986343 -1.5989378 -1.5984043 -1.5965038 -1.5907404 -1.5704841 -1.4977912 -1.3857021 -1.3287843 -1.1831941 -0.57110308 0.2038422 0.4054686 0.43119424 0.43630887 0.43838124 0.43934354 0.43975849 0.43991972 0.43997589 0.43999343 0.43999836 0.43999962 0.43999992 0.43999998 0.44 0.44 0.44 0.44 0.44 0.44 0.44 0.44 0.44 0.44 0.44 0.44 0.44 0.44 0.44 0.43999994 0.43999838 0.43987478 0.42974006 0.10180506 -0.19947525 0.038691706 0.80770227 0.82983557 0.82997452 0.82999022 0.82999658 0.82999894 0.82999971 0.82999993
-1.082543 -1.3044744 -1.4626091 -1.5439108 -1.5783323 -1.5916114 -1.5965147 -1.598185 -1.5984288 -1.59758 -1.5948109 -1.5864864 -1.5577731 -1.4698988 -1.3538828 -1.2094385 -0.7284089 0.054141513 0.37303541 0.4260194 0.43479664 0.43758132 0.43889893 0.43953414 0.43981841 0.43993486 0.43997845 0.43999338 0.4399981 0.43999948 0.43999986 0.43999996 0.43999999 0.44 0.44 0.44 0.44 0.44 0.44 0.44 0.44 0.44 0.44 0.44 0.44 0.44 0.43999999 0.43999995 0.43999907 0.43995377 0.43732331 0.3296034 -0.10263324 0.60883144 0.8273638 0.829939 0.8299802 0.82999195 0.82999699 0.82999898 0.82999968 0.82999991
-1.1475344 -1.3447305 -1.4781059 -1.5474125 -1.5782257 -1.5908935 -1.5958653 -1.5976023 -1.5977307 -1.5964378 -1.5924557 -1.5805022 -1.5405576 -1.4316381 -1.2530197 -0.85009026 -0.11685292 0.31629391 0.41526973 0.43232914 0.43650833 0.43828307 0.43918921 0.43964106 0.4398516 0.43994265 0.43997921 0.43999288 0.43999767 0.43999926 0.43999977 0.43999993 0.43999998 0.43999999 0.44 0.44 0.44 0.44 0.44 0.44 0.44 0.44 0.44 0.44 0.44 0.44 0.43999999 0.43999995 0.43999935 0.43997874 0.43911694 0.40880738 0.22314363 0.79669051 0.82952226 0.82995994 0.82998314 0.82999275 0.8299971 0.82999892 0.82999962 0.82999988
-1.2029349 -1.3761945 -1.4897786 -1.5498828 -1.5778792 -1.5900596 -1.595089 -1.5968548 -1.5967923 -1.594878 -1.5891865 -1.5719724 -1.5145922 -1.3487653 -0.97027931 -0.29271798 0.23125525 0.39466855 0.42776762 0.43496148 0.43745533 0.43869687 0.4393612 0.43970377 0.4398702 0.43994615 0.43997876 0.43999197 0.43999707 0.43999895 0.43999962 0.43999986 0.43999995 0.43999998 0.43999999 0.44 0.44 0.44 0.44 0.44 0.44 0.44 0.44 0.44 0.44 0.44 0.43999999 0.43999995 0.43999948 0.43998827 0.43964369 0.43049331 0.54842272 0.82406697 0.82985107 0.82996694 0.82998454 0.82999297 0.82999698 0.82999877 0.82999953 0.82999982
-1.2491984 -1.4008316 -1.4986395 -1.5515661 -1.5773184 -1.5890968 -1.594162 -1.5959051 -1.5955492 -1.5927592 -1.5845611 -1.5585999 -1.4623853 -1.1376705 -0.48183385 0.11757183 0.35939098 0.41915638 0.43246792 0.43632275 0.43802643 0.43895306 0.43946706 0.43974119 0.43988006 0.43994681 0.43997732 0.43999064 0.43999622 0.43999849 0.4399994 0.43999975 0.4399999 0.43999995 0.43999998 0.43999999 0.43999999 0.44 0.44 0.44 0.44 0.44 0.44 0.44 0.43999999 0.43999999 0.43999998 0.43999993 0.43999953 0.43999247 0.43983116 0.43766215 0.68805932 0.8284764 0.82991977 0.82996983 0.82998496 0.82999276 0.82999667 0.82999853 0.82999937 0.82999974
-1.2873794 -1.4202045 -1.505393 -1.5526293 -1.5765574 -1.5879889 -1.5930568 -1.5947084 -1.593913 -1.5898369 -1.5774449 -1.5322967 -1.3326032 -0.72857792 -0.031794104 0.30452086 0.40372914 0.42812404 0.4346664 0.43712468 0.43838994 0.43911712 0.43953341 0.43976301 0.43988416 0.43994533 0.43997498 0.43998881 0.43999508 0.43999784 0.43999905 0.43999957 0.4399998 0.4399999 0.43999995 0.43999997 0.43999998 0.43999999 0.43999999 0.43999999 0.43999999 0.43999999 0.43999999 0.43999999 0.43999999 0.43999998 0.43999997 0.43999991 0.43999953 0.43999452 0.43991333 0.44179953 0.74519146 0.82938408 0.82993853 0.82997073 0.82998463 0.82999219 0.82999616 0.82999817 0.82999915 0.82999961
-1.3187088 -1.4355115 -1.510535 -1.5531872 -1.5756016 -1.586717 -1.591741 -1.5932052 -1.5917374 -1.585526 -1.5642042 -1.4677871 -1.0414795 -0.25198581 0.22162515 0.37789473 0.42048163 0.43204229 0.4358768 0.437635 0.43862953 0.43922412 0.43957466 0.43977444 0.43988408 0.43994207 0.43997172 0.43998643 0.43999355 0.43999694 0.43999853 0.43999928 0.43999964 0.43999981 0.43999989 0.43999994 0.43999996 0.43999997 0.43999998 0.43999998 0.43999998 0.43999998 0.43999998 0.43999998 0.43999997 0.43999997 0.43999994 0.43999987 0.43999948 0.43999563 0.43996614 0.44668009 0.77408833 0.82962161 0.82994424 0.82997033 0.82998366 0.82999124 0.82999543 0.82999766 0.82999882 0.82999941
-1.3443666 -1.4476574 -1.5144185 -1.5533192 -1.5744498 -1.5852581 -1.5901725 -1.5913008 -1.5886945 -1.5780968 -1.5335634 -1.3071983 -0.59058591 0.085689545 0.33578802 0.40741912 0.42768041 0.43404684 0.43661962 0.43797517 0.43879066 0.43929388 0.43959896 0.43977844 0.43988068 0.43993715 0.43996747 0.43998337 0.43999154 0.43999569 0.43999778 0.43999883 0.43999936 0.43999964 0.43999979 0.43999987 0.43999991 0.43999994 0.43999995 0.43999996 0.43999996 0.43999996 0.43999996 0.43999996 0.43999995 0.43999993 0.4399999 0.43999981 0.43999939 0.43999639 0.4400305 0.45448715 0.79088972 0.82969698 0.82994511 0.82996886 0.82998207 0.8299899 0.82999441 0.82999695 0.82999835 0.8299991
-1.3653857 -1.4573211 -1.5172976 -1.5530798 -1.5730947 -1.5835826 -1.5882869 -1.5887965 -1.5838864 -1.5623933 -1.4562024 -0.98440254 -0.158218 0.26283342 0.38542877 0.42036274 0.43120588 0.43520725 0.43710766 0.4382081 0.43889954 0.43933808 0.43961113 0.43977671 0.43987441 0.43993058 0.43996213 0.43997951 0.43998893 0.439994 0.4399967 0.43999815 0.43999894 0.43999936 0.4399996 0.43999974 0.43999982 0.43999987 0.43999989 0.43999991 0.43999992 0.43999992 0.43999992 0.43999991 0.4399999 0.43999988 0.43999983 0.43999971 0.43999925 0.43999743 0.44015269 0.4670948 0.8013732 0.82972238 0.82994339 0.82996639 0.82997983 0.82998808 0.82999305 0.82999597 0.82999767 0.82999864
-1.3826277 -1.4650123 -1.5193571 -1.552505 -1.571522 -1.5816453 -1.5859551 -1.5851842 -1.5747744 -1.5246597 -1.2775444 -0.54113377 0.12227108 0.34657562 0.40803714 0.42663964 0.43314493 0.43594087 0.43744176 0.43836942 0.43897205 0.43936383 0.43961406 0.43977025 0.43986548 0.43992229 0.43995554 0.43997469 0.43998559 0.43999174 0.43999521 0.43999717 0.43999828 0.43999892 0.4399993 0.43999952 0.43999965 0.43999974 0.43999979 0.43999982 0.43999984 0.43999985 0.43999985 0.43999984 0.43999982 0.43999978 0.43999971 0.43999955 0.43999905 0.43999996 0.44040844 0.48597254 0.80820035 0.8297277 0.82993976 0.82996292 0.82997685 0.82998571 0.82999124 0.82999465 0.82999672 0.82999796
-1.3967922 -1.4711151 -1.5207316 -1.5516152 -1.5697041 -1.5793585 -1.5828676 -1.5791067 -1.5546986 -1.4347643 -0.95298383 -0.14339667 0.27051479 0.38633756 0.41912317 0.42999747 0.43431633 0.43643268 0.43767551 0.43848062 0.43901812 0.43937564 0.43960957 0.43975961 0.43985394 0.43991217 0.43994754 0.43996875 0.43998135 0.43998879 0.43999317 0.43999577 0.43999731 0.43999824 0.43999881 0.43999916 0.43999938 0.43999952 0.43999961 0.43999967 0.4399997 0.43999972 0.43999972 0.43999971 0.43999968 0.43999963 0.43999953 0.43999932 0.43999881 0.44000675 0.44092613 0.5115927 0.8127925 0.82972232 0.8299344 0.82995835 0.82997302 0.82998265 0.82998888 0.82999286 0.82999538 0.82999697
-1.4084389 -1.4759196 -1.5215179 -1.5504141 -1.5675834 -1.5765217 -1.5782412 -1.5671214 -1.5083777 -1.2465971 -0.53701024 0.11495146 0.3443872 0.40615798 0.4250081 0.43195695 0.43507547 0.43677446 0.43784 0.43855529 0.43904417 0.43937638 0.43959877 0.43974511 0.43983976 0.43990005 0.43993793 0.43996149 0.43997603 0.43998496 0.43999045 0.43999383 0.43999592 0.43999723 0.43999806 0.43999859 0.43999893 0.43999916 0.43999931 0.43999941 0.43999947 0.4399995 0.43999951 0.43999949 0.43999945 0.43999938 0.43999924 0.43999897 0.43999865 0.4400238 0.44191044 0.54292502 0.81596631 0.82970959 0.82992728 0.82995256 0.8299682 0.82997876 0.82998581 0.82999048 0.82999355 0.82999555
-1.4180122 -1.4796451 -1.5217812 -1.548878 -1.5650269 -1.572653 -1.5701677 -1.54133 -1.4073544 -0.93418727 -0.16690434 0.25723715 0.38178018 0.41667892 0.4283767 0.4331855 0.43559204 0.4370163 0.43795442 0.43860229 0.43905446 0.43936792 0.43958235 0.43972685 0.43982282 0.43988573 0.4399265 0.4399527 0.43996943 0.43998009 0.43998687 0.4399912 0.43999397 0.43999577 0.43999695 0.43999773 0.43999825 0.4399986 0.43999883 0.43999899 0.43999909 0.43999914 0.43999917 0.43999915 0.4399991 0.439999 0.43999882 0.43999848 0.43999889 0.44006307 0.44366183 0.57755533 0.81821125 0.82969074 0.82991823 0.82994537 0.82996219 0.82997385 0.82998187 0.82998734 0.82999105 0.82999354
-1.4258626 -1.4824546 -1.5215524 -1.5469278 -1.5617241 -1.5666248 -1.5543534 -1.4860104 -1.2156489 -0.55155015 0.083311471 0.33197187 0.40158818 0.42263503 0.43043809 0.43399969 0.43595447 0.43718773 0.43803119 0.4386276 0.43905182 0.43935149 0.4395607 0.43970486 0.43980297 0.43986899 0.43991301 0.43994215 0.43996134 0.43997395 0.43998224 0.4399877 0.43999132 0.43999374 0.43999536 0.43999647 0.43999722 0.43999774 0.4399981 0.43999834 0.4399985 0.4399986 0.43999864 0.43999863 0.43999857 0.43999844 0.43999819 0.43999782 0.44000035 0.44014662 0.44658285 0.61249968 0.81983005 0.82966616 0.82990704 0.82993655 0.82995478 0.8299677 0.82997682 0.82998322 0.82998768 0.82999077
-1.4322643 -1.4844609 -1.5208124 -1.5443646 -1.5569733 -1.5559688 -1.5221193 -1.3760487 -0.92115352 -0.20696095 0.22939751 0.37175635 0.41266898 0.42621647 0.43177204 0.43456116 0.43621251 0.43730725 0.43807865 0.43863531 0.43903822 0.43932791 0.43953403 0.43967905 0.43978 0.4398496 0.4398972 0.43992957 0.4399515 0.43996632 0.43997635 0.43998315 0.43998778 0.43999095 0.43999315 0.43999467 0.43999574 0.43999649 0.43999702 0.43999739 0.43999763 0.43999778 0.43999786 0.43999786 0.43999778 0.43999761 0.43999731 0.43999699 0.44000482 0.44031191 0.45115986 0.64518926 0.82101504 0.82963582 0.8298934 0.82992586 0.82994571 0.82996006 0.82997043 0.82997788 0.8299832 0.82998698
-1.437425 -1.4857214 -1.5194524 -1.5407393 -1.5492812 -1.5357301 -1.4583295 -1.1852126 -0.57226973 0.038402748 0.31060145 0.39377274 0.41921584 0.42848811 0.43267416 0.43495827 0.43639601 0.43738699 0.43810257 0.43862827 0.43901497 0.43929766 0.43950242 0.43964931 0.43975369 0.43982728 0.43987881 0.43991472 0.43993966 0.43995695 0.43996896 0.43997731 0.43998314 0.43998724 0.43999013 0.43999219 0.43999366 0.43999471 0.43999547 0.439996 0.43999637 0.4399966 0.43999673 0.43999675 0.43999666 0.43999645 0.43999607 0.43999612 0.44001594 0.44061819 0.45791039 0.6740398 0.82189146 0.82959947 0.82987693 0.82991298 0.82993467 0.82995062 0.82996239 0.82997103 0.82997733 0.82998189
-1.4414886 -1.4862158 -1.5171927 -1.535113 -1.5356986 -1.4969991 -1.3420812 -0.91070829 -0.25264944 0.19115354 0.35595942 0.40654173 0.42328539 0.42999541 0.43330428 0.43524238 0.43652391 0.43743524 0.43810699 0.4386085 0.438983 0.43926106 0.43946587 0.43961544 0.43972381 0.43980178 0.43985756 0.43989729 0.43992553 0.43994557 0.43995981 0.43996994 0.43997718 0.43998237 0.43998612 0.43998883 0.43999081 0.43999225 0.4399933 0.43999406 0.43999459 0.43999493 0.43999513 0.43999518 0.43999509 0.43999483 0.43999442 0.43999554 0.44004037 0.44115285 0.46729469 0.69846924 0.82254276 0.8295567 0.82985723 0.82989756 0.82992132 0.82993904 0.82995236 0.82996232 0.82996972 0.82997516
-1.4445234 -1.485796 -1.5134352 -1.5256618 -1.5108943 -1.4260329 -1.1554802 -0.59382869 -0.013076671 0.28128346 0.38205198 0.41430632 0.42593148 0.43103232 0.43375364 0.43544498 0.43660875 0.43745777 0.43809482 0.43857744 0.43894291 0.43921827 0.43942427 0.43957725 0.43969008 0.43977279 0.43983314 0.439877 0.43990882 0.43993189 0.43994862 0.43996077 0.43996963 0.43997611 0.43998088 0.43998439 0.439987 0.43998893 0.43999035 0.43999139 0.43999214 0.43999264 0.43999293 0.43999303 0.43999294 0.43999264 0.43999228 0.43999605 0.44008956 0.44203644 0.47960531 0.7186018 0.82302572 0.829507 0.8298338 0.8298792 0.82990529 0.82992494 0.82993996 0.82995137 0.82995997 0.8299664
-1.4464933 -1.4840942 -1.507022 -1.509106 -1.4662569 -1.3063237 -0.90139961 -0.29865015 0.14572405 0.33419041 0.3976527 0.41924131 0.42771915 0.43176512 0.43407699 0.43558634 0.43665916 0.43745875 0.43806817 0.43853608 0.43889512 0.43916934 0.43937751 0.43953452 0.43965224 0.43974004 0.43980525 0.43985354 0.43988923 0.4399156 0.43993509 0.43994952 0.43996023 0.43996821 0.43997417 0.43997864 0.439982 0.43998453 0.43998642 0.43998782 0.43998884 0.43998954 0.43998996 0.43999014 0.43999007 0.43998974 0.43998966 0.43999925 0.44018187 0.44342458 0.49486615 0.73493001 0.8233797 0.82944977 0.82980609 0.82985747 0.82988613 0.82990789 0.82992474 0.82993772 0.82994765 0.82995514
-1.4472001 -1.4803726 -1.4958817 -1.4800543 -1.3899377 -1.1265351 -0.61408153 -0.066943451 0.24515332 0.36585138 0.40736419 0.42250424 0.42896501 0.43229216 0.43430867 0.43568001 0.43668124 0.4374412 0.43802856 0.43848518 0.43883987 0.43911427 0.43932542 0.439487 0.43961 0.4397032 0.43977358 0.43982658 0.43986643 0.43989638 0.43991891 0.43993587 0.43994867 0.43995836 0.43996571 0.43997131 0.43997557 0.43997882 0.43998129 0.43998314 0.4399845 0.43998545 0.43998605 0.43998632 0.43998628 0.43998598 0.4399867 0.4400081 0.44034492 0.44550501 0.51278024 0.74806822 0.82363247 0.82938435 0.82977352 0.82983186 0.82986337 0.82988739 0.82990622 0.8299209 0.82993225 0.82994089
-1.4461884 -1.4733014 -1.47659 -1.4306117 -1.2695105 -0.89255716 -0.34248135 0.095747433 0.30653907 0.38537209 0.41364704 0.42473618 0.42985406 0.43267413 0.43447113 0.43573537 0.4366794 0.43740737 0.43797714 0.43842522 0.4387773 0.43905298 0.43926782 0.43943444 0.43956307 0.43966198 0.4397378 0.43979579 0.43984009 0.43987391 0.43989974 0.4399195 0.43993464 0.43994626 0.43995521 0.43996211 0.43996744 0.43997155 0.4399747 0.43997709 0.43997887 0.43998014 0.43998096 0.43998137 0.43998139 0.43998122 0.43998382 0.44002757 0.44061812 0.44848807 0.53275384 0.75861423 0.82380392 0.82931002 0.82973541 0.82980183 0.82983651 0.82986295 0.82988387 0.82990035 0.82991321 0.82992306
-1.4426051 -1.4606712 -1.4439807 -1.3510167 -1.0984479 -0.63226812 -0.12060479 0.20351318 0.3448083 0.39781373 0.41785655 0.42630636 0.43049866 0.43294988 0.43457955 0.4357591 0.4366569 0.43735893 0.43791475 0.43835655 0.43870748 0.43898535 0.43920449 0.43937657 0.43951115 0.43961606 0.4396976 0.43976085 0.43980987 0.43984784 0.43987726 0.43990008 0.4399178 0.4399316 0.43994235 0.43995075 0.4399573 0.43996242 0.43996638 0.43996943 0.43997172 0.43997338 0.43997447 0.43997506 0.43997518 0.43997538 0.43998188 0.44006565 0.4410546 0.45259005 0.55399439 0.7670892 0.82390849 0.82922599 0.82969106 0.8297668 0.82980497 0.82983398 0.82985711 0.82987549 0.82988993 0.82990105
-1.4350114 -1.4390957 -1.3911394 -1.2323227 -0.88387916 -0.38309342 0.043358997 0.27341663 0.36918234 0.40600831 0.42076477 0.42743546 0.43096959 0.43314519 0.43464452 0.43575608 0.43661618 0.43729713 0.43784198 0.43827942 0.4386304 0.43891126 0.43913521 0.43931312 0.43945396 0.43956512 0.43965264 0.43972142 0.43977543 0.43981782 0.43985109 0.43987724 0.43989781 0.43991401 0.4399268 0.43993689 0.43994485 0.43995113 0.43995604 0.43995986 0.43996276 0.43996488 0.43996631 0.43996712 0.43996743 0.43996848 0.43998254 0.44013429 0.44172253 0.4580102 0.5756484 0.77392202 0.82395676 0.82913145 0.82963969 0.82972613 0.82976816 0.82979989 0.82982533 0.82984569 0.82986177 0.82987419
-1.4211732 -1.4038475 -1.3103338 -1.071309 -0.6482189 -0.17250456 0.15773916 0.31883188 0.3851184 0.4115736 0.42282667 0.42826006 0.43131292 0.43327768 0.43467362 0.43572992 0.4365591 0.43722293 0.43775928 0.43819394 0.43854601 0.43883054 0.43905976 0.43924383 0.4393912 0.43950885 0.43960259 0.43967715 0.43973641 0.43978349 0.4398209 0.43985064 0.4398743 0.43989316 0.43990819 0.43992018 0.43992974 0.43993734 0.43994336 0.43994806 0.43995167 0.43995434 0.43995618 0.43995728 0.43995794 0.43996073 0.43998853 0.44025063 0.44270498 0.46490411 0.5969327 0.77945471 0.82395657 0.82902555 0.82958048 0.82967913 0.82972545 0.82976004 0.82978788 0.82981027 0.82982803 0.82984178
