Interpolating SPI Data/spi_stations/interpolated_spi/4-23_3.tif
NCOLS 257
NROWS 141
XLLCORNER -178.27925
YLLCORNER 5.3153543
DX 0.49934803
DY 0.49997533
NODATA_VALUE -9999
[rows 84 to 111 of 141, columns 0 to 63 of 257]
1.9647759 1.9366423 1.9067397 1.8750257 1.8414744 1.8060814 1.7688682 1.7298871 1.6892256 1.6470115 1.6034158 1.5586553 1.5129929 1.4667357 1.420231 1.3738588 1.3280215 1.2831318 1.2395977 1.1978078 1.1581154 1.1208251 1.0861814 1.0543609 1.025468 0.99953588 0.97652979 0.95635469 0.93886481 0.92387464 0.9111704 0.90052118 0.89168895 0.88443725 0.87853803 0.87377687 0.86995641 0.86689834 0.86444401 0.8624541 0.86080732 0.85939861 0.85813688 0.85694232 0.85574355 0.85447443 0.85307037 0.85146408 0.8495799 0.84732607 0.84458314 0.84118558 0.83689138 0.83133051 0.8239163 0.81369509 0.79910582 0.7776565 0.74571372 0.69916302 0.63645412 0.56398662 0.49692842 0.44870498
1.8995789 1.8694306 1.837591 1.8040529 1.7688301 1.731962 1.6935174 1.6535977 1.612341 1.5699237 1.5265619 1.4825105 1.4380613 1.3935373 1.3492866 1.3056723 1.2630623 1.221816 1.1822724 1.1447368 1.1094706 1.0766814 1.0465179 1.0190663 0.99435117 0.97233891 0.95294376 0.93603585 0.9214504 0.90899724 0.8984702 0.88965563 0.8823399 0.87631544 0.8713854 0.86736691 0.86409304 0.86141362 0.85919512 0.85731976 0.85568398 0.85419645 0.85277564 0.85134702 0.84983974 0.84818271 0.84629955 0.84410181 0.84147915 0.83828444 0.83430998 0.82924872 0.82262998 0.81371373 0.80132451 0.78362082 0.75788286 0.7206774 0.66927722 0.60516637 0.53744358 0.47966139 0.44020678 0.41806221
1.8331929 1.8013704 1.7679873 1.733073 1.6966812 1.6588928 1.6198193 1.5796044 1.538426 1.4964955 1.4540575 1.4113859 1.3687797 1.3265559 1.2850417 1.2445643 1.2054406 1.1679667 1.1324074 1.0989876 1.0678848 1.0392247 1.0130792 0.98946662 0.96835501 0.94966724 0.93328759 0.91906948 0.90684344 0.89642502 0.88762209 0.88024128 0.87409334 0.86899731 0.86478353 0.86129556 0.85839114 0.85594219 0.8538342 0.85196493 0.85024257 0.84858347 0.84690929 0.84514346 0.84320677 0.8410114 0.83845263 0.83539652 0.83166115 0.82698692 0.82098903 0.81308191 0.80236259 0.7874472 0.76629559 0.73619494 0.69437078 0.63994502 0.57702615 0.51560536 0.46641929 0.4339802 0.41585765 0.40699447
1.7664287 1.7333239 1.6988353 1.6630276 1.6259909 1.5878424 1.5487287 1.5088252 1.4683366 1.4274947 1.3865553 1.3457933 1.3054969 1.2659599 1.2274735 1.1903174 1.1547507 1.1210038 1.089271 1.0597047 1.0324121 1.0074535 0.98484267 0.96454976 0.9465055 0.93060676 0.91672295 0.90470277 0.89438087 0.88558414 0.87813723 0.87186728 0.86660766 0.86220073 0.85849973 0.85536963 0.85268744 0.85034158 0.8482308 0.84626248 0.84435027 0.84241117 0.84036163 0.83811244 0.83556165 0.83258442 0.82901797 0.82463851 0.81912564 0.81200725 0.80257641 0.78977494 0.7720583 0.74732469 0.713152 0.66780741 0.61233889 0.55259314 0.49801201 0.45633901 0.4294455 0.41438044 0.40685497 0.40344163
1.7000842 1.6661186 1.6309819 1.5947701 1.5576038 1.5196288 1.4810164 1.4419624 1.4026849 1.3634212 1.3244234 1.2859526 1.2482726 1.2116426 1.1763097 1.1425012 1.110418 1.0802289 1.0520656 1.0260198 1.0021426 0.98044445 0.96089783 0.9434406 0.92798078 0.91440186 0.9025685 0.89233219 0.88353662 0.87602246 0.86963152 0.86421009 0.85961145 0.85569761 0.85234021 0.8494208 0.84683035 0.84446821 0.84224038 0.84005714 0.83782979 0.83546632 0.83286544 0.82990818 0.82644569 0.82228119 0.81714286 0.81064304 0.80221808 0.79104468 0.77593869 0.75527741 0.72707217 0.68946297 0.64196398 0.58726083 0.531936 0.48404178 0.44872034 0.42620111 0.41349167 0.40700234 0.40396371 0.40265452
1.6349057 1.6005078 1.5651751 1.5290289 1.4922125 1.4548912 1.4172507 1.3794949 1.3418432 1.3045259 1.2677794 1.2318404 1.1969397 1.1632959 1.1311091 1.1005552 1.0717811 1.0449012 1.0199948 0.99710532 0.97624091 0.95737633 0.94045593 0.92539757 0.91209716 0.9004334 0.89027261 0.88147334 0.87389052 0.86737906 0.86179686 0.85700704 0.85287957 0.84929207 0.8461301 0.84328668 0.84066122 0.83815773 0.83568224 0.8331392 0.83042654 0.82742871 0.82400681 0.81998432 0.81512617 0.80910817 0.80147278 0.79156838 0.77847411 0.7609313 0.73734816 0.70603098 0.66587876 0.61764106 0.56512674 0.51481607 0.47307312 0.44302752 0.4239732 0.41310717 0.4074387 0.40470815 0.40349555 0.40300993
1.571556 1.5371399 1.5020359 1.4663834 1.4303403 1.3940816 1.3577973 1.3216892 1.2859676 1.250846 1.216537 1.1832465 1.151168 1.1204782 1.0913316 1.0638568 1.0381534 1.0142904 0.99230521 0.97220417 0.95396432 0.93753584 0.92284532 0.90979957 0.89828964 0.88819494 0.87938715 0.87173386 0.86510167 0.85935886 0.85437741 0.85003436 0.84621266 0.84280127 0.83969468 0.83679173 0.83399371 0.83120145 0.82831132 0.82520953 0.82176416 0.81781377 0.81315119 0.80750024 0.80048282 0.79157431 0.78004777 0.76491806 0.74492155 0.71861721 0.68475977 0.64308943 0.5953941 0.54603724 0.50084728 0.4645596 0.43886368 0.42257707 0.41317898 0.40817718 0.40571002 0.40459236 0.40414736 0.40402058
1.5105917 1.4765389 1.4420437 1.4072559 1.3723398 1.3374714 1.3028362 1.2686257 1.235033 1.2022489 1.1704572 1.1398299 1.1105232 1.0826734 1.0563934 1.0317706 1.0088651 0.98770951 0.96830887 0.95064241 0.93466549 0.9203124 0.90749955 0.89612884 0.88609121 0.87726996 0.86954387 0.86278997 0.85688576 0.85171109 0.8471493 0.84308789 0.83941858 0.83603671 0.83283989 0.82972585 0.82658924 0.82331709 0.81978236 0.81583489 0.81128872 0.80590419 0.79936325 0.79123621 0.78094028 0.76769553 0.750498 0.72815837 0.69949717 0.66381389 0.62165181 0.57553121 0.52987911 0.48960462 0.45805236 0.43594001 0.4218893 0.41368274 0.40923752 0.40700573 0.40598803 0.40560016 0.4055273 0.40561311
1.4524501 1.4190962 1.3855334 1.3519149 1.3184037 1.28517 1.2523877 1.2202317 1.1888733 1.158477 1.1291958 1.1011683 1.0745149 1.0493354 1.0257067 1.0036817 0.98328861 0.96453181 0.94739247 0.93183059 0.91778724 0.90518724 0.89394204 0.88395272 0.87511282 0.86731102 0.86043355 0.85436613 0.84899549 0.84421045 0.83990237 0.83596504 0.83229396 0.82878477 0.82533084 0.82181969 0.81812786 0.81411374 0.80960761 0.80439784 0.7982121 0.7906924 0.78136408 0.7696016 0.75460257 0.73539733 0.71094859 0.68042175 0.64368691 0.60195712 0.55815413 0.51641907 0.48068493 0.45319636 0.43404799 0.42182804 0.41460891 0.41064257 0.40863096 0.40772398 0.40741367 0.40741931 0.40759804 0.40788531
1.3974458 1.3650719 1.3327027 1.3004884 1.2685849 1.2371506 1.2063435 1.1763178 1.1472207 1.1191889 1.0923456 1.0667976 1.0426333 1.0199207 0.99870649 0.97901557 0.96085151 0.9441974 0.92901732 0.91525829 0.90285249 0.89171978 0.8817701 0.87290601 0.86502492 0.85802116 0.85178762 0.84621707 0.841203 0.83663986 0.83242286 0.82844695 0.82460509 0.82078553 0.81686777 0.81271695 0.80817602 0.80305506 0.7971169 0.79005822 0.78148619 0.7708921 0.75762882 0.7409077 0.71984754 0.69362789 0.66180301 0.62477279 0.58423344 0.54321597 0.50537367 0.47373392 0.44971639 0.43303713 0.422339 0.41595645 0.41241531 0.41061862 0.40983786 0.4096289 0.4097409 0.41004381 0.41047877 0.41102734
1.3457758 1.314605 1.2836268 1.2529839 1.2228203 1.1932789 1.1644988 1.136612 1.1097406 1.0839946 1.0594691 1.0362426 1.0143755 0.99390914 0.97486563 0.95724799 0.94104097 0.92621223 0.91271399 0.90048492 0.88945214 0.87953343 0.87063921 0.86267454 0.85554083 0.84913723 0.84336168 0.83811153 0.83328367 0.82877398 0.82447625 0.82028009 0.81606793 0.8117106 0.80706128 0.80194716 0.79615844 0.78943392 0.78144326 0.77176683 0.7598769 0.74512987 0.72678877 0.70410917 0.67653078 0.6439982 0.60735092 0.5685705 0.53057684 0.49645367 0.46845338 0.44740079 0.43279785 0.42338548 0.41772817 0.41457643 0.41299698 0.41236157 0.4122803 0.41252887 0.41298956 0.41360976 0.41437557 0.41529654
1.29753 1.2677277 1.2382775 1.2093107 1.1809567 1.1533408 1.1265817 1.100789 1.0760609 1.0524823 1.0301232 1.0090374 0.9892618 0.97081597 0.95370252 0.93790766 0.92340218 0.91014284 0.8980739 0.8871289 0.87723237 0.86830163 0.86024839 0.85298021 0.8464016 0.84041487 0.83492053 0.82981716 0.82500074 0.82036325 0.81579041 0.81115834 0.80632882 0.80114295 0.79541257 0.78890937 0.78135128 0.77238704 0.76158106 0.74840446 0.73224403 0.71244989 0.68845094 0.65996446 0.62728997 0.59158983 0.55495369 0.52004821 0.48938839 0.46459795 0.44608647 0.43324882 0.42494131 0.41992723 0.41714236 0.41578797 0.41531953 0.41539376 0.41581029 0.41646331 0.41730688 0.41833234 0.41955488 0.42100671
1.2527065 1.2243837 1.1965435 1.169303 1.1427755 1.1170679 1.0922785 1.0684954 1.0457946 1.0242388 1.0038759 0.98473895 0.96684539 0.95019746 0.93478261 0.92057434 0.90753334 0.89560874 0.88473959 0.87485632 0.86588223 0.85773477 0.85032677 0.84356732 0.83736234 0.83161478 0.82622433 0.82108647 0.8160909 0.81111905 0.80604044 0.80070782 0.79495065 0.78856664 0.78131149 0.77288699 0.76292898 0.75099889 0.73658593 0.71913319 0.6981068 0.67313005 0.64419003 0.61187969 0.57756286 0.54329776 0.5114239 0.4839363 0.46196771 0.44564635 0.43432751 0.42698576 0.42255468 0.42012377 0.41900592 0.4187273 0.41898517 0.41960085 0.42048009 0.42158391 0.42290925 0.42447731 0.42632751 0.42851544
1.2112273 1.184447 1.1582508 1.132741 1.1080141 1.0841587 1.0612538 1.0393676 1.0185563 0.99886299 0.98031705 0.96293415 0.94671616 0.93165159 0.91771625 0.90487418 0.89307873 0.88227371 0.87239463 0.86336993 0.855122 0.84756815 0.84062128 0.83419026 0.82817988 0.82249035 0.81701622 0.81164455 0.80625224 0.80070231 0.79483889 0.78848084 0.78141384 0.7733813 0.76407489 0.75312716 0.74011058 0.72455147 0.70597144 0.68397236 0.65837648 0.62941225 0.59789127 0.56526894 0.53347512 0.50449939 0.47988762 0.46039977 0.44597944 0.43598353 0.42949994 0.4256077 0.42352448 0.4226567 0.42259077 0.42305946 0.42390391 0.42504098 0.42643875 0.42809989 0.43005156 0.43234011 0.43502934 0.43820142
1.1729559 1.1477389 1.1231812 1.0993696 1.0763841 1.0542958 1.0331663 1.0130458 0.993973 0.97597438 0.95906385 0.94324293 0.92850099 0.91481579 0.90215426 0.89047331 0.87972086 0.86983677 0.86075386 0.85239871 0.84469243 0.83755107 0.83088581 0.82460275 0.81860218 0.81277738 0.8070126 0.80118028 0.7951373 0.78872008 0.78173859 0.77396939 0.76514824 0.75496393 0.74305605 0.72902217 0.71244266 0.69293438 0.67024399 0.64438232 0.61577686 0.58538137 0.55465363 0.52533711 0.49908243 0.47706244 0.45976026 0.44700322 0.43817372 0.43246445 0.42907843 0.42734096 0.42673736 0.42690579 0.42761036 0.42871031 0.43013307 0.43185362 0.43388024 0.43624566 0.43900242 0.4422213 0.44599218 0.45042658
1.137712 1.1140449 1.0910879 1.0689132 1.0475851 1.0271587 1.0076796 0.98918236 0.97169079 0.95521728 0.93976295 0.92531783 0.91186134 0.89936282 0.88778223 0.87707095 0.86717256 0.85802359 0.84955417 0.84168854 0.83434533 0.82743753 0.82087208 0.81454906 0.80836029 0.80218723 0.79589821 0.7893447 0.78235682 0.77473797 0.7662592 0.75665411 0.74561636 0.7328031 0.71784988 0.70040464 0.68018936 0.65709421 0.63129658 0.60337398 0.57435268 0.54562745 0.51872851 0.49499779 0.47530704 0.45993766 0.448648 0.4408589 0.43585778 0.43295349 0.43156215 0.43123617 0.43165841 0.43262072 0.43399885 0.43573015 0.43779613 0.44021024 0.44301009 0.44625328 0.45001596 0.4543934 0.45950199 0.46548228
1.1052857 1.0831271 1.0617085 1.0410882 1.0213159 1.0024325 0.98446938 0.96744767 0.95137841 0.93626228 0.92208984 0.90884183 0.89648959 0.88499567 0.87431437 0.8643924 0.85516942 0.84657851 0.83854652 0.83099414 0.82383574 0.81697882 0.81032304 0.80375875 0.79716491 0.79040631 0.78333018 0.77576218 0.76750198 0.75831932 0.74795157 0.73610517 0.72246464 0.70671421 0.68857852 0.66788752 0.64466472 0.61922454 0.59224514 0.5647675 0.5380805 0.51349671 0.4920885 0.47448969 0.46083725 0.4508528 0.44400158 0.43965552 0.43721388 0.43616987 0.43613321 0.4368256 0.43806346 0.43973754 0.4417943 0.44422125 0.4470363 0.45028098 0.45401662 0.45832279 0.46329762 0.46905901 0.47574669 0.4835242
1.0754488 1.0547358 1.0347749 1.0156112 0.99728158 0.97981409 0.96322779 0.94753232 0.93272793 0.9188055 0.90574682 0.89352493 0.88210448 0.87144224 0.86148753 0.85218263 0.84346308 0.83525786 0.82748935 0.82007296 0.81291656 0.80591936 0.79897045 0.79194674 0.78471042 0.77710595 0.76895675 0.76006204 0.75019481 0.7391022 0.72651094 0.71214131 0.69573409 0.67709498 0.65615823 0.63306389 0.60823062 0.58239209 0.55655989 0.53189316 0.50949691 0.49021512 0.47449662 0.46237698 0.45356255 0.44756467 0.44383003 0.44183531 0.4411394 0.44140126 0.44237637 0.44390297 0.44588525 0.44827795 0.45107381 0.4542944 0.45798403 0.46220618 0.4670419 0.47258953 0.47896535 0.48630441 0.4947611 0.50450853
1.0479638 1.0286176 1.0100205 0.99220556 0.97519817 0.95901528 0.94366526 0.92914784 0.91545411 0.90256669 0.89045994 0.87910029 0.86844654 0.85845019 0.8490557 0.84020065 0.8318158 0.82382488 0.81614419 0.80868187 0.80133682 0.79399724 0.78653872 0.77882202 0.7706906 0.76196818 0.75245707 0.74193811 0.73017398 0.71691828 0.70193357 0.68502176 0.66606932 0.64510587 0.62236715 0.59834345 0.57378588 0.54964587 0.52694349 0.50659467 0.48925405 0.47522862 0.46448425 0.4567261 0.45151074 0.44835061 0.44678884 0.44644051 0.44700698 0.44827324 0.45009676 0.45239376 0.45512629 0.45829148 0.4619136 0.46603853 0.47073037 0.47606964 0.48215258 0.48909097 0.49701202 0.5060576 0.51638212 0.5281479
1.0225911 1.0045215 0.98718516 0.97060485 0.9547956 0.93976458 0.92551097 0.91202592 0.89929266 0.88728664 0.87597571 0.86532036 0.85527388 0.84578257 0.83678573 0.82821557 0.81999703 0.81204717 0.80427451 0.79657792 0.78884525 0.78095172 0.77275805 0.76410868 0.7548304 0.74473215 0.73360709 0.72123858 0.70741239 0.6919376 0.67467857 0.65559823 0.63480882 0.61261937 0.58956194 0.56637519 0.54393125 0.52311207 0.50466676 0.48909563 0.47659814 0.46709367 0.46029504 0.45580174 0.45318389 0.45204172 0.45203852 0.4529123 0.45447378 0.45659739 0.45920996 0.46227982 0.46580765 0.46981941 0.47436134 0.47949671 0.48530373 0.49187448 0.49931397 0.50773921 0.51727734 0.52806237 0.54022953 0.55390642
0.99909406 0.98220278 0.96601884 0.95055552 0.93581883 0.92180734 0.90851218 0.895917 0.8839981 0.87272448 0.86205802 0.85195353 0.84235883 0.83321467 0.8244546 0.8160046 0.80778257 0.79969761 0.79164896 0.7835249 0.77520133 0.76654053 0.75739004 0.7475825 0.73693695 0.72526289 0.7123686 0.69807573 0.68224183 0.66479202 0.64575817 0.62532026 0.60383862 0.5818616 0.5600935 0.53931746 0.52028488 0.50360107 0.4896422 0.47852713 0.47014545 0.46422301 0.46039918 0.45829448 0.45755835 0.45789558 0.45907587 0.46093237 0.46335438 0.46627799 0.46967686 0.47355428 0.47793696 0.48287041 0.48841571 0.49464733 0.50165152 0.50952488 0.51837268 0.5283062 0.53943872 0.5518794 0.56572432 0.58104426
0.97724249 0.96142635 0.94628314 0.93181774 0.91802812 0.90490525 0.89243309 0.88058856 0.86934163 0.8586553 0.84848566 0.83878186 0.82948594 0.82053265 0.81184908 0.80335408 0.79495765 0.78656001 0.77805068 0.76930752 0.76019598 0.75056893 0.74026752 0.72912405 0.71696772 0.70363491 0.6889852 0.67292434 0.65543393 0.63660521 0.61667027 0.5960206 0.57520034 0.55486491 0.53570568 0.51835483 0.50329598 0.49080644 0.48094531 0.47358434 0.46846541 0.46526431 0.46364567 0.46330134 0.46397188 0.46545445 0.46760174 0.47031602 0.47354136 0.47725579 0.48146438 0.48619372 0.49148761 0.49740389 0.50401208 0.51139147 0.51962919 0.52881799 0.53905309 0.55042779 0.5630272 0.57691972 0.59214617 0.60870641
0.95681501 0.94196786 0.9277523 0.91416565 0.90119868 0.88883551 0.87705356 0.86582355 0.85510947 0.8448685 0.83505097 0.82560013 0.81645194 0.80753466 0.79876839 0.79006444 0.78132468 0.77244085 0.76329407 0.75375468 0.74368293 0.73293099 0.72134708 0.70878275 0.69510438 0.68020992 0.66405104 0.64665981 0.62817597 0.60886862 0.58914306 0.56952373 0.55060864 0.53299956 0.51722253 0.50365954 0.49250991 0.48378891 0.47735897 0.47297927 0.47035865 0.46920021 0.46923246 0.47022684 0.47200429 0.4744345 0.47743099 0.48094465 0.48495698 0.48947408 0.49452165 0.50014099 0.50638588 0.51332009 0.52101521 0.52954839 0.53899977 0.54944903 0.56097091 0.57362914 0.58746868 0.60250616 0.61871899 0.63603375
0.93760044 0.92361476 0.91021353 0.89738727 0.88512016 0.87339001 0.86216817 0.85141947 0.8411021 0.83116748 0.82156008 0.81221712 0.80306824 0.79403511 0.7850309 0.77595987 0.766717 0.757188 0.74724973 0.73677179 0.72561948 0.71365908 0.70076618 0.68683792 0.67180953 0.65567487 0.63850906 0.62048938 0.60190809 0.58317008 0.56476924 0.54724239 0.53110701 0.51679639 0.50460862 0.49468187 0.48699982 0.48142138 0.4777234 0.47564441 0.47492108 0.47531362 0.47662018 0.4786823 0.48138441 0.48464977 0.488435 0.4927243 0.49752412 0.50285868 0.50876616 0.51529573 0.5225049 0.53045725 0.53921989 0.54886076 0.55944505 0.57103081 0.58366333 0.59736821 0.61214329 0.6279498 0.6447035 0.66226718
0.91939869 0.90616668 0.89346714 0.8812843 0.86959627 0.85837496 0.84758594 0.83718837 0.82713476 0.81737084 0.80783526 0.79845931 0.78916661 0.7798728 0.77048532 0.76090346 0.75101875 0.74071615 0.72987627 0.71837925 0.70611089 0.69297167 0.67888909 0.66383334 0.64783554 0.63100602 0.61354894 0.59576771 0.57805584 0.56086978 0.54468479 0.5299412 0.51699249 0.50606801 0.49725838 0.49052485 0.48572687 0.48265855 0.48108498 0.48077213 0.48150767 0.48311284 0.48544703 0.48840745 0.49192572 0.49596326 0.50050627 0.50556102 0.51114975 0.51730716 0.52407743 0.53151166 0.53966538 0.54859602 0.55836006 0.56900955 0.58058796 0.59312505 0.6066309 0.62108918 0.63645007 0.65262367 0.66947475 0.68682037
0.90202131 0.88943579 0.87732663 0.86567223 0.85444499 0.84361124 0.83313108 0.82295818 0.81303964 0.80331575 0.79371976 0.78417773 0.77460838 0.76492316 0.75502666 0.74481745 0.73418988 0.72303696 0.7112549 0.69874984 0.68544709 0.67130313 0.65631988 0.6405601 0.62416139 0.60734512 0.59041592 0.57374791 0.55775632 0.54285704 0.52942115 0.51773423 0.50796972 0.5001815 0.49431531 0.49023381 0.48774758 0.48664536 0.48671871 0.48777908 0.4896677 0.49225946 0.49546257 0.49921587 0.50348473 0.50825676 0.51353763 0.51934728 0.52571667 0.53268492 0.54029671 0.54859981 0.55764254 0.56747093 0.5781254 0.58963694 0.60202258 0.61528026 0.62938333 0.64427499 0.65986343 0.67601831 0.69256972 0.70931059
0.88529209 0.87324728 0.86161926 0.85038095 0.83949945 0.82893583 0.81864505 0.80857574 0.79867008 0.78886367 0.77908548 0.76925796 0.75929736 0.74911448 0.73861602 0.72770679 0.71629321 0.70428828 0.69161864 0.67823364 0.66411655 0.64929708 0.6338638 0.61797403 0.6018579 0.5858134 0.57018985 0.55536001 0.54168404 0.5294719 0.5189519 0.51025229 0.50339874 0.49832669 0.49490364 0.49295566 0.49229253 0.49272809 0.49409445 0.49625018 0.49908355 0.50251233 0.50648148 0.51095964 0.51593537 0.52141339 0.52741117 0.53395586 0.54108154 0.54882671 0.55723184 0.56633688 0.57617852 0.58678712 0.59818321 0.61037359 0.62334697 0.63706953 0.65148061 0.66648915 0.68197146 0.69777104 0.71370132 0.72955144
0.86904783 0.85744027 0.84618713 0.83525631 0.82461 0.81420453 0.80399031 0.79391169 0.783907 0.77390865 0.76384342 0.7536331 0.74319554 0.7324464 0.72130181 0.70968219 0.69751759 0.68475466 0.67136536 0.65735701 0.64278283 0.6277514 0.61243286 0.59705908 0.5819155 0.56732339 0.55361357 0.54109505 0.53002447 0.52058221 0.51286017 0.50686256 0.50251831 0.49970081 0.49825048 0.49799572 0.49876986 0.50042296 0.5028286 0.50588666 0.50952318 0.51368831 0.51835339 0.52350752 0.5291543 0.53530863 0.54199389 0.54923931 0.55707757 0.56554241 0.57466626 0.58447762 0.59499828 0.6062402 0.61820212 0.63086596 0.64419324 0.65812174 0.67256301 0.68740095 0.70249228 0.71766923 0.73274475 0.74752032
