Interpolating SPI Data/spi_stations/interpolated_spi/4-23_1.tif
NCOLS 257
NROWS 141
XLLCORNER -178.27925
YLLCORNER 5.3153543
DX 0.49934803
DY 0.49997533
NODATA_VALUE -9999
[rows 84 to 111 of 141, columns 0 to 62 of 257]
1.8723567 1.8395873 1.8047215 1.7677128 1.7285354 1.6871894 1.6437062 1.5981546 1.550646 1.50134 1.4504479 1.398236 1.3450253 1.2911894 1.2371492 1.1833638 1.1303184 1.0785089 1.0284249 0.98053095 0.93524854 0.8929398 0.85389413 0.81831899 0.78633561 0.75797944 0.73320534 0.71189642 0.69387576 0.67891974 0.66677177 0.65715558 0.64978725 0.64438541 0.64067938 0.63841529 0.63736001 0.63730346 0.63805922 0.63946392 0.64137575 0.64367204 0.64624641 0.64900534 0.65186432 0.65474326 0.65756091 0.66022734 0.66263337 0.66463405 0.66602208 0.66648248 0.66551361 0.66228647 0.65539217 0.64239365 0.61906572 0.57826779 0.50887523 0.39685386 0.23332356 0.031366437 -0.16711161
1.7957213 1.7606314 1.7235461 1.6844612 1.6433987 1.600411 1.555586 1.5090511 1.4609773 1.4115818 1.3611288 1.309929 1.2583361 1.2067412 1.155564 1.1052418 1.056216 1.0089175 0.96375097 0.92108057 0.88121646 0.84440447 0.810819 0.78055994 0.75365338 0.73005612 0.70966308 0.69231709 0.67781987 0.66594359 0.65644203 0.64906075 0.64354595 0.63965167 0.63714516 0.63581075 0.63545199 0.63589254 0.63697589 0.63856408 0.64053571 0.64278319 0.64520937 0.64772342 0.65023556 0.65265023 0.65485636 0.65671301 0.6580268 0.65851508 0.65774409 0.65502304 0.64922112 0.63845374 0.61956329 0.58733972 0.53363891 0.44734105 0.31779021 0.14495509 -0.048530607 -0.22296926 -0.34926759
1.7179222 1.6809285 1.6421032 1.6014861 1.5591464 1.5151862 1.469744 1.4229971 1.3751632 1.3265005 1.277306 1.2279114 1.1786778 1.1299873 1.082233 1.0358073 0.99108959 0.94843318 0.90815347 0.87051725 0.83573444 0.80395265 0.7752549 0.7496605 0.72712886 0.7075658 0.69083162 0.6767503 0.66511919 0.65571836 0.64831936 0.64269281 0.63861474 0.63587143 0.63426294 0.63360525 0.63373118 0.63449029 0.63574781 0.63738278 0.63928533 0.64135311 0.64348665 0.6455831 0.64752759 0.6491806 0.65035877 0.65080476 0.65013812 0.64777444 0.64279029 0.63369919 0.61809001 0.59208479 0.54967 0.48232897 0.38032689 0.23805386 0.063724673 -0.11559792 -0.26682032 -0.37235794 -0.43546376
1.6399309 1.6015091 1.5614737 1.5199065 1.4769198 1.4326588 1.3873031 1.3410671 1.2941999 1.2469824 1.1997238 1.1527559 1.1064252 1.0610845 1.0170828 0.97475439 0.93440833 0.89631871 0.86071599 0.8277804 0.79763772 0.77035757 0.74595435 0.72439048 0.7055817 0.68940377 0.67570022 0.66429043 0.65497756 0.64755603 0.64181808 0.63755931 0.63458304 0.63270347 0.63174771 0.63155671 0.63198521 0.63290071 0.63418159 0.63571424 0.63738909 0.6390951 0.64071219 0.64210015 0.64308245 0.64342117 0.64277782 0.64065057 0.63627309 0.62845156 0.61530818 0.59389985 0.55972628 0.50632413 0.42562594 0.31053999 0.16110915 -0.0084044191 -0.17094886 -0.30134411 -0.39027765 -0.44354904 -0.47257568
1.5626976 1.5233559 1.4826602 1.4407295 1.397712 1.3537861 1.3091606 1.2640731 1.2187875 1.1735903 1.128785 1.0846856 1.0416084 0.99986359 0.95974629 0.92152758 0.88544643 0.85170277 0.82045217 0.79180252 0.76581276 0.74249375 0.72181107 0.70368941 0.68801822 0.67465815 0.66344789 0.65421085 0.64676159 0.64091146 0.63647341 0.63326591 0.63111574 0.62985983 0.62934615 0.62943349 0.62999048 0.63089343 0.63202315 0.63326032 0.63447885 0.63553643 0.63626069 0.63642848 0.63573418 0.63374053 0.62980162 0.62294242 0.61167367 0.59371997 0.56566138 0.52257963 0.458051 0.36530328 0.24070026 0.089440937 -0.070956562 -0.21631778 -0.32879817 -0.40453918 -0.45023738 -0.47568336 -0.48910139
1.4871049 1.4473569 1.4065414 1.3648071 1.3223288 1.2793074 1.2359677 1.1925563 1.1493376 1.1065886 1.0645931 1.0236347 0.9839895 0.9459184 0.90965975 0.87542266 0.84338131 0.81367072 0.78638402 0.76157157 0.73924171 0.71936314 0.70186859 0.68665957 0.67361174 0.66258068 0.65340757 0.64592465 0.63996007 0.63534215 0.63190267 0.62947946 0.62791792 0.62707173 0.62680251 0.62697855 0.62747241 0.6281571 0.62890052 0.62955748 0.6299579 0.62988969 0.62907295 0.62712109 0.62348147 0.61734494 0.60751008 0.59218666 0.56873405 0.53337745 0.48107639 0.40599243 0.30333306 0.1731209 0.024444169 -0.12444259 -0.25354573 -0.35097968 -0.41624406 -0.45605663 -0.47873766 -0.49107934 -0.49763762
1.4139311 1.3742703 1.3338401 1.2928097 1.2513709 1.2097351 1.1681317 1.1268037 1.0860035 1.0459876 1.0070103 0.96931744 0.93314025 0.89868888 0.86614692 0.83566681 0.80736628 0.78132626 0.75759015 0.73616449 0.71702094 0.70009943 0.68531203 0.67254754 0.6616763 0.65255501 0.6450314 0.63894835 0.63414759 0.63047255 0.62777052 0.62589394 0.6247008 0.62405407 0.6238201 0.62386562 0.62405326 0.62423479 0.62424135 0.62386913 0.62285847 0.62086271 0.61740202 0.61179455 0.60305533 0.58975224 0.56981389 0.54030968 0.49729259 0.4359484 0.35152492 0.24159494 0.10947437 -0.033419218 -0.1698941 -0.28432245 -0.36928134 -0.42620321 -0.46140357 -0.48193737 -0.49346865 -0.49983915 -0.50339911
1.3438233 1.3047023 1.2651065 1.2252172 1.1852327 1.1453651 1.1058377 1.0668801 1.0287238 0.99159707 0.95571929 0.92129569 0.88851207 0.85753021 0.82848405 0.80147676 0.77657909 0.7538287 0.73323083 0.71475994 0.69836226 0.68395914 0.67145082 0.66072047 0.65163833 0.64406557 0.63785793 0.63286872 0.62895132 0.62596092 0.62375549 0.62219581 0.62114459 0.62046429 0.62001357 0.61964177 0.6191808 0.61843339 0.61715589 0.6150334 0.61164341 0.60640278 0.5984915 0.58674562 0.56951495 0.54449492 0.50858051 0.45787629 0.38814123 0.29607503 0.18165704 0.050749375 -0.084350818 -0.20853021 -0.31009044 -0.38477084 -0.4350222 -0.46658482 -0.48545048 -0.49638857 -0.50267648 -0.50636725 -0.50866842
1.2772838 1.2390981 1.2007167 1.1623245 1.1241175 1.0863 1.049081 1.0126695 0.97727058 0.9430802 0.91028097 0.87903765 0.84949325 0.8217659 0.79594645 0.77209703 0.75025058 0.73041136 0.71255633 0.69663728 0.68258359 0.67030541 0.65969706 0.65064044 0.64300839 0.63666762 0.63148135 0.62731124 0.62401881 0.62146594 0.6195146 0.61802538 0.61685482 0.61585097 0.61484681 0.61365053 0.6120316 0.6097007 0.60628087 0.60126635 0.59396435 0.58341441 0.56828205 0.54673058 0.51629724 0.47384828 0.41577543 0.3387013 0.24095419 0.12466312 -0.0026589549 -0.12894902 -0.24155808 -0.33203349 -0.39826484 -0.44315985 -0.47184217 -0.48942033 -0.4999486 -0.5062531 -0.51014597 -0.51272472 -0.51462927
1.2146666 1.1777451 1.1408822 1.1042587 1.0680616 1.0324807 0.99770485 0.96391845 0.93129695 0.90000316 0.87018355 0.84196496 0.81545196 0.79072484 0.76783843 0.74682167 0.72767806 0.71038673 0.69490428 0.68116703 0.66909365 0.65858801 0.64954205 0.64183852 0.63535344 0.62995823 0.62552124 0.62190867 0.6189847 0.6166107 0.61464324 0.6129307 0.61130789 0.60958824 0.60755239 0.60493205 0.60138698 0.59647279 0.58959591 0.5799523 0.566447 0.54759634 0.52142705 0.4854147 0.43655641 0.37174597 0.28866211 0.18724397 0.071319212 -0.050798625 -0.16799983 -0.2700727 -0.35110184 -0.41038894 -0.45096757 -0.47736805 -0.49396823 -0.50424598 -0.51066254 -0.51483274 -0.51776297 -0.52006043 -0.52208783
1.1561842 1.1207855 1.0856683 1.0510037 1.0169643 0.98372076 0.95143906 0.92027651 0.89037862 0.86187593 0.83488126 0.80948747 0.78576577 0.7637647 0.74350978 0.72500382 0.70822782 0.69314247 0.67968997 0.66779628 0.65737336 0.64832164 0.64053217 0.63388868 0.62826918 0.62354708 0.61959162 0.61626758 0.61343393 0.61094119 0.60862728 0.60631112 0.60378347 0.60079385 0.59703222 0.59210346 0.5854924 0.57651666 0.56426523 0.54752352 0.52469276 0.49372825 0.45215275 0.39724859 0.32657774 0.2389513 0.13574216 0.021948246 -0.094005678 -0.20233597 -0.29501858 -0.36804856 -0.42162326 -0.45871579 -0.4833149 -0.4991941 -0.5093627 -0.5159839 -0.5205094 -0.5238696 -0.52664512 -0.52919736 -0.53175925
1.1019215 1.0682343 1.0350172 1.0024269 0.97061817 0.93974035 0.90993479 0.88133178 0.85404795 0.82818391 0.80382235 0.78102659 0.75983971 0.74028418 0.72236217 0.70605619 0.69133033 0.67813175 0.66639247 0.65603125 0.64695554 0.6390632 0.63224411 0.62638131 0.62135164 0.61702579 0.61326739 0.60993113 0.60685947 0.60387757 0.60078589 0.59734965 0.59328419 0.58823468 0.58174873 0.57323976 0.56193977 0.54684145 0.52663436 0.49964947 0.46384581 0.41690305 0.35651977 0.28102595 0.1903306 0.086961455 -0.023422813 -0.13277441 -0.23275341 -0.3171852 -0.38346537 -0.43233589 -0.46661163 -0.48980089 -0.50517613 -0.51536264 -0.52227783 -0.52723737 -0.5311079 -0.53444842 -0.5376211 -0.54087087 -0.54437973
1.0518533 1.0200015 0.98877268 0.95830678 0.92873866 0.90019543 0.872794 0.84663878 0.82181968 0.79841049 0.7764676 0.75602926 0.73711523 0.71972697 0.70384813 0.68944556 0.67647046 0.66485985 0.65453803 0.64541809 0.63740331 0.63038822 0.62425934 0.61889542 0.61416691 0.60993459 0.60604704 0.60233665 0.59861365 0.59465769 0.59020603 0.58493748 0.57845071 0.57023563 0.55963674 0.54580822 0.52766342 0.50382755 0.47261392 0.43206335 0.3801117 0.31496795 0.235759 0.14337023 0.041163855 -0.064971072 -0.16766233 -0.25996873 -0.33721863 -0.39781377 -0.44280732 -0.47481096 -0.4969134 -0.51197017 -0.52228921 -0.52958345 -0.53505416 -0.53951404 -0.54350442 -0.54738975 -0.55142759 -0.55581809 -0.5607384
1.0058643 0.97591361 0.94670413 0.91835771 0.89098887 0.86470266 0.83959272 0.81573953 0.79320902 0.77205145 0.75230074 0.73397413 0.71707226 0.70157958 0.68746504 0.67468307 0.66317463 0.65286839 0.64368186 0.63552231 0.62828753 0.62186606 0.61613699 0.61096894 0.60621817 0.60172538 0.59731099 0.59276836 0.58785434 0.58227644 0.57567561 0.56760377 0.55749512 0.54463104 0.52810022 0.50675923 0.47920631 0.443793 0.39871578 0.34224584 0.27315323 0.19132685 0.098451922 -0.0015873019 -0.10299721 -0.19922748 -0.28460242 -0.35563919 -0.41145045 -0.45324827 -0.48342685 -0.50471153 -0.51960933 -0.53016382 -0.53791633 -0.54397106 -0.54909469 -0.55381386 -0.55849611 -0.56341162 -0.5687782 -0.57479374 -0.58166021
0.96376909 0.93573474 0.90852777 0.88225145 0.85700032 0.83285846 0.80989799 0.78817784 0.76774278 0.74862277 0.73083266 0.71437214 0.69922605 0.68536487 0.67274543 0.66131169 0.6509956 0.64171785 0.63338844 0.62590702 0.61916276 0.6130336 0.60738483 0.60206655 0.59690994 0.59172179 0.58627696 0.58030803 0.57349173 0.56543104 0.55563267 0.54347951 0.52819897 0.5088307 0.48420142 0.45292282 0.41343937 0.36416632 0.30376317 0.23156839 0.14814912 0.055791045 -0.041371858 -0.13786285 -0.22799138 -0.30717716 -0.37286014 -0.42464752 -0.46381294 -0.49253582 -0.5132282 -0.52810414 -0.53898529 -0.54726773 -0.55397252 -0.55982654 -0.56534389 -0.57089535 -0.57676293 -0.58318081 -0.59036563 -0.59853947 -0.60794817
0.92532934 0.89918481 0.87392466 0.84963403 0.82638847 0.80425264 0.78327918 0.76350786 0.74496499 0.72766306 0.71160067 0.69676265 0.68312042 0.67063247 0.65924485 0.64889173 0.63949584 0.63096872 0.62321059 0.61610986 0.60954196 0.60336737 0.59742861 0.59154587 0.58551092 0.5790789 0.57195735 0.56379209 0.55414937 0.54249409 0.5281647 0.51034681 0.48805076 0.46010299 0.42516917 0.38183577 0.32878434 0.26508749 0.19062197 0.10651892 0.015468386 -0.078362671 -0.16994615 -0.25441996 -0.32812401 -0.38920501 -0.43760854 -0.47460905 -0.50218286 -0.52247214 -0.53744332 -0.54873031 -0.5576051 -0.56501684 -0.57165748 -0.57802985 -0.58450753 -0.59138294 -0.59890447 -0.60730463 -0.61682168 -0.62771684 -0.64028889
0.89026987 0.86595448 0.84255472 0.82013848 0.79876367 0.77847724 0.75931436 0.74129789 0.72443797 0.7087319 0.69416414 0.6807065 0.66831836 0.65694703 0.64652794 0.6369848 0.62822948 0.6201616 0.61266754 0.60561891 0.59887011 0.59225478 0.58558092 0.57862427 0.57111956 0.5627492 0.55312911 0.54179142 0.52816446 0.51155138 0.49111065 0.46584516 0.43461131 0.39616644 0.34927888 0.29292607 0.22659175 0.15063284 0.066617231 -0.022535806 -0.11278485 -0.19961293 -0.27891625 -0.347792 -0.40492286 -0.45048131 -0.4857059 -0.51238571 -0.53243026 -0.54759537 -0.55935486 -0.5688738 -0.57703841 -0.58450936 -0.5917789 -0.59922232 -0.60714046 -0.61579321 -0.62542536 -0.63628668 -0.6486477 -0.66281263 -0.67912989
0.85829088 0.83571676 0.81406704 0.79339353 0.77373793 0.75513114 0.73759269 0.72113035 0.70573991 0.69140506 0.67809746 0.66577674 0.65439062 0.64387489 0.63415322 0.62513679 0.61672344 0.6087964 0.60122231 0.59384831 0.58649814 0.57896673 0.5710132 0.5623518 0.55264056 0.54146754 0.52833479 0.51264103 0.49366513 0.47055481 0.44232819 0.4079005 0.3661531 0.31606468 0.25691973 0.18858887 0.11183359 0.028532629 -0.058310353 -0.14488524 -0.2271996 -0.30182035 -0.36645888 -0.42020136 -0.46336813 -0.49714095 -0.52313879 -0.54307015 -0.55851067 -0.57079652 -0.58099977 -0.58995091 -0.59828205 -0.60647489 -0.61490499 -0.6238792 -0.63366574 -0.64451774 -0.65669153 -0.67046081 -0.68612762 -0.70403042 -0.72454894
0.82907749 0.80813522 0.78810666 0.76902868 0.75092812 0.7338213 0.71771353 0.70259885 0.68845984 0.67526746 0.66298096 0.65154774 0.64090306 0.63096967 0.62165702 0.6128602 0.60445825 0.59631182 0.5882599 0.58011554 0.57166008 0.56263593 0.55273743 0.54159984 0.5287865 0.51377474 0.49594204 0.4745554 0.44876896 0.41763824 0.38016306 0.33537392 0.28247603 0.22105557 0.15132918 0.074379813 -0.0077175662 -0.091986739 -0.17491123 -0.25300468 -0.32341329 -0.38434165 -0.43517779 -0.47633435 -0.50892545 -0.5344169 -0.55434301 -0.57012422 -0.5829774 -0.59389298 -0.60365141 -0.61285823 -0.62198419 -0.63140337 -0.64142598 -0.65232525 -0.66435859 -0.67778407 -0.69287281 -0.70991801 -0.72924061 -0.75119124 -0.77614725
0.80230628 0.78286929 0.76431829 0.74667626 0.72995632 0.71416125 0.69928312 0.685303 0.67219069 0.65990444 0.64839063 0.63758323 0.6274032 0.61775742 0.6085373 0.59961681 0.5908498 0.58206646 0.57306864 0.563624 0.55345868 0.54224838 0.52960803 0.51508039 0.4981245 0.47810613 0.45429352 0.42586429 0.39193173 0.35160145 0.30407005 0.24877349 0.18558058 0.115003 0.0383625 -0.042167423 -0.12371852 -0.20309715 -0.27728588 -0.34392301 -0.40160635 -0.44994845 -0.48941544 -0.52104938 -0.54617888 -0.56618669 -0.58235867 -0.59580751 -0.60745121 -0.61802481 -0.6281086 -0.63816174 -0.6485549 -0.65959896 -0.67156883 -0.68472238 -0.69931501 -0.71561029 -0.73388715 -0.75444344 -0.77759541 -0.80367221 -0.83300387
0.77764929 0.75957686 0.74234748 0.72597108 0.71044779 0.69576747 0.68190935 0.6688416 0.65652093 0.64489202 0.6338869 0.62342394 0.61340669 0.60372213 0.59423846 0.58480213 0.57523407 0.56532487 0.55482881 0.54345674 0.53086762 0.51665933 0.50035904 0.48141485 0.45919089 0.43296989 0.40196898 0.36537673 0.3224203 0.27247093 0.21518911 0.15069728 0.079746623 0.0038212834 -0.074885285 -0.15366627 -0.22965639 -0.30026088 -0.36353104 -0.41837675 -0.46457652 -0.50262306 -0.53348591 -0.55837105 -0.5785288 -0.59512755 -0.60918826 -0.62156413 -0.63294843 -0.64389716 -0.65485704 -0.66619339 -0.67821517 -0.69119592 -0.70539049 -0.72104786 -0.73842009 -0.75776786 -0.77936229 -0.80348263 -0.83040907 -0.86040963 -0.8937197
0.75477572 0.73791469 0.72183969 0.70654806 0.69202724 0.67825426 0.66519526 0.65280488 0.64102557 0.62978673 0.61900356 0.60857559 0.59838476 0.58829298 0.57813895 0.56773421 0.55685831 0.54525294 0.53261515 0.51858976 0.50276145 0.48464755 0.46369307 0.43927081 0.41069062 0.37722339 0.33814681 0.29281957 0.24078833 0.1819233 0.11656549 0.045650114 -0.029242909 -0.10595998 -0.18198732 -0.25477775 -0.32211004 -0.38237925 -0.43474205 -0.47909876 -0.51595022 -0.5461953 -0.57093049 -0.59128982 -0.60833847 -0.62301605 -0.63611719 -0.64829642 -0.66008609 -0.67191956 -0.68415502 -0.69709711 -0.71101527 -0.72615848 -0.74276628 -0.76107633 -0.78132854 -0.80376549 -0.82862901 -0.8561521 -0.88654567 -0.91997922 -0.95655533
0.73335188 0.71753718 0.70243779 0.68803851 0.67431389 0.66122761 0.64873182 0.63676622 0.62525706 0.61411581 0.60323747 0.59249851 0.58175423 0.57083542 0.55954444 0.5476504 0.53488358 0.52092928 0.50542123 0.48793543 0.4679855 0.44502142 0.41843469 0.38757378 0.35177515 0.31041545 0.26298918 0.20921235 0.14914412 0.083306073 0.012765697 -0.06085673 -0.13549034 -0.20882926 -0.27862451 -0.3429803 -0.4005762 -0.45076358 -0.49353127 -0.52937575 -0.5591285 -0.58378811 -0.60438601 -0.62189617 -0.63718544 -0.65099519 -0.66394366 -0.67653999 -0.68920338 -0.70228323 -0.71607782 -0.73085023 -0.74684125 -0.76427883 -0.78338441 -0.80437584 -0.82746697 -0.85286348 -0.88075467 -0.91130074 -0.94461536 -0.98074349 -1.0196357
0.71303958 0.6980937 0.68377839 0.67006546 0.65691583 0.64427871 0.63209066 0.62027432 0.60873701 0.59736885 0.58604056 0.57460068 0.56287228 0.55064899 0.53769043 0.52371709 0.50840496 0.49138022 0.47221506 0.45042573 0.42547516 0.39678278 0.36374558 0.32577465 0.2823513 0.23310488 0.17790943 0.11698836 0.051005957 -0.018884128 -0.091065177 -0.16357763 -0.23432629 -0.30133529 -0.36298951 -0.41820299 -0.46648045 -0.50787424 -0.54286815 -0.57223021 -0.59687136 -0.61773209 -0.63570523 -0.65159217 -0.66608545 -0.67976913 -0.69312952 -0.70657092 -0.72043259 -0.73500471 -0.75054229 -0.7672762 -0.78542146 -0.80518233 -0.82675451 -0.85032404 -0.87606299 -0.90412147 -0.93461604 -0.96761436 -1.0031166 -1.0410348 -1.0811717
0.69349366 0.67922521 0.66548757 0.6522386 0.6394243 0.62697768 0.61481749 0.60284656 0.59094992 0.57899244 0.56681604 0.55423641 0.54103923 0.52697592 0.51175916 0.49505841 0.4764962 0.45564591 0.43203281 0.40514019 0.37442366 0.33933665 0.29937092 0.25411429 0.20332563 0.14702177 0.085563956 0.019723437 -0.049299287 -0.11992432 -0.19032047 -0.25859768 -0.32302603 -0.38223065 -0.43531838 -0.48191449 -0.52211605 -0.55638881 -0.58544159 -0.61010666 -0.63124355 -0.64967246 -0.66613556 -0.68128039 -0.69565861 -0.70973409 -0.72389567 -0.73847136 -0.75374198 -0.76995311 -0.78732467 -0.80605799 -0.82634007 -0.84834514 -0.87223329 -0.89814619 -0.92619984 -0.95647417 -0.98900001 -1.0237438 -1.0605912 -1.0993315 -1.1396456
0.67435875 0.66056041 0.64717648 0.63414946 0.6214086 0.60886848 0.59642731 0.58396495 0.57134049 0.55838956 0.54492111 0.5307139 0.51551273 0.49902471 0.4809159 0.46080915 0.43828415 0.41288117 0.38411067 0.35147121 0.31447853 0.2727082 0.22585288 0.17379216 0.11666802 0.054953174 -0.010506528 -0.078495909 -0.14749581 -0.2158116 -0.28174755 -0.34379245 -0.40077603 -0.45196336 -0.49707437 -0.5362367 -0.56989482 -0.59870256 -0.62342144 -0.64483855 -0.66370883 -0.68072053 -0.69647949 -0.71150664 -0.72624381 -0.74106399 -0.75628314 -0.77217179 -0.78896523 -0.80687186 -0.8260792 -0.84675747 -0.86906074 -0.89312551 -0.91906672 -0.9469713 -0.97688923 -1.0088226 -1.0427135 -1.0784307 -1.1157592 -1.1543911 -1.1939242
0.6552661 0.64171216 0.62843755 0.61536757 0.60241253 0.58946597 0.57640265 0.56307619 0.54931642 0.53492639 0.51967924 0.50331498 0.48553762 0.46601304 0.44436854 0.42019495 0.39305312 0.36248642 0.32804171 0.28930067 0.24592316 0.1977021 0.1446265 0.086944801 0.025216033 -0.039667476 -0.10650126 -0.17384295 -0.24013619 -0.30386559 -0.36371275 -0.41868093 -0.46816497 -0.51195898 -0.55021058 -0.58334115 -0.61195363 -0.63674576 -0.65843957 -0.67773098 -0.69525903 -0.71159077 -0.72721789 -0.74256068 -0.75797608 -0.77376748 -0.79019449 -0.80748171 -0.82582584 -0.84540089 -0.86636124 -0.88884252 -0.91296029 -0.93880646 -0.96644378 -0.99589827 -1.0271503 -1.0601249 -1.0946819 -1.1306078 -1.1676106 -1.2053199 -1.2432927
0.63583076 0.62227467 0.6088419 0.59543849 0.58195338 0.56825649 0.55419639 0.53959781 0.52425899 0.5079489 0.49040477 0.47133014 0.45039403 0.42723209 0.40145089 0.37263669 0.3403705 0.30425114 0.26392786 0.21914288 0.16978253 0.11593242 0.057928734 -0.003606194 -0.067757191 -0.13334974 -0.19902804 -0.26337104 -0.32502833 -0.38285024 -0.43598692 -0.4839396 -0.52656033 -0.56400882 -0.59668253 -0.62513744 -0.65001364 -0.67197445 -0.69166231 -0.70967106 -0.72653163 -0.74270791 -0.75859915 -0.77454625 -0.79083978 -0.80772813 -0.82542504 -0.84411571 -0.86396129 -0.88510154 -0.90765558 -0.93172072 -0.95736947 -0.98464485 -1.0135542 -1.044062 -1.0760822 -1.1094711 -1.1440212 -1.1794588 -1.2154446 -1.2515804 -1.2874213
