Interpolating SPI Data/spi_stations/interpolated_spi/4-23_2.tif
NCOLS 257
NROWS 141
XLLCORNER -178.27925
YLLCORNER 5.3153543
DX 0.49934803
DY 0.49997533
NODATA_VALUE -9999
[rows 28 to 55 of 141, columns 126 to 188 of 257]
-0.38 -0.29 -0.29 -0.29 -0.29 -0.29 -0.72950785 -0.73 -0.73 -0.73 -0.72994841 -0.53 -0.53 -0.53 -0.53 -0.53 -0.53007482 -1.2766773 -2.8056268 -2.9099334 -2.9099999 -2.91 -2.91 -2.9097979 -0.76 -0.76 -0.76 -0.76 -0.76 -0.76 -0.76 -0.76 -0.76 -0.76 -0.76232809 -0.80999663 -0.81 -0.81 -0.81 -0.81 -0.81 -0.81 -0.8099999 -0.80808346 0.5380224 0.53999999 0.54 0.54 0.54 0.54 0.54 0.54 0.54 0.54 0.54 0.53999994 0.5399968 0.53986033 0.53567418 0.45740673 -0.042048376 -0.48576266 -0.34602962
-0.38 -0.37712735 -0.29 -0.29 -0.29 -0.72999843 -0.73 -0.73 -0.73 -0.73 -0.72951824 -0.53 -0.53 -0.53 -0.53 -0.53 -0.53005353 -1.22 -1.22 -1.22 -1.22 -1.2200001 -1.2202345 -0.77017459 -0.76 -0.76 -0.76 -0.76 -0.76 -0.76 -0.76 -0.76 -0.76 -0.76070247 -0.80999998 -0.81 -0.81 -0.81 -0.81 -0.81 -0.81 -0.80999999 -0.80999842 -0.80985917 -0.77197323 0.53965311 0.53999998 0.53999999 0.53999998 0.5399999 0.53999913 0.53998752 0.53972318 0.53183498 0.31968132 -0.4767852 -0.61302572 -0.61955515 -0.61995467 -0.61996613 -0.61898855 -0.58904481 -0.089918967
-0.38 -0.38 -0.29 -0.29 -0.72999948 -0.73 -0.73 -0.73 -0.73 -0.73 -0.69088663 -0.53 -0.53 -0.53 -0.53 -0.53 -0.530125 -1.22 -1.22 -1.22 -1.22 -1.22 -1.22 -1.2199089 -0.76 -0.76 -0.76 -0.76 -0.76 -0.76 -0.76 -0.76 -0.76014995 -0.81 -0.81 -0.81 -0.81 -0.81 -0.81 -0.81 -0.81 -0.80999977 -0.80992203 -0.80321928 -0.72340107 -0.65636844 0.53231983 0.5289633 0.43518779 -0.17375916 -0.59082692 -0.61910469 -0.61997749 -0.61999943 -0.61999998 -0.62 -0.62 -0.62 -0.61999976 -0.61997985 -0.61850447 -0.54099684 0.55290451
-0.38 -0.37996248 0.09 0.089999998 -0.73 -0.73 -0.73 -0.73 -0.73 -0.73296233 -1.3999048 -0.53 -0.53 -0.53 -0.53 -0.53 -0.53501519 -1.22 -1.22 -1.22 -1.22 -1.22 -1.22 -1.22 -0.76000125 -0.76 -0.76 -0.76 -0.76 -0.76 -0.76 -0.76006531 -0.81 -0.81 -0.81 -0.81 -0.81 -0.81 -0.81 -0.81 -0.80999998 -0.80995737 -0.79704532 -0.6867526 -0.67084331 -0.67009067 -0.6593605 -0.61989208 -0.61999684 -0.61999994 -0.62 -0.62 -0.62 -0.62 -0.62 -0.62 -0.62 -0.62 -0.61999992 -0.61998271 -0.61697843 -0.33569844 1.1476442
-0.37272716 0.09 0.09 0.09 0.089986272 -0.73 -0.73 -0.73 -1.41 -1.41 -1.41 -0.53 -0.53 -0.53 -0.53 -0.53 -1.1811725 -1.22 -1.22 -1.22 -1.22 -1.22 -1.22 -1.22 -1.0285011 -0.76 -0.76 -0.76 -0.76 -0.76 -0.76020482 -0.81 -0.81 -0.81 -0.81 -0.81 -0.81 -0.81 -0.81 -0.81 -0.80997406 -0.7698619 -0.67161177 -0.67004132 -0.6700035 -0.67000074 -0.66092664 -0.61999896 -0.61999998 -0.62 -0.62 -0.62 -0.62 -0.62 -0.62 -0.62 -0.62 -0.62 -0.61999998 -0.6199812 -0.61014574 0.4771382 1.3058646
-0.28999501 0.09 0.09 0.09 0.09 -0.72993371 -0.73383692 -1.41 -1.41 -1.41 -1.41 -0.53 -0.53 -0.53 -0.53 -0.53 -1.2199896 -1.22 -1.22 -1.22 -1.22 -1.22 -1.22 -1.22 -0.89731012 -0.53754379 -0.68388942 -0.74947162 -0.7589855 -0.76126311 -0.81 -0.81 -0.81 -0.81 -0.81 -0.81 -0.81 -0.81 -0.81 -0.80997522 -0.69030164 -0.67002652 -0.67000037 -0.67000003 -0.67000001 -0.67000038 -0.66361954 -0.61999138 -0.61999993 -0.62 -0.62 -0.62 -0.62 -0.62 -0.62 -0.62 -0.62 -0.62 -0.61999999 -0.61996851 -0.55341088 1.244355 1.3195811
-0.29 0.09 0.09 0.09 0.09 0.089999965 -1.41 -1.41 -1.41 -1.41 -1.41 -1.042226 -0.53 -0.53 -0.53 -0.53 -1.2199998 -1.22 -1.22 -1.22 -1.22 -1.22 -1.22 -0.35058426 -0.28 -0.310565 -0.33 -0.33 -0.33 -0.33 -0.80999999 -0.81 -0.81 -0.81 -0.81 -0.81 -0.81 -0.81 -0.80990635 -0.67011854 -0.67000002 -0.67 -0.67 -0.67 -0.67 -0.67000716 -0.76264017 -0.61989614 -0.6199993 -0.62 -0.62 -0.62 -0.62 -0.62 -0.62 -0.62 -0.62 -0.62 -0.62 -0.61988441 0.25387282 1.3189148 1.3199966
-0.29 0.09 0.09 0.09 0.09 0.082338936 -0.31934297 -1.4099999 -1.41 -1.41 -1.41 -1.2854418 -0.53 -0.53 -0.53 -0.53 -1.2199997 -1.22 -1.22 -1.22 -1.22 -1.22 -0.28041097 -0.28 -0.28 -0.28008546 -0.33 -0.33 -0.33 -0.33 -0.33000062 -0.81 -0.81 -0.81 -0.81 -0.81 -0.81 -0.79913317 -0.67 -0.67 -0.67 -0.67 -0.67 -0.67 -0.67 -0.67051116 -1.465404 -0.62357855 -0.61997226 -0.61999999 -0.62 -0.62 -0.62 -0.62 -0.62 -0.62 -0.62 -0.62 -0.62 -0.61822503 1.3050615 1.3199979 1.32
-0.47 -0.46999577 0.09 0.09 0.08999999 -0.31 -0.31 -0.31 -0.31 -0.5000001 -0.5 -0.5 -0.50003558 -1.8399995 -1.8399997 -1.8399987 -1.3117081 -1.22 -1.22 -1.22 -1.22 -0.28000233 -0.28 -0.28 -0.28 -0.28 -0.33 -0.33 -0.33 -0.33 -0.33 -0.47418443 -0.81 -0.81 -0.81 -0.81 -0.67003602 -0.67 -0.67 -0.67 -0.67 -0.67 -0.67 -0.67 -0.6700001 -0.84396219 -1.5229795 -0.92717831 -0.61338329 -0.61999934 -0.62 -0.62 -0.62 -0.62 -0.62 -0.62 -0.62 -0.62 -0.62 -0.30476468 1.3199956 1.32 1.32
-0.47 -0.47 -0.47 0.083453263 -0.3099999 -0.31 -0.31 -0.31 -1.0531047 -0.5 -0.5 -0.5 -1.7658789 -1.84 -1.84 -1.84 -1.84 -1.8384912 -0.76276319 -0.7600026 -0.74423518 -0.28 -0.28 -0.28 -0.28 -0.28 -0.33 -0.33 -0.33 -0.33 -0.33 -0.33 -0.6936099 -0.36000472 -0.36 -0.36000002 -0.67 -0.67 -0.67 -0.67 -0.67 -0.67 -0.67 -0.67 -0.67006559 -1.5292348 -1.5294975 -1.307935 -0.29052931 -0.61883207 -0.62 -0.62 -0.62 -0.62 -0.62 -0.62 -0.62 -0.62 -0.61999993 1.3196024 1.32 1.32 1.32
-0.47 -0.47 -0.47 -0.57300471 -0.31017485 -0.31 -0.31 -1.0599996 -1.06 -0.5 -0.5 -0.5 -1.84 -1.84 -1.84 -1.84 -1.84 -1.5418639 -0.76 -0.76 -0.76 -0.28000141 -0.28 -0.28 -0.28 -0.28 0.1290802 -0.33 -0.33 -0.33 -0.33 -0.33 -0.36 -0.36 -0.36 -0.36 -0.67 -0.67 -0.67 -0.67 -0.67 -0.67 -0.67 -0.67000001 -1.0889916 -1.5300059 -1.5299901 -1.504332 -0.285117 -0.28103826 -0.61994022 -0.62 -0.62 -0.62 -0.62 -0.62 -0.62 -0.62 -0.61776265 1.32 1.32 1.32 1.32
-0.47 -3.2545602 -3.2899839 -2.530007 -2.1240016 -1.7098343 -1.0468115 -1.06 -2.1488472 -2.15 -0.50000078 -0.50000037 -1.84 -1.84 -1.84 -1.84 -1.84 -0.76003627 -0.76 -0.76 -0.76 -0.76 -0.28 -0.28 -0.28 0.13999994 0.14 0.13970721 -0.33 -0.33 -0.33 -0.33000464 -0.36 -0.36 -0.36 -0.36 -0.67 -0.67 -0.67 -0.67 -0.67 -0.67 -0.67 -0.67655928 -1.5444764 -1.5300018 -1.53 -1.5294772 -0.28921979 -0.28000001 -0.28005366 -0.61999962 -0.62 -0.62 -0.62 -0.62 -0.62 -0.62 1.3199998 1.32 1.32 1.32 1.32
-3.29 -3.29 -3.2899703 -2.53 -1.7602703 -1.71 -0.99 -2.1389681 -2.15 -2.15 -2.15 -2.149504 -1.84 -1.84 -1.84 -1.84 -1.84 -0.76 -0.76 -0.76 -0.76 -0.76 -0.28095016 -0.28 -0.016663318 0.14 0.14 0.14 -0.6199999 -0.41866217 -0.33000445 -0.35998467 -0.36 -0.36 -0.36 -0.36 -0.37402516 -0.67 -0.67 -0.67 -0.67 -0.67 -0.67025731 -1.6099987 -1.5858809 -1.5300004 -1.53 -1.5299994 -0.32967499 -0.28 -0.28 -0.2800005 -0.62 -0.62 -0.62 -0.62 -0.62 -0.61999997 1.32 1.32 1.32 1.32 1.32
-2.18 -2.18 -2.5299945 -2.53 -1.71 -1.71 -0.99 -0.99000041 -2.149954 -2.15 -2.1499999 -1.4800106 -1.6384479 -1.8399999 -1.84 -1.8399998 -1.8111361 -1.4090159 -0.76 -0.76 -0.76 -0.76 -0.76 -0.26634385 0.14 0.14 0.1399984 -0.62 -0.62 -0.62189372 -1.5698492 -1.559065 -0.36000147 -0.36 -0.36 -0.36 -0.36000345 -0.67 -0.67 -0.67 -0.67 -0.67000496 -1.61 -1.61 -1.6097136 -1.5300001 -1.53 -1.53 -1.2458423 -0.28 -0.28 -0.28 -0.28 -0.62 -0.62 -0.62 -0.62 1.3199983 1.32 1.32 1.32 1.32 1.32
-2.04 -2.04 -1.81 -1.3900919 -1.3900001 -1.1731788 -0.99 -1.18 -1.12 -1.12 -1.0311487 -1.48 -1.48 -1.32 -1.32 -1.32 -1.349162 -1.41 -1.41 -0.76000136 -0.76 -0.76 -1.8708652 -1.9 0.13999986 -0.61562371 -0.62 -0.62 -0.62440385 -1.57 -1.57 -1.57 -2.74 -2.74 -2.74 -2.74 -2.74 -2.7398465 -0.6700001 -0.67 -0.67000032 -1.61 -1.61 -1.61 -1.61 -1.53 -1.53 -1.53 -1.5299932 -0.28 -0.28 -0.28 -0.28 -0.28000001 -0.62 -0.62 -0.61999547 1.32 1.32 1.32 1.32 1.32 1.32
-2.0724154 -3.4999969 -2.37 -1.93 -1.9897755 -0.66004763 -1.3044027 -2.99 -0.62 -0.95 -1.12 -1.48 -1.48 -1.32 -1.32 -0.43 -0.43 -1.41 -1.41 -1.41 -1.4099992 -1.9 -1.9 -1.9 -1.9 -0.62000441 -0.62 -1.5699992 -1.57 -1.57 -1.57 -1.57 -2.74 -2.74 -2.74 -2.74 -2.74 -2.74 -2.7399845 -0.99118043 -1.6099998 -1.61 -1.61 -1.61 -1.61 -1.5300003 -1.53 -1.53 -1.53 -0.28 -0.28 -0.28 -0.28 -0.28 -0.27298655 1.731132 1.2958714 1.32 1.32 1.32 1.32 1.32 1.32
-0.86 -1.01 -1.26 -1.34 -1.6396076 0.66999784 -0.36 -0.61 -1.3399975 -0.94 -1.12 -1.3599101 -1.36 -1.3229583 -0.43000082 -0.43 -0.43 -1.41 -1.41 -1.41 -1.1590492 -1.8999829 -1.9 -1.9 -1.9 -1.57 -1.57 -1.57 -1.57 -1.57 -1.57 -1.57 -2.74 -2.74 -2.74 -2.74 -2.7399301 -2.0659897 -1.3600208 -1.3600005 -1.61 -1.61 -1.61 -1.61 -1.61 -1.6069391 -1.53 -1.53 -1.53 -0.28 -0.28 -0.28 -0.28 -0.27999997 1.79 1.79 1.79 1.5045232 1.32 1.32 1.32 1.32 1.32
-0.25 -1.24 -1.24 -0.71 -0.4 -0.97 0.59 -1.15 -1.16 -1.35 -0.97 -0.79 -0.79 -1.98 -1.98 -0.43 -0.43 -0.72639123 -0.69 -0.69 -1.160001 -1.16 -1.9 -1.9 -1.5701309 -1.57 -1.57 -1.57 -1.5537337 -1.387044 -0.81000088 -0.81000003 -2.1334127 -2.0900007 -2.09 -2.09 -2.09 -1.36 -1.36 -1.36 -1.6099958 -1.61 -1.61 -1.61 -1.61 -1.61 -1.53 -1.53 -1.53 -0.28003952 -0.28 -0.28 -0.28 1.79 1.79 1.79 1.79 1.8862165 2.9 2.9 2.9 2.8998916 2.8029091
-2.3 -2.47 -2.4406363 -1.43 -0.56 -1.33 -1.01 -1.26 -1.0384423 -1.14 -1.15 -0.79020652 -2.2 -2.2 -1.98 -1.16 -1.66 -1.66 -0.69 -0.69 -1.2 -1.16 -1.16 -1.8999985 -1.57 -1.57 -1.57 -0.29 -0.29 -0.81 -0.81 -0.81 -2.0780649 -2.09 -2.09 -2.09 -1.36 -1.36 -1.36 -1.36 -1.5632199 -1.61 -1.61 -1.61 -1.61 -1.61 -1.53 -1.53 -1.53 -0.040000042 -0.040000284 -0.061330005 1.7899994 1.79 1.79 1.79 1.79 2.899998 2.9 2.9 2.9 2.9 2.9
-0.64000567 -2.238628 -1.71 -2.36 -2.11 -2.71 -2.38 -1.95 -1.57 -1.8 -1.27 -1.27 -2.2 -2.2 -1.16 -1.16 -1.66 -1.66 -1.66 -0.84 -1.53 0.24 -0.78 -0.78 -0.94801412 -1.7276017 -1.5700091 -0.29 -0.29 -0.81 -0.81 -0.85817232 -1.8168313 -2.0899994 -2.09 -1.3600254 -1.36 -1.36 -1.36 -1.3599741 0.19946567 -1.61 -1.61 -1.61 -1.61 -1.61 -1.5300145 -1.5299813 -0.04 -0.04 -0.04 -0.04 1.5531782 1.79 1.79 1.79 1.79 2.9 2.9 2.9 2.9 2.9 2.9
-1.27 -1.94 -2.35 -1.61 -1.7201595 -2.23 -1.7897791 -1.79 -2.33 -1.87 -2.55 -1.45 -1.45 -0.27 -0.92 -0.92 -0.27 -0.034753269 0.19999964 -0.84 -0.82 0.23960796 -0.78 -0.8 -0.80780523 -1.96 -1.96 -0.83 -0.83000971 -0.81 -1.82 -1.82 -0.78017136 -1.050255 -1.08 -1.08 -1.08 -1.3599997 0.19998971 0.2 0.20000001 -0.08762606 -0.35 -0.35 -0.35 -0.35 -0.37479329 -0.067284789 -0.04 -0.04 -0.04 -0.04 -0.039999972 1.79 1.79 1.79 1.79 2.9 2.9 2.9 2.9 2.9 2.8624913
-2.07 -1.24 -1.8907367 -1.47 -1.47 -1.52 -1.43 -1.95 -1 -1.37 -1.37 -1.27 -1.2700043 -0.27 -0.27 0.25177207 -0.03 0.2 0.2 -0.81991571 -0.82 -0.84999983 -0.64 -0.8 -0.80137536 -1.96 -1.96 -1.6346721 -1.64 -1.04 -1.82 -0.78000204 -0.78 -0.71000001 -0.74450726 -1.08 -1.0799078 -1.04 0.2 0.2 0.20000003 -0.33998757 -0.35 -0.35 -0.35 -0.35 -0.92999997 -0.93 -0.040000002 -0.04 -0.04 -0.04 1.62 1.62 1.6203711 1.79 2.3811232 2.9 2.9 2.9 2.9 2.6311183 1.65
-0.58502987 -1.06 -1.37 -1.48 -1.48 -1.71 -0.78506423 -0.76 -1 -0.99999998 -1.85 -1.27 -1.27 -0.26994443 -0.09 -0.09 0.40999998 0.19999978 0.090000003 0.10253311 0.14 -0.85 0.93 0.02 -0.0099094919 -0.23 -0.23 -1.6399505 -1.04 -1.4 -0.8 -0.78 -0.78 -0.54000013 -0.71 -0.71 -1.04 -1.04 0.2 0.2 0.059668021 -0.34 -0.34000003 -0.35 -0.35 -0.35 -0.93 -0.93 -0.93 -0.04 -0.04 1.62 1.62 1.62 1.62 1.62 2.8986123 2.9 2.9 2.9 1.6855944 1.65 1.65
0.72001363 0.37 -0.66 -1.59 -1.53 -0.87999985 -0.76 -0.74135855 -0.97 -0.85 -1.49 -1.02 -1.02 -0.96 -1.3 -1.3 -1.3 -0.68 -0.68 0.09 -0.71999984 -0.72 -0.24946118 -0.25 -0.55 -0.55 -0.2300004 -0.21 -0.21 -1.3999999 -0.94 -0.90000009 -0.9 -0.54 -0.84 -0.88 -2.6 -0.93 0.44 0.050173142 0.34813396 -0.34 -0.34 -0.34999985 -1.45 -1.45 -0.93 -0.93 -0.93 1.63 1.63 1.62 1.62 1.62 1.62 1.7099987 1.7100012 1.8400001 1.8400449 1.6563269 1.65 1.65 1.65
0.60998886 -0.04 -1.4624468 -1.32 -1.48 -1.56 -1.75 -1.35 -1.16 -0.82 -0.59 -1.02 -0.96 -0.96 -0.050072904 -0.05 -0.01 -0.010000141 -0.68 -0.68 -0.13 -0.72 -0.25 -0.25 -0.25004273 -0.10000067 -0.1 -0.10501877 -0.75999997 -0.76 -0.96 0.24991044 -0.48 0.31 -0.44 -0.44000001 -0.02 -0.02 0.66 0.05 0.73 -0.34 -0.34 -0.34000001 -1.45 -1.45 -0.93003161 -0.93 1.6297129 1.63 1.63 1.629936 1.62 1.71 1.71 1.71 1.7308549 1.84 1.84 1.84 1.65 1.65 1.65
-0.53000027 -0.67238787 -2.18 -0.86 -1.32 -1.78 -1.09 -1.31 -2.02 -1.01 -1.01 -0.96000006 -0.96 -0.96 -0.05 -0.05 -0.01 -0.01 0.89 -0.13 -0.13 -0.13 -0.25 -0.25 -0.24995639 -0.10000009 -0.1 -0.1 -0.76 -0.76 -0.02 0.25 -0.29999983 -0.3 6.3673627e-16 -0.71 -0.6 -0.020000514 0.66 -0.2 -0.19999999 -0.22780628 0.5 -0.34999996 -0.34999993 0.54 0.54721163 1.48 1.48 1.63 1.63 1.6249711 0.78000019 1.71 1.71 1.71 1.84 1.84 1.84 1.84 1.6803408 1.65 1.65
-0.56548413 -1.2900521 -2.179619 -0.86000596 -1.5400061 -1.78 -1.09 -1.31 -2.02 -0.66879912 0.09 0.09 -0.9599994 -0.96 -0.05 -0.05 -0.01 -0.01 0.89 -0.13 -0.27284748 -0.28999769 -0.25000292 -0.24999994 -0.16 -0.16 -0.16 -0.16 -0.76 -0.02 -0.02 -0.02 -0.29999882 0.32 0.32 -0.69497052 -0.6 -0.6 -0.19972704 -0.2 -0.2 0.5 0.5 -0.35 -0.35 0.54 0.54290819 1.48 1.48 1.63 1.63 0.78 0.78 0.78 1.71 1.71 1.84 1.84 1.84 1.84 1.84 1.65 1.65
-1.31 -1.31 -1.31 -0.96058189 -1.5409303 -1.78 -1.0900688 -1.3098772 0.089915356 0.09 0.09 0.09 0.09 -0.8797571 -0.05 -0.049999999 -0.010107121 -0.009999315 -0.29 -0.29 -0.29 -0.29 -0.29 -0.1600001 -0.16 -0.16 -0.16 -0.44994473 -0.033669507 -0.02 -0.02 -0.02 0.28 0.32 0.32 0.32 0.26958719 0.61 0.61 0.61 0.49473608 0.24 0.24 -0.34652155 -0.35 0.54 1.17 1.17 1.4756973 1.63 0.94007242 0.94 0.78 0.78 0.78038572 1.7100002 1.84 1.84 1.84 1.84 1.84 0.19027527 0.20768901
