Interpolating SPI Data/spi_stations/interpolated_spi/5-19_1.tif
NCOLS 257
NROWS 141
XLLCORNER -178.27925
YLLCORNER 5.3153543
DX 0.49934803
DY 0.49997533
NODATA_VALUE -9999
[rows 56 to 83 of 141, columns 0 to 62 of 257]
0.12217533 0.12197922 0.12178459 0.12159174 0.12140092 0.12121236 0.12102627 0.1208428 0.1206621 0.12048426 0.12030933 0.12013732 0.11996818 0.11980183 0.11963811 0.11947682 0.11931766 0.11916026 0.11900418 0.11884885 0.11869361 0.11853763 0.11837994 0.1182194 0.1180546 0.11788388 0.11770525 0.1175163 0.11731409 0.11709506 0.11685479 0.11658783 0.11628733 0.11594462 0.11554864 0.11508508 0.11453523 0.11387429 0.113069 0.11207409 0.11082701 0.10923999 0.10718778 0.10448855 0.10087337 0.095936826 0.089055667 0.079252799 0.064967645 0.043667973 0.011204953 -0.039199508 -0.11831112 -0.2418931 -0.42868312 -0.68962904 -1.0062163 -1.3192924 -1.5623119 -1.7106406 -1.7833061 -1.8113583 -1.8177693
0.12102412 0.12083397 0.12064442 0.12045565 0.12026786 0.12008118 0.1198957 0.11971149 0.11952855 0.11934684 0.11916625 0.11898663 0.11880774 0.11862926 0.11845079 0.11827182 0.11809174 0.1179098 0.11772509 0.11753652 0.11734281 0.11714241 0.11693348 0.11671381 0.11648076 0.11623114 0.11596109 0.11566591 0.11533982 0.11497573 0.11456475 0.11409576 0.11355466 0.1129234 0.11217865 0.11128987 0.11021671 0.10890506 0.10728154 0.10524514 0.10265485 0.099310818 0.094925244 0.089076936 0.081139292 0.070165094 0.054701254 0.03249229 1.6528883e-05 -0.048195762 -0.12041703 -0.22832611 -0.38593565 -0.60385425 -0.87657217 -1.1701529 -1.4310927 -1.619683 -1.7315863 -1.7867238 -1.8084501 -1.8133444 -1.8106306
0.11960746 0.11941789 0.11922757 0.1190366 0.11884502 0.11865282 0.11845995 0.11826628 0.11807161 0.11787568 0.11767814 0.11747853 0.11727628 0.11707072 0.11686099 0.11664611 0.11642486 0.11619583 0.11595733 0.11570733 0.11544343 0.11516278 0.11486196 0.11453687 0.11418254 0.11379298 0.11336086 0.1128772 0.11233088 0.11170805 0.11099134 0.11015869 0.10918194 0.10802466 0.10663936 0.10496332 0.10291287 0.10037492 0.097194728 0.093157778 0.087962596 0.081179678 0.07218873 0.060082233 0.04351717 0.020489238 -0.012001326 -0.058412094 -0.125201 -0.2211815 -0.35689923 -0.54143052 -0.77499797 -1.0396458 -1.2982821 -1.5112841 -1.6586599 -1.745186 -1.7883849 -1.8058035 -1.8097212 -1.807197 -1.8017877
0.11786526 0.11766819 0.1174684 0.11726581 0.11706026 0.11685152 0.11663927 0.1164231 0.11620251 0.11597687 0.11574539 0.11550716 0.11526107 0.11500581 0.11473982 0.11446127 0.11416796 0.11385734 0.11352634 0.11317135 0.11278806 0.11237131 0.11191492 0.11141142 0.11085179 0.11022498 0.10951746 0.1087125 0.10778926 0.1067216 0.10547643 0.10401152 0.10227243 0.10018838 0.097666292 0.094582535 0.090771056 0.086006281 0.079978217 0.072255926 0.062233572 0.049050565 0.031473754 0.0077260907 -0.024754334 -0.069629226 -0.13200632 -0.21864378 -0.33755699 -0.49614806 -0.69686195 -0.93090058 -1.1746482 -1.395861 -1.5688246 -1.6856059 -1.7541898 -1.7890325 -1.8034411 -1.8067336 -1.8044512 -1.7995323 -1.7934075
0.11572525 0.11550907 0.1152873 0.11505955 0.11482537 0.11458418 0.11433526 0.11407776 0.11381066 0.11353276 0.11324262 0.11293856 0.1126186 0.11228042 0.11192129 0.11153798 0.11112671 0.110683 0.11020154 0.10967601 0.1090989 0.10846116 0.1077519 0.10695795 0.10606323 0.10504804 0.10388803 0.10255297 0.10100498 0.099196223 0.097065837 0.094535667 0.09150447 0.087839863 0.083367082 0.077853151 0.070984428 0.062334596 0.051318847 0.037128389 0.018637477 -0.005726137 -0.038154913 -0.081676595 -0.1403755 -0.219506 -0.32522727 -0.46346204 -0.63728243 -0.84284427 -1.0658758 -1.282896 -1.4694418 -1.6104646 -1.7045793 -1.7602397 -1.7890853 -1.8013456 -1.8042479 -1.8022366 -1.7977827 -1.7921579 -1.7859855
0.11310094 0.11284949 0.11258825 0.11231644 0.1120331 0.11173712 0.11142719 0.11110178 0.11075907 0.11039697 0.110013 0.10960431 0.10916753 0.10869872 0.10819329 0.10764582 0.10704992 0.10639803 0.1056812 0.10488873 0.10400782 0.10302307 0.10191583 0.10066342 0.099238066 0.097605561 0.095723473 0.093538807 0.090984882 0.087977157 0.084407595 0.080137007 0.074984574 0.068713425 0.061010686 0.051459775 0.039501933 0.024382973 0.0050803793 -0.019794292 -0.052120503 -0.094415694 -0.14997638 -0.22293719 -0.31808262 -0.44012275 -0.59207779 -0.77267378 -0.97359334 -1.1788046 -1.3682342 -1.5249273 -1.6409692 -1.7181706 -1.7643391 -1.7887833 -1.7994837 -1.8021564 -1.8004323 -1.7964193 -1.7912589 -1.7855403 -1.7795663
0.10988934 0.10958062 0.10925608 0.10891433 0.1085537 0.10817228 0.10776786 0.10733784 0.10687925 0.1063886 0.10586185 0.10529431 0.10468049 0.10401397 0.10328723 0.10249142 0.10161609 0.10064886 0.099574973 0.098376813 0.097033199 0.095518552 0.093801816 0.091845061 0.089601684 0.087014067 0.084010508 0.080501168 0.076372705 0.071481106 0.065642077 0.05861809 0.050100876 0.039687737 0.026849548 0.010887812 -0.0091221716 -0.034404552 -0.06657284 -0.10773019 -0.16055872 -0.22834638 -0.3148483 -0.42381088 -0.55794604 -0.71725421 -0.89704443 -1.0867812 -1.2713248 -1.4350647 -1.5670055 -1.6636179 -1.7280524 -1.7671161 -1.7882654 -1.7978181 -1.8003732 -1.7989436 -1.7953498 -1.7906237 -1.7853241 -1.7797496 -1.7740683
0.10596848 0.10557312 0.10515342 0.10470705 0.10423133 0.10372316 0.10317899 0.10259469 0.10196549 0.10128588 0.10054946 0.099748773 0.098875124 0.097918339 0.096866469 0.095705435 0.094418578 0.092986108 0.091384411 0.089585175 0.08755429 0.085250447 0.082623348 0.079611406 0.07613877 0.072111471 0.067412378 0.061894591 0.055372746 0.04761153 0.038310503 0.027084043 0.013434975 -0.0032798146 -0.023893429 -0.049483721 -0.081437734 -0.12151991 -0.17192785 -0.23530059 -0.31461376 -0.41285723 -0.53236661 -0.67372963 -0.8344079 -1.0076371 -1.1825559 -1.3462747 -1.4873974 -1.5991897 -1.6806546 -1.7353225 -1.7689726 -1.7876122 -1.7963122 -1.7988289 -1.797696 -1.7945017 -1.7901847 -1.7852758 -1.78007 -1.7747356 -1.7693798
0.10119487 0.10067434 0.10011756 0.099520877 0.098880123 0.098190501 0.097446497 0.096641751 0.095768918 0.094819494 0.093783605 0.092649757 0.091404524 0.090032176 0.08851421 0.086828783 0.084950004 0.08284705 0.080483066 0.077813776 0.074785733 0.071334097 0.067379798 0.062825915 0.057553009 0.051413112 0.044221956 0.035748905 0.025703937 0.013720822 -0.00066443632 -0.018040948 -0.039156898 -0.064960313 -0.096645079 -0.13569705 -0.18392809 -0.24347394 -0.31671347 -0.40604457 -0.5134377 -0.63971131 -0.78358313 -0.94077714 -1.103729 -1.2624626 -1.4067173 -1.5285368 -1.6240454 -1.6936222 -1.7407143 -1.7701713 -1.7868699 -1.7949325 -1.7974676 -1.7966302 -1.7938178 -1.7898886 -1.7853476 -1.7804856 -1.7754724 -1.7704146 -1.7653888
0.095400874 0.094705426 0.093957304 0.093151022 0.092280296 0.091337918 0.090315601 0.089203794 0.087991464 0.086665834 0.085212054 0.083612824 0.081847909 0.079893571 0.077721847 0.075299681 0.072587831 0.069539516 0.066098733 0.062198136 0.057756372 0.052674717 0.046832821 0.040083297 0.032244856 0.023093578 0.012351839 -0.00032566648 -0.015369427 -0.033316721 -0.054837669 -0.080765441 -0.11212896 -0.15018377 -0.19643209 -0.25261519 -0.32065038 -0.40247165 -0.49972481 -0.61327913 -0.74257413 -0.88494132 -1.0352028 -1.1859354 -1.3286231 -1.4554586 -1.561073 -1.643428 -1.7035916 -1.7447269 -1.7708872 -1.7860647 -1.7936494 -1.7962437 -1.7956986 -1.7932525 -1.7896929 -1.7855009 -1.7809629 -1.7762503 -1.7714705 -1.7666984 -1.7619933
0.088392271 0.087458572 0.086449934 0.085358307 0.084174479 0.082887884 0.081486373 0.079955945 0.078280414 0.07644102 0.074415948 0.072179751 0.069702649 0.066949659 0.063879548 0.060443525 0.05658364 0.052230789 0.047302244 0.041698565 0.035299762 0.02796048 0.019503993 0.0097147077 -0.0016711713 -0.01497717 -0.030600653 -0.0490298 -0.070863475 -0.096833503 -0.12782776 -0.16491058 -0.20933378 -0.26252653 -0.32604576 -0.40146056 -0.49013973 -0.592917 -0.70963843 -0.83866262 -0.97648008 -1.1176964 -1.2555891 -1.3832342 -1.4948724 -1.5869864 -1.65868 -1.7113159 -1.7477061 -1.7712392 -1.7852106 -1.7924375 -1.7951205 -1.794863 -1.792769 -1.7895635 -1.7857048 -1.7814749 -1.7770464 -1.7725285 -1.7679956 -1.7635046 -1.7591041
0.079946112 0.078694748 0.077338691 0.075866409 0.074264701 0.072518429 0.07061018 0.068519874 0.06622429 0.063696497 0.060905164 0.057813724 0.054379365 0.050551787 0.0462717 0.041468968 0.036060339 0.029946654 0.023009407 0.015106508 0.0060670801 -0.00431493 -0.016288554 -0.030155247 -0.046280187 -0.065105533 -0.087165502 -0.1131027 -0.1436843 -0.17981523 -0.22254351 -0.27304938 -0.33260581 -0.40249344 -0.48384964 -0.57743523 -0.68331795 -0.8005087 -0.92664254 -1.0578528 -1.188996 -1.3142988 -1.4283135 -1.5268833 -1.6077743 -1.6707773 -1.7173319 -1.7498957 -1.7713091 -1.7843144 -1.7912749 -1.7940678 -1.7940922 -1.7923373 -1.7894725 -1.7859341 -1.7819992 -1.7778417 -1.7735727 -1.7692672 -1.764981 -1.7607599 -1.7566448
0.069809262 0.068142104 0.066331109 0.064360105 0.06221058 0.059861297 0.057287825 0.054461985 0.051351187 0.047917628 0.044117332 0.039898987 0.035202547 0.029957522 0.024080923 0.017474749 0.010022943 0.0015876997 -0.0079950143 -0.018920858 -0.031423591 -0.045782761 -0.0623327 -0.081472815 -0.10367898 -0.1295154 -0.15964583 -0.1948419 -0.23598478 -0.28405459 -0.34009887 -0.40516884 -0.48021062 -0.56589995 -0.66241845 -0.76918968 -0.88462637 -1.0059773 -1.1293819 -1.250211 -1.3636813 -1.4656005 -1.5530169 -1.6245659 -1.6804358 -1.7220277 -1.7514705 -1.7711545 -1.7833789 -1.7901431 -1.793061 -1.793361 -1.7919334 -1.7893972 -1.7861681 -1.7825175 -1.7786202 -1.7745897 -1.7705022 -1.7664131 -1.7623666 -1.7584008 -1.7545508
0.057697948 0.055495593 0.053098738 0.050485159 0.047629424 0.044502358 0.041070405 0.037294871 0.033131027 0.028527023 0.023422602 0.017747545 0.011419818 0.0043433402 -0.0035946907 -0.012526996 -0.022610033 -0.034028531 -0.047000823 -0.061785069 -0.078686372 -0.098064729 -0.12034357 -0.14601833 -0.1756641 -0.2099406 -0.24959175 -0.29543572 -0.34833963 -0.40917127 -0.47871943 -0.55757513 -0.64597156 -0.74359225 -0.84937616 -0.96137257 -1.076716 -1.1917865 -1.3025781 -1.4052231 -1.4965428 -1.5744684 -1.6382144 -1.6881855 -1.7256878 -1.752558 -1.7708163 -1.7824045 -1.7890267 -1.79208 -1.7926488 -1.7915374 -1.7893193 -1.7863899 -1.7830147 -1.779369 -1.7755684 -1.7716911 -1.7677927 -1.7639166 -1.7600991 -1.7563729 -1.7527685
0.043298792 0.040418326 0.0372789 0.033850589 0.030099164 0.025985382 0.021464146 0.01648351 0.010983505 0.0048947378 -0.0018632688 -0.0093840396 -0.017776478 -0.027167615 -0.037705841 -0.049564688 -0.062947199 -0.078090932 -0.095273558 -0.11481897 -0.13710363 -0.16256271 -0.19169522 -0.22506669 -0.26330754 -0.30710408 -0.35717805 -0.41424969 -0.47897859 -0.55187714 -0.63319473 -0.72277752 -0.81992026 -0.92324149 -1.0306271 -1.13929 -1.2459772 -1.3473142 -1.4402242 -1.5223205 -1.5921704 -1.6493679 -1.694423 -1.7285237 -1.7532523 -1.7703243 -1.7813904 -1.7879129 -1.7911085 -1.7919391 -1.7911334 -1.7892235 -1.7865855 -1.7834783 -1.7800771 -1.7764996 -1.7728259 -1.769113 -1.7654037 -1.7617334 -1.7581329 -1.7546307 -1.7512533
0.026271894 0.022545301 0.01847923 0.014034204 0.0091651209 0.0038203427 -0.0020593686 -0.0085421031 -0.015706271 -0.023642328 -0.032454782 -0.042264549 -0.053211669 -0.065458437 -0.079192966 -0.094633187 -0.11203123 -0.13167809 -0.15390829 -0.17910427 -0.20769964 -0.24018045 -0.27708287 -0.31898521 -0.36649133 -0.4202021 -0.48067094 -0.54833995 -0.62345517 -0.7059634 -0.79540003 -0.89078688 -0.99056811 -1.0926178 -1.1943471 -1.2929176 -1.3855387 -1.4697881 -1.5438852 -1.6068502 -1.658522 -1.6994485 -1.7306948 -1.7536243 -1.7697006 -1.7803354 -1.7867913 -1.7901332 -1.7912183 -1.7907084 -1.7890976 -1.7867434 -1.7838979 -1.7807353 -1.7773753 -1.7739001 -1.770368 -1.7668225 -1.7632982 -1.7598248 -1.756429 -1.7531359 -1.749969
0.0062565579 0.001490219 -0.0037141934 -0.0094076527 -0.01564828 -0.022502457 -0.030046115 -0.038366237 -0.047562583 -0.057749685 -0.069059121 -0.081642094 -0.09567232 -0.11134921 -0.12890126 -0.14858962 -0.17071149 -0.19560313 -0.22364195 -0.25524671 -0.29087502 -0.33101624 -0.37617809 -0.42686432 -0.48354095 -0.5465886 -0.61623975 -0.69250223 -0.7750744 -0.86326355 -0.95592518 -1.0514458 -1.1477911 -1.2426316 -1.3335416 -1.4182409 -1.494835 -1.5620002 -1.619077 -1.6660588 -1.703492 -1.7323229 -1.753728 -1.7689617 -1.7792381 -1.7856531 -1.7891435 -1.7904755 -1.7902518 -1.7889317 -1.7868544 -1.7842649 -1.7813361 -1.778189 -1.7749079 -1.771553 -1.7681685 -1.7647891 -1.7614435 -1.7581575 -1.7549547 -1.7518573 -1.7488864
-0.017119736 -0.023143944 -0.029724345 -0.03692528 -0.04481988 -0.05349136 -0.063034497 -0.073557307 -0.085182942 -0.098051801 -0.11232385 -0.12818116 -0.14583051 -0.16550606 -0.18747182 -0.21202371 -0.23949071 -0.27023452 -0.30464696 -0.34314384 -0.38615399 -0.43410174 -0.48738098 -0.54631919 -0.61113054 -0.68185865 -0.75831232 -0.84000118 -0.92608256 -1.0153345 -1.1061707 -1.1967102 -1.2849042 -1.3687082 -1.4462739 -1.5161241 -1.5772771 -1.6292983 -1.6722753 -1.7067311 -1.733502 -1.7536052 -1.7681205 -1.7780974 -1.7844916 -1.7881308 -1.789702 -1.7897553 -1.7887176 -1.7869109 -1.7845724 -1.7818732 -1.7789352 -1.7758448 -1.772664 -1.7694381 -1.7662023 -1.762985 -1.7598112 -1.7567032 -1.7536824 -1.7507687 -1.7479814
-0.0442286 -0.05175004 -0.059965783 -0.068955078 -0.078807588 -0.089624799 -0.10152159 -0.11462794 -0.12909083 -0.14507617 -0.16277087 -0.18238476 -0.20415243 -0.22833451 -0.25521824 -0.28511679 -0.31836673 -0.3553227 -0.3963485 -0.44180317 -0.49202089 -0.54728358 -0.60778546 -0.67358988 -0.74458042 -0.82041051 -0.90045875 -0.98379979 -1.069202 -1.1551625 -1.2399842 -1.3218934 -1.3991833 -1.470362 -1.5342787 -1.5902065 -1.6378677 -1.6774044 -1.7093048 -1.7343057 -1.7532886 -1.7671871 -1.7769121 -1.7833012 -1.7870882 -1.7888909 -1.7892122 -1.788449 -1.7869068 -1.7848146 -1.7823413 -1.7796093 -1.7767067 -1.7736973 -1.770628 -1.7675345 -1.7644455 -1.7613853 -1.7583756 -1.7554364 -1.7525868 -1.749845 -1.7472281
-0.075423965 -0.084697268 -0.094821986 -0.10589315 -0.11801761 -0.13131541 -0.14592131 -0.16198628 -0.17967911 -0.19918779 -0.2207208 -0.24450793 -0.27080041 -0.29987003 -0.33200677 -0.36751424 -0.40670235 -0.44987618 -0.49732034 -0.54927782 -0.60592301 -0.66732886 -0.73342948 -0.80398075 -0.87852365 -0.95635672 -1.0365254 -1.1178365 -1.1989029 -1.2782204 -1.3542701 -1.4256354 -1.4911142 -1.5498095 -1.6011832 -1.6450667 -1.6816304 -1.711323 -1.7347923 -1.7528045 -1.7661695 -1.7756817 -1.7820778 -1.7860104 -1.7880368 -1.7886171 -1.7881208 -1.786837 -1.7849868 -1.7827361 -1.7802072 -1.77749 -1.7746497 -1.771735 -1.7687825 -1.7658211 -1.762875 -1.7599651 -1.7571104 -1.7543286 -1.7516359 -1.7490469 -1.7465729
-0.11102134 -0.12230732 -0.1346179 -0.14806372 -0.16276814 -0.17886838 -0.19651674 -0.21588165 -0.23714847 -0.26052 -0.28621637 -0.31447401 -0.34554349 -0.37968567 -0.41716556 -0.4582435 -0.50316275 -0.55213314 -0.60531028 -0.66277038 -0.72448149 -0.79027273 -0.85980451 -0.93254411 -1.0077518 -1.0844838 -1.1616159 -1.2378923 -1.3119959 -1.382636 -1.4486402 -1.5090399 -1.5631345 -1.6105259 -1.6511204 -1.6851003 -1.7128731 -1.7350085 -1.7521738 -1.7650743 -1.7744056 -1.7808178 -1.7848932 -1.7871353 -1.7879659 -1.7877288 -1.7866975 -1.7850849 -1.7830535 -1.7807253 -1.778191 -1.7755177 -1.7727555 -1.769942 -1.7671067 -1.7642736 -1.7614628 -1.7586918 -1.7559762 -1.7533285 -1.7507575 -1.7482636 -1.7458309
-0.15127377 -0.16482702 -0.1795889 -0.19568403 -0.21324979 -0.23243706 -0.25341078 -0.27635014 -0.30144832 -0.32891149 -0.3589568 -0.39180911 -0.42769594 -0.46684027 -0.50945082 -0.55570914 -0.60575355 -0.65965968 -0.71741817 -0.7789106 -0.84388549 -0.9119374 -0.98249253 -1.0548053 -1.1279698 -1.2009487 -1.2726205 -1.3418422 -1.4075215 -1.4686895 -1.5245643 -1.574597 -1.6184934 -1.6562107 -1.6879322 -1.7140255 -1.7349917 -1.7514134 -1.7639071 -1.7730836 -1.7795186 -1.7837331 -1.7861829 -1.7872549 -1.7872693 -1.7864845 -1.7851051 -1.7832896 -1.7811593 -1.7788055 -1.7762967 -1.7736843 -1.771007 -1.7682947 -1.7655708 -1.7628544 -1.7601606 -1.7575007 -1.7548802 -1.7522955 -1.7497239 -1.7471047 -1.7442944
-0.19634571 -0.21239926 -0.22984852 -0.24882868 -0.26948661 -0.29198084 -0.31648123 -0.34316794 -0.3722297 -0.40386097 -0.43825776 -0.47561183 -0.51610285 -0.5598883 -0.60709086 -0.6577833 -0.71197105 -0.76957335 -0.83040396 -0.89415357 -0.96037632 -1.0284834 -1.0977469 -1.167316 -1.2362478 -1.3035507 -1.3682385 -1.429389 -1.4862009 -1.5380417 -1.5844794 -1.6252966 -1.6604848 -1.6902217 -1.7148374 -1.7347726 -1.7505374 -1.7626722 -1.7717153 -1.7781778 -1.782527 -1.7851763 -1.786481 -1.7867389 -1.7861943 -1.7850431 -1.7834398 -1.7815042 -1.7793278 -1.7769802 -1.7745137 -1.7719678 -1.7693722 -1.7667496 -1.7641164 -1.7614832 -1.7588535 -1.7562191 -1.7535519 -1.750784 -1.7477677 -1.744186 -1.7393483
-0.24628712 -0.26503476 -0.28535806 -0.30739749 -0.33130263 -0.3572313 -0.38534797 -0.41582133 -0.44882084 -0.48451199 -0.52305002 -0.56457183 -0.60918616 -0.65696162 -0.70791311 -0.76198693 -0.81904526 -0.87885168 -0.94105896 -1.0052017 -1.0706957 -1.1368464 -1.202868 -1.2679125 -1.3311093 -1.3916105 -1.4486382 -1.5015286 -1.5497678 -1.5930146 -1.6311084 -1.664063 -1.6920468 -1.715355 -1.7343758 -1.7495568 -1.7613729 -1.7702999 -1.776793 -1.781272 -1.7841123 -1.7856404 -1.7861337 -1.7858223 -1.7848939 -1.7834981 -1.7817529 -1.7797497 -1.7775581 -1.7752311 -1.7728083 -1.7703184 -1.7677815 -1.7652094 -1.7626044 -1.7599551 -1.7572283 -1.7543505 -1.7511715 -1.7473874 -1.7423761 -1.7348312 -1.7219256
-0.30101018 -0.322588 -0.34590233 -0.37109169 -0.3982998 -0.42767345 -0.45935963 -0.49350166 -0.5302341 -0.56967632 -0.61192462 -0.65704289 -0.70505184 -0.75591717 -0.8095372 -0.86573082 -0.92422704 -0.98465737 -1.0465531 -1.1093486 -1.1723927 -1.234968 -1.2963182 -1.3556824 -1.412333 -1.4656132 -1.5149719 -1.5599897 -1.6003955 -1.636071 -1.6670438 -1.6934711 -1.7156162 -1.7338214 -1.7484803 -1.7600115 -1.7688365 -1.7753615 -1.7799645 -1.782987 -1.784729 -1.7854486 -1.7853627 -1.7846502 -1.7834559 -1.7818952 -1.7800583 -1.7780147 -1.7758168 -1.7735029 -1.7710995 -1.7686214 -1.7660716 -1.7634373 -1.7606815 -1.7577267 -1.7544215 -1.7504752 -1.7453231 -1.737845 -1.7257603 -1.7043016 -1.6633053
-0.36027219 -0.38474121 -0.41107556 -0.43940337 -0.46985256 -0.50254766 -0.53760569 -0.57513099 -0.61520891 -0.6578984 -0.70322347 -0.75116373 -0.80164449 -0.85452687 -0.90959882 -0.96656805 -1.0250582 -1.0846091 -1.1446833 -1.204678 -1.2639441 -1.3218109 -1.3776153 -1.4307331 -1.4806092 -1.5267841 -1.5689139 -1.6067822 -1.6403016 -1.6695082 -1.6945467 -1.7156517 -1.7331253 -1.7473144 -1.7585888 -1.7673227 -1.7738796 -1.7786002 -1.7817952 -1.7837408 -1.7846767 -1.784807 -1.7843019 -1.7833007 -1.7819156 -1.7802347 -1.7783261 -1.7762404 -1.7740128 -1.7716642 -1.7692005 -1.7666092 -1.7638518 -1.7608485 -1.7574488 -1.753375 -1.7481118 -1.7406869 -1.7292234 -1.7100143 -1.6756005 -1.6109006 -1.4863039
-0.4236675 -0.45099955 -0.48028147 -0.51162185 -0.54512276 -0.58087563 -0.61895621 -0.65941854 -0.70228821 -0.7475548 -0.79516382 -0.8450087 -0.89692313 -0.95067475 -1.0059609 -1.0624074 -1.1195714 -1.176949 -1.2339876 -1.2901037 -1.3447049 -1.3972141 -1.4470955 -1.4938787 -1.5371793 -1.5767137 -1.6123078 -1.6438974 -1.6715227 -1.695316 -1.715486 -1.7322997 -1.7460632 -1.7571041 -1.7657553 -1.7723422 -1.7771728 -1.7805299 -1.7826673 -1.783808 -1.7841432 -1.7838343 -1.7830145 -1.7817918 -1.7802511 -1.7784576 -1.7764576 -1.7742806 -1.7719376 -1.7694191 -1.7666872 -1.7636622 -1.7601966 -1.756026 -1.750679 -1.7433031 -1.7323283 -1.7148058 -1.6851005 -1.6323662 -1.536062 -1.3599042 -1.0514482
-0.49063108 -0.52070029 -0.55274942 -0.58685883 -0.62309577 -0.66150961 -0.70212638 -0.74494271 -0.78991931 -0.83697439 -0.88597725 -0.93674274 -0.98902703 -1.0425256 -1.0968741 -1.1516523 -1.2063928 -1.2605927 -1.3137301 -1.3652825 -1.4147482 -1.4616666 -1.5056379 -1.5463388 -1.5835343 -1.6170833 -1.6469386 -1.6731419 -1.6958133 -1.7151383 -1.7313531 -1.7447284 -1.7555546 -1.7641286 -1.7707423 -1.7756738 -1.779181 -1.781497 -1.7828284 -1.7833543 -1.7832266 -1.7825718 -1.7814923 -1.7800685 -1.7783598 -1.776406 -1.7742259 -1.771815 -1.7691387 -1.7661201 -1.7626164 -1.7583782 -1.7529731 -1.7456481 -1.7350728 -1.7188559 -1.6926341 -1.6483807 -1.5714513 -1.4362932 -1.2035963 -0.83057193 -0.31406515
