Interpolating SPI Data/spi_stations/interpolated_spi/5-20_3.tif
NCOLS 257
NROWS 141
XLLCORNER -178.27925
YLLCORNER 5.3153543
DX 0.49934803
DY 0.49997533
NODATA_VALUE -9999
[rows 108 to 134 of 141, columns 0 to 61 of 257]
-0.97385599 -0.98518139 -0.99563174 -1.005191 -1.013844 -1.0215752 -1.0283675 -1.0342009 -1.0390511 -1.0428868 -1.0456682 -1.0473443 -1.04785 -1.0471031 -1.0450013 -1.0414189 -1.0362043 -1.0291777 -1.0201314 -1.0088321 -0.99502794 -0.97846171 -0.95889175 -0.93612266 -0.91004543 -0.88068421 -0.84824348 -0.81314443 -0.77603691 -0.73777451 -0.6993473 -0.66177934 -0.62601097 -0.59279289 -0.5626162 -0.53569052 -0.51196706 -0.49119264 -0.47297651 -0.45685448 -0.44234091 -0.42896501 -0.41629216 -0.40393333 -0.39154606 -0.37883038 -0.3655221 -0.35138519 -0.33620458 -0.31977995 -0.30192091 -0.28244399 -0.26117154 -0.23793279 -0.21256729 -0.18493104 -0.15490538 -0.12240892 -0.087412201 -0.049954573 -0.010162143 0.031735202
-0.98558521 -0.99563172 -1.0047996 -1.0130693 -1.0204203 -1.0268298 -1.0322712 -1.036713 -1.0401159 -1.0424317 -1.0436 -1.0435464 -1.0421789 -1.039386 -1.0350335 -1.028963 -1.020991 -1.0109104 -0.99849513 -0.98350891 -0.96572079 -0.94492784 -0.92098604 -0.89384832 -0.86360609 -0.8305273 -0.7950808 -0.75793585 -0.71992799 -0.68199022 -0.64505837 -0.60996939 -0.57737478 -0.54768716 -0.52106767 -0.49744995 -0.47658859 -0.45811717 -0.44160376 -0.42659597 -0.41265304 -0.39936513 -0.38636249 -0.37331721 -0.35994032 -0.3459765 -0.33119783 -0.31539773 -0.29838576 -0.27998366 -0.26002301 -0.23834458 -0.21479972 -0.18925378 -0.16159184 -0.13172678 -0.09960961 -0.065241865 -0.028689301 0.0099041253 0.050303722 0.092175154
-0.99534632 -1.0041092 -1.0119784 -1.0189283 -1.0249304 -1.0299519 -1.0339541 -1.0368903 -1.0387039 -1.0393262 -1.038674 -1.0366469 -1.0331252 -1.0279685 -1.0210138 -1.012077 -1.000955 -0.98743253 -0.97129277 -0.95233438 -0.93039496 -0.9053813 -0.87730435 -0.84631479 -0.81273219 -0.77705888 -0.73996963 -0.70227188 -0.66483801 -0.62851971 -0.59406096 -0.56202758 -0.53276675 -0.50640095 -0.4828518 -0.46188323 -0.44315213 -0.4262564 -0.41077438 -0.39629324 -0.3824266 -0.36882338 -0.3551702 -0.34118954 -0.3266356 -0.31128928 -0.29495309 -0.27744688 -0.25860461 -0.23827242 -0.21630848 -0.19258432 -0.1669882 -0.13943028 -0.10984966 -0.078223288 -0.04457613 -0.0089921904 0.028374777 0.0672922 0.10744302 0.14842539
-1.0031083 -1.010559 -1.0170866 -1.0226569 -1.027231 -1.0307635 -1.0332003 -1.0344774 -1.0345182 -1.0332318 -1.0305104 -1.0262283 -1.0202402 -1.0123816 -1.0024701 -0.99031003 -0.97570035 -0.9584467 -0.9383795 -0.91537745 -0.88939622 -0.86049966 -0.82888917 -0.79492464 -0.75912942 -0.72217271 -0.68482684 -0.64790264 -0.61217296 -0.57829882 -0.5467723 -0.51788608 -0.49173195 -0.46822374 -0.4471358 -0.42814718 -0.41088351 -0.39495161 -0.37996471 -0.36555868 -0.35140055 -0.33719138 -0.32266534 -0.30758658 -0.29174524 -0.27495326 -0.25704086 -0.23785386 -0.21725226 -0.19511016 -0.17131719 -0.14578155 -0.11843453 -0.089236665 -0.058185102 -0.02532196 0.0092570013 0.04539426 0.082864108 0.1213693 0.1605422 0.19995174
-1.0088003 -1.0148845 -1.019999 -1.0240991 -1.0271328 -1.0290396 -1.0297483 -1.0291754 -1.0272232 -1.0237783 -1.0187101 -1.0118711 -1.003097 -0.99221033 -0.97902576 -0.96335907 -0.94504066 -0.92393389 -0.89995797 -0.87311439 -0.84351402 -0.8114004 -0.7771633 -0.74133645 -0.70457497 -0.66761163 -0.63119657 -0.59602978 -0.56269871 -0.5316321 -0.50307729 -0.47710178 -0.45361492 -0.4324021 -0.41316344 -0.39555036 -0.37919612 -0.3637384 -0.34883418 -0.334168 -0.31945519 -0.30444168 -0.28890184 -0.27263521 -0.25546323 -0.23722629 -0.21778155 -0.1970018 -0.17477554 -0.15100829 -0.12562526 -0.098575296 -0.069836016 -0.039419929 -0.0073811432 0.026177875 0.061100233 0.097170181 0.13411138 0.17158893 0.20921608 0.24656609
-1.0123128 -1.0169483 -1.0205489 -1.0230567 -1.024405 -1.0245164 -1.0233013 -1.0206566 -1.0164643 -1.010591 -1.0028887 -0.99319615 -0.98134305 -0.96715673 -0.95047215 -0.93114594 -0.90907459 -0.88421622 -0.8566143 -0.82642049 -0.79391215 -0.75949957 -0.72371813 -0.68720248 -0.65064343 -0.6147326 -0.58010328 -0.54727796 -0.51663111 -0.48837233 -0.46255002 -0.43907159 -0.4177338 -0.39825672 -0.38031583 -0.36356901 -0.34767687 -0.33231646 -0.31718918 -0.30202439 -0.28657976 -0.27063985 -0.25401369 -0.23653204 -0.21804506 -0.19842051 -0.17754285 -0.15531334 -0.13165122 -0.10649601 -0.07981081 -0.051586593 -0.021847164 0.0093455126 0.041886112 0.075621489 0.11034774 0.14580955 0.18170275 0.21768052 0.25336384 0.28835571
-1.0134988 -1.016576 -1.0185328 -1.0192969 -1.0187854 -1.0169039 -1.0135447 -1.0085869 -1.0018962 -0.99332596 -0.98271996 -0.96991743 -0.95476045 -0.93710472 -0.91683377 -0.89387663 -0.86822796 -0.83996885 -0.80928538 -0.77648096 -0.74197833 -0.70630745 -0.67007801 -0.63393802 -0.59852353 -0.56440729 -0.53205462 -0.50179346 -0.47380206 -0.44811394 -0.42463648 -0.40317793 -0.3834772 -0.36523223 -0.34812388 -0.33183431 -0.31605959 -0.30051738 -0.2849507 -0.26912879 -0.25284635 -0.23592168 -0.21819461 -0.19952453 -0.17978897 -0.15888285 -0.1367186 -0.11322712 -0.088359731 -0.062090938 -0.034421873 -0.0053843015 0.024955216 0.056491369 0.089076897 0.12252073 0.1565881 0.19100328 0.2254553 0.25960699 0.293107 0.3256045
-1.0121788 -1.0135619 -1.0137191 -1.0125629 -1.0099949 -1.0059045 -1.0001693 -0.9926554 -0.98321966 -0.9717129 -0.95798565 -0.94189635 -0.92332237 -0.90217421 -0.87841212 -0.85206435 -0.82324494 -0.79216824 -0.75915669 -0.72463855 -0.68913288 -0.6532215 -0.61750985 -0.58258195 -0.54895583 -0.51704665 -0.48714251 -0.45939563 -0.43382798 -0.41034843 -0.38877661 -0.36886927 -0.35034528 -0.33290699 -0.31625679 -0.30010882 -0.28419633 -0.26827557 -0.25212713 -0.23555559 -0.21838829 -0.2004737 -0.18167984 -0.16189313 -0.14101777 -0.11897578 -0.095707869 -0.071174965 -0.045360453 -0.01827297 0.010050459 0.039541197 0.070096052 0.10157503 0.13380026 0.16655665 0.19959458 0.23263514 0.26537789 0.29751113 0.32872408 0.35872033
-1.0081478 -1.0076787 -1.00586 -1.0025902 -0.99775717 -0.99123828 -0.98290199 -0.97261016 -0.96022232 -0.94560184 -0.92862458 -0.90919007 -0.88723513 -0.86274939 -0.83579139 -0.80650338 -0.77512215 -0.74198295 -0.70751385 -0.67221889 -0.63665027 -0.60137204 -0.56691986 -0.5337626 -0.50227143 -0.47270035 -0.44517994 -0.41972341 -0.39624215 -0.37456702 -0.35447158 -0.33569427 -0.31795751 -0.3009827 -0.28450113 -0.26826094 -0.25203118 -0.23560339 -0.21879178 -0.20143236 -0.18338177 -0.16451601 -0.14472951 -0.12393458 -0.10206145 -0.07905892 -0.054895575 -0.029561586 -0.0030708848 0.024536388 0.053191447 0.082794702 0.11321425 0.1442854 0.17581156 0.20756698 0.23930133 0.27074651 0.30162529 0.33166159 0.36059169 0.38817567
-1.0011863 -0.99869131 -0.99470919 -0.98912729 -0.98182441 -0.97267265 -0.96154049 -0.94829752 -0.93282109 -0.91500514 -0.89477122 -0.87208143 -0.84695249 -0.81946972 -0.78979893 -0.75819402 -0.72499764 -0.69063306 -0.65558634 -0.62037934 -0.58553636 -0.5515485 -0.51884058 -0.48774525 -0.4584873 -0.43117935 -0.40582806 -0.38234816 -0.36058142 -0.34031724 -0.32131236 -0.30330796 -0.28604333 -0.26926595 -0.25273819 -0.23624138 -0.21957764 -0.20257043 -0.18506403 -0.16692274 -0.14802988 -0.12828703 -0.10761354 -0.08594656 -0.063241474 -0.039472882 -0.014635955 0.011251865 0.038149013 0.065987989 0.094673825 0.12408313 0.15406404 0.18443726 0.21499871 0.24552357 0.27577221 0.30549751 0.33445353 0.36240497 0.38913679 0.41446335
-0.99107463 -0.98637433 -0.98004265 -0.971961 -0.96200652 -0.95005557 -0.9359889 -0.9196986 -0.90109692 -0.88012691 -0.85677443 -0.83108077 -0.80315444 -0.77318044 -0.74142493 -0.7082334 -0.67402072 -0.63925292 -0.60442153 -0.57001316 -0.53647808 -0.50420173 -0.47348301 -0.44452169 -0.41741553 -0.39216636 -0.36869284 -0.34684732 -0.32643409 -0.30722699 -0.28898474 -0.27146345 -0.25442589 -0.23764798 -0.22092279 -0.20406261 -0.18689971 -0.16928624 -0.15109361 -0.13221184 -0.11254882 -0.092029988 -0.070598249 -0.048214292 -0.024857304 -0.00052599592 0.02476012 0.05095936 0.078006556 0.10581202 0.134261 0.16321393 0.19250757 0.22195745 0.25136153 0.28050529 0.30916798 0.33712998 0.3641808 0.39012722 0.41480115 0.43806652
-0.97761109 -0.97053367 -0.96168372 -0.95094455 -0.93820145 -0.92334715 -0.90628888 -0.88695703 -0.86531524 -0.8413714 -0.81518867 -0.7868952 -0.75669109 -0.72485056 -0.69171812 -0.65769748 -0.62323341 -0.58878766 -0.55481143 -0.5217177 -0.48985675 -0.45949799 -0.43081969 -0.40390732 -0.37875931 -0.35529862 -0.33338777 -0.31284507 -0.29346033 -0.27500868 -0.257262 -0.23999752 -0.22300404 -0.20608579 -0.18906478 -0.17178168 -0.15409603 -0.13588589 -0.1170473 -0.097493759 -0.077155905 -0.055981389 -0.03393509 -0.0109996 0.012824024 0.037515343 0.063033543 0.089316533 0.11628029 0.14381862 0.17180362 0.20008685 0.22850162 0.2568662 0.28498826 0.31267022 0.33971555 0.36593549 0.39115607 0.41522484 0.43801689 0.45943984
-0.9606329 -0.95102995 -0.93952885 -0.92602464 -0.91042255 -0.89264504 -0.87264016 -0.85039095 -0.82592535 -0.79932564 -0.77073629 -0.74036873 -0.7085016 -0.67547536 -0.64168052 -0.60753998 -0.57348665 -0.53993869 -0.50727515 -0.47581498 -0.44580173 -0.41739526 -0.39067082 -0.36562461 -0.34218413 -0.32022164 -0.29956861 -0.28002977 -0.2613956 -0.24345277 -0.22599217 -0.20881476 -0.19173544 -0.17458542 -0.15721337 -0.13948578 -0.12128683 -0.10251802 -0.083097783 -0.06296118 -0.042059746 -0.020361604 0.002148226 0.025467312 0.049575173 0.074432607 0.099981103 0.12614248 0.15281889 0.1798934 0.20723118 0.23468159 0.26208107 0.28925694 0.31603207 0.34223019 0.36768172 0.39222971 0.41573569 0.43808495 0.45919103 0.4789992
-0.94003817 -0.92780204 -0.91357144 -0.89726434 -0.87881825 -0.85819812 -0.835405 -0.81048479 -0.7835362 -0.75471685 -0.7242462 -0.6924042 -0.6595248 -0.6259839 -0.59218242 -0.55852566 -0.52540107 -0.49315694 -0.46208429 -0.432404 -0.40426012 -0.37771946 -0.35277686 -0.32936453 -0.307364 -0.28661907 -0.26694842 -0.24815689 -0.23004504 -0.21241659 -0.19508402 -0.17787236 -0.16062156 -0.14318784 -0.1254442 -0.10728048 -0.088603131 -0.069334904 -0.049414599 -0.028796901 -0.0074523857 0.014632296 0.037454106 0.060993208 0.085212546 0.11005751 0.13545578 0.16131756 0.18753617 0.21398926 0.24054071 0.26704318 0.29334147 0.3192765 0.34468993 0.3694291 0.39335219 0.41633326 0.43826693 0.45907243 0.47869681 0.49711713
-0.91580673 -0.90088738 -0.88392019 -0.86485726 -0.8436795 -0.82040441 -0.79509375 -0.76786006 -0.73887118 -0.70835172 -0.67658034 -0.6438826 -0.61061889 -0.57716839 -0.54391017 -0.51120331 -0.47936822 -0.44867104 -0.41931277 -0.39142384 -0.36506411 -0.34022777 -0.31685175 -0.29482643 -0.27400716 -0.25422563 -0.23530013 -0.2170442 -0.19927369 -0.18181194 -0.16449355 -0.14716679 -0.129695 -0.11195726 -0.09384865 -0.07528007 -0.056178078 -0.036484633 -0.016156936 0.0048326286 0.026496431 0.048831429 0.071818945 0.095424444 0.11959739 0.14427127 0.16936394 0.19477828 0.22040336 0.24611619 0.27178397 0.29726705 0.32242237 0.34710745 0.37118464 0.39452559 0.41701566 0.43855801 0.45907729 0.47852255 0.49686954 0.51412199
-0.88801672 -0.87043574 -0.85080806 -0.82912942 -0.80543217 -0.77979182 -0.75233227 -0.72322902 -0.69270925 -0.66104827 -0.6285618 -0.59559425 -0.56250359 -0.52964413 -0.49734882 -0.46591283 -0.43558014 -0.40653429 -0.37889395 -0.35271328 -0.32798636 -0.30465483 -0.28261743 -0.26174035 -0.24186745 -0.22282953 -0.20445235 -0.18656313 -0.16899549 -0.15159308 -0.13421203 -0.11672237 -0.099008926 -0.080971571 -0.062525255 -0.043599867 -0.024140034 -0.0041049507 0.016531724 0.037781893 0.059642978 0.082097839 0.1051147 0.12864718 0.15263442 0.17700152 0.20166023 0.22651009 0.25143995 0.27633008 0.3010547 0.325485 0.34949257 0.37295314 0.3957504 0.41777987 0.43895257 0.45919824 0.47846817 0.49673729 0.51400566 0.5302992
-0.85685427 -0.83671362 -0.81458942 -0.79052723 -0.76461426 -0.73698354 -0.70781586 -0.67733889 -0.64582284 -0.61357265 -0.58091653 -0.54819197 -0.51573006 -0.48383972 -0.45279333 -0.42281507 -0.39407313 -0.36667606 -0.34067329 -0.31605925 -0.29278019 -0.27074277 -0.24982333 -0.22987706 -0.21074648 -0.1922688 -0.17428191 -0.15662914 -0.13916269 -0.12174609 -0.10425574 -0.086581787 -0.068628563 -0.050314681 -0.031572964 -0.012350289 0.007392586 0.027681154 0.048527257 0.06992913 0.091871437 0.11432532 0.13724852 0.16058564 0.18426861 0.2082174 0.23234109 0.2565393 0.28070401 0.30472185 0.32847672 0.35185276 0.37473761 0.39702577 0.41862194 0.43944433 0.45942752 0.4785251 0.49671165 0.51398427 0.5303635 0.54589366
-0.82261373 -0.80009739 -0.77572453 -0.7495922 -0.72184045 -0.69265334 -0.66225722 -0.63091593 -0.59892289 -0.56659026 -0.53423588 -0.50216916 -0.47067698 -0.44001107 -0.41037798 -0.38193237 -0.35477402 -0.3289485 -0.30445089 -0.28123196 -0.25920584 -0.23825833 -0.21825523 -0.19905 -0.18049056 -0.16242486 -0.14470535 -0.12719231 -0.1097563 -0.092279673 -0.074657587 -0.056798501 -0.038624358 -0.020070578 -0.0010859363 0.018367593 0.038314999 0.05876837 0.079727014 0.10117758 0.12309418 0.14543863 0.16816075 0.19119887 0.21448058 0.23792369 0.26143754 0.28492468 0.30828287 0.33140734 0.35419347 0.37653955 0.39834978 0.4195372 0.44002658 0.45975709 0.47868464 0.4967838 0.51404935 0.53049724 0.54616514 0.56111265
-0.78568759 -0.76105521 -0.73475285 -0.70692577 -0.67775953 -0.64747767 -0.61633668 -0.58461807 -0.55261822 -0.52063629 -0.48896146 -0.45786041 -0.42756625 -0.39826975 -0.37011363 -0.34319008 -0.31754148 -0.29316383 -0.27001226 -0.24800794 -0.22704551 -0.20700067 -0.18773711 -0.16911278 -0.15098507 -0.13321502 -0.11567058 -0.098228893 -0.080777959 -0.063217632 -0.045460204 -0.02743066 -0.0090667277 0.0096812048 0.028850232 0.048465102 0.068538384 0.08907064 0.1100506 0.13145538 0.15325074 0.17539147 0.19782189 0.22047662 0.24328143 0.26615452 0.28900797 0.3117495 0.33428453 0.35651848 0.37835923 0.39971969 0.42052044 0.44069232 0.46017878 0.47893805 0.49694498 0.51419251 0.5306927 0.54647745 0.56159875 0.57612872
-0.74654668 -0.72011977 -0.69225878 -0.66314928 -0.63301087 -0.60209188 -0.57066181 -0.53900165 -0.50739286 -0.47610586 -0.44538884 -0.41545805 -0.38649013 -0.35861726 -0.33192503 -0.30645322 -0.28219892 -0.25912146 -0.23714859 -0.21618327 -0.19611039 -0.17680322 -0.1581291 -0.13995428 -0.12214791 -0.10458515 -0.087149398 -0.069733966 -0.052243124 -0.034592736 -0.016710578 0.0014635543 0.019977896 0.038868833 0.058161074 0.077867838 0.097991061 0.11852161 0.13943956 0.16071447 0.18230584 0.2041636 0.22622881 0.24843458 0.27070712 0.29296711 0.31513126 0.33711415 0.35883021 0.38019591 0.40113205 0.42156609 0.44143438 0.4606844 0.47927669 0.49718656 0.51440554 0.53094242 0.54682401 0.56209559 0.57682102 0.59108266
-0.70571309 -0.67785553 -0.64883457 -0.61886489 -0.58818622 -0.557056 -0.52574039 -0.49450417 -0.46360034 -0.43326018 -0.40368467 -0.37503783 -0.34744245 -0.32097841 -0.29568336 -0.27155557 -0.24855841 -0.22662584 -0.20566853 -0.18557999 -0.16624243 -0.14753196 -0.12932319 -0.11149291 -0.093923052 -0.076502949 -0.059130931 -0.041715422 -0.024175629 -0.0064419056 0.011544088 0.029829398 0.048449875 0.067430338 0.086784773 0.10651656 0.12661871 0.14707417 0.16785617 0.18892863 0.21024669 0.23175739 0.25340053 0.27510961 0.29681309 0.31843581 0.33990057 0.36112992 0.38204808 0.40258298 0.4226683 0.44224551 0.46126585 0.47969209 0.49750016 0.51468053 0.53123921 0.54719862 0.56259802 0.57749385 0.59195968 0.60608612
-0.6637292 -0.63482477 -0.60504562 -0.57462252 -0.54380104 -0.51283309 -0.48196779 -0.45144198 -0.4214715 -0.39224349 -0.36391062 -0.33658738 -0.31034863 -0.28523029 -0.26123193 -0.23832072 -0.21643645 -0.19549702 -0.17540395 -0.1560478 -0.13731294 -0.11908179 -0.10123834 -0.083670941 -0.066274529 -0.048952179 -0.03161624 -0.014189051 0.0033966356 0.021197464 0.03925944 0.057618009 0.076298209 0.095314866 0.11467283 0.13436723 0.15438381 0.17469926 0.19528167 0.21609103 0.23707991 0.2581942 0.27937405 0.300555 0.32166921 0.34264691 0.36341796 0.3839136 0.4040682 0.42382113 0.44311854 0.46191518 0.48017601 0.49787769 0.51500987 0.53157627 0.54759544 0.56310135 0.57814371 0.5927881 0.60711592 0.62122419
-0.62112696 -0.59155696 -0.56140201 -0.53089604 -0.50027738 -0.46978043 -0.43962713 -0.41001915 -0.38113111 -0.35310547 -0.32604932 -0.30003314 -0.27509143 -0.25122509 -0.22840492 -0.20657618 -0.18566347 -0.16557584 -0.14621163 -0.12746293 -0.10921953 -0.091372173 -0.073815314 -0.056449167 -0.039181308 -0.021927796 -0.0046139252 0.012825313 0.030445001 0.048290221 0.066396112 0.084787999 0.10348158 0.12248319 0.14179001 0.16139046 0.18126454 0.20138421 0.221714 0.24221154 0.26282834 0.28351061 0.30420029 0.32483619 0.34535524 0.36569394 0.38578985 0.40558322 0.42501857 0.44404639 0.46262469 0.48072053 0.49831137 0.51538634 0.53194717 0.54800907 0.5636013 0.57876755 0.59356613 0.60807002 0.62236668 0.63655785
-0.57840111 -0.54852451 -0.51833898 -0.48806996 -0.45793806 -0.42815146 -0.39889885 -0.37034348 -0.34261863 -0.31582478 -0.29002854 -0.26526329 -0.24153125 -0.21880667 -0.19703991 -0.17616185 -0.15608853 -0.13672559 -0.11797235 -0.099725518 -0.081882233 -0.064342678 -0.047012089 -0.02980231 -0.012632917 0.0045679995 0.021863343 0.039306743 0.056942449 0.074805357 0.092921122 0.11130634 0.12996876 0.14890759 0.1681138 0.18757046 0.20725322 0.22713077 0.24716544 0.26731387 0.28752781 0.30775502 0.32794035 0.3480268 0.36795688 0.3876739 0.40712341 0.42625468 0.44502217 0.46338694 0.48131805 0.49879386 0.51580309 0.53234588 0.5484345 0.56409405 0.57936281 0.59429251 0.60894842 0.62340925 0.63776693 0.65212628
-0.53598863 -0.5061269 -0.47620677 -0.44643602 -0.41701007 -0.38810576 -0.359876 -0.33244575 -0.30590959 -0.28033075 -0.25574166 -0.23214588 -0.2095209 -0.18782186 -0.16698549 -0.14693438 -0.12758095 -0.10883135 -0.090588738 -0.072756315 -0.055239684 -0.037948839 -0.020799675 -0.0037151142 0.013374098 0.030528872 0.047801472 0.065235383 0.082865301 0.10071723 0.11880863 0.13714867 0.15573846 0.17457137 0.19363341 0.21290363 0.23235459 0.25195296 0.27166008 0.29143276 0.31122409 0.33098437 0.35066214 0.37020536 0.38956254 0.40868409 0.42752362 0.44603921 0.4641948 0.48196137 0.49931816 0.51625371 0.53276678 0.54886715 0.56457619 0.57992734 0.59496641 0.60975162 0.62435366 0.63885544 0.65335186 0.66794924
-0.49425597 -0.4646831 -0.43526909 -0.4061976 -0.37763459 -0.34972355 -0.32258195 -0.29629906 -0.27093508 -0.24652173 -0.22306383 -0.20054197 -0.17891572 -0.1581273 -0.13810536 -0.11876872 -0.10002988 -0.08179812 -0.063982323 -0.046493233 -0.02924536 -0.012158455 0.0048413736 0.021820849 0.038838984 0.05594675 0.073186908 0.090593983 0.10819432 0.12600624 0.14404023 0.16229922 0.18077887 0.19946791 0.21834858 0.23739703 0.2565839 0.27587488 0.2952314 0.3146114 0.33397016 0.35326127 0.37243759 0.39145243 0.41026061 0.42881968 0.44709111 0.4650415 0.48264366 0.49987774 0.5167322 0.53320471 0.54930283 0.56504469 0.58045941 0.59558739 0.61048051 0.6252021 0.6398268 0.65444034 0.66913906 0.68402932
-0.45349369 -0.42443162 -0.39570828 -0.36747965 -0.33988065 -0.31302194 -0.286988 -0.26183639 -0.23759819 -0.2142795 -0.19186379 -0.17031479 -0.14957981 -0.1295932 -0.11027973 -0.09155787 -0.073342663 -0.055548352 -0.038090551 -0.020888062 -0.003864308 0.013051557 0.029923836 0.046809726 0.063758957 0.080813603 0.098008018 0.11536888 0.13291532 0.15065908 0.16860481 0.18675031 0.20508686 0.22359965 0.24226816 0.26106672 0.27996499 0.29892864 0.31792004 0.33689902 0.35582373 0.37465157 0.39334016 0.41184836 0.43013737 0.44817177 0.46592062 0.48335849 0.50046645 0.51723299 0.53365487 0.54973776 0.56549693 0.58095762 0.59615539 0.61113635 0.62595711 0.64068476 0.65539662 0.67017981 0.68513075 0.70035435
