Interpolating SPI Data/spi_stations/interpolated_spi/5-20_1.tif
NCOLS 257
NROWS 141
XLLCORNER -178.27925
YLLCORNER 5.3153543
DX 0.49934803
DY 0.49997533
NODATA_VALUE -9999
[rows 28 to 55 of 141, columns 126 to 188 of 257]
-0.27 -0.23 -0.23 -0.23 -0.23 -0.23 1.1884117 1.19 1.19 1.19 1.1898839 0.74 0.74 0.74 0.74 0.74 0.73981711 -0.90904339 0.19465365 0.26995193 0.26999995 0.27 0.27 0.27000752 0.35 0.35 0.35 0.35 0.35 0.35 0.35 0.35 0.35 0.35 0.34953438 0.34000067 0.34 0.34 0.34 0.34 0.34 0.34 0.34000028 0.33863483 -0.63856306 -0.63999999 -0.64 -0.64 -0.64 -0.64 -0.64 -0.64 -0.64 -0.64 -0.64 -0.63999997 -0.63999832 -0.63992655 -0.63772521 -0.59656472 -0.33351449 -0.086478433 0.03803208
-0.27 -0.26872327 -0.23 -0.23 -0.23 1.1899949 1.19 1.19 1.19 1.19 1.188916 0.74 0.74 0.74 0.74 0.74 0.73986888 -0.94999999 -0.95 -0.95 -0.95 -0.94999994 -0.9498307 0.32653462 0.35 0.35 0.35 0.35 0.35 0.35 0.35 0.35 0.35 0.34985951 0.34 0.34 0.34 0.34 0.34 0.34 0.34 0.34000002 0.34000484 0.34043224 0.33062308 -0.63969348 -0.63999998 -0.64 -0.63999999 -0.63999995 -0.63999954 -0.63999344 -0.63985443 -0.63570633 -0.52414276 -0.10531123 -0.033667508 -0.030233912 -0.030023193 -0.029991832 -0.029548182 -0.016118705 0.20664619
-0.27 -0.27 -0.23 -0.23 1.1899983 1.19 1.19 1.19 1.19 1.19 1.1017769 0.74 0.74 0.74 0.74 0.74 0.73969384 -0.95 -0.95 -0.95 -0.95 -0.95 -0.95 -0.9497426 0.35 0.35 0.35 0.35 0.35 0.35 0.35 0.35 0.34997001 0.34 0.34 0.34 0.34 0.34 0.34 0.34 0.34 0.34000071 0.34023949 0.3608265 0.60597855 0.72927619 -0.6321258 -0.63419574 -0.58488323 -0.26466113 -0.045341017 -0.030470808 -0.030011837 -0.030000302 -0.03000001 -0.03 -0.03 -0.029999999 -0.029999892 -0.029990966 -0.029329324 0.0054292498 0.49598219
-0.27 -0.26992575 0.66 0.66 1.19 1.19 1.19 1.19 1.19 1.1919168 1.6197996 0.74 0.74 0.74 0.74 0.74 0.72771641 -0.95 -0.95 -0.95 -0.95 -0.95 -0.95 -0.95 0.34999646 0.35 0.35 0.35 0.35 0.35 0.35 0.34998694 0.34 0.34 0.34 0.34 0.34 0.34 0.34 0.34 0.34000005 0.34013093 0.37978938 0.71854557 0.7674098 0.76972007 0.60674137 -0.030042396 -0.030001675 -0.030000032 -0.03 -0.03 -0.03 -0.03 -0.03 -0.03 -0.03 -0.03 -0.029999965 -0.029992248 -0.028644965 0.097496059 0.7627064
-0.2549741 0.66 0.66 0.66 0.66000887 1.19 1.19 1.19 1.63 1.63 1.63 0.74 0.74 0.74 0.74 0.74 -0.8549007 -0.95 -0.95 -0.95 -0.95 -0.95 -0.95 -0.95 -0.4088076 0.35 0.35 0.35 0.35 0.35 0.34995904 0.34 0.34 0.34 0.34 0.34 0.34 0.34 0.34 0.34 0.34007969 0.46328132 0.76504957 0.76987309 0.76998924 0.76999753 0.62330477 -0.030000753 -0.030000033 -0.03 -0.03 -0.03 -0.03 -0.03 -0.03 -0.03 -0.03 -0.03 -0.029999989 -0.02999157 -0.025580819 0.46201558 0.83366092
-0.049990682 0.66 0.66 0.66 0.66 1.1899572 1.1924827 1.63 1.63 1.63 1.63 0.74 0.74 0.74 0.74 0.74 -0.94997447 -0.95 -0.95 -0.95 -0.95 -0.95 -0.95 -0.95 -0.5483449 0.36349571 0.35531004 0.35073454 0.35007078 0.34972777 0.34 0.34 0.34 0.34 0.34 0.34 0.34 0.34 0.34 0.3400761 0.70764495 0.76991855 0.76999888 0.76999992 0.76999998 0.76999917 0.63442044 -0.030039863 -0.030000141 -0.03 -0.03 -0.03 -0.03 -0.03 -0.03 -0.03 -0.03 -0.03 -0.029999997 -0.029985879 -0.00013786693 0.80607672 0.83981213
-0.05 0.66 0.66 0.66 0.66 0.66000002 1.63 1.63 1.63 1.63 1.63 1.2580467 0.74 0.74 0.74 0.74 -0.94999942 -0.95 -0.95 -0.95 -0.95 -0.95 -0.95 0.13214512 0.22 0.31780799 0.38 0.38 0.38 0.38 0.34 0.34 0.34 0.34 0.34 0.34 0.34 0.34 0.34028764 0.76963591 0.76999994 0.77 0.77 0.77 0.77 0.76998566 0.43793399 -0.030858879 -0.030001499 -0.030000001 -0.03 -0.03 -0.03 -0.03 -0.03 -0.03 -0.03 -0.03 -0.029999999 -0.029948161 0.36189142 0.83951332 0.83999847
-0.05 0.66 0.66 0.66 0.66 0.66076624 0.70789906 1.63 1.63 1.63 1.63 1.558823 0.74 0.74 0.74 0.74 -0.94999935 -0.95 -0.95 -0.95 -0.95 -0.95 0.21948848 0.22 0.22 0.22027347 0.38 0.38 0.38 0.38 0.37999995 0.34 0.34 0.34 0.34 0.34 0.34 0.37337668 0.76999999 0.77 0.77 0.77 0.77 0.77 0.77 0.76898257 -0.88944584 -0.091383346 -0.030059098 -0.030000014 -0.03 -0.03 -0.03 -0.03 -0.03 -0.03 -0.03 -0.03 -0.03 -0.029204009 0.83330077 0.83999907 0.84
0.45 0.45000159 0.66 0.66 0.66 0.7 0.7 0.7 0.7 1.1099972 1.11 1.11 1.1099894 0.71000001 0.71000001 0.71000003 -0.70445384 -0.95 -0.95 -0.95 -0.94999999 0.2199971 0.22 0.22 0.22 0.22 0.38 0.38 0.38 0.38 0.38 0.36798463 0.34 0.34 0.34 0.34 0.76988779 0.77 0.77 0.77 0.77 0.77 0.77 0.77 0.76999981 0.42409127 -0.93884702 -0.82444896 -0.044045432 -0.030001377 -0.03 -0.03 -0.03 -0.03 -0.03 -0.03 -0.03 -0.03 -0.029999999 0.11136842 0.83999805 0.84 0.84
0.45 0.45 0.45 0.65754497 0.69999999 0.7 0.7 0.7 0.2541372 1.11 1.11 1.11 0.73212571 0.71 0.71 0.71 0.71 0.70838499 1.8431205 1.8599841 1.8061368 0.22 0.22 0.22 0.22 0.22 0.38 0.38 0.38 0.38 0.38 0.38 -0.12025953 -1.4399813 -1.44 -1.4399999 0.76999999 0.77 0.77 0.77 0.77 0.77 0.77 0.77 0.76987043 -0.93842266 -0.9399194 -0.90446621 -0.7281888 -0.032438943 -0.030000003 -0.03 -0.03 -0.03 -0.03 -0.03 -0.03 -0.03 -0.029999971 0.83982171 0.84 0.84 0.84
0.45 0.45 0.45 0.45436321 0.70001193 0.7 0.7 0.25000026 0.25 1.11 1.11 1.11 0.71 0.71 0.71 0.71 0.71 1.0274598 1.86 1.86 1.86 0.22000481 0.22 0.22 0.22 0.22 0.34092522 0.38 0.38 0.38 0.38 0.38 -1.44 -1.44 -1.44 -1.44 0.77 0.77 0.77 0.77 0.77 0.77 0.77 0.76999998 -0.053631346 -0.93998886 -0.9399984 -0.93589312 -0.7408185 -0.73783252 -0.030124829 -0.03 -0.03 -0.03 -0.03 -0.03 -0.03 -0.03 -0.028996652 0.84 0.84 0.84 0.84
0.45 0.63761221 0.63999899 0.34000311 1.0381003 1.7498226 0.2579131 0.25 -0.06966156 -0.069999999 1.1099994 1.1099998 0.71 0.71 0.71 0.71 0.71 1.8599614 1.86 1.86 1.86 1.86 0.22 0.22 0.22 0.33999998 0.34 0.34002492 0.38 0.38 0.38 0.37971851 -1.44 -1.44 -1.44 -1.44 0.77 0.77 0.77 0.77 0.77 0.77 0.77 0.7591118 -0.91284855 -0.93999667 -0.94 -0.93991636 -0.74147517 -0.74 -0.73988795 -0.030000792 -0.03 -0.03 -0.03 -0.03 -0.03 -0.03 0.83999992 0.84 0.84 0.84 0.84
0.64 0.64 0.63999813 0.34 1.6635594 1.75 0.82 -0.061535844 -0.07 -0.07 -0.07 -0.068752023 0.71 0.71 0.71 0.71 0.71 1.86 1.86 1.86 1.86 1.86 0.22324639 0.22 0.29523905 0.34 0.34 0.34 0.23000001 0.33414025 0.37999755 -1.4390695 -1.44 -1.44 -1.44 -1.44 -1.3400142 0.77 0.77 0.77 0.77 0.77 0.76957297 -0.79000025 -0.83522337 -0.93999921 -0.94 -0.93999991 -0.747948 -0.74 -0.74 -0.73999896 -0.030000001 -0.03 -0.03 -0.03 -0.03 -0.029999985 0.84 0.84 0.84 0.84 0.84
0.57 0.57 0.34000734 0.34 1.75 1.75 0.82 0.82000028 -0.06999955 -0.07 -0.069999999 0.50999086 0.59720466 0.70999983 0.71 0.70999969 0.73077229 1.0212717 1.86 1.86 1.86 1.86 1.86 0.22390176 0.34 0.34 0.33999977 0.23 0.23 0.22736873 -1.0897905 -1.0931569 -1.4399984 -1.44 -1.44 -1.44 -1.4399754 0.77 0.77 0.77 0.77 0.76999176 -0.78999994 -0.79 -0.79053709 -0.93999984 -0.94 -0.94 -0.89453476 -0.74 -0.74 -0.74 -0.73999999 -0.03 -0.03 -0.03 -0.03 0.83999925 0.84 0.84 0.84 0.84 0.84
0.59 0.59 1 1.2199296 1.2200002 1.407457 0.82 0.95 -0.06 -0.06 -0.07567968 0.51 0.51 -0.21 -0.21 -0.20999998 1.0249663 1.02 1.02 1.8599982 1.86 1.86 -0.16684181 -0.22 0.33999998 0.23063341 0.23 0.23 0.22388096 -1.09 -1.09 -1.0899999 1.17 1.17 1.17 1.17 1.17 1.1699703 0.77000002 0.77 0.76999947 -0.78999998 -0.79 -0.79 -0.79000002 -0.93999994 -0.94 -0.94 -0.93999891 -0.74 -0.74 -0.74 -0.74 -0.73999999 -0.03 -0.03 -0.029997966 0.84 0.84 0.84 0.84 0.84 0.84
1.4329695 1.020001 1.75 1.67 1.4900998 1.0800147 0.55026178 1.38 0.34 -0.09 -0.36999998 0.51 0.51 -0.21 -0.21 1.1 1.1 1.02 1.02 1.02 1.020001 -0.22 -0.22 -0.22 -0.22 0.22999494 0.23 -1.0899989 -1.09 -1.09 -1.09 -1.09 1.17 1.17 1.17 1.17 1.17 1.17 1.1699828 0.66579096 -0.7899997 -0.79 -0.79 -0.79 -0.79 -0.93999935 -0.94 -0.94 -0.94 -0.74 -0.74 -0.74 -0.74 -0.74 -0.74054002 -0.8787489 0.78796636 0.84 0.84 0.84 0.84 0.84 0.84
2.28 2.46 1.75 1.72 1.9897896 1.8999996 0.77 0.46 0.5299974 -0.02 -0.37 0.52971018 0.53 -0.1552714 1.0999988 1.1 1.1 1.02 1.02 1.02 -0.30686049 -0.22000208 -0.22 -0.22 -0.22 -0.86 -0.86 -1.09 -1.09 -1.09 -1.09 -1.09 1.17 1.17 1.17 1.17 1.1698495 -0.14171266 -0.090003759 -0.090000084 -0.78999999 -0.79 -0.79 -0.79 -0.79 -0.79573914 -0.94 -0.94 -0.94 -0.74 -0.74 -0.74 -0.74 -0.74 -0.9 -0.9 -0.9 0.15715645 0.83999998 0.84 0.84 0.84 0.84
2.13 2.41 1.87 1.53 1.96 1.54 0.86 0.29 0.65 0.16 -0.42 -0.39 -0.39 1.13 1.13 1.1 1.1 1.1747309 1.21 1.21 -0.31000813 -0.31 -0.22 -0.22 -0.8597461 -0.86 -0.86 -0.86 -1.0962269 -1.0226944 -0.81000032 -0.81000001 -0.13649577 -0.22999853 -0.23 -0.23 -0.23 -0.09 -0.09 -0.09 -0.78998837 -0.79 -0.79 -0.79 -0.79 -0.79 -0.94 -0.94 -0.94 -0.74000632 -0.74 -0.74 -0.74 -0.9 -0.9 -0.9 -0.9 -0.9572098 -1.56 -1.56 -1.56 -1.5598354 -1.4125201
1.38 1.94 1.9208109 1 2.59 1.19 0.9 0.92 0.24711058 -0.4 -0.64 -0.38997124 0.82 0.82 1.13 -0.18 0.27 0.27 1.21 1.21 -0.63 -0.31 -0.31 -0.22000036 -0.86 -0.86 -0.86 -1.58 -1.58 -0.81 -0.81 -0.81 -0.23540964 -0.23 -0.23 -0.23 -0.09 -0.09 -0.09 -0.09 -0.65901584 -0.79 -0.79 -0.79 -0.79 -0.79 -0.94 -0.94 -0.94 -0.94 -0.93999976 -0.922225 -0.89999995 -0.9 -0.9 -0.9 -0.9 -1.5599988 -1.56 -1.56 -1.56 -1.56 -1.56
1.3600033 2.1468443 1.4 1.51 1.84 0.97 1.45 0.87 0.38 0.11 -0.31 -0.31 0.82 0.82 -0.18 -0.18 0.27 0.27 0.27 -1.96 -0.73 -0.45 -0.5 -0.5 -0.95494403 -0.91253391 -0.86000387 -1.58 -1.58 -0.81 -0.81 -0.79712225 -0.53997012 -0.23000038 -0.23 -0.09000488 -0.09 -0.09 -0.09 -0.090019098 -1.2396062 -0.79 -0.79 -0.79 -0.79 -0.79 -0.93997277 -0.94 -0.94 -0.94 -0.94 -0.94 -0.90517643 -0.9 -0.9 -0.9 -0.9 -1.56 -1.56 -1.56 -1.56 -1.56 -1.56
1.4 1.46 1.18 1.01 1.3000985 1.57 1.5200526 1.52 0.76 0.89 0.2 -0.57 -0.57 -0.33 0.11 0.11 -0.1 -0.41032547 -0.72000043 -1.96 -1.12 -0.45001922 -0.5 -0.95 -0.95026915 -0.99 -0.99 -0.73 -0.73000384 -0.81 -0.54 -0.54 -0.53000165 -0.96126055 -0.92 -0.92 -0.92 -0.090001018 -1.2399924 -1.24 -1.24 -0.95379857 -0.69 -0.69 -0.69 -0.69 -0.74770853 -0.97372277 -0.94 -0.94 -0.94 -0.94 -0.94000001 -0.9 -0.9 -0.9 -0.9 -1.56 -1.56 -1.56 -1.56 -1.56 -1.5011864
0.58 0.29 1.3650344 1.15 1.15 1.58 0.73 1.15 1.43 6.2827645e-15 2.8955284e-29 -0.72 -0.7199964 -0.33 -0.33 -0.62689888 -1.12 -0.72 -0.72 -1.1200246 -1.12 -1.3799988 -0.82 -0.95 -0.95004464 -0.99 -0.99 -1.0478951 -1.05 -0.23 -0.54 -0.53000002 -0.53 -1.5899999 -1.5275139 -0.92 -0.92089927 -1.31 -1.24 -1.24 -1.24 -1.2699978 -0.69 -0.69 -0.69 -0.69 -2.0399999 -2.04 -0.94 -0.94 -0.94 -0.94 -1.4 -1.4 -1.3989086 -0.9 -1.2514787 -1.56 -1.56 -1.56 -1.56 -1.1383935 0.4
0.71668658 0.66 -0.02 0.62 0.62 0.42 0.94176996 0.95 1.43 1.4299998 0.58 -0.72 -0.72 -0.3299506 -0.17 -0.17 -0.35000003 -0.72000038 -1.04 -1.1302384 -1.4 -1.38 -1.19 -0.55 -0.56941766 -1.16 -1.16 -1.0499821 -0.23 0.28 0.42 -0.53 -0.53 -0.85000056 -1.59 -1.59 -1.31 -1.31 -1.24 -1.24 -0.67340986 -1.27 -1.2699984 -0.69 -0.69 -0.69 -2.04 -2.04 -2.04 -0.94 -0.94 -1.4 -1.4 -1.4 -1.4 -1.4 -1.5597789 -1.56 -1.56 -1.56 0.34418797 0.4 0.4
0.42005677 0.21 0.14 0.29 1.05 1.8499996 1.47 1.5750129 0.95 0.06 0.61 -0.09 -0.09 0.65999997 -0.08 -0.08 -0.08 -1.26 -1.26 -1.04 -1.9299998 -1.93 -0.66024201 -0.66 -0.92 -0.92 -1.1599997 -1 -1 0.27999974 -0.92 -2.0499994 -2.05 -0.85 -1.15 -0.96 -1.03 -1.31 -1.13 -0.6502131 -0.57108219 -1.27 -1.27 -0.69000878 -1.62 -1.62 -2.04 -2.04 -2.04 -1.69 -1.6899999 -1.4 -1.4 -1.4 -1.4000001 -2.2599877 -2.2600024 -2.5199999 -2.5199594 0.34907691 0.4 0.4 0.4
0.58999044 -0.09 -0.21890673 0.37 0.7 0.58 1.14 1.62 2.36 1.01 0.35 -0.09 0.66 0.66 0.27997903 0.28 -0.23 -0.23000022 -1.26 -1.26 -0.42000001 -1.93 -0.66 -0.66 -0.66003703 -0.42000075 -0.42 -0.44646263 -1.03 -1.03 -1.65 -0.36013134 -1.26 -0.97 -0.76 -0.76 -2.07 -2.07 -1.27 -0.65 -0.47 -1.27 -1.27 -1.27 -1.62 -1.62 -2.0399745 -2.04 -1.6899854 -1.69 -1.69 -1.6881445 -1.4 -2.26 -2.26 -2.26 -2.3017099 -2.52 -2.52 -2.52 0.4 0.4 0.4
0.18999983 0.13566779 -1.07 -0.38 0.16 0.36 1.29 1.57 1.4 0.09 0.09 0.65999918 0.66 0.66 0.28 0.28 -0.23 -0.23 -0.51 -0.42 -0.42 -0.42 -0.66 -0.66 -0.66006735 -0.42000059 -0.42 -0.42 -1.03 -1.03 -0.55 -0.36 -0.38999999 -0.39 -0.54 -1.79 -1.61 -2.0699996 -1.27 -0.72 -0.72 -1.1986209 -0.98 -1.26 -1.26 -0.9 -0.90322222 -1.32 -1.32 -1.69 -1.69 -1.6832553 -0.55000036 -2.26 -2.26 -2.26 -2.52 -2.52 -2.52 -2.52 -0.066289548 0.4 0.4
0.17645982 -0.1005554 -1.0698 -0.38000079 -0.46997875 0.36 1.29 1.57 1.4 0.077592695 0.05 0.05 0.65999965 0.66 0.28 0.28 -0.23 -0.23 -0.51 -0.42 -0.027169432 0.019993636 -0.65995033 -0.6600001 -0.81 -0.81 -0.81 -0.81 -1.03 -0.55 -0.55 -0.55 -0.38999994 -0.68 -0.68 -1.7738032 -1.61 -1.61 -0.72017849 -0.72 -0.72 -0.98 -0.98 -1.26 -1.26 -0.9 -0.9012994 -1.32 -1.32 -1.69 -1.69 -0.55 -0.55 -0.55 -2.26 -2.26 -2.52 -2.52 -2.52 -2.52 -2.52 0.4 0.4
1.25 1.25 1.25 -0.13884585 -0.46674559 0.36 1.2900808 1.5698435 0.050054959 0.05 0.05 0.05 0.05 0.62601893 0.28 0.27999998 -0.22863421 -0.23000021 0.02 0.02 0.02 0.02 0.02 -0.81000003 -0.81 -0.81 -0.81 -1.0299581 -0.56525724 -0.55 -0.55 -0.55 -0.57 -0.68 -0.68 -0.68 -0.91302939 -1.25 -1.25 -1.25 -1.3079275 -1.44 -1.44 -1.2590903 -1.26 -0.9 -1.62 -1.62 -1.3241639 -1.69 -1.7599914 -1.76 -0.55000002 -0.55 -0.5507096 -2.2600005 -2.52 -2.52 -2.52 -2.52 -2.52 -0.29030102 -0.28164013
