Interpolating SPI Data/spi_stations/interpolated_spi/5-21_3.tif
NCOLS 257
NROWS 141
XLLCORNER -178.27925
YLLCORNER 5.3153543
DX 0.49934803
DY 0.49997533
NODATA_VALUE -9999
[rows 112 to 139 of 141, columns 63 to 125 of 257]
-1.2888182 -1.2781212 -1.2680438 -1.258682 -1.2501053 -1.2423536 -1.2354359 -1.2293315 -1.2239933 -1.2193516 -1.2153186 -1.2117935 -1.2086655 -1.2058162 -1.2031203 -1.2004444 -1.1976427 -1.194551 -1.1909771 -1.1866874 -1.1813904 -1.1747149 -1.1661868 -1.155208 -1.1410496 -1.1228822 -1.099882 -1.071455 -1.037596 -0.99929571 -0.95875261 -0.91908053 -0.88345613 -0.85412305 -0.83186006 -0.81614145 -0.80570762 -0.7991313 -0.79516334 -0.79285797 -0.79156447 -0.79086549 -0.79050876 -0.79035176 -0.79032434 -0.79040941 -0.79064338 -0.79114536 -0.79220418 -0.79449992 -0.79965534 -0.81158009 -0.83948196 -0.90277357 -1.0299063 -1.2239967 -1.4160066 -1.5303433 -1.5613094 -1.5255918 -1.4224373 -1.2550301 -1.0735632
-1.2774141 -1.2676932 -1.2586192 -1.2502549 -1.2426381 -1.2357799 -1.2296653 -1.2242554 -1.2194904 -1.2152931 -1.2115723 -1.2082261 -1.2051434 -1.2022047 -1.199281 -1.1962305 -1.1928935 -1.1890844 -1.1845807 -1.1791094 -1.1723308 -1.1638202 -1.1530541 -1.1394074 -1.122181 -1.1006834 -1.0743988 -1.0432506 -1.0079127 -0.97001412 -0.93202203 -0.89669779 -0.86632133 -0.84210471 -0.82409166 -0.81148281 -0.80310325 -0.79777442 -0.79451183 -0.79258138 -0.79147762 -0.79087368 -0.7905707 -0.7904582 -0.79048923 -0.79067196 -0.79108297 -0.79191767 -0.79361859 -0.79718006 -0.80485766 -0.82174851 -0.85882293 -0.93611273 -1.0753202 -1.2636531 -1.4322197 -1.5245565 -1.5388773 -1.4861425 -1.3680656 -1.2017486 -1.0405276
-1.2673482 -1.2585338 -1.2503613 -1.242866 -1.2360605 -1.2299342 -1.2244552 -1.2195719 -1.2152161 -1.2113057 -1.2077467 -1.2044353 -1.2012581 -1.1980911 -1.1947975 -1.1912231 -1.1871896 -1.1824862 -1.1768586 -1.1699957 -1.1615173 -1.1509637 -1.1377969 -1.1214239 -1.101261 -1.0768604 -1.0481061 -1.0154511 -0.98009872 -0.94398155 -0.90943015 -0.87860454 -0.85295118 -0.83295686 -0.81826642 -0.80801468 -0.80117026 -0.79677188 -0.79403957 -0.79239639 -0.7914441 -0.79092382 -0.79067887 -0.79062729 -0.79074744 -0.79108041 -0.79175824 -0.79308031 -0.79569029 -0.80097141 -0.81190302 -0.83477483 -0.88184843 -0.97208753 -1.1185995 -1.2965183 -1.4421797 -1.5138816 -1.5114135 -1.4428782 -1.3154056 -1.1563086 -1.0146884
-1.2584215 -1.2504224 -1.2430368 -1.2362781 -1.2301393 -1.2245939 -1.2195976 -1.2150899 -1.2109967 -1.2072317 -1.203698 -1.2002884 -1.1968845 -1.1933552 -1.1895524 -1.1853061 -1.1804175 -1.1746501 -1.1677196 -1.1592851 -1.1489422 -1.1362256 -1.1206294 -1.1016583 -1.0789231 -1.0522881 -1.0220523 -0.98910268 -0.95494159 -0.92149588 -0.89071887 -0.86413498 -0.84253733 -0.82595642 -0.81385404 -0.80540186 -0.79972099 -0.79602982 -0.79370574 -0.79229003 -0.79146547 -0.79102618 -0.79085095 -0.79088562 -0.79113824 -0.79169304 -0.79275605 -0.79476171 -0.79860369 -0.80611931 -0.8210578 -0.85077464 -0.90811157 -1.0093289 -1.1584129 -1.3227507 -1.4463509 -1.498459 -1.4796772 -1.3978931 -1.2665685 -1.1183389 -0.99443176
-1.2504372 -1.2431511 -1.2364342 -1.2302824 -1.2246737 -1.2195698 -1.2149172 -1.2106489 -1.2066857 -1.2029374 -1.1993031 -1.1956704 -1.1919142 -1.1878932 -1.1834463 -1.1783867 -1.1724947 -1.1655112 -1.15713 -1.1469942 -1.1347 -1.1198135 -1.1019116 -1.0806555 -1.0559022 -1.027843 -0.99713076 -0.96492739 -0.93280313 -0.90246807 -0.87541453 -0.85261648 -0.83440828 -0.82056107 -0.81047943 -0.80341519 -0.79862999 -0.7954873 -0.79348601 -0.79225795 -0.79154889 -0.79119617 -0.79111062 -0.79126746 -0.79171094 -0.79258093 -0.79417841 -0.79710548 -0.80255094 -0.81285132 -0.83250924 -0.86967933 -0.93692092 -1.0464861 -1.1938746 -1.3426465 -1.445137 -1.4786691 -1.444822 -1.3531868 -1.2227173 -1.0869736 -0.9784721
-1.24321 -1.2365307 -1.2303658 -1.2246971 -1.2194915 -1.2147015 -1.2102664 -1.2061138 -1.2021598 -1.1983098 -1.1944576 -1.1904844 -1.1862564 -1.1816213 -1.1764042 -1.170402 -1.163378 -1.1550572 -1.145124 -1.133226 -1.1189894 -1.1020507 -1.0821141 -1.0590368 -1.032935 -1.0042876 -0.97399087 -0.94331143 -0.91371223 -0.88658459 -0.86298094 -0.84345158 -0.8280347 -0.81637193 -0.80787797 -0.80189728 -0.79781327 -0.79510555 -0.79336783 -0.79230277 -0.79170685 -0.79145464 -0.79148807 -0.79181529 -0.79252506 -0.79382718 -0.79613977 -0.80026379 -0.80771889 -0.82135531 -0.84633858 -0.89123207 -0.96742131 -1.0823542 -1.2244675 -1.356566 -1.4389705 -1.4551495 -1.4082029 -1.3103712 -1.1842359 -1.0612008 -0.96581988
-1.2365704 -1.2303927 -1.2246677 -1.2193664 -1.2144467 -1.2098538 -1.2055212 -1.2013713 -1.1973155 -1.1932541 -1.1890749 -1.1846515 -1.1798408 -1.1744795 -1.16838 -1.1613265 -1.1530715 -1.1433351 -1.1318089 -1.1181688 -1.102101 -1.0833464 -1.0617665 -1.0374252 -1.0106728 -0.98219879 -0.95301801 -0.92436126 -0.89748216 -0.87343568 -0.85290657 -0.83614457 -0.82301126 -0.81309832 -0.80586287 -0.80073986 -0.79721515 -0.79486144 -0.79334761 -0.79243315 -0.79195715 -0.79182819 -0.79202036 -0.79257987 -0.79364972 -0.79552495 -0.79876256 -0.80438891 -0.81427456 -0.83175906 -0.86250441 -0.91500769 -0.99868582 -1.1159445 -1.2499556 -1.364914 -1.428371 -1.4287452 -1.3711657 -1.2705468 -1.1509839 -1.0400479 -0.95572449
-1.2303667 -1.2245891 -1.2191984 -1.214157 -1.2094155 -1.2049129 -1.2005775 -1.1963269 -1.1920674 -1.1876937 -1.183087 -1.1781132 -1.1726205 -1.1664357 -1.1593621 -1.1511768 -1.1416308 -1.1304533 -1.1173618 -1.1020838 -1.0843919 -1.064154 -1.041398 -1.0163781 -0.9896245 -0.96194607 -0.93436597 -0.90798629 -0.88381344 -0.86259844 -0.84474396 -0.83029993 -0.81903256 -0.81052922 -0.80430226 -0.79986878 -0.79679985 -0.79474339 -0.79342898 -0.79266331 -0.79232289 -0.79234929 -0.79275134 -0.79361973 -0.79516223 -0.79777442 -0.80217147 -0.80962335 -0.82235058 -0.84411404 -0.8808391 -0.94045114 -1.0298001 -1.1465061 -1.2703099 -1.3681467 -1.4139673 -1.4004147 -1.3348794 -1.2343204 -1.1225268 -1.022661 -0.9476182
-1.2244655 -1.2189917 -1.2138369 -1.2089562 -1.2042941 -1.1997842 -1.1953501 -1.1909043 -1.1863481 -1.1815703 -1.176446 -1.1708338 -1.1645747 -1.1574891 -1.1493761 -1.1400138 -1.1291631 -1.1165769 -1.1020175 -1.0852842 -1.0662527 -1.0449259 -1.0214869 -0.99634248 -0.97013543 -0.94370885 -0.91801425 -0.89397887 -0.87236774 -0.85368191 -0.8381207 -0.82560924 -0.81587046 -0.80851182 -0.80310332 -0.79923413 -0.7965461 -0.79474869 -0.79362178 -0.79301265 -0.79283242 -0.79305615 -0.79373127 -0.79500007 -0.79714586 -0.8006787 -0.80648661 -0.81608959 -0.8320323 -0.85838568 -0.90105808 -0.96692648 -1.0599276 -1.1735179 -1.2856579 -1.366782 -1.3964803 -1.3711217 -1.3002414 -1.2019021 -1.0983037 -1.0083248 -0.94106954
-1.2187509 -1.2134909 -1.2084808 -1.2036697 -1.1989967 -1.1943908 -1.1897707 -1.1850443 -1.1801078 -1.174845 -1.1691251 -1.1628017 -1.1557111 -1.1476721 -1.1384862 -1.1279418 -1.1158218 -1.1019177 -1.0860515 -1.0681077 -1.0480717 -1.0260736 -1.002425 -0.97763554 -0.95239559 -0.92751568 -0.90382877 -0.88207694 -0.86281338 -0.84634642 -0.8327361 -0.82183529 -0.81335542 -0.80693576 -0.80220138 -0.79880366 -0.79644356 -0.79488186 -0.79394128 -0.79350549 -0.79351905 -0.79399231 -0.79501588 -0.7967911 -0.79968685 -0.80433895 -0.81181614 -0.82388031 -0.8433478 -0.87445098 -0.92278016 -0.99376766 -1.0883521 -1.1966644 -1.2962509 -1.3614005 -1.3766809 -1.341742 -1.2678548 -1.1732239 -1.0777314 -0.99645461 -0.93574702
-1.2131236 -1.2079937 -1.2030444 -1.1982198 -1.1934541 -1.1886719 -1.1837876 -1.1787048 -1.1733154 -1.1674987 -1.1611202 -1.1540307 -1.1460664 -1.1370497 -1.1267924 -1.115103 -1.1017976 -1.0867183 -1.0697575 -1.0508894 -1.0302043 -1.0079401 -0.98450047 -0.96044799 -0.93646629 -0.91328962 -0.89161337 -0.87200658 -0.85484915 -0.84030787 -0.82835199 -0.81879722 -0.81136208 -0.80572198 -0.80155243 -0.79855829 -0.79649045 -0.79515341 -0.79440762 -0.79417066 -0.79442067 -0.79520588 -0.79666507 -0.79906575 -0.80287082 -0.80884905 -0.81824897 -0.83305002 -0.85626218 -0.89210387 -0.94555506 -1.0203243 -1.1144997 -1.2158081 -1.3024403 -1.3526319 -1.3553361 -1.3130009 -1.2380561 -1.148048 -1.0602597 -0.9865774 -0.93139149
-1.2074995 -1.2024228 -1.197458 -1.1925445 -1.1876125 -1.1825827 -1.1773655 -1.1718611 -1.165958 -1.1595329 -1.1524498 -1.1445605 -1.1357055 -1.1257173 -1.114426 -1.101669 -1.0873053 -1.0712353 -1.0534257 -1.0339372 -1.0129508 -0.99078545 -0.96789833 -0.94486169 -0.92231363 -0.90088944 -0.88114751 -0.86350734 -0.84821395 -0.83533437 -0.82478198 -0.81635807 -0.80979827 -0.80481463 -0.80112788 -0.79848904 -0.79669185 -0.79557899 -0.79504527 -0.79504104 -0.79557903 -0.79674846 -0.79874115 -0.80189699 -0.80677881 -0.8142901 -0.82584821 -0.843609 -0.87067644 -0.91106701 -0.96889428 -1.0459987 -1.1379458 -1.230963 -1.3046575 -1.3411305 -1.333158 -1.2854467 -1.2109682 -1.1260491 -1.0453965 -0.97831117 -0.92779459
-1.201809 -1.1967155 -1.1916661 -1.1865965 -1.1814332 -1.1760935 -1.1704852 -1.1645056 -1.1580416 -1.1509695 -1.1431548 -1.1344544 -1.1247183 -1.1137957 -1.1015418 -1.0878304 -1.0725695 -1.0557211 -1.0373238 -1.0175144 -0.99654466 -0.97478509 -0.95271209 -0.93087423 -0.90984092 -0.890142 -0.87221105 -0.85634507 -0.84268814 -0.83123971 -0.8218816 -0.81441475 -0.80859696 -0.80417535 -0.80091093 -0.7985949 -0.79705847 -0.79617863 -0.79588247 -0.7961529 -0.79703886 -0.79867372 -0.80130675 -0.8053548 -0.81148312 -0.82072531 -0.83464569 -0.85551993 -0.88643099 -0.9310085 -0.99230145 -1.0702719 -1.1584116 -1.2422686 -1.3033912 -1.3275438 -1.3107653 -1.2594524 -1.1865595 -1.1068696 -1.0327143 -0.9713445 -0.92478029
-1.1959959 -1.1908223 -1.185627 -1.1803422 -1.1748915 -1.1691899 -1.1631431 -1.1566475 -1.1495903 -1.1418498 -1.1332967 -1.1237971 -1.113216 -1.1014244 -1.088309 -1.0737846 -1.0578107 -1.0404091 -1.0216828 -1.0018298 -0.98114982 -0.96003789 -0.9389617 -0.91842421 -0.8989158 -0.8808651 -0.86459857 -0.85031678 -0.83809073 -0.82787611 -0.81953963 -0.81289041 -0.80771029 -0.80377917 -0.80089391 -0.79888116 -0.79760565 -0.79697603 -0.79695053 -0.79754508 -0.79884667 -0.80103576 -0.80442247 -0.80950299 -0.81704334 -0.82819549 -0.84463825 -0.86869765 -0.90331333 -0.95156136 -1.0152996 -1.0927206 -1.175753 -1.2499657 -1.2991631 -1.3124821 -1.2886627 -1.2352366 -1.1646971 -1.090154 -1.0218459 -0.96541762 -0.92218579
-1.1900163 -1.1847069 -1.179312 -1.1737614 -1.1679768 -1.1618715 -1.155351 -1.1483122 -1.1406449 -1.1322325 -1.1229546 -1.1126903 -1.1013243 -1.0887543 -1.0749017 -1.0597248 -1.043233 -1.0255026 -1.0066892 -0.98703495 -0.96686613 -0.94657905 -0.926613 -0.90741334 -0.88939044 -0.87288205 -0.85812646 -0.84525074 -0.83427468 -0.82512736 -0.81767123 -0.81172845 -0.80710515 -0.80361144 -0.80107633 -0.79935824 -0.79835256 -0.79799785 -0.79828309 -0.799258 -0.80104941 -0.80388725 -0.80814443 -0.81439611 -0.8235027 -0.83671559 -0.85578594 -0.88301185 -0.9210689 -0.97234378 -1.0374533 -1.1130249 -1.1899468 -1.2543709 -1.2925025 -1.2964937 -1.2672352 -1.2128933 -1.1451883 -1.0755666 -1.0124756 -0.96030296 -0.9198358
-1.1838382 -1.1783445 -1.1727046 -1.1668466 -1.1606912 -1.1541518 -1.1471346 -1.1395395 -1.1312613 -1.1221914 -1.1122215 -1.1012477 -1.0891779 -1.0759393 -1.0614898 -1.04583 -1.0290154 -1.0111678 -0.99248222 -0.9732278 -0.95373863 -0.93439506 -0.91559569 -0.89772409 -0.88111554 -0.86602992 -0.8526353 -0.84100422 -0.83112187 -0.82290283 -0.81621233 -0.81088807 -0.80675986 -0.80366558 -0.80146336 -0.80004062 -0.79932134 -0.79927298 -0.79991524 -0.80133253 -0.80369301 -0.80727749 -0.81252177 -0.82007645 -0.83088504 -0.84627243 -0.86801232 -0.89829248 -0.93941402 -0.99297849 -1.0583859 -1.1309688 -1.2010721 -1.2558528 -1.283922 -1.2800491 -1.2467548 -1.1924224 -1.1278104 -1.0627984 -1.0043254 -0.95578171 -0.91750128
-1.1774408 -1.1717217 -1.1657997 -1.1596019 -1.1530493 -1.1460566 -1.1385326 -1.1303824 -1.1215079 -1.1118115 -1.1012 -1.0895895 -1.0769131 -1.063129 -1.048231 -1.0322585 -1.0153065 -0.99753181 -0.97915588 -0.9604593 -0.94176913 -0.9234381 -0.90581819 -0.88923236 -0.87394901 -0.86016353 -0.8479895 -0.83746012 -0.8285383 -0.82113254 -0.81511524 -0.81034082 -0.80666169 -0.80394137 -0.80206467 -0.80094595 -0.80053636 -0.8008317 -0.80188254 -0.80380876 -0.80682076 -0.81125038 -0.81759429 -0.82657159 -0.83919262 -0.85682389 -0.88120663 -0.91433726 -0.95804975 -1.0131098 -1.0777897 -1.1464354 -1.2092913 -1.2548075 -1.2738983 -1.2635334 -1.2273947 -1.173757 -1.1123293 -1.051565 -0.99713753 -0.95161035 -0.91482904
-1.1708132 -1.1648358 -1.158603 -1.1520425 -1.1450767 -1.1376228 -1.1295946 -1.1209038 -1.1114622 -1.1011856 -1.0899978 -1.0778369 -1.0646623 -1.0504626 -1.035265 -1.0191426 -1.0022217 -0.98468383 -0.96676411 -0.94874225 -0.93092756 -0.91363846 -0.89717903 -0.88181615 -0.86776086 -0.85515653 -0.84407548 -0.83452336 -0.82644985 -0.81976307 -0.81434527 -0.81006792 -0.80680492 -0.80444353 -0.8028934 -0.80209424 -0.80202344 -0.80270479 -0.80421997 -0.80672471 -0.81047171 -0.81584257 -0.82339039 -0.83389234 -0.84840488 -0.86829949 -0.89522797 -0.93092068 -0.9766757 -1.0324178 -1.0954325 -1.1593979 -1.2148292 -1.2516374 -1.2628571 -1.2472472 -1.2092461 -1.1567856 -1.0985098 -1.0415984 -0.99064785 -0.94746865 -0.91122391
-1.1639543 -1.1576933 -1.1511299 -1.1441932 -1.1368083 -1.1288968 -1.1203788 -1.1111748 -1.1012082 -1.09041 -1.0787228 -1.0661073 -1.0525486 -1.0380641 -1.02271 -1.0065872 -0.98984465 -0.97267865 -0.95532745 -0.93806041 -0.92116231 -0.90491445 -0.88957491 -0.87536083 -0.86243536 -0.85090093 -0.84079927 -0.83211753 -0.82479865 -0.81875424 -0.81387798 -0.81005825 -0.8071893 -0.80518063 -0.80396522 -0.80350703 -0.80380901 -0.80492268 -0.80696085 -0.81011499 -0.81467915 -0.8210817 -0.8299253 -0.84203144 -0.85847815 -0.88060239 -0.90991067 -0.94780388 -0.9950027 -1.0506286 -1.1111572 -1.1699066 -1.2179532 -1.2467325 -1.2511655 -1.2314123 -1.192335 -1.1413663 -1.0861158 -1.0326297 -0.98454761 -0.94287739 -0.90566248
-1.1568715 -1.1503097 -1.1434043 -1.1360872 -1.1282873 -1.1199322 -1.1109499 -1.101271 -1.0908324 -1.0795811 -1.0674792 -1.0545097 -1.0406821 -1.0260391 -1.0106612 -0.99467016 -0.97822967 -0.96154195 -0.94484022 -0.92837691 -0.91240867 -0.89717978 -0.88290613 -0.86976202 -0.85787159 -0.84730564 -0.83808389 -0.83018174 -0.82354007 -0.81807654 -0.81369708 -0.81030667 -0.80781883 -0.80616409 -0.80529759 -0.80520667 -0.80591931 -0.80751446 -0.81013573 -0.81400952 -0.8194691 -0.82698492 -0.83719982 -0.85096293 -0.8693465 -0.89361256 -0.92507098 -0.96474455 -1.0127638 -1.067521 -1.1248793 -1.1780746 -1.2189538 -1.2404563 -1.2391278 -1.2161802 -1.1766365 -1.1273354 -1.0749041 -1.0243627 -0.97842423 -0.93707262 -0.89642239
-1.1495798 -1.1427077 -1.1354573 -1.1277644 -1.1195631 -1.110788 -1.1013762 -1.0912701 -1.0804207 -1.0687916 -1.0563641 -1.0431422 -1.0291574 -1.0144737 -0.99919058 -0.98344416 -0.96740563 -0.95127599 -0.9352774 -0.91964144 -0.9045955 -0.89034879 -0.87707978 -0.86492681 -0.85398283 -0.84429472 -0.83586686 -0.82866799 -0.82264021 -0.81770892 -0.81379271 -0.81081265 -0.80870068 -0.8074073 -0.80690891 -0.80721551 -0.80837955 -0.81050696 -0.81377132 -0.81843236 -0.82485916 -0.83355772 -0.84519954 -0.86064229 -0.88092348 -0.90719101 -0.94051418 -0.9815064 -1.0297233 -1.08293 -1.1365795 -1.1840624 -1.2181282 -1.2331357 -1.2269869 -1.2016418 -1.1620843 -1.1145074 -1.0646077 -1.0164313 -0.97167409 -0.92882557 -0.88073441
-1.142101 -1.1349165 -1.1273261 -1.1192701 -1.1106891 -1.1015259 -1.0917278 -1.0812493 -1.0700559 -1.0581279 -1.0454648 -1.0320894 -1.0180523 -1.0034343 -0.98834868 -0.97293991 -0.95738062 -0.94186516 -0.92660068 -0.91179606 -0.89765004 -0.8843398 -0.87201153 -0.86077394 -0.85069549 -0.84180542 -0.83409792 -0.82753884 -0.82207383 -0.8176371 -0.81416 -0.81157922 -0.80984431 -0.80892489 -0.80881783 -0.80955514 -0.81121311 -0.81392382 -0.8178895 -0.82340062 -0.8308574 -0.84079321 -0.85389469 -0.87100733 -0.89310472 -0.92118474 -0.95604192 -0.99786761 -1.0456824 -1.0967459 -1.1462947 -1.1880631 -1.2157663 -1.2250549 -1.2149268 -1.187835 -1.1485758 -1.1026683 -1.0549078 -1.0083392 -0.96337949 -0.91620807 -0.85442213
-1.1344621 -1.1269703 -1.1190519 -1.1106531 -1.1017215 -1.092209 -1.0820736 -1.0712823 -1.0598152 -1.0476681 -1.0348572 -1.0214218 -1.0074278 -0.99296885 -0.97816689 -0.96316965 -0.9481464 -0.93328107 -0.91876353 -0.90477964 -0.89150125 -0.87907719 -0.86762628 -0.85723326 -0.84794778 -0.83978638 -0.83273706 -0.82676555 -0.82182269 -0.81785213 -0.81479796 -0.81261198 -0.81126065 -0.81073197 -0.81104256 -0.8122457 -0.81444073 -0.81778466 -0.82250637 -0.82892356 -0.83746165 -0.84867168 -0.86324046 -0.88197978 -0.90577129 -0.93543213 -0.97145934 -1.0136278 -1.0604838 -1.1089118 -1.1541074 -1.1902876 -1.2121399 -1.2164518 -1.2030769 -1.1747505 -1.1359704 -1.091558 -1.045392 -0.99937368 -0.95214826 -0.89633083 -0.81170469
-1.1266947 -1.118907 -1.1106793 -1.101964 -1.0927169 -1.0828992 -1.0724798 -1.0614383 -1.0497684 -1.0374804 -1.024605 -1.0111954 -0.99732909 -0.98310867 -0.96866031 -0.95413085 -0.93968267 -0.92548685 -0.91171508 -0.89853102 -0.88608205 -0.87449237 -0.86385809 -0.85424489 -0.8456882 -0.83819587 -0.83175272 -0.82632641 -0.82187408 -0.81834921 -0.81570847 -0.81391829 -0.81296141 -0.81284348 -0.81360016 -0.81530516 -0.81807979 -0.82210431 -0.82763154 -0.83500198 -0.84465914 -0.85716077 -0.87317798 -0.89346747 -0.91879353 -0.94976849 -0.98658148 -1.0286135 -1.074012 -1.1194176 -1.1601344 -1.1909529 -1.2074946 -1.2075177 -1.191515 -1.1623325 -1.1240803 -1.0808428 -1.0354946 -0.98849515 -0.93592769 -0.86513494 -0.74549077
-1.1188336 -1.110767 -1.102254 -1.093254 -1.083731 -1.0736558 -1.0630081 -1.0517797 -1.0399767 -1.0276224 -1.0147596 -1.0014524 -0.98778694 -0.97387074 -0.95983078 -0.94580973 -0.93196069 -0.91844064 -0.90540318 -0.89299124 -0.88133049 -0.87052417 -0.8606498 -0.85175814 -0.84387422 -0.8370003 -0.83112033 -0.82620538 -0.82221967 -0.81912669 -0.81689544 -0.81550654 -0.81495838 -0.81527355 -0.81650594 -0.81874869 -0.82214362 -0.82689212 -0.83326749 -0.84162774 -0.85242632 -0.86621592 -0.88363572 -0.90536706 -0.93203519 -0.96403138 -1.0012388 -1.0426815 -1.0861926 -1.1282934 -1.1645158 -1.1902709 -1.2020441 -1.198396 -1.1802687 -1.1504748 -1.1126538 -1.0700749 -1.0244193 -0.97420485 -0.91183097 -0.81739741 -0.64858895
-1.1109152 -1.1025918 -1.0938222 -1.0845731 -1.074817 -1.0645342 -1.0537148 -1.0423617 -1.0304923 -1.0181409 -1.0053603 -0.99222261 -0.97881938 -0.96526013 -0.95166971 -0.93818435 -0.92494639 -0.91209833 -0.89977648 -0.88810493 -0.87719046 -0.86711872 -0.85795229 -0.84973048 -0.84247096 -0.83617286 -0.830821 -0.82639096 -0.8228545 -0.82018519 -0.8183641 -0.81738552 -0.81726285 -0.81803492 -0.81977286 -0.82258803 -0.82664095 -0.83215142 -0.83940919 -0.84878359 -0.86072921 -0.87578131 -0.89453136 -0.91756706 -0.94535767 -0.97806558 -1.0152813 -1.0557203 -1.0969895 -1.1356015 -1.1674042 -1.18844 -1.1959658 -1.1891824 -1.169313 -1.1390106 -1.1013477 -1.0586385 -1.0110459 -0.95441148 -0.87605599 -0.74719385 -0.51605136
-1.1029773 -1.0944229 -1.0854288 -1.0759692 -1.0660247 -1.0555848 -1.0446495 -1.0332315 -1.0213581 -1.0090727 -0.9964356 -0.98352457 -0.97043385 -0.95727238 -0.94416077 -0.93122725 -0.91860275 -0.90641554 -0.89478587 -0.88382109 -0.87361176 -0.86422905 -0.85572367 -0.8481264 -0.84144999 -0.83569233 -0.83084044 -0.82687517 -0.82377613 -0.82152691 -0.82012032 -0.81956379 -0.8198851 -0.82113841 -0.82341104 -0.82683102 -0.83157539 -0.83787919 -0.84604385 -0.85644333 -0.8695239 -0.88579118 -0.90577401 -0.92995108 -0.95862416 -0.99172731 -1.0285819 -1.0676504 -1.1063999 -1.1414275 -1.1689557 -1.1856379 -1.1893978 -1.1799221 -1.1585647 -1.127695 -1.0896905 -1.0456833 -0.99383044 -0.9263366 -0.82402742 -0.64905442 -0.34810372
-1.0950574 -1.0863011 -1.0771171 -1.0674869 -1.0573994 -1.0468524 -1.0358548 -1.0244283 -1.0126081 -1.0004448 -0.9880042 -0.97536739 -0.9626291 -0.94989573 -0.93728213 -0.92490766 -0.91289173 -0.9013491 -0.89038543 -0.88009345 -0.87055003 -0.86181454 -0.85392849 -0.84691647 -0.84078829 -0.83554205 -0.83116799 -0.82765273 -0.8249839 -0.82315495 -0.82217004 -0.82204921 -0.82283383 -0.82459245 -0.82742727 -0.83148116 -0.83694515 -0.84406578 -0.85315098 -0.86457208 -0.87875752 -0.89617137 -0.91726669 -0.94240114 -0.97170338 -1.0048876 -1.0410378 -1.0784225 -1.1144487 -1.1458727 -1.1693208 -1.1820154 -1.1824346 -1.1706053 -1.1478701 -1.1161798 -1.0770361 -1.0300524 -0.9707215 -0.88652891 -0.75092196 -0.51980936 -0.15206552
