Interpolating SPI Data/spi_stations/interpolated_spi/5-21_1.tif
NCOLS 257
NROWS 141
XLLCORNER -178.27925
YLLCORNER 5.3153543
DX 0.49934803
DY 0.49997533
NODATA_VALUE -9999
[rows 0 to 27 of 141, columns 0 to 62 of 257]
3.2965924 3.3093549 3.3222185 3.3351622 3.3481621 3.3611911 3.3742195 3.3872145 3.4001405 3.4129594 3.4256308 3.4381124 3.4503607 3.4623312 3.4739797 3.4852624 3.4961372 3.5065643 3.5165075 3.5259344 3.5348178 3.5431359 3.5508733 3.5580209 3.5645766 3.570545 3.5759371 3.5807702 3.5850674 3.5888564 3.5921691 3.5950406 3.597508 3.5996099 3.6013848 3.602871 3.6041052 3.6051224 3.6059547 3.6066317 3.6071797 3.6076219 3.6079783 3.6082659 3.6084986 3.6086879 3.6088432 3.6089715 3.6090785 3.6091685 3.6092445 3.609309 3.6093637 3.6094097 3.6094478 3.6094786 3.6095023 3.6095187 3.6095275 3.6095278 3.6095182 3.609496 3.6094575
3.2734615 3.2860797 3.2988521 3.311763 3.3247934 3.3379214 3.3511215 3.3643651 3.3776199 3.3908504 3.4040176 3.4170795 3.4299916 3.4427068 3.4551767 3.467352 3.479183 3.4906212 3.50162 3.5121356 3.5221282 3.5315633 3.5404121 3.5486527 3.5562703 3.563258 3.5696168 3.5753555 3.5804901 3.5850436 3.5890449 3.5925283 3.5955315 3.5980957 3.6002632 3.6020772 3.6035803 3.6048135 3.6058157 3.6066229 3.6072678 3.6077796 3.6081835 3.6085014 3.6087514 3.6089484 3.6091046 3.6092293 3.60933 3.6094122 3.6094801 3.6095366 3.6095841 3.6096241 3.6096577 3.6096857 3.6097087 3.609727 3.6097407 3.6097499 3.6097541 3.6097527 3.6097446
3.2492117 3.2615406 3.2740696 3.2867889 3.2996859 3.3127448 3.3259465 3.3392683 3.3526838 3.3661623 3.3796694 3.3931665 3.4066109 3.4199566 3.4331539 3.4461506 3.4588924 3.4713239 3.4833895 3.4950346 3.5062071 3.5168582 3.526944 3.536427 3.5452765 3.5534702 3.5609943 3.5678443 3.574025 3.5795499 3.5844411 3.588728 3.5924466 3.595638 3.598347 3.6006208 3.6025076 3.6040553 3.60531 3.6063157 3.6071127 3.6077378 3.6082235 3.6085977 3.6088844 3.6091034 3.6092707 3.609399 3.6094983 3.6095759 3.6096375 3.6096871 3.6097275 3.6097609 3.6097887 3.6098118 3.6098311 3.6098469 3.6098598 3.6098698 3.6098771 3.6098817 3.6098833
3.2241786 3.2360735 3.2482036 3.2605657 3.2731537 3.2859593 3.2989706 3.3121727 3.3255467 3.3390697 3.3527143 3.3664485 3.3802355 3.3940337 3.4077967 3.4214734 3.435009 3.4483449 3.46142 3.4741716 3.4865367 3.4984536 3.5098629 3.5207097 3.5309451 3.5405273 3.5494235 3.5576105 3.5650756 3.5718171 3.5778442 3.5831762 3.587842 3.5918787 3.5953305 3.5982461 3.6006783 3.602681 3.6043083 3.6056128 3.6066444 3.6074492 3.6080686 3.6085395 3.6088934 3.6091569 3.6093516 3.6094952 3.6096011 3.6096798 3.6097389 3.6097841 3.6098192 3.609847 3.6098694 3.6098876 3.6099026 3.6099149 3.609925 3.6099332 3.6099397 3.6099446 3.6099481
3.1987544 3.2100802 3.2216633 3.2335064 3.2456101 3.2579734 3.2705924 3.2834606 3.2965681 3.3099013 3.3234424 3.3371687 3.3510527 3.3650613 3.3791559 3.3932919 3.4074188 3.4214807 3.4354163 3.4491599 3.4626425 3.4757924 3.4885378 3.5008075 3.5125335 3.523653 3.53411 3.5438577 3.5528597 3.5610919 3.5685425 3.5752129 3.5811176 3.5862827 3.5907454 3.5945518 3.5977551 3.6004136 3.6025882 3.6043405 3.6057309 3.6068167 3.6076511 3.6082819 3.6087512 3.6090951 3.6093436 3.609521 3.6096467 3.6097354 3.6097982 3.6098431 3.6098757 3.6098999 3.6099183 3.6099325 3.6099438 3.6099529 3.6099602 3.6099661 3.6099708 3.6099745 3.6099774
3.1733706 3.1840121 3.1949182 3.2060967 3.2175542 3.2292963 3.2413266 3.2536469 3.2662564 3.2791517 3.2923254 3.3057663 3.3194587 3.3333814 3.3475075 3.3618039 3.3762305 3.3907403 3.405279 3.4197853 3.4341912 3.4484227 3.4624012 3.4760447 3.4892697 3.5019937 3.5141373 3.525627 3.536398 3.5463962 3.5555805 3.5639247 3.5714178 3.578065 3.5838866 3.5889171 3.5932034 3.5968024 3.5997782 3.6021997 3.6041374 3.6056612 3.606838 3.6077299 3.608393 3.6088765 3.6092221 3.6094645 3.6096317 3.6097452 3.6098216 3.6098727 3.6099071 3.6099305 3.6099468 3.6099586 3.6099672 3.6099738 3.6099789 3.6099829 3.609986 3.6099885 3.6099904
3.1484757 3.1583457 3.1684732 3.1788696 3.1895461 3.2005133 3.2117812 3.2233587 3.2352533 3.2474705 3.2600138 3.2728835 3.2860763 3.2995849 3.3133969 3.3274942 3.3418519 3.3564381 3.3712127 3.3861271 3.4011238 3.4161364 3.4310895 3.4459003 3.4604787 3.47473 3.4885566 3.5018612 3.5145497 3.5265344 3.5377382 3.5480969 3.5575625 3.5661052 3.5737145 3.5803994 3.5861874 3.591123 3.595265 3.5986831 3.6014546 3.6036607 3.605383 3.6067006 3.6076872 3.6084098 3.6089269 3.6092882 3.6095348 3.609699 3.609806 3.6098745 3.6099176 3.6099447 3.6099618 3.6099728 3.6099801 3.6099851 3.6099887 3.6099913 3.6099933 3.6099948 3.6099959
3.1245084 3.1335544 3.1428378 3.152372 3.162171 3.1722488 3.1826196 3.1932974 3.2042959 3.2156282 3.2273061 3.2393401 3.2517387 3.2645076 3.2776493 3.2911617 3.3050379 3.3192646 3.3338215 3.3486798 3.3638014 3.379138 3.3946303 3.4102076 3.4257877 3.4412776 3.4565749 3.4715693 3.4861459 3.5001882 3.5135824 3.5262222 3.5380127 3.5488755 3.5587522 3.5676071 3.5754288 3.5822303 3.5880478 3.592938 3.5969741 3.6002419 3.6028345 3.604848 3.6063768 3.6075103 3.6083297 3.6089066 3.6093017 3.6095644 3.609734 3.6098403 3.609905 3.6099434 3.6099658 3.6099788 3.6099863 3.6099908 3.6099937 3.6099955 3.6099968 3.6099977 3.6099983
3.1018709 3.1100774 3.1184913 3.1271264 3.1359975 3.14512 3.1545101 3.1641845 3.1741604 3.1844555 3.1950876 3.2060742 3.2174326 3.2291788 3.2413278 3.253892 3.2668812 3.2803009 3.2941521 3.3084291 3.3231189 3.3381991 3.3536368 3.3693872 3.3853918 3.4015779 3.4178578 3.4341291 3.4502755 3.4661691 3.4816733 3.4966473 3.5109511 3.5244522 3.5370312 3.5485884 3.5590492 3.568368 3.5765303 3.583553 3.5894824 3.5943899 3.5983675 3.6015207 3.6039626 3.6058072 3.6071644 3.6081354 3.6088097 3.6092632 3.6095582 3.6097434 3.6098554 3.6099206 3.6099572 3.609977 3.6099875 3.609993 3.6099959 3.6099975 3.6099984 3.6099989 3.6099993
3.0809044 3.0882924 3.0958514 3.1035942 3.1115349 3.1196886 3.1280711 3.1366997 3.1455925 3.1547686 3.1642484 3.1740529 3.184204 3.1947243 3.2056364 3.216963 3.2287262 3.2409469 3.2536436 3.266832 3.2805236 3.2947236 3.3094302 3.3246319 3.3403059 3.3564154 3.3729081 3.3897135 3.4067423 3.4238846 3.4410113 3.4579749 3.4746134 3.4907551 3.5062255 3.5208553 3.5344897 3.5469972 3.5582776 3.568268 3.5769468 3.5843332 3.5904851 3.5954929 3.5994719 3.6025536 3.6048764 3.6065772 3.6077847 3.608614 3.6091638 3.6095145 3.6097293 3.6098553 3.6099258 3.6099634 3.6099825 3.6099918 3.6099961 3.6099981 3.609999 3.6099994 3.6099997
3.0618722 3.0684941 3.0752481 3.0821452 3.0891975 3.0964183 3.1038218 3.1114236 3.1192404 3.1272905 3.1355935 3.1441704 3.1530441 3.1622386 3.1717795 3.181694 3.1920104 3.202758 3.2139665 3.225666 3.2378857 3.2506532 3.2639931 3.2779256 3.2924645 3.3076147 3.3233699 3.3397089 3.3565931 3.3739626 3.3917335 3.4097953 3.4280097 3.4462113 3.4642102 3.4817973 3.4987529 3.5148572 3.5299035 3.5437111 3.5561385 3.5670931 3.576537 3.5844886 3.5910182 3.5962399 3.6003004 3.6033651 3.6056062 3.6071903 3.6082699 3.6089774 3.6094217 3.6096882 3.6098402 3.6099225 3.6099644 3.6099845 3.6099936 3.6099974 3.609999 3.6099996 3.6099998
3.0449487 3.0508816 3.0569085 3.0630383 3.0692804 3.0756456 3.0821454 3.0887925 3.0956009 3.1025861 3.1097648 3.1171556 3.1247786 3.132656 3.1408119 3.1492725 3.1580663 3.1672239 3.1767784 3.186765 3.197221 3.2081852 3.219698 3.2318 3.2445312 3.2579297 3.2720294 3.2868578 3.3024326 3.3187582 3.3358206 3.3535833 3.3719811 3.3909159 3.410252 3.429814 3.4493871 3.4687217 3.4875421 3.5055601 3.5224933 3.5380851 3.5521256 3.5644683 3.5750425 3.5838561 3.5909912 3.5965918 3.6008463 3.6039674 3.6061734 3.6076715 3.6086458 3.6092504 3.6096068 3.6098056 3.6099098 3.6099609 3.6099843 3.6099941 3.609998 3.6099993 3.6099998
3.030219 3.0355557 3.0409521 3.0464145 3.0519499 3.0575659 3.0632712 3.0690752 3.0749886 3.0810228 3.0871911 3.0935076 3.0999885 3.1066514 3.113516 3.1206042 3.12794 3.1355503 3.1434646 3.1517155 3.1603389 3.169374 3.1788636 3.1888542 3.1993955 3.2105405 3.2223446 3.2348649 3.2481582 3.2622791 3.277277 3.2931916 3.3100479 3.3278496 3.3465712 3.3661496 3.3864752 3.4073844 3.4286545 3.4500029 3.4710943 3.4915546 3.5109946 3.5290406 3.5453677 3.5597317 3.5719931 3.5821273 3.5902209 3.5964537 3.6010719 3.6043557 3.6065899 3.6080395 3.6089326 3.6094527 3.6097373 3.6098827 3.6099517 3.6099818 3.6099937 3.6099981 3.6099995
3.0176845 3.0225253 3.0273966 3.0323026 3.0372477 3.042237 3.0472763 3.0523718 3.0575307 3.062761 3.0680717 3.0734726 3.0789752 3.0845918 3.0903368 3.0962259 3.1022769 3.10851 3.1149477 3.1216151 3.1285409 3.135757 3.1432992 3.1512078 3.1595277 3.1683091 3.1776077 3.187485 3.1980083 3.2092509 3.2212909 3.2342105 3.2480934 3.263022 3.2790718 3.2963051 3.3147611 3.3344447 3.3553119 3.3772545 3.4000848 3.4235241 3.4471984 3.4706464 3.4933438 3.5147439 3.5343317 3.5516826 3.5665131 3.5787119 3.5883439 3.5956259 3.6008833 3.6044973 3.606854 3.6083057 3.6091458 3.6095998 3.6098272 3.6099318 3.6099757 3.6099922 3.6099978
3.007275 3.0117198 3.0161719 3.0206335 3.0251072 3.0295958 3.0341026 3.0386314 3.0431863 3.0477721 3.0523943 3.057059 3.061773 3.0665443 3.0713818 3.0762955 3.081297 3.0863992 3.0916169 3.0969671 3.1024688 3.1081439 3.1140175 3.1201179 3.1264777 3.1331342 3.1401298 3.1475132 3.1553398 3.1636727 3.1725839 3.1821546 3.1924762 3.2036504 3.2157893 3.2290141 3.2434524 3.2592335 3.2764805 3.2952987 3.3157584 3.3378726 3.3615697 3.3866628 3.4128219 3.4395572 3.466224 3.4920594 3.5162562 3.5380642 3.5568994 3.5724303 3.5846164 3.5936867 3.6000712 3.604306 3.6069415 3.6084721 3.609296 3.6097037 3.6098873 3.6099618 3.6099886
2.9988639 3.0030065 3.0071388 3.0112616 3.0153762 3.0194837 3.0235855 3.0276834 3.0317794 3.0358758 3.0399754 3.0440812 3.0481969 3.0523265 3.0564749 3.0606476 3.0648507 3.0690916 3.0733785 3.0777211 3.0821302 3.0866186 3.0912009 3.0958938 3.100717 3.105693 3.1108479 3.1162122 3.1218214 3.1277167 3.1339464 3.1405668 3.1476438 3.1552545 3.1634888 3.1724517 3.182265 3.1930693 3.2050252 3.218313 3.2331316 3.2496915 3.2682043 3.2888624 3.3118075 3.3370857 3.3645893 3.3939922 3.4246936 3.4557974 3.4861576 3.5145085 3.5396697 3.560769 3.5774058 3.5896904 3.5981537 3.6035722 3.6067799 3.6085242 3.609388 3.6097734 3.6099262
2.9922852 2.9962086 3.0001093 3.0039873 3.0078426 3.0116753 3.0154855 3.0192738 3.0230404 3.0267861 3.0305118 3.0342184 3.0379073 3.0415802 3.0452387 3.0488854 3.0525228 3.0561542 3.0597832 3.0634144 3.0670528 3.0707044 3.0743764 3.0780769 3.0818155 3.0856034 3.089454 3.0933825 3.0974071 3.1015494 3.1058345 3.1102924 3.1149586 3.1198756 3.125094 3.1306745 3.1366901 3.1432287 3.1503964 3.1583215 3.1671588 3.1770949 3.188353 3.2011977 3.2159371 3.2329199 3.2525221 3.2751174 3.3010195 3.3303882 3.3630963 3.3985724 3.435673 3.4726724 3.5074661 3.5379993 3.5627877 3.581284 3.5939072 3.601753 3.6061711 3.6084083 3.6094162
2.9873483 2.991123 2.9948668 2.9985791 3.0022592 3.0059064 3.0095202 3.0131001 3.0166457 3.0201564 3.0236321 3.0270726 3.0304776 3.0338473 3.0371818 3.0404815 3.0437469 3.0469787 3.0501779 3.0533459 3.0564843 3.059595 3.0626807 3.0657442 3.0687892 3.07182 3.0748419 3.077861 3.0808847 3.0839216 3.0869824 3.0900794 3.0932275 3.0964447 3.0997523 3.1031764 3.1067484 3.1105066 3.1144981 3.1187806 3.1234257 3.1285226 3.134183 3.1405474 3.1477936 3.156147 3.1658935 3.1773948 3.1911046 3.207581 3.2274881 3.2515669 3.2805477 3.3149595 3.3548034 3.3991161 3.445605 3.4907196 3.5304744 3.5618195 3.5837233 3.5972158 3.604511
2.9838521 2.9875353 2.9911824 2.9947926 2.9983646 3.0018976 3.0053905 3.0088422 3.0122519 3.0156184 3.018941 3.0222186 3.0254504 3.0286356 3.0317734 3.0348632 3.0379043 3.0408962 3.0438385 3.0467308 3.0495731 3.0523653 3.0551076 3.0578003 3.0604442 3.0630401 3.0655892 3.0680932 3.0705541 3.0729745 3.0753575 3.077707 3.0800277 3.0823253 3.0846068 3.0868805 3.0891567 3.0914478 3.0937691 3.096139 3.0985808 3.1011228 3.1038011 3.1066607 3.1097594 3.1131713 3.116993 3.1213512 3.1264145 3.1324095 3.1396433 3.148536 3.1596639 3.1738158 3.1920551 3.2157628 3.2465916 3.2861779 3.335377 3.3928983 3.4539281 3.5104923 3.554875
2.981596 2.9852318 2.9888285 2.9923852 2.9959004 2.9993729 3.0028015 3.0061849 3.0095218 3.012811 3.0160513 3.0192413 3.0223798 3.0254657 3.0284977 3.0314746 3.0343954 3.0372589 3.0400641 3.04281 3.0454957 3.0481203 3.050683 3.0531831 3.0556201 3.0579935 3.060303 3.0625484 3.0647296 3.0668469 3.0689007 3.0708916 3.0728204 3.0746885 3.0764975 3.0782493 3.0799465 3.0815923 3.0831904 3.0847454 3.0862631 3.0877504 3.0892156 3.0906693 3.0921244 3.0935971 3.0951079 3.096683 3.0983566 3.1001737 3.1021947 3.1045021 3.1072109 3.1104844 3.1145601 3.1197908 3.1267117 3.1361508 3.1494057 3.1685091 3.1965502 3.2377871 3.2966129
2.9803878 2.9840085 2.9875887 2.9911269 2.9946219 2.9980723 3.0014766 3.0048335 3.0081417 3.0113996 3.0146059 3.0177592 3.0208581 3.0239012 3.0268871 3.0298145 3.032682 3.0354884 3.0382323 3.0409126 3.043528 3.0460774 3.0485597 3.0509739 3.0533191 3.0555943 3.0577988 3.0599319 3.061993 3.0639817 3.0658976 3.0677404 3.0695101 3.0712068 3.0728308 3.0743824 3.0758622 3.0772712 3.0786104 3.079881 3.0810846 3.0822232 3.0832989 3.0843143 3.0852725 3.0861768 3.0870315 3.0878414 3.0886122 3.0893508 3.0900655 3.0907669 3.0914681 3.0921864 3.092945 3.0937756 3.0947239 3.0958571 3.0972784 3.0991528 3.1017555 3.1055676 3.111472
2.9800491 2.9836771 2.9872637 2.9908073 2.9943065 2.99776 3.0011662 3.0045238 3.0078311 3.0110868 3.0142894 3.0174373 3.0205292 3.0235635 3.0265388 3.0294536 3.0323067 3.0350965 3.0378217 3.0404811 3.0430733 3.0455972 3.0480516 3.0504355 3.0527477 3.0549875 3.0571539 3.0592461 3.0612636 3.0632057 3.0650721 3.0668623 3.0685764 3.0702141 3.0717757 3.0732614 3.0746715 3.0760067 3.0772678 3.0784556 3.0795713 3.0806162 3.0815916 3.0824994 3.0833414 3.0841195 3.084836 3.0854932 3.0860939 3.0866406 3.0871363 3.0875842 3.0879874 3.0883495 3.088674 3.0889648 3.0892263 3.089463 3.0896804 3.0898849 3.0900848 3.0902913 3.0905212
2.9804186 2.984068 2.9876751 2.9912386 2.9947568 2.9982284 3.0016517 3.0050253 3.0083476 3.0116171 3.0148322 3.0179914 3.0210931 3.024136 3.0271183 3.0300387 3.0328958 3.035688 3.038414 3.0410725 3.0436622 3.0461818 3.0486302 3.0510063 3.053309 3.0555375 3.0576909 3.0597685 3.0617696 3.0636937 3.0655404 3.0673096 3.0690009 3.0706146 3.0721507 3.0736097 3.0749919 3.0762982 3.0775292 3.0786862 3.0797702 3.0807828 3.0817253 3.0825997 3.0834079 3.0841519 3.084834 3.0854566 3.0860224 3.0865341 3.0869943 3.0874062 3.0877726 3.0880967 3.0883815 3.0886301 3.0888456 3.0890309 3.0891891 3.0893229 3.0894351 3.0895281 3.0896042
2.9813535 2.9850317 2.9886669 2.9922574 2.9958018 2.9992985 3.0027459 3.0061423 3.0094862 3.012776 3.01601 3.0191866 3.0223043 3.0253614 3.0283564 3.0312877 3.0341539 3.0369535 3.039685 3.042347 3.0449383 3.0474575 3.0499035 3.0522752 3.0545714 3.0567914 3.0589342 3.0609991 3.0629855 3.0648929 3.066721 3.0684695 3.0701384 3.0717278 3.0732379 3.0746692 3.0760221 3.0772976 3.0784966 3.0796202 3.0806698 3.0816468 3.082553 3.0833904 3.084161 3.084867 3.0855109 3.0860954 3.0866231 3.087097 3.0875201 3.0878955 3.0882263 3.0885158 3.0887672 3.0889839 3.0891691 3.0893258 3.0894573 3.0895665 3.0896562 3.0897291 3.0897876
2.9827296 2.9864392 2.9901046 2.9937242 2.9972965 3.0008196 3.004292 3.007712 3.0110779 3.0143879 3.0176403 3.0208336 3.0239659 3.0270357 3.0300413 3.0329811 3.0358534 3.0386569 3.0413899 3.044051 3.0466389 3.0491522 3.0515898 3.0539504 3.056233 3.0584367 3.0605606 3.062604 3.0645663 3.066447 3.0682458 3.0699625 3.0715972 3.0731499 3.0746211 3.0760112 3.077321 3.0785513 3.0797033 3.0807782 3.0817776 3.0827031 3.0835568 3.0843407 3.0850571 3.0857086 3.0862979 3.0868278 3.0873015 3.087722 3.0880927 3.088417 3.0886983 3.0889402 3.0891463 3.08932 3.0894648 3.089584 3.089681 3.0897587 3.0898202 3.089868 3.0899045
2.9844405 2.9881803 2.9918746 2.9955215 2.9991194 3.0026666 3.0061611 3.0096012 3.0129853 3.0163113 3.0195776 3.0227824 3.0259239 3.0290004 3.0320101 3.0349514 3.0378226 3.040622 3.0433482 3.0459997 3.0485749 3.0510727 3.0534916 3.0558306 3.0580886 3.0602646 3.0623578 3.0643674 3.066293 3.0681342 3.0698906 3.0715621 3.073149 3.0746514 3.0760699 3.0774051 3.0786578 3.0798293 3.0809208 3.0819339 3.0828703 3.083732 3.0845213 3.0852405 3.0858925 3.0864799 3.087006 3.0874739 3.087887 3.088249 3.0885633 3.0888339 3.0890644 3.0892587 3.0894205 3.0895536 3.0896615 3.0897477 3.0898154 3.0898676 3.0899071 3.0899363 3.0899574
2.9863963 2.9901628 2.993882 2.997552 3.001171 3.004737 3.0082482 3.0117028 3.0150988 3.0184343 3.0217075 3.0249165 3.0280594 3.0311345 3.0341399 3.0370738 3.0399345 3.0427205 3.04543 3.0480615 3.0506137 3.0530851 3.0554745 3.0577807 3.0600026 3.0621394 3.0641903 3.0661546 3.0680319 3.0698219 3.0715244 3.0731395 3.0746674 3.0761087 3.0774641 3.0787343 3.0799206 3.0810244 3.0820472 3.0829909 3.0838577 3.0846498 3.08537 3.0860209 3.0866057 3.0871276 3.08759 3.0879966 3.0883511 3.0886574 3.0889195 3.0891413 3.0893269 3.0894802 3.0896051 3.0897052 3.0897842 3.0898454 3.0898918 3.0899262 3.0899511 3.0899686 3.0899806
2.9885218 2.9923101 2.9960488 2.9997361 3.00337 3.0069486 3.0104698 3.0139317 3.0173323 3.0206696 3.0239417 3.0271466 3.0302824 3.0333473 3.0363392 3.0392566 3.0420975 3.0448603 3.0475433 3.0501452 3.0526643 3.0550993 3.0574491 3.0597125 3.0618886 3.0639764 3.0659754 3.0678849 3.0697048 3.0714348 3.0730751 3.0746258 3.0760874 3.0774608 3.0787467 3.0799465 3.0810616 3.0820937 3.0830448 3.083917 3.0847129 3.0854352 3.0860869 3.0866711 3.0871914 3.0876512 3.0880545 3.088405 3.088707 3.0889644 3.0891814 3.0893621 3.0895107 3.0896311 3.089727 3.0898021 3.0898599 3.0899032 3.089935 3.0899577 3.0899735 3.089984 3.0899908
