Interpolating SPI Data/spi_stations/interpolated_spi/5-21_2.tif
NCOLS 257
NROWS 141
XLLCORNER -178.27925
YLLCORNER 5.3153543
DX 0.49934803
DY 0.49997533
NODATA_VALUE -9999
[rows 84 to 111 of 141, columns 63 to 125 of 257]
-2.058999 -2.2580591 -2.3607699 -2.4078863 -2.4277642 -2.4356139 -2.4385289 -2.4395351 -2.4398419 -2.4399075 -2.4398974 -2.4398688 -2.4398398 -2.439815 -2.4397946 -2.4397771 -2.4397607 -2.4397435 -2.4397232 -2.439697 -2.4396615 -2.4396112 -2.4395378 -2.4394272 -2.4392535 -2.4389678 -2.4384691 -2.4375342 -2.435626 -2.4313235 -2.4204942 -2.3903325 -2.3049362 -2.1233717 -1.9504726 -1.8908415 -1.8810517 -1.8800658 -1.8800025 -1.8800001 -1.88 -1.88 -1.88 -1.88 -1.88 -1.88 -1.88 -1.88 -1.88 -1.88 -1.8799742 -1.3515076 -1.35 -1.35 -1.35 -1.35 -1.35 -1.35 -1.35 -1.35 -1.5999999 -1.6 -0.98238669
-2.2858666 -2.3707452 -2.4107653 -2.4282867 -2.4355017 -2.4383013 -2.4393114 -2.4396332 -2.4397048 -2.4396929 -2.4396577 -2.439619 -2.4395822 -2.4395472 -2.4395121 -2.4394739 -2.439429 -2.4393727 -2.4392988 -2.4391981 -2.4390569 -2.4388525 -2.4385465 -2.4380702 -2.437293 -2.4359531 -2.4334892 -2.4286123 -2.4181594 -2.3940314 -2.3365714 -2.2143248 -2.0432853 -1.9271053 -1.8887661 -1.8811491 -1.8801065 -1.8800067 -1.8800003 -1.88 -1.88 -1.88 -1.88 -1.88 -1.88 -1.88 -1.88 -1.88 -1.88 -1.8799608 -1.4572912 -1.3500001 -1.35 -1.35 -1.35 -1.35 -1.35 -1.35 -1.35 -1.35 -1.4444892 -1.5751842 -0.98
-2.3780081 -2.4127133 -2.428458 -2.4352026 -2.4379293 -2.4389534 -2.4392907 -2.4393651 -2.4393452 -2.4392948 -2.4392357 -2.4391736 -2.4391079 -2.4390351 -2.4389499 -2.4388452 -2.4387114 -2.4385349 -2.4382951 -2.4379603 -2.4374791 -2.4367641 -2.4356609 -2.4338831 -2.4308726 -2.4254835 -2.4152523 -2.3947327 -2.3523036 -2.2683155 -2.1335005 -1.9948337 -1.9151816 -1.8878086 -1.8813144 -1.8801675 -1.8800158 -1.8800011 -1.88 -1.88 -1.88 -1.88 -1.88 -1.88 -1.88 -1.88 -1.88 -1.8799997 -1.8799199 -1.7407084 -1.3500591 -1.35 -1.35 -1.35 -1.35 -1.35 -1.35 -1.35 -1.35 -1.35 -1.350104 -0.98000121 -0.98
-2.4139133 -2.4282955 -2.4346877 -2.4373705 -2.438413 -2.4387623 -2.4388315 -2.4387923 -2.4387121 -2.4386144 -2.438505 -2.4383814 -2.4382373 -2.4380631 -2.4378454 -2.4375655 -2.4371961 -2.4366962 -2.4360022 -2.4350117 -2.4335534 -2.4313304 -2.4278076 -2.4219826 -2.4119152 -2.3937844 -2.3602684 -2.2992564 -2.1993936 -2.0728753 -1.966098 -1.9086437 -1.8874324 -1.8815419 -1.8802549 -1.8800329 -1.8800032 -1.8800002 -1.88 -1.88 -1.88 -1.88 -1.88 -1.88 -1.88 -1.8799999 -1.8799978 -1.8798312 -1.8319077 -1.3533483 -1.3500004 -1.35 -1.35 -1.35 -1.35 -1.35 -1.35 -1.35 -1.35 -1.35 -1.3488674 -0.98 -0.98
-2.4277932 -2.4339175 -2.4365743 -2.4376336 -2.4379861 -2.4380366 -2.4379602 -2.4378278 -2.4376641 -2.4374737 -2.4372513 -2.4369855 -2.4366596 -2.4362497 -2.435722 -2.4350275 -2.4340924 -2.4328031 -2.4309791 -2.4283247 -2.4243411 -2.4181619 -2.4082468 -2.3918312 -2.3640661 -2.3172702 -2.2426721 -2.1398936 -2.0307625 -1.9486267 -1.9048902 -1.8874032 -1.8818313 -1.8803754 -1.8800629 -1.8800084 -1.8800009 -1.88 -1.88 -1.88 -1.88 -1.88 -1.88 -1.8799999 -1.8799992 -1.8799889 -1.8796628 -1.8540676 -1.3880737 -1.3500465 -1.35 -1.35 -1.35 -1.35 -1.35 -1.35 -1.35 -1.35 -1.35 -1.35 -1.1740135 -0.98 -0.98
-2.4328448 -2.4354836 -2.4365518 -2.4368929 -2.4369047 -2.4367655 -2.4365492 -2.4362812 -2.4359634 -2.4355856 -2.435129 -2.4345656 -2.4338561 -2.4329448 -2.4317504 -2.4301527 -2.4279685 -2.4249125 -2.4205293 -2.4140764 -2.4043235 -2.3892228 -2.3654347 -2.3279091 -2.270468 -2.1896767 -2.0930249 -2.0021125 -1.9376355 -1.9027091 -1.8876071 -1.8821843 -1.880536 -1.8801112 -1.8800191 -1.8800026 -1.8800002 -1.8799999 -1.8799999 -1.8799999 -1.8799999 -1.8799997 -1.8799991 -1.8799952 -1.8799597 -1.8793767 -1.8610281 -1.4951302 -1.3511264 -1.3500024 -1.35 -1.35 -1.35 -1.35 -1.35 -1.35 -1.35 -1.35 -1.35 -1.3499993 -0.99023336 -0.98 -0.98
-2.4340374 -2.4351003 -2.4354087 -2.4353546 -2.4351189 -2.4347777 -2.4343556 -2.4338506 -2.4332453 -2.4325099 -2.4316014 -2.4304592 -2.4289977 -2.4270939 -2.4245677 -2.4211501 -2.416432 -2.4097808 -2.4002086 -2.3861696 -2.3652912 -2.3341379 -2.2884205 -2.2246365 -2.1441711 -2.0577256 -1.9825161 -1.9305151 -1.901488 -1.8879834 -1.8826035 -1.8807432 -1.8801841 -1.880039 -1.8800067 -1.8800007 -1.8799998 -1.8799997 -1.8799995 -1.8799993 -1.8799984 -1.8799953 -1.8799811 -1.8798868 -1.8789331 -1.8633837 -1.6216227 -1.3595152 -1.3500823 -1.3500003 -1.35 -1.35 -1.35 -1.35 -1.35 -1.35 -1.35 -1.35 -1.35 -1.3498551 -0.98110521 -0.98 -0.98
-2.4332108 -2.4334591 -2.4333048 -2.4329309 -2.4324146 -2.4317782 -2.4310142 -2.4300952 -2.4289775 -2.4275986 -2.4258712 -2.4236734 -2.4208321 -2.4170984 -2.4121089 -2.4053273 -2.3959556 -2.3828093 -2.364159 -2.3375964 -2.3001148 -2.2488445 -2.1830425 -2.1070787 -2.0315697 -1.9689101 -1.9258143 -1.9008939 -1.8884976 -1.8830913 -1.8810035 -1.8802886 -1.8800724 -1.8800151 -1.880002 -1.8799993 -1.8799987 -1.8799981 -1.8799968 -1.8799934 -1.8799829 -1.8799424 -1.879737 -1.8782956 -1.8638487 -1.7070603 -1.3895675 -1.3509676 -1.3500125 -1.3500001 -1.35 -1.35 -1.35 -1.35 -1.35 -1.35 -1.35 -1.35 -1.3499998 -1.3441725 -0.9802938 -0.98 -0.98
-2.4309728 -2.4306781 -2.4301175 -2.4293682 -2.428449 -2.4273448 -2.4260162 -2.4244026 -2.4224184 -2.4199456 -2.4168214 -2.4128186 -2.4076176 -2.4007642 -2.3916113 -2.3792384 -2.3623582 -2.3392382 -2.3077336 -2.2656391 -2.2116675 -2.147162 -2.0776646 -2.0122074 -1.959309 -1.9226951 -1.9007337 -1.8891278 -1.8836495 -1.8813223 -1.8804312 -1.8801247 -1.8800303 -1.8800044 -1.8799978 -1.8799956 -1.8799935 -1.8799892 -1.879979 -1.8799506 -1.8798568 -1.8794714 -1.8774351 -1.8633307 -1.7548565 -1.4490573 -1.355623 -1.350171 -1.3500033 -1.35 -1.35 -1.35 -1.35 -1.35 -1.35 -1.35 -1.35 -1.35 -1.3499858 -1.2835441 -0.98014081 -0.98000001 -0.98
-2.4274066 -2.426606 -2.4255609 -2.4242854 -2.4227551 -2.4209171 -2.4186917 -2.415968 -2.4125957 -2.4083699 -2.4030112 -2.3961358 -2.3872158 -2.375528 -2.3600964 -2.3396461 -2.3126184 -2.2773481 -2.232562 -2.1783181 -2.1171643 -2.0546134 -1.997785 -1.9524422 -1.9206528 -1.9008887 -1.8898595 -1.8842789 -1.8817037 -1.8806182 -1.8802009 -1.8800551 -1.8800084 -1.879994 -1.8799878 -1.8799815 -1.87997 -1.8799445 -1.8798805 -1.8796943 -1.8790501 -1.8763314 -1.8622025 -1.7812408 -1.5236786 -1.3699421 -1.351173 -1.350047 -1.3500013 -1.35 -1.35 -1.35 -1.35 -1.35 -1.35 -1.35 -1.35 -1.3499996 -1.3496782 -1.1345283 -0.98009809 -0.98000003 -0.98
-2.4223407 -2.4209354 -2.4192292 -2.4171878 -2.4147437 -2.4117972 -2.4082123 -2.4038069 -2.3983381 -2.3914814 -2.3828044 -2.3717326 -2.3575147 -2.3391939 -2.3156162 -2.2855244 -2.2478225 -2.2020906 -2.1493174 -2.0925203 -2.0365949 -1.9869482 -1.9474881 -1.9193705 -1.9012819 -1.8906814 -1.8849791 -1.8821503 -1.8808542 -1.880306 -1.8800918 -1.8800137 -1.879985 -1.8799704 -1.879955 -1.8799286 -1.8798741 -1.8797484 -1.8794208 -1.8784368 -1.8749739 -1.8606452 -1.796264 -1.5923928 -1.3992347 -1.3549511 -1.3503463 -1.3500182 -1.3500007 -1.35 -1.35 -1.35 -1.35 -1.35 -1.35 -1.35 -1.3499999 -1.3499897 -1.3466519 -1.0397475 -0.98008648 -0.98000009 -0.98000001
-2.4154593 -2.4132523 -2.4106214 -2.4074847 -2.4037236 -2.3991789 -2.3936408 -2.3868357 -2.3784073 -2.3678956 -2.3547136 -2.3381312 -2.317279 -2.2912012 -2.259001 -2.2201285 -2.1748211 -2.124589 -2.0724424 -2.0224758 -1.9787347 -1.9439046 -1.9186412 -1.9018602 -1.8915836 -1.8857478 -1.8826629 -1.8811424 -1.8804431 -1.8801423 -1.8800189 -1.8799665 -1.8799359 -1.8799032 -1.8798499 -1.8797468 -1.879526 -1.8790016 -1.8776027 -1.8733611 -1.8587607 -1.805037 -1.6456806 -1.4427087 -1.3646612 -1.3516001 -1.3501355 -1.3500092 -1.3500005 -1.35 -1.35 -1.35 -1.35 -1.35 -1.35 -1.35 -1.3499987 -1.3498749 -1.3308832 -1.0059986 -0.98008835 -0.98000028 -0.98000009
-2.406359 -2.4030725 -2.3991736 -2.3945276 -2.388956 -2.3822285 -2.3740509 -2.3640517 -2.3517671 -2.3366313 -2.3179788 -2.2950755 -2.267202 -2.2338177 -2.1948238 -2.1508935 -2.103743 -2.0561253 -2.0113582 -1.9724638 -1.9413251 -1.918324 -1.9025846 -1.8925568 -1.8865811 -1.8832398 -1.8814834 -1.880614 -1.8802065 -1.8800214 -1.8799321 -1.8798742 -1.8798119 -1.879715 -1.8795381 -1.8791831 -1.8784051 -1.8765275 -1.8714994 -1.8566144 -1.8101594 -1.6839686 -1.4931574 -1.3832168 -1.355238 -1.3506504 -1.3500664 -1.3500057 -1.3500004 -1.35 -1.35 -1.35 -1.35 -1.35 -1.35 -1.3499996 -1.3499849 -1.3491066 -1.2847932 -0.99384839 -0.98009891 -0.98000079 -0.98000061
-2.3945943 -2.3898857 -2.384313 -2.3776843 -2.369757 -2.3602293 -2.3487312 -2.3348182 -2.3179737 -2.2976276 -2.2732056 -2.2442259 -2.2104571 -2.1721309 -2.1301627 -2.08627 -2.0428507 -2.0025536 -1.9676508 -1.9394949 -1.918319 -1.9034252 -1.893591 -1.8874731 -1.883877 -1.8818756 -1.8808179 -1.8802829 -1.8800165 -1.8798736 -1.879773 -1.8796642 -1.8795023 -1.8792217 -1.8786905 -1.8776051 -1.8752006 -1.8694012 -1.8542535 -1.8130196 -1.7108162 -1.5423338 -1.411226 -1.3632069 -1.3522452 -1.3503195 -1.3500389 -1.3500041 -1.3500004 -1.35 -1.35 -1.35 -1.35 -1.35 -1.3499998 -1.349996 -1.3498903 -1.3457658 -1.209209 -0.9887823 -0.98011716 -0.98000223 -0.98000271
-2.3797319 -2.3732214 -2.365543 -2.3564513 -2.345649 -2.3327833 -2.317448 -2.2991955 -2.2775667 -2.25215 -2.2226768 -2.1891575 -2.1520392 -2.1123359 -2.0716513 -2.032018 -1.9955401 -1.9639456 -1.9382322 -1.9185529 -1.9043568 -1.8946757 -1.8884157 -1.884568 -1.8823143 -1.8810514 -1.8803675 -1.879998 -1.8797812 -1.8796181 -1.8794417 -1.8791894 -1.8787721 -1.8780227 -1.8765827 -1.8736201 -1.8670836 -1.8517149 -1.814403 -1.7296194 -1.5852058 -1.4462788 -1.377188 -1.3560225 -1.3511272 -1.3501833 -1.3500263 -1.3500034 -1.3500004 -1.35 -1.35 -1.35 -1.35 -1.3499998 -1.3499982 -1.3499727 -1.3494458 -1.335585 -1.1346851 -0.98637023 -0.98014377 -0.98000593 -0.98000759
-2.3614201 -2.3527347 -2.3425537 -2.3305952 -2.3165366 -2.3000227 -2.2806852 -2.2581788 -2.232241 -2.2027785 -2.1699748 -2.1343972 -2.0970634 -2.0594121 -2.0231405 -1.9899228 -1.9610919 -1.9374037 -1.9189693 -1.9053578 -1.8957991 -1.8893992 -1.8853041 -1.8827925 -1.8813089 -1.8804544 -1.8799582 -1.8796438 -1.8793948 -1.879126 -1.8787546 -1.8781666 -1.8771595 -1.8753269 -1.8717917 -1.864567 -1.8490292 -1.8147795 -1.7428752 -1.6202499 -1.4842655 -1.3976926 -1.3632671 -1.3531254 -1.3506466 -1.3501193 -1.3500199 -1.350003 -1.3500004 -1.3500001 -1.35 -1.35 -1.3499998 -1.3499988 -1.3499889 -1.3498653 -1.3479091 -1.3129326 -1.0818369 -0.98511097 -0.98018056 -0.98001352 -0.98000576
-2.3394697 -2.3283056 -2.3153397 -2.3002881 -2.2828536 -2.2627491 -2.2397355 -2.2136773 -2.1846146 -2.1528429 -2.1189807 -2.0839934 -2.0491405 -2.0158298 -1.9854009 -1.9588977 -1.9369087 -1.9195236 -1.9064081 -1.8969487 -1.8904123 -1.8860746 -1.8833012 -1.8815826 -1.880536 -1.8798884 -1.8794503 -1.8790889 -1.8786998 -1.8781791 -1.8773868 -1.876087 -1.873834 -1.8697274 -1.8618733 -1.846223 -1.8144452 -1.7522817 -1.64796 -1.5213393 -1.4237005 -1.3749874 -1.3571689 -1.3518163 -1.3504144 -1.3500861 -1.3500165 -1.3500029 -1.3500005 -1.3500001 -1.35 -1.3499998 -1.349999 -1.3499936 -1.3499487 -1.3494868 -1.3437831 -1.2753875 -1.0493532 -0.98442244 -0.98022976 -0.98002164 -0.97993113
-2.3139325 -2.300125 -2.2842892 -2.2661873 -2.2456089 -2.2224077 -2.1965493 -2.1681683 -2.137624 -2.1055391 -2.0727986 -2.0404895 -2.0097778 -1.9817435 -1.9572174 -1.9366693 -1.920179 -1.9074895 -1.8981114 -1.8914422 -1.8868673 -1.8838292 -1.8818628 -1.8806036 -1.879779 -1.8791899 -1.8786873 -1.8781485 -1.8774477 -1.8764194 -1.8747979 -1.8721077 -1.8674439 -1.8590257 -1.8433194 -1.813595 -1.7589731 -1.6695543 -1.5550189 -1.453086 -1.391481 -1.3641274 -1.3542575 -1.3511627 -1.3502914 -1.3500676 -1.3500147 -1.350003 -1.3500006 -1.3500001 -1.3499998 -1.3499991 -1.3499954 -1.349973 -1.3498111 -1.34842 -1.3348597 -1.2279006 -1.0299579 -0.98405026 -0.98029057 -0.98000196 -0.97954344
-2.2851554 -2.2687396 -2.2502046 -2.2294089 -2.2062823 -2.1808667 -2.153358 -2.124144 -2.0938229 -2.0631884 -2.0331714 -2.0047394 -1.9787712 -1.9559381 -1.9366239 -1.9209043 -1.9085842 -1.8992733 -1.8924755 -1.887669 -1.8843645 -1.8821389 -1.8806475 -1.879621 -1.8788526 -1.8781796 -1.8774609 -1.8765499 -1.8752572 -1.8732916 -1.8701573 -1.8649611 -1.8560472 -1.8403394 -1.8123626 -1.7637114 -1.6863091 -1.5842335 -1.4834538 -1.4121776 -1.3746109 -1.3586245 -1.3527484 -1.3508081 -1.3502212 -1.3500569 -1.3500139 -1.3500033 -1.3500007 -1.3499999 -1.3499991 -1.3499961 -1.3499821 -1.3499061 -1.3494245 -1.3459253 -1.3189472 -1.179891 -1.0181448 -0.98386939 -0.98034824 -0.97985329 -0.97823788
-2.253787 -2.2350266 -2.2142283 -2.1913821 -2.1665836 -2.1400647 -2.1122173 -2.0835986 -2.0549112 -2.0269495 -2.0005195 -1.9763432 -1.9549707 -1.9367225 -1.9216729 -1.9096759 -1.9004206 -1.8934984 -1.8884659 -1.8848943 -1.8823998 -1.8806582 -1.8794058 -1.8784305 -1.8775576 -1.8766296 -1.8754803 -1.8738989 -1.8715736 -1.8679973 -1.8623013 -1.8529604 -1.8373016 -1.8108433 -1.767017 -1.6993165 -1.6088753 -1.5128257 -1.4358345 -1.3887529 -1.3655063 -1.3556512 -1.3519074 -1.3506022 -1.3501791 -1.3500506 -1.3500137 -1.3500035 -1.3500007 -1.3499992 -1.3499964 -1.3499861 -1.3499419 -1.3497238 -1.3485046 -1.3409535 -1.295169 -1.1385175 -1.010696 -0.98380426 -0.98035042 -0.97932267 -0.97489599
-2.2207228 -2.2000949 -2.1776833 -2.1536193 -2.1281518 -2.1016606 -2.0746553 -2.0477523 -2.0216295 -1.9969615 -1.9743473 -1.9542441 -1.9369241 -1.9224613 -1.910749 -1.9015399 -1.8944973 -1.8892445 -1.8854059 -1.8826345 -1.8806266 -1.8791258 -1.8779174 -1.8768166 -1.8756515 -1.8742385 -1.8723486 -1.8696543 -1.8656458 -1.8594883 -1.8497869 -1.8342226 -1.8091065 -1.7692523 -1.7094392 -1.6293352 -1.5399233 -1.460936 -1.406153 -1.3752624 -1.3603612 -1.3539441 -1.351409 -1.3504759 -1.350153 -1.3500471 -1.350014 -1.3500037 -1.35 -1.3499966 -1.3499879 -1.3499577 -1.3498367 -1.3492947 -1.3466035 -1.3323472 -1.2649047 -1.1061412 -1.0058255 -0.98378495 -0.98016914 -0.97792284 -0.96803592
-2.1869981 -2.1651313 -2.1418737 -2.1174777 -2.0923023 -2.066807 -2.0415305 -2.0170517 -1.993939 -1.9726937 -1.9537006 -1.9371945 -1.9232491 -1.9117889 -1.9026181 -1.895459 -1.8899916 -1.8858871 -1.8828324 -1.8805444 -1.8787752 -1.8773095 -1.875955 -1.8745275 -1.872829 -1.8706153 -1.8675489 -1.8631237 -1.8565459 -1.8465476 -1.8311179 -1.8072051 -1.7706754 -1.7173362 -1.6461888 -1.5641257 -1.486075 -1.425994 -1.3879161 -1.3672691 -1.357309 -1.3529097 -1.3510982 -1.3503954 -1.3501366 -1.3500454 -1.3500143 -1.3500033 -1.3499974 -1.3499889 -1.3499655 -1.3498872 -1.3495959 -1.3484045 -1.3431262 -1.3192258 -1.2313841 -1.0819919 -1.0025184 -0.9837129 -0.97955806 -0.97491562 -0.95648226
-2.1536525 -2.1312381 -2.1079048 -2.0839856 -2.0598918 -2.036093 -2.013085 -1.9913493 -1.9713095 -1.953293 -1.9375049 -1.9240185 -1.9127827 -1.9036431 -1.8963712 -1.890695 -1.8863267 -1.8829842 -1.8804046 -1.8783496 -1.8766053 -1.8749742 -1.8732624 -1.8712602 -1.8687123 -1.8652756 -1.8604537 -1.8534982 -1.8432618 -1.8280012 -1.8051796 -1.7714736 -1.7235049 -1.660028 -1.5852856 -1.5101764 -1.4472589 -1.4031441 -1.3765713 -1.362358 -1.3554136 -1.352253 -1.3508963 -1.3503426 -1.3501263 -1.3500448 -1.3500142 -1.350001 -1.3499903 -1.3499698 -1.3499125 -1.3497312 -1.3491029 -1.3467481 -1.3374159 -1.3014024 -1.1981888 -1.0642679 -1.0001529 -0.98343067 -0.97812837 -0.96944917 -0.94029346
-2.1216029 -2.0993036 -2.0765707 -2.0537703 -2.0313117 -2.009621 -1.9891086 -1.9701353 -1.9529824 -1.9378311 -1.9247537 -1.9137184 -1.9046042 -1.897223 -1.8913437 -1.8867145 -1.8830818 -1.8802017 -1.8778467 -1.8758057 -1.8738785 -1.8718641 -1.8695442 -1.8666559 -1.8628551 -1.8576597 -1.8503688 -1.8399478 -1.8248852 -1.8030622 -1.7717856 -1.7283204 -1.6713871 -1.6035388 -1.5325545 -1.4689488 -1.4203573 -1.3882207 -1.3693392 -1.359226 -1.3541872 -1.3518196 -1.3507609 -1.3503074 -1.35012 -1.3500443 -1.3500124 -1.3499944 -1.3499731 -1.3499265 -1.3497998 -1.3494192 -1.3481875 -1.3439461 -1.3289022 -1.2795827 -1.1679244 -1.0512078 -0.998295 -0.98270186 -0.97537608 -0.96087916 -0.92109234
-2.0915554 -2.0699339 -2.0483228 -2.027079 -2.00657 -1.9871478 -1.9691221 -1.9527368 -1.9381529 -1.9254415 -1.9145858 -1.9054918 -1.8980048 -1.8919283 -1.8870423 -1.8831185 -1.8799318 -1.8772658 -1.8749137 -1.8726746 -1.8703434 -1.8676957 -1.864465 -1.8603097 -1.8547657 -1.8471801 -1.8366228 -1.8217815 -1.8008791 -1.7717164 -1.7320672 -1.6807196 -1.6191602 -1.5528623 -1.4902311 -1.4388319 -1.4019373 -1.378341 -1.3645949 -1.3571573 -1.3533649 -1.3515243 -1.3506679 -1.3502837 -1.3501158 -1.3500424 -1.3500064 -1.3499786 -1.3499358 -1.349838 -1.3495804 -1.3488471 -1.346627 -1.3395904 -1.3172731 -1.2551894 -1.1418161 -1.0413988 -0.99658755 -0.98121297 -0.97078524 -0.94914488 -0.90130842
-2.0639673 -2.0434471 -2.0233044 -2.0038576 -1.9854102 -1.9682298 -1.9525294 -1.9384533 -1.9260707 -1.9153764 -1.906298 -1.8987086 -1.8924411 -1.8873031 -1.8830896 -1.8795929 -1.8766081 -1.8739342 -1.8713714 -1.8687129 -1.8657314 -1.8621599 -1.8576625 -1.8517956 -1.843954 -1.8333025 -1.818701 -1.7986519 -1.7713467 -1.7349628 -1.6883987 -1.6324728 -1.5710014 -1.5105022 -1.4578397 -1.417268 -1.3892734 -1.3716658 -1.3613912 -1.3557469 -1.3527965 -1.3513178 -1.3506028 -1.3502671 -1.3501117 -1.3500368 -1.3499919 -1.3499452 -1.3498618 -1.3496706 -1.3491857 -1.3478763 -1.3441603 -1.3333144 -1.3025989 -1.2299091 -1.1200026 -1.0337689 -0.99469525 -0.97860889 -0.96399551 -0.93493493 -0.88301749
-2.0390561 -2.0199122 -2.0014221 -1.9838488 -1.9674252 -1.9523384 -1.9387184 -1.926632 -1.916083 -1.9070164 -1.8993282 -1.8928761 -1.887492 -1.8829918 -1.8791844 -1.8758763 -1.8728735 -1.8699792 -1.866987 -1.8636696 -1.8597618 -1.8549367 -1.8487727 -1.8407107 -1.8300019 -1.8156537 -1.7963987 -1.7707398 -1.7371753 -1.6947269 -1.6437977 -1.5870318 -1.5293843 -1.4767442 -1.4336715 -1.4018862 -1.3804552 -1.3670518 -1.3591678 -1.354758 -1.3523934 -1.3511702 -1.3505562 -1.3502542 -1.3501048 -1.3500233 -1.3499616 -1.3498809 -1.349726 -1.349376 -1.3485236 -1.3463372 -1.3405159 -1.3248719 -1.285348 -1.2052266 -1.1020104 -1.0275007 -0.99228966 -0.97456384 -0.95496844 -0.91947567 -0.86733883
-2.0168386 -1.9992118 -1.9824248 -1.966681 -1.9521459 -1.9389368 -1.9271183 -1.9167003 -1.9076423 -1.8998588 -1.893229 -1.8876057 -1.8828236 -1.8787072 -1.8750745 -1.8717395 -1.8685096 -1.865181 -1.8615287 -1.857292 -1.852155 -1.8457191 -1.8374693 -1.8267344 -1.812649 -1.7941352 -1.7699458 -1.7388362 -1.699948 -1.6534292 -1.6011025 -1.546687 -1.4950497 -1.4506004 -1.4158154 -1.3908483 -1.3742108 -1.3637889 -1.3575857 -1.3540476 -1.3521011 -1.3510624 -1.3505209 -1.3502411 -1.350091 -1.3499954 -1.3499041 -1.3497656 -1.3494923 -1.3488895 -1.3474794 -1.3440413 -1.3354491 -1.3141996 -1.2662801 -1.1821551 -1.0871204 -1.0219542 -0.98906508 -0.96887209 -0.94405746 -0.90407971 -0.85452705
