Interpolating SPI Data/spi_stations/interpolated_spi/5-22_1.tif
NCOLS 257
NROWS 141
XLLCORNER -178.27925
YLLCORNER 5.3153543
DX 0.49934803
DY 0.49997533
NODATA_VALUE -9999
[rows 112 to 139 of 141, columns 63 to 125 of 257]
-0.8009254 -0.82970576 -0.85678244 -0.88189572 -0.90485908 -0.92556819 -0.94400348 -0.9602268 -0.97437315 -0.98663916 -0.9972703 -1.0065489 -1.0147842 -1.0223067 -1.0294667 -1.0366389 -1.0442335 -1.0527144 -1.0626271 -1.0746359 -1.0895731 -1.1084992 -1.1327709 -1.1641003 -1.2045747 -1.2565682 -1.3224388 -1.4038835 -1.5009095 -1.6106676 -1.7268476 -1.8405184 -1.9425736 -2.0265865 -2.0903319 -2.1353231 -2.1651754 -2.1839818 -2.1953232 -2.2019095 -2.2056051 -2.2076058 -2.2086355 -2.2091059 -2.2092255 -2.2090593 -2.2085373 -2.2073923 -2.2049627 -2.1996836 -2.1878155 -2.1603416 -2.0960046 -1.949901 -1.6558506 -1.2049969 -0.75334589 -0.47000558 -0.35735607 -0.35475915 -0.43153124 -0.57089983 -0.72450628
-0.83337068 -0.85945619 -0.88376685 -0.90613388 -0.92645859 -0.94471552 -0.96095085 -0.97527676 -0.98786294 -0.99892674 -1.0087237 -1.0175393 -1.0256846 -1.0334943 -1.0413309 -1.0495937 -1.0587341 -1.0692786 -1.0818597 -1.0972552 -1.1164356 -1.1406141 -1.1712883 -1.2102456 -1.259486 -1.3209857 -1.3962173 -1.4853928 -1.5865733 -1.6950842 -1.8038523 -1.9049661 -1.9918981 -2.0611824 -2.1127006 -2.1487479 -2.1726929 -2.1879125 -2.1972262 -2.2027362 -2.2058896 -2.2076232 -2.2085093 -2.2088704 -2.2088543 -2.2084643 -2.2075363 -2.2056269 -2.2017198 -2.1935247 -2.1758389 -2.1368927 -2.0513098 -1.8725819 -1.5496313 -1.1094842 -0.70681636 -0.46506715 -0.37519632 -0.38890678 -0.47841448 -0.61660349 -0.75276903
-0.86221109 -0.88579683 -0.90762511 -0.92760303 -0.94570124 -0.96195358 -0.97645342 -0.98934756 -1.0008288 -1.0111285 -1.0205102 -1.0292653 -1.0377125 -1.0462001 -1.055114 -1.0648902 -1.0760336 -1.0891432 -1.1049435 -1.1243212 -1.1483621 -1.1783789 -1.215909 -1.2626466 -1.3202578 -1.3900194 -1.4722565 -1.5656648 -1.6667913 -1.7700985 -1.8689129 -1.9570534 -2.030385 -2.087521 -2.129484 -2.1587545 -2.1782867 -2.1908324 -2.1986236 -2.2033113 -2.2060356 -2.2075395 -2.2082767 -2.2084927 -2.2082709 -2.2075363 -2.2059958 -2.2029655 -2.1969645 -2.1848029 -2.1595995 -2.1068024 -1.997957 -1.7887356 -1.4472657 -1.0275115 -0.67103481 -0.46570106 -0.39730022 -0.42612843 -0.52373007 -0.65557415 -0.77489189
-0.88799475 -0.90933521 -0.9289996 -0.9469562 -0.96322919 -0.97789645 -0.99108533 -1.0029672 -1.0137515 -1.0236813 -1.033029 -1.0420964 -1.0512165 -1.0607597 -1.0711443 -1.0828517 -1.0964466 -1.112602 -1.1321271 -1.1559943 -1.1853573 -1.2215439 -1.2659972 -1.3201301 -1.3850505 -1.4611396 -1.5475352 -1.6416923 -1.739308 -1.8348681 -1.9227863 -1.9987069 -2.0603676 -2.1076876 -2.142211 -2.1663099 -2.1824993 -2.1930146 -2.1996364 -2.2036767 -2.2060446 -2.2073331 -2.2078981 -2.207912 -2.2073855 -2.2061416 -2.2037156 -2.1991112 -2.1902687 -2.1729445 -2.1384619 -2.0697518 -1.9368547 -1.7012704 -1.3514108 -0.95815755 -0.64434442 -0.47136993 -0.42296991 -0.46464889 -0.56569442 -0.68814452 -0.79225859
-0.91126327 -0.93064344 -0.94847318 -0.96476914 -0.97959642 -0.99306585 -1.0053299 -1.0165786 -1.0270354 -1.0369546 -1.0466208 -1.0563506 -1.0664974 -1.0774602 -1.0896956 -1.1037338 -1.1201984 -1.1398272 -1.1634921 -1.1922096 -1.2271311 -1.2694926 -1.3204992 -1.3811138 -1.4517387 -1.5318202 -1.6194857 -1.7114082 -1.8030966 -1.8896635 -1.9668475 -2.0318706 -2.0837836 -2.1232462 -2.1519637 -2.1720763 -2.1856948 -2.1946383 -2.2003393 -2.2038511 -2.205904 -2.2069705 -2.2073199 -2.2070502 -2.2060847 -2.2041164 -2.20046 -2.1937307 -2.1811833 -2.1574096 -2.1119585 -2.0258176 -1.8694261 -1.6129926 -1.2636605 -0.90022242 -0.62543856 -0.48147066 -0.45121233 -0.50279146 -0.60333849 -0.71506707 -0.80597116
-0.93252714 -0.95024256 -0.96656251 -0.98154159 -0.99527649 -1.0079032 -1.019594 -1.0305542 -1.0410207 -1.0512607 -1.0615738 -1.0722956 -1.0838043 -1.0965311 -1.110972 -1.1277036 -1.1473985 -1.1708389 -1.198923 -1.2326532 -1.2730939 -1.3212784 -1.378046 -1.443799 -1.5181985 -1.5998702 -1.6862492 -1.7737146 -1.8580883 -1.9353997 -2.0026486 -2.0582699 -2.1021603 -2.1353478 -2.1595065 -2.1765097 -2.1881187 -2.1958198 -2.2007744 -2.2038345 -2.2055879 -2.2064048 -2.2064733 -2.2058097 -2.2042316 -2.2012685 -2.1959632 -2.1864681 -2.1692659 -2.1377392 -2.0798456 -1.9754744 -1.7974215 -1.5263275 -1.1847606 -0.85246583 -0.61323508 -0.49528718 -0.48089305 -0.53921905 -0.6363578 -0.73721641 -0.8168778
-0.95225268 -0.96859644 -0.9837183 -0.99770286 -1.0106716 -1.0227807 -1.0342188 -1.0452058 -1.0559919 -1.0668592 -1.0781247 -1.0901457 -1.1033272 -1.118132 -1.1350923 -1.1548206 -1.1780199 -1.2054857 -1.2380944 -1.276767 -1.3223946 -1.3757109 -1.4371058 -1.5063902 -1.5825588 -1.6636382 -1.7467294 -1.8283196 -1.9048336 -1.973266 -2.0316691 -2.0793362 -2.1166676 -2.1448319 -2.1653802 -2.1799257 -2.189936 -2.1966315 -2.2009594 -2.2036116 -2.2050574 -2.205576 -2.2052735 -2.2040737 -2.2016661 -2.1973815 -2.1899386 -2.1769632 -2.1541119 -2.113598 -2.0421362 -1.9195454 -1.7227115 -1.4431816 -1.1148576 -0.81371262 -0.60677645 -0.51200406 -0.51090309 -0.57303183 -0.66489261 -0.75543084 -0.82562227
-0.9708565 -0.98611141 -1.0003292 -1.0136185 -1.0261211 -1.0380099 -1.0494886 -1.0607908 -1.0721811 -1.0839577 -1.0964563 -1.1100563 -1.1251881 -1.1423419 -1.1620757 -1.185022 -1.2118871 -1.2434401 -1.2804821 -1.3237853 -1.3739936 -1.4314777 -1.4961523 -1.5672862 -1.6433631 -1.722073 -1.8004979 -1.8754971 -1.9442055 -2.0044878 -2.0552022 -2.0962119 -2.128188 -2.1523095 -2.1699684 -2.1825424 -2.1912555 -2.1971139 -2.2008932 -2.2031531 -2.204261 -2.20441 -2.2036195 -2.2017066 -2.1982085 -2.1922207 -2.1820913 -2.1648723 -2.1353852 -2.0848079 -1.9991046 -1.859114 -1.6471058 -1.3649233 -1.0537146 -0.78288139 -0.60516655 -0.5307613 -0.5402902 -0.60374694 -0.68932999 -0.77044555 -0.83269189
-0.98870464 -1.0031387 -1.0167267 -1.029597 -1.0419082 -1.0538486 -1.0656355 -1.0775161 -1.08977 -1.1027113 -1.1166941 -1.1321178 -1.1494333 -1.1691489 -1.191834 -1.2181176 -1.2486773 -1.2842127 -1.3253969 -1.3727969 -1.4267608 -1.4872749 -1.5538119 -1.6252084 -1.6996295 -1.7746721 -1.8476271 -1.9158565 -1.9771867 -2.0301965 -2.0743244 -2.1097883 -2.1373814 -2.1582241 -2.1735428 -2.1845091 -2.1921456 -2.1972837 -2.2005581 -2.2024167 -2.2031346 -2.2028191 -2.201395 -2.1985568 -2.1936637 -2.185542 -2.1721321 -2.1498893 -2.1128446 -2.0513666 -1.9512627 -1.7954166 -1.5722236 -1.2924383 -1.0008679 -0.75897743 -0.60754403 -0.55072473 -0.56833065 -0.63121356 -0.71016112 -0.7828761 -0.83845737
-1.0061142 -1.0199784 -1.0331902 -1.0458949 -1.0582659 -1.070505 -1.0828425 -1.0955392 -1.1088884 -1.1232194 -1.1389019 -1.1563502 -1.1760273 -1.1984464 -1.2241691 -1.2537941 -1.2879357 -1.3271831 -1.3720376 -1.4228236 -1.4795764 -1.5419205 -1.6089647 -1.6792547 -1.7508241 -1.8213667 -1.888515 -1.9501619 -2.0047391 -2.0513753 -2.0899052 -2.120752 -2.14474 -2.1628981 -2.1762951 -2.1859255 -2.1926441 -2.197138 -2.199923 -2.2013484 -2.2016019 -2.2007024 -2.1984703 -2.1944595 -2.1878272 -2.1771019 -2.1597926 -2.1317663 -2.0863637 -2.0134508 -1.8993156 -1.7297379 -1.4994207 -1.226218 -0.95572927 -0.74107642 -0.61308386 -0.57114902 -0.59454393 -0.65551069 -0.72789329 -0.79322547 -0.84320345
-1.0233559 -1.0368829 -1.0499516 -1.0627218 -1.0753802 -1.0881406 -1.1012457 -1.1149683 -1.129614 -1.1455242 -1.1630791 -1.1827003 -1.2048513 -1.2300341 -1.2587801 -1.2916305 -1.3291037 -1.3716445 -1.4195538 -1.4728999 -1.5314204 -1.5944345 -1.6607913 -1.7288889 -1.7967837 -1.8623906 -1.9237366 -1.9792096 -2.0277356 -2.0688464 -2.1026344 -2.1296276 -2.1506292 -2.1665645 -2.1783587 -2.1868545 -2.1927658 -2.1966583 -2.1989442 -2.1998827 -2.1995755 -2.197948 -2.1947046 -2.1892416 -2.1804927 -2.1666684 -2.1448406 -2.1103301 -2.0559423 -1.9714039 -1.8441038 -1.6633211 -1.4297655 -1.1664497 -0.91764671 -0.72831227 -0.62101537 -0.59141931 -0.61866731 -0.67685607 -0.74300271 -0.80190001 -0.84715161
-1.0406574 -1.0540608 -1.0671987 -1.0802432 -1.0933927 -1.1068721 -1.1209344 -1.1358625 -1.151971 -1.1696088 -1.1891596 -1.2110422 -1.2357067 -1.2636259 -1.2952788 -1.3311234 -1.371556 -1.4168546 -1.4671092 -1.5221422 -1.581435 -1.6440783 -1.7087713 -1.7738883 -1.8376185 -1.8981612 -1.9539356 -2.0037562 -2.0469332 -2.0832818 -2.1130526 -2.1368139 -2.1553195 -2.1693903 -2.1798232 -2.1873307 -2.1925071 -2.1958126 -2.197567 -2.1979441 -2.1969582 -2.1944344 -2.1899496 -2.182727 -2.1714602 -2.154032 -2.1270928 -2.0854945 -2.0217077 -1.9257117 -1.7865422 -1.5973034 -1.3640479 -1.1130961 -0.88593994 -0.71987382 -0.63064461 -0.61106786 -0.64061086 -0.69553714 -0.75591378 -0.80922675 -0.85047618
-1.0582058 -1.07168 -1.0850781 -1.0985831 -1.1124032 -1.1267725 -1.141952 -1.1582316 -1.1759305 -1.1953985 -1.2170142 -1.2411819 -1.2683235 -1.2988646 -1.3332116 -1.3717186 -1.4146424 -1.4620863 -1.5139362 -1.5697992 -1.6289578 -1.6903583 -1.7526482 -1.8142722 -1.8736178 -1.9291862 -1.9797529 -2.0244813 -2.0629687 -2.0952217 -2.1215802 -2.1426126 -2.1590098 -2.1714929 -2.1807454 -2.1873673 -2.191849 -2.1945576 -2.1957273 -2.1954482 -2.1936445 -2.1900338 -2.1840541 -2.1747429 -2.1605442 -2.1390164 -2.1064264 -2.0572669 -1.983908 -1.8769691 -1.7275637 -1.5326748 -1.3028075 -1.0659569 -0.8599222 -0.71500909 -0.64137248 -0.62976976 -0.66040848 -0.71186451 -0.76699354 -0.81546887 -0.85331424
-1.0761508 -1.0898702 -1.1036979 -1.117826 -1.1324705 -1.1478721 -1.164297 -1.1820376 -1.2014122 -1.2227636 -1.2464557 -1.2728661 -1.3023739 -1.3353413 -1.3720859 -1.4128447 -1.4577285 -1.5066707 -1.5593758 -1.6152788 -1.6735277 -1.733002 -1.7923768 -1.8502288 -1.9051724 -1.955998 -2.0017862 -2.0419746 -2.0763678 -2.1050963 -2.1285423 -2.1472508 -2.1618445 -2.1729522 -2.1811568 -2.1869599 -2.1907604 -2.1928403 -2.1933526 -2.1923036 -2.1895237 -2.1846151 -2.1768682 -2.1651262 -2.1475818 -2.1214874 -2.0827863 -2.0257492 -1.9428971 -1.8258443 -1.668071 -1.470259 -1.2463687 -1.0247168 -0.83891623 -0.71303341 -0.6527041 -0.64732503 -0.67817444 -0.72614339 -0.77655355 -0.82083728 -0.85576866
-1.0946064 -1.1087249 -1.1231294 -1.1380188 -1.1536145 -1.1701608 -1.1879252 -1.2071974 -1.2282881 -1.2515253 -1.2772476 -1.3057943 -1.3374889 -1.3726173 -1.4113982 -1.453946 -1.5002293 -1.5500285 -1.6028996 -1.6581549 -1.7148689 -1.7719201 -1.8280666 -1.882051 -1.9327164 -1.9791121 -2.0205697 -2.0567353 -2.0875584 -2.1132448 -2.1341885 -2.1508977 -2.1639264 -2.173819 -2.1810688 -2.1860904 -2.1891996 -2.1905994 -2.1903637 -2.1884139 -2.1844815 -2.1780478 -2.1682484 -2.1537293 -2.1324401 -2.1013599 -2.0561888 -1.9911329 -1.8991155 -1.7730424 -1.6089012 -1.410709 -1.1948771 -0.98898157 -0.82226793 -0.71333754 -0.6642488 -0.66363442 -0.69406898 -0.73865779 -0.7848544 -0.82549709 -0.85790095
-1.1136536 -1.1283041 -1.1434093 -1.1591727 -1.1758182 -1.19359 -1.2127522 -1.2335865 -1.2563887 -1.2814636 -1.3091152 -1.3396338 -1.3732775 -1.4102479 -1.4506604 -1.4945097 -1.5416351 -1.591689 -1.644117 -1.6981568 -1.7528634 -1.8071628 -1.8599305 -1.9100861 -1.9566869 -1.9990038 -2.0365676 -2.069179 -2.0968854 -2.1199335 -2.1387094 -2.1536775 -2.1653258 -2.1741213 -2.1804772 -2.1847292 -2.1871168 -2.1877676 -2.186677 -2.1836794 -2.178404 -2.1702058 -2.1580627 -2.1404267 -2.1150223 -2.0786029 -2.0267223 -1.9536901 -1.853067 -1.7192727 -1.5508001 -1.3545137 -1.1483325 -0.95830594 -0.8093586 -0.71539281 -0.67571262 -0.67867439 -0.7082732 -0.74966238 -0.79210925 -0.82956634 -0.85970784
-1.1333425 -1.148636 -1.1645421 -1.1812659 -1.1990304 -1.2180761 -1.2386584 -1.2610449 -1.2855101 -1.3123274 -1.341758 -1.3740353 -1.4093456 -1.4478029 -1.4894214 -1.5340863 -1.5815264 -1.6312958 -1.6827677 -1.7351492 -1.7875172 -1.838878 -1.888241 -1.934699 -1.9774993 -2.0160963 -2.050175 -2.0796476 -2.1046244 -2.1253692 -2.1422484 -2.1556795 -2.1660877 -2.1738694 -2.1793651 -2.1828378 -2.1844555 -2.1842725 -2.1822056 -2.1780003 -2.1711802 -2.1609714 -2.1461953 -2.1251196 -2.0952724 -2.0532413 -1.9945437 -1.9137611 -1.805296 -1.6652205 -1.4944078 -1.3020105 -1.1066194 -0.93221732 -0.79961526 -0.71875221 -0.68688586 -0.69247439 -0.72097157 -0.759378 -0.7984834 -0.83310299 -0.86107118
-1.153694 -1.1697195 -1.1865022 -1.2042459 -1.2231694 -1.2435047 -1.2654938 -1.2893845 -1.3154233 -1.3438457 -1.3748637 -1.408649 -1.4453133 -1.4848848 -1.5272843 -1.5723018 -1.6195793 -1.6686024 -1.7187075 -1.7691059 -1.818927 -1.8672757 -1.9132984 -1.9562476 -1.9955338 -2.0307585 -2.0617238 -2.0884197 -2.110994 -2.1297119 -2.1449122 -2.1569654 -2.1662374 -2.1730596 -2.1777055 -2.1803707 -2.1811545 -2.180039 -2.1768622 -2.1712789 -2.1627052 -2.150239 -2.1325504 -2.1077404 -2.0731781 -2.0253565 -1.9598724 -1.871739 -1.7563639 -1.6115249 -1.440251 -1.2534016 -1.069534 -0.91023499 -0.79251835 -0.72304725 -0.69762845 -0.70509771 -0.73233955 -0.76798727 -0.80408639 -0.83607376 -0.86166642
-1.1747029 -1.1915267 -1.2092372 -1.2280337 -1.2481267 -1.2697358 -1.2930849 -1.3183964 -1.3458835 -1.3757388 -1.4081211 -1.4431384 -1.4808292 -1.5211419 -1.5639154 -1.6088628 -1.6555628 -1.7034615 -1.7518877 -1.800084 -1.8472508 -1.8925993 -1.9354072 -1.9750682 -2.0111287 -2.0433062 -2.0714893 -2.0957203 -2.1161663 -2.1330831 -2.146778 -2.1575749 -2.1657841 -2.1716768 -2.175464 -2.1772771 -2.1771491 -2.1749908 -2.1705607 -2.1634221 -2.1528839 -2.1379189 -2.1170567 -2.0882557 -2.0487723 -1.9950833 -1.9229816 -1.8280546 -1.7068289 -1.5587621 -1.388743 -1.2087718 -1.0368076 -0.89188605 -0.78760619 -0.72798139 -0.70785489 -0.7166257 -0.74253365 -0.77562679 -0.80895201 -0.83829595 -0.86081212
-1.1963398 -1.2140058 -1.2326711 -1.2525269 -1.2737723 -1.29661 -1.3212414 -1.3478594 -1.3766398 -1.4077291 -1.4412315 -1.4771923 -1.5155814 -1.5562767 -1.5990492 -1.6435544 -1.6893308 -1.7358092 -1.7823346 -1.8281989 -1.8726832 -1.9151045 -1.9548605 -1.9914666 -2.0245795 -2.0540063 -2.0796979 -2.1017298 -2.1202755 -2.1355742 -2.1478997 -2.1575307 -2.1647251 -2.1696975 -2.1726 -2.1735028 -2.1723736 -2.1690526 -2.1632188 -2.1543444 -2.1416332 -2.1239399 -2.0996695 -2.0666681 -2.0221324 -1.9626057 -1.8841882 -1.7831596 -1.6572279 -1.5074342 -1.3401875 -1.1681068 -1.0081281 -0.87671803 -0.78447618 -0.73332124 -0.71751978 -0.7271443 -0.7516811 -0.78237228 -0.81300053 -0.83934142 -0.85724628
-1.2185542 -1.2370846 -1.2567081 -1.2776052 -1.2999597 -1.3239541 -1.3497637 -1.3775487 -1.4074447 -1.4395513 -1.4739187 -1.5105334 -1.5493041 -1.5900491 -1.6324871 -1.6762344 -1.7208097 -1.7656489 -1.8101295 -1.8536037 -1.8954364 -1.9350444 -1.9719316 -2.0057154 -2.0361406 -2.0630821 -2.0865342 -2.1065916 -2.1234248 -2.1372521 -2.1483128 -2.1568419 -2.1630477 -2.1670915 -2.1690692 -2.1689914 -2.1667623 -2.1621518 -2.15476 -2.1439699 -2.1288851 -2.1082525 -2.0803731 -2.0430169 -1.9933787 -1.9281508 -1.8438418 -1.7375117 -1.6080612 -1.4579622 -1.2947858 -1.1313123 -0.98315804 -0.86430803 -0.7827829 -0.73888625 -0.72660413 -0.73673124 -0.75986606 -0.78821236 -0.81597618 -0.83839359 -0.84883293
-1.2412778 -1.2606736 -1.2812368 -1.3031342 -1.3265313 -1.3515877 -1.3784496 -1.4072426 -1.4380616 -1.4709596 -1.5059359 -1.5429241 -1.5817805 -1.6222762 -1.6640926 -1.7068238 -1.7499857 -1.7930344 -1.835391 -1.8764728 -1.9157265 -1.9526598 -1.9868683 -2.018053 -2.0460282 -2.0707186 -2.0921476 -2.1104185 -2.1256923 -2.1381638 -2.1480376 -2.1555066 -2.1607319 -2.163824 -2.1648245 -2.1636865 -2.1602514 -2.1542201 -2.1451155 -2.1322347 -2.1145886 -2.0908305 -2.0591821 -2.0173778 -1.9626706 -1.8919815 -1.8023126 -1.6915603 -1.5597814 -1.4106842 -1.2526478 -1.0982311 -0.96155004 -0.85426853 -0.78223376 -0.74453752 -0.73510185 -0.74544186 -0.76710918 -0.79300629 -0.81735394 -0.83405593 -0.83224867
-1.2644274 -1.2846701 -1.3061344 -1.3289707 -1.3533242 -1.3793289 -1.4071009 -1.4367303 -1.4682715 -1.5017338 -1.5370703 -1.5741685 -1.6128426 -1.6528285 -1.6937844 -1.7352965 -1.7768914 -1.8180558 -1.8582606 -1.8969889 -1.9337638 -1.9681737 -1.9998914 -2.0286858 -2.0544246 -2.0770682 -2.0966579 -2.1132982 -2.1271361 -2.138341 -2.1470832 -2.153515 -2.1577524 -2.159857 -2.1598183 -2.1575329 -2.152781 -2.145196 -2.1342265 -2.1190892 -2.098712 -2.0716724 -2.0361413 -1.9898608 -1.9302024 -1.8543882 -1.7599803 -1.6457341 -1.5127844 -1.3658561 -1.213803 -1.0686601 -0.94295893 -0.84624995 -0.78258243 -0.7501659 -0.74300557 -0.75329121 -0.77333703 -0.7964216 -0.81621331 -0.82413205 -0.80278923
-1.2879084 -1.3089619 -1.3312708 -1.3549676 -1.3801749 -1.4070003 -1.435529 -1.4658161 -1.4978779 -1.5316833 -1.5671451 -1.6041129 -1.6423685 -1.6816245 -1.7215277 -1.7616682 -1.8015931 -1.8408265 -1.8788913 -1.9153338 -1.9497467 -1.981788 -2.011195 -2.0377903 -2.0614818 -2.082255 -2.1001605 -2.1152978 -2.1277976 -2.1378025 -2.1454493 -2.150851 -2.15408 -2.1551512 -2.1540032 -2.150478 -2.144296 -2.1350257 -2.1220455 -2.1044991 -2.081244 -2.050802 -2.011325 -1.9606077 -1.8961975 -1.8156799 -1.7172229 -1.6004304 -1.467405 -1.3236557 -1.1782136 -1.0423651 -0.92705081 -0.83994028 -0.78362052 -0.75567894 -0.75029015 -0.76022998 -0.77833844 -0.79784923 -0.81108706 -0.80543949 -0.75456557
-1.3116185 -1.3334307 -1.3565129 -1.3809775 -1.406924 -1.4344329 -1.4635591 -1.4943242 -1.5267095 -1.5606483 -1.5960196 -1.6326433 -1.6702782 -1.7086236 -1.7473255 -1.7859865 -1.8241811 -1.8614738 -1.8974392 -1.9316825 -1.9638581 -1.9936831 -2.0209474 -2.045516 -2.0673262 -2.0863796 -2.1027299 -2.1164678 -2.127705 -2.1365574 -2.1431287 -2.1474938 -2.1496835 -2.149667 -2.147334 -2.1424733 -2.1347481 -2.1236651 -2.1085382 -2.0884472 -2.0621943 -2.0282686 -1.984836 -1.9297884 -1.8609022 -1.7761759 -1.6744064 -1.5560075 -1.4239141 -1.2841897 -1.1457872 -1.019093 -0.91350888 -0.8350621 -0.78516757 -0.76098622 -0.75689246 -0.76611218 -0.78170597 -0.79629967 -0.79981369 -0.77378571 -0.68144947
-1.3354503 -1.3579563 -1.3817279 -1.4068573 -1.4334201 -1.4614703 -1.4910335 -1.5221008 -1.5546221 -1.5885006 -1.6235878 -1.6596819 -1.6965274 -1.7338192 -1.77121 -1.8083217 -1.8447599 -1.8801304 -1.9140573 -1.9461991 -1.9762635 -2.0040177 -2.0292937 -2.0519888 -2.0720616 -2.0895228 -2.1044242 -2.1168449 -2.1268763 -2.1346073 -2.1401091 -2.1434203 -2.1445308 -2.1433661 -2.1397684 -2.1334758 -2.1240967 -2.1110806 -2.0936842 -2.0709341 -2.0415943 -2.0041458 -1.9568028 -1.8975967 -1.8245789 -1.7361964 -1.6318764 -1.5127783 -1.3825195 -1.2475006 -1.116389 -0.998582 -0.90203626 -0.83136705 -0.78705906 -0.76598199 -0.76268592 -0.77065289 -0.78276332 -0.79029326 -0.77945541 -0.72430518 -0.57897602
-1.359295 -1.3824191 -1.4067874 -1.4324712 -1.4595229 -1.487971 -1.5178142 -1.5490158 -1.5814987 -1.6151414 -1.649775 -1.6851827 -1.7211023 -1.7572313 -1.7932353 -1.8287593 -1.8634418 -1.8969294 -1.9288914 -1.9590342 -1.9871111 -2.0129303 -2.0363574 -2.057314 -2.0757727 -2.0917484 -2.1052874 -2.1164547 -2.1253208 -2.1319477 -2.1363749 -2.1386054 -2.1385902 -2.1362123 -2.1312687 -2.1234488 -2.1123103 -2.0972509 -2.0774781 -2.0519786 -2.0194964 -1.9785305 -1.9273767 -1.8642452 -1.7874994 -1.6960552 -1.5899505 -1.4710068 -1.3433684 -1.2135762 -1.0898526 -0.98056917 -0.89235583 -0.82862798 -0.78913215 -0.77052427 -0.76744847 -0.77337627 -0.78048558 -0.77777568 -0.74638599 -0.65236065 -0.44679439
-1.3830448 -1.4067034 -1.4315693 -1.4576933 -1.4851056 -1.5138109 -1.5437832 -1.5749621 -1.6072481 -1.6405001 -1.6745346 -1.7091268 -1.7440137 -1.7789006 -1.8134704 -1.8473935 -1.8803415 -1.9119993 -1.9420778 -1.9703245 -1.9965317 -2.0205407 -2.0422432 -2.0615787 -2.0785283 -2.0931068 -2.1053523 -2.1153143 -2.1230418 -2.1285701 -2.1319081 -2.1330241 -2.1318316 -2.1281732 -2.1218025 -2.1123636 -2.0993676 -2.0821672 -2.0599303 -2.0316178 -1.9959736 -1.9515407 -1.8967285 -1.8299599 -1.7499377 -1.6560516 -1.5489127 -1.430907 -1.3065518 -1.1823585 -1.0659891 -0.96479463 -0.88420734 -0.82662866 -0.79120878 -0.77440969 -0.77082406 -0.77355722 -0.77342754 -0.75611247 -0.69668012 -0.55502893 -0.29037522
