Interpolating SPI Data/spi_stations/interpolated_spi/5-22_3.tif
NCOLS 257
NROWS 141
XLLCORNER -178.27925
YLLCORNER 5.3153543
DX 0.49934803
DY 0.49997533
NODATA_VALUE -9999
[rows 0 to 26 of 141, columns 124 to 185 of 257]
0.17 0.17 0.17 0.17 0.17 0.17 0.17 0.16999999 0.16999775 0.16898104 -0.23767296 -1.2050858 -1.2099933 -1.21 -1.21 -1.21 -1.21 -1.21 -1.21 -1.21 -1.2099996 -1.2099753 -1.2072439 -0.74737084 1.5964913 1.6399107 1.6399999 1.64 1.64 1.64 1.64 1.64 1.64 1.64 1.64 1.640023 1.7545989 1.7799994 1.78 1.78 1.78 1.78 1.78 1.78 1.78 1.78 1.78 1.78 1.78 1.78 1.78 1.78 1.7757311 -0.71943716 -0.72 -0.72 -0.72 -0.72 -0.72 -0.72 -0.72 -0.72
0.17 0.17 0.17 0.17 0.17 0.17 0.17 0.17 0.16999974 0.16979412 -0.014714304 -1.2029188 -1.209995 -1.21 -1.21 -1.21 -1.21 -1.21 -1.21 -1.21 -1.21 -1.2099991 -1.2098472 -1.1539363 1.4576035 1.6398437 1.6399999 1.64 1.64 1.64 1.64 1.64 1.64 1.64 1.64 1.6400004 1.6760213 1.7799987 1.78 1.78 1.78 1.78 1.78 1.78 1.78 1.78 1.78 1.78 1.78 1.78 1.78 1.78 1.7795928 -0.71863798 -0.72 -0.72 -0.72 -0.72 -0.72 -0.72 -0.72 -0.72
0.17 0.17 0.17 0.17 0.17 0.17 0.17 0.17 0.16999998 0.16996804 0.1080928 -1.1985283 -1.2099961 -1.21 -1.21 -1.21 -1.21 -1.21 -1.21 -1.21 -1.21 -1.21 -1.209996 -1.2069938 0.66371825 1.6396059 1.6399999 1.64 1.64 1.64 1.64 1.64 1.64 1.64 1.64 1.64 1.6415099 1.7799944 1.78 1.78 1.78 1.78 1.78 1.78 1.78 1.78 1.78 1.78 1.78 1.78 1.78 1.78 1.7799715 -0.71545477 -0.72 -0.72 -0.72 -0.72 -0.72 -0.72 -0.72 -0.72
0.17 0.17 0.17 0.17 0.17 0.17 0.17 0.17 0.17 0.16999634 0.15446485 -1.1885927 -1.2099967 -1.21 -1.21 -1.21 -1.21 -1.21 -1.21 -1.21 -1.21 -1.21 -1.21 -1.209935 -0.90491864 1.6383213 1.6399999 1.64 1.64 1.64 1.64 1.64 1.64 1.64 1.64 1.64 1.6400154 1.7799475 1.78 1.78 1.78 1.78 1.78 1.78 1.78 1.78 1.78 1.78 1.78 1.78 1.78 1.78 1.7799984 -0.69882195 -0.72 -0.72 -0.72 -0.72 -0.72 -0.72 -0.72 -0.72
0.17 0.17 0.17 0.17 0.17 0.17 0.17 0.17 0.17 0.1699997 0.16707631 -1.1629032 -1.209997 -1.21 -1.21 -1.21 -1.21 -1.21 -1.21 -1.21 -1.21 -1.21 -1.21 -1.2099996 -1.2022338 1.6248994 1.6399999 1.64 1.64 1.64 1.64 1.64 1.64 1.64 1.64 1.64 1.64 1.7785532 1.78 1.78 1.78 1.78 1.78 1.78 1.78 1.78 1.78 1.78 1.78 1.78 1.78 1.78 1.7799995 -0.58873499 -0.71999999 -0.72 -0.72 -0.72 -0.72 -0.72 -0.72 -0.72
0.17 0.17 0.17 0.17 0.17 0.17 0.17 0.17 0.17 0.16999998 0.16959527 -1.0870188 -1.209997 -1.21 -1.21 -1.21 -1.21 -1.21 -1.21 -1.21 -1.21 -1.21 -1.21 -1.21 -1.2099546 1.2898059 1.6399998 1.64 1.64 1.64 1.64 1.64 1.64 1.64 1.64 1.64 1.64 1.7070952 1.78 1.78 1.78 1.78 1.78 1.78 1.78 1.78 1.78 1.78 1.78 1.78 1.78 1.78 1.7795763 0.57224932 -0.7199285 -0.72 -0.72 -0.72 -0.72 -0.72 -0.72 -0.72
0.17 0.17 0.17 0.17 0.17 0.17 0.17 0.17 0.17 0.17 0.16995998 -0.85462913 -1.2099964 -1.21 -1.21 -1.21 -1.21 -1.21 -1.21 -1.21 -1.21 -1.21 -1.21 -1.21 -1.21 -1.0460853 1.6399985 1.64 1.64 1.64 1.64 1.64 1.64 1.64 1.64 1.64 1.64 1.6402994 1.78 1.78 1.78 1.78 1.78 1.78 1.78 1.78 1.78 1.78 1.78 1.78 1.78 1.7799978 0.87666289 0.64000196 0.476638 -0.71999752 -0.72 -0.72 -0.72 -0.72 -0.72 -0.72
0.17 0.17 0.17 0.17 0.17 0.17 0.17 0.17 0.17 0.17 0.16999725 -0.35481543 -1.2099946 -1.21 -1.21 -1.21 -1.21 -1.21 -1.21 -1.21 -1.21 -1.21 -1.21 -1.21 -1.21 -1.2098034 1.639946 1.64 1.64 1.64 1.64 1.64 1.64 1.64 1.64 1.64 1.64 1.6400002 1.78 1.78 1.78 1.78 1.78 1.78 1.78 1.78 1.78 1.78 1.78 1.78 1.78 1.6177805 0.64000156 0.64 0.63999992 0.33409728 -0.71999995 -0.72 -0.72 -0.72 -0.72 -0.72
0.17 0.17 0.17 0.17 0.17 0.17 0.17 0.17 0.17 0.17 0.16999987 0.049223895 -1.2099898 -1.21 -1.21 -1.21 -1.21 -1.21 -1.21 -1.21 -1.21 -1.21 -1.21 -1.21 -1.21 -1.21 1.6235184 1.64 1.64 1.64 1.64 1.64 1.64 1.64 1.64 1.64 1.64 1.64 1.7780426 1.78 1.78 1.78 1.78 1.78 1.78 1.78 1.78 1.78 1.78 1.78 1.7785794 0.64000208 0.64 0.64 0.64 0.63999999 -0.020639597 -0.72 -0.72 -0.72 -0.72 -0.72
0.17 0.17 0.17 0.17 0.17 0.17 0.17 0.17 0.17 0.17 0.17 0.15514614 -1.2099734 -1.21 -1.21 -1.21 -1.21 -1.21 -1.21 -1.21 -1.21 -1.21 -1.21 -1.21 -1.21 -1.21 -1.1031997 1.64 1.64 1.64 1.64 1.64 1.64 1.64 1.64 1.64 1.64 1.6399829 -0.62997945 -0.48152507 1.7799853 1.78 1.78 1.78 1.78 1.78 1.78 1.78 1.78 1.7799981 0.64001383 0.64 0.64 0.64 0.64 0.64 0.64 -0.46443846 -0.72 -0.72 -0.72 -0.72
0.17 0.17 0.17 0.17 0.17 0.17 0.17 0.17 0.17 0.17 0.17 0.16874665 -1.2099021 -1.21 -1.21 -1.21 -1.21 -1.21 -1.21 -1.21 -1.21 -1.21 -1.21 -1.21 -1.21 -1.21 -1.2099982 1.64 1.64 1.64 1.64 1.64 1.64 1.64 1.64 1.64 1.64 0.22253078 -0.63 -0.63 -0.63 -0.62142054 1.7799999 1.78 1.78 1.78 1.78 1.78 1.78 0.64079477 0.64 0.64 0.64 0.64 0.64 0.64 0.64 0.63999999 -0.65559122 -0.72 -0.72 -0.72
0.17 0.17 0.17 0.17 0.17 0.17 0.17 0.17 0.17 0.17 0.17 0.16991876 -1.2094832 -1.21 -1.21 -1.21 -1.21 -1.21 -1.21 -1.21 -1.21 -1.21 -1.21 -1.21 -1.21 -1.21 -1.21 1.6398373 1.64 1.64 1.64 1.64 1.64 1.64 1.64 1.64 1.64 -0.62999985 -0.63 -0.63 -0.63 -0.63 -0.63 -0.62793069 1.7799919 1.78 1.78 1.78 0.81930446 0.64 0.64 0.64 0.64 0.64 0.64 0.64 0.64 0.64 0.63999994 -0.69920122 -0.72 -0.72
0.17 0.17 0.17 0.17 0.17 0.17 0.17 0.17 0.17 0.17 0.17 0.16999551 -1.2061666 -1.21 -1.21 -1.21 -1.21 -1.21 -1.21 -1.21 -1.21 -1.21 -1.21 -1.21 -1.21 -1.21 -1.21 -0.79740186 1.64 1.64 1.64 1.64 1.64 1.64 1.64 1.64 1.5381147 -0.63 -0.63 -0.63 -0.63 -0.63 -0.63 -0.63 -0.63 -0.61501761 1.7768605 1.7506759 0.64 0.64 0.64 0.64 0.64 0.64 0.64 0.64 0.64 0.64 0.64 0.63999826 -0.70865151 -0.72
0.17 0.17 0.17 0.17 0.17 0.17 0.17 0.17 0.17 0.17 0.17 0.16999976 -1.1732274 -1.21 -1.21 -1.21 -1.21 -1.21 -1.21 -1.21 -1.21 -1.21 -1.21 -1.21 -1.21 -1.21 -1.21 -1.2099862 1.64 1.64 1.64 1.64 1.64 1.64 1.64 1.64 -0.62999509 -0.63 -0.63 -0.63 -0.63 -0.63 -0.63 -0.63 -0.63 -0.63 -0.62999658 0.63998422 0.64 0.64 0.64 0.64 0.64 0.64 0.64 0.64 0.64 0.64 0.64 0.64 0.63995176 -0.71013112
0.17 0.17 0.17 0.17 0.17 0.17 0.17 0.17 0.17 0.17 0.17 0.16999998 -0.87539194 -1.21 -1.21 -1.21 -1.21 -1.21 -1.21 -1.21 -1.21 -1.21 -1.21 -1.21 -1.21 -1.21 -1.21 -1.21 1.6397101 1.64 1.64 1.64 1.64 1.64 1.64 1.6295458 -0.63 -0.63 -0.63 -0.63 -0.63 -0.63 -0.63 -0.63 -0.63 -0.63 -0.63 0.6399928 0.64 0.64 0.64 0.64 0.64 0.64 0.64 0.64 0.64 0.64 0.64 0.64 0.63999956 0.63950547
0.17 0.17 0.17 0.17 0.17 0.17 0.17 0.17 0.17 0.17 0.17 0.17 -0.11203697 -1.21 -1.21 -1.21 -1.21 -1.21 -1.21 -1.21 -1.21 -1.21 -1.21 -1.21 -1.21 -1.21 -1.21 -1.2099437 -0.77574473 1.6292333 1.6399999 1.64 1.64 1.64 1.6399999 -0.62750386 -0.63 -0.63 -0.63 -0.63 -0.63 -0.63 -0.63 -0.63 -0.63 -0.63 -0.63 0.63999394 0.64 0.64 0.64 0.64 0.64 0.64 0.64 0.64 0.64 0.64 0.63999984 0.63996365 0.63871693 0.62619288
0.17 0.17 0.17 0.17 0.17 0.17 0.17 0.17 0.17 0.17 0.17 0.17 0.13849808 -1.2099996 -1.21 -1.21 -1.21 -1.21 -1.21 -1.21 -1.21 -1.21 -1.21 -1.21 -1.21 -1.21 -1.1021715 -0.78000001 -0.78 -0.78 -0.7799961 -0.24656585 1.6397454 1.6399999 1.629727 -0.62999938 -0.63 -0.63 -0.63 -0.63 -0.63 -0.63 -0.63 -0.63 -0.63 -0.63 -0.62999997 0.63999049 0.64 0.64 0.64 0.64 0.64 0.64 0.64 0.64 0.63993711 0.61525107 0.16214192 -0.52431115 -0.77385877 -0.85189468
0.17 0.17 0.17 0.17 0.17 0.17 0.17 0.17 0.17 0.17 0.17 0.17 0.16634722 -1.209991 -1.2099999 -1.21 -1.21 -1.21 -1.21 -1.21 -1.21 -1.21 -1.21 -1.21 -1.2099987 -0.7800215 -0.78 -0.78 -0.78 -0.78 -0.78 -0.78 -0.77999983 -0.7727992 -0.49506548 -0.63 -0.63 -0.63 -0.63 -0.63 -0.63 -0.63 -0.63 -0.63 -0.63 -0.63 -0.62999965 0.63606333 0.63573551 0.63174936 0.58400543 -0.61366858 -0.96992897 -0.97 -0.97 -0.97 -0.97 -0.96999999 -0.96999978 -0.96999751 -0.96998391 -0.96993097
0.17 0.17 0.17 0.17 0.17 0.17 0.17 0.17 0.17 0.17 0.17 0.17000002 0.16943089 -1.1947936 -1.2026995 -1.2070407 -1.2090311 -1.2097504 -1.2099491 -1.2099911 -1.2099983 -1.2099995 -1.2099997 -1.1340493 -0.78 -0.78 -0.78 -0.78 -0.78 -0.78 -0.78 -0.78 -0.78 -0.78 -0.77990264 -0.63000002 -0.63 -0.63 -0.63 -0.63 -0.63 -0.63 -0.63 -0.63 -0.63 -0.63 -0.63002547 -0.96534818 -0.96990867 -0.96999984 -0.97 -0.97 -0.97 -0.97 -0.97 -0.97 -0.97 -0.97 -0.97 -0.97 -0.97 -0.96999995
0.17 0.17 0.17 0.17 0.17 0.17 0.17 0.17 0.17 0.17000005 0.17001547 0.17116818 0.19424978 -0.31286921 -0.31102459 -0.31028514 -0.31005887 -0.31000867 -0.31000092 -0.31000008 -0.31000001 -0.31 -0.31000016 -0.77574704 -0.78 -0.78 -0.78 -0.78 -0.78 -0.78 -0.78 -0.78 -0.78 -0.78 -0.78 -0.63606363 -0.63 -0.63 -0.63 -0.63 -0.63 -0.63 -0.63 -0.63 -0.63 -0.63 -0.89100767 -0.96999987 -0.97 -0.97 -0.97 -0.97 -0.97 -0.97 -0.97 -0.97 -0.97 -0.97 -0.97 -0.97 -0.97 -0.97
0.17002384 0.17 0.17 0.17 0.17 0.17 0.17 0.17000696 0.17364322 0.44253306 0.90696081 0.94613249 0.93339876 -0.3099849 -0.31000001 -0.31 -0.31 -0.31 -0.31 -0.31 -0.31 -0.31 -0.31 -0.31001953 -0.78 -0.78 -0.78 -0.78 -0.78 -0.78 -0.78 -0.78 -0.78 -0.78 -0.78 -0.77995291 -0.63000104 -0.63 -0.63 -0.63 -0.63 -0.63 -0.63 -0.63 -0.63 -0.63001219 -0.96998552 -0.97 -0.97 -0.97 -0.97 -0.97 -0.97 -0.97 -0.97 -0.97 -0.97 -0.97 -0.97 -0.97 -0.97 -0.97
0.33 0.32999115 0.17200655 0.17000031 0.17056286 0.60433976 0.94890112 0.94999072 0.94999963 0.94999995 0.94999998 0.94999998 0.94963437 -0.30985615 -0.31 -0.31 -0.31 -0.31 -0.31 -0.31 -0.31 -0.31 -0.31 -0.31 -0.77437858 -0.78 -0.78 -0.78 -0.78 -0.78 -0.78 -0.78 -0.78 -0.78 -0.78 -0.77999992 -0.66467253 -0.63 -0.63 -0.63 -0.63 -0.63 -0.63 -0.63 -0.63 -0.69283639 -0.96999999 -0.97 -0.97 -0.97 -0.97 -0.97 -0.97 -0.97 -0.97 -0.97 -0.97 -0.97 -0.97 -0.97 -0.97 -0.97
0.33 0.33 0.33000029 0.94961371 0.95 0.95 0.95 0.95 0.95 0.95 0.95 0.94999994 0.94997702 -0.30735998 -0.31 -0.31 -0.31 -0.31 -0.31 -0.31 -0.31 -0.31 -0.31 -0.31 -0.31 -0.78 -0.78 -0.78 -0.78 -0.78 -0.78 -0.78 -0.78 -0.78 -0.77999785 -0.7764827 -0.26799781 -0.62271396 -0.6299999 -0.63 -0.63 -0.63 -0.63 -0.63 -0.63002375 -0.96846491 -0.97 -0.97 -0.97 -0.97 -0.97 -0.97 -0.97 -0.97 -0.97 -0.97 -0.97 -0.97 -0.97 -0.97 -0.97 -0.97
0.33 0.33 0.33009425 0.95 0.95 0.95 0.95 0.95 0.95 0.95 0.95 0.94999891 0.94938429 -0.13599482 -0.30999543 -0.31 -0.31 -0.31 -0.31 -0.31 -0.31 -0.31 -0.31 -0.31 -0.31 -0.46656415 -0.78 -0.78 -0.78 -0.78 -0.78 -0.78 -0.77999996 -0.77581477 1.4015267 2.0247225 2.0297775 2.0299408 0.67497776 -0.62991862 -0.62999999 -0.63 -0.63 -0.63000013 -0.64877024 -0.96999154 -0.97 -0.97 -0.97 -0.97 -0.97 -0.97 -0.97 -0.97 -0.97 -0.97 -0.97 -0.97 -0.97 -0.97 -0.97 -0.97
0.33 0.33 0.84675017 0.95 0.95 0.95 0.95 0.95 0.95 0.95 0.94999999 0.94988571 0.90139177 0.55685612 -0.1395651 -0.30999873 -0.31 -0.31 -0.31 -0.31 -0.31 -0.31 -0.31 -0.31 -0.31 -0.31 -0.77999998 -0.78 -0.78 -0.78 -0.77999999 -0.67285333 2.0292456 2.0299994 2.03 2.03 2.03 2.03 2.0299891 2.0055433 -0.60117436 -0.62993863 -0.62999875 -0.63007611 -0.94129587 -0.96999981 -0.97 -0.97 -0.97 -0.97 -0.97 -0.97 -0.97 -0.97 -0.97 -0.97 -0.97 -0.97 -0.97 -0.97 -0.97 -0.97
0.33 0.33 0.94999998 0.95 0.95 0.95 0.95 0.95 0.95 0.95 0.94999263 0.89172988 0.85004168 0.50857894 0.49999686 0.28457958 -0.3099995 -0.31 -0.31 -0.31 -0.31 -0.31 -0.31 -0.31 -0.31 -0.31 -0.32080645 -0.78 -0.77995125 2.0175217 2.03 2.03 2.03 2.03 2.03 2.03 2.03 2.0299998 2.0293195 1.7313318 0.66124849 0.62001407 0.50929396 -0.46472189 -0.96940492 -0.96999999 -0.97 -0.97 -0.97 -0.97 -0.97 -0.97 -0.97 -0.97 -0.97 -0.97 -0.97 -0.97 -0.97 -0.97 -0.97 -0.97
0.33 0.51188684 0.95 0.95 0.95 0.95 0.95 0.95 0.95 0.94999994 0.87406647 0.85000225 0.84995854 0.50040127 0.5 0.5 0.49377584 -0.30999941 -0.31 -0.31 -0.31 -0.31 -0.31 -0.31 -0.31 -0.31 -0.30999995 2.0299781 2.03 2.03 2.03 2.03 2.03 2.03 2.03 2.03 2.03 2.0299552 1.8068613 0.63245975 0.62013009 0.62000541 0.62000061 0.61998808 -0.59336335 -0.9699993 -0.97 -0.97 -0.97 -0.97 -0.97 -0.97 -0.97 -0.97 -0.97 -0.97 -0.97 -0.97 -0.97 -0.97 -0.97 -0.97
