Interpolating SPI Data/spi_stations/interpolated_spi/5-23_2.tif
NCOLS 257
NROWS 141
XLLCORNER -178.27925
YLLCORNER 5.3153543
DX 0.49934803
DY 0.49997533
NODATA_VALUE -9999
[rows 112 to 139 of 141, columns 62 to 123 of 257]
-0.52518631 -0.53099871 -0.53649703 -0.54161625 -0.54630272 -0.55051684 -0.55423448 -0.55744714 -0.56016082 -0.5623938 -0.56417364 -0.56553377 -0.56650994 -0.5671368 -0.56744473 -0.56745683 -0.56718622 -0.56663317 -0.56578189 -0.5645968 -0.56301753 -0.56095273 -0.55827226 -0.55479848 -0.55029843 -0.54448184 -0.53701421 -0.52756064 -0.51587835 -0.50196448 -0.48622392 -0.46955718 -0.45324177 -0.43858284 -0.42650416 -0.41732868 -0.41084323 -0.4065322 -0.40380992 -0.40216298 -0.40120194 -0.40065809 -0.40035809 -0.40019551 -0.40010726 -0.40005624 -0.40001926 -0.39997781 -0.3999086 -0.39976845 -0.39946177 -0.39876263 -0.39712576 -0.3932605 -0.38441919 -0.36645988 -0.33840649 -0.30874115 -0.2859346 -0.26640324 -0.23874713 -0.18945647
-0.53178338 -0.53702272 -0.54191075 -0.54639914 -0.55045127 -0.55404354 -0.55716564 -0.55981972 -0.56201872 -0.56378401 -0.56514252 -0.56612371 -0.56675661 -0.56706682 -0.56707384 -0.56678835 -0.56620948 -0.56532192 -0.56409237 -0.56246536 -0.56035808 -0.55765425 -0.55419764 -0.54978683 -0.54417501 -0.53708164 -0.52822668 -0.51739989 -0.50456988 -0.49001263 -0.47439666 -0.45873593 -0.44416696 -0.43162984 -0.42162627 -0.41417716 -0.40895568 -0.40547932 -0.40326302 -0.4019008 -0.40108912 -0.40061795 -0.40034991 -0.40019872 -0.40011142 -0.40005489 -0.40000576 -0.39994136 -0.39982841 -0.39960257 -0.3991245 -0.39807947 -0.39575342 -0.39059609 -0.37972286 -0.35978435 -0.33172019 -0.30354856 -0.28038398 -0.25707028 -0.22253164 -0.16621995
-0.53750713 -0.54218105 -0.54648473 -0.55038419 -0.55385642 -0.55688968 -0.55948302 -0.56164493 -0.56339145 -0.56474385 -0.56572607 -0.56636201 -0.56667295 -0.56667501 -0.56637657 -0.56577578 -0.5648578 -0.56359164 -0.56192659 -0.55978791 -0.55707205 -0.55364183 -0.54932309 -0.54390551 -0.53715285 -0.52882995 -0.51875515 -0.50688158 -0.49339548 -0.47879185 -0.46386651 -0.44958056 -0.43682628 -0.4262028 -0.41791384 -0.41181538 -0.40755207 -0.40469892 -0.4028589 -0.40170902 -0.40100931 -0.40059262 -0.40034786 -0.40020346 -0.40011356 -0.40004713 -0.39997891 -0.39987971 -0.39970228 -0.39935443 -0.39864227 -0.39714825 -0.39398424 -0.38739202 -0.37454861 -0.35308857 -0.32526825 -0.29789186 -0.27333525 -0.24552603 -0.20446377 -0.14353875
-0.54243053 -0.5465614 -0.55031655 -0.5536736 -0.55661977 -0.55915154 -0.5612737 -0.56299777 -0.56434014 -0.56531981 -0.56595616 -0.56626651 -0.56626387 -0.56595453 -0.56533575 -0.56439317 -0.56309809 -0.56140432 -0.55924467 -0.55652718 -0.55313158 -0.54890722 -0.54367454 -0.53723389 -0.52938702 -0.5199771 -0.50894999 -0.49642945 -0.4827815 -0.46862627 -0.45476012 -0.44199163 -0.43095322 -0.42197561 -0.41507406 -0.41002798 -0.40649574 -0.40411384 -0.40255804 -0.40156902 -0.4009543 -0.40057852 -0.40035001 -0.4002079 -0.40011106 -0.40002881 -0.39993204 -0.39978229 -0.39951386 -0.39899962 -0.39798118 -0.39592898 -0.39179034 -0.38367627 -0.36900592 -0.34640602 -0.31880602 -0.29145718 -0.26465036 -0.23203847 -0.18544298 -0.12237687
-0.54663071 -0.55024915 -0.55349555 -0.55635638 -0.55882608 -0.56090633 -0.56260483 -0.56393373 -0.56490775 -0.56554221 -0.5658509 -0.56584398 -0.56552584 -0.56489294 -0.56393144 -0.56261483 -0.56090119 -0.55873028 -0.55602062 -0.55266692 -0.54853881 -0.54348271 -0.53732937 -0.52991105 -0.5210924 -0.510817 -0.49916523 -0.48640752 -0.47302497 -0.4596682 -0.44704674 -0.43578097 -0.42627717 -0.41867667 -0.41288679 -0.40866206 -0.4056926 -0.40367161 -0.40233354 -0.40146797 -0.4009182 -0.40057269 -0.40035425 -0.40020964 -0.40010042 -0.39999449 -0.39985678 -0.39963641 -0.39924449 -0.398512 -0.39710803 -0.39438839 -0.38915994 -0.37949254 -0.36317582 -0.33968785 -0.31207858 -0.2840158 -0.25434805 -0.21707269 -0.1663539 -0.10328957
-0.55018264 -0.55332268 -0.55610001 -0.55850744 -0.56054408 -0.5622144 -0.56352692 -0.56449263 -0.56512326 -0.56542944 -0.56541878 -0.56509396 -0.56445072 -0.56347577 -0.56214464 -0.56041939 -0.55824617 -0.55555291 -0.55224749 -0.54821711 -0.54333015 -0.53744274 -0.53041249 -0.52212257 -0.51251734 -0.50164709 -0.4897115 -0.47708294 -0.46428781 -0.45193471 -0.44060343 -0.43073369 -0.42255687 -0.41609122 -0.41118948 -0.40760905 -0.4050771 -0.40333592 -0.40216669 -0.40139668 -0.40089646 -0.40057245 -0.40035816 -0.40020558 -0.40007711 -0.39993739 -0.39974308 -0.39942754 -0.39887382 -0.3978649 -0.3959922 -0.39250153 -0.3860947 -0.37488693 -0.35709721 -0.33282823 -0.3048578 -0.27544482 -0.24260255 -0.20120637 -0.14792987 -0.086487541
-0.55315535 -0.5558511 -0.55819637 -0.56018815 -0.5618282 -0.56312193 -0.5640771 -0.56470229 -0.56500534 -0.56499159 -0.56466218 -0.56401223 -0.56302899 -0.56168993 -0.55996074 -0.55779336 -0.55512417 -0.55187263 -0.54794108 -0.54321657 -0.53757648 -0.53089962 -0.52308506 -0.51407974 -0.50391319 -0.4927327 -0.48082621 -0.46861692 -0.4566184 -0.44535449 -0.43526696 -0.42664375 -0.4195914 -0.41405418 -0.40986294 -0.40679142 -0.40460301 -0.40308115 -0.40204409 -0.40134832 -0.40088529 -0.40057504 -0.40035884 -0.40019183 -0.40003553 -0.39984941 -0.39957939 -0.3991396 -0.39838052 -0.39703227 -0.39460691 -0.39025163 -0.38260461 -0.36989577 -0.35076555 -0.32569475 -0.2969704 -0.26573636 -0.22971487 -0.18503357 -0.13068912 -0.071943433
-0.55561009 -0.55789359 -0.55983968 -0.56144784 -0.56272083 -0.56366364 -0.56428212 -0.56458162 -0.56456551 -0.56423355 -0.56358035 -0.56259367 -0.56125276 -0.55952664 -0.5573725 -0.5547342 -0.55154139 -0.54770944 -0.54314133 -0.53773231 -0.53137894 -0.523994 -0.51552796 -0.50599613 -0.49550702 -0.48428328 -0.47266376 -0.46107685 -0.44998451 -0.43980931 -0.43086756 -0.42333005 -0.41721977 -0.41244037 -0.40881973 -0.40615328 -0.40423719 -0.40288881 -0.40195581 -0.40131745 -0.40088125 -0.40057747 -0.40035278 -0.40016363 -0.39996898 -0.39972116 -0.3993528 -0.39875544 -0.39774301 -0.39598953 -0.3929297 -0.38762856 -0.37870171 -0.36453783 -0.3441417 -0.31815759 -0.28831611 -0.25499172 -0.21606436 -0.16908478 -0.11493461 -0.059491982
-0.55759977 -0.55949972 -0.5610748 -0.56232555 -0.56325457 -0.56386535 -0.5641611 -0.56414342 -0.5638109 -0.56315769 -0.56217205 -0.56083487 -0.5591182 -0.55698391 -0.55438254 -0.55125259 -0.54752075 -0.54310353 -0.53791128 -0.53185552 -0.52486082 -0.51688163 -0.50792365 -0.49806664 -0.48748287 -0.47644305 -0.46530166 -0.45445892 -0.44430537 -0.435164 -0.42724732 -0.42064112 -0.41531562 -0.41115538 -0.40799543 -0.40565389 -0.40395546 -0.40274522 -0.40189422 -0.40129951 -0.40088095 -0.40057635 -0.40033578 -0.40011535 -0.39986973 -0.39954215 -0.39904937 -0.39825725 -0.39693998 -0.39471415 -0.39094215 -0.38462611 -0.37439447 -0.35881226 -0.33716708 -0.31011338 -0.27887487 -0.2434011 -0.20205397 -0.15377877 -0.10079134 -0.048904377
-0.55916921 -0.56071043 -0.56193785 -0.56285201 -0.56345439 -0.56374634 -0.56372794 -0.56339675 -0.56274654 -0.56176606 -0.56043769 -0.55873621 -0.55662767 -0.55406847 -0.5510049 -0.5473734 -0.54310204 -0.53811393 -0.53233327 -0.52569475 -0.51815695 -0.50971921 -0.50043993 -0.49045258 -0.47997324 -0.46929358 -0.45875591 -0.4487123 -0.43947699 -0.431285 -0.42426827 -0.41845385 -0.41378088 -0.41012797 -0.40734215 -0.40526309 -0.40373981 -0.40263994 -0.40185312 -0.40129034 -0.40088086 -0.40056782 -0.40030297 -0.40004048 -0.39972908 -0.39930089 -0.39865439 -0.39762699 -0.39595089 -0.39318563 -0.38862879 -0.38123911 -0.36968432 -0.35270213 -0.32978069 -0.30150153 -0.26870327 -0.23121333 -0.18806216 -0.13940692 -0.088256539 -0.039935642
-0.56035594 -0.56155928 -0.56245784 -0.56305138 -0.56333965 -0.56332141 -0.56299334 -0.56234893 -0.56137736 -0.56006237 -0.55838118 -0.55630357 -0.55379112 -0.55079688 -0.54726569 -0.54313554 -0.53834039 -0.53281513 -0.52650323 -0.51936732 -0.51140261 -0.5026517 -0.49321814 -0.4832744 -0.47305965 -0.46286395 -0.45299888 -0.44375994 -0.43538951 -0.42805015 -0.42181416 -0.41666983 -0.41253971 -0.40930415 -0.40682395 -0.40495826 -0.40357652 -0.40256469 -0.40182723 -0.40128596 -0.40087717 -0.40054748 -0.40024874 -0.39993169 -0.39953746 -0.39898513 -0.39815261 -0.39684661 -0.394756 -0.39138523 -0.38597582 -0.37746103 -0.36456495 -0.34618177 -0.32193464 -0.29231211 -0.25792154 -0.21870219 -0.17440967 -0.12614163 -0.077246493 -0.032351086
-0.56119123 -0.56207375 -0.56265823 -0.56294307 -0.56292589 -0.56260264 -0.56196658 -0.5610073 -0.55970977 -0.5580534 -0.55601125 -0.55354945 -0.55062695 -0.54719585 -0.54320261 -0.53859041 -0.53330328 -0.52729223 -0.52052374 -0.51299053 -0.50472347 -0.49580301 -0.48636695 -0.47661102 -0.46677936 -0.457144 -0.44797595 -0.43951385 -0.43193752 -0.42535271 -0.41978924 -0.41521103 -0.41153345 -0.40864274 -0.40641351 -0.40472206 -0.40345483 -0.40251267 -0.40181179 -0.40128236 -0.40086572 -0.40051036 -0.40016679 -0.39978089 -0.39928456 -0.39858196 -0.39752845 -0.3958982 -0.39333636 -0.38929532 -0.38296983 -0.37328289 -0.3590245 -0.33922608 -0.31360569 -0.28258565 -0.24669448 -0.20613582 -0.16134301 -0.1140577 -0.067633416 -0.025938847
-0.56170118 -0.56227658 -0.56255834 -0.56254316 -0.56222632 -0.56160093 -0.56065697 -0.55938052 -0.55775293 -0.55575016 -0.55334233 -0.5504935 -0.54716205 -0.5433017 -0.5388635 -0.53379925 -0.52806648 -0.5216353 -0.514497 -0.50667378 -0.49822826 -0.48927071 -0.47996116 -0.47050419 -0.46113489 -0.45209724 -0.44361854 -0.4358852 -0.42902544 -0.42310204 -0.41811562 -0.41401578 -0.41071654 -0.40811197 -0.40608974 -0.40454091 -0.40336604 -0.40247801 -0.40180227 -0.40127534 -0.40084192 -0.40045092 -0.40005018 -0.39957929 -0.39895939 -0.39807798 -0.39676606 -0.39476399 -0.39167352 -0.38689881 -0.37959705 -0.36869359 -0.35304973 -0.33181932 -0.30480164 -0.27240616 -0.23520991 -0.19375359 -0.14903234 -0.10315773 -0.059271144 -0.020514039
-0.56190783 -0.56218698 -0.5621747 -0.56186577 -0.56125315 -0.56032721 -0.55907502 -0.55747964 -0.55551961 -0.5531685 -0.55039485 -0.54716244 -0.54343121 -0.53915893 -0.53430406 -0.52882974 -0.52270943 -0.51593377 -0.50851855 -0.50051263 -0.49200438 -0.48312469 -0.47404447 -0.46496539 -0.45610406 -0.44767175 -0.43985341 -0.43279027 -0.42656953 -0.42122249 -0.41673038 -0.41303531 -0.41005335 -0.40768712 -0.40583609 -0.40440393 -0.40330285 -0.40245539 -0.40179423 -0.40126046 -0.40080072 -0.40036304 -0.39989129 -0.39931745 -0.39855038 -0.39745931 -0.39584937 -0.39342627 -0.38974929 -0.38417881 -0.37584338 -0.36368176 -0.34663126 -0.32396213 -0.29556234 -0.26188976 -0.2236586 -0.18175222 -0.13757892 -0.09339564 -0.052011342 -0.0159181
-0.56183022 -0.56182175 -0.56152211 -0.56092415 -0.56001862 -0.55879345 -0.55723325 -0.55531878 -0.55302668 -0.55032932 -0.54719517 -0.54358949 -0.53947583 -0.5348183 -0.52958494 -0.52375224 -0.51731072 -0.51027144 -0.5026726 -0.49458523 -0.48611645 -0.47740881 -0.46863439 -0.45998348 -0.4516489 -0.44380844 -0.4366087 -0.43015338 -0.42449805 -0.41965156 -0.41558282 -0.41223088 -0.4095158 -0.40734861 -0.40563929 -0.40430213 -0.4032589 -0.40243984 -0.40178312 -0.40123297 -0.40073662 -0.40024004 -0.39968193 -0.39898533 -0.39804541 -0.39671165 -0.39476205 -0.39186725 -0.3875456 -0.38111862 -0.37169529 -0.35823854 -0.33976854 -0.31567546 -0.28595625 -0.25117109 -0.21221802 -0.17028032 -0.12702748 -0.084695786 -0.045712465 -0.012015184
-0.56148529 -0.56119621 -0.56061461 -0.55973157 -0.55853581 -0.55701331 -0.55514678 -0.5529155 -0.55029521 -0.54725838 -0.54377487 -0.53981316 -0.53534222 -0.53033432 -0.52476868 -0.51863606 -0.51194407 -0.50472263 -0.49702898 -0.48895094 -0.48060733 -0.47214443 -0.46372809 -0.45553186 -0.44772271 -0.44044672 -0.4338173 -0.42790795 -0.42275041 -0.41833789 -0.41463201 -0.41157155 -0.40908147 -0.40708076 -0.40548848 -0.40422787 -0.40322845 -0.40242651 -0.40176425 -0.40118773 -0.40064363 -0.4000747 -0.39941331 -0.39857231 -0.39743181 -0.39582024 -0.39348744 -0.39006903 -0.38504456 -0.37770234 -0.36714141 -0.35236075 -0.33247375 -0.30700142 -0.27607367 -0.24039017 -0.20104133 -0.15943954 -0.11737967 -0.076966812 -0.040243392 -0.0086860279
-0.56088871 -0.56032498 -0.55946624 -0.55830195 -0.55681925 -0.5550026 -0.55283357 -0.55029081 -0.54735024 -0.54398568 -0.54016981 -0.5358758 -0.53107956 -0.52576279 -0.5199167 -0.51354635 -0.50667529 -0.49934978 -0.49164195 -0.48365086 -0.47550058 -0.46733482 -0.45930812 -0.45157451 -0.44427534 -0.43752816 -0.43141862 -0.42599645 -0.42127579 -0.41723933 -0.41384478 -0.41103239 -0.40873229 -0.4068707 -0.40537453 -0.40417442 -0.40320611 -0.40241054 -0.40173267 -0.40111922 -0.40051526 -0.39985924 -0.39907606 -0.39806717 -0.39669638 -0.39476985 -0.39200862 -0.38801375 -0.38222893 -0.37391585 -0.3621746 -0.34605387 -0.32477392 -0.29800111 -0.26601831 -0.22968109 -0.1902515 -0.14928969 -0.10860641 -0.070110603 -0.035482782 -0.005818411
-0.5600555 -0.55922264 -0.55809155 -0.55665041 -0.5548852 -0.55277949 -0.55031443 -0.54746895 -0.54422024 -0.5405446 -0.53641879 -0.5318219 -0.52673782 -0.52115834 -0.51508671 -0.5085415 -0.50156024 -0.49420233 -0.48655041 -0.47870959 -0.47080388 -0.46296975 -0.45534739 -0.44807057 -0.44125667 -0.43499851 -0.42935906 -0.42436967 -0.4200318 -0.41632125 -0.41319412 -0.41059311 -0.40845343 -0.40670772 -0.40528956 -0.40413565 -0.40318668 -0.40238697 -0.40168313 -0.40102151 -0.40034452 -0.39958531 -0.39866022 -0.39745812 -0.39582536 -0.39354486 -0.39030847 -0.38568389 -0.37908279 -0.36974827 -0.35679405 -0.33933414 -0.31671114 -0.28875043 -0.25589868 -0.21916377 -0.17993977 -0.13985582 -0.10065768 -0.064026659 -0.031314272 -0.0032920448
-0.5590006 -0.55790416 -0.55650602 -0.55479347 -0.55275182 -0.55036441 -0.54761273 -0.54447689 -0.54093629 -0.53697078 -0.53256218 -0.52769636 -0.52236574 -0.51657229 -0.51033071 -0.50367156 -0.49664389 -0.48931676 -0.48177918 -0.47413783 -0.46651253 -0.4590295 -0.45181319 -0.44497769 -0.43861888 -0.43280868 -0.42759186 -0.42298585 -0.41898305 -0.41555507 -0.41265786 -0.410237 -0.40823252 -0.40658264 -0.40522656 -0.40410586 -0.40316501 -0.40235067 -0.40161005 -0.40088819 -0.4001239 -0.399244 -0.39815522 -0.39673279 -0.39480449 -0.39212928 -0.38836999 -0.38306285 -0.37559265 -0.3651935 -0.35100709 -0.33222959 -0.30834086 -0.27933455 -0.24582034 -0.20893867 -0.17016705 -0.13113526 -0.093469128 -0.05861207 -0.027616583 -0.00095433363
-0.55773922 -0.55638522 -0.55472625 -0.55274914 -0.55043911 -0.54777986 -0.54475401 -0.54134362 -0.5375312 -0.53330095 -0.52864046 -0.52354283 -0.51800914 -0.51205106 -0.50569359 -0.49897737 -0.49196022 -0.48471753 -0.47734093 -0.46993512 -0.46261283 -0.45548835 -0.44867024 -0.44225429 -0.43631767 -0.43091498 -0.42607663 -0.42180959 -0.41810001 -0.4149171 -0.41221759 -0.40995011 -0.40805905 -0.40648745 -0.40517911 -0.40407952 -0.40313588 -0.40229623 -0.40150748 -0.40071242 -0.39984535 -0.39882582 -0.39754995 -0.39587824 -0.39361909 -0.39050707 -0.38617672 -0.38013573 -0.37174857 -0.36025168 -0.34483039 -0.32477973 -0.29972898 -0.26984212 -0.23587983 -0.19908435 -0.16096698 -0.12310347 -0.086965118 -0.053756651 -0.02424657 0.0014178199
-0.55628709 -0.55468236 -0.55277002 -0.5505369 -0.54796865 -0.54504999 -0.54176532 -0.5380994 -0.53403849 -0.52957171 -0.52469286 -0.51940235 -0.51370955 -0.50763499 -0.50121245 -0.49449046 -0.48753293 -0.4804185 -0.47323835 -0.46609257 -0.45908499 -0.4523173 -0.44588282 -0.43986094 -0.43431284 -0.42927899 -0.42477862 -0.42081094 -0.41735788 -0.4143875 -0.41185787 -0.40972059 -0.4079239 -0.40641493 -0.40514122 -0.40405119 -0.40309394 -0.40221797 -0.40136903 -0.40048684 -0.39950028 -0.39832073 -0.39683269 -0.39488109 -0.39225425 -0.38866242 -0.3837133 -0.37689022 -0.36754538 -0.35493036 -0.3382903 -0.31703417 -0.29094791 -0.26035989 -0.22616035 -0.18965702 -0.15234937 -0.11571787 -0.081057623 -0.0493322 -0.021012335 0.0041757933
-0.55466059 -0.55281303 -0.55065622 -0.54817744 -0.54536329 -0.54220011 -0.53867462 -0.53477487 -0.53049135 -0.52581846 -0.52075624 -0.51531221 -0.50950333 -0.50335778 -0.49691643 -0.49023351 -0.48337649 -0.47642465 -0.46946638 -0.46259531 -0.45590547 -0.44948603 -0.44341624 -0.43776111 -0.43256839 -0.42786716 -0.423668 -0.41996448 -0.41673574 -0.41394957 -0.41156559 -0.4095382 -0.40781898 -0.40635845 -0.40510707 -0.40401542 -0.40303362 -0.40210984 -0.4011879 -0.4002036 -0.39907957 -0.3977181 -0.39599126 -0.39372762 -0.39069511 -0.38658023 -0.38096629 -0.37331763 -0.36298375 -0.34924515 -0.33142241 -0.30905027 -0.28207251 -0.25096816 -0.21672916 -0.18069126 -0.14430291 -0.10891862 -0.075640314 -0.04517418 -0.017632934 0.0078816384
-0.55287677 -0.55079551 -0.54840465 -0.54569237 -0.5426467 -0.53925607 -0.53551003 -0.53140027 -0.52692181 -0.52207442 -0.51686419 -0.5113052 -0.50542109 -0.49924632 -0.49282705 -0.48622118 -0.47949752 -0.47273389 -0.46601418 -0.45942451 -0.4530488 -0.44696435 -0.44123772 -0.43592152 -0.43105237 -0.42665028 -0.42271917 -0.41924854 -0.41621582 -0.41358903 -0.41132943 -0.40939392 -0.40773695 -0.40631175 -0.40507099 -0.40396663 -0.40294908 -0.40196545 -0.40095683 -0.39985433 -0.39857354 -0.39700685 -0.39501309 -0.39240401 -0.38892719 -0.3842467 -0.37792487 -0.36941373 -0.35807086 -0.34321973 -0.32427022 -0.30089023 -0.27317607 -0.2417373 -0.20763623 -0.17220098 -0.13679629 -0.10262582 -0.070576704 -0.041053759 -0.013681464 0.013416615
-0.55095327 -0.54864872 -0.54603576 -0.54310385 -0.53984288 -0.53624373 -0.53229913 -0.52800465 -0.52335991 -0.5183699 -0.51304637 -0.5074092 -0.5014876 -0.4953209 -0.48895886 -0.48246118 -0.47589619 -0.4693387 -0.46286695 -0.45655902 -0.45048898 -0.44472313 -0.43931684 -0.43431217 -0.42973662 -0.42560297 -0.42191008 -0.41864458 -0.41578289 -0.41329355 -0.41113945 -0.40927967 -0.407671 -0.40626879 -0.40502726 -0.40389906 -0.4028342 -0.40177799 -0.40066809 -0.3994302 -0.39797207 -0.39617546 -0.39388544 -0.39089664 -0.38693692 -0.38164996 -0.37458164 -0.36517957 -0.35282083 -0.33688533 -0.31688329 -0.292618 -0.26432683 -0.23272521 -0.19891356 -0.16417983 -0.12977686 -0.096732185 -0.065681092 -0.036638206 -0.0085101296 0.022108504
-0.54890815 -0.54639201 -0.54357032 -0.54043419 -0.53697565 -0.53318835 -0.52906838 -0.52461526 -0.51983311 -0.5147318 -0.50932816 -0.50364699 -0.49772192 -0.49159575 -0.48532028 -0.47895543 -0.47256766 -0.46622764 -0.4600073 -0.45397664 -0.44820037 -0.44273487 -0.43762576 -0.43290624 -0.42859634 -0.42470314 -0.4212217 -0.41813658 -0.41542371 -0.41305233 -0.41098678 -0.40918801 -0.40761467 -0.40622365 -0.40497009 -0.40380672 -0.40268248 -0.40154023 -0.40031351 -0.39892188 -0.3972646 -0.39521221 -0.39259558 -0.38919245 -0.38471209 -0.37878074 -0.37093334 -0.36062186 -0.34725451 -0.33027958 -0.30931494 -0.28429615 -0.25558506 -0.22397554 -0.19057458 -0.1566002 -0.12316612 -0.091090267 -0.060691053 -0.031438612 -0.001160511 0.035852933
-0.54675974 -0.54404488 -0.54102909 -0.53770539 -0.5340682 -0.53011409 -0.52584256 -0.52125702 -0.51636584 -0.51118328 -0.50573054 -0.50003642 -0.49413781 -0.48807967 -0.4819145 -0.47570121 -0.46950329 -0.46338656 -0.45741641 -0.45165498 -0.44615832 -0.44097399 -0.43613923 -0.43167982 -0.42760973 -0.42393155 -0.42063746 -0.4177106 -0.41512672 -0.41285577 -0.41086338 -0.40911201 -0.40756171 -0.40617039 -0.40489354 -0.40368336 -0.4024871 -0.40124455 -0.39988448 -0.39831969 -0.39644034 -0.39410529 -0.39113115 -0.38727935 -0.38224244 -0.37563296 -0.36698134 -0.3557532 -0.34139895 -0.32344491 -0.30161971 -0.27598299 -0.24700058 -0.21551613 -0.18261287 -0.14941015 -0.11685114 -0.085493483 -0.055230805 -0.024746415 0.0097288121 0.05717587
-0.54452635 -0.54162668 -0.53843245 -0.53493879 -0.53114265 -0.52704355 -0.52264436 -0.5179522 -0.51297925 -0.50774365 -0.50227017 -0.49659067 -0.49074421 -0.48477678 -0.47874048 -0.47269218 -0.46669172 -0.46079968 -0.45507492 -0.44957215 -0.44433957 -0.43941699 -0.43483448 -0.43061165 -0.42675758 -0.42327132 -0.42014286 -0.41735437 -0.41488159 -0.41269516 -0.41076178 -0.40904506 -0.407506 -0.40610303 -0.40479148 -0.40352243 -0.40224087 -0.40088294 -0.39937205 -0.39761364 -0.39548833 -0.39284308 -0.38948047 -0.38514672 -0.37952016 -0.37220422 -0.3627319 -0.35059179 -0.33528636 -0.31642668 -0.29385086 -0.26773001 -0.2386107 -0.20735734 -0.17499961 -0.14252746 -0.11067149 -0.079650387 -0.048766138 -0.015564958 0.025990447 0.089149811
-0.54222605 -0.53915633 -0.5358001 -0.53215469 -0.52821966 -0.52399745 -0.51949412 -0.51472016 -0.50969114 -0.50442844 -0.49895962 -0.49331868 -0.48754591 -0.48168735 -0.47579378 -0.46991936 -0.4641198 -0.45845032 -0.45296351 -0.44770714 -0.44272241 -0.43804237 -0.43369101 -0.42968284 -0.42602294 -0.42270758 -0.41972509 -0.41705697 -0.41467904 -0.41256253 -0.41067495 -0.40898073 -0.40744141 -0.40601546 -0.40465753 -0.40331707 -0.40193627 -0.40044706 -0.39876695 -0.39679359 -0.39439773 -0.39141444 -0.38763291 -0.38278579 -0.37654037 -0.36849618 -0.35819621 -0.3451609 -0.32895279 -0.30927104 -0.28605783 -0.25957945 -0.23043809 -0.19948963 -0.16767933 -0.13583051 -0.10440109 -0.073152604 -0.040554291 -0.0025501864 0.049925706 0.13505468
