Interpolating SPI Data/spi_stations/interpolated_spi/5-23_1.tif
NCOLS 257
NROWS 141
XLLCORNER -178.27925
YLLCORNER 5.3153543
DX 0.49934803
DY 0.49997533
NODATA_VALUE -9999
[rows 81 to 107 of 141, columns 183 to 243 of 257]
-0.68999998 -0.50833115 -0.23000119 -1.23 -1.23 -0.92 -0.91998868 -0.72999905 -0.73 -0.71994507 -0.38 -0.38 -0.39 -0.39 -0.59304136 -0.56 -0.56 -0.55924882 -0.2 -0.2 -0.2 -0.29632931 -0.47827737 -0.47969403 -0.47973731 -0.47883831 -0.24519955 0.024004143 0.029190227 0.027762309 -0.00041923394 -0.27194615 -0.53412979 -0.58032108 -0.58730601 -0.58022803 -0.47216227 -0.18611638 -0.1182447 -0.1354955 -0.18499145 -1.3620726 -3.5341612 -3.6772811 -3.6817171 -3.679965 -3.6750536 -3.6652004 -3.6470383 -3.6150536 -3.559445 -3.4560277 -3.2307338 -2.7345496 -2.0010749 -1.3951602 -1.0183204 -0.7584002 -0.55251157 -0.39060518 -0.27363647
-0.51 -0.51 -1.23 -1.23 -1.23 -0.92 -0.17000374 -0.17 -0.72035164 -0.38 -0.38 -0.38 -0.38 -0.39 -0.39 -0.55999597 -0.56 -0.56 -0.2 -0.2 -0.2 -0.20000033 -0.20250434 -0.32466119 -0.44791921 -0.46890219 -0.47268852 -0.37651168 -0.018981896 0.02427017 0.022339622 -0.034156747 -0.29470435 -0.51347955 -0.57086517 -0.58182276 -0.55770466 -0.38848275 -0.16811463 -0.12737372 -0.15599056 -0.73153658 -3.1958083 -3.657101 -3.6778731 -3.6768456 -3.6717963 -3.6619974 -3.6447667 -3.6157372 -3.5672812 -3.4818542 -3.3101057 -2.9421829 -2.3161846 -1.6571492 -1.188008 -0.87745229 -0.64940249 -0.47302458 -0.34124704
-0.51 0.11743301 0.17996857 -1.23 -0.92000001 -0.92 -0.17000002 -0.17 -0.16999999 0.66 0.66 0.098299122 0.1 -0.39 -0.39 -0.39 -0.56 -0.56 -0.55993443 -0.20000001 -0.2 -0.2 -0.20000891 -0.20151612 -0.23188652 -0.33228933 -0.40957447 -0.4405468 -0.4032701 -0.12067802 0.002570998 0.0074330693 -0.075041478 -0.30929096 -0.49391774 -0.55796389 -0.56937138 -0.51475997 -0.31715607 -0.16103923 -0.14359775 -0.42771762 -2.5480716 -3.5937587 -3.6702739 -3.6729013 -3.6679949 -3.6582699 -3.6417724 -3.6149867 -3.5718242 -3.4990526 -3.362349 -3.0837199 -2.5788424 -1.9392202 -1.3968258 -1.0215007 -0.75850083 -0.56241916 -0.41505895
0.17999957 0.18 0.18 -0.10000046 -0.1 -0.92 -0.16000093 -0.16999969 0.65999802 0.66 0.66 0.1 0.1 0.099999953 -0.39 -0.39 -0.39126068 -0.56 -0.55999997 -0.23206352 -0.20000096 -0.20000001 -0.20000065 -0.20007115 -0.20192425 -0.21766451 -0.26798102 -0.33563692 -0.38501921 -0.38538583 -0.22027549 -0.049418189 -0.023865828 -0.11744643 -0.3191887 -0.47611504 -0.54152373 -0.54598022 -0.4562222 -0.26767807 -0.16464635 -0.28882561 -1.7630217 -3.42765 -3.6516806 -3.6673137 -3.6635341 -3.6540001 -3.6381165 -3.6130891 -3.5739603 -3.5104289 -3.3976583 -3.1801295 -2.7804022 -2.2079307 -1.6338618 -1.1944102 -0.88534254 -0.66198879 -0.49611723
0.16723768 0.12 0.12 -0.1 -0.1 -0.1 -0.16 -0.16 0.47 0.47 0.47 0.42 0.42 0.42 -0.36609692 -0.39 -0.39000003 -0.55823635 -0.55999994 -0.55581676 -0.20416036 -0.20001944 -0.20000141 -0.20001397 -0.20028888 -0.20283239 -0.21477948 -0.24557693 -0.29197246 -0.33683802 -0.35403102 -0.27318807 -0.12181787 -0.073034645 -0.1585128 -0.32650783 -0.45998203 -0.52088195 -0.51013436 -0.3953867 -0.23966101 -0.2401341 -1.1191822 -3.0833601 -3.6049019 -3.6577002 -3.6580585 -3.6491303 -3.6338309 -3.6102288 -3.5742561 -3.5176872 -3.4219165 -3.2467013 -2.9289485 -2.440556 -1.8791004 -1.3930398 -1.0335089 -0.77529835 -0.58634812
-0.09 0.12 0.12 -0.1 -0.1 -0.10000001 -0.16 -0.16 0.47 0.47 0.47 0.42 0.42 0.42 0.42 0.35481932 -0.38999821 -0.395067 -0.55948139 -0.55974138 -0.40496227 -0.20324089 -0.20013073 -0.20002581 -0.20009972 -0.20078937 -0.20416866 -0.214796 -0.23725277 -0.2704419 -0.30596564 -0.32647951 -0.29048252 -0.18668097 -0.13100861 -0.1966526 -0.33236692 -0.44482481 -0.49533183 -0.46520198 -0.34476284 -0.25999104 -0.71070721 -2.538713 -3.4973207 -3.6382486 -3.6505746 -3.6434788 -3.6289087 -3.6065239 -3.5730855 -3.5219077 -3.4386378 -3.2934231 -3.0369667 -2.6294206 -2.1119369 -1.6071941 -1.2027413 -0.90502969 -0.68801818
0.040377168 0.050000028 0.12 -0.07000051 -0.07 -0.07 0.28999984 0.29 0.31631247 0.45 0.45 0.42001725 0.42 0.42 0.42 0.42 0.39107435 -0.3877621 -0.49482862 -0.55926614 -0.54129154 -0.2729813 -0.2039954 -0.20048285 -0.20017156 -0.20039576 -0.20169063 -0.20592198 -0.2160127 -0.23422464 -0.25975894 -0.2877168 -0.30673589 -0.29212615 -0.22965923 -0.18406196 -0.23010767 -0.33703575 -0.4296424 -0.46519411 -0.41868784 -0.32395454 -0.49836877 -1.8890914 -3.2813491 -3.5968943 -3.6386833 -3.6365511 -3.6232614 -3.6020362 -3.5706991 -3.5238003 -3.4500042 -3.3266381 -3.1155833 -2.7771598 -2.3182746 -1.8229184 -1.3881774 -1.0517456 -0.80297661
0.05 0.05 -0.38974479 -0.07 -0.07 -0.07 0.29 0.29 0.29000054 0.45 0.45 0.45 0.43024074 0.42 0.42 0.42 0.41999674 0.38691033 -0.35539533 -0.53824269 -0.55439529 -0.44627469 -0.24090377 -0.20547493 -0.20125673 -0.20064198 -0.20110191 -0.20309623 -0.20809757 -0.21792098 -0.23362877 -0.25443419 -0.27698316 -0.29350929 -0.28897681 -0.25389508 -0.22419787 -0.25721889 -0.34018992 -0.41361599 -0.43266171 -0.3839939 -0.41887633 -1.2946279 -2.9109708 -3.5119434 -3.6173082 -3.6271779 -3.6166195 -3.5967552 -3.5672576 -3.5238438 -3.457421 -3.350395 -3.1731847 -2.8906698 -2.4923374 -2.0271421 -1.5813489 -1.2131466 -0.93186209
0.05 -0.10922961 -0.39 -0.3338451 -0.07 -0.07 0.29 0.29 0.29 0.45 0.45 0.45 0.45 0.44320452 0.4200002 0.42 0.41999996 0.41986891 0.37498245 -0.32325764 -0.54350704 -0.52105621 -0.34954748 -0.23203517 -0.20754438 -0.20262329 -0.20168565 -0.20242404 -0.20509563 -0.21071644 -0.22033955 -0.23436956 -0.25200039 -0.27067267 -0.28486026 -0.28523744 -0.26681496 -0.25119877 -0.27736107 -0.34136965 -0.39669594 -0.40363887 -0.40466761 -0.86576175 -2.3796574 -3.3493653 -3.5767739 -3.6128961 -3.608341 -3.5905436 -3.5628375 -3.5223609 -3.4618225 -3.3673263 -3.2156977 -2.9773481 -2.6345848 -2.210909 -1.7725302 -1.3842279 -1.0735347
0.04998357 -0.39 -0.39 -0.39 -0.070004656 -0.07 0.29 0.321129 0.49 0.49 0.45031802 0.45 0.45 0.44999999 0.44456245 0.42005041 0.42000067 0.41999482 0.41887715 0.35186018 -0.32800261 -0.52882117 -0.45192978 -0.30057658 -0.22977719 -0.21017542 -0.20471208 -0.20350612 -0.20451528 -0.20775215 -0.21380471 -0.22320212 -0.23597002 -0.25129072 -0.26708886 -0.27933743 -0.28223853 -0.27384037 -0.26839825 -0.29116592 -0.34046284 -0.38068326 -0.39805448 -0.6135946 -1.7607294 -3.0643034 -3.4999676 -3.5889456 -3.5970824 -3.58303 -3.5574064 -3.5195531 -3.4638406 -3.3791828 -3.247223 -3.0435444 -2.7487172 -2.3701052 -1.9531972 -1.5583354 -1.2249739
-0.39 -0.39 -0.39 -0.39 -0.39 -0.070038413 0.49 0.49 0.49 0.49 0.49 0.49083823 0.64993086 0.64995741 0.64976299 0.64893542 0.57789913 0.42960757 0.42073452 0.41556619 0.30460015 -0.33231058 -0.48785316 -0.38627636 -0.27820416 -0.23017591 -0.21336315 -0.20758905 -0.20620823 -0.20744389 -0.21108775 -0.2173761 -0.22648033 -0.23819799 -0.25171324 -0.26529726 -0.27599673 -0.28028048 -0.27801906 -0.27926626 -0.29999843 -0.33820414 -0.37340825 -0.47976421 -1.1919417 -2.6169268 -3.3582408 -3.5465873 -3.5802478 -3.5734198 -3.5507627 -3.5155038 -3.4638981 -3.3871517 -3.2705938 -3.0942243 -2.8394493 -2.5044334 -2.1175152 -1.7286516 -1.3817182
-0.39 -0.39 -0.39 -0.39 -0.39 0.23243339 0.49 0.49 0.49 0.49 0.65 0.65 0.65 0.65 0.65 0.64999991 0.6499925 0.64965759 0.60746754 0.5332845 0.52985181 0.52911076 0.51993961 0.41393479 -0.024382679 -0.22725929 -0.22678036 -0.2161508 -0.21100575 -0.20970823 -0.21115597 -0.21505756 -0.22140698 -0.23014036 -0.24091676 -0.25293875 -0.26476005 -0.27423589 -0.27933017 -0.28091362 -0.28631334 -0.3054411 -0.33758678 -0.40120259 -0.77819564 -2.0165615 -3.1070332 -3.4700597 -3.5530241 -3.5601733 -3.5424214 -3.5101497 -3.4622513 -3.3920443 -3.2877806 -3.1331094 -2.9113126 -2.6158719 -2.2626014 -1.8894786 -1.5386845
-0.38999993 -0.39 -0.39 -0.39 -0.39 0.48924311 0.49 0.49 0.64953918 0.65 0.65 0.65 0.65 0.65 0.64999984 0.64995827 0.64750417 0.53576133 0.53004866 0.53000198 0.53000019 0.53 0.52999989 0.52999793 0.52994483 0.52882526 0.51201526 0.37130255 0.028440773 -0.15292358 -0.19760803 -0.21031762 -0.21753859 -0.22490601 -0.2336407 -0.24373867 -0.25458027 -0.26502288 -0.27357172 -0.27919687 -0.28324861 -0.29112245 -0.30942046 -0.34824948 -0.527797 -1.3701277 -2.6894551 -3.3308307 -3.506502 -3.5404273 -3.5314157 -3.5032147 -3.4589965 -3.3944024 -3.300163 -3.1629393 -2.9681801 -2.7073884 -2.3879657 -2.0369246 -1.6910535
-0.38999862 -0.39 -0.39 -0.39 -0.38999999 0.49003127 0.5213785 0.64999982 0.65 0.65 0.65 0.65 0.65 0.6498756 0.63359858 0.5384784 0.52999045 0.52999988 0.52999999 0.53 0.53 0.52999999 0.52999999 0.52999998 0.52999996 0.52999974 0.52999439 0.52988887 0.52848899 0.51606844 0.44555594 0.23851824 -0.0056015031 -0.139722 -0.19600504 -0.22276746 -0.2395903 -0.25271462 -0.26366229 -0.27237375 -0.27887274 -0.2848421 -0.2944922 -0.31546831 -0.39515915 -0.84321993 -2.0760699 -3.0780527 -3.4236175 -3.5088301 -3.515931 -3.4940823 -3.4540396 -3.39455 -3.3087021 -3.1857152 -3.0131734 -2.7821236 -2.4946762 -2.1689706 -1.8349342
-0.3899882 -0.39 -0.39 -0.39 -0.38995538 0.64288237 0.64961069 0.64975392 0.64923294 0.40071698 0.39 0.39 0.39 0.39000009 0.47512045 0.52999987 0.53 0.53 0.53 0.53 0.53 0.53 0.53 0.53 0.52999999 0.52999997 0.52999993 0.52999975 0.52999728 0.52996277 0.52961482 0.5270981 0.51372 0.46204593 0.3292849 0.13018449 -0.04288793 -0.14856659 -0.20618614 -0.23860326 -0.25821367 -0.27116076 -0.28176207 -0.29540347 -0.33114866 -0.52550668 -1.3658838 -2.6349389 -3.2701522 -3.4548866 -3.4925512 -3.4815542 -3.4470187 -3.3926022 -3.3140447 -3.2028897 -3.0487295 -2.8429722 -2.5846096 -2.2851389 -1.9676744
-0.38994385 -0.39 -0.39 -0.38999997 0.24124939 0.39488917 0.39008554 0.39000002 0.39 0.39 0.39 0.39 0.39 0.41658888 0.53 0.53 0.53 0.53 0.53 0.53 0.53 0.53 0.53 0.53 0.53 0.52999999 0.52999997 0.52999992 0.52999981 0.52999946 0.52999697 0.52997419 0.5298037 0.52881795 0.52433594 0.50805769 0.46128241 0.35991407 0.20509209 0.042102806 -0.084883471 -0.16799577 -0.21947622 -0.25344382 -0.28503177 -0.36885616 -0.79105423 -1.9580063 -2.9788383 -3.356464 -3.4544912 -3.4633376 -3.4371405 -3.3884291 -3.3165736 -3.2154993 -3.0767145 -2.892417 -2.6599205 -2.3860158 -2.0878515
-0.38982107 -0.38999994 -0.38999996 -0.35816538 0.39009681 0.39000158 0.39 0.39 0.39 0.39 0.39 0.39 0.46999691 0.53 0.53 0.53 0.53 0.53 0.53 0.53 0.53 0.53 0.53 0.53 0.53 0.52999999 0.52999998 0.52999994 0.52999986 0.52999967 0.5299993 0.52999838 0.52999451 0.52997165 0.52984431 0.52925092 0.52695417 0.51948239 0.4989355 0.45168215 0.36349892 0.23485961 0.090287344 -0.039284033 -0.14072276 -0.23168461 -0.43470271 -1.1846416 -2.445703 -3.1642186 -3.3869922 -3.4348091 -3.422815 -3.3815469 -3.3164102 -3.2242467 -3.0985305 -2.9324991 -2.7227219 -2.4728049 -2.1950612
-0.38956701 -0.38999902 -0.38650075 0.38964406 0.3900268 0.39001523 0.39001145 0.39002072 0.39072529 0.46999238 0.47 0.47 0.47 0.53 0.53 0.53 0.53 0.53 0.53 0.53 0.53 0.53 0.53 0.53 0.53 0.52999999 0.52999998 0.52999994 0.52999985 0.52999965 0.52999925 0.5299985 0.52999715 0.52999448 0.52998696 0.52995733 0.52983311 0.52936087 0.52779228 0.52323945 0.51162674 0.48558705 0.43472992 0.34980565 0.23077672 0.0887288 -0.088289323 -0.49557705 -1.5890352 -2.7621828 -3.2530063 -3.3854217 -3.4007132 -3.3708462 -3.3133501 -3.2295341 -3.1151987 -2.9648457 -2.7749227 -2.546985 -2.289632
-0.38913437 -0.38873622 0.36076706 0.39299176 0.39592081 0.4096902 0.45690209 0.4699381 0.47 0.47 0.47 0.47 0.52983851 0.53 0.53 0.53 0.53 0.53 0.53 0.53 0.53 0.53 0.53 0.53 0.53 0.52999999 0.52999997 0.52999992 0.52999978 0.52999949 0.52999893 0.52999791 0.52999621 0.52999348 0.5299892 0.52998198 0.52996654 0.52992236 0.52977918 0.52932822 0.52802802 0.52463906 0.51663976 0.49948037 0.46600005 0.40656357 0.30733064 0.1134013 -0.47721089 -1.8487277 -2.9248772 -3.2830304 -3.3623493 -3.353755 -3.3066414 -3.2314314 -3.1274044 -2.9907144 -2.8181589 -2.6100812 -2.3723496
-0.38746119 0.1498637 0.42020562 0.4404912 0.46039841 0.46746284 0.46885284 0.46951064 0.46985568 0.46997245 0.46999018 0.4687854 0.52999979 0.53 0.53 0.53 0.53 0.53 0.53 0.53 0.53 0.53 0.53 0.53 0.52999999 0.52999998 0.52999993 0.52999981 0.52999955 0.52999904 0.5299981 0.52999651 0.52999398 0.52999012 0.52998451 0.52997657 0.52996538 0.52994853 0.52991818 0.52984905 0.52966767 0.52918368 0.52795433 0.52504453 0.51863822 0.50543565 0.47945144 0.42591054 0.27207338 -0.36249575 -1.8963307 -2.969432 -3.273376 -3.3221309 -3.2940683 -3.2294623 -3.135478 -3.0110222 -2.8537755 -2.6635278 -2.4442344
0.081773369 0.42414807 0.42205875 0.41750644 0.41322295 0.41078553 0.41007299 0.4100011 0.41 0.41 0.41 0.41 0.41 0.41039347 0.53 0.53 0.53 0.53 0.53 0.53 0.53 0.53 0.53 0.52999999 0.52999996 0.5299999 0.52999974 0.52999943 0.52999883 0.52999777 0.52999603 0.5299933 0.52998923 0.52998338 0.52997528 0.52996438 0.52995005 0.52993151 0.52990726 0.52987341 0.52981862 0.52971141 0.52947166 0.5289137 0.5276413 0.52486296 0.51904488 0.50689186 0.47708006 0.36190277 -0.21413871 -1.7709902 -2.923937 -3.2325449 -3.2661881 -3.2213867 -3.1391315 -3.0263098 -2.8828159 -2.7085903 -2.50638
0.41276209 0.41149275 0.41055176 0.41013517 0.41001796 0.4100009 0.41000001 0.41 0.41 0.41 0.41 0.41 0.41 0.41 0.41001699 0.52996513 0.52999997 0.53 0.53 0.53 0.52999999 0.52999998 0.52999995 0.52999987 0.52999972 0.52999943 0.5299989 0.52999799 0.52999651 0.52999421 0.5299908 0.52998591 0.52997911 0.52996995 0.52995789 0.52994239 0.52992286 0.52989868 0.52986911 0.52983307 0.5297882 0.52972844 0.52963788 0.52947726 0.52915692 0.528486 0.52707815 0.52414257 0.5176518 0.49858366 0.40826461 -0.082582513 -1.5522425 -2.8087354 -3.1639093 -3.194738 -3.1356744 -3.0363527 -2.9059359 -2.746306 -2.5598396
0.41038272 0.41012483 0.41002819 0.41000379 0.41000024 0.41 0.41 0.41 0.41 0.41 0.41 0.41 0.41 0.41 0.41 0.41005736 0.51771741 0.52992769 0.5299949 0.5299985 0.52999905 0.52999907 0.52999886 0.52999843 0.5299977 0.52999657 0.52999486 0.52999238 0.52998884 0.52998396 0.52997736 0.52996863 0.52995734 0.52994297 0.52992503 0.52990296 0.5298762 0.5298442 0.52980636 0.52976204 0.5297104 0.52964982 0.52957659 0.52948152 0.5293428 0.5291116 0.52868485 0.52785133 0.52614419 0.52209257 0.50790055 0.43265746 0.018946814 -1.3071519 -2.6414094 -3.0690725 -3.1078301 -3.0375129 -2.9227979 -2.7773166 -2.6055199
0.41005843 0.41001437 0.41000236 0.41000022 0.41000001 0.41 0.41 0.41 0.41 0.41 0.41 0.41 0.41 0.41 0.41 0.41000001 0.41021322 0.46674114 0.52726308 0.5297309 0.52993182 0.52996834 0.52997847 0.52998138 0.52998127 0.52997927 0.52997569 0.52997046 0.52996341 0.52995424 0.52994259 0.52992808 0.52991025 0.52988864 0.52986278 0.52983214 0.52979623 0.52975454 0.52970656 0.52965178 0.52958968 0.52951956 0.52944026 0.52934926 0.52924068 0.52910106 0.52890096 0.52857881 0.52800529 0.52685893 0.52389651 0.51193903 0.44601726 0.09367207 -1.07534 -2.4395613 -2.9499414 -3.0060087 -2.9282642 -2.8009515 -2.6439112
0.41001183 0.41000245 0.41000034 0.41000003 0.41 0.41 0.41 0.41 0.41 0.41 0.41 0.41 0.41 0.41 0.41 0.41 0.41000135 0.41058471 0.44070053 0.51351858 0.52734838 0.52925964 0.52967853 0.52980977 0.52986058 0.52988155 0.52988855 0.52988746 0.52988071 0.52986929 0.52985354 0.52983347 0.52980893 0.52977962 0.5297452 0.52970531 0.52965952 0.52960745 0.52954867 0.52948278 0.52940937 0.52932803 0.52923822 0.52913905 0.5290287 0.52890309 0.52875317 0.52855959 0.52828201 0.52783122 0.52694802 0.52445571 0.51345497 0.45342405 0.14789419 -0.87405535 -2.2205662 -2.8098237 -2.8906777 -2.8100191 -2.6737714
0.41000325 0.41000062 0.41000008 0.41000001 0.41 0.41 0.41 0.41 0.41 0.41 0.41 0.41 0.41 0.41 0.41 0.41 0.41000009 0.41001992 0.41124311 0.43215266 0.49163546 0.51972835 0.52654642 0.5284403 0.5291071 0.52938948 0.52952411 0.52959149 0.52962353 0.52963444 0.52963111 0.52961707 0.52959419 0.52956346 0.52952534 0.52948002 0.52942749 0.52936765 0.52930033 0.52922532 0.52914238 0.52905126 0.52895168 0.52884327 0.52872535 0.52859655 0.52845387 0.5282908 0.52809363 0.52783341 0.52744025 0.52667366 0.52433598 0.51360718 0.45728979 0.18702897 -0.7072849 -1.9997776 -2.6536458 -2.7641685 -2.6853704
0.41000119 0.41000023 0.41000003 0.41 0.41 0.41 0.41 0.41 0.41 0.41 0.41 0.41 0.41 0.41 0.41 0.41 0.41000002 0.41000251 0.4101118 0.41220366 0.42919521 0.47338458 0.50725055 0.52054229 0.52533712 0.5272754 0.52816831 0.52862501 0.52887574 0.5290181 0.52909773 0.52913777 0.52915076 0.52914385 0.52912127 0.52908561 0.52903848 0.52898086 0.52891337 0.52883639 0.52875012 0.52865467 0.52855006 0.52843623 0.52831301 0.52817996 0.52803607 0.52787905 0.52770394 0.52750039 0.52724555 0.52687699 0.52614685 0.52378222 0.51291123 0.45882375 0.21505704 -0.57271397 -1.7888989 -2.4874679 -2.6295454
