Interpolating SPI Data/spi_stations/interpolated_spi/6-19_2.tif
NCOLS 257
NROWS 141
XLLCORNER -178.27925
YLLCORNER 5.3153543
DX 0.49934803
DY 0.49997533
NODATA_VALUE -9999
[rows 84 to 111 of 141, columns 0 to 62 of 257]
0.10760069 0.081789915 0.054421923 0.025458057 -0.0051254926 -0.037333831 -0.071149198 -0.10652666 -0.14338989 -0.18162724 -0.22108866 -0.26158362 -0.30288066 -0.34470895 -0.38676218 -0.42870491 -0.47018147 -0.51082711 -0.55028077 -0.58819869 -0.6242679 -0.65821848 -0.68983358 -0.71895645 -0.74549394 -0.76941633 -0.79075377 -0.80958991 -0.8260533 -0.84030768 -0.85254177 -0.86295936 -0.87177033 -0.87918291 -0.88539747 -0.89060177 -0.8949677 -0.89864933 -0.90178202 -0.90448233 -0.9068486 -0.9089617 -0.91088593 -0.91266961 -0.91434501 -0.91592716 -0.91741059 -0.91876292 -0.91991283 -0.9207285 -0.9209794 -0.92026793 -0.91790663 -0.91269539 -0.9025164 -0.88360675 -0.84931023 -0.7881903 -0.68213956 -0.50780316 -0.24928991 0.0743183 0.39629036
0.049875653 0.022245475 -0.0068750665 -0.037493378 -0.069598017 -0.10315515 -0.13810503 -0.17435866 -0.21179494 -0.25025861 -0.28955931 -0.32947202 -0.36973935 -0.41007571 -0.45017354 -0.48971146 -0.52836411 -0.56581305 -0.60175819 -0.63592874 -0.66809316 -0.698067 -0.72571833 -0.75097028 -0.77380067 -0.79423883 -0.81236028 -0.82827953 -0.84214201 -0.85411547 -0.86438166 -0.87312863 -0.88054405 -0.88680963 -0.89209686 -0.89656383 -0.90035324 -0.90359118 -0.9063867 -0.90883179 -0.91100151 -0.91295413 -0.91473066 -0.91635353 -0.91782351 -0.91911386 -0.92015973 -0.9208397 -0.92094387 -0.92011863 -0.91777066 -0.91289902 -0.90380092 -0.88756167 -0.85920105 -0.81037286 -0.72784461 -0.59324841 -0.3884098 -0.11178334 0.20132073 0.48657293 0.6953141
-0.009013229 -0.038162345 -0.068687496 -0.10056342 -0.13374337 -0.1681563 -0.20370433 -0.24026075 -0.27766883 -0.31574169 -0.35426337 -0.39299155 -0.43166177 -0.46999329 -0.50769653 -0.54448156 -0.58006746 -0.61419177 -0.64661958 -0.67715142 -0.70562959 -0.7319423 -0.75602557 -0.77786269 -0.79748153 -0.81494997 -0.83036996 -0.84387068 -0.85560136 -0.86572421 -0.87440784 -0.88182133 -0.88812941 -0.89348841 -0.89804332 -0.90192564 -0.90525194 -0.90812304 -0.91062339 -0.91282056 -0.91476438 -0.91648533 -0.91799153 -0.91926332 -0.92024389 -0.9208234 -0.9208122 -0.91989593 -0.91755975 -0.91296001 -0.90470694 -0.89049982 -0.86653167 -0.82658576 -0.76089521 -0.65543915 -0.49386852 -0.26607427 0.015813835 0.30847362 0.5575341 0.73300547 0.83899522
-0.068341403 -0.098661751 -0.13020226 -0.16290617 -0.1966942 -0.2314628 -0.2670828 -0.30339888 -0.34023002 -0.37737106 -0.41459551 -0.45165972 -0.48830832 -0.52428079 -0.55931887 -0.59317449 -0.62561763 -0.65644383 -0.68548053 -0.71259213 -0.73768327 -0.76070015 -0.78163003 -0.80049886 -0.81736742 -0.83232635 -0.84549039 -0.85699233 -0.86697697 -0.87559538 -0.88299984 -0.88933938 -0.89475612 -0.89938237 -0.90333843 -0.90673093 -0.90965146 -0.91217547 -0.91436087 -0.91624613 -0.91784718 -0.91915236 -0.920114 -0.92063463 -0.92054456 -0.91956494 -0.91724751 -0.91287535 -0.90529991 -0.89267541 -0.87203602 -0.8386604 -0.78523758 -0.7011415 -0.57291274 -0.38835635 -0.14661534 0.12989078 0.39715825 0.61330111 0.76196873 0.85182158 0.90122802
-0.12739135 -0.15850709 -0.19065455 -0.22374895 -0.25768366 -0.29232954 -0.32753484 -0.36312609 -0.39890987 -0.4346757 -0.47019997 -0.50525089 -0.53959431 -0.57300011 -0.60524888 -0.63613858 -0.66549059 -0.69315495 -0.71901444 -0.74298706 -0.76502712 -0.78512468 -0.80330345 -0.81961765 -0.83414771 -0.84699547 -0.85827901 -0.86812746 -0.87667607 -0.88406167 -0.89041865 -0.89587559 -0.9005524 -0.90455796 -0.90798821 -0.91092431 -0.91343084 -0.91555346 -0.91731574 -0.91871426 -0.91971102 -0.92022142 -0.92009516 -0.91908588 -0.91680267 -0.91263251 -0.90561645 -0.89425305 -0.87619303 -0.84778607 -0.80347469 -0.7351765 -0.63220737 -0.48309259 -0.28123321 -0.034380787 0.22925159 0.46985681 0.65738241 0.78461163 0.86197646 0.90537938 0.92839466
-0.18548693 -0.21701423 -0.24936313 -0.28242608 -0.31607587 -0.35016589 -0.38453126 -0.41899077 -0.45334963 -0.48740321 -0.5209414 -0.55375382 -0.58563522 -0.61639123 -0.64584382 -0.67383641 -0.70023807 -0.72494681 -0.74789161 -0.76903321 -0.7883635 -0.80590387 -0.82170238 -0.83583023 -0.84837765 -0.85944944 -0.86916056 -0.87763174 -0.8849855 -0.89134242 -0.89681795 -0.90151961 -0.90554442 -0.90897668 -0.91188556 -0.91432255 -0.91631797 -0.91787631 -0.91896922 -0.91952487 -0.91941168 -0.91841301 -0.91618794 -0.91221 -0.90567185 -0.89533783 -0.87931987 -0.85474977 -0.81733763 -0.76088173 -0.67701138 -0.55589811 -0.38923697 -0.17647366 0.06800294 0.31435296 0.52930837 0.69258053 0.80267341 0.87027692 0.90901189 0.93015037 0.94133803
-0.24202206 -0.27358817 -0.30575548 -0.33840011 -0.37138165 -0.40454443 -0.43771944 -0.47072702 -0.50338022 -0.53548878 -0.56686357 -0.59732131 -0.62668941 -0.65481055 -0.68154689 -0.70678353 -0.73043122 -0.75242792 -0.77273941 -0.79135878 -0.80830491 -0.82362016 -0.83736729 -0.84962595 -0.86048892 -0.87005814 -0.87844093 -0.88574631 -0.89208162 -0.89754941 -0.90224456 -0.90625156 -0.90964181 -0.91247065 -0.91477383 -0.9165628 -0.91781822 -0.9184805 -0.91843573 -0.91749445 -0.91535962 -0.91157773 -0.90546461 -0.89599335 -0.88162742 -0.86008045 -0.8279923 -0.78055153 -0.71121021 -0.61189151 -0.47448091 -0.29454947 -0.077078731 0.15943172 0.38656614 0.57807157 0.72106678 0.81741903 0.877317 0.91238683 0.93207389 0.94284934 0.94871184
-0.29648146 -0.32774083 -0.3593816 -0.39127022 -0.42326046 -0.45519526 -0.48690929 -0.51823198 -0.54899103 -0.57901629 -0.60814382 -0.63621999 -0.6631053 -0.6886779 -0.71283645 -0.7355023 -0.75662077 -0.7761616 -0.79411847 -0.81050773 -0.82536634 -0.83874929 -0.85072656 -0.86137981 -0.87079893 -0.87907864 -0.8863151 -0.89260273 -0.89803111 -0.90268204 -0.90662655 -0.90992163 -0.9126066 -0.91469849 -0.91618589 -0.91702039 -0.91710437 -0.91627304 -0.91426795 -0.91069771 -0.90497954 -0.89625303 -0.88325424 -0.86413721 -0.83623424 -0.79576838 -0.73759526 -0.65519428 -0.54137386 -0.39038005 -0.20179476 0.015039786 0.23991911 0.447634 0.61835096 0.74450072 0.82977889 0.88353903 0.91571115 0.93428227 0.94479042 0.95073525 0.95419261
-0.34845246 -0.37909885 -0.40991671 -0.44076921 -0.4715108 -0.50198957 -0.53204995 -0.56153587 -0.59029407 -0.61817761 -0.64504934 -0.67078513 -0.69527677 -0.71843438 -0.74018814 -0.76048939 -0.77931094 -0.79664659 -0.81251005 -0.82693319 -0.83996375 -0.85166271 -0.86210138 -0.87135833 -0.87951625 -0.88665882 -0.89286761 -0.89821902 -0.90278107 -0.90661012 -0.90974701 -0.91221258 -0.91400181 -0.91507609 -0.9153524 -0.914688 -0.91285838 -0.9095253 -0.90419033 -0.89612768 -0.88428804 -0.86716427 -0.8426122 -0.80763221 -0.75815302 -0.68894055 -0.59390218 -0.46723813 -0.30589188 -0.11308229 0.098947714 0.31017646 0.4993371 0.6519649 0.76414567 0.84044589 0.88927904 0.919152 0.93687845 0.94724586 0.95334672 0.95706581 0.95950508
-0.39762821 -0.42740225 -0.45715491 -0.48675155 -0.5160527 -0.54491652 -0.57320147 -0.6007693 -0.62748801 -0.65323477 -0.67789869 -0.7013832 -0.7236081 -0.74451096 -0.76404799 -0.78219427 -0.79894335 -0.81430624 -0.82830988 -0.84099517 -0.85241464 -0.8626298 -0.87170838 -0.87972143 -0.88674031 -0.89283364 -0.89806414 -0.90248518 -0.90613703 -0.90904239 -0.91120088 -0.91258193 -0.9131152 -0.91267733 -0.91107346 -0.90801094 -0.90306205 -0.89561108 -0.88478001 -0.86932623 -0.8475072 -0.81691403 -0.77429681 -0.71545126 -0.63532478 -0.52862503 -0.39129207 -0.22297593 -0.029814689 0.17446495 0.37127386 0.5433194 0.68037733 0.78096423 0.84994207 0.89479596 0.92284514 0.93995139 0.9502914 0.95662152 0.96066609 0.96346391 0.96562656
-0.44380334 -0.4724958 -0.50099589 -0.5291756 -0.5569055 -0.58405713 -0.61050551 -0.63613173 -0.66082541 -0.68448706 -0.70703007 -0.72838239 -0.74848771 -0.76730616 -0.78481444 -0.80100547 -0.81588747 -0.82948259 -0.84182518 -0.85295964 -0.8629381 -0.87181777 -0.87965822 -0.88651848 -0.8924539 -0.89751283 -0.90173292 -0.90513675 -0.9077267 -0.90947832 -0.91033183 -0.91018055 -0.90885526 -0.90610239 -0.90155375 -0.89468447 -0.8847548 -0.87073144 -0.85118414 -0.82415831 -0.78703615 -0.73642658 -0.66817731 -0.57768373 -0.46074848 -0.31520529 -0.14314416 0.047245245 0.24192255 0.42440581 0.58101595 0.70475118 0.79569197 0.85866409 0.90029032 0.92689972 0.94357515 0.95399089 0.96062281 0.96505919 0.96828498 0.97089968 0.97326937
-0.48686403 -0.51431524 -0.54142754 -0.56808274 -0.59416402 -0.61955815 -0.64415768 -0.66786306 -0.6905846 -0.71224416 -0.73277657 -0.75213055 -0.7702693 -0.78717058 -0.80282634 -0.81724188 -0.83043462 -0.84243251 -0.8532721 -0.86299632 -0.87165201 -0.87928728 -0.8859486 -0.89167756 -0.89650735 -0.90045858 -0.90353448 -0.90571478 -0.90694803 -0.90714158 -0.90614808 -0.90374729 -0.89962126 -0.89332051 -0.88421805 -0.87144806 -0.85382621 -0.82975138 -0.79709598 -0.75310858 -0.6943847 -0.61701326 -0.51706791 -0.39163106 -0.24039462 -0.067439581 0.11784605 0.30195291 0.47074812 0.61363806 0.7260034 0.80889253 0.86691439 0.90591653 0.93140093 0.94780768 0.95839362 0.9653982 0.9702933 0.97401749 0.9771608 0.98009737 0.98307554
-0.52677428 -0.55287063 -0.57850661 -0.60357579 -0.62797532 -0.65160775 -0.67438292 -0.69621957 -0.71704676 -0.73680504 -0.75544726 -0.77293895 -0.78925839 -0.80439624 -0.81835471 -0.8311465 -0.84279324 -0.85332369 -0.86277167 -0.87117367 -0.87856618 -0.88498273 -0.89045052 -0.89498659 -0.89859323 -0.90125242 -0.90291895 -0.90351152 -0.90290115 -0.90089582 -0.89721996 -0.89148692 -0.88316231 -0.87151571 -0.85555859 -0.83396788 -0.80499954 -0.76640599 -0.71539169 -0.6486733 -0.5627545 -0.45455694 -0.32250704 -0.1679669 0.003521503 0.182104 0.35533205 0.5113815 0.6421867 0.74485381 0.82099814 0.87492281 0.911791 0.93641152 0.95268963 0.96353203 0.97097706 0.97639602 0.98068718 0.98443294 0.988016 0.99170067 0.99568795
-0.56356019 -0.5882286 -0.61233927 -0.63579845 -0.65851747 -0.68041427 -0.70141479 -0.7214542 -0.7404778 -0.7584417 -0.77531312 -0.7910704 -0.80570255 -0.81920855 -0.83159623 -0.8428809 -0.85308354 -0.86222883 -0.87034273 -0.87744983 -0.88357025 -0.88871605 -0.89288707 -0.89606581 -0.89821124 -0.89925095 -0.89907108 -0.89750328 -0.89430757 -0.8891498 -0.88157204 -0.87095421 -0.85646517 -0.83700292 -0.81112615 -0.77698588 -0.73227822 -0.67425988 -0.59989749 -0.50625029 -0.39118399 -0.25442279 -0.09871145 0.069472937 0.24037291 0.40287272 0.54725827 0.66747754 0.76186541 0.83233928 0.88286175 0.91799787 0.94197294 0.95824365 0.9694204 0.97736886 0.98337265 0.98829449 0.99271036 0.99701141 1.0014774 1.0063279 1.011758
-0.59729387 -0.62049499 -0.64306293 -0.66491662 -0.685981 -0.70618816 -0.72547837 -0.74380081 -0.76111413 -0.77738665 -0.79259627 -0.80673005 -0.8197835 -0.83175947 -0.84266681 -0.85251864 -0.86133031 -0.86911704 -0.87589111 -0.88165864 -0.88641574 -0.89014394 -0.89280455 -0.89433179 -0.89462396 -0.89353233 -0.89084668 -0.88627667 -0.87942777 -0.86977036 -0.85660094 -0.83899482 -0.81575176 -0.78533996 -0.74585155 -0.69499603 -0.63017759 -0.54872421 -0.44834746 -0.32787858 -0.18820696 -0.033127634 0.13041186 0.29313995 0.4453587 0.57919474 0.69016859 0.7774767 0.84316673 0.89085725 0.92459327 0.9481064 0.96447422 0.97605427 0.98456266 0.99120576 0.99681441 1.0019587 1.0070376 1.0123451 1.0181177 1.0245683 1.031911
-0.6280778 -0.64979864 -0.6708298 -0.69110221 -0.71055316 -0.72912713 -0.74677645 -0.7634616 -0.77915146 -0.79382305 -0.80746115 -0.82005752 -0.83160985 -0.84212036 -0.8515941 -0.86003688 -0.86745282 -0.87384144 -0.87919422 -0.88349044 -0.88669225 -0.88873844 -0.88953688 -0.88895485 -0.88680685 -0.88283908 -0.87670963 -0.86796343 -0.85600118 -0.84004157 -0.81907792 -0.79183243 -0.75671657 -0.71181461 -0.65491998 -0.58367052 -0.49584097 -0.38984344 -0.26543069 -0.124469 0.028528171 0.18651717 0.34094971 0.48350884 0.60787731 0.71078643 0.79202703 0.85366798 0.89899731 0.93160881 0.95481422 0.97136827 0.98341096 0.99252773 0.99985612 1.0061978 1.0121171 1.0180194 1.0242112 1.0309434 1.038444 1.0469406 1.0566789
-0.65603052 -0.67627694 -0.69579265 -0.71451929 -0.73240479 -0.74940386 -0.76547828 -0.78059691 -0.79473549 -0.80787617 -0.82000669 -0.83111931 -0.84120941 -0.8502737 -0.85830815 -0.86530539 -0.87125165 -0.87612311 -0.87988141 -0.88246828 -0.8837988 -0.88375319 -0.88216632 -0.87881475 -0.87340028 -0.8655295 -0.8546886 -0.84021305 -0.82125274 -0.79673459 -0.76532843 -0.72542684 -0.67515873 -0.61246755 -0.53529569 -0.44191906 -0.33145212 -0.20447509 -0.063617389 0.086188856 0.23808118 0.38435284 0.51796084 0.63387505 0.72974939 0.80577671 0.86397988 0.90733849 0.93905479 0.96208148 0.9788964 0.99145087 1.0012152 1.0092648 1.0163744 1.0231016 1.0298569 1.0369567 1.0446639 1.0532173 1.0628539 1.0738251 1.0864091
-0.68127378 -0.70006321 -0.71809253 -0.73531243 -0.75167936 -0.7671558 -0.78171013 -0.7953164 -0.80795374 -0.81960559 -0.8302585 -0.8399007 -0.84852031 -0.85610309 -0.86262975 -0.86807272 -0.87239221 -0.87553146 -0.87741089 -0.87792092 -0.87691313 -0.87418919 -0.86948719 -0.86246483 -0.85267878 -0.83956016 -0.8223863 -0.80025024 -0.77203162 -0.73637623 -0.69169722 -0.63621873 -0.56809129 -0.48561316 -0.38758407 -0.27378315 -0.14549212 -0.0058892918 0.13992488 0.28545694 0.42387428 0.54926741 0.6576546 0.74738715 0.81892269 0.87419847 0.91591126 0.94692316 0.96987807 0.98701472 1.0001195 1.0105604 1.0193563 1.027256 1.0348099 1.0424313 1.0504439 1.0591191 1.0687033 1.0794379 1.0915741 1.1053837 1.1211654
-0.70392131 -0.72127574 -0.73784833 -0.75359675 -0.7684836 -0.78247635 -0.79554692 -0.8076711 -0.81882766 -0.82899715 -0.83816038 -0.84629652 -0.85338075 -0.85938144 -0.86425671 -0.86795023 -0.87038616 -0.87146294 -0.87104566 -0.86895671 -0.86496432 -0.85876856 -0.84998441 -0.8381217 -0.82256215 -0.80253429 -0.77708898 -0.74508011 -0.7051594 -0.6557993 -0.59536445 -0.52225723 -0.43516178 -0.33339507 -0.21733365 -0.088819973 0.048615598 0.1898994 0.32902017 0.4599955 0.57789947 0.67959509 0.76395729 0.83161121 0.88438695 0.92472474 0.95519046 0.97816102 0.9956672 1.0093503 1.0204862 1.0300422 1.0387416 1.0471265 1.0556108 1.0645229 1.0741396 1.0847104 1.0964771 1.1096858 1.1245961 1.1414853 1.160648
-0.724069 -0.74000836 -0.7551477 -0.76944931 -0.78287926 -0.79540695 -0.80700448 -0.81764562 -0.82730461 -0.83595449 -0.84356517 -0.85010089 -0.85551726 -0.85975766 -0.86274872 -0.86439506 -0.86457266 -0.86312097 -0.85983317 -0.85444454 -0.84661839 -0.83592961 -0.82184581 -0.80370668 -0.78070341 -0.75186124 -0.71603125 -0.67190092 -0.61803774 -0.55298436 -0.47542556 -0.38444043 -0.27983247 -0.16248964 -0.034673764 0.099901798 0.23633208 0.36914362 0.49314645 0.60425306 0.70000198 0.77965885 0.84394791 0.8945822 0.93377077 0.9638208 0.98687703 1.0047883 1.019067 1.0309063 1.0412248 1.0507213 1.0599282 1.0692575 1.0790398 1.0895538 1.1010493 1.113764 1.1279349 1.1438055 1.1616276 1.1816597 1.2041587
-0.74178629 -0.75632213 -0.77003907 -0.78290135 -0.79487551 -0.80592954 -0.81603193 -0.82515027 -0.83324954 -0.84029002 -0.84622472 -0.85099613 -0.85453252 -0.85674316 -0.85751283 -0.85669492 -0.85410331 -0.84950254 -0.84259609 -0.83301279 -0.82029123 -0.80386273 -0.78303399 -0.75697176 -0.72469342 -0.68507042 -0.63685412 -0.57873781 -0.50947023 -0.42803442 -0.33389503 -0.22729347 -0.10953437 0.016832715 0.14804836 0.27947167 0.40618098 0.52370363 0.62865787 0.71911945 0.79464365 0.85600612 0.90480026 0.94302758 0.97276859 0.99596506 1.0143055 1.0291875 1.0417285 1.0528017 1.0630815 1.0730891 1.0832328 1.0938424 1.1051959 1.1175403 1.1311064 1.146119 1.1628023 1.181381 1.2020771 1.2251006 1.2506351
-0.75710853 -0.7702379 -0.78252434 -0.7939311 -0.80442178 -0.81395924 -0.82250411 -0.83001302 -0.83643638 -0.8417156 -0.84577986 -0.84854203 -0.84989391 -0.84970036 -0.8477924 -0.84395891 -0.83793683 -0.82939986 -0.81794547 -0.80308082 -0.78420814 -0.76061135 -0.73144662 -0.69574164 -0.65241035 -0.60029303 -0.53823323 -0.46520365 -0.38048777 -0.28391123 -0.17609357 -0.058660815 0.065665261 0.19318408 0.31957626 0.44045782 0.55199209 0.65138606 0.73714109 0.80902559 0.86783363 0.91504097 0.95246316 0.98198135 1.0053589 1.0241425 1.0396263 1.0528584 1.0646691 1.0757085 1.0864852 1.097402 1.1087857 1.120911 1.1340196 1.1483333 1.1640626 1.1814112 1.2005765 1.2217451 1.2450841 1.2707272 1.298756
-0.77003008 -0.78172947 -0.79255214 -0.80245696 -0.81140084 -0.81933721 -0.82621407 -0.8319717 -0.83653977 -0.83983392 -0.84175161 -0.84216715 -0.84092577 -0.83783667 -0.83266472 -0.82512102 -0.81485211 -0.80142815 -0.78433066 -0.76294095 -0.7365311 -0.70426105 -0.6651863 -0.61828357 -0.56250275 -0.49685513 -0.4205452 -0.33314707 -0.23481192 -0.12647226 -0.0099859704 0.11184942 0.23546794 0.35689988 0.47226743 0.57828938 0.67266077 0.75421917 0.82288834 0.87945832 0.92529193 0.96203813 0.99140212 1.0149898 1.0342211 1.0502971 1.0642019 1.0767249 1.088492 1.0999983 1.111639 1.1237359 1.1365589 1.1503424 1.1652975 1.1816196 1.1994919 1.2190853 1.2405538 1.2640264 1.2895947 1.3172969 1.3470978
-0.78049799 -0.79071738 -0.80001153 -0.80833117 -0.81562224 -0.82182394 -0.82686624 -0.83066697 -0.83312821 -0.83413208 -0.83353569 -0.8311652 -0.82680891 -0.8202092 -0.81105359 -0.79896482 -0.78349048 -0.76409305 -0.74014165 -0.71090794 -0.67556958 -0.63322626 -0.58293476 -0.52377052 -0.45492271 -0.37582634 -0.28632681 -0.18685846 -0.078601382 0.036434732 0.15545342 0.27507425 0.39168401 0.50186989 0.60283059 0.69266388 0.77047243 0.83629175 0.89089288 0.93553185 0.97170835 1.0009717 1.024788 1.0444639 1.0611157 1.0756682 1.0888719 1.1013284 1.1135184 1.1258283 1.1385733 1.1520167 1.1663845 1.1818767 1.1986731 1.2169372 1.2368152 1.2584323 1.2818847 1.3072296 1.3344711 1.3635451 1.3943038
-0.78840626 -0.79706309 -0.80472623 -0.81133399 -0.81681659 -0.82109365 -0.82407113 -0.82563768 -0.82566038 -0.82397968 -0.82040351 -0.81470058 -0.80659277 -0.79574682 -0.7817656 -0.76417948 -0.74243898 -0.71591016 -0.68387549 -0.64554357 -0.60007263 -0.54661348 -0.48437773 -0.41273578 -0.33134407 -0.24029308 -0.14025474 -0.032594687 0.080593947 0.19657419 0.312182 0.42415274 0.52949325 0.6258136 0.71154296 0.78599263 0.84927706 0.90213859 0.94573336 0.98142715 1.0106307 1.0346854 1.0547961 1.0720016 1.0871716 1.1010194 1.1141225 1.1269464 1.1398676 1.1531934 1.1671797 1.1820435 1.197973 1.2151334 1.2336697 1.253706 1.2753424 1.2986479 1.3236521 1.3503338 1.3786092 1.4083202 1.4392256
-0.79359078 -0.80056409 -0.80644983 -0.8111692 -0.81463147 -0.81673087 -0.81734292 -0.81632016 -0.81348713 -0.80863472 -0.80151375 -0.79182798 -0.77922664 -0.76329713 -0.74355839 -0.71945634 -0.69036307 -0.65558257 -0.61436625 -0.56594287 -0.50956745 -0.44459335 -0.37056931 -0.28735804 -0.19526462 -0.095152812 0.011482368 0.12252054 0.23532638 0.34696753 0.45451043 0.5553358 0.64740433 0.72941735 0.80085005 0.86187123 0.91318857 0.95586539 0.99114717 1.020321 1.0446167 1.0651468 1.0828795 1.098633 1.1130847 1.1267886 1.1401945 1.1536679 1.1675077 1.1819615 1.197237 1.2135113 1.2309355 1.249638 1.2697239 1.2912717 1.3143286 1.3389027 1.3649546 1.3923882 1.4210423 1.4506845 1.4810101
-0.79582527 -0.80095017 -0.8048626 -0.80746162 -0.80863002 -0.80823064 -0.80610215 -0.80205427 -0.7958623 -0.78726121 -0.77593935 -0.76153214 -0.74361625 -0.72170518 -0.69524765 -0.66363053 -0.62618911 -0.58222781 -0.53105519 -0.47203686 -0.40466871 -0.3286699 -0.24408984 -0.15141573 -0.051659517 0.053603322 0.16226954 0.27183397 0.3795997 0.4829412 0.57956901 0.66774149 0.74638328 0.81509806 0.87409054 0.92403039 0.96589508 1.0008219 1.0299871 1.0545202 1.0754505 1.0936806 1.1099807 1.1249943 1.1392519 1.1531871 1.1671543 1.1814432 1.1962929 1.211902 1.2284367 1.2460358 1.2648129 1.2848565 1.3062279 1.3289567 1.3530351 1.3784111 1.4049822 1.4325887 1.4610107 1.4899678 1.5191244
-0.79481882 -0.79788168 -0.79957081 -0.79975798 -0.79829396 -0.79500452 -0.78968579 -0.78209922 -0.77196627 -0.75896297 -0.7427148 -0.72279266 -0.69871069 -0.66992754 -0.63585298 -0.59586219 -0.5493208 -0.49562363 -0.43424963 -0.36483387 -0.287254 -0.20172383 -0.10888019 -0.0098432248 0.093772305 0.19991397 0.30622419 0.41023717 0.50960946 0.60234062 0.68694098 0.76251832 0.82877684 0.88594338 0.93464809 0.97578929 1.0104066 1.0395771 1.0643396 1.0856473 1.104343 1.1211516 1.1366841 1.1514479 1.1658607 1.1802652 1.1949417 1.2101208 1.2259922 1.2427124 1.2604088 1.2791824 1.2991082 1.3202334 1.3425741 1.366111 1.3907844 1.4164893 1.4430711 1.470324 1.4979918 1.5257733 1.5533313
