Interpolating SPI Data/spi_stations/interpolated_spi/6-19_3.tif
NCOLS 257
NROWS 141
XLLCORNER -178.27925
YLLCORNER 5.3153543
DX 0.49934803
DY 0.49997533
NODATA_VALUE -9999
[rows 56 to 83 of 141, columns 192 to 255 of 257]
1.0999907 1.1 1.2747756 2.0901857 2.09 2.09 2.2021742 2.25 2.13 2.13 2.13 2.13 1.91 1.8 1.8 1.8 1.8 1.7996368 0.46 0.46 0.46 0.48 0.48 1.64 -0.51 -0.03 -0.03 -0.28 -0.28 -0.28 0.52028717 0.52 0.52 0.06 0.48999869 0.49 0.35957569 0.35 0.35000001 1.78 1.78 1.78 1.78 1.93 0.80853097 0.78 0.78 0.78 0.96 0.96 0.96 0.91020519 0.74 0.74 0.74 0.73999997 0.29 0.28999257 -0.38961206 0.01 0.0075669229 -0.014013667 -0.042862304 -0.067241323
1 1.0619319 1.29 1.29 2.0899105 1.5519868 1.28 1.28 1.2829925 2.126996 1.790001 1.91 1.91 1.91 1.8000087 1.83 1.83 1.83 0.46 0.46 0.29501261 0.29 1.47 0.68 -0.51 -0.51 -0.030165546 -0.28 -0.28 1.15 1.15 0.45 0.45 0.27 0.27 1.6753335 0.35 0.35 1.6800002 2.53 1.7800005 1.78 1.78 1.93 1.93 0.78016794 0.78 0.78 0.96 0.96 0.96 0.95999999 0.74 0.74 0.74 0.74 0.73996953 -0.38975282 -0.38999993 -0.39 -0.38939467 -0.32450931 -0.21925261 -0.17499754
1 1 1.29 1.29 1.29 1.44 1.28 1.28 1.6500769 1.79 1.79 1.91 1.91 1.91 1.3800038 1.38 1.83 1.83 0.92 0.92 1.59 0.29000053 1.3900009 1.48 1.4799819 1.1699983 1.17 0.88703679 1.15 1.15 1.15 1.0628187 0.45 0.45 1.68 1.68 1.57 1.57 1.68 2.53 2.24 2.24 1.9421199 1.93 1.93 1.57 1.57 0.78031107 0.96 0.96 0.96 0.74476533 0.74 0.74 0.74 0.74 0.74 -0.38973934 -0.38998621 -0.38999014 -0.38960647 -0.37928055 -0.33324433 -0.27443794
1 1.9 1.9 1.29 1.799884 1.44 1.44 1.39 1.39 1.79 1.9298403 1.9399998 1.91 1.59 1.5899988 1.38 1.38 0.63 0.63 1.19998 1.59 1.8199997 1.82 1.48 1.48 1.17 1.17 1.17 1.15 1.15 1.28 1.02 0.71001114 1.37 1.3701469 1.68 2.39 1.57 1.88 2.24 2.24 1.7300163 1.43 1.8 1.57 1.57 1.57 1.57 0.96000762 0.96 0.96 0.74000009 0.74 0.74 0.74 0.74 0.74 -0.38908887 -0.38971106 -0.38968418 -0.38863577 -0.38184228 -0.35897716 -0.32059881
1.08 2.23 1.9000072 1.8 1.8 1.7999943 1.36 1.39 1.39 1.9222948 1.94 1.69 1.86 1.66 0.97 0.97002768 0.92 1.09 0.53001125 1.2 1.6099996 1.61 1.82 1.48 1.4748415 1.17 1.17 1.17 1.37 1.37 1.37 0.7101264 1.62 1.37 1.61 1.61 2.3900142 2.68 2.6799197 2.24 1.9 1.73 1.43 1.8129182 1.7920022 1.57 1.57 1.57 1.5699253 0.96000005 0.95983353 0.74 0.74 0.74 0.74 0.74 0.74 -0.023538112 -0.38838434 -0.38816783 -0.38617158 -0.37949345 -0.36353988 -0.337413
2.23 2.23 1.78 1.9201816 1.8 1.36 1.36 1.19 0.95 0.95 1.69 1.69 1.69 0.45 0.97 0.74 0.91999844 0.22 0.53331864 1.04 1.61 1.61 1.61 1.5815237 1.28 1.28 1.28 1.28 1.37 1.37 1.37 1.99 1.99 1.88 2.83 2.71 2.74 1.69 2.13 2.0852046 1.38 1.8687682 1.82 1.82 1.82 1.5700021 1.57 1.57 1.57 1.0722006 0.84599114 0.74 0.74 0.74 0.74 0.74 0.74 0.71811994 -0.38527812 -0.38472952 -0.38190674 -0.37506622 -0.36204412 -0.34237636
1.97 1.97 1.78 1.96 0.56 0.8974436 1.07 1.4364492 1.38 0.93032656 0.81 1.03 1.33 1.08 0.79 0.74000003 1.4399609 1.44 1.3743539 1.71 1.71 1.57 1.57 1.57 1.2200026 1.2799994 1.28 1.28 1.3605076 1.3700007 1.87 1.87 2.59 2.56 2.56 2.7999921 1.36 1.75 1.8669421 1.38 1.38 1.38 1.82 1.82 1.82 1.819865 1.5701113 1.5700005 1.5700002 1.56953 0.74472711 0.74000001 0.74 0.74 0.74 0.74 0.74 0.73754142 -0.37979234 -0.37938867 -0.37603962 -0.36924787 -0.35799879 -0.34218278
0.9616543 1.97 0.31 0.69 -0.019999852 0.63 1.42 1.7 1.35 0.93 1.2095554 1.01 1.1806682 1.0800541 1.73 1.73 1.44 1.44 1.48 1.71 1.71 1.57 1.57 1.57 1.22 1.22 1.22 1.22 1.2319173 1.8699955 1.8700012 2.59 2.6499999 2.65 2.56 1.84 1.84 1.7500001 1.7500229 1.38 1.38 1.38 1.817936 1.82 1.82 1.8199999 1.8003736 1.5714401 1.570034 1.5700056 0.74911729 0.74000004 0.74 0.74 0.74 0.74 0.73999999 0.73905217 -0.34393962 -0.37261396 -0.36903486 -0.36252561 -0.35264094 -0.33945359
0.94 0.94 0.31 1.1900007 0.99 1.72 1.17 1.52 1.35 1.0198638 1.21 1.21 1.01 1.51 1.7298701 1.73 1.73 1.479999 1.48 1.38 0.96 0.96 0.96 1.0657103 1.22 1.22 1.22 1.22 1.22 1.8772193 2.6000956 2.65 2.65 2 2 1.84 1.84 1.8143831 1.7503752 1.3912515 1.38 1.38 1.3819118 1.8199993 1.82 1.82 1.8198684 1.7370801 1.5755666 1.570424 0.93715694 0.74000022 0.74 0.74 0.74 0.74 0.73999988 0.73931215 -0.071668292 -0.36476426 -0.36138619 -0.35531358 -0.34659739 -0.33538696
0.89 0.76 1.17 1.95 1.41 1.13 1.0804838 1.1895191 1.2 0.99003637 0.99 0.99 1.4913623 1.51 1.51 1.51 1.2256001 1.0807923 1.38 1.38 0.96 0.96 0.96 0.96000002 1.2199999 1.22 1.22 1.22 1.22 2.6431226 2.6499985 2.65 2.6402112 2 2 1.9988519 1.84 1.84 1.7521367 1.6594895 1.3800001 1.38 1.3800607 1.8140936 1.8199993 1.8199999 1.8199864 1.8163033 1.6934712 1.5824149 1.3716811 0.74001103 0.74 0.74 0.74 0.74 0.7399993 0.73931062 0.35785932 -0.35277017 -0.35348206 -0.34793773 -0.34025349 -0.33061845
1.02 0.83 1.17 1.369729 1.14 1.120811 1.1500005 1.18 1.14 0.99474529 0.99 0.99 1.0583152 1.03 1.03 1.218472 0.86 0.86 0.6 0.6 1.04 1.04 1.04 1.04 1.04 1.0433715 1.22 1.22 1.22 2.6499415 2.6499994 2.6493532 2.0000085 2 2 2 1.8430674 1.8400001 1.827451 1.7338398 1.3801168 1.3800001 1.3800255 1.5669988 1.8196458 1.8199973 1.8199933 1.8194849 1.8007411 1.6733995 1.5406198 0.74038924 0.74000004 0.74 0.74 0.73999999 0.73999695 0.73918656 0.5692909 -0.31624257 -0.3453311 -0.34062624 -0.33386073 -0.32552122
1.42 0.92230798 0.83023947 1.3368914 1.6999884 1.7 1.7 1.14 1.14 1.14 0.99000003 1.49 1.49 1.03 1.03 1.03 0.86 0.86 0.6 0.81479612 1.04 1.0400004 1.04 1.04 1.04 1.04 1.0400017 1.2195119 1.2200139 2.6499233 2.6479723 2.1414737 2.000002 2 2 2 1.9984604 1.8415714 1.8398516 1.7565963 1.3846209 1.3800123 1.3800277 1.407742 1.8032121 1.8198089 1.8199831 1.8198153 1.8159199 1.7751203 1.6506298 0.74617682 0.74000177 0.74 0.74 0.73999988 0.73998967 0.73896094 0.64701559 -0.2104885 -0.3352524 -0.33346421 -0.32757863 -0.32032581
1.42 1.68 1.68 1.68 1.7 1.7 1.7 1.87 1.87 1.7244386 1.4703118 1.49 1.49 1.64 1.64 1.56 0.86 0.76 0.76 1.01 1.01 1.24 1.04 1.04 1.04 1.04 1.04 1.0400007 1.1065895 2.6444148 2.4959371 2.007706 2.0000051 2 2 2 1.9999346 1.9435466 1.8422113 1.8222253 1.4160267 1.3803744 1.3800529 1.3882741 1.682522 1.8159436 1.8197696 1.8198494 1.8184736 1.8060076 1.7462842 0.80147771 0.74004409 0.74000008 0.73999998 0.7399993 0.73997124 0.73862638 0.67838792 -0.02450566 -0.31696455 -0.32613584 -0.32147656 -0.31517366
1.2 1.68 1.68 1.680031 1.8599987 1.7 1.7 1.87 1.87 1.87 1.41 1.41 1.78 1.64 1.6399409 1.56 1.5599969 1.12 1.12 1.12 1.1199606 1.24 1.239999 1.04 1.04 1.04 1.04 1.04 1.0400019 2.5618339 2.1390378 2.0025118 2.0000174 2.0000001 2 2 1.9999758 1.9945773 1.8880091 1.8409094 1.5170537 1.383556 1.380251 1.3844115 1.5202483 1.7879908 1.8176004 1.8195615 1.8190563 1.8140171 1.7892927 1.0924471 0.74067719 0.74000205 0.73999986 0.7399971 0.73993139 0.7381659 0.6927198 0.1757933 -0.27834359 -0.31726264 -0.31545453 -0.31013276
1.2 1.2704401 1.76 1.76 1.86 1.86 1.86 1.08 1.08 1.040017 1.41 1.41 1.7799998 1.78 1.56 1.56 1.2797172 1.12 1.12 1.12 1.12 1.24 1.2399999 1.0405384 1.04 1.04 1.04 1.04 1.04 1.5068009 2.0443924 2.0018582 2.0000535 2.0000018 2.0000001 1.9999998 1.9999784 1.998634 1.9650653 1.8703271 1.7135363 1.3979304 1.3814558 1.3834422 1.4450128 1.7061528 1.8061149 1.8177404 1.8188292 1.8164419 1.8048506 1.5267664 0.74720779 0.74003368 0.73999961 0.73999055 0.73985524 0.73755881 0.69974522 0.3312492 -0.20790769 -0.30362755 -0.30903027 -0.3051683
0.64065146 0.54 0.60409146 0.41 1.86 1.86 1.42 1.08 1.08 1.04 1.04 1.0373878 1.29 1.29 1.08 1.08 0.96 0.96 1.12 1.12 1.12 1.2388346 1.2399992 1.1802348 1.0401432 1.0400021 1.0400004 1.0400003 1.0400004 1.0434016 2.0232335 2.0019472 2.0001389 2.0000115 2.0000014 1.9999994 1.9999725 1.9993058 1.9887323 1.9283064 1.8297504 1.4505292 1.3862672 1.3839205 1.4170724 1.5998183 1.7715468 1.8106061 1.8170748 1.8168107 1.8106936 1.7191104 0.79177811 0.74038012 0.74000228 0.73997441 0.73972346 0.73678335 0.70314403 0.4346684 -0.10665085 -0.28027601 -0.30104635 -0.30005567
0.54 0.54 0.41 0.41 0.40000005 1.42 1.42 0.68 0.95 0.95 0.40000043 0.4 0.96 0.96 1.08 1.08 0.96 0.96 0.96 0.96001626 1.092336 1.1564975 1.2399854 1.232911 1.0530481 1.0402586 1.0400267 1.040009 1.0400062 1.0401122 2.0126703 2.0023617 2.0003093 2.0000458 2.0000089 1.9999997 1.9999606 1.9994782 1.9946877 1.9664666 1.8944413 1.5899752 1.4017354 1.3866938 1.4061313 1.5211479 1.7090899 1.7915847 1.8115135 1.8152686 1.812541 1.7765597 0.96631387 0.74301945 0.74004447 0.73994111 0.73951297 0.73581834 0.70450003 0.5004278 0.0094934114 -0.24233039 -0.28952488 -0.29425631
0.54 0.54 0.40001702 0.4 0.4 1.42 0.68 0.68 0.29 0.95 0.050020317 0.050000001 0.25 0.25073702 0.7 1.08 0.96 0.96 0.96 0.96 0.96000194 0.98451685 1.2385629 1.2369629 1.1288356 1.0453526 1.0405541 1.040136 1.0400631 1.0400565 1.7903136 2.0030267 2.0006062 2.0001337 2.0000353 2.0000052 1.9999442 1.9995147 1.9966308 1.9822931 1.9383039 1.7639019 1.4472609 1.394602 1.4027921 1.4759033 1.6362173 1.7556952 1.798555 1.810513 1.8116764 1.7949528 1.2834709 0.75715305 0.74038272 0.73988802 0.73919859 0.73464432 0.70457369 0.54237127 0.12123243 -0.18786518 -0.27194119 -0.28683047
0.62 0.62 0.4234631 0.83998748 0.84 0.83999996 0.67999997 0.29000183 0.29 0.25927515 0.17 0.05 0.42 0.7 0.7 0.69999998 0.95999995 0.96 0.96 0.96 0.96 0.96000619 1.0377925 1.2372924 1.1901394 1.0720609 1.0446132 1.0410859 1.0404197 1.0402405 1.1681793 2.0036554 2.0010718 2.0003143 2.0001042 2.0000275 1.9999286 1.999498 1.9974012 1.9888537 1.9627246 1.8727986 1.5537272 1.4147119 1.4052358 1.4520735 1.5740408 1.7059797 1.7750922 1.8004681 1.8076753 1.8004853 1.5449167 0.81030238 0.74226234 0.73986092 0.73875745 0.73324458 0.70376482 0.56960064 0.21677921 -0.11963129 -0.24598036 -0.27648138
0.62 0.62 0.62 0.84 0.84 0.47 0.47 0.29000555 0.29000001 0.17 0.17 0.16994821 0.41303465 0.24 0.24 0.24001386 0.2736794 0.95999964 0.96 0.96 0.96 0.9600002 0.96007715 1.1474433 1.2121923 1.1195423 1.0591599 1.0451103 1.0418966 1.0409589 1.0561209 1.995454 2.0017407 2.0006317 2.0002489 2.000087 1.9999262 1.9994609 1.9977346 1.9918849 1.9752966 1.9254358 1.7039502 1.4620514 1.4155141 1.4413186 1.5299179 1.6526625 1.741189 1.7832934 1.7994321 1.799687 1.6775088 0.94512667 0.75005094 0.74012671 0.7381857 0.73160745 0.70230075 0.58757158 0.29303216 -0.044007988 -0.21048166 -0.26178075
0.57 0.57 0.57 0.83922625 0.47 0.47 0.79 0.62000001 0.62 0.62 1.06 1.06 0.24 0.24 0.24 0.24 0.24000816 0.24334285 0.95992284 0.95999998 0.96 0.96000004 0.96000313 0.96188029 1.1786037 1.1590029 1.0867293 1.0556631 1.0461344 1.0429992 1.0449576 1.8808554 2.0025238 2.0011279 2.0005084 2.0002126 1.9999575 1.999428 1.9978812 1.9934351 1.9819634 1.9512192 1.8237725 1.5524391 1.4398278 1.4405558 1.5020446 1.6053692 1.7009418 1.7586445 1.7859238 1.7940074 1.7341381 1.1612872 0.77488826 0.7416704 0.7375561 0.72973388 0.70032129 0.59952359 0.35178762 0.031877721 -0.16604568 -0.24153218
0.57000002 0.97 0.97 0.97806158 0.78996918 0.79 0.79 0.6200931 0.62 0.62 1.06 1.06 1.06 0.24000001 0.24 0.24 0.24000033 0.24005406 0.27954701 0.95854669 0.95999425 0.95999979 0.96000087 0.96005547 0.97546786 1.1620563 1.118197 1.0740365 1.054955 1.0474948 1.0453884 1.48529 2.0015834 2.001832 2.0009222 2.0004389 2.0000502 1.9994259 1.9979528 1.9942982 1.9857247 1.9648932 1.8917986 1.6718021 1.4880168 1.450726 1.4872169 1.5686829 1.6602849 1.7282962 1.7669136 1.7836307 1.7557531 1.3798241 0.83618268 0.74723175 0.73717675 0.72766201 0.69792353 0.60742002 0.39640259 0.10257175 -0.1149301 -0.21514059
0.97 0.97 1.5 1.5 0.83007182 0.94 0.94 0.94 0.62 0.10087412 1.06 1.06 1.06 1.0599999 0.24012018 0.24 0.24000024 0.24001325 0.24028261 0.37880695 0.9522755 0.95985142 0.95998866 0.96000764 0.96075175 1.0115071 1.1338003 1.0966769 1.0688311 1.0553954 1.0495486 1.1878378 1.9841177 2.0026621 2.0015248 2.0008016 2.0002364 1.9994845 1.9980155 1.9948271 1.9879937 1.9727496 1.9274002 1.7780095 1.5651501 1.4759038 1.483938 1.5433791 1.6241176 1.6955387 1.7433241 1.7687648 1.7602816 1.5354048 0.9512055 0.7627573 0.73793269 0.72553179 0.69519554 0.61249106 0.43015563 0.16509721 -0.060320728 -0.18283014
1.2900011 1.5 1.5 0.83000009 0.83 0.94 0.94 0.94 -0.39791609 0.1 0.1 0.1 0.10080833 0.74550991 1.0085704 0.24642644 0.24000275 0.24001014 0.24011705 0.24191095 0.47870811 0.93851203 0.95885619 0.95985537 0.9600696 0.96484653 1.0521555 1.1123824 1.08582 1.0667519 1.0566721 1.0970481 1.8907734 2.0026927 2.0023287 2.0013337 2.0005497 1.999636 1.9981179 1.9952031 1.9894641 1.9775964 1.9468424 1.850227 1.6589134 1.5206627 1.4929077 1.5290358 1.5952059 1.6638807 1.7170642 1.7501291 1.7551914 1.6256054 1.1118762 0.79811005 0.74184908 0.72372256 0.69225991 0.61554413 0.45572537 0.21854462 -0.0054263773 -0.1456174
1.29 1.5 0.96953525 0.43 0.83 0.83 0.94 -0.67423549 -0.52 -0.52 -0.51506974 0.1 0.1 0.10001451 0.10675865 0.2221549 0.26849427 0.24019441 0.24010243 0.24053454 0.2506314 0.54695183 0.91827977 0.95554869 0.95918829 0.96053489 0.97727989 1.0749948 1.0990257 1.0801919 1.0663448 1.0759628 1.6530588 1.9968709 2.003223 2.002059 2.0010212 1.9999123 1.998301 1.9955341 1.9905034 1.9807898 1.9582784 1.8941751 1.7461046 1.5843528 1.5161398 1.5256066 1.5747293 1.6360762 1.6904569 1.7289941 1.7440968 1.6717472 1.2802533 0.86443476 0.75274067 0.72308946 0.689346 0.61715344 0.47515612 0.26328153 0.047175635 -0.1050647
0.28764681 -0.088735792 0.04 0.43 0.43 0.78311519 -0.7 -0.7 -0.69962441 -0.52 -0.52 -0.51999999 -0.30669938 0.096185676 0.099368867 0.1019052 0.12609786 0.2242696 0.241386 0.24057522 0.24208329 0.27406513 0.58910116 0.89455465 0.94854616 0.95731023 0.9625785 0.99926201 1.082606 1.0909822 1.0773724 1.0750263 1.3838043 1.9676753 2.0035035 2.0029658 2.0016757 2.0003425 1.9985999 1.9958918 1.9913228 1.9830396 1.9655224 1.9206786 1.8129832 1.6575349 1.554644 1.5337479 1.5632351 1.613905 1.6656625 1.7069512 1.7292825 1.691871 1.4195183 0.96639815 0.77646554 0.72528448 0.68690706 0.61779496 0.48998059 0.30028333 0.095794168 -0.062932602
-0.13 -0.10861897 0.04 0.04 0.26197627 0.02 -0.69998291 -0.7 -0.7 -0.52 -0.52 -0.52 -0.51999927 -0.51445467 -0.24396282 0.029128539 0.07804268 0.10224315 0.1641136 0.23853573 0.2419208 0.24721057 0.31231711 0.61494725 0.87011949 0.93744496 0.95385008 0.9681641 1.0235973 1.083701 1.0862002 1.0805135 1.2228721 1.8794943 2.000415 2.0038983 2.0025218 2.0009503 1.9990442 1.996328 1.9920533 1.9847455 1.9704366 1.9372535 1.8593743 1.7271871 1.6057161 1.554104 1.5612175 1.5984465 1.6443787 1.6856101 1.7125521 1.6970913 1.5170713 1.0943174 0.81990902 0.73306173 0.68578426 0.61796588 0.50137187 0.3307167 0.13956985 -0.020864645
0.17 0.17 0.32897239 0.33 0.02 0.02 0.02 -0.7 -0.7 -0.69996721 -0.52 -0.52 -0.51999999 -0.51998026 -0.51664288 -0.44938893 -0.22679551 -0.052962798 0.029386354 0.1014605 0.21202947 0.24218817 0.25890749 0.3576671 0.63091252 0.8467699 0.92304414 0.94945598 0.97844698 1.0424061 1.082853 1.0859849 1.1518691 1.7101691 1.9861797 2.004214 2.0035142 2.0017486 1.9996575 1.9968812 1.9927815 1.9861476 1.9739951 1.9481675 1.8905601 1.7849356 1.6626489 1.5859884 1.5691058 1.5904179 1.627827 1.6663828 1.6954502 1.6939227 1.5783399 1.2267568 0.88799555 0.75033707 0.68739355 0.61830835 0.51028823 0.35573466 0.17827764 0.019815209
