Interpolating SPI Data/spi_stations/interpolated_spi/6-19_1.tif
NCOLS 257
NROWS 141
XLLCORNER -178.27925
YLLCORNER 5.3153543
DX 0.49934803
DY 0.49997533
NODATA_VALUE -9999
[rows 56 to 83 of 141, columns 192 to 255 of 257]
0.20008616 0.2 0.38397429 1.4300269 1.43 1.43 1.366902 1.34 1.24 1.24 1.24 1.24 0.68 0.52 0.52 0.52 0.52 0.37803201 -0.15 -0.15 -0.15 0.19 0.19 0.72 -0.94 -0.52 -0.52 -0.74 -0.74 -0.74 -0.31969003 -0.32 -0.32 -0.83 -0.20000192 -0.2 0.07 0.07 0.070000009 1.23 1.23 1.23 1.23 1.9499999 1.3746376 1.36 1.36 1.36 1.1 1.1 1.1 1.637784 0.58 0.58 0.58 0.58000004 1.21 1.2099941 0.66045583 1.13 1.1271411 1.1017839 1.0678868 1.0392414
1.13 0.9741026 0.4 0.4 1.4298847 -0.11761269 -0.9 -0.9 -0.89246595 1.2367309 0.87000093 0.68000001 0.68 0.68 0.51995996 0.39 0.39 0.39 -0.15 -0.15 0.5782137 0.6 1.35 1.39 -0.94 -0.94 -0.52014493 -0.74 -0.74 0.36 0.36 -0.9 -0.9 -0.32 -0.32 1.2558247 0.07 0.07 1.5800001 2.66 1.2300013 1.23 1.23 1.95 1.95 1.3600862 1.36 1.36 1.1 1.1 1.1 1.1 0.58 0.58 0.58 0.58 0.58004266 0.66029044 0.66000009 0.66 0.66071126 0.73695156 0.86062818 0.91262789
1.13 1.13 0.4 0.4 0.4 0.44 -0.9 -0.9 0.38441238 0.87 0.87 0.68000001 0.68 0.68 0.21000462 0.21 0.39 0.39 0.53 0.53 0.45 0.60000021 1.0500034 0.76 0.76000162 0.13999891 0.14 -0.030817817 0.36 0.36 0.36000001 0.19931646 -0.9 -0.9 1.26 1.26 1.06 1.06 1.58 2.66 2.41 2.41 1.9713288 1.95 1.95 1.65 1.65 1.3601138 1.1 1.1 1.1 0.5912635 0.58 0.58 0.58 0.58 0.58 0.66030628 0.6600162 0.66001158 0.66046239 0.67259535 0.72668791 0.79578542
1.13 0.7 0.7 0.4 0.2100741 0.44 0.44 0.10999995 0.11 0.87 0.87 0.8699996 0.68 0.57 0.56999786 0.21 0.21 -0.77 -0.77 -0.27970557 0.45 1.0199993 1.02 0.76 0.76 0.14 0.14 0.14 0.36 0.36 0.54 0.14 0.26999533 0.77 0.7700679 1.26 2.08 1.0600001 1.65 2.35 2.41 1.7800197 1.36 2.12 1.65 1.65 1.65 1.65 1.1000069 1.1 1.1 0.58000021 0.58 0.58 0.58 0.58 0.58 0.66101055 0.66033951 0.66037109 0.66160297 0.66958532 0.69645184 0.7415464
0.12000002 0.74 0.70000087 0.21 0.21 0.21000387 0.51 0.11 0.11 0.84910149 0.87 0.67 0.89 0.71 0.17 0.17000277 0.54 0.26 -0.22006188 -0.28 0.88999891 0.89 1.02 0.76000003 0.74968306 0.14 0.14 0.14 1.13 1.13 1.13 0.26994699 1.07 0.77 0.88 0.88 2.0800019 1.88 1.8800263 2.35 1.85 1.78 1.36 1.9262263 2.1036567 1.65 1.65 1.65 1.6499327 1.1 1.0996065 0.58000001 0.58 0.58 0.58 0.58 0.58 0.63621216 0.6618984 0.6621528 0.6644984 0.6723452 0.69109065 0.72178972
0.74 0.74 0.47 0.033879364 0.21 0.51 0.51 0.32 -0.3 -0.3 0.67 0.67 1.01 9.2078865e-56 0.17 0.22 0.53999755 -0.56 -0.21895886 -0.06 0.89 0.89 0.88999986 0.69055504 0.95 0.95 0.95 0.95 1.13 1.13 1.13 1.1 1.1 1.24 1.84 1.89 1.9 1.41 2.06 2.0444709 1.8 1.8371399 1.82 1.82 1.8200001 1.650004 1.65 1.65 1.65 1.2011643 0.83052449 0.58000001 0.58 0.58 0.58 0.58 0.58 0.5816902 0.66554742 0.66619282 0.66950958 0.6775472 0.69284815 0.71595778
1.13 1.13 0.47 -0.09 -0.61 0.006913873 0.28 0.12557274 0.17 -0.22990476 0.3 0.42 0.79 0.34 0.38 0.2200001 0.77996847 0.78 0.64214322 0.84 0.84 0.65 0.65 0.65 1.1299922 0.95000193 0.95 0.95 1.1110152 1.13 1.11 1.11 1.89 1.81 1.81 1.8525018 1.31 1.27 1.4208931 1.8 1.8 1.8 1.82 1.82 1.82 1.8199258 1.65009 1.6500009 1.6500004 1.6495764 0.59110801 0.58000002 0.58 0.58 0.58 0.58 0.58 0.58020341 0.6713597 0.67246831 0.67640344 0.68438376 0.69760143 0.71618523
0.14123383 1.13 -0.11 -0.09 -0.70999993 -0.27 0.33 -0.08 0.37 -0.23 0.25533184 0.18 0.50533632 0.34014856 0.94999999 0.95 0.78000001 0.78 0.88 0.84 0.84 0.65 0.65 0.65 1.13 1.13 1.13 1.13 1.094264 1.1100002 1.1100013 1.89 1.84 1.84 1.81 1.43 1.43 1.2700002 1.2700296 1.8 1.8 1.8 1.8199062 1.82 1.82 1.8200002 1.8068913 1.6510704 1.6500398 1.650012 0.59248935 0.58000009 0.58 0.58 0.58 0.58 0.58 0.58008511 0.67635039 0.6804247 0.68463403 0.69228241 0.7038969 0.71939203
0.12 0.12 -0.11 0.37000211 0.28 0.82 0.57 0.65 0.37000003 -0.072739708 0.26 0.26 0.18 0.47 0.94971658 0.95 0.95 0.87999762 0.88 0.86 0.8 0.8 0.8 0.7740057 1.13 1.13 1.13 1.13 1.13 1.1178183 1.8814739 1.84 1.84 1.46 1.46 1.43 1.43 1.3844491 1.2704842 1.7843662 1.8 1.8 1.8000869 1.82 1.82 1.8200001 1.8199379 1.7644269 1.6541363 1.6504138 0.83438649 0.58000043 0.58 0.58 0.58 0.58 0.58000001 0.58006739 0.65903392 0.68937114 0.69362067 0.70075654 0.71099806 0.72417033
-0.51 -0.84 0.04 0.02 0.44 0.22000001 0.731987 1.1185574 1.15 0.85005196 0.85 0.85 0.48349517 0.47 0.47 0.47 0.43600532 0.583802 0.86 0.86 0.8 0.8 0.8 0.80000002 1.1299999 1.13 1.13 1.13 1.13 1.8415324 1.8400013 1.84 1.8342773 1.46 1.46 1.4597847 1.43 1.43 1.2727663 1.4153118 1.7999999 1.8 1.8000028 1.8197314 1.8199999 1.8200002 1.8200036 1.8177803 1.735588 1.6593671 1.3938127 0.58001468 0.58 0.58 0.58 0.58 0.58000008 0.58007362 0.62070148 0.69834447 0.70288273 0.70942284 0.71845213 0.72977332
-0.31 -0.54 0.04 0.52017672 0.66999999 0.97891917 1.0300009 1.09 1.1 0.85790882 0.85 0.85 0.48154432 0.46 0.46 0.4639265 0.38 0.38 0.13 0.13 0.35 0.35 0.86 0.86 0.86 0.8650572 1.13 1.13 1.13 1.8400459 1.8399998 1.8396219 1.4600049 1.46 1.46 1.46 1.4305751 1.43 1.4072624 1.3237746 1.7998533 1.7999999 1.8000012 1.808499 1.8199832 1.82 1.8200078 1.8198051 1.8080684 1.7230247 1.6019683 0.58050206 0.58000006 0.58 0.58 0.58 0.58000036 0.58009428 0.5997828 0.70437948 0.71204196 0.71800508 0.72596325 0.73576253
-0.21 -0.42825876 -0.53959101 0.54158745 1.6499797 1.65 1.65 1.1 1.1 1.1 0.85 0.81 0.81 0.46 0.46 0.46 0.38 0.38 0.12999999 0.10380535 0.35 0.35000086 0.86 0.86 0.86 0.86 0.8600026 1.1292678 1.1300069 1.8399695 1.8388147 1.5427077 1.4600012 1.46 1.46 1.46 1.4597113 1.4302946 1.4297086 1.3260506 1.7942996 1.799986 1.800001 1.80126 1.8192313 1.8199892 1.8200089 1.8200004 1.8179563 1.7921677 1.7012093 0.58785919 0.58000234 0.58000001 0.58 0.58000002 0.58000131 0.58012989 0.59164252 0.70080901 0.72062287 0.72631157 0.7333386 0.74186655
-0.21 2.23 2.23 2.23 1.65 1.65 1.65 1.24 1.24 1.2120841 0.76816254 0.81 0.81 0.65 0.65 0.69 0.38 -0.47 -0.47 0.08 0.08 0.75 0.86 0.86 0.86 0.86 0.86 0.86000102 0.9594862 1.836745 1.7499327 1.4645051 1.460003 1.46 1.46 1.46 1.4599877 1.449415 1.4303749 1.4069341 1.7570219 1.7995787 1.7999901 1.8003739 1.8137315 1.8198014 1.8199951 1.8200392 1.8195385 1.8124961 1.7726616 0.65593983 0.58005617 0.58000012 0.58000001 0.5800001 0.58000388 0.58018395 0.58827367 0.68409425 0.72754525 0.73417152 0.7404531 0.74791416
1.74 2.23 2.23 2.230031 1.2900029 1.65 1.65 1.24 1.24 1.24 0.64 0.64 0.52 0.65 0.65002956 0.69 0.68999986 0.67 0.50007024 0.5 0.49984972 0.75 0.75000058 0.86 0.86 0.86 0.86 0.86 0.86000266 1.7884461 1.5412838 1.4614684 1.4600102 1.4600001 1.46 1.46 1.4599955 1.4589832 1.4389875 1.4275007 1.6554627 1.7960787 1.799815 1.8001785 1.8063419 1.8184949 1.8198743 1.8200282 1.819924 1.8175687 1.8025856 1.0020121 0.58083904 0.58000267 0.58000005 0.58000042 0.58000983 0.58026137 0.58676109 0.66171072 0.7307265 0.74129765 0.74721097 0.75379559
1.74 1.8116979 2.31 2.31 1.29 1.29 1.29 0.1 0.1 0.32001535 0.64 0.64 0.52000018 0.52 0.69 0.69 0.67725987 0.67 0.67 0.5 0.49999999 0.75 0.75000006 0.85970387 0.85999999 0.86 0.86 0.86 0.85999999 1.1469216 1.4859527 1.4610863 1.4600313 1.4600011 1.4600001 1.46 1.459996 1.4597439 1.4534459 1.4350548 1.5071686 1.7811815 1.7986317 1.7999688 1.8028845 1.81471 1.819292 1.819912 1.8200137 1.8191153 1.8129212 1.5050508 0.58870196 0.58004211 0.58000059 0.58000147 0.5800219 0.58036789 0.58609005 0.64255699 0.72786636 0.74710626 0.75348814 0.75943185
0.90097719 0.75 0.82872462 0.58 1.29 1.29 1.09 0.1 0.1 0.32 0.32 0.31951022 0.87 0.87 0.94 0.94 0.75 0.75 0.67000001 0.66997918 0.49999997 0.74757156 0.75000041 0.78287086 0.85992123 0.85999884 0.85999978 0.85999984 0.85999977 0.86210539 1.4735824 1.4611384 1.4600812 1.4600067 1.4600009 1.46 1.4599949 1.4598699 1.457886 1.4463908 1.449987 1.7332594 1.7939253 1.7991764 1.8014222 1.8097802 1.8176042 1.8194985 1.8199201 1.8196366 1.816762 1.7212928 0.64142786 0.58046296 0.58000685 0.58000432 0.58004395 0.58050977 0.58586455 0.62909716 0.71844546 0.75066128 0.75905764 0.76474097
0.75 0.75 0.58 0.58 0.47000008 1.09 1.09 0.12 0.14 0.14 0.20000008 0.2 1.18 1.18 0.94 0.94 0.75 0.75 0.75 0.74999187 0.59109027 0.57601219 0.74998237 0.75389889 0.85282354 0.85985778 0.85998529 0.85999504 0.85999656 0.86006208 1.4672421 1.4613807 1.4601808 1.4600268 1.4600053 1.460001 1.4599931 1.4599025 1.4590035 1.4536632 1.4452102 1.624996 1.7796289 1.7965515 1.8002044 1.8059666 1.8145808 1.8184665 1.8195577 1.8197079 1.8183073 1.7835655 0.84584985 0.58361457 0.58006644 0.58001223 0.58008104 0.58069342 0.58591062 0.62026986 0.70462569 0.75093526 0.76353557 0.76959974
0.75 0.75 0.47018724 0.47 0.47 1.09 0.12 0.12 -0.01 0.14 0.2 0.2 0.63 0.6305709 0.66 0.94 0.75 0.75 0.75 0.75 0.74999902 0.71625146 0.74706247 0.75165051 0.81113998 0.85705608 0.85969523 0.85992519 0.85996528 0.85998259 1.3284767 1.4617694 1.4603544 1.4600782 1.4600211 1.4600062 1.4599922 1.4599108 1.4593693 1.4566621 1.4498239 1.5169057 1.7416568 1.7894821 1.7979883 1.8032142 1.8109446 1.8165683 1.8187529 1.8194261 1.8188545 1.8033448 1.2151426 0.60031744 0.58049232 0.58004035 0.58013988 0.58092528 0.58614384 0.61457165 0.68967558 0.74734287 0.76640504 0.77381237
0.73 0.73 0.49772912 0.63999516 0.64 0.63999997 0.12000004 -0.0099993909 -0.01 0.16154709 0.66 0.2 0.6 0.66 0.66 0.65999997 0.74999998 0.75 0.75 0.75 0.75 0.74999574 0.73818372 0.75067659 0.77739144 0.84236527 0.85746268 0.85940272 0.85976913 0.85987134 0.9398559 1.4621256 1.4606268 1.4601842 1.4600624 1.4600232 1.4599962 1.4599124 1.4595176 1.4579056 1.4535283 1.4708385 1.6638614 1.7724886 1.7931481 1.8003786 1.8074124 1.8138844 1.8173441 1.8187386 1.8188106 1.8107401 1.5186822 0.66276953 0.58276996 0.58016797 0.58023247 0.5812119 0.58651988 0.61090132 0.67600203 0.74016232 0.76714652 0.77710526
0.73 0.73 0.72999998 0.64 0.64 0.43 0.43 -0.0099781387 -0.0099999791 0.66 0.66 0.65980146 0.5806518 0.1 0.1 0.10001687 0.14100057 0.74999972 0.75 0.75 0.75 0.74999989 0.74995944 0.74622706 0.76469222 0.81620996 0.8494586 0.85718878 0.8589567 0.85947421 0.8693523 1.4569496 1.4610181 1.4603706 1.4601495 1.4600651 1.4600138 1.4599177 1.4595897 1.4584868 1.4556334 1.458801 1.5694682 1.7358347 1.7829018 1.7960666 1.8038476 1.8107025 1.8152833 1.8175622 1.8182831 1.8137283 1.6735529 0.82080514 0.59206196 0.58074286 0.58039426 0.58156193 0.58701413 0.60855899 0.66462438 0.73046581 0.76543215 0.77916214
0.36 0.36 0.36000001 0.63956085 0.43 0.43 1.36 1.29 1.29 1.29 1.51 1.51 0.1 0.1 0.1 0.1 0.10000994 0.10348197 0.74993102 0.74999998 0.75 0.74999998 0.74999814 0.74977789 0.7562268 0.7939536 0.83424052 0.85137581 0.85662342 0.85835045 0.86099443 1.3851129 1.4614719 1.4606628 1.460306 1.4601503 1.4600582 1.4599384 1.4596381 1.458798 1.4568064 1.4564804 1.5064609 1.6727054 1.7624795 1.7884423 1.7994262 1.8070999 1.8126215 1.8158439 1.8172794 1.8147492 1.7426148 1.0743733 0.62149845 0.58296676 0.58075086 0.58199463 0.58761365 0.60711259 0.65563012 0.71963187 0.7612798 0.77969571
0.36000005 1.31 1.31 1.3252105 1.3599104 1.36 1.36 1.2900383 1.29 1.29 1.51 1.51 1.51 0.10000003 0.1 0.1 0.1000004 0.1000658 0.13608465 0.7486939 0.74999489 0.74999978 0.74999949 0.74998136 0.74971833 0.77644954 0.81634206 0.84118681 0.85175076 0.85586965 0.8582259 1.1362845 1.460834 1.4610785 1.4605566 1.4603004 1.460147 1.4599893 1.4596916 1.4589958 1.4575039 1.456421 1.4777877 1.5976794 1.726015 1.7747974 1.792876 1.8027165 1.8093553 1.8135585 1.8157802 1.8146586 1.7741428 1.3322985 0.69401796 0.59011732 0.58170412 0.5825686 0.58831761 0.60629382 0.64870921 0.70885012 0.7550735 0.77853103
1.31 1.31 2.31 2.31 1.1902742 1.61 1.61 1.61 1.29 0.69074664 1.51 1.51 1.51 1.5099999 0.10020664 0.1 0.10000029 0.10001613 0.10033407 0.22581928 0.74305547 0.74986743 0.74998929 0.74999288 0.74990805 0.75352106 0.79741151 0.82804448 0.84398475 0.85147861 0.85525601 0.94631713 1.4497621 1.4615661 1.4609227 1.4605379 1.4603002 1.4600878 1.4597726 1.4591551 1.4579653 1.4568145 1.466328 1.5378402 1.6725868 1.7516011 1.7824502 1.7967736 1.8052708 1.8106457 1.8137523 1.8137849 1.7893251 1.5193282 0.83039744 0.60927455 0.58433343 0.58345724 0.58914963 0.60593605 0.64346317 0.69889317 0.74744351 0.77566529
1.4500045 2.31 2.31 1.1900001 1.19 1.61 1.61 1.61 0.15996029 0.69 0.69 0.69 0.69069045 1.2413731 1.4660263 0.11125697 0.10000453 0.10001238 0.10014235 0.10197107 0.31620211 0.73069487 0.74897838 0.74986518 0.74993629 0.74994901 0.76626348 0.81175903 0.83379205 0.84501779 0.85101839 0.88339568 1.3903848 1.4615401 1.4614126 1.4608835 1.4605385 1.460253 1.4599015 1.4593203 1.458318 1.4572585 1.4617781 1.5017724 1.6127036 1.7162539 1.7659473 1.7881271 1.7998806 1.8069287 1.8111216 1.8122457 1.7967967 1.6330453 1.0221554 0.65222254 0.59105997 0.5851086 0.59019274 0.60594446 0.63953261 0.69013454 0.73908503 0.77127799
1.45 2.31 1.2986466 0.27000001 1.19 1.19 1.61 -0.52590915 0.03 0.03 0.035248346 0.69 0.69 0.69001239 0.69577298 0.7940181 0.20279235 0.10044908 0.1001321 0.10063726 0.11017049 0.37807518 0.71256291 0.74602411 0.74923336 0.74967862 0.75151174 0.78288011 0.82020512 0.83656362 0.84526531 0.86175678 1.2373055 1.457768 1.4619564 1.4613523 1.4608811 1.4605039 1.460098 1.4595224 1.4586358 1.457686 1.4599625 1.4826331 1.5612656 1.6705629 1.7413148 1.7753411 1.792432 1.8020633 1.807734 1.8100414 1.8002068 1.6982192 1.2257767 0.73247744 0.60642276 0.58851931 0.59166258 0.606293 0.63663592 0.68267157 0.73060824 0.76568997
0.86793409 0.37989889 0.13 0.27 0.27 1.0821653 -0.56 -0.56 -0.5587689 0.03 0.03 0.030000005 0.25706196 0.68593958 0.68931882 0.69152806 0.71166644 0.47135221 0.10948137 0.10109179 0.10237351 0.13185052 0.41647705 0.69136622 0.73976735 0.74735101 0.74907999 0.75711961 0.79634695 0.82493924 0.83782518 0.85042675 1.0595045 1.4388566 1.4621022 1.4619369 1.4613432 1.4608578 1.4603804 1.4597861 1.4589663 1.4581082 1.4593006 1.4727718 1.5249414 1.6218841 1.7081041 1.7569709 1.7819673 1.7955298 1.8033256 1.8070764 1.8011699 1.7354029 1.3983303 0.85622834 0.63741166 0.59560746 0.59403306 0.60704901 0.63457826 0.67645113 0.72246387 0.75929276
0.46 0.41849564 0.13 0.13 0.13476139 -0.06 -0.55998813 -0.56 -0.56 0.03 0.03 0.03 0.030000782 0.035903096 0.32384569 0.61452309 0.6660995 0.68803918 0.60558526 0.16712169 0.1080571 0.10847122 0.16731933 0.44031195 0.66963019 0.7298085 0.74345912 0.74852715 0.76674694 0.80530606 0.82751347 0.84115029 0.94669738 1.3809911 1.4600529 1.4625369 1.4619296 1.4613288 1.4607648 1.4601314 1.4593429 1.4585513 1.4591803 1.4676499 1.5019215 1.5786133 1.6688486 1.7322136 1.7674858 1.7866693 1.7975173 1.8031619 1.8003964 1.756748 1.5245011 1.0128443 0.69232717 0.60957101 0.59821611 0.60842885 0.63326018 0.67136246 0.71493752 0.75247785
0.95 0.95 0.90723607 0.91 -0.06 -0.06 -0.06 -0.56 -0.56 -0.55989254 0.029999991 0.03 0.030000006 0.030021012 0.033573708 0.10516557 0.34206498 0.52656447 0.61040912 0.60589873 0.29056258 0.13669951 0.12590565 0.21075921 0.45567538 0.64901389 0.7167115 0.73739301 0.74910899 0.77707445 0.81083992 0.83053542 0.88909197 1.2676042 1.4506294 1.4627311 1.4626108 1.4619244 1.4612642 1.4605748 1.4597906 1.4590409 1.4593547 1.4649806 1.4879541 1.5450885 1.6285259 1.7017121 1.7482737 1.7747824 1.7898385 1.7980224 1.7981494 1.7688043 1.6097249 1.1774172 0.77729249 0.63496849 0.60576791 0.61088514 0.63269925 0.66729958 0.70818351 0.7455867
