Interpolating SPI Data/spi_stations/interpolated_spi/6-20_2.tif
NCOLS 257
NROWS 141
XLLCORNER -178.27925
YLLCORNER 5.3153543
DX 0.49934803
DY 0.49997533
NODATA_VALUE -9999
[rows 81 to 107 of 141, columns 186 to 247 of 257]
-0.17 -0.17 0.18740462 0.030003358 0.71999857 0.72 0.72632024 0.93271808 0.91 1.72 1.72 1.6317215 2.25 2.25 2.2481429 1.36 1.36 1.36 1.3152757 1.2307997 1.2300945 1.2275732 1.2002678 0.11778063 -1.0364182 -1.058718 -1.0592855 -1.0489794 -0.94408703 -0.841983 -0.82391659 -0.82083558 -0.81318293 -0.72605417 -0.50634476 -0.46607129 -0.48890437 -0.51824949 -0.86378794 -1.4810238 -1.5199417 -1.5203132 -1.5194189 -1.518055 -1.5157787 -1.5118 -1.5047445 -1.4917388 -1.4646308 -1.39822 -1.2455909 -1.0297647 -0.88085279 -0.82999131 -0.83358446 -0.85799127 -0.88377269 -0.89999744 -0.89626775 -0.82390096 -0.48920795 0.025564608
-0.17 -0.17 0.25 0.25 0.25 0.72606469 0.94 0.93622688 0.91 0.91 1.9617902 2.31 2.2500014 2.25 2.25 1.36 1.36 1.36 1.3599998 1.3588373 1.3021199 1.244726 1.2324698 1.2128753 0.74005585 -0.85224382 -1.0423305 -1.0549997 -1.0356958 -0.93543335 -0.85024014 -0.82769817 -0.8208438 -0.79705336 -0.66247625 -0.49743622 -0.47583304 -0.49724271 -0.67522133 -1.3854436 -1.5154041 -1.5202201 -1.5193882 -1.517881 -1.5155195 -1.5116462 -1.5051292 -1.4936857 -1.4713952 -1.4214463 -1.3088856 -1.1223265 -0.94819158 -0.85984188 -0.83920223 -0.85063745 -0.87105741 -0.88713255 -0.88811363 -0.84049314 -0.60737575 -0.11773654
-0.17 0.24999998 0.25 0.25 0.25 0.25 0.46 0.46 1.597555 1.6 2.31 2.31 2.31 2.25 2.25 2.2498379 1.36 1.36 1.36 1.3599959 1.3592961 1.3451902 1.2982949 1.2596311 1.2284824 0.96023804 -0.38565836 -0.95600052 -1.0330091 -1.0158266 -0.9290857 -0.85797559 -0.83225642 -0.81797562 -0.76642739 -0.6102684 -0.49556764 -0.48514068 -0.57782582 -1.1985323 -1.4986198 -1.5192468 -1.5193018 -1.5177136 -1.5152564 -1.5114316 -1.5052873 -1.4949561 -1.4759528 -1.4365641 -1.3518059 -1.2002385 -1.0242136 -0.90416803 -0.85566006 -0.85038701 -0.86250769 -0.87605253 -0.87937382 -0.84757481 -0.68616154 -0.26909103
-0.42999988 -0.43 0.25 -1.0798831 0.24995882 0.45999938 0.46 0.46 1.6 1.6 1.6000001 2.31 2.31 2.3095551 2.25 2.2499999 1.4392681 1.3600024 1.36 1.3599997 1.359967 1.3591064 1.351783 1.3280717 1.2939163 1.2543692 1.0695596 0.14675203 -0.72469317 -0.96184198 -0.98267747 -0.92121531 -0.86404767 -0.8359359 -0.80864534 -0.72508252 -0.57552781 -0.49797805 -0.53091144 -0.9678289 -1.45198 -1.5152894 -1.5189255 -1.5175237 -1.5149895 -1.5111742 -1.5052847 -1.4957591 -1.4790805 -1.4467535 -1.3809055 -1.2603718 -1.0987636 -0.95985072 -0.8836617 -0.85842123 -0.85925979 -0.86786163 -0.87127695 -0.84943506 -0.73644391 -0.40567869
-0.43 -0.43 -0.43 -1.08 -1.08 -0.7 -0.7 -0.7 -0.14 -0.14 -0.14 2.2377006 2.31 2.31 2.2506225 2.25 2.2396581 1.3702853 1.3600481 1.3600027 1.3599945 1.3598665 1.3586841 1.353096 1.3383307 1.3139844 1.2767382 1.13801 0.53860674 -0.35868505 -0.80821415 -0.92293123 -0.90572218 -0.86606475 -0.83584162 -0.79024173 -0.68258365 -0.55552807 -0.52174214 -0.77679937 -1.3527178 -1.5032832 -1.5175624 -1.5172081 -1.5147029 -1.5108819 -1.5051635 -1.4962272 -1.4812393 -1.4538178 -1.4009582 -1.3048583 -1.1645592 -1.0210652 -0.92225279 -0.87551226 -0.86232984 -0.86356807 -0.86490062 -0.84882567 -0.76799219 -0.51566675
-0.43 -0.43 -0.43000007 -1.08 -1.08 -0.7 -0.7 -0.7 -0.14 -0.14 -0.14 -0.14 0.057151437 2.3099946 2.3082116 2.2501829 2.2493676 1.8667126 1.3680122 1.3603224 1.3600447 1.3599741 1.3596461 1.3580675 1.3530373 1.341957 1.3233863 1.2902134 1.1804041 0.77827317 0.024792601 -0.57339942 -0.82342783 -0.87423026 -0.8597479 -0.82827643 -0.76338886 -0.64687967 -0.55475219 -0.66115631 -1.1940142 -1.4735304 -1.5134946 -1.5164715 -1.5143408 -1.5105491 -1.504948 -1.4964462 -1.4827149 -1.4588151 -1.4150708 -1.3373208 -1.2187262 -1.0815381 -0.96857133 -0.90155046 -0.87246156 -0.8640636 -0.86119994 -0.8476503 -0.787907 -0.59813535
-0.74999456 -0.75 -0.75 -0.67000015 -0.67 -0.60273211 -0.26 -0.26 -0.140069 -0.14 -0.14 -0.14 -0.13999999 -0.052508832 2.3026257 2.2729731 2.2500065 2.2038198 1.5404284 1.3698764 1.3611781 1.3602752 1.3599712 1.3593108 1.3572986 1.3524116 1.3430205 1.3273354 1.2968074 1.20518 0.91695671 0.33004549 -0.30314228 -0.68165252 -0.81852183 -0.83947781 -0.81001691 -0.73179043 -0.62453613 -0.61974584 -1.0069871 -1.4119896 -1.5031414 -1.5145986 -1.5137517 -1.5101439 -1.5046467 -1.4964709 -1.4836905 -1.4623905 -1.4252044 -1.3610573 -1.2615665 -1.1366523 -1.0185582 -0.93524502 -0.88987695 -0.87003838 -0.8610036 -0.84731452 -0.80102809 -0.65779618
-0.75 -0.75 -0.75 -0.67 -0.67 -0.66999861 -0.26 -0.26 -0.26 -0.18096296 -0.14 -0.14 -0.14 -0.13999015 -0.039920699 2.1636636 2.2568547 2.2390349 1.9690896 1.461132 1.3735187 1.3629916 1.3609715 1.3601316 1.3589725 1.3564818 1.3515227 1.3428754 1.3283985 1.299004 1.2186783 0.99700882 0.54080637 -0.050465048 -0.51032052 -0.73475834 -0.80047566 -0.77988982 -0.70117049 -0.63847332 -0.84701789 -1.3062004 -1.4801226 -1.5100783 -1.512581 -1.5095781 -1.5042459 -1.4963323 -1.4842859 -1.4649514 -1.4326013 -1.378576 -1.2948018 -1.1841418 -1.0681859 -0.97425897 -0.91406486 -0.88184176 -0.8649691 -0.84889403 -0.81063107 -0.70067467
-0.40370331 -0.75 -0.75 -0.67 -0.67 -0.66999999 -0.26 -0.26 -0.26 -0.26 -0.23281806 -0.14000079 -0.14 -0.13999989 -0.13960349 -0.004347724 1.9140024 2.2460452 2.1579486 1.730154 1.4392117 1.3785454 1.3660109 1.3624406 1.3607029 1.3588439 1.3557892 1.3505794 1.3420934 1.3277725 1.2983987 1.2249919 1.043537 0.67862291 0.1567542 -0.33081174 -0.62657347 -0.7416413 -0.73998643 -0.68450125 -0.75356591 -1.1586363 -1.4348361 -1.5000653 -1.5100899 -1.5086515 -1.5036936 -1.4960381 -1.4845775 -1.4667624 -1.4380617 -1.391656 -1.3204279 -1.2236215 -1.1144307 -1.0157563 -0.94375462 -0.89934735 -0.8735048 -0.85319848 -0.8189628 -0.73212049
-0.33 -0.74999389 -0.75 -0.67 -0.4676615 0.63 0.63 -0.2529241 -0.26 -0.26 -0.25999996 -0.23824779 -0.14020139 -0.14000264 -0.13998438 -0.13660903 0.060033287 1.8166281 2.2029901 1.9879036 1.6092902 1.4335901 1.3847478 1.370302 1.3649059 1.3619438 1.3591709 1.3554206 1.3497628 1.3409807 1.3260768 1.2959332 1.2265919 1.0703172 0.76765359 0.31495633 -0.16240095 -0.50421194 -0.66708621 -0.69803848 -0.71865632 -0.9975956 -1.3559153 -1.479693 -1.504875 -1.5069554 -1.5028675 -1.4955641 -1.4846077 -1.4679975 -1.4421111 -1.4015286 -1.3402114 -1.2557709 -1.1555937 -1.0570667 -0.97712816 -0.92189858 -0.88668775 -0.86077431 -0.82757685 -0.75629072
-0.33 -0.33 -0.7499489 0.62999998 0.63 0.63 0.63 0.63 0.62769484 0.19016799 0.18990838 0.18946818 0.18779113 0.085364019 -0.12635423 -0.13850749 -0.12584635 0.18422784 1.7832392 2.0986969 1.8260307 1.5542009 1.4343919 1.3919135 1.3757777 1.3684546 1.3640357 1.3601537 1.3555464 1.3492133 1.3397228 1.3236687 1.2921734 1.2249748 1.0849506 0.82521624 0.4315993 -0.016450769 -0.38032981 -0.5861018 -0.67534722 -0.85665511 -1.2352048 -1.441247 -1.4944372 -1.50372 -1.5015205 -1.4948363 -1.4843853 -1.4687682 -1.445101 -1.4090429 -1.3555574 -1.2816833 -1.1911044 -1.096153 -1.0121862 -0.94838173 -0.90421776 -0.87188197 -0.83752228 -0.77622534
-0.33 -0.33 0.34894044 0.63 0.63 0.63 0.63 0.19 0.19 0.19 0.19 0.19 0.19000014 0.19001262 0.19220856 0.62768171 1.4208431 1.4623921 1.4661746 1.4731552 1.5291176 1.6279633 1.5253418 1.4385483 1.3999026 1.3822826 1.373054 1.3670489 1.3619023 1.3562671 1.3490099 1.3384251 1.3207639 1.2874686 1.2210763 1.0917793 0.86231969 0.51615423 0.10320627 -0.26620422 -0.51494453 -0.71519371 -1.0713176 -1.3728354 -1.4744114 -1.4975584 -1.4991908 -1.493698 -1.4838765 -1.4691369 -1.4472669 -1.4147864 -1.367529 -1.3024909 -1.2211288 -1.1317631 -1.04711 -0.97741171 -0.92543895 -0.88647902 -0.8494438 -0.79406708
-0.33 -0.33 0.62917431 0.63 0.63 0.19126726 0.19 0.19 0.19 0.19 0.19 0.19000026 0.19006918 0.20690852 1.4048285 1.4693516 1.4699625 1.4699928 1.4699969 1.4699977 1.4699985 1.4700196 1.4702519 1.4710407 1.4645923 1.4287505 1.3962671 1.3805676 1.3716347 1.3647094 1.3577354 1.3492392 1.3371767 1.3175196 1.2820641 1.2155302 1.0934134 0.8857895 0.57671842 0.19719269 -0.17183601 -0.48304599 -0.85170983 -1.2538178 -1.4365968 -1.485939 -1.4950439 -1.4918541 -1.4829858 -1.4691189 -1.4487619 -1.4191676 -1.376913 -1.3191988 -1.2462111 -1.1633383 -1.0804938 -1.0075631 -0.94943254 -0.90423362 -0.86363963 -0.81126598
-0.33 -0.32999999 0.6297322 0.54370913 0.1900005 0.19 0.19 0.19 0.19 0.19 0.19020574 0.21712578 0.92023484 1.4698236 1.4699986 1.4699999 1.47 1.47 1.47 1.4699999 1.4699998 1.4699997 1.4699994 1.4699997 1.4700034 1.4699574 1.4690138 1.4618063 1.4368117 1.4026057 1.3791316 1.364491 1.3520579 1.3371669 1.3147399 1.2766272 1.2091798 1.0918388 0.90020408 0.61959883 0.267349 -0.11072681 -0.53167431 -1.0418939 -1.3623962 -1.4636602 -1.4875136 -1.4887665 -1.4815201 -1.468674 -1.4496735 -1.4224682 -1.3842854 -1.332636 -1.2670278 -1.1908169 -1.1114184 -1.0375689 -0.97515509 -0.92457772 -0.88010934 -0.82873609
-0.33 -0.32995592 0.20876079 0.19064482 0.19040698 0.1912686 0.60227577 0.62 0.62 0.62 0.61999985 1.1367921 1.4699992 1.47 1.47 1.47 1.47 1.47 1.47 1.47 1.47 1.4699999 1.4699998 1.4699995 1.469999 1.469998 1.4699953 1.46997 1.4697387 1.4682833 1.4619469 1.4439068 1.413428 1.381205 1.3521942 1.3207838 1.2767803 1.2064108 1.0913844 0.91098628 0.65098226 0.31436895 -0.10511381 -0.67816626 -1.2048082 -1.4175925 -1.473209 -1.4833991 -1.4791153 -1.4676846 -1.4500269 -1.4248747 -1.3900637 -1.343459 -1.28425 -1.2144348 -1.1394025 -1.0664402 -1.0015808 -0.94679243 -0.89860979 -0.84697378
-0.32999997 0.35607101 0.6119142 0.61985853 0.61999996 0.62 0.62 0.62 0.62 0.62 0.78143229 1.47 1.47 1.47 1.47 1.47 1.47 1.47 1.47 1.47 1.47 1.47 1.4699999 1.4699998 1.4699994 1.4699987 1.4699973 1.4699946 1.4699889 1.4699682 1.4698597 1.4693313 1.467219 1.4604734 1.4438289 1.4130981 1.3687271 1.3102978 1.2294405 1.1102946 0.93383586 0.68341352 0.33881756 -0.17848445 -0.87536947 -1.3105899 -1.4431293 -1.4734221 -1.4750455 -1.4659015 -1.4497748 -1.426495 -1.3945447 -1.3521752 -1.2984777 -1.2345727 -1.1642986 -1.0935001 -1.0278124 -0.97010573 -0.91872368 -0.86615399
-0.29138029 0.61983933 0.61999744 0.62 0.62 0.62 0.62 0.62 0.62 1.0399838 1.47 1.47 1.47 1.47 1.47 1.47 1.47 1.47 1.47 1.47 1.47 1.47 1.47 1.4699999 1.4699996 1.469999 1.4699978 1.4699954 1.4699912 1.4699838 1.4699706 1.4699414 1.469852 1.4695341 1.4684423 1.4650725 1.4559112 1.4342875 1.3904632 1.3133903 1.1913277 1.0103538 0.75022376 0.35210643 -0.32278326 -1.0502002 -1.3699569 -1.4524215 -1.4676124 -1.4627936 -1.4487574 -1.4273574 -1.3979278 -1.3591678 -1.3102179 -1.2516561 -1.1861807 -1.1183567 -1.0531437 -0.9937807 -0.93993471 -0.88621562
0.61967283 0.62013441 0.62007994 0.62006011 0.6201088 0.62380779 1.03996 1.04 1.04 1.04 1.47 1.47 1.47 1.47 1.47 1.47 1.47 1.47 1.47 1.47 1.47 1.47 1.47 1.4699999 1.4699996 1.469999 1.4699977 1.4699952 1.4699904 1.4699823 1.4699691 1.4699485 1.4699165 1.4698623 1.4697498 1.4694601 1.4686326 1.4662576 1.4597165 1.4428417 1.403068 1.3196087 1.1648857 0.89700167 0.39522568 -0.47103051 -1.1652391 -1.3988853 -1.4518357 -1.4570327 -1.4465753 -1.4273829 -1.4003219 -1.364715 -1.3198813 -1.2660968 -1.2052488 -1.140844 -1.0770754 -1.0171792 -0.96169906 -0.90693976
0.63569961 0.65108481 0.7233738 0.97123602 1.039675 1.04 1.04 1.04 1.04 1.4688427 1.47 1.47 1.47 1.47 1.47 1.47 1.47 1.47 1.47 1.47 1.47 1.47 1.47 1.4699998 1.4699995 1.4699987 1.4699969 1.4699934 1.4699872 1.4699767 1.4699601 1.469935 1.4698985 1.4698472 1.4697753 1.4696702 1.4694959 1.4691444 1.4683 1.4660748 1.460089 1.4443722 1.4052189 1.3129827 1.0924013 0.51454872 -0.53672983 -1.2179248 -1.4075539 -1.4441443 -1.4420771 -1.4262628 -1.4017232 -1.3689981 -1.3277877 -1.2782627 -1.2217612 -1.1609558 -1.0992977 -1.0397952 -0.98350345 -0.92801933
0.88781818 0.99229803 1.0285751 1.0350241 1.0378795 1.0393746 1.0398806 1.0399574 1.0347367 1.4699988 1.47 1.47 1.47 1.47 1.47 1.47 1.47 1.47 1.47 1.47 1.47 1.47 1.4699999 1.4699996 1.4699989 1.4699973 1.4699943 1.4699887 1.4699791 1.4699639 1.4699408 1.4699071 1.4698598 1.4697954 1.4697101 1.4695993 1.4694559 1.4692643 1.4689829 1.4684925 1.4674524 1.4649157 1.4583416 1.4410264 1.3936327 1.2418581 0.68719022 -0.48415094 -1.2164181 -1.4008065 -1.4303823 -1.4228337 -1.4018736 -1.3720748 -1.3341635 -1.2884625 -1.2359877 -1.1787867 -1.1196552 -1.0612627 -1.0049042 -0.94911688
0.81234099 0.7939584 0.78340388 0.78031628 0.78000479 0.78 0.78 0.78 0.78 0.78 0.78226243 1.47 1.47 1.47 1.47 1.47 1.47 1.47 1.47 1.47 1.4699999 1.4699998 1.4699994 1.4699985 1.4699967 1.4699932 1.469987 1.4699767 1.4699607 1.4699367 1.4699021 1.469854 1.4697892 1.4697042 1.4695951 1.4694581 1.4692887 1.4690816 1.468828 1.4685077 1.4680665 1.4673522 1.46594 1.4626573 1.4541103 1.4281384 1.3241528 0.84978348 -0.33865992 -1.1686874 -1.3802931 -1.4107685 -1.3993673 -1.373681 -1.3390988 -1.2969277 -1.2481784 -1.1944851 -1.1381064 -1.0813429 -1.0255472 -0.96990766
0.78058547 0.7800778 0.78000392 0.78000004 0.78 0.78 0.78 0.78 0.78 0.78 0.78 0.78009767 1.4697995 1.4699998 1.47 1.47 1.47 1.4699999 1.4699999 1.4699997 1.4699993 1.4699984 1.4699967 1.4699937 1.4699884 1.4699798 1.4699665 1.4699466 1.4699181 1.4698784 1.4698247 1.4697539 1.4696627 1.4695474 1.4694046 1.4692303 1.4690208 1.4687721 1.4684799 1.4681381 1.4677349 1.4672417 1.4665801 1.4655338 1.4634887 1.4584711 1.4419289 1.3649318 0.97349562 -0.14857589 -1.0819895 -1.3461766 -1.3852026 -1.3718663 -1.342237 -1.303734 -1.2585266 -1.2082133 -1.1546849 -1.0999032 -1.0451711 -0.99010752
0.78001643 0.78000103 0.78000002 0.78 0.78 0.78 0.78 0.78 0.78 0.78 0.78 0.78 0.78032983 1.3993751 1.4695842 1.4699707 1.4699914 1.4699945 1.4699946 1.4699934 1.469991 1.4699868 1.4699803 1.4699704 1.4699561 1.4699357 1.4699075 1.4698693 1.4698187 1.469753 1.4696694 1.4695647 1.4694355 1.4692787 1.4690906 1.4688678 1.4686069 1.4683044 1.467957 1.4675611 1.467112 1.4666024 1.4660147 1.4653037 1.4643449 1.4627677 1.4592161 1.4468839 1.3849092 1.0603452 0.045930188 -0.96471064 -1.298363 -1.3535743 -1.3407 -1.3083115 -1.2670359 -1.2200913 -1.169458 -1.1168879 -1.0635997 -1.0094869
0.78000096 0.78000004 0.78 0.78 0.78 0.78 0.78 0.78 0.78 0.78 0.78 0.78 0.78000008 0.78122599 1.1062615 1.4542627 1.4684527 1.469608 1.469818 1.4698762 1.4698929 1.4698923 1.4698808 1.4698602 1.4698301 1.4697894 1.4697365 1.4696693 1.4695853 1.469482 1.4693566 1.4692062 1.4690277 1.4688181 1.4685741 1.4682928 1.467971 1.4676057 1.4671942 1.4667336 1.4662209 1.4656529 1.4650241 1.4643232 1.463521 1.4625368 1.4611111 1.4581548 1.4477132 1.3944067 1.1198616 0.22177953 -0.82706008 -1.2373584 -1.3159708 -1.3064068 -1.2727716 -1.2299881 -1.1824499 -1.1322794 -1.0807228 -1.0278729
0.78000012 0.78 0.78 0.78 0.78 0.78 0.78 0.78 0.78 0.78 0.78 0.78 0.78 0.78000779 0.78336208 0.95652807 1.3752318 1.4547532 1.465743 1.4681515 1.4689062 1.4691983 1.4693189 1.4693591 1.4693528 1.4693138 1.4692479 1.469157 1.469041 1.468899 1.4687292 1.4685295 1.4682975 1.4680309 1.467727 1.4673833 1.4669972 1.4665663 1.4660882 1.4655605 1.4649812 1.4643479 1.4636582 1.4629081 1.4620895 1.4611819 1.4601264 1.4587123 1.4559505 1.446287 1.3981283 1.160206 0.36978463 -0.68011523 -1.1647345 -1.272795 -1.2696316 -1.2364346 -1.1933337 -1.145994 -1.0964561 -1.0451379
0.78000003 0.78 0.78 0.78 0.78 0.78 0.78 0.78 0.78 0.78 0.78 0.78 0.78 0.7800005 0.78011454 0.78714791 0.90737779 1.2494039 1.410938 1.4501419 1.4610317 1.4648658 1.4664895 1.4672635 1.4676508 1.4678349 1.4678974 1.4678777 1.4677963 1.4676637 1.4674855 1.4672643 1.4670009 1.4666952 1.4663463 1.4659532 1.4655143 1.4650281 1.464493 1.4639074 1.4632698 1.4625786 1.4618323 1.4610291 1.4601662 1.4592375 1.4582273 1.4570869 1.4556214 1.4528531 1.4433792 1.3982578 1.1870075 0.4889056 -0.5340866 -1.0831605 -1.2247903 -1.2310339 -1.1999322 -1.1574512 -1.1106041 -1.0611544
0.78000001 0.78 0.78 0.78 0.78 0.78 0.78 0.78 0.78 0.78 0.78 0.78 0.78 0.78000014 0.78001442 0.78064285 0.79267104 0.89037247 1.1444613 1.3391906 1.4156181 1.4431883 1.4543334 1.4594675 1.4620934 1.4635349 1.4643531 1.4648103 1.4650397 1.4651131 1.4650717 1.4649395 1.4647314 1.4644563 1.4641198 1.4637253 1.4632746 1.4627688 1.4622083 1.4615929 1.4609224 1.4601964 1.4594144 1.4585756 1.4576791 1.4567229 1.4557025 1.4546047 1.4533843 1.451842 1.4489577 1.4393249 1.3958604 1.2039618 0.58184641 -0.3968879 -0.9960574 -1.1729731 -1.1911903 -1.1636053 -1.12228 -1.0756142
