Interpolating SPI Data/spi_stations/interpolated_spi/6-20_1.tif
NCOLS 257
NROWS 141
XLLCORNER -178.27925
YLLCORNER 5.3153543
DX 0.49934803
DY 0.49997533
NODATA_VALUE -9999
[rows 81 to 107 of 141, columns 124 to 185 of 257]
-0.01 -0.01 -0.012010553 -0.78 -0.78 -0.78 -0.68 -0.68 -0.68 -0.68 -1.2 -1.2 -1.2 -1.2 -0.71005036 -0.71 -0.70999949 -0.64350666 -0.49032452 -0.46004103 -0.46 -0.46 -0.46 -1.35 -1.35 -1.35 -1.35 -1.3405543 -1.22 -1.22 -1.22 -0.69183652 -0.67 -0.67 -0.14 -0.14 -0.14 -1 -1 -0.99999998 -1.59 -1.59 -1.59 -1.0304378 -0.64 -0.64 1.2699999 1.27 1.2699999 0.6 0.6 0.59997444 1.1487035 1.15 0.70390998 0.76 0.75999996 0.59 0.59 0.58999995 0.19803314 -0.13
-0.01 -0.01 -0.010000026 -0.7742111 -0.77994462 -0.68069071 -0.68 -0.68 -0.68 -0.68 -0.71 -0.71 -0.71 -0.7100398 -0.49 -0.49 -0.49 -0.49 -0.48984976 -0.09920404 -0.46 -0.46 -0.46 -0.46094525 -1.349972 -1.35 -1.35 -1.22 -1.22 -1.22 -1.22 -0.46081267 -0.45814279 -0.14 -0.14 -0.14 -0.14 -0.65 -0.65 -0.65 -0.65000001 -0.69 -0.69 -0.69 -0.64 -0.64 1.27 1.27 1.27 0.6 0.6 0.83 0.88687328 1.15 0.76 0.76 0.76 0.59 0.59 0.2 0.2 -0.13
-0.01 -0.01 -0.21 -0.21 -0.21 -0.21 -0.68 -0.68 -0.68000002 -0.72999991 -0.71 -0.71 -0.71 -0.71 -0.49 -0.49 -0.49 -0.49 0.089999999 0.09 -0.46 -0.46 -0.46 -1.19 -1.19 -1.19 -1.2194519 -1.22 -1.22 -1.22 -1.22 -0.46 -0.46 -0.44303223 -0.14 -0.14 -0.14000016 -0.65 -0.65 -0.65 -0.65 -0.69 -0.69 -0.69 0.4 0.4 1.15 1.1500098 1.1976061 1 0.61258398 0.83 0.83 1.15 1.1372027 0.76 0.72366125 0.42 0.50450472 0.2 0.0090421282 -0.010002675
-0.01 -0.2092301 -0.21 -0.21 -0.21 -0.21 -0.21000202 -0.73 -0.73 -0.73 -0.71 -0.71 -0.71 -0.71 -0.49000003 -0.49 -0.49 -0.49 0.09 0.09 0.089999997 -0.46 -0.47233307 -1.19 -1.19 -1.19 -1.19 -1.22 -1.22 -1.22 -0.46 -0.46 -0.46 -0.46 -0.19238061 -0.14 0.019835625 -0.64999999 -0.65 -0.65 -0.65000001 -0.69 -0.69 0.4 0.4 0.4 1.15 1.15 1 1 1 1.08 1.079973 0.96007391 0.92 0.92 0.42 0.42 0.42 -0.0099998679 -0.01 -0.0099999999
-0.018005073 -0.21 -0.21 -0.21 -0.21 -0.21 -0.21000168 -0.73 -0.73 -0.73 -0.71 -0.71 -0.70999291 -0.55038528 -0.53456363 -0.49 -0.49 -0.44011079 0.09 0.09 0.09 -0.45996856 -1.19 -1.19 -1.19 -1.19 -1.19 -1.22 -1.22 -1.2197328 -0.46 -0.46 -0.46 -0.46 -0.46 0.02 0.02 0.02 0.02 -0.02357114 -0.64992821 -0.45219373 -0.45099219 0.39995079 0.3551173 -0.37999987 1.15 1.15 0.99999767 1 1.08 1.08 0.96 0.96 0.92 0.92 0.90824489 0.42 0.42006119 0.041045809 0.23 0.23
-0.20999961 -0.21 -0.21 -0.21 -0.21 -0.21 -0.21011982 -0.73 -0.73 -0.73 -0.55 -0.55 -0.55 -0.55 -0.55 -0.44000035 -0.44 -0.44 -0.44 -0.44 0.082691148 0.089180654 -1.19 -1.19 -1.19 -1.19 -1.19 -1.2155415 -1.2199991 -0.4600113 -0.46 -0.46 -0.46 -0.46 -0.26944748 0.02 0.02 0.02 0.02 0.02 -0.45 -0.45 -0.45 -0.44988945 -0.38 -0.38 0.17 0.17 0.73904814 0.74 0.74 1.08 0.96 0.96 0.95999999 0.92 0.91966405 0.7 0.7 0.7 0.23 0.23
-0.21 -0.21 -0.21 -0.21 -0.21 -0.21 -0.21356618 -0.73 -0.73 -0.62680541 -0.55 -0.55 -0.55 -0.55 -0.55 -0.44 -0.44 -0.44 -0.44 -0.44 -0.44 -0.43994331 -1.1899997 -1.1892258 -0.8301184 -0.83 -0.83 -0.83 -0.83000468 -0.46020508 -0.46004354 -0.46002531 -0.46015922 -0.46489108 0.019999994 0.02 0.02 0.02 0.02 0.02 -0.45 -0.45 -0.45 -0.45 -0.38 -0.38 0.16999995 0.17 0.17091012 0.74 0.74 0.74 0.81 0.81 1.13 1.13 1.1299999 0.7 0.7 0.56962283 0.55999987 0.23
-0.21 -0.21 -0.21 -0.21 -0.21 -0.21 -0.23267528 -0.73 -0.72999309 -0.55 -0.55 -0.55 -0.55 -0.55 -0.55 -0.44 -0.44 -0.44 -0.44 -0.44 -0.44 -0.44000197 -0.83 -0.83 -0.83 -0.83 -0.83 -0.83 -0.83 -1.16 -1.16 -1.16 -1.16 -1.16 -1.1599991 0.02 0.02 0.02 0.02 0.019999466 -0.45 -0.45 -0.45 -0.45 -0.24 -0.24 -0.24 0.24 0.24 0.44075169 0.74 0.74 0.81 0.81 1.13 1.13 1.1299999 0.58994903 0.56 0.56 0.56 -0.039838451
-0.21 -0.21 -0.21 -0.21 -0.21 -0.21000002 -0.26934444 -0.72999758 -0.55249473 -0.55 -0.55 -0.55 -0.55 -0.55 -0.55 -0.44000131 -0.44 -0.44 -0.44 -0.44 -0.44 -0.82960705 -0.83 -0.83 -0.83 -0.83 -0.83 -0.83 -0.83 -1.16 -1.16 -1.16 -1.16 -1.16 -1.16 -0.49100274 0.02 0.02 0.02 -0.24813398 -0.45 -0.45 -0.45 -0.45 -0.24 -0.24 -0.24 0.24 0.24 0.24 0.74042392 0.79 0.81 0.81 0.99 0.99070096 0.7 0.7 0.56 0.56 0.34286872 -0.04
-0.21 -0.21 -0.21 -0.21 -0.21 -0.21000251 -0.30943133 -0.70416246 -0.55000252 -0.55 -0.55 -0.55 -0.55 -0.55 -0.55 -0.44008435 -0.44 -0.44 -0.44 -0.44 -0.44000015 -0.83 -0.83 -0.83 -0.83 -0.83 -0.83 -0.83 -0.83 -1.16 -1.16 -1.16 -1.16 -1.16 -1.16 -1.1430911 -0.17 -0.17 -0.17 0.2520962 0.31 0.30999959 -0.28410895 -0.44999786 -0.30867809 -0.31 -0.31 -0.31 0.24 0.38 0.79 0.79 0.79 0.99 0.99 0.99 0.7 0.7 0.7 0.5599776 -0.04 -0.04
-0.21 -0.21 -0.21 -0.21 -0.21000005 -0.21005837 -0.34434868 -0.55353864 -0.55000012 -0.55 -0.55 -0.55 -0.55 -0.55 -0.54999999 -0.44120874 -0.44 -0.44 -0.44 -0.44 -0.61148826 -0.83 -0.83 -0.83 -0.83 -0.83 -0.83 -0.83 -0.83000024 -1.16 -1.16 -1.16 -1.16 -1.16 -1.16 -0.17 -0.17 -0.17 -0.17 0.067756518 0.31 0.31 0.31 0.31 -0.31 -0.31 -0.31 -0.31 0.38 0.38 0.38 0.95985223 0.96 0.96375358 0.99 0.99 0.7 0.7 0.7 -0.039999999 -0.04 -0.04
-0.20999998 -0.21 -0.21 -0.21000002 -0.2100018 -0.21047712 -0.42586019 -0.55013882 -0.55000004 -0.55 -0.55 -0.55 -0.55 -0.55 -0.54999969 -0.44616856 -0.44 -0.44 -0.44 -0.4400031 -0.82994995 -0.83 -0.83 -0.83 -0.83 -0.83 -0.83 -0.83 -0.83004091 -1.16 -1.16 -1.16 -1.16 -1.16 -1.1481355 -0.17 -0.17 -0.17 -0.17 -0.16586738 0.31 0.31 0.31 0.31 -0.30999959 -0.31 -0.31 -0.31 0.38 0.38 0.38 0.96 0.96 0.96 0.98999963 0.99 0.7 0.7 0.7 -0.039999991 -0.04 -0.04
-0.20999993 -0.21 -0.21000002 -0.21000048 -0.21002266 -0.21236193 -0.53422122 -0.55002251 -0.55000003 -0.55 -0.55 -0.55 -0.55 -0.55 -0.54999569 -0.45617095 -0.44000018 -0.44 -0.44000002 -0.46320603 -0.82999975 -0.83 -0.83 -0.83 -0.83 -0.83 -0.83 -0.83 -0.83197606 -1.16 -1.16 -1.16 -1.1599197 0.069999962 0.07 -0.16999826 -0.17 -0.17 -0.17 -0.16995014 0.31 0.31 0.31 0.31 0.30960437 -0.31 -0.31 -0.30819473 0.38 0.38 0.49782045 0.96 0.96 0.96 0.96000001 0.98999559 0.70004525 0.7 0.6999999 -0.039999641 -0.04 -0.04
-0.2099998 -0.21000004 -0.21000037 -0.21000554 -0.21015284 -0.22610687 -0.54776333 -0.55000848 -0.55000005 -0.55 -0.55 -0.55 -0.55 -0.55 -0.54997162 -0.46818611 -0.4400042 -0.44000001 -0.44005866 -0.8130756 -0.82999998 -0.83 -0.83 -0.83 -0.83 -0.83 -0.83 -0.83 -0.85367281 -1.1599927 -1.1342574 0.069986801 0.07 0.07 0.07 0.07 -0.16999514 -0.17 -0.17 -0.16995165 0.31 0.31 0.31 0.31 0.30999999 -0.30999991 -0.31 0.22234218 0.38 0.38 0.95889133 0.96 0.96 0.96 0.96 0.9606236 0.70350177 0.70000009 0.69990518 -0.03999318 -0.04 -0.04
-0.20999952 -0.21000047 -0.21000332 -0.21003715 -0.21086266 -0.31356352 -0.54939803 -0.55000523 -0.55000008 -0.55 -0.55 -0.55 -0.55 -0.54999991 -0.54988601 -0.47887914 -0.44003927 -0.44000324 -0.45446514 -0.82958096 -0.83 -0.83 -0.83 -0.83 -0.83 -0.83 -0.83 -0.83000001 -0.860673 0.067498749 0.069999991 0.07 0.07 0.07 0.07 0.07 0.07 -0.16002604 -0.17 -0.16972837 0.31 0.31 0.31 0.31 0.31 -0.2821082 -0.30996876 0.36385742 0.38 0.3800881 0.95973632 0.96 0.96 0.96 0.96 0.9600012 0.75031119 0.7000167 0.69557627 -0.039941775 -0.04 -0.04
-0.20999929 -0.21000322 -0.21001938 -0.2101872 -0.2154602 -0.45342852 -0.54974067 -0.5500043 -0.55000015 -0.55 -0.55 -0.55 -0.55 -0.54999908 -0.54967412 -0.48710131 -0.44020167 -0.44043476 -0.69321748 -0.8299597 -0.83 -0.83 -0.83 -0.83 -0.83 -0.83 -0.83 -0.82991557 0.06991736 0.069999997 0.07 0.07 0.07 0.07 0.07 0.07 0.07 0.45235059 1.0899997 1.0880505 0.31000005 0.31 0.31 0.31 0.31 0.29535132 -0.30599074 0.37290841 0.38000292 0.39780127 0.95969722 0.96 0.96 0.96 0.96 0.96000009 0.95349043 0.70046486 0.65977146 -0.039723005 -0.039999991 -0.04
-0.21000068 -0.21001569 -0.21008613 -0.21089439 -0.23911835 -0.51683364 -0.54984607 -0.55000417 -0.55000027 -0.55000001 -0.55 -0.55 -0.54999994 -0.54999455 -0.54926723 -0.49305821 -0.44074051 -0.45577966 -0.81632318 -0.82999029 -0.83 -0.83 -0.83 -0.83 -0.83 -0.83 -0.82999794 -0.069755592 0.069999987 0.07 0.07 0.07 0.07 0.07 0.07 0.070005019 1.09 1.09 1.09 1.09 1.09 0.3118235 0.31 0.31 0.31 0.30955282 -0.24767298 0.37411349 0.38036795 0.56813793 0.95949009 0.95999979 0.96 0.96 0.96 0.96000004 0.95972246 0.72110856 0.56259484 -0.039117281 -0.039999685 -0.039999981
-0.2100094 -0.21006074 -0.21033838 -0.21411716 -0.30656556 -0.53641333 -0.54988639 -0.55000442 -0.55000049 -0.55000004 -0.55 -0.54999999 -0.54999954 -0.54997801 -0.54861529 -0.49730326 -0.44332667 -0.58959314 -0.82783802 -0.82999572 -0.82999999 -0.83 -0.83 -0.83 -0.83 -0.82999961 -0.80650482 0.069946823 0.070000056 0.070000018 0.070000007 0.070000007 0.070000065 0.070304865 1.0899997 1.09 1.09 1.09 1.09 1.09 1.09 1.09 0.6915522 0.3100061 0.31 0.30992178 0.028158086 0.37377636 0.38694538 0.77053482 0.95909306 0.95999693 0.95999998 0.96 0.96 0.96000003 0.95995079 0.88405104 0.44069854 -0.0378644 -0.039995846 -0.038299069
-0.21004183 -0.2102055 -0.21126095 -0.22587251 -0.39844481 -0.54310776 -0.54990268 -0.5500049 -0.55000086 -0.55000011 -0.55000001 -0.54999989 -0.54999766 -0.5499332 -0.54769977 -0.50046086 -0.46244134 -0.7602113 -0.82940485 -0.8299972 -0.82999999 -0.83 -0.83 -0.83 -0.82999975 -0.82895217 0.041194619 0.070020808 0.07002444 0.070048688 0.070270696 0.080799861 1.0418814 1.09 1.09 1.09 1.09 1.09 1.09 1.09 1.09 1.09 1.0899999 1.0509676 0.31197848 0.30996926 0.26125276 0.37390706 0.42276251 0.85669152 0.95844683 0.95997947 0.95999957 0.95999998 0.96 0.96000003 0.95997975 0.94843051 0.36687902 -0.035735694 -0.039379658 0.31225038
-0.21014055 -0.21064657 -0.2143092 -0.25647521 -0.46593364 -0.54583079 -0.54990767 -0.55000549 -0.55000145 -0.55000024 -0.54999999 -0.54999941 -0.54999117 -0.54983595 -0.5465371 -0.50396822 -0.54715258 -0.81163275 -0.82975351 -0.82999763 -0.82999998 -0.83 -0.83 -0.82999971 -0.82981782 -0.52718664 0.070827432 0.07195733 0.076459748 0.11796774 0.68787659 1.0878519 1.0899998 1.09 1.09 1.09 1.09 1.09 1.09 1.09 1.09 1.09 1.09 1.0899992 1.0794608 0.36421787 0.30112742 0.37932495 0.50495025 0.88958243 0.9574948 0.95991613 0.95999616 0.95999971 0.95999996 0.96000002 0.95998632 0.95696894 0.45046171 -0.032090513 0.1339407 0.14429173
-0.21041313 -0.21190774 -0.22271311 -0.31007921 -0.50237833 -0.54711276 -0.54990606 -0.55000611 -0.55000233 -0.55000048 -0.54999984 -0.54999761 -0.54997368 -0.54965765 -0.54519961 -0.51306802 -0.68298024 -0.82369103 -0.82986317 -0.82999761 -0.82999996 -0.82999999 -0.82999953 -0.82992553 -0.79720357 0.065618934 0.099543082 0.16990155 0.5071375 1.019163 1.0889585 1.0899982 1.09 1.09 1.09 1.09 1.09 1.09 1.09 1.09 1.09 1.09 1.09 1.09 1.0899951 1.0837738 0.58132384 0.39778698 0.60471746 0.90346785 0.95619473 0.95975304 0.95998012 0.95999771 0.9599996 0.95999991 0.9599875 0.95864094 0.66123275 -0.010040646 -0.043328387 -0.062504272
-0.21111348 -0.21514523 -0.24124115 -0.37308898 -0.52080489 -0.5477847 -0.54989972 -0.55000663 -0.55000356 -0.55000082 -0.54999917 -0.54999233 -0.54993482 -0.5493724 -0.5439572 -0.54072401 -0.76736077 -0.82717559 -0.82990625 -0.82999731 -0.8299999 -0.8299991 -0.82994774 -0.82306901 -0.14789679 0.22051126 0.45065248 0.85171974 1.0615777 1.0888887 1.0899876 1.09 1.09 1.09 1.09 1.09 1.09 1.09 1.09 1.09 1.09 1.09 1.09 1.09 1.09 1.0899784 1.0844235 0.50972367 0.68653833 0.90957648 0.95452277 0.9594209 0.95992868 0.95998867 0.95999754 0.95999919 0.959986 0.9590978 0.49547568 -0.052670823 -0.05210107 -0.0508854
-0.21276864 -0.22235866 -0.27320828 -0.42694235 -0.5304691 -0.54816294 -0.54988942 -0.55000687 -0.55000513 -0.55000112 -0.54999705 -0.54997952 -0.54986071 -0.54897412 -0.54375533 -0.59829671 -0.80164638 -0.82843713 -0.8299252 -0.82999664 -0.829998 -0.82994711 -0.82706256 -0.56187269 0.41909354 0.71240384 0.96914605 1.070699 1.0884655 1.0899451 1.0899993 1.09 1.09 1.09 1.09 1.09 1.09 1.09 1.09 1.09 1.09 1.09 1.09 1.09 1.09 1.0899997 1.0899264 1.0653336 0.74323098 0.91194299 0.95247301 0.95884775 0.95980308 0.95995944 0.95998945 0.95999617 0.95998126 0.95525662 -0.047840601 -0.050574565 -0.050201944 -0.050046701
-0.21630126 -0.23606704 -0.316179 -0.46494531 -0.53586903 -0.54838387 -0.54987539 -0.55000656 -0.55000691 -0.55000089 -0.54999157 -0.54995285 -0.54973717 -0.54852767 -0.5471316 -0.6706284 -0.81522439 -0.82898111 -0.82993297 -0.82999181 -0.8299307 -0.82794724 -0.72109539 0.49967655 0.8517759 1.0098213 1.0728784 1.0877274 1.0898239 1.0899928 1.0899999 1.09 1.09 1.09 1.09 1.09 1.09 1.09 1.09 1.09 1.09 1.09 1.09 1.09 1.09 1.09 1.0899973 1.0895153 0.84520298 0.91225239 0.95005437 0.95797076 0.9595513 0.9598859 0.95996533 0.95998638 0.959891 0.37444357 -0.05025156 -0.050094583 -0.050023759 -0.050003921
-0.22302802 -0.25810564 -0.36221802 -0.48964408 -0.53908031 -0.54851258 -0.54985756 -0.55000532 -0.55000849 -0.5499991 -0.54997954 -0.54990421 -0.5495592 -0.54829879 -0.55878999 -0.72964019 -0.82115805 -0.82924524 -0.82992642 -0.8298892 -0.82804405 -0.76900078 0.30067844 0.91392395 1.0260911 1.072603 1.0866319 1.0895542 1.0899619 1.089998 1.0899999 1.09 1.09 1.09 1.09 1.09 1.09 1.09 1.09 1.09 1.09 1.09 1.09 1.09 1.09 1.09 1.0899998 1.0899752 1.0680528 0.91216481 0.94728666 0.95674372 0.95911505 0.95973249 0.95990714 0.95995599 0.94011322 -0.045149218 -0.050067459 -0.050019515 -0.050004074 -0.050000565
-0.23438741 -0.28806196 -0.40354531 -0.50543188 -0.54109401 -0.54858277 -0.54983562 -0.55000253 -0.55000903 -0.54999386 -0.5499564 -0.54982597 -0.54935584 -0.54899094 -0.58360063 -0.76711603 -0.82404959 -0.82936523 -0.82976074 -0.82779314 -0.78668176 -0.036956819 0.91984059 1.0325438 1.0710635 1.0851291 1.0890519 1.089865 1.0899864 1.0899991 1.09 1.09 1.09 1.09 1.09 1.09 1.09 1.09 1.09 1.09 1.09 1.09 1.09 1.09 1.09 1.09 1.09 1.0899973 1.0888943 0.93912018 0.94423003 0.95513956 0.95843799 0.95945503 0.95978734 0.95908019 0.26202261 -0.049983317 -0.050020679 -0.050005382 -0.050001036 -0.050000137
-0.25136393 -0.32284146 -0.43656079 -0.51567263 -0.54241072 -0.54861306 -0.54980907 -0.54999723 -0.55000707 -0.54998234 -0.54991684 -0.54971758 -0.54924234 -0.55200912 -0.62134285 -0.78885104 -0.82555912 -0.82917121 -0.82724855 -0.79422137 -0.30376728 0.85082096 1.0325401 1.0686586 1.0831786 1.0882316 1.0896365 1.089942 1.089993 1.0899993 1.09 1.09 1.09 1.09 1.09 1.09 1.09 1.09 1.09 1.09 1.09 1.09 1.09 1.09 1.09 1.09 1.09 1.0899995 1.0898989 1.052585 0.9420315 0.95315277 0.95747236 0.95900546 0.95949563 0.89484493 -0.041661825 -0.050022497 -0.050007888 -0.050001981 -0.05000038 -0.050000053
