Interpolating SPI Data/spi_stations/interpolated_spi/6-21_1.tif
NCOLS 257
NROWS 141
XLLCORNER -178.27925
YLLCORNER 5.3153543
DX 0.49934803
DY 0.49997533
NODATA_VALUE -9999
[rows 54 to 80 of 141, columns 61 to 121 of 257]
-0.040115807 -0.11600284 -0.14798884 -0.16003355 -0.16490355 -0.16766779 -0.16997796 -0.17227483 -0.17463213 -0.17702016 -0.1793753 -0.18161891 -0.18366836 -0.18544972 -0.18691125 -0.18803389 -0.18883447 -0.18935987 -0.1896742 -0.18984362 -0.18992411 -0.18995511 -0.18995837 -0.18993756 -0.18986511 -0.18959382 -0.18825487 -0.17926892 -0.11136819 0.0096432026 -0.22875021 -0.22999723 -0.22999643 -0.22998876 -0.22986538 -0.21568704 0.48728599 0.4999999 0.5 0.49999271 -0.27999998 -0.28 -0.28 -0.28 -0.35 -0.35 -0.47999865 -0.48 -0.47 -0.43816158 -0.29966883 -0.93 -0.96000004 -1.1978664 -0.89 -0.13492556 0.029999419 0.029999981 -1.28 -1.28 -1.2801613
-0.12764893 -0.15194059 -0.16187615 -0.16629411 -0.16892896 -0.17111163 -0.17323876 -0.17539146 -0.17755321 -0.17967601 -0.18169999 -0.18356254 -0.18520696 -0.18659127 -0.18769539 -0.18852438 -0.18910636 -0.18948547 -0.18971217 -0.1898338 -0.18988752 -0.1898961 -0.1898636 -0.18976072 -0.18945982 -0.18842279 -0.18398522 -0.16124157 -0.071782338 -0.21785923 -0.22993483 -0.22993893 -0.22983398 -0.22900465 -0.21107426 0.3006367 0.49962667 0.49999992 0.49999623 -0.085894233 -0.28 -0.28 -0.28 -0.28 -0.34999986 -0.4770953 -0.48 -0.48 -0.11 -0.63329868 0.12 0.12 0.11253675 -0.50000372 -0.73 -1.04 -1.04 -1.04 -1.28 -1.28 -1.28
-0.15469921 -0.16319624 -0.1672799 -0.16980532 -0.17187716 -0.17385999 -0.17584296 -0.17782186 -0.17976146 -0.18161564 -0.18333574 -0.18487685 -0.18620379 -0.1872963 -0.18815195 -0.18878586 -0.18922711 -0.18951262 -0.18968018 -0.18976198 -0.18977898 -0.18973417 -0.18959727 -0.18925454 -0.18832339 -0.18539165 -0.17467302 -0.13538169 -0.18356091 -0.22923164 -0.22960017 -0.22907633 -0.22645953 -0.20344096 0.080056914 0.48396607 0.49991632 0.49998734 0.48437184 -0.2790315 -0.28 -0.28 -0.28 -0.28000047 0.23986118 0.23999996 0.24 0.24 0.24 0.2177942 0.12 0.12 -0.5 -0.5 -0.73 -1.0376594 -1.04 -1.04 -1.2381675 -1.28 -1.3069819
-0.16410258 -0.16793441 -0.17037047 -0.17234961 -0.174212 -0.17605461 -0.17788446 -0.17967692 -0.18139633 -0.18300416 -0.18446394 -0.18574562 -0.18682934 -0.18770794 -0.18838754 -0.18888579 -0.18922821 -0.18944312 -0.18955616 -0.1895843 -0.18952805 -0.18935641 -0.18896708 -0.18806692 -0.18577779 -0.17926846 -0.15982175 -0.15352793 -0.22512387 -0.22847584 -0.22702122 -0.2215788 -0.19386786 -0.017110605 0.40234786 0.49663371 0.49990339 0.49649499 -0.045940527 -0.27990722 -0.27999999 -0.28 -0.27999993 0.2386334 0.24 0.24 0.24 0.24 0.24 -0.099999652 -0.099999993 0.12 -0.5 -0.72999934 -0.73 -0.73016463 -0.97 -0.97 -0.97002307 -1.32 -1.32
-0.1683116 -0.17067692 -0.17258074 -0.17434374 -0.17607011 -0.17777706 -0.17944902 -0.18105863 -0.18257498 -0.18396794 -0.18521149 -0.18628655 -0.18718306 -0.18790085 -0.188449 -0.18884358 -0.18910413 -0.18924908 -0.18929011 -0.18922426 -0.18901973 -0.18858412 -0.18768293 -0.18571389 -0.18105824 -0.16951079 -0.15367609 -0.21170457 -0.22566302 -0.22309505 -0.21429367 -0.18304174 -0.055814729 0.27432308 0.47314161 0.49841532 0.49744551 0.38211931 -0.25774312 -0.27996056 -0.27999996 -0.27999955 -0.049417361 0.23999999 0.24 0.24 0.24 0.24 0.23999781 -0.1 -0.1 -0.1 -0.5 -0.72999808 -0.73 -0.97 -0.97 -0.97 -0.97000235 -1.32 -1.32
-0.17076231 -0.17260651 -0.17428823 -0.17591801 -0.17752234 -0.17909367 -0.18061144 -0.18205074 -0.18338637 -0.18459561 -0.18566035 -0.18656884 -0.18731655 -0.18790611 -0.18834595 -0.18864781 -0.18882302 -0.18887749 -0.18880418 -0.18857045 -0.18809241 -0.18717748 -0.18538591 -0.18169095 -0.17379154 -0.1607627 -0.1891032 -0.21943343 -0.21701172 -0.20496841 -0.17151062 -0.071438653 0.16824637 0.41208714 0.48832922 0.49632004 0.45915771 -0.015193765 -0.27495019 -0.27996625 -0.27999692 -0.25500555 0.24004916 0.24000515 0.24000009 0.24 0.24 0.2399998 -0.1 -0.1 -0.1 -0.1 -0.10000034 -0.73023636 -1.06 -1.0597096 -0.97 -0.97 -0.97004273 -1.32 -1.32
-0.17245234 -0.17406814 -0.17561739 -0.17713498 -0.17862059 -0.18005956 -0.18143185 -0.18271625 -0.18389277 -0.18494437 -0.1858584 -0.18662735 -0.18724906 -0.18772586 -0.18806282 -0.18826478 -0.18833192 -0.18825311 -0.1879948 -0.18748047 -0.18654901 -0.18486576 -0.18173173 -0.17576037 -0.16585265 -0.17192592 -0.20744488 -0.20857367 -0.1941337 -0.15970084 -0.076832815 0.099509198 0.32819424 0.45792516 0.48998031 0.47452688 0.27194036 -0.20382075 -0.27777051 -0.27894756 0.27747129 0.62884866 0.62980414 0.62998406 0.62999957 0.63 0.63 0.59607142 -0.18 -0.18 -0.17999986 -0.10156239 -0.86966307 -1.06 -1.06 -1.06 -1.06 -1.0599507 -1.69 -1.69 -1.69
-0.17369955 -0.17518146 -0.17662489 -0.17803617 -0.17940587 -0.18071813 -0.18195505 -0.18309896 -0.18413394 -0.18504693 -0.18582845 -0.18647278 -0.18697752 -0.18734222 -0.18756605 -0.187644 -0.18756112 -0.18728307 -0.18673964 -0.18579422 -0.18418456 -0.18141033 -0.17657208 -0.16880273 -0.16549697 -0.19018377 -0.19742643 -0.18225088 -0.14791931 -0.077155852 0.057567103 0.24874083 0.40508945 0.47152651 0.47517501 0.38344352 0.0065255278 -0.2442881 0.19073759 0.62892642 0.62999952 0.62999999 0.63 0.63 0.63 0.63 0.63 0.63 -0.18 -0.18 -0.18 -0.87 -0.87 -1.0599999 -1.06 -1.06 -1.06 -1.06 -1.69 -1.69 -1.69
-0.17461988 -0.17599928 -0.17734505 -0.17865256 -0.17990965 -0.18110127 -0.18221178 -0.18322636 -0.1841319 -0.18491762 -0.18557526 -0.1860988 -0.18648337 -0.1867234 -0.18680945 -0.18672328 -0.18642997 -0.18586481 -0.18491059 -0.18335723 -0.18083272 -0.17671776 -0.17035012 -0.16427395 -0.17389875 -0.18354587 -0.16958973 -0.13635427 -0.074773323 0.032013166 0.18621168 0.34136472 0.43686044 0.46468181 0.42073547 0.20703811 0.1821322 0.61972274 0.62997357 0.62999998 0.63 0.63 0.63 0.63 0.63 0.63 0.63 0.63 0.63 -0.18 -0.18 -0.87 -0.87 -0.87 -1.06 -1.06 -1.06 -1.0609626 -1.69 -1.69 -1.69
-0.17526391 -0.17655119 -0.17780188 -0.17900723 -0.18015472 -0.18123056 -0.18222096 -0.18311301 -0.18389516 -0.18455737 -0.18509089 -0.18548745 -0.18573771 -0.18582861 -0.18573928 -0.18543454 -0.18485449 -0.18389754 -0.18239222 -0.18005303 -0.17643072 -0.17100214 -0.16444541 -0.16373802 -0.16859722 -0.15639676 -0.12509596 -0.070890894 0.016341063 0.14062309 0.28001955 0.38950597 0.44160021 0.43000152 0.36043173 0.58698855 0.62932928 0.62999649 0.62999999 0.63 0.63 0.63 0.63 0.63 0.63 0.63 0.63 0.63 0.63 -0.1777428 -0.87 -0.87 -0.87 -0.86768328 -0.9 -0.9 -0.9 -0.9 -0.95630403 -0.35005653 -0.34999998
-0.17565837 -0.17685649 -0.17801261 -0.17911659 -0.18015628 -0.18111897 -0.18199208 -0.18276366 -0.18342248 -0.18395784 -0.18435894 -0.18461352 -0.18470577 -0.18461287 -0.18429971 -0.18371067 -0.18275681 -0.18129568 -0.17910169 -0.17583253 -0.17105439 -0.16469399 -0.15897 -0.15591327 -0.14339557 -0.11424871 -0.066179197 0.0067699428 0.10816918 0.22795115 0.33762503 0.40766791 0.43039387 0.5208131 0.62367995 0.62978981 0.62998202 0.6299976 0.62999977 0.62999998 0.63 0.63 0.63 0.63 0.63 0.63 0.63 0.63 0.63 0.26 0.2586367 -0.86980596 -0.58 -0.58 -0.9 -0.9 -0.9 -0.9 -0.35 -0.35 -0.35
-0.17581961 -0.17692849 -0.17798928 -0.17899144 -0.17992327 -0.18077267 -0.18152758 -0.18217602 -0.18270598 -0.18310481 -0.18335819 -0.18344828 -0.18335097 -0.18303155 -0.18243824 -0.18149233 -0.18007338 -0.17799777 -0.17499194 -0.17067903 -0.16467276 -0.15700602 -0.1477237 -0.13208131 -0.10415834 -0.061087204 0.001074769 0.085121277 0.18652654 0.28868575 0.37015351 0.4432505 0.56906929 0.60883003 0.61905541 0.62477482 0.62793311 0.62936626 0.62986225 0.62998129 0.62999864 0.62999994 0.62999999 0.63 0.63 0.63 0.6299992 0.26000714 0.26 0.26 0.26 -0.58 -0.58 -0.58 -0.9 -0.9 -0.9 -0.9 -0.35 -0.35 -0.35
-0.1757584 -0.17677631 -0.17773977 -0.1786381 -0.1794598 -0.18019287 -0.18082499 -0.18134328 -0.1817339 -0.18198108 -0.18206567 -0.18196283 -0.18163852 -0.18104437 -0.18010997 -0.17873148 -0.17675482 -0.1739511 -0.16998027 -0.16432803 -0.15612813 -0.14361615 -0.12404713 -0.095578827 -0.056065639 -0.00211539 0.068725132 0.15460942 0.24548357 0.31618169 0.31456973 0.30132011 0.31172509 0.32737196 0.34730083 0.37263433 0.40452873 0.44370236 0.48940757 0.53783633 0.58130964 0.61134405 0.62550194 0.62940442 0.62917769 0.37637406 0.26000005 0.26 0.26 0.26 0.26 -0.58 -0.58 -0.58 -0.58249938 -0.9 -0.9 -0.9 -0.35 -0.35 -0.35
-0.17548204 -0.17640596 -0.17726875 -0.17805952 -0.17876657 -0.17937745 -0.17987886 -0.18025621 -0.18049286 -0.18056889 -0.18045919 -0.18013062 -0.17953779 -0.17861697 -0.17727676 -0.17538376 -0.17273822 -0.16902466 -0.16368399 -0.15553311 -0.1419742 -0.11980344 -0.089469926 -0.051689111 -0.0037136659 0.056853762 0.12672954 0.17386659 0.1167154 0.052309151 0.033002893 0.022556549 0.01331793 0.0048974057 -0.0024679625 -0.0085514271 -0.013214475 -0.016455155 -0.018432885 -0.019446506 -0.01985611 -0.019975482 -0.019997651 -0.019999877 -0.019999921 -0.019993968 0.13661702 0.26 0.26 0.26 0.26 -0.57713579 -0.58 -0.58 -0.58000423 -0.9 -0.9 -0.88927124 -0.35003448 -0.35 -0.35
-0.17499542 -0.17582119 -0.1765786 -0.17725635 -0.1778421 -0.1783224 -0.17868232 -0.17890477 -0.17896952 -0.17885153 -0.17851866 -0.17792816 -0.17702154 -0.1757166 -0.17389429 -0.1713739 -0.16785722 -0.16277965 -0.15489487 -0.14143528 -0.11853279 -0.08636022 -0.048505512 -0.0045080828 0.044832528 0.075924104 0.043498861 0.0057045897 -0.0067123404 -0.011417837 -0.014420277 -0.016596738 -0.018099309 -0.019049487 -0.019586473 -0.019849449 -0.019956506 -0.019990738 -0.019998689 -0.019999894 -0.019999996 -0.02 -0.02 -0.02 -0.02 -0.02 -0.02 -0.02 -0.019999965 0.25999782 0.26 -0.028388777 -0.57885805 -0.32 -0.32 -0.32 -0.59993689 -0.6 -0.6 -0.6 -0.37880591
-0.17430182 -0.17502417 -0.1756702 -0.17622785 -0.17668375 -0.17702292 -0.17722817 -0.17727924 -0.17715146 -0.17681371 -0.17622548 -0.17533236 -0.17405882 -0.17229559 -0.1698744 -0.16650995 -0.16165034 -0.15408883 -0.1411871 -0.11880679 -0.085619326 -0.046335661 -0.0059716658 0.021327478 0.012799835 -0.0057626235 -0.013781696 -0.016608784 -0.017994047 -0.01885808 -0.01940197 -0.019718823 -0.019884321 -0.0199597 -0.019988615 -0.019997538 -0.019999623 -0.019999963 -0.019999998 -0.02 -0.02 -0.02 -0.02 -0.02 -0.02 -0.02 -0.02 -0.02 -0.02 -0.02 -1.0868188 -1.19 -1.1875391 -0.32 -0.32 -0.32 -0.59999995 -0.6 -0.6 -0.6 -0.6
-0.17340344 -0.1740161 -0.17454351 -0.17497257 -0.17528843 -0.17547404 -0.17550939 -0.17537026 -0.17502657 -0.17443966 -0.1735582 -0.17231136 -0.17059633 -0.16825284 -0.16500512 -0.16031892 -0.15304997 -0.14072802 -0.11905866 -0.084840285 -0.043100761 -0.010176808 -0.0033122197 -0.01054145 -0.015708745 -0.017867838 -0.018820204 -0.019341682 -0.019653663 -0.019833672 -0.019928732 -0.019973432 -0.01999165 -0.019997875 -0.019999584 -0.019999942 -0.019999995 -0.02 -0.02 -0.02 -0.02 -0.02 -0.02 -0.02 -0.02 -0.02 -0.02 -0.02 -0.02 -0.02 -1.19 -1.19 -1.19 -0.32 -0.32 -0.32 -0.6 -0.6 -0.6 -0.6 -0.6
-0.17230181 -0.17279756 -0.17319803 -0.17348867 -0.17365273 -0.17367056 -0.17351853 -0.17316744 -0.17258013 -0.1717075 -0.17048182 -0.16880414 -0.16651844 -0.16335325 -0.15878124 -0.15167387 -0.13952202 -0.11732897 -0.079754576 -0.036471737 -0.014854978 -0.013711223 -0.016491174 -0.018218937 -0.019046558 -0.019471874 -0.019714833 -0.01985597 -0.019933618 -0.019972645 -0.019990147 -0.019996982 -0.019999241 -0.01999985 -0.019999978 -0.019999998 -0.02 -0.02 -0.02 -0.02 -0.02 -0.02 -0.02 -0.02 -0.02 -0.02 -0.02 -0.02 -0.02 -0.02 -1.19 -1.19 -1.19 -1.19 -0.32 -0.32 -0.6 -0.6 -0.6 -0.6 -0.6
-0.17099792 -0.17136865 -0.1716327 -0.17177371 -0.17177246 -0.17160589 -0.17124559 -0.17065545 -0.16978781 -0.16857649 -0.16692373 -0.16467248 -0.16154308 -0.15697497 -0.14970481 -0.13665372 -0.1109994 -0.067550443 -0.029216934 -0.017354327 -0.017127701 -0.018301189 -0.019064811 -0.019478624 -0.019710583 -0.019845717 -0.01992316 -0.019964936 -0.019985595 -0.019994773 -0.019998363 -0.019999569 -0.019999908 -0.019999985 -0.019999998 -0.02 -0.02 -0.02 -0.02 -0.02 -0.02 -0.02 -0.02 -0.02 -0.02 -0.02 -0.02 -0.02 -0.02 -0.020036867 -1.19 -1.19 -1.19 -1.19 -0.32 -0.32 -0.59998458 -0.6 -0.6 -0.6 -0.6
-0.16949215 -0.16972866 -0.16984542 -0.16982366 -0.1696408 -0.169269 -0.16867275 -0.16780475 -0.16659842 -0.1649528 -0.16269932 -0.15952012 -0.15472585 -0.14660526 -0.13066753 -0.098122223 -0.052115874 -0.024591847 -0.01843684 -0.018390923 -0.018995713 -0.019417599 -0.019666632 -0.019813546 -0.019900409 -0.019950179 -0.019977018 -0.019990366 -0.019996387 -0.01999881 -0.019999663 -0.01999992 -0.019999984 -0.019999998 -0.02 -0.02 -0.02 -0.02 -0.02 -0.02 -0.02 -0.02 -0.02 -0.02 -0.02 -0.02 -0.02 -0.02 -0.02 -1.1622109 -1.19 -1.19 -1.19 -1.19 -1.1789227 -0.32000001 -0.59886543 -0.6 -0.6 -0.6 -0.66
-0.16778363 -0.1678751 -0.16783137 -0.16763017 -0.16724385 -0.1666367 -0.16576019 -0.16454372 -0.16287466 -0.16055075 -0.15715344 -0.15168176 -0.14148826 -0.12007103 -0.080323235 -0.039591892 -0.022240193 -0.018933033 -0.01894417 -0.019314313 -0.019587843 -0.019758902 -0.01986337 -0.019926117 -0.019962419 -0.019982241 -0.019992296 -0.01999697 -0.019998935 -0.019999671 -0.019999912 -0.01999998 -0.019999996 -0.019999999 -0.02 -0.02 -0.02 -0.02 -0.02 -0.02 -0.02 -0.02 -0.02 -0.02 -0.02 -0.02 -0.02 -0.02 -0.020000134 -1.1899251 -1.19 -1.19 -1.19 -1.19 -0.31407323 -0.27 -0.27 -0.27014472 -0.59956823 -0.66 -0.66
-0.16586863 -0.16580118 -0.16557887 -0.16517356 -0.16454791 -0.16364913 -0.16239576 -0.160647 -0.15812469 -0.15419855 -0.1472772 -0.13330671 -0.10474325 -0.0625264 -0.031632073 -0.021081605 -0.019186416 -0.019221988 -0.019479564 -0.019678292 -0.019807856 -0.019889189 -0.019938924 -0.019968173 -0.019984474 -0.019992978 -0.019997086 -0.019998902 -0.019999629 -0.019999889 -0.019999971 -0.019999993 -0.019999999 -0.02 -0.02 -0.02 -0.02 -0.02 -0.02 -0.02 -0.02 -0.02 -0.02 -0.02 -0.02 -0.02 -0.02 -0.020000001 -0.022240602 -0.78350553 -0.76020792 -0.76000022 -0.76 -0.72589863 -0.27 -0.27 -0.27 -0.27 -0.27 -0.66 -0.66
-0.16373652 -0.16348888 -0.16305733 -0.16240032 -0.16145525 -0.16011729 -0.15818826 -0.15524404 -0.15027917 -0.14081146 -0.12146442 -0.086930276 -0.048496465 -0.027016452 -0.02048699 -0.019328249 -0.01937576 -0.019572474 -0.01972926 -0.019834891 -0.019902837 -0.019945211 -0.019970642 -0.019985172 -0.019992997 -0.019996933 -0.019998766 -0.019999548 -0.019999852 -0.019999957 -0.019999989 -0.019999998 -0.02 -0.02 -0.02 -0.02 -0.02 -0.02 -0.02 -0.02 -0.02 -0.02 -0.02 -0.02 -0.02 -0.020000002 -0.020015482 -0.69985874 -0.76 -0.76 -0.76 -0.76 -0.76 -0.76 -0.27 -0.27 -0.27 -0.27 -0.27 -0.66 -0.66
-0.16135801 -0.16088812 -0.16017792 -0.15914542 -0.1576418 -0.15536572 -0.15164813 -0.14492539 -0.13171932 -0.10656298 -0.069997138 -0.038870928 -0.024365056 -0.020163381 -0.019413461 -0.019467042 -0.019627672 -0.019759036 -0.019850029 -0.019909894 -0.019947993 -0.019971358 -0.019985055 -0.019992667 -0.019996646 -0.019998586 -0.019999459 -0.019999818 -0.01999995 -0.019999991 -0.020000002 -0.020000003 -0.020000002 -0.020000001 -0.020000001 -0.02 -0.02 -0.02 -0.02 -0.02 -0.02 -0.020000001 -0.020000004 -0.020000106 -0.020016141 -0.047855698 -0.75960109 -0.76 -0.76 -0.76 -0.76 -0.76 -0.76 -0.76 -0.27 -0.27 -0.27 -0.27 -0.27 -0.65492301 -0.66
-0.15865023 -0.15785101 -0.15666445 -0.15486703 -0.15199243 -0.14701516 -0.13770417 -0.11997856 -0.090455789 -0.056191091 -0.032657573 -0.022803805 -0.019977988 -0.019468659 -0.019525092 -0.019662594 -0.019777481 -0.019859006 -0.019913757 -0.019949273 -0.019971497 -0.019984827 -0.019992429 -0.019996519 -0.019998571 -0.019999516 -0.019999905 -0.020000038 -0.020000066 -0.02000006 -0.020000046 -0.020000033 -0.020000024 -0.020000018 -0.020000014 -0.020000013 -0.020000013 -0.020000016 -0.020000026 -0.020000063 -0.020000256 -0.02000215 -0.020049061 -0.024333946 -0.58506946 -0.75996175 -0.76 -0.76 -0.76 -0.76 -0.76 -0.76 -0.76 -0.76 -0.27071794 -0.27 -0.27 -0.27 -0.27 -0.25700403 0.58999497
-0.15537313 -0.15393182 -0.15165496 -0.14784231 -0.14103159 -0.12843115 -0.10636275 -0.075295767 -0.045980301 -0.028702816 -0.021854032 -0.01987037 -0.019509731 -0.01956686 -0.019688282 -0.019791637 -0.019866517 -0.019917692 -0.01995141 -0.019972829 -0.019985866 -0.019993398 -0.019997475 -0.019999498 -0.020000377 -0.020000671 -0.020000695 -0.020000619 -0.02000052 -0.020000432 -0.020000365 -0.020000321 -0.020000299 -0.020000303 -0.020000344 -0.020000451 -0.020000718 -0.020001475 -0.020004261 -0.020019321 -0.020159342 -0.022886099 -0.14376062 -0.74181459 -0.75998333 -0.76 -0.76 -0.76 -0.76 -0.76 -0.76 -0.76 -0.76 -0.76 -0.75999982 -0.27 -0.27 -0.27 -0.26999754 0.0319302 0.49648288
-0.15084319 -0.1478429 -0.14269072 -0.13350588 -0.11736213 -0.092231834 -0.062493097 -0.038804626 -0.026166265 -0.021263313 -0.01981467 -0.019549356 -0.019605347 -0.019714432 -0.01980882 -0.019878368 -0.019926509 -0.019958515 -0.019978956 -0.01999139 -0.019998483 -0.020002171 -0.020003808 -0.020004298 -0.020004213 -0.020003891 -0.02000352 -0.020003196 -0.020002964 -0.020002852 -0.02000289 -0.020003134 -0.020003709 -0.020004905 -0.020007473 -0.020013643 -0.020031401 -0.020097296 -0.020441431 -0.023257073 -0.062718819 -0.50356035 -0.75538294 -0.75998448 -0.75999999 -0.76 -0.76 -0.76 -0.76 -0.76 -0.76 -0.76 -0.76 -0.76 -0.75999999 -0.27000042 -0.27 0.029533352 0.03 0.03 0.17999999
