Interpolating SPI Data/spi_stations/interpolated_spi/6-21_3.tif
NCOLS 257
NROWS 141
XLLCORNER -178.27925
YLLCORNER 5.3153543
DX 0.49934803
DY 0.49997533
NODATA_VALUE -9999
[rows 84 to 111 of 141, columns 186 to 247 of 257]
0.29 0.29 0.28 0.0099868502 -0.13999536 0.12999937 0.13 0.13 -0.58 -0.58 -0.58 -0.63 -0.63 -0.62718201 -0.25 -0.24999991 0.64271598 0.72999739 0.72999997 0.72999988 0.72998729 0.72965619 0.72682971 0.71748987 0.70268686 0.68112906 0.58763448 0.1655375 -0.22075655 -0.32435904 -0.33154683 -0.29803813 -0.26622101 -0.24976924 -0.2313405 -0.16397605 -0.020374522 0.082643597 0.098028184 -0.14548004 -0.43718624 -0.47701346 -0.48023535 -0.48059624 -0.48076473 -0.48094778 -0.48099003 -0.48009193 -0.47521735 -0.45639793 -0.39732892 -0.25416699 -0.01379508 0.25457481 0.47908755 0.64998526 0.78190407 0.8846939 0.95937437 0.98679954 0.87058392 0.4064303
0.29 0.29 0.29 0.01 0.01 0.18 0.18 0.18 -0.32 -0.32 -0.32 -0.62085191 -0.63 -0.62999993 -0.25394227 -0.25000005 -0.23861229 0.71867457 0.72994708 0.72999684 0.72999667 0.7299478 0.72949189 0.72731609 0.72134441 0.71036956 0.69053959 0.62007231 0.34140141 -0.062019501 -0.26037301 -0.30763278 -0.29322732 -0.26898995 -0.24989118 -0.21627038 -0.12324718 0.0077678466 0.075775809 -0.044686657 -0.37841858 -0.46970897 -0.47951004 -0.48062486 -0.4808837 -0.48105729 -0.48105739 -0.48018634 -0.47602874 -0.46127425 -0.4173236 -0.31033691 -0.11458766 0.13768005 0.37641514 0.56737684 0.71424827 0.82764481 0.91190042 0.95553217 0.89422303 0.56262573
0.29 0.29 0.28999997 0.01 0.01 0.18 0.18 0.18 -0.32 -0.32 -0.32 -0.32 -0.34494569 -0.6299993 -0.61867375 -0.25115899 -0.24930819 0.17204665 0.72117759 0.72964482 0.72994625 0.72996449 0.72984737 0.72923655 0.7272397 0.72257187 0.71376103 0.69599648 0.63992274 0.45002478 0.10677387 -0.15992802 -0.2666225 -0.28185463 -0.26804667 -0.24511215 -0.19311129 -0.086223966 0.020683062 0.0015180921 -0.28875107 -0.45212572 -0.4771785 -0.48041115 -0.48097437 -0.48117468 -0.48113903 -0.48027393 -0.47660507 -0.46457854 -0.4306666 -0.34935034 -0.19341707 0.030335959 0.26939856 0.47636301 0.63954358 0.76546308 0.86011001 0.91769014 0.89537412 0.66915617
0.4899966 0.49 0.49 0.36999987 0.37 0.30266143 -0.04 -0.04 -0.319839 -0.32 -0.32 -0.32 -0.32 -0.33107031 -0.62867432 -0.39565474 -0.2511974 -0.19919643 0.5313244 0.71912459 0.72869911 0.72966198 0.72979477 0.72960933 0.72883952 0.72684181 0.72267119 0.71481967 0.69828268 0.65120056 0.51315711 0.24250586 -0.042475994 -0.20693644 -0.26006691 -0.26046429 -0.23317938 -0.16494383 -0.058666962 -0.0051790948 -0.19114051 -0.4170633 -0.47121732 -0.47953765 -0.48094762 -0.48127874 -0.48122841 -0.48035814 -0.47702972 -0.46689706 -0.43984362 -0.37663163 -0.25295459 -0.061864583 0.16486815 0.37984147 0.55790741 0.69747787 0.80354601 0.87406869 0.88080709 0.73418066
0.49 0.49 0.49 0.37 0.37 0.36999861 -0.04 -0.04 -0.04 -0.22441977 -0.32 -0.32 -0.32 -0.32000125 -0.33265872 -0.58445913 -0.29782739 -0.23981955 0.059157446 0.61863364 0.71510977 0.72667865 0.72878537 0.72924297 0.72906454 0.7281697 0.72608904 0.7220317 0.71443874 0.6983632 0.65684372 0.5493888 0.33672505 0.068393284 -0.13375493 -0.22574628 -0.24355263 -0.21344077 -0.13658747 -0.052600507 -0.12120748 -0.35986211 -0.45823702 -0.47715201 -0.48059838 -0.4813167 -0.48130995 -0.48043725 -0.47735151 -0.46857242 -0.44633828 -0.39600026 -0.29726875 -0.1374134 0.068666231 0.28221775 0.4708852 0.62368312 0.74186396 0.82498977 0.85464502 0.76733531
1.1083869 0.49 0.49 0.37 0.37 0.36999999 -0.04 -0.04 -0.04 -0.04 -0.10342452 -0.31999816 -0.31999999 -0.32000001 -0.32005016 -0.33683207 -0.45391955 -0.27378998 -0.15148125 0.32212252 0.64275044 0.70955046 0.72326866 0.72690436 0.72796683 0.72794994 0.72701037 0.72482375 0.72067247 0.71292171 0.69678509 0.65867814 0.56987548 0.39822508 0.15972145 -0.056330053 -0.18001137 -0.21639067 -0.18749921 -0.11571664 -0.1007342 -0.28656432 -0.43367336 -0.47173044 -0.47951191 -0.48117254 -0.4813483 -0.4805016 -0.47759781 -0.46981181 -0.45105417 -0.41000947 -0.330205 -0.19753534 -0.015685685 0.18814636 0.38123956 0.54497511 0.67510297 0.77063223 0.81938532 0.77673622
1.24 0.49001091 0.49 0.37 0.36844355 0.36 0.36 -0.03681982 -0.039999999 -0.04 -0.040000086 -0.090752636 -0.31952979 -0.31999375 -0.32000131 -0.32042531 -0.34137071 -0.36702269 -0.23134898 0.034770218 0.45503582 0.64888086 0.70263748 0.71833279 0.72369989 0.72563304 0.72597098 0.725102 0.72282974 0.71847052 0.71031218 0.6937876 0.6577358 0.58074871 0.43739203 0.22935379 0.016764547 -0.12704797 -0.18074008 -0.1597654 -0.1203811 -0.2184374 -0.39342868 -0.46087169 -0.47693578 -0.48061733 -0.48126998 -0.48052725 -0.47777967 -0.47074306 -0.45455494 -0.42033917 -0.35484129 -0.2446586 -0.087057422 0.10137555 0.29232863 0.46312739 0.60387008 0.7112932 0.7766162 0.76839645
1.24 1.24 0.4900909 0.36 0.36 0.36 0.36 0.36 0.36057628 0.46994423 0.46989296 0.46939614 0.46708541 0.22364095 -0.28684053 -0.31714417 -0.32102929 -0.34369397 -0.31667704 -0.12961597 0.21154044 0.51537236 0.64784508 0.69454196 0.71189606 0.71901614 0.72200677 0.72287877 0.7222037 0.71988966 0.71526334 0.70655371 0.68944889 0.65458581 0.58536998 0.46178468 0.28022977 0.080320093 -0.072378617 -0.1409606 -0.14030241 -0.17657416 -0.33771523 -0.44127332 -0.47162235 -0.47923852 -0.48093483 -0.48046477 -0.47789146 -0.47144391 -0.45720008 -0.42809639 -0.37346392 -0.28139962 -0.14602763 0.02416573 0.20735177 0.38050087 0.52937639 0.64756712 0.72750211 0.74657221
1.24 1.24 0.61752313 0.36 0.36 0.36 0.36 0.47 0.47 0.47 0.47 0.47 0.46999976 0.46997862 0.46767701 0.051620936 -0.69874758 -0.73614791 -0.73837042 -0.73418709 -0.64989561 -0.062017701 0.47826052 0.63375731 0.68363142 0.70361804 0.71268738 0.71691155 0.71847897 0.71811566 0.71581242 0.71089429 0.70156078 0.68377361 0.64954643 0.58563568 0.47624273 0.31636121 0.13243646 -0.021123107 -0.1043708 -0.14857388 -0.2732741 -0.40899504 -0.46162381 -0.47634118 -0.48009453 -0.48022194 -0.47790587 -0.47195636 -0.45922196 -0.4340175 -0.38771457 -0.31008188 -0.19407215 -0.042685558 0.12877101 0.29960064 0.45330874 0.58041995 0.67309746 0.71430353
1.24 1.24 0.36075689 0.36 0.36 0.46968318 0.47 0.47 0.47 0.47 0.47 0.46999955 0.46988271 0.4526751 -0.67890593 -0.73940499 -0.73996686 -0.73999397 -0.73999763 -0.73999843 -0.73999735 -0.73994626 -0.73842383 -0.71060761 -0.45434908 0.20491064 0.5744266 0.67313673 0.70014759 0.70873322 0.71091596 0.70953012 0.70470762 0.69492408 0.67652481 0.64265762 0.58255771 0.48370292 0.34120815 0.17319578 0.022183228 -0.083538863 -0.20080383 -0.35896704 -0.44381897 -0.47077921 -0.47833026 -0.47963796 -0.47776399 -0.47229183 -0.46076958 -0.4385976 -0.39875654 -0.33258991 -0.23295415 -0.099467731 0.058064778 0.22264627 0.37758032 0.51115112 0.61452216 0.67388404
1.24 1.24 0.36010138 0.38157272 0.46999987 0.47 0.47 0.47 0.47 0.47 0.46965073 0.42394958 -0.28371418 -0.73987169 -0.73999906 -0.73999993 -0.73999998 -0.73999998 -0.73999998 -0.73999998 -0.73999997 -0.73999994 -0.7399997 -0.73999214 -0.7398176 -0.7373087 -0.71411361 -0.57967114 -0.18111587 0.28934083 0.54301461 0.64018488 0.6744169 0.68372451 0.67974889 0.66380217 0.63173482 0.57542216 0.48520764 0.35693718 0.2029943 0.051667435 -0.096067053 -0.27991903 -0.41199379 -0.46048458 -0.47492987 -0.47844206 -0.47735921 -0.47242966 -0.46193255 -0.44217154 -0.40741186 -0.35038253 -0.2643734 -0.14710701 -0.0042180844 0.15128735 0.30404508 0.44126396 0.55302208 0.62719356
1.24 1.2399574 0.4635424 0.46890879 0.46930907 0.46784634 -0.22991003 -0.26 -0.26 -0.26 -0.25999974 -0.551833 -0.73999954 -0.74 -0.74 -0.74 -0.74 -0.74 -0.74 -0.74 -0.74 -0.74 -0.74 -0.74 -0.73999985 -0.73999603 -0.73993546 -0.73929657 -0.73457464 -0.70923135 -0.61116855 -0.36040969 0.010882065 0.32426492 0.50221525 0.58249666 0.60731235 0.5962207 0.55331176 0.47573904 0.36204542 0.21993732 0.057257436 -0.15061585 -0.35059288 -0.44071708 -0.46852216 -0.47616351 -0.47650849 -0.47230904 -0.46275272 -0.44496387 -0.41426189 -0.36456198 -0.28981063 -0.18680056 -0.058235914 0.086507289 0.23426161 0.37228943 0.48994031 0.57589716
1.24 0.16321856 -0.24627246 -0.25975983 -0.25999994 -0.26 -0.26 -0.26 -0.26 -0.26 -0.3511626 -0.74 -0.74 -0.74 -0.74 -0.74 -0.74 -0.74 -0.74 -0.74 -0.74 -0.74 -0.74000001 -0.74000002 -0.74000004 -0.74000007 -0.73999992 -0.73999637 -0.73995657 -0.73964406 -0.7378089 -0.7294325 -0.69910022 -0.6126679 -0.42796657 -0.15213322 0.12686873 0.32656828 0.43129779 0.45855787 0.42511178 0.34160901 0.21407789 0.025232116 -0.22994536 -0.3985235 -0.4557759 -0.47185772 -0.47488461 -0.47180971 -0.4632261 -0.44711852 -0.41971725 -0.37595093 -0.31048632 -0.21977832 -0.1045927 0.028679518 0.16935743 0.30561588 0.42663317 0.52153661
1.1790333 -0.25972701 -0.25999564 -0.26 -0.26 -0.26 -0.26 -0.26 -0.26 -0.7799799 -0.74 -0.74 -0.74 -0.74 -0.74 -0.74 -0.74 -0.74 -0.74 -0.74 -0.74 -0.74 -0.74 -0.74000001 -0.74000004 -0.74000009 -0.7400002 -0.74000038 -0.74000029 -0.73999602 -0.73995877 -0.73973162 -0.73864862 -0.73444348 -0.7208376 -0.68383969 -0.60017545 -0.44785194 -0.23419838 -0.010800682 0.16013678 0.24657263 0.24645876 0.15814723 -0.051956274 -0.30557954 -0.42742601 -0.46318876 -0.47181101 -0.47070035 -0.46329286 -0.44871399 -0.42406442 -0.3851589 -0.32737483 -0.24717449 -0.14411495 -0.022293405 0.10999904 0.24236509 0.36436766 0.46554679
-0.25939619 -0.26016572 -0.26009897 -0.26007442 -0.2601347 -0.26471441 -0.77995046 -0.78 -0.78 -0.78 -0.74 -0.74 -0.74 -0.74 -0.74 -0.74 -0.74 -0.74 -0.74 -0.74 -0.74 -0.74 -0.74 -0.74000001 -0.74000004 -0.74000011 -0.74000026 -0.74000056 -0.74000109 -0.74000192 -0.74000237 -0.73999694 -0.73995526 -0.73974687 -0.73891535 -0.7361261 -0.72807073 -0.70779815 -0.66329139 -0.57908004 -0.44530636 -0.27337582 -0.10269903 0.013978515 0.014987656 -0.16255014 -0.36321517 -0.44391629 -0.46563607 -0.46848662 -0.46279986 -0.44976425 -0.42749454 -0.3926338 -0.34123898 -0.26997324 -0.1776938 -0.066821147 0.0564412 0.18333221 0.30423195 0.40923024
-0.27945116 -0.2984918 -0.38798853 -0.69486383 -0.77959766 -0.78 -0.78 -0.78 -0.78 -0.74010766 -0.74 -0.74 -0.74 -0.74 -0.74 -0.74 -0.74 -0.74 -0.74 -0.74 -0.74 -0.74 -0.74000001 -0.74000002 -0.74000007 -0.74000018 -0.74000042 -0.74000088 -0.74000171 -0.74000309 -0.74000521 -0.74000809 -0.74001039 -0.74000391 -0.73995337 -0.73973523 -0.73898359 -0.73676305 -0.73098395 -0.71755399 -0.68954006 -0.63725575 -0.55110371 -0.42906142 -0.28956297 -0.20176925 -0.27981782 -0.40318582 -0.45245909 -0.46402312 -0.4613954 -0.45019615 -0.43011607 -0.3986983 -0.35266768 -0.2889973 -0.20618848 -0.10548626 0.008617618 0.1289848 0.24707807 0.35371813
-0.61110748 -0.74022505 -0.77935904 -0.78129757 -0.78057089 -0.78016838 -0.78003214 -0.78001146 -0.78141704 -0.74000019 -0.74 -0.74 -0.74 -0.74 -0.74 -0.74 -0.74 -0.74 -0.74 -0.74 -0.74 -0.74000001 -0.74000002 -0.74000006 -0.74000017 -0.7400004 -0.74000085 -0.74000166 -0.74000303 -0.7400052 -0.74000847 -0.74001315 -0.74001952 -0.7400273 -0.74003374 -0.74002652 -0.7399629 -0.73971702 -0.7389657 -0.73697366 -0.73224293 -0.72202685 -0.70180831 -0.66503827 -0.6037139 -0.51150942 -0.40564379 -0.38184707 -0.43051085 -0.45539879 -0.45837007 -0.44979379 -0.43194928 -0.40357188 -0.36210845 -0.30491749 -0.23037612 -0.13893962 -0.033758897 0.079503592 0.19350224 0.29993802
-0.83967913 -0.84617533 -0.84908303 -0.84991485 -0.84999871 -0.85 -0.85 -0.85 -0.85 -0.85 -0.84963932 -0.74 -0.74 -0.74 -0.74 -0.74 -0.74 -0.74 -0.74 -0.74 -0.74000001 -0.74000003 -0.74000009 -0.74000023 -0.74000052 -0.74000106 -0.740002 -0.74000356 -0.74000598 -0.74000958 -0.74001471 -0.74002176 -0.74003114 -0.74004324 -0.74005814 -0.7400748 -0.74008796 -0.74007954 -0.73999715 -0.73970753 -0.73890765 -0.73697306 -0.73272607 -0.72411482 -0.70779071 -0.67841821 -0.62688738 -0.54152046 -0.46086226 -0.44965778 -0.45378899 -0.44830379 -0.43293303 -0.40738488 -0.36989304 -0.31827036 -0.2509315 -0.16783093 -0.071107084 0.034844051 0.14385744 0.24859891
-0.84984019 -0.84997903 -0.84999895 -0.84999999 -0.85 -0.85 -0.85 -0.85 -0.85 -0.85 -0.85 -0.84998443 -0.74003196 -0.74000003 -0.74 -0.74 -0.74 -0.74000001 -0.74000002 -0.74000005 -0.74000012 -0.74000025 -0.74000052 -0.74000101 -0.74000184 -0.74000318 -0.74000526 -0.74000835 -0.74001276 -0.74001885 -0.74002704 -0.74003774 -0.7400514 -0.74006848 -0.74008935 -0.74011424 -0.7401427 -0.74017207 -0.74019331 -0.7401808 -0.74007069 -0.73971938 -0.73883165 -0.73684608 -0.73276033 -0.72484317 -0.70993724 -0.68075881 -0.61816301 -0.5184606 -0.46347077 -0.44803276 -0.43337386 -0.41027191 -0.37627452 -0.32948141 -0.2684254 -0.19276801 -0.10390747 -0.0051978879 0.098287456 0.20019569
-0.84999557 -0.84999972 -0.84999999 -0.85 -0.85 -0.85 -0.85 -0.85 -0.85 -0.85 -0.85 -0.85 -0.84994742 -0.75125904 -0.74006628 -0.74000468 -0.74000137 -0.74000087 -0.74000085 -0.74000104 -0.74000144 -0.7400021 -0.74000314 -0.7400047 -0.74000698 -0.7400102 -0.74001466 -0.74002066 -0.74002857 -0.74003879 -0.74005174 -0.74006785 -0.74008756 -0.74011131 -0.74013952 -0.74017253 -0.74021057 -0.74025337 -0.74029935 -0.74034328 -0.74037081 -0.74034716 -0.7401956 -0.73976008 -0.73874432 -0.73661313 -0.7324036 -0.72415146 -0.70628442 -0.65967183 -0.5591758 -0.47345798 -0.43829601 -0.41328419 -0.38164378 -0.33893191 -0.28334398 -0.21429983 -0.13265426 -0.040927145 0.056770958 0.15502953
-0.84999974 -0.84999999 -0.85 -0.85 -0.85 -0.85 -0.85 -0.85 -0.85 -0.85 -0.85 -0.85 -0.84999999 -0.84980455 -0.79798729 -0.74250884 -0.74024668 -0.7400625 -0.74002902 -0.74001973 -0.74001707 -0.74001717 -0.740019 -0.74002228 -0.74002706 -0.74003351 -0.74004188 -0.7400525 -0.74006572 -0.74008191 -0.74010149 -0.74012485 -0.74015241 -0.74018457 -0.74022171 -0.74026415 -0.74031219 -0.74036595 -0.74042523 -0.74048891 -0.74055352 -0.74061004 -0.74063734 -0.74059 -0.74037711 -0.73982732 -0.73862871 -0.73619523 -0.73118346 -0.71912541 -0.68256442 -0.58737699 -0.48028563 -0.42476555 -0.38805621 -0.34734903 -0.29619869 -0.23293756 -0.15783244 -0.072704797 0.019165885 0.11323791
-0.84999997 -0.85 -0.85 -0.85 -0.85 -0.85 -0.85 -0.85 -0.85 -0.85 -0.85 -0.85 -0.85 -0.84999876 -0.84946402 -0.82185784 -0.75510797 -0.74243065 -0.74067866 -0.74029468 -0.74017438 -0.7401278 -0.74010857 -0.74010215 -0.74010313 -0.7401093 -0.74011973 -0.7401341 -0.74015239 -0.74017472 -0.74020134 -0.74023251 -0.74026854 -0.74030974 -0.7403564 -0.74040878 -0.74046713 -0.74053159 -0.74060222 -0.74067876 -0.74076029 -0.74084424 -0.74092433 -0.74098648 -0.74100132 -0.74091126 -0.74060879 -0.73989626 -0.73838093 -0.73504298 -0.72606604 -0.69561481 -0.60645275 -0.4841943 -0.40778927 -0.35810986 -0.30815314 -0.24932971 -0.17995239 -0.10092986 -0.014755455 0.074827059
-0.84999999 -0.85 -0.85 -0.85 -0.85 -0.85 -0.85 -0.85 -0.85 -0.85 -0.85 -0.85 -0.85 -0.84999992 -0.84998174 -0.84886048 -0.8296934 -0.77516749 -0.74941567 -0.74316578 -0.74142972 -0.74081849 -0.74055963 -0.74043621 -0.74037443 -0.74034502 -0.74033497 -0.74033794 -0.74035068 -0.74037146 -0.74039935 -0.74043388 -0.74047485 -0.74052219 -0.74057594 -0.74063614 -0.74070288 -0.74077619 -0.74085609 -0.74094247 -0.74103499 -0.74113277 -0.74123371 -0.74133304 -0.74142059 -0.74147588 -0.74145967 -0.74129937 -0.74085918 -0.73984847 -0.73741244 -0.73008919 -0.70321877 -0.61883629 -0.48528432 -0.38791403 -0.32425122 -0.26519635 -0.19981996 -0.12610316 -0.04530193 0.0396956
-0.85 -0.85 -0.85 -0.85 -0.85 -0.85 -0.85 -0.85 -0.85 -0.85 -0.85 -0.85 -0.85 -0.84999998 -0.8499977 -0.84989752 -0.84797998 -0.83240439 -0.79189746 -0.76085366 -0.74866956 -0.7442743 -0.74249752 -0.74167901 -0.74126034 -0.74103045 -0.74089989 -0.74082679 -0.74078992 -0.74077778 -0.74078379 -0.74080403 -0.74083609 -0.74087844 -0.7409301 -0.74099041 -0.74105892 -0.7411353 -0.74121927 -0.74131056 -0.74140883 -0.74151358 -0.74162385 -0.74173774 -0.74185134 -0.74195677 -0.74203877 -0.74206884 -0.74199453 -0.74171466 -0.74099178 -0.73904457 -0.73256384 -0.70759289 -0.62622366 -0.48367085 -0.36584195 -0.28757728 -0.21984641 -0.14922529 -0.072973095 0.0076185572
-0.85 -0.85 -0.85 -0.85 -0.85 -0.85 -0.85 -0.85 -0.85 -0.85 -0.85 -0.85 -0.85 -0.84999999 -0.84999929 -0.84997947 -0.84966508 -0.84685113 -0.8332011 -0.80270227 -0.77314329 -0.75674915 -0.74917942 -0.74562664 -0.74383097 -0.74285089 -0.7422812 -0.74193507 -0.74171992 -0.74158673 -0.74150801 -0.74146756 -0.74145542 -0.74146522 -0.74149277 -0.74153521 -0.74159056 -0.74165736 -0.74173452 -0.74182119 -0.74191661 -0.74202008 -0.74213079 -0.74224759 -0.74236859 -0.7424903 -0.74260624 -0.74270433 -0.74276261 -0.74274065 -0.74255657 -0.74199711 -0.7402951 -0.7341455 -0.70988405 -0.62978575 -0.47953781 -0.34234043 -0.24933078 -0.17353685 -0.099016362 -0.021922565
-0.85 -0.85 -0.85 -0.85 -0.85 -0.85 -0.85 -0.85 -0.85 -0.85 -0.85 -0.85 -0.85 -0.84999999 -0.84999961 -0.84999261 -0.84990663 -0.84921286 -0.84552541 -0.83313885 -0.80925201 -0.7835926 -0.76575961 -0.75566012 -0.75018601 -0.74713838 -0.74535906 -0.74426974 -0.74357599 -0.74312145 -0.74281908 -0.74261819 -0.74248798 -0.74240903 -0.74236868 -0.7423584 -0.7423723 -0.74240618 -0.74245698 -0.74252237 -0.74260055 -0.74269005 -0.74278956 -0.7428978 -0.74301329 -0.74313395 -0.74325646 -0.74337511 -0.74347982 -0.74355268 -0.74356042 -0.74343094 -0.74295572 -0.74133753 -0.73515587 -0.71070033 -0.63033179 -0.47313219 -0.31814622 -0.2107478 -0.12762621 -0.050480603
-0.85 -0.85 -0.85 -0.85 -0.85 -0.85 -0.85 -0.85 -0.85 -0.85 -0.85 -0.85 -0.85 -0.84999998 -0.84999969 -0.84999597 -0.84996105 -0.84972034 -0.84850673 -0.84406044 -0.83264148 -0.81321514 -0.79154515 -0.77422141 -0.76277084 -0.75573131 -0.75143037 -0.74874309 -0.74701107 -0.74586031 -0.74507602 -0.74453153 -0.74414974 -0.74388222 -0.74369757 -0.74357487 -0.74349978 -0.74346221 -0.74345493 -0.74347259 -0.74351115 -0.74356748 -0.74363904 -0.74372371 -0.74381956 -0.74392457 -0.74403635 -0.74415148 -0.74426464 -0.74436694 -0.744443 -0.74446344 -0.74435927 -0.74391153 -0.74225507 -0.73575038 -0.71036773 -0.62842575 -0.46473522 -0.29389247 -0.1729324 -0.08329587
-0.85 -0.85 -0.85 -0.85 -0.85 -0.85 -0.85 -0.85 -0.85 -0.85 -0.85 -0.85 -0.85 -0.84999997 -0.84999968 -0.84999707 -0.84997804 -0.84986762 -0.84936304 -0.84755265 -0.84250984 -0.83190911 -0.8156272 -0.79733805 -0.78142169 -0.76966502 -0.76165492 -0.75633615 -0.7527913 -0.75038881 -0.74872646 -0.74755305 -0.74671078 -0.74609882 -0.74565137 -0.74532446 -0.74508804 -0.74492111 -0.74480868 -0.74473981 -0.74470637 -0.74470217 -0.7447224 -0.74476322 -0.74482144 -0.74489429 -0.74497909 -0.74507293 -0.74517214 -0.74527148 -0.74536274 -0.74543189 -0.74545113 -0.74534905 -0.74488257 -0.74308255 -0.73599622 -0.70905851 -0.62446606 -0.45463173 -0.27006894 -0.13677404
