Interpolating SPI Data/spi_stations/interpolated_spi/6-21_2.tif
NCOLS 257
NROWS 141
XLLCORNER -178.27925
YLLCORNER 5.3153543
DX 0.49934803
DY 0.49997533
NODATA_VALUE -9999
[rows 56 to 83 of 141, columns 124 to 185 of 257]
-3.72 -3.6904752 -0.8 -0.8 -0.8 -0.8 -0.8 -1.5598603 -1.7775759 -1.2542902 -1.1124429 -1.0549573 -1.0320013 -1.0516274 -1.1082848 -1.1546043 -1.31 -1.3099517 -0.96785069 -0.84000022 -0.84 -0.84 -0.84 -0.84 -0.84 -0.47 -0.41729878 -0.25 -0.25 -0.25 -0.25240932 -0.5963515 -0.97999979 -0.62 -0.62 -0.62 -1.0999997 -1.1 -1.1 -1.94 -1.94 -1.94 -2.5920713 -2.6 -2.6 -2.6 -2.5988716 -2.07 -2.07 -2.07 -2.07 -2.0697317 -0.42 -0.42 -0.42 -0.42 -0.43199553 -1.06 -1.16 -1.16 -1.16 -1.1532219
-3.72 -3.72 -0.8 -0.8 -0.8 -0.8 -0.8 -1.3134056 -1.72 -1.4300004 -1.43 -1.43 -1.43 -1.43 -1.43 -1.44382 -2.35 -2.3499851 -1.0521383 -0.84002074 -0.84000539 -0.8400333 -1.0246769 -1.5794222 -1.4945958 -0.47 -0.47 -0.47 -0.25 -0.25 -0.49 -0.49 -0.49000001 -0.62 -0.62 -0.62 -1.1 -1.1 -1.1 -1.1151049 -1.94 -1.94 -2.5991159 -2.6 -2.6 -2.6 -2.14 -2.07 -2.07 -2.07 -2.07 -2.0698656 -0.42 -0.42 -0.42 -1.06 -1.06 -1.06 -1.06 -1.02 -1.02 -1.02
-3.72 -3.72 -0.80006689 -0.8 -0.8 -0.8 -0.91718304 -1.72 -1.72 -1.72 -1.43 -1.43 -1.43 -1.43 -1.43 -2.35 -2.35 -2.35 -2.35 -1.58 -1.58 -1.58 -1.58 -1.58 -1.58 -0.47 -0.47 -0.47 -0.47 -0.49 -0.49 -0.49 -0.49 -0.62 -0.62 -1.23 -1.23 -1.2280653 -1.1 -1.1046862 -2.22 -2.22 -2.22 -2.286496 -2.1401189 -2.14 -2.14 -2.14 -1.4 -1.4 -1.4 -1.3701446 -0.14 -0.14012709 -1.06 -1.06 -1.06 -1.06 -1.06 -1.02 -1.02 -1.02
-3.2700039 -3.673889 -2.43 -2.4299998 -0.80000186 -0.83025349 -1.72 -1.72 -1.72 -1.72 -1.5011465 -1.43 -1.43 -1.43 -2.35 -2.35 -2.35 -2.35 -2.35 -1.58 -1.58 -1.58 -1.58 -1.58 -1.58 -0.47 -0.47 -0.47 -0.47141145 -0.49 -0.49 -0.49 -1.17 -1.17 -1.23 -1.23 -1.23 -2.1569644 -2.17 -2.22 -2.22 -2.22 -2.220012 -2.28 -2.28 -2.14 -2.14 -2.14 -1.4 -1.4 -1.4 -0.14 -0.14 -0.14 -1.06 -1.06 -1.06 -1.06 -1.0599997 -1.02 -1.02 -1.02
-3.27 -2.43 -2.43 -2.43 -1.5301855 -1.53 -1.72 -1.72 -1.72 -1.72 -1.7199999 -1.54 -1.54 -2.3450439 -2.35 -2.35 -2.35 -2.35 -2.35 -1.6499566 -1.58 -1.58 -1.58 -1.58 -1.5800006 -0.57 -0.57 -0.57 -0.57 -0.57 -1.1699998 -1.17 -1.17 -1.17 -1.1700017 -2.0778343 -2.17 -2.17 -2.17 -2.22 -2.22 -2.22 -2.28 -2.28 -2.28 -2.14 -2.14 -2.14 -1.4 -1.4 -1.4 -0.14 -0.14 -0.14 -0.10156462 -0.1 -0.1 -0.1 -0.10000061 -1.02 -1.02 -1.02
-2.43 -2.43 -2.43 -2.43 -1.53 -1.53 -1.53 -1.72 -1.72 -1.72 -1.54 -1.54 -1.54 -1.54 -2.35 -2.35 -2.35 -1.3533592 -1.6439759 -1.65 -1.65 -1.5955844 -1.68 -1.68 -1.68 -0.57001608 -0.57 -0.57 -0.57 -0.57 -1.17 -1.17 -1.17 -1.17 -1.1707447 -2.17 -2.17 -2.17 -2.229987 -2.22 -2.22 -2.22 -2.28 -2.28 -2.28 -2.28 -2.1399997 -0.46000008 -0.4819166 -0.19000019 -0.19 -0.14 -0.14 -0.14 -0.099999999 -0.1 -0.1 -0.1 -0.081104381 0.07 0.07 0.07
-2.4299999 -2.43 -2.43 -2.4299294 -1.53 -1.53 -1.53 -1.5311927 -1.72 -1.72 -1.54 -1.54 -1.54 -1.54 -1.2600001 -1.26 -1.26 -1.26 -1.65 -1.65 -1.65 -1.65 -1.68 -1.68 -1.68 -0.51 -0.51 -0.57014919 -0.89982778 -0.89999669 -1.7 -1.7 -1.7 -1.7 -1.7 -2.23 -2.23 -2.23 -2.23 -2.2297263 -1.63 -1.63 -1.63 -1.8977677 -1.32 -1.32 -0.46000009 -0.46 -0.46 -0.19 -0.19 -0.19 0.45 0.45 0.45 0.056860586 0.06 0.06 0.06 0.071049076 0.07 0.07
-0.61 -2.2676628 -2.43 -1.5299924 -1.53 -1.53 -1.53 -1.43 -1.43 -1.4072402 -0.67000132 -0.67 -0.68152574 -1.5312861 -1.2599888 -1.26 -1.26 -1.26 -1.65 -1.65 -1.65 -1.65 -1.68 -1.68 -1.6799712 -0.51 -0.51 -0.9 -0.9 -0.9 -1.6999994 -1.7 -1.7 -1.7 -1.7 -2.227442 -2.2299975 -2.23 -2.2299996 -1.6300033 -1.63 -1.63 -1.63 -1.32 -1.32 -1.32 -0.46000028 -0.46 -0.46 -0.19 -0.19 -0.19 0.45 0.45 0.45 0.06 0.06 0.06 0.06 0.46 0.46 0.45857892
-0.61 -0.61027781 -1.2300002 -1.23 -1.23 -1.4418665 -1.43 -1.43 -1.43 -1.48 -0.67 -0.67 -0.67 -0.67 -0.48 -0.48 -0.48 -1.1160227 -1.65 -1.65 -1.65 -1.6498293 -0.96 -0.96 -0.95999999 -0.51 -0.51 -0.9 -0.9 -0.9 -1.48 -1.48 -1.48 -1.48 -1.4800103 -1.93 -1.93 -1.93 -1.93 -1.9299945 -1.63 -1.6297687 -1.3700001 -1.32 -1.32 -1.2975531 -1.02 -0.46 -0.46002367 -1 -0.19003265 -0.67 -0.67 0.44989549 -0.45 -0.45 0.049757797 0.059967912 0.059888328 0.46 0.46 0.46
-1.2798449 -1.28 -1.2463269 -1.23 -1.23 -1.23 -1.43 -1.43 -1.48 -1.48 -1.48 -0.67 -0.67 -0.66999999 -0.48 -0.48 -0.48 -0.48 -0.51013223 -1.6496153 -1.65 -0.95999994 -0.96 -0.96 -0.96 -0.51 -0.51012707 -0.9 -0.9 -0.9 -1.4799999 -1.48 -1.48 -1.48 -1.48 -1.93 -1.93 -1.93 -1.93 -1.8921829 -1.37 -1.37 -1.37 -1.37 -1.02 -1.02 -1.02 -1.0022414 -1 -1 -0.99999763 -0.67 -0.67 -0.45 -0.45 -0.45205227 -0.6 -0.6 -0.6 0.46000032 0.46 0.46
-1.28 -1.28 -1.28 -1.23 -1.23 -1.23 -1.43 -1.4442947 -1.48 -1.48 -1.48 -0.67000371 -0.89 -0.89 -0.4802051 -0.48 -0.48 -0.50805209 -0.51 -0.51 -0.51 -0.68 -0.68 -0.68 -0.70142392 -0.79 -0.79 -0.79 -0.79 -0.71771874 -0.63 -0.63 -0.63 -0.63 -0.6303015 -1.4397299 -1.24 -1.24 -1.24 -1.24 -1.37 -1.37 -1.3489449 -0.78001701 -1.02 -1.02 -1.0199958 -0.99123371 -1 -1 -0.36347939 -0.67 -0.67 -0.39391291 -0.45 -0.6 -0.6 -0.6 -0.59999882 1.29 1.29 1.29
-1.28 -1.28 -1.28 -1.23 -1.23 -1.23 -1.2303387 -1.48 -1.48 -1.48 -1.48 -0.89 -0.89 -0.89 -0.89 -0.86535951 -0.4800009 -0.51 -0.51 -0.51 -0.51 -0.68 -0.68 -0.68 -0.68 -0.79 -0.79 -0.79 -0.79 -0.78959196 -0.63 -0.63 -0.63 -0.63 -1.27 -1.27 -1.24 -1.24 -1.24 -1.24 -0.78 -0.78 -0.78 -0.78 -0.98 -0.98 -0.98 -0.98 -0.25945509 -0.33 -0.33 -0.33 -0.04 -0.04 0.09 0.09 0.089999977 -0.59999548 1.23 1.2899999 1.29 1.29
-1.28 -1.28 -1.2797822 -1.2299914 -1.23 -1.23 -1.81 -1.81 -1.81 -1.8099888 -1.3 -0.89000106 -0.89 -0.89 -0.89 -0.89 -0.51000006 -0.51 -0.51 -0.51 -0.51 -0.68 -0.68 -0.68 -0.68 -0.79 -0.79 -0.79 -0.79 -0.07 -0.07 -0.62999983 -0.63 -1.27 -1.27 -1.27 -1.2400237 -1.1332722 -0.56 -0.56 -0.63327225 -0.77999986 -0.69043859 -0.55005241 -0.13000001 -0.1310222 -0.98 -0.12916041 0.6 -0.32628566 -0.33 -0.33 -0.04 -0.04 0.09 0.09 0.09 1.23 1.23 1.23 1.06 0.85539414
-0.82 -0.82 -0.82 -0.82 -1.4579761 -1.9995641 -1.81 -1.81 -1.81 -1.81 -1.3 -1.3 -0.89545392 -0.89 -0.89 -0.89026905 -0.51001834 -0.51 -0.51 -0.51 -0.51 -0.68 -0.67999817 0.42999997 0.43 0.42999928 -0.79 -0.78999998 -0.070052909 -0.07 -0.07 -0.07 -0.68610332 -1.27 -1.27 -1.27 -1.2682622 -0.56 -0.56 -0.56 -0.55998982 -0.55 -0.55 -0.55 -0.13 -0.13 -0.13 0.6 0.6 0.6 0.8667667 0.93 0.86599982 0.94999746 0.95 0.10475875 1.09 1.0909643 1.23 1.23 1.06 0.85816252
-0.82 -0.82 -0.82 -0.82 -2 -2 -1.9943854 -1.81 -1.81 -1.81 -1.3 -1.3 -1.3 -0.95 -0.95 -0.95 -0.28930758 -0.28000026 -0.50985605 -0.51 -0.51 0.42999999 0.43 0.43 0.43 0.43 0.41000001 0.41 0.41 -0.07 -0.07 -0.07 -0.069999848 -0.02 -0.02 -0.02 -0.64999985 -0.39001865 -0.39 -0.39 -0.38999995 -0.55 -0.55 -0.55 -0.0048793404 -0.13 -0.13 0.59999999 0.6 0.6 0.93 0.93 0.93 0.95 0.95 1.09 1.09 1.09 1.2299908 1.23 1.0480577 0.22000001
-0.82 -0.82 -0.82 -0.82 -2 -2 -2 -1.8100003 -1.81 -1.8099999 -1.3 -1.3 -0.95 -0.95 -0.95 -0.95 -0.28 -0.28 -0.28 -0.28 -0.16951208 0.43 0.43 0.43 0.43 0.43 0.41 0.41 0.41 0.40995726 0.14999954 0.15 0.14999991 -0.02 -0.02 -0.020141555 -0.65 -0.62225402 -0.39 -0.39 -0.01 -0.01 -0.010000163 0.94 0.94 0.94 0.94 0.70999871 0.71 0.71 0.93 0.93 0.66068125 0.95 0.95 1.0899987 1.09 0.55893242 0.54 0.53997413 0.31 0.22028673
-0.82 -0.82 -0.82 -1.9473917 -2 -2 -2 -2 -1.8100002 -1.803164 -1.3 -1.3 -0.95 -0.95 -0.95 -0.73406574 -0.28 -0.28 -0.28 -0.28 -0.27999998 0.43 0.43 0.43 0.43 0.43 0.41 0.41 0.41 0.39654645 0.15 0.15 0.15 -0.02 -0.02 -0.65 -0.65 -0.65 -0.39 -0.38950176 -0.01 -0.01 -0.01 0.94 0.94 0.94 0.94 0.71 0.71 0.71 0.71 0.66 0.66 0.66 0.30405368 0.27 0.27 0.54 0.54 0.54 0.31 0.31
-1.09 -0.85476521 -0.82000001 -2 -2 -2 -2 -1.9984854 -1.83 -1.83 -1.83 -0.99 -0.99 -0.98912536 -0.95000003 -0.28 -0.28 -0.28 -0.28 -0.28 1.1191193 1.1199995 0.43000005 0.43119671 1.49 1.49 0.91724002 0.41 0.41 0.59991613 0.6 0.6 0.59999648 0.19562693 0.17933875 0.18 0.18 0.17999963 0.15172379 0.63311871 0.6399949 0.6399917 0.63148598 0.94 0.94 0.59160914 0.59 0.71 0.71 0.71 0.71 0.66 0.66 0.66 0.27000003 0.27 0.27 0.26958513 -0.57 -0.24 -0.24 0.58
-1.09 -1.09 -1.09 -1.9999346 -1.9999999 -2 -1.8926669 -1.83 -1.83 -1.83 -1.83 -0.99 -0.99 -0.99 -0.99 -0.28000003 -0.28 -0.28 -0.28 1.1197318 1.12 1.12 1.1200021 1.49 1.49 1.49 1.49 1.4899665 0.41092078 0.6 0.6 0.6 0.6 0.6 0.18 0.18 0.18 0.18 0.18000041 0.64 0.64 0.64 0.64 0.5900246 0.59 0.59 0.59 0.59 0.71 0.71 0.71 0.65999995 -0.82793146 -0.83 -0.83 -0.52855601 0.26999913 -0.57 -0.57 -0.24 -0.24 0.58
-1.09 -1.09 -1.09 -1.49 -1.49 -1.49 -1.4900014 -1.83 -1.83 -1.83 -1.83 -0.99 -0.99 -0.99 -0.99 -0.98999767 -0.28 -0.28 1.10877 1.12 1.12 1.12 1.12 1.49 1.49 1.49 1.49 1.49 0.50013173 0.50000007 0.5 0.5 0.5 0.50002175 -0.07 -0.07 -0.07 -0.069997292 -0.028687145 0.57900106 0.63363556 0.63263907 0.57475559 0.58999999 0.59 0.59 0.59 0.59 0.3080794 -0.5 -0.5 -0.50000004 -0.83 -0.83 -0.83 -0.53 -0.53 -0.57 -0.57 -0.24002972 -0.24 0.079999987
-1.09 -1.09 -1.0899926 -1.49 -1.49 -1.49 -1.49 -1.4922071 -1.83 -1.83 -1.83 -0.99 -0.99 -0.99 -0.99 -0.98845401 -0.16000009 -0.10096338 1.12 1.12 1.12 1.12 1.12 1.49 1.49 1.49 1.49 1.49 0.42731905 0.5 0.5 0.5 0.5 0.49999849 -0.07 -0.07 -0.07 -0.07 -0.068513672 0.22 0.22 0.22 0.22 0.59841858 0.6 0.6 0.6 0.6 -0.5 -0.5 -0.5 -0.5 -0.83 -0.83 -0.82999982 -0.53 -0.5323178 -0.58 -0.58 0.08 0.08 0.08
-0.36000001 -0.36 -0.36 -1.49 -1.49 -1.49 -1.49 -1.49 -1.8189217 -1.83 -0.99274346 -0.96362145 -0.99 -0.99 -0.18717527 -0.16 -0.16 -0.16 1.1199996 1.12 1.12 1.12 1.0571126 0.87177914 1.49 1.49 1.49 1.0537011 0.3 0.3 0.3 0.30000734 0.49999756 0.49997791 -0.031310148 -0.010000289 -0.01 -0.01 -0.0099985708 0.22 0.22 0.22000784 0.55997926 0.59686136 0.6 0.6 0.6 0.6 -0.4999111 -0.5 -0.5 -0.5 -0.46 -0.46 -0.46000004 -0.54385497 -0.58 -0.58 -0.58 0.08 0.08 0.08
-0.36 -0.36 -0.36 -0.86000003 -1.1324732 -1.49 -1.49 -1.49 -1.49 -0.8 -0.8 -0.8 -0.8 -0.8 -0.16 -0.16 -0.16 -0.16 -0.16 0.87 0.87 0.87 0.87 0.87 0.65 0.65 0.65 0.56606629 0.3 0.3 0.3 0.3 0.3 0.49 -0.005297437 -0.01 -0.01 -0.01 0.46673223 0.56 0.56 0.56 0.56 0.2500001 0.25 0.25 0.58341425 0.57 0.57 -0.38763 -0.49999997 -0.46000001 -0.46 -0.46 -0.42772146 -0.31000001 -0.58 -0.58 0.27999997 0.27999999 0.07999984 -0.069998174
-0.36 -0.36 -0.36 -0.86 -0.86 -0.86 -0.86 -1.4493006 -0.55021277 -0.8 -0.8 -0.8 -0.8 -0.8 -0.16 -0.16 -0.16 -0.16 -0.16 0.87 0.87 0.87 0.87 0.86999851 0.65 0.65 0.65 0.65 0.3 0.3 0.3 0.3 0.49 0.49 0.49 -0.0099999558 -0.01 0.95987457 0.96 0.96 0.56 0.56 0.39305429 0.25000831 0.25 0.25 0.25 0.57 0.57 0.56990546 0.12 0.12 -0.46 -0.44118146 -0.31 -0.31 0.070049292 0.28 0.28 0.28 -0.07 -0.07
-1.08 -0.38183631 -0.73005767 -0.86 -0.86 -0.86 -0.86 -0.55 -0.55 -0.79999992 -0.8 -0.8 -0.8 -0.8 -0.16 -0.16 -0.16 -0.16 -0.16 0.87 0.87 0.87 0.87 0.65 0.65 0.65 0.65 0.65 1.2199995 0.34187814 0.3 0.30007181 0.49 0.49 0.49 0.49 0.9599659 0.96 0.96 0.96 0.39 0.39 0.39 0.39 0.68 0.68 0.64407508 0.57 0.57 0.12000397 0.12 0.12 0.12 -0.31 -0.31 -0.31 0.071207705 0.28 0.28 0.28 -0.07 -0.07
-1.08 -1.08 -1.0794256 -0.86 -0.86 -0.86 -0.55 -0.55 -0.55 -0.55 -0.8 -0.8 -0.8 -0.8 -0.16006578 -0.16 -0.16000074 -0.25671758 -0.47952323 0.96998531 0.97 0.97 0.97 0.65 0.65 0.65 0.65 0.69141594 1.22 1.22 1.22 0.51898304 0.49 0.49 0.81 0.81 0.81 0.96 0.96 0.95999997 0.39 0.39 0.39 0.5608384 0.68 0.68 0.78 0.78 0.77999997 0.45 0.45 0.44996486 1.3894733 1.39 1.5461794 1.69 1.6899998 0.98 0.98 0.98000007 1.6298081 -0.069998746
-1.08 -1.08 -1.08 -0.84253175 -0.85983288 -0.55214121 -0.55 -0.55 -0.55 -0.55 -0.36 -0.36 -0.36 -0.36003574 -0.48 -0.48 -0.48 -0.48 -0.47966067 0.87816103 0.97 0.97 0.97 0.97059563 0.65013634 0.65 0.65 1.22 1.22 1.22 1.22 1.3099038 1.3070915 0.81 0.81 0.81 0.81 0.38 0.38 0.38 0.3800002 0.96 0.96 0.96 0.68 0.68 0.78 0.78 0.78 0.45 0.45 1.26 1.2831048 1.39 1.69 1.69 1.69 0.98 0.98 1.64 1.64 0.98
-1.08 -1.08 0.86 0.86 0.86 0.86 -0.55 -0.55 -0.54999996 -0.46000016 -0.36 -0.36 -0.36 -0.36 -0.48 -0.48 -0.48 -0.48 0.83 0.83 0.97 0.97 0.97 1.43 1.43 1.43 1.2238377 1.22 1.22 1.22 1.22 1.31 1.31 1.2834879 0.81 0.81 0.80999986 0.38 0.38 0.38 0.38 0.96 0.96 0.96 1.15 1.15 0.88 0.87999179 0.87305559 1.13 0.49431535 1.26 1.26 1.39 1.3998441 1.69 1.7242012 2.01 1.1246843 1.64 2.0491954 2.0899753
