Interpolating SPI Data/spi_stations/interpolated_spi/6-22_2.tif
NCOLS 257
NROWS 141
XLLCORNER -178.27925
YLLCORNER 5.3153543
DX 0.49934803
DY 0.49997533
NODATA_VALUE -9999
[rows 112 to 139 of 141, columns 124 to 185 of 257]
0.64165559 0.96662353 1.1981409 1.3173443 1.3679661 1.3876306 1.3950548 1.3978518 1.3988127 1.398563 1.3950394 1.3731742 1.2407387 0.67218356 -0.11792898 -0.38316361 -0.3636693 -0.23712639 -0.16616392 -0.14240889 -0.13158016 -0.12571719 -0.12262314 -0.1211108 -0.12043302 -0.12015534 -0.1200514 -0.12001578 -0.12000454 -0.12000125 -0.12000033 -0.12000009 -0.12000002 -0.12000001 -0.12 -0.12 -0.12 -0.12 -0.12 -0.12 -0.12 -0.12 -0.12 -0.12 -0.12 -0.12 -0.12000001 -0.12000003 -0.11999995 -0.11997595 -0.11830511 -0.045957012 0.29477259 0.58268914 0.64930132 0.65002722 0.65001433 0.65000588 0.6500022 0.65000075 0.65000023 0.65000007
0.7363579 1.025343 1.2207526 1.3224549 1.3678335 1.3866563 1.3942661 1.3972925 1.3982401 1.3972316 1.3897553 1.348867 1.1406965 0.47806961 -0.18918195 -0.34876998 -0.26364643 -0.17968679 -0.14820518 -0.13510252 -0.12805371 -0.12407487 -0.12193227 -0.12085589 -0.12035388 -0.12013675 -0.12004957 -0.12001697 -0.12000554 -0.12000175 -0.12000055 -0.12000017 -0.12000006 -0.12000002 -0.12000001 -0.12 -0.12 -0.12 -0.12 -0.12 -0.12 -0.12 -0.12 -0.12 -0.12 -0.12 -0.12000001 -0.12000004 -0.12000003 -0.11998984 -0.11945325 -0.098840416 0.26657451 0.6394842 0.64993109 0.65002536 0.65001225 0.65000529 0.65000212 0.65000079 0.65000027 0.65000009
0.81708843 1.0712303 1.2377837 1.326073 1.3673785 1.3855587 1.3933583 1.3965636 1.397293 1.3947168 1.3801954 1.3098819 1.0108041 0.29656092 -0.22992895 -0.27656208 -0.19685639 -0.15591551 -0.13938089 -0.13090136 -0.12596048 -0.12309859 -0.12152266 -0.12070636 -0.12030951 -0.1201284 -0.12005066 -0.12001914 -0.120007 -0.12000251 -0.12000089 -0.12000032 -0.12000012 -0.12000005 -0.12000002 -0.12000001 -0.12000001 -0.12 -0.12 -0.12 -0.12 -0.12 -0.12 -0.12 -0.12000001 -0.12000001 -0.12000002 -0.12000005 -0.12000007 -0.11999501 -0.11978439 -0.11229151 0.33174928 0.64786479 0.65001881 0.65002292 0.65001124 0.65000512 0.6500022 0.65000089 0.65000035 0.65000013
0.8845011 1.1071551 1.2507175 1.3285634 1.3666483 1.3843278 1.3922965 1.3955705 1.3956985 1.390209 1.3640804 1.2514671 0.85025749 0.12570679 -0.23136015 -0.21273912 -0.16595662 -0.1447023 -0.1343323 -0.12831359 -0.12465656 -0.12249182 -0.12127046 -0.12061712 -0.12028601 -0.12012684 -0.12005409 -0.12002233 -0.12000901 -0.12000359 -0.12000144 -0.12000059 -0.12000025 -0.12000011 -0.12000005 -0.12000003 -0.12000002 -0.12000001 -0.12000001 -0.12000001 -0.12000001 -0.12000001 -0.12000001 -0.12000001 -0.12000001 -0.12000002 -0.12000003 -0.12000007 -0.12000012 -0.11999726 -0.1198962 -0.11462781 0.42622984 0.64926153 0.6500329 0.65002148 0.65001092 0.65000527 0.65000242 0.65000107 0.65000045 0.65000019
0.94013021 1.1354012 1.2605894 1.330178 1.3656715 1.3829434 1.3910217 1.3941576 1.3930316 1.3825408 1.3383386 1.1667163 0.65058802 -0.022585754 -0.20665035 -0.17719436 -0.15137148 -0.13847576 -0.13117528 -0.12664295 -0.12381319 -0.12210248 -0.12111235 -0.12056512 -0.12027624 -0.12013036 -0.12005967 -0.12002667 -0.12001174 -0.12000514 -0.12000227 -0.12000102 -0.12000048 -0.12000023 -0.12000012 -0.12000007 -0.12000004 -0.12000003 -0.12000002 -0.12000002 -0.12000002 -0.12000002 -0.12000002 -0.12000002 -0.12000003 -0.12000004 -0.12000006 -0.12000011 -0.12000019 -0.11999839 -0.11993124 -0.11205878 0.49720248 0.64957383 0.65003499 0.650021 0.65001114 0.65000567 0.65000278 0.65000132 0.65000061 0.65000028
0.98577022 1.1577229 1.2681306 1.3310918 1.3644602 1.381369 1.3894381 1.3920813 1.3886598 1.3700203 1.2981337 1.0414259 0.40581012 -0.11570406 -0.18196248 -0.15920247 -0.14349867 -0.13461044 -0.12909113 -0.12552667 -0.12325252 -0.12184824 -0.12101405 -0.12053785 -0.12027643 -0.12013814 -0.12006744 -0.12003236 -0.12001538 -0.12000731 -0.1200035 -0.12000172 -0.12000087 -0.12000046 -0.12000026 -0.12000015 -0.1200001 -0.12000007 -0.12000005 -0.12000004 -0.12000004 -0.12000004 -0.12000004 -0.12000005 -0.12000006 -0.12000008 -0.12000011 -0.12000018 -0.1200003 -0.11999896 -0.11991842 -0.10461015 0.54415968 0.64966857 0.65003533 0.65002132 0.65001181 0.65000633 0.6500033 0.65000168 0.65000084 0.65000042
1.0231441 1.175446 1.2738629 1.3314253 1.3630091 1.379544 1.3873965 1.3889747 1.3816352 1.3499029 1.2338927 0.85025702 0.15779826 -0.1514284 -0.1654561 -0.14940851 -0.13870826 -0.13204127 -0.12766492 -0.12476215 -0.12287367 -0.12168239 -0.12095613 -0.12052831 -0.12028454 -0.12014988 -0.12007757 -0.12003966 -0.12002017 -0.12001028 -0.1200053 -0.12000279 -0.12000151 -0.12000086 -0.12000051 -0.12000032 -0.12000021 -0.12000015 -0.12000012 -0.1200001 -0.12000009 -0.12000009 -0.12000009 -0.1200001 -0.12000012 -0.12000015 -0.1200002 -0.1200003 -0.12000046 -0.11999897 -0.1198381 -0.09015848 0.5745621 0.64970468 0.65003588 0.65002234 0.6500129 0.65000727 0.65000401 0.65000218 0.65000117 0.65000063
1.0537619 1.1895672 1.2781621 1.3312572 1.3612917 1.3773727 1.3846699 1.3842785 1.3704067 1.3168846 1.1258731 0.58013958 -0.016220677 -0.15810834 -0.15517748 -0.14350208 -0.13554479 -0.13025921 -0.12666475 -0.12423041 -0.12261693 -0.12157728 -0.12092714 -0.12053243 -0.12029948 -0.12016555 -0.12009031 -0.12004887 -0.12002639 -0.12001432 -0.12000786 -0.12000441 -0.12000254 -0.12000152 -0.12000095 -0.12000062 -0.12000043 -0.12000032 -0.12000025 -0.12000021 -0.12000019 -0.12000018 -0.12000019 -0.1200002 -0.12000023 -0.12000028 -0.12000036 -0.1200005 -0.1200007 -0.11999775 -0.11962258 -0.065730058 0.59439115 0.64971894 0.65003705 0.65002401 0.65001444 0.65000852 0.65000495 0.65000285 0.65000163 0.65000094
1.0788841 1.2008344 1.281298 1.3306306 1.3592544 1.3747084 1.3809102 1.3770781 1.3520585 1.259812 0.94378668 0.28766527 -0.10143849 -0.15572925 -0.14857531 -0.13962998 -0.13334359 -0.12898869 -0.12595241 -0.12385873 -0.12244572 -0.12151602 -0.12092014 -0.12054784 -0.12032078 -0.1201853 -0.12010602 -0.12006035 -0.12003436 -0.12001969 -0.12001142 -0.12000676 -0.1200041 -0.12000258 -0.12000168 -0.12000115 -0.12000082 -0.12000062 -0.1200005 -0.12000042 -0.12000038 -0.12000036 -0.12000036 -0.12000038 -0.12000043 -0.1200005 -0.12000061 -0.12000081 -0.12000102 -0.11999313 -0.11913234 -0.028693438 0.60756549 0.64972201 0.6500389 0.65002635 0.65001646 0.65001013 0.65000618 0.65000374 0.65000227 0.65000138
1.0995346 1.2098093 1.2834618 1.3295543 1.3568062 1.3713242 1.3755502 1.3657006 1.3205924 1.1574788 0.67568086 0.068623214 -0.13429822 -0.15166444 -0.14411305 -0.13693938 -0.1317603 -0.12806716 -0.12544169 -0.12360113 -0.12233688 -0.12148796 -0.12093084 -0.1205732 -0.12034828 -0.12020944 -0.12012509 -0.12007451 -0.12004448 -0.12002674 -0.12001628 -0.1200101 -0.12000641 -0.1200042 -0.12000285 -0.12000201 -0.12000148 -0.12000115 -0.12000093 -0.12000079 -0.12000071 -0.12000067 -0.12000067 -0.12000069 -0.12000075 -0.12000086 -0.12000102 -0.12000128 -0.1200014 -0.1199798 -0.11811845 0.021773471 0.61651941 0.6497177 0.65004141 0.65002938 0.65001903 0.65001219 0.65000775 0.65000492 0.65000314 0.65000202
1.1165313 1.2169124 1.2847811 1.3280003 1.3537994 1.3668523 1.3675786 1.3468198 1.264003 0.98198826 0.37811274 -0.051910814 -0.14485592 -0.14791397 -0.1409586 -0.13499648 -0.13059768 -0.12739299 -0.1250769 -0.12342772 -0.12227537 -0.12148625 -0.12095658 -0.12060778 -0.12038209 -0.12023834 -0.120148 -0.12009182 -0.12005716 -0.12003586 -0.12002278 -0.12001472 -0.12000973 -0.12000661 -0.12000463 -0.12000336 -0.12000254 -0.120002 -0.12000165 -0.12000142 -0.12000127 -0.1200012 -0.12000117 -0.1200012 -0.12000128 -0.12000142 -0.12000165 -0.12000199 -0.12000162 -0.11994599 -0.11617876 0.083586838 0.62274866 0.64970758 0.65004457 0.65003318 0.65002222 0.65001476 0.65000976 0.65000647 0.6500043 0.65000289
1.1305206 1.2224547 1.2853287 1.3258924 1.3499903 1.3606504 1.3550547 1.3138023 1.1620155 0.7267889 0.14182926 -0.10745844 -0.14713462 -0.14484889 -0.13865223 -0.13355858 -0.12973416 -0.12689985 -0.12482101 -0.12331857 -0.12225122 -0.12150642 -0.12099573 -0.12065129 -0.12042248 -0.12027249 -0.12017526 -0.12011278 -0.12007289 -0.12004748 -0.12003132 -0.12002099 -0.12001437 -0.12001008 -0.12000727 -0.12000542 -0.12000418 -0.12000335 -0.12000278 -0.12000241 -0.12000217 -0.12000203 -0.12000198 -0.12000201 -0.12000211 -0.1200023 -0.1200026 -0.12000302 -0.12000103 -0.11986803 -0.11272062 0.15195502 0.62717902 0.64969237 0.65004835 0.65003781 0.65002613 0.65001794 0.6500123 0.65000846 0.65000585 0.6500041
1.1420081 1.2266589 1.2851218 1.3230822 1.3449576 1.3515271 1.334198 1.2545549 0.99217339 0.44235701 -0.0017822976 -0.13099088 -0.14658249 -0.14242569 -0.13692598 -0.13247883 -0.12909074 -0.12654305 -0.12464883 -0.1232601 -0.1222577 -0.12154555 -0.12104732 -0.12070372 -0.12046982 -0.12031239 -0.12020743 -0.12013795 -0.12009219 -0.12006212 -0.12004235 -0.12002932 -0.12002069 -0.12001494 -0.12001106 -0.12000843 -0.12000662 -0.12000538 -0.12000453 -0.12000394 -0.12000356 -0.12000333 -0.12000323 -0.12000323 -0.12000335 -0.1200036 -0.12000399 -0.12000441 -0.11999803 -0.1197024 -0.10694889 0.22097213 0.6303927 0.64967236 0.65005272 0.65004337 0.65003088 0.65002185 0.65001548 0.65001101 0.65000789 0.65000573
1.1513835 1.2296707 1.2841105 1.3192976 1.3379385 1.3372291 1.2980103 1.1511821 0.75358031 0.20523369 -0.076651842 -0.14039545 -0.14520075 -0.14052456 -0.13561441 -0.13166283 -0.12861405 -0.12629171 -0.12454281 -0.12324291 -0.12229022 -0.12160174 -0.12111087 -0.12076523 -0.12052458 -0.12035863 -0.12024512 -0.12016793 -0.12011565 -0.1200803 -0.1200564 -0.12004019 -0.12002914 -0.12002157 -0.12001634 -0.12001271 -0.12001016 -0.12000836 -0.1200071 -0.12000623 -0.12000564 -0.12000527 -0.12000508 -0.12000505 -0.12000519 -0.12000549 -0.12000598 -0.12000618 -0.11998906 -0.11937497 -0.097902206 0.28555734 0.63276321 0.64964761 0.65005767 0.65004997 0.65003658 0.65002662 0.65001941 0.65001423 0.65001052 0.65000788
1.1589371 1.2315594 1.282148 1.3140434 1.3275315 1.3136247 1.23504 0.98729205 0.48908646 0.048281617 -0.11316842 -0.14376871 -0.14370561 -0.1390335 -0.13461009 -0.13104711 -0.12826694 -0.12612404 -0.12449057 -0.12326041 -0.12234562 -0.12167378 -0.12118618 -0.12083614 -0.12058728 -0.12041183 -0.12028896 -0.12020335 -0.12014389 -0.12010264 -0.12007402 -0.12005411 -0.1200402 -0.12003043 -0.12002353 -0.12001862 -0.12001512 -0.1200126 -0.1200108 -0.12000952 -0.12000864 -0.12000807 -0.12000776 -0.12000768 -0.12000781 -0.12000817 -0.12000874 -0.1200081 -0.11996696 -0.11876854 -0.08455697 0.34257714 0.63453538 0.64961805 0.65006314 0.65005774 0.65004338 0.65003238 0.65002425 0.65001827 0.65001389 0.6500107
1.1648689 1.2323039 1.2789295 1.3064222 1.3112143 1.2737255 1.1305 0.76625121 0.25994602 -0.042188262 -0.13056069 -0.14460057 -0.14233926 -0.13786359 -0.13384022 -0.13058743 -0.12802291 -0.12602436 -0.12448322 -0.12330792 -0.12242174 -0.12176092 -0.12127328 -0.12091685 -0.12065852 -0.12047263 -0.12033963 -0.12024489 -0.12017756 -0.12012978 -0.12009583 -0.12007167 -0.12005442 -0.12004203 -0.1200331 -0.12002662 -0.1200219 -0.12001846 -0.12001595 -0.12001415 -0.12001288 -0.12001203 -0.12001154 -0.12001136 -0.12001147 -0.12001188 -0.12001245 -0.12000952 -0.11991851 -0.11771023 -0.066002149 0.39087918 0.63587312 0.64958349 0.65006907 0.65006678 0.65005143 0.6500393 0.65003014 0.65002327 0.65001814 0.65001432
1.169286 1.2317582 1.2738833 1.2948462 1.2847009 1.2072942 0.97347537 0.5234679 0.097083187 -0.091135658 -0.13872843 -0.1443937 -0.14116896 -0.13694743 -0.13325379 -0.13025216 -0.12786273 -0.12598125 -0.1245143 -0.1233821 -0.12251712 -0.12186279 -0.12137235 -0.12100784 -0.1207389 -0.12054171 -0.12039784 -0.12029325 -0.12021739 -0.12016239 -0.12012251 -0.12009352 -0.1200724 -0.12005694 -0.12004558 -0.12003719 -0.12003098 -0.12002638 -0.12002297 -0.12002048 -0.1200187 -0.12001748 -0.12001673 -0.12001641 -0.12001647 -0.1200169 -0.12001727 -0.12000889 -0.11982107 -0.11596146 -0.041657417 0.43070731 0.63688854 0.64954371 0.65007539 0.65007723 0.6500609 0.65004754 0.65003726 0.65002941 0.65002344 0.65001892
1.1721848 1.2295851 1.2659951 1.2766334 1.2413854 1.1028137 0.76992032 0.3067756 -0.0050511423 -0.11709851 -0.14245272 -0.14380281 -0.14019857 -0.13623437 -0.13281406 -0.13001815 -0.1277722 -0.12598625 -0.12457907 -0.12348054 -0.12263079 -0.12197923 -0.12148371 -0.12110965 -0.12082908 -0.12061978 -0.12046431 -0.12034918 -0.12026408 -0.12020122 -0.12015475 -0.12012034 -0.1200948 -0.12007578 -0.12006156 -0.1200509 -0.12004288 -0.12003685 -0.12003232 -0.12002896 -0.12002652 -0.12002481 -0.12002373 -0.12002319 -0.12002316 -0.12002356 -0.12002323 -0.12000304 -0.11963833 -0.11321409 -0.011472852 0.46303371 0.63765978 0.64949841 0.650082 0.65008922 0.65007196 0.65005729 0.6500458 0.65003688 0.65002998 0.65002467
1.173413 1.2251492 1.2535564 1.2475717 1.1725888 0.95375595 0.54858496 0.14346491 -0.06520895 -0.13086527 -0.14402334 -0.14311505 -0.13941087 -0.13568623 -0.13249396 -0.12986818 -0.12774067 -0.12603305 -0.12467404 -0.12360155 -0.12276213 -0.12211027 -0.12160774 -0.12122285 -0.12092973 -0.12070756 -0.12053979 -0.12041343 -0.12031842 -0.12024701 -0.12019331 -0.12015287 -0.12012234 -0.12009924 -0.1200817 -0.12006836 -0.12005818 -0.12005042 -0.12004453 -0.12004009 -0.12003681 -0.12003448 -0.12003295 -0.12003213 -0.12003194 -0.12003218 -0.12003007 -0.11998617 -0.11931552 -0.1090962 0.023967624 0.48907175 0.63824239 0.64944727 0.65008876 0.65010285 0.6500848 0.65006874 0.65005595 0.65004587 0.65003797 0.6500318
1.1726042 1.2173595 1.2338651 1.2017305 1.0698228 0.76725148 0.34639868 0.033504652 -0.099858494 -0.13819908 -0.14455147 -0.14245474 -0.13878355 -0.13527398 -0.1322732 -0.12978923 -0.12776009 -0.12611689 -0.12479662 -0.12374393 -0.1229108 -0.12225607 -0.12174486 -0.12134803 -0.12104152 -0.12080577 -0.12062503 -0.12048678 -0.12038118 -0.12030055 -0.12023896 -0.12019186 -0.12015576 -0.12012804 -0.1201067 -0.12009025 -0.12007753 -0.12006772 -0.12006018 -0.12005443 -0.12005013 -0.12004701 -0.12004491 -0.1200437 -0.12004326 -0.12004308 -0.12003703 -0.11994841 -0.11877463 -0.10319087 0.063493588 0.51000255 0.63867651 0.64938994 0.65009552 0.65011825 0.65009961 0.65008211 0.65006793 0.6500566 0.65004761 0.6500405
1.16908 1.2044726 1.2029882 1.1320972 0.92976647 0.56634452 0.1865194 -0.036106063 -0.11980263 -0.14211033 -0.14458691 -0.14187266 -0.13829502 -0.13497532 -0.13213631 -0.12977134 -0.12782427 -0.12623415 -0.12494489 -0.12390683 -0.12307663 -0.12241686 -0.12189557 -0.12148581 -0.12116515 -0.12091515 -0.1207208 -0.12057001 -0.12045317 -0.12036266 -0.12029252 -0.12023812 -0.12019585 -0.12016296 -0.12013731 -0.12011728 -0.12010163 -0.12008941 -0.12007992 -0.12007259 -0.12006704 -0.12006297 -0.12006015 -0.12005843 -0.12005762 -0.12005649 -0.12004239 -0.11987398 -0.11791026 -0.095068869 0.10554132 0.52685612 0.63899165 0.64932604 0.65010207 0.65013551 0.65011657 0.6500976 0.65008195 0.65006931 0.65005915 0.65005103
1.1617227 1.1839006 1.1558439 1.0327421 0.7597254 0.3794064 0.072215258 -0.07904773 -0.13138993 -0.14417908 -0.14440659 -0.14138608 -0.13792628 -0.13477294 -0.13207137 -0.12980681 -0.12792847 -0.12638207 -0.1251174 -0.12408969 -0.12325961 -0.12259297 -0.12206036 -0.12163681 -0.12130132 -0.12103645 -0.12082787 -0.12066392 -0.12053519 -0.12043415 -0.12035482 -0.12029248 -0.12024344 -0.1202048 -0.12017432 -0.12015024 -0.12013122 -0.12011622 -0.12010444 -0.12009526 -0.12008822 -0.12008298 -0.12007928 -0.12007691 -0.1200755 -0.12007242 -0.12004295 -0.11973914 -0.11658725 -0.08433415 0.14842613 0.54048047 0.63920981 0.64925519 0.65010821 0.65015471 0.65013589 0.65011544 0.65009826 0.65008422 0.65007282 0.65006362
1.1488377 1.1521368 1.087005 0.90250279 0.57798782 0.22561939 -0.0047745277 -0.10542213 -0.13820972 -0.14524815 -0.14415167 -0.14099718 -0.13766128 -0.13465327 -0.13206906 -0.12988961 -0.12806898 -0.12655854 -0.12531312 -0.12429216 -0.12345982 -0.12278474 -0.12223977 -0.12180165 -0.12145069 -0.12117039 -0.12094701 -0.12076931 -0.12062807 -0.12051586 -0.12042669 -0.1203558 -0.12029937 -0.12025441 -0.12021855 -0.12018993 -0.1201671 -0.12014891 -0.12013449 -0.12012315 -0.12011436 -0.12010773 -0.12010295 -0.12009975 -0.12009737 -0.12009049 -0.12003326 -0.11950994 -0.11464062 -0.07067644 0.19060167 0.55155212 0.63934766 0.649177 0.65011366 0.6501759 0.65015775 0.65013586 0.6501171 0.65010159 0.65008888 0.65007854
1.1280554 1.1050015 0.99255087 0.74824417 0.40631941 0.10995271 -0.055163331 -0.12173984 -0.14227871 -0.145776 -0.14389411 -0.14070161 -0.13748669 -0.13460559 -0.13212202 -0.130015 -0.12824288 -0.12676192 -0.12553127 -0.12451404 -0.12367743 -0.12299257 -0.12243432 -0.12198096 -0.12161398 -0.1213177 -0.12107899 -0.12088696 -0.12073263 -0.12060863 -0.12050901 -0.12042893 -0.12036451 -0.12031265 -0.12027087 -0.1202372 -0.12021009 -0.1201883 -0.12017087 -0.12015704 -0.12014621 -0.12013795 -0.12013189 -0.12012761 -0.12012364 -0.1201097 -0.12000473 -0.11914008 -0.1118791 -0.053922376 0.23083664 0.56060195 0.63941795 0.64909106 0.65011814 0.65019912 0.65018234 0.65015909 0.6501387 0.65012166 0.65010758 0.65009604
1.0963719 1.0384526 0.87264995 0.58437231 0.26037625 0.027755071 -0.087862369 -0.13196989 -0.1447401 -0.14601688 -0.14366996 -0.1404926 -0.13739149 -0.13462131 -0.13222442 -0.13017922 -0.1284479 -0.12699095 -0.12577129 -0.12475522 -0.12391264 -0.12321687 -0.12264454 -0.12217535 -0.12179183 -0.1214791 -0.12122456 -0.12101768 -0.12084968 -0.12071331 -0.12060262 -0.12051274 -0.12043973 -0.12038039 -0.12033214 -0.12029291 -0.12026105 -0.12023523 -0.1202144 -0.12019773 -0.12018457 -0.12017442 -0.12016682 -0.12016112 -0.12015448 -0.120128 -0.11994448 -0.11856911 -0.10809235 -0.034074331 0.26828608 0.56804327 0.6394306 0.64899696 0.65012131 0.65022435 0.65020981 0.65018534 0.6501633 0.6501447 0.6501292 0.6501164
1.0504687 0.95005326 0.73341112 0.42759599 0.14578407 -0.028903274 -0.10915799 -0.13848826 -0.14625206 -0.14611413 -0.14349631 -0.14036277 -0.13736662 -0.13469355 -0.13237155 -0.13037923 -0.12868222 -0.12724468 -0.1260328 -0.12501572 -0.12416571 -0.12345805 -0.12287097 -0.12238543 -0.12198492 -0.12165529 -0.12138446 -0.12116223 -0.12098004 -0.12083073 -0.12070839 -0.12060813 -0.12052594 -0.12045854 -0.12040327 -0.12035797 -0.12032087 -0.12029057 -0.12026595 -0.12024608 -0.12023027 -0.12021793 -0.12020851 -0.12020089 -0.12018977 -0.12014191 -0.11983425 -0.1177214 -0.1030623 -0.011327324 0.30247564 0.57419727 0.63939339 0.64889432 0.6501228 0.65025155 0.65024031 0.65021484 0.65019117 0.65017095 0.65015399 0.6501399
0.98743656 0.84070666 0.58612315 0.29058101 0.060475133 -0.067485967 -0.12317318 -0.14271771 -0.14720035 -0.14614954 -0.14338024 -0.14030505 -0.13740458 -0.13481671 -0.13255962 -0.13061264 -0.12894441 -0.12752235 -0.12631553 -0.1252956 -0.12443691 -0.12371653 -0.12311412 -0.12261177 -0.12219388 -0.12184697 -0.12155942 -0.12132139 -0.12112449 -0.12096171 -0.12082716 -0.12071594 -0.120624 -0.120548 -0.12048517 -0.12043326 -0.12039045 -0.12035523 -0.1203264 -0.12030297 -0.12028417 -0.12026933 -0.12025772 -0.12024739 -0.12022884 -0.12014593 -0.11964919 -0.11650601 -0.09657787 0.013941262 0.3332347 0.57931388 0.6393125 0.64878273 0.65012224 0.65028065 0.65027399 0.6502478 0.65022253 0.65020068 0.65018222 0.6501668
0.90587706 0.71565402 0.44363767 0.17897761 -0.0010772436 -0.093751764 -0.13253094 -0.1455184 -0.14781512 -0.14617009 -0.14332352 -0.140313 -0.13749919 -0.13498623 -0.13278556 -0.13087746 -0.12923333 -0.1278234 -0.12661932 -0.12559495 -0.12472654 -0.12399274 -0.12337449 -0.12285495 -0.12241934 -0.12205479 -0.12175015 -0.12149589 -0.12128383 -0.12110708 -0.12095979 -0.12083707 -0.12073483 -0.12064965 -0.12057873 -0.12051972 -0.12047071 -0.12043011 -0.12039665 -0.12036928 -0.12034715 -0.12032947 -0.12031518 -0.12030093 -0.12027029 -0.12013191 -0.11935686 -0.11481788 -0.088452083 0.041207866 0.36061222 0.58358831 0.6391929 0.6486618 0.65011918 0.65031152 0.65031093 0.65028442 0.65025762 0.65023414 0.65021416 0.65019739
