Interpolating SPI Data/spi_stations/interpolated_spi/6-22_3.tif
NCOLS 257
NROWS 141
XLLCORNER -178.27925
YLLCORNER 5.3153543
DX 0.49934803
DY 0.49997533
NODATA_VALUE -9999
[rows 84 to 111 of 141, columns 186 to 247 of 257]
-0.36000021 -0.36 -0.93 -0.12006415 -0.8499774 0.25999729 0.26 0.26 0.25 0.25 0.24999995 -0.27 -0.27 -0.27786071 -1.33 -1.33 -1.0020635 -0.97000096 -0.97000001 -0.96999979 -0.96997713 -0.96938139 -0.96431276 -0.94792997 -0.92454569 -0.89909193 -0.79691529 -0.30272767 0.16138256 0.29182685 0.32815665 0.34847137 0.35995023 0.35966726 0.32285547 0.13090351 -0.28156357 -0.57552592 -0.71138186 -1.0045569 -1.2959581 -1.3342899 -1.3348756 -1.3290659 -1.3179628 -1.2995699 -1.270543 -1.2256885 -1.1563336 -1.0468901 -0.87235572 -0.61499974 -0.31548226 -0.063119666 0.11116976 0.23624306 0.33762041 0.42339073 0.49455223 0.55375384 0.61092558 0.67897156
-0.36 -0.36 -0.36 -0.12 -0.12 -0.55 -0.55 -0.55 -0.37 -0.37 -0.37 -0.272951 -0.27 -0.27000019 -1.3190031 -1.3299997 -1.3258168 -0.97416036 -0.97001944 -0.97000106 -0.96999594 -0.96990743 -0.96908895 -0.96522409 -0.95504559 -0.93846657 -0.91465283 -0.8367742 -0.51371825 -0.033389282 0.21381505 0.30298879 0.33992665 0.35407551 0.3454882 0.26798955 0.00646802 -0.36718285 -0.60850614 -0.86175916 -1.2302499 -1.3215496 -1.3284087 -1.323208 -1.3122616 -1.2944496 -1.2670428 -1.2257555 -1.1635904 -1.0684431 -0.9208877 -0.70188026 -0.42555242 -0.15852524 0.044619895 0.18823153 0.29714911 0.38606678 0.46007208 0.52245888 0.58106439 0.64865614
-0.36 -0.36 -0.35999998 -0.12 -0.12 -0.55 -0.55 -0.55 -0.37 -0.37 -0.37 -0.37 -0.361953 -0.27000027 -0.30159429 -1.3267666 -1.3297285 -1.1749618 -0.97324088 -0.97013037 -0.97001723 -0.96997714 -0.96975189 -0.96866007 -0.96518649 -0.95757712 -0.94504506 -0.92413879 -0.86201314 -0.64383911 -0.23803331 0.091944275 0.25414247 0.32127297 0.34152912 0.31766962 0.1898363 -0.10750912 -0.43407879 -0.71485967 -1.1191263 -1.2972263 -1.3196978 -1.3164753 -1.3058976 -1.2886239 -1.2625569 -1.2241319 -1.1676094 -1.0833959 -0.95630224 -0.76908994 -0.52213754 -0.2575679 -0.033125231 0.13213179 0.25337789 0.34808791 0.42556531 0.49090317 0.55103801 0.61755321
-0.38999949 -0.39 -0.39 -0.58999983 -0.59 -0.64413736 -0.92 -0.92 -0.37031624 -0.37 -0.37 -0.37 -0.37 -0.36642894 -0.27141591 -0.92369099 -1.325892 -1.3111595 -1.0429767 -0.97399475 -0.97047581 -0.97010453 -0.96994248 -0.96949922 -0.96811328 -0.9647496 -0.95833822 -0.94789117 -0.92896974 -0.87699516 -0.71967829 -0.40143003 -0.050435479 0.17989778 0.28749216 0.31724002 0.27232694 0.098644872 -0.20544396 -0.53311975 -0.95844718 -1.2501992 -1.3064986 -1.3084682 -1.2988026 -1.2821088 -1.2571889 -1.2211114 -1.1691119 -1.0934511 -0.98211456 -0.82044657 -0.60272195 -0.35226887 -0.11779382 0.067418338 0.2042961 0.30790699 0.39035344 0.45901208 0.5209202 0.58646916
-0.39 -0.39 -0.39 -0.59 -0.59 -0.59000112 -0.92 -0.92 -0.92 -0.55774688 -0.37 -0.37 -0.37 -0.3699996 -0.36592754 -0.3527166 -1.1958836 -1.3190381 -1.2158226 -1.0108829 -0.97546593 -0.97120462 -0.97036485 -0.96993495 -0.96918712 -0.96749193 -0.96410207 -0.95825271 -0.9487726 -0.93085094 -0.88529083 -0.76365984 -0.5145299 -0.18500348 0.087196817 0.2357626 0.27681512 0.20989583 0.0043928221 -0.31258342 -0.74754099 -1.162396 -1.2840627 -1.2982601 -1.290795 -1.2748897 -1.2510102 -1.2169032 -1.1686005 -1.0997686 -1.0007804 -0.85947374 -0.66800512 -0.43747632 -0.20380457 -0.0042436995 0.14893945 0.26407258 0.35345753 0.42637324 0.49057509 0.55567835
0.096464396 -0.39 -0.39 -0.59 -0.59 -0.59000001 -0.92 -0.92 -0.92 -0.92 -0.79541612 -0.37000362 -0.37000001 -0.37 -0.36998385 -0.36540615 -0.64369416 -1.2453999 -1.2832266 -1.1187273 -1.0019614 -0.9774868 -0.97240753 -0.97090762 -0.97004185 -0.96889891 -0.96686654 -0.96335181 -0.95769171 -0.94849885 -0.93085864 -0.8892746 -0.78923994 -0.58857783 -0.29629336 -0.01201706 0.16751634 0.21911213 0.13431073 -0.098357592 -0.49679295 -1.0095776 -1.2425779 -1.2837931 -1.2814409 -1.2668877 -1.2440594 -1.211658 -1.1664351 -1.1031587 -1.0140198 -0.889001 -0.72002424 -0.51100291 -0.28614933 -0.07963148 0.087717182 0.21566431 0.31387422 0.39234848 0.45966349 0.52509944
0.2 -0.38999142 -0.39 -0.59 -0.57287905 -0.48 -0.48 -0.9165018 -0.92 -0.92 -0.91999982 -0.82030424 -0.37092326 -0.37001222 -0.3700007 -0.36987194 -0.37301378 -0.85338272 -1.2435018 -1.2125309 -1.0693313 -0.99955908 -0.97995091 -0.97409334 -0.97180698 -0.97035901 -0.96873336 -0.96631751 -0.96257933 -0.95683596 -0.94747222 -0.92961113 -0.89039161 -0.80386906 -0.63637782 -0.38189052 -0.10686702 0.088287295 0.1470272 0.046116834 -0.24830843 -0.77673391 -1.1629612 -1.2605182 -1.269755 -1.2578864 -1.2363267 -1.2054797 -1.1628782 -1.1042018 -1.0230532 -0.91118156 -0.7610742 -0.57273607 -0.36142482 -0.15503748 0.022282761 0.16258442 0.27086377 0.35624361 0.42770286 0.49442577
0.2 0.2 -0.38992861 -0.48 -0.48 -0.48 -0.48 -0.48 -0.47738052 0.019776978 0.019801139 0.01888657 0.015677954 -0.10664023 -0.35423789 -0.36864409 -0.36940598 -0.40445851 -0.94235512 -1.2092316 -1.1461879 -1.0463584 -0.9996253 -0.98273203 -0.97619855 -0.97307988 -0.97095174 -0.96876916 -0.96591022 -0.96183979 -0.95578251 -0.94591117 -0.92746593 -0.88951399 -0.81168678 -0.66717815 -0.44552765 -0.19086392 0.0052902285 0.06442848 -0.070441469 -0.4938443 -1.0157817 -1.2185355 -1.2535166 -1.247372 -1.2277147 -1.1984236 -1.1581207 -1.1033221 -1.0287614 -0.92762364 -0.79323968 -0.62366354 -0.42793994 -0.22721906 -0.044966435 0.10560594 0.22417253 0.31749632 0.39416885 0.46322632
0.2 0.2 -0.28100592 -0.48 -0.48 -0.48 -0.48 0.019999999 0.02 0.02 0.02 0.02 0.020000115 0.0200103 0.02137288 0.28291662 0.7596058 0.78476411 0.7858708 0.7691677 0.55494354 -0.41188835 -0.94250483 -0.98858279 -0.98343324 -0.97802857 -0.97448464 -0.97174655 -0.96899573 -0.96564727 -0.9611364 -0.9545636 -0.94392567 -0.92462277 -0.88717273 -0.81506533 -0.68689865 -0.4922172 -0.26178137 -0.075747283 -0.030834108 -0.25148328 -0.78172432 -1.1382471 -1.2277437 -1.2341712 -1.217948 -1.1904768 -1.1522926 -1.1008325 -1.0317905 -0.93952586 -0.81825573 -0.66519034 -0.48531563 -0.29389878 -0.11150674 0.046175743 0.17412563 0.27583534 0.35861483 0.43103818
0.2 0.2 -0.47941513 -0.48 -0.48 0.018559928 0.02 0.02 0.02 0.02 0.02 0.020000222 0.02005787 0.030591577 0.75095621 0.78961563 0.78997821 0.78999597 0.78999839 0.78999881 0.78999504 0.78988456 0.78741169 0.7487382 0.41800318 -0.39733478 -0.83224084 -0.93720397 -0.9602927 -0.96457419 -0.96330839 -0.95930025 -0.95251417 -0.94114936 -0.92091415 -0.8835105 -0.8152884 -0.69914129 -0.52629052 -0.32016583 -0.15337143 -0.15366307 -0.50733888 -0.99063885 -1.1817389 -1.2156358 -1.2063675 -1.1815054 -1.1454582 -1.0969607 -1.0326209 -0.94778646 -0.83751034 -0.69876036 -0.53397999 -0.35382618 -0.17517686 -0.013928937 0.12156956 0.23136982 0.32078047 0.39745526
0.2 0.19999999 -0.47971778 -0.38194219 0.01999943 0.02 0.02 0.02 0.02 0.020000001 0.020172245 0.042709854 0.47914387 0.78990594 0.78999928 0.78999994 0.78999998 0.78999999 0.78999999 0.79 0.79000001 0.79000003 0.78999971 0.78998811 0.78974607 0.7864721 0.75717631 0.5904536 0.10198042 -0.46862033 -0.77195931 -0.88548558 -0.92405616 -0.93393831 -0.9292685 -0.91165273 -0.87591062 -0.81151117 -0.70519576 -0.55055584 -0.36800527 -0.23254141 -0.3246096 -0.76516098 -1.0955213 -1.1859523 -1.1914741 -1.1711328 -1.1375868 -1.0918577 -1.0316105 -0.95308373 -0.85209502 -0.72568505 -0.57476113 -0.40658489 -0.23442565 -0.07295228 0.067698163 0.18458869 0.28066275 0.36220544
0.2 0.19997022 0.0010908133 0.020535097 0.020340731 0.02106208 0.36516111 0.38 0.38 0.38 0.37999987 0.62927545 0.78999961 0.79 0.79 0.79 0.79 0.79 0.79 0.79 0.79000001 0.79000003 0.79000007 0.79000017 0.79000013 0.78999518 0.78991607 0.78910195 0.78319064 0.75182595 0.63138475 0.32506362 -0.1265326 -0.50621506 -0.72124912 -0.8186731 -0.85013291 -0.83925702 -0.79036752 -0.69892963 -0.56360245 -0.4071793 -0.32426566 -0.53690023 -0.94470847 -1.1333168 -1.1699666 -1.1584704 -1.128479 -1.0855862 -1.0290175 -0.95593189 -0.86286283 -0.74708679 -0.60862209 -0.45232476 -0.28834216 -0.12941603 0.01383101 0.13627898 0.23853367 0.32520374
0.2 0.29803753 0.37322984 0.37988156 0.37999997 0.38 0.38 0.38 0.38 0.38 0.45786857 0.79 0.79 0.79 0.79 0.79 0.79 0.79 0.79 0.79 0.79 0.79000001 0.79000004 0.7900001 0.79000024 0.7900005 0.79000069 0.78999669 0.78994653 0.78955321 0.78726478 0.77689929 0.73957217 0.63361761 0.40776948 0.070929681 -0.26988542 -0.51471162 -0.6447049 -0.68085217 -0.64319882 -0.54819692 -0.43432378 -0.43677133 -0.73909126 -1.0381696 -1.1349308 -1.1415494 -1.1176006 -1.0780774 -1.0250045 -0.95671664 -0.87047868 -0.76389676 -0.63651277 -0.49152283 -0.33655504 -0.18224381 -0.038786955 0.087395199 0.19490427 0.28657226
0.20725881 0.37986612 0.37999788 0.38 0.38 0.38 0.38 0.38 0.38 0.99997603 0.79 0.79 0.79 0.79 0.79 0.79 0.79 0.79 0.79 0.79 0.79 0.79000001 0.79000002 0.79000006 0.79000016 0.79000037 0.79000079 0.79000149 0.79000214 0.78999776 0.78995198 0.78966839 0.78832028 0.78311054 0.76631963 0.72078125 0.61794956 0.43076436 0.16790647 -0.10775663 -0.32004485 -0.43028085 -0.44517276 -0.4268929 -0.55583346 -0.88139484 -1.0728687 -1.1161346 -1.1037267 -1.0690261 -1.0196173 -0.9557121 -0.87545708 -0.7768741 -0.65929903 -0.52480898 -0.37908479 -0.23077317 -0.089121817 0.038920178 0.15044966 0.24662496
0.38021783 0.38019939 0.38011801 0.38008873 0.38016061 0.38562103 0.99994094 1 1 1 0.79 0.79 0.79 0.79 0.79 0.79 0.79 0.79 0.79 0.79 0.79 0.79 0.79000001 0.79000004 0.79000012 0.7900003 0.79000065 0.79000132 0.79000247 0.79000422 0.7900058 0.79000024 0.78994925 0.78968969 0.78865404 0.78518979 0.77521001 0.75013315 0.69510506 0.59092571 0.42515872 0.21135444 -0.0041395275 -0.17469389 -0.33439333 -0.63706593 -0.95305198 -1.0720945 -1.0840039 -1.057637 -1.0127157 -0.95307529 -0.87818538 -0.78662922 -0.67773613 -0.55285403 -0.41620243 -0.27469851 -0.13641343 -0.0082496438 0.10591721 0.20582375
0.40318518 0.42589019 0.53260041 0.89849137 0.99952028 1 1 1 1 0.79056521 0.79 0.79 0.79 0.79 0.79 0.79 0.79 0.79 0.79 0.79 0.79 0.79 0.79000001 0.79000004 0.79000011 0.79000027 0.79000061 0.79000126 0.79000241 0.79000429 0.79000718 0.79001111 0.79001436 0.79000655 0.78994324 0.78966968 0.78872954 0.78595932 0.7787623 0.76204999 0.72718172 0.66202145 0.55422378 0.39819995 0.19066065 -0.13379776 -0.63763019 -0.9662967 -1.0487529 -1.0416014 -1.0037422 -0.94879482 -0.87892728 -0.79364228 -0.69246407 -0.57630531 -0.4483171 -0.31398604 -0.18017809 -0.053377884 0.062039918 0.16471821
0.7855037 0.93961176 0.99015749 0.99653327 0.99853192 0.99956703 0.99991736 0.99997053 0.99635619 0.79000006 0.79 0.79 0.79 0.79 0.79 0.79 0.79 0.79 0.79 0.79 0.79 0.79 0.79000001 0.79000005 0.79000013 0.79000032 0.7900007 0.79000141 0.79000266 0.7900047 0.79000784 0.79001247 0.79001887 0.7900267 0.7900324 0.79002039 0.78993675 0.78962341 0.78867559 0.78617351 0.78024282 0.76744061 0.74207321 0.69563137 0.61507543 0.46509536 0.10294617 -0.55301848 -0.93505127 -1.0089439 -0.99026586 -0.94240255 -0.87776903 -0.79826503 -0.7040099 -0.59575265 -0.47589658 -0.34878823 -0.22017374 -0.095919748 0.019469923 0.12388268
0.84155073 0.82962885 0.82235626 0.82021896 0.82000331 0.82 0.82 0.82 0.82 0.82 0.81990163 0.79 0.79 0.79 0.79 0.79 0.79 0.79 0.79 0.79 0.79 0.79000001 0.79000003 0.79000009 0.79000023 0.7900005 0.79000102 0.79000195 0.79000348 0.7900059 0.79000954 0.7900148 0.79002214 0.79003197 0.7900444 0.79005807 0.79006634 0.7900463 0.78993176 0.78955475 0.78853369 0.78608222 0.78071438 0.76981756 0.74889219 0.70839225 0.61200145 0.29462511 -0.4124696 -0.86924717 -0.95534317 -0.93069999 -0.87418296 -0.80063915 -0.71277515 -0.61170887 -0.4994145 -0.37937125 -0.25634856 -0.13552034 -0.021261838 0.083861819
0.82040419 0.82005385 0.82000271 0.82000003 0.82 0.82 0.82 0.82 0.82 0.82 0.82 0.81999575 0.79000872 0.79000001 0.79 0.79 0.79 0.79 0.79000001 0.79000001 0.79000003 0.79000007 0.79000015 0.79000031 0.7900006 0.79000111 0.79000197 0.79000334 0.79000546 0.79000861 0.79001315 0.79001948 0.79002808 0.79003943 0.79005403 0.79007217 0.79009333 0.79011422 0.79012341 0.79008848 0.7899285 0.78946157 0.78831357 0.78577061 0.7805349 0.77013063 0.74790431 0.6830682 0.42498335 -0.25202908 -0.77650847 -0.88926673 -0.86352935 -0.80000551 -0.71889493 -0.62457133 -0.51931113 -0.40605806 -0.28878732 -0.17199195 -0.059761222 0.045131396
0.82001137 0.82000072 0.82000001 0.82 0.82 0.82 0.82 0.82 0.82 0.82 0.82 0.82 0.81998566 0.79307065 0.79001808 0.79000128 0.79000037 0.79000024 0.79000023 0.79000029 0.79000039 0.79000058 0.79000088 0.79000134 0.79000204 0.79000309 0.79000464 0.79000687 0.79001003 0.79001443 0.79002041 0.79002839 0.79003884 0.79005225 0.79006915 0.79009006 0.79011533 0.7901448 0.79017664 0.79020433 0.79020977 0.79014877 0.78992367 0.78933545 0.78800358 0.78521478 0.77944583 0.7656696 0.71817669 0.50976996 -0.097547984 -0.66435538 -0.8118825 -0.78960741 -0.72118036 -0.63438768 -0.53592142 -0.42917626 -0.31766096 -0.20528083 -0.095767317 0.0080757908
0.82000066 0.82000003 0.82 0.82 0.82 0.82 0.82 0.82 0.82 0.82 0.82 0.82 0.82 0.8199467 0.80581472 0.79068423 0.79006728 0.79001705 0.79000791 0.79000538 0.79000466 0.7900047 0.79000522 0.79000617 0.79000758 0.79000956 0.79001225 0.79001585 0.79002061 0.79002681 0.79003484 0.79004507 0.79005799 0.79007406 0.79009382 0.79011779 0.79014648 0.79018026 0.79021911 0.79026189 0.79030444 0.79033548 0.7903282 0.79022458 0.78990793 0.78915489 0.78752872 0.78396082 0.77429854 0.73664283 0.5656191 0.038018277 -0.54092121 -0.72488223 -0.71015754 -0.63932926 -0.54911544 -0.44894799 -0.34316779 -0.23542767 -0.12913564 -0.027019183
0.82000008 0.82 0.82 0.82 0.82 0.82 0.82 0.82 0.82 0.82 0.82 0.82 0.82 0.81999966 0.81985382 0.81232487 0.79412036 0.79066291 0.79018509 0.79008037 0.79004757 0.79003489 0.79002968 0.79002802 0.79002845 0.79003043 0.7900338 0.79003858 0.79004492 0.79005307 0.79006334 0.79007611 0.79009179 0.79011085 0.79013379 0.79016112 0.79019333 0.79023091 0.79027422 0.79032327 0.79037725 0.79043323 0.79048351 0.7905103 0.79047599 0.79030611 0.78985708 0.78882959 0.78637357 0.77881146 0.74703681 0.603518 0.15090371 -0.41431811 -0.63071932 -0.62677776 -0.5562295 -0.46497989 -0.36538214 -0.26250462 -0.15980843 -0.059960313
0.82000002 0.82 0.82 0.82 0.82 0.82 0.82 0.82 0.82 0.82 0.82 0.82 0.82 0.81999998 0.81999502 0.81968922 0.81446184 0.79959114 0.79256792 0.79086341 0.79038996 0.7902233 0.79015278 0.79011925 0.79010265 0.79009505 0.790093 0.79009489 0.79010002 0.79010811 0.79011917 0.79013337 0.79015101 0.79017243 0.79019806 0.79022834 0.79026373 0.79030469 0.79035163 0.79040485 0.79046437 0.79052951 0.79059802 0.79066419 0.79071527 0.79072503 0.79064214 0.79036575 0.78966589 0.78779207 0.78132562 0.75323389 0.63002498 0.24222351 -0.29151005 -0.53247171 -0.54132821 -0.47362235 -0.38357752 -0.28641959 -0.18774672 -0.090623672
0.82000001 0.82 0.82 0.82 0.82 0.82 0.82 0.82 0.82 0.82 0.82 0.82 0.82 0.81999999 0.81999937 0.81997205 0.81944909 0.8152012 0.80415388 0.79568742 0.79236453 0.7911659 0.79068146 0.79045845 0.79034464 0.79028255 0.79024786 0.79022932 0.7902213 0.7902209 0.79022656 0.79023753 0.7902535 0.79027441 0.7903004 0.79033172 0.79036868 0.79041162 0.79046089 0.7905168 0.79057954 0.79064907 0.79072476 0.79080472 0.79088439 0.79095404 0.79099413 0.79096665 0.79079414 0.79027963 0.78870775 0.78279508 0.7570794 0.64903461 0.31502655 -0.17749327 -0.43344997 -0.45574108 -0.39303433 -0.30606664 -0.2126867 -0.11887856
0.82000001 0.82 0.82 0.82 0.82 0.82 0.82 0.82 0.82 0.82 0.82 0.82 0.82 0.82 0.81999981 0.8199944 0.81990866 0.81914122 0.81541851 0.80710072 0.7990393 0.79456834 0.79250412 0.79153555 0.79104639 0.79077995 0.79062583 0.79053324 0.79047711 0.79044429 0.79042756 0.7904228 0.79042764 0.7904407 0.79046123 0.79048888 0.79052353 0.79056519 0.790614 0.79067009 0.79073362 0.79080464 0.79088297 0.79096795 0.79105786 0.79114883 0.79123299 0.79129486 0.79130433 0.79119623 0.79078533 0.78935346 0.78367718 0.75950552 0.66291996 0.37272576 -0.07510922 -0.33673131 -0.37181022 -0.31564901 -0.23312212 -0.14429335
0.82000001 0.82 0.82 0.82 0.82 0.82 0.82 0.82 0.82 0.82 0.82 0.82 0.82 0.82 0.81999989 0.81999799 0.81997454 0.81978533 0.81877968 0.81540161 0.80888722 0.80188955 0.79702648 0.79427271 0.79278065 0.7919507 0.79146713 0.79117239 0.79098637 0.79086667 0.79078982 0.79074229 0.79071602 0.79070607 0.7907094 0.79072406 0.79074886 0.79078307 0.79082626 0.79087817 0.79093866 0.79100762 0.79108488 0.79117011 0.79126252 0.79136041 0.79146036 0.79155559 0.79163321 0.79166757 0.79159883 0.7912398 0.78984527 0.7842028 0.76101054 0.67317724 0.41842036 0.01463033 -0.24478937 -0.29101659 -0.24224665 -0.16496502
0.82000001 0.82 0.82 0.82 0.82 0.82 0.82 0.82 0.82 0.82 0.82 0.82 0.82 0.81999999 0.81999991 0.8199989 0.81998938 0.81992373 0.81959277 0.81838022 0.81526619 0.8099686 0.8040594 0.79933583 0.79621432 0.79429623 0.79312558 0.79239575 0.79192738 0.79161873 0.79141149 0.79127141 0.79117781 0.79111782 0.79108327 0.79106885 0.79107102 0.79108745 0.79111655 0.79115722 0.7912087 0.79127044 0.79134199 0.7914229 0.79151259 0.79161008 0.79171365 0.79182003 0.79192318 0.7920117 0.79206218 0.79201515 0.79167167 0.79024259 0.78449284 0.76187442 0.68078274 0.45468563 0.091995986 -0.1593101 -0.21442518 -0.17320844
0.82000001 0.82 0.82 0.82 0.82 0.82 0.82 0.82 0.82 0.82 0.82 0.82 0.82 0.81999999 0.81999991 0.8199992 0.81999401 0.81996391 0.81982631 0.81933265 0.81795757 0.815067 0.81062753 0.80564117 0.80130246 0.79809872 0.79591739 0.79447086 0.79350915 0.79286027 0.79241482 0.79210459 0.79188687 0.79173453 0.79162998 0.79156161 0.79152161 0.79150463 0.79150696 0.79152596 0.79155975 0.79160693 0.79166643 0.79173739 0.79181901 0.79191041 0.79201038 0.79211706 0.79222724 0.79233525 0.79243047 0.79248998 0.79245083 0.79209459 0.79057552 0.78461153 0.76226112 0.68639401 0.48357097 0.15800711 -0.081191802 -0.14266156
