Interpolating SPI Data/spi_stations/interpolated_spi/6-22_1.tif
NCOLS 257
NROWS 141
XLLCORNER -178.27925
YLLCORNER 5.3153543
DX 0.49934803
DY 0.49997533
NODATA_VALUE -9999
[rows 27 to 53 of 141, columns 0 to 61 of 257]
0.93901691 0.94245734 0.94583682 0.94915327 0.95240463 0.9555889 0.95870411 0.96174838 0.96471986 0.96761681 0.97043755 0.9731805 0.97584418 0.97842722 0.98092839 0.98334655 0.98568073 0.98793008 0.99009393 0.99217176 0.99416322 0.99606813 0.99788651 0.99961856 1.0012647 1.0028255 1.0043017 1.0056944 1.0070047 1.0082341 1.0093842 1.0104567 1.0114537 1.0123774 1.01323 1.014014 1.0147322 1.0153874 1.0159823 1.0165201 1.0170039 1.0174368 1.0178219 1.0181626 1.018462 1.0187234 1.0189499 1.0191446 1.0193105 1.0194507 1.0195678 1.0196646 1.0197436 1.0198072 1.0198577 1.019897 1.0199272 1.0199498 1.0199663 1.0199781 1.0199863 1.0199917
0.94460244 0.9479187 0.9511707 0.95435649 0.95747418 0.96052192 0.96349795 0.96640056 0.96922816 0.97197921 0.9746523 0.9772461 0.97975942 0.98219118 0.98454044 0.9868064 0.98898841 0.99108595 0.9930987 0.99502648 0.99686931 0.99862735 1.000301 1.0018908 1.0033974 1.0048219 1.0061652 1.0074289 1.0086142 1.0097229 1.0107569 1.0117182 1.0126088 1.0134313 1.0141879 1.0148814 1.0155144 1.0160898 1.0166103 1.017079 1.0174989 1.0178729 1.0182042 1.0184958 1.0187507 1.0189718 1.0191622 1.0193247 1.019462 1.0195769 1.0196719 1.0197495 1.019812 1.0198615 1.0199001 1.0199296 1.0199516 1.0199677 1.0199791 1.019987 1.0199922 1.0199956
0.94949886 0.95269274 0.95581983 0.95887832 0.96186652 0.96478278 0.96762552 0.97039328 0.97308468 0.97569843 0.97823337 0.98068845 0.98306274 0.98535545 0.98756594 0.98969368 0.99173834 0.99369972 0.99557778 0.99737265 0.99908465 1.0007143 1.0022621 1.003729 1.0051161 1.0064244 1.0076553 1.0088104 1.0098912 1.0108998 1.011838 1.0127079 1.013512 1.0142524 1.0149318 1.0155527 1.0161177 1.0166297 1.0170915 1.0175058 1.0178755 1.0182036 1.0184929 1.0187463 1.0189666 1.0191566 1.0193191 1.0194567 1.019572 1.0196676 1.0197458 1.0198089 1.019859 1.0198981 1.019928 1.0199505 1.0199669 1.0199786 1.0199866 1.019992 1.0199954 1.0199975
0.95380088 0.95687632 0.95988312 0.96281968 0.96568447 0.96847606 0.9711931 0.97383432 0.97639858 0.97888483 0.98129217 0.98361978 0.985867 0.98803331 0.99011831 0.99212176 0.99404357 0.99588382 0.99764272 0.99932066 1.0009182 1.002436 1.003875 1.0052362 1.0065209 1.0077303 1.0088659 1.0099295 1.0109228 1.0118478 1.0127065 1.013501 1.0142337 1.0149069 1.0155232 1.016085 1.0165949 1.0170556 1.0174699 1.0178403 1.0181698 1.0184609 1.0187166 1.0189394 1.019132 1.0192972 1.0194375 1.0195555 1.0196535 1.019734 1.0197992 1.0198511 1.0198918 1.0199232 1.0199468 1.0199641 1.0199766 1.0199852 1.019991 1.0199948 1.0199971 1.0199985
0.9575896 0.96055194 0.96344441 0.96626561 0.96901421 0.97168896 0.97428871 0.97681244 0.9792592 0.98162818 0.9839187 0.98613017 0.98826216 0.99031439 0.99228668 0.99417902 0.99599155 0.99772455 0.99937845 1.0009538 1.0024514 1.0038722 1.005217 1.0064872 1.0076841 1.008809 1.0098637 1.0108499 1.0117693 1.012624 1.013416 1.0141476 1.0148209 1.0154383 1.0160022 1.0165151 1.0169795 1.017398 1.0177731 1.0181076 1.0184039 1.0186648 1.0188929 1.0190907 1.0192609 1.0194059 1.0195283 1.0196305 1.0197147 1.0197833 1.0198382 1.0198815 1.0199151 1.0199406 1.0199595 1.0199732 1.0199828 1.0199894 1.0199937 1.0199965 1.0199981 1.019999
0.96093423 0.96378967 0.96657454 0.96928763 0.97192778 0.97449394 0.97698517 0.97940062 0.98173957 0.9840014 0.98618562 0.98829187 0.99031991 0.99226965 0.99414111 0.99593448 0.99765005 0.9992883 1.0008498 1.0023353 1.0037457 1.0050819 1.0063452 1.0075368 1.0086582 1.0097107 1.0106962 1.0116163 1.012473 1.0132681 1.0140038 1.0146821 1.0153054 1.0158758 1.0163958 1.0168676 1.0172939 1.017677 1.0180194 1.0183238 1.0185925 1.0188282 1.0190334 1.0192106 1.0193622 1.0194907 1.0195985 1.0196879 1.019761 1.0198201 1.019867 1.0199036 1.0199317 1.0199528 1.0199682 1.0199793 1.0199869 1.0199921 1.0199954 1.0199974 1.0199987 1.0199993
0.96389368 0.96664886 0.96933323 0.9719457 0.97448532 0.9769512 0.97934258 0.9816588 0.98389931 0.98606368 0.98815159 0.99016286 0.99209742 0.99395532 0.99573678 0.9974421 0.99907174 1.0006263 1.0021065 1.0035131 1.0048472 1.0061098 1.0073022 1.0084257 1.0094818 1.0104719 1.0113978 1.0122612 1.0130641 1.0138083 1.0144958 1.0151288 1.0157094 1.0162398 1.0167224 1.0171594 1.0175533 1.0179064 1.0182212 1.0185002 1.0187456 1.0189602 1.0191462 1.0193061 1.0194424 1.0195573 1.0196531 1.0197321 1.0197963 1.0198478 1.0198883 1.0199198 1.0199437 1.0199614 1.0199743 1.0199834 1.0199897 1.0199938 1.0199964 1.0199981 1.019999 1.0199995
0.96651798 0.96917973 0.97177073 0.97429007 0.97673695 0.97911065 0.98141056 0.98363619 0.98578714 0.98786314 0.98986401 0.99178972 0.99364034 0.99541607 0.99711722 0.99874425 1.0002977 1.0017783 1.0031867 1.0045241 1.0057913 1.0069895 1.00812 1.0091842 1.0101835 1.0111194 1.0119938 1.0128082 1.0135646 1.0142648 1.0149108 1.0155048 1.0160487 1.0165448 1.0169954 1.0174026 1.0177687 1.0180962 1.0183875 1.0186448 1.0188705 1.0190672 1.0192371 1.0193826 1.0195061 1.0196097 1.0196957 1.0197662 1.0198232 1.0198687 1.0199043 1.0199317 1.0199523 1.0199676 1.0199786 1.0199863 1.0199915 1.0199949 1.0199971 1.0199984 1.0199992 1.0199996
0.96884958 0.97142465 0.97392931 0.97636279 0.97872445 0.9810137 0.98323007 0.98537321 0.98744286 0.98943887 0.99136121 0.99320994 0.99498525 0.99668745 0.99831696 0.9998743 1.0013601 1.0027752 1.0041203 1.0053965 1.0066048 1.0077465 1.0088228 1.0098351 1.0107848 1.0116735 1.0125029 1.0132747 1.0139907 1.0146527 1.0152628 1.0158229 1.0163351 1.0168015 1.0172244 1.0176058 1.0179482 1.0182537 1.0185247 1.0187636 1.0189726 1.0191541 1.0193104 1.0194438 1.0195566 1.0196509 1.0197289 1.0197926 1.0198438 1.0198844 1.0199161 1.0199404 1.0199586 1.019972 1.0199815 1.0199882 1.0199927 1.0199957 1.0199975 1.0199987 1.0199993 1.0199997
0.97092445 0.9734194 0.97584447 0.97819906 0.98048261 0.98269468 0.98483492 0.9869031 0.98889905 0.99082276 0.99267427 0.99445376 0.99616151 0.9977979 0.99936342 1.0008587 1.0022843 1.0036412 1.0049303 1.0061525 1.0073089 1.0084007 1.0094293 1.0103959 1.0113021 1.0121494 1.0129395 1.013674 1.0143546 1.0149834 1.0155621 1.0160927 1.0165773 1.0170179 1.0174167 1.0177759 1.0180977 1.0183843 1.018638 1.0188611 1.0190558 1.0192245 1.0193694 1.0194927 1.0195967 1.0196833 1.0197547 1.0198128 1.0198594 1.0198963 1.0199249 1.0199467 1.0199631 1.019975 1.0199836 1.0199895 1.0199935 1.0199962 1.0199978 1.0199988 1.0199994 1.0199997
0.97277302 0.97519412 0.97754605 0.97982829 0.98204042 0.98418209 0.98625305 0.98825317 0.9901824 0.99204077 0.99382844 0.99554566 0.99719276 0.99877021 1.0002785 1.0017184 1.0030905 1.0043957 1.0056349 1.0068092 1.0079196 1.0089674 1.0099538 1.0108803 1.0117481 1.012559 1.0133144 1.0140161 1.0146659 1.0152654 1.0158166 1.0163215 1.016782 1.0172002 1.0175781 1.017918 1.018222 1.0184923 1.0187312 1.0189408 1.0191234 1.0192813 1.0194166 1.0195315 1.0196281 1.0197085 1.0197746 1.0198282 1.0198711 1.019905 1.0199313 1.0199513 1.0199662 1.0199771 1.0199849 1.0199904 1.019994 1.0199964 1.0199979 1.0199989 1.0199994 1.0199997
0.974421 0.97677421 0.97905905 0.98127509 0.98342201 0.98549955 0.98750755 0.98944596 0.99131479 0.99311416 0.99484429 0.99650547 0.99809812 0.99962272 1.0010799 1.0024702 1.0037945 1.0050537 1.0062486 1.0073803 1.0084499 1.0094587 1.0104078 1.0112986 1.0121327 1.0129114 1.0136363 1.0143091 1.0149316 1.0155055 1.0160327 1.016515 1.0169545 1.0173531 1.017713 1.0180362 1.0183248 1.0185812 1.0188073 1.0190055 1.0191779 1.0193267 1.019454 1.0195619 1.0196525 1.0197278 1.0197896 1.0198397 1.0198797 1.0199113 1.0199357 1.0199544 1.0199683 1.0199785 1.0199857 1.0199908 1.0199943 1.0199965 1.019998 1.0199989 1.0199994 1.0199997
0.97589008 0.978181 0.98040442 0.98256 0.98464747 0.98666667 0.9886175 0.99049998 0.99231418 0.99406028 0.99573854 0.99734932 0.99889305 1.0003703 1.0017815 1.0031276 1.0044093 1.0056273 1.0067828 1.0078766 1.00891 1.0098841 1.0108001 1.0116594 1.0124635 1.0132137 1.0139118 1.0145592 1.0151577 1.0157091 1.0162152 1.0166778 1.0170989 1.0174806 1.0178247 1.0181335 1.018409 1.0186534 1.0188687 1.0190572 1.019221 1.0193623 1.019483 1.0195852 1.019671 1.0197421 1.0198005 1.0198478 1.0198857 1.0199155 1.0199386 1.0199562 1.0199695 1.0199791 1.0199861 1.019991 1.0199943 1.0199965 1.0199979 1.0199988 1.0199994 1.0199997
0.9771985 0.9794324 0.9815997 0.98370012 0.98573348 0.98769966 0.98959864 0.99143047 0.99319529 0.99489332 0.99652485 0.99809028 0.99959007 1.0010248 1.002395 1.0037014 1.004945 1.0061264 1.0072466 1.0083068 1.0093079 1.0102511 1.0111378 1.0119692 1.0127468 1.0134719 1.0141462 1.0147712 1.0153487 1.0158804 1.016368 1.0168134 1.0172186 1.0175856 1.0179162 1.0182126 1.0184769 1.0187111 1.0189174 1.0190978 1.0192544 1.0193894 1.0195047 1.0196024 1.0196842 1.0197522 1.019808 1.0198532 1.0198894 1.0199179 1.0199401 1.0199571 1.0199699 1.0199793 1.019986 1.0199908 1.0199941 1.0199964 1.0199978 1.0199987 1.0199993 1.0199996
0.97836156 0.98054334 0.98265944 0.98470964 0.98669381 0.98861189 0.9904639 0.99224993 0.99397016 0.99562484 0.99721431 0.99873896 1.0001993 1.0015959 1.0029293 1.0042004 1.0054098 1.0065585 1.0076474 1.0086775 1.00965 1.0105659 1.0114266 1.0122333 1.0129874 1.0136904 1.0143438 1.0149492 1.0155082 1.0160226 1.0164942 1.0169248 1.0173162 1.0176705 1.0179896 1.0182755 1.0185302 1.0187559 1.0189546 1.0191283 1.0192791 1.019409 1.0195201 1.0196141 1.019693 1.0197585 1.0198123 1.019856 1.0198911 1.0199188 1.0199404 1.019957 1.0199696 1.0199789 1.0199856 1.0199904 1.0199938 1.019996 1.0199976 1.0199985 1.0199991 1.0199995
0.97939193 0.98152619 0.98359569 0.98560025 0.9875398 0.9894143 0.99122383 0.9929685 0.99464853 0.99626419 0.99781583 0.99930387 1.0007288 1.0020913 1.0033918 1.0046312 1.0058103 1.0069299 1.0079909 1.0089944 1.0099414 1.0108332 1.0116708 1.0124557 1.0131892 1.0138728 1.0145079 1.0150961 1.0156391 1.0161386 1.0165963 1.017014 1.0173937 1.0177372 1.0180465 1.0183235 1.0185704 1.018789 1.0189815 1.0191498 1.0192959 1.0194219 1.0195296 1.0196209 1.0196976 1.0197613 1.0198138 1.0198566 1.0198909 1.0199182 1.0199395 1.019956 1.0199685 1.0199779 1.0199847 1.0199897 1.0199932 1.0199956 1.0199972 1.0199983 1.0199989 1.0199994
0.98030004 0.98239108 0.98441825 0.98638144 0.9882806 0.99011573 0.99188692 0.99359434 0.9952382 0.9968188 0.99833651 0.99979177 1.0011851 1.002517 1.0037883 1.0049995 1.0061516 1.0072453 1.0082816 1.0092615 1.0101861 1.0110565 1.0118739 1.0126397 1.0133552 1.0140218 1.014641 1.0152143 1.0157435 1.0162301 1.0166759 1.0170828 1.0174525 1.017787 1.0180881 1.0183579 1.0185983 1.0188112 1.0189988 1.0191629 1.0193054 1.0194284 1.0195337 1.019623 1.0196982 1.0197609 1.0198126 1.0198548 1.0198889 1.019916 1.0199374 1.019954 1.0199667 1.0199763 1.0199834 1.0199886 1.0199923 1.0199949 1.0199967 1.0199979 1.0199986 1.0199992
0.98109427 0.98314611 0.98513497 0.98706076 0.98892346 0.99072312 0.99245983 0.99413378 0.99574521 0.99729443 0.99878181 1.0002078 1.0015729 1.0028778 1.004123 1.0053092 1.0064374 1.0075082 1.0085228 1.0094819 1.0103868 1.0112386 1.0120384 1.0127875 1.0134874 1.0141393 1.0147448 1.0153054 1.0158228 1.0162985 1.0167344 1.0171322 1.0174937 1.0178207 1.0181153 1.0183792 1.0186145 1.0188231 1.0190069 1.0191678 1.0193078 1.0194287 1.0195324 1.0196206 1.0196949 1.0197571 1.0198085 1.0198507 1.0198849 1.0199123 1.019934 1.0199509 1.019964 1.019974 1.0199814 1.0199869 1.0199909 1.0199938 1.0199958 1.0199972 1.0199981 1.0199987
0.98178114 0.98379756 0.98575185 0.98764397 0.9894739 0.99124172 0.99294754 0.99459156 0.99617404 0.99769529 0.9991557 1.0005557 1.0018959 1.0031767 1.0043989 1.0055632 1.0066703 1.0077212 1.0087166 1.0096577 1.0105455 1.0113811 1.0121657 1.0129005 1.013587 1.0142264 1.0148204 1.0153703 1.0158778 1.0163446 1.0167723 1.0171626 1.0175175 1.0178387 1.0181282 1.0183876 1.0186191 1.0188245 1.0190057 1.0191645 1.0193029 1.0194226 1.0195255 1.0196132 1.0196874 1.0197496 1.0198012 1.0198438 1.0198785 1.0199064 1.0199287 1.0199463 1.01996 1.0199705 1.0199785 1.0199844 1.0199888 1.019992 1.0199942 1.0199957 1.0199967 1.0199973
0.98236542 0.98434996 0.98627321 0.98813514 0.98993576 0.99167514 0.99335344 0.99497085 0.99652762 0.9980241 0.99946066 1.0008378 1.0021559 1.0034157 1.0046178 1.0057629 1.0068517 1.0078852 1.0088642 1.0097898 1.0106629 1.0114847 1.0122563 1.0129791 1.0136543 1.0142834 1.0148678 1.0154089 1.0159085 1.016368 1.0167892 1.0171739 1.0175237 1.0178406 1.0181262 1.0183826 1.0186115 1.0188148 1.0189945 1.0191522 1.0192899 1.0194093 1.0195121 1.0196 1.0196746 1.0197374 1.0197898 1.0198332 1.0198687 1.0198976 1.0199207 1.0199391 1.0199535 1.0199647 1.0199732 1.0199796 1.0199842 1.0199875 1.0199895 1.0199905 1.0199903 1.0199886
0.98285017 0.98480617 0.98670169 0.98853671 0.99031125 0.99202542 0.99367934 0.99527324 0.99680738 0.99828209 0.99969776 1.0010548 1.0023539 1.0035954 1.00478 1.0059086 1.0069817 1.0080004 1.0089654 1.0098777 1.0107385 1.0115487 1.0123097 1.0130225 1.0136886 1.0143093 1.014886 1.0154202 1.0159136 1.0163676 1.016784 1.0171645 1.0175108 1.0178247 1.018108 1.0183625 1.01859 1.0187924 1.0189716 1.0191292 1.019267 1.0193869 1.0194904 1.0195792 1.0196547 1.0197186 1.0197722 1.0198167 1.0198533 1.0198832 1.0199073 1.0199264 1.0199414 1.0199529 1.0199614 1.0199672 1.0199707 1.0199717 1.0199698 1.019964 1.0199515 1.0199266
0.98323674 0.98516734 0.98703825 0.98884944 0.99060096 0.9922929 0.99392542 0.99549874 0.99701311 0.99846888 0.99986644 1.0012062 1.0024888 1.0037146 1.0048844 1.0059989 1.0070588 1.008065 1.0090184 1.0099198 1.0107704 1.0115713 1.0123236 1.0130285 1.0136874 1.0143016 1.0148725 1.0154017 1.0158905 1.0163407 1.0167539 1.0171317 1.0174759 1.0177881 1.0180703 1.0183241 1.0185514 1.0187539 1.0189334 1.0190917 1.0192305 1.0193514 1.0194562 1.0195463 1.0196232 1.0196884 1.0197431 1.0197887 1.0198261 1.0198565 1.0198807 1.0198994 1.0199131 1.0199222 1.0199268 1.0199262 1.0199194 1.0199037 1.0198735 1.0198175 1.0197106 1.0194946
0.98352472 0.98543288 0.98728208 0.98907233 0.99080367 0.99247621 0.9940901 0.99564557 0.99714287 0.99858236 0.9999644 1.0012895 1.002558 1.0037707 1.0049281 1.0060309 1.0070798 1.0080758 1.0090197 1.0099124 1.0107549 1.0115485 1.0122941 1.012993 1.0136466 1.014256 1.0148229 1.0153485 1.0158345 1.0162823 1.0166936 1.0170701 1.0174134 1.0177253 1.0180074 1.0182615 1.0184894 1.0186927 1.0188733 1.0190328 1.0191728 1.0192951 1.019401 1.0194922 1.01957 1.0196357 1.0196905 1.0197355 1.0197715 1.0197992 1.0198191 1.0198312 1.019835 1.0198292 1.019811 1.019775 1.0197113 1.0196 1.0194015 1.0190306 1.0182921 1.0167049
0.98371183 0.98560025 0.98743045 0.98920242 0.99091623 0.99257197 0.99416981 0.99570996 0.99719269 0.99861834 0.99998728 1.0013 1.0025569 1.0037586 1.0049058 1.005999 1.0070392 1.008027 1.0089634 1.0098493 1.0106857 1.0114737 1.0122145 1.0129091 1.0135589 1.0141653 1.0147295 1.0152531 1.0157374 1.0161841 1.0165948 1.0169709 1.0173143 1.0176264 1.0179091 1.0181639 1.0183927 1.018597 1.0187785 1.0189387 1.0190793 1.0192017 1.0193074 1.0193975 1.0194734 1.0195358 1.0195857 1.0196234 1.0196491 1.0196621 1.019661 1.0196428 1.0196023 1.0195301 1.0194095 1.0192098 1.0188727 1.0182823 1.0171943 1.0150628 1.0105813 1.0003927
0.98379367 0.98566485 0.9874785 0.98923463 0.99093329 0.9925746 0.99415871 0.99568583 0.99715624 0.99857025 0.99992825 1.0012307 1.002478 1.0036708 1.0048097 1.0058954 1.0069286 1.00791 1.0088407 1.0097215 1.0105533 1.0113373 1.0120746 1.0127663 1.0134136 1.014018 1.0145807 1.015103 1.0155866 1.0160328 1.0164432 1.0168193 1.0171627 1.017475 1.0177579 1.0180127 1.0182412 1.0184449 1.0186252 1.0187836 1.0189212 1.0190394 1.019139 1.0192209 1.0192853 1.0193324 1.0193614 1.0193706 1.019357 1.0193153 1.0192366 1.0191058 1.0188977 1.018568 1.018037 1.0171557 1.0156322 1.0128654 1.0075473 0.99667028 0.97296686 0.91848946
0.98376353 0.98561965 0.98741891 0.98916132 0.99084693 0.99247586 0.99404825 0.99556431 0.99702431 0.99842856 0.99977744 1.0010714 1.0023108 1.0034964 1.0046286 1.0057082 1.0067358 1.0077123 1.0086385 1.0095153 1.0103436 1.0111245 1.0118592 1.0125486 1.0131941 1.0137968 1.0143581 1.0148793 1.0153618 1.015807 1.0162163 1.0165912 1.0169331 1.0172435 1.0175238 1.0177754 1.0179995 1.0181973 1.01837 1.0185185 1.0186433 1.0187447 1.0188225 1.0188759 1.018903 1.0189005 1.018863 1.018782 1.0186437 1.0184261 1.0180933 1.0175855 1.0168 1.0155548 1.0135144 1.0100343 1.0038209 0.99216109 0.9691477 0.92172023 0.8223861 0.62558787
0.98361201 0.98545488 0.98724153 0.98897195 0.99064621 0.9922644 0.99382666 0.9953332 0.99678426 0.99818016 0.99952125 1.0008079 1.0020407 1.0032201 1.0043466 1.005421 1.0064438 1.007416 1.0083382 1.0092114 1.0100364 1.0108143 1.0115461 1.0122329 1.0128757 1.0134759 1.0140344 1.0145527 1.015032 1.0154734 1.0158783 1.016248 1.0165835 1.016886 1.0171566 1.017396 1.0176052 1.0177843 1.0179336 1.0180526 1.01814 1.0181939 1.0182107 1.018185 1.0181083 1.0179677 1.0177437 1.0174058 1.0169062 1.0161686 1.0150668 1.0133877 1.0107585 1.0065049 0.99936323 0.98688192 0.96416927 0.92137106 0.83938573 0.68683925 0.435664 0.11818623
