Interpolating SPI Data/spi_stations/interpolated_spi/6-23_2.tif
NCOLS 257
NROWS 141
XLLCORNER -178.27925
YLLCORNER 5.3153543
DX 0.49934803
DY 0.49997533
NODATA_VALUE -9999
[rows 0 to 26 of 141, columns 124 to 185 of 257]
0.88 0.88 0.88 0.88 0.88 0.88 0.88 0.87999999 0.87999791 0.87905488 0.50186856 -0.39544189 -0.39999377 -0.39999999 -0.4 -0.4 -0.4 -0.4 -0.4 -0.39999999 -0.39999959 -0.39997517 -0.39722456 0.065875676 2.426186 2.4699101 2.4699999 2.47 2.47 2.47 2.47 2.47 2.47 2.47 2.47 2.4702552 3.7387732 4.0199936 4.02 4.02 4.02 4.02 4.02 4.02 4.02 4.02 4.02 4.02 4.02 4.02 4.02 4.02 4.0176777 2.6603062 2.66 2.66 2.66 2.66 2.66 2.66 2.66 2.66
0.88 0.88 0.88 0.88 0.88 0.88 0.88 0.88 0.87999976 0.87980904 0.70867079 -0.39343189 -0.39999532 -0.4 -0.4 -0.4 -0.4 -0.4 -0.4 -0.4 -0.39999999 -0.39999913 -0.39984613 -0.34354285 2.2863236 2.4698426 2.4699999 2.47 2.47 2.47 2.47 2.47 2.47 2.47 2.47 2.4700043 2.8688072 4.0199852 4.02 4.02 4.02 4.02 4.02 4.02 4.02 4.02 4.02 4.02 4.02 4.02 4.02 4.02 4.0197785 2.6607409 2.66 2.66 2.66 2.66 2.66 2.66 2.66 2.66
0.88 0.88 0.88 0.88 0.88 0.88 0.88 0.88 0.87999998 0.87997036 0.82257883 -0.38935957 -0.39999634 -0.4 -0.4 -0.4 -0.4 -0.4 -0.4 -0.4 -0.4 -0.39999999 -0.39999599 -0.39697268 1.4868672 2.4696032 2.4699999 2.47 2.47 2.47 2.47 2.47 2.47 2.47 2.47 2.47 2.4867172 4.0199385 4.02 4.02 4.02 4.02 4.02 4.02 4.02 4.02 4.02 4.02 4.02 4.02 4.02 4.02 4.0199845 2.6624726 2.66 2.66 2.66 2.66 2.66 2.66 2.66 2.66
0.88 0.88 0.88 0.88 0.88 0.88 0.88 0.88 0.88 0.8799966 0.86559058 -0.38014396 -0.39999696 -0.4 -0.4 -0.4 -0.4 -0.4 -0.4 -0.4 -0.4 -0.4 -0.39999996 -0.39993455 -0.092777714 2.4683095 2.4699999 2.47 2.47 2.47 2.47 2.47 2.47 2.47 2.47 2.47 2.4701706 4.0194189 4.02 4.02 4.02 4.02 4.02 4.02 4.02 4.02 4.02 4.02 4.02 4.02 4.02 4.02 4.0199991 2.6715207 2.66 2.66 2.66 2.66 2.66 2.66 2.66 2.66
0.88 0.88 0.88 0.88 0.88 0.88 0.88 0.88 0.88 0.87999973 0.87728817 -0.35631602 -0.39999725 -0.4 -0.4 -0.4 -0.4 -0.4 -0.4 -0.4 -0.4 -0.4 -0.4 -0.39999956 -0.39217934 2.4547934 2.4699999 2.47 2.47 2.47 2.47 2.47 2.47 2.47 2.47 2.47 2.4700004 4.0039819 4.02 4.02 4.02 4.02 4.02 4.02 4.02 4.02 4.02 4.02 4.02 4.02 4.02 4.02 4.0199995 2.7311496 2.66 2.66 2.66 2.66 2.66 2.66 2.66 2.66
0.88 0.88 0.88 0.88 0.88 0.88 0.88 0.88 0.88 0.87999998 0.87962459 -0.28593045 -0.39999719 -0.4 -0.4 -0.4 -0.4 -0.4 -0.4 -0.4 -0.4 -0.4 -0.4 -0.4 -0.39995433 2.1173484 2.4699998 2.47 2.47 2.47 2.47 2.47 2.47 2.47 2.47 2.47 2.47 3.2128394 4.02 4.02 4.02 4.02 4.02 4.02 4.02 4.02 4.02 4.02 4.02 4.02 4.02 4.02 4.0196283 3.0275338 2.6600189 2.66 2.66 2.66 2.66 2.66 2.66 2.66
0.88 0.88 0.88 0.88 0.88 0.88 0.88 0.88 0.88 0.88 0.87996288 -0.070380639 -0.39999663 -0.4 -0.4 -0.4 -0.4 -0.4 -0.4 -0.4 -0.4 -0.4 -0.4 -0.4 -0.39999996 -0.23493504 2.4699985 2.47 2.47 2.47 2.47 2.47 2.47 2.47 2.47 2.47 2.47 2.473315 4.02 4.02 4.02 4.02 4.02 4.02 4.02 4.02 4.02 4.02 4.02 4.02 4.02 4.0199981 3.227599 3.0200022 2.9767571 2.6600007 2.66 2.66 2.66 2.66 2.66 2.66
0.88 0.88 0.88 0.88 0.88 0.88 0.88 0.88 0.88 0.88 0.87999745 0.39321467 -0.39999503 -0.4 -0.4 -0.4 -0.4 -0.4 -0.4 -0.4 -0.4 -0.4 -0.4 -0.4 -0.4 -0.39980205 2.4699457 2.47 2.47 2.47 2.47 2.47 2.47 2.47 2.47 2.47 2.47 2.4700023 4.0199998 4.02 4.02 4.02 4.02 4.02 4.02 4.02 4.02 4.02 4.02 4.02 4.02 3.8777022 3.0200014 3.02 3.02 2.9390258 2.66 2.66 2.66 2.66 2.66 2.66
0.88 0.88 0.88 0.88 0.88 0.88 0.88 0.88 0.88 0.88 0.87999988 0.76797579 -0.3999905 -0.4 -0.4 -0.4 -0.4 -0.4 -0.4 -0.4 -0.4 -0.4 -0.4 -0.4 -0.4 -0.39999998 2.4534027 2.47 2.47 2.47 2.47 2.47 2.47 2.47 2.47 2.47 2.47 2.47 4.0183994 4.02 4.02 4.02 4.02 4.02 4.02 4.02 4.02 4.02 4.02 4.02 4.0187539 3.0200018 3.02 3.02 3.02 3.02 2.8451248 2.66 2.66 2.66 2.66 2.66
0.88 0.88 0.88 0.88 0.88 0.88 0.88 0.88 0.88 0.88 0.88 0.86622251 -0.3999753 -0.4 -0.4 -0.4 -0.4 -0.4 -0.4 -0.4 -0.4 -0.4 -0.4 -0.4 -0.4 -0.4 -0.29245026 2.47 2.47 2.47 2.47 2.47 2.47 2.47 2.47 2.47 2.47 2.4699978 2.1800147 2.2933585 4.0199888 4.02 4.02 4.02 4.02 4.02 4.02 4.02 4.02 4.0199983 3.0200121 3.02 3.02 3.02 3.02 3.02 3.02 2.7276486 2.66 2.66 2.66 2.66
0.88 0.88 0.88 0.88 0.88 0.88 0.88 0.88 0.88 0.88 0.88 0.87883747 -0.39990919 -0.4 -0.4 -0.4 -0.4 -0.4 -0.4 -0.4 -0.4 -0.4 -0.4 -0.4 -0.4 -0.4 -0.39999824 2.47 2.47 2.47 2.47 2.47 2.47 2.47 2.47 2.47 2.47 2.2889136 2.18 2.18 2.18 2.1865503 4.0199999 4.02 4.02 4.02 4.02 4.02 4.02 3.0206972 3.02 3.02 3.02 3.02 3.02 3.02 3.02 3.02 2.6770494 2.66 2.66 2.66
0.88 0.88 0.88 0.88 0.88 0.88 0.88 0.88 0.88 0.88 0.88 0.87992465 -0.39952063 -0.4 -0.4 -0.4 -0.4 -0.4 -0.4 -0.4 -0.4 -0.4 -0.4 -0.4 -0.4 -0.4 -0.4 2.4698362 2.47 2.47 2.47 2.47 2.47 2.47 2.47 2.47 2.47 2.18 2.18 2.18 2.18 2.18 2.18 2.1815799 4.0199938 4.02 4.02 4.02 3.1772846 3.02 3.02 3.02 3.02 3.02 3.02 3.02 3.02 3.02 3.02 2.6655056 2.66 2.66
0.88 0.88 0.88 0.88 0.88 0.88 0.88 0.88 0.88 0.88 0.88 0.87999584 -0.39644438 -0.4 -0.4 -0.4 -0.4 -0.4 -0.4 -0.4 -0.4 -0.4 -0.4 -0.4 -0.4 -0.4 -0.4 0.015493564 2.47 2.47 2.47 2.47 2.47 2.47 2.47 2.47 2.4569838 2.18 2.18 2.18 2.18 2.18 2.18 2.18 2.18 2.1914388 4.017603 3.9942775 3.02 3.02 3.02 3.02 3.02 3.02 3.02 3.02 3.02 3.02 3.02 3.0199995 2.663004 2.66
0.88 0.88 0.88 0.88 0.88 0.88 0.88 0.88 0.88 0.88 0.88 0.87999978 -0.36589212 -0.4 -0.4 -0.4 -0.4 -0.4 -0.4 -0.4 -0.4 -0.4 -0.4 -0.4 -0.4 -0.4 -0.4 -0.39998608 2.47 2.47 2.47 2.47 2.47 2.47 2.47 2.47 2.1800006 2.18 2.18 2.18 2.18 2.18 2.18 2.18 2.18 2.18 2.1800026 3.0199897 3.02 3.02 3.02 3.02 3.02 3.02 3.02 3.02 3.02 3.02 3.02 3.02 3.0199872 2.6625543
0.88 0.88 0.88 0.88 0.88 0.88 0.88 0.88 0.88 0.88 0.88 0.87999999 -0.0896389 -0.4 -0.4 -0.4 -0.4 -0.4 -0.4 -0.4 -0.4 -0.4 -0.4 -0.4 -0.4 -0.4 -0.4 -0.39999999 2.469708 2.47 2.47 2.47 2.47 2.47 2.47 2.4686644 2.18 2.18 2.18 2.18 2.18 2.18 2.18 2.18 2.18 2.18 2.18 3.0199952 3.02 3.02 3.02 3.02 3.02 3.02 3.02 3.02 3.02 3.02 3.02 3.02 3.02 3.015871
0.88 0.88 0.88 0.88 0.88 0.88 0.88 0.88 0.88 0.88 0.88 0.88 0.61840049 -0.39999998 -0.4 -0.4 -0.4 -0.4 -0.4 -0.4 -0.4 -0.4 -0.4 -0.4 -0.4 -0.4 -0.4 -0.39964523 2.3061815 2.4692882 2.47 2.47 2.47 2.47 2.47 2.1803189 2.18 2.18 2.18 2.18 2.18 2.18 2.18 2.18 2.18 2.18 2.18 3.019996 3.02 3.02 3.02 3.02 3.02 3.02 3.02 3.02 3.02 3.02 3.02 3.019998 3.0199283 3.0169128
0.88 0.88 0.88 0.88 0.88 0.88 0.88 0.88 0.88 0.88 0.88 0.88 0.85078083 -0.39999962 -0.4 -0.4 -0.4 -0.4 -0.4 -0.4 -0.4 -0.4 -0.4 -0.4 -0.4 -0.4 0.27957052 2.3099999 2.31 2.31 2.3100003 2.3452684 2.4699832 2.47 2.4686876 2.1800001 2.18 2.18 2.18 2.18 2.18 2.18 2.18 2.18 2.18 2.18 2.18 3.0199937 3.02 3.02 3.02 3.02 3.02 3.02 3.02 3.02 3.0199965 3.0186165 2.9932874 2.9549143 2.9409644 2.9364778
0.88 0.88 0.88 0.88 0.88 0.88 0.88 0.88 0.88 0.88 0.88 0.88 0.87661192 -0.39999121 -0.39999988 -0.39999999 -0.4 -0.4 -0.4 -0.4 -0.4 -0.4 -0.4 -0.4 -0.39999204 2.3098645 2.31 2.31 2.31 2.31 2.31 2.31 2.31 2.3104761 2.1980345 2.18 2.18 2.18 2.18 2.18 2.18 2.18 2.18 2.18 2.18 2.18 2.1800002 3.019766 3.0197616 3.0195388 3.0168699 2.9499191 2.930004 2.93 2.93 2.93 2.93 2.93 2.93 2.9300001 2.9300009 2.9300038
0.88 0.88 0.88 0.88 0.88 0.88 0.88 0.88 0.88 0.88 0.88 0.87999996 0.87947108 -0.37861031 -0.38969822 -0.39582408 -0.39863273 -0.3996478 -0.39992816 -0.39998739 -0.39999765 -0.39999933 -0.39999955 0.078664199 2.31 2.31 2.31 2.31 2.31 2.31 2.31 2.31 2.31 2.31 2.309916 2.18 2.18 2.18 2.18 2.18 2.18 2.18 2.18 2.18 2.18 2.18 2.1800673 2.9302599 2.9300051 2.93 2.93 2.93 2.93 2.93 2.93 2.93 2.93 2.93 2.93 2.93 2.93 2.93
0.88 0.88 0.88 0.88 0.88 0.88 0.88 0.88 0.88 0.87999991 0.87997421 0.87805303 0.82993654 0.86594086 0.86855419 0.86959764 0.86991693 0.86998777 0.86999871 0.86999989 0.86999999 0.87 0.8700005 2.2969696 2.31 2.31 2.31 2.31 2.31 2.31 2.31 2.31 2.31 2.31 2.31 2.1852551 2.18 2.18 2.18 2.18 2.18 2.18 2.18 2.18 2.18 2.18 2.7557751 2.93 2.93 2.93 2.93 2.93 2.93 2.93 2.93 2.93 2.93 2.93 2.93 2.93 2.93 2.93
0.88015642 0.88 0.88 0.88 0.88 0.88 0.88 0.87998841 0.87392797 0.42577823 -0.34826802 -0.41355418 -0.40255928 0.86998408 0.86999998 0.87 0.87 0.87 0.87 0.87 0.87 0.87 0.87 0.87005983 2.31 2.31 2.31 2.31 2.31 2.31 2.31 2.31 2.31 2.31 2.31 2.3099592 2.1800009 2.18 2.18 2.18 2.18 2.18 2.18 2.18 2.18 2.1800269 2.9299681 2.93 2.93 2.93 2.93 2.93 2.93 2.93 2.93 2.93 2.93 2.93 2.93 2.93 2.93 2.93
1.93 1.9299419 0.89316801 0.87999986 0.87906191 0.15610041 -0.41816853 -0.41998453 -0.41999939 -0.41999991 -0.41999997 -0.42000003 -0.41963596 0.86985269 0.87 0.87 0.87 0.87 0.87 0.87 0.87 0.87 0.87 0.87 2.2927769 2.31 2.31 2.31 2.31 2.31 2.31 2.31 2.31 2.31 2.31 2.31 2.2100568 2.18 2.18 2.18 2.18 2.18 2.18 2.18 2.18 2.3186097 2.93 2.93 2.93 2.93 2.93 2.93 2.93 2.93 2.93 2.93 2.93 2.93 2.93 2.93 2.93 2.93
1.93 1.93 1.9299989 -0.41853591 -0.42 -0.42 -0.42 -0.42 -0.42 -0.42 -0.42 -0.4200003 -0.4200876 0.86730287 0.87 0.87 0.87 0.87 0.87 0.87 0.87 0.87 0.87 0.87 0.87 2.31 2.31 2.31 2.31 2.31 2.31 2.31 2.31 2.31 2.3099994 2.3090737 2.1751285 2.1783612 2.18 2.18 2.18 2.18 2.18 2.18 2.1800524 2.9266138 2.93 2.93 2.93 2.93 2.93 2.93 2.93 2.93 2.93 2.93 2.93 2.93 2.93 2.93 2.93 2.93
1.93 1.93 1.9296428 -0.41999998 -0.42 -0.42 -0.42 -0.42 -0.42 -0.42 -0.42 -0.42000547 -0.42306765 0.75013024 0.87000338 0.87 0.87 0.87 0.87 0.87 0.87 0.87 0.87 0.87 0.87 1.3496859 2.31 2.31 2.31 2.31 2.31 2.31 2.31 2.3088978 1.7355054 1.5713898 1.5700586 1.5700147 1.8807385 2.1799813 2.18 2.18 2.18 2.1800003 2.2214049 2.9299813 2.93 2.93 2.93 2.93 2.93 2.93 2.93 2.93 2.93 2.93 2.93 2.93 2.93 2.93 2.93 2.93
1.93 1.93 -0.028649831 -0.42 -0.42 -0.42 -0.42 -0.42 -0.42 -0.42 -0.42000006 -0.42057145 -0.66252223 1.0812243 0.99623781 0.87000094 0.87 0.87 0.87 0.87 0.87 0.87 0.87 0.87 0.87 0.87 2.3099999 2.31 2.31 2.31 2.31 2.2817834 1.5701987 1.5700002 1.57 1.57 1.57 1.57 1.5700078 1.5776773 2.1756937 2.1800166 2.1800004 2.180168 2.8666821 2.9299996 2.93 2.93 2.93 2.93 2.93 2.93 2.93 2.93 2.93 2.93 2.93 2.93 2.93 2.93 2.93 2.93
1.93 1.93 -0.41999994 -0.42 -0.42 -0.42 -0.42 -0.42 -0.42 -0.42 -0.42003687 -0.7113506 -0.91911447 1.4114185 1.4699969 1.3104293 0.87000037 0.87 0.87 0.87 0.87 0.87 0.87 0.87 0.87 0.87 0.90310912 2.31 2.3099872 1.5732861 1.57 1.57 1.57 1.57 1.57 1.57 1.57 1.5700002 1.5705019 1.7902943 2.579568 2.6087414 2.5718343 2.262083 2.9287148 2.93 2.93 2.93 2.93 2.93 2.93 2.93 2.93 2.93 2.93 2.93 2.93 2.93 2.93 2.93 2.93 2.93
1.93 0.18278625 -0.42 -0.42 -0.42 -0.42 -0.42 -0.42 -0.42 -0.42000032 -0.79966763 -0.91998876 -0.91971678 1.4672599 1.47 1.47 1.4653895 0.87000043 0.87 0.87 0.87 0.87 0.87 0.87 0.87 0.87 0.87000038 1.5700057 1.57 1.57 1.57 1.57 1.57 1.57 1.57 1.57 1.57 1.570033 1.7345846 2.6008098 2.609904 2.609996 2.6099995 2.6100004 2.8541542 2.9299999 2.93 2.93 2.93 2.93 2.93 2.93 2.93 2.93 2.93 2.93 2.93 2.93 2.93 2.93 2.93 2.93
