Interpolating SPI Data/spi_stations/interpolated_spi/6-23_1.tif
NCOLS 257
NROWS 141
XLLCORNER -178.27925
YLLCORNER 5.3153543
DX 0.49934803
DY 0.49997533
NODATA_VALUE -9999
[rows 112 to 139 of 141, columns 124 to 185 of 257]
-0.85344949 -1.1549589 -1.3703032 -1.4816417 -1.5292085 -1.5478309 -1.5548989 -1.5574987 -1.5582131 -1.5576968 -1.5551734 -1.5460369 -1.5077757 -1.3730844 -1.2041088 -1.1361157 -1.0577313 -0.93511005 -0.88046738 -0.86795818 -0.86389703 -0.86190798 -0.86087449 -0.86037027 -0.86014434 -0.86005178 -0.86001713 -0.86000526 -0.86000151 -0.86000042 -0.86000011 -0.86000003 -0.86000001 -0.86 -0.86 -0.86 -0.86 -0.86 -0.86 -0.86 -0.86 -0.86 -0.86 -0.86 -0.86 -0.86 -0.86 -0.86000001 -0.8600001 -0.86000649 -0.86044415 -0.87986648 -0.94575739 -0.50835386 -0.38131492 -0.37992936 -0.37996446 -0.37998548 -0.37999458 -0.37999816 -0.37999943 -0.37999984
-0.94073536 -1.2091975 -1.3911811 -1.4862937 -1.5289797 -1.5468035 -1.5540182 -1.5567913 -1.557479 -1.5565621 -1.5526378 -1.5384433 -1.4831314 -1.3295551 -1.1756233 -1.0801499 -0.96213348 -0.89046896 -0.87077849 -0.86517672 -0.86269674 -0.86135915 -0.86064414 -0.8602853 -0.86011796 -0.86004558 -0.86001652 -0.86000566 -0.86000185 -0.86000058 -0.86000018 -0.86000006 -0.86000002 -0.86000001 -0.86 -0.86 -0.86 -0.86 -0.86 -0.86 -0.86 -0.86 -0.86 -0.86 -0.86 -0.86 -0.86 -0.86000001 -0.86000007 -0.86000291 -0.86014294 -0.8653139 -0.8061946 -0.39917321 -0.38010109 -0.37993617 -0.37996961 -0.37998692 -0.37999476 -0.37999805 -0.37999932 -0.37999978
-1.0151695 -1.2515706 -1.4068739 -1.4895408 -1.5284271 -1.5456308 -1.5529911 -1.5559056 -1.5564881 -1.5549417 -1.5488838 -1.5273832 -1.4516307 -1.2816438 -1.1203297 -0.99167486 -0.90490436 -0.87521679 -0.86689833 -0.86368353 -0.86199162 -0.86103326 -0.86050758 -0.86023545 -0.86010317 -0.8600428 -0.86001689 -0.86000638 -0.86000233 -0.86000084 -0.8600003 -0.86000011 -0.86000004 -0.86000002 -0.86000001 -0.86 -0.86 -0.86 -0.86 -0.86 -0.86 -0.86 -0.86 -0.86 -0.86 -0.86 -0.86 -0.86000001 -0.86000006 -0.86000157 -0.8600556 -0.861042 -0.63233443 -0.38331946 -0.37993634 -0.37994266 -0.37997209 -0.3799873 -0.37999454 -0.37999778 -0.37999914 -0.37999968
-1.0773324 -1.2847209 -1.4187513 -1.4917181 -1.5275904 -1.5443014 -1.5517932 -1.5547991 -1.5551563 -1.5526371 -1.5433997 -1.5116504 -1.4103613 -1.2138726 -1.0330302 -0.92443159 -0.88202332 -0.86935856 -0.8649398 -0.86279152 -0.8615544 -0.86083081 -0.8604235 -0.86020571 -0.86009534 -0.86004228 -0.86001803 -0.86000744 -0.860003 -0.8600012 -0.86000048 -0.8600002 -0.86000008 -0.86000004 -0.86000002 -0.86000001 -0.86000001 -0.86 -0.86 -0.86 -0.86 -0.86 -0.86 -0.86 -0.86 -0.86000001 -0.86000001 -0.86000002 -0.86000007 -0.86000099 -0.86002332 -0.85882376 -0.53198846 -0.38077998 -0.37991181 -0.37994626 -0.37997279 -0.3799869 -0.37999397 -0.37999734 -0.37999886 -0.37999953
-1.1286223 -1.3107524 -1.4277685 -1.4930557 -1.5264941 -1.5428003 -1.5503948 -1.553417 -1.5533684 -1.5493703 -1.5354237 -1.4886686 -1.3488682 -1.1144423 -0.95371708 -0.89217071 -0.87298539 -0.86660149 -0.86379412 -0.86222384 -0.86127222 -0.86070095 -0.86037079 -0.86018837 -0.86009208 -0.86004345 -0.86001989 -0.86000889 -0.86000391 -0.86000171 -0.86000076 -0.86000034 -0.86000016 -0.86000008 -0.86000004 -0.86000002 -0.86000001 -0.86000001 -0.86000001 -0.86000001 -0.86000001 -0.86000001 -0.86000001 -0.86000001 -0.86000001 -0.86000001 -0.86000002 -0.86000003 -0.86000008 -0.86000071 -0.86000388 -0.855985 -0.47826842 -0.38026125 -0.37990886 -0.37994732 -0.37997214 -0.37998582 -0.37999303 -0.37999667 -0.37999845 -0.37999928
-1.1706823 -1.3312819 -1.4345996 -1.4937139 -1.5251514 -1.5411082 -1.5487584 -1.5516869 -1.5509636 -1.5447145 -1.5234479 -1.4514666 -1.2508049 -1.0106321 -0.90837361 -0.87841398 -0.86889072 -0.86506662 -0.8630635 -0.86184725 -0.86108486 -0.86061616 -0.86033802 -0.86017929 -0.86009214 -0.86004605 -0.86002248 -0.86001079 -0.86000513 -0.86000244 -0.86000117 -0.86000057 -0.86000029 -0.86000015 -0.86000009 -0.86000005 -0.86000003 -0.86000002 -0.86000002 -0.86000001 -0.86000001 -0.86000001 -0.86000001 -0.86000002 -0.86000002 -0.86000003 -0.86000003 -0.86000005 -0.86000011 -0.86000051 -0.85997689 -0.85085989 -0.44673285 -0.38012555 -0.3799081 -0.37994628 -0.3799703 -0.37998406 -0.37999166 -0.37999572 -0.37999783 -0.3799989
-1.2050931 -1.3475316 -1.4397261 -1.4938056 -1.5235664 -1.5392007 -1.5468363 -1.5495094 -1.5476954 -1.5378557 -1.5037378 -1.3850653 -1.1230101 -0.94027999 -0.88710973 -0.87216693 -0.86672622 -0.86411073 -0.86257265 -0.86159032 -0.86095833 -0.86056086 -0.86031872 -0.86017611 -0.86009485 -0.86004996 -0.86002586 -0.86001322 -0.86000672 -0.86000343 -0.86000177 -0.86000093 -0.8600005 -0.86000029 -0.86000017 -0.86000011 -0.86000007 -0.86000005 -0.86000004 -0.86000003 -0.86000003 -0.86000003 -0.86000003 -0.86000003 -0.86000004 -0.86000005 -0.86000006 -0.86000009 -0.86000016 -0.86000015 -0.85991707 -0.84163555 -0.4271657 -0.38008025 -0.37990588 -0.37994335 -0.37996729 -0.37998153 -0.37998975 -0.37999438 -0.37999694 -0.37999832
-1.2332423 -1.3604207 -1.4434962 -1.4934097 -1.5217355 -1.5370464 -1.5445638 -1.5467344 -1.5431112 -1.5269026 -1.467414 -1.2749361 -1.0108891 -0.90380556 -0.87720619 -0.8689739 -0.86543103 -0.86347236 -0.86223193 -0.86141202 -0.86087263 -0.86052581 -0.86030905 -0.86017748 -0.86009983 -0.86005518 -0.8600301 -0.86001629 -0.8600088 -0.86000477 -0.86000262 -0.86000147 -0.86000085 -0.86000051 -0.86000032 -0.86000021 -0.86000014 -0.86000011 -0.86000008 -0.86000007 -0.86000006 -0.86000006 -0.86000006 -0.86000007 -0.86000008 -0.86000009 -0.86000011 -0.86000015 -0.86000023 -0.8599991 -0.85977714 -0.82629579 -0.41461052 -0.38006102 -0.37990144 -0.37993859 -0.37996303 -0.3799781 -0.37998717 -0.37999253 -0.37999564 -0.37999742
-1.2562892 -1.3706406 -1.4461644 -1.4925805 -1.5196471 -1.5346027 -1.5418453 -1.5430962 -1.5362193 -1.5073318 -1.3989993 -1.1385844 -0.94176256 -0.88631319 -0.87223143 -0.86714018 -0.86458599 -0.86302728 -0.86199071 -0.86128754 -0.86081548 -0.86050538 -0.86030672 -0.86018261 -0.86010693 -0.86006177 -0.86003534 -0.86002012 -0.86001145 -0.86000656 -0.86000381 -0.86000225 -0.86000137 -0.86000086 -0.86000056 -0.86000038 -0.86000027 -0.86000021 -0.86000017 -0.86000014 -0.86000013 -0.86000012 -0.86000012 -0.86000013 -0.86000014 -0.86000016 -0.8600002 -0.86000025 -0.86000031 -0.85999597 -0.85946793 -0.80313914 -0.40632436 -0.38005072 -0.37989457 -0.3799319 -0.37995733 -0.37997356 -0.37998371 -0.37998997 -0.37999378 -0.37999608
-1.2751774 -1.3787138 -1.447918 -1.491353 -1.5172799 -1.5318069 -1.5385165 -1.5380434 -1.5247211 -1.4697747 -1.2880908 -1.0235863 -0.90623778 -0.87766693 -0.8694774 -0.86598352 -0.86400258 -0.86270877 -0.86181837 -0.86120133 -0.86077915 -0.86049602 -0.86031029 -0.86019107 -0.86011609 -0.86006981 -0.8600417 -0.86002484 -0.86001483 -0.86000891 -0.86000543 -0.86000337 -0.86000214 -0.8600014 -0.86000095 -0.86000067 -0.86000049 -0.86000038 -0.86000031 -0.86000026 -0.86000024 -0.86000022 -0.86000022 -0.86000023 -0.86000025 -0.86000028 -0.86000033 -0.8600004 -0.86000037 -0.85998736 -0.85883311 -0.7716276 -0.40070672 -0.38004385 -0.37988512 -0.37992307 -0.37994995 -0.37996765 -0.37997913 -0.37998648 -0.37999115 -0.37999408
-1.2906636 -1.3850367 -1.4488946 -1.4897459 -1.5145976 -1.5285536 -1.5342524 -1.5303516 -1.503648 -1.4006879 -1.1549589 -0.95195886 -0.88868022 -0.87306874 -0.86780728 -0.86520262 -0.86358523 -0.86247769 -0.86169554 -0.86114332 -0.86075862 -0.86049545 -0.86031887 -0.86020259 -0.86012736 -0.86007945 -0.86004933 -0.86003061 -0.86001905 -0.86001195 -0.86000759 -0.86000491 -0.86000324 -0.8600022 -0.86000154 -0.86000112 -0.86000085 -0.86000067 -0.86000055 -0.86000047 -0.86000042 -0.8600004 -0.86000039 -0.8600004 -0.86000042 -0.86000047 -0.86000054 -0.86000063 -0.86000025 -0.85996591 -0.85762121 -0.73304884 -0.39679921 -0.38003824 -0.37987286 -0.37991181 -0.37994055 -0.37996004 -0.3799731 -0.37998176 -0.37998745 -0.37999117
-1.3033501 -1.3899117 -1.4491944 -1.4877597 -1.5115351 -1.524642 -1.5283631 -1.5173908 -1.4641105 -1.2941377 -1.0414716 -0.9136418 -0.87968787 -0.87041277 -0.86671637 -0.86465052 -0.86328041 -0.86230953 -0.86160948 -0.8611068 -0.86075055 -0.86050217 -0.86033191 -0.8602171 -0.86014083 -0.86009083 -0.86005842 -0.86003759 -0.86002429 -0.86001583 -0.86001044 -0.860007 -0.86000479 -0.86000336 -0.86000242 -0.86000181 -0.86000139 -0.86000112 -0.86000093 -0.8600008 -0.86000072 -0.86000068 -0.86000066 -0.86000067 -0.8600007 -0.86000076 -0.86000085 -0.86000095 -0.85999952 -0.8599168 -0.85546209 -0.69038488 -0.3940155 -0.38003281 -0.37985748 -0.37989771 -0.37992871 -0.37995032 -0.37996523 -0.37997541 -0.37998233 -0.37998699
-1.3137149 -1.3935695 -1.4488855 -1.4853708 -1.507967 -1.5196629 -1.519403 -1.4941218 -1.3954614 -1.1693883 -0.9671351 -0.89386215 -0.8747729 -0.86875706 -0.86596308 -0.86424854 -0.86305574 -0.86218824 -0.86155158 -0.86108721 -0.86075269 -0.86051521 -0.86034911 -0.86023457 -0.86015661 -0.86010413 -0.86006914 -0.86004598 -0.86003073 -0.86002071 -0.86001412 -0.86000977 -0.8600069 -0.86000498 -0.86000369 -0.86000281 -0.86000221 -0.86000179 -0.86000151 -0.86000131 -0.86000119 -0.86000111 -0.86000107 -0.86000107 -0.86000111 -0.86000118 -0.8600013 -0.86000136 -0.85999713 -0.85981281 -0.85185924 -0.64731533 -0.39198887 -0.38002686 -0.37983858 -0.37988029 -0.37991393 -0.37993799 -0.37995502 -0.37996698 -0.37997532 -0.37998109
-1.3221367 -1.3961845 -1.4480051 -1.4825126 -1.5036434 -1.5127856 -1.5045649 -1.4527603 -1.2954267 -1.0604955 -0.92478365 -0.88338281 -0.87188732 -0.86765747 -0.86542235 -0.86395101 -0.86289042 -0.86210292 -0.86151591 -0.86108142 -0.86076352 -0.86053394 -0.86037029 -0.86025508 -0.86017486 -0.86011954 -0.8600817 -0.86005598 -0.86003855 -0.86002677 -0.8600188 -0.86001339 -0.86000971 -0.86000719 -0.86000545 -0.86000423 -0.86000339 -0.86000279 -0.86000237 -0.86000207 -0.86000188 -0.86000175 -0.86000169 -0.86000168 -0.86000172 -0.86000181 -0.86000194 -0.86000181 -0.85999081 -0.85960761 -0.84621231 -0.60700663 -0.39048461 -0.3800198 -0.37981568 -0.37985896 -0.3798956 -0.37992245 -0.37994188 -0.37995586 -0.37996585 -0.37997291
-1.3289144 -1.3978831 -1.4465513 -1.4790388 -1.4980691 -1.5024114 -1.4790926 -1.3856402 -1.180877 -0.98481034 -0.90166164 -0.87753472 -0.87007598 -0.8668908 -0.86502439 -0.86372957 -0.8627705 -0.86204599 -0.86149826 -0.86108721 -0.86078198 -0.86055795 -0.86039539 -0.86027871 -0.86019576 -0.86013727 -0.86009632 -0.86006778 -0.86004796 -0.86003421 -0.86002467 -0.86001804 -0.8600134 -0.86001014 -0.86000784 -0.86000621 -0.86000504 -0.8600042 -0.8600036 -0.86000317 -0.86000288 -0.86000269 -0.86000258 -0.86000255 -0.86000259 -0.86000269 -0.86000283 -0.86000211 -0.85997603 -0.85922795 -0.83788184 -0.5714116 -0.3893489 -0.38001108 -0.37978821 -0.37983302 -0.37987303 -0.37990299 -0.37992513 -0.37994138 -0.37995322 -0.37996174
-1.3342809 -1.3987458 -1.4444634 -1.4746536 -1.4903069 -1.4857461 -1.4366267 -1.2930269 -1.0784732 -0.93861605 -0.8888864 -0.87407112 -0.86887216 -0.86633728 -0.86472755 -0.86356566 -0.8626863 -0.86201204 -0.86149565 -0.86110301 -0.86080735 -0.86058699 -0.86042443 -0.86030561 -0.8602195 -0.86015754 -0.86011321 -0.86008163 -0.86005919 -0.86004326 -0.86003194 -0.86002389 -0.86001814 -0.86001401 -0.86001103 -0.86000887 -0.8600073 -0.86000615 -0.86000532 -0.86000471 -0.86000429 -0.86000401 -0.86000384 -0.86000377 -0.8600038 -0.86000391 -0.86000401 -0.86000178 -0.85994446 -0.85856577 -0.82629822 -0.54124784 -0.38847861 -0.38000013 -0.3797555 -0.37980171 -0.3798454 -0.37987879 -0.37990393 -0.37992271 -0.37993661 -0.37994676
-1.3384109 -1.398799 -1.4415821 -1.4687988 -1.4787091 -1.4585878 -1.37211 -1.1890593 -1.0031972 -0.91179354 -0.88156004 -0.87189785 -0.86803496 -0.86592844 -0.8645055 -0.86344662 -0.86263091 -0.86199715 -0.86150589 -0.86112771 -0.86083914 -0.86062095 -0.86045745 -0.86033594 -0.86024629 -0.86018057 -0.86013261 -0.86009775 -0.86007246 -0.86005413 -0.86004083 -0.86003117 -0.86002413 -0.86001898 -0.86001519 -0.8600124 -0.86001033 -0.86000879 -0.86000766 -0.86000682 -0.86000623 -0.86000582 -0.86000556 -0.86000545 -0.86000545 -0.86000556 -0.86000548 -0.85999976 -0.85988186 -0.85747191 -0.81109776 -0.51636241 -0.38780296 -0.37998632 -0.37971681 -0.37976411 -0.37981178 -0.37984893 -0.37987734 -0.37989888 -0.37991505 -0.37992698
-1.3414222 -1.3979949 -1.437585 -1.460492 -1.460674 -1.4160648 -1.2873193 -1.0941935 -0.95411451 -0.89623782 -0.87715821 -0.87046245 -0.86743278 -0.86562283 -0.86434079 -0.86336351 -0.8625993 -0.86199844 -0.86152739 -0.86116051 -0.86087702 -0.86065976 -0.86049456 -0.86036987 -0.86027635 -0.86020659 -0.86015476 -0.86011639 -0.86008802 -0.86006707 -0.86005158 -0.86004011 -0.8600316 -0.86002526 -0.86002052 -0.86001696 -0.86001429 -0.86001228 -0.86001077 -0.86000965 -0.86000883 -0.86000826 -0.86000789 -0.86000769 -0.86000766 -0.86000773 -0.86000716 -0.85999397 -0.85976544 -0.85575366 -0.7922473 -0.49614814 -0.38727231 -0.37996895 -0.3796713 -0.37971925 -0.37977114 -0.37981234 -0.37984428 -0.37986882 -0.37988743 -0.37990126
-1.3433677 -1.3961758 -1.4318902 -1.4481487 -1.4327114 -1.3551664 -1.1937629 -1.0209617 -0.92381172 -0.88700016 -0.87438461 -0.86947319 -0.8669897 -0.86539401 -0.86422135 -0.86330983 -0.86258774 -0.86201375 -0.86155897 -0.86120083 -0.86092079 -0.86070343 -0.8605359 -0.8604076 -0.86030989 -0.86023584 -0.86017992 -0.8601378 -0.86010613 -0.86008233 -0.86006443 -0.86005095 -0.86004078 -0.86003308 -0.86002723 -0.86002278 -0.86001939 -0.8600168 -0.86001483 -0.86001335 -0.86001226 -0.86001147 -0.86001095 -0.86001066 -0.86001056 -0.86001052 -0.86000878 -0.85998067 -0.85956084 -0.85317829 -0.7701089 -0.47984741 -0.38685106 -0.37994725 -0.37961807 -0.37966603 -0.37972232 -0.37976783 -0.37980356 -0.37983129 -0.37985249 -0.37986831
-1.3442173 -1.3930182 -1.4235416 -1.4294945 -1.3913111 -1.2783863 -1.1069514 -0.97027489 -0.90532118 -0.8813219 -0.87255806 -0.8687685 -0.86665963 -0.86522437 -0.86413858 -0.86328081 -0.86259342 -0.86204148 -0.86159978 -0.86124827 -0.86097034 -0.86075202 -0.8605816 -0.86044932 -0.86034715 -0.86026857 -0.86020833 -0.86016225 -0.86012705 -0.86010017 -0.86007964 -0.86006394 -0.86005191 -0.86004267 -0.86003556 -0.86003007 -0.86002583 -0.86002256 -0.86002005 -0.86001812 -0.86001668 -0.86001564 -0.86001492 -0.86001449 -0.86001429 -0.86001398 -0.86000972 -0.85995355 -0.85921912 -0.84948472 -0.74541053 -0.46672264 -0.38651315 -0.37992039 -0.37955611 -0.37960325 -0.37966406 -0.37971412 -0.37975384 -0.37978492 -0.37980883 -0.3798267
-1.3438276 -1.3879624 -1.4111132 -1.4017906 -1.3349271 -1.1948816 -1.0371009 -0.93712075 -0.89389913 -0.87769767 -0.87130816 -0.86825459 -0.86641321 -0.86510171 -0.86408618 -0.86327281 -0.86261421 -0.8620804 -0.86164915 -0.86130255 -0.8610256 -0.8608056 -0.86063182 -0.86049523 -0.86038835 -0.86030502 -0.86024024 -0.86018998 -0.86015104 -0.86012087 -0.86009749 -0.86007936 -0.86006527 -0.86005431 -0.86004576 -0.86003908 -0.86003386 -0.86002979 -0.86002662 -0.86002417 -0.86002231 -0.86002094 -0.86001997 -0.86001936 -0.86001899 -0.8600181 -0.86000875 -0.85990257 -0.85867416 -0.84440382 -0.71912568 -0.45613039 -0.38623905 -0.37988744 -0.37948435 -0.37952964 -0.37959498 -0.37964977 -0.37969365 -0.37972822 -0.37975491 -0.37977484
-1.3419003 -1.3801408 -1.3927291 -1.3626572 -1.2662255 -1.1163195 -0.98615419 -0.91585148 -0.88667158 -0.87529832 -0.87042572 -0.86787455 -0.86623099 -0.86501729 -0.86405946 -0.86328308 -0.86264848 -0.86212957 -0.86170661 -0.86136348 -0.86108658 -0.86086429 -0.86068673 -0.86054555 -0.86043372 -0.86034544 -0.86027592 -0.86022128 -0.86017837 -0.86014469 -0.86011825 -0.86009747 -0.86008113 -0.86006825 -0.86005809 -0.86005006 -0.86004372 -0.86003871 -0.86003478 -0.86003171 -0.86002935 -0.86002758 -0.86002631 -0.86002547 -0.86002482 -0.86002273 -0.86000372 -0.85981272 -0.85784112 -0.83768677 -0.69230366 -0.44754069 -0.38601386 -0.3798474 -0.37940167 -0.37944383 -0.3795136 -0.37957326 -0.37962144 -0.37965957 -0.37968907 -0.37971101
-1.3379354 -1.3683468 -1.3663521 -1.3115058 -1.1923557 -1.0508654 -0.95102657 -0.90216394 -0.88196467 -0.87365642 -0.86978785 -0.86759233 -0.86609953 -0.86496471 -0.86405481 -0.86330948 -0.86269495 -0.86218828 -0.86177181 -0.86143095 -0.86115329 -0.86092819 -0.86074651 -0.86060048 -0.8604835 -0.86039007 -0.86031562 -0.86025639 -0.86020932 -0.86017192 -0.8601422 -0.86011857 -0.86009976 -0.86008477 -0.86007282 -0.86006328 -0.86005566 -0.86004959 -0.86004478 -0.86004098 -0.86003803 -0.86003579 -0.86003416 -0.860033 -0.86003187 -0.86002744 -0.85999101 -0.85966253 -0.85661642 -0.82913788 -0.66590777 -0.4405304 -0.38582594 -0.37979922 -0.37930685 -0.37934438 -0.37941838 -0.37948297 -0.3795355 -0.37957724 -0.37960951 -0.37963337
-1.3311961 -1.3511157 -1.330467 -1.2508471 -1.1220393 -1.000909 -0.92739472 -0.89321912 -0.87880774 -0.87250073 -0.86931961 -0.86738422 -0.86600931 -0.86493915 -0.86406946 -0.86335034 -0.86275262 -0.86225598 -0.86184448 -0.86150487 -0.86122579 -0.86099743 -0.86081133 -0.86066022 -0.8605379 -0.86043915 -0.86035959 -0.86029559 -0.86024415 -0.86020283 -0.86016962 -0.86014293 -0.86012146 -0.86010417 -0.86009024 -0.86007901 -0.86006997 -0.8600627 -0.86005687 -0.86005224 -0.86004861 -0.86004582 -0.86004373 -0.86004215 -0.86004018 -0.86003139 -0.85996503 -0.85942276 -0.8548798 -0.81864647 -0.64070511 -0.43476719 -0.38566599 -0.37974175 -0.37919864 -0.37922978 -0.37930765 -0.37937716 -0.37943408 -0.37947939 -0.37951435 -0.37953997
-1.3207193 -1.3270059 -1.2850517 -1.1861718 -1.0617063 -0.96479727 -0.91155934 -0.88724854 -0.87663083 -0.8716688 -0.86897355 -0.86723406 -0.86595334 -0.86493691 -0.86410123 -0.86340432 -0.86282072 -0.86233223 -0.86192443 -0.86158522 -0.86130415 -0.86107216 -0.86088137 -0.86072498 -0.86059715 -0.86049292 -0.86040809 -0.86033914 -0.86028315 -0.8602377 -0.8602008 -0.86017085 -0.86014651 -0.86012673 -0.86011064 -0.86009756 -0.86008693 -0.86007831 -0.86007135 -0.86006577 -0.86006134 -0.8600579 -0.86005527 -0.8600531 -0.86004965 -0.86003309 -0.8599175 -0.85905526 -0.85249885 -0.80621125 -0.61722192 -0.42999197 -0.38552645 -0.37967379 -0.37907574 -0.37909849 -0.37917972 -0.37925406 -0.37931532 -0.37936412 -0.37940163 -0.3794288
-1.3054178 -1.2951191 -1.2322956 -1.123965 -1.0138183 -0.9394085 -0.9008605 -0.88316995 -0.87509233 -0.87106027 -0.86871862 -0.86713046 -0.86592641 -0.86495513 -0.8641484 -0.86347039 -0.86289862 -0.86241671 -0.86201154 -0.861672 -0.86138845 -0.86115249 -0.86095679 -0.86079495 -0.86066147 -0.86055161 -0.86046135 -0.86038729 -0.86032657 -0.8602768 -0.86023603 -0.86020261 -0.86017521 -0.86015275 -0.86013432 -0.86011921 -0.86010683 -0.86009671 -0.86008848 -0.86008182 -0.8600765 -0.86007231 -0.86006901 -0.86006599 -0.86005996 -0.86003011 -0.8598367 -0.85851226 -0.84933598 -0.79195095 -0.59575333 -0.42600306 -0.38540105 -0.37959409 -0.37893682 -0.37894892 -0.37903284 -0.37911181 -0.37917729 -0.37922944 -0.3792693 -0.37929775
-1.2843199 -1.2557245 -1.1763547 -1.0692314 -0.97771657 -0.92172337 -0.89352464 -0.88031961 -0.87398249 -0.87061114 -0.86853382 -0.86706521 -0.86592451 -0.86499154 -0.86420959 -0.86354769 -0.86298583 -0.86250917 -0.86210571 -0.86176521 -0.86147877 -0.86123858 -0.86103777 -0.86087034 -0.86073106 -0.86061545 -0.86051962 -0.86044029 -0.86037467 -0.86032042 -0.86027558 -0.86023851 -0.86020786 -0.86018252 -0.86016157 -0.86014426 -0.86012997 -0.8601182 -0.86010856 -0.8601007 -0.86009436 -0.8600893 -0.86008518 -0.86008087 -0.86007045 -0.86001875 -0.85970677 -0.8577363 -0.84525764 -0.7760981 -0.57640502 -0.4226432 -0.38528445 -0.37950136 -0.37878051 -0.37877945 -0.37886519 -0.37894851 -0.37901803 -0.37907333 -0.37911528 -0.37914467
-1.2569388 -1.2106328 -1.1220263 -1.0242885 -0.95128944 -0.90937383 -0.88840502 -0.87828542 -0.8731692 -0.87027944 -0.86840452 -0.8670322 -0.86594455 -0.86504432 -0.86428369 -0.86363555 -0.86308196 -0.86260941 -0.86220688 -0.8618649 -0.86157522 -0.86133056 -0.86112447 -0.86095131 -0.86080614 -0.86068465 -0.86058313 -0.8604984 -0.86042773 -0.86036882 -0.86031973 -0.86027883 -0.86024474 -0.86021635 -0.8601927 -0.86017301 -0.86015665 -0.86014308 -0.86013188 -0.86012269 -0.86011522 -0.86010916 -0.86010398 -0.86009767 -0.86007997 -0.85999362 -0.85950702 -0.8566609 -0.84014492 -0.75897659 -0.55914558 -0.41978923 -0.38517206 -0.37939427 -0.37860544 -0.37858848 -0.37867499 -0.37876223 -0.37883554 -0.37889373 -0.37893746 -0.37896741
