Interpolating SPI Data/spi_stations/interpolated_spi/7-19_3.tif
NCOLS 257
NROWS 141
XLLCORNER -178.27925
YLLCORNER 5.3153543
DX 0.49934803
DY 0.49997533
NODATA_VALUE -9999
[rows 112 to 139 of 141, columns 189 to 251 of 257]
-0.45 -0.45 -0.45 -0.45 -0.45 -0.45 -0.45 -0.45 -0.45 -0.44999997 -0.44999981 -0.44999857 -0.44999032 -0.44994242 -0.44970782 -0.44875095 -0.44551872 -0.43652305 -0.41614697 -0.37935242 -0.32729602 -0.26921763 -0.21602941 -0.17355084 -0.14218186 -0.11981494 -0.10399784 -0.092742091 -0.08462668 -0.078684052 -0.07426446 -0.070930231 -0.068383127 -0.06641671 -0.064885558 -0.063685354 -0.062739897 -0.061992526 -0.061400383 -0.060930509 -0.060557165 -0.060259957 -0.060022531 -0.059831656 -0.059676609 -0.059548796 -0.059441549 -0.059349986 -0.059270342 -0.059196114 -0.059099324 -0.058848528 -0.057876253 -0.053923524 -0.038750412 0.013466766 0.15696425 0.40788768 0.63771626 0.75676118 0.80285403 0.81963846 0.82514705
-0.45 -0.45 -0.45 -0.45 -0.45 -0.45 -0.45 -0.45 -0.44999999 -0.44999994 -0.44999966 -0.44999814 -0.44999016 -0.44995239 -0.44979455 -0.44922126 -0.44742596 -0.44260149 -0.43154702 -0.41018952 -0.37588354 -0.33044228 -0.28036722 -0.2330952 -0.19323651 -0.16194308 -0.13829483 -0.12069851 -0.10762565 -0.0978529 -0.090473402 -0.084836453 -0.080480043 -0.077075723 -0.074388203 -0.072247039 -0.070527153 -0.069135484 -0.068001819 -0.067072445 -0.066305707 -0.065668888 -0.065135977 -0.064686078 -0.064302275 -0.063970833 -0.06368066 -0.063422944 -0.063190778 -0.062977959 -0.062773534 -0.062538094 -0.062107621 -0.060827816 -0.056253652 -0.039963987 0.013013524 0.15266493 0.3944494 0.623713 0.74986695 0.80119873 0.81936195
-0.44999999 -0.45 -0.45 -0.45 -0.45 -0.45 -0.45 -0.44999999 -0.44999997 -0.44999986 -0.44999942 -0.44999744 -0.44998904 -0.44995575 -0.44983534 -0.44944429 -0.44831453 -0.44542686 -0.43892805 -0.42613437 -0.40430314 -0.37229729 -0.33208879 -0.28839457 -0.24640175 -0.20963052 -0.17939591 -0.1554554 -0.13685721 -0.12250465 -0.11141611 -0.10280119 -0.096054684 -0.090723777 -0.086472487 -0.083051481 -0.080274777 -0.078002537 -0.0761286 -0.074571521 -0.073268137 -0.072168926 -0.071234655 -0.070433923 -0.069741385 -0.069136437 -0.06860228 -0.06812524 -0.067694265 -0.067300279 -0.066934343 -0.066580237 -0.066184842 -0.065545814 -0.063908988 -0.058614979 -0.040988654 0.013338648 0.1506686 0.38475858 0.61203852 0.74316196 0.79823818
-0.44999997 -0.44999999 -0.44999999 -0.44999999 -0.44999999 -0.44999999 -0.44999999 -0.44999997 -0.44999991 -0.44999971 -0.44999899 -0.44999637 -0.44998703 -0.44995526 -0.44985429 -0.44955896 -0.44877137 -0.44686845 -0.4427218 -0.43461057 -0.42045316 -0.39855317 -0.36867884 -0.33271833 -0.29417299 -0.25674404 -0.22308898 -0.19443684 -0.17089112 -0.15193166 -0.13681134 -0.12478175 -0.11519009 -0.10750424 -0.10130525 -0.096268902 -0.092145951 -0.088744892 -0.085918083 -0.083551037 -0.081554338 -0.079857583 -0.078404879 -0.077151473 -0.076061242 -0.07510482 -0.074258192 -0.073501658 -0.072819058 -0.072197113 -0.071624508 -0.071089234 -0.070568766 -0.069993443 -0.069115708 -0.067066655 -0.060942786 -0.041751427 0.014451313 0.15067659 0.37825808 0.60234377 0.73620754
-0.44999993 -0.44999996 -0.44999997 -0.44999998 -0.44999998 -0.44999998 -0.44999996 -0.44999992 -0.44999979 -0.44999943 -0.4499983 -0.4499948 -0.44998403 -0.44995195 -0.44986108 -0.44961956 -0.44902304 -0.44766274 -0.44481208 -0.43934439 -0.42978794 -0.41464317 -0.39298149 -0.36508116 -0.3326418 -0.2983087 -0.26477836 -0.23405777 -0.20720687 -0.1844826 -0.16563542 -0.15017719 -0.1375579 -0.12725908 -0.11883201 -0.11190582 -0.10618153 -0.10142125 -0.097436786 -0.094079329 -0.091230995 -0.088797988 -0.08670528 -0.084892484 -0.083310689 -0.081920023 -0.080687797 -0.079587083 -0.078595633 -0.077695033 -0.076869913 -0.076106685 -0.075389883 -0.074689385 -0.073915529 -0.072767485 -0.070244917 -0.063169497 -0.042176797 0.016373504 0.15245636 0.37444043 0.5942162
-0.44999984 -0.4499999 -0.44999993 -0.44999994 -0.44999994 -0.44999993 -0.44999989 -0.44999979 -0.44999955 -0.44999891 -0.4499972 -0.44999253 -0.44997985 -0.44994615 -0.4498599 -0.44964978 -0.4491668 -0.44812623 -0.4460349 -0.44212903 -0.43537476 -0.42460174 -0.40881327 -0.38761201 -0.36153649 -0.33206507 -0.30122483 -0.27101689 -0.24296587 -0.21795222 -0.19628288 -0.17786888 -0.16240322 -0.14949229 -0.13873556 -0.12976605 -0.12226606 -0.11596935 -0.110657 -0.10615077 -0.10230622 -0.099006455 -0.096156724 -0.093679987 -0.091513362 -0.089605288 -0.087913287 -0.086402206 -0.085042847 -0.083810895 -0.082686026 -0.081650986 -0.0806899 -0.07978336 -0.078892032 -0.077902106 -0.076450155 -0.073386025 -0.065225421 -0.04218758 0.019136067 0.15582446 0.37284649
-0.44999965 -0.44999977 -0.44999983 -0.44999985 -0.44999985 -0.44999982 -0.44999973 -0.44999953 -0.44999909 -0.44999804 -0.4499955 -0.44998931 -0.44997419 -0.44993781 -0.44985267 -0.44966085 -0.44924829 -0.44840648 -0.44678464 -0.44384532 -0.43885068 -0.43091842 -0.41918127 -0.4030436 -0.38245536 -0.35806333 -0.33112774 -0.3032203 -0.27585038 -0.2501858 -0.22694494 -0.20643324 -0.18865182 -0.1734156 -0.16044832 -0.14944644 -0.14011621 -0.132192 -0.12544292 -0.11967301 -0.11471834 -0.11044288 -0.10673419 -0.10349945 -0.10066197 -0.098158233 -0.095935525 -0.093949926 -0.092164733 -0.090549195 -0.089077474 -0.087727743 -0.086481097 -0.085319334 -0.084218465 -0.083127944 -0.081904876 -0.080112609 -0.07643121 -0.067039459 -0.04170565 0.022775636 0.16063186
-0.4499993 -0.4499995 -0.44999961 -0.44999965 -0.44999964 -0.44999957 -0.4499994 -0.44999903 -0.44999826 -0.4499966 -0.44999295 -0.44998482 -0.4499667 -0.44992669 -0.44984014 -0.44965838 -0.44929055 -0.44857746 -0.44725927 -0.44494417 -0.4410931 -0.43504266 -0.42608853 -0.41363607 -0.39738988 -0.37751271 -0.35467101 -0.3299262 -0.30450922 -0.27957487 -0.25602587 -0.23444386 -0.21510959 -0.19807125 -0.18322343 -0.17037515 -0.15929925 -0.14976405 -0.14155123 -0.13446439 -0.12833182 -0.12300615 -0.11836223 -0.11429456 -0.11071445 -0.10754745 -0.10473106 -0.1022127 -0.099948118 -0.097899937 -0.096036559 -0.094331186 -0.092760897 -0.091305361 -0.08994393 -0.088647176 -0.087350875 -0.085877233 -0.083704401 -0.079321324 -0.068539649 -0.040652475 0.027332022
-0.44999868 -0.44999901 -0.44999918 -0.44999925 -0.44999922 -0.44999908 -0.44999876 -0.44999812 -0.44999686 -0.44999433 -0.44998921 -0.44997867 -0.44995693 -0.44991239 -0.4498225 -0.44964523 -0.44930585 -0.44867856 -0.44756407 -0.4456674 -0.44258474 -0.43781211 -0.43079026 -0.42099346 -0.40805383 -0.39188825 -0.37277867 -0.35136273 -0.32852802 -0.3052472 -0.2824149 -0.2607354 -0.24067857 -0.22249214 -0.20624592 -0.19188534 -0.17928004 -0.16826138 -0.15864832 -0.15026349 -0.14294212 -0.13653614 -0.13091527 -0.12596656 -0.12159288 -0.11771118 -0.11425069 -0.11115114 -0.10836125 -0.10583732 -0.1035421 -0.10144381 -0.099515204 -0.097732641 -0.096074529 -0.094517524 -0.093025624 -0.091517899 -0.089774897 -0.087176248 -0.081997237 -0.069653485 -0.038949471
-0.4499976 -0.44999811 -0.44999839 -0.44999849 -0.44999843 -0.44999817 -0.44999761 -0.44999655 -0.44999458 -0.44999089 -0.44998386 -0.44997036 -0.44994434 -0.44989438 -0.44979956 -0.44962277 -0.44930096 -0.44873182 -0.44775789 -0.4461507 -0.44360029 -0.43971788 -0.43406075 -0.42618572 -0.41572952 -0.40250132 -0.38655977 -0.36824358 -0.34813759 -0.32698114 -0.30554892 -0.28454172 -0.26451392 -0.24584545 -0.22874996 -0.21330441 -0.19948586 -0.18720641 -0.17634142 -0.16675014 -0.15828956 -0.15082271 -0.14422332 -0.13837776 -0.13318544 -0.12855834 -0.12441994 -0.12070406 -0.1173536 -0.11431937 -0.11155902 -0.10903608 -0.1067191 -0.10458087 -0.10259733 -0.10074569 -0.09899948 -0.097314628 -0.095589844 -0.093556234 -0.090480242 -0.084399981 -0.070307989
-0.44999584 -0.4499966 -0.44999702 -0.44999715 -0.44999702 -0.44999657 -0.44999566 -0.449994 -0.44999105 -0.4499858 -0.44997638 -0.44995931 -0.44992829 -0.44987203 -0.44977088 -0.44959154 -0.44927966 -0.44875005 -0.44787511 -0.44647343 -0.44430166 -0.44105478 -0.4363803 -0.42991136 -0.42131907 -0.41037758 -0.39702702 -0.38141432 -0.36389514 -0.34499206 -0.32531988 -0.30550005 -0.28608695 -0.26752066 -0.25010921 -0.23403449 -0.21937265 -0.20611991 -0.19421775 -0.18357423 -0.17408015 -0.16562063 -0.15808252 -0.15135894 -0.14535169 -0.13997218 -0.13514155 -0.13079018 -0.12685701 -0.12328869 -0.12003872 -0.11706664 -0.11433727 -0.11181997 -0.10948789 -0.10731676 -0.10528251 -0.10335489 -0.10147985 -0.099531383 -0.097182279 -0.09356982 -0.086470662
-0.44999306 -0.44999415 -0.44999474 -0.44999492 -0.44999467 -0.44999394 -0.44999251 -0.44999001 -0.44998575 -0.44997852 -0.44996614 -0.44994484 -0.44990805 -0.4498446 -0.44973585 -0.44955154 -0.449244 -0.44874086 -0.44793651 -0.44668373 -0.44478754 -0.44200456 -0.43805141 -0.43262583 -0.42544124 -0.4162722 -0.40500257 -0.39166422 -0.37645376 -0.35971964 -0.34192102 -0.32356899 -0.30516538 -0.28715263 -0.26988286 -0.25360668 -0.23847784 -0.22456763 -0.21188338 -0.20038676 -0.19000991 -0.18066812 -0.17226918 -0.16471991 -0.15793032 -0.15181607 -0.14629973 -0.14131126 -0.13678796 -0.13267408 -0.12892032 -0.12548326 -0.12232469 -0.11941109 -0.11671295 -0.11420401 -0.11185991 -0.10965506 -0.10755443 -0.10549167 -0.10331086 -0.10061652 -0.096399498
-0.44998883 -0.44999034 -0.44999114 -0.44999135 -0.44999093 -0.44998978 -0.44998764 -0.44998402 -0.44997807 -0.44996834 -0.4499524 -0.44992614 -0.44988279 -0.44981123 -0.44969372 -0.44950242 -0.44919496 -0.44870883 -0.447955 -0.44681174 -0.44511997 -0.44268232 -0.43926844 -0.43462872 -0.42851772 -0.42072595 -0.41111587 -0.39965448 -0.38643414 -0.37167439 -0.35570282 -0.33891844 -0.32174646 -0.30459455 -0.28781867 -0.27170259 -0.25645105 -0.24219352 -0.22899467 -0.21686778 -0.20578831 -0.19570609 -0.18655522 -0.17826166 -0.17074874 -0.16394087 -0.15776591 -0.15215656 -0.14705103 -0.14239324 -0.13813273 -0.13422434 -0.13062788 -0.12730766 -0.12423202 -0.12137281 -0.11870449 -0.11620253 -0.11383939 -0.11157402 -0.10932478 -0.10689992 -0.1038245
-0.4499826 -0.44998461 -0.44998568 -0.44998588 -0.44998521 -0.4499835 -0.4499804 -0.44997532 -0.44996723 -0.44995446 -0.44993428 -0.44990231 -0.44985155 -0.44977099 -0.44964359 -0.44944358 -0.44913285 -0.44865663 -0.44793873 -0.44687682 -0.445339 -0.44316284 -0.44015889 -0.43611988 -0.43083693 -0.4241221 -0.41583495 -0.4059087 -0.39437028 -0.38134873 -0.36706884 -0.35183049 -0.33597792 -0.31986541 -0.30382602 -0.28814819 -0.27306217 -0.25873594 -0.24527833 -0.23274686 -0.22115758 -0.21049529 -0.20072276 -0.19178854 -0.18363303 -0.17619309 -0.16940527 -0.16320802 -0.15754303 -0.15235604 -0.14759717 -0.14322101 -0.13918651 -0.13545675 -0.13199863 -0.1287825 -0.12578162 -0.12297121 -0.12032639 -0.11781695 -0.1153942 -0.1129577 -0.11027295
-0.44997369 -0.4499763 -0.44997765 -0.44997783 -0.44997679 -0.44997432 -0.44996999 -0.44996306 -0.44995234 -0.44993592 -0.4499108 -0.44987232 -0.4498133 -0.44972281 -0.44958448 -0.44937424 -0.44905751 -0.44858576 -0.44789288 -0.44689166 -0.44547112 -0.44349583 -0.44080815 -0.43723475 -0.43259801 -0.42673221 -0.41950327 -0.41082918 -0.40069753 -0.38917602 -0.37641306 -0.36262745 -0.34808889 -0.33309299 -0.31793549 -0.30288994 -0.28819159 -0.27402845 -0.26053891 -0.24781445 -0.23590555 -0.22482913 -0.21457621 -0.20511906 -0.19641729 -0.18842274 -0.18108332 -0.17434573 -0.16815748 -0.16246816 -0.15723025 -0.15239956 -0.14793544 -0.14380074 -0.13996175 -0.13638795 -0.13305171 -0.12992773 -0.12699188 -0.12421852 -0.12157387 -0.11899952 -0.11637208
-0.44996126 -0.44996457 -0.44996623 -0.44996633 -0.44996479 -0.44996134 -0.44995545 -0.44994625 -0.44993236 -0.44991164 -0.44988083 -0.44983502 -0.44976688 -0.44966555 -0.44951527 -0.44929347 -0.44896847 -0.44849688 -0.44782069 -0.44686464 -0.4455342 -0.44371502 -0.44127455 -0.4380667 -0.43394004 -0.42874971 -0.42237203 -0.41472047 -0.40576018 -0.39551853 -0.38408899 -0.37162718 -0.35833932 -0.34446501 -0.33025738 -0.31596386 -0.30181022 -0.2879895 -0.27465608 -0.26192446 -0.2498716 -0.23854142 -0.22795054 -0.2180941 -0.20895133 -0.20049033 -0.19267199 -0.18545318 -0.17878908 -0.1726349 -0.16694707 -0.16168406 -0.15680681 -0.15227905 -0.1480673 -0.1441409 -0.14047185 -0.13703446 -0.13380476 -0.13075905 -0.12787039 -0.1251002 -0.12237784
-0.44994436 -0.44994846 -0.44995044 -0.44995038 -0.44994818 -0.44994349 -0.44993569 -0.44992375 -0.44990611 -0.4498804 -0.44984314 -0.44978917 -0.44971103 -0.44959797 -0.44943478 -0.44920018 -0.44886502 -0.44839013 -0.44772413 -0.44680136 -0.44554043 -0.44384372 -0.44159866 -0.43868112 -0.4349615 -0.43031352 -0.42462531 -0.4178117 -0.40982612 -0.40067012 -0.39039863 -0.37911959 -0.36698767 -0.35419303 -0.34094672 -0.32746515 -0.31395586 -0.30060604 -0.28757496 -0.27499007 -0.26294649 -0.251509 -0.24071565 -0.23058207 -0.22110612 -0.2122721 -0.20405463 -0.1964218 -0.18933775 -0.18276466 -0.17666427 -0.17099893 -0.16573235 -0.16083006 -0.15625976 -0.15199137 -0.14799709 -0.14425126 -0.14073004 -0.1374106 -0.13426928 -0.13127711 -0.12838917
-0.44992188 -0.44992683 -0.44992913 -0.44992883 -0.44992578 -0.44991956 -0.44990945 -0.44989427 -0.44987227 -0.44984088 -0.44979637 -0.44973341 -0.44964441 -0.44951876 -0.44934173 -0.44909323 -0.44874626 -0.44826524 -0.44760425 -0.44670553 -0.44549825 -0.44389829 -0.44180915 -0.43912454 -0.43573299 -0.43152446 -0.42639878 -0.42027523 -0.41310213 -0.4048651 -0.39559252 -0.3853571 -0.37427301 -0.3624888 -0.35017714 -0.33752283 -0.32471079 -0.31191554 -0.29929297 -0.28697514 -0.27506778 -0.26365022 -0.25277708 -0.24248116 -0.23277684 -0.22366364 -0.21512963 -0.20715445 -0.19971187 -0.19277197 -0.18630273 -0.18027139 -0.17464536 -0.16939294 -0.16448375 -0.15988901 -0.15558178 -0.15153686 -0.14773079 -0.14414133 -0.14074655 -0.13752232 -0.13443666
-0.44989256 -0.44989843 -0.44990102 -0.44990036 -0.44989625 -0.44988819 -0.44987534 -0.4498564 -0.44982941 -0.44979162 -0.44973908 -0.44966629 -0.44956559 -0.4494265 -0.44923478 -0.44897137 -0.44861117 -0.44812166 -0.44746154 -0.44657952 -0.4454135 -0.44389031 -0.44192654 -0.43943052 -0.43630584 -0.43245644 -0.42779315 -0.42224109 -0.41574749 -0.40828857 -0.39987479 -0.39055325 -0.38040694 -0.36955053 -0.35812336 -0.34628051 -0.33418313 -0.32198926 -0.30984603 -0.29788379 -0.28621257 -0.27492045 -0.26407383 -0.25371887 -0.24388376 -0.23458147 -0.22581255 -0.21756783 -0.20983083 -0.20257986 -0.1957898 -0.18943345 -0.18348269 -0.17790927 -0.17268545 -0.16778444 -0.16318066 -0.15884994 -0.15476948 -0.15091774 -0.1472739 -0.1438165 -0.14052032
-0.44985501 -0.44986185 -0.44986468 -0.44986352 -0.44985811 -0.44984788 -0.44983186 -0.44980859 -0.44977598 -0.44973107 -0.44966972 -0.44958629 -0.44947308 -0.44931974 -0.4491125 -0.44883327 -0.44845861 -0.44795865 -0.44729599 -0.44642482 -0.44529022 -0.44382808 -0.44196574 -0.43962358 -0.43671778 -0.43316428 -0.42888383 -0.42380793 -0.41788499 -0.41108618 -0.40341009 -0.39488547 -0.38557165 -0.37555627 -0.36495067 -0.35388337 -0.34249255 -0.33091839 -0.31929601 -0.30774978 -0.29638913 -0.28530609 -0.27457438 -0.26424977 -0.25437129 -0.24496316 -0.23603694 -0.22759373 -0.2196264 -0.2121215 -0.20506097 -0.19842358 -0.19218616 -0.18632446 -0.18081395 -0.17563034 -0.17074997 -0.1661501 -0.16180901 -0.15770607 -0.15382141 -0.15013528 -0.14662626
-0.44980772 -0.44981555 -0.44981856 -0.44981675 -0.44980978 -0.449797 -0.44977734 -0.44974921 -0.44971033 -0.44965758 -0.44958665 -0.4494918 -0.44936529 -0.44919695 -0.44897345 -0.44867757 -0.44828737 -0.4477753 -0.44710732 -0.44624224 -0.44513117 -0.44371755 -0.44193764 -0.43972186 -0.43699692 -0.43368902 -0.42972779 -0.42505101 -0.41960961 -0.41337248 -0.40633054 -0.39849957 -0.38992112 -0.38066163 -0.37080939 -0.36046997 -0.34976048 -0.33880336 -0.3277203 -0.31662698 -0.30562878 -0.2948179 -0.28427163 -0.27405191 -0.2642057 -0.2547661 -0.24575387 -0.2371792 -0.22904349 -0.22134109 -0.21406091 -0.2071878 -0.20070375 -0.19458889 -0.18882227 -0.18338252 -0.17824832 -0.17339876 -0.16881357 -0.16447326 -0.16035902 -0.15645242 -0.1527344
-0.44974906 -0.44975788 -0.44976099 -0.44975834 -0.44974953 -0.44973384 -0.44971008 -0.44967651 -0.44963073 -0.44956943 -0.4494882 -0.44938116 -0.44924063 -0.44905657 -0.44881611 -0.44850285 -0.44809618 -0.4475706 -0.44689499 -0.4460321 -0.44493818 -0.44356299 -0.44185028 -0.43973886 -0.43716436 -0.43406173 -0.43036844 -0.42602824 -0.42099519 -0.41523769 -0.40874196 -0.40151463 -0.39358408 -0.38500023 -0.37583271 -0.36616772 -0.35610368 -0.34574635 -0.33520374 -0.32458145 -0.31397858 -0.30348469 -0.29317769 -0.28312276 -0.27337211 -0.26396541 -0.25493076 -0.24628595 -0.2380399 -0.23019409 -0.22274398 -0.21568035 -0.20899037 -0.20265867 -0.19666815 -0.19100063 -0.18563744 -0.18055983 -0.17574927 -0.17118768 -0.16685747 -0.16274144 -0.15882222
-0.44967731 -0.4496871 -0.4496902 -0.44968651 -0.44967558 -0.44965659 -0.44962824 -0.44958868 -0.44953536 -0.44946485 -0.4493726 -0.44925268 -0.44909743 -0.44889702 -0.44863897 -0.44830767 -0.44788373 -0.44734346 -0.44665829 -0.4457944 -0.44471241 -0.44336745 -0.44170961 -0.43968477 -0.43723613 -0.43430613 -0.43083915 -0.42678443 -0.42209944 -0.41675317 -0.41072912 -0.40402763 -0.39666735 -0.38868544 -0.38013661 -0.3710909 -0.36163058 -0.35184627 -0.34183283 -0.3316853 -0.32149522 -0.31134767 -0.30131891 -0.29147503 -0.28187114 -0.2725514 -0.26354943 -0.25488911 -0.24658569 -0.2386469 -0.23107419 -0.22386387 -0.21700815 -0.21049613 -0.2043146 -0.19844874 -0.19288275 -0.18760026 -0.18258473 -0.1778197 -0.17328898 -0.16897663 -0.16486673
-0.44959067 -0.44960139 -0.44960434 -0.44959939 -0.44958604 -0.44956335 -0.44952995 -0.44948386 -0.4494224 -0.44934202 -0.44923809 -0.44910463 -0.44893404 -0.44871667 -0.44844049 -0.44809057 -0.44764868 -0.44709272 -0.44639641 -0.44552888 -0.44445452 -0.44313309 -0.44152004 -0.4395673 -0.43722448 -0.43444052 -0.43116579 -0.42735457 -0.42296774 -0.41797554 -0.41236009 -0.40611751 -0.39925928 -0.39181279 -0.38382084 -0.37534024 -0.36643947 -0.35719576 -0.34769176 -0.33801215 -0.32824035 -0.31845578 -0.30873152 -0.29913273 -0.28971558 -0.28052686 -0.27160402 -0.2629756 -0.25466195 -0.24667612 -0.23902479 -0.2317093 -0.22472657 -0.21806997 -0.21173016 -0.20569571 -0.19995376 -0.19449048 -0.18929147 -0.1843421 -0.17962771 -0.17513371 -0.17084555
-0.44948727 -0.44949884 -0.4495015 -0.44949507 -0.44947898 -0.44945221 -0.44941329 -0.44936013 -0.44928996 -0.4491991 -0.44908287 -0.44893527 -0.44874876 -0.44851391 -0.44821911 -0.4478501 -0.44738967 -0.44681722 -0.44610844 -0.44523508 -0.44416483 -0.4428614 -0.44128486 -0.43939231 -0.43713889 -0.4344791 -0.43136859 -0.42776617 -0.42363601 -0.41894997 -0.41368972 -0.40784857 -0.40143281 -0.39446236 -0.3869706 -0.3790035 -0.37061798 -0.3618796 -0.35286 -0.34363403 -0.33427697 -0.32486197 -0.31545794 -0.30612779 -0.29692728 -0.28790432 -0.27909873 -0.27054235 -0.26225949 -0.2542675 -0.24657753 -0.23919534 -0.2321221 -0.22535521 -0.21888896 -0.21271528 -0.20682424 -0.20120459 -0.19584421 -0.19073037 -0.18585008 -0.18119022 -0.17673757
-0.44936519 -0.44937753 -0.44937974 -0.44937159 -0.44935243 -0.4493212 -0.44927631 -0.44921558 -0.44913614 -0.44903424 -0.44890514 -0.44874285 -0.44853992 -0.44828715 -0.44797331 -0.44758481 -0.44710538 -0.44651575 -0.44579342 -0.44491244 -0.44384336 -0.44255335 -0.44100647 -0.43916429 -0.43698667 -0.43443297 -0.43146346 -0.42804099 -0.42413286 -0.4197127 -0.41476233 -0.40927331 -0.40324818 -0.39670115 -0.38965821 -0.38215652 -0.37424331 -0.36597416 -0.35741091 -0.34861939 -0.33966698 -0.33062046 -0.32154392 -0.31249718 -0.30353448 -0.29470365 -0.28604566 -0.27759448 -0.26937729 -0.26141478 -0.25372178 -0.24630783 -0.23917785 -0.23233286 -0.22577057 -0.21948605 -0.21347226 -0.20772052 -0.20222097 -0.1969629 -0.19193504 -0.1871258 -0.18252335
-0.44922251 -0.4492355 -0.44923708 -0.44922696 -0.44920443 -0.44916835 -0.44911705 -0.44904828 -0.44895906 -0.44884561 -0.44870312 -0.44852566 -0.44830586 -0.44803478 -0.44770157 -0.44729326 -0.44679446 -0.44618713 -0.44545036 -0.44456028 -0.44348996 -0.44220957 -0.44068667 -0.43888666 -0.43677355 -0.43431089 -0.43146302 -0.4281964 -0.42448121 -0.42029295 -0.41561393 -0.41043472 -0.40475518 -0.39858522 -0.39194495 -0.38486445 -0.37738291 -0.36954738 -0.36141116 -0.35303188 -0.34446957 -0.33578468 -0.32703631 -0.3182806 -0.30956951 -0.30094989 -0.29246287 -0.28414354 -0.27602099 -0.26811841 -0.26045352 -0.25303897 -0.2458829 -0.23898952 -0.23235966 -0.22599131 -0.21988015 -0.21401998 -0.20840319 -0.20302108 -0.19786415 -0.19292237 -0.18818534
-0.44905727 -0.44907079 -0.44907155 -0.44905921 -0.449033 -0.4489917 -0.44893359 -0.44885632 -0.44875686 -0.44863137 -0.44847505 -0.44828199 -0.44804497 -0.44775526 -0.44740242 -0.44697406 -0.44645561 -0.44583016 -0.44507827 -0.44417788 -0.44310431 -0.4418304 -0.44032673 -0.43856207 -0.43650402 -0.43411982 -0.43137734 -0.42824631 -0.42469957 -0.4207144 -0.4162739 -0.41136813 -0.4059951 -0.40016143 -0.39388268 -0.38718315 -0.3800954 -0.37265926 -0.36492061 -0.35692982 -0.34874014 -0.340406 -0.33198146 -0.32351873 -0.315067 -0.30667146 -0.29837263 -0.29020592 -0.28220152 -0.27438433 -0.26677424 -0.25938639 -0.2522316 -0.24531685 -0.23864567 -0.23221874 -0.22603424 -0.22008834 -0.2143756 -0.20888926 -0.20362161 -0.1985642 -0.19370805
