Interpolating SPI Data/spi_stations/interpolated_spi/7-19_2.tif
NCOLS 257
NROWS 141
XLLCORNER -178.27925
YLLCORNER 5.3153543
DX 0.49934803
DY 0.49997533
NODATA_VALUE -9999
[rows 56 to 83 of 141, columns 189 to 251 of 257]
0.2 0.16546615 0.58684225 -0.89986195 -0.9 0.065865036 0.050138041 0.05 0.05 0.064021772 0.069999999 0.05 0.05 0.05 0.049999997 0.0099999973 -0.56 -0.56 -0.56 -0.56 -1.351968 -1.88 -1.88 -1.88 -0.56 -0.56 -0.64 -1.67 -1.2 -1.2 -0.71 -0.71 -0.71 -0.99970827 -1 -1 -2.23 -0.25000604 -0.25 0.018454689 0.04 0.040000002 0.20000001 0.2 0.2 0.2 1.1899998 0.1270424 0.1 0.1 0.1 0.03 0.03 0.03 0.9163477 0.82 0.82 0.82 0.82000002 1.1 1.0999924 0.40056252 0.98
0.2 -0.91949005 0.5898704 0.59 0.49603446 0.15 0.15 0.050011191 -0.73376649 -1.13 -1.13 -1.1258457 0.053092352 0.39999858 0.010000014 0.01 0.01 -0.5602374 -1.34 -1.34 -1.34 -1.88 -1.88 -1.2584172 -1.24 -0.44 -0.31 -1.67 -1.67 -1.2001178 -0.71 -0.71 -0.36 -0.36 -1.09 -1.09 -0.94 -0.94 0.68771936 0.04 0.04 0.39000015 1.49 0.20000152 0.2 0.2 1.19 1.19 0.10015918 0.1 0.1 0.03 0.03 0.03 0.030000081 0.82 0.82 0.82 0.82 0.82001896 0.40035842 0.40000011 0.4
0.2 -0.92 -0.91792053 0.59 0.58999999 0.15 0.15 0.14999999 0.04 -1.13 -1.13 -0.019773169 0.4 0.4 0.01000001 0.01 0.01 -0.64999311 -0.65 -1.34 -1.34 0.42 0.42 -0.7 -1.2399995 -0.29000168 -0.27 -0.27000593 -0.56000112 -0.56 -0.58847855 -0.36 -0.36 -0.35999999 -0.098202197 -1.09 -1.09 0.69 0.69 -0.19 -0.19 0.39 1.49 1.63 1.63 1.2139716 1.19 1.19 1.62 1.62 0.10059808 0.03 0.03 0.03 0.80288814 0.82 0.82 0.82 0.82 0.82 0.40037796 0.40001999 0.40001429
0.19999857 -0.92 -0.92 0.59 0.45 0.45 0.15 -0.67976797 0.04 0.04 -0.89000001 -0.89 0.4 0.0084472007 -0.019999515 0.01 -0.09 -0.090003325 -0.65 -0.65 -0.73 -0.73 -0.73982534 -0.7 -0.2000006 -0.2 -0.27 -0.27 -0.56 -0.56 -0.56 -0.36 -0.36 0.01 -0.08 -0.19999569 -0.26 -0.25964465 0.69 1.36 -0.18999986 0.53 1.65 1.63 1.5000018 1.17 1.74 1.62 1.62 1.62 1.62 0.030019871 0.03 0.030000001 0.81999968 0.82 0.82 0.82 0.82 0.82 0.40126918 0.40041897 0.40045794
0.66289391 -0.92 -0.92 -0.91999992 1.51 0.45002305 -0.68 -0.68 -0.68000258 -0.88 -0.89 -0.89 -0.033871098 -0.02 -0.59 -0.1 -0.21 -0.6 -0.60000271 -0.39 -0.99 -0.75999662 -0.74 0.25999907 0.26 -0.2 -0.26999999 -0.27482567 -0.56 -0.56 -0.56 0.61999996 0.62 0.62 -0.19995107 0.65 -0.26 0.32 0.32 1.3600032 1.77 1.7699664 1.65 1.62 1.5 1.17 1.5010125 1.7358272 1.62 1.62 1.62 1.6198053 0.030000123 0.030597796 0.81999999 0.82 0.82 0.82 0.82 0.82 0.53807355 0.40234271 0.40265664
0.67 -0.92 -0.92 1.51 1.51 -0.08 -0.32142392 -0.68 -0.88 -0.88 -0.62 -0.8 -0.8 -0.59 -0.59 0.09 -1.52 -0.6 0.09 -0.39000105 -0.86 -0.7604555 -0.83 0.26 0.26 0.25999998 0.14097977 0.76 0.76 0.76 0.76 0.62 0.62 0.62 0.78 0.78 0.98 1.07 1.04 1.13 0.63 1.54 1.5017746 0.9 1.597954 1.37 1.37 1.3700001 1.6200008 1.62 1.62 1.62 0.3224578 0.4393956 0.81999999 0.82 0.82 0.82 0.82 0.82 0.81198978 0.40684604 0.4076422
0.67 0.89 0.63004621 0.63 0.63 -0.08 -0.39 -1.33 -0.31597407 -0.72 -0.60597652 -0.45 -0.8597959 -0.55 -0.37 -0.03 -0.79 -0.35 0.08999973 0.070000553 0.07 -0.077703686 0.41 0.41 0.22 0.22 0.22 1.0099891 0.76000268 0.76 0.76 0.63476594 0.62000006 0.66 0.66 1.24 0.98 0.98 1.0624982 0.42 0.16 0.30334841 0.9 0.9 0.9 1.37 1.37 1.37 1.3701547 1.6199047 1.6200001 1.6200001 1.6187748 0.80330161 0.81999996 0.82 0.82 0.82 0.82 0.82 0.8191116 0.41425208 0.41538643
0.89 0.89 0.88998429 0.15030156 0.63 -0.58 -0.71 -2.1099998 -1.54 -0.13 -1.33 0.06 -0.86 -0.50233408 -0.88 -0.42666251 -0.7898431 0.46999998 0.47 0.070000026 0.07 0.23 0.41 0.41 0.22 0.22 0.22 1.01 1.01 1.01 1.0099999 0.96035487 0.65999964 0.66000093 1.24 1.27 1.27 0.98 0.7 0.7 0.16000015 0.16002808 0.89999999 0.9 0.9 1.3677953 1.37 1.37 1.3700004 1.3898912 1.6186617 1.6199847 1.6199905 0.82566908 0.81999986 0.82 0.82 0.82 0.82 0.82 0.8196633 0.43409466 0.42520638
0.89 0.89 -1.6299873 0.13999999 0.14 -0.58 -0.049993249 -0.32 0.52 0.33 0.74 0.060000026 -0.74446122 -0.5 -0.50000002 -0.88 0.65 0.47010628 0.47 0.47 0.22999619 0.23 0.3 0.53 0.53 0.53 0.47627844 1.01 1.01 1.01 1.01 1.01 0.66581513 1.2450297 1.27 1.27 0.36 0.36 0.7 0.7 0.54619289 0.16045997 0.87806953 0.9 0.9 0.9020421 1.3699992 1.37 1.3700002 1.3701622 1.4538267 1.6148252 1.6197146 1.0090637 0.81999959 0.82 0.82 0.82 0.82 0.81999996 0.81976052 0.53698881 0.43634873
0.88839707 0.88845048 -1.63 -1.63 -0.4 0.53 -0.01 0.5 -0.16999998 0.26100388 0.64182502 0.82 0.74001386 0.74 0.74 0.65299638 0.65 0.65 0.65 0.46679165 0.26543066 0.3 0.3 0.53 0.53 0.53 0.53000019 1.0100001 1.01 1.01 1.01 1.01 1.265892 1.2699992 1.27 1.2562956 0.36 0.36 0.36243977 0.7 0.69999988 0.16269881 0.35957783 0.8999998 0.9 0.90006482 1.363691 1.3699993 1.3700003 1.3700278 1.3740245 1.4983448 1.6086164 1.4260615 0.82000868 0.82 0.82 0.82 0.82 0.81999976 0.81976525 0.68977802 0.4493087
0.8 0.8 -0.44 1.4 0.85 0.53 1.1500353 1.18 0.49243287 0.57999848 0.48 1.11 0.75170505 0.74 0.74 0.12170626 0.07 0.07 0.29773696 0.24 0.24 -0.07 -0.07 0.54 0.54 1.15 1.15 1.15 1.1473777 1.01 1.01 1.01 1.2699703 1.2699992 1.2690945 0.36001184 0.36 0.36 0.36000001 0.69348184 0.69999976 0.62044962 0.2286587 0.89979084 0.89999991 0.90002729 1.0997494 1.3696221 1.3699984 1.3700195 1.3706872 1.3905557 1.5196244 1.5551154 0.82036537 0.81999999 0.82 0.82 0.82 0.81999899 0.81972942 0.76321303 0.4703474
0.79999653 0.58 0.02 -0.34 1.1172073 0.84977526 1.154313 1.6699899 1.67 1.67 1.11 1.11 1.11 0.74000001 0.91 0.91 0.07 0.07 0.07 0.24 0.24 -0.070000008 -0.022849631 0.54 0.54000084 1.15 1.15 1.15 1.15 1.1499987 1.0103797 1.0100026 1.2699031 1.2671614 0.5580632 0.36000279 0.36 0.36 0.36 0.36327174 0.69666071 0.69891241 0.25390558 0.89184971 0.89997971 0.90002906 0.92963443 1.3520714 1.3698008 1.3700143 1.3703173 1.3748861 1.4178628 1.5191728 0.82554694 0.82000141 0.82 0.82 0.81999996 0.81999666 0.81966256 0.7898188 0.51304424
1.03 0.41845335 -0.33999991 -0.34 1.82 1.82 1.82 1.67 1.67 1.67 1.22 1.22 1.1980661 0.85831844 0.91 0.91 1.02 1.02 1.27 0.24 -0.79 -0.79 0.02 0.02 0.93 1.15 1.15 1.15 1.15 1.15 1.1499995 1.0985886 1.262196 1.0543121 0.37078843 0.36000713 0.36 0.36 0.36000002 0.36013899 0.47996337 0.69508301 0.59621079 0.83893226 0.8993887 0.90002715 0.90883717 1.2231639 1.3656851 1.3698073 1.3702231 1.3721302 1.3861959 1.4429807 0.86771159 0.82003788 0.82000003 0.81999999 0.81999978 0.81999091 0.8195645 0.80048581 0.57909971
1.03 1.23 1.23 1.86 1.82 1.82 1.8200659 1.6200004 1.67 1.67 1.22 1.22 1.22 0.7 0.7 1 1.02 1.0201848 1.27 1.2699965 0.78 0.89995042 0.9 0.89968512 0.93 0.93000115 1.15 1.15 1.15 1.15 1.15 1.1499987 1.1479258 0.554653 0.36351645 0.36002439 0.3600002 0.36000001 0.3600001 0.36005133 0.37152314 0.59789938 0.67762494 0.7226731 0.89433457 0.89979845 0.90466508 1.0498316 1.335863 1.3675379 1.3699313 1.3713389 1.3776757 1.4033989 1.0502784 0.82052506 0.82000153 0.81999995 0.81999911 0.8199788 0.81943214 0.8053817 0.64644678
0.69 1.16 1.86 1.86 1.8763522 1.99 1.99 1.62 1.62 1.62 0.43 0.43 0.7399999 0.7 0.7 1.0000001 1 1.27 1.27 0.95786684 0.78 0.78 0.9 0.89999998 0.93 0.93000012 1.1494077 1.15 1.15 1.15 1.15 1.15 1.0320178 0.42214951 0.36260144 0.3600749 0.36000256 0.36000018 0.36000056 0.36004589 0.36290285 0.43421295 0.6302265 0.6507395 0.87425312 0.89812099 0.9032274 0.96939683 1.2485023 1.3553632 1.3680886 1.3706945 1.374726 1.388001 1.2802408 0.82488754 0.82002539 0.81999995 0.81999714 0.81995627 0.81926149 0.80784259 0.69717416
0.69004968 1.16 1.16 1.0718271 0.93 0.9882126 0.82 1.62 1.62 0.60000007 0.43 0.43 0.74 0.74 0.73995919 1.21 1.21 0.97 0.97 0.61 0.61 0.77999999 0.7800147 0.89999978 0.92970607 0.93000083 0.99574172 1.1498425 1.1499977 1.1499996 1.1499997 1.1499995 1.1482878 0.39255631 0.36272607 0.36019448 0.36001616 0.36000218 0.36000257 0.36005902 0.36147561 0.38393559 0.51075502 0.62658401 0.82352083 0.89160284 0.90174798 0.93910026 1.1348945 1.3185837 1.3606582 1.368811 1.3730303 1.3814741 1.361825 0.85172309 0.82026254 0.82000263 0.81999244 0.81991827 0.81904853 0.80911892 0.73030013
1.07 1.1580415 1.1545636 0.93 0.93 0.82 0.82 0.23000026 0.6 0.6 0.42 0.75 0.75 0.73000001 0.73 1.08 1.08 0.97 0.97 0.61 0.61 0.61 0.61001728 0.81606984 0.9089945 0.9300025 0.93779787 1.1356471 1.1497156 1.1499706 1.1499901 1.1499931 1.1499261 0.38685289 0.36330645 0.36043302 0.36006425 0.36001339 0.36001037 0.36008837 0.36111228 0.37128644 0.43070559 0.55542973 0.73286556 0.87400138 0.89804318 0.92565719 1.0504261 1.2519751 1.3406131 1.3630868 1.3706223 1.3778088 1.3781031 0.95037696 0.82191754 0.82003362 0.81998343 0.81985907 0.81878962 0.80974581 0.75113059
1.0588594 0.97 0.97 0.93 0.93 0.2310043 0.23 0.23 0.6 0.42 0.42 0.19 0.75 0.3700209 0.37 0.38 0.38072656 0.06 0.97 0.61 0.61 0.61 0.61 0.61000207 0.65203185 0.92962434 0.93332921 1.0522805 1.1441122 1.1493905 1.1498504 1.1499306 1.1499426 0.55779454 0.36424396 0.3608489 0.36018794 0.36005354 0.3600355 0.36014201 0.36104729 0.36716901 0.39737644 0.48104982 0.62583978 0.83442296 0.88895491 0.91704888 1.0004862 1.1738748 1.3025449 1.3496113 1.3654231 1.3742677 1.3796717 1.1221851 0.830259 0.82025556 0.81997358 0.81977294 0.81848177 0.80997942 0.76435804
0.97 0.97 0.97 -0.07 -0.07 0.19800487 0.34999659 0.35 0.35000002 0.42000001 0.19000108 0.19 0.32570143 0.72 0.37 0.03 0.06 0.06 0.059999997 0.60999989 0.61 0.61 0.61 0.61 0.61000741 0.70374495 0.93247084 0.98482563 1.114732 1.1449254 1.1488055 1.1495383 1.1497367 1.0486882 0.36575581 0.36150184 0.36044354 0.36015926 0.3601019 0.36023708 0.36112429 0.36556528 0.38356273 0.43489071 0.53778043 0.75720691 0.86933037 0.90775908 0.97080708 1.1061414 1.2494118 1.3249463 1.3549214 1.3688422 1.3772507 1.2581685 0.86042317 0.82140934 0.81999863 0.81965662 0.81812293 0.80995429 0.77296994
1.83 1.83 -0.069999888 -0.07 -0.07 -0.069999993 0.35 0.35 0.52 0.52 0.19001345 0.19000001 0.72 0.72 0.71984893 0.028452144 -0.01 -0.01 -0.0099978916 -0.0048738709 0.60999958 0.61 0.61 0.61 0.61000022 0.61009999 0.82954563 0.9600076 1.0624721 1.1289211 1.1443781 1.1479136 1.1489456 1.1370964 0.37498585 0.3624494 0.36089561 0.36038342 0.36024861 0.36040209 0.36131179 0.3649409 0.37723247 0.4102357 0.47963126 0.65045929 0.82990549 0.89351115 0.95010632 1.0554862 1.1915265 1.2888862 1.3369304 1.3596536 1.3722156 1.3231868 0.93492388 0.82598763 0.82022841 0.81951926 0.81771318 0.80974707 0.77872241
1.83 1.83 1.8299994 0.07 0.07 0.070000013 0.35035551 0.52 0.52 1.1 0.99 0.99 0.99 1.16 1.16 -0.01 -0.01 -0.01 -0.01 -0.0099987579 -0.008167275 0.60993201 0.60999998 0.61 0.61000005 0.61000366 0.61225944 0.89669037 1.0182494 1.0985467 1.1327618 1.1432494 1.1466999 1.1455408 0.47063859 0.36383455 0.36160923 0.36078963 0.36052833 0.36067753 0.3616197 0.36481247 0.37410809 0.39702454 0.44463816 0.55806842 0.76064495 0.86887221 0.93120265 1.0182528 1.1381993 1.2452803 1.3107814 1.3451891 1.363967 1.3475875 1.0517682 0.84016082 0.82124767 0.81941659 0.81725928 0.80940528 0.78264351
1.83 1.83 1.8255652 0.070000058 1.09 1.09 1.1017121 1.0999441 1.1 1.1 0.99006024 0.99 0.99 1.16 1.16 1.16 -0.0099999789 -0.01 -0.01 -0.0099999504 -0.0099917466 0.023192514 0.60873527 0.60999488 0.60999982 0.61000098 0.61006775 0.62990816 0.95689196 1.0628218 1.1124635 1.1335258 1.1417464 1.1443902 0.79149951 0.36720238 0.36264902 0.3614447 0.3610024 0.36111365 0.362078 0.36501124 0.37257049 0.38966921 0.42384467 0.49852578 0.67019317 0.82660927 0.90854127 0.98841883 1.0929594 1.1996455 1.2778916 1.324808 1.3516745 1.3530671 1.1669778 0.87436997 0.82462187 0.81954205 0.81678941 0.80896357 0.78534953
1.45 1.813754 1.1388962 1.09 1.09 1.86 1.86 0.73032645 1.23 1.23 1.23 0.99 0.30078306 1.16 1.16 1.16 1.1599999 -0.0098285292 -0.0099999993 -0.009999964 -0.0099979833 -0.0099345029 0.10838516 0.60328355 0.60986877 0.60999 0.61000985 0.61096262 0.69034935 1.0085183 1.0860773 1.1180946 1.133007 1.1396145 1.030237 0.3845414 0.36415208 0.36241237 0.3617342 0.36176613 0.36272776 0.36548395 0.37194728 0.38547569 0.41125507 0.46306895 0.58723147 0.76298018 0.87660333 0.96037884 1.054744 1.1560918 1.2410719 1.2990176 1.3349013 1.3485536 1.2457289 0.93733407 0.8336529 0.8204165 0.81639071 0.80845833 0.787224
1.45 1.1413591 1.14 1.1400038 1.86 1.86 0.73000015 0.73 1.23 1.23 1.23 -0.27822514 0.3 0.3 0.3 0.30072413 0.8782693 1.1139005 -0.00070379492 -0.0099967045 -0.0099984023 -0.0099817582 -0.0089080881 0.19397586 0.59128802 0.60899107 0.6098721 0.61010172 0.61715495 0.7919001 1.0419927 1.097441 1.1202038 1.1316131 1.1014362 0.46334168 0.36691775 0.36375906 0.36278319 0.36269071 0.36361494 0.36622612 0.37193992 0.38313804 0.40347929 0.44160284 0.52783695 0.68687122 0.8307532 0.92909183 1.0204244 1.116104 1.2031326 1.2692271 1.3138339 1.3375111 1.2875479 1.0234656 0.85365635 0.82318911 0.81628628 0.80794999 0.78852013
1.45 1.14 1.14 1.14 1.86 0.84368903 -0.18999999 0.73 0.73 1.23 -0.55156478 -0.42 -0.42 -0.41427453 0.3 0.3 0.30001299 0.30605458 0.40923229 0.063665535 -0.0096652604 -0.0099720408 -0.0098824352 -0.0021297864 0.25215639 0.57357285 0.60606848 0.60928651 0.61088751 0.64088531 0.88732357 1.0612838 1.1028495 1.1204045 1.1159313 0.65674603 0.37503573 0.36563202 0.36420319 0.36393858 0.36478525 0.36725468 0.37241268 0.38199827 0.39866404 0.42816091 0.48952021 0.61561656 0.7711411 0.8902546 0.9862945 1.079011 1.1658303 1.2371168 1.2892015 1.3215656 1.3042556 1.1112044 0.89034005 0.82996019 0.81696262 0.80756184 0.78942573
1.4499864 0.32000487 0.32 0.30448669 -0.24427306 -0.32 -0.19 -0.19 0.62216539 -0.58 -0.58 -0.57966614 -0.42 -0.42 -0.41999999 -0.17229605 0.29557045 0.2992553 0.30158144 0.32292312 0.21196381 -0.0037688594 -0.0095148322 -0.00909985 0.016948906 0.28770766 0.55266103 0.59985996 0.60769851 0.6150288 0.69414027 0.95186716 1.0720016 1.1049736 1.1131365 0.87179376 0.40243003 0.36863389 0.36605912 0.36555394 0.36628012 0.36859465 0.37330575 0.38171131 0.39578327 0.4195464 0.46519847 0.55998969 0.70523552 0.84170179 0.9488402 1.0429174 1.1295919 1.2040149 1.261979 1.3018039 1.3055611 1.1804661 0.94545473 0.8438455 0.81933298 0.80754183 0.7901142
0.5599993 0.56 0.30511395 -0.22 -0.23257708 -0.32 -0.32 -0.2309814 -0.29 -0.57999312 -0.58 -0.58 -0.42 -0.42 -0.42 -0.41999915 -0.41356026 -0.099441128 0.2176559 0.27383711 0.2977277 0.27085474 0.030152118 -0.005481194 -0.0050926308 0.048660216 0.30910024 0.53094303 0.58999472 0.60519471 0.62869617 0.76771908 0.99079369 1.0776184 1.1017966 0.99677478 0.47676934 0.37497234 0.36851233 0.36757886 0.36813449 0.37027169 0.37459565 0.38208999 0.394253 0.41401745 0.44952447 0.52061752 0.64348371 0.78525091 0.90558992 1.005517 1.0937801 1.1705647 1.2330454 1.2791267 1.2973427 1.2248458 1.0127129 0.86830746 0.82487346 0.80834555 0.79079473
0.56 0.56 0.55999999 0.11 0.11 0.14833456 0.15 -0.29 -0.29 -0.29 -0.58 -0.58 -0.57997086 -0.42 -0.42 -0.41999999 -0.41997708 -0.41610141 -0.33800137 -0.079575035 0.12160817 0.21341897 0.24221311 0.094066955 0.010724197 0.0073026969 0.087231218 0.32206645 0.51002874 0.57729406 0.60377465 0.65841756 0.83799797 1.0137498 1.0781855 1.0457268 0.61339531 0.39072972 0.37209053 0.37008116 0.37037846 0.37230836 0.3762755 0.38302969 0.39373012 0.41058469 0.43926436 0.49376614 0.59259733 0.72649497 0.85617833 0.96482885 1.0571685 1.136714 1.2029467 1.25426 1.282979 1.2476945 1.0797154 0.9054319 0.83559955 0.81072265 0.79176745
