Interpolating SPI Data/spi_stations/interpolated_spi/7-19_1.tif
NCOLS 257
NROWS 141
XLLCORNER -178.27925
YLLCORNER 5.3153543
DX 0.49934803
DY 0.49997533
NODATA_VALUE -9999
[rows 56 to 83 of 141, columns 189 to 251 of 257]
-2.1 -1.9663788 -0.23262421 -1.4698851 -1.47 -0.19137867 -2.0398124 -2.04 -2.04 -1.6544012 -1.49 -1.23 -1.23 -1.23 -1.23 -0.6 -1.07 -1.07 -1.07 -1.07 -2.7231294 -2.42 -2.42 -2.42 -0.83 -0.83 -2.23 -1.41 -1.39 -1.39 -0.13 -0.13 -0.13 -1.0199271 -1.02 -1.02 -2.06 -0.030006193 -0.03 0.093666843 0.12 0.11999999 -1.01 -1.01 -1.01 -1.01 -1.2 -1.5120609 -1.52 -1.52 -1.52 -1.69 -1.69 -1.69 -1.2318877 0.95 0.95 0.95 0.94999998 0.56 0.55999416 0.020446136 0.48
-2.1 -1.3196615 -0.23009355 -0.23 -0.19796626 -0.08 -0.08 -2.0397807 -1.0569599 -0.56 -0.56 -0.56235879 -1.2221366 -0.3400034 -0.59999999 -0.6 -0.6 -1.0705099 -2.73 -2.73 -2.73 -2.42 -2.42 -2.846913 -2.86 -2.66 -2.24 -1.41 -1.41 -1.3899304 -0.13 -0.13 -0.86 -0.86 -0.57 -0.57 -0.74 -0.74 -0.16898249 0.12 0.12 -1.6699998 -0.85 -1.0099994 -1.01 -1.01 -1.2 -1.2 -1.5199533 -1.52 -1.52 -1.69 -1.69 -1.69 -1.6899999 0.95 0.95 0.95 0.95 0.94997359 0.020284261 0.020000085 0.020000001
-2.1 -1.32 -1.3184989 -0.23 -0.22999999 -0.08 -0.08 -0.080000009 -0.25 -0.56 -0.56 -0.40039902 -0.34 -0.34 -0.59999999 -0.6 -0.6 -1.2599926 -1.26 -2.73 -2.73 0.19 0.19 -1.47 -2.8599995 -1.7200106 -1.01 -1.0100175 -0.95000046 -0.95 -0.78967042 -0.86 -0.86 -0.85999998 -0.20941357 -0.57 -0.57 -0.17 -0.17 -1.55 -1.55 -1.67 -0.85 -0.41 -0.41 -1.1523289 -1.2 -1.2 0.6 0.59999999 -1.5191659 -1.69 -1.69 -1.69 0.89281606 0.95 0.95 0.95 0.95 0.95 0.020299761 0.020015856 0.020011334
-2.099999 -1.32 -1.32 -0.23 0.06 0.06 -0.08 -1.2896649 -0.25 -0.25 -1.42 -1.42 -0.34 -1.1883644 -1.2499977 -0.6 -0.63 -0.63000374 -1.26 -1.26 -0.13 -0.13 -0.62013474 -1.47 -1.3900001 -1.39 -1.01 -1.01 -0.95 -0.95 -0.95 -0.86 -0.86 -0.4 -0.12 -0.4399885 -1.22 -1.2195042 -0.17 -0.65 -1.55 -1.5 -0.01 -0.41 0.39996996 0.43 0.29 0.6 0.6 0.6 0.6 -1.6899714 -1.69 -1.69 0.94999894 0.95 0.95 0.95 0.95 0.95 0.021032047 0.020332283 0.020363193
-0.05567604 -1.32 -1.32 -1.3199999 1.51 0.060031526 -1.29 -1.29 -1.2900116 -2.19 -1.42 -1.42 -1.2430797 -1.25 -2.26 -1.08 -1.09 -1.04 -1.0400139 -1.18 -1.69 -0.70993474 -0.62 -0.29000031 -0.29 -1.39 -1.01 -1.0090016 -0.95 -0.95 -0.95 -0.070000029 -0.07 -0.07 -0.43986952 -0.1 -1.22 -0.41 -0.41 -0.64999334 0.83 0.82989493 -0.01 0.56 0.4 0.43 0.19957229 0.30077961 0.6 0.6 0.6 0.59971965 -1.6899998 -1.6880023 0.94999996 0.95 0.95 0.95 0.95 0.95 0.32216737 0.021858012 0.022106993
-0.05 -1.32 -1.32 1.51 1.51 -0.36 -0.36778787 -1.29 -2.19 -2.19 -1.49 -0.87 -0.87 -2.26 -2.26 -1.39 -2.73 -1.04 0.02 -1.1799986 -0.57 -0.71260285 -1.11 -0.29 -0.29 -0.29000016 -0.67506987 0.07 0.07 0.07 0.07 -0.07 -0.07 -0.07 0.12 0.12 0.25 -0.75 -1.03 -0.82 -0.82 0.11 0.070580049 -0.55 0.53060539 0.15 0.15 0.15000005 0.59999706 0.6 0.6 0.59999999 -1.2687866 -0.32189332 0.94999996 0.95 0.95 0.95 0.95 0.95 0.93202957 0.025429952 0.026061058
-0.05 -0.7 -0.37989581 -0.38 -0.38 -0.36 -0.37 -1.47 -0.38353732 -1.35 -1.0677283 -0.77 -1.0098639 -1.29 -1.11 -1.04 -1.79 -1.02 0.019999361 -1.1699343 -1.17 -1.1601531 -0.49 -0.49 -0.57 -0.57 -0.57 0.38998606 0.070003434 0.07 0.07 -0.055234058 -0.070000111 -0.15 -0.15 -0.41 -0.98 -0.98 -0.82001321 -1.18 -1.63 -1.6828126 -0.55 -0.55 -0.55 0.15 0.15 0.15 0.15024886 0.59980444 0.59999923 0.59999971 0.59823542 0.89397686 0.94999987 0.95 0.95 0.95 0.95 0.95 0.94798427 0.031572323 0.03220303
-0.7 -0.7 -0.6999799 0.2465449 -0.38 -0.38 -0.8 -2.2699997 -1.92 -0.51 -2.45 -0.19 -1.01 -1.0583328 -1.47 -1.2406646 -1.7899374 -0.52000001 -0.52 -1.17 -1.17 -0.89 -0.49 -0.49 -0.57 -0.57 -0.57 0.39 0.39 0.39 0.38999993 0.32645524 -0.14999929 -0.15000042 -0.41 -0.39000002 -0.39 -0.98 -0.78 -0.78 -1.6300001 -1.6300103 -0.55000001 -0.55 -0.55 0.14671635 0.15 0.15 0.15000025 0.18540624 0.59743811 0.59994438 0.59997146 0.93822768 0.94999954 0.95 0.95 0.95 0.95 0.94999999 0.94922466 0.063055588 0.039992925
-0.7 -0.7 -1.9699936 0.25999999 0.26 -0.38 -0.31999249 -0.6 0.04 0.06 0.6 -0.18999999 -1.0260461 -1.06 -1.06 -1.47 0.61 -0.51933277 -0.52 -0.52 -0.89000666 -0.89 -0.44 0.0099999995 0.01 0.0099999999 -0.090511353 0.39 0.39 0.39 0.39 0.38999994 -0.15260603 -0.40659384 -0.39 -0.39 -1.89 -1.89 -0.78 -0.78 -1.0221593 -1.6301695 -0.58240423 -0.55 -0.55 -0.54695858 0.14999884 0.15 0.15000009 0.15024595 0.29952524 0.59009653 0.59927621 0.8644624 0.94999834 0.95 0.95 0.95 0.95 0.94999991 0.9494388 0.28765159 0.048947385
-0.68094293 -0.6815779 -1.97 -1.97 0.35 0.9 0.12 0.4 -0.29999998 -0.29841743 -0.22207128 0.15 0.32996882 0.33 0.33 0.59974227 0.61 0.61 0.61 0.39333466 -0.10060906 -0.44 -0.44 0.01 0.01 0.01 0.010000341 0.39000038 0.39 0.39 0.39 0.39 -0.39077115 -0.3900005 -0.39 -0.41258963 -1.89 -1.89 -1.8820349 -0.78 -0.78000019 -1.6308028 -1.3516117 -0.55000031 -0.55 -0.54990347 0.14060372 0.14999902 0.15000017 0.15002864 0.15675124 0.37829103 0.57795837 0.68115215 0.94999039 0.94999999 0.95 0.95 0.95 0.94999943 0.94943915 0.63907691 0.061396783
0.37 0.37 -0.17 2.13 1.6 0.9 1.2798468 1.15 -0.18972923 -0.090007156 -0.56 0.62 0.33917423 0.33 0.33 -0.22844499 -0.29 -0.29 0.063384938 0.15 0.15 -0.06 -0.06 0.69 0.69 1.14 1.14 1.14 1.1259522 0.39 0.39 0.38999999 -0.39001868 -0.39000124 -0.39149254 -1.8899805 -1.89 -1.89 -1.89 -0.80127988 -0.78000077 -0.90735769 -1.5549652 -0.55032214 -0.55000015 -0.54995936 -0.25249971 0.14943809 0.14999735 0.15001516 0.15097749 0.18504937 0.41477582 0.58584163 0.9498188 0.94999987 0.95 0.95 0.94999999 0.94999753 0.94934016 0.81152522 0.093722126
0.37001089 1.06 0.43 -0.19 1.8574907 1.5995072 1.261284 0.88000558 0.88 0.88 0.62 0.62 0.62 0.33000002 0.71 0.71 -0.29 -0.29 -0.29 0.15 0.15 -0.060000004 0.10764575 0.69 0.69000039 1.14 1.14 1.14 1.14 1.1399928 0.39203387 0.38999257 -0.39015377 -0.39467904 -1.5635222 -1.8899954 -1.89 -1.89 -1.89 -1.8793187 -0.79090176 -0.7818072 -1.5235279 -0.56264941 -0.5500326 -0.54995677 -0.50586227 0.12330515 0.14970601 0.15000561 0.15036561 0.1575771 0.23165926 0.43884076 0.94707515 0.94999856 0.94999998 0.95 0.9499999 0.94999165 0.94915963 0.87480101 0.18178665
0.91 -0.047017719 -0.18999984 -0.19 0.58 0.58 0.58 0.88 0.88 0.88 0.75 0.75 0.72407811 0.66570152 0.71 0.71 1.05 1.05 1.23 0.15 -0.42 -0.42 0.26 0.26 0.87 1.14 1.14 1.14 1.14 1.14 1.1399972 0.86397965 -0.40285389 -0.74552935 -1.8722169 -1.8899882 -1.89 -1.89 -1.8899999 -1.8895462 -1.4983548 -0.79578307 -0.95664732 -0.64564384 -0.55098609 -0.54996262 -0.53683685 -0.068665933 0.14359189 0.14970184 0.1502131 0.15289541 0.17581148 0.28007584 0.91574851 0.94997604 0.94999983 0.94999997 0.94999943 0.94997681 0.94889225 0.90031944 0.33392091
0.91 0.2 0.2 1.14 0.58 0.58 0.58007755 1.1699976 0.88 0.88 0.75 0.75 0.75 0.53 0.53 1.14 1.05 1.050133 1.23 1.2299958 0.65 1.1397975 1.14 1.1396851 0.87 0.87000142 1.14 1.14 1.14 1.14 1.14 1.1399927 -0.59012792 -1.5691433 -1.8842036 -1.8899598 -1.8899997 -1.89 -1.8899997 -1.8898324 -1.8523803 -1.1132291 -0.82989774 -0.82353412 -0.559193 -0.55034966 -0.5430557 -0.32680614 0.099223566 0.1463493 0.14978412 0.15159989 0.16116317 0.20532411 0.72340701 0.9496157 0.94999831 0.9499998 0.94999766 0.94994483 0.94852504 0.91198399 0.49661555
-0.22 0.030000001 1.14 1.14 1.0947171 0.78 0.78 1.17 1.17 1.17 0.64 0.64 0.98998125 0.53 0.53 1.14 1.14 1.23 1.23 0.86053626 0.65 0.65 1.14 1.14 0.87 0.87000015 1.1392731 1.14 1.14 1.14 1.14 1.14 0.32086831 -1.7875557 -1.8857119 -1.8898765 -1.8899958 -1.8899997 -1.8899982 -1.8898502 -1.8805231 -1.6476884 -1.0018753 -0.91121253 -0.59171436 -0.55316724 -0.54524735 -0.44660532 -0.030805891 0.12829424 0.14708262 0.15063048 0.15625794 0.17758097 0.40669437 0.94546638 0.94997866 0.9499989 0.94999236 0.9498839 0.94804206 0.91772035 0.62241834
-0.21997357 0.03 0.03 0.79252591 0.73 0.74575086 0.74 1.17 1.17 -0.089999912 0.64 0.64 0.99 0.99 0.99032653 1.09 1.09 0.6 0.6 0.3 0.3 0.64999998 0.65006002 1.1399997 0.87261868 0.87000101 0.95068302 1.1398067 1.1399972 1.1399995 1.1399996 1.1399994 1.1319375 -1.836312 -1.8855065 -1.8896794 -1.8899734 -1.8899963 -1.8899924 -1.8898077 -1.8851829 -1.8118471 -1.3961057 -0.99099361 -0.67150687 -0.56408301 -0.5477054 -0.4917849 -0.19994176 0.073663419 0.1361282 0.147889 0.15361701 0.16629752 0.25230294 0.91514457 0.9497582 0.94999366 0.94997909 0.9497787 0.94742664 0.9205215 0.70592195
-0.28 0.022681288 0.0096850671 0.73 0.73 0.74 0.74 0.050000283 -0.09 -0.09 0.67 1.14 1.14 1.0699999 1.07 0.45 0.45 0.6 0.6 0.3 0.3 0.3 0.30003557 0.85679598 1.0577008 0.87002786 0.87957017 1.1223851 1.1396509 1.1399639 1.1399878 1.1399916 1.1397074 -1.8383575 -1.8845498 -1.8892862 -1.889894 -1.889977 -1.8899724 -1.8897145 -1.8863709 -1.8531487 -1.658586 -1.2393281 -0.82256903 -0.59323442 -0.55405301 -0.51204868 -0.32576339 -0.025354211 0.10648176 0.1395219 0.15009451 0.16033852 0.20005184 0.79193557 0.94799467 0.94995692 0.94994979 0.9496109 0.94666256 0.92167462 0.75894718
-0.32456232 -0.68 -0.68 0.73 0.73 0.051174524 0.05 0.05 -0.09 0.67 0.67 0.38 1.14 0.48003425 0.48 -0.08 -0.079449916 -0.58 0.6 0.3 0.3 0.3 0.3 0.30000427 0.41805029 0.87314024 0.87410467 1.0200719 1.132774 1.1392519 1.1398164 1.1399148 1.1399064 -1.1661131 -1.8829992 -1.8886005 -1.8896894 -1.8899077 -1.889914 -1.8895514 -1.8865912 -1.8665988 -1.7677171 -1.4895612 -1.06114 -0.65989342 -0.5695798 -0.52556205 -0.4003529 -0.14154887 0.050075407 0.11972875 0.14255968 0.15501156 0.17923424 0.56249688 0.93821686 0.94971004 0.94988706 0.94935961 0.94573485 0.92179746 0.79275022
-0.68 -0.68 -0.68 -0.94 -0.94 -0.055583942 -0.029997724 -0.03 -0.029999946 0.66999996 0.38000136 0.38 0.4363289 0.6 0.48 -0.57 -0.58 -0.58 -0.57999997 0.29999982 0.3 0.3 0.3 0.30000001 0.30001695 0.48218552 0.87377559 0.9373153 1.0967176 1.1337722 1.138534 1.1394333 1.1396706 0.74606238 -1.8799955 -1.8875232 -1.8892655 -1.8897244 -1.8897702 -1.8892808 -1.8863664 -1.8718558 -1.8129383 -1.6430392 -1.3129287 -0.80598698 -0.60335933 -0.54095256 -0.44515756 -0.24250626 -0.028772071 0.083381496 0.12727409 0.14714305 0.16738418 0.36800153 0.9005863 0.94837984 0.94973473 0.94900022 0.94463001 0.92121449 0.81470186
0.41 0.41 -0.93999992 -0.94 -0.94 -0.93999996 -0.03 -0.03 0.42 0.42 0.37999664 0.38 0.6 0.6 0.5999482 -0.54716912 0.02 0.02 0.019981928 -0.023927259 0.2999996 0.3 0.3 0.3 0.30000045 0.30022463 0.69610974 0.90726314 1.0326162 1.1141334 1.1331009 1.1374395 1.1387031 1.0915202 -1.8479995 -1.8859518 -1.8885127 -1.8893339 -1.8894666 -1.8888448 -1.8858239 -1.8739477 -1.8336924 -1.7246485 -1.4965714 -1.0441897 -0.67530258 -0.56540519 -0.47728486 -0.31840476 -0.11485584 0.030102695 0.10096585 0.1338746 0.15663628 0.26329312 0.80334307 0.94285061 0.9492781 0.94849504 0.9433352 0.92010946 0.82920938
0.41 0.41 0.4099998 -0.15 -0.15 -0.15 -0.029058948 0.42 0.42 -0.12 0.17999999 0.18 0.18 0.22000001 0.22 0.02 0.02 0.02 0.02 0.019989354 0.018802103 0.29996631 0.29999999 0.3 0.3000001 0.30000808 0.30429798 0.80428315 0.97857928 1.0769008 1.1188518 1.1317173 1.1359487 1.1278692 -1.4825861 -1.883433 -1.8873181 -1.8886225 -1.8889043 -1.888165 -1.8849713 -1.8744837 -1.8440088 -1.7683372 -1.6106751 -1.2811953 -0.81541091 -0.60958102 -0.50797173 -0.37492302 -0.19449801 -0.034515648 0.06257452 0.112909 0.14312104 0.21019374 0.64407707 0.92501013 0.94778934 0.94775525 0.9418334 0.91859254 0.83888454
0.41 0.41 0.40858893 -0.14999999 0.09 0.09 0.091977368 -0.11994799 -0.12 -0.12 0.1798357 0.18 0.18 0.22 0.22 0.22 0.020000004 0.02 0.02 0.019999575 0.019929547 0.033320898 0.29940307 0.29999734 0.29999994 0.30000211 0.30014024 0.33589164 0.88899361 1.0331707 1.094001 1.1198007 1.1298759 1.1309863 -0.24197647 -1.8740732 -1.8855542 -1.8874689 -1.8879696 -1.8871474 -1.883766 -1.8740588 -1.8492222 -1.7927436 -1.6792727 -1.4497515 -1.0184805 -0.69083699 -0.54683175 -0.42141222 -0.26265486 -0.10244419 0.014085631 0.083220153 0.12453557 0.17756241 0.47723674 0.88026344 0.9432626 0.94653047 0.94008703 0.91673039 0.84530576
0.63 0.41940558 0.31494114 0.09 0.09 0.22 0.22 -0.20006529 -0.3 -0.3 -0.3 0.18 -0.079726839 0.22 0.22 0.22 0.21999998 0.020029311 0.019999998 0.019999691 0.019982716 0.019685084 0.071250115 0.29684087 0.29993414 0.29999548 0.30002441 0.30182214 0.43951308 0.95767928 1.0616427 1.1009442 1.1191843 1.1263226 0.69079484 -1.8114236 -1.8827886 -1.8857534 -1.886545 -1.88569 -1.8821412 -1.8729028 -1.8515794 -1.806835 -1.7211161 -1.5566456 -1.2218453 -0.82325627 -0.60521109 -0.46702319 -0.32120291 -0.16777242 -0.040486688 0.045446631 0.099751856 0.15092499 0.34940126 0.79438855 0.93127605 0.94416214 0.93799365 0.91455478 0.84945381
0.63 0.32135908 0.32 0.31999947 0.22 0.22 -0.19999994 -0.2 -0.3 -0.3 -0.3 -0.32092714 -0.08 -0.08 -0.08 -0.079747397 0.12172185 0.20393177 0.021551008 0.019999853 0.019986825 0.019848294 0.01942056 0.1090591 0.29114345 0.2994967 0.29994088 0.30025347 0.31284803 0.60646393 1.0014032 1.0755435 1.1035767 1.1169764 0.98186723 -1.5097899 -1.8759882 -1.8833246 -1.8845197 -1.8836921 -1.88002 -1.8710939 -1.8521121 -1.8149757 -1.7472388 -1.6239627 -1.3782762 -0.99350887 -0.69492233 -0.52093953 -0.37532902 -0.2285427 -0.097157378 0.0015304989 0.068760288 0.12409344 0.26259563 0.67034446 0.90423385 0.93915853 0.93528976 0.91205118 0.85195184
0.63 0.32 0.32 0.32 0.22 -0.10224494 -0.43 -0.2 -0.2 -0.3 -0.063770416 -0.38 -0.38 -0.37761439 -0.08 -0.08 -0.079995468 -0.077887953 -0.041801325 0.022682935 0.020016808 0.019878654 0.019385779 0.021062663 0.1341941 0.28256936 0.29803129 0.29969146 0.30197219 0.35351102 0.75815145 1.0264349 1.0821476 1.1035266 1.0593444 -0.75534648 -1.8492084 -1.8796894 -1.8817864 -1.8810618 -1.877326 -1.8686433 -1.8513236 -1.8193904 -1.7637733 -1.6673115 -1.4851919 -1.1631068 -0.81921658 -0.59228793 -0.43154436 -0.28613762 -0.15354056 -0.046209678 0.032419296 0.094600437 0.20164136 0.53319827 0.85287317 0.9286581 0.93137995 0.90912116 0.85319324
0.62998295 -0.40999566 -0.41 -0.42551331 -0.80678893 -0.36 -0.43 -0.43 -0.22695852 -0.06 -0.06 -0.060667715 -0.38 -0.38 -0.38 -0.27679002 -0.081845651 -0.080312984 -0.079485509 -0.071894669 -0.015503461 0.019607956 0.01947828 0.018550923 0.027499501 0.1487786 0.27217568 0.29489009 0.29923165 0.31014841 0.44239971 0.85829273 1.0403353 1.0844686 1.0764677 0.098765415 -1.747413 -1.872539 -1.8781697 -1.8777179 -1.8739902 -1.8655334 -1.8494694 -1.8212718 -1.774155 -1.6958439 -1.5562831 -1.3028069 -0.96447878 -0.68708466 -0.49666179 -0.34402036 -0.20930558 -0.09600518 -0.0080296543 0.061756664 0.15383815 0.40924007 0.77168481 0.90809223 0.92509095 0.90550971 0.85340066
-0.48999975 -0.49 -0.42488605 -0.95 -0.87579524 -0.36 -0.36 -0.33984093 -0.21 -0.06000356 -0.06 -0.06 -0.38 -0.38 -0.38 -0.37999964 -0.37731677 -0.2464339 -0.1143196 -0.091052872 -0.081615418 -0.050561829 0.013346153 0.018245422 0.017961986 0.038944269 0.15660673 0.26101277 0.28991148 0.29968463 0.335445 0.56312129 0.91780327 1.0474715 1.0705755 0.61464439 -1.4588934 -1.8531608 -1.8730877 -1.8735652 -1.8699536 -1.8617376 -1.8466822 -1.82129 -1.7803644 -1.7148267 -1.6039464 -1.406459 -1.1073182 -0.80335662 -0.57620646 -0.40660113 -0.26585155 -0.14715333 -0.05148969 0.0256876 0.11179722 0.30875504 0.66525763 0.87168912 0.91440456 0.9006935 0.85263717
-0.49 -0.49 -0.49000001 -0.97 -0.97 -0.47957478 -0.48 -0.21 -0.21 -0.21 -0.06 -0.06 -0.060058285 -0.38 -0.38 -0.38 -0.37999045 -0.37837559 -0.34583421 -0.23817242 -0.15449981 -0.11638893 -0.08206182 -0.0093528106 0.013860817 0.018419378 0.052601197 0.1601764 0.24984244 0.28384065 0.30486877 0.38833318 0.67721172 0.95261124 1.0424399 0.84501796 -0.91490878 -1.7971084 -1.864472 -1.8683827 -1.8651567 -1.857229 -1.8430331 -1.8198379 -1.7835837 -1.7273628 -1.6363822 -1.4802099 -1.2301877 -0.93008725 -0.67192028 -0.47802253 -0.32564864 -0.20007254 -0.097381276 -0.013250977 0.071704375 0.22929878 0.54773949 0.8144796 0.89631667 0.89373964 0.85077981
