Interpolating SPI Data/spi_stations/interpolated_spi/7-20_1.tif
NCOLS 257
NROWS 141
XLLCORNER -178.27925
YLLCORNER 5.3153543
DX 0.49934803
DY 0.49997533
NODATA_VALUE -9999
[rows 28 to 55 of 141, columns 128 to 191 of 257]
1.97 1.97 1.97 1.97 1.6603467 1.66 1.66 1.66 1.659773 0.78000001 0.78 0.78 0.78 0.78 0.77998277 0.66864279 1.980449 2.0699429 2.0699999 2.07 2.07 2.0699144 1.16 1.16 1.16 1.16 1.16 1.16 1.16 1.16 1.16 1.16 1.1357879 0.64003503 0.64000001 0.64 0.64 0.64 0.64 0.64 0.63999977 0.63784731 -0.86778848 -0.86999999 -0.87 -0.87 -0.87 -0.87 -0.87 -0.87 -0.87 -0.87 -0.87 -0.8699999 -0.86999451 -0.86976039 -0.86257897 -0.72830522 0.12923303 0.91456062 1.0158343 -1.9437586 -1.9499995 -1.95
1.97 1.97 1.97 1.6600011 1.66 1.66 1.66 1.66 1.6578802 0.78 0.78 0.78 0.78 0.78 0.77998759 0.62 0.62 0.62 0.62 0.62000007 0.62020122 1.1510848 1.16 1.16 1.16 1.16 1.16 1.16 1.16 1.16 1.16 1.1526943 0.64000024 0.64 0.64 0.64 0.64 0.64 0.64 0.63999999 0.63999617 0.6396581 0.59117797 -0.86963086 -0.86999998 -0.86999999 -0.86999997 -0.86999983 -0.86999851 -0.86997859 -0.86952511 -0.85599277 -0.4920395 0.87431253 1.1080355 1.1192369 1.1199234 1.1199876 1.1199969 1.1199988 1.1178852 -1.7853032 -1.9499927 -1.95
1.97 1.97 1.6600004 1.66 1.66 1.66 1.66 1.66 1.4871207 0.78 0.78 0.78 0.78 0.78 0.77997101 0.62 0.62 0.62 0.62 0.62 0.62 0.62010692 1.16 1.16 1.16 1.16 1.16 1.16 1.16 1.16 1.1584405 0.64 0.64 0.64 0.64 0.64 0.64 0.64 0.64 0.63999944 0.63981063 0.62353254 0.42968967 0.29539152 -0.86132963 -0.85106692 -0.69019284 0.35446614 1.0699531 1.1184641 1.1199614 1.119999 1.12 1.12 1.12 1.12 1.12 1.12 1.12 1.12 1.1199781 0.60688289 -1.9497203 -1.95
1.48 1.48 1.66 1.66 1.66 1.66 1.66 1.6560357 0.75037821 0.78 0.78 0.78 0.78 0.78 0.77883706 0.62 0.62 0.62 0.62 0.62 0.62 0.62 1.1599985 1.16 1.16 1.16 1.16 1.16 1.16 1.1593208 0.64 0.64 0.64 0.64 0.64 0.64 0.64 0.64 0.63999996 0.63989647 0.60853863 0.34068489 0.30204806 0.30022149 0.46622406 1.1197967 1.1199946 1.1199999 1.12 1.12 1.12 1.12 1.12 1.12 1.12 1.12 1.12 1.12 1.12 1.12 1.12 1.1179156 -1.9187526 -1.9499999
1.48 1.48 1.480003 1.66 1.66 1.66 0.75000005 0.75 0.75 0.78 0.78 0.78 0.78 0.78 0.62900348 0.62 0.62 0.62 0.62 0.62 0.62 0.62 0.84480299 1.16 1.16 1.16 1.16 1.16 1.1578699 0.64 0.64 0.64 0.64 0.64 0.64 0.64 0.64 0.64 0.63993699 0.54252175 0.30391429 0.30010035 0.30000851 0.30000199 0.45019108 1.1199925 1.12 1.12 1.12 1.12 1.12 1.12 1.12 1.12 1.12 1.12 1.12 1.12 1.12 1.12 1.12 1.1199981 0.5119494 -1.9499924
1.48 1.48 1.48 1.6599854 1.6548653 0.75 0.75 0.75 0.75 0.78 0.78 0.78 0.78 0.78 0.62000242 0.62 0.62 0.62 0.62 0.62 0.62 0.62 0.70582966 1.1362682 1.1529199 1.1590206 1.1599056 1.1452842 0.64 0.64 0.64 0.64 0.64 0.64 0.64 0.64 0.64 0.63993983 0.34930399 0.3000644 0.30000089 0.30000007 0.30000002 0.30000055 0.43649126 1.1199754 1.1199999 1.12 1.12 1.12 1.12 1.12 1.12 1.12 1.12 1.12 1.12 1.12 1.12 1.12 1.12 1.12 1.1195273 -1.9463528
1.48 1.48 1.48 1.48 0.75 0.75 0.75 0.75 0.75 0.76253775 0.78 0.78 0.78 0.78 0.62000006 0.62 0.62 0.62 0.62 0.62 0.62 0.85122759 0.87 1.022825 1.12 1.12 1.12 1.12 0.64000001 0.64 0.64 0.64 0.64 0.64 0.64 0.64 0.63977256 0.30028789 0.30000005 0.3 0.3 0.3 0.3 0.30000937 0.54368602 1.1195639 1.1199989 1.12 1.12 1.12 1.12 1.12 1.12 1.12 1.12 1.12 1.12 1.12 1.12 1.12 1.12 1.12 1.1199999 0.25131688
1.48 1.48 1.48 1.4976198 2.3859855 0.75000008 0.75 0.75 0.75 0.76368757 0.78 0.78 0.78 0.78 0.62000006 0.62 0.62 0.62 0.62 0.62 0.8698907 0.87 0.87 0.8704273 1.12 1.12 1.12 1.12 1.1199994 0.64 0.64 0.64 0.64 0.64 0.64 0.61360914 0.30000001 0.3 0.3 0.3 0.3 0.3 0.3 0.3006663 1.3644671 1.0970717 1.1199546 1.12 1.12 1.12 1.12 1.12 1.12 1.12 1.12 1.12 1.12 1.12 1.12 1.12 1.12 1.12 1.12 1.1198691
1.48 1.48 1.48 2.4 2.4 2.4 2.4 0.85000614 0.85 0.85 0.8500069 1.1099999 1.1099999 1.1099997 0.69248 0.62 0.62 0.62 0.62 0.86999938 0.87 0.87 0.87 0.87 1.12 1.12 1.12 1.12 1.12 0.97581557 0.64 0.64 0.64 0.64 0.3000885 0.3 0.3 0.3 0.3 0.3 0.3 0.3 0.30000013 0.5266002 1.4152211 1.0180469 1.1092013 1.1199989 1.12 1.12 1.12 1.12 1.12 1.12 1.12 1.12 1.12 1.12 1.12 1.12 1.12 1.12 1.12 1.12
1.63 1.4817536 2.3999998 2.4 2.4 2.4 1.0227793 0.85 0.85 0.85 1.0956183 1.11 1.11 1.11 1.11 1.1093916 1.2263358 1.2299966 1.2181764 0.87 0.87 0.87 0.87 0.87 1.12 1.12 1.12 1.12 1.12 1.12 0.88567722 1.58999 1.59 1.5899999 0.30000001 0.3 0.3 0.3 0.3 0.3 0.3 0.3 0.30008639 1.4190766 1.4196588 1.2689972 0.58278852 1.1181107 1.12 1.12 1.12 1.12 1.12 1.12 1.12 1.12 1.12 1.12 1.12 1.12 1.12 1.12 1.12 1.12
1.63 1.5688615 2.3997721 2.4 2.4 1.0100008 1.01 0.85 0.85 0.85 1.11 1.11 1.11 1.11 1.11 1.1431262 1.23 1.23 1.23 0.87000106 0.87 0.87 0.87 0.87 0.98324647 1.12 1.12 1.12 1.12 1.12 1.59 1.59 1.59 1.59 0.3 0.3 0.3 0.3 0.3 0.3 0.3 0.30000002 0.8565772 1.4200341 1.4199933 1.4025457 0.57347965 0.57167927 1.1199033 1.12 1.12 1.12 1.12 1.12 1.12 1.12 1.12 1.12 1.12 1.12 1.12 1.12 1.12 1.12
0.049990872 0.14999891 -0.23123189 -0.61976337 1.0344427 1.01 -0.13878373 -0.14 0.84999953 0.84999997 1.11 1.11 1.11 1.11 1.11 1.229996 1.23 1.23 1.23 1.23 0.87 0.87 0.87 0.97999998 0.98 0.98008721 1.12 1.12 1.12 1.1200727 1.59 1.59 1.59 1.59 0.3 0.3 0.3 0.3 0.3 0.3 0.3 0.31102218 1.5032486 1.4200102 1.42 1.4196445 0.57626945 0.57000001 0.5700868 1.1199994 1.12 1.12 1.12 1.12 1.12 1.12 1.12 1.12 1.12 1.12 1.12 1.12 1.12 1.12
0.049983143 0.15 -0.57279482 -0.62 0.04 -0.13828815 -0.14 -0.14 -0.14 -0.13800006 1.11 1.11 1.11 1.11 1.11 1.23 1.23 1.23 1.23 1.23 0.87071262 0.87 0.93896913 0.98 0.98 0.98 0.95 1.0680256 1.1199974 1.5897597 1.59 1.59 1.59 1.59 1.5316372 0.3 0.3 0.3 0.3 0.3 0.30043251 1.8799949 1.741315 1.4200024 1.42 1.4199996 0.60377899 0.57 0.57 0.5700008 1.12 1.12 1.12 1.12 1.12 1.12 1.12 1.12 1.12 1.12 1.12 1.12 1.12 1.12
0.14998067 0.15 -0.62 -0.62 0.04 0.040001921 -0.14001787 -0.14 -0.14000002 1.3599764 1.2506946 1.1100002 1.11 1.1100003 1.0791646 0.65087808 1.23 1.23 1.23 1.23 1.23 0.87357661 0.98 0.98 0.97999994 0.95 0.95 0.94880397 0.35009525 0.3612061 1.5899991 1.59 1.59 1.59 1.5899857 0.3 0.3 0.3 0.3 0.30000835 1.8799999 1.88 1.8783529 1.4200005 1.42 1.42 1.2267727 0.57 0.57 0.57 0.57000001 1.12 1.12 1.12 1.12 1.12 1.12 1.12 1.12 1.12 1.12 1.12 1.12 1.12
-0.12 -0.31996189 -0.31999979 0.40762912 0.04 0.94 -0.54 -0.54 -0.39888312 1.36 1.36 2.03 2.03 2.03 0.68166063 0.65 0.65 1.2299988 1.23 1.23 0.77201171 0.76 0.97999999 0.95017275 0.95 0.95 0.94721862 0.35 0.35 0.34999999 0.1 0.1 0.1 0.1 0.1 0.10001483 0.29999999 0.3 0.30000054 1.88 1.88 1.88 1.8799999 1.4200002 1.42 1.42 1.4199954 0.57 0.57 0.57 0.57 0.57000001 1.12 1.12 1.12 1.12 1.12 1.12 1.12 1.12 1.12 1.12 1.12 1.12
0.17 0.63 0.66955926 1.3899742 0.21239053 0.08 -0.54 -0.27 0.49999994 1.36 1.36 2.03 2.03 1.16 1.16 0.65 0.65 0.65 0.65000072 0.76 0.76 0.76 0.76 0.94999977 0.95 0.35000049 0.35 0.35 0.35 0.35 0.1 0.1 0.1 0.1 0.1 0.1 0.10000911 0.35214082 1.8799997 1.88 1.88 1.88 1.88 1.420002 1.42 1.42 1.42 0.57 0.57 0.57 0.57 0.57 0.57054386 0.73952635 1.1117606 1.12 1.12 1.12 1.12 1.12 1.12 1.12 1.12 1.12
0.33 0.63 0.60010237 1.6999988 0.17 0.27 0.10999751 0.2 0.5 1.0998613 1.1 1.9612195 1.1600008 1.16 1.16 0.65 0.65 0.65 -0.21034103 0.75997763 0.76 0.76 0.76 0.9 0.9 0.35 0.35 0.35 0.35 0.34999999 0.1 0.1 0.1 0.1 0.10008925 0.86809205 0.73000555 0.73000012 1.88 1.88 1.88 1.88 1.88 1.8624 1.42 1.42 1.42 0.57 0.57 0.57 0.57 0.57 0.73 0.73 0.73 0.96690906 1.12 1.12 1.12 1.12 1.12 1.12 1.12 1.12
0.8 0.82 0.26 0.53 0.76 1.55 0.82 1.85 1.91 1.89 1.89 2.55 2.55 1.16 1.16 -0.37160082 -0.39 -0.39 -0.21001226 -0.21 0.76 0.76 0.89994446 0.9 0.9 0.9 0.36054766 0.24905137 -0.069999513 -0.069999986 0.87456533 0.92999913 0.93 0.93 0.93 0.73 0.73 0.73 1.8799809 1.88 1.88 1.88 1.88 1.88 1.42 1.42 1.42 0.57002687 0.57 0.57 0.57 0.73 0.73 0.73 0.73 0.67539065 0.1 0.1 0.1 0.10006996 0.16267894 0.90532509 1.0909057 1.1091818
0.3176635 0.7 0.86 1.15 0.82 1.18 1.3002663 2 1.71 1.8899308 1.47 1.47 2.55 -0.81 0.099999999 0.1 -0.39 -0.39 -0.69 -0.21 -0.21 0.75999915 0.9 0.9 0.9 1.18 1.18 -0.07 -0.07 -0.07 0.92067511 0.93 0.93 0.93 0.73 0.73 0.73 0.73 1.6648116 1.88 1.88 1.88 1.88 1.88 1.42 1.42 1.42 -1.8099999 -1.8099972 -1.5984775 0.72999995 0.73 0.73 0.73 0.73 0.10000111 0.1 0.1 0.1 0.1 0.1 0.099999971 0.085436872 -0.42632018
0.71 0.97 1.62 1.62 1.03 0.46 1.38 0.68 1.71 1.71 1.47 1.47 -0.81 -0.81 0.1 0.1 0.1 -0.46 -0.58 0.03 0.14 0.14 -0.12376427 0.7787679 0.89999249 1.18 1.18 -0.07 -0.07 -0.035659333 0.64771486 0.9300007 0.93 0.73000697 0.73 0.73 0.73 0.72999219 0.26016112 1.88 1.88 1.88 1.88 1.88 1.4200835 1.4199595 -1.81 -1.81 -1.81 -1.81 0.40129652 0.73 0.73 0.73 0.73 0.1 0.1 0.1 0.1 0.1 0.1 0.089793732 -0.29001079 -0.47491362
1.16 1.56 0.8301032 0.5 0.58099708 0.58 0.44 1.88 0.49 1.18 1.18 -0.08 0.25 0.25 -0.54 -0.11955903 0.29999974 -0.46 -0.71 0.030042278 0.14 -0.23 -0.22441522 0.6 0.6 0.6 0.60000875 -0.07 0.65 0.65 -0.099876423 1.9639417 2.19 2.19 2.19 0.72999956 0.2600031 0.26 0.25999999 0.075781912 -0.09 -0.09 -0.09 -0.09 -0.12676247 -1.7836349 -1.81 -1.81 -1.81 -1.81 -1.81 0.73 0.73 0.73 0.73 0.1 0.1 0.1 0.1 0.1 0.088297293 -0.28999999 -0.29002659 -0.47996007
0.38466606 -0.24999996 -0.25 1.61 0.44 -0.07 -0.33 -0.2 -0.2 0.76 0.76001009 -0.08 -0.08 0.25512681 0.04 0.3 0.3 -0.70982351 -0.71 0.67999411 -0.06 -0.23 -0.22901278 0.6 0.6 1.3251983 1.33 0.61 0.65 -0.099998528 -0.1 -0.61999995 -0.35793132 2.19 2.1842354 -0.31 0.26 0.26 0.25999995 -0.54998072 -0.09 -0.09 -0.09 -0.09 -0.94999996 -0.95 -1.81 -1.81 -1.81 -1.81 -0.52 -0.52 -0.51727154 0.73 0.39449764 0.1 0.1 0.1 0.1 0.016108904 -0.29 -0.29 -0.29004396 -0.48
-1.06 -0.1 -0.099999999 0.48 -0.61884978 -0.66 -0.33 -0.32999988 0.55 0.76 0.76 -0.07976537 0.68 0.68 -0.17999999 0.29999975 0.49 0.69303633 1.3 0.68 0.02 -0.4 -0.39842602 -0.42 -0.42 1.3299555 0.61 0.28 0.08 -0.1 -0.1 -0.16000035 -0.62 -0.62 -0.31 -0.31 0.26 0.26 -0.49216542 -0.55 -0.54999873 -0.09 -0.09 -0.09 -0.95 -0.95 -0.95 -1.81 -1.81 -0.52 -0.52 -0.52 -0.52 -0.52 0.099464293 0.1 0.1 0.1 -0.27889455 -0.29 -0.29 -0.29 -0.29182399 -0.48
-0.84 -1.21 -0.58 -0.44000018 -0.08 -0.034686158 -0.25 0.42 0.57 -0.68 -0.68 0.20999997 0.41 0.41 0.41 -0.15 -0.15 0.49 1.3499998 1.35 0.94957534 0.94999999 -0.37 -0.37 -0.41999994 0.05 0.05 0.28000015 0.95 0.079999971 0.08 -0.16 -0.47 -0.47 -0.94 -1.52 -0.11 -0.51981798 -0.22625037 -0.55 -0.55 -0.090006966 -0.28 -0.28 -0.95 -0.95 -0.95 -0.36 -0.36000008 -0.52 -0.52 -0.52 -0.5200001 -1.2399897 -1.2399885 -0.019999989 -0.019994921 -0.28473089 -0.29 -0.29 -0.29 -0.29 -0.47996187 -0.48
-1.8066681 -0.56 -0.45 -0.54 -0.37 -0.99 -0.31 0.6 -0.08 -0.68 0.21 0.21 0.010023326 0.01 -0.1 -0.10000001 -0.15 -0.15 1.13 1.35 0.95 0.95 0.94981199 0.11999927 0.12 0.11680623 0.31999998 0.32 0.06 0.69995172 0.93 1.01 -0.28 -0.28 0.12 0.12 0.79 -0.52 0.15 -0.55 -0.55 -0.55000001 -0.28 -0.28 -0.94995927 -0.95 -0.36016213 -0.36 -0.36 -0.36102371 -0.52000004 -1.24 -1.24 -1.24 -1.0442845 -0.02 -0.02 -0.02 -0.29 -0.29 -0.29 -0.29 -0.48 -0.48
-1.6 -1.59 -0.9 -1.31 -0.01 -0.17 -0.89 1.23 1.23 0.20999987 0.21 0.21 0.01 0.01 -0.1 -0.1 0.04 1.13 1.13 1.13 0.95 0.95 0.9496505 0.12000015 0.12 0.12 0.32 0.32 1.05 0.7 1.1499999 1.15 -0.08 0.74 0.5 0.12000034 0.79 1.31 1.31 -0.49027135 -0.37 -1.5899999 -1.59 -1.51 -1.5067778 -1.09 -1.0899999 -0.36 -0.36 -0.36047331 -0.44000017 -1.24 -1.24 -1.24 -0.020000001 -0.02 -0.02 -0.02 -0.24688419 -0.29 -0.29 -0.29 -0.48 -0.48
-1.599995 -1.5899994 -1.5199946 -1.31 -0.01 -0.17 -0.88999998 0.65306033 -0.63 -0.63 0.20999952 0.21 0.01 0.01 -0.1 -0.1 0.04 1.13 0.50504228 0.43001012 0.94996202 0.94999954 0.22 0.22 0.22 0.22 0.32 1.05 1.05 1.05 1.149999 1.89 1.89 0.75678049 0.5 0.5 1.3101102 1.31 1.31 -0.37 -0.37 -1.59 -1.59 -1.51 -1.5087006 -1.09 -1.09 -0.36 -0.36 -0.44 -0.44 -0.44 -1.24 -1.24 -0.02 -0.02 -0.02 -0.02 -0.02 -0.29 -0.29 -0.29000026 -0.48 -0.48
-0.59 -1.4360115 -1.519178 -1.31 -0.010053108 -0.16991069 -0.6300095 -0.63 -0.63 -0.63 -0.63 0.19068415 0.01 0.0099999962 -0.099705417 -0.099999878 0.43 0.43 0.43 0.43 0.43 0.22000013 0.22 0.22 0.22 0.44995616 1.0309274 1.05 1.05 1.05 1.01 1.89 1.89 1.89 1.2034229 1.66 1.66 1.66 1.3879621 0.78 0.78 -1.5840467 -1.59 -1.51 1.04 1.04 -1.060436 -0.36 1.4698056 1.47 -0.43999997 -0.44 -0.44033098 -1.2399957 -0.02 -0.02 -0.02 -0.02 -0.02 0.81985009 0.80655151 -0.1338299 -0.48 -0.53980249
