Interpolating SPI Data/spi_stations/interpolated_spi/7-20_3.tif
NCOLS 257
NROWS 141
XLLCORNER -178.27925
YLLCORNER 5.3153543
DX 0.49934803
DY 0.49997533
NODATA_VALUE -9999
[rows 28 to 55 of 141, columns 0 to 62 of 257]
1.8954039 1.8967557 1.8980892 1.8994034 1.9006977 1.901971 1.9032226 1.9044515 1.905657 1.9068381 1.9079941 1.9091242 1.9102275 1.9113033 1.9123509 1.9133696 1.9143587 1.9153175 1.9162456 1.9171423 1.9180072 1.9188399 1.91964 1.9204073 1.9211414 1.9218423 1.9225098 1.923144 1.923745 1.9243128 1.9248479 1.9253504 1.9258209 1.9262598 1.9266678 1.9270456 1.927394 1.9277137 1.9280059 1.9282715 1.9285116 1.9287275 1.9289203 1.9290914 1.9292421 1.9293738 1.9294879 1.9295859 1.9296692 1.9297392 1.9297973 1.929845 1.9298835 1.9299141 1.9299379 1.9299562 1.9299699 1.9299799 1.929987 1.9299919 1.9299952 1.9299972 1.9299985
1.8968593 1.8981893 1.8994999 1.9007903 1.9020596 1.903307 1.9045317 1.9057328 1.9069095 1.908061 1.9091865 1.9102852 1.9113565 1.9123996 1.9134138 1.9143984 1.915353 1.9162769 1.9171695 1.9180305 1.9188595 1.9196561 1.92042 1.921151 1.9218489 1.9225138 1.9231456 1.9237443 1.9243103 1.9248436 1.9253448 1.9258141 1.9262521 1.9266594 1.9270366 1.9273847 1.9277043 1.9279966 1.9282623 1.9285028 1.9287191 1.9289124 1.9290841 1.9292354 1.9293677 1.9294825 1.9295812 1.9296651 1.9297357 1.9297944 1.9298425 1.9298815 1.9299125 1.9299367 1.9299553 1.9299692 1.9299794 1.9299867 1.9299917 1.929995 1.9299971 1.9299984 1.9299992
1.8982065 1.899514 1.9008011 1.9020672 1.9033113 1.9045325 1.9057302 1.9069035 1.9080516 1.9091738 1.9102692 1.9113373 1.9123773 1.9133885 1.9143704 1.9153222 1.9162436 1.917134 1.917993 1.9188201 1.919615 1.9203776 1.9211075 1.9218046 1.9224689 1.9231004 1.9236991 1.9242653 1.9247991 1.925301 1.9257713 1.9262104 1.9266191 1.926998 1.9273478 1.9276693 1.9279635 1.9282314 1.928474 1.9286925 1.928888 1.9290619 1.9292154 1.9293499 1.9294667 1.9295673 1.929653 1.9297254 1.9297856 1.9298352 1.9298755 1.9299076 1.9299328 1.9299523 1.9299669 1.9299777 1.9299854 1.9299908 1.9299944 1.9299968 1.9299982 1.9299991 1.9299995
1.8994537 1.9007384 1.902002 1.9032436 1.9044624 1.9056577 1.9068286 1.9079744 1.9090944 1.9101878 1.911254 1.9122922 1.9133018 1.9142823 1.9152331 1.9161535 1.9170432 1.9179018 1.9187287 1.9195238 1.9202868 1.9210174 1.9217155 1.9223811 1.9230141 1.9236147 1.9241829 1.9247191 1.9252236 1.9256966 1.9261388 1.9265507 1.926933 1.9272862 1.9276114 1.9279093 1.9281809 1.9284272 1.9286495 1.9288487 1.9290262 1.9291833 1.9293212 1.9294413 1.929545 1.9296337 1.9297087 1.9297715 1.9298234 1.9298657 1.9298997 1.9299265 1.9299473 1.9299631 1.9299748 1.9299833 1.9299893 1.9299934 1.9299961 1.9299978 1.9299988 1.9299994 1.9299997
1.9006087 1.9018706 1.9031106 1.9043279 1.9055217 1.9066913 1.9078359 1.9089548 1.9100474 1.9111128 1.9121506 1.91316 1.9141404 1.9150914 1.9160123 1.9169028 1.9177624 1.9185908 1.9193876 1.9201525 1.9208854 1.9215861 1.9222545 1.9228907 1.9234948 1.9240668 1.9246069 1.9251156 1.9255931 1.92604 1.9264566 1.9268438 1.9272021 1.9275324 1.9278355 1.9281123 1.9283638 1.9285912 1.9287955 1.9289779 1.9291397 1.9292823 1.9294068 1.9295147 1.9296073 1.929686 1.9297521 1.9298071 1.9298522 1.9298886 1.9299176 1.9299402 1.9299576 1.9299707 1.9299803 1.9299871 1.9299919 1.9299951 1.9299971 1.9299984 1.9299992 1.9299996 1.9299998
1.9016782 1.9029175 1.9041342 1.9053275 1.9064968 1.9076413 1.9087602 1.909853 1.9109189 1.9119573 1.9129677 1.9139494 1.9149018 1.9158246 1.9167172 1.9175792 1.9184103 1.9192101 1.9199784 1.920715 1.9214197 1.9220925 1.9227333 1.9233422 1.9239194 1.924465 1.9249793 1.9254627 1.9259156 1.9263385 1.926732 1.9270967 1.9274335 1.9277431 1.9280264 1.9282844 1.9285181 1.9287287 1.9289172 1.929085 1.9292332 1.9293631 1.9294762 1.9295737 1.9296569 1.9297273 1.9297861 1.9298346 1.9298741 1.9299058 1.9299309 1.9299503 1.9299651 1.9299761 1.9299841 1.9299897 1.9299936 1.9299962 1.9299978 1.9299988 1.9299994 1.9299997 1.9299999
1.9026683 1.9038854 1.9050793 1.9062492 1.9073945 1.9085146 1.9096086 1.9106761 1.9117163 1.9127287 1.9137128 1.9146679 1.9155937 1.9164896 1.9173552 1.9181903 1.9189944 1.9197673 1.9205089 1.9212189 1.9218972 1.922544 1.9231591 1.9237427 1.924295 1.9248163 1.9253068 1.925767 1.9261974 1.9265984 1.9269708 1.9273153 1.9276326 1.9279236 1.9281892 1.9284304 1.9286484 1.9288441 1.9290188 1.9291738 1.9293102 1.9294293 1.9295326 1.9296212 1.9296965 1.9297599 1.9298126 1.9298559 1.9298909 1.9299189 1.9299408 1.9299577 1.9299705 1.9299799 1.9299867 1.9299915 1.9299947 1.9299969 1.9299982 1.929999 1.9299995 1.9299998 1.9299999
1.9035846 1.90478 1.9059516 1.9070988 1.9082209 1.9093173 1.9103873 1.9114304 1.912446 1.9134335 1.9143924 1.9153222 1.9162225 1.917093 1.9179331 1.9187426 1.9195213 1.920269 1.9209854 1.9216705 1.9223243 1.9229468 1.923538 1.9240982 1.9246275 1.9251263 1.925595 1.9260339 1.9264437 1.9268249 1.9271782 1.9275043 1.927804 1.9280783 1.9283282 1.9285545 1.9287584 1.9289411 1.9291037 1.9292475 1.9293737 1.9294835 1.9295784 1.9296595 1.9297282 1.9297858 1.9298335 1.9298724 1.9299039 1.9299288 1.9299483 1.9299632 1.9299744 1.9299827 1.9299886 1.9299927 1.9299955 1.9299973 1.9299985 1.9299992 1.9299996 1.9299998 1.9299999
1.904432 1.9056062 1.9067563 1.9078815 1.9089812 1.9100548 1.9111018 1.9121215 1.9131135 1.9140772 1.9150121 1.9159179 1.9167941 1.9176404 1.9184564 1.9192419 1.9199967 1.9207206 1.9214135 1.9220754 1.9227062 1.9233061 1.9238752 1.9244137 1.9249218 1.9254 1.9258485 1.926268 1.926659 1.9270221 1.9273581 1.9276676 1.9279516 1.928211 1.9284467 1.9286598 1.9288514 1.9290226 1.9291746 1.9293086 1.9294259 1.9295278 1.9296155 1.9296903 1.9297535 1.9298062 1.9298498 1.9298852 1.9299137 1.9299363 1.9299538 1.9299672 1.9299773 1.9299846 1.9299899 1.9299935 1.929996 1.9299976 1.9299986 1.9299993 1.9299996 1.9299998 1.9299999
1.9052147 1.9063686 1.9074978 1.9086018 1.90968 1.9107319 1.9117567 1.9127542 1.9137236 1.9146647 1.9155769 1.9164599 1.9173133 1.9181368 1.9189301 1.919693 1.9204253 1.921127 1.921798 1.9224381 1.9230476 1.9236266 1.9241751 1.9246935 1.9251821 1.9256413 1.9260715 1.9264732 1.9268471 1.9271938 1.927514 1.9278086 1.9280785 1.9283245 1.9285476 1.928749 1.9289297 1.9290908 1.9292336 1.9293592 1.9294689 1.929564 1.9296456 1.9297151 1.9297736 1.9298223 1.9298624 1.9298951 1.9299212 1.9299419 1.9299579 1.9299701 1.9299793 1.929986 1.9299908 1.9299941 1.9299963 1.9299978 1.9299987 1.9299993 1.9299996 1.9299998 1.9299999
1.9059366 1.9070708 1.9081801 1.9092639 1.9103215 1.9113525 1.9123564 1.9133326 1.9142807 1.9152003 1.916091 1.9169525 1.9177843 1.9185864 1.9193583 1.9201 1.9208114 1.9214923 1.9221427 1.9227627 1.9233524 1.9239119 1.9244415 1.9249414 1.9254121 1.9258538 1.9262672 1.9266527 1.927011 1.9273428 1.9276489 1.9279301 1.9281872 1.9284213 1.9286333 1.9288243 1.9289954 1.9291477 1.9292825 1.9294008 1.929504 1.9295932 1.9296698 1.9297347 1.9297894 1.9298348 1.9298722 1.9299025 1.9299268 1.929946 1.9299608 1.9299722 1.9299806 1.9299869 1.9299913 1.9299944 1.9299965 1.9299979 1.9299988 1.9299993 1.9299996 1.9299998 1.9299999
1.9066007 1.9077163 1.9088066 1.909871 1.9109091 1.9119204 1.9129043 1.9138604 1.9147883 1.9156877 1.9165581 1.9173992 1.9182109 1.9189928 1.9197447 1.9204666 1.9211584 1.9218199 1.9224513 1.9230526 1.9236239 1.9241655 1.9246776 1.9251605 1.9256147 1.9260405 1.9264385 1.9268093 1.9271535 1.9274719 1.9277652 1.9280343 1.9282802 1.9285036 1.9287058 1.9288876 1.9290503 1.929195 1.9293228 1.9294349 1.9295325 1.9296168 1.9296889 1.9297502 1.9298017 1.9298444 1.9298795 1.929908 1.9299309 1.9299489 1.9299628 1.9299735 1.9299815 1.9299874 1.9299916 1.9299945 1.9299965 1.9299979 1.9299988 1.9299993 1.9299996 1.9299998 1.9299999
1.9072099 1.9083077 1.90938 1.9104262 1.9114458 1.9124383 1.9134034 1.9143406 1.9152495 1.9161298 1.9169812 1.9178033 1.918596 1.9193591 1.9200924 1.9207958 1.9214693 1.9221129 1.9227266 1.9233106 1.923865 1.9243901 1.9248861 1.9253534 1.9257925 1.9262038 1.9265878 1.9269452 1.9272767 1.927583 1.9278649 1.9281233 1.928359 1.9285731 1.9287665 1.9289404 1.9290958 1.9292338 1.9293556 1.9294623 1.9295552 1.9296353 1.9297039 1.9297621 1.9298109 1.9298515 1.9298849 1.9299119 1.9299336 1.9299507 1.9299641 1.9299742 1.9299819 1.9299876 1.9299916 1.9299945 1.9299965 1.9299978 1.9299987 1.9299992 1.9299996 1.9299998 1.9299999
1.9077662 1.9088473 1.9099026 1.9109316 1.9119338 1.9129088 1.9138562 1.9147757 1.9156668 1.9165293 1.9173628 1.9181672 1.9189423 1.9196879 1.9204038 1.9210901 1.9217467 1.9223737 1.9229711 1.9235392 1.924078 1.9245879 1.9250692 1.9255223 1.9259477 1.9263458 1.9267172 1.9270626 1.9273826 1.9276781 1.9279498 1.9281985 1.9284254 1.9286312 1.928817 1.9289839 1.9291329 1.9292652 1.9293818 1.9294841 1.9295729 1.9296496 1.9297152 1.9297709 1.9298176 1.9298565 1.9298884 1.9299144 1.9299352 1.9299517 1.9299646 1.9299745 1.9299819 1.9299875 1.9299915 1.9299943 1.9299963 1.9299977 1.9299986 1.9299991 1.9299995 1.9299997 1.9299999
1.9082713 1.9093368 1.9103762 1.9113891 1.9123751 1.9133337 1.9142646 1.9151675 1.9160421 1.916888 1.917705 1.918493 1.9192517 1.9199811 1.9206811 1.9213516 1.9219926 1.9226043 1.9231868 1.9237402 1.9242648 1.9247609 1.9252288 1.925669 1.926082 1.9264681 1.9268282 1.9271628 1.9274726 1.9277584 1.928021 1.9282614 1.9284803 1.9286789 1.9288581 1.929019 1.9291625 1.9292899 1.9294023 1.9295007 1.9295862 1.9296601 1.9297233 1.9297769 1.929822 1.9298595 1.9298904 1.9299156 1.9299359 1.9299519 1.9299645 1.9299742 1.9299816 1.9299871 1.9299911 1.929994 1.9299961 1.9299975 1.9299984 1.929999 1.9299994 1.9299997 1.9299998
1.9087263 1.9097772 1.9108019 1.9117999 1.9127708 1.9137143 1.91463 1.9155176 1.9163768 1.9172074 1.9180093 1.9187821 1.9195258 1.9202403 1.9209255 1.9215816 1.9222084 1.9228062 1.923375 1.9239151 1.9244268 1.9249104 1.9253663 1.9257948 1.9261966 1.9265721 1.9269221 1.927247 1.9275478 1.927825 1.9280797 1.9283127 1.9285248 1.9287172 1.9288907 1.9290464 1.9291853 1.9293086 1.9294174 1.9295126 1.9295955 1.9296671 1.9297284 1.9297804 1.9298243 1.9298608 1.929891 1.9299156 1.9299355 1.9299514 1.9299638 1.9299735 1.9299809 1.9299864 1.9299906 1.9299935 1.9299957 1.9299971 1.9299982 1.9299988 1.9299993 1.9299996 1.9299997
1.9091315 1.910169 1.9111801 1.9121644 1.9131215 1.9140511 1.9149528 1.9158264 1.9166717 1.9174883 1.9182762 1.9190353 1.9197653 1.9204662 1.9211381 1.921781 1.922395 1.9229801 1.9235367 1.9240649 1.924565 1.9250373 1.9254824 1.9259006 1.9262924 1.9266585 1.9269995 1.927316 1.9276088 1.9278787 1.9281265 1.9283531 1.9285594 1.9287464 1.9289151 1.9290664 1.9292016 1.9293215 1.9294273 1.9295201 1.9296009 1.9296707 1.9297305 1.9297815 1.9298244 1.9298604 1.9298901 1.9299144 1.9299342 1.92995 1.9299625 1.9299722 1.9299797 1.9299854 1.9299897 1.9299928 1.929995 1.9299966 1.9299978 1.9299985 1.929999 1.9299993 1.9299995
1.9094865 1.9105119 1.9115108 1.9124827 1.9134272 1.9143442 1.9152333 1.9160942 1.9169268 1.9177308 1.9185061 1.9192527 1.9199703 1.9206591 1.921319 1.9219502 1.9225526 1.9231265 1.9236721 1.9241896 1.9246794 1.9251419 1.9255774 1.9259865 1.9263697 1.9267275 1.9270607 1.9273699 1.9276559 1.9279194 1.9281613 1.9283825 1.928584 1.9287666 1.9289313 1.9290792 1.9292112 1.9293285 1.9294321 1.9295229 1.9296021 1.9296707 1.9297296 1.9297798 1.9298223 1.9298579 1.9298874 1.9299117 1.9299315 1.9299474 1.9299601 1.9299701 1.9299778 1.9299837 1.9299882 1.9299915 1.9299939 1.9299956 1.9299968 1.9299975 1.9299979 1.9299981 1.9299979
1.9097903 1.9108049 1.9117927 1.9127535 1.9136869 1.9145926 1.9154703 1.9163199 1.9171412 1.917934 1.9186981 1.9194336 1.9201403 1.9208183 1.9214676 1.9220883 1.9226806 1.9232446 1.9237806 1.9242888 1.9247697 1.9252235 1.9256508 1.926052 1.9264277 1.9267785 1.9271051 1.9274081 1.9276884 1.9279466 1.9281837 1.9284006 1.928598 1.9287771 1.9289387 1.9290839 1.9292136 1.929329 1.9294309 1.9295204 1.9295986 1.9296664 1.9297248 1.9297747 1.929817 1.9298525 1.9298822 1.9299067 1.9299267 1.9299429 1.9299559 1.9299661 1.9299741 1.9299802 1.9299848 1.9299882 1.9299905 1.929992 1.9299927 1.9299926 1.9299915 1.9299889 1.9299835
1.9100407 1.9110458 1.912024 1.912975 1.9138985 1.9147943 1.9156622 1.9165019 1.9173132 1.9180962 1.9188505 1.9195763 1.9202735 1.9209421 1.9215822 1.9221939 1.9227774 1.9233329 1.9238606 1.9243609 1.9248341 1.9252806 1.925701 1.9260956 1.9264651 1.9268101 1.9271312 1.9274292 1.9277048 1.9279588 1.9281921 1.9284055 1.9285999 1.9287764 1.9289357 1.9290789 1.9292071 1.9293211 1.929422 1.9295108 1.9295885 1.929656 1.9297142 1.9297641 1.9298066 1.9298424 1.9298723 1.9298971 1.9299174 1.9299339 1.929947 1.9299573 1.9299652 1.929971 1.929975 1.9299773 1.9299778 1.9299764 1.9299724 1.9299643 1.9299492 1.9299202 1.9298613
1.9102346 1.9112315 1.9122014 1.913144 1.9140591 1.9149464 1.9158058 1.9166369 1.9174398 1.9182143 1.9189604 1.9196779 1.920367 1.9210276 1.9216599 1.922264 1.9228401 1.9233885 1.9239093 1.924403 1.9248698 1.9253104 1.925725 1.9261143 1.9264788 1.9268191 1.927136 1.92743 1.9277021 1.9279529 1.9281833 1.9283943 1.9285865 1.9287611 1.9289189 1.929061 1.9291882 1.9293015 1.9294019 1.9294904 1.929568 1.9296355 1.9296938 1.9297439 1.9297865 1.9298225 1.9298525 1.9298772 1.9298973 1.9299132 1.9299254 1.9299343 1.9299399 1.9299423 1.9299411 1.9299356 1.9299242 1.9299036 1.9298675 1.9298031 1.9296822 1.9294396 1.9289098
1.9103674 1.9113575 1.9123205 1.9132561 1.9141641 1.9150443 1.9158965 1.9167206 1.9175164 1.9182839 1.919023 1.9197337 1.9204161 1.9210702 1.9216961 1.922294 1.9228641 1.9234066 1.9239219 1.9244103 1.9248721 1.9253079 1.9257181 1.9261032 1.9264639 1.9268007 1.9271143 1.9274055 1.927675 1.9279235 1.928152 1.9283612 1.9285521 1.9287255 1.9288824 1.9290237 1.9291504 1.9292633 1.9293635 1.9294519 1.9295292 1.9295966 1.9296547 1.9297043 1.9297463 1.9297813 1.9298098 1.9298324 1.9298495 1.9298612 1.9298674 1.9298678 1.9298614 1.9298463 1.9298191 1.9297737 1.9296985 1.9295716 1.9293487 1.9289353 1.9281155 1.9263568 1.9222299
1.9104331 1.9114176 1.912375 1.913305 1.9142073 1.9150818 1.9159282 1.9167466 1.9175367 1.9182985 1.9190321 1.9197373 1.9204143 1.9210632 1.921684 1.922277 1.9228423 1.9233803 1.9238913 1.9243756 1.9248336 1.9252658 1.9256726 1.9260546 1.9264124 1.9267467 1.927058 1.9273471 1.9276147 1.9278617 1.9280888 1.9282968 1.9284866 1.9286592 1.9288153 1.9289559 1.9290818 1.929194 1.9292933 1.9293806 1.9294566 1.9295222 1.929578 1.9296245 1.9296624 1.929692 1.9297133 1.9297263 1.9297303 1.9297243 1.929706 1.9296718 1.9296154 1.9295262 1.9293855 1.9291592 1.9287829 1.9281291 1.9269297 1.9245861 1.9196673 1.9085026 1.8810479
1.9104236 1.9114039 1.9123569 1.9132825 1.9141803 1.9150503 1.9158923 1.9167062 1.9174919 1.9182493 1.9189785 1.9196795 1.9203523 1.9209971 1.921614 1.9222032 1.922765 1.9232995 1.9238072 1.9242884 1.9247435 1.9251729 1.9255772 1.9259568 1.9263125 1.9266447 1.9269541 1.9272415 1.9275075 1.927753 1.9279786 1.9281852 1.9283735 1.9285445 1.9286988 1.9288374 1.9289609 1.9290702 1.929166 1.9292489 1.9293193 1.9293779 1.9294248 1.92946 1.9294833 1.9294938 1.9294902 1.92947 1.9294292 1.9293615 1.9292567 1.9290979 1.9288569 1.9284851 1.9278951 1.9269241 1.9252539 1.9222298 1.9164303 1.9045912 1.8788402 1.819781 1.6828762
1.9103287 1.9113058 1.9122556 1.9131778 1.9140723 1.9149389 1.9157775 1.9165879 1.9173702 1.9181243 1.9188501 1.9195478 1.9202174 1.9208591 1.9214729 1.9220592 1.922618 1.9231498 1.9236548 1.9241334 1.924586 1.925013 1.925415 1.9257924 1.9261458 1.9264758 1.9267829 1.927068 1.9273316 1.9275744 1.9277971 1.9280004 1.928185 1.9283516 1.9285008 1.9286332 1.9287494 1.9288497 1.9289345 1.9290039 1.9290576 1.9290953 1.9291157 1.9291173 1.9290973 1.9290514 1.928973 1.9288523 1.9286736 1.9284124 1.9280293 1.9274587 1.9265889 1.9252219 1.9229941 1.9192077 1.912465 1.8998392 1.8749709 1.823833 1.7169932 1.5059586 1.1662667
1.9101353 1.9111101 1.9120575 1.9129772 1.9138691 1.9147331 1.915569 1.9163768 1.9171563 1.9179076 1.9186307 1.9193257 1.9199925 1.9206314 1.9212425 1.921826 1.9223821 1.9229111 1.9234133 1.9238891 1.9243388 1.9247628 1.9251616 1.9255356 1.9258854 1.9262115 1.9265144 1.9267947 1.927053 1.9272896 1.9275053 1.9277004 1.9278755 1.9280308 1.9281666 1.928283 1.9283799 1.9284569 1.9285131 1.9285473 1.9285575 1.9285404 1.9284915 1.9284042 1.9282686 1.92807 1.9277865 1.9273845 1.9268119 1.9259852 1.9247678 1.922929 1.9200664 1.9154535 1.9077312 1.8942674 1.8698211 1.8238603 1.736034 1.5730883 1.3057603 0.96963328 0.6848132
1.9098272 1.9108001 1.9117455 1.9126631 1.9135528 1.9144145 1.9152479 1.9160532 1.9168301 1.9175787 1.918299 1.918991 1.9196548 1.9202905 1.9208983 1.9214783 1.9220308 1.9225559 1.9230539 1.9235252 1.92397 1.9243887 1.9247817 1.9251493 1.9254919 1.9258099 1.9261037 1.9263735 1.9266197 1.9268425 1.927042 1.9272183 1.9273712 1.9275004 1.927605 1.9276841 1.9277359 1.9277581 1.9277473 1.9276984 1.9276047 1.9274563 1.9272394 1.9269337 1.9265101 1.925925 1.9251126 1.9239714 1.922341 1.9199617 1.9164007 1.910917 1.9022034 1.8878927 1.8636079 1.8212209 1.7461327 1.6151942 1.4036337 1.116372 0.82286514 0.61050768 0.49861026
1.9093841 1.910355 1.9112982 1.9122135 1.9131006 1.9139595 1.91479 1.9155921 1.9163656 1.9171105 1.9178269 1.9185147 1.9191741 1.9198049 1.9204074 1.9209817 1.9215279 1.9220462 1.9225367 1.9229997 1.9234353 1.9238437 1.9242252 1.9245798 1.9249078 1.9252091 1.9254838 1.9257317 1.9259527 1.9261462 1.9263117 1.926448 1.9265538 1.926627 1.9266649 1.9266637 1.9266181 1.9265211 1.9263631 1.9261305 1.9258047 1.9253596 1.9247578 1.9239453 1.9228426 1.9213308 1.9192279 1.91625 1.9119431 1.9055645 1.8958705 1.8807349 1.8564692 1.8166712 1.7505555 1.6416454 1.4708214 1.2320528 0.95876186 0.71982508 0.56261387 0.48137424 0.44606214
