Interpolating SPI Data/spi_stations/interpolated_spi/7-21_3.tif
NCOLS 257
NROWS 141
XLLCORNER -178.27925
YLLCORNER 5.3153543
DX 0.49934803
DY 0.49997533
NODATA_VALUE -9999
[rows 28 to 55 of 141, columns 62 to 123 of 257]
2.4399922 2.439996 2.4399981 2.4399992 2.4399997 2.4399999 2.44 2.44 2.44 2.44 2.44 2.44 2.44 2.44 2.44 2.44 2.44 2.44 2.44 2.44 2.4399804 -2.75 -2.75 -2.7499998 -0.02 -0.02 -0.02 -1.4233894 -1.43 -1.43 -1.43 -1.43 -1.43 0.069973834 0.07 0.07 0.07 0.07 0.07 0.07 0.07 0.070165282 0.59 0.59 0.59 0.59 0.59 0.59 0.03 0.03 0.09169113 0.48 0.48 0.48 0.48 0.48 0.47999925 0.29 0.29 0.29 2.2408008 2.28
2.4399959 2.439998 2.4399991 2.4399997 2.4399999 2.44 2.44 2.44 2.44 2.44 2.44 2.44 2.44 2.44 2.44 2.44 2.44 2.44 2.44 2.44 2.44 2.4389766 -0.30755333 -0.02 -0.02 -0.02 -0.02 -1.43 -1.43 -1.43 -1.43 -1.43 -1.43 0.069999027 0.07 0.07 0.07 0.07 0.07 0.07 0.07 0.070000026 0.59 0.59 0.59 0.59 0.59 0.59 0.03 0.03 0.03 0.48 0.48 0.48 0.48 0.48 0.48 0.29001605 0.31579063 2.279995 2.28 2.28
2.4399976 2.4399989 2.4399996 2.4399998 2.4399999 2.44 2.44 2.44 2.44 2.44 2.44 2.44 2.44 2.44 2.44 2.44 2.44 2.44 2.44 2.44 2.44 2.44 -0.02 -0.02 -0.02 -0.02 -0.02 -1.43 -1.43 -1.43 -1.43 -1.43 -1.43 0.069999947 0.07 0.07 0.07 0.07 0.07 0.07 0.07 0.07 0.58999535 0.59 0.59 0.59 0.59 0.59 0.03 0.03 0.03 0.47992213 0.48 0.48 0.48 0.48 0.48 1.8680874 2.2799987 2.28 2.28 2.28
2.4399985 2.4399994 2.4399998 2.4399999 2.44 2.44 2.44 2.44 2.44 2.44 2.44 2.44 2.44 2.44 2.44 2.44 2.44 2.44 2.44 2.44 2.44 2.44 -0.02 -0.02 -0.02 -0.02 -0.020015744 -1.43 -1.43 -1.43 -1.43 -1.43 -1.43 -0.99413095 0.07 0.07 0.07 0.07 0.07 0.07 0.07 0.07 0.57075779 0.59 0.59 0.59 0.59 0.5899214 0.030000002 0.030002659 0.072839814 0.3506217 0.47999955 0.48 0.48 0.48 0.47999809 0.97668569 2.2602677 2.2799933 2.28 2.28
2.439999 2.4399996 2.4399998 2.4399999 2.44 2.44 2.44 2.44 2.44 2.44 2.44 2.44 2.44 2.44 2.44 2.44 2.44 2.44 2.44 2.44 2.44 2.44 -0.02 -0.02 -0.02 -0.02 -1.4006136 -1.43 -1.43 -1.43 -1.43 -1.43 -1.1300037 -1.13 -1.13 0.07 0.07 0.07 0.07 0.07 0.07 0.07 0.079494799 0.59 0.59 0.58999848 0.37134234 0.36 0.36 0.36 0.36 0.36 0.36 0.36007215 0.47775963 -0.82407283 -0.84316448 -1.3790762 -1.617312 -1.60897 -1.3017477 -0.91032881
2.4399993 2.4399997 2.4399999 2.44 2.44 2.44 2.44 2.44 2.44 2.44 2.44 2.44 2.44 2.44 2.44 2.44 2.44 2.44 2.44 2.44 2.44 2.4399851 -0.01999964 -0.02 -0.02 -0.020000001 -1.4299676 -1.43 -1.43 -1.43 -1.43 -1.4292144 -1.13 -1.13 -1.13 -1.13 0.045937654 0.07 0.07 0.07 0.07 0.07 0.070046588 0.58822799 0.38178525 0.36000007 0.36 0.36 0.36 0.36 0.36 0.36 0.36 0.35999973 -0.82999935 -0.83000049 -0.83467278 -1.5995798 -1.3725859 -1.619956 -1.6195208 -0.91632263
2.4399994 2.4399998 2.4399999 2.44 2.44 2.44 2.44 2.44 2.44 2.44 2.44 2.44 2.44 2.44 2.44 2.44 2.44 2.44 2.44 2.44 2.44 2.4392042 -0.01996738 -0.02 -0.02 -0.02009056 -1.4299959 -1.43 -1.43 -1.43 -1.43 -1.13 -1.13 -1.13 -1.13 -1.13 -1.13 -1.1297744 0.069993082 0.069999999 0.07 0.07 0.070005946 0.3600908 0.36000001 0.36 0.36 0.36 0.36 0.36 0.36 0.36 0.36 -0.82390373 -0.83 -0.83 -0.83087295 -1.699771 -1.1800016 -1.4843108 -1.62 -1.62
2.4399995 2.4399998 2.4399999 2.44 2.44 2.44 2.44 2.44 2.44 2.44 2.44 2.44 2.44 2.44 2.44 2.44 2.44 2.44 2.44 2.44 2.44 2.4307893 -0.019411831 -0.019999999 -0.020000071 -0.070276449 -1.4299962 -1.43 -1.43 -1.43 -1.1316922 -1.13 -1.13 -1.13 -1.13 -1.13 -1.13 -1.13 -1.1299551 -0.0046524268 0.069913745 0.069997103 0.072505357 0.35999999 0.36 0.36 0.36 0.36 0.36 0.36 0.36 0.36 0.35990051 -0.83 -0.83 -0.83 -0.8300422 -1.7 -1.1800052 -1.18 -1.618919 -1.62
2.4399995 2.4399998 2.4399999 2.44 2.44 2.44 2.44 2.44 2.44 2.44 2.44 2.44 2.44 2.44 2.44 2.44 2.44 2.44 2.44 2.44 2.4399979 2.3965328 -0.01599502 -0.019999804 -0.020048426 -0.81244222 -1.4299929 -1.43 -1.43 -1.4189967 -1.13 -1.13 -1.13 -1.13 -1.13 -1.13 -1.13 -1.13 -1.13 -1.1298903 -0.77940926 0.44441516 0.44999977 0.42559364 0.35872239 0.35999724 0.36 0.36 0.36 0.36 0.36 -0.95345475 -1.06 -0.83001981 -0.83 -0.83 -0.8300001 -1.7 -1.6693105 -1.18 -1.18 -1.6199983
2.4399995 2.4399998 2.4399999 2.44 2.44 2.44 2.44 2.44 2.44 2.44 2.44 2.44 2.44 2.44 2.44 2.44 2.44 2.44 2.44 2.4399999 2.4399468 2.3208573 -0.0049412691 0.016353475 0.26912245 0.26999329 0.26999434 0.26999072 0.26996778 0.085134194 -1.1299988 -1.13 -1.13 -1.13 -1.13 -1.13 -1.13 -1.13 -1.1299389 0.85107918 0.57407153 0.45000009 0.45 0.44998675 -0.56822396 -0.56999976 -0.56999945 -0.56998489 -0.56057649 0.33133377 -1.0599994 -1.06 -1.06 -1.06 -0.83 -0.83 -0.83 -1.7 -1.7 -1.27 -1.18 -1.18
2.4399995 2.4399998 2.4399999 2.44 2.44 2.44 2.44 2.44 2.44 2.44 2.44 2.44 2.44 2.44 2.44 2.44 2.44 2.44 2.44 2.4399981 2.4391935 0.41055634 0.26999805 0.27 0.27 0.27 0.27 0.27 0.27 0.27010205 0.59126243 0.35001436 0.34460417 -0.99502882 -1.1299719 -1.1299999 -1.036901 2.0599631 2.06 2.0599999 0.47555297 0.45 0.45 0.45 -0.14236406 -0.57 -0.57 -0.57 -0.57 -0.57 -1.0599998 -1.06 -1.06 -1.06 -1.58 -1.58 -1.1499983 -1.7 -2.1199991 -1.27 -1.27 -1.4499655
2.4399994 2.4399997 2.4399999 2.4399999 2.44 2.44 2.44 2.44 2.44 2.44 2.44 2.44 2.44 2.44 2.44 2.44 2.44 2.44 2.439984 2.3654612 0.27190414 0.26999999 0.27 0.27 0.27 0.27 0.27 0.27 0.27 0.27000284 1.1390186 0.35005971 0.35000004 0.35000006 0.35000277 0.56112092 2.06 2.06 2.06 2.06 0.45162298 0.45 0.45 0.45 0.44998189 -0.57 -0.57 -0.57 -0.57 -0.57 -0.57042554 -1.06 -1.06 -1.06 -2.01 -1.150368 -1.15 -1.76 -2.12 -1.27 -1.45 -1.45
2.4399993 2.4399997 2.4399998 2.4399999 2.44 2.44 2.44 2.44 2.44 2.44 2.44 2.44 2.44 2.44 2.44 2.4399999 2.4399933 2.4372832 0.93265434 0.27009455 0.26999956 0.26999996 0.27 0.27 0.27 0.27 0.27 0.27 0.27 0.27 1.1599627 0.35271522 0.35 0.35 0.35000039 0.93011518 2.06 2.06 2.06 2.06 0.4500156 0.45 0.45 0.45 0.45 -0.56999999 -0.57 -0.57 -0.57 -0.57 -0.57 -1.06 -1.06 -2.01 -2.01 -1.4608974 -1.7799994 -1.81 -2.21 -1.97 -1.45 -0.82
2.4399992 2.4399996 2.4399998 2.4399999 2.4399999 2.44 2.44 2.44 2.44 2.44 2.44 2.44 2.44 2.4399997 2.4399914 2.4393986 2.3218898 0.31999891 0.26997883 0.26999026 0.26999827 0.26999982 0.26999999 0.27 0.27 0.27 0.27 0.27 0.27 0.27 1.16 1.1599874 0.35 0.35 0.35002518 0.56667237 2.06 2.06 2.06 2.06 0.45000001 0.45 0.45 0.45 0.45 -0.47191861 -0.57 -0.57 -0.57 -0.57 -0.57 -1.0587005 -2.0093029 -2.01 -2.0071596 -1.46 -1.53 -1.5300001 -1.1936027 -1.19 -1.73 -0.82
2.4399989 2.4399994 2.4399997 2.4399998 2.4399999 2.4399999 2.44 2.44 2.44 2.4399999 2.4399998 2.4399985 2.4399828 2.4396256 2.4226625 1.3984184 0.27644822 0.26965573 0.26985495 0.26995223 0.26998859 0.2699983 0.26999988 0.27 0.27 0.27 0.27 0.27 0.27 0.27 1.16 1.16 0.35 0.35 0.49922417 -0.50795578 2.06 2.06 2.06 2.06 0.45 0.45 0.45 0.45 0.45 0.44999998 -0.57 -0.57 -0.57008646 -0.93 -0.93 -0.93 -2.0099972 -1.7852177 -1.76 -1.76 -1.76 -1.5299996 -1.19 -1.19 -1.73 -1.33
2.4399984 2.4399991 2.4399994 2.4399996 2.4399998 2.4399998 2.4399997 2.4399995 2.4399985 2.4399937 2.4399601 2.4396022 2.4332463 2.2426026 0.54673182 0.26859466 0.26778831 0.268682 0.26929943 0.26967992 0.26988154 0.26996769 0.26999446 0.26999955 0.26999999 0.27 0.27 0.27 0.27 0.27 1.16 1.16 1.6596743 1.6578859 -0.55 -0.54999522 2.06 2.06 2.06 2.06 0.45 0.45 0.45 0.45 0.45 0.45 -0.92996551 -0.93 -0.93 -0.93 -0.93 -0.93 -0.93000932 -1.76 -1.76 -1.76 -0.9201001 -0.92 -0.92 -0.96828215 -1.62 -1.62
2.4399976 2.4399983 2.4399987 2.4399987 2.4399983 2.439997 2.4399929 2.4399776 2.4399056 2.4394492 2.4352921 2.378411 1.570871 0.33129632 0.25894557 0.2604596 0.26262441 0.26451288 0.26610052 0.26737849 0.2683524 0.26904467 0.26949481 0.26975569 0.26988496 0.26992838 0.26976278 -0.1345981 -0.17 -0.17 0.11958145 0.25000624 0.87 0.87 0.87 -0.5463779 2.06 2.06 2.06 1.9702549 0.42918037 0.45 0.45 0.45 0.45 -2.4286762 -1.7425924 -0.93 -0.93 -0.93 -0.94550091 -1.0398242 -1.0398596 -1.7599967 -1.7599999 -0.92970735 -0.92000471 -0.92003426 -1.09 -1.366046 -1.62 -1.62
2.4399942 2.439994 2.4399921 2.4399869 2.4399731 2.4399318 2.4397852 2.4391382 2.4354276 2.4067517 2.1276521 0.819661 0.26398728 0.23903275 0.2409748 0.24325826 0.2452585 0.24685853 0.24787414 0.24795707 0.24633402 0.24091424 0.22442805 0.16333744 -0.049339937 -0.16825453 -0.16999995 -0.17 -0.17 -0.17 0.25 0.25 0.25 0.87 0.87 0.8509915 -1.08 -1.08 -0.52000031 0.3199991 0.32 0.32000001 0.45 0.45 -2.4799986 -2.48 -2.48 -1.6342289 -1.04 -1.04 -1.04 -1.040054 -1.3299236 -0.65072139 -1.089999 -1.09 -1.09 -1.09 -1.61 -1.61 -0.57 -1.62
2.4399706 2.4399544 2.4399164 2.4398197 2.4395404 2.4385906 2.4346719 2.414513 2.2865808 1.5587458 0.44381876 0.21856117 0.20570945 0.20487939 0.20341651 0.20038518 0.19486827 0.18521046 0.16821993 0.13752889 0.081324101 -0.012299835 -0.11600118 -0.16369098 -0.16985924 -0.16999982 -0.17 -0.17 -0.17 -0.17 0.25 0.25 0.25 0.86999997 0.87 -1.08 -1.08 -1.08 -0.52 0.32 0.32 0.32 0.32 -1.872029 -2.4791104 -2.48 -2.48 -2.48 -1.04 -1.04 -1.33 -1.33 -1.33 -0.65 -0.7674135 -1.09 -1.09 -1.61 -1.61 -0.57 -0.57 -1
2.439779 2.4395787 2.4390826 2.4376933 2.4331887 2.4159449 2.3379177 1.9662809 0.93993124 0.27824166 0.17400673 0.16247012 0.15631254 0.14793921 0.13587936 0.11839238 0.092921658 0.056110627 0.0051465525 -0.057459043 -0.11723057 -0.15465961 -0.16772397 -0.16987133 -0.1699983 -0.17 -0.17 -0.17 -0.17 -0.16991021 0.25 0.25 0.25 0.28500361 -1.0799063 -1.08 -1.08 -1.08 -0.52 0.32 0.32 0.32 0.31999981 -1.8000004 -1.8 -1.8066739 -2.48 -2.48 -2.3022376 -1.33 -1.33 -1.33 -1.4721899 -0.65 -0.65 -1.09 -1.09 -1.09 -1.61 -0.57 -1.8798469 -1.88
2.438293 2.4363069 2.4309358 2.4144419 2.3567351 2.1380726 1.4537961 0.5385564 0.18923342 0.13041889 0.11702407 0.10561642 0.091039989 0.071918038 0.046972828 0.015068065 -0.023955796 -0.067730726 -0.11005315 -0.1426687 -0.16111001 -0.16814899 -0.16978851 -0.16998937 -0.16999982 -0.17 -0.17 -0.17 -0.16999993 0.023028728 0.25 0.25 0.25 0.23862562 -0.04005084 -0.040025942 -0.053664074 -1.0799568 -0.52 0.23179566 0.31999905 0.31998254 -1.06 -1.1572453 -1.8 -1.8 -1.8 -2.4745686 -2.4529691 -1.3300004 -3.51 -3.51 -2.8200134 -0.65 -0.65 -0.65 -1.09 -2.13 -2.13 -2.13 -1.88 -0.43328841
2.42781 2.4110366 2.3628608 2.2136182 1.7765115 0.9502086 0.32264885 0.13117281 0.091176275 0.075914061 0.061134869 0.043256674 0.021430085 -0.0047274153 -0.034991787 -0.068009472 -0.10088216 -0.12954619 -0.15044654 -0.16259239 -0.16793812 -0.16961267 -0.16995603 -0.16999735 -0.16999992 -0.17 -0.17 -0.16999989 -0.1698309 0.22541594 0.24999986 0.25 0.24985834 -0.04 -0.04 -0.04 -0.04 -0.04 0.23 0.23 0.22 -0.43483979 -1.06 -1.06 -1.7999999 -1.8 -1.8 -1.7720007 -2.1796974 -2.0672802 -1.9800208 -2.82 -1.7666403 -1.53 -1.53 -2.04 -2.04 -2.13 -2.13 -2.13 -0.40621149 -0.29
2.3627397 2.2489075 1.9519438 1.3283436 0.59538809 0.20460422 0.089315581 0.058248497 0.042050638 0.025879237 0.0072228668 -0.014306798 -0.038540461 -0.064745952 -0.091462996 -0.11654671 -0.13764811 -0.15308878 -0.1626174 -0.16741419 -0.16930831 -0.16986688 -0.16998274 -0.16999857 -0.16999991 -0.16999994 -0.16999944 -0.1699712 -0.15992468 0.24116157 0.24999747 0.24994988 -0.039999634 -0.04 -0.04 -0.04 -0.04 -0.04 0.22 0.22 0.22 -1.06 -1.06 -1.06 -1.3131974 -1.24 -1.24 -0.19000001 -0.19925231 -2.18 -1.98 -1.9593096 -1.76 -1.53 -1.53 -2.04 -2.04 -2.130002 -2.0254598 -1.71 -1.71 -0.33378943
2.0472669 1.5936194 0.92517479 0.37913506 0.13463588 0.057927455 0.031834871 0.015562663 -0.00067473149 -0.018700517 -0.038649938 -0.060153144 -0.082438227 -0.10432673 -0.12436029 -0.14112549 -0.15369688 -0.16196711 -0.16663395 -0.16883597 -0.16967897 -0.16993182 -0.16998906 -0.16999847 -0.16999928 -0.16999741 -0.16997196 -0.16905447 -0.08738212 0.24361256 0.24990578 -0.03944781 -0.04 -0.04 -0.04 -0.04 -0.04 0.22 0.22 0.22 0.22 -0.49416639 -1.06 -1.06 -1.32 -1.24 -1.24 -0.19204649 -0.19 -2.18 -1.9805381 -1.7577857 -1.76 -1.3700198 -3.0515088 -3.629998 -3.63 -3.63 -1.71 -1.71 -1.98 -1.9697109
1.2177803 0.63013012 0.25020853 0.089693392 0.034042 0.011169715 -0.0046392709 -0.02025314 -0.03707174 -0.055131798 -0.074044293 -0.093147832 -0.11155652 -0.12827039 -0.14237497 -0.15327973 -0.16088898 -0.16560627 -0.16816017 -0.16934453 -0.16980497 -0.16995163 -0.1699888 -0.16999496 -0.1699902 -0.16995417 -0.16955981 -0.16102309 0.033148772 0.2436104 -0.014849069 -0.039999953 -0.04 -0.04 -0.04 -0.039999999 0.058423412 0.22 0.22 0.22 -0.49 -0.49 -0.49 -1.0592501 -1.3199999 -1.2399361 -0.65 0.0099997763 -1.3976639 -1.9 -2.44 -1.43 -1.43 -1.37 -1.370023 -3.08 -2.4921737 -3.6299852 -3.77 -1.98 -1.98 -1.9799999
0.4339461 0.17084675 0.058984693 0.01575069 -0.0047953153 -0.019881614 -0.034592922 -0.050071349 -0.066337757 -0.08305307 -0.099687587 -0.11558134 -0.13002577 -0.14238666 -0.15224199 -0.15948317 -0.16433088 -0.16725261 -0.16881755 -0.16955206 -0.16984952 -0.16995097 -0.16997643 -0.16996939 -0.16991468 -0.16960208 -0.16689367 -0.13204444 0.11442216 0.083323956 -0.039977409 -0.039999987 -0.039999988 -0.039999962 -0.039998581 -0.03366991 0.21999898 0.22 0.22 -0.28090341 -0.49 -0.49 -0.49 -0.92 -0.92 -1.16 -0.65002121 -1.2593131 -1.2146357 -1.89988 -2.09 -2.44 -1.43 -1.37 -1.3700161 -1.8 -1.8 -2.5272745 -3.77 -3.77 -1.98 -1.9851221
0.11964215 0.037075864 0.0016989664 -0.017050617 -0.031331363 -0.045081038 -0.059282165 -0.073976659 -0.088893392 -0.10361769 -0.11765241 -0.13047714 -0.14162622 -0.15077369 -0.15779901 -0.16280727 -0.16609271 -0.16805805 -0.16911966 -0.16963155 -0.16984728 -0.16991923 -0.16991781 -0.16984012 -0.16952548 -0.16796384 -0.15748008 -0.078165426 0.10688813 -0.039104561 -0.039998898 -0.039998728 -0.039995998 -0.039952052 -0.034902235 0.21547172 0.21999997 0.22 0.21999337 -0.48999998 -0.49 -0.49 -0.49 -0.92 -0.92 -1.2999997 -1.3 -1.25 -1.3513078 -1.2079378 -2.09 -2.4399998 -1.4389789 -1.37 -1.877068 -1.8000003 -1.8 -3.36 -3.36 -3.3601181 -3.39 -3.39
0.020991481 -0.009104894 -0.02641479 -0.039903244 -0.052735918 -0.065792879 -0.079150575 -0.092604561 -0.10583263 -0.11845415 -0.13007447 -0.14033644 -0.14897552 -0.15586504 -0.16103661 -0.16466691 -0.1670341 -0.16845748 -0.16923937 -0.16962445 -0.16978205 -0.16980549 -0.16970873 -0.16936582 -0.16815861 -0.16298167 -0.13638368 -0.018340212 -0.032216582 -0.039966826 -0.039978243 -0.03994087 -0.039645491 -0.033259326 0.14899389 0.21986703 0.21999997 0.21999657 -0.31331398 -0.49 -0.49 -0.49 -0.49 -0.91999914 -1.2915281 -1.3 -1.3 -1.51 -1.667977 -1.22 -1.22 -1.221926 -1.3800078 -1.86 -2.3 -2.3 -2.3 -3.36 -3.36 -3.36 -3.39 -3.39
