Interpolating SPI Data/spi_stations/interpolated_spi/7-21_1.tif
NCOLS 257
NROWS 141
XLLCORNER -178.27925
YLLCORNER 5.3153543
DX 0.49934803
DY 0.49997533
NODATA_VALUE -9999
[rows 0 to 27 of 141, columns 189 to 251 of 257]
0.54 0.54 0.54 0.54 0.54001214 0.82983387 0.83 0.83 0.83 0.83 0.83 0.83 0.83 0.83 0.83 0.83 0.83 0.83 0.83 0.83 0.83 0.83 0.82981236 -0.027150821 -0.059999517 -0.06 -0.06 -0.06 -0.06 -0.06 -0.06 -0.06 -0.06 -0.06 -0.06 -0.06 -0.06 -0.06 -0.060000444 -0.060367558 -0.20664903 -0.49774495 -0.49999027 -0.49999993 -0.5 -0.5 -0.5 -0.5 -0.5 -0.5 -0.5 -0.5 -0.5 -0.5 -0.5 -0.5 -0.5 -0.5 -0.5 -0.5 -0.5 -0.5 -0.5
0.54 0.54 0.54 0.54 0.5400068 0.82997552 0.83 0.83 0.83 0.83 0.83 0.83 0.83 0.83 0.83 0.83 0.83 0.83 0.83 0.83 0.83 0.83 0.82834006 -0.058764656 -0.059999994 -0.06 -0.06 -0.06 -0.06 -0.06 -0.06 -0.06 -0.06 -0.06 -0.06 -0.06 -0.06 -0.06 -0.06 -0.060000002 -0.060001711 -0.06095168 -0.24576196 -0.49693145 -0.49997195 -0.49999955 -0.49999999 -0.5 -0.5 -0.5 -0.5 -0.5 -0.5 -0.5 -0.5 -0.5 -0.5 -0.5 -0.5 -0.5 -0.5 -0.5 -0.5
0.54 0.54 0.54 0.54 0.54000456 0.8299972 0.83 0.83 0.83 0.83 0.83 0.83 0.83 0.83 0.83 0.83 0.83 0.83 0.83 0.83 0.83 0.82999999 0.80511723 -0.059975612 -0.06 -0.06 -0.06 -0.06 -0.06 -0.06 -0.06 -0.06 -0.06 -0.06 -0.06 -0.06 -0.06 -0.06 -0.06 -0.06 -0.06 -0.060000018 -0.060009029 -0.062628005 -0.27948923 -0.4953427 -0.49991298 -0.49999728 -0.49999986 -0.49999999 -0.5 -0.5 -0.5 -0.5 -0.5 -0.5 -0.5 -0.5 -0.5 -0.5 -0.5 -0.5 -0.5
0.54 0.54 0.54 0.54 0.54000413 0.82999972 0.83 0.83 0.83 0.83 0.83 0.83 0.83 0.83 0.83 0.83 0.83 0.83 0.83 0.83 0.83 0.82999991 0.43356753 -0.059999744 -0.06 -0.06 -0.06 -0.06 -0.06 -0.06 -0.06 -0.06 -0.06 -0.06 -0.06 -0.06 -0.06 -0.06 -0.06 -0.06 -0.06 -0.06 -0.06 -0.060000157 -0.060048016 -0.066749169 -0.30461973 -0.49265596 -0.49972994 -0.49998192 -0.49999741 -0.49999927 -0.49999969 -0.49999983 -0.49999989 -0.49999993 -0.49999994 -0.49999995 -0.49999995 -0.49999995 -0.49999995 -0.49999995 -0.49999994
0.54 0.54 0.54 0.54 0.54000567 0.82999997 0.83 0.83 0.83 0.83 0.83 0.83 0.83 0.83 0.83 0.83 0.83 0.83 0.83 0.83 0.83 0.82999859 -0.038713359 -0.059999999 -0.06 -0.06 -0.06 -0.06 -0.06 -0.06 -0.06 -0.06 -0.06 -0.06 -0.06 -0.06 -0.06 -0.06 -0.06 -0.06 -0.06 -0.06 -0.059999994 -0.059999658 -0.059989171 -0.059789338 -0.057500872 -0.05179834 -0.2489888 -0.46300569 -0.49324002 -0.49829113 -0.49946533 -0.49980179 -0.4999148 -0.49995822 -0.49997695 -0.49998588 -0.49999052 -0.4999931 -0.49999461 -0.49999553 -0.49999608
0.54 0.54 0.54 0.54 0.54001245 0.83 0.83 0.83 0.83 0.83 0.83 0.83 0.83 0.83 0.83 0.83 0.83 0.83 0.83 0.83 0.83 0.82995708 -0.059750117 -0.06 -0.06 -0.06 -0.06 -0.06 -0.06 -0.06 -0.06 -0.06 -0.06 -0.06 -0.06 -0.06 -0.06 -0.06 -0.06 -0.06 -0.06 -0.059999999 -0.05999992 -0.059995155 -0.059840736 -0.05694431 -0.023938888 0.18504379 0.68372043 1.0296047 1.0520615 0.68616602 0.057262508 -0.31479912 -0.44088265 -0.47933636 -0.49186619 -0.49640007 -0.49822442 -0.49903417 -0.49942655 -0.49963194 -0.49974691
0.54 0.54 0.54 0.54 0.54005066 0.83000004 0.83 0.83 0.83 0.83 0.83 0.83 0.83 0.83 0.83 0.83 0.83 0.83 0.83 0.83 0.83 0.82765919 -0.059998091 -0.06 -0.06 -0.06 -0.06 -0.06 -0.06 -0.06 -0.06 -0.06 -0.06 -0.06 -0.06 -0.06 -0.06 -0.06 -0.06 -0.06 -0.06 -0.059999986 -0.05999798 -0.059872849 -0.056008965 0.0064126462 0.41279876 0.97572398 1.1693994 1.2131886 1.2241859 1.2272057 1.2260669 1.2134081 1.1543639 0.95494723 0.53322606 0.059134826 -0.24281012 -0.38429916 -0.44529637 -0.47218322 -0.48474228
0.54 0.54 0.54 0.54000367 1.543416 1.0553446 0.83000001 0.83 0.83 0.83 0.83 0.83 0.83 0.83 0.83 0.83 0.83 0.83 0.83 0.83 0.83 0.66810438 -0.059999988 -0.06 -0.06 -0.06 -0.06 -0.06 -0.06 -0.06 -0.06 -0.06 -0.06 -0.06 -0.06 -0.06 -0.06 -0.06 -0.06 -0.06 -0.059999998 -0.059999198 -0.059884751 -0.053362471 0.098745019 0.80482535 1.1606688 1.2172162 1.2267958 1.2289423 1.2295615 1.2297808 1.2298702 1.2298949 1.2297899 1.229084 1.2256988 1.2121831 1.1669234 1.043632 0.78944046 0.42663658 0.078024368
0.54 0.54 0.54000438 1.5498022 1.55 1.55 1.5073518 0.83000001 0.83 0.83 0.83 0.83 0.83 0.83 0.83 0.83 0.83 0.83 0.83 0.83 0.82999995 -0.022968947 -0.06 -0.06 -0.06 -0.06 -0.06 -0.06 -0.06 -0.06 -0.06 -0.06 -0.06 -0.06 -0.06 -0.06 -0.06 -0.06 -0.06 -0.06 -0.059999679 -0.059867597 -0.043905632 0.41254421 1.129661 1.2199556 1.228421 1.2296267 1.2298774 1.2299476 1.2299724 1.2299829 1.2299878 1.2299904 1.2299914 1.2299897 1.2299744 1.2298896 1.2294992 1.227956 1.2226668 1.2068457 1.1656248
0.54 0.54002585 1.549996 1.55 1.55 1.55 1.55 1.5497229 0.83000005 0.83 0.83 0.83 0.83 0.83 0.83 0.83 0.83 0.83 0.83 0.83 0.82999393 -0.059603526 -0.06 -0.06 -0.06 -0.06 -0.06 -0.06 -0.06 -0.06 -0.06 -0.06 -0.06 -0.06 -0.06 -0.06 -0.06 -0.06 -0.06 -0.059999853 -0.059766052 0.0091507917 1.0072207 1.2210834 1.2293235 1.2299035 1.2299774 1.2299922 1.2299964 1.2299979 1.2299985 1.2299988 1.229999 1.229999 1.229999 1.2299989 1.2299986 1.2299978 1.229994 1.2299752 1.2298939 1.2295864 1.2285615
0.54057251 1.5499998 1.55 1.55 1.55 1.55 1.55 1.55 1.5499986 0.83000814 0.83 0.83 0.83 0.83 0.83 0.83 0.83 0.83 0.83 0.83 0.82923334 -0.059994374 -0.06 -0.06 -0.06 -0.06 -0.06 -0.06 -0.06 -0.06 -0.06 -0.06 -0.06 -0.06 -0.06 -0.06 -0.06 -0.06 -0.059999898 -0.059108581 0.45788445 1.2188553 1.2297468 1.2299839 1.2299978 1.2299994 1.2299998 1.2299999 1.2299999 1.2299999 1.2299999 1.2299999 1.2299999 1.2299999 1.2299999 1.2299998 1.2299998 1.2299997 1.2299996 1.2299992 1.2299977 1.229991 1.2299642
1.5499999 1.55 1.55 1.55 1.55 1.55 1.55 1.55 1.55 1.55 0.83230622 0.83 0.83 0.83 0.83 0.83 0.83 0.83 0.83 0.83 0.76201731 -0.059999864 -0.06 -0.06 -0.06 -0.06 -0.06 -0.06 -0.06 -0.06 -0.06 -0.06 -0.06 -0.06 -0.06 -0.06 -0.06 -0.059999812 -0.047085975 1.1965179 1.2299075 1.2299985 1.2299999 1.23 1.23 1.23 1.23 1.23 1.23 1.23 1.23 1.23 1.23 1.23 1.23 1.23 1.23 1.2299999 1.2299999 1.2299999 1.2299998 1.2299995 1.2299987
1.55 1.55 1.55 1.55 1.55 1.55 1.55 1.55 1.55 1.55 1.55 0.97617996 0.83000018 0.83 0.83 0.83 0.83 0.83 0.83 0.82999971 0.088759911 -0.059999994 -0.06 -0.06 -0.06 -0.06 -0.06 -0.06 -0.06 -0.06 -0.06 -0.06 -0.06 -0.06 -0.06 -0.06 -0.059997476 0.69145365 1.2299463 1.2299999 1.23 1.23 1.23 1.23 1.23 1.23 1.23 1.23 1.23 1.23 1.23 1.23 1.23 1.23 1.23 1.23 1.23 1.23 1.23 1.23 1.2299999 1.2299999 1.2299998
1.55 1.55 1.55 1.55 1.55 1.55 1.55 1.55 1.55 1.55 1.55 1.5499999 1.4028697 0.83005432 0.83000002 0.83 0.83 0.83 0.83 0.8299674 -0.054764168 -0.059999999 -0.06 -0.06 -0.06 -0.06 -0.06 -0.06 -0.06 -0.06 -0.06 -0.06 -0.06 -0.06 -0.06 -0.059075661 1.2297677 1.23 1.23 1.23 1.23 1.23 1.23 1.23 1.23 1.23 1.23 1.23 1.23 1.23 1.23 1.23 1.23 1.23 1.23 1.23 1.23 1.23 1.23 1.23 1.23 1.23 1.2299998
1.55 1.55 1.55 1.55 1.55 1.55 1.55 1.55 1.55 1.55 1.55 1.55 1.5499995 1.5110711 0.83241441 0.83000444 0.83000005 0.83 0.82999999 0.82796268 -0.059714122 -0.06 -0.06 -0.06 -0.06 -0.06 -0.06 -0.06 -0.06 -0.06 -0.06 -0.06 -0.06 -0.059999985 1.1336916 1.23 1.23 1.23 1.23 1.23 1.23 1.23 1.23 1.23 1.23 1.23 1.23 1.23 1.23 1.23 1.23 1.23 1.23 1.23 1.23 1.23 1.23 1.23 1.23 1.23 1.23 1.2299999 1.2299989
1.55 1.55 1.55 1.55 1.55 1.55 1.55 1.55 1.55 1.55 1.55 1.55 1.55 1.5499972 1.5311343 0.85806307 0.83016119 0.82976717 0.81909455 0.51737916 -0.060053038 -0.060000001 -0.06 -0.06 -0.06 -0.06 -0.06 -0.06 -0.06 -0.06 -0.06 -0.06 -0.057944715 1.2299989 1.23 1.23 1.23 1.23 1.23 1.23 1.23 1.23 1.23 1.23 1.23 1.23 1.23 1.23 1.23 1.23 1.23 1.23 1.23 1.23 1.23 1.23 1.23 1.23 1.23 1.23 1.2299999 1.2299987 1.2299892
1.55 1.55 1.55 1.55 1.55 1.55 1.55 1.55 1.55 1.55 1.55 1.55 1.55 1.55 1.5499856 1.4697152 -0.57374979 -0.59931895 -0.5999648 -0.59999061 -0.57238096 -0.06022262 -0.060000002 -0.06 -0.06 -0.06 -0.06 -0.06 -0.06 -0.06 -0.059982944 1.1988505 1.23 1.23 1.23 1.23 1.23 1.23 1.23 1.23 1.23 1.23 1.23 1.23 1.23 1.23 1.23 1.23 1.23 1.23 1.23 1.23 1.23 1.23 1.23 1.23 1.23 1.23 1.23 1.2299999 1.2299982 1.2299836 1.229876
1.55 1.55 1.55 1.55 1.55 1.55 1.55 1.55 1.55 1.55 1.55 1.55 1.55 1.5499984 1.2584543 -0.59965653 -0.59999995 -0.6 -0.59999993 -0.59999757 -0.59991269 -0.59346192 -0.06093793 -0.06000001 -0.06 -0.06 -0.06 -0.059999976 -0.059988286 0.032995067 1.2299456 1.23 1.23 1.23 1.23 1.23 1.23 1.23 1.23 1.23 1.23 1.23 1.23 1.23 1.23 1.23 1.23 1.23 1.23 1.23 1.23 1.23 1.23 1.23 1.23 1.23 1.23 1.23 1.2299998 1.2299973 1.2299709 1.2297494 1.2282699
1.55 1.55 1.55 1.55 1.55 1.55 1.55 1.55 1.55 1.55 1.55 1.55 1.5499962 0.32094925 -0.59999008 -0.6 -0.6 -0.6 -0.59999998 -0.59999884 -0.59991289 -0.59466568 -0.4484701 -0.076251847 -0.060001534 -0.059999213 -0.059963154 -0.051004786 1.1504451 1.2299976 1.23 1.23 1.23 1.23 1.23 1.23 1.23 1.23 1.23 1.23 1.23 1.23 1.23 1.23 1.23 1.23 1.23 1.23 1.23 1.23 1.23 1.23 1.23 1.23 1.23 1.23 1.23 1.2299997 1.2299952 1.2299376 1.2293858 1.225287 1.2019723
1.55 1.55 1.55 1.55 1.55 1.55 1.55 1.55 1.55 1.55 1.55 1.5499776 -0.49139191 -0.59999981 -0.6 -0.6 -0.6 -0.6 -0.6 -0.59999947 -0.59989322 -0.58520866 -0.27519622 -0.16380998 -0.15953417 -0.056820431 0.35259739 1.225769 1.2299992 1.23 1.23 1.23 1.23 1.23 1.23 1.23 1.23 1.23 1.23 1.23 1.23 1.23 1.23 1.23 1.23 1.23 1.23 1.23 1.23 1.23 1.23 1.23 1.23 1.23 1.23 1.23 1.2299995 1.229989 1.2298311 1.2280927 1.2139496 1.1371104 0.94292988
1.55 1.55 1.55 1.55 1.55 1.55 1.55 1.55 1.55 1.55 1.5497155 -0.59361041 -0.6 -0.6 -0.6 -0.6 -0.6 -0.6 -0.6 -0.59999975 -0.59981354 -0.53349547 -0.17381681 -0.16022413 -0.16000933 -0.1599589 1.2100207 1.2299992 1.23 1.23 1.23 1.23 1.23 1.23 1.23 1.23 1.23 1.23 1.23 1.23 1.23 1.23 1.23 1.23 1.23 1.23 1.23 1.23 1.23 1.23 1.23 1.23 1.23 1.23 1.23 1.2299987 1.2299665 1.2293888 1.2221355 1.1626273 0.95335755 0.7661159 0.70804423
1.55 1.55 1.55 1.55 1.55 1.55 1.55 1.55 1.55 1.5445203 -0.59956844 -0.6 -0.6 -0.6 -0.6 -0.6 -0.6 -0.6 -0.6 -0.59999987 -0.59939748 -0.29380333 -0.16046555 -0.16000486 -0.16000019 -0.16000002 -0.15299349 1.2299813 1.23 1.23 1.23 1.23 1.23 1.23 1.23 1.23 1.23 1.23 1.23 1.23 1.23 1.23 1.23 1.23 1.23 1.23 1.23 1.23 1.23 1.23 1.23 1.23 1.23 1.2299999 1.2299956 1.2298544 1.2268403 1.186247 0.96773244 0.75348743 0.70152911 0.69235926 0.69024782
1.55 1.55 1.55 1.55 1.55 1.55 1.55 1.5499995 1.4528129 -0.59994777 -0.6 -0.6 -0.6 -0.6 -0.6 -0.6 -0.6 -0.6 -0.6 -0.5999999 -0.59427211 -0.16346488 -0.16000341 -0.16000003 -0.16 -0.16 -0.15999983 0.88133667 1.23 1.23 1.23 1.23 1.23 1.23 1.23 1.23 1.23 1.23 1.23 1.23 1.23 1.23 1.23 1.23 1.23 1.23 1.23 1.23 1.23 1.23 1.23 1.23 1.2299997 1.229976 1.2290101 1.2054361 0.98760593 0.74095603 0.69655905 0.69104396 0.69019631 0.68994532 0.68939642
1.5500025 1.55 1.55 1.55 1.55 1.55 1.5499744 0.75398297 -0.59998611 -0.6 -0.6 -0.6 -0.6 -0.6 -0.6 -0.6 -0.6 -0.6 -0.6 -0.59999982 -0.39130983 -0.16000621 -0.16 -0.16 -0.16 -0.16 -0.16 -0.15992304 1.2296193 1.23 1.23 1.23 1.23 1.23 1.23 1.23 1.23 1.23 1.23 1.23 1.23 1.23 1.23 1.23 1.23 1.23 1.23 1.23 1.23 1.23 1.23 1.2299975 1.2297709 1.2185255 1.0145791 0.72915153 0.69328218 0.6903713 0.69005718 0.69000852 0.68997768 0.68982113 0.68885978
1.550543 1.55 1.55 1.55 1.5499997 1.5492771 -0.18442429 -0.59999213 -0.6 -0.6 -0.6 -0.6 -0.6 -0.6 -0.6 -0.6 -0.6 -0.6 -0.6 -0.59999724 -0.16019868 -0.16 -0.16 -0.16 -0.16 -0.16 -0.16 -0.16 -0.082779715 1.2299997 1.23 1.23 1.23 1.23 1.23 1.23 1.23 1.23 1.23 1.23 1.23 1.23 1.23 1.23 1.23 1.23 1.23 1.23 1.23 1.2299998 1.2299624 1.2256906 1.0497017 0.71872892 0.69141482 0.69010422 0.69001142 0.69000173 0.68999992 0.68999565 0.68995929 0.68966828 0.68763978
1.5941628 1.5499963 1.5498552 1.5442567 1.1968476 -0.40059502 -0.59487453 -0.59998355 -0.59999999 -0.6 -0.6 -0.6 -0.6 -0.6 -0.6 -0.6 -0.6 -0.6 -0.6 -0.59384611 -0.16 -0.16 -0.16 -0.16 -0.16 -0.16 -0.16 -0.16 -0.15999845 1.2076654 1.23 1.23 1.23 1.23 1.23 1.23 1.23 1.23 1.23 1.23 1.23 1.23 1.23 1.23 1.23 1.23 1.23 1.23 1.2299956 1.228717 1.0918596 0.71026395 0.69051857 0.69002228 0.69000157 0.69000017 0.69000002 0.68999996 0.68999945 0.6899932 0.68992571 0.68929947 0.68440239
2.4013522 0.69442617 -0.30740297 -0.34956029 -0.3500119 -0.3502096 -0.35867433 -0.56665357 -0.59996818 -0.6 -0.6 -0.6 -0.6 -0.6 -0.6 -0.6 -0.6 -0.6 -0.6 -0.16000034 -0.16 -0.16 -0.16 -0.16 -0.16 -0.16 -0.16 -0.16 -0.16 -0.15755898 1.2299502 1.23 1.23 1.23 1.23 1.23 1.23 1.23 1.23 1.23 1.23 1.23 1.23 1.23 1.23 1.23 1.2299996 1.2296852 1.1358286 0.70408387 0.69016387 0.69000358 0.69000014 0.69000001 0.69 0.69 0.69 0.68999995 0.68999922 0.68998802 0.68984205 0.68826497 0.67455074
-0.3081662 -0.34998118 -0.34999986 -0.35000001 -0.35000002 -0.3500001 -0.35000162 -0.35010517 -0.39031706 -0.59979828 -0.6 -0.6 -0.6 -0.6 -0.6 -0.6 -0.6 -0.6 -0.6 -0.16 -0.16 -0.16 -0.16 -0.16 -0.16 -0.16 -0.16 -0.16 -0.16 -0.15999981 0.61503421 1.2299996 1.23 1.23 1.23 1.23 1.23 1.23 1.23 1.23 1.23 1.23 1.23 1.23 1.23 1.2299268 1.1731671 0.70018939 0.69004803 0.69000046 0.69000001 0.69 0.69 0.69 0.69 0.69 0.69 0.68999994 0.68999873 0.68997489 0.68959627 0.68482491 0.64067921
