Interpolating SPI Data/spi_stations/interpolated_spi/7-22_2.tif
NCOLS 257
NROWS 141
XLLCORNER -178.27925
YLLCORNER 5.3153543
DX 0.49934803
DY 0.49997533
NODATA_VALUE -9999
[rows 0 to 26 of 141, columns 61 to 121 of 257]
0.35003508 0.35003796 0.3500425 0.35004949 0.35006033 0.35007754 0.35010594 0.35015529 0.35024665 0.35042922 0.35082795 0.35179095 0.35438494 0.36214923 0.38672508 0.45406207 0.55472913 0.6113133 0.62572803 0.62839902 0.62900577 0.62927534 0.62945462 0.62958271 0.62967329 0.62973565 0.62977674 0.62980147 0.62981297 0.62981278 0.62980099 0.62977629 0.62973595 0.62967568 0.62958958 0.62947313 0.63258884 1.3838277 1.5498514 1.5499999 1.55 1.55 1.55 1.55 1.55 1.55 1.55 1.55 1.55 1.55 1.55 1.55 1.55 1.55 1.55 1.55 1.5499999 1.5499383 1.5154947 1.1104744 1.1000273
0.35001713 0.35001779 0.35001907 0.35002123 0.35002471 0.3500303 0.35003949 0.35005525 0.35008397 0.35014038 0.35026186 0.35055331 0.35134489 0.35380878 0.36256184 0.39541496 0.4881903 0.58947067 0.62282388 0.62826084 0.62911925 0.62939937 0.62957019 0.62968747 0.62976726 0.62982013 0.62985376 0.6298734 0.62988228 0.62988192 0.62987237 0.62985223 0.62981856 0.62976669 0.62968999 0.62958026 0.6305196 1.3320194 1.5499035 1.55 1.55 1.55 1.55 1.55 1.55 1.55 1.55 1.55 1.55 1.55 1.55 1.55 1.55 1.55 1.55 1.55 1.5499999 1.5499202 1.471756 1.1022383 1.1000032
0.35000816 0.35000809 0.35000826 0.35000873 0.35000962 0.35001116 0.35001373 0.35001813 0.35002603 0.3500412 0.35007311 0.35014817 0.35034982 0.35098214 0.3533376 0.36370684 0.4110208 0.5344542 0.61385881 0.62765814 0.62919116 0.62950199 0.62966513 0.62977147 0.62984034 0.62988376 0.62991014 0.62992495 0.62993141 0.62993099 0.62992368 0.62990804 0.62988104 0.62983766 0.62977056 0.62966981 0.6298248 1.2522556 1.5499379 1.55 1.55 1.55 1.55 1.55 1.55 1.55 1.55 1.55 1.55 1.55 1.55 1.55 1.55 1.55 1.55 1.55 1.55 1.5498817 1.3699238 1.1003479 1.1000003
0.35000379 0.35000358 0.35000346 0.35000345 0.35000357 0.35000388 0.35000446 0.35000549 0.35000733 0.35001081 0.35001791 0.35003409 0.35007637 0.35020676 0.35069572 0.35298226 0.36620074 0.4400006 0.58295696 0.62540208 0.62918149 0.62958337 0.629741 0.62983673 0.62989494 0.62992933 0.62994895 0.62995941 0.62996377 0.62996338 0.62995817 0.62994676 0.6299261 0.62989098 0.6298333 0.62974159 0.62966811 1.1349124 1.5499601 1.55 1.55 1.55 1.55 1.55 1.55 1.55 1.55 1.55 1.55 1.55 1.55 1.55 1.55 1.55 1.55 1.55 1.55 1.5497913 1.2192285 1.1000375 1.1
0.35000173 0.35000154 0.3500014 0.35000131 0.35000127 0.35000128 0.35000136 0.35000153 0.35000188 0.35000253 0.35000383 0.35000668 0.35001382 0.350035 0.3501125 0.35047721 0.35276586 0.37155421 0.49191577 0.61540772 0.62891541 0.62964202 0.62979959 0.62988565 0.62993389 0.62996001 0.6299737 0.62998048 0.62998315 0.62998284 0.62997947 0.62997176 0.62995683 0.62992935 0.6298805 0.62979702 0.62967261 0.98269839 1.5499739 1.55 1.55 1.55 1.55 1.55 1.55 1.55 1.55 1.55 1.55 1.55 1.55 1.55 1.55 1.55 1.55 1.55 1.55 1.5495414 1.1264754 1.1000026 1.1
0.35000078 0.35000065 0.35000056 0.35000048 0.35000043 0.3500004 0.35000039 0.3500004 0.35000044 0.35000053 0.35000071 0.35000111 0.35000205 0.35000468 0.35001379 0.35005521 0.35031702 0.35274353 0.38404044 0.56351127 0.6273317 0.6296679 0.62984274 0.62992083 0.62996022 0.62997919 0.62998802 0.62999195 0.62999338 0.62999318 0.62999125 0.62998654 0.62997644 0.62995568 0.62991464 0.62983781 0.62970461 0.82721106 1.5499821 1.55 1.55 1.55 1.55 1.55 1.55 1.55 1.55 1.55 1.55 1.55 1.55 1.55 1.55 1.55 1.55 1.55 1.55 1.5486741 1.1032832 1.1000001 1.1
0.35000034 0.35000027 0.35000022 0.35000017 0.35000014 0.35000012 0.35000011 0.3500001 0.35000009 0.3500001 0.35000012 0.35000016 0.35000025 0.35000049 0.35000125 0.35000446 0.35002379 0.35020496 0.3530648 0.41714941 0.61477165 0.62959081 0.6298719 0.62994488 0.62997698 0.62999016 0.62999533 0.6299973 0.62999794 0.62999783 0.62999691 0.62999437 0.62998803 0.62997278 0.6299381 0.62986538 0.6297267 0.71402866 1.5499849 1.55 1.55 1.55 1.55 1.55 1.55 1.55 1.55 1.55 1.55 1.55 1.55 1.55 1.55 1.55 1.55 1.55 1.55 1.5446629 1.1002468 1.1 1.1
0.35000015 0.35000011 0.35000008 0.35000006 0.35000005 0.35000004 0.35000003 0.35000002 0.35000002 0.35000002 0.35000002 0.35000002 0.35000002 0.35000004 0.35000008 0.35000024 0.35000111 0.35000868 0.35013094 0.35422274 0.50300951 0.62859368 0.62988669 0.62996013 0.62998693 0.6299958 0.62999851 0.62999932 0.62999954 0.6299995 0.62999915 0.62999798 0.6299943 0.62998322 0.62995293 0.62988014 0.62972769 0.65658688 1.5499366 1.55 1.55 1.55 1.55 1.55 1.55 1.55 1.55 1.55 1.55 1.55 1.55 1.55 1.55 1.55 1.55 1.55 1.55 1.5193736 1.100011 1.1 1.1
0.35000006 0.35000005 0.35000003 0.35000002 0.35000001 0.35000001 0.35000001 0.35 0.35 0.35 0.35 0.35 0.35 0.35 0.35 0.35000001 0.35000003 0.35000019 0.35000256 0.35008588 0.35843985 0.60644284 0.62987126 0.62996824 0.62999237 0.62999836 0.62999963 0.62999989 0.62999994 0.62999993 0.62999983 0.62999939 0.62999738 0.62998906 0.62996039 0.62988009 0.62969464 0.61897874 1.5461454 1.5499998 1.55 1.55 1.55 1.55 1.55 1.55 1.55 1.55 1.55 1.55 1.55 1.55 1.55 1.55 1.55 1.55 1.5499999 1.3634924 1.1000003 1.1 1.1
0.35000001 0.35000002 0.35000001 0.35000001 0.35 0.35 0.35 0.35 0.35 0.35 0.35 0.35 0.35 0.35 0.35 0.35 0.35 0.35 0.35000002 0.35000057 0.35006328 0.38179951 0.62925593 0.62996923 0.62999493 0.62999938 0.62999993 0.62999999 0.63 0.62999999 0.62999998 0.62999984 0.62999873 0.6299917 0.62995987 0.62985642 0.62954127 0.45469933 0.96763462 1.5499699 1.55 1.55 1.55 1.55 1.55 1.55 1.55 1.55 1.55 1.55 1.55 1.55 1.55 1.55 1.55 1.55 1.5499997 1.1362582 1.1 1.1 1.1
0.34999997 0.35 0.35 0.35 0.35 0.35 0.35 0.35 0.35 0.35 0.35 0.35 0.35 0.35 0.35 0.35 0.35 0.35 0.35 0.35 0.35000009 0.3500647 0.53799455 0.62995675 0.62999531 0.62999973 0.62999999 0.63 0.63 0.63 0.63 0.62999996 0.62999922 0.62999131 0.62994481 0.62977772 0.61925828 0.44002613 0.44049427 1.5255771 1.55 1.55 1.55 1.55 1.55 1.55 1.55 1.55 1.55 1.55 1.55 1.55 1.55 1.55 1.55 1.55 1.5499981 1.1014582 1.1 1.1 1.1
0.34999988 0.34999997 0.34999999 0.35 0.35 0.35 0.35 0.35 0.35 0.35 0.35 0.35 0.35 0.35 0.35 0.35 0.35 0.35 0.35 0.35 0.35 0.35000001 0.35015161 0.62930641 0.6299914 0.62999978 0.63 0.63 0.63 0.63 0.63 0.62999999 0.6299991 0.62998375 0.62988064 0.62951758 0.44256683 0.44000001 0.44000002 0.44523136 1.5499439 1.55 1.55 1.55 1.55 1.55 1.55 1.55 1.55 1.55 1.55 1.55 1.55 1.55 1.55 1.55 1.5499779 1.1000343 1.1 1.1 1.1
0.34999957 0.34999989 0.34999997 0.34999999 0.35 0.35 0.35 0.35 0.35 0.35 0.35 0.35 0.35 0.35 0.35 0.35 0.35 0.35 0.35 0.35 0.35 0.35 0.35 0.35267539 0.62994813 0.62999909 0.63 0.63 0.63 0.63 0.63 0.62999998 0.62999623 0.6299263 0.62953933 0.62328399 0.44000016 0.44 0.44 0.44000003 0.73096543 1.55 1.55 1.55 1.55 1.55 1.55 1.55 1.55 1.55 1.55 1.55 1.55 1.55 1.55 1.55 1.5495641 1.1000006 1.1 1.1 1.1
0.3499982 0.3499995 0.34999988 0.34999997 0.35 0.35 0.35 0.35 0.35 0.35 0.35 0.35 0.35 0.35 0.35 0.35 0.35 0.35 0.35 0.35 0.35 0.35 0.35 0.35 0.61437576 0.62991908 0.62999992 0.63 0.63 0.63 0.63 0.62999841 0.62988627 0.62904123 0.62684547 0.44013228 0.44 0.44 0.44 0.44 0.44000019 1.5473245 1.55 1.55 1.55 1.55 1.55 1.55 1.55 1.55 1.55 1.55 1.55 1.55 1.55 1.55 1.5370848 1.1 1.1 1.1 1.1
0.34999091 0.34999731 0.34999931 0.34999985 0.34999997 0.35 0.35 0.35 0.35 0.35 0.35 0.35 0.35 0.35 0.35 0.35 0.35 0.35 0.35 0.35 0.35 0.35 0.35 0.35 0.35 0.57523214 0.57469732 0.59089235 0.63 0.62998898 0.62724225 0.61980573 0.61325437 0.60861807 0.60329273 0.44 0.44 0.44 0.44 0.44 0.44 0.44002159 1.5499999 1.55 1.55 1.55 1.55 1.55 1.55 1.55 1.55 1.55 1.55 1.55 1.55 1.55 1.3102788 1.1 1.1 1.1 1.1
0.34994508 0.34998221 0.34999503 0.34999882 0.34999977 0.34999996 0.35 0.35 0.35 0.35 0.35 0.35 0.35 0.35 0.35 0.35 0.35 0.35 0.35 0.35 0.35 0.35 0.35 0.35 0.35 0.37180809 0.55000001 0.55 0.55 0.55 0.55000001 0.5500407 0.55126717 0.55603855 0.44001052 0.44 0.44 0.44 0.44 0.44 0.44 0.43999985 0.34553255 1.5499999 1.55 1.55 1.55 1.55 1.55 1.55 1.55 1.55 1.55 1.55 1.55 1.55 1.11011 1.1 1.1 1.1 1.1
0.34960922 0.3498571 0.34995477 0.34998787 0.34999731 0.34999952 0.34999993 0.34999999 0.35 0.35 0.35 0.35 0.35 0.35 0.35 0.35 0.35 0.35 0.35 0.35 0.35 0.35 0.35 0.35 0.35 0.35 0.55 0.55 0.55 0.55 0.55 0.5500002 0.55002535 0.55035938 0.44 0.44 0.44 0.44 0.44 0.44 0.44 0.43999513 -0.029625641 -0.029997247 1.5494252 1.55 1.55 1.55 1.55 1.55 1.55 1.55 1.55 1.55 1.55 1.5499992 1.1003314 1.1 1.1 1.1 1.1
0.34683571 0.34864313 0.3494942 0.34983927 0.34995753 0.34999094 0.34999849 0.34999981 0.34999998 0.35 0.35 0.35 0.35 0.35 0.35 0.35 0.35 0.35 0.35 0.35 0.35 0.35 0.35 0.35 0.35 0.35 0.37371269 0.55 0.55 0.55 0.55 0.55000005 0.55000358 0.44032124 0.44 0.44 0.44 0.44 0.44 0.44 0.44 0.40039682 -0.03 -0.03 -0.03 0.01851725 1.5499999 1.55 1.55 1.55 1.55 1.55 1.55 1.55 1.55 1.5444135 0.71932775 1.0989376 1.0999998 1.1 1.1
0.32525323 0.33629669 0.34350211 0.34739227 0.34912767 0.34976239 0.34994901 0.34999173 0.34999903 0.34999992 0.35 0.35 0.35 0.35 0.35 0.35 0.35 0.35 0.35 0.35 0.35 0.35 0.35 0.35 0.35 0.35 0.35 0.54999995 0.55 0.55 0.55 0.55000009 0.55000163 0.44 0.44 0.44 0.44 0.44 0.44 0.44 0.44 -0.029999996 -0.03 -0.03 -0.03 -0.03 -0.029994576 1.5417419 1.55 1.55 1.55 1.55 1.55 1.5499997 1.5481435 -0.51946197 -0.51996453 -0.51720041 0.31921527 1.0998395 1.1
0.25719313 0.27186594 0.29106638 0.31232886 0.33062994 0.34222696 0.34759568 0.34943642 0.34990341 0.34998851 0.3499991 0.34999995 0.35 0.35 0.35 0.35 0.35 0.35 0.35 0.35 0.35 0.35 0.35 0.35 0.35 0.35 0.35 0.40270246 0.55 0.55 0.55000003 0.55000027 0.47321496 0.44 0.44 0.44 0.44 0.44 0.44 0.44 0.43953569 -0.03 -0.03 -0.03 -0.03 -0.03 -0.03 -0.029999952 0.10606321 1.549632 1.5499998 1.5499948 1.5230492 -1.8055428 -1.8852279 -0.52038037 -0.52 -0.52 -0.51999998 -0.51999012 -0.39913685
0.22405574 0.22552435 0.22794405 0.23216621 0.23990807 0.25432029 0.27904189 0.31119111 0.33631055 0.34696817 0.34957258 0.34996255 0.34999795 0.34999991 0.35 0.35 0.35 0.35 0.35 0.35 0.35 0.35 0.35 0.35 0.35 0.35 0.35 0.35000898 0.54987669 0.55000007 0.5500002 0.55000016 0.44000204 0.44 0.44 0.44 0.44 0.44 0.44 0.44 -0.03 -0.03 -0.03 -0.03 -0.03 -0.03 -0.03 -0.03 -0.029999987 -0.027768044 -0.69766523 -2.0095396 -2.0099998 -2.01 -2.0088251 -0.52562803 -0.52 -0.52 -0.52 -0.52 -0.52
0.22015381 0.22020345 0.22026762 0.22035829 0.22049854 0.22073702 0.22118737 0.22214813 0.22451467 0.23132396 0.25265974 0.30192791 0.34120698 0.34930116 0.34995474 0.34999554 0.34999963 0.34999998 0.35 0.35 0.35 0.35 0.35 0.35 0.35 0.35 0.35 0.35000009 0.42374312 0.54999518 0.55000097 0.53747931 0.44 0.44 0.44 0.44 0.44 0.44 0.44 0.43765086 -0.03 -0.03 -0.03 -0.03 -0.03 -0.03 -0.03 -0.03 -0.029999998 -0.082370999 -2.0099169 -2.0099999 -2.01 -2.01 -2.0099987 -0.84842374 -0.52000001 -0.52 -0.52 -0.52 -0.52
0.2199204 0.21993334 0.21994374 0.21995193 0.21995811 0.21996243 0.21996488 0.21996517 0.21996246 0.21995458 0.21993547 0.21988549 0.21972429 0.21899572 0.21380651 0.17074815 0.12520631 0.13610092 0.15081016 0.1652469 0.17701283 0.18244535 0.17721929 0.15836147 0.12735819 0.091054334 0.057395005 0.030705768 0.012705236 0.53145286 0.54998853 0.44073419 0.44 0.44 0.44 0.44 0.44 0.44 0.43999998 -0.02999952 -0.03 -0.03 -0.03 -0.03 -0.03 -0.03 -0.03 -0.029999999 -0.0092052595 -1.1560875 -2.0099499 -2.01 -2.01 -2.01 -2.01 -2.0035863 -0.52000015 -0.52 -0.52 -0.52 -0.52
0.21995034 0.21996099 0.21996944 0.21997606 0.21998116 0.21998499 0.21998779 0.21998971 0.21999084 0.21999111 0.21999021 0.21998697 0.21997711 0.21993965 0.21971346 0.21685558 0.12546916 -0.33407823 -0.34998728 -0.35 -0.35 -0.35 -0.35 -0.35 -0.35 -0.35 -0.35 -0.35 -0.34999965 -0.34777891 1.4411504 1.4109461 0.44003222 0.44 0.44 0.44 0.44 0.43999999 0.38988386 -0.029999999 -0.03 -0.03 -0.03 -0.03 -0.03 -0.03 -0.029999989 0.3139825 0.33877421 -0.022220103 -2.0099464 -2.01 -2.01 -2.01 -2.01 -2.0099997 -0.52003295 -0.52 -0.52 -0.52 -0.52
0.21997554 0.2199823 0.21998738 0.21999112 0.21999383 0.21999575 0.21999709 0.21999799 0.21999859 0.21999896 0.21999918 0.21999927 0.21999919 0.21999876 0.21999675 0.21998038 0.21956726 0.16000486 -0.34806274 -0.34999998 -0.35 -0.35 -0.35 -0.35 -0.35 -0.35 -0.35 -0.35 -0.34997608 0.49484597 1.4599586 1.46 1.4599646 0.45701554 0.43999986 0.43999999 0.43999995 0.4396862 -0.027852799 -0.03 -0.03 -0.03 -0.03 -0.03 -0.03 -0.029997054 0.33999152 0.33999966 0.33985782 0.14083271 -2.0097756 -2.01 -2.01 -2.01 -2.01 -2.01 -0.78132372 -0.52 -0.52 -0.52 -0.52
0.21998818 0.21999209 0.21999486 0.21999675 0.219998 0.21999881 0.21999932 0.21999962 0.21999979 0.21999989 0.21999994 0.21999997 0.21999998 0.21999998 0.21999998 0.21999997 0.21999976 0.2199859 0.1938699 -0.34997266 -0.35 -0.35 -0.35 -0.35 -0.35 -0.35 -0.35 -0.34999763 -0.33082278 1.4526047 1.4599999 1.46 1.46 1.459966 -0.63799275 -0.65967835 -0.65969628 -0.65947686 -0.10428085 -0.030000175 -0.03 -0.03 -0.03 -0.03 -0.020878483 0.34 0.34 0.34 0.33999625 0.039383118 -1.9918482 -2.01 -2.01 -2.01 -2.01 -2.01 -2.00999 -0.52 -0.52 -0.52 -0.52
0.21999417 0.21999639 0.21999785 0.21999877 0.21999933 0.21999966 0.21999983 0.21999993 0.21999997 0.21999999 0.22 0.22 0.22 0.22 0.22 0.22 0.22 0.22 0.21999998 0.21501971 -0.35 -0.35 -0.35 -0.35 -0.35 -0.35 -0.34999994 -0.29640551 -0.28778277 1.4599847 1.46 1.46 1.46 1.4599979 -0.65523534 -0.66 -0.66 -0.66 -0.66 -0.65999998 -0.65209477 -0.030157325 -0.029999709 0.33060131 0.34 0.34 0.34 0.34 0.34 -0.53276264 -1.180407 -2.01 -2.01 -2.01 -2.01 -2.01 -2.01 -0.52000019 -0.52 -0.52 -0.52
