Interpolating SPI Data/spi_stations/interpolated_spi/7-22_1.tif
NCOLS 257
NROWS 141
XLLCORNER -178.27925
YLLCORNER 5.3153543
DX 0.49934803
DY 0.49997533
NODATA_VALUE -9999
[rows 112 to 139 of 141, columns 62 to 123 of 257]
0.25719569 0.23153147 0.20703819 0.18399637 0.16263567 0.1431225 0.12555252 0.10994846 0.096263315 0.084387762 0.074160422 0.065379349 0.057813048 0.051209632 0.045303001 0.039815241 0.03445459 0.028908446 0.022830765 0.015823078 0.0074081803 -0.0030042933 -0.016160203 -0.033008059 -0.054741119 -0.082811049 -0.11886712 -0.16454625 -0.22102615 -0.28831187 -0.36442683 -0.44499432 -0.5238199 -0.59458848 -0.65284364 -0.6970431 -0.72823743 -0.74893435 -0.76197291 -0.76983663 -0.7744053 -0.77697241 -0.77836857 -0.77909839 -0.77945241 -0.77958528 -0.7795624 -0.77937763 -0.77893772 -0.77799009 -0.77592685 -0.77128982 -0.7605576 -0.73541299 -0.67822203 -0.56270865 -0.38410198 -0.20075664 -0.074550877 0.0020410007 0.070035407 0.16670765
0.2272418 0.20380444 0.18167892 0.16107008 0.14212929 0.12494765 0.10955342 0.095913613 0.083939183 0.073492667 0.06439711 0.056444894 0.04940531 0.043029858 0.037054511 0.031198292 0.025157661 0.018596154 0.011128727 0.0023002243 -0.0084422684 -0.021782467 -0.038570114 -0.059849924 -0.086866063 -0.12100858 -0.16364994 -0.21581242 -0.27764327 -0.34779798 -0.42303452 -0.49844795 -0.56855239 -0.62882199 -0.67685449 -0.71256873 -0.73755698 -0.75415558 -0.7647065 -0.77116535 -0.77499032 -0.77718627 -0.77840521 -0.77904855 -0.77934884 -0.77942548 -0.77931456 -0.77897108 -0.77823206 -0.77670604 -0.77350106 -0.76658465 -0.75134875 -0.71782563 -0.64761488 -0.51997025 -0.3434909 -0.17523406 -0.058042866 0.021932649 0.10154042 0.21015209
0.20058694 0.17929664 0.15937455 0.1409586 0.12413519 0.10893634 0.095340185 0.083274404 0.072621855 0.063227381 0.054904811 0.047443143 0.040611017 0.03415878 0.027817536 0.021294691 0.014265545 0.0063605355 -0.0028521749 -0.013888679 -0.027374871 -0.044072486 -0.064898531 -0.090924009 -0.12332735 -0.16326625 -0.21162742 -0.26863696 -0.33339067 -0.4034944 -0.47510869 -0.54360671 -0.60470356 -0.65553325 -0.69513528 -0.72421955 -0.74450649 -0.75804476 -0.76674279 -0.77214882 -0.77540871 -0.77731537 -0.77838825 -0.77894975 -0.77918466 -0.77917843 -0.77893231 -0.77834901 -0.77717085 -0.77482399 -0.77006287 -0.76019192 -0.73949174 -0.69671331 -0.61408447 -0.47786947 -0.3064692 -0.15099511 -0.039215687 0.04592191 0.13630931 0.25229446
0.17683253 0.15753973 0.13960666 0.12311494 0.10809896 0.09454562 0.082396417 0.071551467 0.061874642 0.053199039 0.045331949 0.038058593 0.031143951 0.02433216 0.01734304 0.0098653516 0.0015465364 -0.0080211993 -0.019318167 -0.032916738 -0.049500338 -0.069876038 -0.094969806 -0.12578639 -0.16330814 -0.20830492 -0.26104212 -0.32092252 -0.38618188 -0.45383748 -0.52006687 -0.58099814 -0.63361262 -0.67634309 -0.70913441 -0.73305787 -0.74975847 -0.7609802 -0.76827355 -0.77287413 -0.7756938 -0.77736672 -0.77831122 -0.77878664 -0.77893566 -0.77880816 -0.77836222 -0.77743176 -0.77563584 -0.77217266 -0.76537978 -0.75184472 -0.72481819 -0.67233183 -0.57856774 -0.43711747 -0.27224162 -0.12693795 -0.017701321 0.07344129 0.17262793 0.29141201
0.15555965 0.13807236 0.12188894 0.10704511 0.093534599 0.081310304 0.070287027 0.060345267 0.051335427 0.043081757 0.035385416 0.028026067 0.020761536 0.01332513 0.0054203232 -0.0032873963 -0.013181504 -0.024707867 -0.038389504 -0.054840211 -0.074772249 -0.09898966 -0.12835388 -0.1637034 -0.20570799 -0.25464799 -0.31014035 -0.37088757 -0.43458384 -0.49811671 -0.55809925 -0.6115786 -0.6566304 -0.69259778 -0.71993881 -0.7398363 -0.7537744 -0.763217 -0.76942635 -0.77339744 -0.77586431 -0.77733959 -0.77816202 -0.77853806 -0.77857045 -0.7782693 -0.77753878 -0.77612496 -0.77349313 -0.7685697 -0.75922681 -0.74132974 -0.70729122 -0.64509979 -0.54191609 -0.3979841 -0.23993778 -0.10226519 0.0065090089 0.10355754 0.20884205 0.32654262
0.13635693 0.12046127 0.10578049 0.092313612 0.080022942 0.068835786 0.058647188 0.049323103 0.040703471 0.032604694 0.024820994 0.017124257 0.0092620153 0.00095330196 -0.0081177203 -0.018310306 -0.030037413 -0.043776688 -0.060080014 -0.079577716 -0.10297093 -0.13100225 -0.16439149 -0.203723 -0.2492774 -0.30082102 -0.35740207 -0.41724358 -0.47783679 -0.53628684 -0.58984306 -0.63642737 -0.67495616 -0.70535896 -0.728349 -0.74508744 -0.75687343 -0.76492892 -0.77028623 -0.77375374 -0.77592809 -0.77722655 -0.77792286 -0.77817655 -0.77804986 -0.77750675 -0.77638478 -0.7743214 -0.77059783 -0.76383117 -0.75140209 -0.72850506 -0.68700144 -0.6155242 -0.50479811 -0.36041188 -0.20875722 -0.076496337 0.033091198 0.13514134 0.24360326 0.35735199
0.1188377 0.10431235 0.090890674 0.078542698 0.067206402 0.056789576 0.047172154 0.038208574 0.029729736 0.021544151 0.013437909 0.0051731859 -0.0035149225 -0.012923307 -0.023387393 -0.035288896 -0.049063839 -0.06520902 -0.084283781 -0.10690206 -0.13370735 -0.16532112 -0.2022549 -0.24478101 -0.29276986 -0.34552594 -0.40168264 -0.45923193 -0.51574057 -0.56873239 -0.61612602 -0.65657304 -0.6895851 -0.71544047 -0.73494993 -0.74918932 -0.75927793 -0.76623486 -0.77090917 -0.7739629 -0.77588444 -0.77701409 -0.77757016 -0.77766805 -0.77732673 -0.77645592 -0.77481242 -0.77190395 -0.7668 -0.75778162 -0.74174062 -0.71330885 -0.66414468 -0.58412451 -0.46766521 -0.32414919 -0.17805876 -0.049457363 0.061462859 0.16705275 0.2759766 0.38393056
0.1026493 0.089275051 0.076879135 0.06540864 0.054782539 0.044893338 0.035608847 0.026773702 0.018210308 0.0097188953 0.0010764455 -0.0079656797 -0.017685449 -0.028395083 -0.040446789 -0.054238462 -0.070217845 -0.088882612 -0.1107725 -0.13644797 -0.16644851 -0.2012236 -0.2410325 -0.28581798 -0.33507478 -0.38775354 -0.44225475 -0.49655775 -0.54848794 -0.59606158 -0.6378006 -0.67291529 -0.70131213 -0.72345706 -0.74016825 -0.75241156 -0.76114368 -0.76721594 -0.77133062 -0.7740334 -0.77572545 -0.77668285 -0.7770744 -0.77697176 -0.77634611 -0.77504353 -0.77272534 -0.76874948 -0.76195133 -0.75026379 -0.73012392 -0.69575793 -0.63898817 -0.55137272 -0.43076923 -0.28887065 -0.14740589 -0.021243488 0.09089014 0.19829019 0.30543092 0.40660764
0.08747699 0.075042739 0.063453091 0.052636844 0.042497821 0.032916147 0.023749412 0.014833425 0.0059823306 -0.0030121448 -0.012382422 -0.022387811 -0.033318129 -0.045497834 -0.05928993 -0.075098418 -0.093367235 -0.1145727 -0.13920534 -0.16773597 -0.20056106 -0.23792456 -0.27981922 -0.32588131 -0.37530632 -0.42682436 -0.47877206 -0.529274 -0.57650436 -0.6189588 -0.65565442 -0.68620347 -0.71075838 -0.72986982 -0.74431553 -0.75494724 -0.76257986 -0.76792652 -0.77157098 -0.77396471 -0.77543684 -0.77620786 -0.77640021 -0.77604032 -0.7750458 -0.77318896 -0.77002124 -0.76473333 -0.7559118 -0.74114659 -0.71648485 -0.67593765 -0.61183379 -0.51765901 -0.39421175 -0.25426942 -0.1165767 0.007842105 0.12060077 0.2280762 0.33176239 0.42581584
0.073044662 0.061350912 0.050363672 0.03999695 0.030142201 0.02066918 0.011426544 0.0022419825 -0.007078273 -0.016750677 -0.027016337 -0.038143598 -0.050430912 -0.064209383 -0.079843942 -0.097731552 -0.1182941 -0.14196288 -0.16915086 -0.20020919 -0.23536564 -0.27464718 -0.31779561 -0.36419531 -0.41284048 -0.4623705 -0.51118962 -0.55765958 -0.60032262 -0.63809411 -0.67037214 -0.6970437 -0.71840334 -0.73502376 -0.74761978 -0.75693486 -0.76366242 -0.76840156 -0.77163914 -0.77374887 -0.7749986 -0.77555877 -0.77550658 -0.77482029 -0.77335738 -0.77080614 -0.76659496 -0.75973394 -0.74855572 -0.73033062 -0.70080711 -0.65398605 -0.58298638 -0.48328336 -0.35800465 -0.22011705 -0.085545584 0.037363913 0.14987914 0.25588085 0.35499761 0.44200633
0.059113605 0.047974399 0.03740206 0.027298447 0.017544705 0.0080017174 -0.0014897475 -0.01110934 -0.021057963 -0.031559126 -0.042860717 -0.055236902 -0.068989618 -0.084448848 -0.10197035 -0.12192908 -0.1447059 -0.17066481 -0.20011801 -0.23327723 -0.27019246 -0.31068432 -0.35428305 -0.40019344 -0.44730766 -0.49428149 -0.53967252 -0.58211631 -0.62049814 -0.65407601 -0.6825273 -0.70591774 -0.72461474 -0.7391769 -0.75024808 -0.75847342 -0.7644431 -0.76866144 -0.77153492 -0.77337156 -0.77438541 -0.77470015 -0.77434722 -0.77325292 -0.77120753 -0.76780569 -0.76234177 -0.75363733 -0.73977655 -0.71775099 -0.68312063 -0.63007638 -0.55273224 -0.44846717 -0.3221268 -0.18629284 -0.054444741 0.066830888 0.17812925 0.28140043 0.37530504 0.45560244
0.045480412 0.034724309 0.024395909 0.014386976 0.0045699712 -0.0052018089 -0.015094396 -0.025293678 -0.036006282 -0.047460716 -0.059908516 -0.073624969 -0.088908729 -0.1060793 -0.12547097 -0.14742145 -0.17225303 -0.20024438 -0.23159174 -0.26636021 -0.30442938 -0.34544224 -0.38877113 -0.43351706 -0.47855617 -0.52263657 -0.56451328 -0.60309363 -0.63755869 -0.66743264 -0.69258938 -0.71320448 -0.72967374 -0.74252225 -0.75232269 -0.759633 -0.7649556 -0.76871532 -0.7712507 -0.77281289 -0.77356713 -0.77359189 -0.77287125 -0.7712751 -0.76851966 -0.76409736 -0.75716066 -0.74634088 -0.72949028 -0.70337747 -0.66349434 -0.60440129 -0.52132919 -0.41337634 -0.28656749 -0.15278757 -0.023514574 0.095762246 0.20490329 0.30451301 0.39292661 0.46697831
0.031974553 0.021445095 0.011206221 0.0011412967 -0.0088844616 -0.019024048 -0.029448968 -0.04034976 -0.051936652 -0.064440151 -0.078111186 -0.093220283 -0.11005492 -0.12891402 -0.15009814 -0.17389386 -0.20055086 -0.23025072 -0.26306804 -0.29892654 -0.33755653 -0.37846346 -0.4209197 -0.46399093 -0.50660236 -0.54763961 -0.5860672 -0.62103941 -0.6519791 -0.67860937 -0.70093714 -0.71920007 -0.7337949 -0.74520398 -0.75393255 -0.76046202 -0.7652199 -0.76856346 -0.77077267 -0.77204809 -0.7725093 -0.77218978 -0.77102395 -0.76882064 -0.76521563 -0.75959237 -0.75095727 -0.73775652 -0.71763732 -0.68721261 -0.64202799 -0.57716133 -0.48900675 -0.37814717 -0.25135328 -0.11968866 0.0069477077 0.1237348 0.2299022 0.32522819 0.40813054 0.47645209
0.01845593 0.0080118767 -0.0022753367 -0.012529216 -0.022890361 -0.033516589 -0.044583194 -0.056283239 -0.06882772 -0.082445312 -0.097381231 -0.11389459 -0.13225338 -0.15272602 -0.17556836 -0.20100486 -0.22920345 -0.26024421 -0.29408388 -0.33052048 -0.36916522 -0.4094304 -0.4505426 -0.49158673 -0.53157988 -0.56956497 -0.60470692 -0.63637159 -0.66417189 -0.68797476 -0.70787326 -0.72413511 -0.73714167 -0.74732943 -0.75514153 -0.76099247 -0.7652453 -0.76819893 -0.77008177 -0.77104811 -0.77117362 -0.77044618 -0.76874772 -0.76582154 -0.76121757 -0.75420576 -0.74364652 -0.72781291 -0.70418301 -0.66928868 -0.61884479 -0.54855835 -0.45597279 -0.34290884 -0.21655855 -0.087154077 0.036633691 0.15040983 0.25295803 0.34364127 0.42118166 0.48428643
0.0048125734 -0.0056719503 -0.016128761 -0.02668674 -0.037490758 -0.048701737 -0.060496673 -0.073068503 -0.086625558 -0.10139025 -0.11759646 -0.13548505 -0.15529648 -0.17725997 -0.20157798 -0.22840578 -0.25782612 -0.28982033 -0.32423911 -0.36077766 -0.3989622 -0.43815464 -0.47758087 -0.51638371 -0.55369521 -0.58871699 -0.62079348 -0.64946437 -0.67448729 -0.69583003 -0.71363823 -0.72818862 -0.73983824 -0.74897787 -0.7559944 -0.76124363 -0.76503258 -0.76760888 -0.76915445 -0.7697802 -0.76951862 -0.76831073 -0.76598308 -0.76220939 -0.75644969 -0.74785848 -0.73515473 -0.7164569 -0.68911728 -0.64966425 -0.59408578 -0.51879336 -0.42242291 -0.30779876 -0.18230288 -0.055382136 0.065258686 0.17554204 0.27400781 0.35989648 0.43232428 0.49069179
-0.0090415128 -0.01967688 -0.030407817 -0.041367011 -0.052701891 -0.064574468 -0.077160985 -0.090651182 -0.10524688 -0.12115947 -0.13860587 -0.15780212 -0.17895425 -0.20224541 -0.22781919 -0.25575899 -0.28606445 -0.31862717 -0.35320922 -0.38942937 -0.42676258 -0.46455727 -0.50207251 -0.53853268 -0.57319264 -0.60540242 -0.6346601 -0.66064365 -0.68321801 -0.70241929 -0.71842222 -0.73149918 -0.74197844 -0.750207 -0.7565211 -0.76122482 -0.76457572 -0.76677555 -0.76796339 -0.76820853 -0.76750029 -0.76573125 -0.76266979 -0.75791679 -0.75083992 -0.74047923 -0.72542131 -0.70365439 -0.67245365 -0.62842106 -0.56790616 -0.48806737 -0.3885491 -0.27296966 -0.14873958 -0.024582813 0.092584217 0.1989752 0.29306552 0.37415971 0.44177303 0.49582971
-0.023168366 -0.034049331 -0.045142055 -0.056581352 -0.068515296 -0.081104721 -0.094522372 -0.10895145 -0.12458324 -0.14161345 -0.16023668 -0.18063864 -0.20298546 -0.22740998 -0.25399483 -0.28275316 -0.3136084 -0.34637583 -0.38074939 -0.41629802 -0.45247545 -0.48864566 -0.52412351 -0.55822629 -0.59032884 -0.61991319 -0.64660447 -0.67018789 -0.69060601 -0.70793918 -0.72237508 -0.73417359 -0.7436325 -0.75105777 -0.75674005 -0.76093739 -0.76386312 -0.76567711 -0.7664781 -0.76629476 -0.76507276 -0.76265455 -0.75874795 -0.75287867 -0.7443215 -0.73200606 -0.71439997 -0.68939066 -0.6542282 -0.60566154 -0.54047333 -0.45658343 -0.35454543 -0.23858931 -0.11603992 0.0050456356 0.11842888 0.22062989 0.31019673 0.38659948 0.44970796 0.4998136
-0.037608013 -0.048813636 -0.060338865 -0.072318839 -0.084900192 -0.098240134 -0.11250501 -0.12786806 -0.14450616 -0.16259496 -0.18230228 -0.20377921 -0.22714867 -0.25249154 -0.27983078 -0.30911463 -0.34020077 -0.37284411 -0.40669151 -0.44128644 -0.47608595 -0.5104903 -0.54388297 -0.57567631 -0.60535588 -0.63251683 -0.65688666 -0.67833192 -0.69684974 -0.71254731 -0.7256144 -0.7362936 -0.74485216 -0.75155798 -0.75666048 -0.76037632 -0.76287864 -0.76428836 -0.76466558 -0.76399873 -0.76218909 -0.7590274 -0.75415908 -0.74703361 -0.73683437 -0.72238772 -0.70205972 -0.67367052 -0.63449849 -0.58150692 -0.51196595 -0.42454828 -0.32061 -0.20483488 -0.084376811 0.033332985 0.14266989 0.24048761 0.3254973 0.39737374 0.45627101 0.50270499
-0.052380408 -0.063974076 -0.075985646 -0.088548679 -0.10180618 -0.11590921 -0.13101481 -0.14728301 -0.16487269 -0.18393586 -0.20461017 -0.22700941 -0.25121207 -0.27724812 -0.30508505 -0.33461435 -0.36564045 -0.39787462 -0.43093635 -0.46436418 -0.49763693 -0.53020422 -0.56152334 -0.59109762 -0.61851079 -0.64345227 -0.66573027 -0.68527177 -0.70211097 -0.71636947 -0.72823195 -0.73792115 -0.7456746 -0.751725 -0.7562843 -0.75953145 -0.76160245 -0.76258144 -0.7624909 -0.76127905 -0.75880195 -0.75479737 -0.74884721 -0.74032503 -0.72832646 -0.71158479 -0.68838564 -0.65651836 -0.61334264 -0.55609589 -0.4825731 -0.39217261 -0.28694315 -0.17188435 -0.053910724 0.060146169 0.16523819 0.25857434 0.33907644 0.40662044 0.46156111 0.50450241
-0.067487412 -0.079517011 -0.092052147 -0.10522285 -0.11916629 -0.13402491 -0.14994369 -0.16706654 -0.18553143 -0.20546398 -0.22696959 -0.25012386 -0.27496166 -0.30146539 -0.32955351 -0.35907062 -0.38978122 -0.4213689 -0.45344286 -0.48555283 -0.51721193 -0.54792597 -0.57722565 -0.6046976 -0.63000993 -0.65292895 -0.67332533 -0.6911699 -0.70652091 -0.71950554 -0.7302988 -0.73910239 -0.74612541 -0.75156792 -0.75560754 -0.75838843 -0.76001178 -0.76052639 -0.75991778 -0.75809377 -0.75486445 -0.74991376 -0.74275992 -0.73270235 -0.71875485 -0.69957076 -0.67337947 -0.63797802 -0.59085851 -0.52958315 -0.45249299 -0.35966935 -0.25374308 -0.13990724 -0.024779402 0.085392194 0.18610981 0.27494514 0.35104331 0.4144492 0.46562557 0.50511979
-0.082914851 -0.095413133 -0.10849297 -0.12227894 -0.13690026 -0.15248842 -0.16917395 -0.18708226 -0.2063282 -0.22700938 -0.24919825 -0.27293291 -0.29820728 -0.3249613 -0.35307222 -0.38234844 -0.41252742 -0.44327921 -0.47421662 -0.50491214 -0.53492077 -0.56380647 -0.5911693 -0.61666967 -0.6400466 -0.66112795 -0.67983187 -0.69616015 -0.71018541 -0.72203434 -0.73186938 -0.73987088 -0.74622088 -0.75108917 -0.75462152 -0.7569296 -0.7580815 -0.75809175 -0.75690919 -0.75440102 -0.75033085 -0.74432848 -0.73584932 -0.72412207 -0.70808683 -0.68633289 -0.65706014 -0.61811264 -0.56716259 -0.50213766 -0.42193064 -0.32725033 -0.2211999 -0.10905646 0.0029081984 0.10901632 0.20529544 0.2896706 0.36149577 0.42093216 0.46844513 0.50435075
-0.09863465 -0.11161983 -0.12525025 -0.13964318 -0.15491796 -0.17119312 -0.18858279 -0.20719209 -0.22711147 -0.24841003 -0.27112781 -0.29526759 -0.32078642 -0.34758806 -0.37551709 -0.40435616 -0.43382742 -0.46359922 -0.49329842 -0.52252791 -0.55088798 -0.57799936 -0.60352533 -0.62718999 -0.64879085 -0.66820425 -0.68538372 -0.70035215 -0.71318945 -0.72401757 -0.73298469 -0.74025001 -0.7459699 -0.75028581 -0.75331377 -0.75513468 -0.75578482 -0.75524512 -0.75342796 -0.75015971 -0.74515732 -0.73799691 -0.72807306 -0.71454882 -0.69630097 -0.671873 -0.63946407 -0.59700423 -0.54238868 -0.47394026 -0.39109448 -0.2951217 -0.18948965 -0.079462241 0.029073997 0.13099708 0.22282967 0.30282476 0.37050979 0.42609165 0.46991007 0.50181635
-0.11460706 -0.12808366 -0.14225637 -0.15723353 -0.17312289 -0.19002842 -0.20804644 -0.22726074 -0.24773698 -0.26951622 -0.29260789 -0.31698271 -0.34256591 -0.36923195 -0.39680128 -0.42504045 -0.45366632 -0.48235482 -0.51075416 -0.53850188 -0.56524398 -0.5906544 -0.61445242 -0.63641612 -0.65639046 -0.67428936 -0.69009214 -0.70383524 -0.71560073 -0.72550296 -0.73367489 -0.74025502 -0.74537534 -0.74915065 -0.75166882 -0.75298138 -0.75309372 -0.75195368 -0.74943729 -0.74533012 -0.73930272 -0.73087878 -0.71939524 -0.70395634 -0.68338794 -0.65620817 -0.62064526 -0.57475283 -0.51668581 -0.44518042 -0.36019214 -0.26347887 -0.15876908 -0.051228716 0.053669638 0.15133935 0.23876033 0.31447394 0.37812777 0.42988273 0.46978553 0.49689633
-0.1307829 -0.14474283 -0.15943678 -0.17496272 -0.1914155 -0.20888339 -0.22744403 -0.24715962 -0.26807144 -0.29019396 -0.31350868 -0.3379583 -0.36344185 -0.38981141 -0.41687127 -0.44438037 -0.47205839 -0.4995956 -0.52666616 -0.55294385 -0.57811875 -0.60191314 -0.62409492 -0.64448713 -0.66297268 -0.67949415 -0.69404909 -0.70668181 -0.71747277 -0.72652683 -0.7339613 -0.73989451 -0.74443526 -0.74767305 -0.7496689 -0.75044601 -0.74997959 -0.74818477 -0.74490143 -0.73987463 -0.73272938 -0.722939 -0.70978739 -0.69232839 -0.66935136 -0.63937109 -0.60067501 -0.55147519 -0.49021567 -0.4160524 -0.32942576 -0.23250176 -0.12917193 -0.024433083 0.076672904 0.17006643 0.25313828 0.32466544 0.38434431 0.43216899 0.46766555 0.48865111
-0.14710583 -0.16152968 -0.17671261 -0.19274115 -0.20969629 -0.22764992 -0.2466608 -0.2667699 -0.28799531 -0.31032709 -0.33372209 -0.35809959 -0.38333806 -0.4092738 -0.43570209 -0.46238126 -0.48903997 -0.51538744 -0.54112613 -0.56596576 -0.58963747 -0.61190646 -0.63258214 -0.65152445 -0.66864625 -0.68391153 -0.69733017 -0.70895005 -0.71884737 -0.72711621 -0.73385808 -0.73917177 -0.74314387 -0.74583973 -0.74729454 -0.74750398 -0.74641366 -0.74390637 -0.73978621 -0.73375837 -0.72540379 -0.71414855 -0.6992293 -0.67965965 -0.65420843 -0.62141023 -0.57964122 -0.5273028 -0.46314924 -0.38675083 -0.29898733 -0.20235095 -0.10080716 0.00087303038 0.098082464 0.18721162 0.26600696 0.33341518 0.3890881 0.43269093 0.46291907 0.47575436
-0.16351453 -0.17837301 -0.19400326 -0.21047959 -0.22786856 -0.24622553 -0.26559071 -0.2859848 -0.30740453 -0.32981823 -0.35316183 -0.37733582 -0.40220359 -0.42759167 -0.45329232 -0.47906882 -0.50466322 -0.52980642 -0.55422982 -0.57767746 -0.59991775 -0.62075336 -0.64002856 -0.65763324 -0.6735035 -0.68761892 -0.69999715 -0.71068639 -0.71975665 -0.72729046 -0.73337355 -0.73808576 -0.74149233 -0.74363537 -0.74452508 -0.7441303 -0.74236753 -0.73908768 -0.73405965 -0.72694987 -0.71729742 -0.70448524 -0.68770989 -0.66595634 -0.63799025 -0.60238958 -0.55764708 -0.50237936 -0.43566303 -0.35746623 -0.26905449 -0.17316501 -0.073758808 0.024660369 0.11791152 0.20280935 0.27739154 0.34069312 0.39219909 0.43102818 0.45463743 0.45647509
-0.1799448 -0.19520034 -0.21122869 -0.22809145 -0.24584068 -0.26451547 -0.2841383 -0.30471108 -0.32621139 -0.34858888 -0.3717624 -0.39561821 -0.42000962 -0.44475855 -0.46965917 -0.4944838 -0.51899077 -0.54293392 -0.56607297 -0.58818383 -0.6090681 -0.62856062 -0.6465346 -0.66290389 -0.67762233 -0.69068046 -0.70210012 -0.7119274 -0.72022478 -0.72706273 -0.73251133 -0.73663202 -0.73946944 -0.7410432 -0.74133923 -0.74030009 -0.73781368 -0.73369964 -0.72769256 -0.71942177 -0.70838745 -0.69393452 -0.67522791 -0.65123682 -0.62074197 -0.58238794 -0.53480927 -0.47685769 -0.40793491 -0.32838068 -0.23978727 -0.1450594 -0.048087719 0.046917504 0.13618064 0.21688587 0.28728685 0.34640598 0.3934015 0.42656051 0.44160316 0.4287706
-0.19633147 -0.21193986 -0.22831135 -0.24549479 -0.26352795 -0.28243434 -0.30221992 -0.32286968 -0.34434454 -0.36657864 -0.38947754 -0.41291746 -0.43674607 -0.46078495 -0.48483398 -0.50867738 -0.53209138 -0.55485289 -0.57674847 -0.597583 -0.61718716 -0.63542305 -0.65218763 -0.66741364 -0.68106815 -0.69314897 -0.70367934 -0.71270149 -0.72026935 -0.72644105 -0.73127124 -0.73480342 -0.73706226 -0.73804554 -0.7377155 -0.73598899 -0.73272593 -0.72771545 -0.72065917 -0.71115148 -0.69865745 -0.68249018 -0.66179251 -0.63553179 -0.60252242 -0.56149772 -0.51125565 -0.45089621 -0.38014009 -0.29966413 -0.21132594 -0.11812672 -0.023834518 0.067645266 0.15291003 0.22944916 0.29564372 0.35037724 0.39227489 0.41843745 0.42231243 0.39056078
