Interpolating SPI Data/spi_stations/interpolated_spi/7-22_3.tif
NCOLS 257
NROWS 141
XLLCORNER -178.27925
YLLCORNER 5.3153543
DX 0.49934803
DY 0.49997533
NODATA_VALUE -9999
[rows 56 to 83 of 141, columns 186 to 247 of 257]
-0.079997989 -0.08 -0.08 -0.08 -0.13108585 -0.46834922 0.31992681 0.32 -0.38830103 0.25094462 0.25 0.25 2.0447871 2.81 -0.28 -0.28 -0.28 -0.27999999 -0.16999999 1.85 1.85 1.85 1.85 -0.097473736 2.22 2.22 2.22 1.8 1.8 1.43 0.36 0.53 0.53 2.17 2.17 2.17 1.0001641 1 1 0.32 0.26000018 0.26 -0.036636988 -0.13 -0.13 -0.11 -0.11 -0.11 -0.11 -0.95999984 0.63931236 0.68 0.68 0.68 0.68 0.68 0.68 0.31151837 0.65 0.65 0.65 0.6499999
-0.079995723 -0.08 -0.08 -0.08 -0.71990709 -0.47002146 -0.47 -0.4657288 -0.45 -0.45 0.24992167 0.13708973 0.08 0.08 0.07873259 -0.28256223 -0.56999865 -0.17000001 -0.17 -0.17 1.8493671 -0.15 -0.15 -0.15 2.22 2.22 0.43347313 0.38 0.38 1.16 0.36 0.36 0.53004549 2.17 2.17 1.36 1.36 0.41 0.41 0.66 0.66 -0.50866669 -0.13 -0.13 0.18000038 -0.08 -0.11000037 -0.11 -0.11 -0.96 -0.96 0.6797605 0.68 0.68 0.68 0.68 0.68 0.67999997 0.65 0.65 0.65 0.65
-0.050101441 -0.08 -0.08 -0.08 -0.72 -0.71965572 -0.47 -0.46999999 -0.45 -0.45 -0.44999991 1.1 0.08 0.08 -0.39160841 -0.57 -0.57 -0.17000001 -0.17 -0.17 0.79998782 0.8 -0.15 -0.15 0.89 0.89 -0.01 0.38000026 0.91999393 1.03 1.0299991 0.5599998 0.56 0.87724105 1.36 1.36 1.36 -0.0095441374 0.41 0.41 -0.51 -0.51 -0.31 -0.31 0.18 -0.08 -0.46 -0.46 -0.93510933 -0.96 -0.96 0.4 0.4 0.67988981 0.68 0.68 0.68 0.65064982 0.65 0.65 0.65 0.65
-0.05 -0.08 -0.08 -0.080000815 -0.72 -0.72 -0.47 -0.16 -0.16 -0.45 -0.45949762 1.1 1.1 1.2599999 1.26 -0.57 -0.1131884 -0.080000681 -0.17 -0.3 -0.29999347 0.8 0.8 0.03 0.03 0.60020959 -0.01 1.689998 1.69 1.03 1.03 0.56 0.56 0.56 1.36 1.36 -0.02 -0.03 0.30998778 -1.06 -1.0596087 -0.51 -0.46 -0.30999988 0.53 -0.52 -0.46 -0.73998169 0.099999999 -0.59 0.4 0.4 0.4 0.4 0.6799965 0.68 0.68 0.65000001 0.65 0.65 0.65 0.65
-0.05002289 -0.83999981 -0.84 -0.83946364 -0.72 -0.72 -0.71999997 0.37 -0.15998848 -0.46 -0.46 -0.46000103 -0.54 1.26 1.26 -0.090074025 -0.08 0.77 0.38 0.08 -0.24 -0.23992838 1 1.34 1.0898807 0.6 0.64999995 0.65 1.69 1.0300001 1.0221791 0.56 0.56 0.56 -0.81999995 -0.82 -0.82 0.30986137 -0.99 -1.06 -0.42 -0.42 -0.459993 -0.13 -0.13006713 -0.52 0.12 -0.74 0.1 -0.59645912 -0.55557479 0.4 0.4 0.4 0.40003428 0.67999998 0.6799773 0.65 0.65 0.65 0.65 0.65
-1.16 -0.84 -0.84 -0.84 -0.72 -0.72 0.37 0.37 -0.53 0.67711962 -0.46 -0.54 -0.54 -0.79 -0.64 -0.64 0.77 0.77 0.77 1 -0.24 0.58 0.99999853 0.34 1.0903254 1.14 0.65 0.65 0.64999926 -0.3021399 -1.12 -1.12 -1.12 -1.12 -0.82 -0.82 -0.82 -0.37 -0.37 -0.64 -0.56 -0.82 -1.04 -0.41 -0.59 -0.59119454 -0.61 -0.037996016 -0.6 -0.6 -0.6 0.39999099 0.4 0.4 0.4 0.62849803 0.66445332 0.65 0.65 0.65 0.65 0.65
-1.16 -0.84 -0.84 -0.84 -0.91 -0.42005214 -0.42 -0.42 -0.53 1.02 0.11 -0.45202667 -0.19 0.018465866 0.07 0.039959164 1.32 0.83 0.82 0.15 1.39 0.5800005 0.24001873 0.24 0.38770361 -0.46 -0.46 -0.65 -0.65 -0.65 -1.3799887 -1.1200028 -1.12 -1.12 -0.85164131 -0.8200004 -1.11 -1.11 -0.44 -1.34 -1.34 -0.62502069 0.38 -0.28 -0.21587045 -0.61 -0.61 -0.61 -0.6 -0.6 -0.6 -0.59946387 0.39955169 0.39999775 0.39999911 0.40021459 0.65061807 0.65 0.65 0.65 0.65 0.65
-0.47 -0.47 -0.8399985 -0.91 -0.91 -0.9100209 -1.8786749 -0.42 -0.77 -0.79 -0.38000026 -0.74 -0.25 -0.22 0.37 0.04 -0.059221974 0.36 0.60533558 0.14994128 0.27000002 0.27 0.24 0.24 -0.64 -0.46 -0.46 -0.65 -0.65 -0.65 -1.38 -1.38 -1.38 -1.3799999 -1.3283647 -1.1099974 -1.1099989 -0.44 -1.1099993 -1.11 -1.34 -0.28 -0.28 -0.27999993 -0.27998744 -0.61 -0.61 -0.61 -0.60004691 -0.6 -0.6 -0.59999971 -0.52154728 0.39421934 0.39986036 0.39996133 0.6475531 0.65000001 0.65 0.65 0.65 0.65
-0.47 -0.47 -0.62935293 -0.91 -0.91 -1.5299969 -1.91 -1.91 -0.77 -2.309997 -1.67 -1.69 -0.38 -0.62 0.36999998 0.007906221 -0.06 -0.05999998 0.36 -0.3 0.26966343 0.27 0.27 -0.63997906 -0.64 -0.76 -0.74 -0.74 -0.74 -0.72440345 -1.38 -1.38 -1.38 -1.38 -1.3799999 -1.1032983 -0.55344754 -1.11 -1.11 -1.36 -1.36 -0.28 -0.28 -0.27998571 -0.27979423 -0.60002588 -0.61 -0.61 -0.60995655 -0.60000001 -0.6 -0.59999995 -0.59947975 -0.26850182 0.37765527 0.39827362 0.59059184 0.64999999 0.65 0.65 0.65 0.65
-0.46136516 -0.46147405 -0.57368527 -0.90127293 -0.90156371 -1.53 -1.53 -0.77 -1.0676967e-12 -0.85 -1.05 -0.49 -0.36878743 -0.35341542 -0.17 -0.45994977 -0.46 -0.46 -0.30588008 -0.3 -0.3 -0.3 -0.63761517 -0.94412241 -0.76 -0.76 -0.74 -0.74 -0.74 -0.74000022 -1.3800001 -1.38 -1.38 -1.38 -1.38 -1.0597039 -1.1099831 -1.11 -1.1137649 -1.36 -1.36 -1.3522501 -0.28 -0.28 -0.27883537 -0.36270161 -0.6099999 -0.61 -0.60999862 -0.60013404 -0.59999996 -0.59999988 -0.5999487 -0.58527963 -0.094249338 0.35013157 0.45402818 0.64999683 0.65 0.65 0.65 0.65
0.02 0.02 -0.13962716 -0.42 -0.42 -0.48 -1.69 -1.42 -4.892766e-36 -0.33114277 -1.3 -0.60973013 -0.68999741 -0.52 -0.86 -0.47265411 -0.46 -0.46 -0.86261327 -0.87 -0.87 -0.64618954 -1.08 -1.08 -1.23 -1.23 -1.48 -1.48 -1.48 -1.48 -1.48 -1.478127 -1.38 -1.38 -1.38 -1.1093652 -1.1099994 -1.1102488 -1.3599967 -1.36 -1.36 -1.36 -0.30070475 -0.28000073 -0.27949919 -0.29827045 -0.60989846 -0.60999995 -0.60999941 -0.6057483 -0.6000069 -0.59999906 -0.59997798 -0.59797737 -0.52323133 -0.014213355 0.33592676 0.64987365 0.64999999 0.65 0.65 0.64999999
0.02 0.02 0.14602241 -0.42000079 -0.47 -0.75 -0.36 -1.5511745 -1.4190008 -0.46962173 -0.48001694 -0.48 -0.48 -0.86 -0.86 -0.86 -0.46000002 -0.75 -0.75 -0.87 -0.87 -0.87 -1.08 -1.08 -1.23 -1.1880886 -1.48 -1.4799992 -1.48 -1.48 -1.48 -1.48 -1.479999 -1.3802712 -1.3799973 -1.1099133 -1.1107789 -1.305587 -1.3599992 -1.36 -1.36 -1.36 -1.3496074 -0.29060709 -0.28005791 -0.28565731 -0.60599411 -0.60998947 -0.60999913 -0.60936706 -0.60037189 -0.59999751 -0.59997618 -0.59930608 -0.58386527 -0.42111603 0.03008316 0.64734536 0.64999941 0.65 0.65 0.6499999
0.74 0.68297439 0.6 0.6 0.16142655 -0.3600001 -0.36 -0.38 -0.38 -0.38 -0.48 -0.48 -0.48 -0.47 -0.47 -0.54776566 -0.6490979 -0.75 -0.75 -0.26 -0.26 -0.44 -1.08 -1.04 -1.04 -1.15 -1.15 -1.11 -1.48 -1.48 -1.48 -1.48 -1.48 -1.4799996 -1.443151 -1.1120691 -1.1692528 -1.3570361 -1.359998 -1.36 -1.36 -1.3599999 -1.3595585 -0.97893979 -0.29508124 -0.28078025 -0.57900943 -0.6096806 -0.60998926 -0.60980709 -0.60308737 -0.6000603 -0.59995695 -0.59956763 -0.59410404 -0.5445737 -0.31720884 0.60890146 0.64997958 0.64999997 0.64999998 0.64999941
0.74 0.68739665 0.6 0.6 0.37 0.37 0.6 -0.38 -0.38 -0.37965879 0.22999425 -0.48 -0.48 -0.47 -0.47 -0.47 -0.34 -0.34 -0.11000001 -0.26 -0.26013304 -0.44 -0.44000179 -0.69 -0.85992976 -0.86 -0.86010377 -1.11 -1.1100019 -1.48 -1.48 -1.48 -1.48 -1.48 -1.479999 -1.1436682 -1.3065221 -1.3590339 -1.3599933 -1.3599999 -1.36 -1.3599997 -1.3598369 -1.323397 -0.60411596 -0.30288687 -0.49845698 -0.60697614 -0.60984482 -0.60987579 -0.60674344 -0.60062157 -0.59993743 -0.59959142 -0.59674542 -0.57670352 -0.48136724 0.33223599 0.64954961 0.649999 0.64999986 0.64999754
0.13 0.83 0.83 0.83 1.27 0.6 0.6 0.58742142 0.5 0.5 0.23 0.23 0.23 0.54 0.54 0.32997131 -0.34 -0.34 -0.10999989 -0.11 -0.44 -0.44 -0.59925161 -0.69 -0.69 -0.86 -0.86000001 -1.11 -1.1100002 -1.4790039 -1.48 -1.48 -1.48 -1.48 -1.48 -1.3905374 -1.3429243 -1.3592853 -1.3599794 -1.3599993 -1.3599999 -1.3599983 -1.3598543 -1.3507792 -1.1242054 -0.48897711 -0.38011238 -0.59507406 -0.6088685 -0.60975889 -0.60840011 -0.60234086 -0.60004332 -0.59950923 -0.59756966 -0.5870388 -0.54199894 -0.15968368 0.643815 0.64997755 0.6499992 0.64999194
0.13 0.82961137 0.83 0.83004651 1.27 1.27 0.91357418 0.97 0.78255542 0.83 0.23 0.23 -0.36999996 0.54 0.54 0.33 0.33 0.33089794 0.1 0.1 -0.41 -0.41 -0.47 -0.47 -0.68999998 -0.69002082 -0.86000002 -1.1075737 -1.1100014 -1.2205656 -1.4797351 -1.4799961 -1.4799993 -1.4799994 -1.4799992 -1.4794463 -1.3510584 -1.359251 -1.3599466 -1.3599955 -1.3599991 -1.3599933 -1.3598132 -1.3553133 -1.2839468 -0.87733625 -0.44913656 -0.5574552 -0.6049302 -0.60908101 -0.60884364 -0.60456702 -0.60054729 -0.59939406 -0.59774387 -0.59099939 -0.56593424 -0.41437285 0.5991364 0.64968513 0.64999432 0.64997794
0.13 0.85 0.85 0.85 1.2640213 1.2534047 0.97 0.97 0.83 0.83 0.48000011 -0.37 -0.37 0.43 0.25 0.25 0.54999985 0.55 0.050000001 0.05 -0.41 -0.41 -0.47 -0.47 -0.47 -0.47002236 -0.74470385 -0.93610969 -1.1099892 -1.1231146 -1.455861 -1.4795216 -1.4799505 -1.4799833 -1.4799884 -1.4799724 -1.3540587 -1.3590914 -1.359881 -1.3599821 -1.3599946 -1.3599783 -1.3597247 -1.3564707 -1.3241381 -1.1340878 -0.70974017 -0.50956456 -0.59328791 -0.60677064 -0.60844214 -0.60603647 -0.60155258 -0.59936271 -0.5976079 -0.59258698 -0.57650473 -0.50495223 0.41231352 0.64715308 0.64995032 0.64994703
0.33 0.84999998 0.85 0.83217507 0.69 0.69 0.97 0.97 0.48059577 0.48 0.48 -0.37 0.43 0.43 1.03 0.25 0.70999071 0.71 0.72 0.71930446 -0.13 -0.41 -0.47 -0.47 -0.47 -0.47 -0.47000268 -0.52801056 -1.1071148 -1.1155904 -1.3156536 -1.4700978 -1.4789749 -1.4797484 -1.4798832 -1.4799153 -1.3832413 -1.3588343 -1.3597663 -1.3599469 -1.359978 -1.359941 -1.3595759 -1.3566917 -1.3372312 -1.2406631 -0.96285792 -0.59562597 -0.57038546 -0.60074267 -0.60672066 -0.60633446 -0.60263445 -0.59951456 -0.59732406 -0.59308788 -0.5815273 -0.54059853 0.059268617 0.63260418 0.64961348 0.64987945
0.33 0.22 0.22 0.69 0.69 0.69 1.45 1.45 0.58345093 1.1899798 1.19 1.1899999 0.43000004 1.0299972 1.03 1.0248792 1.01 0.71 0.93 -0.13 -0.13 -0.12999998 -0.46999993 -0.47 -0.47 -0.47 -0.47000001 -0.47000974 -0.64881569 -1.1137392 -1.2021993 -1.4206859 -1.4714656 -1.477991 -1.4792235 -1.4795604 -1.4632202 -1.3585168 -1.3595851 -1.359872 -1.3599328 -1.3598611 -1.3593453 -1.3564948 -1.3423627 -1.2848075 -1.1159852 -0.79649278 -0.56728822 -0.58889578 -0.60256446 -0.60520902 -0.60312049 -0.59976323 -0.59699544 -0.59301656 -0.58391335 -0.55689589 -0.24203393 0.57566444 0.6476902 0.64970181
0.22 0.22 0.22 1.98 1.98 1.45 1.45 1.45 1.45 1.19 1.19 0.74 0.74 1.0299881 1.03 1.01 1.01 1.0098705 0.9052343 0.29 0.29 0.28998735 0.25924904 -0.4699996 -0.47 -0.47 -0.47 -0.47000028 -0.47016422 -0.90562457 -1.1602395 -1.3327927 -1.4445504 -1.4705454 -1.4764912 -1.4782285 -1.4768749 -1.3592386 -1.3593197 -1.359734 -1.3598334 -1.3597097 -1.3590055 -1.356024 -1.3444406 -1.3050871 -1.1969382 -0.96931072 -0.65323334 -0.57733465 -0.59480158 -0.60208019 -0.60243044 -0.59975778 -0.59662644 -0.59261969 -0.58489733 -0.56512972 -0.40223497 0.42752339 0.63948045 0.64910839
0.2 0.22 1.9799964 1.98 1.98 1.9799998 1.42 1.42 1.42 1.189059 0.74 0.74 0.63 0.32000001 0.32 0.32 0.16000001 0.16 0.29 0.29 0.29 0.29 0.28999255 0.28668168 -0.46991824 -0.46999998 -0.47 -0.47000006 -0.47000506 -0.47434952 -1.0366195 -1.2582597 -1.3934727 -1.451013 -1.4686488 -1.4744522 -1.4762812 -1.3731136 -1.3589664 -1.3595053 -1.3596465 -1.3594511 -1.3585244 -1.3553194 -1.3450555 -1.3152211 -1.240185 -1.0814142 -0.802585 -0.59456629 -0.58500717 -0.59630089 -0.60003155 -0.59898413 -0.59605262 -0.59199429 -0.58506491 -0.56946587 -0.47726764 0.18518854 0.61268493 0.64702465
0.2 0.22167367 1.98 1.98 1.98 1.9785889 1.42 1.44 1.44 1.4296568 0.6300106 0.63 0.63 0.32016978 0.32 0.32 0.16 0.16 0.16 0.29 0.29 0.29 0.2899997 0.28995063 0.2484292 -0.46846326 -0.46999388 -0.46999977 -0.47000125 -0.4701179 -0.50910234 -1.1453756 -1.333257 -1.4168932 -1.4523068 -1.4661275 -1.4717772 -1.4205904 -1.3587317 -1.359156 -1.3593336 -1.3590453 -1.3578679 -1.354385 -1.3448223 -1.3204451 -1.2643827 -1.1497142 -0.93653971 -0.66964537 -0.58334697 -0.58840129 -0.59548482 -0.59690424 -0.59493621 -0.59108981 -0.58469383 -0.57168394 -0.51359722 -0.065364962 0.54533267 0.64045266
0.51 0.55999987 0.56 0.56 1.9192912 0.34464107 1.44 1.44 0.76 0.76 0.070097935 0.22 0.22 0.22 0.32 -0.47941726 0.16 0.16 0.16 0.15999996 0.28998095 0.29 0.28999978 0.2899879 0.28973747 0.14371167 -0.46183305 -0.46984232 -0.46998795 -0.47001505 -0.471839 -0.62691178 -1.2359335 -1.3723889 -1.4263904 -1.4514557 -1.463092 -1.4522829 -1.3603328 -1.3586668 -1.3588545 -1.3584513 -1.3570021 -1.3532103 -1.3440095 -1.3229887 -1.2784732 -1.1916424 -1.0315272 -0.78196047 -0.60882664 -0.58254461 -0.58899858 -0.59310568 -0.59284954 -0.58970706 -0.58386311 -0.57261623 -0.53243948 -0.25007032 0.41683499 0.62279598
0.51 0.55999997 0.56 0.56 0.32105219 0.32 0.32000232 0.76 0.76 0.070000091 0.07 0.22 0.22 0.22 -0.142702 -0.48 -0.48 -0.48 -0.47946111 -0.049660057 0.12575585 0.2887841 0.28999911 0.28999078 0.28989315 0.28809474 0.038350121 -0.44727464 -0.46878668 -0.46984765 -0.47019912 -0.48390247 -0.8217341 -1.2941262 -1.3915243 -1.4299849 -1.4494533 -1.4547687 -1.3701625 -1.3581131 -1.3581723 -1.3576306 -1.3558951 -1.3517802 -1.3427445 -1.3239021 -1.2868168 -1.2180154 -1.0949076 -0.8892157 -0.67135312 -0.58809764 -0.58255251 -0.58761869 -0.58942716 -0.58754845 -0.58249747 -0.57264128 -0.54276506 -0.3645041 0.23409116 0.58290402
0.51 0.55993754 0.56 0.56 0.32 0.32 0.32 0.76 0.3138147 -0.14 0.07 0.07 0.22 -0.41978846 -0.06 -0.06 -0.063339856 -0.48 -0.48 -0.47999032 -0.47549398 -0.39825399 0.23418112 0.28984323 0.28990994 0.28950719 0.2790414 -0.03355847 -0.42585378 -0.46527737 -0.46916606 -0.47184354 -0.52991856 -1.0023174 -1.3275927 -1.4006646 -1.4305981 -1.445035 -1.3933016 -1.3579989 -1.357266 -1.3565499 -1.3545194 -1.3500787 -1.3410912 -1.3237233 -1.2916545 -1.2349569 -1.1371343 -0.97288586 -0.75670963 -0.61545558 -0.58088796 -0.58147581 -0.5846014 -0.58433221 -0.5804206 -0.57188098 -0.54850499 -0.43160947 0.038054189 0.50775554
-0.42 -0.42 0.20941698 0.5599859 -0.28999638 -0.29 -0.29258555 -0.35329963 -0.27 -0.14 -0.14 0.045385649 -0.43 -0.43 -0.42922795 -0.06 -0.06 -0.060000003 -0.20449397 -0.47741602 -0.47951287 -0.47809547 -0.4613979 -0.087025163 0.28289616 0.28929786 0.28799239 0.25454936 -0.077873082 -0.40069675 -0.45784932 -0.46745309 -0.4803757 -0.63251336 -1.1232969 -1.3462492 -1.4044644 -1.4288019 -1.4133487 -1.3599078 -1.3561795 -1.3551848 -1.3528529 -1.348092 -1.3390832 -1.3227482 -1.2942065 -1.245934 -1.1656589 -1.0335121 -0.84200394 -0.66667598 -0.59066161 -0.57725639 -0.57893012 -0.57996664 -0.57744523 -0.57031102 -0.55146262 -0.47103865 -0.1297923 0.39101016
-0.42 -0.42 0.07 -0.36999781 -0.37 -0.29248101 -0.38 -0.36616521 -0.27 -0.27 -0.094920463 -0.03 -0.42999051 -0.43 -0.43 -0.06 -0.06 -0.06 -0.060000498 -0.063756515 -0.24699075 -0.43177885 -0.46176486 -0.45885348 -0.29491649 0.22433923 0.28361698 0.28224641 0.21439665 -0.1049331 -0.37473221 -0.44614156 -0.4654908 -0.50801072 -0.77358912 -1.195926 -1.3562821 -1.4048752 -1.415069 -1.3661903 -1.3551388 -1.3535316 -1.3508805 -1.3458099 -1.3367394 -1.3211492 -1.2951744 -1.2529648 -1.1851831 -1.0766651 -0.91420117 -0.73246723 -0.61679077 -0.57896548 -0.57390663 -0.57476549 -0.57350162 -0.5678592 -0.55248766 -0.49460555 -0.25393535 0.24222436
-0.42 0.069999982 0.07 -0.36999999 -0.37 -0.37 -0.26 -0.26 0.078759776 0.08 -0.03 -0.03 -0.03 -0.43 -0.43 -0.42993261 -0.060000006 -0.06 -0.060000004 -0.060013371 -0.062274167 -0.10782661 -0.25826509 -0.37256003 -0.41231594 -0.34175818 0.079897374 0.25557336 0.26511534 0.1657668 -0.12170113 -0.34990904 -0.43140976 -0.46748035 -0.5673138 -0.90803082 -1.2389494 -1.3610516 -1.3995546 -1.3755517 -1.3546901 -1.3516344 -1.348598 -1.3432264 -1.3340717 -1.3190328 -1.2949821 -1.2572671 -1.1986245 -1.1074478 -0.9707216 -0.8000239 -0.65861993 -0.59066918 -0.57198314 -0.5696405 -0.56878656 -0.56451284 -0.55199972 -0.50878357 -0.33894477 0.084794214
