Interpolating SPI Data/spi_stations/interpolated_spi/8-19_3.tif
NCOLS 257
NROWS 141
XLLCORNER -178.27925
YLLCORNER 5.3153543
DX 0.49934803
DY 0.49997533
NODATA_VALUE -9999
[rows 28 to 55 of 141, columns 189 to 251 of 257]
-0.33699556 -0.33999972 -0.34 -0.34 -0.34 -0.34 -0.34 -0.34 -0.33999996 -0.33994959 -0.22568396 -0.22 -0.22 -0.22 -0.22 -0.22 -0.22 -0.22 0.21999956 0.22 0.22 0.22 0.22 0.22 0.22 0.22 0.22 0.22 0.22 0.21999997 0.21968715 -1.383847 -1.39 -1.39 -1.39 -1.39 -1.39 -1.39 -1.39 -1.39 -1.39 -1.39 -1.39 -1.3899213 -1.2708654 0.58875992 0.61994228 0.61999979 0.62 0.62 0.62 0.62 0.62 0.62 0.62 0.62 0.62 0.62000017 0.62000539 0.62013805 0.62273127 0.66028197 0.9672164
-0.24849968 -0.33999566 -0.34 -0.34 -0.34 -0.34 -0.34 -0.34 -0.34 -0.34 -0.34 -0.33922524 -0.22000011 -0.22 -0.22 -0.22 -0.22 -0.22 0.22 0.22 0.22 0.22 0.22 0.22 0.22 0.22 0.22 0.22 0.21999963 0.21998285 0.21971845 0.1060435 -1.3898789 -1.39 -1.39 -1.39 -1.39 -1.39 -1.39 -1.39 -1.39 -1.389961 -1.3194456 0.58759422 0.61997294 0.61999996 0.62 0.62 0.62 0.62 0.62 0.62 0.62 0.62 0.62 0.62 0.62000001 0.6200003 0.62001376 0.62046327 0.63129982 0.79482192 1.4536296
1.1697153 -0.33983257 -0.34 -0.34 -0.34 -0.34 -0.34 -0.34 -0.34 -0.34 -0.34 -0.34 -0.34 -0.22269542 -0.22 -0.22 -0.22 0.13504421 0.22 0.22 0.22 0.22 0.22 0.22 0.22 0.22 0.21999952 0.2199148 0.217275 0.19473652 0.1397047 0.094795228 -0.68498324 -1.389923 -1.39 -1.39 -1.39 -1.39 -1.3899999 -1.3899599 -1.3397297 0.57547134 0.61997551 0.61999998 0.62 0.62 0.62 0.62 0.62 0.62 0.62 0.62 0.62 0.62 0.62 0.62 0.62000001 0.62000073 0.62004745 0.62213157 0.68209212 1.2628046 1.7606612
1.4957316 -0.32127388 -0.33999996 -0.34 -0.34 -0.34 -0.34 -0.34 -0.34 -0.34 -0.34 -0.34 -0.34 -0.34 -0.33998682 -0.22000016 -0.2199863 0.21999333 0.22 0.22 0.22 0.22 0.22 0.21999999 0.21976665 0.16161019 0.059493103 0.051389406 0.050475255 0.05027433 0.050216342 0.050205489 0.050191575 -0.31956575 -1.389359 -1.3899631 -1.3898013 -1.3886393 -1.3351065 0.54363939 0.61995362 0.61999998 0.62 0.62 0.62 0.62 0.62 0.62 0.62 0.62 0.62 0.62 0.62 0.62 0.62 0.62 0.62000002 0.62000246 0.62023865 0.63432106 0.99855133 1.7290879 1.82301
1.4998315 1.1355581 -0.33999545 -0.34 -0.34 -0.34 -0.34 -0.34 -0.34 -0.34 -0.34 -0.34 -0.34 -0.34 -0.34 -0.34 -0.15992298 0.21999981 0.21999998 0.21999768 0.20522431 0.050024732 0.050000003 0.05 0.05 0.05 0.05 0.050000002 0.050000013 0.050000057 0.050000207 0.050000625 0.05000163 0.049990615 0.27722332 0.78072075 0.82397445 0.82833818 0.75464802 0.62142068 0.62000284 0.62 0.62 0.62 0.62 0.62 0.62 0.62 0.62 0.62 0.62 0.62 0.62 0.62 0.62 0.62 0.62000005 0.62001313 0.62192106 0.7595229 1.6583914 1.8226513 1.8295321
1.4999961 1.4997165 -0.33781404 -0.34 -0.34 -0.34 -0.34 -0.34 -0.34 -0.34 -0.34 -0.34 -0.34 -0.34 -0.34 -0.34 -0.33999994 0.050026051 0.050000002 0.05 0.05 0.05 0.05 0.05 0.05 0.05 0.05 0.05 0.05 0.05 0.05 0.050000002 0.049999914 0.050534001 0.63650316 0.82432032 0.8298796 0.8299693 0.82450547 0.63416087 0.62001216 0.62 0.62 0.62 0.62 0.62 0.62 0.62 0.62 0.62 0.62 0.62 0.62 0.62 0.62 0.62 0.62000027 0.62012446 0.64725901 1.4857241 1.8213038 1.8296923 1.8299707
1.5 1.5 0.97935604 -0.33999994 -0.34 -0.34 -0.34 -0.34 -0.34 -0.34 -0.34 -0.34 -0.34 -0.34 -0.34 -0.34 -0.33999922 0.05 0.05 0.05 0.05 0.05 0.05 0.05 0.05 0.05 0.05 0.05 0.05 0.05 0.05 0.049999999 0.049914558 0.02109936 0.50056536 0.82354443 0.82993277 0.82999893 0.82989546 0.75740179 0.62011208 0.62000001 0.62 0.62 0.62 0.62 0.62 0.62 0.62 0.62 0.62 0.62 0.62 0.62 0.62 0.62 0.62000289 0.62245633 1.1140946 1.817619 1.829795 1.8299896 1.8299938
1.5 1.5 1.4999215 -0.33982974 -0.34 -0.34 -0.34 -0.34 -0.34 -0.34 -0.34 -0.34 -0.34 -0.34 -0.34 -0.34 -0.33995769 0.05 0.05 0.05 0.05 0.05 0.05 0.05 0.05 0.05 0.05 0.05 0.05 0.05 0.05 0.049997115 0.0064530748 0.0033876814 0.27725674 0.8215076 0.82996446 0.82999984 0.82999944 0.82876526 0.62305562 0.62000006 0.62 0.62 0.62 0.62 0.62 0.62 0.62 0.62 0.62 0.62 0.62 0.62 0.62 0.62000002 0.62007869 0.73186344 1.8064425 1.8298569 1.8299968 1.8299984 1.8299972
1.5 1.5 1.5 0.61757364 -0.34 -0.34 -0.34 -0.34 -0.34 -0.34 -0.34 -0.34 -0.34 -0.34 -0.34 -0.34 -0.33628626 0.05 0.05 0.05 0.05 0.05 0.05 0.05 0.05 0.05 0.05 0.05 0.05 0.05 0.049999963 0.026373592 2.8316106e-06 0.00030101452 0.077943802 0.81594116 0.82998219 0.82999998 0.83 0.82999737 0.75873397 0.62000115 0.62 0.62 0.62 0.62 0.62 0.62 0.62 0.62 0.62 0.62 0.62 0.62 0.62 0.62000056 0.6270825 1.7601392 1.8298884 1.8299992 1.8299997 1.8299994 1.8299987
1.5 1.5 1.5 1.4999434 -0.33997666 -0.33999957 -0.33999995 -0.34 -0.34 -0.34 -0.34 -0.34 -0.33999806 -0.2563424 2.5209776 2.5786147 2.5795424 0.05 0.05 0.05 0.05 0.05 0.05 0.05 0.05 0.05 0.05 0.05 0.05 0.05 0.047457682 5.0863995e-07 4.7124596e-08 1.0960566e-05 0.0087703428 0.79664429 0.82999138 0.83 0.83 0.83 0.82990911 0.62015853 0.62 0.62 0.62 0.62 0.62 0.62 0.62 0.62 0.62 0.62 0.62 0.62 0.62 0.62009933 1.4810394 1.8298901 1.8299998 1.8299999 1.8299999 1.8299998 1.8299994
1.5 1.5 1.5 1.5 0.17183569 -0.3001517 -0.21929979 0.43751263 2.4228654 2.5798206 2.58 2.58 2.58 2.58 2.58 2.58 2.58 0.077538513 0.05 0.05 0.05 0.05 0.05 0.05 0.05 0.05 0.05 0.05 0.05 0.049926204 1.7377656e-06 3.6342532e-12 2.3814219e-10 1.1073313e-07 0.00031806558 0.69810964 0.82999576 0.83 0.83 0.83 0.83 0.75414479 0.62 0.62 0.62 0.62 0.62 0.62 0.62 0.62 0.62 0.62 0.62 0.62 0.62000016 0.740283 1.8298287 1.83 1.83 1.83 1.83 1.8299999 1.8299997
1.5 1.5 1.5 1.5 1.5050633 2.5762071 2.579937 2.5799999 2.58 2.58 2.58 2.58 2.58 2.58 2.58 2.58 2.58 2.5799952 0.050000056 0.05 0.05 0.05 0.05 0.05 0.05 0.05 0.05 0.05 0.049998716 1.5710424e-05 4.8748556e-13 2.6356705e-15 1.9556672e-13 1.71284e-10 2.233463e-06 0.24366879 0.82999759 0.83 0.83 0.83 0.83 0.82999901 0.62000064 0.62 0.62 0.62 0.62 0.62 0.62 0.62 0.62 0.62 0.62 0.62 0.62090633 1.8293669 1.83 1.83 1.83 1.83 1.83 1.83 1.8299999
1.5 1.5 1.5 1.5 1.5012272 2.5798014 2.5799939 2.58 2.58 2.58 2.58 2.58 2.58 2.58 2.58 2.58 2.58 2.58 0.84620296 0.05 0.05 0.05 0.05 0.05 0.05 0.05 0.050000001 0.050002401 0.00036330839 2.1938739e-11 1.4088565e-17 3.1237068e-19 1.2957961e-17 1.63094e-14 1.1919876e-09 0.004565341 0.82999789 0.83 0.83 0.83 0.83 0.83 0.72901312 0.62 0.62 0.62 0.62 0.62 0.62 0.62 0.62 0.62 0.62 0.62000042 1.8194624 1.83 1.83 1.83 1.83 1.83 1.83 1.83 1.8299999
1.5 1.5 1.5 1.5 1.5002853 2.51337 2.5694439 2.5794709 2.5799968 2.58 2.58 2.58 2.58 2.58 2.58 2.58 2.58 2.58 2.5799851 0.050093998 0.05 0.05 0.05 0.05 0.05000102 0.054952824 0.5052496 0.5296425 0.00027943747 1.4603191e-11 2.8665646e-19 3.2289706e-24 2.671679e-23 2.3176619e-20 1.0092124e-14 2.8368868e-06 0.8299944 0.83 0.83 0.83 0.83 0.83 0.83 0.62 0.62 0.62 0.62 0.62 0.62 0.62 0.62 0.62 0.62 1.1063245 1.83 1.83 1.83 1.83 1.83 1.83 1.83 1.83 1.83
1.5 1.5 1.5 1.5 1.4976016 -0.35620142 -0.39534724 -0.42548448 -0.43799074 -0.39647136 0.10894565 2.5190373 2.5799968 2.5799999 2.5799966 2.579882 2.5787093 2.5737079 2.5613234 2.0705757 0.050000769 0.050071364 0.14548823 0.52952029 0.52999988 0.53 0.53 0.52999984 0.024554843 2.9945748e-11 5.8556226e-21 2.7448367e-30 5.0637443e-31 5.0505886e-29 9.5192675e-23 9.2185059e-12 0.82981699 0.83 0.83 0.83 0.83 0.83 0.83 0.85217866 0.6351304 0.62001154 0.62 0.62 0.62 0.62 0.62000001 0.62000042 0.62035588 1.8299998 1.83 1.83 1.83 1.83 1.83 1.83 1.83 1.83 1.83
1.5 1.5 1.5 1.5 1.3252077 -0.56963361 -0.56996379 -0.56999887 -0.57 -0.57 -0.57 -0.57 -0.57 -0.57 -0.57 -0.56999996 -0.56989917 -0.56341537 -0.50056667 -0.29774513 0.52985922 0.52999996 0.53 0.53 0.53 0.53 0.53 0.53 0.52084932 3.8608926e-10 2.7372699e-22 1.9286128e-35 2.6044331e-41 3.2546857e-42 8.1228699e-36 6.6485302e-21 0.42023082 0.83 0.83 0.83 0.83 0.83 0.83 1.1254954 1.13 1.13 1.13 1.13 1.13 1.13 1.1299427 1.1239688 1.7880217 1.8299998 1.83 1.83 1.83 1.83 1.83 1.83 1.83 1.83 1.83
1.5 1.5 1.5 1.4999995 -0.29617929 -0.56999887 -0.56999998 -0.57 -0.57 -0.57 -0.57 -0.57 -0.57 -0.57 -0.57 -0.57 -0.57 -0.56999986 -0.56997704 -0.54249791 0.52999998 0.53 0.53 0.53 0.53 0.53 0.53 0.53 0.52999973 8.9191982e-08 1.5076019e-22 2.0754891e-39 5.3791035e-54 2.4529361e-63 1.3850775e-58 1.0583675e-34 2.7360464e-07 0.83 0.83 0.83 0.83 0.83 0.83 1.1299014 1.13 1.13 1.13 1.13 1.13 1.13 1.13 1.0730287 -2.3421906 1.8299968 1.83 1.83 1.83 1.83 1.83 1.83 1.83 1.83 1.83
1.4705348 1.4960063 1.4972186 -0.45729501 -0.52004224 -0.56999757 -0.57 -0.57 -0.57 -0.57 -0.57 -0.57 -0.57 -0.57 -0.57 -0.57 -0.57 -0.57 -0.56770194 -0.036546138 0.5299999 0.53 0.53 0.53 0.53 0.53 0.53 0.53 0.53 0.00086367956 8.9285274e-21 1.3375679e-40 -2.1847264e-58 -1.1946776e-93 1.4197065e-104 1.3561829e-48 1.3434675e-14 0.83 0.83 0.83 0.83 0.82999263 -1.2099917 -1.209755 1.13 1.13 1.13 1.13 1.13 1.13 1.13 -2.8099997 -2.8099993 1.8049452 1.83 1.83 1.83 1.83 1.83 1.83 1.83 1.83 1.8299998
1.3599999 1.3080946 -0.3810731 -0.51991325 -0.51999978 -0.52012409 -0.56999996 -0.57 -0.57 -0.57 -0.57 -0.57 -0.57 -0.57 -0.57 -0.57 -0.57 -0.32552029 -0.10000012 -0.099995471 0.52996265 0.53 0.53 0.53 0.53 0.53 0.53 0.53 0.52999997 0.52834921 2.263449e-16 -2.7456958e-34 -1.3097788e-48 -2.4051604e-72 -8.0437035e-78 1.2360588e-47 2.7405728e-18 0.82999993 0.83 0.82999285 -1.21 -1.21 -1.21 -1.21 1.1299999 1.13 1.13 1.13 1.13 1.13 -1.8846684 -2.81 -2.81 -2.81 1.83 1.83 1.83 1.83 1.83 1.83 1.83 1.8299998 1.8299843
1.3236238 -0.029998388 -0.50688248 -0.51999939 -0.52 -0.52000003 -0.52055016 -0.57000977 -0.57000015 -0.57 -0.57 -0.57 -0.57 -0.57 -0.57 -0.5699997 -0.10005405 -0.1 -0.1 -0.1 0.14915378 0.52999999 0.53 0.53 0.53 0.53 0.53 0.53 0.52969475 0.24610166 8.6345494e-08 -3.7278705e-22 -7.2981679e-29 -2.2191547e-35 -2.0851015e-34 -8.2789121e-25 -3.2161057e-15 0.72797805 -1.2099925 -1.21 -1.21 -1.21 -1.21 -1.21 -1.2098908 1.13 1.13 1.13 1.129843 -0.027433541 -2.809996 -2.81 -2.81 -2.81 -2.8089197 1.83 1.83 1.83 1.83 1.83 1.8299989 1.8289226 1.1763521
-0.029999969 -0.03006858 -0.51989702 -0.52 -0.52 -0.52000001 -0.52004625 -1.7964372 -1.7999412 -1.7999915 -1.7999986 -1.7999994 -1.7999987 -1.7999838 -1.799657 -0.100001 -0.1 -0.1 -0.1 -0.1 -0.099999896 0.5299951 0.52999998 0.53 0.53 0.53 0.53 0.51931606 0.23000019 0.23000001 0.22997427 -4.8717142e-08 -4.9754969e-08 -2.2423598e-06 -0.01993167 -0.98819827 -0.98999477 -1.8599999 -1.8523046 -1.21 -1.21 -1.21 -1.21 -1.21 0.10999981 0.11 -0.029999861 -0.03 -0.03 -0.03 -0.12866297 -2.81 -2.81 -2.81 -2.8099999 0.45 0.45 0.45251979 1.7837773 1.823683 0.15424109 0.13003916 0.098483747
-0.03 -0.030113366 -0.51999999 -0.52 -0.52 -0.52000001 -0.5209353 -1.7854953 -1.8 -1.8 -1.8 -1.8 -1.8 -1.8 -1.8 -0.1 -0.1 -0.1 -0.1 -0.1 -0.1 0.5031905 0.51928135 0.52125215 0.42290718 0.01 0.22999582 0.23 0.23 0.23 0.36886208 0.40379279 -0.99000072 -0.99 -0.99 -0.99 -0.99 -1.86 -1.86 -1.86 -1.6499993 -1.2100385 -1.21 0.11 0.11 0.11 -0.029999994 -0.03 -0.03 -0.03 -0.03 -2.6081803 -1.0954135 -1.09 -1.09 0.44965717 0.44702962 0.4136818 0.13608984 0.13 0.13 0.12999443 -0.77631692
-0.03 -0.034703966 -0.52 -0.52 -0.52 -0.52000019 -0.89964334 -1.412401 -1.7999999 -1.8 -1.8 -1.8 -1.8 -1.8 -1.8 -0.1 -0.1 -0.1 -0.1 -0.1 -0.1 -1.5783236 -0.15447881 0.0084496967 0.01 0.01 0.23 0.23 0.23 0.23 0.40973945 0.40996252 -1.6711628 -0.99 -0.99 -0.99 -0.99 -1.8599992 -1.86 -1.86 -1.65 -1.65 -0.28766835 0.11 0.11 0.11 -0.029999082 -0.03 -0.03 -0.03 -0.03 -1.0900132 -1.09 -1.09 0.096660331 0.18 0.18 0.27999997 0.13 0.13 0.13 0.09469775 -0.79999992
-0.03 -0.51990166 -0.52 -0.52 -0.52 -0.5243714 -1.4899967 -0.46482788 -1.6316968 -1.8 -1.8 -1.8 -1.8 -1.8 -1.8 -0.1 -0.1 -0.1 -0.1 -0.1 -0.1 -1.58 -1.58 -0.26 -0.26 -0.26 -0.25999288 0.23 0.23 0.4009 0.40994405 0.40999988 -1.7399996 -1.0387202 -0.99 -0.99 -0.99000033 -2.6099235 -0.70007395 -1.8599998 -1.65 -1.65 0.10867071 0.11 0.11 0.11 0.027908159 -0.03 -0.03 -0.03 -0.03 0.21660592 -0.52 -0.53365723 0.17999997 0.28 0.28 0.27997388 0.13 0.13 0.13 -0.79999995 -0.8
-0.03 -0.52 -0.52 -0.52 -0.52 -1.49 -1.49 -0.1700217 -0.094502912 -0.072553134 -1.8 -1.8 -1.8 -1.8 -1.8 -0.1 -0.1 -0.1 -0.1 -0.1 -1.0863812 -1.58 -1.58 -1.58 -0.26 -0.26 -0.26 -0.25689262 0.22880914 0.23082106 0.409078 0.41 -1.74 -1.74 -1.8 -1.1918101 -2.61 -2.61 -0.7 -0.7 -0.70085605 -1.65 -0.23641702 -1.4387496 -1.44 -1.44 -1.4399955 -0.03 -0.03 -0.0300001 0.31534999 0.32953966 -0.52 -0.52 -0.93998044 -0.28905103 0.28 0.13 0.13 0.12999997 -0.77712723 -0.8 -0.8
-0.03 -0.52 -0.52 -0.52 -1.49 -1.49 -1.49 -0.17 -0.16910097 -0.01 -0.010000001 -1.8 -1.8 -1.8 -1.7999816 -0.1 -0.1 -0.1 -0.1 -0.1000311 -1.58 -1.58 -1.58 -1.58 -0.04 0.24 0.24 0.24 -1.18 -1.2197443 0.080000057 0.08 -1.74 -1.74 -1.8 -1.8 -2.61 -2.61 -1.69 -1.69 -1.6881533 -1.4032768 -1.44 -1.44 -1.44 -1.44 -1.44 -0.54060791 -0.26000069 -0.26 -0.26 0.33999733 -0.50896433 -0.52 -0.94 -0.3 -0.3 -0.53999991 -0.54 -0.54 -0.78 -0.8 -0.8
-0.030000672 -0.52 -0.52 -1.4899998 -1.49 -1.49 -1.4850945 -0.17 -0.17 -0.01 -0.01 -0.46 -0.46 -0.46 -0.46 -0.72375278 -0.78999984 -0.79 -0.79 -0.79 -1.2030618 -1.58 -1.58 -0.051879381 -0.04 -0.57 -1.46 -1.1800263 -1.18 -1.1800005 -1.22 -1.22 0.010201514 -1.7981134 -1.8 -1.64 -0.78000009 -0.78 -1.69 -0.35 -0.35 -0.3500017 -1.44 -1.44 -1.44 -1.44 -1.44 -1.06 -1.06 -0.26 -0.26 -0.25999997 -0.50941878 -0.07 -0.94 -0.34273134 -0.3 -0.54 -0.54 -0.78 -0.77860145 -0.8 -0.8
-0.1500891 -0.52000001 -1.1000841 -1.49 -1.49 -1.49 -0.17 -0.17 -0.17000005 -0.01 -0.01 -0.46 -0.46 -0.46 -0.46 -0.78750089 -0.79 -0.79 -0.79 -0.79 -0.79000652 -2.24 -2.24 -0.040000001 -0.040000121 -1.4599955 -1.46 -1.1800068 -1.18 -1.18 -1.22 -1.22 -1.1880168 -1.64 -1.64 -1.64 -0.78 -0.78 -0.36 -0.36 -0.35000039 -0.34980063 0.12 0.12 0.12 0.12 0.11999217 -1.06 -1.06 -1.06 -0.26 -0.26000013 -0.070000003 -0.07 -0.070000044 -0.93992715 -0.30000031 -0.53962678 0.46846363 0.5 0.5 -0.70193905 0.22
