Interpolating SPI Data/spi_stations/interpolated_spi/8-20_1.tif
NCOLS 257
NROWS 141
XLLCORNER -178.27925
YLLCORNER 5.3153543
DX 0.49934803
DY 0.49997533
NODATA_VALUE -9999
[rows 28 to 55 of 141, columns 64 to 127 of 257]
2.3299994 2.3299997 2.3299999 2.33 2.33 2.33 2.33 2.33 2.33 2.33 2.33 2.33 2.33 2.33 2.33 2.33 2.33 2.33 2.3299938 0.69 0.69 0.68999999 0.61 0.61 0.61 0.76924986 0.77 0.77 0.77 0.77 0.77 2.1799754 2.18 2.18 2.18 2.18 2.18 2.18 2.18 2.1805499 3.91 3.91 3.91 3.91 3.91 3.91 3.9 3.9 3.5092895 1.05 1.05 1.05 1.05 1.05 1.0499942 -0.42 -0.42 -0.41999999 1.7562703 1.8 1.8 1.8 1.8 2.23
2.3299997 2.3299999 2.33 2.33 2.33 2.33 2.33 2.33 2.33 2.33 2.33 2.33 2.33 2.33 2.33 2.33 2.33 2.33 2.33 2.3296766 0.61842647 0.61 0.61 0.61 0.61 0.77 0.77 0.77 0.77 0.77 0.77 2.1799991 2.18 2.18 2.18 2.18 2.18 2.18 2.18 2.1800001 3.91 3.91 3.91 3.91 3.91 3.91 3.9 3.9 3.9 1.05 1.05 1.05 1.05 1.05 1.05 -0.41989295 -0.39122855 1.7999944 1.8 1.8 1.8 1.8 1.8 1.8137249
2.3299999 2.3299999 2.33 2.33 2.33 2.33 2.33 2.33 2.33 2.33 2.33 2.33 2.33 2.33 2.33 2.33 2.33 2.33 2.33 2.33 0.61 0.61 0.61 0.61 0.61 0.77 0.77 0.77 0.77 0.77 0.77 2.18 2.18 2.18 2.18 2.18 2.18 2.18 2.18 2.18 3.9099845 3.91 3.91 3.91 3.91 3.91 3.9 3.9 3.9 1.0504932 1.05 1.05 1.05 1.05 1.05 1.5057847 1.7999985 1.8 1.8 1.8 1.8 1.8 1.8 1.8
2.3299999 2.33 2.33 2.33 2.33 2.33 2.33 2.33 2.33 2.33 2.33 2.33 2.33 2.33 2.33 2.33 2.33 2.33 2.33 2.33 0.61 0.61 0.61 0.61 0.61000179 0.77 0.77 0.77 0.77 0.77 0.77000005 2.2243388 2.18 2.18 2.18 2.18 2.18 2.18 2.18 2.18 3.8459826 3.91 3.91 3.91 3.91 3.9099986 3.9 3.8999786 3.5559833 1.3253679 1.0500008 1.05 1.05 1.05 1.0499987 2.1344976 1.805312 1.8000021 1.8 1.8 1.8 1.8 1.8 1.7999489
2.33 2.33 2.33 2.33 2.33 2.33 2.33 2.33 2.33 2.33 2.33 2.33 2.33 2.33 2.33 2.33 2.33 2.33 2.33 2.33 0.61 0.61 0.61 0.61 0.76666537 0.77 0.77 0.77 0.77 0.77 2.2299822 2.23 2.23 2.18 2.18 2.18 2.18 2.18 2.18 2.18 2.2115885 3.91 3.91 3.9099824 1.3811768 1.25 1.25 1.25 1.25 1.25 1.25 1.2498798 1.0506315 0.14413977 0.14243548 1.3967574 2.8112913 2.8185441 3.0565325 3.3597437 3.3599631 3.2257801 1.8155855 1.16
2.33 2.33 2.33 2.33 2.33 2.33 2.33 2.33 2.33 2.33 2.33 2.33 2.33 2.33 2.33 2.33 2.33 2.33 2.33 2.3299896 0.61000025 0.61 0.61 0.61 0.76999632 0.77 0.77 0.77 0.77 0.77382337 2.23 2.23 2.23 2.23 2.1810026 2.18 2.18 2.18 2.18 2.18 2.180155 3.8895066 1.5019512 1.2500008 1.25 1.25 1.25 1.25 1.25 1.25 1.25 1.2499997 0.1400006 0.14000009 0.14085938 0.37887889 1.6517791 2.8100339 2.8103712 3.3551022 3.36 3.36 3.3599711 1.16
2.33 2.33 2.33 2.33 2.33 2.33 2.33 2.33 2.33 2.33 2.33 2.33 2.33 2.33 2.33 2.33 2.33 2.33 2.33 2.3294436 0.61002281 0.61 0.61 0.61001028 0.76999953 0.77 0.77 0.77 0.77000004 2.23 2.23 2.23 2.23 2.23 2.23 2.2299906 2.1800003 2.18 2.18 2.18 2.1799909 1.2510503 1.2500001 1.25 1.25 1.25 1.25 1.25 1.25 1.25 1.25 0.14568644 0.14 0.14 0.14016054 0.30006463 0.74999917 2.1747279 2.81 2.81 3.36 3.36 3.36 1.16
2.33 2.33 2.33 2.33 2.33 2.33 2.33 2.33 2.33 2.33 2.33 2.33 2.33 2.33 2.33 2.33 2.33 2.33 2.33 2.32356 0.61041124 0.61 0.61000001 0.61570513 0.76999957 0.77 0.77 0.77 2.2217645 2.23 2.23 2.23 2.23 2.23 2.23 2.23 2.2299981 2.1831105 2.1800036 2.1800001 2.1723699 1.2500001 1.25 1.25 1.25 1.25 1.25 1.25 1.25 1.25 1.2499107 0.14 0.14 0.14 0.14000776 0.3 0.74999603 0.75 2.804939 2.81 2.81 3.36 3.36 1.16
2.33 2.33 2.33 2.33 2.33 2.33 2.33 2.33 2.33 2.33 2.33 2.33 2.33 2.33 2.33 2.33 2.33 2.33 2.3299985 2.2996083 0.61280023 0.61000015 0.6100055 0.69992413 0.76999928 0.77 0.77000001 0.82354951 2.23 2.23 2.23 2.23 2.23 2.23 2.23 2.23 2.23 2.2299954 2.2153838 1.7955184 1.7899998 1.6993948 1.2496841 1.2499993 1.25 1.25 1.25 1.25 1.25 0.075290467 -0.019999999 0.13998622 0.14 0.14 0.14000002 0.3 0.32671721 0.75 0.75 2.8099922 2.81 3.3261875 0.53000003 0.53000476
2.33 2.33 2.33 2.33 2.33 2.33 2.33 2.33 2.33 2.33 2.33 2.33 2.33 2.33 2.33 2.33 2.33 2.33 2.3299628 2.2466971 0.62072619 0.72281559 1.5073078 1.5099968 1.5099975 1.509996 1.5099863 1.6060563 2.2299998 2.23 2.23 2.23 2.23 2.23 2.23 2.23 2.2300086 2.5094608 1.8586272 1.79 1.79 1.78999 1.0213405 1.0200001 1.0200001 1.0200037 1.0223305 1.2429092 -0.019999445 -0.02 -0.02 -0.02 0.14 0.14 0.14 0.3 0.3 0.71 0.75 0.75 0.53000107 0.53 0.53 0.53
2.33 2.33 2.33 2.33 2.33 2.33 2.33 2.33 2.33 2.33 2.33 2.33 2.33 2.33 2.33 2.33 2.33 2.3299987 2.32953 1.5577024 1.5099932 1.51 1.51 1.51 1.51 1.51 1.51 1.5100987 2.0298951 1.9000294 1.9012041 2.1999052 2.2299937 2.23 2.2431331 2.6799948 2.68 2.6799999 1.8041256 1.79 1.79 1.79 1.3428232 1.02 1.02 1.02 1.02 1.02 -0.019999653 -0.02 -0.02 -0.02 0.82 0.82 0.18999981 0.3 0.54999948 -0.10999996 -0.10998231 -0.81985789 0.53 0.53 0.53 0.53
2.33 2.33 2.33 2.33 2.33 2.33 2.33 2.33 2.33 2.33 2.33 2.33 2.33 2.33 2.33 2.33 2.3299938 2.3018254 1.5107188 1.51 1.51 1.51 1.51 1.51 1.51 1.51 1.51 1.5100027 2.355042 1.9000345 1.9 1.9 1.9000021 1.9966796 2.68 2.68 2.68 2.68 1.7908972 1.79 1.79 1.79 1.7899863 1.02 1.02 1.02 1.02 1.02 1.0190968 -0.02 -0.02 -0.02 -0.02 0.19053913 0.19 0.32 0.55 -0.11 -0.82 -0.82 0.9 0.53 0.53 -0.58579898
2.3299999 2.33 2.33 2.33 2.33 2.33 2.33 2.33 2.33 2.33 2.33 2.33 2.33 2.33 2.3299974 2.3289733 1.7604055 1.5100364 1.5099999 1.51 1.51 1.51 1.51 1.51 1.51 1.51 1.51 1.51 2.3699641 1.9015755 1.9 1.9 1.9000005 2.169094 2.68 2.68 2.68 2.68 1.7900086 1.79 1.79 1.79 1.79 1.02 1.02 1.02 1.02 1.02 1.02 -0.02 -0.02 -0.02 -0.02 -0.49252572 -0.27000043 0.01 0.22 -0.79 -0.82 0.9 0.9 -0.21862214 -0.6 -0.6
2.3299999 2.33 2.33 2.33 2.33 2.33 2.33 2.33 2.33 2.33 2.33 2.3299999 2.3299968 2.3297728 2.2853719 1.5289195 1.5100011 1.5099987 1.5099998 1.51 1.51 1.51 1.51 1.51 1.51 1.51 1.51 1.51 2.37 2.3699927 1.9 1.9 1.9000402 2.1465489 2.68 2.68 2.68 2.68 1.79 1.79 1.79 1.79 1.79 1.0940418 1.02 1.02 1.02 1.02 1.02 -0.016202349 -0.02 -0.02 -0.025172345 -1.02 0.23 0.22999997 -0.58742079 -0.59 -1.24 0.9 -0.79 -0.79 -0.67 -0.67
2.3299999 2.3299999 2.33 2.33 2.33 2.33 2.33 2.33 2.3299999 2.3299994 2.3299935 2.3298586 2.3234525 1.9365571 1.5126095 1.5099546 1.5099802 1.5099935 1.5099984 1.5099998 1.51 1.51 1.51 1.51 1.51 1.51 1.51 1.51 2.37 2.37 1.9 1.9 2.1395493 1.5544257 2.68 2.68 2.68 2.68 1.79 1.79 1.79 1.79 1.79 1.79 1.02 1.02 1.0198775 0.51 0.51 0.51 -0.02000038 -0.78424094 -0.87 -0.87 -0.87 0.2299984 -0.59 -0.59 -1.24 -0.79 -0.79 -0.79000393 -1.53 -1.53
2.3299998 2.3299999 2.3299999 2.3299999 2.3299999 2.3299998 2.3299994 2.3299976 2.329985 2.3298502 2.3274545 2.2555556 1.6156103 1.5102945 1.5096995 1.5098203 1.5099045 1.5099564 1.5099838 1.5099956 1.5099992 1.5099999 1.51 1.51 1.51 1.51 1.51 1.51 2.37 2.37 2.2001107 2.1993594 1.53 1.5300028 2.68 2.68 2.68 2.68 1.79 1.79 1.79 1.79 1.79 1.79 0.51004886 0.51 0.51 0.51 0.51 0.51 0.50993846 -0.87000001 -0.87 -0.87 -2.1598463 -2.16 -2.16 -1.8792515 -1.53 -1.53 -1.516305 -1.04 -0.46407761 -0.58999967
2.3299995 2.3299995 2.3299993 2.3299989 2.3299973 2.3299916 2.3299646 2.3297934 2.3282331 2.3068654 2.0032474 1.5365694 1.5087121 1.5087002 1.5089942 1.5092518 1.5094683 1.5096425 1.5097753 1.5098697 1.5099311 1.5099667 1.5099843 1.5099902 1.5099677 1.4548275 1.45 1.45 0.9554385 0.090015628 1.98 1.98 1.98 1.5311484 2.68 2.68 2.68 2.603756 1.6955109 1.79 1.79 1.79 1.79 -0.23391572 0.1010823 0.51 0.51 0.51 0.40572115 -0.22881744 -0.22906116 -0.87000051 -0.87000006 -2.1454659 -2.1600055 -2.1600403 -2.36 -1.2292728 -1.53 -1.53 -1.53 -0.85 -0.47 -0.39
2.3299969 2.329995 2.3299899 2.3299745 2.3299199 2.3296788 2.3282948 2.3175911 2.2133296 1.7242624 1.5158813 1.5059121 1.5060434 1.5063534 1.5066262 1.5068443 1.5069828 1.5069941 1.5067728 1.5060338 1.5037856 1.4954551 1.4664536 1.450238 1.45 1.45 1.45 1.45 0.09 0.09 0.090000001 1.98 1.98 1.9739563 1.36 1.36 1.2700001 1.2000001 1.2 1.2 1.79 1.79 -0.26999919 -0.27 -0.27 -0.24650351 -0.23 -0.23 -0.23 -0.23041331 -2.4494154 -1.419283 -0.97000097 -0.97 -2.359999 -2.36 -0.23 -0.23 -1.46 -1.53 -1.1565305 -1.43 -1.43 0.11
2.3299688 2.3299331 2.3298297 2.3294783 2.3280275 2.3205612 2.2731586 2.0033671 1.5898789 1.5061711 1.501333 1.5011215 1.5009203 1.500507 1.4997547 1.4984378 1.4961209 1.4919358 1.4842715 1.4715046 1.4573635 1.4508603 1.4500192 1.45 1.45 1.45 1.45 1.45 0.09 0.09 0.09 1.9799999 1.98 1.36 1.36 1.36 1.27 1.2 1.2 1.2 1.2 -0.02859973 -0.26964679 -0.27 -0.27 -0.27 -0.23 -0.23 -2.45 -2.45 -2.45 -1.42 -1.299918 -0.97 -0.97 -0.23000005 -0.23 -1.46 -1.46 -1.41 -1.15 -1.15 -1.53 -1.04
2.3296623 2.3291518 2.3274965 2.3211599 2.2924886 2.1559533 1.7790274 1.5363742 1.4987285 1.4954185 1.4944983 1.4933547 1.4917105 1.4893261 1.4858529 1.4808332 1.4738836 1.4653465 1.4571958 1.4520919 1.4503104 1.4500175 1.4500002 1.45 1.45 1.45 1.45 1.4497093 0.09 0.09 0.09 0.19670454 1.3600298 1.36 1.36 1.36 1.27 1.2 1.2 1.2 1.2 -1.4526282e-07 -4.8818578e-09 -0.0026499231 -0.27 -0.27 -0.60651674 -2.45 -2.45 -2.45 -2.3326133 -1.42 -1.42 -0.97 -0.97 -0.97 -0.23 -1.46 -1.3000191 -1.3 -1.15 -1.4200293 -1.5200001 -0.59233246
2.3266895 2.3206713 2.2996253 2.2199279 1.9707515 1.6380695 1.5120536 1.4921487 1.4892076 1.4875824 1.4855934 1.482987 1.4795861 1.475236 1.4699148 1.4639457 1.4581745 1.453727 1.4512123 1.4502524 1.4500288 1.4500014 1.45 1.45 1.45 1.45 1.4499998 0.82495459 0.090000004 0.09 0.09 0.1189796 0.81002689 0.81001372 0.81722619 1.3599896 1.27 0.69037493 1.1999945 1.1999741 0.96 0.83384396 -1.8611811e-20 -9.9446125e-51 -1.1713586e-24 -0.26784343 -0.32117872 -2.4499997 -0.72000002 -0.72 -0.74999942 -1.42 -1.42 -1.42 -0.97 -0.87 -0.87 -0.87000002 -1.3 -1.0452332 -1.81 -1.7699933 -1.61 -1.1
2.3020272 2.247988 2.0899083 1.7916342 1.5661233 1.49874 1.4864548 1.4835842 1.4815074 1.4790702 1.4760972 1.4725328 1.4684075 1.4639063 1.4594243 1.455516 1.4526662 1.4510101 1.4502811 1.4500528 1.450006 1.4500004 1.45 1.45 1.45 1.4499996 1.4494524 0.16960552 0.090000439 0.09 0.090351711 0.81 0.81 0.81 0.81 0.81 0.68 0.68 1.07 1.0137247 0.96 0.96 1.8662051e-07 -2.5492634e-26 -4.5487441e-20 0.016175957 0.090132389 -0.53559487 -1.0199959 -0.75 -0.44194197 -0.73 -0.73000002 -1.26 -1.26 -0.87 -0.87 -0.87 -1.0403684 -1.02 -1.9799996 -1.48 -1.57 -2.38
2.1542843 1.9303804 1.6680804 1.5295381 1.4903458 1.4817468 1.4789357 1.476677 1.4741381 1.4712102 1.467912 1.4643432 1.4607034 1.4572853 1.4544094 1.4523049 1.4510061 1.4503523 1.4500942 1.4500181 1.4500023 1.4500001 1.4499999 1.4499998 1.4499982 1.4499067 1.4173751 0.11861968 0.090008203 0.090124434 0.80999909 0.81 0.81 0.81 0.81 0.81 0.72 1.07 1.07 0.96 0.96 0.96 0.92103719 0.87 0.87 0.93 0.92620785 0.09 -1.02 -0.96545265 -0.44 -0.73 -0.73 -1.26 -1.26 -0.86999988 -0.65843045 -0.02 -0.02 -1.1113865 -1.98 -2.64 -2.6396001 -2.74
1.7884984 1.594829 1.5095579 1.4845655 1.4779709 1.4752669 1.4730087 1.4705637 1.4678594 1.4649405 1.4619123 1.4589358 1.4562102 1.4539286 1.4522174 1.4510918 1.4504567 1.4501572 1.4500428 1.4500085 1.4500007 1.4499992 1.449998 1.4499916 1.4499092 1.4469383 1.1824754 0.11068315 0.090248083 0.80862905 0.81 0.81 0.81 0.81 0.81 0.72 0.72 0.72 1.07 0.4040933 0.96 0.96 0.92 0.87 0.87 0.92871777 0.93 0.09 -1.0170134 -0.5730819 -0.43999998 -1.3599219 -0.27417831 -0.75999815 -0.76 -0.76 -0.02 -0.02 -0.62999999 -0.64041768 -1.44 -1.44 -2.4499654 -2.25
1.5525675 1.4976706 1.4803563 1.4749736 1.4724128 1.4702516 1.4679833 1.4655491 1.4629949 1.4604105 1.4579172 1.4556515 1.4537386 1.4522596 1.4512277 1.4505885 1.4502429 1.4500831 1.4500211 1.4500011 1.4499946 1.4499886 1.4499689 1.4498517 1.4485746 1.4209319 0.79218487 0.11056725 0.74756152 0.80999988 0.81 0.81 0.81 0.81 0.77593036 0.72 0.72 0.72 0.4 0.4 0.4 0.98518748 0.92000002 0.86968036 1 0.81000003 0.46062295 0.1 -0.25 0.08 0.08 -1.36 -1.3599852 -0.26 -0.60871053 -0.76000129 -0.82 -0.63 -0.63 -0.63000006 -1.44 -1.44 -1.7700022 -1.98
1.4900095 1.477158 1.4725755 1.4701723 1.4681492 1.4660801 1.4639077 1.4616693 1.4594365 1.4572994 1.4553549 1.4536899 1.4523624 1.4513877 1.4507361 1.4503444 1.4501352 1.4500368 1.4499952 1.4499757 1.449956 1.4499077 1.4497251 1.4487117 1.4399415 1.3270961 0.52882792 0.50609138 0.80994398 0.80999999 0.81 0.80999999 0.80999951 0.80780881 0.72000035 0.72 0.72 0.49424072 0.4 0.4 0.4 1.02 1.02 0.47 0.99999165 0.7589533 0.58838606 0.099855977 0.12 -0.25 0.08 -1.36 -1.3599891 -0.82 -0.82 -0.92455031 -0.82 -0.82 -0.63 -0.63192534 -1.44 -1.44 -1.62 -1.6012648
1.474627 1.4706099 1.4683633 1.466489 1.4646144 1.4626781 1.4607061 1.4587535 1.4568881 1.455181 1.453696 1.4524779 1.4515433 1.4508785 1.4504435 1.4501834 1.4500412 1.4499667 1.4499213 1.4498719 1.4497726 1.4494927 1.4484661 1.4434074 1.4094592 1.1525103 0.49889098 0.80779818 0.80999913 0.80999956 0.80999861 0.8099834 0.80823539 0.72156748 0.72000001 0.72 0.71999701 0.40000001 0.4 0.4 0.4 1.02 1.02 0.30000039 0.3 0.1 0.15727947 0.1525393 0.12 -0.24999995 0.077066298 -1.36 -0.84620313 -0.82000009 -0.82 -1.05 -1.05 -1.0499338 -1.16 -1.16 -1.16 -1.4398917 -1.6153311 -1.5203737
1.4689361 1.4668361 1.4651063 1.463411 1.4616823 1.4599349 1.4582104 1.4565602 1.4550381 1.453693 1.4525609 1.4516591 1.4509833 1.4505093 1.4501984 1.4500054 1.4498853 1.4497963 1.4496951 1.4495168 1.449107 1.4479629 1.4440427 1.427275 1.3410678 0.94187733 0.79270896 0.80994665 0.80999244 0.80997953 0.80987729 0.80766669 0.74457904 0.72004603 0.72000001 0.71999845 0.47963314 0.4 0.4 0.4 0.4 1.0199987 0.31604513 0.3 0.3 -0.22 0.086080362 -0.32 -0.32 -0.32589837 -0.81000598 -1.18 -0.99 -0.99 -0.99 -1.05 -1.05 -1.05 -1.16 -1.16 -1.16 -1.16 -1.27 -1.27
