Interpolating SPI Data/spi_stations/interpolated_spi/8-20_2.tif
NCOLS 257
NROWS 141
XLLCORNER -178.27925
YLLCORNER 5.3153543
DX 0.49934803
DY 0.49997533
NODATA_VALUE -9999
[rows 28 to 55 of 141, columns 128 to 191 of 257]
2.54 2.54 2.54 2.54 2.430123 2.43 2.43 2.43 2.4299149 2.1 2.1 2.1 2.1 2.1 2.0999134 1.3255091 2.0130629 2.0599701 2.06 2.06 2.06 2.0599314 1.33 1.33 1.33 1.33 1.33 1.33 1.33 1.33 1.33 1.33 1.3267407 1.2600047 1.26 1.26 1.26 1.26 1.26 1.26 1.2599995 1.2565985 -1.1165147 -1.12 -1.12 -1.12 -1.12 -1.12 -1.12 -1.12 -1.12 -1.12 -1.12 -1.1199999 -1.1199946 -1.1197664 -1.1127654 -0.98186627 -0.1460116 0.61494346 0.62686586 -3.0229729 -3.0299995 -3.03
2.54 2.54 2.54 2.4300004 2.43 2.43 2.43 2.43 2.4292051 2.1 2.1 2.1 2.1 2.1 2.0999379 1.3 1.3 1.3 1.3 1.3 1.3001055 1.330104 1.33 1.33 1.33 1.33 1.33 1.33 1.33 1.33 1.33 1.3290165 1.26 1.26 1.26 1.26 1.26 1.26 1.26 1.26 1.259992 1.2592861 1.1770792 -1.1194361 -1.12 -1.12 -1.12 -1.1199998 -1.1199986 -1.1199791 -1.119537 -1.1063447 -0.75153599 0.58048559 0.80833612 0.81925605 0.81992508 0.81997916 0.81966389 0.80978703 0.64283272 -2.852935 -3.0299923 -3.03
2.54 2.54 2.4300001 2.43 2.43 2.43 2.43 2.43 2.3654025 2.1 2.1 2.1 2.1 2.1 2.0998551 1.3 1.3 1.3 1.3 1.3 1.3 1.3000059 1.33 1.33 1.33 1.33 1.33 1.33 1.33 1.33 1.3297901 1.26 1.26 1.26 1.26 1.26 1.26 1.26 1.26 1.2599988 1.2596046 1.2256121 0.82082307 0.55282578 -1.1089011 -1.1015423 -0.94471061 0.073700657 0.77121054 0.81850268 0.81996235 0.81999904 0.81999997 0.82 0.82 0.82 0.81999992 0.81999335 0.81950663 0.7939371 0.43303869 -0.34119116 -3.0297074 -3.03
1.78 1.78 2.43 2.43 2.43 2.43 2.43 2.4335722 3.23681 2.1 2.1 2.1 2.1 2.1 2.0941853 1.3 1.3 1.3 1.3 1.3 1.3 1.3 1.3299999 1.33 1.33 1.33 1.33 1.33 1.33 1.3299086 1.26 1.26 1.26 1.26 1.26 1.26 1.26 1.26 1.2599999 1.2597838 1.1943013 0.63495962 0.55427682 0.55046065 0.60429742 0.81981456 0.81999474 0.8199999 0.82 0.82 0.82 0.82 0.82 0.82 0.82 0.82 0.81999997 0.8199943 0.81900319 0.7262098 0.23685959 0.17985445 -2.9973263 -3.0299999
1.78 1.78 1.7800109 2.43 2.43 2.43 3.25 3.25 3.25 2.1 2.1 2.1 2.1 2.1 1.3450174 1.3 1.3 1.3 1.3 1.3 1.3 1.3 1.3124891 1.33 1.33 1.33 1.33 1.33 1.3297133 1.26 1.26 1.26 1.26 1.26 1.26 1.26 1.26 1.26 1.2598684 1.0564425 0.55817396 0.55020954 0.55001777 0.55000372 0.5996827 0.82000468 0.82000004 0.82 0.82 0.82 0.82 0.82 0.82 0.82 0.82 0.82 0.81999999 0.8199938 0.81674911 0.4580575 0.18466323 0.18011078 -0.45577416 -3.0299921
1.78 1.78 1.78 2.4299475 2.4346269 3.25 3.25 3.25 3.25 2.1 2.1 2.1 2.1 2.1 1.3000121 1.3 1.3 1.3 1.3 1.3 1.3 1.3 1.3652174 1.2312778 1.2945997 1.3251031 1.3295281 1.3279509 1.26 1.26 1.26 1.26 1.26 1.26 1.26 1.26 1.26 1.2598743 0.65295834 0.55013448 0.55000185 0.55000014 0.55000003 0.55000077 0.59874821 0.82004993 0.82000017 0.82 0.82 0.82 0.82 0.82 0.82 0.82 0.82 0.82 0.82 0.81998961 0.79803245 0.20495506 0.1801382 0.18000261 0.17950593 -3.0261865
1.78 1.78 1.78 1.78 3.25 3.25 3.25 3.25 3.25 2.7693862 2.1 2.1 2.1 2.1 1.3000003 1.3 1.3 1.3 1.3 1.3 1.3 1.475733 1.49 1.269932 1.13 1.13 1.13 1.13 1.26 1.26 1.26 1.26 1.26 1.26 1.26 1.26 1.2595251 0.55060118 0.55000011 0.55 0.55 0.55 0.55 0.55001372 0.80070146 0.8210742 0.82000176 0.82 0.82 0.82 0.82 0.82 0.82 0.82 0.82 0.82 0.82 0.81996187 0.53171206 0.18035802 0.18000112 0.18000002 0.17999993 -0.72829733
1.78 1.78 1.78 1.7842137 2.010617 3.2499999 3.25 3.25 3.25 2.9776162 2.1 2.1 2.1 2.1 1.3000003 1.3 1.3 1.3 1.3 1.3 1.4899169 1.49 1.49 1.4893847 1.13 1.13 1.13 1.13 1.1300002 1.26 1.26 1.26 1.26 1.26 1.26 1.2048897 0.55000002 0.55 0.55 0.55 0.55 0.55 0.55 0.55097522 2.128339 0.89926027 0.82006921 0.82000002 0.82 0.82 0.82 0.82 0.82 0.82 0.82 0.82 0.82 0.81941444 0.18492817 0.18000069 0.18 0.18 0.18 0.17986314
1.78 1.78 1.78 2 2 2 2 1.2600034 1.26 1.26 1.2600066 1.5100002 1.5100001 1.5100006 1.3310639 1.3 1.3 1.3 1.3 1.4899995 1.49 1.49 1.49 1.49 1.13 1.13 1.13 1.13 1.13 1.16905 1.26 1.26 1.26 1.26 0.55018379 0.55 0.55 0.55 0.55 0.55 0.55 0.55 0.55000018 0.88167934 2.1869362 1.9051723 0.83644417 0.82000161 0.82 0.82 0.82 0.82 0.82 0.82 0.82 0.82 0.82 0.71600484 0.18000144 0.18 0.18 0.18 0.18 0.18
1.46 1.776259 1.9999999 2 2 2 1.6532178 1.26 1.26 1.26 1.4961714 1.51 1.51 1.51 1.51 1.5093545 0.92228264 0.92000215 0.93872074 1.49 1.49 1.49 1.49 1.49 1.13 1.13 1.13 1.13 1.13 1.13 1.2496484 1.2200004 1.22 1.22 0.55 0.55 0.55 0.55 0.55 0.55 0.55 0.55 0.55012236 2.1883473 2.1897818 2.0940636 1.6373013 0.82285116 0.82 0.82 0.82 0.82 0.82 0.82 0.82 0.82 0.81999998 0.18013116 0.18 0.18 0.18 0.18 0.18 0.18
1.46 1.3907374 1.9998447 2 2 1.6500002 1.65 1.26 1.26 1.26 1.51 1.51 1.51 1.51 1.51 1.3471293 0.92 0.92 0.92 1.4899983 1.49 1.49 1.49 1.49 0.89558629 1.13 1.13 1.13 1.13 1.13 1.22 1.22 1.22 1.22 0.55 0.55 0.55 0.55 0.55 0.55 0.55 0.55000001 1.3185631 2.1899377 2.1899956 2.1789114 1.6522103 1.6474663 0.82014593 0.82 0.82 0.82 0.82 0.82 0.82 0.82 0.81926191 0.18 0.18 0.18 0.18 0.18 0.18 0.18
-0.54000739 0.36999109 0.24621538 0.12005649 1.6561546 1.65 0.14159701 0.14 1.2599995 1.26 1.51 1.51 1.51 1.51 1.51 0.92001982 0.92 0.92 0.92 0.92 1.49 1.49 1.49 0.89000009 0.89 0.89014951 1.13 1.13 1.13 1.1300139 1.22 1.22 1.22 1.22 0.55 0.55 0.55 0.55 0.55 0.55 0.55 0.55559069 2.0379717 2.1899813 2.19 2.1897742 1.6539829 1.65 1.649869 0.82000093 0.82 0.82 0.82 0.82 0.82 0.82 0.18000006 0.18 0.18 0.18 0.18 0.18 0.18 0.18
-0.54001365 0.37 0.13532624 0.12 -0.14 0.13733712 0.14 0.14 0.14 0.14219194 1.51 1.51 1.51 1.51 1.51 0.92 0.92 0.92 0.92 0.92 1.4888717 1.49 1.1138047 0.89 0.89 0.89 0.84000001 1.0413378 1.1299956 1.219954 1.22 1.22 1.22 1.22 1.1896876 0.55 0.55 0.55 0.55 0.55 0.55021899 1.3500068 1.6032509 2.1899956 2.19 2.1899998 1.6714596 1.65 1.65 1.6499988 0.82 0.82 0.82 0.82 0.82 0.81999999 0.18 0.18 0.18 0.18 0.18 0.18 0.18 0.18
0.36995908 0.37 0.12 0.12 -0.14 -0.13999887 0.13997364 0.14 0.13999997 1.0599855 1.2585288 1.5099999 1.51 1.5099999 1.3972808 -0.16834982 0.92 0.92 0.92 0.92 0.92 1.4704912 0.89 0.89 0.88999989 0.84 0.84 0.83866443 0.17010636 0.17948984 1.2199995 1.22 1.22 1.22 1.2199925 0.55 0.55 0.55 0.55 0.55000423 1.35 1.35 1.3530077 2.1899991 2.19 2.19 2.0672439 1.65 1.65 1.65 1.65 0.82 0.82 0.82 0.82 0.18000055 0.18 0.18 0.18 0.18 0.18 0.18 0.18 0.18
-0.1 -0.23995038 -0.2399998 0.84087416 -0.14 0.39 -0.45 -0.45 0.22422463 1.06 1.06 1.22 1.22 1.22 -0.15261767 -0.17 -0.17 0.91999772 0.92 0.92 0.62766705 0.62 0.88999999 0.84028791 0.84 0.84 0.83689413 0.17 0.17 0.17 0.33 0.33 0.33 0.33 0.33 0.33001631 0.54999999 0.55 0.55000027 1.35 1.35 1.35 1.3500001 2.1899997 2.19 2.19 2.1899971 1.65 1.65 1.65 1.65 1.65 0.82 0.82 0.8199985 0.18 0.18 0.18 0.18 0.18 0.18 0.18 0.18 0.18
0.6 0.16 0.76953432 1.5299728 0.62075797 0.14 -0.09 0.84 0.95999999 1.06 1.06 1.22 1.22 0.11 0.11 -0.17 -0.17 -0.17 -0.16999864 0.62 0.62 0.62 0.62 0.83999949 0.84 0.17000055 0.17 0.17 0.17 0.17 0.33 0.33 0.33 0.33 0.33 0.33 0.32999993 0.48635079 1.3499998 1.35 1.35 1.35 1.35 2.1899964 2.19 2.19 2.19 1.65 1.65 1.65 1.65 1.65 1.6470155 0.77122134 0.20370031 0.18 0.18 0.18 0.18 0.18 0.18 0.18 0.18 0.18
0.41 0.54 0.71006256 1.9499985 0.49 0.09 1.1200142 1.02 0.96 1.4998428 1.5 1.2407081 0.11000102 0.11 0.11 -0.17 -0.17 -0.17 -1.0298109 0.61996196 0.62 0.62 0.62 0.73 0.73 0.17 0.17 0.17 0.17 0.17 0.33 0.33 0.33 0.33 0.33000538 0.37071472 0.30000226 0.30000005 1.35 1.35 1.35 1.35 1.35 1.3821392 2.19 2.19 2.19 1.65 1.65 1.65 1.65 1.65 0.77 0.77 0.77 0.41148906 0.18 0.18 0.18 0.18 0.18 0.18 0.18 0.18
0.61 1.1 0.62 1.28 0.87 1.8 1.66 1.77 1.94 1.38 1.38 1.79 1.79 0.11 0.11 -0.94061009 -0.95 -0.95 -1.0300087 -1.03 0.62 0.62 0.72995636 0.73 0.73 0.73 0.17508321 0.078629305 -0.20999956 -0.20999999 0.37666055 0.37999995 0.38 0.38 0.38 0.3 0.3 0.3 1.3499826 1.35 1.35 1.35 1.35 1.35 2.19 2.19 2.19 1.6500171 1.65 1.65 1.65 0.77 0.77 0.77 0.77 0.73706103 0.39 0.39 0.39 0.3899856 0.37709551 0.22419778 0.18598986 0.18153088
-0.48709061 0.32 1.6 1.66 1.4 1.46 1.3538391 2.4 1.51 1.3800844 0.97 0.97 1.79 -1.38 -0.7 -0.7 -0.95 -0.95 -1.37 -1.03 -1.03 0.61999825 0.73 0.73 0.73 0.57 0.57 -0.21 -0.21 -0.21 0.37450668 0.38 0.38 0.38 0.3 0.3 0.3 0.3 1.1535237 1.35 1.35 1.35 1.35 1.35 2.19 2.19 2.19 -1.6599999 -1.6599961 -1.3658237 0.77000025 0.77 0.77 0.77 0.77 0.39000067 0.39 0.39 0.39 0.39 0.39 0.38999997 0.37467906 -0.61715472
0.14 0.38 1.01 1.1 0.45 0.21 0.84 1.12 1.46 1.46 0.97 0.97 -1.38 -1.38 -0.7 -0.7 -0.7 -1.29 -1.16 -0.74 -0.68 -0.68 -0.42893654 0.54006971 0.72998779 0.57 0.57 -0.21 -0.21 -0.14084171 1.2358864 0.38000021 0.38 0.30000279 0.3 0.3 0.3 0.30001926 1.4596031 1.35 1.35 1.35 1.35 1.35 2.1898475 2.1899517 -1.66 -1.66 -1.66 -1.66 0.45553171 0.77 0.77 0.77 0.77 0.39 0.39 0.39 0.39 0.39 0.39 0.37927033 -0.020146238 -0.82778053
-0.01 0.76 0.18989681 0.050000001 0.20048788 0.2 0.05 0.83 -0.71 0.3 0.3 -0.72 -0.34 -0.34 -1.12 -0.70456428 -0.29000035 -1.29 -1.61 -0.73997694 -0.68 -0.53 -0.52468437 0.26 0.26 0.36 0.36000348 -0.21 1.24 1.24 -0.10977756 0.62672643 0.76 0.76 0.76 0.29999907 1.4599923 1.46 1.46 0.45116148 -0.47 -0.47 -0.47 -0.47 -0.4148563 -1.5839705 -1.66 -1.66 -1.66 -1.66 -1.66 0.77 0.77 0.77 0.77 0.39 0.39 0.39 0.39 0.39 0.37769715 -0.019999991 -0.020116165 -0.84982556
-0.64619348 -0.54999999 -0.55 0.7 -0.81 -1.11 -1.24 -1.05 -1.05 -0.15 -0.14998919 -0.72 -0.72 -0.63199358 -0.45 -0.29 -0.29 -1.6098226 -1.61 -0.14000611 -0.44 -0.53 -0.52906184 0.26 0.26 0.64809246 0.65 0.43 1.24 -0.10999735 -0.11 -0.98999992 -0.82678997 0.76 0.7555728 -1.16 1.46 1.46 1.4600001 -0.24996147 -0.47 -0.47 -0.47 -0.47 0.81999993 0.82 -1.66 -1.66 -1.66 -1.66 -0.33 -0.33 -0.32759895 0.77 0.5676335 0.39 0.39 0.39 0.39 0.3018068 -0.02 -0.02 -0.020192027 -0.84999999
-2.38 -1.08 -1.08 -0.45 -1.7052094 -1.74 -1.24 -1.2399999 -0.61 -0.15 -0.15 -0.7197345 0.14 0.14 -0.80999999 -0.29000015 -0.63999999 -0.37680476 0.41 -0.14 -0.62 -0.89 -0.84854293 0.04 0.04 0.64998012 0.43 0.06 -0.37 -0.11 -0.11 -0.10000068 -0.99 -0.99 -1.16 -1.16 1.46 1.46 0.27669688 -0.25 -0.25000061 -0.47 -0.47 -0.47 0.82 0.82 0.82 -1.66 -1.66 -0.33 -0.33 -0.33 -0.33 -0.33 0.38933748 0.39 0.39 0.39 -0.0083250355 -0.02 -0.02 -0.02 -0.027967942 -0.85
-1.6 -1.71 -0.92 -1.4000002 -1.05 -1.0675838 -1.23 -0.43 -0.34 -1.41 -1.41 -0.71000003 -0.53 -0.53 -0.53 -1.05 -1.05 -0.64 0.44999979 0.45 0.04969406 0.049999995 -0.1 -0.1 0.039999827 -0.55 -0.55 0.060000031 0.2 0.16999959 0.17 -0.1 -0.16 -0.22 -0.38 -0.92 2.46 0.2109989 0.030242761 -0.25 -0.25 -0.46999667 0.22 0.22 0.82 0.82 0.82 -0.27999999 -0.28000002 -0.33 -0.33 -0.33 -0.33000008 -0.90999169 -0.90998911 0.25000001 0.25000593 -0.014677199 -0.02 -0.02 -0.02 -0.02 -0.84983342 -0.85
-1.7397397 -1.18 -1.36 -1.52 -1.55 -2.08 -1.32 -0.4 -0.73 -1.41 -0.71 -0.71 -0.81998309 -0.82 -0.89 -0.89000003 -1.05 -1.05 0.020000001 0.45 0.05 0.05 0.049978635 -0.4999994 -0.5 -0.50228126 -0.19000002 -0.19 -0.11 -0.14997524 -0.02 0.29 -1.15 -1.15 0.01 0.01 0.29 0.21 -0.2 -0.25 -0.25 -0.25 0.22 0.22 0.81996353 0.82 -0.27989245 -0.28 -0.28 -0.28031991 -0.33000003 -0.91 -0.91 -0.91 -0.72390985 0.25 0.25 0.25 -0.02 -0.02 -0.02 -0.02 -0.85 -0.85
-2.55 -2.55 -1.69 -1.93 -1.05 -1.15 -1.7 0.21 0.21 -0.71000004 -0.71 -0.71 -0.82 -0.82 -0.89 -0.89 -0.77 0.02 0.02 0.02 0.05 0.05 0.049732835 -0.50000002 -0.5 -0.5 -0.19 -0.19 0.5 -0.15 0.35999985 0.36 -0.99 1.15 0.5 0.010000434 0.29 0.39 0.39 -0.22586462 0.3 -0.36999997 -0.37000004 -0.85 -0.84601059 -0.33 -0.32999999 -0.28 -0.28 -0.27792927 0.069999796 -0.91 -0.91 -0.91 0.25 0.25 0.25 0.25 0.023115814 -0.02 -0.02 -0.02 -0.85 -0.85
-2.5499986 -2.5500012 -2.6899805 -1.93 -1.05 -1.15 -1.7 -0.26147758 -1.31 -1.31 -0.71000034 -0.71 -0.82 -0.82 -0.89 -0.89 -0.77 0.02 -0.46211024 -0.51999219 0.049958365 0.049999645 -0.51 -0.51 -0.51 -0.51 -0.19 0.5 0.5 0.5 0.35999891 1.52 1.52 1.1553989 0.5 0.5 0.39048429 0.39 0.39 0.3 0.3 -0.37 -0.37 -0.85 -0.84839121 -0.33 -0.33 -0.28 -0.28 0.07 0.07 0.07 -0.91 -0.91 0.25 0.25 0.25 0.25 0.25 -0.02 -0.02 -0.020001139 -0.85 -0.85
-1.29 -2.3669841 -2.6870192 -1.93 -1.0500334 -1.1499442 -1.310015 -1.31 -1.31 -1.31 -1.31 -0.72100428 -0.82 -0.82 -0.88981254 -0.8899999 -0.52 -0.52 -0.52 -0.52 -0.52 -0.50999974 -0.51 -0.51 -0.50999999 0.21986087 0.49109713 0.5 0.5 0.5 0.82 1.52 1.52 1.52 1.3823896 1.87 1.87 1.87 1.7785305 1.58 1.58 -0.36632156 -0.37 -0.85 0.78 0.78 -0.31459341 -0.28 0.84988036 0.85 0.070000014 0.07 0.069593921 -0.90999588 0.25 0.25 0.25 0.25 0.25 0.50994863 0.50357865 0.019355753 -0.85 -1.0114667
