Interpolating SPI Data/spi_stations/interpolated_spi/8-21_3.tif
NCOLS 257
NROWS 141
XLLCORNER -178.27925
YLLCORNER 5.3153543
DX 0.49934803
DY 0.49997533
NODATA_VALUE -9999
[rows 0 to 27 of 141, columns 0 to 61 of 257]
0.56864584 0.54590132 0.52262638 0.49886804 0.47468122 0.45012895 0.42528252 0.40022143 0.37503315 0.34981268 0.32466181 0.29968819 0.27500403 0.2507246 0.22696647 0.20384543 0.18147437 0.15996093 0.13940516 0.11989722 0.10151526 0.084323446 0.068370478 0.053688386 0.04029189 0.028178268 0.017327758 0.0077044959 -0.00074205666 -0.0080752678 -0.014369151 -0.019705944 -0.024173571 -0.027863074 -0.030866155 -0.033272892 -0.03516973 -0.036637798 -0.037751601 -0.038578102 -0.039176188 -0.039596515 -0.039881663 -0.040066592 -0.040179286 -0.040241567 -0.040269972 -0.04027666 -0.040270279 -0.04025676 -0.040240006 -0.040222469 -0.040205603 -0.040190214 -0.040176709 -0.040165275 -0.040155993 -0.040148924 -0.040144166 -0.040141904 -0.040142468 -0.040146419
0.64327123 0.62061933 0.5972819 0.57329212 0.54869139 0.52352989 0.49786713 0.47177228 0.44532445 0.41861269 0.39173576 0.36480165 0.33792674 0.31123463 0.28485461 0.25891979 0.23356486 0.20892356 0.18512594 0.16229542 0.14054592 0.11997894 0.10068098 0.082721226 0.066149773 0.050996374 0.037269875 0.024958341 0.014029872 0.0044340903 -0.0038957832 -0.011040373 -0.017091232 -0.022147721 -0.026313816 -0.029695013 -0.032395438 -0.034515285 -0.036148677 -0.037381986 -0.038292664 -0.038948564 -0.03940774 -0.039718659 -0.039920767 -0.04004532 -0.040116385 -0.040151945 -0.040165 -0.040164619 -0.040156884 -0.040145697 -0.040133431 -0.040121441 -0.040110438 -0.040100746 -0.040092482 -0.040085663 -0.040080276 -0.040076322 -0.040073851 -0.040072991
0.72300593 0.70087928 0.67792783 0.65416798 0.62962395 0.6043286 0.57832431 0.55166377 0.5244107 0.49664045 0.46844034 0.43990984 0.41116038 0.38231485 0.35350664 0.32487827 0.29657955 0.26876518 0.24159202 0.21521585 0.1897879 0.16545117 0.14233666 0.12055987 0.10021748 0.081384578 0.064112626 0.048428108 0.03433214 0.021800978 0.010787439 0.0012231492 -0.0069785005 -0.013918855 -0.019710147 -0.024471494 -0.028324955 -0.031391822 -0.033789301 -0.035627726 -0.037008366 -0.038021887 -0.03874746 -0.039252483 -0.039592848 -0.039813654 -0.039950259 -0.040029551 -0.04007132 -0.040089626 -0.040094081 -0.040090985 -0.040084272 -0.040076262 -0.040068231 -0.040060818 -0.04005429 -0.040048723 -0.040044105 -0.040040392 -0.040037544 -0.040035543
0.80719713 0.78605386 0.76397322 0.74095336 0.716999 0.6921225 0.66634495 0.63969728 0.61222141 0.58397135 0.55501417 0.52543088 0.49531708 0.46478329 0.4339549 0.40297173 0.37198697 0.34116558 0.31068204 0.28071745 0.25145602 0.22308097 0.19577009 0.16969097 0.14499624 0.12181899 0.10026866 0.080427633 0.062348821 0.046054264 0.031535022 0.018752257 0.0076395213 -0.0018939361 -0.0099590087 -0.016681994 -0.022199541 -0.026653575 -0.030186463 -0.032936639 -0.035034899 -0.036601464 -0.037743902 -0.038555904 -0.039116871 -0.039492229 -0.039734325 -0.039883767 -0.039971037 -0.040018226 -0.040040748 -0.04004892 -0.040049341 -0.040046017 -0.040041238 -0.040036221 -0.040031545 -0.040027441 -0.040023963 -0.040021089 -0.040018771 -0.040016957
0.89496382 0.87526031 0.85454308 0.83279232 0.80999292 0.78613559 0.76121799 0.73524603 0.70823527 0.68021233 0.65121641 0.62130077 0.59053414 0.55900196 0.52680745 0.49407228 0.46093681 0.42755972 0.39411701 0.36080017 0.32781346 0.29537039 0.26368921 0.23298778 0.20347767 0.17535802 0.14880933 0.12398745 0.10101836 0.079993848 0.06096865 0.043959015 0.028943026 0.015862561 0.0046268001 -0.0048829556 -0.012807494 -0.019303297 -0.024535947 -0.02867373 -0.03188177 -0.034316982 -0.036124045 -0.037432495 -0.038354985 -0.038986632 -0.03940535 -0.03967297 -0.039836954 -0.039932462 -0.039984576 -0.040010464 -0.040021369 -0.040024296 -0.040023377 -0.040020895 -0.04001802 -0.040015285 -0.040012894 -0.040010893 -0.04000926 -0.040007955
0.98522351 0.96738346 0.94849612 0.92852591 0.90743973 0.88520791 0.86180528 0.83721235 0.81141677 0.78441483 0.7562132 0.72683079 0.69630065 0.66467204 0.63201234 0.59840895 0.56397089 0.52883009 0.49314204 0.45708582 0.42086321 0.38469672 0.3488265 0.31350593 0.27899608 0.24555892 0.21344975 0.18290897 0.15415382 0.12737047 0.10270704 0.080268127 0.060111219 0.042245301 0.026631831 0.013187985 0.0017919535 -0.0077101258 -0.015496109 -0.021759241 -0.026699574 -0.03051595 -0.033398984 -0.035525367 -0.03705369 -0.038121852 -0.03884598 -0.039320711 -0.039620574 -0.039802193 -0.039906965 -0.039963942 -0.039992624 -0.040005483 -0.040010083 -0.040010746 -0.040009778 -0.040008313 -0.040006851 -0.040005574 -0.040004523 -0.040003685
1.0767413 1.061125 1.0444728 1.0267374 1.0078714 0.98782858 0.96656419 0.94403628 0.9202067 0.89504253 0.86851768 0.84061474 0.81132703 0.78066096 0.74863852 0.71529995 0.68070646 0.64494296 0.60812054 0.57037862 0.53188646 0.49284386 0.45348069 0.41405505 0.37484983 0.33616751 0.29832311 0.26163553 0.22641742 0.19296424 0.16154293 0.13238115 0.10565785 0.081495929 0.059957676 0.041043384 0.024693333 0.01079294 -0.00081933294 -0.010342011 -0.017999381 -0.024029887 -0.028674973 -0.032169092 -0.034731435 -0.036559713 -0.037826144 -0.038675596 -0.039225661 -0.039568323 -0.039772778 -0.039888966 -0.039951356 -0.039982621 -0.03999691 -0.040002559 -0.040004172 -0.040004116 -0.040003504 -0.040002806 -0.040002189 -0.040001692
1.1681975 1.1550754 1.1409714 1.1258313 1.1095987 1.0922161 1.0736252 1.0537671 1.0325835 1.0100176 0.98601516 0.96052608 0.9335062 0.90491932 0.87473975 0.84295507 0.8095693 0.77460638 0.73811393 0.70016703 0.66087201 0.62036996 0.5788396 0.53649924 0.49360725 0.45046092 0.40739296 0.36476555 0.32296177 0.2823744 0.24339244 0.20638615 0.17169133 0.13959425 0.11031838 0.084014145 0.060752788 0.040524959 0.023244161 0.008754756 -0.0031562659 -0.012744885 -0.020294321 -0.0260993 -0.030451527 -0.033627306 -0.035877976 -0.03742346 -0.038448947 -0.039104423 -0.039506561 -0.039742355 -0.03987381 -0.039943026 -0.039977126 -0.03999261 -0.039998904 -0.04000103 -0.040001464 -0.040001316 -0.040001034 -0.04000077
1.2582666 1.2478015 1.236444 1.224138 1.2108241 1.19644 1.1809202 1.1641968 1.1461993 1.1268552 1.1060911 1.0838327 1.0600069 1.0345425 1.0073725 0.97843633 0.94768228 0.91507121 0.88058012 0.84420663 0.80597384 0.76593565 0.72418228 0.68084571 0.63610474 0.59018905 0.54338178 0.49601979 0.4484911 0.40122875 0.35470066 0.30939551 0.26580484 0.22440227 0.18562135 0.14983367 0.1173294 0.088302348 0.062841044 0.040926993 0.02244027 0.0071718142 -0.0051589575 -0.014883141 -0.022360045 -0.027955668 -0.032023684 -0.034890194 -0.036842968 -0.038125325 -0.038934371 -0.039422889 -0.039703954 -0.039857239 -0.039935985 -0.039973788 -0.039990559 -0.03999731 -0.039999686 -0.040000344 -0.040000416 -0.040000334
1.3456979 1.3379376 1.3293997 1.3200308 1.3097736 1.2985668 1.2863452 1.2730391 1.2585748 1.2428739 1.2258542 1.2074293 1.1875095 1.166002 1.1428121 1.1178447 1.0910053 1.0622031 1.0313532 0.99838059 0.96322423 0.92584245 0.88621908 0.84437035 0.8003527 0.75427089 0.70628623 0.65662412 0.60558022 0.55352402 0.50089887 0.44821703 0.39604903 0.34500649 0.29571872 0.24880401 0.2048375 0.16431857 0.12764119 0.095070549 0.066729015 0.042593208 0.022502535 0.0061780143 -0.0067510802 -0.016716047 -0.024176604 -0.029590988 -0.033390865 -0.035962651 -0.037635927 -0.038678688 -0.039298516 -0.039648253 -0.039834546 -0.039927622 -0.039970904 -0.039989456 -0.039996688 -0.039999195 -0.039999933 -0.04000009
1.4293864 1.4242686 1.4185012 1.4120369 1.4048245 1.3968089 1.3879304 1.3781244 1.3673213 1.3554462 1.3424182 1.3281508 1.312551 1.2955199 1.2769522 1.2567367 1.234757 1.2108919 1.1850171 1.1570068 1.1267365 1.0940863 1.0589456 1.0212185 0.98083117 0.93774056 0.89194415 0.84349163 0.79249728 0.73915268 0.68373879 0.62663572 0.56832855 0.50940699 0.4505568 0.39254131 0.33617222 0.2822704 0.23161918 0.18491444 0.14271717 0.10541486 0.073197089 0.04604895 0.023763227 0.0059692143 -0.0078262722 -0.018191547 -0.025722505 -0.031000147 -0.034556991 -0.036854358 -0.038270812 -0.039100619 -0.039560077 -0.039799054 -0.039914997 -0.03996704 -0.039988444 -0.039996412 -0.039999054 -0.039999813
1.508428 1.5057943 1.5026406 1.4989278 1.4946132 1.4896507 1.4839898 1.4775755 1.470348 1.462242 1.4531862 1.4431031 1.431908 1.419509 1.4058059 1.3906902 1.3740444 1.3557418 1.3356463 1.3136125 1.2894867 1.2631071 1.2343064 1.202914 1.16876 1.1316807 1.0915257 1.0481674 1.001513 0.951519 0.89820824 0.84168954 0.78217807 0.72001549 0.65568693 0.58983154 0.52324268 0.45685362 0.39170573 0.32889802 0.26952029 0.21457567 0.16490215 0.12110465 0.083508512 0.052142549 0.026754209 0.0068535389 -0.0082222207 -0.019234361 -0.026969861 -0.032179043 -0.035529558 -0.037578957 -0.038765008 -0.039410613 -0.039738887 -0.039893578 -0.039960517 -0.039986835 -0.039996119 -0.039999013
1.5821505 1.5817684 1.5809875 1.5797776 1.5781054 1.5759348 1.5732261 1.5699361 1.5660171 1.5614171 1.5560787 1.5499391 1.5429288 1.5349715 1.5259832 1.5158711 1.5045331 1.4918568 1.4777182 1.4619814 1.4444971 1.4251021 1.4036189 1.3798551 1.3536039 1.3246452 1.2927478 1.2576731 1.219181 1.1770381 1.1310297 1.0809758 1.0267515 0.96831294 0.90572761 0.83920861 0.76914964 0.69615667 0.62106974 0.54496699 0.46914263 0.39505231 0.32422425 0.25814168 0.19811073 0.14513498 0.099819959 0.062326797 0.032383881 0.0093525186 -0.0076686893 -0.019722301 -0.027874899 -0.033121103 -0.036318125 -0.038152914 -0.039138081 -0.039629171 -0.039854398 -0.039948445 -0.039983766 -0.03999553
1.6501232 1.6517105 1.6530052 1.6539849 1.6546255 1.6549004 1.6547804 1.6542338 1.6532256 1.6517173 1.6496666 1.6470267 1.6437459 1.639767 1.6350264 1.6294536 1.6229702 1.6154886 1.6069115 1.5971301 1.5860227 1.5734536 1.5592712 1.5433062 1.5253697 1.505252 1.4827202 1.4575179 1.4293637 1.3979525 1.3629573 1.3240342 1.2808303 1.2329969 1.180209 1.1221927 1.0587625 0.98986816 0.91565228 0.83651321 0.75316742 0.66669883 0.57857845 0.49063583 0.4049668 0.32377287 0.24914616 0.18283391 0.12603181 0.07925482 0.042316606 0.014419027 -0.0056758059 -0.019435901 -0.028358263 -0.033810508 -0.036931905 -0.038594126 -0.039410436 -0.039776376 -0.039924327 -0.039977521
1.7121444 1.7153945 1.7184386 1.7212615 1.7238463 1.7261745 1.7282263 1.7299796 1.7314106 1.7324927 1.7331971 1.7334918 1.7333413 1.7327065 1.7315439 1.7298051 1.7274359 1.7243761 1.7205577 1.7159048 1.7103316 1.7037414 1.6960249 1.6870582 1.6767009 1.6647933 1.651154 1.6355765 1.617826 1.5976358 1.5747036 1.5486879 1.519205 1.4858277 1.4480856 1.4054697 1.3574424 1.3034571 1.2429893 1.175585 1.1009292 1.0189381 0.92987268 0.83446385 0.7340295 0.63054747 0.5266399 0.4254264 0.33022794 0.24415181 0.16964394 0.10812996 0.059852448 0.023948371 -0.0012718052 -0.017941245 -0.028260282 -0.034207769 -0.037375519 -0.038920201 -0.039601979 -0.039870637
1.7682145 1.7728177 1.7772814 1.7815952 1.7857481 1.7897279 1.7935216 1.7971148 1.8004922 1.8036367 1.8065298 1.8091512 1.8114785 1.813487 1.8151493 1.8164353 1.8173111 1.8177392 1.8176775 1.8170788 1.8158898 1.8140504 1.8114924 1.8081383 1.8038999 1.7986758 1.7923498 1.7847884 1.7758369 1.7653165 1.7530196 1.7387046 1.7220902 1.7028486 1.6805976 1.6548926 1.6252181 1.5909802 1.5515003 1.5060153 1.4536854 1.3936175 1.324913 1.2467501 1.1585149 1.0599888 0.95159274 0.83465957 0.71167148 0.58635183 0.4634828 0.34836435 0.24596336 0.15997871 0.092154511 0.042104221 0.0076834766 -0.014284588 -0.02722658 -0.034214534 -0.037640059 -0.039146073
1.8184989 1.8241601 1.8297287 1.8351977 1.84056 1.8458078 1.8509327 1.8559259 1.8607776 1.8654775 1.8700142 1.8743754 1.8785478 1.8825169 1.8862666 1.8897795 1.8930361 1.8960152 1.8986929 1.901043 1.9030357 1.9046381 1.9058127 1.9065173 1.9067039 1.9063178 1.905296 1.9035664 1.9010455 1.8976361 1.8932251 1.8876797 1.8808435 1.8725315 1.8625242 1.8505592 1.8363228 1.8194377 1.7994498 1.7758112 1.7478611 1.7148043 1.6756892 1.6293884 1.574589 1.5098047 1.4334305 1.3438703 1.2397799 1.1204646 0.98644776 0.84013835 0.68637984 0.53249636 0.38743783 0.25996003 0.15641423 0.079183748 0.026551524 -0.0060744831 -0.024368434 -0.033572581
1.863288 1.8697386 1.8761262 1.8824461 1.8886935 1.8948632 1.9009498 1.9069476 1.9128504 1.9186518 1.9243449 1.9299223 1.9353762 1.9406981 1.9458789 1.9509088 1.9557773 1.9604729 1.9649829 1.9692937 1.9733902 1.9772557 1.9808718 1.9842179 1.987271 1.9900052 1.9923912 1.9943957 1.9959805 1.997102 1.9977093 1.9977434 1.9971353 1.9958034 1.9936512 1.9905634 1.9864013 1.9809972 1.9741469 1.9655997 1.9550464 1.9421024 1.9262867 1.9069945 1.8834611 1.8547174 1.8195335 1.7763535 1.7232269 1.657752 1.5770727 1.4780007 1.3573962 1.2129862 1.0447727 0.85691327 0.65929012 0.46720323 0.29782723 0.16430813 0.07110843 0.013821979
1.9029579 1.9099627 1.9169202 1.9238268 1.930679 1.9374728 1.9442043 1.9508694 1.9574639 1.9639833 1.9704229 1.9767779 1.9830433 1.9892137 1.9952837 2.0012474 2.0070987 2.0128311 2.0184379 2.0239117 2.029245 2.0344293 2.0394559 2.0443152 2.0489968 2.0534894 2.0577805 2.0618566 2.0657022 2.0693004 2.072632 2.0756749 2.0784042 2.0807911 2.0828018 2.084397 2.08553 2.0861451 2.0861754 2.0855395 2.0841376 2.0818465 2.0785121 2.0739399 2.0678821 2.0600193 2.0499358 2.037084 2.0207349 1.9999079 1.9732711 1.9390022 1.8945988 1.8366352 1.7604929 1.6601754 1.5285136 1.3584227 1.1462357 0.89763919 0.63364375 0.38896749
1.9379355 1.9452958 1.9526138 1.9598864 1.9671103 1.9742822 1.9813987 1.9884562 1.9954511 2.0023798 2.0092384 2.0160232 2.02273 2.029355 2.0358939 2.0423426 2.0486966 2.0549517 2.0611033 2.0671468 2.0730775 2.0788905 2.0845809 2.0901436 2.0955734 2.1008647 2.106012 2.1110093 2.1158505 2.1205291 2.1250381 2.1293701 2.133517 2.1374702 2.1412198 2.144755 2.1480637 2.1511317 2.1539429 2.1564781 2.1587147 2.1606255 2.1621772 2.163329 2.1640297 2.1642147 2.1638013 2.1626822 2.1607161 2.1577145 2.1534216 2.1474849 2.1394094 2.1284868 2.1136835 2.093459 2.0654711 2.0260924 1.9696366 1.887199 1.7652554 1.5851966
1.9686699 1.9762229 1.9837313 1.9911917 1.9986008 2.0059553 2.0132517 2.0204864 2.027656 2.0347567 2.0417849 2.0487368 2.0556086 2.0623966 2.0690967 2.0757053 2.0822183 2.0886319 2.0949421 2.101145 2.1072368 2.1132136 2.1190716 2.1248068 2.1304157 2.1358945 2.1412396 2.1464474 2.1515146 2.1564376 2.1612133 2.1658384 2.1703099 2.1746247 2.17878 2.1827729 2.1866006 2.1902602 2.193749 2.1970641 2.2002024 2.2031606 2.2059348 2.2085209 2.2109135 2.2131063 2.2150913 2.2168582 2.2183939 2.2196805 2.2206945 2.221404 2.2217647 2.2217153 2.221168 2.2199964 2.2180127 2.214932 2.2103085 2.2034211 2.1930575 2.1770917
1.9956095 2.0032263 2.0107911 2.0183004 2.0257506 2.033138 2.0404588 2.0477094 2.0548858 2.0619842 2.0690007 2.0759313 2.0827719 2.0895187 2.0961675 2.1027144 2.1091554 2.1154864 2.1217036 2.127803 2.1337808 2.1396332 2.1453566 2.1509473 2.156402 2.1617172 2.1668898 2.1719169 2.1767956 2.1815232 2.1860975 2.1905161 2.1947774 2.1988796 2.2028213 2.2066017 2.2102199 2.2136757 2.2169689 2.2201 2.2230695 2.2258786 2.2285287 2.2310215 2.2333591 2.2355441 2.2375791 2.2394672 2.2412117 2.2428159 2.2442833 2.2456174 2.2468215 2.2478986 2.2488508 2.2496795 2.2503843 2.2509625 2.2514075 2.2517069 2.2518387 2.2517651
2.0191861 2.0267678 2.0342873 2.0417411 2.049125 2.0564351 2.0636674 2.0708178 2.0778822 2.0848564 2.0917361 2.0985173 2.1051956 2.1117669 2.118227 2.1245716 2.1307966 2.1368979 2.1428715 2.1487135 2.1544201 2.1599874 2.1654119 2.1706901 2.1758189 2.180795 2.1856156 2.1902781 2.1947801 2.1991195 2.2032943 2.2073031 2.2111448 2.2148183 2.2183234 2.2216598 2.2248279 2.2278285 2.2306627 2.233332 2.2358386 2.2381849 2.240374 2.2424091 2.2442943 2.2460336 2.247632 2.2490944 2.2504264 2.2516338 2.2527227 2.2536996 2.254571 2.2553438 2.2560249 2.2566211 2.2571395 2.2575868 2.2579697 2.2582948 2.258568 2.2587952
2.0398045 2.0472776 2.0546775 2.0620002 2.0692414 2.0763969 2.0834624 2.0904336 2.0973063 2.104076 2.1107384 2.1172892 2.123724 2.1300385 2.1362286 2.14229 2.1482186 2.1540104 2.1596615 2.1651681 2.1705266 2.1757336 2.1807857 2.1856799 2.1904134 2.1949836 2.1993882 2.2036251 2.2076927 2.2115897 2.2153149 2.2188679 2.2222483 2.2254563 2.2284927 2.2313584 2.234055 2.2365844 2.2389493 2.2411524 2.2431973 2.2450879 2.2468285 2.248424 2.2498797 2.2512012 2.2523945 2.2534662 2.2544229 2.2552716 2.2560194 2.2566737 2.2572418 2.2577311 2.2581491 2.2585028 2.2587994 2.2590456 2.2592478 2.259412 2.2595439 2.2596485
2.0578355 2.0651482 2.0723765 2.0795163 2.0865632 2.0935128 2.1003608 2.1071029 2.1137345 2.1202514 2.1266492 2.1329236 2.1390705 2.1450855 2.1509646 2.1567039 2.1622995 2.1677477 2.173045 2.1781879 2.1831734 2.1879984 2.1926604 2.1971568 2.2014856 2.205645 2.2096333 2.2134496 2.217093 2.2205633 2.2238603 2.2269847 2.2299373 2.2327195 2.2353332 2.2377806 2.2400646 2.2421885 2.2441559 2.2459712 2.247639 2.2491644 2.2505529 2.2518104 2.2529433 2.2539581 2.2548617 2.255661 2.2563634 2.2569761 2.2575066 2.257962 2.2583497 2.2586768 2.2589499 2.2591757 2.2593603 2.2595095 2.2596285 2.2597223 2.2597952 2.259851
2.0736138 2.0807312 2.087754 2.0946778 2.1014983 2.1082112 2.1148121 2.1212967 2.1276608 2.1339 2.1400103 2.1459875 2.1518277 2.157527 2.1630817 2.1684881 2.1737429 2.1788429 2.183785 2.1885665 2.1931848 2.1976377 2.2019233 2.2060399 2.2099863 2.2137614 2.2173648 2.2207963 2.224056 2.2271448 2.2300636 2.2328141 2.2353982 2.2378184 2.2400776 2.2421793 2.2441272 2.2459256 2.2475793 2.2490932 2.250473 2.2517244 2.2528537 2.2538671 2.2547715 2.2555736 2.2562804 2.256899 2.2574364 2.2578996 2.2582956 2.2586311 2.2589126 2.2591464 2.2593385 2.2594944 2.2596193 2.259718 2.2597947 2.2598534 2.2598975 2.2599299
2.0874368 2.0943378 2.101135 2.1078242 2.1144012 2.1208616 2.1272014 2.1334165 2.1395027 2.1454561 2.1512729 2.1569493 2.1624817 2.1678667 2.1731011 2.1781817 2.1831056 2.1878704 2.1924735 2.1969129 2.2011869 2.2052938 2.2092326 2.2130025 2.216603 2.220034 2.2232958 2.2263893 2.2293156 2.2320762 2.2346732 2.237109 2.2393865 2.2415089 2.2434801 2.2453042 2.2469856 2.2485294 2.2499406 2.2512249 2.2523882 2.2534365 2.2543762 2.2552138 2.2559558 2.2566089 2.2571798 2.2576752 2.2581017 2.2584658 2.2587737 2.2590315 2.2592451 2.2594199 2.2595611 2.2596736 2.2597618 2.2598298 2.2598811 2.259919 2.2599464 2.2599656
2.0995665 2.1062402 2.1128025 2.1192493 2.1255763 2.1317798 2.1378557 2.1438003 2.1496098 2.1552806 2.1608093 2.1661925 2.1714271 2.1765102 2.1814391 2.1862112 2.1908243 2.1952764 2.1995658 2.2036912 2.2076513 2.2114454 2.2150733 2.2185347 2.22183 2.22496 2.2279258 2.2307288 2.2333709 2.2358545 2.2381823 2.2403573 2.2423831 2.2442636 2.2460029 2.2476056 2.2490767 2.2504214 2.251645 2.2527533 2.2537522 2.2546478 2.2554463 2.2561538 2.2567769 2.2573217 2.2577947 2.2582019 2.2585495 2.2588434 2.2590893 2.2592929 2.2594591 2.2595932 2.2596996 2.2597826 2.2598462 2.2598939 2.2599288 2.2599537 2.2599709 2.2599825
