Interpolating SPI Data/spi_stations/interpolated_spi/8-21_1.tif
NCOLS 257
NROWS 141
XLLCORNER -178.27925
YLLCORNER 5.3153543
DX 0.49934803
DY 0.49997533
NODATA_VALUE -9999
[rows 0 to 27 of 141, columns 186 to 247 of 257]
-0.64 -0.64 -0.64 -0.64 -0.64 -0.64 -0.64 -0.6399732 -0.00036662778 -1.1919259e-11 -6.8893527e-19 -1.0475268e-25 -7.2716997e-32 -4.5087385e-37 -2.1162515e-41 2.0400799e-42 2.2494966e-42 2.0588111e-41 8.4794102e-40 1.68917e-37 4.5754014e-32 2.7881215e-26 1.5433392e-20 6.6729578e-15 2.0425557e-09 0.00041111396 1.8780271 1.9499989 1.95 1.95 1.95 1.95 1.95 1.95 1.95 1.95 1.95 1.95 1.95 1.95 1.95 1.9499979 1.9482457 1.2500842 -0.13923728 -0.14995358 -0.14999965 -0.15 -0.15 -0.15 -0.15 -0.15 -0.15 -0.15 -0.15 -0.15 -0.15 -0.15 -0.15 -0.15 -0.15 -0.15
-0.64 -0.64 -0.64 -0.64 -0.64 -0.64 -0.64 -0.63998499 -5.402343e-05 -1.3966705e-13 -5.6186452e-22 -5.1365767e-30 -2.1394934e-37 -4.1036264e-44 9.2312097e-47 5.6640399e-48 1.6042483e-47 8.5569134e-46 2.5415605e-43 2.0325944e-40 2.3382551e-34 9.3689404e-28 2.6540893e-21 4.841142e-15 5.4364743e-09 0.0036369456 1.9472933 1.95 1.95 1.95 1.95 1.95 1.95 1.95 1.95 1.95 1.95 1.95 1.95 1.95 1.95 1.95 1.95 1.9499918 1.9454579 1.0634088 -0.13535466 -0.14986611 -0.14999784 -0.14999994 -0.15 -0.15 -0.15 -0.15 -0.15 -0.15 -0.15 -0.15 -0.15 -0.15 -0.15 -0.15
-0.64 -0.64 -0.64 -0.64 -0.64 -0.64 -0.64 -0.63998993 -6.1756885e-06 -1.0863696e-15 -2.1270745e-25 -5.844818e-35 -8.3157044e-45 5.5475644e-50 5.2452902e-54 2.5975441e-55 5.7438565e-54 6.6628242e-51 4.0070563e-47 3.0725403e-43 1.4319556e-36 4.5335029e-29 7.1496668e-22 5.7229116e-15 2.4240992e-08 0.054518431 1.9499466 1.95 1.95 1.95 1.95 1.95 1.95 1.95 1.95 1.95 1.95 1.95 1.95 1.95 1.95 1.95 1.95 1.95 1.9499999 1.9499569 1.9374572 0.90243729 -0.12777214 -0.14958471 -0.14998701 -0.14999934 -0.14999995 -0.14999999 -0.15 -0.15 -0.15 -0.15 -0.15 -0.15 -0.15 -0.15
-0.64 -0.64 -0.64 -0.64 -0.64 -0.64 -0.64 -0.63999088 -6.1989045e-07 -7.9205219e-18 -6.2325151e-29 6.0778877e-41 2.9107964e-49 5.4668302e-58 3.4223929e-64 1.7805362e-65 3.9358743e-62 1.1825602e-56 6.1439389e-51 9.9007444e-46 1.7066058e-38 4.4719252e-30 3.8121695e-22 1.2778988e-14 1.9723519e-07 0.86858799 1.9499994 1.95 1.95 1.95 1.95 1.95 1.95 1.95 1.95 1.95 1.95 1.95 1.95 1.95 1.95 1.95 1.95 1.95 1.95 1.95 1.9499991 1.9497653 1.9176842 0.78189029 -0.11515842 -0.14876163 -0.1499283 -0.14999269 -0.14999858 -0.14999952 -0.14999977 -0.14999986 -0.1499999 -0.14999992 -0.14999993 -0.14999994
-0.64 -0.64 -0.64 -0.64 -0.64 -0.64 -0.64 -0.63998749 -6.8163467e-08 -9.6735015e-20 5.4601843e-32 4.1328375e-42 1.7621384e-54 2.21448e-68 6.3883346e-80 9.9018724e-81 3.2253534e-72 1.9567866e-62 3.7921248e-54 1.739668e-47 7.7055935e-40 1.3609987e-30 5.1491229e-22 6.1604543e-14 3.0965371e-06 1.9033607 1.95 1.95 1.95 1.95 1.95 1.95 1.95 1.95 1.95 1.95 1.95 1.95 1.95 1.95 1.95 1.95 1.95 1.95 1.95 1.95 1.95 1.950001 1.9500102 1.9491489 1.8809561 0.76362695 -0.064111167 -0.13899909 -0.14760753 -0.14928986 -0.14974172 -0.14988983 -0.14994615 -0.14997034 -0.14998186 -0.14998782
-0.64 -0.64 -0.64 -0.64 -0.64 -0.64 -0.64 -0.63997252 -1.0970776e-08 2.4981893e-20 8.414607e-30 6.6510037e-42 1.0233397e-57 1.3187206e-79 6.0101465e-109 4.2603044e-106 3.0090041e-82 2.1308428e-66 1.0940451e-55 6.1209152e-48 2.7545941e-40 1.9047044e-30 2.1660669e-21 6.9835733e-13 9.4037525e-05 1.9494525 1.95 1.95 1.95 1.95 1.95 1.95 1.95 1.95 1.95 1.95 1.95 1.95 1.95 1.95 1.95 1.95 1.95 1.95 1.95 1.95 1.9500005 1.9500148 1.9502842 1.9533538 1.9727356 2.0174448 2.0306712 1.9078733 1.3903257 0.56873074 0.088248372 -0.074033781 -0.12346118 -0.13955646 -0.14537854 -0.14772079
-0.64 -0.64 -0.64 -0.64 -0.64 -0.64 -0.64 -0.6398833 1.285479e-07 2.1639864e-15 2.3312497e-25 3.625519e-38 3.0699542e-55 1.7896271e-80 2.3830837e-130 1.3891129e-119 2.7285013e-83 1.4685967e-65 2.0247679e-54 1.3349634e-46 1.3826197e-39 1.5819751e-29 3.1363627e-20 1.8648561e-11 0.0051287419 1.9499958 1.95 1.95 1.95 1.95 1.95 1.95 1.95 1.95 1.95 1.95 1.95 1.95 1.95 1.95 1.95 1.95 1.95 1.95 1.95 1.9500002 1.9500118 1.9503713 1.9561779 1.9939813 2.0463464 2.0643623 2.0684308 2.0694036 2.0692699 2.0663501 2.0494872 1.9734139 1.7173297 1.1760267 0.56756855 0.1800612
-0.64 -0.64 -0.64 -0.64 -0.64 -0.64 -0.63998982 2.1417466 0.67603369 2.2657139e-08 3.5595048e-18 1.8395794e-30 9.4192444e-46 1.6662199e-64 5.3438335e-83 6.1224142e-84 6.9551587e-71 5.5990133e-59 4.5308633e-50 2.2354889e-43 1.2239365e-37 7.7652344e-28 1.4758086e-18 1.0568967e-09 0.35471512 1.95 1.95 1.95 1.95 1.95 1.95 1.95 1.95 1.95 1.95 1.95 1.95 1.95 1.95 1.95 1.95 1.95 1.95 1.95 1.9500001 1.9500107 1.9506174 1.964767 2.0304489 2.0635506 2.0688108 2.0697019 2.0699016 2.0699592 2.0699793 2.0699849 2.0699648 2.069803 2.0688819 2.064529 2.0471797 1.989097
-0.64 -0.64 -0.64 -0.64 -0.64 -0.63998787 2.1594515 2.16 2.16 2.0320555 1.5360364e-08 8.7218727e-20 1.6237714e-32 1.457758e-45 9.6228611e-56 9.7081863e-59 3.9145168e-55 3.0109604e-49 1.5125006e-43 1.1485139e-38 1.871769e-34 1.6911087e-25 1.8109322e-16 1.034763e-07 1.8688645 1.95 1.95 1.95 1.95 1.95 1.95 1.95 1.95 1.95 1.95 1.95 1.95 1.95 1.95 1.95 1.95 1.95 1.95 1.95 1.9500123 1.9514972 1.9939576 2.0606661 2.0690656 2.0698531 2.0699653 2.0699886 2.0699951 2.0699974 2.0699984 2.0699989 2.0699991 2.0699988 2.0699958 2.0699758 2.0698672 2.0693666
-0.64 -0.64 -0.64 -0.64 -0.63992833 2.1599889 2.16 2.16 2.16 2.16 2.1591688 1.5885017e-07 1.2898434e-18 5.5536415e-29 6.8078958e-37 6.9273705e-41 4.2221167e-41 4.8625809e-39 4.0468657e-36 4.1213763e-33 2.6808627e-30 1.0119169e-22 4.146042e-14 1.3308379e-05 1.9491313 1.95 1.95 1.95 1.95 1.95 1.95 1.95 1.95 1.95 1.95 1.95 1.95 1.95 1.95 1.95 1.95 1.95 1.95 1.9500218 1.9564326 2.0492763 2.0691705 2.0699371 2.069991 2.0699979 2.0699993 2.0699997 2.0699998 2.0699999 2.0699999 2.0699999 2.0699999 2.0699999 2.0699999 2.0699998 2.069999 2.0699943
-0.64 -0.64 -0.64 -0.63841283 2.1599995 2.16 2.16 2.16 2.16 2.16 2.16 2.1599959 2.4406156e-05 7.2697774e-15 2.6008807e-22 4.3110592e-27 2.733395e-29 1.4500076e-29 1.0527601e-28 2.6570239e-27 1.0360776e-25 9.7983844e-20 1.2202934e-11 0.0016797688 1.9499877 1.95 1.95 1.95 1.95 1.95 1.95 1.95 1.95 1.95 1.95 1.95 1.95 1.95 1.95 1.95 1.95 1.95 1.9500829 1.9981753 2.0689633 2.0699764 2.0699985 2.0699998 2.0699999 2.07 2.07 2.07 2.07 2.07 2.07 2.07 2.07 2.07 2.07 2.07 2.07 2.0699999
-0.64 -0.64 -0.59703475 2.1599998 2.16 2.16 2.16 2.16 2.16 2.16 2.16 2.16 2.1599999 0.0069186731 1.5718521e-10 5.3678616e-16 2.0258438e-19 3.4478674e-21 8.6664457e-22 1.1912759e-21 4.328494e-21 9.6556837e-17 3.2915749e-09 0.14895084 1.9499997 1.95 1.95 1.95 1.95 1.95 1.95 1.95 1.95 1.95 1.95 1.95 1.95 1.95 1.95 1.95 1.95 1.9512013 2.0668854 2.0699914 2.0699999 2.07 2.07 2.07 2.07 2.07 2.07 2.07 2.07 2.07 2.07 2.07 2.07 2.07 2.07 2.07 2.07 2.07
-0.63999906 -0.13961213 2.1599996 2.16 2.16 2.16 2.16 2.16 2.16 2.16 2.16 2.16 2.16 2.1599999 0.43853987 5.3658641e-07 3.1845807e-11 5.667377e-14 1.3640408e-15 2.107656e-16 1.1399893e-16 6.8815693e-14 6.2731246e-07 1.6240654 1.95 1.95 1.95 1.95 1.95 1.95 1.95 1.95 1.95 1.95 1.95 1.95 1.95 1.95 1.95 1.9500002 2.0199027 2.069995 2.07 2.07 2.07 2.07 2.07 2.07 2.07 2.07 2.07 2.07 2.07 2.07 2.07 2.07 2.07 2.07 2.07 2.07 2.07 2.07
0.92345916 2.1599977 2.16 2.16 2.16 2.16 2.16 2.16 2.16 2.16 2.16 2.16 2.16 2.16 2.1599997 1.718609 0.00016294504 6.9152968e-08 3.4136844e-10 1.0917344e-11 1.3729134e-12 2.8881897e-11 7.1428756e-05 1.9385282 1.95 1.95 1.95 1.95 1.95 1.95 1.95 1.95 1.95 1.95 1.95 1.95 1.95 1.95 1.950086 2.0699784 2.07 2.07 2.07 2.07 2.07 2.07 2.07 2.07 2.07 2.07 2.07 2.07 2.07 2.07 2.07 2.07 2.07 2.07 2.07 2.07 2.07 2.07
2.1599857 2.16 2.16 2.16 2.16 2.16 2.16 2.16 2.16 2.16 2.16 2.16 2.16 2.16 2.16 2.1599985 2.0432133 0.0072432363 1.3325e-05 1.458896e-07 6.3514441e-09 7.8466406e-09 0.0044632918 1.9493736 1.95 1.95 1.95 1.95 1.95 1.95 1.95 1.95 1.95 1.95 1.95 1.95 1.95 2.0610411 2.07 2.07 2.07 2.07 2.07 2.07 2.07 2.07 2.07 2.07 2.07 2.07 2.07 2.07 2.07 2.07 2.07 2.07 2.07 2.07 2.07 2.07 2.07 2.07
2.1599999 2.16 2.16 2.16 2.16 2.16 2.16 2.16 2.16 2.16 2.16 2.16 2.16 2.16 2.16 2.16 2.1599915 2.1034029 0.084189361 0.00049598693 8.1511961e-05 0.0032805333 0.19326087 1.9497105 1.95 1.95 1.95 1.95 1.95 1.95 1.95 1.95 1.95 1.95 1.95 1.9501912 2.0699999 2.07 2.07 2.07 2.07 2.07 2.07 2.07 2.07 2.07 2.07 2.07 2.07 2.07 2.07 2.07 2.07 2.07 2.07 2.07 2.07 2.07 2.07 2.07 2.07 2.07
2.1600031 2.16 2.16 2.16 2.16 2.16 2.16 2.16 2.16 2.16 2.16 2.16 2.16 2.16 2.16 2.16 2.16 2.1599597 2.066302 0.42904224 0.42979847 0.42999036 0.4300203 0.50779885 1.9493738 1.95 1.95 1.95 1.95 1.95 1.95 1.95 1.95 1.9500016 2.0671024 2.07 2.07 2.07 2.07 2.07 2.07 2.07 2.07 2.07 2.07 2.07 2.07 2.07 2.07 2.07 2.07 2.07 2.07 2.07 2.07 2.07 2.07 2.07 2.07 2.07 2.07 2.07
2.1667542 2.16 2.16 2.16 2.16 2.16 2.16 2.16 2.16 2.16 2.16 2.16 2.16 2.16 2.16 2.16 2.1599987 1.9254073 0.43027636 0.43000004 0.43000001 0.43000024 0.43000833 0.43029957 0.45010851 1.947433 1.95 1.95 1.95 1.95 1.95 1.9500011 1.9586507 2.0699949 2.07 2.07 2.07 2.07 2.07 2.07 2.07 2.07 2.07 2.07 2.07 2.07 2.07 2.07 2.07 2.07 2.07 2.07 2.07 2.07 2.07 2.07 2.07 2.07 2.07 2.07 2.07 2.0699996
2.6211578 2.16 2.16 2.16 2.16 2.16 2.16 2.16 2.16 2.16 2.16 2.16 2.16 2.16 2.16 2.1599969 1.1710429 0.43000798 0.43 0.43 0.43 0.43000005 0.43000397 0.43029893 0.44830642 0.94983503 1.9359874 1.9499997 1.9500001 1.9500034 1.9508368 2.0625995 2.0699998 2.07 2.07 2.07 2.07 2.07 2.07 2.07 2.07 2.07 2.07 2.07 2.07 2.07 2.07 2.07 2.07 2.07 2.07 2.07 2.07 2.07 2.07 2.07 2.07 2.07 2.07 2.07 2.0699994 2.0699901
2.6399791 2.1600352 2.16 2.16 2.16 2.16 2.16 2.16 2.16 2.16 2.16 2.16 2.16 2.16 2.159982 0.51739162 0.43000015 0.43 0.43 0.43 0.43 0.43000001 0.43000183 0.43036646 0.48076118 1.5446675 1.9269245 1.9394066 1.9502837 1.9883812 2.0696064 2.0699999 2.07 2.07 2.07 2.07 2.07 2.07 2.07 2.07 2.07 2.07 2.07 2.07 2.07 2.07 2.07 2.07 2.07 2.07 2.07 2.07 2.07 2.07 2.07 2.07 2.07 2.07 2.07 2.069999 2.0699775 2.069656
2.6399999 2.1967061 2.16 2.16 2.16 2.16 2.16 2.16 2.16 2.16 2.16 2.16 2.16 2.1597711 0.43514139 0.43 0.43 0.43 0.43 0.43 0.43 0.43 0.43000085 0.43063989 0.65823146 1.8925832 1.9392308 1.939968 1.9400008 2.0681318 2.0699999 2.07 2.07 2.07 2.07 2.07 2.07 2.07 2.07 2.07 2.07 2.07 2.07 2.07 2.07 2.07 2.07 2.07 2.07 2.07 2.07 2.07 2.07 2.07 2.07 2.07 2.07 2.0699999 2.0699974 2.0699318 2.068755 2.0539797
2.64 2.6266739 2.1600017 2.16 2.16 2.16 2.16 2.16 2.16 2.16 2.16 2.16 2.1555907 0.43034726 0.43 0.43 0.43 0.43 0.43 0.43 0.43 0.43 0.43000045 0.43206774 1.4808113 1.9384023 1.9399833 1.9399994 1.9399999 1.9406553 2.0699983 2.07 2.07 2.07 2.07 2.07 2.07 2.07 2.07 2.07 2.07 2.07 2.07 2.07 2.07 2.07 2.07 2.07 2.07 2.07 2.07 2.07 2.07 2.07 2.07 2.07 2.0699998 2.0699911 2.0697034 2.0635636 1.9808735 1.5357507
2.64 2.6399065 2.1609256 2.16 2.16 2.16 2.16 2.16 2.16 2.16 2.1599996 2.0817983 0.43004203 0.43 0.43 0.43 0.43 0.43 0.43 0.43 0.43 0.43 0.43000033 0.44965708 1.9281092 1.9399883 1.9399999 1.94 1.94 1.94 2.0373912 2.07 2.07 2.07 2.07 2.07 2.07 2.07 2.07 2.07 2.07 2.07 2.07 2.07 2.07 2.07 2.07 2.07 2.07 2.07 2.07 2.07 2.07 2.07 2.07 2.0699993 2.0699512 2.0679836 2.0199624 1.5762343 1.0737992 0.98335971
2.64 2.6399982 2.287961 2.1600006 2.16 2.16 2.16 2.16 2.16 2.1599794 1.519484 0.43001118 0.43 0.43 0.43 0.43 0.43 0.43 0.43 0.43 0.43 0.43 0.4300006 1.1461867 1.9399787 1.94 1.94 1.94 1.94 1.94 1.9400072 2.0699644 2.07 2.07 2.07 2.07 2.07 2.07 2.07 2.07 2.07 2.07 2.07 2.07 2.07 2.07 2.07 2.07 2.07 2.07 2.07 2.07 2.07 2.07 2.0699948 2.0695333 2.0466261 1.6311796 1.0497531 0.97668595 0.97075625 0.97011495
2.64 2.6399999 2.6219846 2.160135 2.16 2.16 2.16 2.1599997 2.159415 0.76432194 0.4300061 0.43 0.43 0.43 0.43 0.43 0.43 0.43 0.43 0.43 0.43 0.43 0.43000948 1.9393182 1.94 1.94 1.94 1.94 1.94 1.94 1.94 1.947222 2.07 2.07 2.07 2.07 2.07 2.07 2.07 2.07 2.07 2.07 2.07 2.07 2.07 2.07 2.07 2.07 2.07 2.07 2.07 2.07 2.0699997 2.0699234 2.0612215 1.7027258 1.0285219 0.97288205 0.9702123 0.97002327 0.97000339 0.96999802
2.64 2.64 2.6393705 2.1709827 2.1599901 2.1597736 2.1510312 1.6143541 -0.29391619 0.40462183 0.42991843 0.42999995 0.43 0.43 0.43 0.43 0.43 0.43 0.43 0.43 0.43 0.43 0.45111903 1.94 1.94 1.94 1.94 1.94 1.94 1.94 1.94 1.9400001 2.0679112 2.07 2.07 2.07 2.07 2.07 2.07 2.07 2.07 2.07 2.07 2.07 2.07 2.07 2.07 2.07 2.07 2.07 2.07 2.069991 2.0673865 1.7886028 1.0112784 0.97105635 0.97004538 0.9700032 0.97000035 0.97000004 0.96999977 0.96999652
2.64 2.64 2.639955 2.3345144 0.82241329 -0.74341028 -0.80929837 -0.8099248 -0.80896035 -0.76697531 0.26460173 0.42984215 0.42999999 0.43 0.43 0.43 0.43 0.43 0.43 0.43 0.43 0.43 1.9399988 1.94 1.94 1.94 1.94 1.94 1.94 1.94 1.94 1.94 1.9402283 2.0699953 2.07 2.07 2.07 2.07 2.07 2.07 2.07 2.07 2.07 2.07 2.07 2.07 2.07 2.07 2.07 2.0699991 2.0693588 1.8781693 0.99868936 0.97033381 0.9700073 0.97000029 0.97000002 0.97 0.97 0.96999999 0.96999973 0.96999503
2.6399939 2.6398379 2.6355288 -0.77127005 -0.80997066 -0.80999976 -0.80999997 -0.80999991 -0.80999949 -0.80999196 -0.80947836 -0.61002738 0.42899949 0.43 0.43 0.43 0.43 0.43 0.43 0.43 0.43 0.43 1.94 1.94 1.94 1.94 1.94 1.94 1.94 1.94 1.94 1.94 1.94 2.0124851 2.07 2.07 2.07 2.07 2.07 2.07 2.07 2.07 2.07 2.07 2.07 2.07 2.07 2.0699999 2.0698508 1.9542293 0.99075616 0.97009784 0.97000093 0.97000002 0.97 0.97 0.97 0.97 0.97 0.96999999 0.96999966 0.96999175
