Interpolating SPI Data/spi_stations/interpolated_spi/8-21_2.tif
NCOLS 257
NROWS 141
XLLCORNER -178.27925
YLLCORNER 5.3153543
DX 0.49934803
DY 0.49997533
NODATA_VALUE -9999
[rows 112 to 139 of 141, columns 62 to 123 of 257]
-0.39085084 -0.36739646 -0.34496835 -0.32381246 -0.30412946 -0.28606337 -0.26969447 -0.25503684 -0.24204061 -0.23059783 -0.22055072 -0.21170094 -0.20381796 -0.19664558 -0.1899051 -0.18329436 -0.17648171 -0.16909407 -0.1606978 -0.15077117 -0.13866673 -0.12356221 -0.1044001 -0.079820148 -0.048099229 -0.0071324006 0.045477669 0.11211405 0.19449368 0.2926266 0.40363545 0.52114349 0.63612166 0.73936145 0.82436126 0.88886702 0.934406 0.96463202 0.98368421 0.99518508 1.0018782 1.0056536 1.007728 1.0088462 1.0094472 1.009785 1.0100112 1.0102335 1.0105672 1.0112062 1.0125663 1.0156202 1.0227079 1.0393597 1.0773251 1.1542016 1.273515 1.3969984 1.4840954 1.540936 1.5971584 1.6807595
-0.36412445 -0.34253626 -0.32209514 -0.30297936 -0.28531908 -0.26918991 -0.25461006 -0.24154124 -0.22989246 -0.21952611 -0.21026479 -0.20189791 -0.1941868 -0.1868672 -0.17964841 -0.17220816 -0.16418241 -0.15514919 -0.1446055 -0.13193623 -0.11637454 -0.096954616 -0.072461339 -0.041389063 -0.0019360026 0.047916905 0.11016699 0.18630415 0.27654474 0.37893082 0.48873689 0.59881015 0.70114749 0.7891433 0.85928819 0.91145894 0.94797522 0.97224432 0.98768375 0.99714904 1.0027716 1.0060233 1.0078644 1.0088951 1.0094805 1.0098425 1.0101269 1.0104565 1.010989 1.0120097 1.014123 1.0186844 1.0287606 1.0509938 1.0976885 1.1828641 1.3012728 1.4155655 1.497948 1.5589794 1.6255234 1.7192199
-0.34011224 -0.32031194 -0.30170321 -0.28440377 -0.26848444 -0.25396607 -0.24081941 -0.22896748 -0.21828972 -0.20862711 -0.19978708 -0.19154753 -0.18365865 -0.17584219 -0.167787 -0.15914049 -0.14949505 -0.13836887 -0.1251805 -0.10921717 -0.08959817 -0.065237635 -0.034817034 0.0032121887 0.050559966 0.10890998 0.17955387 0.26282197 0.35739688 0.45978715 0.56439091 0.66445478 0.75372173 0.82800395 0.88589462 0.92842624 0.95810838 0.97793184 0.99068463 0.99863081 1.0034491 1.006306 1.0079739 1.0089471 1.0095369 1.0099447 1.0103195 1.0108101 1.011634 1.0131969 1.0163387 1.0228587 1.0365712 1.0649966 1.1200858 1.2113091 1.3270008 1.4338134 1.5140848 1.5806162 1.6566429 1.7564082
-0.31844787 -0.30029314 -0.28331496 -0.26757929 -0.25310846 -0.23988027 -0.22782923 -0.21684934 -0.20679765 -0.19749797 -0.18874382 -0.18029978 -0.17190071 -0.16324801 -0.15400245 -0.14377285 -0.13210034 -0.11843774 -0.1021244 -0.082358136 -0.058168009 -0.028396625 0.0082922887 0.053354663 0.10821781 0.17400221 0.25109458 0.33862392 0.43401581 0.53291585 0.62974152 0.7188357 0.79578559 0.85829746 0.90628676 0.94131587 0.96578725 0.98225007 0.99297288 0.99976656 1.0039721 1.0065294 1.0080716 1.0090146 1.0096316 1.0101138 1.0106224 1.0113451 1.0125787 1.01488 1.0193681 1.0283243 1.0462635 1.0812242 1.1439403 1.2391247 1.3512927 1.4525309 1.5327486 1.6053085 1.6889987 1.7908416
-0.2987447 -0.28205296 -0.26647815 -0.25204316 -0.23873124 -0.22648638 -0.21521496 -0.20478822 -0.19504483 -0.18579305 -0.17681164 -0.16784906 -0.1586203 -0.14880093 -0.13801773 -0.12583593 -0.11174258 -0.095126863 -0.075258706 -0.051269225 -0.022139994 0.013286659 0.056256871 0.10798732 0.16945168 0.24105752 0.32224513 0.41111963 0.50431257 0.59727545 0.68505668 0.76333722 0.82930017 0.88198135 0.92204744 0.95122637 0.97168869 0.98557759 0.99474392 1.000651 1.004385 1.006716 1.0081726 1.0091126 1.0097843 1.0103779 1.0110771 1.0121223 1.0139104 1.0171799 1.0233626 1.0352303 1.0578796 1.0994323 1.1687378 1.2661911 1.3747813 1.4722734 1.5538827 1.632209 1.721142 1.8217074
-0.28062052 -0.26518685 -0.25077811 -0.23738172 -0.22494949 -0.21339842 -0.20261224 -0.19244319 -0.1827134 -0.17321552 -0.16371187 -0.15393177 -0.14356659 -0.13226216 -0.11960837 -0.10512605 -0.088251617 -0.068321013 -0.044555932 -0.016058003 0.018179637 0.059228956 0.10813269 0.16573902 0.23245496 0.30793772 0.39079578 0.47843116 0.56717494 0.65279204 0.73125658 0.79952522 0.85600899 0.90060169 0.93434511 0.95893836 0.97628477 0.98817731 0.99613463 1.0013522 1.0047222 1.0068858 1.0082929 1.0092596 1.0100195 1.0107716 1.0117328 1.0132111 1.0157247 1.0202197 1.0284613 1.0436829 1.0713834 1.1193248 1.1940876 1.2926004 1.3980356 1.4933476 1.5771528 1.6603118 1.7519048 1.8487407
-0.26371303 -0.24932291 -0.23584271 -0.22323067 -0.21141293 -0.20028431 -0.18970939 -0.1795234 -0.1695325 -0.15951293 -0.14920878 -0.13832789 -0.12653571 -0.11344702 -0.098615555 -0.081522231 -0.061563268 -0.03804075 -0.010160233 0.02295733 0.062238596 0.10858194 0.16272839 0.2250719 0.29542067 0.37275621 0.45507858 0.53944875 0.62230422 0.70001834 0.76954105 0.82889477 0.87736141 0.91534642 0.94403681 0.96500995 0.97990949 0.99023559 0.99724361 1.0019214 1.0050121 1.0070583 1.008451 1.0094775 1.0103669 1.0113358 1.0126461 1.0146882 1.0181213 1.0241189 1.0347818 1.0537405 1.0866754 1.1406014 1.2197417 1.3185625 1.4214937 1.5158155 1.6020122 1.6886139 1.7804877 1.8720423
-0.24768854 -0.23412645 -0.22134318 -0.20927274 -0.19781979 -0.18686023 -0.1762416 -0.16578311 -0.15527485 -0.14447586 -0.13311079 -0.12086498 -0.10737787 -0.092234975 -0.074958944 -0.055000921 -0.031734366 -0.0044550024 0.027607477 0.065257896 0.1092742 0.16030595 0.21872717 0.28445075 0.35673511 0.43404269 0.51403017 0.59373663 0.66997453 0.73983486 0.80114878 0.85275617 0.89451785 0.92711614 0.95175165 0.96984411 0.98280298 0.99188747 0.99814418 1.0023989 1.0052796 1.0072533 1.0086679 1.0097928 1.0108613 1.0121176 1.0138797 1.0166352 1.0212007 1.0289879 1.0424151 1.0654142 1.1036135 1.1629951 1.2455784 1.3443199 1.4454296 1.5395234 1.6277938 1.7162429 1.8064461 1.8919153
-0.23224614 -0.21930109 -0.20699271 -0.19523447 -0.18391259 -0.17288618 -0.16198703 -0.15101883 -0.13975556 -0.12793874 -0.11527352 -0.10142356 -0.086004801 -0.068578847 -0.048646827 -0.025645624 0.0010506179 0.032119335 0.068262702 0.1101577 0.15837571 0.2132675 0.27481809 0.34249181 0.41510802 0.49080419 0.56714063 0.64136595 0.71080057 0.77323565 0.82722691 0.87220353 0.90838835 0.93659027 0.95795385 0.97373535 0.98514101 0.99323332 0.9988929 1.0028184 1.0055483 1.0074924 1.0089677 1.0102356 1.0115425 1.0131693 1.0155011 1.019136 1.0250598 1.0349224 1.0514224 1.0786747 1.1220364 1.1862912 1.2715656 1.370083 1.4699456 1.5641523 1.6538074 1.7425284 1.8296202 1.908747
-0.21711899 -0.20458809 -0.19254423 -0.18088313 -0.16947474 -0.15816288 -0.14676451 -0.13506834 -0.1228326 -0.10978196 -0.095603558 -0.07994232 -0.062396082 -0.042511416 -0.019781618 0.0063507788 0.036483588 0.071232081 0.11118817 0.15685626 0.20856273 0.26634177 0.32981115 0.39806556 0.46962781 0.54250012 0.61433913 0.68273837 0.74555577 0.80119662 0.84877534 0.88812509 0.91967921 0.94428183 0.96298883 0.97690198 0.98705489 0.99434989 0.99953526 1.0032096 1.0058418 1.0077988 1.0093779 1.0108407 1.0124549 1.0145473 1.0175807 1.0222742 1.0297887 1.0420008 1.0618355 1.0934618 1.1417815 1.2103296 1.2977163 1.3959879 1.4949877 1.5892812 1.6794204 1.767019 1.850048 1.922936
-0.20207416 -0.18976481 -0.17778808 -0.16602406 -0.15432805 -0.14252984 -0.13043252 -0.11781068 -0.10440803 -0.089934293 -0.07406182 -0.056422061 -0.036602876 -0.014147803 0.011440825 0.04069228 0.074147904 0.11232757 0.15567818 0.20450189 0.25886582 0.31850225 0.38271847 0.45034467 0.51975219 0.5889649 0.65586202 0.71843679 0.77504909 0.82460677 0.86663482 0.90123048 0.9289366 0.95057995 0.96711635 0.97950846 0.9886449 0.99529775 1.0001095 1.0035999 1.0061842 1.0081985 1.0099291 1.0116462 1.0136466 1.0163113 1.0201902 1.0261304 1.0354675 1.0502823 1.0736591 1.1096943 1.1626966 1.2349928 1.3240492 1.4220771 1.5203781 1.6144514 1.7041103 1.7894611 1.8678869 1.9348523
-0.18691157 -0.17464301 -0.16254996 -0.15049861 -0.13833106 -0.12586432 -0.11288887 -0.099166764 -0.084429364 -0.06837482 -0.050665688 -0.030927329 -0.0087480904 0.016317254 0.044738745 0.076994527 0.11354316 0.15478202 0.20098997 0.25225555 0.30839664 0.36888486 0.43279499 0.49880346 0.56525612 0.63031032 0.69213323 0.74911584 0.80005191 0.84424066 0.88149711 0.9120821 0.93658324 0.95578193 0.97053426 0.9816809 0.98998958 0.99612647 1.0006494 1.0040161 1.0066011 1.0087197 1.0106551 1.0126937 1.0151686 1.0185229 1.0234004 1.03078 1.0421643 1.0598064 1.0868755 1.1272783 1.1846435 1.2601888 1.350558 1.4483 1.5458563 1.6392214 1.727487 1.8097583 1.8833547 1.94482
-0.17146271 -0.15906719 -0.14668921 -0.13418266 -0.1213779 -0.10808068 -0.094070666 -0.079099755 -0.062890301 -0.04513358 -0.025489009 -0.0035849596 0.020977677 0.048617545 0.079758517 0.11480671 0.15411667 0.19794533 0.24639451 0.29934607 0.3563989 0.41682211 0.47954259 0.54318327 0.60616032 0.66683145 0.7236704 0.77543047 0.82126105 0.86075484 0.89392432 0.92112443 0.94294766 0.96011712 0.9733954 0.98351798 0.9911522 0.99687811 1.0011859 1.0044848 1.0071196 1.0093929 1.0115926 1.0140275 1.0170741 1.021244 1.0272796 1.0362912 1.0499343 1.0705941 1.1014476 1.1461131 1.2074953 1.2858309 1.3771943 1.4745275 1.571122 1.6632063 1.7492919 1.8279267 1.8966882 1.9531117
-0.15558933 -0.14291311 -0.13009743 -0.11698542 -0.10339743 -0.089129877 -0.073954056 -0.057614945 -0.039830291 -0.020290441 0.0013404309 0.025420755 0.052324411 0.082428435 0.11609387 0.15363808 0.1952976 0.24118179 0.2912203 0.3451107 0.40227655 0.4618493 0.52268727 0.58344019 0.64265785 0.69892811 0.75101882 0.79799455 0.83928509 0.87469644 0.9043703 0.92870906 0.94828682 0.9637644 0.97581976 0.98509865 0.99218528 0.99758977 1.0017485 1.0050334 1.0077685 1.0102512 1.0127806 1.015694 1.0194173 1.0245356 1.0318923 1.0427239 1.0588187 1.0826485 1.1173229 1.1660925 1.2311292 1.3118228 1.4038631 1.5005747 1.5958728 1.6860988 1.7693805 1.8440541 1.9081184 1.9599503
-0.13918215 -0.12608654 -0.11269723 -0.098848417 -0.084352389 -0.068998691 -0.052553367 -0.034758526 -0.015332607 0.0060281337 0.02964615 0.055856175 0.084994644 0.11738365 0.1533082 0.19298596 0.23652978 0.28390494 0.33488566 0.38901828 0.44560084 0.50368971 0.56214099 0.6196884 0.67504986 0.72704615 0.77470937 0.81736064 0.85464427 0.88651693 0.91320074 0.9351152 0.95280344 0.96686512 0.97790326 0.98648764 0.99313379 0.99829526 1.0023659 1.00569 1.0085783 1.0113296 1.0142599 1.0177409 1.0222524 1.0284566 1.0372975 1.0501282 1.0688448 1.0959563 1.1344353 1.1871044 1.2554193 1.3380487 1.4304275 1.5262272 1.619833 1.7076759 1.7876993 1.8582687 1.9178561 1.9655124
-0.12215956 -0.1085219 -0.094441045 -0.079744247 -0.064238141 -0.04770834 -0.029919347 -0.010615117 0.010479301 0.033654451 0.059210707 0.087449147 0.11865806 0.15309412 0.19095769 0.23236225 0.27729954 0.32560339 0.3769178 0.43067627 0.48610071 0.54222671 0.59795819 0.6521481 0.70369465 0.75163722 0.79523473 0.83401332 0.8677774 0.89658699 0.92071062 0.94056586 0.95665906 0.96953257 0.97972408 0.98773935 0.99403744 0.99902637 1.0030671 1.0064839 1.009581 1.0126646 1.0160729 1.0202163 1.0256328 1.0330629 1.0435477 1.0585439 1.0800254 1.1104884 1.152705 1.2090285 1.2802301 1.3643704 1.456721 1.5512656 1.6427721 1.7277936 1.8042606 1.8707152 1.926085 1.9699332
-0.1044664 -0.090181023 -0.075309744 -0.059675159 -0.043081012 -0.025312366 -0.0061363623 0.014696074 0.037447108 0.062386846 0.089785439 0.11990169 0.15296739 0.18916704 0.22861278 0.27131585 0.31715649 0.36585648 0.41695933 0.46982469 0.5236425 0.57747046 0.63029397 0.68110241 0.72897083 0.77313361 0.8130381 0.84837034 0.87905162 0.90521049 0.92713868 0.9452405 0.95998389 0.97185905 0.98134728 0.98890075 0.99493229 0.99981368 1.0038809 1.0074452 1.0108102 1.0142943 1.0182627 1.0231684 1.02961 1.038406 1.050688 1.0679995 1.0923589 1.1262 1.172039 1.2317338 1.3054134 1.3906299 1.482562 1.5754848 1.6645123 1.7463759 1.8191207 1.8815394 1.9329587 1.9733102
-0.086072524 -0.071051616 -0.055310974 -0.038671107 -0.020935933 -0.0018936667 0.018681476 0.04102636 0.06538433 0.091998375 0.12110145 0.15290342 0.18757424 0.22522338 0.26587629 0.30944937 0.35572635 0.40434012 0.45476454 0.50632121 0.55820434 0.60952454 0.65936807 0.70686443 0.75125243 0.79193432 0.82851008 0.86078803 0.88877297 0.91263685 0.93267924 0.94928489 0.96288426 0.97392102 0.98282824 0.99001345 0.99585196 1.0006872 1.0048369 1.0086054 1.0123004 1.0162576 1.0208725 1.0266442 1.0342326 1.0445319 1.058755 1.0785112 1.1058289 1.1430303 1.1923298 1.255077 1.3308078 1.4166563 1.5077685 1.5987079 1.6849298 1.7634002 1.8323612 1.8908775 1.9386006 1.9757057
-0.066971227 -0.05114549 -0.034477117 -0.016787306 0.0021165723 0.02243931 0.044395157 0.068203726 0.094084046 0.12224633 0.152881 0.18614472 0.22214339 0.26091264 0.30239698 0.34642963 0.39271603 0.44082457 0.49018844 0.54012153 0.58984972 0.63855622 0.68543617 0.72975381 0.77089371 0.80839879 0.84199026 0.87156839 0.89719626 0.91907144 0.93749149 0.95281866 0.96544824 0.97578301 0.98421509 0.99111516 0.9968284 1.0016765 1.0059651 1.0099964 1.014087 1.0185935 1.0239453 1.030689 1.0395458 1.0514807 1.0677756 1.0900825 1.120403 1.1609023 1.2134552 1.2789026 1.3562423 1.4422749 1.532171 1.6207936 1.7039494 1.7788829 1.8440754 1.89885 1.9431037 1.977147
-0.047177458 -0.030496473 -0.012862807 0.0058987527 0.025974053 0.047557088 0.070846353 0.096039665 0.12332713 0.15288188 0.18484842 0.21932848 0.25636482 0.29592377 0.33787808 0.38199211 0.42791242 0.47516635 0.52317166 0.57125842 0.61870305 0.66477173 0.70876844 0.75008128 0.78822083 0.82284548 0.8537713 0.88096657 0.90453392 0.92468422 0.94170695 0.95594113 0.96774988 0.97750049 0.98555065 0.99224084 0.99789249 1.0028114 1.0072961 1.011651 1.016206 1.0213413 1.0275228 1.0353456 1.04559 1.0592847 1.077766 1.1027029 1.1360329 1.1797225 1.2352789 1.3030452 1.3815414 1.4673165 1.5556215 1.6416379 1.7215372 1.7928668 1.8543581 1.905558 1.9465304 1.9776237
-0.026725711 -0.0091579709 0.0094579458 0.029290767 0.050516308 0.073314214 0.097863459 0.1243363 0.15289043 0.18365922 0.21673987 0.25217993 0.28996263 0.32999226 0.37208114 0.41594031 0.46117637 0.50729657 0.5537238 0.59982171 0.64492866 0.68839719 0.72963459 0.76813923 0.80352829 0.83555353 0.86410416 0.88919802 0.91096358 0.92961668 0.9454353 0.95873577 0.96985243 0.97912209 0.98687372 0.99342343 0.99907442 1.0041215 1.0088606 1.0136025 1.0186931 1.0245395 1.0316451 1.0406533 1.0523998 1.067968 1.0887309 1.1163472 1.1526538 1.1993816 1.2576522 1.3273331 1.4065317 1.4916249 1.5779987 1.6611728 1.7376912 1.8054098 1.8632982 1.9110804 1.9489109 1.9770817
-0.0056676733 0.012799784 0.032395008 0.053277461 0.075609926 0.09955457 0.12526775 0.15289333 0.18255446 0.21434363 0.24831137 0.28445395 0.32270084 0.36290334 0.40482577 0.44814122 0.49243365 0.53720775 0.58190717 0.62594069 0.66871404 0.70966449 0.74829395 0.78419669 0.81707857 0.84676583 0.87320351 0.89644489 0.91663448 0.93398754 0.94876894 0.96127371 0.97181081 0.98069117 0.98822011 0.99469445 1.0004039 1.0056367 1.0106899 1.0158841 1.0215839 1.0282253 1.0363498 1.0466472 1.0600034 1.0775449 1.1006622 1.1309749 1.1701844 1.2197557 1.2804171 1.3515929 1.4310479 1.5150636 1.5992102 1.6793617 1.7524325 1.8165764 1.8709734 1.9154714 1.9502395 1.9754134
0.015930361 0.035292741 0.055845616 0.077736642 0.10111296 0.1261167 0.1528793 0.18151451 0.21211005 0.24471808 0.2793448 0.31593981 0.3543861 0.39449196 0.43598623 0.47851833 0.52166444 0.56494051 0.60782206 0.6497695 0.69025699 0.7288016 0.76498967 0.79849739 0.82910344 0.85669289 0.88125291 0.90286164 0.92167265 0.9378972 0.95178659 0.96361636 0.97367347 0.98224709 0.9896234 0.99608435 1.0019103 1.0073867 1.0128152 1.0185287 1.0249131 1.032434 1.041671 1.0533572 1.0684211 1.0880193 1.1135383 1.1465299 1.188528 1.2407085 1.30341 1.3756553 1.4549388 1.5375187 1.6191918 1.6961939 1.7657977 1.826431 1.8774459 1.9187574 1.9504692 1.9724456
0.037990259 0.058226195 0.079697994 0.10253932 0.12687953 0.15283887 0.18052244 0.21001319 0.24136387 0.27458821 0.30965182 0.34646348 0.38486779 0.42464023 0.46548593 0.50704319 0.54889251 0.59057138 0.63159414 0.67147564 0.7097563 0.74602622 0.77994565 0.81125976 0.83980643 0.86551683 0.88840956 0.90857979 0.92618532 0.94143139 0.95455609 0.96581753 0.9754838 0.98382612 0.99111546 0.99762275 1.0036227 1.0094012 1.0152672 1.0215686 1.0287138 1.0371987 1.047639 1.0608069 1.0776645 1.0993832 1.1273235 1.1629408 1.2075737 1.2620947 1.3264663 1.3993597 1.4780712 1.558901 1.6379046 1.7116785 1.7778314 1.8350319 1.8827591 1.9209333 1.949504 1.9679271
0.060424913 0.08149802 0.10383497 0.12755367 0.15276418 0.17956367 0.20803039 0.23821689 0.27014249 0.30378553 0.33907578 0.37588779 0.41403607 0.45327305 0.4932907 0.53372667 0.57417509 0.614202 0.65336436 0.69123129 0.72740536 0.76154209 0.79336545 0.8226781 0.84936567 0.87339516 0.89480841 0.91371188 0.93026433 0.94466403 0.95713664 0.96792498 0.97728125 0.98546209 0.99272676 0.9993386 1.0055698 1.0117095 1.0180764 1.025035 1.0330173 1.0425487 1.0542787 1.0690125 1.0877354 1.1116167 1.1419679 1.1801218 1.2271994 1.2837638 1.3494252 1.4225587 1.5003326 1.5791447 1.6553314 1.7258386 1.7885807 1.8424272 1.8869337 1.921957 1.9471906 1.961524
0.083141105 0.10500183 0.12813744 0.1526488 0.17862572 0.2061419 0.23524907 0.26597065 0.29829504 0.33216905 0.36749196 0.40411092 0.44181843 0.4803527 0.5194016 0.55861043 0.59759369 0.63595027 0.67328096 0.70920705 0.74338806 0.77553713 0.80543253 0.83292446 0.85793682 0.88046432 0.90056579 0.91835481 0.93398905 0.94765947 0.95958046 0.96998167 0.97910211 0.9871869 0.9944867 1.0012602 1.0077798 1.0143403 1.0212721 1.0289575 1.037852 1.0485096 1.0616096 1.0779826 1.0986251 1.1246869 1.1574078 1.1979743 1.2472739 1.3055636 1.3721337 1.4451213 1.521632 1.5982064 1.6714722 1.7387055 1.7980901 1.8486508 1.8899638 1.9217445 1.9433134 1.9528318
0.10604228 0.12862999 0.15248754 0.17769797 0.20433055 0.23243577 0.26203992 0.29313931 0.3256946 0.35962547 0.39480635 0.43106364 0.46817528 0.50587302 0.54384794 0.58175929 0.61924643 0.65594318 0.69149358 0.72556774 0.7578764 0.78818284 0.8163112 0.84215075 0.86565595 0.88684281 0.90578242 0.92259259 0.93742862 0.95047437 0.96193421 0.97202668 0.98098015 0.98903089 0.99642368 1.0034152 1.0102803 1.0173215 1.0248823 1.0333633 1.0432433 1.0551021 1.069644 1.0877166 1.110314 1.1385483 1.1735666 1.2163893 1.2676611 1.3273451 1.3944504 1.4669352 1.5418996 1.6160613 1.68634 1.7503147 1.8063974 1.8537186 1.8918127 1.9201652 1.9375974 1.9414216
0.12903117 0.15227634 0.17677144 0.20258145 0.22975531 0.25832122 0.28828168 0.31960855 0.35223835 0.38606827 0.42095341 0.45670572 0.49309517 0.52985348 0.5666807 0.60325448 0.63924163 0.67431136 0.70814907 0.74046968 0.77102936 0.7996346 0.82614807 0.850491 0.87264215 0.89263386 0.91054599 0.92649853 0.94064381 0.95315906 0.96424 0.97409599 0.98294703 0.99102298 0.99856515 1.0058304 1.013098 1.0206798 1.0289331 1.0382772 1.0492124 1.0623413 1.078387 1.0982043 1.1227709 1.1531433 1.1903564 1.2352496 1.2882232 1.3489657 1.4162484 1.4879069 1.5610853 1.6327009 1.6999561 1.7607008 1.8135298 1.8576253 1.8924095 1.9170414 1.9297278 1.926932
