Interpolating SPI Data/spi_stations/interpolated_spi/8-22_2.tif
NCOLS 257
NROWS 141
XLLCORNER -178.27925
YLLCORNER 5.3153543
DX 0.49934803
DY 0.49997533
NODATA_VALUE -9999
[rows 112 to 139 of 141, columns 124 to 185 of 257]
1.3676192 1.4259051 1.4684859 1.4914435 1.5018542 1.5062567 1.5080564 1.5086763 1.5085662 1.5075462 1.5043377 1.4933517 1.4480396 1.2892206 1.0863032 0.97926 0.77435058 0.43964518 0.29205608 0.25949805 0.24944682 0.24461721 0.24211576 0.24089582 0.24034921 0.24012527 0.24004145 0.24001272 0.24000366 0.240001 0.24000027 0.24000007 0.24000002 0.24000001 0.24 0.24 0.24 0.24 0.24 0.24 0.24 0.24 0.24 0.24 0.24 0.24 0.24 0.24000002 0.24000068 0.24004304 0.242612 0.3487803 0.68668196 -1.71689 -2.4116375 -2.4198138 -2.4199406 -2.4199759 -2.419991 -2.4199969 -2.419999 -2.4199997
1.3831313 1.4357849 1.4722611 1.4921402 1.5015966 1.5058311 1.5076313 1.5082064 1.5078939 1.5062972 1.5013694 1.4843749 1.4188165 1.234999 1.0314548 0.82891653 0.51315585 0.31896649 0.26676482 0.25259562 0.24653046 0.2432887 0.24155843 0.24069024 0.24028539 0.24011028 0.24003998 0.24001369 0.24000447 0.24000142 0.24000044 0.24000014 0.24000005 0.24000002 0.24000001 0.24 0.24 0.24 0.24 0.24 0.24 0.24 0.24 0.24 0.24 0.24 0.24000001 0.24000003 0.24000046 0.24001942 0.24085611 0.26959864 -0.0689028 -2.3132287 -2.4184944 -2.4198791 -2.4199494 -2.4199783 -2.4199913 -2.4199968 -2.4199989 -2.4199996
1.3963979 1.4434624 1.4750233 1.4925281 1.5012325 1.505322 1.5070995 1.5075801 1.5069567 1.504498 1.4969731 1.471245 1.3803406 1.1648786 0.90159074 0.59041586 0.35789612 0.27842495 0.25690828 0.24893666 0.24482084 0.24250001 0.24122803 0.24056965 0.24024961 0.24010355 0.24004085 0.24001544 0.24000564 0.24000202 0.24000072 0.24000026 0.2400001 0.24000004 0.24000002 0.24000001 0.24 0.24 0.24 0.24 0.24 0.24 0.24 0.24 0.24 0.24000001 0.24000001 0.24000003 0.24000036 0.24001048 0.24033945 0.24600291 -1.0222476 -2.4002557 -2.4195371 -2.4199007 -2.4199537 -2.419979 -2.419991 -2.4199963 -2.4199986 -2.4199995
1.4074762 1.4494051 1.477023 1.4926648 1.5007601 1.5047128 1.5064341 1.5067504 1.5056585 1.5019154 1.4905156 1.4521409 1.3251363 1.0409643 0.68316876 0.4095397 0.29649606 0.26319902 0.25203219 0.24676384 0.24376174 0.24201014 0.24102462 0.24049768 0.24023065 0.24010229 0.24004362 0.24001801 0.24000727 0.2400029 0.24000116 0.24000047 0.2400002 0.24000009 0.24000004 0.24000002 0.24000001 0.24000001 0.24000001 0.24000001 0.24 0.24 0.24000001 0.24000001 0.24000001 0.24000001 0.24000002 0.24000005 0.24000033 0.24000656 0.24014661 0.23364796 -1.5762463 -2.4143733 -2.4197542 -2.4199096 -2.419955 -2.4199784 -2.4199901 -2.4199956 -2.4199981 -2.4199992
1.4165822 1.4539878 1.478433 1.4925865 1.5001723 1.5039829 1.5056007 1.5056546 1.5038648 1.4982077 1.4809312 1.4223489 1.2290674 0.8317133 0.48048006 0.32323549 0.2726261 0.25619062 0.24921378 0.24538501 0.24307854 0.24169591 0.24089709 0.24045574 0.24022277 0.24010513 0.24004812 0.24002151 0.24000947 0.24000415 0.24000183 0.24000082 0.24000038 0.24000019 0.2400001 0.24000006 0.24000003 0.24000002 0.24000002 0.24000001 0.24000001 0.24000001 0.24000001 0.24000002 0.24000002 0.24000003 0.24000005 0.24000008 0.24000035 0.24000456 0.2400323 0.21787721 -1.8737192 -2.4173406 -2.4198131 -2.4199125 -2.4199541 -2.4199767 -2.4199886 -2.4199946 -2.4199975 -2.4199989
1.4239869 1.457499 1.4793731 1.4923141 1.4994575 1.5031068 1.5045555 1.5042075 1.5013783 1.4927928 1.4657472 1.368157 1.0529374 0.598126 0.36361081 0.28677205 0.26201492 0.25235508 0.24742821 0.24447166 0.242625 0.24149076 0.24081781 0.24043376 0.24022293 0.2401114 0.24005439 0.2400261 0.24001241 0.24000589 0.24000283 0.24000138 0.2400007 0.24000037 0.24000021 0.24000012 0.24000008 0.24000006 0.24000004 0.24000004 0.24000003 0.24000003 0.24000003 0.24000004 0.24000005 0.24000006 0.24000009 0.24000014 0.24000042 0.24000313 0.23987938 0.18947102 -2.0484963 -2.4181497 -2.4198309 -2.4199115 -2.4199514 -2.419974 -2.4199864 -2.4199931 -2.4199965 -2.4199983
1.4299575 1.4601559 1.4799254 1.4918576 1.4985993 1.5020523 1.5032402 1.5022858 1.4978663 1.4843971 1.4382201 1.2589426 0.80302075 0.43403814 0.30866827 0.27042391 0.25650656 0.24999318 0.24623296 0.24384902 0.24231877 0.24135694 0.24077109 0.24042606 0.24022946 0.24012087 0.24006255 0.24003198 0.24001627 0.24000829 0.24000428 0.24000225 0.24000122 0.24000069 0.24000041 0.24000026 0.24000017 0.24000012 0.2400001 0.24000008 0.24000007 0.24000007 0.24000007 0.24000008 0.2400001 0.24000012 0.24000016 0.24000023 0.24000053 0.24000087 0.23954616 0.13838342 -2.1569504 -2.4184202 -2.4198336 -2.4199074 -2.4199468 -2.4199701 -2.4199835 -2.4199911 -2.4199952 -2.4199974
1.4347309 1.4621202 1.4801459 1.4912181 1.4975754 1.5007776 1.5015723 1.4996861 1.4926364 1.4697516 1.3815698 1.0618803 0.57232323 0.34699014 0.28312852 0.26218883 0.25325803 0.24842679 0.24540498 0.2434171 0.24211134 0.24127214 0.24074771 0.24042938 0.24024152 0.2401335 0.24007283 0.24003941 0.24002128 0.24001155 0.24000634 0.24000355 0.24000205 0.24000122 0.24000076 0.2400005 0.24000035 0.24000026 0.2400002 0.24000017 0.24000015 0.24000015 0.24000015 0.24000016 0.24000019 0.24000022 0.24000028 0.24000039 0.24000068 0.23999473 0.23877039 0.053446489 -2.2265178 -2.4185138 -2.4198282 -2.4199005 -2.4199405 -2.419965 -2.4199797 -2.4199883 -2.4199933 -2.4199961
1.4385063 1.463511 1.4800711 1.4903887 1.4963564 1.4992242 1.4994191 1.4960045 1.4840153 1.4406273 1.2654329 0.80499292 0.42495417 0.30457773 0.27036825 0.25752513 0.2511605 0.2473393 0.24481948 0.24311565 0.24197304 0.24122271 0.24074206 0.24044181 0.24025869 0.24014944 0.2400855 0.24004867 0.24002771 0.24001588 0.24000921 0.24000545 0.24000331 0.24000208 0.24000136 0.24000093 0.24000066 0.2400005 0.2400004 0.24000034 0.24000031 0.24000029 0.24000029 0.24000031 0.24000034 0.2400004 0.24000048 0.24000063 0.2400008 0.2399769 0.23705815 -0.074760254 -2.2723963 -2.4185289 -2.419817 -2.4198907 -2.4199321 -2.4199583 -2.4199746 -2.4199846 -2.4199907 -2.4199943
1.4414447 1.4644153 1.4797221 1.4893546 1.4949005 1.4973009 1.4965285 1.49032 1.467904 1.379463 1.066877 0.5806555 0.34704654 0.28338968 0.26335682 0.25461767 0.24972252 0.24656313 0.24440149 0.24290691 0.24188512 0.24120006 0.24075069 0.24046225 0.24028087 0.2401689 0.24010088 0.24006009 0.24003587 0.24002156 0.24001313 0.24000814 0.24000517 0.24000339 0.2400023 0.24000162 0.24000119 0.24000092 0.24000075 0.24000064 0.24000058 0.24000054 0.24000054 0.24000056 0.2400006 0.24000068 0.2400008 0.240001 0.24000058 0.23992866 0.23354414 -0.24921068 -2.3034554 -2.4184978 -2.4198005 -2.419878 -2.4199214 -2.4199498 -2.4199681 -2.4199797 -2.4199871 -2.4199917
1.4436741 1.4648951 1.4791077 1.4880901 1.4931429 1.4948408 1.4923563 1.4804683 1.4351708 1.2600198 0.82038033 0.43698765 0.30760961 0.27204957 0.25913907 0.25267232 0.24869861 0.24600091 0.24410369 0.24276644 0.24183542 0.24119867 0.24077144 0.24049014 0.24030814 0.24019221 0.24011935 0.24007405 0.24004609 0.24002892 0.24001837 0.24001187 0.24000785 0.24000533 0.24000374 0.24000271 0.24000205 0.24000161 0.24000133 0.24000114 0.24000103 0.24000096 0.24000095 0.24000097 0.24000103 0.24000113 0.2400013 0.24000153 0.2399991 0.23980907 0.22683697 -0.46276658 -2.3250059 -2.4184323 -2.4197785 -2.419862 -2.4199081 -2.4199391 -2.4199597 -2.4199733 -2.4199822 -2.419988
1.4452935 1.4649922 1.4782236 1.4865516 1.4909686 1.4915014 1.4856811 1.4616508 1.3691012 1.0688856 0.60506021 0.35819368 0.28699682 0.26547975 0.25640455 0.25130591 0.24795306 0.24559218 0.24389508 0.242678 0.24181588 0.24121492 0.24080301 0.24052523 0.24034071 0.24021974 0.24014134 0.24009095 0.24005878 0.24003829 0.24002525 0.24001693 0.24001159 0.24000813 0.24000587 0.24000437 0.24000337 0.2400027 0.24000224 0.24000194 0.24000175 0.24000164 0.2400016 0.24000161 0.24000169 0.24000183 0.24000205 0.24000223 0.23999387 0.23953618 0.21488895 -0.69890675 -2.3402956 -2.4183371 -2.4197505 -2.4198423 -2.4198918 -2.4199258 -2.4199492 -2.4199651 -2.4199758 -2.419983
1.4463781 1.4647309 1.4770486 1.4846595 1.4881507 1.4865487 1.4738595 1.4244786 1.2490087 0.83960016 0.46106268 0.31655249 0.27553959 0.26138169 0.25452817 0.25031563 0.24740463 0.24529754 0.24375474 0.24263056 0.24182106 0.24124647 0.24084461 0.24056751 0.24037888 0.24025192 0.24016728 0.24011125 0.24007434 0.24005009 0.24003415 0.24002365 0.24001669 0.24001204 0.24000892 0.2400068 0.24000534 0.24000434 0.24000365 0.24000318 0.24000287 0.24000268 0.2400026 0.2400026 0.24000269 0.24000287 0.24000315 0.24000298 0.239979 0.23895932 0.19495425 -0.93724856 -2.3513546 -2.418214 -2.4197159 -2.4198184 -2.4198719 -2.4199095 -2.4199359 -2.4199544 -2.4199673 -2.4199762
1.4469817 1.4641168 1.4755332 1.4822598 1.484224 1.4784448 1.4516504 1.3541491 1.0689253 0.63574029 0.37739638 0.29399368 0.26872298 0.25866232 0.25318789 0.24958496 0.24700159 0.24509033 0.24366824 0.2426165 0.24184724 0.24129177 0.24089585 0.2406171 0.24042303 0.24028921 0.24019767 0.24013542 0.24009326 0.24006476 0.24004548 0.24003241 0.2400235 0.24001739 0.24001318 0.24001024 0.24000819 0.24000674 0.24000573 0.24000502 0.24000454 0.24000424 0.24000409 0.24000406 0.24000415 0.24000437 0.24000468 0.24000331 0.23994174 0.23782224 0.163714 -1.160253 -2.3594808 -2.4180628 -2.4196737 -2.4197898 -2.419848 -2.4198896 -2.4199195 -2.419941 -2.4199563 -2.4199672
1.4471373 1.4631299 1.4735748 1.4790453 1.4782459 1.4641694 1.4100187 1.2355247 0.8586457 0.49175501 0.33081755 0.2811408 0.26440086 0.25676905 0.25220514 0.24904231 0.24670942 0.24495203 0.24362539 0.24263046 0.24189187 0.24134984 0.24095657 0.24067427 0.24047359 0.2403321 0.24023302 0.24016398 0.24011603 0.24008277 0.24005969 0.24004363 0.24003241 0.24002454 0.24001897 0.24001502 0.24001219 0.24001016 0.2400087 0.24000767 0.24000696 0.2400065 0.24000624 0.24000616 0.24000625 0.2400065 0.24000674 0.24000199 0.23985687 0.23571997 0.11763557 -1.3571035 -2.3655228 -2.4178828 -2.4196227 -2.4197557 -2.4198194 -2.4198654 -2.4198993 -2.4199241 -2.4199422 -2.4199554
1.4468535 1.4617091 1.4709676 1.474413 1.4684019 1.4383573 1.3366269 1.0677531 0.66779636 0.4025053 0.30457221 0.27338513 0.2615075 0.25540432 0.25147406 0.24864117 0.24650429 0.24486948 0.24361893 0.24266864 0.24195322 0.24142009 0.24102679 0.24073934 0.24053102 0.24038112 0.24027388 0.24019747 0.24014318 0.24010465 0.24007728 0.24005779 0.24004388 0.24003389 0.24002669 0.24002146 0.24001766 0.24001488 0.24001286 0.2400114 0.24001037 0.24000968 0.24000927 0.24000911 0.24000918 0.24000944 0.24000933 0.23999609 0.23967819 0.23205535 0.05357613 -1.5238237 -2.3700478 -2.4176724 -2.4195616 -2.4197155 -2.4197853 -2.4198363 -2.4198745 -2.4199031 -2.4199243 -2.4199401
1.4461044 1.4597197 1.4673142 1.4672279 1.4514572 1.3928078 1.2211619 0.87613773 0.52563122 0.34986627 0.2892253 0.26843935 0.25948509 0.25439773 0.25092815 0.24834997 0.24636923 0.24483312 0.24364358 0.24272833 0.24203008 0.24150221 0.24110666 0.2408127 0.24059583 0.24043682 0.24032081 0.24023647 0.24017529 0.24013094 0.24009878 0.24007541 0.24005837 0.24004591 0.24003674 0.24002998 0.24002497 0.24002126 0.24001851 0.2400165 0.24001505 0.24001406 0.24001345 0.24001316 0.24001316 0.24001337 0.24001217 0.23997949 0.23932681 0.22600464 -0.030464117 -1.6612577 -2.3734428 -2.4174297 -2.419489 -2.4196681 -2.4197451 -2.4198015 -2.4198445 -2.4198772 -2.419902 -2.4199207
1.4448093 1.4568978 1.4618806 1.455483 1.4222333 1.3177782 1.0659042 0.69892232 0.43174833 0.31884394 0.27982953 0.26512833 0.25802536 0.2536461 0.25052357 0.24814657 0.24629195 0.24483595 0.24369548 0.24280761 0.24212169 0.24159606 0.24119642 0.24089477 0.24066853 0.24049976 0.24037439 0.24028156 0.24021293 0.24016224 0.24012477 0.24009703 0.24007643 0.24006109 0.24004963 0.24004103 0.24003456 0.24002969 0.24002604 0.24002332 0.24002134 0.24001995 0.24001906 0.24001859 0.24001849 0.24001849 0.24001449 0.23994042 0.23867663 0.21650414 -0.13465265 -1.7727641 -2.3759773 -2.4171525 -2.4194029 -2.4196126 -2.4196978 -2.4197602 -2.4198084 -2.4198456 -2.4198743 -2.4198963
1.4427955 1.452758 1.4533844 1.4359134 1.3736629 1.2067796 0.89178784 0.56050374 0.37303961 0.30011681 0.27380413 0.26282129 0.2569487 0.25308367 0.25023019 0.24801497 0.24626332 0.24487274 0.24377177 0.24290507 0.24222752 0.24170167 0.24129638 0.24098601 0.24074965 0.24057051 0.24043523 0.24033335 0.24025673 0.24019915 0.24015585 0.24012324 0.24009863 0.24008 0.24006586 0.24005509 0.24004688 0.24004062 0.24003586 0.24003228 0.24002962 0.24002772 0.24002645 0.24002573 0.24002546 0.24002489 0.24001438 0.23985784 0.23753778 0.20227064 -0.25696803 -1.8625334 -2.3778421 -2.4168384 -2.4193016 -2.419548 -2.4196427 -2.4197115 -2.4197653 -2.4198074 -2.4198403 -2.4198659
1.4397401 1.4464607 1.4397345 1.4037746 1.2984235 1.063747 0.72814803 0.46363021 0.33674151 0.28841463 0.26977241 0.26116358 0.25614517 0.25266669 0.25002662 0.24794336 0.2462765 0.24493956 0.24387033 0.24301973 0.2423473 0.24181915 0.24140688 0.24108689 0.24083975 0.24064966 0.24050393 0.24039246 0.24030731 0.2402423 0.24019264 0.24015466 0.24012555 0.2401032 0.240086 0.24007272 0.24006246 0.24005455 0.24004845 0.2400438 0.24004031 0.24003777 0.24003603 0.24003497 0.24003437 0.24003243 0.24000798 0.23969651 0.23564016 0.18186599 -0.39336397 -1.9346445 -2.3791748 -2.4164846 -2.419183 -2.4194729 -2.4195786 -2.4196544 -2.4197142 -2.4197617 -2.4197992 -2.4198288
1.4350842 1.4366402 1.4178044 1.3532496 1.1928429 0.9057102 0.59502315 0.39956575 0.31401402 0.28082456 0.26697477 0.25994646 0.25554437 0.25236489 0.24989727 0.24792287 0.24632629 0.24503344 0.2439896 0.24315092 0.24248089 0.24194869 0.24152831 0.2411979 0.24093937 0.2407378 0.2405811 0.24045953 0.24036532 0.24029234 0.24023579 0.24019193 0.24015785 0.24013133 0.24011064 0.24009449 0.24008186 0.240072 0.24006432 0.2400584 0.24005389 0.24005056 0.24004822 0.2400467 0.24004553 0.24004054 0.23998808 0.23940081 0.23261931 0.15381068 -0.53843711 -1.9926539 -2.380076 -2.4160884 -2.4190447 -2.4193861 -2.4195045 -2.4195879 -2.4196542 -2.4197074 -2.4197499 -2.4197836
1.4279204 1.4212293 1.383442 1.2790862 1.0615073 0.75516467 0.49693313 0.35800649 0.29943382 0.27572246 0.264976 0.25904161 0.25509933 0.25215668 0.24983049 0.24794671 0.24640868 0.2451521 0.2441284 0.24329816 0.24262827 0.24209055 0.24166106 0.24131955 0.24104906 0.24083552 0.24066736 0.24053519 0.2404314 0.24034993 0.24028598 0.24023572 0.24019618 0.24016502 0.24014044 0.24012102 0.24010567 0.24009356 0.24008403 0.2400766 0.24007088 0.24006659 0.2400635 0.24006136 0.2400591 0.24004778 0.23994216 0.2388875 0.22800808 0.11674057 -0.68636756 -2.0394892 -2.3806203 -2.4156469 -2.4188844 -2.4192861 -2.4194193 -2.419511 -2.4195841 -2.4196433 -2.4196911 -2.4197295
1.4168675 1.3973685 1.3320488 1.1795547 0.91811572 0.62839812 0.42862982 0.33095624 0.28980769 0.27218166 0.26351688 0.25836681 0.25477758 0.2520262 0.24981744 0.24800964 0.24652058 0.24529379 0.24428587 0.24346116 0.24278948 0.24224498 0.24180554 0.24145231 0.24116938 0.2409434 0.24076333 0.24062007 0.24050621 0.24041574 0.24034386 0.2402867 0.24024121 0.24020495 0.24017603 0.24015295 0.24013452 0.24011983 0.24010817 0.24009898 0.24009183 0.2400864 0.24008239 0.24007937 0.24007503 0.2400512 0.23984989 0.23803804 0.22123691 0.069588752 -0.83181451 -2.0774858 -2.3808638 -2.415157 -2.4186993 -2.4191713 -2.4193218 -2.4194225 -2.4195029 -2.4195685 -2.4196219 -2.4196651
1.3999736 1.3615654 1.2600286 1.0592707 0.77995548 0.53070815 0.38222632 0.31307421 0.28326487 0.26965786 0.26243712 0.25786744 0.25455598 0.25196156 0.24985126 0.24810757 0.24665954 0.24545716 0.24446136 0.24363973 0.24296464 0.2424123 0.24196218 0.24159669 0.24130085 0.24106202 0.2408696 0.24071481 0.24059039 0.24049044 0.24041013 0.24034557 0.24029363 0.24025181 0.24021811 0.24019095 0.24016907 0.24015147 0.24013737 0.24012615 0.24011734 0.24011055 0.24010541 0.24010108 0.24009284 0.24004552 0.23967987 0.23669131 0.21164583 0.011761893 -0.97052583 -2.1084757 -2.3808492 -2.4146158 -2.4184868 -2.4190399 -2.4192107 -2.4193212 -2.4194093 -2.4194817 -2.419541 -2.4195893
1.3747252 1.3103123 1.1669057 0.92917253 0.66018369 0.45944171 0.35082412 0.30099987 0.27869583 0.26782117 0.26163397 0.25750593 0.25441754 0.25195369 0.24992662 0.24823726 0.24682365 0.24564116 0.24465439 0.24383378 0.24315392 0.24259281 0.24213138 0.24175316 0.24144402 0.24119194 0.24098678 0.24082003 0.24068461 0.24057469 0.24048546 0.24041301 0.24035414 0.24030629 0.24026738 0.24023573 0.24021001 0.24018914 0.24017228 0.24015876 0.24014803 0.24013964 0.24013308 0.24012674 0.24011126 0.24002185 0.23938596 0.23463752 0.19850977 -0.056725964 -1.0995842 -2.1338852 -2.3806092 -2.4140202 -2.4182438 -2.41889 -2.4190847 -2.419206 -2.4193022 -2.4193816 -2.419447 -2.4195007
1.3382824 1.2412657 1.0569799 0.8025917 0.56423537 0.40888788 0.32939709 0.29265784 0.27542889 0.26646527 0.26103932 0.25725561 0.25434954 0.25199548 0.25003926 0.24839611 0.2470114 0.24584498 0.24486465 0.24404329 0.24335749 0.24278684 0.24231356 0.24192219 0.24159939 0.24133372 0.24111545 0.24093634 0.24078949 0.24066915 0.24057054 0.24048972 0.24042345 0.24036911 0.24032453 0.24028797 0.24025802 0.24023353 0.24021359 0.24019746 0.24018454 0.24017429 0.2401659 0.2401563 0.24012776 0.23996618 0.23890335 0.23161458 0.18107772 -0.13519542 -1.2173524 -2.1548222 -2.3801691 -2.4133671 -2.4179674 -2.4187196 -2.4189423 -2.4190756 -2.4191803 -2.419267 -2.4193389 -2.4193981
1.2880531 1.1547013 0.9389444 0.69012321 0.4912759 0.3733618 0.31455989 0.28676419 0.27304749 0.26545706 0.26060659 0.25709711 0.25434223 0.25208137 0.25018579 0.24858206 0.24722157 0.24606798 0.24509188 0.24426829 0.24357555 0.2429947 0.2425091 0.24210423 0.24176746 0.24148789 0.24125617 0.24106434 0.24090567 0.24077448 0.24066603 0.24057638 0.24050226 0.24044097 0.24039029 0.2403484 0.24031382 0.24028534 0.24026198 0.24024293 0.24022753 0.24021509 0.24020425 0.24018924 0.24013795 0.23985746 0.23814454 0.22730794 0.15862379 -0.22233765 -1.3232416 -2.1721484 -2.3795488 -2.4126535 -2.4176544 -2.4185267 -2.418782 -2.4189286 -2.4190424 -2.4191366 -2.4192152 -2.4192802
1.2225978 1.0544401 0.82312324 0.59696449 0.43742556 0.34833646 0.30410444 0.28251487 0.27128656 0.26470816 0.26030298 0.25701593 0.25438801 0.25220689 0.25036346 0.24879342 0.24745318 0.24630968 0.24533592 0.24450883 0.24380832 0.2432167 0.2427184 0.24229972 0.24194871 0.24165496 0.2414095 0.24120462 0.24103374 0.2408913 0.2407726 0.24067369 0.24059126 0.24052258 0.24046537 0.24041773 0.24037814 0.24034529 0.24031816 0.24029588 0.24027767 0.24026262 0.24024834 0.24022432 0.24013466 0.23966549 0.23699586 0.2213547 0.1305062 -0.31633977 -1.4174216 -2.1865367 -2.378764 -2.4118763 -2.4173016 -2.4183088 -2.4186022 -2.4187638 -2.4188872 -2.4189893 -2.4190747 -2.4191456
