Interpolating SPI Data/spi_stations/interpolated_spi/8-22_1.tif
NCOLS 257
NROWS 141
XLLCORNER -178.27925
YLLCORNER 5.3153543
DX 0.49934803
DY 0.49997533
NODATA_VALUE -9999
[rows 81 to 107 of 141, columns 0 to 60 of 257]
-0.18031713 -0.17695166 -0.17341271 -0.16968393 -0.16574819 -0.16158778 -0.15718469 -0.152521 -0.14757943 -0.14234391 -0.13680043 -0.13093792 -0.12474926 -0.11823241 -0.11139149 -0.10423784 -0.096790826 -0.089078367 -0.081136972 -0.073011218 -0.064752578 -0.056417586 -0.048065433 -0.039755155 -0.031542652 -0.023477829 -0.015602151 -0.0079468359 -0.00053186021 0.0066341906 0.013553472 0.020237577 0.026705765 0.032982949 0.039097607 0.045079812 0.050959473 0.056764849 0.062521387 0.068250839 0.073970663 0.079693643 0.085427674 0.091175686 0.096935622 0.10270044 0.10845808 0.11419136 0.11987767 0.12548847 0.13098832 0.13633341 0.14146895 0.14632498 0.15080927 0.15479491 0.15809823 0.16043772 0.1613556 0.1600642 0.15514293
-0.17404883 -0.17035004 -0.16646095 -0.16236612 -0.15804995 -0.1534969 -0.14869195 -0.1436211 -0.138272 -0.13263466 -0.12670226 -0.12047207 -0.11394629 -0.10713294 -0.10004662 -0.092708993 -0.085149019 -0.077402737 -0.069512573 -0.061526133 -0.05349449 -0.045470072 -0.037504288 -0.029645093 -0.02193472 -0.014407779 -0.0070899088 2.926231e-06 0.0068644652 0.013497552 0.019913024 0.026128236 0.03216538 0.038049745 0.043808061 0.049466988 0.055051836 0.06058552 0.066087758 0.071574482 0.077057438 0.082543926 0.088036643 0.093533572 0.099027881 0.10450776 0.10995617 0.11535034 0.12066098 0.12585097 0.13087321 0.13566712 0.14015276 0.14422088 0.14771563 0.15040333 0.15191521 0.15163955 0.14851778 0.14066767 0.12475266
-0.1672132 -0.1631799 -0.1589442 -0.15449262 -0.14981209 -0.14489042 -0.13971673 -0.13428207 -0.12858006 -0.1226076 -0.11636557 -0.10985962 -0.1031007 -0.096105673 -0.088897505 -0.081505305 -0.07396393 -0.066313215 -0.058596795 -0.050860552 -0.043150785 -0.035512218 -0.027986023 -0.020608014 -0.013407171 -0.0064046304 0.00038681423 0.0069626593 0.013326153 0.019487346 0.025461856 0.031269458 0.036932626 0.042475123 0.047920714 0.05329204 0.058609686 0.063891442 0.069151728 0.074401183 0.079646355 0.084889478 0.09012827 0.095355718 0.10055978 0.10572294 0.11082148 0.11582431 0.12069116 0.12536959 0.12979006 0.13385793 0.13743957 0.14033842 0.14225233 0.14269636 0.14086232 0.13536757 0.12383613 0.10233902 0.065181045
-0.15986575 -0.15550786 -0.15094136 -0.1461556 -0.14114103 -0.13588967 -0.13039564 -0.1246557 -0.11866989 -0.11244207 -0.10598051 -0.099298333 -0.092413795 -0.085350412 -0.078136781 -0.07080611 -0.063395424 -0.055944453 -0.048494256 -0.041085642 -0.033757523 -0.026545297 -0.01947941 -0.012584217 -0.0058772096 0.00063131927 0.0069381878 0.013046839 0.01896653 0.024711292 0.030298738 0.03574884 0.041082716 0.046321525 0.051485475 0.056592985 0.061659996 0.066699418 0.071720699 0.076729471 0.081727257 0.086711177 0.091673605 0.096601711 0.10147678 0.10627317 0.11095672 0.11548214 0.11978897 0.12379486 0.12738452 0.13039101 0.13256349 0.13351101 0.13260379 0.12880212 0.1203753 0.10450466 0.07696512 0.032714449 -0.030829707
-0.15208055 -0.14741934 -0.1425499 -0.13746512 -0.13215966 -0.12663031 -0.12087654 -0.11490097 -0.10870983 -0.10231335 -0.095726094 -0.088967099 -0.082059822 -0.075031895 -0.067914596 -0.060742075 -0.053550335 -0.046376023 -0.039255086 -0.032221399 -0.025305454 -0.018533217 -0.011925235 -0.005496052 0.00074601551 0.0067987668 0.012665684 0.018355237 0.02388 0.029255646 0.034499901 0.039631507 0.044669256 0.049631114 0.054533463 0.059390452 0.064213458 0.069010635 0.073786514 0.078541637 0.083272149 0.08796932 0.092618878 0.097200051 0.10168413 0.10603223 0.11019184 0.11409125 0.11763058 0.12066706 0.12299037 0.12428099 0.12403956 0.12146819 0.11527889 0.10341702 0.082776269 0.049285436 -0.00064055298 -0.066207075 -0.1380507
-0.14394715 -0.13901454 -0.13388084 -0.12854299 -0.12300011 -0.11725393 -0.11130914 -0.10517378 -0.098859506 -0.092381752 -0.0857598 -0.079016632 -0.072178609 -0.065274942 -0.058336951 -0.051397155 -0.044488213 -0.037641789 -0.030887415 -0.024251425 -0.017756041 -0.011418671 -0.0052514774 0.00073878102 0.0065506181 0.012187437 0.017656935 0.022970342 0.028141573 0.033186323 0.038121174 0.042962749 0.047726923 0.052428135 0.057078769 0.061688622 0.066264428 0.070809403 0.075322793 0.079799346 0.084228654 0.088594247 0.092872282 0.097029595 0.10102072 0.10478323 0.10823045 0.11123971 0.11363327 0.1151471 0.11537949 0.11370716 0.10915273 0.10019221 0.084531889 0.059029729 0.020274898 -0.033322444 -0.097990424 -0.16314192 -0.21661741
-0.13556627 -0.1304033 -0.12505281 -0.11951587 -0.11379606 -0.10789971 -0.10183619 -0.095618074 -0.089261251 -0.082784855 -0.076211087 -0.069564859 -0.062873273 -0.056164942 -0.049469171 -0.04281505 -0.036230494 -0.029741297 -0.02337027 -0.017136506 -0.011054832 -0.0051354828 0.00061600217 0.0061986405 0.011615667 0.016874017 0.021983678 0.026956951 0.031807679 0.03655046 0.041199898 0.045769895 0.050273005 0.054719845 0.059118556 0.063474291 0.067788704 0.072059387 0.0762792 0.080435405 0.084508456 0.088470271 0.092281648 0.09588836 0.099215136 0.10215625 0.10456062 0.10620815 0.10677171 0.10575696 0.10240922 0.095578549 0.083553729 0.063946704 0.033887289 -0.0089451767 -0.064026951 -0.12555236 -0.18333802 -0.22844226 -0.25807065
-0.12704486 -0.12169946 -0.11618566 -0.11050851 -0.10467558 -0.09869717 -0.092586411 -0.086359273 -0.080034465 -0.07363321 -0.06717888 -0.060696504 -0.054212144 -0.047752183 -0.041342536 -0.035007846 -0.028770703 -0.022650933 -0.016665018 -0.010825662 -0.0051415419 0.00038274588 0.0057465531 0.010952875 0.016007899 0.020920445 0.025701326 0.030362668 0.034917223 0.039377695 0.043756087 0.048063098 0.05230754 0.056495791 0.060631232 0.064713661 0.068738607 0.07269649 0.076571497 0.080340026 0.083968436 0.087409734 0.090598587 0.093443716 0.095816175 0.097531132 0.098319519 0.097784136 0.095333225 0.090085052 0.080746676 0.065505632 0.042065969 0.0081268078 -0.037301541 -0.091866628 -0.14881992 -0.19935435 -0.23736908 -0.26198542 -0.27601741
-0.11849082 -0.11301519 -0.10739466 -0.10163771 -0.095755244 -0.089760639 -0.083669688 -0.077500474 -0.07127312 -0.065009439 -0.058732464 -0.052465898 -0.046233481 -0.040058325 -0.033962227 -0.02796503 -0.02208404 -0.01633356 -0.010724547 -0.005264433 4.2907009e-05 0.0051970197 0.010200601 0.015059102 0.019780234 0.024373415 0.028849164 0.033218489 0.037492273 0.041680666 0.045792504 0.049834728 0.053811808 0.057725125 0.061572287 0.065346302 0.06903453 0.072617267 0.076065772 0.079339431 0.0823816 0.08511341 0.087424456 0.08915867 0.090092871 0.089904361 0.088122871 0.08406233 0.076732811 0.064751346 0.046318963 0.019427423 -0.017434695 -0.063919198 -0.11638457 -0.16806508 -0.21190328 -0.24402219 -0.2646654 -0.27652068 -0.28267565
-0.11000818 -0.1044561 -0.098785541 -0.093007729 -0.087136042 -0.081185911 -0.075174659 -0.069121257 -0.063045977 -0.056969972 -0.05091478 -0.044901777 -0.038951601 -0.033083588 -0.02731523 -0.021661705 -0.016135502 -0.010746151 -0.0055000903 -0.00040066239 0.0045517588 0.0093595198 0.014027336 0.018561859 0.022971178 0.027264286 0.031450517 0.035538979 0.039537983 0.043454461 0.047293384 0.051057141 0.054744847 0.058351546 0.06186722 0.065275499 0.068551911 0.071661441 0.074555041 0.077164548 0.079395226 0.08111471 0.082136612 0.082196291 0.080915655 0.077753808 0.071942989 0.062418964 0.047781008 0.026370591 -0.0033657246 -0.04205093 -0.088194296 -0.13747327 -0.18372351 -0.22160858 -0.24886145 -0.26632702 -0.27644427 -0.28177628 -0.28430425
-0.10169307 -0.096117397 -0.090451102 -0.084707384 -0.078901173 -0.073048957 -0.067168535 -0.0612787 -0.055398854 -0.049548568 -0.043747109 -0.038012952 -0.0323633 -0.026813642 -0.021377364 -0.016065447 -0.010886263 -0.0058454709 -0.00094603655 0.0038116458 0.0084295261 0.012911583 0.017263435 0.021491892 0.025604471 0.029608875 0.033512456 0.037321664 0.041041463 0.044674724 0.048221546 0.051678486 0.055037617 0.058285357 0.061400901 0.064354111 0.067102557 0.069587329 0.071727007 0.073408943 0.074476593 0.074711214 0.073805755 0.071328774 0.066677588 0.059025225 0.0472799 0.030105944 0.0061035852 -0.025717956 -0.065122731 -0.10979419 -0.15526062 -0.19627236 -0.22898037 -0.2522191 -0.26711241 -0.27581307 -0.28045226 -0.28266527 -0.28353459
-0.093630757 -0.088081286 -0.082469165 -0.076808736 -0.071115612 -0.065406443 -0.059698621 -0.054009933 -0.048358177 -0.04276075 -0.037234239 -0.031794009 -0.026453842 -0.021225621 -0.016119084 -0.011141667 -0.0062984335 -0.0015921073 0.0029768104 0.0074098282 0.011710178 0.015882459 0.019932232 0.023865564 0.027688541 0.031406754 0.035024745 0.038545417 0.041969384 0.045294229 0.048513626 0.051616258 0.054584419 0.057392169 0.06000282 0.062365448 0.064409993 0.066040316 0.06712433 0.067480024 0.066855885 0.064904229 0.061146705 0.054934271 0.045411851 0.031514915 0.012054549 -0.014019952 -0.047102816 -0.086231243 -0.12861103 -0.17000551 -0.20616229 -0.23442 -0.25433276 -0.26711347 -0.27463336 -0.27867019 -0.28058433 -0.2812881 -0.28133787
-0.085893872 -0.08041581 -0.074902038 -0.06936729 -0.063827106 -0.058297569 -0.052794994 -0.047335589 -0.041935103 -0.036608476 -0.031369497 -0.0262305 -0.021202112 -0.016293052 -0.011510014 -0.0068576248 -0.0023384793 0.0020467342 0.006299039 0.010420903 0.014415908 0.018288374 0.022042926 0.025684028 0.029215476 0.032639837 0.035957838 0.039167661 0.042264129 0.045237705 0.048073248 0.05074839 0.053231383 0.055478179 0.057428421 0.058999866 0.06008063 0.060518412 0.060105668 0.05855969 0.055497016 0.050403313 0.042604457 0.031254226 0.015371514 -0.0060170557 -0.033563515 -0.067102015 -0.10513379 -0.14469794 -0.18202052 -0.21378755 -0.23823678 -0.25537195 -0.26638905 -0.27290092 -0.27639638 -0.27801499 -0.2785308 -0.27842463 -0.27797196
-0.078541814 -0.073174802 -0.067797133 -0.0624233 -0.057068174 -0.051746735 -0.046473775 -0.041263597 -0.036129711 -0.031084557 -0.026139251 -0.021303373 -0.01658482 -0.011989712 -0.0075223693 -0.0031853665 0.0010203507 0.0050952751 0.0090410861 0.01286034 0.016556108 0.020131564 0.023589525 0.02693194 0.03015932 0.033270082 0.036259796 0.03912027 0.041838435 0.044394914 0.046762176 0.048902069 0.050762515 0.052273006 0.053338455 0.053830809 0.053577713 0.052347498 0.049830025 0.045614018 0.039164105 0.029806521 0.01674276 -0.00087447662 -0.023756266 -0.052150442 -0.085420317 -0.12173627 -0.15820803 -0.19162324 -0.21947867 -0.24066702 -0.25545851 -0.26497711 -0.270607 -0.27360015 -0.27491691 -0.27521749 -0.27491863 -0.27426276 -0.27337689
-0.071621103 -0.066398804 -0.06118846 -0.056003834 -0.050858705 -0.045766609 -0.040740583 -0.035792908 -0.030934872 -0.026176568 -0.02152672 -0.016992568 -0.012579803 -0.0082925615 -0.0041334869 -0.00010385106 0.0037962623 0.0075677151 0.011212017 0.014730973 0.018126281 0.021399071 0.024549386 0.027575579 0.030473627 0.033236299 0.035852152 0.038304278 0.040568704 0.042612304 0.044390057 0.045841379 0.046885208 0.04741343 0.047282128 0.046300156 0.044214705 0.040694165 0.035310193 0.027524268 0.016690194 0.0020935682 -0.016940616 -0.040840888 -0.069484056 -0.10188074 -0.13605609 -0.16934626 -0.19910994 -0.22350651 -0.24189175 -0.25468178 -0.26290355 -0.26774281 -0.27025654 -0.27125812 -0.27131291 -0.27078259 -0.26987982 -0.26871574 -0.26733517
-0.065166487 -0.060116654 -0.055098668 -0.050125232 -0.045208778 -0.040361239 -0.035593839 -0.030916896 -0.02633965 -0.021870133 -0.017515075 -0.013279863 -0.0091685573 -0.0051839548 -0.0013277168 0.0023994499 0.0059975552 0.0094670344 0.0128084 0.01602184 0.019106748 0.022061187 0.024881262 0.027560372 0.030088313 0.032450175 0.034624957 0.03658379 0.038287646 0.039684336 0.040704552 0.041256667 0.041219928 0.040435685 0.03869642 0.035732741 0.031199474 0.024664055 0.015604139 0.0034273419 -0.012466728 -0.03255803 -0.056998314 -0.085354041 -0.11640742 -0.14818589 -0.17833604 -0.20474425 -0.22609109 -0.24205136 -0.25310978 -0.26018852 -0.26430285 -0.2663484 -0.26701686 -0.26679368 -0.26599273 -0.26479964 -0.26331018 -0.26155926 -0.25954079
-0.059202555 -0.054347462 -0.049541354 -0.044795693 -0.040121459 -0.035528976 -0.031027745 -0.026626307 -0.022332143 -0.018151603 -0.014089885 -0.010151064 -0.0063381696 -0.0026533122 0.00090213138 0.0043272823 0.0076214688 0.010783878 0.013813147 0.016706883 0.019461101 0.022069559 0.024522962 0.026807987 0.028906086 0.030791967 0.032431677 0.03378012 0.034777856 0.035346956 0.035385658 0.034761587 0.03330335 0.030790611 0.026943338 0.02141219 0.01377433 0.003542618 -0.0097988574 -0.02671592 -0.047487543 -0.072015881 -0.099632078 -0.12900336 -0.15826324 -0.18539861 -0.20875497 -0.22741151 -0.24125723 -0.2507974 -0.25685084 -0.26028724 -0.26186787 -0.26218282 -0.26164956 -0.26054011 -0.25901544 -0.25715653 -0.25498837 -0.25249651 -0.24963726
-0.053745605 -0.049102737 -0.044523403 -0.040017767 -0.035595388 -0.031265089 -0.02703485 -0.022911724 -0.018901794 -0.015010171 -0.01124103 -0.0075977014 -0.0040828028 -0.0006984267 0.0025536215 0.0056715289 0.0086531222 0.011495448 0.014194276 0.016743511 0.019134489 0.021355123 0.023388866 0.025213413 0.026799086 0.028106775 0.029085332 0.029668241 0.0297694 0.029277829 0.02805119 0.025908167 0.022620151 0.017903473 0.011414857 0.00275511 -0.0085106899 -0.022804948 -0.040449076 -0.061530419 -0.085743239 -0.11226078 -0.13972803 -0.16644813 -0.19074192 -0.21133835 -0.22761507 -0.23960072 -0.2477921 -0.25291107 -0.25570316 -0.25681719 -0.25675772 -0.25588397 -0.2544311 -0.25253755 -0.2502703 -0.24764461 -0.24463797 -0.24119867 -0.23725018
-0.048805596 -0.044388503 -0.040047209 -0.035790635 -0.031627049 -0.027563986 -0.023608184 -0.019765559 -0.016041224 -0.01243953 -0.0089641736 -0.0056183306 -0.0024048523 0.00067349229 0.0036137165 0.0064122539 0.0090645252 0.011564422 0.013903692 0.016071191 0.018051987 0.019826252 0.02136789 0.022642835 0.023606905 0.02420312 0.024358339 0.023979112 0.022946636 0.021110882 0.018284148 0.014234861 0.0086833332 0.0013026485 -0.0082699842 -0.020403711 -0.035417219 -0.053488169 -0.074533578 -0.098088645 -0.12323966 -0.14867802 -0.17290763 -0.19455579 -0.21266254 -0.22682511 -0.23715966 -0.24413799 -0.24839342 -0.25056567 -0.25120894 -0.25075529 -0.24951376 -0.24768694 -0.2453928 -0.24268518 -0.2395702 -0.23601787 -0.23196949 -0.22734131 -0.22202544
-0.044388049 -0.040207269 -0.036112676 -0.032112094 -0.028212715 -0.02442106 -0.020742971 -0.017183636 -0.013747655 -0.010439145 -0.0072618874 -0.0042195324 -0.0013158442 0.0014449884 0.0040579796 0.0065168991 0.0088137352 0.010938051 0.012876204 0.014610405 0.016117554 0.017367819 0.018322873 0.01893371 0.019137958 0.018856592 0.017989999 0.01641341 0.013971896 0.010475456 0.0056953103 -0.0006365432 -0.0088210581 -0.019174031 -0.031989662 -0.047479806 -0.065688026 -0.086390036 -0.10901147 -0.1326109 -0.15597178 -0.17780631 -0.19701085 -0.21287237 -0.22514721 -0.23400318 -0.2398784 -0.24332677 -0.2448978 -0.24506563 -0.24420062 -0.24256836 -0.24034264 -0.23762294 -0.2344511 -0.23082484 -0.22670771 -0.22203527 -0.21671851 -0.21064465 -0.20367631
-0.040495771 -0.036559771 -0.032718942 -0.028980228 -0.025350019 -0.021834159 -0.018437984 -0.015166398 -0.01202399 -0.0090151903 -0.0061444778 -0.0034166389 -0.00083708427 0.001587766 0.0038500201 0.0059397584 0.0078443646 0.0095477183 0.011029215 0.012262574 0.013214381 0.013842307 0.014092946 0.013899198 0.013177172 0.011822624 0.0097070498 0.006673813 0.0025350232 -0.0029294688 -0.009968704 -0.018849465 -0.029832829 -0.043133659 -0.058860365 -0.076938774 -0.097035805 -0.11851295 -0.14044657 -0.16173835 -0.18130091 -0.19825949 -0.21209389 -0.222674 -0.23019493 -0.23505746 -0.23774505 -0.23873012 -0.23841892 -0.23712899 -0.23508825 -0.23244512 -0.22928251 -0.22563145 -0.22148238 -0.21679349 -0.21149626 -0.20549843 -0.19868515 -0.19091862 -0.18203694
-0.037130389 -0.033446469 -0.029865813 -0.026394755 -0.023039208 -0.019804718 -0.016696543 -0.013719786 -0.010879558 -0.0081811927 -0.0056305138 -0.0032341628 -0.00099999408 0.0010624486 0.0029413601 0.0046219859 0.0060857942 0.0073094765 0.0082637405 0.0089118523 0.0092078838 0.0090946224 0.0085011198 0.0073398924 0.0055038716 0.0028633447 -0.00073661112 -0.005477301 -0.011564689 -0.019222503 -0.028677052 -0.040130211 -0.053717727 -0.069453259 -0.087165356 -0.10644457 -0.12662676 -0.14683809 -0.16610966 -0.18353776 -0.19843779 -0.21043823 -0.21948867 -0.22579529 -0.22972092 -0.23168696 -0.23209997 -0.23130831 -0.22958429 -0.22712314 -0.22405098 -0.22043605 -0.21629991 -0.21162687 -0.20637118 -0.20046185 -0.19380556 -0.18628803 -0.17777433 -0.16810869 -0.15711456
-0.034293615 -0.030868758 -0.027554893 -0.024358061 -0.021284065 -0.018338562 -0.015527201 -0.012855796 -0.01033055 -0.0079583298 -0.0057470005 -0.0037058323 -0.0018459868 -0.00018110067 0.0012720153 0.0024925393 0.0034546367 0.0041262623 0.0044677365 0.0044300659 0.0039529933 0.00296279 0.0013698606 -0.00093366836 -0.0040760318 -0.0082069706 -0.013496927 -0.020132752 -0.028307803 -0.038203841 -0.049962304 -0.063644062 -0.079180472 -0.096324913 -0.11462131 -0.13341027 -0.151888 -0.16921559 -0.18465187 -0.19766763 -0.20800467 -0.21566743 -0.22086263 -0.22391627 -0.22519543 -0.22505025 -0.2237797 -0.22161724 -0.21872979 -0.21522396 -0.21115518 -0.20653692 -0.20134865 -0.19554201 -0.18904526 -0.18176605 -0.17359308 -0.16439711 -0.15403163 -0.14233416 -0.12912856
-0.031988266 -0.028829902 -0.025790424 -0.022875931 -0.020092514 -0.017446388 -0.014944085 -0.012592679 -0.010400069 -0.0083753191 -0.0065290759 -0.0048740571 -0.0034256413 -0.0022025688 -0.0012277732 -0.00052936695 -0.00014180188 -0.0001072238 -0.00047703033 -0.0013136197 -0.0026922781 -0.0047030818 -0.0074525745 -0.011064798 -0.015680986 -0.021456878 -0.028556191 -0.0371384 -0.047338937 -0.05924055 -0.072836581 -0.087990698 -0.10440283 -0.12159577 -0.13893713 -0.15570393 -0.17118088 -0.18476714 -0.19605874 -0.20488304 -0.21128126 -0.21545396 -0.21769256 -0.2183167 -0.21762817 -0.21588373 -0.21328345 -0.20996976 -0.20603237 -0.20151566 -0.19642639 -0.19074043 -0.18440822 -0.17735877 -0.16950249 -0.16073317 -0.15092944 -0.13995638 -0.12766768 -0.11390902 -0.098523668
-0.030219006 -0.027335678 -0.024579814 -0.021957954 -0.019476896 -0.01714389 -0.014966867 -0.012954731 -0.011117706 -0.0094677458 -0.0080190336 -0.0067885629 -0.00579683 -0.0050686452 -0.0046340804 -0.0045295653 -0.0047991361 -0.0054958258 -0.0066831563 -0.0084366403 -0.010845124 -0.014011673 -0.018053528 -0.02310041 -0.029290162 -0.036760429 -0.045634939 -0.056003198 -0.067893462 -0.081241 -0.09585711 -0.11140817 -0.1274163 -0.1432912 -0.15839427 -0.17212349 -0.18399691 -0.19371044 -0.20115546 -0.20639689 -0.20962519 -0.21109989 -0.21109932 -0.20988385 -0.20767407 -0.20464143 -0.20090723 -0.19654661 -0.1915946 -0.18605256 -0.17989398 -0.17306931 -0.16550969 -0.15712979 -0.14783004 -0.13749861 -0.12601361 -0.11324591 -0.099063347 -0.08333674 -0.065948443
-0.028992806 -0.02639472 -0.023933854 -0.021617587 -0.019453872 -0.017451474 -0.015620257 -0.013971535 -0.012518484 -0.011276624 -0.010264402 -0.0095038475 -0.0090213586 -0.0088485838 -0.0090234276 -0.0095911597 -0.010605597 -0.012130289 -0.014239591 -0.017019405 -0.020567255 -0.024991214 -0.03040695 -0.036931997 -0.044676179 -0.053727206 -0.064130956 -0.075867216 -0.088823744 -0.10277432 -0.1173689 -0.13214449 -0.14656183 -0.16006528 -0.17215384 -0.18244483 -0.19071314 -0.19689758 -0.20107747 -0.203431 -0.20418873 -0.2035931 -0.20186891 -0.19920587 -0.19575082 -0.19160696 -0.18683696 -0.18146805 -0.17549742 -0.16889727 -0.16161914 -0.15359741 -0.14475216 -0.13499161 -0.12421444 -0.11231247 -0.099173962 -0.084688161 -0.068751468 -0.051275705 -0.032198772
-0.0283191 -0.026018533 -0.023866566 -0.02187183 -0.020043876 -0.018393467 -0.016932921 -0.015676513 -0.014640952 -0.013845927 -0.013314745 -0.013075047 -0.013159619 -0.013607278 -0.014463808 -0.015782903 -0.017627013 -0.020067954 -0.023187038 -0.027074373 -0.031826837 -0.037544082 -0.044321784 -0.052241376 -0.061355718 -0.071670851 -0.083125277 -0.095570038 -0.10875494 -0.12232754 -0.13585066 -0.14884031 -0.16081919 -0.17137455 -0.18020568 -0.18714945 -0.19217945 -0.19538285 -0.19692459 -0.19700921 -0.19584797 -0.19363523 -0.19053421 -0.18667074 -0.18213249 -0.1769716 -0.1712089 -0.16483851 -0.15783228 -0.15014373 -0.14171133 -0.13246136 -0.12231051 -0.11116844 -0.098940732 -0.085532487 -0.070852941 -0.054821508 -0.037375459 -0.018479378 0.0018637511
