Interpolating SPI Data/spi_stations/interpolated_spi/8-22_3.tif
NCOLS 257
NROWS 141
XLLCORNER -178.27925
YLLCORNER 5.3153543
DX 0.49934803
DY 0.49997533
NODATA_VALUE -9999
[rows 54 to 80 of 141, columns 61 to 121 of 257]
-0.22845945 -0.23526955 -0.22925888 -0.2169331 -0.20151444 -0.18422639 -0.16552416 -0.14568933 -0.12505606 -0.10408539 -0.083375737 -0.063630592 -0.045584513 -0.029894593 -0.017020897 -0.0071338999 -8.6044756e-05 0.004536946 0.0073023375 0.0087969881 0.0095204337 0.0098320231 0.0099521566 0.0099973069 0.010025523 0.010089108 0.010387495 0.012383688 0.027153255 -0.090270488 -0.57787637 -0.57999702 -0.57999643 -0.57998876 -0.57986538 -0.56568704 0.13728599 0.1499999 0.15 0.14999094 -0.81999998 -0.82 -0.82 -0.82 -0.2 -0.2 -0.35000002 -0.35 0.06 0.0045897511 -0.28543913 -0.96 -0.48999992 -0.024178287 -0.24 0.081166371 -0.12999926 -0.12999998 1.01 1.01 1.0096716
-0.22284213 -0.21503085 -0.2027047 -0.18799633 -0.17179131 -0.15447446 -0.13630902 -0.11759165 -0.098704801 -0.080122174 -0.062384493 -0.046049478 -0.031621492 -0.019474163 -0.0097866594 -0.0025149816 0.0025895873 0.0059190355 0.0079239011 0.0090318834 0.0095917184 0.0098515548 0.0099675878 0.010031708 0.010113004 0.010348158 0.011333736 0.016177886 -0.0089258955 -0.5563713 -0.57991528 -0.57993892 -0.57983398 -0.57900465 -0.56107426 -0.049363296 0.14962667 0.14999992 0.14999531 -0.57861206 -0.82 -0.82 -0.82 -0.82 -0.20000126 -0.34665532 -0.35 -0.35 -0.19 0.037091881 -0.12 -0.12 -0.11674988 0.15000663 0.56 1.24 1.24 1.24 1.01 1.01 1.01
-0.20342309 -0.19139443 -0.17747295 -0.16232987 -0.14629382 -0.12960247 -0.11251272 -0.095339779 -0.078461457 -0.062301133 -0.047293867 -0.033839572 -0.022250999 -0.01270823 -0.0052324983 0.00031174711 0.004185674 0.006724197 0.0082779599 0.0091642668 0.0096372155 0.0098799128 0.0100158 0.010136579 0.010361123 0.011014889 0.013216882 0.0073170767 -0.44526269 -0.57875737 -0.57959867 -0.57907633 -0.57645953 -0.55344096 -0.26994309 0.13396607 0.14991627 0.1499843 0.13056498 -0.81879558 -0.82 -0.82 -0.82 -0.81999528 -0.17002671 -0.17000001 -0.17 -0.17 -0.17 -0.17126471 -0.12 -0.12 0.15 0.15000001 0.56 1.2348657 1.24 1.24 1.0500895 1.01 1.3607591
-0.18238072 -0.16925609 -0.15511425 -0.14023787 -0.12483808 -0.10913523 -0.093389508 -0.077905269 -0.063019671 -0.049079572 -0.03640968 -0.025276576 -0.015855478 -0.0082076097 -0.0022745683 0.0021079027 0.00517968 0.0072170489 0.0084940408 0.009252742 0.0096876064 0.0099451271 0.010139126 0.010388501 0.010910076 0.0121761 0.0098498316 -0.22470158 -0.56897282 -0.57842888 -0.57702094 -0.57157879 -0.54386786 -0.36711063 0.052347732 0.14663301 0.14989217 0.14564132 -0.52892604 -0.81988463 -0.81999999 -0.82 -0.81999991 -0.17170586 -0.17 -0.17 -0.17 -0.17 -0.17 -0.010000164 -0.010000004 -0.12 0.15 0.55999882 0.56 0.5604939 1.28 1.28 1.2800165 1.53 1.53
-0.16282243 -0.14960658 -0.13577158 -0.12150373 -0.10699177 -0.092451555 -0.078130906 -0.064302299 -0.051247111 -0.039233584 -0.028491421 -0.01918714 -0.011405143 -0.0051389714 -0.00029531001 0.003289679 0.0058252187 0.0075375716 0.0086445271 0.0093376159 0.0097750462 0.010087242 0.010398787 0.01087547 0.011719325 0.010254952 -0.084391006 -0.51754105 -0.5749401 -0.57308592 -0.56429358 -0.53304178 -0.40581492 -0.075677974 0.12313678 0.14838075 0.14683532 0.0034050626 -0.79232157 -0.81995095 -0.81999996 -0.81999944 -0.53177057 -0.17 -0.17 -0.17 -0.17 -0.17 -0.16999897 -0.01 -0.01 -0.01 0.15 0.55999658 0.56 1.28 1.28 1.28 1.2800017 1.53 1.53
-0.14540694 -0.13250559 -0.11923414 -0.10575464 -0.092247477 -0.0789165 -0.065984715 -0.053683552 -0.042237437 -0.031845574 -0.0226635 -0.014787572 -0.008245477 -0.0029950092 0.0010682918 0.0040960167 0.0062673312 0.007768957 0.0087786047 0.009455021 0.0099370187 0.010353536 0.010841369 0.011464889 0.01025769 -0.032298202 -0.38297719 -0.56303666 -0.56686603 -0.55496557 -0.52151083 -0.42143971 -0.18175821 0.06206847 0.13824265 0.14565468 0.09922315 -0.49068941 -0.8137201 -0.81995803 -0.81999614 -0.78874279 -0.16989714 -0.16999102 -0.16999984 -0.17 -0.17 -0.16999991 -0.01 -0.01 -0.01 -0.01 -0.0099998643 0.56042314 1.15 1.1504194 1.28 1.28 1.2800286 1.53 1.53
-0.13015245 -0.1177636 -0.10518841 -0.092578799 -0.080104056 -0.067948692 -0.056305172 -0.045363042 -0.035295726 -0.026246635 -0.018316628 -0.011554955 -0.005955466 -0.0014590046 0.0020383067 0.0046723878 0.0065965476 0.0079676524 0.0089357721 0.009639396 0.010206716 0.010752531 0.011258522 0.010135415 -0.013002521 -0.22605109 -0.52448723 -0.5572169 -0.5440901 -0.50970086 -0.42683676 -0.25050457 -0.021854718 0.10774627 0.13913991 0.11851312 -0.13359811 -0.72526408 -0.81722622 -0.8184735 -0.0059008346 0.5080012 0.5096585 0.5099722 0.50999925 0.50999999 0.51 0.52298501 0.82 0.82 0.81999851 0.0055091669 1.1594881 1.15 1.15 1.15 1.15 1.1500712 0.24 0.24 0.24
-0.11689526 -0.10512011 -0.093300262 -0.081577608 -0.070106227 -0.059047621 -0.048563027 -0.038803781 -0.029900818 -0.021954632 -0.01502717 -0.0091370158 -0.0042587685 -0.00032684543 0.0027569094 0.0051131536 0.0068743379 0.0081752787 0.0091464202 0.0099087236 0.010555238 0.011010517 0.0099195881 -0.0048544019 -0.12392932 -0.43837204 -0.53959752 -0.53184982 -0.4979061 -0.42716673 -0.29246581 -0.1013596 0.05477615 0.12043148 0.12026542 0.0052184069 -0.46364504 -0.77418597 -0.13215798 0.50842959 0.50999922 0.50999999 0.51 0.51 0.51 0.51 0.51 0.51 0.82 0.82 0.82 1.16 1.16 1.15 1.15 1.15 1.15 1.1499999 0.24 0.24 0.24
-0.10542003 -0.094303113 -0.083249866 -0.072390021 -0.061860109 -0.051798051 -0.04233611 -0.033592924 -0.025665535 -0.018622405 -0.012498423 -0.0072926947 -0.0029695365 0.00053747123 0.0033190087 0.0054821933 0.0071425851 0.0084165914 0.0094117183 0.010196965 0.010652946 0.009587431 -0.0010244967 -0.070989106 -0.3210847 -0.50394888 -0.51721219 -0.48621269 -0.42479236 -0.31805372 -0.16396516 -0.0091186705 0.085461204 0.11003573 0.052349208 -0.21223692 -0.16166689 0.49494003 0.50996135 0.50999998 0.51 0.51 0.51 0.51 0.51 0.51 0.51 0.51 0.51 0.82 0.82 1.16 1.16 1.16 1.15 1.15 1.15 1.1486096 0.24 0.24 0.24
-0.095504374 -0.085053788 -0.074747555 -0.064701826 -0.055035114 -0.045863128 -0.037292741 -0.029415686 -0.022302691 -0.015998755 -0.010520244 -0.0058542103 -0.00196009 0.0012264663 0.0037881346 0.0058193578 0.0074184312 0.0086743952 0.0096296498 0.0101287 0.0091018919 0.00083198579 -0.043989519 -0.21685395 -0.44124025 -0.49671814 -0.47422596 -0.42087742 -0.33377662 -0.20965873 -0.070663521 0.037782938 0.086942582 0.066777304 0.0094617234 0.44249256 0.50900788 0.50999499 0.51 0.51 0.51 0.51 0.51 0.51 0.51 0.51 0.51 0.51 0.51 0.81913613 1.16 1.16 1.16 1.1531297 0.36 0.36 0.36 0.36 0.34950686 0.43999156 0.43999992
-0.086937097 -0.077137262 -0.067539643 -0.058246461 -0.049359032 -0.040973197 -0.03317437 -0.026032693 -0.019598804 -0.01390075 -0.0089424223 -0.0047037723 -0.0011428236 0.0018006339 0.0041996666 0.0061321596 0.0076653043 0.0088132578 0.0093900586 0.0084240182 0.0016191084 -0.029532432 -0.14505141 -0.35770437 -0.46474633 -0.46057112 -0.41588414 -0.34339663 -0.24224671 -0.12295351 -0.014378518 0.053450271 0.079764194 0.29756431 0.50002067 0.50982701 0.51000363 0.51000098 0.51000015 0.51000002 0.51 0.51 0.51 0.51 0.51 0.51 0.51 0.51 0.51 1.16 1.16 1.1594246 0.3 0.3 0.36 0.36 0.36 0.36 0.44 0.44 0.44
-0.079525979 -0.070346571 -0.061408846 -0.052801591 -0.044610466 -0.036914132 -0.029780304 -0.023262088 -0.017395012 -0.012195082 -0.0076581517 -0.0037607742 -0.00046269422 0.0022886122 0.0045498061 0.0063645107 0.0077183394 0.008399749 0.0075188985 0.0017206347 -0.021408989 -0.10034131 -0.27353179 -0.41741633 -0.44259092 -0.40960059 -0.34903278 -0.26542821 -0.16452601 -0.062940953 0.02194958 0.15335334 0.450551 0.51224003 0.51279799 0.51138078 0.51054838 0.51016927 0.51003745 0.51000539 0.51000051 0.51000006 0.51000001 0.51 0.51 0.51 0.51000141 1.1599875 1.16 1.16 1.16 0.3 0.3 0.3 0.36 0.36 0.36 0.36 0.44 0.44 0.44
-0.07310067 -0.064502966 -0.056171944 -0.048183978 -0.040610934 -0.033516981 -0.026955505 -0.020966418 -0.015574153 -0.010786627 -0.0065954338 -0.0029776036 0.00010036021 0.0026742276 0.0047638123 0.0063272289 0.0071320536 0.0063591707 0.0013124032 -0.016751213 -0.07296683 -0.20440737 -0.35769447 -0.41706751 -0.40099357 -0.3516249 -0.28147301 -0.19434234 -0.091617889 0.071604088 0.41521274 0.57999269 0.59252525 0.58921556 0.58400939 0.5773643 0.56900767 0.55875141 0.54679014 0.5341191 0.52274625 0.51489062 0.51119272 0.51021148 0.51140225 0.95555885 1.1599999 1.16 1.16 1.16 1.16 0.3 0.3 0.3 0.30046863 0.36 0.36 0.36 0.44 0.44 0.44
-0.067513021 -0.059454389 -0.051676347 -0.04424417 -0.037217878 -0.030649684 -0.024581657 -0.019043845 -0.014053129 -0.0096131136 -0.0057155237 -0.0023440023 0.00051748705 0.0028658913 0.0046339895 0.0055731397 0.0049269449 0.00048162298 -0.014164798 -0.055962293 -0.15387113 -0.29478627 -0.38212223 -0.38790951 -0.34968773 -0.28524949 -0.18204437 0.046038775 0.4558037 0.64023582 0.66482036 0.66886308 0.67132627 0.67351503 0.67543048 0.67701457 0.67822996 0.67907517 0.67959119 0.6798557 0.67996256 0.67999367 0.67999943 0.68000001 0.68000013 0.68001034 0.94848632 1.16 1.16 1.16 1.16 0.30293241 0.3 0.3 0.30000079 0.36 0.36 0.34962889 0.43994898 0.44 0.44
-0.062636153 -0.055073213 -0.047796557 -0.040861809 -0.034319098 -0.028211093 -0.022571366 -0.017423319 -0.012780025 -0.0086455116 -0.0050185201 -0.0019010432 0.00068280328 0.002643426 0.0037205474 0.003214528 -0.00072255413 -0.012925897 -0.045203926 -0.11872338 -0.23755219 -0.33823381 -0.36437386 -0.32690675 -0.2169019 0.064302952 0.47510424 0.64743513 0.67430643 0.67764608 0.67855894 0.6791244 0.67951066 0.67975516 0.67989349 0.67996126 0.67998884 0.67999764 0.67999967 0.67999997 0.68 0.68 0.68 0.68 0.68 0.68 0.68 0.68 0.68000006 1.1599963 1.16 0.86497525 0.30061519 0.44 0.44 0.44 0.070083396 0.07 0.07 0.07 0.39736725
-0.058363039 -0.051253947 -0.044431088 -0.037941988 -0.031828873 -0.026127319 -0.020865364 -0.016063458 -0.011735801 -0.0078941795 -0.0045565874 -0.0017658353 0.0003695657 0.0015821414 0.0012246119 -0.0022645645 -0.01262474 -0.038308052 -0.094398114 -0.18936442 -0.28431497 -0.30632768 -0.2027159 0.096351988 0.47427121 0.64113941 0.67419047 0.6787623 0.679471 0.67971307 0.67985048 0.6799298 0.6799712 0.67999002 0.67999721 0.67999941 0.67999991 0.67999999 0.68 0.68 0.68 0.68 0.68 0.68 0.68 0.68 0.68 0.68 0.68 0.68 0.2788032 0.24 0.24056572 0.44 0.44 0.44 0.070000065 0.07 0.07 0.07 0.07
-0.054605065 -0.047911272 -0.041500157 -0.035412838 -0.029685818 -0.024350346 -0.019432554 -0.014954953 -0.010940391 -0.0074206779 -0.0044546138 -0.0021658798 -0.00082470681 -0.0010284134 -0.0041046185 -0.012980561 -0.033751554 -0.076603231 -0.14669032 -0.20710727 -0.14892142 0.12368449 0.46290393 0.62905702 0.67105148 0.67848457 0.67961742 0.6798354 0.67991741 0.67996076 0.67998334 0.67999388 0.67999812 0.67999954 0.67999992 0.67999999 0.68 0.68 0.68 0.68 0.68 0.68 0.68 0.68 0.68 0.68 0.68 0.68 0.68 0.68 0.24 0.24 0.24 0.44 0.44 0.44 0.07 0.07 0.07 0.07 0.07
-0.051290848 -0.044978664 -0.038944285 -0.0332244 -0.027852398 -0.022858735 -0.018272614 -0.014126062 -0.010462445 -0.0073535893 -0.0049342059 -0.0034719864 -0.0035120047 -0.0061709956 -0.013691478 -0.030172449 -0.060630087 -0.09820469 -0.076633439 0.13335082 0.4403786 0.61211866 0.66527808 0.67723991 0.67946047 0.67984645 0.67993422 0.67996861 0.67998589 0.67999435 0.67999805 0.67999944 0.67999988 0.67999998 0.68 0.68 0.68 0.68 0.68 0.68 0.68 0.68 0.68 0.68 0.68 0.68 0.68 0.68 0.68 0.68 0.24 0.24 0.24 0.24 0.44 0.44 0.070000006 0.07 0.07 0.07 0.07
-0.048365457 -0.042407628 -0.036723768 -0.031348605 -0.026315807 -0.021659843 -0.017420101 -0.013649094 -0.010428239 -0.0078979192 -0.0063144764 -0.0061558975 -0.0083006721 -0.014228419 -0.025621406 -0.039672995 -0.025488502 0.11687592 0.39513782 0.58681716 0.6560529 0.6746696 0.67890548 0.67975744 0.67992551 0.67996847 0.6799855 0.67999373 0.67999759 0.67999921 0.67999979 0.67999996 0.68 0.68 0.68 0.68 0.68 0.68 0.68 0.68 0.68 0.68 0.68 0.68 0.68 0.68 0.68 0.68 0.68 0.67998614 0.24 0.24 0.24 0.24 0.44 0.44 0.070020383 0.07 0.07 0.07 0.07
-0.045789959 -0.040167374 -0.034818631 -0.029779659 -0.025088836 -0.02079098 -0.016944852 -0.013636674 -0.011003613 -0.0092719634 -0.0088074565 -0.010122953 -0.013514804 -0.01670249 -0.0037740407 0.085664698 0.31735971 0.54210031 0.64032483 0.6699073 0.67763689 0.67947011 0.6798707 0.67995873 0.67998297 0.67999248 0.67999689 0.67999888 0.67999968 0.67999994 0.68 0.68000001 0.68 0.68 0.68 0.68 0.68 0.68 0.68 0.68 0.68 0.68 0.68 0.68 0.68 0.68 0.68 0.68 0.68 0.25045059 0.24 0.24 0.24 0.24 0.24254651 0.44 0.07149925 0.07 0.07 0.070000007 1.23
-0.043540773 -0.038243998 -0.033227384 -0.0285317 -0.02420473 -0.020307205 -0.016921968 -0.01416559 -0.012193161 -0.011150142 -0.010872493 -0.009516211 0.0019996163 0.057464767 0.22445894 0.46415204 0.60988754 0.6606237 0.67497952 0.6787607 0.67970066 0.67992217 0.67997512 0.67999027 0.679996 0.67999851 0.67999956 0.67999994 0.68000003 0.68000003 0.68000002 0.68000001 0.68 0.68 0.68 0.68 0.68 0.68 0.68 0.68 0.68 0.68 0.68 0.68 0.68 0.68 0.68 0.68 0.67999995 0.24002818 0.24 0.24 0.24 0.24 0.040060404 0.03 0.03 0.030017542 0.06995521 1.23 1.23
-0.041606791 -0.036635483 -0.031957747 -0.027620476 -0.023678936 -0.020197158 -0.017236412 -0.014796374 -0.012583416 -0.0091600455 0.0010565089 0.037121052 0.14654188 0.3576966 0.55186549 0.64096926 0.66920922 0.67712371 0.6792552 0.67980972 0.67994905 0.67998443 0.67999459 0.67999816 0.67999956 0.68000005 0.68000015 0.68000013 0.68000007 0.68000003 0.68000001 0.68 0.68 0.68 0.68 0.68 0.68 0.68 0.68 0.68 0.68 0.68 0.68 0.68 0.68 0.68 0.68 0.68 0.67860656 -0.053053502 -0.069850105 -0.069999845 -0.07 -0.063040536 0.03 0.03 0.03 0.03 0.030000011 1.23 1.23
-0.039976744 -0.035328665 -0.030982547 -0.02697462 -0.02332121 -0.019963148 -0.016589919 -0.012087025 -0.0028094014 0.022477174 0.093248061 0.2515427 0.46090497 0.60075101 0.65614075 0.67326919 0.67814734 0.67950034 0.67986752 0.67996471 0.67999037 0.67999754 0.67999974 0.68000039 0.68000047 0.68000037 0.68000023 0.68000013 0.68000006 0.68000002 0.68000001 0.68 0.68 0.68 0.68 0.68 0.68 0.68 0.68 0.68 0.68 0.68 0.68 0.68 0.68 0.68 0.67998431 -0.0090458749 -0.069999999 -0.07 -0.07 -0.07 -0.07 -0.07 0.03 0.03 0.03 0.03 0.03 1.23 1.23
-0.038591069 -0.034208613 -0.03006118 -0.026066634 -0.021933854 -0.016789888 -0.0081313333 0.01103227 0.058651721 0.16845906 0.3528759 0.53122932 0.62812316 0.66413225 0.67538418 0.67868568 0.6796331 0.67990054 0.67997439 0.67999436 0.67999966 0.68000094 0.68000106 0.68000085 0.68000057 0.68000034 0.68000018 0.68000008 0.68000003 0.68000001 0.68 0.68 0.68 0.68 0.68 0.68 0.68 0.68 0.68 0.68 0.68 0.68 0.68 0.67999989 0.67998364 0.65176788 -0.069595697 -0.07 -0.07 -0.07 -0.07 -0.07 -0.07 -0.07 0.03 0.03 0.03 0.03 0.03 1.2143787 1.23
-0.037174188 -0.032733998 -0.02808334 -0.022527431 -0.014272152 0.00126386 0.035275652 0.11082194 0.25333778 0.43671927 0.57658708 0.6439971 0.66865072 0.67657483 0.67898905 0.67970835 0.67991932 0.67997982 0.67999651 0.68000073 0.68000148 0.68000129 0.6800009 0.68000053 0.68000026 0.68000009 0.68 0.67999996 0.67999995 0.67999995 0.67999996 0.67999997 0.67999998 0.67999998 0.67999999 0.67999999 0.67999999 0.67999998 0.67999997 0.67999994 0.67999974 0.67999782 0.67995028 0.67560749 0.10729447 -0.069961233 -0.07 -0.07 -0.07 -0.07 -0.07 -0.07 -0.07 -0.07 0.029853481 0.03 0.03 0.03 0.03 0.048668204 1.1900002
-0.03469268 -0.028868356 -0.020889569 -0.0076123334 0.018211822 0.071738237 0.17582357 0.33584779 0.49963447 0.60556382 0.65361066 0.6713612 0.67728308 0.67916498 0.6797489 0.67992711 0.67998029 0.6799955 0.67999943 0.68000013 0.67999998 0.67999968 0.67999943 0.67999929 0.67999925 0.67999928 0.67999935 0.67999944 0.67999952 0.67999959 0.67999965 0.67999969 0.6799997 0.6799997 0.67999965 0.67999954 0.67999927 0.67999851 0.67999568 0.67998042 0.67983851 0.6770749 0.55456695 -0.051568838 -0.069983104 -0.069999998 -0.07 -0.07 -0.07 -0.07 -0.07 -0.07 -0.07 -0.07 -0.069999964 0.03 0.03 0.03 0.029995085 -0.55119866 1.1626291
-0.027755617 -0.01596417 0.0047327848 0.044355128 0.11994221 0.24677969 0.40739508 0.54452251 0.62432219 0.65967868 0.67306004 0.67771428 0.6792611 0.67976241 0.67992224 0.67997238 0.67998776 0.67999235 0.6799937 0.67999416 0.67999444 0.67999473 0.67999508 0.67999548 0.67999589 0.67999629 0.67999663 0.67999691 0.6799971 0.67999718 0.67999712 0.67999685 0.67999626 0.67999504 0.67999244 0.67998618 0.67996818 0.67990139 0.67955261 0.67669892 0.63670391 0.18990506 -0.06532055 -0.069984271 -0.069999989 -0.07 -0.07 -0.07 -0.07 -0.07 -0.07 -0.07 -0.07 -0.07 -0.069999997 0.029999915 0.03 -0.5690667 -0.57 -0.57 1.0699999
