Interpolating SPI Data/spi_stations/interpolated_spi/8-23_2.tif
NCOLS 257
NROWS 141
XLLCORNER -178.27925
YLLCORNER 5.3153543
DX 0.49934803
DY 0.49997533
NODATA_VALUE -9999
[rows 112 to 139 of 141, columns 63 to 125 of 257]
0.44841711 0.45859547 0.46824415 0.4772876 0.48567776 0.49339768 0.50046308 0.50692217 0.51285408 0.51836663 0.52359434 0.52869735 0.53386233 0.53930614 0.54528313 0.5520972 0.56011989 0.56981619 0.58178014 0.59678272 0.61583392 0.64025924 0.67178509 0.71261485 0.76545161 0.83338101 0.91947341 1.0259399 1.1527858 1.2962842 1.4481852 1.5968118 1.7302575 1.8401177 1.9234807 1.9823234 2.0213708 2.0459741 2.0608151 2.069438 2.0742814 2.076911 2.0782762 2.0789206 2.0791265 2.0789982 2.0784835 2.077318 2.0748265 2.0694003 2.0571864 2.0288756 1.9624576 1.8111801 1.5050641 1.0302043 0.53898987 0.19280195 -0.03269818 -0.2551426 -0.58541317 -1.0601249 -1.5577067
0.46217416 0.47159555 0.48048491 0.48880136 0.49653121 0.50368981 0.51032195 0.51650123 0.52232888 0.52793268 0.53346669 0.53911261 0.54508347 0.55163037 0.55905345 0.56771785 0.57807618 0.59069889 0.60631423 0.6258585 0.65053594 0.6818823 0.72181663 0.77264701 0.83696719 0.91734634 1.0157001 1.1322996 1.2646065 1.4065067 1.5487503 1.6809908 1.7946905 1.8853151 1.9527075 1.9998675 2.0311992 2.0511185 2.0633135 2.070534 2.0746749 2.076964 2.0781547 2.0786777 2.0787423 2.0783844 2.0774532 2.0755015 2.0714873 2.0630501 2.0448136 2.0045785 1.9159132 1.7298749 1.3907539 0.91957742 0.46506053 0.1377975 -0.10413017 -0.36728837 -0.73738438 -1.2076221 -1.6485219
0.47517566 0.48394528 0.49221587 0.49997701 0.50724421 0.51405978 0.52049291 0.52663924 0.53262055 0.53858513 0.54470942 0.55120168 0.55830828 0.56632343 0.57560329 0.58658531 0.59981397 0.61597378 0.6359298 0.6607741 0.69187272 0.73089997 0.77983373 0.84086543 0.91615637 1.007364 1.1149055 1.2370702 1.3693394 1.504469 1.6337294 1.7490344 1.8449737 1.919731 1.9746422 2.0129504 2.0385192 2.0549484 2.0651586 2.071311 2.0749002 2.0769027 2.0779198 2.0782869 2.0781389 2.0774272 2.0758658 2.0727583 2.06658 2.0540319 2.0279734 1.9732324 1.8598925 1.6404386 1.277296 0.81703809 0.39243345 0.073766027 -0.18977172 -0.49032675 -0.88435038 -1.3332131 -1.7195474
0.48766703 0.49591633 0.5037274 0.5111163 0.5181236 0.52481489 0.53128103 0.53763837 0.5440296 0.55062564 0.55762919 0.56528052 0.57386616 0.58373115 0.59529566 0.60907658 0.62571463 0.64600676 0.67094195 0.70173552 0.73985104 0.78698937 0.8450111 0.91574389 1.000622 1.1001341 1.2131457 1.3363233 1.4640356 1.589067 1.7041077 1.8034572 1.8841537 1.9460893 1.9912827 2.0228367 2.0440415 2.0578228 2.0665118 2.071828 2.0749653 2.0767072 2.0775314 2.0776856 2.0772232 2.0759872 2.0735123 2.0687763 2.0596494 2.0417227 2.005938 1.934341 1.7949673 1.545171 1.1663366 0.72023056 0.31797722 -0.00025700651 -0.28750017 -0.61826808 -1.020471 -1.4380304 -1.7752586
0.49989474 0.50777175 0.5152932 0.52249839 0.52944999 0.53623465 0.54296375 0.54977451 0.55683204 0.56433282 0.5725099 0.58164064 0.59205733 0.6041613 0.61844094 0.6354938 0.65605233 0.68101128 0.71145238 0.74865746 0.79409429 0.84935 0.91597785 0.99522051 1.0875921 1.1923593 1.3070665 1.4273566 1.5473504 1.6606505 1.7616784 1.8467968 1.9147614 1.9664335 2.004044 2.0303933 2.0482443 2.0599791 2.067475 2.072115 2.0748616 2.0763441 2.0769342 2.0767925 2.075877 2.0738928 2.0701437 2.0631999 2.0502073 2.0255118 1.9781078 1.8877336 1.7221117 1.4461248 1.0583585 0.626641 0.239484 -0.084052536 -0.39397455 -0.74540373 -1.1425596 -1.5245413 -1.8192059
0.51209695 0.51975953 0.52716669 0.53437861 0.54147823 0.54857224 0.55579249 0.56329807 0.57127863 0.57995913 0.58960661 0.60053936 0.61313883 0.62786457 0.64527214 0.66603341 0.69095728 0.72100722 0.75730824 0.80113124 0.85383623 0.91674967 0.99095026 1.0769498 1.1742944 1.2811778 1.3942381 1.5087328 1.6191906 1.720412 1.8084678 1.8813069 1.9387926 1.9822688 2.0139268 2.0362188 2.0514517 2.0615737 2.0681091 2.0721798 2.0745651 2.0757663 2.0760569 2.0755056 2.073956 2.0709404 2.0654756 2.0556414 2.0377558 2.0048398 1.9440553 1.8335529 1.6425088 1.3448612 0.95300137 0.53400995 0.15573224 -0.17630683 -0.50523133 -0.86713855 -1.2495966 -1.5955893 -1.8541102
0.5244979 0.53210906 0.5395793 0.54698816 0.55443791 0.56205505 0.5699925 0.57843261 0.58759154 0.59772516 0.6091369 0.62218773 0.63730851 0.65501438 0.67592062 0.70075826 0.73038614 0.76579368 0.80808503 0.85843063 0.91796861 0.98763752 1.0679308 1.1585883 1.2582848 1.3644306 1.4732256 1.5800674 1.6802725 1.7699034 1.8464075 1.908858 1.957777 1.9946941 2.0216402 2.0407288 2.0538838 2.0627068 2.0684445 2.0720116 2.0740375 2.0749113 2.0748107 2.0737015 2.0712901 2.0668972 2.0591946 2.0456954 2.0218115 1.979232 1.903546 1.7721968 1.5573585 1.2423739 0.84943454 0.44059353 0.066467201 -0.27486876 -0.61732372 -0.98033955 -1.3420133 -1.6538853 -1.8820258
0.5373046 0.54502926 0.5527397 0.56053393 0.56853318 0.57688401 0.58576118 0.59537154 0.60595917 0.61781209 0.63127061 0.6467374 0.66468901 0.68568821 0.71039548 0.73957715 0.77410528 0.81494225 0.86309959 0.91955824 0.98513704 1.0603022 1.1449275 1.2380445 1.3376599 1.4407424 1.5434664 1.6417155 1.7317346 1.8107245 1.8771878 1.9309435 1.9728695 2.00451 2.0276889 2.0442127 2.0556882 2.0634386 2.0684882 2.0715836 2.0732262 2.0737017 2.0730885 2.0712355 2.067685 2.0615055 2.0509681 2.0329547 2.0019296 1.9483222 1.8565339 1.704233 1.4677295 1.1391528 0.74669455 0.34529829 -0.027714552 -0.37711627 -0.7268265 -1.0832819 -1.4210462 -1.701796 -1.9044961
0.55070481 0.55870742 0.56683311 0.57519784 0.58394175 0.59323177 0.60326508 0.61427364 0.6265298 0.6403533 0.65611943 0.67426818 0.69531374 0.71985289 0.74857011 0.78223569 0.82169109 0.86781406 0.92145376 0.98332658 1.0538674 1.1330418 1.2201463 1.3136474 1.4111343 1.5094537 1.6050524 1.6944713 1.7748599 1.844354 1.9022159 1.9487302 1.9849353 2.0122999 2.0324323 2.0468711 2.0569607 2.0637987 2.0682281 2.0708539 2.0720644 2.0720441 2.0707655 2.0679426 2.0629252 2.0544889 2.0404544 2.0170265 1.9777231 1.9118642 1.8031365 1.6303087 1.3744821 1.0353303 0.64394377 0.24770835 -0.1255659 -0.48034084 -0.83111838 -1.1753702 -1.4882716 -1.7412929 -1.9226823
0.5648657 0.57330831 0.58202041 0.59113568 0.60081308 0.61123996 0.62263597 0.63525779 0.64940492 0.6654263 0.68372749 0.70477794 0.72911692 0.75735654 0.79017863 0.82832122 0.8725489 0.92359981 0.98210266 1.0484595 1.1226984 1.2043126 1.2921233 1.3842164 1.4780084 1.5704723 1.6585017 1.7393319 1.810905 1.8720771 1.92263 1.9631176 1.9946207 2.0184889 2.0361262 2.0488404 2.0577589 2.0637933 2.0676352 2.0697668 2.0704709 2.0698301 2.0676997 2.0636397 2.056778 2.0455595 2.0273139 1.9975467 1.9488759 1.8697304 1.743596 1.5510761 1.2782599 0.93085555 0.54063603 0.14802302 -0.22544031 -0.58206698 -0.92844936 -1.2567971 -1.5453174 -1.7739757 -1.9374617
0.57993282 0.58897305 0.59843694 0.60847544 0.61926605 0.63101607 0.64396671 0.65839779 0.67463305 0.69304582 0.71406442 0.7381763 0.76592951 0.79792885 0.83482359 0.8772822 0.92594893 0.98137719 1.0439367 1.1136967 1.1902974 1.2728334 1.3597864 1.4490486 1.5380665 1.6241017 1.7045643 1.7773376 1.8410113 1.8949699 1.9393337 1.9747947 2.0024072 2.0233868 2.0389507 2.0502101 2.0581111 2.0634091 2.066666 2.068253 2.0683513 2.0669363 2.0637336 2.0581285 2.0489986 2.0344253 2.0112197 1.9741915 1.9151503 1.8219019 1.6782396 1.4671463 1.1795333 0.82565365 0.43659196 0.046928763 -0.32554711 -0.68025973 -1.0178567 -1.3282344 -1.5937081 -1.801125 -1.9494997
0.59602897 0.60581807 0.616191 0.6273154 0.63938643 0.65263014 0.66730735 0.68371792 0.70220506 0.72315943 0.74702183 0.7742835 0.80548208 0.84119037 0.88199492 0.92846017 0.98107472 1.0401773 1.1058638 1.1778839 1.2555431 1.337638 1.4224536 1.5078511 1.5914505 1.6708859 1.7440807 1.8094774 1.8661694 1.913913 1.9530367 1.9842865 2.0086533 2.0272174 2.0410299 2.0510342 2.0580222 2.0626164 2.0652632 2.0662307 2.0655979 2.0632258 2.0586964 2.0511992 2.0393358 2.0207982 1.9918665 1.9466861 1.8763877 1.7684526 1.607445 1.3790742 1.0786713 0.71974423 0.33199762 -0.054565053 -0.42416912 -0.77341391 -1.0990048 -1.3905987 -1.6347967 -1.8237583 -1.9593022
0.61325324 0.62393381 0.63536234 0.64772211 0.66122446 0.67611203 0.69266209 0.71118992 0.73205168 0.75564616 0.7824143 0.81283494 0.84741486 0.88667046 0.93109808 0.98113041 1.037077 1.0990502 1.1668811 1.2400385 1.3175688 1.3980792 1.4797876 1.5606472 1.6385373 1.7114878 1.777889 1.836641 1.8872136 1.9296153 1.9642922 1.991992 2.0136243 2.0301408 2.042446 2.0513385 2.0574784 2.0613709 2.0633574 2.0636062 2.0620912 2.0585502 2.0524064 2.0426342 2.0275371 2.0044008 1.9689787 1.9148094 1.832506 1.7095324 1.5316187 1.287369 0.9760164 0.61330937 0.2273464 -0.15529611 -0.51981716 -0.8605485 -1.1720085 -1.4448909 -1.6697451 -1.8426806 -1.9672519
0.63167994 0.64338351 0.65600073 0.66972881 0.68479306 0.70144955 0.71998765 0.74073204 0.76404369 0.79031886 0.81998491 0.85349139 0.89129438 0.9338319 0.98148823 1.034546 1.0931264 1.1571214 1.2261264 1.2993858 1.3757699 1.4537993 1.5317276 1.6076813 1.679837 1.7466035 1.8067714 1.8596008 1.9048339 1.9426425 1.9735294 1.998213 2.0175151 2.0322684 2.043248 2.0511271 2.0564498 2.0596159 2.060868 2.0602751 2.0577012 2.0527508 2.0446741 2.0322122 2.0133543 1.9849726 1.9423156 1.8783967 1.7834944 1.6453546 1.4511873 1.1925202 0.87194649 0.50671231 0.1233472 -0.25409908 -0.61131527 -0.94114064 -1.2372742 -1.492098 -1.6995314 -1.8585258 -1.9736301
0.65135779 0.66420234 0.67812486 0.69333428 0.71006679 0.72858783 0.74919336 0.77221031 0.79799524 0.82693027 0.85941522 0.89585414 0.93663485 0.98209962 1.0325063 1.08798 1.1484579 1.2136333 1.2829083 1.355367 1.4297845 1.5046798 1.5784156 1.6493357 1.7159168 1.7769075 1.8314278 1.8790117 1.9195928 1.9534421 1.9810795 2.0031763 2.0204664 2.0336738 2.0434595 2.0503857 2.0548929 2.0572833 2.057704 2.0561231 2.0522887 2.0456615 2.035305 2.0197127 1.9965485 1.9622758 1.9116764 1.8373409 1.729409 1.5761872 1.3665999 1.0950271 0.76691226 0.40047659 0.020821037 -0.34991934 -0.69782534 -1.0150321 -1.2953746 -1.5331378 -1.7249671 -1.8717877 -1.9786259
0.67230933 0.68639675 0.70172195 0.71850264 0.73698213 0.75743025 0.78014328 0.80544243 0.83367004 0.86518252 0.9003389 0.9394836 0.98292234 1.0308903 1.0835131 1.1407612 1.2024043 1.2679693 1.3367144 1.407627 1.4794566 1.5507848 1.6201286 1.6860639 1.7473486 1.8030223 1.852467 1.8954202 1.9319447 1.9623664 1.9871963 2.0070501 2.0225767 2.0344015 2.0430833 2.0490851 2.0527524 2.0542949 2.0537654 2.0510277 2.0457073 2.037111 2.0241035 2.0049196 1.9768949 1.9360995 1.8769031 1.7915927 1.6703696 1.5023505 1.278336 0.99542317 0.66144893 0.29523912 -0.079395569 -0.44188485 -0.77882794 -1.0823321 -1.3469569 -1.568833 -1.746716 -1.8828391 -1.9823277
0.69453082 0.70994456 0.72674799 0.7451641 0.7654389 0.78784107 0.81266033 0.8402039 0.87079027 0.90473931 0.94235782 0.98391958 1.0296392 1.0796402 1.1339178 1.1923008 1.2544158 1.3196618 1.387203 1.455987 1.5247927 1.592307 1.6572228 1.7183435 1.7746769 1.8255034 1.8704085 1.9092765 1.942254 1.9696908 1.992073 2.0099571 2.0239117 2.0344721 2.0421052 2.0471832 2.0499627 2.0505639 2.0489442 2.0448596 2.0378053 2.0269252 2.010875 1.9876252 1.9541868 1.9062641 1.8378842 1.7411615 1.6065582 1.4242175 1.186915 0.89428882 0.55616489 0.19169134 -0.17652849 -0.52933893 -0.85407713 -1.1433295 -1.3926813 -1.5999014 -1.7653111 -1.8919378 -1.9846913
0.71799259 0.73479564 0.75312896 0.77321688 0.7953032 0.81964958 0.84653218 0.8762362 0.90904738 0.94523977 0.98505915 1.0287015 1.0762865 1.1278277 1.1831997 1.2421084 1.3040674 1.3683871 1.4341839 1.5004117 1.5659182 1.6295202 1.6900909 1.7466433 1.7983999 1.8448353 1.8856888 1.9209484 1.9508106 1.9756287 1.9958543 2.0119836 2.0245104 2.0338874 2.040497 2.0446271 2.0464494 2.0459957 2.0431261 2.0374841 2.0284277 2.0149296 1.9954303 1.967634 1.92824 1.8726255 1.7945568 1.6861168 1.5382195 1.3422164 1.0929015 0.79225091 0.4517143 0.090520639 -0.26991955 -0.61184225 -0.92354455 -1.1984224 -1.4331813 -1.6269543 -1.7811633 -1.8992142 -1.9854737
0.74264006 0.76087339 0.78076295 0.80253015 0.82641151 0.85265573 0.88151871 0.91325632 0.948114 0.98631291 1.0280321 1.0733866 1.1224028 1.1749913 1.2309211 1.2897986 1.3510555 1.4139509 1.4775921 1.5409744 1.603039 1.6627428 1.7191314 1.7714042 1.8189623 1.8614334 1.8986713 1.9307337 1.9578439 1.9803439 1.998646 2.0131873 2.0243909 2.0326334 2.0382186 2.0413545 2.0421304 2.0404891 2.0361913 2.0287626 2.017418 2.0009525 1.9775876 1.9447663 1.8988965 1.8350783 1.7469105 1.6265899 1.4656619 1.2568309 0.99690392 0.68997015 0.34876153 -0.0076393172 -0.35905572 -0.68915386 -0.98736297 -1.248063 -1.4690394 -1.6504967 -1.7945593 -1.904637 -1.9841209
0.76839536 0.78807696 0.80952317 0.83294808 0.85857594 0.88663685 0.91736045 0.95096708 0.98765618 1.0275914 1.0708827 1.1175654 1.167578 1.2207399 1.276733 1.3350888 1.3951872 1.4562683 1.5174608 1.5778253 1.6364094 1.6923094 1.744729 1.7930277 1.8367525 1.8756494 1.9096551 1.9388721 1.9635331 1.9839602 2.0005233 2.0136022 2.0235537 2.030683 2.0352198 2.0372953 2.036917 2.0339381 2.0280163 2.0185551 2.0046208 1.984827 1.9571768 1.9188619 1.8660289 1.7935604 1.6949904 1.5627759 1.3892572 1.1685974 0.89956625 0.58811985 0.2479448 -0.10224461 -0.44357751 -0.76120042 -1.0457754 -1.2927178 -1.5007717 -1.6709243 -1.8056446 -1.9079476 -1.9796005
0.79515965 0.81628423 0.83926172 0.86429463 0.89159022 0.92135502 0.95378732 0.98906735 1.0273449 1.0687242 1.1132468 1.1608728 1.2114621 1.2647577 1.3203736 1.3777911 1.4363649 1.4953423 1.5538954 1.6111642 1.666307 1.7185516 1.7672419 1.811872 1.8521055 1.8877782 1.9188849 1.9455544 1.968017 1.9865687 2.0015361 2.0132435 2.021985 2.0279984 2.0314423 2.0323726 2.0307153 2.0262323 2.0184751 2.006721 1.9898839 1.9663944 1.934042 1.8897844 1.8295442 1.7480566 1.6388996 1.4949342 1.3094375 1.0780976 0.8015526 0.4873605 0.14984461 -0.19286232 -0.5232719 -0.82804108 -1.0990922 -1.3328386 -1.5288159 -1.6885126 -1.8143869 -1.9085592 -1.9701857
0.8228159 0.84535534 0.86981402 0.89637893 0.92523621 0.95656465 0.99052744 1.0272617 1.0668661 1.109386 1.1547984 1.2029953 1.2537695 1.3068032 1.3616627 1.4178008 1.4745692 1.5312424 1.5870503 1.641219 1.6930147 1.7417854 1.7869959 1.828251 1.8653063 1.8980642 1.9265587 1.950931 1.9714006 1.9882339 2.0017135 2.0121107 2.0196593 2.0245327 2.0268205 2.0265041 2.0234274 2.0172588 2.007441 1.9931217 1.9730606 1.9455066 1.9080455 1.8574244 1.7893883 1.6986022 1.5788016 1.4233871 1.2266896 0.98594609 0.70352808 0.38831451 0.054960234 -0.2791782 -0.59805531 -0.88983258 -1.1476567 -1.3688407 -1.5535186 -1.7033947 -1.8205158 -1.9054208 -1.9532349
0.85123222 0.87513666 0.90100355 0.92900092 0.95929035 0.99201984 1.0273151 1.0652689 1.1059293 1.1492858 1.1952563 1.2436743 1.2942782 1.3467053 1.4004921 1.4550819 1.5098413 1.5640854 1.6171101 1.6682287 1.7168083 1.7623034 1.8042811 1.8424363 1.8765954 1.906709 1.9328356 1.955119 1.9737618 1.9889984 2.0010681 2.0101902 2.0165412 2.0202315 2.021283 2.019603 2.0149521 2.0069036 1.9947884 1.9776228 1.9540122 1.9220298 1.8790714 1.8217042 1.7455494 1.645286 1.5149202 1.3485164 1.1415456 0.89277492 0.60613778 0.29154438 -0.036304427 -0.36099365 -0.66795124 -0.94679735 -1.1918171 -1.4010845 -1.5751182 -1.7155249 -1.8234383 -1.8968643 -1.9250826
0.88026541 0.90546504 0.9326468 0.96195695 0.99352996 1.0274811 1.0638977 1.1028286 1.1442734 1.1881706 1.2343866 1.2827063 1.3328266 1.3843552 1.4368146 1.4896538 1.5422671 1.5940191 1.6442749 1.6924314 1.7379478 1.7803707 1.8193527 1.8546602 1.8861735 1.9138767 1.9378418 1.9582075 1.9751557 1.9888872 1.9995983 2.0074581 2.012587 2.015034 2.014754 2.0115796 2.0051871 1.9950526 1.980394 1.9600956 1.9326113 1.8958469 1.8470289 1.7825811 1.6980618 1.5882517 1.4475382 1.2707558 1.0545693 0.79921513 0.50998677 0.19753641 -0.1236461 -0.43821498 -0.73306619 -0.99919555 -1.2319033 -1.4298569 -1.5937191 -1.7246257 -1.8221376 -1.8804862 -1.8812531
0.90976472 0.93617209 0.96455808 0.99504506 1.0277389 1.0627213 1.1000415 1.1397064 1.181671 1.2258287 1.2720026 1.3199396 1.3693077 1.419698 1.4706324 1.5215774 1.5719635 1.6212095 1.6687488 1.7140563 1.7566729 1.7962241 1.832432 1.8651196 1.8942067 1.9196998 1.9416757 1.9602625 1.9756184 1.98791 1.997291 2.0038814 2.0077463 2.0088747 2.007154 2.0023419 1.9940292 1.9815937 1.9641395 1.9404202 1.9087436 1.8668616 1.8118563 1.7400513 1.6470076 1.5276979 1.3769928 1.1905821 0.9663418 0.70587862 0.41562321 0.10669094 -0.2068599 -0.51083812 -0.79356601 -1.0473009 -1.2682072 -1.4553511 -1.6092575 -1.7301219 -1.8150783 -1.8531623 -1.817266
0.93957558 0.96708834 0.996554 1.0280698 1.0617123 1.09753 1.1355356 1.1756972 1.21793 1.2620889 1.3079626 1.3552701 1.4036617 1.4527231 1.5019863 1.5509435 1.5990667 1.6458298 1.6907316 1.733318 1.7732009 1.8100718 1.8437093 1.8739796 1.9008313 1.9242838 1.9444124 1.9613305 1.9751706 1.9860645 1.9941237 1.9994196 2.0019635 2.0016839 1.9984012 1.9917972 1.9813767 1.9664184 1.9459132 1.9184874 1.8823118 1.8350014 1.773524 1.6941519 1.5925185 1.4638761 1.303669 1.1085021 0.8774446 0.61334122 0.32352579 0.019318863 -0.28583146 -0.57893099 -0.84965366 -1.0913792 -1.3009617 -1.4776404 -1.6214575 -1.7310721 -1.8001648 -1.8113473 -1.7301605
0.96954317 0.99804702 1.0284575 1.0608461 1.0952605 1.1317172 1.1701949 1.2106268 1.2528938 1.2968196 1.3421665 1.3886355 1.4358684 1.4834554 1.5309457 1.5778629 1.6237229 1.6680535 1.7104141 1.7504139 1.7877255 1.8220951 1.8533462 1.8813778 1.9061577 1.9277113 1.9461075 1.9614419 1.9738199 1.9833379 1.9900657 1.9940268 1.9951785 1.9933894 1.9884125 1.9798534 1.9671303 1.9494231 1.9256119 1.8942018 1.853238 1.8002202 1.7320376 1.6449635 1.5347748 1.3970862 1.2279905 1.0250396 0.7884438 0.52212837 0.23409605 -0.064356451 -0.36052534 -0.64261529 -0.90154894 -1.1316685 -1.3303201 -1.4966474 -1.6297826 -1.7261193 -1.7748304 -1.7517996 -1.6203655
0.99951567 1.0288875 1.0601012 1.0932028 1.1282119 1.1651155 1.2038611 1.2443517 1.2864399 1.3299249 1.3745509 1.4200086 1.4659399 1.511946 1.5575994 1.6024577 1.646081 1.6880483 1.727974 1.7655223 1.8004175 1.8324503 1.8614792 1.8874271 1.9102739 1.9300454 1.9468001 1.9606137 1.971563 1.9797092 1.9850802 1.9876519 1.9873281 1.9839173 1.9771049 1.9664202 1.9511947 1.9305117 1.9031441 1.867484 1.8214665 1.7625018 1.6874398 1.5926102 1.4740034 1.3276706 1.1504089 0.94072062 0.69987532 0.43270463 0.14765562 -0.14419289 -0.43097124 -0.70204856 -0.9494695 -1.1683599 -1.3563316 -1.5121098 -1.6333941 -1.7135011 -1.7363516 -1.672725 -1.4928785
