Interpolating SPI Data/spi_stations/interpolated_spi/8-23_3.tif
NCOLS 257
NROWS 141
XLLCORNER -178.27925
YLLCORNER 5.3153543
DX 0.49934803
DY 0.49997533
NODATA_VALUE -9999
[rows 81 to 107 of 141, columns 0 to 61 of 257]
-0.066430533 -0.069252843 -0.07246667 -0.076087979 -0.080130843 -0.08460657 -0.089522646 -0.094881488 -0.100679 -0.10690294 -0.11353123 -0.12053008 -0.12785228 -0.13543568 -0.14320202 -0.15105648 -0.15888807 -0.16657107 -0.17396782 -0.18093275 -0.18731762 -0.19297768 -0.19777835 -0.20160167 -0.20435207 -0.2059607 -0.206388 -0.2056242 -0.20368774 -0.20062212 -0.19649133 -0.19137474 -0.18536171 -0.17854667 -0.17102483 -0.16288879 -0.1542262 -0.14511827 -0.13563923 -0.12585638 -0.11583076 -0.10561809 -0.095270025 -0.084835494 -0.074362072 -0.063897355 -0.053490293 -0.043192492 -0.033059532 -0.023152373 -0.013538979 -0.0042964009 0.0044863063 0.01270364 0.020226434 0.026889489 0.032469416 0.036643359 0.038909519 0.038430554 0.033723542 0.022068521
-0.082270234 -0.085635033 -0.089393564 -0.093555839 -0.098128594 -0.10311427 -0.10850983 -0.11430547 -0.12048315 -0.12701516 -0.13386263 -0.14097425 -0.14828515 -0.15571636 -0.16317479 -0.17055407 -0.17773629 -0.18459484 -0.19099819 -0.19681461 -0.20191744 -0.20619063 -0.20953397 -0.21186758 -0.2131352 -0.21330603 -0.2123748 -0.21036042 -0.20730313 -0.20326081 -0.19830464 -0.19251469 -0.1859758 -0.17877396 -0.17099338 -0.16271446 -0.15401239 -0.14495655 -0.13561051 -0.12603241 -0.11627579 -0.10639057 -0.096424241 -0.086423075 -0.076433402 -0.066502896 -0.056681888 -0.04702478 -0.037591631 -0.028450129 -0.01967823 -0.011368031 -0.0036318307 0.0033878427 0.0095008782 0.014438452 0.017795496 0.018922168 0.016717944 0.009250953 -0.0068779016 -0.037278642
-0.098862653 -0.10272718 -0.10697503 -0.11160866 -0.11662589 -0.12201884 -0.1277728 -0.13386496 -0.14026323 -0.14692508 -0.15379661 -0.16081191 -0.16789282 -0.17494937 -0.18188086 -0.18857771 -0.19492428 -0.20080228 -0.20609496 -0.21069158 -0.21449199 -0.21741086 -0.21938119 -0.22035681 -0.22031365 -0.21924971 -0.2171837 -0.21415269 -0.21020899 -0.20541654 -0.19984727 -0.1935776 -0.18668538 -0.17924742 -0.17133761 -0.1630257 -0.15437667 -0.1454506 -0.136303 -0.12698536 -0.11754605 -0.10803134 -0.098486455 -0.088956824 -0.079489322 -0.07013364 -0.06094383 -0.05198017 -0.043311589 -0.035019095 -0.027200934 -0.019980836 -0.013521788 -0.0080498266 -0.0038963502 -0.0015747563 -0.0019201038 -0.0063389816 -0.017225211 -0.038511092 -0.075858529 -0.13470393
-0.1160423 -0.12034352 -0.12500425 -0.13001821 -0.13537337 -0.14105092 -0.14702428 -0.15325813 -0.15970755 -0.16631739 -0.17302196 -0.17974515 -0.18640105 -0.19289522 -0.19912659 -0.20499005 -0.21037956 -0.21519182 -0.21933 -0.22270756 -0.22525161 -0.22690574 -0.22763186 -0.22741116 -0.22624388 -0.22414816 -0.22115804 -0.21732078 -0.21269394 -0.20734227 -0.20133477 -0.19474215 -0.18763459 -0.18008017 -0.17214372 -0.1638862 -0.15536451 -0.14663167 -0.13773736 -0.12872857 -0.11965053 -0.11054774 -0.10146509 -0.092449201 -0.083549809 -0.07482157 -0.066326277 -0.058135905 -0.050337064 -0.043037844 -0.036378862 -0.030551669 -0.025830301 -0.022626286 -0.021585194 -0.023753828 -0.030854542 -0.04567025 -0.072344729 -0.11577643 -0.17836088 -0.25384482
-0.13362306 -0.13828002 -0.14325956 -0.14854614 -0.1541177 -0.15994483 -0.16598999 -0.17220694 -0.1785404 -0.18492594 -0.19129032 -0.19755232 -0.20362404 -0.20941275 -0.21482327 -0.21976078 -0.22413392 -0.22785797 -0.23085798 -0.2330715 -0.23445082 -0.23496437 -0.23459738 -0.23335167 -0.23124457 -0.22830721 -0.22458238 -0.22012193 -0.2149843 -0.20923197 -0.20292928 -0.19614056 -0.18892866 -0.18135396 -0.17347375 -0.165342 -0.15700953 -0.14852431 -0.13993217 -0.13127756 -0.12260454 -0.11395793 -0.10538461 -0.096935187 -0.088665991 -0.080641806 -0.072939719 -0.065654854 -0.058909305 -0.052866531 -0.047755168 -0.04390909 -0.041835292 -0.042327796 -0.046651053 -0.056803614 -0.075785656 -0.1074996 -0.1553251 -0.21834659 -0.2873549 -0.34769484
-0.15140745 -0.15632524 -0.16151694 -0.16695799 -0.17261695 -0.17845499 -0.18442549 -0.19047385 -0.19653767 -0.2025472 -0.20842623 -0.21409341 -0.21946404 -0.22445218 -0.2289731 -0.23294602 -0.23629671 -0.23896011 -0.24088254 -0.24202344 -0.24235651 -0.24187014 -0.24056718 -0.23846401 -0.2355891 -0.23198116 -0.22768704 -0.22275959 -0.21725553 -0.21123356 -0.20475278 -0.19787137 -0.19064567 -0.18312964 -0.17537462 -0.16742937 -0.15934043 -0.15115266 -0.14290997 -0.13465636 -0.12643699 -0.11829971 -0.11029683 -0.10248754 -0.094941268 -0.087742467 -0.080997918 -0.074848077 -0.06948524 -0.0651831 -0.062345206 -0.061583856 -0.063844465 -0.070585585 -0.083985367 -0.10700682 -0.14283439 -0.19288182 -0.25345163 -0.3144199 -0.36426741 -0.39755552
-0.16919687 -0.17427175 -0.17956251 -0.18503645 -0.19065419 -0.19636945 -0.20212901 -0.20787302 -0.21353557 -0.21904559 -0.22432818 -0.22930616 -0.23390207 -0.23804028 -0.24164928 -0.24466396 -0.24702766 -0.24869407 -0.24962856 -0.24980909 -0.24922652 -0.24788436 -0.24579798 -0.24299337 -0.23950563 -0.23537715 -0.23065585 -0.22539335 -0.21964336 -0.2134603 -0.20689817 -0.20000968 -0.19284578 -0.18545542 -0.17788556 -0.17018149 -0.16238734 -0.15454682 -0.14670419 -0.1389055 -0.13120024 -0.12364335 -0.11629819 -0.10924052 -0.10256454 -0.09639182 -0.09088537 -0.086271652 -0.082875659 -0.081176378 -0.081892326 -0.086104993 -0.095409695 -0.1120171 -0.13856393 -0.17714688 -0.22719578 -0.28324217 -0.33580851 -0.37663923 -0.40320834 -0.41802116
-0.18680179 -0.19192689 -0.19720352 -0.20259236 -0.20804803 -0.21351919 -0.21894892 -0.22427531 -0.22943243 -0.2343515 -0.23896242 -0.24319542 -0.24698297 -0.25026174 -0.25297445 -0.25507167 -0.25651325 -0.25726952 -0.25732189 -0.25666315 -0.25529721 -0.25323841 -0.2505105 -0.24714531 -0.24318132 -0.23866207 -0.23363467 -0.22814841 -0.22225354 -0.2160003 -0.20943816 -0.20261537 -0.19557874 -0.18837367 -0.18104444 -0.1736347 -0.16618826 -0.15875007 -0.15136762 -0.14409272 -0.13698396 -0.13011013 -0.12355507 -0.11742494 -0.11185902 -0.10704635 -0.10325144 -0.10085377 -0.10040739 -0.10272627 -0.10899207 -0.1208487 -0.1403643 -0.16959141 -0.20937242 -0.2575118 -0.30785234 -0.35242157 -0.38573934 -0.40705654 -0.4189407 -0.42474713
-0.20405076 -0.20912179 -0.21427704 -0.21947247 -0.22465896 -0.22978272 -0.23478591 -0.23960758 -0.24418477 -0.24845386 -0.25235205 -0.25581905 -0.25879864 -0.26124037 -0.26310095 -0.26434547 -0.26494836 -0.26489388 -0.26417633 -0.26279983 -0.2607777 -0.25813166 -0.25489066 -0.25108967 -0.24676838 -0.24196992 -0.23673963 -0.23112408 -0.22517014 -0.21892438 -0.21243267 -0.20573992 -0.19889023 -0.19192709 -0.18489398 -0.17783509 -0.17079653 -0.16382773 -0.15698359 -0.15032729 -0.14393426 -0.13789802 -0.1323386 -0.12741522 -0.12334528 -0.12043287 -0.11911082 -0.12000023 -0.12398683 -0.13229748 -0.14651703 -0.16840159 -0.19925247 -0.2387172 -0.28354053 -0.32773749 -0.36510275 -0.39225564 -0.40943995 -0.41903115 -0.42373778 -0.42567163
-0.22079744 -0.22571772 -0.23065529 -0.23556345 -0.24039164 -0.24508605 -0.24959051 -0.25384747 -0.25779925 -0.26138936 -0.26456387 -0.26727285 -0.26947173 -0.27112249 -0.27219466 -0.27266611 -0.27252344 -0.27176215 -0.27038643 -0.26840866 -0.26584868 -0.2627329 -0.2590932 -0.25496586 -0.25039048 -0.24540891 -0.24006444 -0.23440096 -0.22846247 -0.22229271 -0.215935 -0.20943234 -0.20282771 -0.19616466 -0.18948815 -0.18284579 -0.17628956 -0.16987809 -0.16367998 -0.15777841 -0.15227778 -0.14731338 -0.14306562 -0.13978076 -0.13780093 -0.13760605 -0.13986789 -0.14550836 -0.15573164 -0.17195383 -0.19548921 -0.2268428 -0.26470315 -0.30534201 -0.34347755 -0.37456123 -0.39667995 -0.41057332 -0.41832731 -0.42212027 -0.42362632 -0.42393157
-0.23692522 -0.2416097 -0.24624786 -0.25079238 -0.25519337 -0.25939914 -0.26335719 -0.26701526 -0.27032247 -0.27323057 -0.27569513 -0.27767667 -0.2791417 -0.28006354 -0.28042295 -0.28020848 -0.27941657 -0.2780514 -0.27612446 -0.27365394 -0.27066396 -0.26718368 -0.26324637 -0.25888851 -0.25414888 -0.24906784 -0.24368666 -0.23804708 -0.23219097 -0.22616031 -0.21999725 -0.21374449 -0.20744593 -0.20114761 -0.19489905 -0.1887552 -0.18277902 -0.17704521 -0.17164543 -0.16669572 -0.1623472 -0.15880132 -0.15633149 -0.15531282 -0.15626054 -0.15987317 -0.16706475 -0.1789455 -0.19667045 -0.22104546 -0.25185067 -0.28713982 -0.32319037 -0.35565382 -0.38135791 -0.39935579 -0.41058703 -0.4168298 -0.419834 -0.42093379 -0.42100449 -0.4205617
-0.25234913 -0.25672712 -0.26100088 -0.26512428 -0.26904985 -0.27272972 -0.27611654 -0.27916448 -0.2818303 -0.28407439 -0.28586171 -0.28716267 -0.28795382 -0.28821837 -0.2879465 -0.28713541 -0.28578922 -0.28391859 -0.28154024 -0.27867627 -0.27535343 -0.27160234 -0.26745673 -0.26295267 -0.25812793 -0.25302149 -0.24767308 -0.242123 -0.23641209 -0.23058188 -0.22467504 -0.21873605 -0.21281229 -0.20695553 -0.20122401 -0.19568545 -0.19042105 -0.18553128 -0.18114392 -0.17742537 -0.17459637 -0.17295329 -0.17289549 -0.17495686 -0.17983321 -0.18838374 -0.20156108 -0.22019947 -0.24459947 -0.27397011 -0.30605665 -0.3374609 -0.36478691 -0.38592086 -0.40051935 -0.4095559 -0.41451906 -0.41681427 -0.41750887 -0.41731067 -0.41664322 -0.41573606
-0.26701557 -0.2710321 -0.2748939 -0.27855743 -0.28197908 -0.28511592 -0.28792664 -0.29037245 -0.29241796 -0.294032 -0.29518835 -0.29586634 -0.29605127 -0.29573468 -0.2949144 -0.29359445 -0.29178476 -0.28950071 -0.28676263 -0.28359516 -0.28002657 -0.27608818 -0.27181366 -0.26723853 -0.26239971 -0.25733523 -0.25208403 -0.24668603 -0.24118236 -0.23561581 -0.23003166 -0.22447884 -0.21901154 -0.21369156 -0.20859148 -0.20379906 -0.19942336 -0.19560318 -0.19251847 -0.19040577 -0.18957769 -0.19044587 -0.19354263 -0.19952951 -0.20916728 -0.22320459 -0.24213541 -0.26581728 -0.29307869 -0.3216266 -0.34855284 -0.37131503 -0.38857045 -0.40033179 -0.40751975 -0.4113657 -0.41299815 -0.41327267 -0.41276193 -0.41181256 -0.41061319 -0.40925056
-0.28089994 -0.28451601 -0.28793517 -0.29111764 -0.29402453 -0.29661855 -0.29886485 -0.30073175 -0.30219146 -0.30322069 -0.30380117 -0.30392 -0.30356986 -0.30274911 -0.30146166 -0.29971677 -0.29752864 -0.29491605 -0.29190177 -0.28851203 -0.28477599 -0.28072523 -0.27639329 -0.27181532 -0.26702782 -0.26206861 -0.25697686 -0.25179345 -0.24656147 -0.24132711 -0.23614093 -0.23105964 -0.22614857 -0.22148501 -0.2171629 -0.21329905 -0.21004162 -0.20758116 -0.20616472 -0.20611239 -0.20783376 -0.21183786 -0.21872199 -0.22911441 -0.24353649 -0.262161 -0.28450296 -0.30919678 -0.33410042 -0.35684503 -0.37559442 -0.38954487 -0.39890361 -0.40449815 -0.40733834 -0.40832936 -0.40815688 -0.40728293 -0.40598879 -0.40442622 -0.40266059 -0.4007015
-0.29400307 -0.29719485 -0.30015623 -0.30285193 -0.30524826 -0.30731387 -0.30902036 -0.31034289 -0.31126074 -0.31175769 -0.3118224 -0.31144855 -0.31063493 -0.30938533 -0.30770841 -0.30561737 -0.30312957 -0.30026617 -0.29705159 -0.29351312 -0.28968048 -0.28558547 -0.28126165 -0.27674427 -0.27207013 -0.26727783 -0.26240809 -0.25750437 -0.25261381 -0.24778858 -0.24308779 -0.23858001 -0.2343468 -0.23048736 -0.22712475 -0.22441392 -0.22255185 -0.22178945 -0.22244388 -0.22490747 -0.2296451 -0.23716529 -0.24794318 -0.26227381 -0.28005768 -0.30058214 -0.3224429 -0.34375876 -0.36267538 -0.37790993 -0.38902242 -0.39631278 -0.4005011 -0.40240956 -0.40276239 -0.40210746 -0.40081508 -0.39911014 -0.39711079 -0.39486135 -0.39235608 -0.38955425
-0.30634685 -0.30910421 -0.31160622 -0.31382246 -0.31572465 -0.31728729 -0.31848814 -0.31930872 -0.31973461 -0.31975583 -0.31936689 -0.31856697 -0.31735975 -0.31575335 -0.31376008 -0.31139609 -0.30868107 -0.30563788 -0.30229214 -0.29867195 -0.29480754 -0.29073113 -0.28647679 -0.28208049 -0.27758031 -0.27301686 -0.26843396 -0.26387962 -0.25940745 -0.25507861 -0.2509644 -0.24714976 -0.24373776 -0.2408555 -0.23866139 -0.23735365 -0.23717939 -0.2384419 -0.24150149 -0.24676134 -0.2546248 -0.26540845 -0.27920291 -0.29570255 -0.31407654 -0.33299454 -0.35088192 -0.36633537 -0.37848885 -0.38713948 -0.39261796 -0.39553671 -0.39656035 -0.39626566 -0.39508765 -0.39331965 -0.39113746 -0.38862825 -0.38581572 -0.38267826 -0.37916053 -0.37517917
-0.31796955 -0.32029418 -0.32234653 -0.3241011 -0.32553493 -0.3266281 -0.32736406 -0.32773 -0.32771709 -0.3273206 -0.32654001 -0.32537892 -0.32384499 -0.3219497 -0.31970815 -0.31713876 -0.31426298 -0.31110497 -0.30769135 -0.30405101 -0.30021489 -0.29621605 -0.29208967 -0.28787334 -0.28360755 -0.27933633 -0.27510836 -0.27097834 -0.26700894 -0.26327336 -0.25985862 -0.25686981 -0.25443533 -0.25271295 -0.25189638 -0.25222089 -0.25396532 -0.25744537 -0.26299002 -0.27089062 -0.28131391 -0.29418272 -0.3090563 -0.3250769 -0.34105814 -0.35573323 -0.36807261 -0.37751442 -0.38400444 -0.38786797 -0.38961658 -0.38978316 -0.38882367 -0.38707983 -0.38477983 -0.38205627 -0.37896783 -0.37551817 -0.37166978 -0.36735249 -0.36246753 -0.35688752
-0.3289213 -0.33082467 -0.33244604 -0.33376472 -0.33476279 -0.33542544 -0.33574126 -0.33570244 -0.33530491 -0.33454841 -0.33343646 -0.3319763 -0.33017871 -0.32805783 -0.32563096 -0.32291828 -0.31994264 -0.31672935 -0.31330604 -0.30970251 -0.30595084 -0.30208543 -0.29814334 -0.29416479 -0.29019383 -0.28627945 -0.2824769 -0.27884957 -0.27547144 -0.27243001 -0.26983011 -0.26779819 -0.26648696 -0.26607962 -0.26679191 -0.26886907 -0.27257286 -0.27815179 -0.28578784 -0.29551776 -0.30714068 -0.32014671 -0.33371871 -0.34684854 -0.35855205 -0.36809696 -0.37513759 -0.37970804 -0.38210845 -0.38275938 -0.38208379 -0.38043813 -0.37808645 -0.37520139 -0.37187745 -0.3681471 -0.36399494 -0.35936794 -0.35418168 -0.34832286 -0.34164854 -0.33398276
-0.33925998 -0.34076126 -0.3419771 -0.34289136 -0.34349078 -0.34376515 -0.34370756 -0.34331453 -0.34258602 -0.34152547 -0.34013975 -0.338439 -0.33643652 -0.33414857 -0.33159422 -0.32879509 -0.3257753 -0.32256128 -0.31918176 -0.3156678 -0.312053 -0.30837376 -0.3046698 -0.30098486 -0.29736771 -0.29387345 -0.29056522 -0.28751637 -0.284813 -0.28255708 -0.28086965 -0.27989383 -0.2797966 -0.28076746 -0.28301117 -0.28673035 -0.29209308 -0.29918269 -0.3079328 -0.31806379 -0.32905137 -0.34016287 -0.3505764 -0.35955239 -0.36658767 -0.37148641 -0.37433082 -0.37538621 -0.3749929 -0.37348217 -0.37112813 -0.36812982 -0.36461228 -0.3606364 -0.3562108 -0.35130225 -0.34584316 -0.33973599 -0.3328546 -0.32504304 -0.31611211 -0.30583402
-0.34904754 -0.35017163 -0.35101217 -0.35155723 -0.3517977 -0.35172747 -0.35134353 -0.35064606 -0.34963842 -0.34832712 -0.34672174 -0.34483478 -0.34268159 -0.34028015 -0.337651 -0.33481707 -0.33180365 -0.32863837 -0.32535126 -0.32197496 -0.31854498 -0.31510024 -0.31168372 -0.30834333 -0.30513315 -0.30211488 -0.29935964 -0.29695007 -0.29498252 -0.29356915 -0.2928392 -0.29293847 -0.29402513 -0.29625937 -0.29978378 -0.30469183 -0.31098456 -0.31852227 -0.32698734 -0.33588201 -0.34458158 -0.35244137 -0.35892458 -0.36370014 -0.36667331 -0.36794826 -0.36775194 -0.36635496 -0.36401219 -0.36092934 -0.35725085 -0.35306096 -0.348391 -0.34322812 -0.33752284 -0.33119444 -0.32413393 -0.31620463 -0.3072407 -0.29704404 -0.28537975 -0.27197068
-0.35834696 -0.35912268 -0.35962116 -0.35983424 -0.35975647 -0.35938531 -0.35872108 -0.35776707 -0.35652944 -0.35501723 -0.35324223 -0.35121889 -0.34896419 -0.34649758 -0.34384087 -0.34101817 -0.33805595 -0.33498307 -0.33183103 -0.32863417 -0.3254302 -0.32226073 -0.3191721 -0.31621634 -0.31345238 -0.31094744 -0.30877847 -0.30703354 -0.30581264 -0.30522746 -0.30539883 -0.30645044 -0.30849682 -0.31162375 -0.31586023 -0.32114466 -0.32729306 -0.33398332 -0.34077153 -0.34714886 -0.35262915 -0.35683831 -0.35957162 -0.36080035 -0.36063408 -0.35926152 -0.35689333 -0.35372069 -0.34989243 -0.34550706 -0.34061389 -0.33521846 -0.32928888 -0.32276128 -0.31554361 -0.3075175 -0.29853839 -0.28843411 -0.2770022 -0.26400646 -0.24917311 -0.23218737
-0.36721958 -0.36767818 -0.36786931 -0.36778816 -0.36743253 -0.36680287 -0.36590236 -0.36473685 -0.36331483 -0.3616474 -0.35974814 -0.35763307 -0.35532053 -0.35283117 -0.35018787 -0.34741583 -0.34454257 -0.34159815 -0.3386154 -0.33563031 -0.33268249 -0.32981582 -0.32707917 -0.32452734 -0.32222188 -0.32023195 -0.31863482 -0.31751556 -0.31696545 -0.31707797 -0.31794135 -0.31962632 -0.3221683 -0.32554488 -0.32965216 -0.33428763 -0.33914984 -0.34386408 -0.34803458 -0.35131085 -0.3534459 -0.35432571 -0.35396282 -0.35246218 -0.34997635 -0.34666487 -0.34266588 -0.3380809 -0.33296985 -0.32735227 -0.32121142 -0.31449889 -0.30713845 -0.29902873 -0.29004433 -0.28003567 -0.2688278 -0.25621839 -0.24197532 -0.22583459 -0.20749904 -0.18663927
-0.37572303 -0.37589668 -0.37581531 -0.37547703 -0.37488237 -0.37403437 -0.37293854 -0.37160285 -0.37003768 -0.36825575 -0.36627209 -0.36410391 -0.36177063 -0.3592938 -0.35669714 -0.35400662 -0.35125055 -0.34845981 -0.34566809 -0.34291227 -0.34023285 -0.33767444 -0.33528625 -0.33312252 -0.33124269 -0.3297111 -0.32859578 -0.32796582 -0.32788657 -0.32841192 -0.32957304 -0.33136386 -0.33372482 -0.33652886 -0.33957588 -0.34260204 -0.34530785 -0.34740115 -0.34864363 -0.34888527 -0.34807574 -0.34625159 -0.34350746 -0.33996289 -0.33573413 -0.33091526 -0.32556849 -0.31972142 -0.31336843 -0.30647377 -0.298975 -0.29078573 -0.28179738 -0.27187989 -0.26088155 -0.24862802 -0.2349211 -0.21953742 -0.20222787 -0.18271831 -0.16071277 -0.13590047
-0.38390929 -0.38382989 -0.38350981 -0.38294963 -0.38215221 -0.38112268 -0.37986847 -0.37839922 -0.37672677 -0.37486508 -0.37283018 -0.37064013 -0.368315 -0.36587685 -0.36334978 -0.36075999 -0.3581359 -0.35550831 -0.35291061 -0.35037897 -0.3479526 -0.34567382 -0.34358804 -0.34174336 -0.34018961 -0.33897644 -0.33815018 -0.33774875 -0.33779466 -0.33828569 -0.33918436 -0.34040804 -0.34182313 -0.34324756 -0.34446489 -0.34525008 -0.34540176 -0.34477179 -0.34328253 -0.34092711 -0.33775445 -0.33384597 -0.32929178 -0.32417172 -0.31854336 -0.31243638 -0.3058515 -0.298762 -0.29111623 -0.28284018 -0.27383939 -0.26400024 -0.25319037 -0.24125851 -0.228034 -0.21332615 -0.19692402 -0.17859714 -0.15809782 -0.13516607 -0.10953823 -0.080960685
-0.391823 -0.39152101 -0.39099381 -0.39024404 -0.38927643 -0.38809779 -0.38671699 -0.38514492 -0.38339441 -0.38148017 -0.3794188 -0.37722868 -0.37492994 -0.3725445 -0.37009602 -0.36760997 -0.36511361 -0.36263605 -0.36020826 -0.35786295 -0.35563441 -0.35355796 -0.35166918 -0.3500024 -0.34858849 -0.3474515 -0.3466041 -0.3460418 -0.34573626 -0.34562902 -0.3456272 -0.34560394 -0.34540577 -0.34486763 -0.34383386 -0.34217983 -0.33982809 -0.33675386 -0.33297888 -0.32855668 -0.32355445 -0.31803652 -0.31205231 -0.30562929 -0.29877039 -0.29145412 -0.28363634 -0.27525235 -0.26621887 -0.25643548 -0.24578554 -0.2341365 -0.22133988 -0.20723116 -0.19162982 -0.17434 -0.15515223 -0.13384696 -0.11020056 -0.083994828 -0.055030871 -0.023148269
-0.39949985 -0.39900312 -0.39829704 -0.39738586 -0.39627575 -0.39497473 -0.39349263 -0.39184104 -0.39003327 -0.38808422 -0.38601037 -0.38382966 -0.38156147 -0.37922649 -0.37684667 -0.37444513 -0.37204598 -0.36967412 -0.36735488 -0.36511352 -0.36297442 -0.36095988 -0.35908847 -0.35737269 -0.35581594 -0.35440888 -0.35312537 -0.35191873 -0.35071932 -0.34943491 -0.34795524 -0.34616146 -0.34393972 -0.34119607 -0.3378689 -0.33393491 -0.32940695 -0.32432467 -0.3187412 -0.31270964 -0.30627211 -0.29945277 -0.29225448 -0.28465829 -0.27662462 -0.26809516 -0.25899475 -0.24923302 -0.23870552 -0.22729442 -0.21486881 -0.20128491 -0.1863863 -0.17000448 -0.15196029 -0.13206638 -0.1101315 -0.085967161 -0.059397272 -0.030271539 0.0015170792 0.036010758
-0.40696485 -0.40629741 -0.40543607 -0.40438625 -0.40315503 -0.40175109 -0.40018468 -0.39846748 -0.39661254 -0.39463419 -0.39254786 -0.39037002 -0.38811795 -0.3858096 -0.38346332 -0.38109755 -0.37873042 -0.37637913 -0.37405928 -0.37178374 -0.3695614 -0.36739542 -0.36528119 -0.36320393 -0.36113632 -0.35903644 -0.35684684 -0.35449544 -0.35189922 -0.34897106 -0.34562924 -0.34180795 -0.3374663 -0.33259302 -0.32720532 -0.32134204 -0.31505313 -0.30838832 -0.30138739 -0.29407361 -0.28645034 -0.27850047 -0.27018739 -0.26145698 -0.25223963 -0.24245206 -0.2319988 -0.22077306 -0.20865741 -0.19552414 -0.1812356 -0.16564481 -0.14859645 -0.12992876 -0.10947655 -0.087075945 -0.062571137 -0.035823829 -0.0067255869 0.024786694 0.058712507 0.09496761
