Interpolating SPI Data/spi_stations/interpolated_spi/8-23_1.tif
NCOLS 257
NROWS 141
XLLCORNER -178.27925
YLLCORNER 5.3153543
DX 0.49934803
DY 0.49997533
NODATA_VALUE -9999
[rows 56 to 83 of 141, columns 186 to 247 of 257]
0.53992293 0.54 0.54 0.54 0.498547 0.49880867 -0.059948116 -0.06 -0.17958329 -0.20957917 -0.21 -0.21 0.070435482 0.19 1.42 1.42 1.42 1.4199999 -0.54999999 0.58999999 0.59 0.59 0.59 1.0824913 0.31 0.31 0.31 0.65 0.65 2.27 0.51 0.95 0.95 1.36 1.36 1.36 1.9698678 1.97 1.97 2.96 2.3800018 2.38 1.8378785 1.79 1.79 2.84 2.84 2.84 2.84 1.6000002 1.3074429 1.3 1.3 1.3 1.27 1.27 1.27 -0.40310577 1.96 1.96 1.96 1.9599999
0.53983606 0.54 0.54 0.54 -0.2697355 0.49993391 0.5 0.35264497 -0.19 -0.19 -0.20999776 0.19517115 0.4 0.4 0.40359099 1.4048033 -0.29999639 -0.54999999 -0.55 -0.55 0.59015034 1.1 1.1 1.1 0.31 0.31 1.2226533 1.25 1.65 1.88 0.51 0.51 0.94988675 1.36 1.36 1.68 1.68 2.28 2.28 2.86 2.86 1.5408772 1.79 1.79 1.9599992 0.81 2.8399973 2.84 2.84 1.6 1.6 1.3000438 1.3 1.3 1.27 1.27 1.27 1.2699999 1.96 1.96 1.96 1.96
-0.60611142 0.54 0.54 0.54 -0.27 -0.26893961 0.5 0.5 -0.19 -0.19 -0.18999997 0.4 0.4 0.4 -0.10794516 -0.3 -0.3 -0.54999999 -0.55 -0.55 0.61999849 0.62 1.1 1.1 0.73 0.73 1.11 1.25 1.2500045 0.4 0.40001967 1.7099988 1.71 1.6415997 1.68 1.68 1.68 1.2057571 2.28 2.28 1.54 1.54 1.35 1.35 1.96 0.81 0.34 0.34 1.5479884 1.6 1.6 1.5 1.5 1.3000787 1.27 1.27 1.27 1.9450542 1.96 1.96 1.96 1.96
-0.61 0.54 0.54 0.53999897 -0.27 -0.27 0.5 0.42 0.42 -0.19 1.519639 0.4 0.4 0.33 0.33 -0.3 -0.83139308 -0.86999876 -0.55 1.07 1.0699973 0.62 0.62 0.68 0.68 1.0899551 1.11 1.2999998 1.3 0.4 0.4 1.71 1.71 1.71 1.68 1.68 1.3 1.11 0.88000826 1.63 1.6305915 1.54 1.35 1.3500001 1.26 1.41 0.34 1.3299694 2.02 1.83 1.5 1.5 1.5 1.5 1.2700029 1.27 1.27 1.9599997 1.96 1.96 1.96 1.96
-0.60998856 0.15000009 0.15 0.14812295 -0.27 -0.27 -0.26999994 1.44 0.42002218 1.52 1.52 1.5199853 0.38 0.33 0.33 -0.87741873 -0.87 0.03 0.74 1.37 0.42 0.42001296 0.58 0.74 0.53001688 1.09 0.70000036 0.7 1.3 0.40000011 0.4217987 1.71 1.71 1.71 1.16 1.16 1.16 0.88009378 2.22 1.63 2.6 2.6 1.3500051 2.46 2.4599402 1.41 1.36 1.33 2.02 1.4424527 1.8185249 1.5 1.5 1.5 1.4999718 1.27 1.2705221 1.96 1.96 1.96 1.96 1.96
-0.06 0.15 0.15 0.15 -0.27 -0.27 1.44 1.44 1.41 0.79475839 1.52 0.38 0.38 -0.06 -1.29 -1.29 0.03 0.03 0.48 1.23 0.42 -0.23 0.58000089 0.98 0.52778758 0.19 0.7 0.7 0.70000028 1.1309899 1.97 1.97 1.97 1.97 1.16 1.16 1.16 2.33 2.33 2.13 1.68 1.74 1.58 2 2.05 2.0183446 1.52 1.3544885 1.23 1.23 1.2300002 1.5000025 1.5 1.5 1.5 1.3123055 1.6275733 1.96 1.96 1.96 1.96 1.96
-0.06 0.15 0.15 0.15 2.19 0.96011284 0.96 0.96 1.41 0.62 0.39 0.65564253 0.1 0.38573435 0.39 0.75986389 0.62 0.85 0.9 0.67 1.15 -0.22999915 1.529903 1.53 1.3100856 1.24 1.24 1.2 1.2 1.2 2.0199978 1.9700005 1.97 1.97 1.2454315 1.1600018 2.49 2.49 1.78 2.01 2.01 1.6950054 2.41 2.78 2.7460491 1.52 1.52 1.52 1.23 1.23 1.23 1.2301783 1.4999062 1.5000005 1.5000003 1.4998234 1.9453307 1.96 1.96 1.96 1.96 1.96
0.85 0.85 0.1500095 2.19 2.19 2.1899738 0.94042047 0.96 0.31 -0.43 -0.2299998 -0.39 -0.95 0.37 0.51 0.76 0.65011115 0.11 0.5313372 0.67022382 2.65 2.65 1.5300001 1.53 1.27 1.24 1.24 1.2 1.2 1.2 2.02 2.02 2.02 2.02 2.010049 2.4899881 2.4899989 1.78 2.1499996 2.15 2.01 1.67 1.67 2.78 2.7799933 1.52 1.52 1.52 1.2313604 1.23 1.23 1.2300006 1.2516341 1.4986129 1.4999941 1.5000053 1.9531792 1.9599999 1.96 1.96 1.96 1.96
0.85 0.85 1.3353021 2.19 2.19 1.0400058 0.94 0.94 0.31 0.60000245 0.42 -0.41 -0.1 -0.34 0.51000001 0.72469629 0.65 0.64999997 0.11 2 2.6496162 2.65 2.65 1.2700062 1.27 1.03 1.15 1.15 1.15 1.1586648 2.02 2.02 2.02 2.02 2.02 2.4828905 1.842678 2.15 2.15 3.06 3.06 1.67 1.67 1.9862115 2.7798911 1.5576599 1.52 1.52 1.51874 1.2300005 1.23 1.2300003 1.2301927 1.3210521 1.4946356 1.4997734 1.8502241 1.9599995 1.96 1.96 1.96 1.96
0.84136516 0.84147405 1.338404 2.1862598 2.1863844 1.04 1.04 1.12 0.24 0.16 0.38 0.63000001 0.53597152 0.61519119 0.72 0.39005716 0.39 0.39 1.9426417 2 2 2 1.5132017 0.94365102 1.03 1.03 1.15 1.15 1.15 1.15 2.0199996 2.02 2.02 2.02 2.02 2.123259 2.1499907 2.15 2.1637044 3.06 3.06 3.0500256 1.67 1.6700002 2.7791821 2.450514 1.5200004 1.52 1.51996 1.233893 1.2300005 1.2300006 1.2300385 1.2345352 1.369654 1.4882987 1.6096656 1.9599928 1.96 1.96 1.96 1.96
0.36 0.36 0.94771817 1.98 1.98 1.38 0.16 1.88 0.24 -0.049835065 0.09000001 0.69324293 0.62999833 0.52 0.61 0.39695976 0.39 0.39 1.5440059 1.52 1.52 1.708472 0.88 0.88 0.43 0.43 0.84 0.84 1.21 1.21 1.21 1.2251716 2.02 2.02 2.02 2.1496502 2.1500003 2.1509055 3.0599882 3.06 3.06 3.06 1.6966478 1.670001 1.8355265 2.6832722 1.5203697 1.5200002 1.5199832 1.396752 1.2302344 1.2300039 1.2300311 1.2308455 1.2529528 1.3933391 1.5092336 1.9597809 1.96 1.96 1.96 1.96
0.36 0.36 0.6304291 1.9799975 1.82 1.61 2.78 1.0443699 1.8788462 -0.029845298 0.45999235 0.46 0.46 0.61 0.61 0.61 0.39000009 1.91 1.91 1.52 1.52 1.52 0.88 0.88 0.43 0.5347786 0.84 0.83999918 1.21 1.21 1.21 1.21 1.2100078 2.0178034 2.020001 2.1500297 2.1528381 2.8619368 3.0599972 3.06 3.06 3.06 3.0466244 1.6836518 1.6723353 2.6336939 1.5344831 1.520037 1.5199825 1.501717 1.2410725 1.2301347 1.2300504 1.2304401 1.2357708 1.2834507 1.413768 1.9565001 1.9599989 1.96 1.96 1.9599998
-0.52 -0.27967777 0.07 0.07 2.0639996 2.7799997 2.78 1.37 1.37 1.37 0.46 0.46 0.46 1.39 1.39 1.2344687 1.8312471 1.91 1.91 1.33 1.33 0.44 0.88 0.27 0.27 0.63 0.63 0.46 1.21 1.21 1.21 1.21 1.21 1.2100031 1.5079038 2.1577571 2.3656866 3.0492116 3.0599929 3.06 3.06 3.0599999 3.0594318 2.5695615 1.6897742 1.8976189 1.6289536 1.5211168 1.5200052 1.5145524 1.3206386 1.2327069 1.2302258 1.2304176 1.2327481 1.2488841 1.3166027 1.9234273 1.9599744 1.9599999 1.96 1.9599991
-0.52 -0.29831444 0.07 0.07 2 2 1.94 1.37 1.37 1.3700155 0.95999595 0.46 0.46 1.39 1.39 1.39 1.59 1.59 0.64000003 1.33 1.3293422 0.44 0.44000272 0.82 0.59009503 0.59 0.59001431 0.46 0.46000393 1.21 1.21 1.21 1.21 1.21 1.2100077 2.2713669 2.8653459 3.0564835 3.0599756 3.0599998 3.06 3.0599996 3.0597901 3.0128907 2.08729 1.7332824 1.8207755 1.530379 1.5204724 1.5171646 1.4276203 1.2511956 1.2317345 1.2306954 1.2320698 1.23959 1.2702166 1.7391333 1.9595982 1.9599987 1.9599998 1.9599962
0.05 0.76 0.76 0.76 0.92 1.94 1.94 1.8733335 1.41 1.41 0.96 0.96 0.96 0.58 0.58 -0.38991701 1.59 1.59 0.6399995 0.64 0.44 0.44 0.68206245 0.82 0.82 0.59 0.59 0.46 0.46000041 1.207981 1.2099999 1.21 1.21 1.21 1.2099999 1.7111982 2.9978495 3.0573986 3.0599251 3.0599974 3.0599998 3.0599978 3.0598124 3.0481325 2.7565656 1.9480236 1.8720429 1.5665093 1.5236861 1.5183593 1.4773319 1.3052555 1.239461 1.2320791 1.2322769 1.2367282 1.2527421 1.4519592 1.955556 1.9599795 1.9599988 1.9599876
0.05 0.75960582 0.76 0.76001691 0.92 0.92 1.0416523 0.88 1.4528114 1.46 0.96 0.96 0.23000005 0.58 0.58 -0.39 -0.39 -0.39024489 -0.35 -0.35 -0.23 -0.23 -0.5 -0.5 0.81999991 0.81997182 0.59000007 0.46126225 0.46000282 0.68411949 1.2094629 1.2099921 1.2099985 1.2099989 1.2099984 1.2149235 3.0274279 3.0572739 3.0598055 3.0599838 3.0599975 3.059991 3.0597595 3.053968 2.9621334 2.4415674 1.9433829 1.6501213 1.5359058 1.5207598 1.496405 1.3755827 1.2625093 1.2370907 1.233711 1.2362021 1.2460037 1.3186843 1.9271707 1.9597669 1.9599931 1.9599661
0.05 0.27 0.27 0.27 0.91175356 0.89710989 0.88 0.88 1.46 1.46 1.44 0.23 0.23 -0.44 -0.17 -0.17 -0.44999996 -0.45 -0.72 -0.72 -0.23 -0.23 -0.5 -0.5 -0.5 -0.49986583 0.46629974 0.55045419 0.46002899 0.48658372 1.1610696 1.2090303 1.2098997 1.2099662 1.2099766 1.210149 3.0286177 3.0566934 3.0595669 3.0599355 3.0599848 3.0599696 3.0596444 3.0554569 3.0138545 2.7702281 2.2475049 1.7991003 1.5676462 1.527854 1.5060698 1.4282139 1.3041113 1.2500939 1.2378569 1.237436 1.243732 1.2765306 1.8141696 1.9581127 1.9599562 1.9599191
0.17 0.27 0.27 0.25328913 0.12 0.12 0.88 0.88 1.440034 1.44 1.44 0.23 -0.44 -0.44 -1.39 -0.17 -0.23001277 -0.23 -0.48 -0.48024915 -0.84 -0.23 -0.5 -0.5 -0.5 -0.5 -0.49998398 -0.33769436 0.46159467 0.47136914 0.87686607 1.1899279 1.207922 1.2094899 1.2097632 1.2098519 2.6180782 3.0557523 3.0591506 3.0598105 3.0599387 3.0599121 3.0594482 3.0557381 3.030702 2.9068842 2.5592478 2.0544075 1.6376125 1.545112 1.5151329 1.4604234 1.3530792 1.2744349 1.2470906 1.2411358 1.2441823 1.262332 1.6067219 1.9491205 1.9597204 1.959823
0.17 0.06 0.06 0.12 0.12 0.12 0.37 0.37 1.325884 0.61002361 0.61 0.60999978 -0.44000012 -1.3899955 -1.39 -1.1723656 -0.54 -0.23 -0.5 -0.84 -0.84 -0.84 -0.50000007 -0.5 -0.5 -0.5 -0.49999997 -0.49995074 -0.20643268 0.4691528 0.64694546 1.0897704 1.1927006 1.2059278 1.2084259 1.2091152 1.4498391 3.0539252 3.0584957 3.0595499 3.0598158 3.05978 3.0591355 3.055474 3.037299 2.963523 2.7510302 2.3487199 1.791344 1.5816999 1.5291732 1.4820574 1.3963918 1.308369 1.2635129 1.2486201 1.2472808 1.2579668 1.4343986 1.9149921 1.9584877 1.9596161
0.06 0.06 0.06 0.63 0.63 0.37000002 0.37 0.37 0.36999998 0.61 0.61 -1.26 -1.26 -1.3899741 -1.39 -0.54 -0.54 -0.5398662 -0.51470463 -0.88 -0.88 -0.8799988 -0.87707073 -0.50000026 -0.5 -0.5 -0.5 -0.49999835 -0.49958349 0.1647391 0.56295551 0.9116728 1.1381471 1.1908359 1.2028877 1.2064122 1.2368237 3.0343748 3.0575379 3.0590833 3.0595514 3.0595151 3.0586569 3.0548404 3.0399542 2.9895426 2.8531226 2.571656 2.0523941 1.6585002 1.5542585 1.5015895 1.4307548 1.3458624 1.2872964 1.2611277 1.253609 1.2586315 1.3465764 1.8279567 1.9534634 1.959092
0.22 0.06 0.62999885 0.63 0.63 0.62999974 -0.08 -0.08 -0.079999991 0.6060894 -1.26 -1.26 0.03 0.15 0.15 0.15 -0.14000001 -0.14 -0.88 -0.88 -0.88 -0.88 -0.87999929 -0.87888603 -0.50004168 -0.50000001 -0.5 -0.49999963 -0.4999764 -0.49274794 0.37087738 0.76159976 1.0346925 1.1512541 1.1869933 1.1987576 1.2092261 2.8105337 3.0559956 3.0583347 3.059065 3.0590418 3.0579498 3.0538728 3.0407027 3.0025267 2.9078417 2.7122485 2.3229278 1.8096999 1.6008563 1.5256663 1.4595897 1.381833 1.3162983 1.2790625 1.2638203 1.2631232 1.3092452 1.688035 1.9375132 1.9575891
0.22 0.062674581 0.63 0.63 0.63 0.62821097 -0.079999956 0.68 0.68 0.68197737 0.029875747 0.03 0.03 0.14993428 0.15 0.15 -0.14 -0.14 -0.14 -0.87999999 -0.88 -0.88 -0.87999997 -0.87999528 -0.85966387 -0.50077527 -0.50000313 -0.49999989 -0.49999272 -0.49971631 -0.43841903 0.56691719 0.91369916 1.0822109 1.1538926 1.1818908 1.1955026 2.0465192 3.0502418 3.0572163 3.0582684 3.0582742 3.0569421 3.0525542 3.0403186 3.0091789 2.9384931 2.797369 2.5212008 2.0338171 1.6874916 1.5616402 1.4881874 1.4150441 1.3476148 1.3017049 1.2782072 1.2712435 1.295577 1.5465259 1.8982141 1.953343
1.52 2.5499973 2.55 2.55 0.71208504 0.73867178 0.68 0.68 0.81 0.81 0.52960826 -0.07 -0.07 -0.07 0.15 -0.10003642 -0.14 -0.14 -0.14 -0.14 -0.87989155 -0.88 -0.87999998 -0.87999885 -0.87996143 -0.80745141 -0.50411704 -0.50008017 -0.50000183 -0.4999321 -0.49674999 -0.25147675 0.73853378 0.99323701 1.1015472 1.1522031 1.1767183 1.4608617 3.0115363 3.0554485 3.057072 3.0571237 3.0555583 3.0508446 3.0391257 3.0123428 2.9563146 2.8495565 2.6495006 2.263406 1.830606 1.6200867 1.5224531 1.4473641 1.37946 1.3276923 1.2965288 1.2829476 1.2937672 1.4461505 1.8245787 1.9425889
1.52 2.5499994 2.55 2.55 0.74793526 0.74 0.74000037 0.81 0.81 0.53000004 0.53 -0.07 -0.07 -0.07 0.56656509 -0.1 -0.1 -0.1 -0.10003368 -0.12689625 -0.1379054 -0.87397509 -0.87999787 -0.87999908 -0.87998951 -0.87933545 -0.75499568 -0.51146969 -0.50061426 -0.50004198 -0.49945555 -0.47707734 0.066103457 0.85075006 1.0323895 1.1089836 1.1487543 1.2590591 2.8234111 3.051132 3.0553654 3.0555067 3.0537249 3.0486955 3.0372636 3.0133459 2.9667961 2.882348 2.7314163 2.4435854 2.0174934 1.7132224 1.5695236 1.4824061 1.4118837 1.3558762 1.3181789 1.2980589 1.2989862 1.3887481 1.7219931 1.919162
1.52 2.5487134 2.55 2.55 0.74 0.74 0.74 0.81 0.80504239 0.8 0.53 0.53 -0.07 1.002876 0.73 0.73 0.72339981 -0.1 -0.1 -0.10000059 -0.10028137 -0.10543926 -0.79559263 -0.87970292 -0.87998075 -0.87993003 -0.8751856 -0.71933832 -0.52232414 -0.50237866 -0.5002211 -0.49620161 -0.40210598 0.36766604 0.91598906 1.0514433 1.1108292 1.1789723 2.3451817 3.0342197 3.0528247 3.0533427 3.0513762 3.0460581 3.034789 3.0128568 2.9727549 2.9033432 2.7847524 2.5688612 2.2065465 1.8450384 1.637557 1.5249435 1.4465464 1.3859414 1.342567 1.3162711 1.3091042 1.3606721 1.6150554 1.876244
1.12 1.12 1.5411795 2.549971 0.43000184 0.43 0.42885087 0.29290775 -0.01 0.8 0.8 0.56164735 1.02 1.02 1.0193949 0.73 0.73 0.72999999 0.44445239 -0.094893649 -0.099097595 -0.099467219 -0.10095942 -0.45898554 -0.87101837 -0.87947402 -0.87942121 -0.86348582 -0.69754103 -0.53511529 -0.50605958 -0.50026808 -0.48082534 -0.23340665 0.57364771 0.95285399 1.0601177 1.1260519 1.7865899 2.9693793 3.047975 3.0505105 3.0484547 3.0428886 3.0317212 3.0112333 2.9757177 2.9168314 2.8202779 2.6534102 2.3645669 2.0015739 1.732363 1.5804675 1.48629 1.418584 1.3694768 1.3372989 1.3230551 1.3504582 1.527609 1.8113166
1.12 1.12 1.14 0.64000249 0.64 0.42889733 0.39 0.33969169 -0.01 -0.01 0.98851443 1.26 1.0200057 1.02 1.02 0.73 0.73 0.73 0.72999902 0.72257641 0.36046846 -0.0049196392 -0.067363761 -0.083024764 -0.24164094 -0.80413399 -0.87321505 -0.87635074 -0.84388189 -0.68436399 -0.54831761 -0.51160858 -0.49774791 -0.43261052 0.00082348876 0.69929781 0.97341185 1.0719844 1.4228714 2.7823678 3.0351942 3.0466311 3.0448961 3.0391507 3.0280632 3.008677 2.9765563 2.9253038 2.8443104 2.7109028 2.4834628 2.1576382 1.8519192 1.653733 1.534661 1.4553971 1.399258 1.3610574 1.340276 1.3512631 1.4679504 1.7310483
1.12 1.14 1.14 0.64000001 0.64 0.64 0.45 0.45 1.3451808 1.35 1.26 1.26 1.26 1.02 1.02 1.0199472 0.73 0.73 0.72999999 0.72997358 0.7255058 0.63547874 0.33782911 0.10844412 0.010576924 -0.11851283 -0.62628326 -0.83987601 -0.86401412 -0.81897495 -0.67604181 -0.56074731 -0.51755976 -0.48516149 -0.33034359 0.22611267 0.77502316 0.98984658 1.2213705 2.4200418 2.9983283 3.0403599 3.0405569 3.0348082 3.0238124 3.0053077 2.9757925 2.9302595 2.8606234 2.7506429 2.5692354 2.2936207 1.9847074 1.7461255 1.5950665 1.498578 1.4328375 1.3877842 1.3605426 1.3593704 1.4328869 1.6494525
