Interpolating SPI Data/spi_stations/interpolated_spi/9-19_3.tif
NCOLS 257
NROWS 141
XLLCORNER -178.27925
YLLCORNER 5.3153543
DX 0.49934803
DY 0.49997533
NODATA_VALUE -9999
[rows 0 to 26 of 141, columns 183 to 243 of 257]
0.17 0.17 0.17 0.17 0.17 0.17 0.17 0.17 0.17 0.17 0.16997153 -0.50961046 -0.51 -0.51 -0.51 -0.51 -0.51 -0.51 -0.51 -0.51 -0.51 -0.51 -0.51 -0.51 -0.51 -0.51 -0.51 -0.51 -0.50977231 0.53013807 0.56999941 0.57 0.57 0.57 0.57 0.57 0.57 0.57 0.57 0.57 0.57 0.57 0.57 0.57 0.56999912 0.56927324 0.28003487 -0.29554116 -0.29998077 -0.29999985 -0.3 -0.3 -0.3 -0.3 -0.3 -0.3 -0.3 -0.3 -0.3 -0.3 -0.3
0.17 0.17 0.17 0.17 0.17 0.17 0.17 0.17 0.17 0.17 0.16998405 -0.5099426 -0.51 -0.51 -0.51 -0.51 -0.51 -0.51 -0.51 -0.51 -0.51 -0.51 -0.51 -0.51 -0.51 -0.51 -0.51 -0.51 -0.50798569 0.56850093 0.56999999 0.57 0.57 0.57 0.57 0.57 0.57 0.57 0.57 0.57 0.57 0.57 0.57 0.57 0.57 0.57 0.56999662 0.56811827 0.20269795 -0.29393264 -0.29994453 -0.29999911 -0.29999997 -0.3 -0.3 -0.3 -0.3 -0.3 -0.3 -0.3 -0.3
0.17 0.17 0.17 0.17 0.17 0.17 0.17 0.17 0.17 0.17 0.1699893 -0.50999344 -0.51 -0.51 -0.51 -0.51 -0.51 -0.51 -0.51 -0.51 -0.51 -0.51 -0.51 -0.51 -0.51 -0.51 -0.51 -0.50999999 -0.47980518 0.56997041 0.57 0.57 0.57 0.57 0.57 0.57 0.57 0.57 0.57 0.57 0.57 0.57 0.57 0.57 0.57 0.57 0.57 0.56999996 0.56998215 0.5648037 0.13600968 -0.29079134 -0.29982796 -0.29999462 -0.29999973 -0.29999998 -0.3 -0.3 -0.3 -0.3 -0.3
0.17 0.17 0.17 0.17 0.17 0.17 0.17 0.17 0.17 0.17 0.16999031 -0.50999934 -0.51 -0.51 -0.51 -0.51 -0.51 -0.51 -0.51 -0.51 -0.51 -0.51 -0.51 -0.51 -0.51 -0.51 -0.51 -0.50999989 -0.02893588 0.56999969 0.57 0.57 0.57 0.57 0.57 0.57 0.57 0.57 0.57 0.57 0.57 0.57 0.57 0.57 0.57 0.57 0.57 0.57 0.57 0.56999959 0.56990204 0.55659881 0.085991511 -0.28559235 -0.29949341 -0.29997215 -0.29999762 -0.29999968 -0.29999993 -0.29999998 -0.29999999
0.17 0.17 0.17 0.17 0.17 0.17 0.17 0.17 0.17 0.17 0.16998671 -0.50999993 -0.51 -0.51 -0.51 -0.51 -0.51 -0.51 -0.51 -0.51 -0.51 -0.51 -0.51 -0.51 -0.51 -0.51 -0.51 -0.50999828 0.54416902 0.57 0.57 0.57 0.57 0.57 0.57 0.57 0.57 0.57 0.57 0.57 0.57 0.57 0.57 0.57 0.57 0.57 0.57 0.57 0.57 0.56999981 0.56999393 0.56987733 0.56801809 0.52760175 0.042243071 -0.27597884 -0.29815354 -0.2997437 -0.29994062 -0.29998069 -0.29999216
0.17 0.17 0.17 0.17 0.17 0.17 0.17 0.17 0.17 0.17 0.1699708 -0.50999999 -0.51 -0.51 -0.51 -0.51 -0.51 -0.51 -0.51 -0.51 -0.51 -0.51 -0.51 -0.51 -0.51 -0.51 -0.51 -0.50994792 0.56969677 0.57 0.57 0.57 0.57 0.57 0.57 0.57 0.57 0.57 0.57 0.57 0.57 0.57 0.57 0.57 0.57 0.57 0.57 0.57 0.56999996 0.5699973 0.56991111 0.5682945 0.54987246 0.43319934 0.15395833 -0.049359636 -0.12955605 -0.18729615 -0.24971527 -0.28362151 -0.29481752
0.17 0.17 0.17 0.17 0.17 0.17 0.17 0.17 0.17 0.17 0.16989695 -0.50999999 -0.51 -0.51 -0.51 -0.51 -0.51 -0.51 -0.51 -0.51 -0.51 -0.51 -0.51 -0.51 -0.51 -0.51 -0.51 -0.50715947 0.56999768 0.57 0.57 0.57 0.57 0.57 0.57 0.57 0.57 0.57 0.57 0.57 0.57 0.57 0.57 0.57 0.57 0.57 0.57 0.56999999 0.56999887 0.56992903 0.56777245 0.53293248 0.30611232 -0.0080785118 -0.11617663 -0.14061979 -0.14678501 -0.14869509 -0.14958407 -0.15101679 -0.15630186
0.17 0.17 0.17 0.17 0.17 0.17 0.17 0.17 0.17 0.16999807 -0.35654727 -0.46305321 -0.51 -0.51 -0.51 -0.51 -0.51 -0.51 -0.51 -0.51 -0.51 -0.51 -0.51 -0.51 -0.51 -0.51 -0.51 -0.31354239 0.56999999 0.57 0.57 0.57 0.57 0.57 0.57 0.57 0.57 0.57 0.57 0.57 0.57 0.57 0.57 0.57 0.57 0.57 0.57 0.56999955 0.56993568 0.56629533 0.48139813 0.087306779 -0.1113035 -0.14286486 -0.14821161 -0.14940967 -0.14975528 -0.1498778 -0.14992916 -0.14995509 -0.14997887
0.17 0.17 0.17 0.17 0.17 0.17 0.17 0.17 0.1699977 -0.35989619 -0.36 -0.36 -0.36888504 -0.51 -0.51 -0.51 -0.51 -0.51 -0.51 -0.51 -0.51 -0.51 -0.51 -0.51 -0.51 -0.51 -0.50999994 0.52506344 0.57 0.57 0.57 0.57 0.57 0.57 0.57 0.57 0.57 0.57 0.57 0.57 0.57 0.57 0.57 0.57 0.57 0.57 0.56999982 0.5699261 0.5610171 0.3062544 -0.093996814 -0.14439383 -0.14911868 -0.14979164 -0.14993155 -0.14997076 -0.14998461 -0.14999043 -0.1499932 -0.14999464 -0.14999542
0.17 0.17 0.17 0.17 0.17 0.17 0.17 0.16998643 -0.3599979 -0.36 -0.36 -0.36 -0.36 -0.36005772 -0.50999999 -0.51 -0.51 -0.51 -0.51 -0.51 -0.51 -0.51 -0.51 -0.51 -0.51 -0.51 -0.50999263 0.56951889 0.57 0.57 0.57 0.57 0.57 0.57 0.57 0.57 0.57 0.57 0.57 0.57 0.57 0.57 0.57 0.57 0.57 0.56999992 0.56986942 0.53140421 -0.025658037 -0.14502328 -0.14962243 -0.14994613 -0.14998738 -0.14999566 -0.14999799 -0.14999882 -0.14999918 -0.14999934 -0.14999941 -0.14999943 -0.14999942
0.17 0.17 0.17 0.17 0.17 0.17 0.16969957 -0.3599999 -0.36 -0.36 -0.36 -0.36 -0.36 -0.36 -0.36000028 -0.50999831 -0.51 -0.51 -0.51 -0.51 -0.51 -0.51 -0.51 -0.51 -0.51 -0.51 -0.50906967 0.56999317 0.57 0.57 0.57 0.57 0.57 0.57 0.57 0.57 0.57 0.57 0.57 0.57 0.57 0.57 0.57 0.57 0.56999994 0.56950246 0.28094821 -0.14377968 -0.14985869 -0.14999104 -0.14999875 -0.14999969 -0.14999988 -0.14999993 -0.14999995 -0.14999996 -0.14999996 -0.14999996 -0.14999995 -0.14999994 -0.14999993
0.17030586 0.17 0.17 0.17 0.17 0.16186729 -0.35999996 -0.36 -0.36 -0.36 -0.36 -0.36 -0.36 -0.36 -0.36 -0.36000001 -0.50951954 -0.51 -0.51 -0.51 -0.51 -0.51 -0.51 -0.51 -0.51 -0.51 -0.42750415 0.56999983 0.57 0.57 0.57 0.57 0.57 0.57 0.57 0.57 0.57 0.57 0.57 0.57 0.57 0.57 0.57 0.56999989 0.56279217 -0.13131232 -0.14994836 -0.14999919 -0.14999995 -0.14999999 -0.15 -0.15 -0.15 -0.15 -0.15 -0.15 -0.15 -0.15 -0.15 -0.14999999 -0.14999999
0.18999997 0.17016689 0.17 0.16999982 0.075283725 -0.35999992 -0.36 -0.36 -0.36 -0.36 -0.36 -0.36 -0.36 -0.36 -0.36 -0.36 -0.36000001 -0.47954584 -0.50999996 -0.51 -0.51 -0.51 -0.51 -0.51 -0.51 -0.50999965 0.38948236 0.56999999 0.57 0.57 0.57 0.57 0.57 0.57 0.57 0.57 0.57 0.57 0.57 0.57 0.57 0.57 0.56999859 0.15058401 -0.14997001 -0.14999996 -0.15 -0.15 -0.15 -0.15 -0.15 -0.15 -0.15 -0.15 -0.15 -0.15 -0.15 -0.15 -0.15 -0.15 -0.15
0.19 0.18999929 0.17012799 -0.12594048 -0.35999957 -0.36 -0.36 -0.36 -0.36 -0.36 -0.36 -0.36 -0.36 -0.36 -0.36 -0.36 -0.36 -0.36000002 -0.39065215 -0.50998868 -0.51 -0.51 -0.51 -0.51 -0.51 -0.50996044 0.56364641 0.57 0.57 0.57 0.57 0.57 0.57 0.57 0.57 0.57 0.57 0.57 0.57 0.57 0.57 0.56948409 -0.14987035 -0.15 -0.15 -0.15 -0.15 -0.15 -0.15 -0.15 -0.15 -0.15 -0.15 -0.15 -0.15 -0.15 -0.15 -0.15 -0.15 -0.15 -0.15
0.19 0.19000043 0.18883056 -0.35999728 -0.36 -0.36 -0.36 -0.36 -0.36 -0.36 -0.36 -0.36 -0.36 -0.36 -0.36 -0.36 -0.36 -0.36 -0.3600001 -0.36811019 -0.509497 -0.50999907 -0.50999999 -0.51 -0.51 -0.50752799 0.56965309 0.57 0.57 0.57 0.57 0.57 0.57 0.57 0.57 0.57 0.57 0.57 0.57 0.56999999 -0.096246447 -0.15 -0.15 -0.15 -0.15 -0.15 -0.15 -0.15 -0.15 -0.15 -0.15 -0.15 -0.15 -0.15 -0.15 -0.15 -0.15 -0.15 -0.15 -0.15 -0.15
0.19003544 0.19125119 0.20295556 -0.35999993 -0.36 -0.36 -0.36 -0.36 -0.36 -0.36 -0.36 -0.36 -0.36 -0.36 -0.36 -0.36 -0.36 -0.36 -0.36 -0.36000059 -0.36393036 -0.5041535 -0.50996456 -0.50993152 -0.50687287 -0.37170507 0.56986547 0.57 0.57 0.57 0.57 0.57 0.57 0.57 0.57 0.57 0.57 0.57 0.56885286 -0.14999939 -0.15 -0.15 -0.15 -0.15 -0.15 -0.15 -0.15 -0.15 -0.15 -0.15 -0.15 -0.15 -0.15 -0.15 -0.15 -0.15 -0.15 -0.15 -0.15 -0.15 -0.15
1.3253842 1.5687318 1.6448017 -0.35998454 -0.36 -0.36 -0.36 -0.36 -0.36 -0.36 -0.36 -0.36 -0.36 -0.36 -0.36 -0.36 -0.36 -0.36 -0.36 -0.36 -0.36000256 -0.35465513 -0.10648606 -0.10019476 -0.10000966 -0.099991897 -0.065714693 0.56972393 0.57 0.57 0.57 0.57 0.57 0.57 0.57 0.57 0.56999048 -0.13261421 -0.15 -0.15 -0.15 -0.15 -0.15 -0.15 -0.15 -0.15 -0.15 -0.15 -0.15 -0.15 -0.15 -0.15 -0.15 -0.15 -0.15 -0.15 -0.15 -0.15 -0.15 -0.15 -0.15
1.7599976 1.7599843 1.7599327 -0.33016118 -0.36 -0.36 -0.36 -0.36 -0.36 -0.36 -0.36 -0.36 -0.36 -0.36 -0.36 -0.36 -0.36 -0.36 -0.36 -0.35999981 -0.32474332 -0.10004154 -0.10000001 -0.099999996 -0.099999898 -0.099996524 -0.099875007 -0.091359912 0.56885891 0.56999999 0.57 0.57 0.57 0.56999999 0.56999346 0.51809578 -0.14996963 -0.15 -0.15 -0.15 -0.15 -0.15 -0.15 -0.15 -0.15 -0.15 -0.15 -0.15 -0.15 -0.15 -0.15 -0.15 -0.15 -0.15 -0.15 -0.15 -0.15 -0.15 -0.15 -0.15 -0.15
1.76 1.76 1.76 1.6767817 -0.35999994 -0.36 -0.36 -0.36 -0.36 -0.36 -0.36 -0.36 -0.36 -0.36 -0.36 -0.36 -0.36 -0.36 -0.35999954 -0.21137061 -0.1000012 -0.1 -0.1 -0.1 -0.099999977 -0.099998343 -0.09987528 -0.092362223 0.11690503 0.55966304 0.5699993 0.56999956 0.56997943 0.56497942 -0.10559727 -0.14999865 -0.15 -0.15 -0.15 -0.15 -0.15 -0.15 -0.15 -0.15 -0.15 -0.15 -0.15 -0.15 -0.15 -0.15 -0.15 -0.15 -0.15 -0.15 -0.15 -0.15 -0.15 -0.15 -0.15 -0.15 -0.15
1.76 1.76 1.76 1.7599077 -0.35984471 -0.36 -0.36 -0.36 -0.36 -0.36 -0.36 -0.36 -0.36 -0.36 -0.36 -0.36 -0.36 -0.35999729 -0.113134 -0.10000002 -0.1 -0.1 -0.1 -0.1 -0.099999996 -0.099999237 -0.099847108 -0.078821496 0.36505996 0.5245447 0.52998725 0.56670687 0.33971298 -0.14763849 -0.14999955 -0.15 -0.15 -0.15 -0.15 -0.15 -0.15 -0.15 -0.15 -0.15 -0.15 -0.15 -0.15 -0.15 -0.15 -0.15 -0.15 -0.15 -0.15 -0.15 -0.15 -0.15 -0.15 -0.15 -0.15 -0.15 -0.15
1.76 1.76 1.76 1.7599997 -0.19788125 -0.36 -0.36 -0.36 -0.36 -0.36 -0.36 -0.36 -0.36 -0.36 -0.36 -0.36 -0.3599656 -0.10077269 -0.1 -0.1 -0.1 -0.1 -0.1 -0.1 -0.1 -0.099999645 -0.099733027 -0.0047776016 0.51021684 0.52967908 0.52998664 0.52997854 -0.14016785 -0.14999956 -0.15 -0.15 -0.15 -0.15 -0.15 -0.15 -0.15 -0.15 -0.15 -0.15 -0.15 -0.15 -0.15 -0.15 -0.15 -0.15 -0.15 -0.15 -0.15 -0.15 -0.15 -0.15 -0.15 -0.15 -0.15 -0.15 -0.14999992
1.76 1.76 1.76 1.76 1.7011429 -0.35999247 -0.36 -0.36 -0.36 -0.36 -0.36 -0.36 -0.36 -0.36 -0.36 -0.35933733 -0.10005219 -0.1 -0.1 -0.1 -0.1 -0.1 -0.1 -0.1 -0.1 -0.099999814 -0.099137299 0.33841796 0.52933342 0.52999304 0.52999973 0.52999997 0.52657234 -0.14999087 -0.15 -0.15 -0.15 -0.15 -0.15 -0.15 -0.15 -0.15 -0.15 -0.15 -0.15 -0.15 -0.15 -0.15 -0.15 -0.15 -0.15 -0.15 -0.15 -0.15 -0.15 -0.15 -0.15 -0.15 -0.15 -0.14999978 -0.14998808
1.76 1.76 1.76 1.76 1.759587 -0.3559119 -0.36 -0.36 -0.36 -0.36 -0.36 -0.36 -0.36 -0.35999994 -0.34824714 -0.10000632 -0.1 -0.1 -0.1 -0.1 -0.1 -0.1 -0.1 -0.1 -0.1 -0.099999862 -0.0917987 0.52503893 0.52999512 0.52999996 0.53 0.53 0.52999992 0.02056911 -0.15 -0.15 -0.15 -0.15 -0.15 -0.15 -0.15 -0.15 -0.15 -0.15 -0.15 -0.15 -0.15 -0.15 -0.15 -0.15 -0.15 -0.15 -0.15 -0.15 -0.15 -0.15 -0.15 -0.14999999 -0.14999906 -0.1499348 -0.14730537
1.76 1.76 1.76 1.76 1.7599921 0.20516095 -0.35999721 -0.36 -0.36 -0.36 -0.36 -0.36 -0.3599969 -0.26373748 -0.10000168 -0.1 -0.1 -0.1 -0.1 -0.1 -0.1 -0.1 -0.1 -0.1 -0.1 -0.099999748 0.19880638 0.52999111 0.53 0.53 0.53 0.53 0.53 0.52996235 -0.14981374 -0.15 -0.15 -0.15 -0.15 -0.15 -0.15 -0.15 -0.15 -0.15 -0.15 -0.15 -0.15 -0.15 -0.15 -0.15 -0.15 -0.15 -0.15 -0.15 -0.15 -0.15 -0.14999996 -0.14999311 -0.14937634 -0.11876396 0.4364236
1.76 1.76 1.76 1.76 1.7599996 1.6804322 -0.35940354 -0.35999998 -0.36 -0.36 -0.35999998 -0.35991396 -0.15028544 -0.10000105 -0.1 -0.1 -0.1 -0.1 -0.1 -0.1 -0.1 -0.1 -0.1 -0.1 -0.1 -0.099996043 0.52971553 0.53 0.53 0.53 0.53 0.53 0.53 0.53 0.49222317 -0.14999983 -0.15 -0.15 -0.15 -0.15 -0.15 -0.15 -0.15 -0.15 -0.15 -0.15 -0.15 -0.15 -0.15 -0.15 -0.15 -0.15 -0.15 -0.15 -0.15 -0.14999955 -0.1498977 -0.13826877 0.34081195 1.2417935 1.3161485
1.76 1.76 1.76 1.76 1.76 1.7572197 -0.31148911 -0.35999788 -0.36002819 -0.36111475 -0.42611368 -0.49216059 -0.11289781 -0.10004144 -0.10000002 -0.1 -0.1 -0.1 -0.1 -0.1 -0.1 -0.1 -0.1 -0.1 -0.1 -0.091188748 0.53 0.53 0.53 0.53 0.53 0.53 0.53 0.53 0.52999924 -0.13907373 -0.15 -0.15 -0.15 -0.15 -0.15 -0.15 -0.15 -0.15 -0.15 -0.15 -0.15 -0.15 -0.15 -0.15 -0.15 -0.15 -0.15 -0.14999998 -0.14998798 -0.14650742 0.22604893 1.264837 1.3185883 1.3199394 1.3199957
1.76 1.76 1.76 1.76 1.76 1.7598035 0.60075497 -0.52648047 -0.72170319 -0.72990843 -0.72996328 -0.72947179 -0.70814068 -0.18403299 -0.1000802 -0.10000001 -0.1 -0.1 -0.1 -0.1 -0.1 -0.1 -0.1 -0.1 -0.1 0.52999952 0.53 0.53 0.53 0.53 0.53 0.53 0.53 0.53 0.53 0.52880583 -0.14997562 -0.15 -0.15 -0.15 -0.15 -0.15 -0.15 -0.15 -0.15 -0.15 -0.15 -0.15 -0.15 -0.15 -0.15 -0.15 -0.14999884 -0.14914317 0.10635552 1.2816606 1.3195539 1.3199903 1.3199996 1.32 1.32
