Interpolating SPI Data/spi_stations/interpolated_spi/9-19_2.tif
NCOLS 257
NROWS 141
XLLCORNER -178.27925
YLLCORNER 5.3153543
DX 0.49934803
DY 0.49997533
NODATA_VALUE -9999
[rows 28 to 55 of 141, columns 124 to 185 of 257]
-0.43 -0.43 -0.43 0.46 0.46 0.46 0.46 0.46 0.71970918 0.72 0.72 0.72 0.71989167 0.3 0.3 0.3 0.3 0.3 0.30012777 1.4866865 1.6676481 1.6799921 1.68 1.68 1.68 1.6800611 2.33 2.33 2.33 2.33 2.33 2.33 2.33 2.33 2.33 2.33 2.314169 1.9900229 1.99 1.99 1.99 1.99 1.99 1.99 1.989999 1.9895839 1.7503477 1.75 1.75 1.75 1.75 1.75 1.75 1.75 1.75 1.75 1.75 1.7499999 1.7499939 1.7497339 1.7417586 1.5926415
-0.43 -0.43 -0.43 -0.40159272 0.46 0.46 0.46 0.71999907 0.72 0.72 0.72 0.72 0.7189883 0.3 0.3 0.3 0.3 0.3 0.30009155 1.48 1.48 1.48 1.48 1.48 1.4800278 2.31413 2.33 2.33 2.33 2.33 2.33 2.33 2.33 2.33 2.33 2.3252232 1.9900002 1.99 1.99 1.99 1.99 1.99 1.99 1.9899999 1.9899824 1.9884317 1.9306061 1.7499037 1.75 1.75 1.75 1.7499998 1.7499983 1.7499762 1.7494726 1.7344442 1.3302549 -0.18715111 -0.4467128 -0.45915251 -0.45991465 -0.45997652
-0.43 -0.43 -0.43 -0.43 0.45999999 0.46 0.71999969 0.72 0.72 0.72 0.72 0.72 0.63761031 0.3 0.3 0.3 0.3 0.3 0.30021377 1.48 1.48 1.48 1.48 1.48 1.48 1.4801683 2.33 2.33 2.33 2.33 2.33 2.33 2.33 2.33 2.3289803 1.99 1.99 1.99 1.99 1.99 1.99 1.99 1.99 1.9899974 1.9891311 1.9144434 1.0250515 0.5165789 1.740327 1.7289738 1.5503147 0.39016575 -0.40442025 -0.45829429 -0.45995712 -0.4599989 -0.45999996 -0.46 -0.46 -0.46 -0.45999991 -0.45999263
-0.43 -0.43 -0.43 -0.42986029 1.32 1.32 0.72 0.72 0.72 0.72 0.72 0.72074058 0.88324259 0.3 0.3 0.3 0.3 0.3 0.30857671 1.48 1.48 1.48 1.48 1.48 1.48 1.48 2.3299977 2.33 2.33 2.33 2.33 2.33 2.33 2.3295559 1.99 1.99 1.99 1.99 1.99 1.99 1.99 1.99 1.9899998 1.989525 1.8456478 0.61667183 0.43939695 0.43101027 0.24984039 -0.45977271 -0.45999395 -0.45999989 -0.46 -0.46 -0.46 -0.46 -0.46 -0.46 -0.46 -0.46 -0.45999997 -0.45999367
1.3499579 1.1968516 -0.38103162 1.32 1.32 1.32 1.31999 0.72 0.72 0.72 0.88999999 0.89 0.89 0.3 0.3 0.3 0.3 0.3 1.4135993 1.48 1.48 1.48 1.48 1.48 1.48 1.48 1.8338565 2.33 2.33 2.33 2.33 2.33 2.3286072 1.99 1.99 1.99 1.99 1.99 1.99 1.99 1.99 1.99 1.9897109 1.5427468 0.44795969 0.4304604 0.43003905 0.43000751 0.26719107 -0.45998423 -0.45999992 -0.46 -0.46 -0.46 -0.46 -0.46 -0.46 -0.46 -0.46 -0.46 -0.45999999 -0.45999312
1.35 1.35 1.3499996 1.32 1.32 1.32 1.32 0.7200485 0.72095923 0.89 0.89 0.89 0.89 0.3 0.3 0.3 0.3 0.3 1.4799822 1.48 1.48 1.48 1.48 1.48 1.48 1.48 1.0749318 1.3381096 1.9901574 2.2829896 2.3254702 2.3197152 1.99 1.99 1.99 1.99 1.99 1.99 1.99 1.99 1.99 1.9897239 0.65621832 0.43029548 0.43000407 0.4300003 0.43000007 0.42999988 0.28500807 -0.45991162 -0.45999966 -0.46 -0.46 -0.46 -0.46 -0.46 -0.46 -0.46 -0.46 -0.46 -0.46 -0.45998848
1.35 1.35 1.35 1.32 1.32 1.32 1.32 1.32 0.89 0.89 0.89 0.89 0.89 0.64342425 0.3 0.3 0.3 0.3 1.4799996 1.48 1.48 1.48 1.48 1.48 1.48 0.38860578 0.3 0.36724299 0.41 0.41 0.41 0.41000001 1.99 1.99 1.99 1.99 1.99 1.99 1.99 1.99 1.9889565 0.4313209 0.43000023 0.43 0.43 0.43 0.43 0.42999788 0.29953524 -0.45825999 -0.45999635 -0.46 -0.46 -0.46 -0.46 -0.46 -0.46 -0.46 -0.46 -0.46 -0.46 -0.45995769
0.34 1.35 1.35 1.32 1.32 1.32 1.32 1.3012309 0.34467149 0.88999997 0.89 0.89 0.89 0.92147989 0.3 0.3 0.3 0.3 1.4799995 1.48 1.48 1.48 1.48 1.48 0.30051589 0.3 0.3 0.30018801 0.41 0.41 0.41 0.41 0.41000204 1.99 1.99 1.99 1.99 1.99 1.99 1.8689125 0.43000004 0.43 0.43 0.43 0.43 0.43 0.43 0.42984636 0.21025446 -0.3487731 -0.45985584 -0.45999997 -0.46 -0.46 -0.46 -0.46 -0.46 -0.46 -0.46 -0.46 -0.46 -0.4593504
0.34 1.287911 1.16 1.1600012 1.32 1.32 1.32 0.34 0.34 0.34 0.34 1.1199955 1.12 1.12 1.1199926 0.83999978 0.83999987 0.83999946 1.3853308 1.48 1.48 1.48 1.48 0.30000292 0.3 0.3 0.3 0.3 0.41 0.41 0.41 0.41 0.41 0.8846071 1.99 1.99 1.99 1.99 0.43040257 0.43 0.43 0.43 0.43 0.43 0.43 0.43 0.42999997 0.37750492 0.17623063 0.66937343 -0.42570872 -0.45999663 -0.46 -0.46 -0.46 -0.46 -0.46 -0.46 -0.46 -0.46 -0.46 -0.34463037
1.1599996 1.16 1.16 1.16 1.16 1.3181295 0.34000025 0.34 0.34 0.34 0.072482318 1.12 1.12 1.12 0.855488 0.84 0.84 0.84 0.84 0.84079266 0.68480555 0.68000452 0.66751952 0.3 0.3 0.3 0.3 0.3 0.41 0.41 0.41 0.41 0.41 0.41 1.3227741 -0.58997295 -0.59 -0.58999995 0.43 0.43 0.43 0.43 0.43 0.43 0.43 0.43 0.42998276 0.17042184 0.17044745 0.36718738 1.2452599 -0.45402289 -0.45999999 -0.46 -0.46 -0.46 -0.46 -0.46 -0.46 -0.46 -0.45999998 0.2498545
1.16 1.16 1.16 1.16 1.16 1.1397307 0.33995962 0.34 0.34 0.070000154 0.07 1.12 1.12 1.12 0.84 0.84 0.84 0.84 0.84 0.79583168 0.68 0.68 0.68 0.30000111 0.3 0.3 0.3 0.3 -0.76211918 0.41 0.41 0.41 0.41 0.41 -0.59 -0.59 -0.59 -0.59 0.43 0.43 0.43 0.43 0.43 0.43 0.43 0.43000001 0.33228859 0.17006823 0.17000889 0.19279321 1.2754557 1.2746878 -0.45969408 -0.46 -0.46 -0.46 -0.46 -0.46 -0.46 -0.46 -0.45918118 0.25
0.17 1.16 1.16 0.89339314 0.88999493 -0.039991067 -0.1340687 -0.22999525 0.074747851 0.07 0.12993654 0.13 1.1199995 1.1199999 0.84 0.84 0.84 0.84 0.84 0.68000537 0.68 0.68 0.68 0.68 0.3 0.3 0.3 -0.78999984 -0.79 -0.78925245 0.41 0.41 0.41 0.40984534 -0.59 -0.59 -0.59 -0.59 0.43 0.43 0.43 0.43 0.43 0.43 0.43 0.43459753 0.33650338 0.17002045 0.17000002 0.17046422 1.2718128 1.28 1.2797254 -0.45999806 -0.46 -0.46 -0.46 -0.46 -0.46 -0.46 0.24999993 0.25
0.17 0.70025089 0.89 0.89 0.88999064 -0.04 -0.21835195 -0.23 -0.4 0.12495955 0.13 0.13 0.13 0.13113598 0.84 0.84 0.84 0.84 0.84 0.68 0.68 0.68 0.68 0.68 0.30075221 0.3 -0.38342139 -0.79 -0.79 -0.79 -1.12 -0.057769386 0.40997753 -0.58948872 -0.59 -0.59 -0.59 -0.59 -0.54385271 0.43 0.43 0.43 0.43 0.43 0.43018067 1.0899915 0.81262997 0.17000485 0.17 0.1700005 1.2358886 1.28 1.28 1.2799975 -0.46 -0.46 -0.46 -0.46 -0.46 -0.45999999 0.25 0.25
-0.02 -0.02 0.54 0.54 -0.039980695 -0.04 -0.23 -0.23 -0.4 -0.40000011 0.12995129 0.13 0.12999994 -1.3399768 -0.37915674 0.8399996 0.83999999 0.83999929 0.79834487 0.22069641 0.68 0.68 0.68 0.68 0.68 0.26455905 -0.79 -0.79 -0.79000069 -1.12 -1.12 -1.118186 -0.21014446 -0.21343524 -0.58999922 -0.59 -0.59 -0.59 -0.58998866 0.43 0.43 0.43 0.43 0.43000349 1.09 1.09 1.0867058 0.170001 0.17 0.17 0.42233208 1.28 1.28 1.28 1.28 -0.46 -0.46 -0.46 -0.46 0.24999939 0.25 0.25
-0.02 -0.019998742 0.82 0.82 -1.17 -0.069999789 -0.070000478 -0.98154965 -0.4 -0.45 -0.96 -0.96 -0.98090611 -1.34 -1.34 -1.27 -1.27 -1.27 0.17902743 0.22 0.22 0.67999904 0.68 0.68 0.20252284 0.19 -0.79000005 -1.1180998 -1.12 -1.12 -1.1157816 -0.21 -0.21 -0.20999998 0.67 0.67 0.67 0.67 0.67 0.6699822 0.43000001 0.43 0.43000023 1.09 1.09 1.09 1.0899999 0.17000034 0.17 0.17 0.17000605 1.28 1.28 1.28 1.28 1.28 -0.46 -0.46 -0.45999834 0.25 0.25 0.25
0.40021785 0.06 -0.32476447 -0.81999898 -0.4 -1.77 -1.0700582 -1.6999774 -1.7024203 -1.15 -1.41 -1 -0.42000004 -1.34 -1.34 -1.27 -1.27 -0.44 -0.44 0.22 0.22 0.22 0.22000057 0.19 0.19 0.19 0.19 -1.1199881 -1.12 -0.21000075 -0.21 -0.21 -0.21 -0.21 0.67 0.67 0.67 0.67 0.67 0.67 0.67000723 0.62426994 1.0899999 1.09 1.09 1.09 1.09 0.17000397 0.17 0.17 0.17 1.28 1.28 1.28 1.28 1.28 1.2759283 0.066809681 0.23394394 0.25 0.25 0.25
0.41 0.24 -0.4 -0.35 -0.22 -0.9 -0.73005118 -0.11000095 -0.96 -1.29 -1.4199834 -0.07 -0.42 -0.29006468 -0.29 -1.1975216 -0.44000076 -0.44 -0.44 0.22 0.22 0.22 -0.2285183 0.18999032 0.19 0.19 0.19000001 1.44 1.44 -0.21 -0.21 -0.21 -0.21 -0.20999999 0.67 0.67 0.67 0.67 0.67 0.73377446 1.4499779 1.4499995 1.09 1.09 1.09 1.09 1.09 1.0548 0.17 0.17 0.17 1.28 1.28 1.28 1.28 1.28 0.08 0.08 0.08 0.18335264 0.25 0.25
0.55742216 -0.91 -0.91 -0.59 0.03 0.03 0.17 0.16 -0.24 0.24 -0.18 -0.57 -0.14 -1.01 -1.01 -0.54 -0.54 -0.44 -0.44 0.47648428 0.49 0.49 -0.2300107 -0.23 0.19 0.19 1.4395041 1.44 1.44 1.44 -0.20580635 -0.065631254 0.3899993 0.38999998 0.67 0.67 0.67 0.67 0.67 1.45 1.45 1.45 1.090006 1.09 1.09 1.09 1.09 1.09 0.17 0.17 0.17 1.2799649 1.28 1.28 1.28 0.08 0.08 0.08 0.08 0.14501113 0.83 0.83
0.56 0.56 -1.24 -0.17 -0.17928464 -0.28 -0.31 -0.68 -0.61 -0.17 -0.2255125 -0.22 -0.3 -1.009452 -0.26 -0.26 -0.54 -0.06 0.13 0.13 0.49 0.49 -0.65 -0.23 -0.23 0.18999968 1.44 1.44 1.44 0.12 0.12 0.39 0.39 0.39 0.66739032 0.67 0.67 0.67 1.45 1.45 1.45 1.45 1.1573633 1.09 1.09 1.09 1.09 1.09 0.17 0.17 0.17 0.4 0.40000104 0.47821002 0.080000346 0.08 0.08 0.08 0.08 0.82999868 0.83 0.83
0.56 0.35002049 0.42000095 -0.77661564 -0.73 -0.64 -0.55 -0.76 -0.25 -0.07 0.12 -0.05 0.17 0.17 -0.26 -0.26 -0.059999998 -0.06 0.13 0.13 0.13 0.46 0.099999997 0.16 -0.04 -0.04 1.518559 0.77726452 1.4399568 0.12 0.12 0.39 0.39 0.40717033 0.75009059 0.6699997 0.67 1.4499728 1.45 1.45 1.45 1.4500007 1.4899865 1.09 1.09 1.09 1.09 1.09 0.17016698 0.17000288 0.4 0.4 0.4 0.4 0.12141146 0.08 0.08 0.08 0.08 0.83 0.83 0.83
-0.53 -0.36001646 0.2 -0.04 -0.08 -0.22 -0.070112576 -0.13 -0.059337754 -0.06 0.38 -0.1 -0.15 0.41 0.41 1.67 0.95 0.95 0.67 0.97532023 1.2799997 0.46 0.96 0.15992313 -0.04 1.77 1.7567446 -0.2 -0.2 0.03 0.030001678 0.39 0.75 0.75 0.77999506 0.23460883 0.13 0.13 0.13 1.4499996 1.4899997 1.49 1.49 1.3190904 1.16 1.16 1.16 1.16 1.1959075 0.44905131 0.4 0.4 0.4 0.4 0.39999999 0.08 0.08 0.08 0.080000001 0.83 0.83 0.83
0.45000014 0.53 0.29 0.75 0.90754418 0.29000001 0.29 0.65 0.65 -0.13 0.52 0.88 0.88 0.5 0.49999784 1.67 1.67 1.2733226 1.17 1.28 1.28 0.96004478 0.96 1.7899966 1.98 1.77 1.7676563 -0.2 -0.2 0.16907912 0.17 1.37 0.75 0.77999994 0.78 1.5099999 1.3812972 0.13 0.13253641 1.23 1.49 1.49 1.4900001 1.8199917 1.16 1.16 1.16 1.16 2 2 0.4 0.4 0.4 0.4 -0.1 -0.1 -0.099607102 0.08 0.47940757 0.83 0.83 0.83
0.45 0.28 0.28182809 1.24 0.56 0.36 0.36 0.12 0.1109492 0.09 0.52 0.52000002 0.77 0.5 0.5 1.6699228 1.42 1.42 1.57 1.2799999 1.91 1.7997087 1.47 1.79 2.05 2.09 2.0658594 1.37 1.37 0.16999806 1.37 1.05 1.07 0.78 0.78 1.9399997 1.51 1.51 1.23 1.23 1.49 1.49 2.6456544 1.82 1.8199982 1.16 1.16 1.16 2 2 2 0.4 0.4 -0.1 -0.1 -0.1 -0.1 -0.1 0.82899578 0.83 0.83 0.83
0.42 0.42 1.3599549 0.75 1.72 0.83 0.67 1.0500001 0.15 0.19826311 0.85 0.65 0.59 0.7 0.7 0.91999999 1.41 1.41 1.41 1.49 1.49 1.91 2.14 2.14 1.5002511 1.5 1.63 1.63 1.3700003 2.01 2.01 1.0500003 2.64 3.2799989 3.28 1.94 1.37 1.97 1.71 1.79 2.64 2.6799822 2.4213249 1.82 1.82 1.16001 2.13 2.13 2 2 2 1.18 1.1799994 -0.1 -0.1 -0.1 -0.10000001 -0.169999 -0.16998942 0.95999999 0.9599945 0.51789591
0.42 0.42 0.71999663 0.46 0.47072884 0.61 1.14 0.49 0.51 0.55 0.65 0.55 0.62 0.7 0.92 0.92 1.5499918 1.55 1.3 1.3 1.49 1.49 2.05 2.14 1.5 1.5 1.5000185 2.4099988 2.41 2.3917499 2.21 2.21 2.51 1.9901 1.39 2 2.13 2.13 2.44 2.44 2.06 2.68 2.09 1.82 1.82 1.82 2.13 2.13 2.0000079 2 1.1802275 1.18 1.18 1.1718103 -0.1 -0.17 -0.17 -0.17 0.011277473 0.96 0.96 0.96
0.42 0.42 0.7399998 0.67255312 0.78 1.36 0.82 0.25 0.64 0.28 1.1 0.89 0.89 0.91999983 0.92 0.92 1.55 1.55 1.3 1.3 2.47 2.05 2.05 2.05 1.5 1.5 1.5005836 2.4100005 2.41 2.41 2.21 2.21 2.03 1.99 1.5400001 1.54 1.84 1.65 2.27 2.4399998 2.06 1.77 1.77 1.8412098 1.84 2.19 2.19 2.18 2.1802302 2.21 2.2099999 1.18 1.18 1.1730187 -3.5400237e-08 -0.17 -0.17 -0.17 0.96 0.96 0.96 0.96
0.42 0.42 0.72319153 0.38068752 0.7801581 1.3599926 0.51999309 0.25 0.64 0.28 1.1 0.99856392 1.24 1.24 0.92000018 0.92 1.55 1.55 1.3 1.3 2.47 2.05 2.5410382 2.599992 1.5000803 1.5000008 2.73 2.73 2.73 2.73 2.21 2.03 2.03 2.03 1.540001 1.7 1.7 1.6507296 2.27 2.27 1.7701238 1.77 1.77 1.84 1.84 2.19 2.19 2.18 2.1800928 2.21 2.21 1.18 1.18 7.9748294e-22 5.1238248e-64 -1.4338784e-12 -0.17 -0.17 0.96 0.96 0.96 0.96
0.42 0.42 1.02 1.02 1.02 1.268266 0.51895453 0.25000001 0.63989015 0.28020123 1.2399932 1.24 1.24 1.24 1.24 0.97443063 1.55 1.55 1.3006695 1.3000009 2.6 2.6 2.6 2.6 2.6 2.7299999 2.73 2.73 2.73 2.8499771 2.0560613 2.03 2.03 2.03 2.54 1.7 1.7 1.7 2.4872961 2.14 2.14 2.14 1.9296561 1.46 1.46 2.1882605 2.19 2.18 0.75 0.75 2.1897355 1.18 1.6699468 1.67 2.9829716e-08 5.118729e-11 -6.9825632e-05 -0.16999617 0.96 0.96 0.96 0.96
