Interpolating SPI Data/spi_stations/interpolated_spi/9-19_1.tif
NCOLS 257
NROWS 141
XLLCORNER -178.27925
YLLCORNER 5.3153543
DX 0.49934803
DY 0.49997533
NODATA_VALUE -9999
[rows 56 to 83 of 141, columns 186 to 247 of 257]
1.6399759 1.64 1.64 1.64 1.6168567 1.5288412 0.98005096 0.98 0.75923085 0.23993826 0.24 0.24 -0.019402819 -0.13 0.08 0.08 0.08 0.080000024 0.46 1.05 1.05 1.05 1.05 0.60507082 1.27 1.27 1.27 0.83 0.83 0.27 0.1 0.33 0.33 0.42 0.42 0.42 0.50019145 0.5 0.5 1.76 1.6300004 1.63 1.8432425 1.86 1.86 0.41 0.41 0.41 0.41 0.34000001 -0.7229576 -0.75 -0.75 -0.75 -0.75 -0.75 -0.75 0.03675807 0.06 0.06 0.06 0.060000071
1.6399487 1.64 1.64 1.64 1.2800877 1.5299785 1.53 1.3612891 0.74 0.74 0.24005595 0.47911795 0.6 0.6 0.5981693 0.085301175 0.67999723 0.46000001 0.46 0.46 1.0498517 0.59 0.59 0.59 1.27 1.27 0.21158527 0.18 1.12 0.4 0.1 0.1 0.32993331 0.42 0.42 0.92 0.92 1.85 1.85 2.29 2.29 2.0792281 1.86 1.86 1.7799994 0.9 0.41000031 0.41 0.41 0.34 0.34 -0.74984082 -0.75 -0.75 -0.75 -0.75 -0.75 -0.74999993 0.06 0.06 0.06 0.06
1.2812173 1.64 1.64 1.64 1.28 1.2803443 1.53 1.53 0.74 0.74 0.74 0.69 0.6 0.6 0.65803728 0.68 0.68 0.46 0.46 0.46 0.17000001 0.17 0.59 0.59 -0.55 -0.55 0.61 0.18000012 0.44000764 0.13 0.13000339 0.31999978 0.32 0.34186543 0.92 0.92 0.92000001 1.4939191 1.85 1.85 2.08 2.08 2.27 2.27 1.78 0.9 0.7 0.7 0.34763265 0.34 0.34 0.12 0.12 -0.74965764 -0.75 -0.75 -0.75 0.042454928 0.06 0.06 0.06 0.06
1.28 1.64 1.64 1.6399995 1.28 1.28 1.53 1.07 1.07 0.74 -0.089748653 0.69 0.69 0.30000002 0.3 0.68 -0.24294588 -0.3099974 0.46 0.01 0.01000095 0.17 0.17 -0.31 -0.31 -0.36973052 0.61 0.41000024 0.41 0.13 0.13 0.32 0.32 0.32 0.92 0.92 1.17 1.59 1.5300022 1.37 1.3698487 2.08 1.49 2.2699999 1.24 0.87 0.7 -0.079972017 -0.21 -0.51 0.12 0.12 0.12 0.12 -0.74998913 -0.75 -0.75 0.059999674 0.06 0.06 0.06 0.06
1.2799974 0.8000002 0.8 0.80214528 1.28 1.28 1.28 1.09 1.0700004 -0.09 -0.09 -0.090007476 -0.67 0.3 0.3 -0.31485684 -0.31 0.22 0.27 0.12 0.07 0.070007188 0.8 1.47 1.9397468 -0.37 0.74999896 0.75 0.41 0.13000003 0.13316164 0.32 0.32 0.32 0.33 0.33 0.33 1.5300245 1.04 1.37 1.12 1.12 1.4899886 0.55 0.54984093 0.87 -0.29 -0.08 -0.21 -0.23225775 -0.48809305 0.12 0.12 0.12 0.11989349 -0.74999993 -0.74938707 0.059999986 0.06 0.06 0.06 0.06
1.16 0.8 0.8 0.8 1.28 1.28 1.09 1.09 0.99 0.67848526 -0.09 -0.67 -0.67 -0.07 -0.59 -0.59 0.22 0.22 0.79 -0.07 0.07 0.45 0.7999988 0.26 1.9384383 1.7 0.75 0.75 0.74999966 0.17107852 -0.23 -0.23 -0.23 -0.23 0.33 0.33 0.33 1.02 1.02 0.38 0.45 0.83 0.89 -0.15 -0.54 -0.51133094 -0.06 -0.25141958 -0.08 -0.08 -0.080000143 0.11999465 0.12 0.12 0.11999999 -0.58997577 -0.33023999 0.059999986 0.06 0.06 0.06 0.06
1.16 0.8 0.8 0.8 0.78 0.58001812 0.58 0.58 0.99 0.59 -0.5 0.001151695 -0.5 -0.29996551 -0.27 -0.23965984 -0.52 -0.28 0.24 -0.07 0.17 0.44999983 -0.24996127 -0.25 0.070024653 0.12 0.12 0.15 0.15 0.15 -0.77997605 -0.2300059 -0.23 -0.23 0.27093623 0.33000021 0.48 0.48 0.29 -0.38 -0.38 0.54500672 0.71 -0.25 -0.091562287 -0.06 -0.06 -0.06 -0.08 -0.08 -0.08 -0.079917012 0.11989063 0.11999877 0.11999945 0.11932891 0.042823315 0.059999961 0.06 0.06 0.06 0.06
1.37 1.37 0.80000257 0.78 0.78 0.77998346 0.0024039182 0.58 0.05 -0.3 -1.4499996 -0.57 -0.39 -0.44 -0.17 -0.24 -0.049333121 0.29 0.26333309 -0.069994356 -0.049999996 -0.05 -0.24999999 -0.25 -0.59 0.12 0.12 0.15 0.15 0.15 -0.78 -0.78 -0.78 -0.77999989 -0.67077269 0.47999866 0.4799997 0.29 -0.12999958 -0.13 -0.38 0.76 0.76 -0.24999983 -0.24996896 -0.060000002 -0.06 -0.06 -0.079906181 -0.08 -0.08 -0.080000333 -0.064636298 0.11871825 0.11994904 0.11997377 0.058088468 0.059999859 0.06 0.06 0.06 0.06
1.37 1.37 1.1563222 0.78 0.78 0.7400002 -0.0099999966 -0.01 0.05 0.22000523 -0.01 -0.29 -0.4 -0.15 -0.16999999 -0.17902075 -0.05 -0.049999984 0.29 -0.59 -0.050318852 -0.05 -0.05 -0.58999191 -0.59 -1.02 -1.41 -1.41 -1.41 -1.139659 -0.78 -0.78 -0.78 -0.78 -0.77999989 0.47808585 0.21893362 -0.13 -0.13 1.31 1.31 0.76 0.76 0.47230288 -0.24949162 -0.065446227 -0.06 -0.06 -0.060086898 -0.079999967 -0.080000001 -0.080000202 -0.079933703 -0.01481966 0.11504745 0.11948106 0.073433307 0.059999507 0.06 0.06 0.06 0.06
1.3666518 1.366694 1.1064143 0.77839707 0.77845048 0.74 0.74 -0.12 -0.89 0.36 -0.17 -0.52999999 -0.75670528 0.20908749 0.12 -0.6298701 -0.63 -0.63 -0.59176556 -0.59 -0.59 -0.59 -1.0118769 -1.3305669 -1.02 -1.02 -1.41 -1.41 -1.41 -1.4099998 -0.77999997 -0.78 -0.78 -0.78 -0.78 -0.096615129 -0.12998941 -0.13 -0.10831396 1.31 1.31 1.3060533 0.76 0.75999978 -0.24694129 -0.19277417 -0.060000044 -0.06 -0.060002759 -0.079731571 -0.079999989 -0.080000391 -0.080007553 -0.077461335 0.018907338 0.10875141 0.10366056 0.05999918 0.059999996 0.06 0.06 0.06
1.18 1.18 1.0022334 0.69 0.69 0.18 -1.45 -1.48 -0.89 -0.24976438 -0.050000004 -0.39243152 -0.20999239 0.29 -0.77 -0.63442894 -0.63 -0.63 -1.5530668 -1.59 -1.59 -1.1973501 -1.56 -1.56 -0.94 -0.94 -1.3 -1.3 -0.73 -0.73 -0.73 -0.73093652 -0.78 -0.78 -0.77999999 -0.12960078 -0.12999833 -0.12856716 1.3099813 1.31 1.31 1.31 0.77054409 0.76000035 0.61037239 -0.22057848 -0.060045861 -0.060000017 -0.060001164 -0.06850036 -0.079984207 -0.080001072 -0.080013432 -0.079811415 -0.066254418 0.033415414 0.098207243 0.06002066 0.059999965 0.06 0.06 0.060000004
1.18 1.18 0.62155812 0.69000742 1.16 0.17 -0.71 -1.4654251 -1.4795846 -0.22121702 -0.4999907 -0.5 -0.5 -0.77 -0.77 -0.77 -0.63000002 -0.99 -0.99 -1.59 -1.59 -1.59 -1.56 -1.56 -0.94 -0.99762823 -1.3 -1.2999997 -0.73 -0.73 -0.73 -0.73 -0.73000048 -0.77986441 -0.7799936 -0.12978513 -0.12550754 0.99658131 1.3099956 1.31 1.31 1.31 1.3047075 0.76540173 0.75802279 -0.14140769 -0.061738577 -0.060003824 -0.060001319 -0.061261636 -0.07923942 -0.079995472 -0.08002123 -0.080041144 -0.077791926 -0.047942479 0.03877468 0.060216178 0.059999886 0.059999994 0.06 0.060000038
0.52 0.33670338 0.07 0.07 -0.06189954 -0.70999977 -0.71 -0.39 -0.39 -0.39 -0.5 -0.5 -0.5 -0.7 -0.7 -0.71395794 -1.0662918 -0.99 -0.99 -1.69 -1.69 -2.46 -1.56 -0.92 -0.92 -1.05 -1.05 -1.17 -0.73 -0.73 -0.73 -0.73 -0.73 -0.73000019 -0.74820576 -0.11761482 0.21130941 1.2929282 1.3099887 1.31 1.31 1.31 1.3097752 1.1159415 0.76736259 0.55070465 -0.070871815 -0.060112615 -0.060004747 -0.060377351 -0.073760826 -0.079829445 -0.080029048 -0.080110239 -0.079643202 -0.071731802 -0.030214479 0.058568677 0.060000242 0.059999962 0.060000005 0.060000219
0.52 0.35091779 0.07 0.07 -0.63 -0.63 -0.86 -0.39 -0.39 -0.39005428 -0.56999943 -0.5 -0.5 -0.7 -0.7 -0.7 -1.3 -1.3 -1.38 -1.69 -1.6905691 -2.46 -2.459998 -2.18 -1.4902851 -1.49 -1.4898426 -1.17 -1.1699977 -0.73 -0.73 -0.73 -0.73 -0.73 -0.7300004 0.06270578 1.0019787 1.3044355 1.3099614 1.3099997 1.31 1.3099998 1.309917 1.2913596 0.92493875 0.74078615 -0.014007076 -0.060908445 -0.060046881 -0.060205779 -0.066393493 -0.078583939 -0.07996604 -0.080161885 -0.080150049 -0.077681391 -0.061970673 0.032228716 0.059980109 0.059999821 0.06000003 0.06000093
-0.87 -0.7 -0.7 -0.7 -1.2 -0.86 -0.86 -0.81849067 -0.53 -0.53 -0.57 -0.57 -0.57 -1.08 -1.08 -1.8599745 -1.3 -1.3 -1.38 -1.38 -2.46 -2.46 -2.2816382 -2.18 -2.18 -1.49 -1.49 -1.17 -1.1699998 -0.7311845 -0.73000005 -0.73 -0.73 -0.73000001 -0.73000005 -0.25772812 1.2116544 1.3058834 1.3098815 1.3099959 1.3099997 1.3099991 1.3099258 1.3053042 1.1898843 0.85825131 0.36852566 -0.060017069 -0.060279941 -0.060187662 -0.062985704 -0.07490806 -0.079510181 -0.080172395 -0.080388595 -0.079598368 -0.073339105 -0.025015441 0.059474569 0.059998235 0.060000143 0.06000311
-0.87 -0.70009438 -0.7 -0.70005285 -1.2 -1.2 -1.3091738 -1.39 -1.1721714 -1.28 -0.57 -0.57 -3.7199998 -1.08 -1.08 -1.86 -1.86 -1.861102 -1.4 -1.4 -1.43 -1.43 -1.39 -1.39 -2.1799999 -2.1799155 -1.4900001 -1.1731054 -1.1699984 -1.0385166 -0.73031507 -0.73000463 -0.73000088 -0.73000066 -0.73000092 -0.72489785 1.2584727 1.3056862 1.3096923 1.3099744 1.3099966 1.3099959 1.3099045 1.3076129 1.271255 1.0617255 0.70874701 -0.014779234 -0.060388147 -0.060301074 -0.061748058 -0.070127019 -0.078043894 -0.079987821 -0.080532474 -0.080438362 -0.077781869 -0.058349196 0.054765582 0.059971626 0.060000353 0.060008628
-0.87 -1.84 -1.84 -1.84 -1.2138128 -1.2383409 -1.39 -1.39 -1.28 -1.28 -3.1099993 -3.72 -3.72 -3.72 -3.72 -3.72 -2.1299998 -2.13 -2 -2 -1.43 -1.43 -1.39 -1.39 -1.39 -1.3900803 -1.6669891 -1.3925802 -1.1700146 -1.1544043 -0.75870583 -0.73056886 -0.73005883 -0.73001983 -0.73001374 -0.72982924 1.2641357 1.3047679 1.3093148 1.3098983 1.3099788 1.3099834 1.3098571 1.3082006 1.2917259 1.1940787 0.93602649 0.21283902 -0.053479722 -0.060380373 -0.061320217 -0.066613967 -0.075339144 -0.079318267 -0.080540166 -0.080912759 -0.079851468 -0.071365455 0.033709614 0.059705989 0.059998039 0.060020582
-1.94 -1.84 -1.84 -1.9179841 -2.54 -2.54 -1.39 -1.39 -3.106885 -3.11 -3.11 -3.72 -3.72 -3.72 -2.32 -3.72 -2.4099837 -2.41 -2.66 -2.6593148 -1.39 -1.43 -1.39 -1.39 -1.39 -1.39 -1.3900096 -1.4084707 -1.1736876 -1.1633532 -0.92543898 -0.74177565 -0.73121908 -0.73029926 -0.7301389 -0.73007695 0.81508934 1.3032822 1.3086567 1.3097026 1.3099152 1.3099432 1.3097706 1.3083058 1.2983878 1.248797 1.0925382 0.59762533 -0.0028624421 -0.058188054 -0.061117013 -0.064635627 -0.072171737 -0.077928721 -0.080268978 -0.081181214 -0.081002025 -0.076954708 -0.0074741239 0.058071473 0.059966994 0.060042824
-1.94 -3.62 -3.62 -2.54 -2.54 -2.54 -2.86 -2.86 -3.0833374 -2.6100142 -2.61 -2.6099999 -3.7199997 -2.3200066 -2.32 -2.2406275 -2.01 -2.41 -2.61 -1.39 -1.39 -1.39 -1.39 -1.39 -1.39 -1.39 -1.39 -1.3900255 -1.341034 -1.1655535 -1.0603591 -0.80053571 -0.74014905 -0.73238906 -0.73092345 -0.73051637 -0.46650331 1.3006565 1.3076235 1.3092981 1.3097477 1.3098374 1.3096176 1.3081814 1.3009803 1.2714072 1.1790242 0.89277704 0.17665713 -0.042500111 -0.059853442 -0.063510789 -0.069481655 -0.075931854 -0.079572666 -0.08122439 -0.081713304 -0.079805817 -0.043623428 0.051447588 0.059759376 0.060075133
-3.62 -3.62 -3.62 -2.54 -2.54 -2.86 -2.86 -2.86 -2.86 -2.61 -2.61 -1.5 -1.5 -2.3199948 -2.32 -2.01 -2.01 -2.0101726 -2.5527293 -1.13 -1.13 -1.1300078 -1.1490359 -1.3899999 -1.39 -1.39 -1.39 -1.390001 -1.390066 -1.242503 -1.1100787 -0.90505808 -0.77215634 -0.74124328 -0.73417266 -0.73210359 -0.69940624 1.2783631 1.3061215 1.3085826 1.3093925 1.3096038 1.3093527 1.3078786 1.3019861 1.2817428 1.2232073 1.0549221 0.49210655 0.020304324 -0.052643432 -0.062095007 -0.067484191 -0.073751753 -0.078427862 -0.080974885 -0.082127375 -0.081478339 -0.063517165 0.033854184 0.058813801 0.060091252
-2.39 -3.62 -2.5400022 -2.54 -2.54 -2.54 -2.57 -2.57 -2.57 -2.6076787 -1.5 -1.5 -1.58 -2.01 -2.01 -2.01 -1.36 -1.36 -1.13 -1.13 -1.13 -1.13 -1.1300046 -1.1315082 -1.3899726 -1.39 -1.39 -1.3900002 -1.3900117 -1.3889331 -1.1726205 -0.99326614 -0.83289431 -0.764471 -0.74349875 -0.73659522 -0.7274281 1.0314334 1.3038259 1.307453 1.3087488 1.3091588 1.3089115 1.3073819 1.302187 1.2868238 1.2463675 1.1396862 0.78193188 0.17962143 -0.025482456 -0.057553942 -0.065559235 -0.071708169 -0.076970914 -0.080399506 -0.082266729 -0.082531163 -0.073307098 0.0046271532 0.055624095 0.059970903
-2.39 -3.603291 -2.54 -2.54 -2.54 -2.5400756 -2.57 -2.34 -2.34 -2.3355889 -1.5799923 -1.58 -1.58 -2.0097645 -2.01 -2.01 -1.36 -1.36 -1.36 -1.13 -1.13 -1.13 -1.1300002 -1.1300305 -1.144529 -1.389479 -1.389998 -1.3900001 -1.3900041 -1.3900419 -1.3763744 -1.0789785 -0.90382417 -0.80503005 -0.76293182 -0.74649514 -0.73754017 0.19300384 1.2967466 1.305801 1.3077105 1.3084049 1.3082137 1.3066431 1.3018556 1.289301 1.2590848 1.1858003 0.96443275 0.42730057 0.048087928 -0.042865151 -0.061893689 -0.069603881 -0.075353411 -0.079529643 -0.082128339 -0.083173856 -0.078378984 -0.02604501 0.04744433 0.059350057
-2.27 -2.6199991 -2.62 -2.62 -2.5434202 -2.0074831 -2.34 -2.34 -2.05 -2.05 -1.6800849 -1.81 -1.81 -1.81 -2.01 0.21856135 -1.36 -1.36 -1.36 -1.3599999 -1.1300337 -1.13 -1.1300001 -1.1300075 -1.1301533 -1.1804542 -1.3872294 -1.3899475 -1.3899986 -1.3900281 -1.3896401 -1.3235832 -0.98878804 -0.85699111 -0.79370231 -0.76393847 -0.74910893 -0.44446797 1.2534129 1.3033182 1.3061756 1.3072413 1.3071706 1.3055961 1.301077 1.2902729 1.2662484 1.2122352 1.0672866 0.6727585 0.19085646 -0.004557178 -0.052420512 -0.066351921 -0.073471274 -0.078400854 -0.081716518 -0.083487309 -0.081222744 -0.049053681 0.031613317 0.057396739
-2.27 -2.6199998 -2.62 -2.62 -2.0027182 -2 -2.0000003 -2.05 -2.05 -1.68 -1.68 -1.81 -1.81 -1.81 0.4127417 0.22 0.22 0.22 0.21866962 -0.84240173 -1.2754254 -1.1314765 -1.1300008 -1.1300057 -1.1300662 -1.1308504 -1.2166577 -1.3823016 -1.3895968 -1.3899684 -1.3900566 -1.3850713 -1.2188675 -0.92811617 -0.83385302 -0.78935375 -0.76574612 -0.65623591 1.0470451 1.2979351 1.3040251 1.3055728 1.3056928 1.3041662 1.299857 1.2902256 1.2701782 1.2279978 1.1260349 0.85349287 0.38709862 0.074134945 -0.029665423 -0.059441499 -0.070643911 -0.076897608 -0.081014577 -0.083499201 -0.082888178 -0.063616103 0.0088296713 0.052666251
-2.27 -2.6195628 -2.62 -2.62 -2 -2 -2 -2.05 -1.8616106 -1.67 -1.68 -1.68 -1.81 0.62119613 0.46 0.46 0.45809151 0.22 0.22 0.21997612 0.20887615 0.018443001 -1.0531126 -1.1298669 -1.1300512 -1.1302936 -1.1342166 -1.241481 -1.3750867 -1.3884407 -1.3897845 -1.3895466 -1.3636796 -1.1085159 -0.89242051 -0.82248935 -0.78811887 -0.73054598 0.52749736 1.2787335 1.3009121 1.3033098 1.3036978 1.302279 1.2981661 1.2893782 1.2720281 1.2375289 1.1610695 0.97021849 0.58582743 0.20008187 0.016634782 -0.044383223 -0.065257624 -0.074533367 -0.079892686 -0.083186069 -0.083820623 -0.072357766 -0.01588332 0.043417314
-1.55 -1.55 -2.0476196 -2.619992 -2.0799995 -2.08 -2.073967 -1.7850443 -1.52 -1.67 -1.67 -1.6788269 0.66 0.66 0.65958268 0.46 0.46 0.46 0.37743202 0.22147644 0.22018851 0.21627024 0.17556834 -0.49731969 -1.1191489 -1.1297914 -1.1309699 -1.1430098 -1.2569466 -1.3666875 -1.3860237 -1.3890976 -1.3856744 -1.3099657 -1.0278291 -0.87211814 -0.81707517 -0.77091544 -0.071668606 1.2075899 1.2952453 1.3003199 1.3011121 1.2998659 1.295961 1.2878253 1.2723977 1.2431334 1.1827337 1.0434154 0.74817746 0.3579052 0.094919849 -0.014845369 -0.054459916 -0.070207699 -0.077965923 -0.082422213 -0.0841838 -0.077578165 -0.037269127 0.028710068
-1.55 -1.55 -1.82 -2.0999986 -2.1 -2.074211 -1.87 -1.8259802 -1.52 -1.52 -0.94462927 0.1 0.65998671 0.66 0.66 0.46 0.46 0.46 0.45999972 0.45785342 0.35314486 0.24723609 0.22535171 0.19725982 -0.11292771 -1.0203309 -1.1223977 -1.131869 -1.1569745 -1.2665506 -1.35814 -1.3822152 -1.3869362 -1.3713247 -1.230313 -0.97643766 -0.86064897 -0.80537208 -0.45117836 1.0054611 1.2809705 1.2961931 1.2978559 1.296867 1.2931968 1.2856014 1.2716093 1.2460691 1.1963433 1.0898575 0.8661178 0.5181074 0.20460573 0.035565569 -0.034198067 -0.062016441 -0.074435117 -0.080891131 -0.083953393 -0.08063371 -0.05322285 0.0096573202
-1.55 -1.82 -1.82 -2.1 -2.1 -2.1 -1.64 -1.64 -0.87230327 -0.87 0.1 0.1 0.1 0.66 0.66 0.65996357 0.46 0.46 0.46 0.45999236 0.45870046 0.43266041 0.34616686 0.27562887 0.22768695 0.037611685 -0.75661491 -1.0778833 -1.1274367 -1.1715639 -1.2722421 -1.3500462 -1.3770506 -1.3808649 -1.3383114 -1.1502609 -0.94459605 -0.84863482 -0.64626816 0.61886088 1.2408358 1.2894822 1.2937647 1.293225 1.2898318 1.2827132 1.2698414 1.247054 1.2047609 1.1199063 0.94776001 0.6574775 0.33343081 0.10988471 -8.4396144e-06 -0.047262375 -0.067966695 -0.077984751 -0.082911895 -0.082181658 -0.064142322 -0.010739652
