Interpolating SPI Data/spi_stations/interpolated_spi/9-20_3.tif
NCOLS 257
NROWS 141
XLLCORNER -178.27925
YLLCORNER 5.3153543
DX 0.49934803
DY 0.49997533
NODATA_VALUE -9999
[rows 84 to 111 of 141, columns 0 to 62 of 257]
1.8093998 1.7851177 1.7592163 1.7316529 1.7023992 1.6714454 1.6388043 1.6045157 1.5686506 1.5313155 1.4926555 1.4528563 1.4121454 1.3707902 1.3290946 1.2873927 1.2460404 1.2054037 1.1658465 1.1277168 1.091333 1.0569717 1.0248568 0.99515295 0.96796124 0.94331918 0.92120389 0.90153837 0.88419975 0.86902897 0.85584088 0.8444341 0.83460003 0.82613058 0.81882443 0.81249177 0.80695747 0.80206296 0.79766689 0.7936448 0.789888 0.78630185 0.78280341 0.77931872 0.77577939 0.77211851 0.7682653 0.76413777 0.75963178 0.75460413 0.74884468 0.7420292 0.73363715 0.722806 0.70807132 0.68690861 0.65496423 0.60493267 0.52554598 0.40283981 0.22858758 0.017337056 -0.1874266
1.7517912 1.7256618 1.6979752 1.6687197 1.6379018 1.6055505 1.5717203 1.5364952 1.4999912 1.4623586 1.4237834 1.3844866 1.3447225 1.3047743 1.2649485 1.2255665 1.1869549 1.1494349 1.1133104 1.0788572 1.0463129 1.0158687 0.98766381 0.96178237 0.93825386 0.91705579 0.89811892 0.8813341 0.86656038 0.85363337 0.84237354 0.83259388 0.82410653 0.81672833 0.81028499 0.80461408 0.79956685 0.79500897 0.7908204 0.78689445 0.78313616 0.77946008 0.77578737 0.77204201 0.7681459 0.7640121 0.75953503 0.75457563 0.74893785 0.74233021 0.73430124 0.72412942 0.71063395 0.69185266 0.66451369 0.62325385 0.55976413 0.46285646 0.32215851 0.13860337 -0.063610222 -0.24357823 -0.37231819
1.6931006 1.6654174 1.6362861 1.6057274 1.5737831 1.540519 1.5060281 1.470432 1.4338829 1.3965632 1.3586852 1.3204882 1.2822345 1.2442036 1.2066853 1.1699706 1.134343 1.1000683 1.0673863 1.0365018 1.0075789 0.98073595 0.95604376 0.93352576 0.91316047 0.89488579 0.87860481 0.86419242 0.85150237 0.84037429 0.83064011 0.8221299 0.8146766 0.80811981 0.80230852 0.79710278 0.7923745 0.78800735 0.78389591 0.77994407 0.77606266 0.77216622 0.76816859 0.76397678 0.75948228 0.75454805 0.74898866 0.74253859 0.73480109 0.72516369 0.7126581 0.69572927 0.67186567 0.63705238 0.58511367 0.50740505 0.39425837 0.24060164 0.055847406 -0.13146777 -0.28747563 -0.39501875 -0.45841656
1.6340404 1.6051431 1.5749482 1.5435075 1.5108953 1.4772102 1.4425765 1.407145 1.3710925 1.3346205 1.2979527 1.2613306 1.2250085 1.189247 1.1543053 1.1204338 1.0878657 1.0568098 1.0274437 0.99990857 0.97430601 0.950696 0.92909745 0.90949025 0.89181886 0.87599715 0.8619139 0.84943874 0.83842804 0.82873041 0.82019169 0.81265909 0.80598457 0.80002721 0.79465483 0.78974465 0.78518318 0.78086531 0.77669256 0.77257044 0.76840463 0.7640956 0.75953094 0.75457403 0.74904718 0.74270544 0.7351956 0.72599051 0.71428379 0.69882119 0.67763728 0.64766873 0.60426618 0.54082036 0.44921749 0.32261481 0.16183627 -0.017553859 -0.18726481 -0.32174436 -0.41229669 -0.46571498 -0.49422197
1.5753126 1.5455685 1.5147095 1.4828155 1.4499882 1.416352 1.3820543 1.3472644 1.3121724 1.2769858 1.2419263 1.2072246 1.1731147 1.1398278 1.1075851 1.0765918 1.0470302 1.0190549 0.99278827 0.96831781 0.94569483 0.92493482 0.90601923 0.88889845 0.87349583 0.85971233 0.84743144 0.83652415 0.82685369 0.81827975 0.8106621 0.80386355 0.797752 0.7922019 0.78709471 0.78231869 0.77776781 0.77333968 0.76893246 0.76444017 0.75974607 0.75471291 0.74916853 0.74288425 0.7355416 0.72668087 0.71562068 0.701333 0.68225238 0.65599905 0.61902064 0.56625527 0.49118158 0.38710398 0.25083621 0.088540198 -0.080996934 -0.23266921 -0.34858545 -0.42559491 -0.47129375 -0.49616152 -0.50881988
1.5175752 1.4873589 1.4562322 1.4242978 1.3916783 1.3585159 1.3249717 1.2912235 1.2574632 1.2238937 1.1907238 1.1581637 1.1264196 1.0956874 1.0661478 1.0379608 1.0112614 0.98615617 0.96272096 0.94100001 0.92100621 0.9027226 0.88610487 0.87108471 0.85757368 0.84546732 0.83464941 0.82499589 0.81637856 0.80866813 0.80173678 0.79545995 0.78971745 0.78439378 0.77937767 0.77456063 0.76983452 0.76508764 0.76019909 0.75503044 0.74941358 0.74313265 0.73589714 0.72730097 0.71676049 0.70342035 0.68601323 0.6626589 0.63060132 0.58593357 0.52350004 0.43744566 0.32320464 0.18143352 0.022273188 -0.13489593 -0.26946432 -0.36973558 -0.43594051 -0.47559719 -0.49761574 -0.50912953 -0.51485695
1.4614136 1.4310884 1.4000676 1.3684707 1.3364337 1.3041085 1.2716608 1.2392676 1.2071138 1.1753885 1.1442806 1.1139739 1.0846424 1.0564456 1.0295243 1.0039969 0.97995662 0.95746966 0.93657439 0.91728168 0.89957611 0.88341804 0.86874645 0.85548208 0.84353095 0.83278788 0.82313985 0.8144691 0.80665575 0.7995799 0.79312316 0.78716939 0.78160476 0.77631694 0.77119325 0.76611753 0.76096543 0.75559738 0.74984835 0.74351289 0.73632309 0.72791595 0.71778496 0.7052084 0.68914463 0.66808439 0.6398569 0.60141431 0.54869448 0.47682139 0.38113339 0.25958506 0.11626212 -0.036372004 -0.18020872 -0.29928585 -0.38652383 -0.44406724 -0.4789361 -0.49869091 -0.50928933 -0.51471536 -0.51737345
1.4073201 1.3772219 1.3466427 1.3157119 1.2845719 1.2533766 1.2222885 1.1914763 1.1611109 1.1313621 1.1023941 1.0743615 1.0474057 1.0216509 0.99720137 0.97413896 0.9525217 0.9323831 0.91373241 0.8965556 0.88081716 0.8664623 0.85341972 0.84160444 0.83092078 0.82126517 0.81252875 0.80459952 0.79736411 0.79070883 0.78452019 0.77868451 0.77308672 0.76760787 0.76212135 0.75648699 0.75054251 0.74409115 0.7368836 0.7285918 0.71877081 0.70680353 0.6918216 0.67259536 0.64738983 0.6137986 0.56860987 0.50784873 0.42728784 0.32383788 0.19799641 0.056465804 -0.087497893 -0.2180962 -0.32352406 -0.39995324 -0.45050367 -0.48153166 -0.49946275 -0.50931904 -0.51450157 -0.51710996 -0.51835747
1.3556823 1.3261075 1.2962566 1.2662629 1.2362685 1.2064227 1.1768789 1.1477918 1.119314 1.0915923 1.0647646 1.0389564 1.0142776 0.99082024 0.9686566 0.9478377 0.92839294 0.9103302 0.89363671 0.87828042 0.86421194 0.85136671 0.83966743 0.82902647 0.81934825 0.8105313 0.80247008 0.79505625 0.78817939 0.78172712 0.77558428 0.76963113 0.7637403 0.75777199 0.75156687 0.74493585 0.7376453 0.72939589 0.7197924 0.70830062 0.69418693 0.67643538 0.65363967 0.62387601 0.58458662 0.53255548 0.46414821 0.37609144 0.26704226 0.13974717 0.0025624173 -0.13162991 -0.24971797 -0.3433127 -0.41077765 -0.45563482 -0.48354424 -0.49998661 -0.50923321 -0.51421621 -0.51678587 -0.51804013 -0.5185993
1.3067793 1.2779771 1.2490869 1.2202403 1.1915738 1.1632272 1.1353402 1.1080502 1.0814888 1.0557789 1.0310323 1.0073466 0.98480321 0.96346613 0.9433804 0.92457184 0.90704715 0.89079453 0.8757849 0.86197334 0.84930101 0.83769701 0.82708045 0.8173623 0.80844711 0.80023429 0.7926191 0.78549289 0.77874277 0.77225031 0.76588916 0.75952113 0.75299045 0.74611528 0.73867564 0.73039632 0.72092275 0.70978723 0.69636223 0.67979724 0.65893705 0.63222436 0.59760356 0.55247267 0.4937849 0.41847499 0.32442068 0.21199001 0.085680606 -0.045404572 -0.16950154 -0.27612972 -0.35955592 -0.41956471 -0.45974493 -0.48509249 -0.50030422 -0.50904334 -0.51386027 -0.51639862 -0.51765844 -0.51822052 -0.51840857
1.2607857 1.2329543 1.2052015 1.1776523 1.1504337 1.1236724 1.0974919 1.0720103 1.0473377 1.0235735 1.0008046 0.9791035 0.95852672 0.93911416 0.92088849 0.90385529 0.88800349 0.87330638 0.85972277 0.84719846 0.83566784 0.82505546 0.81527755 0.80624323 0.7978555 0.79001171 0.78260344 0.77551563 0.76862476 0.76179577 0.75487728 0.74769477 0.74004063 0.73166037 0.72223326 0.71134564 0.69845459 0.68283929 0.66353869 0.63927663 0.60838435 0.56874782 0.51784047 0.45295071 0.37175577 0.27335448 0.15962015 0.036226172 -0.087707149 -0.20190904 -0.2982444 -0.37296683 -0.42674448 -0.46304704 -0.48626628 -0.5004484 -0.50875957 -0.51343586 -0.51594757 -0.51721069 -0.51777106 -0.51794122 -0.51789299
1.2177803 1.1910673 1.1645746 1.1384177 1.1127112 1.0875666 1.0630899 1.0393796 1.0165246 0.99460229 0.9736772 0.95379953 0.93500452 0.917312 0.90072641 0.88523717 0.87081936 0.85743474 0.84503284 0.83355223 0.8229217 0.81306144 0.80388382 0.79529401 0.78718997 0.77946196 0.77199106 0.7646468 0.75728334 0.7497338 0.74180227 0.73325253 0.72379258 0.71305337 0.70056032 0.68569559 0.66765007 0.64536559 0.61747319 0.5822439 0.53758873 0.48117582 0.41076737 0.32488264 0.22379142 0.11055983 -0.0085126267 -0.12479859 -0.22962529 -0.31682831 -0.38410577 -0.43264567 -0.46570354 -0.48713555 -0.50044624 -0.50839189 -0.51294685 -0.51543456 -0.51669801 -0.5172518 -0.51739808 -0.51730713 -0.51707011
1.1777582 1.152263 1.1271042 1.1023854 1.0782074 1.0546654 1.0318477 1.0098339 0.98869317 0.96848276 0.94924729 0.93101787 0.91381167 0.89763195 0.88246828 0.86829704 0.85508217 0.84277605 0.83132038 0.82064706 0.81067899 0.80133051 0.79250753 0.78410723 0.77601693 0.76811223 0.76025389 0.75228329 0.7440159 0.73523214 0.72566489 0.7149826 0.70276668 0.68848212 0.67144017 0.65075349 0.62528726 0.59361624 0.55401038 0.5044915 0.4430286 0.36795434 0.27865133 0.17641692 0.065156699 -0.048663496 -0.15721456 -0.25335569 -0.33251379 -0.39341349 -0.43752231 -0.4678406 -0.48775639 -0.50032141 -0.50795093 -0.51239931 -0.51486426 -0.5161248 -0.51666732 -0.51678414 -0.51664393 -0.51633892 -0.51591505
1.1406451 1.1164235 1.0926289 1.0693522 1.0466792 1.0246892 1.0034534 0.98303348 0.96348051 0.94483399 0.92712122 0.91035686 0.89454288 0.87966866 0.86571138 0.85263647 0.84039827 0.82894063 0.81819748 0.80809324 0.79854292 0.7894519 0.7807151 0.77221543 0.76382138 0.75538323 0.74672781 0.73765108 0.727908 0.71719906 0.70515232 0.69130027 0.67505069 0.65565166 0.63215282 0.60336921 0.56786183 0.52396159 0.46988097 0.40397248 0.32518698 0.23372226 0.13170241 0.023531709 -0.084501263 -0.18550751 -0.27372087 -0.34581801 -0.40123823 -0.44157323 -0.4695583 -0.48817535 -0.50009573 -0.50744862 -0.51180184 -0.51424445 -0.51549894 -0.51602603 -0.51610873 -0.51591396 -0.51553488 -0.5150187 -0.51438399
1.1063108 1.08338 1.0609433 1.0390777 1.0178545 0.99733745 0.97758161 0.95863237 0.9405246 0.92328203 0.90691689 0.89142971 0.87680937 0.8630333 0.85006776 0.83786824 0.8263798 0.81553735 0.80526569 0.79547931 0.78608176 0.77696433 0.76800413 0.75906103 0.74997333 0.74055178 0.73057138 0.71976055 0.70778682 0.69423852 0.67860184 0.66023343 0.63832965 0.61189673 0.57973064 0.5404239 0.49242812 0.43421314 0.36456761 0.28306037 0.19060395 0.089926394 -0.014362953 -0.11638174 -0.21020741 -0.29125481 -0.35716249 -0.40785705 -0.44495631 -0.47093783 -0.48843243 -0.4997902 -0.50689854 -0.51116565 -0.51358605 -0.51483186 -0.51534029 -0.51538549 -0.51513254 -0.51467544 -0.51406276 -0.51331398 -0.5124295
1.0745815 1.0529266 1.0318104 1.0112969 0.99144298 0.97229781 0.95390158 0.9362849 0.91946813 0.90346105 0.88826259 0.87386079 0.86023283 0.84734515 0.83515361 0.8236036 0.81262999 0.80215693 0.79209723 0.78235136 0.77280579 0.76333048 0.7537754 0.74396559 0.73369456 0.72271553 0.71072999 0.69737314 0.68219575 0.66464253 0.64402777 0.61951086 0.59007762 0.55453843 0.51156205 0.45977315 0.3979474 0.32533032 0.2420677 0.14965479 0.051207394 -0.048690538 -0.14469422 -0.23180112 -0.30641077 -0.36689093 -0.41349226 -0.44779886 -0.47204659 -0.48856312 -0.49942577 -0.50631601 -0.51050456 -0.51290303 -0.51413838 -0.51462617 -0.51463211 -0.51431938 -0.51378283 -0.51307249 -0.51220911 -0.51119382 -0.51001398
1.0452517 1.0248301 1.0049722 0.98572894 0.96714389 0.94925251 0.93208139 0.91564765 0.89995859 0.88501136 0.8707928 0.85727934 0.84443701 0.83222129 0.82057704 0.80943821 0.79872724 0.78835423 0.77821547 0.76819144 0.75814387 0.74791172 0.73730585 0.72610186 0.71403093 0.70076821 0.68591836 0.66899846 0.64941855 0.62646179 0.59926791 0.56682736 0.5279985 0.48156699 0.42637186 0.36152226 0.28671172 0.20259207 0.11109723 0.015540274 -0.079685662 -0.16982992 -0.25072383 -0.31957067 -0.3752844 -0.41832405 -0.45020514 -0.47294183 -0.48859985 -0.49902362 -0.50571815 -0.50983486 -0.51221218 -0.51343641 -0.51390308 -0.51386986 -0.51349803 -0.51288328 -0.51207733 -0.51110253 -0.50996139 -0.5086424 -0.50712346
1.0180919 0.99883857 0.98015611 0.96208311 0.94465056 0.92788123 0.91178909 0.89637888 0.88164574 0.86757498 0.85414186 0.84131134 0.82903786 0.81726499 0.80592484 0.79493728 0.78420868 0.77363022 0.7630754 0.7523968 0.74142162 0.72994595 0.71772734 0.70447545 0.68984058 0.67339997 0.65464233 0.63295173 0.60759339 0.5777063 0.54231094 0.50034513 0.45074525 0.39259253 0.32533653 0.24908563 0.164909 0.075038982 -0.017169339 -0.10762066 -0.19216273 -0.26735782 -0.33105526 -0.38257388 -0.42250003 -0.452262 -0.47367326 -0.48857288 -0.49860542 -0.50512368 -0.50917495 -0.51153274 -0.5127465 -0.51319326 -0.51312297 -0.51269508 -0.51200615 -0.51110977 -0.51003035 -0.50877231 -0.50732603 -0.50567154 -0.50378085
0.99285599 0.9746869 0.95708 0.94006208 0.92365226 0.90786135 0.89269144 0.87813549 0.86417692 0.85078934 0.83793613 0.82557004 0.81363261 0.80205335 0.79074872 0.77962055 0.76855402 0.75741493 0.74604603 0.73426232 0.72184502 0.70853407 0.69401885 0.6779273 0.65981351 0.63914462 0.61528887 0.587508 0.55495966 0.51671871 0.4718296 0.41940462 0.35878077 0.2897366 0.21274471 0.12919632 0.041496392 -0.047075521 -0.13278153 -0.21203878 -0.28203524 -0.34113377 -0.38895038 -0.42614248 -0.45404285 -0.47428486 -0.48851093 -0.49819328 -0.50455267 -0.508545 -0.51088588 -0.51209131 -0.51252109 -0.51241786 -0.51193928 -0.51118286 -0.51020424 -0.50903024 -0.50766775 -0.50610971 -0.50433903 -0.50233125 -0.50005659
0.96928524 0.95210031 0.93545439 0.919363 0.90383383 0.88886621 0.87445067 0.86056843 0.84719104 0.83427979 0.82178515 0.80964596 0.79778848 0.78612501 0.77455214 0.76294845 0.75117143 0.73905365 0.72639784 0.71297072 0.69849566 0.68264381 0.66502417 0.64517298 0.62254374 0.59650002 0.56631503 0.53118396 0.49025772 0.44270895 0.38784131 0.32524778 0.25500967 0.17790306 0.095548167 0.01041714 -0.07436841 -0.15545181 -0.22977173 -0.29504277 -0.35003253 -0.39457292 -0.42935381 -0.45561071 -0.47481611 -0.48844147 -0.49780961 -0.50402618 -0.50796646 -0.51029422 -0.51149496 -0.51191244 -0.51178238 -0.51126069 -0.51044589 -0.50939587 -0.50814016 -0.50668857 -0.50503713 -0.5031722 -0.50107345 -0.49871611 -0.49607326
0.947111 0.93079576 0.91498278 0.8996766 0.88487367 0.87056185 0.8567199 0.84331688 0.83031155 0.81765155 0.80527251 0.7930968 0.781032 0.76896891 0.75677903 0.74431127 0.73138796 0.71779987 0.70330012 0.68759713 0.67034658 0.65114276 0.62951033 0.6048978 0.5766757 0.54414342 0.50655089 0.46314304 0.41323571 0.35632975 0.29226271 0.22138218 0.14470322 0.063990528 -0.018299747 -0.099256322 -0.17590244 -0.24564189 -0.30662702 -0.35794241 -0.39957486 -0.43222069 -0.45702029 -0.4753029 -0.48839084 -0.4974769 -0.50356587 -0.5074616 -0.50978123 -0.51098241 -0.51139396 -0.51124498 -0.51068975 -0.50982783 -0.50871949 -0.50739724 -0.50587412 -0.50414965 -0.50221407 -0.50005145 -0.49764223 -0.49496563 -0.49200218
0.92605552 0.91048186 0.89536056 0.88068507 0.86644041 0.85260257 0.83913779 0.82600187 0.81313921 0.80048169 0.78794736 0.77543861 0.76284011 0.750016 0.73680661 0.7230243 0.70844859 0.69282036 0.67583533 0.65713708 0.63631016 0.61287442 0.58628254 0.55592351 0.52113656 0.48124112 0.43558963 0.38364927 0.32511517 0.26004898 0.18902213 0.11322572 0.034496446 -0.044787255 -0.1219529 -0.19438606 -0.25989737 -0.31699983 -0.3650249 -0.40406885 -0.43481721 -0.45831966 -0.47577809 -0.48838432 -0.49721748 -0.5031936 -0.50705296 -0.50937068 -0.51057884 -0.51099233 -0.51083399 -0.51025651 -0.50936052 -0.50820874 -0.50683683 -0.50526132 -0.50348547 -0.5015036 -0.49930431 -0.49687318 -0.49419523 -0.49125741 -0.48805139
0.90583151 0.89085758 0.87627269 0.8620588 0.84818889 0.83462609 0.82132289 0.80822005 0.79524538 0.78231218 0.76931743 0.75613942 0.74263497 0.72863603 0.71394562 0.69833314 0.68152902 0.66321904 0.64303862 0.62056795 0.59532931 0.56678859 0.53436412 0.49744699 0.45543781 0.40780516 0.35416918 0.29440902 0.22878379 0.15804423 0.083499666 0.0069998291 -0.069197226 -0.14266835 -0.21113425 -0.27275649 -0.32634318 -0.37141728 -0.4081507 -0.43720718 -0.45955135 -0.47627184 -0.48844601 -0.4970532 -0.502931 -0.50676294 -0.50908609 -0.51030906 -0.51073373 -0.51057697 -0.50998994 -0.50907431 -0.50789533 -0.50649186 -0.50488406 -0.50307906 -0.50107535 -0.49886601 -0.49644154 -0.49379225 -0.49091073 -0.48779433 -0.48444786
0.88614076 0.87161004 0.85739083 0.84345285 0.82975588 0.81624882 0.8028685 0.78953837 0.77616683 0.76264522 0.74884551 0.73461741 0.71978501 0.70414291 0.68745188 0.66943414 0.64976869 0.62808711 0.60397095 0.57695211 0.54651835 0.51212712 0.47323124 0.42932071 0.37998414 0.32499051 0.26438705 0.19860019 0.12851654 0.055513184 -0.018592748 -0.091690394 -0.16160373 -0.22635677 -0.28441058 -0.3348136 -0.37723667 -0.4119024 -0.43944599 -0.46075316 -0.47681189 -0.48859873 -0.49700513 -0.50279908 -0.50661327 -0.50895025 -0.51019699 -0.51064322 -0.51050011 -0.50991731 -0.50899754 -0.5078085 -0.5063923 -0.50477275 -0.50296091 -0.50095935 -0.49876552 -0.4963745 -0.49378137 -0.49098356 -0.48798306 -0.4847887 -0.48141833
0.86667214 0.85241193 0.83837025 0.82450334 0.81075629 0.79706182 0.78333886 0.76949077 0.75540336 0.74094244 0.72595105 0.71024621 0.69361534 0.6758124 0.65655397 0.63551572 0.61232997 0.58658539 0.55783041 0.52558263 0.48934681 0.44864495 0.40306119 0.35230357 0.2962811 0.2351894 0.1695909 0.10046786 0.029223086 -0.042392374 -0.11242914 -0.17894767 -0.24024202 -0.29502696 -0.34254591 -0.38258344 -0.41539446 -0.4415819 -0.46195883 -0.47742363 -0.48886389 -0.4970933 -0.50281793 -0.50662472 -0.50898481 -0.51026524 -0.51074432 -0.5106278 -0.51006382 -0.50915606 -0.50797465 -0.50656487 -0.50495415 -0.50315738 -0.50118116 -0.49902706 -0.49669435 -0.49418237 -0.49149266 -0.48863096 -0.48560917 -0.48244704 -0.47917368
0.84709943 0.83291905 0.81884709 0.80482474 0.7907805 0.77662872 0.76226781 0.74757821 0.73241997 0.71663012 0.70001966 0.68237031 0.66343131 0.64291641 0.62050164 0.59582468 0.56848688 0.53805967 0.50409725 0.46615826 0.42383869 0.37681823 0.32492001 0.26818063 0.20692236 0.14181307 0.073895117 0.004563349 -0.064520181 -0.13157245 -0.19487458 -0.25295823 -0.30475178 -0.34965648 -0.38754389 -0.41868781 -0.44365714 -0.46319844 -0.47813024 -0.48926134 -0.49733645 -0.50300632 -0.50681665 -0.50920992 -0.51053472 -0.51105866 -0.51098226 -0.51045219 -0.50957301 -0.5084171 -0.50703286 -0.50545122 -0.50369082 -0.50176206 -0.49967037 -0.49741888 -0.49501068 -0.49245077 -0.48974794 -0.48691639 -0.48397713 -0.48095909 -0.47789976
0.82707957 0.81276845 0.79843668 0.78400853 0.76939387 0.75448633 0.73916132 0.72327373 0.70665544 0.68911265 0.67042313 0.65033369 0.62855821 0.60477684 0.5786371 0.54975826 0.51774037 0.48217984 0.44269377 0.39895451 0.35073565 0.29796799 0.24080103 0.17966126 0.1152936 0.048770202 -0.018547753 -0.085101532 -0.14927255 -0.2095441 -0.26465494 -0.31371262 -0.35624588 -0.39219244 -0.42183519 -0.44570867 -0.46449875 -0.47895266 -0.48980925 -0.49775183 -0.50338155 -0.50720683 -0.50964394 -0.51102438 -0.51160567 -0.51158334 -0.51110253 -0.51026855 -0.50915596 -0.50781609 -0.50628324 -0.50457961 -0.50271922 -0.50071109 -0.49856185 -0.49627785 -0.4938671 -0.49134084 -0.48871501 -0.48601142 -0.48325862 -0.48049234 -0.47775542
0.80625172 0.79157795 0.77673368 0.76162446 0.74613947 0.73014959 0.71350528 0.69603434 0.67753957 0.65779667 0.63655246 0.61352401 0.58839919 0.56083965 0.53048725 0.49697537 0.45994683 0.41907987 0.37412321 0.3249402 0.27155963 0.21422794 0.15345402 0.090034386 0.025046169 -0.040201842 -0.10426174 -0.16567286 -0.22310115 -0.27546469 -0.32202089 -0.36240124 -0.39659341 -0.42488236 -0.44776886 -0.46588345 -0.47990966 -0.49052402 -0.49835501 -0.5039592 -0.50781121 -0.51030327 -0.51175102 -0.51240246 -0.51244829 -0.51203212 -0.51125989 -0.51020812 -0.50893095 -0.50746585 -0.5058384 -0.50406602 -0.50216105 -0.50013328 -0.49799198 -0.49574769 -0.4934137 -0.49100731 -0.48855085 -0.48607239 -0.48360607 -0.48119211 -0.47887625
