Interpolating SPI Data/spi_stations/interpolated_spi/9-20_2.tif
NCOLS 257
NROWS 141
XLLCORNER -178.27925
YLLCORNER 5.3153543
DX 0.49934803
DY 0.49997533
NODATA_VALUE -9999
[rows 28 to 55 of 141, columns 189 to 251 of 257]
0.001284436 5.2091475e-08 9.8099563e-11 7.2570165e-11 7.5847549e-11 1.3285892e-10 5.221631e-10 7.0797585e-09 6.0957947e-07 0.00075190682 1.7052143 1.79 1.79 1.79 1.79 1.79 1.79 1.79 -0.11999811 -0.12 -0.12 -0.12 -0.12 -0.12 -0.12 -0.12 -0.12 -0.12 -0.12 -0.11999979 -0.12040797 -2.2617826 -2.27 -2.27 -2.27 -2.27 -2.27 -2.27 -2.27 -2.27 -2.27 -2.27 -2.2699999 -2.2698712 -2.0749986 0.96886574 1.0199055 1.0199997 1.02 1.02 1.02 1.02 1.02 1.02 1.02 1.02 1.02 1.0199998 1.0199948 1.0198676 1.0173814 0.98138007 0.68710789
0.021695218 6.751467e-07 1.2980692e-11 9.0012917e-14 2.795582e-14 1.1006027e-14 7.0011052e-15 1.080499e-14 7.7284036e-14 6.6388905e-12 2.327644e-08 0.011556791 1.7899983 1.79 1.79 1.79 1.79 1.79 -0.12 -0.12 -0.12 -0.12 -0.12 -0.12 -0.12 -0.12 -0.12 -0.11999999 -0.11999707 -0.11986481 -0.11778239 -0.25323052 -2.2698313 -2.27 -2.27 -2.27 -2.27 -2.27 -2.27 -2.27 -2.27 -2.2699362 -2.1545154 0.9669577 1.0199557 1.0199999 1.02 1.02 1.02 1.02 1.02 1.02 1.02 1.02 1.02 1.02 1.02 1.0199997 1.0199868 1.0195559 1.0091667 0.85239566 0.22078267
0.24762112 2.4788363e-05 1.588555e-10 4.7281017e-16 8.2733608e-18 5.7879996e-19 4.0194474e-20 3.7390859e-21 8.5383164e-22 1.4391749e-21 9.7151255e-20 1.7464103e-15 2.2421515e-08 1.7497933 1.79 1.79 1.79 0.24878538 -0.12 -0.12 -0.12 -0.12 -0.12 -0.12 -0.12 -0.12 -0.11999619 -0.11932846 -0.098520624 0.079135685 0.51291592 0.86659489 -0.67858843 -2.2698212 -2.27 -2.27 -2.27 -2.27 -2.2699999 -2.2699344 -2.1877168 0.94711478 1.0199599 1.02 1.02 1.02 1.02 1.02 1.02 1.02 1.02 1.02 1.02 1.02 1.02 1.02 1.02 1.0199993 1.0199545 1.0179565 0.96047248 0.40374391 -0.073555675
0.27283579 0.0027500924 5.5848247e-09 3.3025575e-15 9.8085991e-21 3.7674027e-23 1.8234296e-25 5.7203673e-28 1.4217429e-30 8.2055635e-33 1.2932362e-33 2.4912174e-31 6.8458222e-25 3.3469871e-15 0.00019656542 1.7899977 1.7899405 -0.11997103 -0.12 -0.12 -0.12 -0.12 -0.12 -0.11999988 -0.11816068 0.34024912 1.145172 1.2090482 1.2162539 1.2178376 1.2182947 1.2183803 1.2182177 0.32242578 -2.2684563 -2.2699472 -2.269718 -2.2680521 -2.1821145 0.89443317 1.0199215 1.02 1.02 1.02 1.02 1.02 1.02 1.02 1.02 1.02 1.02 1.02 1.02 1.02 1.02 1.02 1.02 1.0199976 1.0197712 1.0062706 0.65708748 -0.043270979 -0.13331695
0.27016721 0.21653085 6.6783322e-07 1.0064177e-13 3.1931617e-20 1.4764972e-23 1.1130338e-27 7.2596694e-33 3.6689997e-39 2.3718183e-45 1.1853094e-50 9.0182156e-52 6.8773719e-45 1.4018822e-32 1.0900874e-19 1.4837486e-08 1.1296412 -0.11999914 -0.11999983 -0.11998172 -0.0035327789 1.2198051 1.22 1.22 1.22 1.22 1.22 1.22 1.2199999 1.2199995 1.2199984 1.2199951 1.2199871 1.219891 0.86253876 0.81857084 0.87179723 0.87955307 0.93009765 1.0190526 1.0199981 1.02 1.02 1.02 1.02 1.02 1.02 1.02 1.02 1.02 1.02 1.02 1.02 1.02 1.02 1.02 1.02 1.0199874 1.0181583 0.88624188 0.02451214 -0.13296249 -0.1395617
0.27000387 0.26995865 0.00032076587 1.3070032e-11 6.617948e-19 2.4001086e-22 9.5099186e-27 1.2451827e-32 1.125758e-40 6.959123e-52 4.9892666e-67 8.4039985e-80 2.4057533e-70 5.9511739e-50 5.9536467e-33 6.1612539e-20 1.5939905e-07 1.2197946 1.22 1.22 1.22 1.22 1.22 1.22 1.22 1.22 1.22 1.22 1.22 1.22 1.22 1.22 1.2199994 1.2144967 0.90878619 0.88082117 0.88001759 0.88001908 0.88366298 1.0105594 1.0199919 1.02 1.02 1.02 1.02 1.02 1.02 1.02 1.02 1.02 1.02 1.02 1.02 1.02 1.02 1.02 1.0199997 1.0198807 0.99386734 0.19004793 -0.13166592 -0.13970881 -0.13997745
0.27000003 0.27 0.19360116 8.2606261e-09 7.8596222e-17 4.0559665e-20 2.2721753e-24 2.7789153e-30 7.1272836e-39 3.0124603e-52 3.3567722e-76 6.401606e-142 2.9299166e-87 1.1068949e-54 1.8112075e-37 2.9162496e-23 2.4273875e-06 1.22 1.22 1.22 1.22 1.22 1.22 1.22 1.22 1.22 1.22 1.22 1.22 1.22 1.22 1.22 1.21962 1.0049439 0.92763005 0.88093334 0.88000972 0.88000033 0.88006969 0.92839881 1.0199253 1.02 1.02 1.02 1.02 1.02 1.02 1.02 1.02 1.02 1.02 1.02 1.02 1.02 1.02 1.02 1.0199972 1.0176452 0.54632223 -0.12813157 -0.13980468 -0.13999178 -0.13999696
0.27 0.27 0.26998849 2.4983688e-05 5.7808233e-14 7.9020992e-17 2.151745e-20 2.1261352e-25 1.04967e-32 6.9613772e-44 1.113267e-61 2.111209e-82 1.085842e-66 7.3310683e-44 3.5424118e-29 7.8921587e-20 0.00013236243 1.22 1.22 1.22 1.22 1.22 1.22 1.22 1.22 1.22 1.22 1.22 1.22 1.22 1.22 1.2199873 1.0281907 0.99951182 0.95991469 0.88122782 0.88000514 0.88000002 0.88000037 0.88082316 1.0179629 1.02 1.02 1.02 1.02 1.02 1.02 1.02 1.02 1.02 1.02 1.02 1.02 1.02 1.02 1.02 1.0199246 0.91275899 -0.11741621 -0.13986313 -0.13999743 -0.13999921 -0.13999871
0.27 0.27 0.27 0.14051352 2.3259717e-10 1.2619427e-12 4.9762379e-15 2.565424e-18 7.1091791e-23 4.5682771e-29 2.5015193e-36 2.8291192e-40 8.2088327e-35 1.6863703e-24 9.2249624e-16 7.7550475e-10 0.011548123 1.22 1.22 1.22 1.22 1.22 1.22 1.22 1.22 1.22 1.22 1.22 1.22 1.22 1.2199998 1.1160437 1.0000011 0.99995648 0.98873102 0.8820326 0.88000257 0.88 0.88 0.88000176 0.92751069 1.0199992 1.02 1.02 1.02 1.02 1.02 1.02 1.02 1.02 1.02 1.02 1.02 1.02 1.02 1.0199995 1.0132102 -0.073026109 -0.13989307 -0.13999932 -0.13999984 -0.13999971 -0.1399994
0.27 0.27 0.27 0.2699917 3.5252508e-06 7.890842e-08 8.4387083e-09 5.65174e-10 2.5742759e-11 1.3949368e-12 5.0656853e-13 2.4691335e-11 3.5921886e-07 0.015470926 0.52908489 0.53974381 0.53998196 1.22 1.22 1.22 1.22 1.22 1.22 1.22 1.22 1.22 1.22 1.22 1.22 1.22 1.2088138 1.0000022 0.99999999 0.99999842 0.998732 0.88482251 0.88000125 0.88 0.88 0.88 0.8800606 1.0198943 1.02 1.02 1.02 1.02 1.02 1.02 1.02 1.02 1.02 1.02 1.02 1.02 1.02 1.0199048 0.19454075 -0.13989467 -0.13999985 -0.13999998 -0.13999995 -0.13999989 -0.13999973
0.27 0.27 0.27 0.27 0.07573567 0.007369206 0.022321272 0.14378658 0.51094086 0.53996683 0.54 0.54 0.54 0.54 0.54 0.54 0.54 1.2125983 1.22 1.22 1.22 1.22 1.22 1.22 1.22 1.22 1.22 1.22 1.22 1.2196753 1.0000076 1 1 0.99999998 0.99995401 0.89906849 0.88000061 0.88 0.88 0.88 0.88 0.93057014 1.02 1.02 1.02 1.02 1.02 1.02 1.02 1.02 1.02 1.02 1.02 1.02 1.0199998 0.90468737 -0.13983578 -0.13999997 -0.14 -0.14 -0.13999999 -0.13999996 -0.13999988
0.27 0.27 0.27 0.27 0.27128459 0.53929904 0.53998835 0.53999998 0.54 0.54 0.54 0.54 0.54 0.54 0.54 0.54 0.54 0.54000129 1.22 1.22 1.22 1.22 1.22 1.22 1.22 1.22 1.22 1.22 1.2199943 1.0000691 1 1 1 1 0.99999968 0.96477078 0.88000035 0.88 0.88 0.88 0.88 0.88000066 1.0199996 1.02 1.02 1.02 1.02 1.02 1.02 1.02 1.02 1.02 1.02 1.02 1.0191311 -0.13939302 -0.13999999 -0.14 -0.14 -0.14 -0.14 -0.13999999 -0.13999995
0.27 0.27 0.27 0.27 0.27030765 0.54001947 0.5400006 0.54 0.54 0.54 0.54 0.54 0.54 0.54 0.54 0.54 0.54 0.54 1.0060008 1.22 1.22 1.22 1.22 1.22 1.22 1.22 1.22 1.2200046 1.0015595 1 1 1 1 1 1 0.99933995 0.88000031 0.88 0.88 0.88 0.88 0.88 0.94732459 1.02 1.02 1.02 1.02 1.02 1.02 1.02 1.02 1.02 1.02 1.0199996 -0.12989781 -0.14 -0.14 -0.14 -0.14 -0.14 -0.14 -0.14 -0.13999998
0.27 0.27 0.27 0.27 0.27009576 0.54655722 0.54103886 0.54005207 0.54000031 0.54 0.54 0.54 0.54 0.54 0.54 0.54 0.54 0.54 0.54000343 1.2199747 1.22 1.22 1.22 1.22 1.220002 1.2295961 2.1020461 2.1492393 1.0006063 1 1 1 1 1 1 0.99999959 0.88000081 0.88 0.88 0.88 0.88 0.88 0.88 1.02 1.02 1.02 1.02 1.02 1.02 1.02 1.02 1.02 1.02 0.5537715 -0.14 -0.14 -0.14 -0.14 -0.14 -0.14 -0.14 -0.14 -0.13999999
0.27 0.27 0.27 0.27 0.27073409 0.8289595 0.83281195 0.83577784 0.83700861 0.83292258 0.78318313 0.5459995 0.54000031 0.54000001 0.54000034 0.54001161 0.54012703 0.54061922 0.54183802 0.67129713 1.2200002 1.2201383 1.4050084 2.1490706 2.1499998 2.15 2.15 2.1499997 1.0532794 1 1 1 1 1 1 1 0.88002646 0.88 0.88 0.88 0.88 0.88 0.88 0.57411808 0.98766248 1.0199753 1.02 1.02 1.02 1.02 1.02 1.0199991 1.0196496 -0.13999989 -0.14 -0.14 -0.14 -0.14 -0.14 -0.14 -0.14 -0.14 -0.13999999
0.27 0.27 0.27 0.27 0.31900415 0.84996394 0.84999644 0.84999989 0.85 0.85 0.85 0.85 0.85 0.85 0.85 0.85 0.84999008 0.84935199 0.84316688 0.82323713 2.1497239 2.1499999 2.15 2.15 2.15 2.15 2.15 2.15 2.1301448 1 1 1 1 1 1 1 0.93924374 0.88 0.88 0.88 0.88 0.88 0.88 -0.055735317 -0.07 -0.07 -0.07 -0.07 -0.07 -0.069999985 -0.069877521 -0.05711003 -0.11811174 -0.13999988 -0.14 -0.14 -0.14 -0.14 -0.14 -0.14 -0.14 -0.14 -0.13999999
0.27 0.27 0.27 0.26999995 0.77201724 0.84999989 0.85 0.85 0.85 0.85 0.85 0.85 0.85 0.85 0.85 0.85 0.85 0.84999999 0.84999774 0.8818072 2.1499999 2.15 2.15 2.15 2.15 2.15 2.15 2.15 2.1499994 1.0000002 1 1 1 1 1 1 0.99999996 0.88 0.88 0.88 0.88 0.88 0.88 -0.069715762 -0.07 -0.07 -0.07 -0.07 -0.07 -0.07 -0.07 -0.036019606 2.0360132 -0.13999834 -0.14 -0.14 -0.14 -0.14 -0.14 -0.14 -0.14 -0.14 -0.13999998
0.38786073 0.28597312 0.27507099 -0.16475959 -0.17865374 0.84995022 0.85 0.85 0.85 0.85 0.85 0.85 0.85 0.85 0.85 0.85 0.85 0.85 0.85356925 1.6370926 2.1499998 2.15 2.15 2.15 2.15 2.15 2.15 2.15 2.15 1.001874 1 1 1 1 1 1 1 0.88 0.88 0.88 0.88 0.87999382 -0.82999308 -0.82992043 -0.07 -0.07 -0.07 -0.07 -0.07 -0.07 -0.07 2.2799998 2.2799996 -0.12693265 -0.14 -0.14 -0.14 -0.14 -0.14 -0.14 -0.14 -0.14 -0.13999989
0.82999995 0.80721788 -0.067259559 -0.17992918 -0.17999982 -0.17744551 0.84999918 0.85 0.85 0.85 0.85 0.85 0.85 0.85 0.85 0.85 0.85 1.2297238 1.5799998 1.5800041 2.149966 2.15 2.15 2.15 2.15 2.15 2.15 2.15 2.15 2.1466451 1 1 1 1 1 1 1 0.88000001 0.88 0.87999401 -0.83 -0.83 -0.83 -0.83 -0.070000041 -0.07 -0.07 -0.07 -0.07 -0.07 1.728089 2.28 2.28 2.28 -0.14 -0.14 -0.14 -0.14 -0.14 -0.14 -0.14 -0.13999993 -0.14000031
0.81403635 0.21996112 -0.16929182 -0.1799995 -0.18 -0.18000001 -0.16898894 0.84999117 0.84999986 0.85 0.85 0.85 0.85 0.85 0.85 0.85000046 1.5799161 1.58 1.58 1.58 1.8054234 2.15 2.15 2.15 2.15 2.15 2.15 2.15 2.1494505 1.6389827 1.0000002 1 1 1 1 1 1 0.84566091 -0.82999371 -0.83 -0.83 -0.83 -0.83 -0.83 -0.8299646 -0.07 -0.07 -0.07 -0.069845681 1.0674778 2.2799982 2.28 2.28 2.28 2.2794359 -0.14 -0.14 -0.14 -0.14 -0.14 -0.13999952 -0.14016537 -0.24725478
0.22000001 0.21994402 -0.17991593 -0.18 -0.18 -0.18 -0.1800081 -0.2595218 -0.2599469 -0.25999234 -0.25999876 -0.2599995 -0.25999881 -0.25998535 -0.25968963 1.5799989 1.58 1.58 1.58 1.58 1.5800001 2.1499828 2.1499999 2.15 2.15 2.15 2.15 2.1307689 1.6100003 1.61 1.6099297 0.99999995 0.99999995 0.99999769 0.97946434 -0.018143674 -0.019994609 -0.13 -0.13828739 -0.83 -0.83 -0.83 -0.83 -0.83 -0.73000001 -0.73 1.0699997 1.07 1.07 1.07 1.1129428 2.28 2.28 2.28 2.2799999 0.49 0.49 0.48884966 -0.11889837 -0.13731793 -0.41596547 -0.41999323 -0.38611045
0.22 0.21990746 -0.17999999 -0.18 -0.18 -0.18 -0.18016392 -0.26106177 -0.26 -0.26 -0.26 -0.26 -0.26 -0.26 -0.25999999 1.58 1.58 1.58 1.58 1.58 1.58 2.0818173 2.1122787 2.1192143 1.7731156 0.32 1.6099755 1.61 1.61 1.61 1.067204 0.9094589 -0.019999267 -0.02 -0.02 -0.02 -0.02 -0.13 -0.13 -0.13 -0.54000044 -0.82997461 -0.83 -0.73 -0.73 -0.73 1.0699999 1.07 1.07 1.07 1.07 2.1169015 0.89437487 0.89 0.89 0.48892073 0.48064881 0.37566493 -0.40314703 -0.42 -0.42 -0.41999403 0.55453395
0.22 0.21616003 -0.18 -0.18 -0.18 -0.18000003 -0.24653543 -0.33627059 -0.25999999 -0.26 -0.26 -0.26 -0.26 -0.26 -0.26 1.58 1.58 1.58 1.58 1.58 1.58 1.3802265 1.0034333 0.32717734 0.32 0.32 1.61 1.61 1.61 1.61 0.91010264 0.91000969 0.6617523 -0.02 -0.02 -0.02 -0.02 -0.12999985 -0.13 -0.13 -0.54 -0.54 -0.68706989 -0.73 -0.73 -0.73 1.0699882 1.07 1.07 1.07 1.07 0.89001071 0.89 0.89 -0.27797277 -0.36 -0.36 0.13999983 -0.42 -0.42 -0.42 -0.38204086 0.57999991
0.22 -0.17991972 -0.18 -0.18 -0.18 -0.18076612 -0.34999942 -0.17913293 -0.22734226 -0.26 -0.26 -0.26 -0.26 -0.26 -0.26 1.58 1.58 1.58 1.58 1.58 1.58 1.38 1.38 1.57 1.57 1.57 1.5700006 1.61 1.61 0.91358608 0.91002204 0.91000005 0.73000004 0.028720241 -0.02 -0.02 -0.020000169 -0.83996232 0.099985338 -0.12999996 -0.54 -0.54 -0.7298565 -0.73 -0.73 -0.73 0.32546653 1.07 1.07 1.07 1.07 -0.73430294 -1.46 -1.4036939 -0.3599999 0.14 0.14 0.13990249 -0.42 -0.42 -0.42 0.57999994 0.58
0.22 -0.18 -0.18 -0.18 -0.18 -0.35 -0.35 -0.13000362 -0.0025986642 0.12602165 -0.26 -0.26 -0.26 -0.26 -0.26 1.58 1.58 1.58 1.58 1.58 1.4467052 1.38 1.38 1.38 1.57 1.57 1.57 1.5704343 1.6083293 0.9805856 0.91036321 0.91 0.73 0.73 -0.85 -0.22679305 -0.84 -0.84 0.1 0.1 0.099423291 -0.54 -0.57362846 -0.030564683 -0.03 -0.03 -0.030002014 1.07 1.07 1.0699991 -0.62720383 -0.61193709 -1.46 -1.46 -0.73002579 -0.30150511 0.14 -0.42 -0.42 -0.42 0.13301827 0.58 0.58
0.22 -0.18 -0.18 -0.18 -0.35 -0.35 -0.35 -0.13 -0.12848289 0.14 0.14 -0.26 -0.26 -0.26 -0.25998462 1.58 1.58 1.58 1.58 1.5800032 1.38 1.38 1.38 1.38 1.17 1.64 1.64 1.64 -0.42 -0.53968942 1.04 1.04 0.73 0.73 -0.85 -0.85 -0.84 -0.84 -1.5 -1.5 -1.5000684 -0.75972796 -0.03 -0.03 -0.03 -0.03 -0.03 0.66988257 -1.0999986 -1.1 -1.1 -0.60000305 -1.5649141 -1.46 -0.73 -0.31 -0.31 -0.4 -0.4 -0.4 0.1 0.58 0.58
0.21999945 -0.18 -0.18 -0.34999997 -0.35 -0.35 -0.34918242 -0.13 -0.13 0.14 0.14 0.86 0.86 0.86 0.86 1.5470911 1.65 1.65 1.65 1.65 1.508827 1.38 1.38 1.1716199 1.17 1.43 1.09 -0.4198567 -0.42 -0.42000146 -0.54 -0.54 0.97020211 -0.80031981 -0.85 -1.22 -1.34 -1.34 -1.5 -1.55 -1.55 -1.5499999 -0.03 -0.03 -0.03 -0.03 -0.03 -1.58 -1.58 -1.1 -1.1 -1.1 -1.5693367 0.52 -0.73 -0.33804244 -0.31 -0.4 -0.4 0.1 0.10015297 0.58 0.58
0.12503615 -0.18 -0.28166423 -0.35 -0.35 -0.35 -0.13 -0.13 -0.13000012 0.14 0.14 0.86 0.86 0.86 0.86 1.644017 1.65 1.65 1.65 1.65 1.6499976 1.11 1.11 1.17 1.1700001 1.0900017 1.09 -0.4199666 -0.42 -0.41999995 -0.54 -0.54 -0.81185692 -1.22 -1.22 -1.22 -1.34 -1.34 -1.5 -1.5 -1.549998 -1.5495491 -0.03 -0.03 -0.03 -0.03 -0.030011526 -1.58 -1.58 -1.58 -1.1 -1.0999981 0.52 0.52 0.51999994 -0.72995219 -0.3100002 -0.39948799 0.23274249 0.24 0.24 0.51943246 -0.05
