Interpolating SPI Data/spi_stations/interpolated_spi/9-21_3.tif
NCOLS 257
NROWS 141
XLLCORNER -178.27925
YLLCORNER 5.3153543
DX 0.49934803
DY 0.49997533
NODATA_VALUE -9999
[rows 0 to 27 of 141, columns 192 to 255 of 257]
-0.9 -0.89994264 0.46921519 0.47 0.47 0.47 0.47 0.47 0.47 0.47 0.47 0.47 0.47 0.47 0.47 0.47 0.47 0.47 0.47 0.47002741 0.59520181 0.59999993 0.6 0.6 0.6 0.6 0.6 0.6 0.6 0.6 0.6 0.6 0.6 0.6 0.6 0.59999902 0.5991897 0.27670554 -0.36502865 -0.36997856 -0.36999984 -0.37 -0.37 -0.37 -0.37 -0.37 -0.37 -0.37 -0.37 -0.37 -0.37 -0.37 -0.37 -0.37 -0.37 -0.37 -0.37 -0.37 -0.37 -0.37 -0.37 -0.37 -0.37 -0.37
-0.9 -0.89996787 0.46988436 0.47 0.47 0.47 0.47 0.47 0.47 0.47 0.47 0.47 0.47 0.47 0.47 0.47 0.47 0.47 0.47 0.47024246 0.59981956 0.6 0.6 0.6 0.6 0.6 0.6 0.6 0.6 0.6 0.6 0.6 0.6 0.6 0.6 0.6 0.6 0.59999623 0.59790198 0.19047933 -0.36323525 -0.36993816 -0.369999 -0.36999997 -0.37 -0.37 -0.37 -0.37 -0.37 -0.37 -0.37 -0.37 -0.37 -0.37 -0.37 -0.37 -0.37 -0.37 -0.37 -0.37 -0.37 -0.37 -0.37 -0.37
-0.9 -0.89997844 0.46998678 0.47 0.47 0.47 0.47 0.47 0.47 0.47 0.47 0.47 0.47 0.47 0.47 0.47 0.47 0.47 0.47 0.47363456 0.59999644 0.6 0.6 0.6 0.6 0.6 0.6 0.6 0.6 0.6 0.6 0.6 0.6 0.6 0.6 0.6 0.6 0.6 0.59999996 0.5999801 0.59420643 0.11612585 -0.35973283 -0.36980817 -0.369994 -0.36999969 -0.36999997 -0.37 -0.37 -0.37 -0.37 -0.37 -0.37 -0.37 -0.37 -0.37 -0.37 -0.37 -0.37 -0.37 -0.37 -0.37 -0.37 -0.37
-0.9 -0.89998047 0.46999867 0.47 0.47 0.47 0.47 0.47 0.47 0.47 0.47 0.47 0.47 0.47 0.47 0.47 0.47 0.47 0.47000001 0.52790587 0.59999996 0.6 0.6 0.6 0.6 0.6 0.6 0.6 0.6 0.6 0.6 0.6 0.6 0.6 0.6 0.6 0.6 0.6 0.6 0.6 0.59999959 0.59989215 0.58508394 0.060507304 -0.35388483 -0.36942276 -0.36996537 -0.3699961 -0.36999913 -0.36999967 -0.36999983 -0.3699999 -0.36999993 -0.36999994 -0.36999995 -0.36999996 -0.36999996 -0.36999995 -0.36999995 -0.36999994 -0.36999994 -0.36999992 -0.36999991 -0.36999989
-0.9 -0.89997323 0.46999985 0.47 0.47 0.47 0.47 0.47 0.47 0.47 0.47 0.47 0.47 0.47 0.47 0.47 0.47 0.47 0.47000021 0.59689072 0.6 0.6 0.6 0.6 0.6 0.6 0.6 0.6 0.6 0.6 0.6 0.6 0.6 0.6 0.6 0.6 0.6 0.6 0.6 0.6 0.60000018 0.60000569 0.60010768 0.60092898 0.57930148 0.081430806 -0.32094628 -0.36271879 -0.36829861 -0.36948144 -0.36980955 -0.36991844 -0.36996007 -0.36997799 -0.36998653 -0.36999096 -0.36999342 -0.36999486 -0.36999573 -0.36999626 -0.36999658 -0.36999674 -0.36999679 -0.36999675
-0.9 -0.89994117 0.46999998 0.47 0.47 0.47 0.47 0.47 0.47 0.47 0.47 0.47 0.47 0.47 0.47 0.47 0.47 0.47 0.47000627 0.5999635 0.6 0.6 0.6 0.6 0.6 0.6 0.6 0.6 0.6 0.6 0.6 0.6 0.6 0.6 0.6 0.6 0.6 0.6 0.6 0.60000004 0.60000255 0.60008395 0.60161075 0.61900869 0.72914918 0.99141553 1.16695 1.1340227 0.76783581 0.16279461 -0.19315121 -0.31357889 -0.35028385 -0.36224019 -0.36656586 -0.36830627 -0.36907872 -0.36945301 -0.36964893 -0.36975859 -0.36982358 -0.36986398 -0.36989008 -0.36990743
-0.9 -0.89977327 0.47000011 0.47 0.47 0.47 0.47 0.47 0.47 0.47 0.47 0.47 0.47 0.47 0.47 0.47 0.47 0.47 0.47034192 0.59999972 0.6 0.6 0.6 0.6 0.6 0.6 0.6 0.6 0.6 0.6 0.6 0.6 0.6 0.6 0.6 0.6 0.6 0.6 0.60000001 0.60000107 0.60006703 0.6021038 0.63500822 0.84922725 1.145963 1.2480553 1.2711362 1.2769153 1.2783585 1.2767496 1.2644544 1.208031 1.0177695 0.61550158 0.16330256 -0.12469411 -0.25964583 -0.31782443 -0.34346878 -0.35544744 -0.36142405 -0.36460308 -0.36639642 -0.36746276
-0.89998801 2.3784897 1.0740486 0.47000002 0.47 0.47 0.47 0.47 0.47 0.47 0.47 0.47 0.47 0.47 0.47 0.47 0.47 0.47 0.49364767 0.6 0.6 0.6 0.6 0.6 0.6 0.6 0.6 0.6 0.6 0.6 0.6 0.6 0.6 0.6 0.6 0.6 0.6 0.6 0.60000042 0.60006075 0.60349885 0.68367955 1.0558769 1.2434533 1.2732613 1.278311 1.2794425 1.2797689 1.2798843 1.2799305 1.2799355 1.2798257 1.2791469 1.2759151 1.2630224 1.2198543 1.1022628 0.85982371 0.51379411 0.1813 -0.052094068 -0.18926326 -0.26470457 -0.30606211
2.3993536 2.4 2.4 2.2856792 0.47000001 0.47 0.47 0.47 0.47 0.47 0.47 0.47 0.47 0.47 0.47 0.47 0.47 0.47000001 0.59459097 0.6 0.6 0.6 0.6 0.6 0.6 0.6 0.6 0.6 0.6 0.6 0.6 0.6 0.6 0.6 0.6 0.6 0.6 0.60000017 0.60006979 0.60848385 0.84909307 1.2271081 1.2747053 1.2791676 1.2798032 1.2799354 1.2799724 1.2799855 1.279991 1.2799936 1.2799949 1.2799953 1.2799934 1.2799787 1.2798979 1.2795257 1.2780541 1.2730098 1.2579207 1.2186065 1.1307825 0.96802784 0.72799258 0.45304338
2.4 2.4 2.4 2.4 2.3992573 0.47000014 0.47 0.47 0.47 0.47 0.47 0.47 0.47 0.47 0.47 0.47 0.47 0.47000089 0.59994209 0.6 0.6 0.6 0.6 0.6 0.6 0.6 0.6 0.6 0.6 0.6 0.6 0.6 0.6 0.6 0.6 0.6 0.60000008 0.60012332 0.63645158 1.1625659 1.2752998 1.2796434 1.2799491 1.2799881 1.2799959 1.2799981 1.2799989 1.2799992 1.2799994 1.2799994 1.2799995 1.2799994 1.2799994 1.2799992 1.2799986 1.279995 1.2799772 1.2798999 1.2796068 1.2786296 1.2757378 1.268083 1.2498844 1.211076
2.4 2.4 2.4 2.4 2.4 2.3999964 0.47002181 0.47 0.47 0.47 0.47 0.47 0.47 0.47 0.47 0.47 0.47 0.47011198 0.59999918 0.6 0.6 0.6 0.6 0.6 0.6 0.6 0.6 0.6 0.6 0.6 0.6 0.6 0.6 0.6 0.6 0.60000005 0.6004699 0.87299336 1.2741252 1.2798665 1.2799915 1.2799988 1.2799997 1.2799999 1.2799999 1.28 1.28 1.28 1.28 1.28 1.2799999 1.2799999 1.2799999 1.2799999 1.2799998 1.2799998 1.2799995 1.2799981 1.2799918 1.2799664 1.2798758 1.2795874 1.2787633 1.2766305
2.4 2.4 2.4 2.4 2.4 2.4 2.3999999 0.47618196 0.47 0.47 0.47 0.47 0.47 0.47 0.47 0.47 0.47 0.47993006 0.59999998 0.6 0.6 0.6 0.6 0.6 0.6 0.6 0.6 0.6 0.6 0.6 0.6 0.6 0.6 0.6 0.6000001 0.60680739 1.2623505 1.2799512 1.2799992 1.28 1.28 1.28 1.28 1.28 1.28 1.28 1.28 1.28 1.28 1.28 1.28 1.28 1.28 1.28 1.28 1.28 1.2799999 1.2799999 1.2799997 1.2799989 1.2799957 1.2799839 1.2799445 1.279826
2.4 2.4 2.4 2.4 2.4 2.4 2.4 2.3999999 0.86184349 0.47000048 0.47 0.47 0.47 0.47 0.47 0.47 0.47000004 0.57827102 0.6 0.6 0.6 0.6 0.6 0.6 0.6 0.6 0.6 0.6 0.6 0.6 0.6 0.6 0.6 0.60000133 0.9961151 1.2799717 1.28 1.28 1.28 1.28 1.28 1.28 1.28 1.28 1.28 1.28 1.28 1.28 1.28 1.28 1.28 1.28 1.28 1.28 1.28 1.28 1.28 1.28 1.28 1.2799999 1.2799997 1.2799991 1.2799965 1.2799873
2.4 2.4 2.4 2.4 2.4 2.4 2.4 2.4 2.3999998 2.005609 0.47014559 0.47000006 0.47 0.47 0.47 0.47 0.47000476 0.59923522 0.6 0.6 0.6 0.6 0.6 0.6 0.6 0.6 0.6 0.6 0.6 0.6 0.6 0.6 0.60048725 1.2798776 1.28 1.28 1.28 1.28 1.28 1.28 1.28 1.28 1.28 1.28 1.28 1.28 1.28 1.28 1.28 1.28 1.28 1.28 1.28 1.28 1.28 1.28 1.28 1.28 1.28 1.28 1.2799999 1.2799993 1.2799965 1.2799839
2.4 2.4 2.4 2.4 2.4 2.4 2.4 2.4 2.4 2.3999987 2.2956489 0.47647197 0.47001191 0.47000013 0.47000001 0.47 0.4702975 0.59995824 0.6 0.6 0.6 0.6 0.6 0.6 0.6 0.6 0.6 0.6 0.6 0.6 0.60000001 1.2292328 1.28 1.28 1.28 1.28 1.28 1.28 1.28 1.28 1.28 1.28 1.28 1.28 1.28 1.28 1.28 1.28 1.28 1.28 1.28 1.28 1.28 1.28 1.28 1.28 1.28 1.28 1.28 1.2799999 1.2799992 1.2799956 1.2799773 1.2798968
2.4 2.4 2.4 2.4 2.4 2.4 2.4 2.4 2.4 2.4 2.3999924 2.3494294 0.54522473 0.4704415 0.46996802 0.46809408 0.43219722 0.5999389 0.6 0.6 0.6 0.6 0.6 0.6 0.6 0.6 0.6 0.6 0.6 0.60108341 1.2799994 1.28 1.28 1.28 1.28 1.28 1.28 1.28 1.28 1.28 1.28 1.28 1.28 1.28 1.28 1.28 1.28 1.28 1.28 1.28 1.28 1.28 1.28 1.28 1.28 1.28 1.28 1.28 1.2799999 1.279999 1.2799933 1.2799624 1.2798173 1.2792171
2.4 2.4 2.4 2.4 2.4 2.4 2.4 2.4 2.4 2.4 2.4 2.3999636 2.2965061 0.22985441 0.22012152 0.2200066 0.22001089 0.23954788 0.59984427 0.6 0.6 0.6 0.6 0.6 0.6 0.6 0.6 0.60000899 1.2635801 1.28 1.28 1.28 1.28 1.28 1.28 1.28 1.28 1.28 1.28 1.28 1.28 1.28 1.28 1.28 1.28 1.28 1.28 1.28 1.28 1.28 1.28 1.28 1.28 1.28 1.28 1.28 1.28 1.2799998 1.2799985 1.2799885 1.2799284 1.2796259 1.278338 1.273752
2.4 2.4 2.4 2.4 2.4 2.4 2.4 2.4 2.4 2.4 2.3999984 2.1043861 0.22034825 0.22000005 0.22000001 0.22000014 0.22000463 0.22016657 0.22793182 0.59948281 0.60000001 0.6 0.6 0.6 0.60000001 0.60000617 0.64902066 1.2799713 1.28 1.28 1.28 1.28 1.28 1.28 1.28 1.28 1.28 1.28 1.28 1.28 1.28 1.28 1.28 1.28 1.28 1.28 1.28 1.28 1.28 1.28 1.28 1.28 1.28 1.28 1.28 1.28 1.2799998 1.2799973 1.2799768 1.2798396 1.2790973 1.2759193 1.2662022 1.2479505
2.4 2.4 2.4 2.4 2.4 2.4 2.4 2.4 2.4 2.3999961 1.1537997 0.22001005 0.22 0.22 0.22 0.22000003 0.22000221 0.22016629 0.2301837 0.508917 0.65055831 0.60000715 0.60000042 0.60001942 0.60474166 1.2380641 1.2799987 1.28 1.28 1.28 1.28 1.28 1.28 1.28 1.28 1.28 1.28 1.28 1.28 1.28 1.28 1.28 1.28 1.28 1.28 1.28 1.28 1.28 1.28 1.28 1.28 1.28 1.28 1.28 1.28 1.2799996 1.2799942 1.2799431 1.2795634 1.2774007 1.2689948 1.2520706 1.2360874 1.2224507
2.4 2.4 2.4 2.4 2.4 2.4 2.4 2.4 2.3999773 0.33012355 0.22000019 0.22 0.22 0.22 0.22 0.22000001 0.22000102 0.22020386 0.24823801 0.84007995 1.0527257 1.0566116 0.60979804 0.81749377 1.2777697 1.2799996 1.28 1.28 1.28 1.28 1.28 1.28 1.28 1.28 1.28 1.28 1.28 1.28 1.28 1.28 1.28 1.28 1.28 1.28 1.28 1.28 1.28 1.28 1.28 1.28 1.28 1.28 1.28 1.28 1.279999 1.2799844 1.2798234 1.2785137 1.2713948 1.2533632 1.2377843 1.2307392 1.2246767 1.211028
2.4 2.4 2.4 2.4 2.4 2.4 2.4 2.3997116 0.22647875 0.22 0.22 0.22 0.22 0.22 0.22 0.22 0.22000047 0.22035596 0.3469632 1.0336224 1.0595721 1.0599822 1.0600027 1.2765269 1.2799996 1.28 1.28 1.28 1.28 1.28 1.28 1.28 1.28 1.28 1.28 1.28 1.28 1.28 1.28 1.28 1.28 1.28 1.28 1.28 1.28 1.28 1.28 1.28 1.28 1.28 1.28 1.28 1.2799999 1.2799969 1.2799434 1.2792718 1.2737616 1.2543817 1.2370202 1.2315262 1.2297099 1.2271862 1.2193605 1.1958785
2.4 2.4 2.4 2.4 2.4 2.4 2.3944438 0.22043759 0.22 0.22 0.22 0.22 0.22 0.22 0.22 0.22 0.22000025 0.22115027 0.80455728 1.0591112 1.0599907 1.0599996 1.06 1.0611089 1.279997 1.28 1.28 1.28 1.28 1.28 1.28 1.28 1.28 1.28 1.28 1.28 1.28 1.28 1.28 1.28 1.28 1.28 1.28 1.28 1.28 1.28 1.28 1.28 1.28 1.28 1.28 1.2799996 1.2799865 1.2797074 1.2759488 1.2557159 1.2358773 1.2310597 1.2301743 1.2297954 1.2287852 1.2247576 1.2101809 1.1671919
2.4 2.4 2.4 2.4 2.3999995 2.3014568 0.22005296 0.22 0.22 0.22 0.22 0.22 0.22 0.22 0.22 0.22 0.22000018 0.23093507 1.0533852 1.0599935 1.0599999 1.06 1.06 1.06 1.2248159 1.28 1.28 1.28 1.28 1.28 1.28 1.28 1.28 1.28 1.28 1.28 1.28 1.28 1.28 1.28 1.28 1.28 1.28 1.28 1.28 1.28 1.28 1.28 1.28 1.28 1.2799978 1.2799083 1.2777256 1.2575561 1.2347181 1.2306071 1.2300951 1.2300076 1.2299285 1.2295657 1.227766 1.2198428 1.1907895 1.1140979
2.4 2.4 2.4 2.399974 1.5928758 0.22001409 0.22 0.22 0.22 0.22 0.22 0.22 0.22 0.22 0.22 0.22 0.22000034 0.61840851 1.0599881 1.06 1.06 1.06 1.06 1.06 1.0600122 1.2799397 1.28 1.28 1.28 1.28 1.28 1.28 1.28 1.28 1.28 1.28 1.28 1.28 1.28 1.28 1.28 1.28 1.28 1.28 1.28 1.28 1.28 1.28 1.2799998 1.2799788 1.2789375 1.2600536 1.2336251 1.2303039 1.2300344 1.2300051 1.2299988 1.2299826 1.2298739 1.2291987 1.2255124 1.208496 1.1494952 1.030799
2.4 2.3999996 2.3992617 0.64126009 0.22000761 0.22 0.22 0.22 0.22 0.22 0.22 0.22 0.22 0.22 0.22 0.22 0.22000528 1.0596207 1.06 1.06 1.06 1.06 1.06 1.06 1.06 1.0722219 1.2799999 1.28 1.28 1.28 1.28 1.28 1.28 1.28 1.28 1.28 1.28 1.28 1.28 1.28 1.28 1.28 1.28 1.28 1.28 1.28 1.28 1.2799965 1.279601 1.2633057 1.2326601 1.230131 1.2300096 1.2300011 1.2300001 1.2299997 1.2299969 1.2299715 1.2297671 1.2283419 1.2199044 1.1808763 1.0711006 0.93771511
2.3872278 1.62398 -0.99134521 0.17804173 0.21986515 0.21999993 0.22 0.22 0.22 0.22 0.22 0.22 0.22 0.22 0.22 0.22 0.23174834 1.06 1.06 1.06 1.06 1.06 1.06 1.06 1.06 1.0600002 1.276465 1.28 1.28 1.28 1.28 1.28 1.28 1.28 1.28 1.28 1.28 1.28 1.28 1.28 1.28 1.28 1.28 1.28 1.28 1.2799996 1.2798812 1.2672092 1.2318763 1.230048 1.2300021 1.2300001 1.23 1.23 1.23 1.2299996 1.2299953 1.2299479 1.2295081 1.2260683 1.2045165 1.1163801 0.96441698 0.87221241
-1.8289982 -1.8298766 -1.8282812 -1.7588705 -0.053440691 0.21973904 0.21999998 0.22 0.22 0.22 0.22 0.22 0.22 0.22 0.22 0.22 1.0599994 1.06 1.06 1.06 1.06 1.06 1.06 1.06 1.06 1.06 1.0603863 1.2799921 1.28 1.28 1.28 1.28 1.28 1.28 1.28 1.28 1.28 1.28 1.28 1.28 1.28 1.28 1.28 1.28 1.2799709 1.2712804 1.2313041 1.2300152 1.2300003 1.23 1.23 1.23 1.23 1.23 1.23 1.2299995 1.2299916 1.2298892 1.2287818 1.2191511 1.1604533 1.0025096 0.88054822 0.84256694
-1.8299999 -1.8299999 -1.8299992 -1.8299867 -1.8291376 -1.4994001 0.21834593 0.21999999 0.22 0.22 0.22 0.22 0.22 0.22 0.22 0.22 1.06 1.06 1.06 1.06 1.06 1.06 1.06 1.06 1.06 1.06 1.06 1.1826673 1.2799999 1.28 1.28 1.28 1.28 1.28 1.28 1.28 1.28 1.28 1.28 1.28 1.28 1.28 1.2799932 1.2747377 1.2309435 1.2300044 1.23 1.23 1.23 1.23 1.23 1.23 1.23 1.23 1.23 1.2299991 1.2299824 1.2297166 1.2263669 1.1953725 1.0540345 0.89392657 0.84339664 0.83293814
