Interpolating SPI Data/spi_stations/interpolated_spi/9-21_2.tif
NCOLS 257
NROWS 141
XLLCORNER -178.27925
YLLCORNER 5.3153543
DX 0.49934803
DY 0.49997533
NODATA_VALUE -9999
[rows 28 to 55 of 141, columns 192 to 255 of 257]
-1.92 -1.92 -1.92 -1.92 -1.92 -1.9199991 -1.9188952 0.58542662 0.70999998 0.71 0.71 0.71 0.71 0.71 0.71 1.5199992 1.52 1.52 1.52 1.52 1.52 1.52 1.52 1.52 1.52 1.52 1.5199997 1.5198826 0.98206297 0.98000001 0.98 0.98 0.98 0.98 0.98 0.98 0.98 0.98 0.98 0.98000001 0.98001214 0.99837399 1.2851819 1.2899911 1.29 1.29 1.29 1.29 1.29 1.29 1.29 1.29 1.29 1.29 1.2899999 1.2899984 1.2899578 1.2891645 1.2776773 1.1837757 0.99969354 0.93368816 0.92231855 0.92026551
-1.92 -1.92 -1.92 -1.92 -1.92 -1.92 -1.92 -1.92 -1.9030199 0.70999753 0.71 0.71 0.71 0.71 0.71 1.52 1.52 1.52 1.52 1.52 1.52 1.52 1.52 1.52 1.52 1.5199955 1.5197942 1.5166235 1.4578016 0.98003184 0.98 0.98 0.98 0.98 0.98 0.98 0.98 0.98 0.98000601 0.99088153 1.2850021 1.2899958 1.29 1.29 1.29 1.29 1.29 1.29 1.29 1.29 1.29 1.29 1.29 1.29 1.2899999 1.2899958 1.2898583 1.2865439 1.2365282 1.0350105 0.93630468 0.92219192 0.92024245 0.91986719
-1.92 -1.92 -1.92 -1.92 -1.92 -1.92 -1.92 -1.92 -1.92 -1.92 0.65092537 0.71 0.71 0.71 1.3636041 1.52 1.52 1.52 1.52 1.52 1.52 1.52 1.52 1.5199942 1.5189777 1.4873001 1.2168382 0.55645636 0.017939218 0.39401285 0.97992971 0.97999999 0.98 0.98 0.98 0.98000001 0.98000618 0.98775309 1.2831324 1.2899962 1.29 1.29 1.29 1.29 1.29 1.29 1.29 1.29 1.29 1.29 1.29 1.29 1.29 1.29 1.2899998 1.2899855 1.2893481 1.2710106 1.0934096 0.94113678 0.92210515 0.92020384 0.91993245 0.91984625
-1.92 -1.92 -1.92 -1.92 -1.92 -1.92 -1.92 -1.92 -1.92 -1.92 -1.92 -1.9197112 0.70999655 0.71002522 1.5199877 1.52 1.52 1.52 1.52 1.52 1.5199998 1.5171998 0.81932224 -0.40608276 -0.50332713 -0.51429694 -0.51670804 -0.5174039 -0.51753412 -0.51735662 -0.1326429 0.9793429 0.97999821 0.97999199 0.97996018 0.9867097 1.2777058 1.2899905 1.29 1.29 1.29 1.29 1.29 1.29 1.29 1.29 1.29 1.29 1.29 1.29 1.29 1.29 1.29 1.29 1.2899992 1.289927 1.2856206 1.1742363 0.95082775 0.92209601 0.92016029 0.9199692 0.91992179 0.91988007
-1.92 -1.92 -1.92 -1.92 -1.92 -1.92 -1.92 -1.92 -1.92 -1.92 -1.92 -1.92 -1.92 0.4040502 1.5199996 1.5199997 1.5199722 1.3426917 -0.51970322 -0.51999996 -0.52 -0.52 -0.52 -0.52 -0.51999997 -0.51999984 -0.51999931 -0.51999752 -0.5199925 -0.5199804 -0.51981564 0.22695456 0.89091792 0.89023432 0.89176323 1.0334048 1.2872937 1.2899946 1.29 1.29 1.29 1.29 1.29 1.29 1.29 1.29 1.29 1.29 1.29 1.29 1.29 1.29 1.29 1.29 1.289996 1.2894126 1.2473346 0.97246366 0.92222982 0.9201193 0.91998779 0.91996427 0.91994316 0.91991205
-1.92 -1.92 -1.92 -1.92 -1.92 -1.92 -1.92 -1.92 -1.92 -1.92 -1.92 -1.92 -1.92 -1.9199998 -0.51968735 -0.51999998 -0.52 -0.52 -0.52 -0.52 -0.52 -0.52 -0.52 -0.52 -0.52 -0.52 -0.52 -0.52 -0.51999997 -0.5199971 -0.48894767 0.85739471 0.8891787 0.88998331 0.89005302 0.90046563 1.2630269 1.2899768 1.29 1.29 1.29 1.29 1.29 1.29 1.29 1.29 1.29 1.29 1.29 1.29 1.29 1.29 1.29 1.2899999 1.2899619 1.2816645 1.0252707 0.92265276 0.92008526 0.91999599 0.9199857 0.91997626 0.91996112 0.91993613
-1.92 -1.92 -1.92 -1.92 -1.92 -1.92 -1.92 -1.92 -1.92 -1.92 -1.92 -1.92 -1.92 -1.9199972 -0.52 -0.52 -0.52 -0.52 -0.52 -0.52 -0.52 -0.52 -0.52 -0.52 -0.52 -0.52 -0.52 -0.52 -0.51999997 -0.51777239 0.72741121 0.84236548 0.88906667 0.88999029 0.89000054 0.8901991 1.0282823 1.2897865 1.29 1.29 1.29 1.29 1.29 1.29 1.29 1.29 1.29 1.29 1.29 1.29 1.29 1.29 1.29 1.2899991 1.2892489 1.1389125 0.92378383 0.92005987 0.919999 0.91999514 0.91999153 0.91998516 0.91997369 0.91995345
-1.9198529 -1.92 -1.92 -1.92 -1.92 -1.92 -1.92 -1.92 -1.92 -1.92 -1.92 -1.92 -1.92 -1.9198481 -0.52 -0.52 -0.52 -0.52 -0.52 -0.52 -0.52 -0.52 -0.52 -0.52 -0.52 -0.52 -0.52 -0.52 -0.51992556 0.60466836 0.77048059 0.81008531 0.88877218 0.88999486 0.88999998 0.89000106 0.89235188 1.2841798 1.2899999 1.29 1.29 1.29 1.29 1.29 1.29 1.29 1.29 1.29 1.29 1.29 1.29 1.29 1.29 1.2899759 1.2557938 0.92720294 0.920043 0.91999986 0.91999865 0.91999753 0.9199953 0.91999086 0.91998217 0.91996565
-1.0925315 -1.92 -1.92 -1.92 -1.92 -1.92 -1.92 -1.92 -1.92 -1.92 -1.92 -1.92 -1.92 -1.9067357 -0.52 -0.52 -0.52 -0.52 -0.52 -0.52 -0.52 -0.52 -0.52 -0.52 -0.52 -0.52 -0.52 -0.51999905 0.089561991 0.76999194 0.77004352 0.78126898 0.8879674 0.88999743 0.89 0.89 0.89000502 1.0257448 1.2899978 1.29 1.29 1.29 1.29 1.29 1.29 1.29 1.29 1.29 1.29 1.29 1.29 1.29 1.2899998 1.2878343 0.94136224 0.92003396 0.92000001 0.91999971 0.91999944 0.91999883 0.91999746 0.91999438 0.91998774 0.91997402
-0.33004887 -1.9199802 -1.9199997 -1.92 -1.92 -1.92 -1.92 -1.92 -1.92 -1.9199986 -1.8581163 0.19633958 0.23897526 0.23972598 -0.52 -0.52 -0.52 -0.52 -0.52 -0.52 -0.52 -0.52 -0.52 -0.52 -0.52 -0.52 -0.51999999 -0.45440821 0.7699869 0.77000001 0.77000158 0.771268 0.88517749 0.88999875 0.89 0.89 0.89 0.89017313 1.289698 1.29 1.29 1.29 1.29 1.29 1.29 1.29 1.29 1.29 1.29 1.29 1.29 1.29 1.2899696 1.0267069 0.92003357 0.92000001 0.91999995 0.91999991 0.91999979 0.91999947 0.91999864 0.9199965 0.91999132 0.91997955
-0.33 -1.4797572 -1.8905232 -1.8307149 -1.3448537 0.12376344 0.23986732 0.24 0.24 0.24 0.24 0.24 0.24 0.24 -0.51172756 -0.52 -0.52 -0.52 -0.52 -0.52 -0.52 -0.52 -0.52 -0.52 -0.52 -0.52 -0.51809606 0.76995517 0.77 0.77 0.77000002 0.77004599 0.87093151 0.88999939 0.89 0.89 0.89 0.89000001 1.0344861 1.29 1.29 1.29 1.29 1.29 1.29 1.29 1.29 1.29 1.29 1.29 1.29 1.2899999 1.2532192 0.92005237 0.92000001 0.92 0.91999999 0.91999998 0.91999993 0.91999977 0.91999926 0.91999774 0.91999353 0.9199829
-0.33 -0.32738845 0.23719562 0.2399534 0.23999991 0.24 0.24 0.24 0.24 0.24 0.24 0.24 0.24 0.24 0.23999856 -0.51999998 -0.52 -0.52 -0.52 -0.52 -0.52 -0.52 -0.52 -0.52 -0.52 -0.51996687 0.76959467 0.77 0.77 0.77 0.77 0.77000032 0.80522922 0.88999965 0.89 0.89 0.89 0.89 0.89000189 1.2899988 1.29 1.29 1.29 1.29 1.29 1.29 1.29 1.29 1.29 1.29 1.29 1.2897229 0.9201936 0.92 0.92 0.92 0.92 0.91999999 0.91999998 0.9199999 0.91999958 0.91999844 0.91999476 0.91998443
-0.33 -0.3293509 0.24001051 0.24000033 0.24 0.24 0.24 0.24 0.24 0.24 0.24 0.24 0.24 0.24 0.24 -0.28082441 -0.52 -0.52 -0.52 -0.52 -0.52 -0.52 -0.52 -0.52 -0.51999233 0.76108104 0.77 0.77 0.77 0.77 0.77 0.77 0.77066005 0.88999969 0.89 0.89 0.89 0.89 0.89 1.082356 1.29 1.29 1.29 1.29 1.29 1.29 1.29 1.29 1.29 1.29 1.2899999 0.92322225 0.92 0.92 0.92 0.92 0.92 0.92 0.91999999 0.91999995 0.91999974 0.91999879 0.91999522 0.91998407
-0.33 -0.32980863 0.24359588 0.2405697 0.24002855 0.24000017 0.24 0.24 0.24 0.24 0.24 0.24 0.24 0.24 0.24 0.23999672 -0.51997176 -0.52 -0.52 -0.52 -0.52 -0.51999707 -0.50576063 0.78884259 0.85976403 0.77004745 0.77 0.77 0.77 0.77 0.77 0.77 0.77000041 0.88999919 0.89 0.89 0.89 0.89 0.89 0.89000001 1.29 1.29 1.29 1.29 1.29 1.29 1.29 1.29 1.29 1.29 1.1412892 0.92 0.92 0.92 0.92 0.92 0.92 0.92 0.92 0.91999998 0.91999981 0.91999887 0.91999484 0.9199809
-0.33 -0.32903895 0.39846166 0.4005743 0.40220075 0.40287569 0.40063496 0.37335849 0.24329005 0.24000017 0.24000001 0.24000018 0.24000637 0.24006966 0.24033957 0.24100794 0.098668023 -0.51999929 -0.51979483 -0.24547133 0.85862083 0.85999965 0.86 0.86 0.85999997 0.77416969 0.77 0.77 0.77 0.77 0.77 0.77 0.77 0.88997354 0.89 0.89 0.89 0.89 0.89 0.89 1.4421455 1.3066138 1.2900127 1.29 1.29 1.29 1.29 1.29 1.2900005 1.2899018 0.91999999 0.92 0.92 0.92 0.92 0.92 0.92 0.92 0.92 0.91999998 0.91999981 0.91999866 0.91999307 0.91996715
-0.33 -0.26746623 0.40998023 0.40999805 0.40999994 0.41 0.41 0.41 0.41 0.41 0.41 0.41 0.41 0.40999456 0.40964464 0.4062528 0.39531271 0.85960344 0.8599999 0.86 0.86 0.86 0.86 0.86 0.86 0.8584461 0.77 0.77 0.77 0.77 0.77 0.77 0.77 0.83075626 0.89 0.89 0.89 0.89 0.89 0.89 1.8355852 1.85 1.85 1.85 1.85 1.85 1.85 1.8499371 1.8433776 0.915685 0.91999998 0.92 0.92 0.92 0.92 0.92 0.92 0.92 0.92 0.91999998 0.91999973 0.91999777 0.91998707 0.91952016
-0.32999988 0.31053684 0.40999994 0.41 0.41 0.41 0.41 0.41 0.41 0.41 0.41 0.41 0.41 0.41 0.40999999 0.40999876 0.42062542 0.85999997 0.86 0.86 0.86 0.86 0.86 0.86 0.86 0.85999995 0.77000002 0.77 0.77 0.77 0.77 0.77 0.77 0.77000004 0.89 0.89 0.89 0.89 0.89 0.89 1.8497081 1.85 1.85 1.85 1.85 1.85 1.85 1.85 1.8296117 0.48839408 0.91999967 0.92 0.92 0.92 0.92 0.92 0.92 0.92 0.92 0.91999996 0.91999934 0.91999468 0.91970714 0.83542187
-0.85638228 -0.87828142 0.40993766 0.41 0.41 0.41 0.41 0.41 0.41 0.41 0.41 0.41 0.41 0.41 0.41 0.4059907 -0.2802414 0.85999981 0.86 0.86 0.86 0.86 0.86 0.86 0.86 0.85999999 0.77014663 0.77 0.77 0.77 0.77 0.77 0.77 0.77 0.89 0.89 0.89 0.89 0.8900013 1.2499985 1.2500628 1.85 1.85 1.85 1.85 1.85 1.85 1.85 0.4400001 0.44000007 0.91740813 0.92 0.92 0.92 0.92 0.92 0.92 0.92 0.91999999 0.91999978 0.91999746 0.91984624 0.67945592 -0.46497422
-0.87970789 -0.87999926 -0.87680059 0.40999897 0.41 0.41 0.41 0.41 0.41 0.41 0.41 0.41 0.41 0.41 -0.016539069 -0.40999978 -0.40999087 0.85992476 0.86 0.86 0.86 0.86 0.86 0.86 0.86 0.85999989 0.85714311 0.77 0.77 0.77 0.77 0.77 0.77 0.77 0.88999999 0.89 0.89000126 1.25 1.25 1.25 1.25 1.85 1.85 1.85 1.85 1.85 1.85 0.77114657 0.44 0.44 0.44 0.92 0.92 0.92 0.92 0.92 0.92 0.92 0.91999986 0.91999931 0.92081462 0.10988533 -0.49502522 -0.49976452
-0.87999795 -0.88 -0.87999998 -0.86619431 0.40999649 0.40999995 0.41 0.41 0.41 0.41 0.41 0.41 0.40999948 -0.4099057 -0.41 -0.41 -0.41 0.092262752 0.85999998 0.86 0.86 0.86 0.86 0.86 0.86 0.85866706 -0.37968895 0.76999954 0.77 0.77 0.77 0.77 0.77 0.77 0.89129389 1.2499987 1.25 1.25 1.25 1.25 1.25 1.250028 1.85 1.85 1.85 1.8500027 1.8699558 0.4400019 0.44 0.44 0.44 0.44010357 0.92 0.92 0.92 0.92 0.91999999 0.91999907 0.92020684 1.0577228 0.19041701 -0.49642291 -0.4999374 -0.49999576
-0.88 -0.88 -0.87999999 -0.87996328 -0.032032298 -0.02997895 -0.029996962 -0.02999951 -0.029999802 -0.029999529 -0.029994194 -0.029880129 -0.40999978 -0.41 -0.41 -0.41 -0.41 -0.40999979 0.85999331 0.85999998 0.86 0.86 0.86 0.86 0.81334679 -0.44999915 -0.44999995 -0.44986079 0.76999997 0.76999997 0.76999884 0.75973217 0.26092816 0.2600027 1.1099999 1.1116575 1.25 1.25 1.25 1.25 1.25 1.6899999 1.69 1.87 1.87 1.87 1.87 1.8192483 0.44 0.44 0.44 0.43999998 -0.3 -0.3 -0.29777236 0.87913652 0.91477157 1.2747929 1.2799912 1.2196743 -0.49419789 -0.4999878 -0.49999974 -0.49999997
-0.88 -0.88 -0.87999999 -0.87925754 -0.037294395 -0.03 -0.03 -0.03 -0.03 -0.03 -0.03 -0.030000003 -0.41 -0.41 -0.41 -0.41 -0.41 -0.41 0.8173065 0.8453649 0.84805582 0.71377711 0.15 -0.4499886 -0.45 -0.45 -0.45 -0.054883382 0.061535467 0.26000046 0.26 0.26 0.26 0.26 1.11 1.11 1.11 0.7200008 1.2499536 1.25 1.69 1.69 1.69 1.87 1.87 1.87 1.87 1.87 0.43413315 0.39015737 0.39 0.39 -0.2976891 -0.27997745 -0.055188442 1.2533321 1.28 1.28 1.2799893 -0.45467114 -0.49999845 -0.5 -0.5 -0.5
-0.88 -0.88 -0.87999985 -0.57863362 -0.15339097 -0.030000014 -0.03 -0.03 -0.03 -0.03 -0.03 -0.03 -0.41 -0.41 -0.41 -0.41 -0.41 -0.41 -0.41000019 -0.45207718 0.14362653 0.15 0.15 -0.45 -0.45 -0.45 -0.45 0.059810506 0.059983777 0.68703338 0.26 0.26 0.26 0.26 1.1100004 1.11 1.11 0.72 0.72 1.4708305 1.69 1.69 1.69 1.8699988 1.87 1.87 1.87 1.87 0.39000039 0.39 0.39 1.4458474 1.52 1.52 1.8699999 1.28 1.28 1.28 1.2124323 -0.49999985 -0.5 -0.5 -0.5 -0.5
-0.88 -0.88 -0.87652992 -0.11000265 -0.67693967 -0.072546376 -0.03 -0.03 -0.03 -0.03 -0.03 -0.03 -0.41 -0.41 -0.41 -0.41 -0.41 -0.41 -0.41 -0.41 -0.96 -0.96 -0.96 -0.95999259 -0.45 -0.45 0.053381077 0.05995931 0.059999915 0.72999987 0.29053135 0.26 0.26 0.26000008 0.65004085 1.6699643 1.1100001 0.72 0.72 1.6892674 1.69 1.69 1.69 1.7955467 1.87 1.87 1.87 1.87 1.0644213 0.67 0.66329118 1.52 1.87 1.87 1.8698973 1.28 1.28 1.28 -0.4999999 -0.5 -0.5 -0.5 -0.5 -0.50000002
-0.88 -0.88 -0.11 -0.11 -0.839988 -0.6182273 -0.3581184 -0.03 -0.03 -0.03 -0.03 -0.03 -0.41 -0.41 -0.41 -0.41 -0.41 -0.41 -0.41 -0.41 -0.41 -0.96 -0.96 -0.96 -0.96407269 -0.45093226 -0.070311934 0.059329451 0.06 0.73 0.73 -0.06 0.18027256 0.65 0.65 1.67 1.67 1.6691439 0.72 1.4910946 0.80071795 0.8 0.8 0.80000256 1.87 1.87 1.8699996 1.1179912 1.1244622 0.67 0.67 0.45000652 0.12360202 1.87 1.28 1.28 1.2799999 -0.5432667 -0.5 -0.5 -0.5 -0.5 -0.5 -0.50000152
-0.88 -0.11 -0.11 -0.11 -0.84 -0.83735911 -0.37 -0.37 -0.03 -0.03 -0.03 -0.030003296 -0.41 -0.41 -0.41 -0.41 -0.4100027 -0.41 -0.41 -0.41 -0.41 -0.55 -1.62 -1.62 -1.62 -1.25 0.089946955 -0.17999996 -0.18 0.73 0.73 -0.06 -0.06 0.65 0.65 2.76 2.76 2.7594623 1.1086696 0.8 0.8 0.8 0.8 0.8 1.4820193 1.0200002 1.02 1.02 1.1299986 0.68039698 0.67 0.45 0.09 0.09 0.08000017 0.08 0.08 -0.56 -0.5 -0.5 -0.5 -0.5 -0.50000976 -0.5012855
-0.11000016 -0.11 -0.11 -0.11271288 -0.84 -0.84 -0.37 -0.37 -0.27 -0.27 -0.27 -0.27 -0.44245883 -0.46999999 -0.47 -0.47 -0.47 -0.43862822 -0.41 -0.41 -0.54892006 -0.55 -1.03 -1.52 -1.2500256 -1.25 -1.2499837 0.09 0.09 -0.16122171 -0.035159905 -0.059999994 1.2 2.2699999 2.27 2.76 2.37 2.37 2.3700005 0.8 0.8 0.8 0.8 0.8 0.57 0.57000001 1.02 1.02 1.02 0.6803077 0.25 0.45 0.11403638 0.09 0.08 0.08 -0.56 -0.55972685 -0.5 -0.5 -0.5 -0.52219368 -0.53182479 -0.51240583
-0.11 -0.11 -0.11 -0.84 -0.84 -0.83999991 -0.37 -0.37 -0.27 -0.27 -0.27 -0.27 -0.46848523 -0.47 -0.47 -0.47 -0.47 -0.47000612 -1.83 -1.8299999 -0.55 -0.55000011 -1.5199975 -1.52 -1.2499471 -1.25 -1.2499999 0.09 0.090000001 0.36718745 1.2 1.2 1.2 2.27 2.27 1.74 1.74 2.3699753 2.3691876 2.84 2.84 2.84 2.84 2.8399614 0.57 0.57 0.57 1.02 1.019999 0.25 0.25 0.25000001 0.44995902 0.090000171 0.079697732 -0.31186728 -0.31 -0.31 -0.50384097 -0.54 -0.53999701 -0.53849132 -0.52290355 -0.48801107
