Interpolating SPI Data/spi_stations/interpolated_spi/9-21_1.tif
NCOLS 257
NROWS 141
XLLCORNER -178.27925
YLLCORNER 5.3153543
DX 0.49934803
DY 0.49997533
NODATA_VALUE -9999
[rows 28 to 55 of 141, columns 128 to 191 of 257]
0.5 0.5 0.5 0.5 0.79966444 0.8 0.8 0.8 0.79993036 0.53 0.53 0.53 0.53 0.53 0.53010825 1.5226012 1.323587 1.3100087 1.31 1.31 1.31 1.3100856 2.22 2.22 2.22 2.22 2.22 2.22 2.22 2.22 2.22 2.22 2.2502651 2.8699562 2.87 2.87 2.87 2.87 2.87 2.87 2.8699974 2.8654214 -0.22546797 -0.22999998 -0.23 -0.23 -0.23 -0.23 -0.23 -0.23 -0.23 -0.23 -0.23 -0.22999997 -0.22999823 -0.22992294 -0.22761334 -0.1844307 0.09122311 0.33914999 0.28227471 -1.546815 -1.5499998 -1.55
0.5 0.5 0.5 0.79999893 0.8 0.8 0.8 0.8 0.79934961 0.53 0.53 0.53 0.53 0.53 0.53007758 1.53 1.53 1.53 1.53 1.53 1.5299695 2.2067801 2.22 2.22 2.22 2.22 2.22 2.22 2.22 2.22 2.22 2.2291321 2.8699997 2.87 2.87 2.87 2.87 2.87 2.87 2.8699998 2.8699556 2.8660388 2.658613 -0.22957577 -0.23 -0.23 -0.22999999 -0.22999994 -0.22999952 -0.22999311 -0.22984727 -0.22549516 -0.10844486 0.33098494 0.40615212 0.40975457 0.40997514 0.40998723 0.40966592 0.39978781 0.23413468 -1.4743281 -1.5499968 -1.55
0.49999997 0.5 0.79999964 0.8 0.8 0.8 0.8 0.8 0.74685734 0.53 0.53 0.53 0.53 0.53 0.53018116 1.53 1.53 1.53 1.53 1.53 1.53 1.5301366 2.22 2.22 2.22 2.22 2.22 2.22 2.22 2.22 2.2219494 2.87 2.87 2.87 2.87 2.87 2.87 2.87 2.87 2.8699935 2.8678056 2.6791711 0.43288475 -0.89148951 -0.23314911 -0.22391173 -0.17217257 0.16379815 0.39390451 0.40950604 0.40998758 0.40999968 0.40999999 0.41 0.41 0.41 0.40999992 0.40999335 0.40950663 0.3839371 0.023052154 -0.43529821 -1.5498796 -1.55
2 2 0.8 0.8 0.8 0.8 0.8 0.79660204 0.025865465 0.53 0.53 0.53 0.53 0.53 0.5372684 1.53 1.53 1.53 1.53 1.53 1.53 1.53 2.2199981 2.22 2.22 2.22 2.22 2.22 2.22 2.220849 2.87 2.87 2.87 2.87 2.87 2.87 2.87 2.87 2.8699995 2.8688003 2.5054183 -0.59853395 -1.0462667 -1.0674436 -0.76845926 0.4099079 0.40999822 0.40999997 0.41 0.41 0.41 0.41 0.41 0.41 0.41 0.41 0.40999997 0.4099943 0.40900319 0.3162098 -0.17314038 -0.22886231 -1.5365633 -1.55
2 2 1.9999799 0.8 0.8 0.8 0.020000046 0.02 0.02 0.53 0.53 0.53 0.53 0.53 1.4737282 1.53 1.53 1.53 1.53 1.53 1.53 1.53 1.8172482 2.22 2.22 2.22 2.22 2.22 2.2226626 2.87 2.87 2.87 2.87 2.87 2.87 2.87 2.87 2.87 2.8692699 1.7403991 -1.0246403 -1.0688372 -1.0699014 -1.06998 -0.79927048 0.40998092 0.40999993 0.41 0.41 0.41 0.41 0.41 0.41 0.41 0.41 0.41 0.40999999 0.4099938 0.40674911 0.048057501 -0.22533677 -0.22988806 -0.49143682 -1.5499967
2 2 2 0.80009701 0.79559882 0.02 0.02 0.02 0.02 0.53 0.53 0.53 0.53 0.53 1.5299849 1.53 1.53 1.53 1.53 1.53 1.53 1.53 0.94299184 1.0926134 1.8341371 2.1666236 2.2148567 2.2376141 2.87 2.87 2.87 2.87 2.87 2.87 2.87 2.87 2.87 2.8693027 -0.49865373 -1.0692537 -1.0699897 -1.0699992 -1.0699998 -1.0700001 -0.83020418 0.40990725 0.40999969 0.41 0.41 0.41 0.41 0.41 0.41 0.41 0.41 0.41 0.41 0.40998961 0.38803245 -0.20504494 -0.2298618 -0.22999739 -0.23020308 -1.5484318
2 2 2 2 0.02 0.02 0.02 0.02 0.02 0.23314175 0.53 0.53 0.53 0.53 1.5299997 1.53 1.53 1.53 1.53 1.53 1.53 -0.051596713 -0.18 -0.045514012 0.04 0.04 0.04 0.040000021 2.8699999 2.87 2.87 2.87 2.87 2.87 2.87 2.87 2.8673644 -1.0666639 -1.0699994 -1.07 -1.07 -1.07 -1.07 -1.0700044 -0.95031242 0.40809121 0.40999666 0.41 0.41 0.41 0.41 0.41 0.41 0.41 0.41 0.41 0.41 0.40996187 0.12171206 -0.22964198 -0.22999888 -0.22999998 -0.23000003 -0.60350545
2 2 2 1.9421604 -1.0111666 0.01999995 0.02 0.02 0.019999999 -0.019692572 0.53 0.53 0.53 0.53 1.5299996 1.53 1.53 1.53 1.53 1.53 -0.17925239 -0.18 -0.18 -0.17962398 0.04 0.04 0.04 0.04 0.040003658 2.87 2.87 2.87 2.87 2.87 2.87 2.5641765 -1.0699999 -1.07 -1.07 -1.07 -1.07 -1.07 -1.07 -1.0703151 -1.5661332 0.27376949 0.40986849 0.40999997 0.41 0.41 0.41 0.41 0.41 0.41 0.41 0.41 0.41 0.40941444 -0.22507183 -0.22999931 -0.23 -0.23 -0.23 -0.23005628
2 2 1.9999999 -1.02 -1.02 -1.02 -1.02 -0.27000229 -0.27 -0.27 -0.26996256 1.1399997 1.1399998 1.1399994 1.4723106 1.53 1.53 1.53 1.53 -0.17999576 -0.18 -0.18 -0.18 -0.18 0.04 0.04 0.04 0.04 0.04 0.8900874 2.87 2.87 2.87 2.87 -1.0689818 -1.07 -1.07 -1.07 -1.07 -1.07 -1.07 -1.07 -1.0700001 -1.1771926 -1.5975753 -1.3502285 0.37874519 0.40999694 0.41 0.41 0.41 0.41 0.41 0.41 0.41 0.41 0.41 0.30600484 -0.22999856 -0.23 -0.23 -0.23 -0.23 -0.23
-0.23 1.97393 -1.0199992 -1.02 -1.02 -1.02 0.1095191 -0.27 -0.27 -0.27 1.0620069 1.14 1.14 1.14 1.14 1.1390957 -1.2531806 -1.2699842 -1.2342007 -0.18 -0.18 -0.18 -0.18 -0.18 0.04 0.04 0.04 0.04 0.04 0.04 1.9363601 -0.73996215 -0.74 -0.74000002 -1.07 -1.07 -1.07 -1.07 -1.07 -1.07 -1.07 -1.07 -1.0700398 -1.5994815 -1.5998269 -1.5236021 -1.1436614 0.40457249 0.40999999 0.41 0.41 0.41 0.41 0.41 0.41 0.41 0.40999998 -0.22986884 -0.23 -0.23 -0.23 -0.23 -0.23 -0.23
-0.23 -0.29560839 -1.0201147 -1.02 -1.02 0.11999935 0.12 -0.27 -0.27 -0.27 1.14 1.14 1.14 1.14 1.14 0.47471473 -1.27 -1.27 -1.27 -0.1800032 -0.18 -0.18 -0.18 -0.18 -1.1711926 0.04 0.04 0.04 0.04 0.04 -0.74 -0.74 -0.74 -0.74 -1.07 -1.07 -1.07 -1.07 -1.07 -1.07 -1.07 -1.07 -1.3208758 -1.5999859 -1.5999966 -1.5911702 -1.1717597 -1.1651766 0.40972221 0.41 0.41 0.41 0.41 0.41 0.41 0.41 0.40926191 -0.23 -0.23 -0.23 -0.23 -0.23 -0.23 -0.23
-1.739999 -2.3399942 -2.270688 -2.1999219 0.099953464 0.12 -0.069799051 -0.07 -0.2699999 -0.26999973 1.14 1.14 1.14 1.14 1.14 -1.2699191 -1.27 -1.27 -1.27 -1.27 -0.18 -0.18 -0.18 -1.1999999 -1.2 -1.1992275 0.04 0.04 0.04 0.039879363 -0.74 -0.74 -0.74 -0.74 -1.07 -1.07 -1.07 -1.07 -1.07 -1.07 -1.07 -1.0723745 -1.5656122 -1.5999958 -1.6 -1.5998202 -1.1731716 -1.17 -1.1697506 0.40999824 0.41 0.41 0.41 0.41 0.41 0.41 -0.22999994 -0.23 -0.23 -0.23 -0.23 -0.23 -0.23 -0.23
-1.7399981 -2.34 -2.2085828 -2.2 -2.05 -0.088830369 -0.07 -0.07 -0.07 -0.068064086 1.14 1.14 1.14 1.14 1.14 -1.27 -1.27 -1.27 -1.27 -1.27 -0.18215766 -0.18 -0.81953194 -1.2 -1.2 -1.2 -2.0499999 -0.5989791 0.039969106 -0.73960121 -0.74 -0.74 -0.74 -0.74 -0.75493001 -1.07 -1.07 -1.07 -1.07 -1.07 -1.0700931 -1.4100014 -1.4672829 -1.599999 -1.6 -1.5999998 -1.1870882 -1.17 -1.17 -1.1699977 0.41 0.41 0.41 0.41 0.41 0.40999999 -0.23 -0.23 -0.23 -0.23 -0.23 -0.23 -0.23 -0.23
-2.3399799 -2.34 -2.2 -2.2 -2.05 -2.0499975 -0.070065693 -0.07 -0.070000085 -0.96998581 -0.039641906 1.1399997 1.14 1.1399994 0.9930232 -1.0503331 -1.27 -1.27 -1.27 -1.27 -1.27 -0.21316493 -1.2 -1.2 -1.2000018 -2.05 -2.05 -2.0498605 -1.9800111 -1.968796 -0.74000113 -0.74 -0.74 -0.74 -0.74000367 -1.07 -1.07 -1.07 -1.07 -1.0700018 -1.41 -1.41 -1.4106803 -1.5999998 -1.6 -1.6 -1.5022497 -1.17 -1.17 -1.17 -1.17 0.41 0.41 0.41 0.41 -0.22999945 -0.23 -0.23 -0.23 -0.23 -0.23 -0.23 -0.23 -0.23
-1.64 -2.4199923 -2.4199995 -1.8216689 -2.05 -0.87 -1.54 -1.54 -1.5556796 -0.97 -0.97 -0.62 -0.62 -0.62000002 -1.0978012 -1.05 -1.05 -1.2699995 -1.27 -1.27 -2.7121759 -2.75 -1.2000002 -2.0451055 -2.05 -2.05 -2.0496755 -1.98 -1.98 -1.98 -2.58 -2.58 -2.58 -2.58 -2.58 -2.579888 -1.0700001 -1.07 -1.0700001 -1.41 -1.41 -1.41 -1.41 -1.5999999 -1.6 -1.6 -1.5999977 -1.17 -1.17 -1.17 -1.17 -1.17 0.41 0.41 0.4099985 -0.23 -0.23 -0.23 -0.23 -0.23 -0.23 -0.23 -0.23 -0.23
-0.38 -1.17 -0.74049895 -1.4599742 -1.5067932 -1.78 -1.48 -1.57 -0.97000004 -0.97 -0.97 -0.62 -0.62 -1.82 -1.82 -1.05 -1.05 -1.05 -1.0500003 -2.75 -2.75 -2.75 -2.75 -2.0500052 -2.05 -1.9800001 -1.98 -1.98 -1.98 -1.98 -2.58 -2.58 -2.58 -2.58 -2.58 -2.58 -2.5799798 -1.1866462 -1.4099999 -1.41 -1.41 -1.41 -1.41 -1.5999992 -1.6 -1.6 -1.6 -1.17 -1.17 -1.17 -1.17 -1.17 -1.1627435 0.95632111 -0.1934125 -0.23 -0.23 -0.23 -0.23 -0.23 -0.23 -0.23 -0.23 -0.23
-0.37 -0.98 -0.43013649 -0.66000001 -1.43 -2.08 -1.1000018 -0.94 -0.97 -1.2299165 -1.23 -0.66511411 -1.8199989 -1.82 -1.82 -1.05 -1.05 -1.05 -2.3388192 -2.7499905 -2.75 -2.75 -2.75 -3.18 -3.18 -1.98 -1.98 -1.98 -1.98 -1.98 -2.58 -2.58 -2.58 -2.58 -2.5798849 -1.5164004 -0.87001831 -0.8700004 -1.41 -1.41 -1.41 -1.41 -1.41 -1.4172696 -1.6 -1.6 -1.6 -1.17 -1.17 -1.17 -1.17 -1.17 0.97 0.97 0.97 0.24095505 -0.22999998 -0.23 -0.23 -0.23 -0.23 -0.23 -0.23 -0.22999998
-1.2 -1.25 -0.99 -1.07 -1.09 -0.89 -0.81 -0.75 -0.71 -0.97 -0.97 -0.97 -0.97 -1.82 -1.82 -1.7713709 -1.78 -1.78 -2.3400115 -2.34 -2.75 -2.75 -3.1798294 -3.18 -3.18 -3.18 -1.9900393 -2.2928067 -3.2799985 -3.28 -1.581464 -1.5100011 -1.51 -1.51 -1.51 -0.87 -0.87 -0.87 -1.409991 -1.41 -1.41 -1.41 -1.41 -1.41 -1.6 -1.6 -1.6 -1.1700136 -1.17 -1.17 -1.17 0.97 0.97 0.97 0.97 1.0393452 1.77 1.77 1.77 1.7698628 1.6471001 0.19093119 -0.17295256 -0.21006779
-1.7923394 -1.26 -0.98 -0.51 -0.38 -0.62 -0.45007532 -0.63 -0.94 -0.96984913 -1.15 -1.15 -0.97 -1.54 -1.55 -1.55 -1.78 -1.78 -2.79 -2.34 -2.34 -2.7499996 -3.18 -3.18 -3.18 -2.77 -2.77 -3.28 -3.28 -3.28 -1.5265236 -1.51 -1.51 -1.51 -0.87 -0.87 -0.87 -0.87 -1.3089551 -1.41 -1.41 -1.41 -1.41 -1.41 -1.6 -1.6 -1.6 0.15999995 0.15999843 0.041796223 0.96999938 0.97 0.97 0.97 0.97 1.7699986 1.77 1.77 1.77 1.77 1.77 1.77 1.7613956 0.84180228
-1.05 -1.18 -0.69 -0.61 -0.54 -0.42 -0.14 -0.44 -0.65 -0.65 -1.15 -1.15 -1.54 -1.54 -1.55 -1.55 -1.55 -2.11 -2.01 -2.66 -2.44 -2.44 -1.5692535 -3.0223983 -3.1799897 -2.77 -2.77 -3.28 -3.28 -3.3276954 -4.2743954 -1.5099996 -1.51 -0.87002231 -0.87 -0.87 -0.87 -0.87000465 -1.1499041 -1.41 -1.41 -1.41 -1.41 -1.41 -1.5999655 -1.5999779 0.16 0.16 0.16 0.16 0.86517724 0.97 0.97 0.97 0.97 1.77 1.77 1.77 1.77 1.77 1.77 1.7639809 1.53981 0.59596733
-1.12 -1.09 -0.69996247 -0.33 -0.56992961 -0.57 -0.67 -0.74 -0.92 -1.67 -1.67 -1.54 -2.21 -2.21 -1.92 -2.0150997 -2.11 -2.11 -1.79 -2.6599154 -2.44 -1.39 -1.3994201 -2.79 -2.79 -3.1 -3.1 -3.28 -4.28 -4.28 -2.4403032 -0.78603529 -0.8 -0.8 -0.8 -0.87000084 -1.1499982 -1.15 -1.15 -0.93400309 -0.74 -0.74 -0.74 -0.74 -0.64894877 0.19770819 0.16 0.16 0.16 0.16 0.16000001 0.97 0.97 0.97 0.97 1.77 1.77 1.77 1.77 1.77 1.7630984 1.54 1.5398642 0.57020387
-1.0986493 -0.75000001 -0.75 -0.5 -0.74 -1.31 -1.08 -1.54 -1.54 -1.9 -1.8999945 -1.54 -1.54 -2.1792247 -0.35 -2.11 -2.11 -1.7901194 -1.79 -3.3299933 -1.66 -1.39 -1.3916734 -2.79 -2.79 -3.1 -3.1 -3.51 -4.28 -2.4400036 -2.44 -0.28000019 -0.3284967 -0.8 -0.80297452 -2.09 -1.15 -1.15 -1.15 -0.12002491 -0.74 -0.74 -0.74 -0.74 1.3899999 1.39 0.16 0.16 0.16 0.16 0.47 0.47 0.47109138 0.97 1.3960347 1.77 1.77 1.77 1.77 1.7205258 1.54 1.54 1.5397756 0.57000002
-2.72 -1.39 -1.39 -0.63 -0.41271916 -0.4 -1.08 -1.08 -1.32 -1.9 -1.9 -1.5400988 -1.86 -1.86 -2.1099999 -2.1099983 -2.02 -2.3032482 -3.15 -3.33 -2.21 -2.2 -2.1900307 -2.2 -2.2 -3.0999969 -3.51 -1.82 -2.8 -2.44 -2.44 -0.69999968 -0.28 -0.28 -2.09 -2.09 -1.15 -1.15 -0.869344 -0.12 -0.12000171 -0.74 -0.74 -0.74 1.39 1.39 1.39 0.16 0.16 0.47 0.47 0.47 0.47 0.47 1.7686381 1.77 1.77 1.77 1.5465494 1.54 1.54 1.54 1.5306881 0.57
-2.51 -1.36 -1.1 -1.1899997 -0.65 -0.79460877 -0.7 -0.92 -0.85 -1.05 -1.05 -0.73000001 -1.41 -1.41 -1.41 -2.24 -2.24 -2.02 -2.19 -2.19 -2.1600228 -2.16 -2.01 -2.01 -2.1999998 -2.11 -2.11 -1.8200002 -2.82 -1.7599986 -1.76 -0.7 -0.86 -1.17 -1.97 -1.95 -0.94 -0.86003552 -0.69339573 -0.12 -0.12 -0.73999061 0.25 0.25 1.39 1.39 1.39 0.65 0.64999992 0.47 0.47 0.47 0.47000003 0.6999967 0.70000139 0.85000008 0.85003894 1.5298277 1.54 1.54 1.54 1.54 0.57019468 0.57
-1.8694794 -1.62 -1.26 -0.87 -0.99 -0.95 -0.22 -0.65 -0.46 -1.05 -0.73 -0.73 -0.83003381 -0.83 -0.71 -0.71000032 -2.24 -2.24 -1.11 -2.19 -2.16 -2.16 -2.1599786 -1.0700014 -1.07 -1.1174502 -1.1800001 -1.18 -0.81 -0.46010067 -1.5429391e-61 -0.7 -1.12 -1.12 -1.28 -1.28 -0.81 -0.86 -0.48 -0.12 -0.12 -0.11999999 0.25 0.25 1.3899307 1.39 0.65009908 0.65 0.65 0.64884833 0.47000001 0.7 0.7 0.7 0.72406338 0.85 0.85 0.85 1.54 1.54 1.54 1.54 0.57 0.57
-1.29 -1.65 -1.17 -1.81 -1.59 -1.57 -0.72 -1.36 -1.36 -0.73000054 -0.73 -0.73 -0.83 -0.83 -0.71 -0.71 -0.68 -1.11 -1.11 -1.11 -2.16 -2.16 -2.1594938 -1.07 -1.07 -1.07 -1.18 -1.18 -0.48 -0.46 -0.19000008 -0.19 -0.79 -1.33 -1.72 -1.2800004 -0.81 -0.57 -0.57 -0.097356517 1.23 0.89000001 0.88999992 -0.1 -0.093018532 0.81 0.80999998 0.65 0.65 0.6465685 0.070000131 0.7 0.7 0.7 0.85 0.85 0.85 0.85 1.4298151 1.54 1.54 1.54 0.57 0.57
-1.2901144 -1.649995 -1.0800187 -1.81 -1.59 -1.57 -0.72000002 -1.449953 -1.65 -1.65 -0.73000052 -0.73 -0.83 -0.83 -0.71 -0.71 -0.68 -1.11 -3.4401995 -3.7199622 -2.1601139 -2.1599993 -1.1 -1.1 -1.1 -1.1 -1.18 -0.48 -0.48 -0.48 -0.19000058 -0.58 -0.58 -1.3190562 -1.72 -1.72 -0.56983817 -0.57 -0.57 1.23 1.23 0.89 0.89 -0.1 -0.097184624 0.81 0.81 0.65 0.65 0.07 0.07 0.07 0.7 0.7 0.85 0.85 0.85 0.85 0.85 1.54 1.54 1.5399987 0.57 0.57
-0.37 -1.4297184 -1.0828697 -1.81 -1.5899948 -1.5700111 -1.6499634 -1.65 -1.65 -1.65 -1.65 -0.74103676 -0.83 -0.83 -0.71032136 -0.71000006 -3.72 -3.72 -3.72 -3.72 -3.72 -1.1000001 -1.1 -1.1 -1.1 -0.90003812 -0.49335186 -0.48 -0.48 -0.48 0.43 -0.58 -0.58 -0.58 -0.41564601 -0.07 -0.07 -0.07 -0.012032433 0.12 0.12 0.89075686 0.89 -0.1 0.1 0.1 0.80014533 0.65 0.80998243 0.81 0.070000013 0.07 0.070261549 0.70000036 0.85 0.85 0.85 0.85 0.85 -0.35977602 -0.33698006 1.2109901 0.57 0.55205925
