Interpolating SPI Data/spi_stations/interpolated_spi/9-22_2.tif
NCOLS 257
NROWS 141
XLLCORNER -178.27925
YLLCORNER 5.3153543
DX 0.49934803
DY 0.49997533
NODATA_VALUE -9999
[rows 0 to 26 of 141, columns 62 to 123 of 257]
1.390079 1.3900891 1.3901044 1.3901282 1.390166 1.3902285 1.3903374 1.3905397 1.3909459 1.391837 1.3939991 1.3998503 1.4174424 1.4733654 1.6272512 1.8585168 1.989896 2.0246244 2.0320942 2.0345266 2.0359352 2.0369332 2.0376528 2.0381623 2.038513 2.0387441 2.0388833 2.038948 2.0389469 2.0388806 2.0387417 2.0385147 2.0381757 2.0376914 2.0370267 2.0441401 3.8830805 4.289636 4.2899997 4.29 4.29 4.29 4.29 4.29 4.29 4.29 4.29 4.29 4.29 4.29 4.29 4.29 4.29 4.29 4.29 4.2899995 4.2896876 4.1151732 2.0630704 2.0101385 2.0100005 2.01
1.3900368 1.3900397 1.3900446 1.3900523 1.3900646 1.3900848 1.3901196 1.3901831 1.3903085 1.3905796 1.3912332 1.3930171 1.3985957 1.4185027 1.4935344 1.7063151 1.9399922 2.0183009 2.032189 2.0352142 2.0366336 2.0375831 2.0382421 2.0386908 2.0389882 2.0391774 2.0392879 2.0393378 2.0393358 2.0392821 2.0391688 2.0389794 2.0386876 2.0382562 2.0376374 2.0394464 3.7563043 4.2897635 4.2899999 4.29 4.29 4.29 4.29 4.29 4.29 4.29 4.29 4.29 4.29 4.29 4.29 4.29 4.29 4.29 4.29 4.2899997 4.2895956 3.8935636 2.0213409 2.0100162 2.01 2.01
1.3900166 1.3900171 1.3900182 1.3900202 1.3900236 1.3900293 1.3900391 1.3900565 1.3900902 1.3901613 1.3903294 1.3907832 1.3922134 1.3975662 1.4212346 1.5296677 1.8137311 1.9979044 2.0311263 2.0357322 2.0372134 2.038117 2.0387145 2.0391019 2.0393462 2.0394945 2.0395778 2.0396142 2.0396118 2.0395707 2.0394827 2.0393308 2.0390868 2.0387094 2.0381425 2.0380546 3.5611159 4.289848 4.29 4.29 4.29 4.29 4.29 4.29 4.29 4.29 4.29 4.29 4.29 4.29 4.29 4.29 4.29 4.29 4.29 4.2899998 4.2894005 3.377614 2.0117626 2.0100013 2.01 2.01
1.3900073 1.3900071 1.3900071 1.3900075 1.3900082 1.3900095 1.3900117 1.3900158 1.3900235 1.3900393 1.3900755 1.3901705 1.390465 1.3915748 1.3967897 1.4270657 1.5967425 1.9268265 2.0261506 2.0359864 2.0376778 2.0385437 2.0390816 2.0394091 2.0396025 2.0397129 2.0397717 2.0397962 2.039794 2.0397647 2.0397005 2.0395843 2.0393867 2.0390623 2.0385464 2.0379196 3.2739698 4.2899023 4.29 4.29 4.29 4.29 4.29 4.29 4.29 4.29 4.29 4.29 4.29 4.29 4.29 4.29 4.29 4.29 4.29 4.2899999 4.2889427 2.6140908 2.0101902 2.0100001 2.01 2.01
1.3900031 1.3900029 1.3900027 1.3900026 1.3900027 1.3900029 1.3900033 1.390004 1.3900055 1.3900084 1.3900147 1.3900307 1.3900785 1.3902541 1.3910848 1.3963223 1.4394933 1.7170227 2.003187 2.0355683 2.0380259 2.0388733 2.0393568 2.0396281 2.039775 2.0398521 2.0398902 2.0399052 2.0399035 2.0398845 2.0398412 2.0397572 2.0396026 2.0393278 2.0388582 2.0381212 2.9014962 4.2899361 4.29 4.29 4.29 4.29 4.29 4.29 4.29 4.29 4.29 4.29 4.29 4.29 4.29 4.29 4.29 4.29 4.29 4.2899999 4.2876763 2.1441419 2.0100134 2.01 2.01 2.01
1.3900013 1.3900011 1.390001 1.3900009 1.3900008 1.3900008 1.3900008 1.3900009 1.3900011 1.3900015 1.3900024 1.3900045 1.3900104 1.390031 1.3901252 1.3907235 1.3962942 1.468413 1.8832818 2.0320116 2.0382354 2.0391164 2.0395547 2.0397763 2.039883 2.0399326 2.0399547 2.0399628 2.0399616 2.0399508 2.0399243 2.0398675 2.0397507 2.0395199 2.0390877 2.0383334 2.5209965 4.2899561 4.29 4.29 4.29 4.29 4.29 4.29 4.29 4.29 4.29 4.29 4.29 4.29 4.29 4.29 4.29 4.29 4.29 4.2899999 4.2832822 2.0266348 2.0100006 2.01 2.01 2.01
1.3900005 1.3900004 1.3900004 1.3900003 1.3900002 1.3900002 1.3900002 1.3900002 1.3900002 1.3900002 1.3900003 1.3900005 1.3900011 1.3900028 1.3900101 1.3900542 1.3904695 1.3970539 1.5450895 2.002935 2.0381404 2.0392814 2.0396899 2.0398705 2.0399447 2.0399737 2.0399848 2.0399884 2.0399878 2.0399826 2.0399683 2.0399327 2.0398469 2.0396518 2.0392427 2.0384621 2.2438501 4.2899612 4.29 4.29 4.29 4.29 4.29 4.29 4.29 4.29 4.29 4.29 4.29 4.29 4.29 4.29 4.29 4.29 4.29 4.2899999 4.2629587 2.0112507 2.01 2.01 2.01 2.01
1.3900002 1.3900002 1.3900001 1.3900001 1.3900001 1.3900001 1.39 1.39 1.39 1.39 1.39 1.3900001 1.3900001 1.3900002 1.3900005 1.3900025 1.3900198 1.3903009 1.3997453 1.7441218 2.0358325 2.0393698 2.0397757 2.0399265 2.0399764 2.0399916 2.0399962 2.0399974 2.0399972 2.0399952 2.0399886 2.0399679 2.0399056 2.0397352 2.0393258 2.038468 2.1008326 4.2898012 4.29 4.29 4.29 4.29 4.29 4.29 4.29 4.29 4.29 4.29 4.29 4.29 4.29 4.29 4.29 4.29 4.29 4.2899998 4.1348261 2.0100558 2.01 2.01 2.01 2.01
1.3900001 1.3900001 1.39 1.39 1.39 1.39 1.39 1.39 1.39 1.39 1.39 1.39 1.39 1.39 1.39 1.3900001 1.3900004 1.3900059 1.3901979 1.4095196 1.9843732 2.0393387 2.0398214 2.0399571 2.0399908 2.0399979 2.0399994 2.0399996 2.0399996 2.0399991 2.0399966 2.0399852 2.0399385 2.0397772 2.0393255 2.0382796 1.929336 4.2774023 4.2899992 4.29 4.29 4.29 4.29 4.29 4.29 4.29 4.29 4.29 4.29 4.29 4.29 4.29 4.29 4.29 4.29 4.2899996 3.3450284 2.0100014 2.01 2.01 2.01 2.01
1.39 1.39 1.39 1.39 1.39 1.39 1.39 1.39 1.39 1.39 1.39 1.39 1.39 1.39 1.39 1.39 1.39 1.39 1.3900013 1.3901461 1.4636618 2.0378353 2.039827 2.0399715 2.0399965 2.0399996 2.0399999 2.04 2.04 2.0399999 2.0399991 2.0399929 2.0399533 2.0397743 2.0391924 2.037318 0.76630056 2.3855122 4.2899015 4.29 4.29 4.29 4.29 4.29 4.29 4.29 4.29 4.29 4.29 4.29 4.29 4.29 4.29 4.29 4.29 4.2899984 2.1937083 2.01 2.01 2.01 2.01 2.01
1.3899999 1.39 1.39 1.39 1.39 1.39 1.39 1.39 1.39 1.39 1.39 1.39 1.39 1.39 1.39 1.39 1.39 1.39 1.39 1.3900002 1.3901496 1.8259324 2.0397599 2.0399736 2.0399985 2.0399999 2.04 2.04 2.04 2.04 2.0399998 2.0399956 2.0399511 2.0396896 2.0387497 1.9629671 0.66018988 0.6616164 4.2101305 4.2899999 4.29 4.29 4.29 4.29 4.29 4.29 4.29 4.29 4.29 4.29 4.29 4.29 4.29 4.29 4.29 4.2899902 2.0173884 2.01 2.01 2.01 2.01 2.01
1.3899998 1.39 1.39 1.39 1.39 1.39 1.39 1.39 1.39 1.39 1.39 1.39 1.39 1.39 1.39 1.39 1.39 1.39 1.39 1.39 1.39 1.390351 2.0380534 2.0399516 2.0399988 2.04 2.04 2.04 2.04 2.04 2.0399999 2.0399949 2.0399086 2.0393286 2.0372827 0.67867212 0.66000004 0.66000008 0.67710796 4.2898166 4.29 4.29 4.29 4.29 4.29 4.29 4.29 4.29 4.29 4.29 4.29 4.29 4.29 4.29 4.29 4.2898881 2.0101738 2.01 2.01 2.01 2.01 2.01
1.3899991 1.3899998 1.39 1.39 1.39 1.39 1.39 1.39 1.39 1.39 1.39 1.39 1.39 1.39 1.39 1.39 1.39 1.39 1.39 1.39 1.39 1.39 1.3961938 2.0397083 2.0399949 2.04 2.04 2.04 2.04 2.04 2.0399999 2.0399788 2.0395854 2.0374087 1.9936226 0.66000113 0.66 0.66 0.66000009 1.6115356 4.29 4.29 4.29 4.29 4.29 4.29 4.29 4.29 4.29 4.29 4.29 4.29 4.29 4.29 4.29 4.2877915 2.010003 2.01 2.01 2.01 2.01 2.01
1.3899959 1.3899991 1.3899998 1.39 1.39 1.39 1.39 1.39 1.39 1.39 1.39 1.39 1.39 1.39 1.39 1.39 1.39 1.39 1.39 1.39 1.39 1.39 1.39 1.9990466 2.0395448 2.0399995 2.04 2.04 2.04 2.04 2.0399911 2.0393603 2.0346069 2.0222558 0.6609684 0.66 0.66 0.66 0.66 0.66000062 4.2812505 4.29 4.29 4.29 4.29 4.29 4.29 4.29 4.29 4.29 4.29 4.29 4.29 4.29 4.29 4.2245629 2.01 2.01 2.01 2.01 2.01 2.01
1.3899765 1.3899942 1.3899988 1.3899998 1.39 1.39 1.39 1.39 1.39 1.39 1.39 1.39 1.39 1.39 1.39 1.39 1.39 1.39 1.39 1.39 1.39 1.39 1.39 1.39 1.7319308 1.7289224 1.8200195 2.04 2.039938 2.0244877 1.9826572 1.9458058 1.9197267 1.8858615 0.66 0.66 0.66 0.66 0.66 0.66 0.66007056 4.2899995 4.29 4.29 4.29 4.29 4.29 4.29 4.29 4.29 4.29 4.29 4.29 4.29 4.29 3.0754125 2.01 2.01 2.01 2.01 2.01 2.01
1.3898366 1.3899552 1.3899897 1.3899981 1.3899997 1.39 1.39 1.39 1.39 1.39 1.39 1.39 1.39 1.39 1.39 1.39 1.39 1.39 1.39 1.39 1.39 1.39 1.39 1.39 1.4118166 1.5900001 1.59 1.59 1.59 1.59 1.5902289 1.5971278 1.6239669 0.66008577 0.66 0.66 0.66 0.66 0.66 0.66 0.65999938 0.24267955 4.2899997 4.29 4.29 4.29 4.29 4.29 4.29 4.29 4.29 4.29 4.29 4.29 4.2899999 2.0612239 2.01 2.01 2.01 2.01 2.01 2.01
1.3886418 1.3895741 1.3898874 1.3899756 1.3899958 1.3899994 1.3899999 1.39 1.39 1.39 1.39 1.39 1.39 1.39 1.39 1.39 1.39 1.39 1.39 1.39 1.39 1.39 1.39 1.39 1.39 1.59 1.59 1.59 1.59 1.59 1.5900011 1.5901426 1.5919743 0.66 0.66 0.66 0.66 0.66 0.66 0.66 0.65998012 -1.2584707 -1.2599903 4.2879809 4.29 4.29 4.29 4.29 4.29 4.29 4.29 4.29 4.29 4.29 4.2899959 2.0117324 2.01 2.01 2.01 2.01 2.01 2.01
1.376837 1.3851126 1.3884563 1.389596 1.3899152 1.3899863 1.3899984 1.3899999 1.39 1.39 1.39 1.39 1.39 1.39 1.39 1.39 1.39 1.39 1.39 1.39 1.39 1.39 1.39 1.39 1.39 1.4137127 1.59 1.59 1.59 1.59 1.5900003 1.5900201 0.66271548 0.66 0.66 0.66 0.66 0.66 0.66 0.66 0.4982168 -1.26 -1.26 -1.26 -1.0895755 4.2899998 4.29 4.29 4.29 4.29 4.29 4.29 4.29 4.29 4.2745111 1.2064004 2.0077571 2.0099995 2.01 2.01 2.01 2.01
1.2555464 1.3263312 1.3645036 1.3815005 1.3876981 1.3895109 1.3899221 1.3899912 1.3899993 1.39 1.39 1.39 1.39 1.39 1.39 1.39 1.39 1.39 1.39 1.39 1.39 1.39 1.39 1.39 1.39 1.39 1.59 1.59 1.59 1.59 1.5900005 1.5900079 0.66 0.66 0.66 0.66 0.66 0.66 0.66 0.66 -1.26 -1.26 -1.26 -1.26 -1.26 -1.2599809 4.2609921 4.2899999 4.29 4.29 4.29 4.29 4.2899996 4.2857747 -1.4083116 -1.4099251 -1.4040898 0.36167668 2.0096612 2.01 2.01 2.01
0.61883365 0.80852045 1.0185241 1.1991784 1.313552 1.366422 1.3845029 1.389068 1.3898918 1.389992 1.3899996 1.39 1.39 1.39 1.39 1.39 1.39 1.39 1.39 1.39 1.39 1.39 1.39 1.39 1.39 1.39 1.4427025 1.59 1.59 1.5900002 1.5900015 0.94081521 0.66 0.66 0.66 0.66 0.66 0.66 0.66 0.65810326 -1.26 -1.26 -1.26 -1.26 -1.26 -1.26 -1.2599998 -0.78205646 4.2887073 4.2899992 4.2899917 4.2474541 -1.007253 -1.3362065 -1.4099796 -1.41 -1.41 -1.41 -1.4099792 -1.1548445 2.0099088 2.01
0.15787934 0.18180156 0.22366221 0.30047719 0.44343059 0.68844709 1.006753 1.2551273 1.3602809 1.3858633 1.3896509 1.389983 1.3899995 1.39 1.39 1.39 1.39 1.39 1.39 1.39 1.39 1.39 1.39 1.39 1.39 1.39 1.390009 1.5898769 1.5900004 1.5900011 1.5899988 0.66001726 0.66 0.66 0.66 0.66 0.66 0.66 0.66 -1.26 -1.26 -1.26 -1.26 -1.26 -1.26 -1.26 -1.26 -1.26 -1.2521563 0.63289419 -1.3292756 -1.3299997 -1.33 -1.3300631 -1.4096978 -1.41 -1.41 -1.41 -1.41 -1.41 -1.41 -1.4061716
0.1034509 0.10397167 0.10479391 0.10615079 0.10853495 0.11309451 0.12283404 0.14672567 0.21506988 0.42801935 0.91733536 1.3051339 1.3838139 1.3897141 1.3899795 1.3899984 1.3899999 1.39 1.39 1.39 1.39 1.39 1.39 1.39 1.39 1.39 1.3900001 1.4637437 1.5899974 1.5900054 1.4841365 0.66000002 0.66 0.66 0.66 0.66 0.66 0.66 0.65040352 -1.26 -1.26 -1.26 -1.26 -1.26 -1.26 -1.26 -1.26 -1.26 -1.2635784 -1.3301031 -1.3300002 -1.33 -1.33 -1.3300001 -1.3923665 -1.41 -1.41 -1.41 -1.41 -1.41 -1.41 -1.41
0.099970537 0.099977709 0.099983439 0.099988041 0.099991821 0.099995114 0.099998361 0.10000233 0.10000876 0.10002272 0.10006288 0.10022 0.10112401 0.10956952 0.20475837 0.37962256 0.44868258 0.51356438 0.57708635 0.62885647 0.65275953 0.62976488 0.54679047 0.41037604 0.25063907 0.10253802 -0.014894644 -0.095710868 1.5312505 1.5899229 0.66620336 0.66 0.66 0.66 0.66 0.66 0.66 0.65999993 -1.259998 -1.26 -1.26 -1.26 -1.26 -1.26 -1.26 -1.26 -1.26 -1.274036 -1.4898827 -1.3300858 -1.33 -1.33 -1.33 -1.33 -1.3303444 -1.41 -1.41 -1.41 -1.41 -1.41 -1.41 -1.41
0.099888864 0.099911522 0.099929626 0.09994383 0.099954716 0.099962769 0.099968346 0.0999716 0.09997231 0.099969384 0.09995917 0.099928182 0.099810541 0.099100211 0.090125522 -0.19685968 -1.6399999 -1.6899601 -1.69 -1.69 -1.69 -1.69 -1.69 -1.69 -1.69 -1.69 -1.69 -1.6900016 -1.6896117 -0.92831731 -0.84402534 0.65995009 0.66 0.66 0.66 0.66 0.65999996 0.45527024 -1.26 -1.26 -1.26 -1.26 -1.26 -1.26 -1.26 -1.26 -1.4831504 -1.5015637 -1.6956898 -1.3301198 -1.33 -1.33 -1.33 -1.33 -1.33 -1.4099982 -1.41 -1.41 -1.41 -1.41 -1.41 -1.41
0.099945139 0.099960729 0.099972302 0.099980714 0.099986699 0.099990862 0.09999369 0.09999556 0.099996746 0.099997432 0.099997701 0.099997468 0.099996105 0.099989805 0.099938387 0.098641058 -0.088405782 -1.6839163 -1.6899999 -1.69 -1.69 -1.69 -1.69 -1.69 -1.69 -1.69 -1.69 -1.6901148 -1.3546223 -0.9200243 -0.92000002 -0.91994513 0.6336328 0.65999962 0.65999998 0.65999979 0.6587181 -1.2512285 -1.26 -1.26 -1.26 -1.26 -1.26 -1.26 -1.2600019 -1.4999945 -1.5000004 -1.5001815 -1.7521903 -1.3305615 -1.33 -1.33 -1.33 -1.33 -1.33 -1.3959692 -1.41 -1.41 -1.41 -1.41 -1.41 -1.41
0.099975225 0.099983864 0.099989791 0.099993735 0.099996274 0.099997853 0.099998799 0.099999345 0.099999648 0.099999811 0.099999894 0.099999935 0.099999952 0.099999949 0.099999892 0.099999237 0.099955714 0.017942306 -1.6899141 -1.69 -1.69 -1.69 -1.69 -1.69 -1.69 -1.69 -1.6900115 -1.781776 -0.92446782 -0.92000006 -0.92 -0.92 -0.92001956 -2.1264333 -2.1391813 -2.1392269 -2.1387669 -1.363624 -1.2600002 -1.26 -1.26 -1.26 -1.26 -1.2659167 -1.5 -1.5 -1.5 -1.5000048 -1.8836818 -1.3761319 -1.33 -1.33 -1.33 -1.33 -1.33 -1.3300005 -1.41 -1.41 -1.41 -1.41 -1.41 -1.41
0.099988665 0.099993247 0.09999615 0.09999791 0.099998926 0.099999481 0.099999765 0.099999902 0.099999962 0.099999986 0.099999996 0.099999999 0.1 0.1 0.1 0.1 0.1 0.099999936 0.084360139 -1.69 -1.69 -1.69 -1.69 -1.69 -1.69 -1.6900003 -1.94904 -1.9786429 -0.92000926 -0.92 -0.92 -0.92 -0.9200012 -2.1372581 -2.14 -2.14 -2.14 -2.14 -2.14 -2.1289578 -1.2602198 -1.2600002 -1.4939036 -1.5 -1.5 -1.5 -1.5 -1.5 -2.6139207 -3.4389652 -1.33 -1.33 -1.33 -1.33 -1.33 -1.33 -1.41 -1.41 -1.41 -1.41 -1.41 -1.41
