Interpolating SPI Data/spi_stations/interpolated_spi/9-22_3.tif
NCOLS 257
NROWS 141
XLLCORNER -178.27925
YLLCORNER 5.3153543
DX 0.49934803
DY 0.49997533
NODATA_VALUE -9999
[rows 81 to 107 of 141, columns 124 to 185 of 257]
1.2 1.2 1.2004961 1.39 1.39 1.39 0.88 0.88 0.88 0.88 1.59 1.59 1.59 1.59 1.599999 1.6 1.5999991 1.4881703 1.2305449 0.12006454 0.12000001 0.12 0.12 -0.46 -0.46 -0.46 -0.46 -0.48034467 -0.74 -0.74 -0.74 -1.0376921 -1.05 -1.05 -1.13 -1.13 -1.13 -1.55 -1.55 -1.55 -1.54 -1.54 -1.54 -1.3868739 -1.28 -1.28 -1.42 -1.42 -1.4199998 -0.85 -0.85 -0.84990736 0.12858193 0.12999999 -0.1407191 -0.14 -0.14 -0.14 -0.14 -0.13999998 0.024768135 0.81999939
1.2 1.2 1.2 1.3873595 1.3899747 0.88352275 0.88 0.88 0.88 0.88 0.35 0.35 0.35000001 0.35010073 1.23 1.23 1.23 1.23 1.2296451 -0.05055809 0.12 0.12 0.12 0.11918424 -0.46000874 -0.46 -0.46 -0.74 -0.74 -0.74 -0.74 -0.79993584 -0.80191795 -1.13 -1.13 -1.13 -1.13 -1.53 -1.53 -1.53 -1.53 -1.5 -1.5 -1.5 -1.28 -1.28 -1.42 -1.42 -1.42 -0.85 -0.85 -0.22 -0.15779485 0.13 -0.14 -0.14 -0.14 -0.14 -0.14 0.02 0.02 0.31
1.2 1.2 1.13 1.13 1.13 1.13 0.88 0.88 0.88000002 0.91999992 0.35 0.35 0.35 0.35 1.23 1.23 1.23 1.23 -0.14 -0.14 0.12 0.12 0.12 -0.51 -0.51 -0.51 -0.73579329 -0.74 -0.74 -0.74 -0.74 -0.8 -0.8 -0.81749801 -1.13 -1.13 -1.1300001 -1.53 -1.53 -1.53 -1.53 -1.5 -1.5 -1.5 -0.67 -0.67 0.089999986 0.089876102 -1.0163163 0.04 -0.81553144 -0.22 -0.22 0.13 0.12114032 -0.14 -0.10900518 0.15 -0.10492501 0.02 0.12911878 0.14000379
1.2 1.1302695 1.13 1.13 1.13 1.13 1.1299992 0.92 0.92 0.92 0.35 0.35 0.35 0.35 1.2299999 1.23 1.23 1.23 -0.14 -0.14 -0.14 0.12 0.10935639 -0.51 -0.51 -0.51 -0.51 -0.74 -0.74 -0.74 -0.8 -0.8 -0.8 -0.8 -1.0759825 -1.13 -0.67022643 -1.53 -1.53 -1.53 -1.53 -1.5 -1.5 -0.67 -0.67 -0.67 0.09 0.09 0.04 0.04 0.04 1.1 1.0998639 1.2595604 0.59 0.59 0.15 0.15 0.15 0.13999992 0.14 0.14
1.1971982 1.13 1.13 1.13 1.13 1.13 1.1299993 0.92 0.92 0.92 0.35 0.35 0.3500443 1.347592 1.3190587 1.23 1.23 0.55157948 -0.14 -0.14 -0.14 0.11998514 -0.51 -0.51 -0.51 -0.51 -0.51 -0.74 -0.74 -0.7400211 -0.8 -0.8 -0.8 -0.8 -0.8 -0.67 -0.67 -0.67 -0.67 -0.72592713 -1.5295696 -0.28124288 -0.27509717 -0.66990094 -0.57965919 0.89999974 0.09 0.090000041 0.04001686 0.04 1.1 1.1 1.26 1.26 0.59 0.59 0.57965551 0.15 0.15014642 0.16765259 0.27 0.27
1.1300001 1.13 1.13 1.13 1.13 1.13 1.1299516 0.92 0.92 0.92 1.35 1.35 1.35 1.35 1.35 0.55000479 0.55 0.55 0.55 0.55 -0.1304847 -0.14013839 -0.51 -0.51 -0.51 -0.51 -0.51 -0.70597706 -0.74000007 -0.79999911 -0.8 -0.8 -0.8 -0.8 -0.74839203 -0.67 -0.67 -0.67 -0.67 -0.67 -0.27 -0.27 -0.27 -0.26815224 0.9 0.9 1.57 1.57 1.9194155 1.92 1.92 1.1 1.26 1.26 1.2599999 0.59 0.59034404 0.82 0.82 0.82 0.27 0.27
1.13 1.13 1.13 1.13 1.13 1.13 1.1285598 0.92 0.92 1.1665204 1.35 1.35 1.35 1.35 1.35 0.55 0.55 0.55 0.55 0.55 0.55 0.5499248 -0.50999899 -0.5077418 0.53965467 0.54 0.54 0.54 0.53995837 -0.79988282 -0.79997512 -0.79998553 -0.79990902 -0.7972051 -0.67 -0.67 -0.67 -0.67 -0.67 -0.67 -0.27 -0.27 -0.27 -0.27 0.9 0.9 1.5699999 1.57 1.5705588 1.92 2 2 1.31 1.31 1.1 1.1 1.0999999 0.82 0.82 0.17742681 0.13000006 0.27
1.13 1.13 1.13 1.13 1.13 1.13 1.1208427 0.92 0.9200165 1.35 1.35 1.35 1.35 1.35 1.35 0.55000003 0.55 0.55 0.55 0.55 0.55 0.54999995 0.54 0.54 0.54 0.54 0.54 0.54 0.54 -0.4 -0.4 -0.4 -0.4 -0.4 -0.4000002 -0.67 -0.67 -0.67 -0.67 -0.66999955 -0.27 -0.27 -0.27 -0.27 0.53 0.53 0.53 1.46 1.46 1.6768118 2 2 1.31 1.31 1.1 1.1 1.1 0.27784808 0.13 0.13 0.13 0.4798738
1.13 1.13 1.13 1.13 1.13 1.13 1.106034 0.92000438 1.3440404 1.35 1.35 1.35 1.35 1.35 1.35 0.55000955 0.55 0.55 0.55 0.55 0.55 0.54001008 0.54 0.54 0.54 0.54 0.54 0.54 0.54 -0.4 -0.4 -0.4 -0.4 -0.4 -0.4 -0.55307564 -0.67 -0.67 -0.67 -0.44180045 -0.27 -0.27 -0.27 -0.27 0.53 0.53 0.53 1.46 1.46 1.46 1.9911824 0.96 1.31 1.31 0.36 0.36370509 0.91 0.91 0.13 0.13 0.25665991 0.48
1.13 1.13 1.13 1.13 1.13 1.129999 1.0898464 0.9816613 1.349994 1.35 1.35 1.35 1.35 1.35 1.35 0.55061345 0.55 0.55 0.55 0.55 0.55 0.54 0.54 0.54 0.54 0.54 0.54 0.54 0.54 -0.4 -0.4 -0.4 -0.4 -0.4 -0.4 -0.40187877 -0.51 -0.51 -0.51 -0.15825316 -0.11 -0.11000009 -0.23507557 -0.26999618 -0.039047069 -0.05 -0.05 -0.05 1.46 0.1 0.96 0.96 0.96 0.36 0.36 0.36 0.91 0.91 0.91 0.13001307 0.48 0.48
1.13 1.13 1.13 1.13 1.13 1.1299764 1.0773201 1.3415296 1.3499997 1.35 1.35 1.35 1.35 1.35 1.3499999 0.55879086 0.55 0.55 0.55 0.55 0.54560287 0.54 0.54 0.54 0.54 0.54 0.54 0.54 0.53999933 -0.4 -0.4 -0.4 -0.4 -0.4 -0.4 -0.51 -0.51 -0.51 -0.51 -0.31186957 -0.11 -0.11 -0.11 -0.11 -0.05 -0.05 -0.05 -0.05 0.1 0.1 0.1 0.090756259 0.09 0.12378223 0.36 0.36 0.91 0.91 0.91 0.48 0.48 0.48
1.13 1.13 1.13 1.13 1.1299993 1.1298098 1.1542051 1.3496649 1.3499999 1.35 1.35 1.35 1.35 1.35 1.3499977 0.59486222 0.55000001 0.55 0.55 0.54999992 0.54000128 0.54 0.54 0.54 0.54 0.54 0.54 0.54 0.53988347 -0.4 -0.4 -0.4 -0.4 -0.4 -0.40131328 -0.51 -0.51 -0.51 -0.51 -0.50655615 -0.11 -0.11 -0.11 -0.11 -0.05000004 -0.05 -0.05 -0.05 0.1 0.1 0.1 0.09 0.09 0.09 0.35999669 0.36000001 0.91 0.91 0.91 0.48000001 0.48 0.48
1.13 1.13 1.13 1.1299998 1.1299909 1.1293908 1.3212912 1.3499444 1.3499999 1.35 1.35 1.35 1.35 1.35 1.3499687 0.66760688 0.55000133 0.55 0.55 0.54940497 0.54000001 0.54 0.54 0.54 0.54 0.54 0.54 0.54 0.53437123 -0.4 -0.4 -0.4 -0.39995101 0.34999998 0.35 -0.50999375 -0.51 -0.51 -0.51 -0.50995845 -0.11 -0.11 -0.11 -0.11 -0.10996171 -0.05 -0.05 -0.04960755 0.1 0.1 0.097968613 0.09 0.09 0.09 0.090000068 0.35999359 0.90991419 0.91 0.90999994 0.48000021 0.48 0.48
1.1299999 1.13 1.1299999 1.1299978 1.1299479 1.1345263 1.3454275 1.3499782 1.3499999 1.35 1.35 1.35 1.35 1.35 1.3497936 0.75498989 0.55003057 0.55000001 0.5499985 0.54043396 0.54 0.54 0.54 0.54 0.54 0.54 0.54 0.54 0.47256834 -0.39999555 -0.38430329 0.34999195 0.35 0.35 0.35 0.35 -0.50998259 -0.51 -0.51 -0.50995971 -0.11 -0.11 -0.11 -0.11 -0.11 -0.050000009 -0.049999999 0.065726562 0.1 0.1 0.090019115 0.09 0.09 0.09 0.09 0.095633386 0.90335722 0.90999982 0.9099449 0.48000396 0.48 0.48
1.1299998 1.1299998 1.1299987 1.1299865 1.1299515 1.1875368 1.3486465 1.3499856 1.3499998 1.35 1.35 1.35 1.35 1.3499993 1.349171 0.83275739 0.55028558 0.55000025 0.5496291 0.54001074 0.54 0.54 0.54 0.54 0.54 0.54 0.54 0.53999998 0.28530936 0.34847485 0.34999999 0.35 0.35 0.35 0.35 0.35 0.35 -0.47425998 -0.51 -0.50977364 -0.11 -0.11 -0.11 -0.11 -0.11 -0.052699206 -0.04999321 0.096490744 0.099999999 0.099998481 0.090004546 0.09 0.09 0.09 0.09 0.090011101 0.78179381 0.90996828 0.90742929 0.48003383 0.48 0.48
1.1299992 1.1299987 1.1299928 1.1299597 1.1317853 1.2804124 1.3493696 1.3499871 1.3499996 1.35 1.35 1.35 1.35 1.3499933 1.3476299 0.89255497 0.55146 0.5499942 0.54350726 0.54000103 0.54 0.54 0.54 0.54 0.54 0.54 0.54 0.53997991 0.34997805 0.35 0.35 0.35 0.35 0.35 0.35 0.35 0.35 0.12508789 -0.24999995 -0.25040102 -0.11000003 -0.11 -0.11 -0.11 -0.11 -0.10858237 -0.049130648 0.098458347 0.099999891 0.099693082 0.09000522 0.09 0.09 0.09 0.09 0.090000883 0.11356609 0.90898566 0.88661413 0.48016096 0.48000001 0.48
1.1299973 1.1299941 1.1299758 1.1300668 1.1450713 1.3246042 1.3496009 1.349986 1.3499993 1.35 1.35 1.35 1.3499996 1.3499604 1.3446708 0.93587552 0.55492547 0.54963751 0.54035071 0.54000025 0.54 0.54 0.54 0.54 0.54 0.54 0.53999956 0.3794949 0.34999999 0.35 0.35 0.35 0.35 0.35 0.35 0.34999705 -0.25 -0.25 -0.25 -0.25 -0.25 -0.1103273 -0.11 -0.11 -0.11 -0.10995669 -0.038126798 0.09871968 0.099992789 0.096756242 0.090008792 0.090000004 0.09 0.09 0.09 0.090000407 0.091133824 0.84616206 0.82998108 0.48051292 0.48000018 0.48000006
1.1299915 1.129981 1.1299695 1.1313773 1.1866923 1.3388375 1.3496891 1.349983 1.3499988 1.3499999 1.35 1.3499999 1.3499967 1.3498401 1.3399293 0.96666831 0.56229306 0.54630226 0.54005547 0.54000011 0.54 0.54 0.54 0.54 0.54 0.53999992 0.53503966 0.35001113 0.34999997 0.34999999 0.35 0.35 0.34999996 0.34982067 -0.24999985 -0.25 -0.25 -0.25 -0.25 -0.25 -0.25 -0.25 -0.17848373 -0.11000109 -0.11 -0.10999233 -0.034761192 0.098620167 0.099874464 0.09326663 0.090015637 0.090000053 0.09 0.09 0.090000002 0.090000427 0.090225954 0.33207813 0.75610306 0.48124057 0.48000261 0.48546352
1.1299775 1.1299625 1.1301806 1.1376138 1.2456961 1.3438889 1.3497214 1.349978 1.3499977 1.3499997 1.3499999 1.3499992 1.349983 1.3495142 1.3332688 0.98832252 0.5733863 0.54193376 0.54001531 0.54000007 0.54 0.54 0.54 0.54 0.53999995 0.53977876 0.35607226 0.34998769 0.34998562 0.34997136 0.34984077 0.34364714 -0.22169492 -0.24999999 -0.25 -0.25 -0.25 -0.25 -0.25 -0.25 -0.25 -0.25 -0.24999998 -0.24299418 -0.11035511 -0.10999712 -0.080508687 0.098309991 0.09924045 0.091781111 0.090026781 0.090000354 0.090000008 0.090000001 0.09000001 0.090000654 0.090102402 0.12698882 0.67133629 0.48246997 0.48192967 1.6175038
1.1299536 1.1299992 1.131414 1.1555594 1.2901605 1.3460006 1.3497254 1.3499706 1.349996 1.3499993 1.3499995 1.3499956 1.3499357 1.3488068 1.3247713 1.001937 0.57930674 0.54057658 0.5400064 0.54000006 0.54 0.54 0.54 0.53999994 0.53996149 0.47598345 0.3494495 0.34884863 0.34620015 0.32178368 -0.013456815 -0.24873638 -0.2499999 -0.25 -0.25 -0.25 -0.25 -0.25 -0.25 -0.25 -0.25 -0.25 -0.25 -0.24999985 -0.24810835 -0.11973268 -0.098850025 0.097382318 0.097790031 0.091213799 0.090043205 0.09000145 0.090000068 0.090000009 0.090000042 0.090001181 0.090074336 0.099492112 0.51111693 0.48542801 1.0480252 1.1096445
1.1299429 1.1303386 1.1356434 1.1885126 1.3146793 1.3470038 1.3497113 1.3499601 1.3499931 1.3499984 1.3499977 1.3499823 1.3498085 1.3475074 1.3146001 1.0019419 0.569474 0.54024465 0.54000366 0.54000006 0.54 0.54 0.5399999 0.53998412 0.53297656 0.3462085 0.33262022 0.29123438 0.092860297 -0.20833116 -0.24938733 -0.24999893 -0.25 -0.25 -0.25 -0.25 -0.25 -0.25 -0.25 -0.25 -0.25 -0.25 -0.25 -0.25 -0.24999912 -0.24888247 -0.15517221 0.093339344 0.096021844 0.090973726 0.090065664 0.090004285 0.090000359 0.090000063 0.090000152 0.09000226 0.090070877 0.093997374 0.31208385 0.16210493 -0.43302551 -0.69952754
1.130045 1.1316275 1.1459624 1.2283397 1.3272972 1.3475176 1.3496829 1.3499456 1.3499883 1.3499959 1.3499913 1.3499434 1.3495252 1.3454023 1.3025243 0.97009287 0.55703172 0.54014524 0.54000267 0.54000007 0.53999999 0.5399998 0.53998845 0.53843295 0.37789361 0.26129245 0.12608671 -0.10983514 -0.23328099 -0.2493463 -0.24999269 -0.24999998 -0.25 -0.25 -0.25 -0.25 -0.25 -0.25 -0.25 -0.25 -0.25 -0.25 -0.25 -0.25 -0.25 -0.24999613 -0.24897154 0.040618169 0.094535192 0.090866787 0.090094635 0.090010108 0.090001315 0.090000307 0.090000493 0.090004361 0.090079205 0.092373263 -0.19091138 -0.96609858 -1.020405 -1.046355
1.1305244 1.135082 1.1647586 1.2630573 1.3340016 1.3477837 1.3496415 1.3499258 1.3499806 1.3499898 1.3499728 1.3498489 1.3489812 1.3422768 1.2866335 0.88932172 0.54989784 0.54011026 0.54000238 0.54000006 0.53999957 0.53998735 0.53925656 0.46535988 0.14065314 -0.02789017 -0.17890944 -0.23864648 -0.24909738 -0.24996768 -0.24999956 -0.25 -0.25 -0.25 -0.25 -0.25 -0.25 -0.25 -0.25 -0.25 -0.25 -0.25 -0.25 -0.25 -0.25 -0.24999994 -0.24998648 -0.23796916 0.092567891 0.090822406 0.090130351 0.090020311 0.090003731 0.090001116 0.090001427 0.090008287 0.090096952 0.087473694 -1.0306157 -1.0501659 -1.0569278 -1.0593161
1.1319036 1.1423319 1.1908757 1.28794 1.3377675 1.3479081 1.3495868 1.349899 1.3499676 1.3499751 1.3499272 1.3496513 1.3480477 1.3378048 1.2611386 0.78259871 0.54632588 0.54009858 0.54000242 0.53999908 0.53998157 0.53940785 0.50523678 0.06729067 -0.10999208 -0.20283625 -0.23992846 -0.24866317 -0.24989642 -0.24999575 -0.24999992 -0.25 -0.25 -0.25 -0.25 -0.25 -0.25 -0.25 -0.25 -0.25 -0.25 -0.25 -0.25 -0.25 -0.25 -0.25 -0.2499995 -0.24977969 0.018398801 0.090788866 0.090172854 0.090036302 0.090008807 0.090003254 0.090003696 0.090015325 0.090036596 -0.56874328 -1.0555156 -1.0585626 -1.059651 -1.059943
1.1349857 1.1546933 1.219501 1.3043107 1.3399913 1.3479419 1.3495175 1.3498627 1.3499452 1.3499425 1.3498296 1.3492844 1.3465647 1.3312062 1.2153766 0.69376614 0.5444732 0.54009766 0.54000046 0.53996889 0.53937437 0.51880092 0.11680303 -0.14763465 -0.2124115 -0.23976647 -0.24801877 -0.24973778 -0.24997757 -0.24999883 -0.24999996 -0.25 -0.25 -0.25 -0.25 -0.25 -0.25 -0.25 -0.25 -0.25 -0.25 -0.25 -0.25 -0.25 -0.25 -0.25 -0.24999996 -0.24998971 -0.2243162 0.089059854 0.09022072 0.090059462 0.090018148 0.090008019 0.090008619 0.090022285 0.067727085 -1.0513187 -1.0589667 -1.0597121 -1.0599406 -1.0599918
1.1407084 1.1721466 1.2456368 1.3148634 1.3413493 1.347911 1.3494314 1.3498127 1.3499061 1.3498762 1.3496428 1.3486611 1.344292 1.3206158 1.1392578 0.63674964 0.54345005 0.540098 0.53994829 0.53924646 0.52420059 0.23538483 -0.15648556 -0.21626778 -0.23886122 -0.24713477 -0.2494423 -0.24992059 -0.24999201 -0.24999945 -0.24999997 -0.25 -0.25 -0.25 -0.25 -0.25 -0.25 -0.25 -0.25 -0.25 -0.25 -0.25 -0.25 -0.25 -0.25 -0.25 -0.24999999 -0.24999897 -0.24866831 0.034593175 0.09018994 0.090090973 0.090033757 0.090017359 0.090017588 0.089115229 -0.70279205 -1.0589566 -1.0596929 -1.0599213 -1.0599849 -1.059998
1.1497952 1.1929544 1.266792 1.3217299 1.3421873 1.3478288 1.3493249 1.3497426 1.3498387 1.3497523 1.3493154 1.3476646 1.3407805 1.3024288 1.0356949 0.60344969 0.54284402 0.54001755 0.53904627 0.52658505 0.33501281 -0.13223945 -0.21668337 -0.23745197 -0.24598746 -0.24895976 -0.24978615 -0.2499659 -0.24999585 -0.24999962 -0.24999997 -0.25 -0.25 -0.25 -0.25 -0.25 -0.25 -0.25 -0.25 -0.25 -0.25 -0.25 -0.25 -0.25 -0.25 -0.25 -0.25 -0.24999981 -0.24987891 -0.18049233 0.087520671 0.090122517 0.090057974 0.090033758 0.089947767 0.016275547 -1.0494179 -1.0596222 -1.0598841 -1.0599711 -1.0599945 -1.0599992
