Interpolating SPI Data/spi_stations/interpolated_spi/9-22_1.tif
NCOLS 257
NROWS 141
XLLCORNER -178.27925
YLLCORNER 5.3153543
DX 0.49934803
DY 0.49997533
NODATA_VALUE -9999
[rows 0 to 27 of 141, columns 186 to 247 of 257]
-0.27 -0.27 -0.27 -0.27 -0.27 -0.27 -0.27 -0.27000042 -0.27999427 -0.28 -0.28 -0.28 -0.28 -0.28 -0.28 -0.28 -0.28 -0.28 -0.28 -0.28 -0.28 -0.28 -0.28 -0.28 -0.28 -0.2796943 1.1164817 1.1699992 1.17 1.17 1.17 1.17 1.17 1.17 1.17 1.17 1.17 1.17 1.17 1.17 1.17 1.1699991 1.1692816 0.8833678 0.31440759 0.31001901 0.31000014 0.31 0.31 0.31 0.31 0.31 0.31 0.31 0.31 0.31 0.31 0.31 0.31 0.31 0.31 0.31
-0.27 -0.27 -0.27 -0.27 -0.27 -0.27 -0.27 -0.27000023 -0.27999916 -0.28 -0.28 -0.28 -0.28 -0.28 -0.28 -0.28 -0.28 -0.28 -0.28 -0.28 -0.28 -0.28 -0.28 -0.28 -0.28 -0.2772956 1.1679874 1.17 1.17 1.17 1.17 1.17 1.17 1.17 1.17 1.17 1.17 1.17 1.17 1.17 1.17 1.17 1.17 1.1699967 1.1681399 0.80691981 0.31599762 0.31005483 0.31000088 0.31000002 0.31 0.31 0.31 0.31 0.31 0.31 0.31 0.31 0.31 0.31 0.31 0.31
-0.27 -0.27 -0.27 -0.27 -0.27 -0.27 -0.27 -0.27000016 -0.2799999 -0.28 -0.28 -0.28 -0.28 -0.28 -0.28 -0.28 -0.28 -0.28 -0.28 -0.28 -0.28 -0.28 -0.28 -0.28 -0.27999998 -0.23946065 1.1699603 1.17 1.17 1.17 1.17 1.17 1.17 1.17 1.17 1.17 1.17 1.17 1.17 1.17 1.17 1.17 1.17 1.17 1.17 1.1699824 1.1648634 0.74099808 0.31910282 0.31017007 0.31000532 0.31000027 0.31000002 0.31 0.31 0.31 0.31 0.31 0.31 0.31 0.31 0.31
-0.27 -0.27 -0.27 -0.27 -0.27 -0.27 -0.27 -0.27000014 -0.27999999 -0.28 -0.28 -0.28 -0.28 -0.28 -0.28 -0.28 -0.28 -0.28 -0.28 -0.28 -0.28 -0.28 -0.28 -0.28 -0.27999985 0.36587312 1.1699996 1.17 1.17 1.17 1.17 1.17 1.17 1.17 1.17 1.17 1.17 1.17 1.17 1.17 1.17 1.17 1.17 1.17 1.17 1.17 1.1699996 1.1699032 1.1567542 0.69156304 0.32424488 0.31050145 0.31002772 0.31000243 0.31000035 0.31000008 0.31000003 0.31000002 0.31000001 0.31000001 0.31000001 0.31000001
-0.27 -0.27 -0.27 -0.27 -0.27 -0.27 -0.27 -0.2700002 -0.28 -0.28 -0.28 -0.28 -0.28 -0.28 -0.28 -0.28 -0.28 -0.28 -0.28 -0.28 -0.28 -0.28 -0.28 -0.28 -0.2799977 1.1353195 1.17 1.17 1.17 1.17 1.17 1.17 1.17 1.17 1.17 1.17 1.17 1.17 1.17 1.17 1.17 1.17 1.17 1.17 1.17 1.17 1.1699998 1.1699947 1.1698922 1.1682139 1.1295537 0.65215908 0.33497258 0.31211308 0.31033138 0.31008363 0.3100284 0.31001177 0.31000567 0.3100031 0.31000189 0.31000127
-0.27 -0.27 -0.27 -0.27 -0.27 -0.27 -0.27 -0.27000043 -0.28 -0.28 -0.28 -0.28 -0.28 -0.28 -0.28 -0.28 -0.28 -0.28 -0.28 -0.28 -0.28 -0.28 -0.28 -0.28 -0.27993007 1.1695929 1.17 1.17 1.17 1.17 1.17 1.17 1.17 1.17 1.17 1.17 1.17 1.17 1.17 1.17 1.17 1.17 1.17 1.17 1.17 1.17 1.1699976 1.1699222 1.1685077 1.1523884 1.0502966 0.80588016 0.62706818 0.55090692 0.47719586 0.38598233 0.33493099 0.31791416 0.31275892 0.31108447 0.31047959 0.31023643
-0.27 -0.27 -0.27 -0.27 -0.27 -0.27 -0.27 -0.26999366 -0.27999994 -0.28 -0.28 -0.28 -0.28 -0.28 -0.28 -0.28 -0.28 -0.28 -0.28 -0.28 -0.28 -0.28 -0.28 -0.28 -0.27618632 1.1699969 1.17 1.17 1.17 1.17 1.17 1.17 1.17 1.17 1.17 1.17 1.17 1.17 1.17 1.17 1.17 1.17 1.17 1.17 1.17 1.169999 1.1699379 1.1680509 1.1375659 0.93909828 0.6641813 0.56959542 0.54820743 0.54281045 0.54111925 0.54020644 0.53820056 0.53019118 0.5035824 0.44744507 0.38437032 0.34420626
-0.27 -0.27 -0.27 -0.27 -0.27 -0.27 -0.26999669 0.63406674 0.0079402775 -0.27999999 -0.28 -0.28 -0.28 -0.28 -0.28 -0.28 -0.28 -0.28 -0.28 -0.28 -0.28 -0.28 -0.28 -0.28 -0.016237473 1.17 1.17 1.17 1.17 1.17 1.17 1.17 1.17 1.17 1.17 1.17 1.17 1.17 1.17 1.17 1.17 1.17 1.17 1.17 1.1699996 1.1699437 1.1667584 1.0924734 0.74764343 0.57385944 0.54624325 0.54156484 0.54051653 0.54021413 0.54010691 0.54006184 0.54003808 0.54000998 0.53990819 0.53945348 0.53765374 0.53163456
-0.27 -0.27 -0.27 -0.27 -0.27 -0.26999606 0.63982175 0.64 0.64 0.58550512 -0.27999999 -0.28 -0.28 -0.28 -0.28 -0.28 -0.28 -0.28 -0.28 -0.28 -0.28 -0.28 -0.28 -0.27999992 1.1096685 1.17 1.17 1.17 1.17 1.17 1.17 1.17 1.17 1.17 1.17 1.17 1.17 1.17 1.17 1.17 1.17 1.17 1.17 1.1699998 1.1699353 1.16214 0.9392226 0.58900279 0.5449054 0.54077116 0.54018231 0.54005989 0.54002558 0.54001347 0.54000837 0.54000595 0.54000469 0.54000399 0.54000334 0.54000115 0.53998994 0.53993825
-0.27 -0.27 -0.27 -0.27 -0.26997671 0.6399964 0.64 0.64 0.64 0.64 0.63964598 -0.27999993 -0.28 -0.28 -0.28 -0.28 -0.28 -0.28 -0.28 -0.28 -0.28 -0.28 -0.28 -0.2799901 1.1693541 1.17 1.17 1.17 1.17 1.17 1.17 1.17 1.17 1.17 1.17 1.17 1.17 1.17 1.17 1.17 1.17 1.17 1.1699999 1.1698857 1.1362287 0.64879922 0.54435463 0.54033038 0.54004714 0.54001104 0.5400038 0.54000176 0.54000103 0.54000072 0.54000057 0.54000051 0.5400005 0.54000051 0.54000055 0.54000061 0.54000062 0.54000027
-0.27 -0.27 -0.27 -0.26948417 0.63999982 0.64 0.64 0.64 0.64 0.64 0.64 0.63999826 -0.2799896 -0.28 -0.28 -0.28 -0.28 -0.28 -0.28 -0.28 -0.28 -0.28 -0.28 -0.27875094 1.1699908 1.17 1.17 1.17 1.17 1.17 1.17 1.17 1.17 1.17 1.17 1.17 1.17 1.17 1.17 1.17 1.17 1.17 1.1695647 0.91707969 0.54544278 0.54012365 0.54000784 0.54000109 0.54000027 0.54000011 0.54000006 0.54000004 0.54000003 0.54000003 0.54000004 0.54000004 0.54000005 0.54000006 0.54000008 0.5400001 0.54000014 0.54000018
-0.27 -0.27 -0.25603629 0.63999994 0.64 0.64 0.64 0.64 0.64 0.64 0.64 0.64 0.63999994 -0.27705316 -0.28 -0.28 -0.28 -0.28 -0.28 -0.28 -0.28 -0.28 -0.28 -0.16924168 1.1699998 1.17 1.17 1.17 1.17 1.17 1.17 1.17 1.17 1.17 1.17 1.17 1.17 1.17 1.17 1.17 1.1699999 1.1636932 0.55635172 0.54004519 0.54000071 0.54000004 0.54000001 0.54 0.54 0.54 0.54 0.54 0.54 0.54 0.54 0.54 0.54 0.54000001 0.54000001 0.54000002 0.54000003 0.54000004
-0.2699997 -0.10737394 0.63999986 0.64 0.64 0.64 0.64 0.64 0.64 0.64 0.64 0.64 0.64 0.63999997 -0.093214501 -0.27999977 -0.28 -0.28 -0.28 -0.28 -0.28 -0.28 -0.27999953 0.92763835 1.17 1.17 1.17 1.17 1.17 1.17 1.17 1.17 1.17 1.17 1.17 1.17 1.17 1.17 1.17 1.1699988 0.80301101 0.54002624 0.54000003 0.54 0.54 0.54 0.54 0.54 0.54 0.54 0.54 0.54 0.54 0.54 0.54 0.54 0.54 0.54 0.54 0.54 0.54000001 0.54000001
0.23812424 0.63999926 0.64 0.64 0.64 0.64 0.64 0.64 0.64 0.64 0.64 0.64 0.64 0.64 0.63999989 0.45200013 -0.2799306 -0.27999997 -0.28 -0.28 -0.28 -0.28 -0.27994689 1.1614697 1.17 1.17 1.17 1.17 1.17 1.17 1.17 1.17 1.17 1.17 1.17 1.17 1.17 1.17 1.1695486 0.54011344 0.54 0.54 0.54 0.54 0.54 0.54 0.54 0.54 0.54 0.54 0.54 0.54 0.54 0.54 0.54 0.54 0.54 0.54 0.54 0.54 0.54 0.54
0.63999538 0.64 0.64 0.64 0.64 0.64 0.64 0.64 0.64 0.64 0.64 0.64 0.64 0.64 0.64 0.63999937 0.59025752 -0.27691492 -0.27999432 -0.27999994 -0.28 -0.27999999 -0.27668107 1.1695342 1.17 1.17 1.17 1.17 1.17 1.17 1.17 1.17 1.17 1.17 1.17 1.17 1.17 0.58703436 0.54 0.54 0.54 0.54 0.54 0.54 0.54 0.54 0.54 0.54 0.54 0.54 0.54 0.54 0.54 0.54 0.54 0.54 0.54 0.54 0.54 0.54 0.54 0.54
0.64000005 0.64 0.64 0.64 0.64 0.64 0.64 0.64 0.64 0.64 0.64 0.64 0.64 0.64 0.64 0.64 0.63999638 0.61589382 -0.24414155 -0.27978741 -0.27988152 -0.27473722 -0.068946927 1.1698403 1.17 1.17 1.17 1.17 1.17 1.17 1.17 1.17 1.17 1.17 1.17 1.1689963 0.54000053 0.54 0.54 0.54 0.54 0.54 0.54 0.54 0.54 0.54 0.54 0.54 0.54 0.54 0.54 0.54 0.54 0.54 0.54 0.54 0.54 0.54 0.54 0.54 0.54 0.54
0.64000056 0.64 0.64 0.64 0.64 0.64 0.64 0.64 0.64 0.64 0.64 0.64 0.64 0.64 0.64 0.64 0.64 0.63998314 0.61589383 0.40103267 0.4096731 0.40998323 0.41000263 0.44877313 1.1696859 1.17 1.17 1.17 1.17 1.17 1.17 1.17 1.17 1.1699917 0.55521257 0.54 0.54 0.54 0.54 0.54 0.54 0.54 0.54 0.54 0.54 0.54 0.54 0.54 0.54 0.54 0.54 0.54 0.54 0.54 0.54 0.54 0.54 0.54 0.54 0.54 0.54 0.54000003
0.64070462 0.64 0.64 0.64 0.64 0.64 0.64 0.64 0.64 0.64 0.64 0.64 0.64 0.64 0.64 0.64 0.63999983 0.60881134 0.41003673 0.41 0.41 0.41000003 0.41000088 0.41003184 0.41631741 1.1685563 1.17 1.17 1.17 1.17 1.17 1.1699943 1.1245838 0.54002657 0.54 0.54 0.54 0.54 0.54 0.54 0.54 0.54 0.54 0.54 0.54 0.54 0.54 0.54 0.54 0.54 0.54 0.54 0.54 0.54 0.54 0.54 0.54 0.54 0.54 0.54 0.54000003 0.54000048
0.68803748 0.64 0.64 0.64 0.64 0.64 0.64 0.64 0.64 0.64 0.64 0.64 0.64 0.64 0.64 0.63999959 0.50852015 0.41000106 0.41 0.41 0.41 0.41000001 0.41000042 0.41003167 0.41193976 0.46541988 1.0934444 1.1699906 1.1699996 1.169982 1.165607 0.57885239 0.54000118 0.54 0.54 0.54 0.54 0.54 0.54 0.54 0.54 0.54 0.54 0.54 0.54 0.54 0.54 0.54 0.54 0.54 0.54 0.54 0.54 0.54 0.54 0.54 0.54 0.54 0.54 0.54000003 0.54000072 0.54001254
0.68999782 0.64000366 0.64 0.64 0.64 0.64 0.64 0.64 0.64 0.64 0.64 0.64 0.64 0.64 0.6399976 0.42161854 0.41000002 0.41 0.41 0.41 0.41 0.41 0.41000019 0.41003883 0.41537867 0.52811047 0.56861513 0.57387171 1.158168 0.96849822 0.54206632 0.5400004 0.54 0.54 0.54 0.54 0.54 0.54 0.54 0.54 0.54 0.54 0.54 0.54 0.54 0.54 0.54 0.54 0.54 0.54 0.54 0.54 0.54 0.54 0.54 0.54 0.54 0.54 0.54000004 0.54000133 0.54002858 0.54043784
0.68999999 0.64382356 0.64 0.64 0.64 0.64 0.64 0.64 0.64 0.64 0.64 0.64 0.64 0.63996957 0.41068354 0.41 0.41 0.41 0.41 0.41 0.41 0.41 0.41000009 0.4100678 0.43418347 0.5649757 0.5699185 0.56999661 0.57000151 0.54082459 0.54000038 0.54 0.54 0.54 0.54 0.54 0.54 0.54 0.54 0.54 0.54 0.54 0.54 0.54 0.54 0.54 0.54 0.54 0.54 0.54 0.54 0.54 0.54 0.54 0.54 0.54 0.54 0.54000008 0.54000326 0.54008677 0.54158457 0.56038936
0.69 0.68861186 0.64000018 0.64 0.64 0.64 0.64 0.64 0.64 0.64 0.64 0.64 0.63941379 0.41004617 0.41 0.41 0.41 0.41 0.41 0.41 0.41 0.41 0.41000005 0.4102191 0.52134424 0.56983071 0.56999823 0.56999993 0.56999999 0.56984878 0.5400004 0.54 0.54 0.54 0.54 0.54 0.54 0.54 0.54 0.54 0.54 0.54 0.54 0.54 0.54 0.54 0.54 0.54 0.54 0.54 0.54 0.54 0.54 0.54 0.54 0.54 0.54000021 0.54001136 0.54037746 0.5481918 0.65343375 1.219952
0.69 0.68999026 0.64009642 0.64 0.64 0.64 0.64 0.64 0.64 0.64 0.63999995 0.62960324 0.41000559 0.41 0.41 0.41 0.41 0.41 0.41 0.41 0.41 0.41 0.41000004 0.41208287 0.56874004 0.56999876 0.56999999 0.57 0.57 0.57 0.54752511 0.54 0.54 0.54 0.54 0.54 0.54 0.54 0.54 0.54 0.54 0.54 0.54 0.54 0.54 0.54 0.54 0.54 0.54 0.54 0.54 0.54 0.54 0.54 0.54000001 0.54000089 0.54006209 0.54256631 0.60368428 1.168429 1.8078915 1.9229934
0.69 0.68999981 0.65332927 0.64000007 0.64 0.64 0.64 0.64 0.64 0.63999726 0.55484469 0.41000149 0.41 0.41 0.41 0.41 0.41 0.41 0.41 0.41 0.41 0.41 0.41000006 0.48588734 0.56999774 0.57 0.57 0.57 0.57 0.57 0.56999834 0.54000822 0.54 0.54 0.54 0.54 0.54 0.54 0.54 0.54 0.54 0.54 0.54 0.54 0.54 0.54 0.54 0.54 0.54 0.54 0.54 0.54 0.54 0.54000004 0.54000657 0.54059396 0.56974861 1.0984987 1.838496 1.9314906 1.9390371 1.9398501
0.69 0.68999999 0.6881234 0.64001407 0.64 0.64 0.64 0.63999993 0.63992036 0.45440696 0.41000068 0.41 0.41 0.41 0.41 0.41 0.41 0.41 0.41 0.41 0.41 0.41 0.41000101 0.56992775 0.57 0.57 0.57 0.57 0.57 0.57 0.57 0.56833338 0.54000001 0.54 0.54 0.54 0.54 0.54 0.54 0.54 0.54 0.54 0.54 0.54 0.54 0.54 0.54 0.54 0.54 0.54 0.54 0.54 0.54000043 0.54009743 0.5511726 1.0074399 1.8655176 1.9363319 1.9397298 1.9399704 1.9399953 1.9399984
0.69 0.69 0.68993443 0.64114377 0.63999575 0.63990779 0.6363486 0.41955945 -0.18645554 0.38993901 0.40993554 0.40999996 0.41 0.41 0.41 0.41 0.41 0.41 0.41 0.41 0.41 0.41 0.41223778 0.57 0.57 0.57 0.57 0.57 0.57 0.57 0.57 0.56999997 0.54048204 0.54 0.54 0.54 0.54 0.54 0.54 0.54 0.54 0.54 0.54 0.54 0.54 0.54 0.54 0.54 0.54 0.54 0.54000002 0.54001145 0.54332627 0.89814184 1.8874638 1.9386556 1.9399422 1.9399959 1.9399996 1.9399999 1.9399999 1.9399992
0.69 0.69 0.68999514 0.64475591 0.095046553 -0.54286974 -0.56970999 -0.56994205 -0.56917834 -0.53599662 0.27928201 0.40987525 0.40999999 0.41 0.41 0.41 0.41 0.41 0.41 0.41 0.41 0.41 0.56999988 0.57 0.57 0.57 0.57 0.57 0.57 0.57 0.57 0.57 0.56994732 0.54000108 0.54 0.54 0.54 0.54 0.54 0.54 0.54 0.54 0.54 0.54 0.54 0.54 0.54 0.54 0.54 0.5400011 0.54081603 0.78414811 1.9034863 1.9395752 1.9399907 1.9399996 1.94 1.94 1.94 1.94 1.9399999 1.9399988
0.68999724 0.68992672 0.68810597 -0.55583311 -0.56998806 -0.5699999 -0.56999998 -0.56999993 -0.5699996 -0.56999365 -0.56958774 -0.41195713 0.40920927 0.41 0.41 0.41 0.41 0.41 0.41 0.41 0.41 0.41 0.57 0.57 0.57 0.57 0.57 0.57 0.57 0.57 0.57 0.57 0.56999999 0.55327261 0.54000001 0.54 0.54 0.54 0.54 0.54 0.54 0.54 0.54 0.54 0.54 0.54 0.54 0.54000012 0.54018984 0.68734446 1.9135831 1.9398755 1.9399988 1.94 1.94 1.94 1.94 1.94 1.94 1.94 1.9399999 1.939998
