Interpolating SPI Data/spi_stations/interpolated_spi/9-23_1.tif
NCOLS 257
NROWS 141
XLLCORNER -178.27925
YLLCORNER 5.3153543
DX 0.49934803
DY 0.49997533
NODATA_VALUE -9999
[rows 84 to 111 of 141, columns 63 to 125 of 257]
0.92710454 0.91041364 0.90286689 0.900086 0.89931596 0.89923815 0.89933299 0.89943474 0.8995082 0.89955608 0.89958708 0.89960765 0.89962138 0.89962989 0.89963371 0.89963272 0.8996263 0.89961336 0.89959214 0.89955989 0.89951231 0.89944247 0.89933881 0.89918135 0.89893365 0.8985256 0.89781318 0.89647771 0.89375169 0.88760523 0.87213483 0.82904674 0.70705204 0.44767409 0.20067526 0.11548787 0.10150238 0.10009406 0.10000362 0.10000008 0.1 0.1 0.1 0.1 0.1 0.1 0.1 0.1 0.1 0.1 0.10000875 0.27948797 0.28 0.28 0.28 0.28 0.28 0.28 0.28 0.28 0.67999989 0.68 0.89915311
0.90752065 0.90177335 0.89960077 0.89897976 0.89891769 0.89900485 0.8991014 0.89917348 0.8992209 0.89925022 0.8992668 0.8992736 0.89927164 0.89926069 0.89923951 0.89920594 0.89915661 0.89908644 0.89898771 0.89884845 0.89864951 0.89835924 0.89792319 0.89724323 0.89613329 0.89421931 0.89069945 0.88373252 0.86879985 0.83433131 0.75224559 0.57760762 0.33326518 0.16729358 0.11252307 0.10164158 0.10015224 0.10000965 0.1000004 0.10000001 0.1 0.1 0.1 0.1 0.1 0.1 0.1 0.1 0.10000001 0.10001333 0.24356147 0.27999997 0.28 0.28 0.28 0.28 0.28 0.28 0.28 0.28 0.43118265 0.68880559 0.9
0.90068342 0.89896694 0.89846368 0.89841505 0.89849396 0.89858172 0.89864618 0.89868494 0.89870252 0.89870292 0.89868795 0.89865738 0.89860925 0.89853996 0.89844397 0.89831309 0.89813521 0.89789213 0.89755577 0.89708161 0.89639668 0.89537681 0.89380176 0.89126267 0.88696212 0.87926365 0.86464766 0.83533408 0.77472113 0.65473811 0.46214506 0.26404918 0.15026002 0.11115554 0.10187793 0.10023938 0.10002255 0.10000153 0.10000008 0.10000001 0.1 0.1 0.1 0.1 0.1 0.1 0.1 0.10000009 0.10002719 0.1473066 0.27997992 0.28 0.28 0.28 0.28 0.28 0.28 0.28 0.28 0.28 0.28016742 0.89999957 0.9
0.89812868 0.89771554 0.89767317 0.8977376 0.89780741 0.89785216 0.89786742 0.89785554 0.89781856 0.89775631 0.89766615 0.89754285 0.89737834 0.89716076 0.896873 0.89648994 0.89597415 0.89526836 0.89428264 0.89287131 0.89079037 0.88761615 0.88258445 0.87426366 0.85988194 0.83398106 0.78610115 0.69894128 0.5562801 0.37553917 0.22299932 0.14092092 0.11061856 0.10220324 0.10036441 0.10004722 0.10000471 0.10000037 0.10000003 0.10000001 0.1 0.1 0.1 0.1 0.1 0.10000003 0.10000074 0.10005734 0.11633325 0.27886283 0.27999988 0.28 0.28 0.28 0.28 0.28 0.28 0.28 0.28 0.28 0.28191187 0.9 0.9
0.89667393 0.89662519 0.89666253 0.89669851 0.89670407 0.89667263 0.89660379 0.89649678 0.89634816 0.89615115 0.89589503 0.89556415 0.89513615 0.89457906 0.89384645 0.89286967 0.89154479 0.8897106 0.88711009 0.88332166 0.87763316 0.8688072 0.85464369 0.83119352 0.79152956 0.72467859 0.61811 0.4712831 0.3153805 0.19804225 0.13556013 0.1105778 0.10261724 0.10053702 0.10009027 0.10001229 0.10000138 0.10000016 0.10000004 0.10000002 0.10000001 0.10000001 0.10000002 0.10000005 0.10000029 0.10000378 0.10011452 0.10880724 0.2670693 0.27998421 0.28 0.28 0.28 0.28 0.28 0.28 0.28 0.28 0.28 0.28 0.57489849 0.9 0.9
0.89519673 0.89518726 0.89516588 0.8951042 0.89499304 0.89482842 0.89460542 0.89431567 0.89394597 0.89347709 0.89288179 0.89212183 0.89114296 0.88986723 0.88818054 0.88591237 0.8828024 0.87844397 0.87218732 0.86297238 0.84904205 0.82747123 0.79348952 0.73988239 0.6578242 0.54240793 0.40433295 0.27445614 0.18234379 0.1324468 0.11087086 0.10312286 0.1007673 0.1001599 0.10002807 0.10000423 0.10000064 0.10000016 0.10000009 0.10000007 0.10000007 0.10000012 0.10000034 0.10000164 0.10001371 0.10021172 0.10644332 0.23071051 0.27961745 0.27999917 0.28 0.28 0.28 0.28 0.28 0.28 0.28 0.28 0.28 0.28000125 0.8828523 0.9 0.9
0.89322543 0.89311489 0.89294871 0.89271429 0.89240292 0.89200397 0.89150196 0.89087455 0.89009041 0.88910609 0.8878612 0.8862711 0.88421543 0.88152023 0.87792974 0.873061 0.86633062 0.85683611 0.84316658 0.82311462 0.79329105 0.74878844 0.68347919 0.59235987 0.47740871 0.35391318 0.24646786 0.17217724 0.13070667 0.11141186 0.10372426 0.10106534 0.10026561 0.10005752 0.10001101 0.10000209 0.10000058 0.10000033 0.10000029 0.10000035 0.10000062 0.10000165 0.10000649 0.10003852 0.10036243 0.10564336 0.18775086 0.27676842 0.27997206 0.27999989 0.28 0.28 0.28 0.28 0.28 0.28 0.28 0.28 0.28 0.28024278 0.89814804 0.9 0.9
0.89045015 0.89013305 0.8897215 0.88920068 0.8885524 0.88775172 0.88676413 0.88554241 0.88402197 0.88211417 0.87969615 0.87659545 0.87256674 0.86725604 0.86014579 0.85047091 0.83709275 0.81831968 0.79168186 0.75373957 0.70019737 0.62695616 0.5329537 0.42443275 0.31655947 0.22704107 0.16547053 0.1298651 0.11215214 0.1044258 0.10144096 0.10041791 0.10010785 0.10002518 0.10000583 0.10000181 0.10000106 0.10000103 0.10000137 0.10000246 0.10000599 0.10001973 0.10008949 0.10057905 0.10548559 0.15873449 0.26656202 0.27967137 0.27999574 0.27999997 0.28 0.28 0.28 0.28 0.28 0.28 0.28 0.28 0.28000037 0.28976501 0.8995077 0.9 0.9
0.88655814 0.88590645 0.88510337 0.88412122 0.88292319 0.88145968 0.87966391 0.87744584 0.87468335 0.87120941 0.86679313 0.86111198 0.85371092 0.84394296 0.83088466 0.81322256 0.7891183 0.75609756 0.71109713 0.6509665 0.57386663 0.4817162 0.38243169 0.2889166 0.21334082 0.16102806 0.12964788 0.11306239 0.10523157 0.10190339 0.10062783 0.10018792 0.10005191 0.1000143 0.10000502 0.1000031 0.10000316 0.10000438 0.10000773 0.10001728 0.1000491 0.10017996 0.10087158 0.10566181 0.14250213 0.24635812 0.27809033 0.27994191 0.27999887 0.27999999 0.28 0.28 0.28 0.28 0.28 0.28 0.28 0.28000001 0.28002386 0.3913587 0.89976405 0.89999999 0.9
0.88117497 0.88000955 0.87860151 0.87690002 0.87483785 0.87232583 0.86924531 0.8654375 0.86068843 0.85470749 0.84709722 0.83731115 0.82459674 0.80792239 0.78589497 0.75669433 0.71809436 0.66771653 0.60374217 0.52625395 0.43889106 0.34952879 0.2683386 0.20355424 0.15813128 0.12988788 0.11412398 0.10614521 0.10246117 0.10090668 0.10030802 0.10009819 0.10003149 0.10001247 0.10000808 0.10000845 0.10001178 0.10002016 0.10004175 0.1001049 0.10032363 0.101247 0.10604555 0.133542 0.22101543 0.27322732 0.27960165 0.27998405 0.27999955 0.27999999 0.28 0.28 0.28 0.28 0.28 0.28 0.28 0.28000072 0.28053925 0.64106096 0.89983564 0.89999995 0.9
0.87384248 0.87191392 0.86960157 0.86681889 0.86345271 0.85935446 0.85432829 0.84811464 0.84036797 0.83062681 0.81827494 0.80249378 0.78221113 0.75606174 0.72239782 0.67942422 0.62557555 0.56025168 0.484865 0.40372542 0.32382681 0.25289399 0.19651097 0.15633093 0.13047839 0.11532445 0.10716976 0.10312203 0.10126564 0.10047957 0.10017296 0.1000633 0.10002797 0.10001898 0.10001997 0.10002755 0.10004546 0.10008782 0.10019892 0.10053299 0.10170909 0.10657552 0.12844084 0.19767941 0.2632792 0.27831856 0.2798824 0.27999383 0.27999975 0.27999999 0.28 0.28 0.28 0.28 0.28 0.28 0.28000011 0.28001732 0.28561049 0.79988282 0.89985509 0.89999983 0.89999993
0.86401546 0.86099042 0.8573747 0.8530311 0.84778216 0.84139766 0.83357821 0.82393393 0.81195778 0.79699424 0.77820675 0.75455374 0.7247944 0.68756431 0.64158323 0.58606544 0.52135004 0.44959422 0.37509776 0.30371041 0.24121214 0.191441 0.15533575 0.1313485 0.11665505 0.10830773 0.10389289 0.10171563 0.10071482 0.10028696 0.10011781 0.10005739 0.10004053 0.10004249 0.10005743 0.10009116 0.10016551 0.10034326 0.10081818 0.10225865 0.10721736 0.12546311 0.1795832 0.24851523 0.275021 0.27945662 0.279954 0.27999689 0.27999983 0.27999999 0.28 0.28 0.28 0.28 0.28 0.28000004 0.28000219 0.28020967 0.31203403 0.85643505 0.89985191 0.8999994 0.89999925
0.85107616 0.84653216 0.84111194 0.83461245 0.8267749 0.81726955 0.80567729 0.79146872 0.77398324 0.75241419 0.72581247 0.6931306 0.65334169 0.6056741 0.54998687 0.48724128 0.41988897 0.35186236 0.28790197 0.23232601 0.18782627 0.15495056 0.13244937 0.11810938 0.10956114 0.10477987 0.10226706 0.10102653 0.10045251 0.10020527 0.10010881 0.10007953 0.10008261 0.10010882 0.10016624 0.10028556 0.10054911 0.10118642 0.10289391 0.10794919 0.12372618 0.16658222 0.23138333 0.26871966 0.27822123 0.27977915 0.27997747 0.27999808 0.27999986 0.27999999 0.28 0.28 0.28 0.28 0.28000003 0.28000068 0.28002528 0.28149734 0.3892666 0.87679478 0.89983394 0.89999769 0.89999486
0.83437143 0.82780661 0.81999733 0.81066438 0.79945978 0.78595271 0.76961587 0.74981619 0.72581724 0.69680602 0.66196333 0.62060178 0.57239103 0.51766239 0.45772329 0.39502684 0.33299894 0.27542405 0.22554971 0.18531018 0.15504068 0.13374633 0.11968254 0.11093154 0.10578835 0.10292973 0.1014276 0.10068316 0.10033796 0.10019263 0.10014495 0.10014879 0.1001906 0.10028053 0.1004585 0.10082588 0.10164182 0.10361107 0.1087554 0.12275898 0.15746798 0.21468481 0.25920847 0.27551524 0.27923764 0.27989151 0.27998681 0.27999861 0.27999987 0.27999999 0.28 0.28 0.28000001 0.28000003 0.28000038 0.28000678 0.28018395 0.28709585 0.51592202 0.88528336 0.89980195 0.89999107 0.89997446
0.81327771 0.80414334 0.79332654 0.78047428 0.76516159 0.74688573 0.72506787 0.69906998 0.66823777 0.63198415 0.58992634 0.54207962 0.48908256 0.43238339 0.37427335 0.31765617 0.26553872 0.22039147 0.18364172 0.15551066 0.13521404 0.12137062 0.11242006 0.10692292 0.10371268 0.10193076 0.10099319 0.10052975 0.10032128 0.10024777 0.10025117 0.10031273 0.1004441 0.10069394 0.10118069 0.10218562 0.10440485 0.10962396 0.12229521 0.15108752 0.20012906 0.24730644 0.27076804 0.2779551 0.27961729 0.27993778 0.27999109 0.27999886 0.27999987 0.27999999 0.28000001 0.28000001 0.28000005 0.28000031 0.28000313 0.28004591 0.2809292 0.30415672 0.64079999 0.88932292 0.89975168 0.89996808 0.89989524
0.78729445 0.77505557 0.76066408 0.74371649 0.72375256 0.70026619 0.67273249 0.64065949 0.60367326 0.56164119 0.51482553 0.46403703 0.41072927 0.35695748 0.30514685 0.25769031 0.21649403 0.18264047 0.15629123 0.1368335 0.12317037 0.11402743 0.10818743 0.10462403 0.10254817 0.10139715 0.10079557 0.10050877 0.10040062 0.10040117 0.10048578 0.10066671 0.10100007 0.10161825 0.10281659 0.10526898 0.11054501 0.12217574 0.1465933 0.18823395 0.23440992 0.26380648 0.27549556 0.27893896 0.27978055 0.27995952 0.27999327 0.27999899 0.27999987 0.28 0.28000003 0.28000008 0.28000033 0.2800021 0.28001885 0.28022631 0.28350525 0.34211677 0.72935417 0.89142517 0.89967082 0.89989555 0.89960495
0.75615703 0.74037928 0.72201076 0.70064601 0.67586137 0.64724786 0.61446514 0.57732048 0.53587172 0.49054131 0.44221289 0.39226566 0.34249905 0.29492515 0.25145892 0.21359411 0.18217418 0.15733096 0.13859006 0.12507891 0.11575392 0.1095849 0.10567088 0.10329111 0.10190924 0.10115079 0.10077009 0.10061728 0.1006111 0.10072055 0.10095744 0.10138342 0.10214095 0.1035316 0.10619668 0.11151019 0.12230065 0.14340911 0.17883224 0.22182594 0.25497781 0.27151702 0.27756647 0.27938358 0.27985941 0.27997083 0.27999445 0.27999904 0.27999988 0.28000004 0.28000013 0.2800004 0.28000181 0.280011 0.28008669 0.28086139 0.29042091 0.40503193 0.78377729 0.89255564 0.8995292 0.89967678 0.89857972
0.71994763 0.70039657 0.67793092 0.65221149 0.62293888 0.58990495 0.55306141 0.51260092 0.46903718 0.42325998 0.37653362 0.33041147 0.2865604 0.24652508 0.21149484 0.18214406 0.15859085 0.14047212 0.12709354 0.11759932 0.1111175 0.10685912 0.10416967 0.10254288 0.10161054 0.10112055 0.10091206 0.10089362 0.10102771 0.1013245 0.10184892 0.10274925 0.10432612 0.107181 0.11251229 0.12260434 0.14115037 0.17151074 0.21039776 0.24500471 0.26591913 0.27520493 0.27855522 0.27960557 0.27990126 0.27997717 0.27999512 0.27999908 0.27999993 0.28000019 0.28000055 0.28000186 0.28000824 0.28004611 0.28031824 0.28265082 0.30537681 0.48460227 0.81625142 0.8931157 0.89925259 0.8990341 0.89529311
0.67917161 0.65589846 0.62958127 0.60001814 0.56710992 0.53091686 0.4917196 0.45007247 0.40683013 0.36312684 0.32029333 0.2797131 0.24264369 0.21004692 0.18247503 0.16004074 0.14247016 0.12921155 0.11956284 0.11278643 0.10819333 0.10519243 0.10331015 0.10218912 0.10157505 0.10129917 0.10126129 0.10141744 0.1017751 0.10240003 0.10344214 0.10519484 0.10821519 0.11354509 0.12304206 0.13955886 0.16583654 0.20048963 0.23470143 0.25889644 0.27164781 0.27707366 0.2790678 0.27972612 0.2799252 0.27998095 0.27999554 0.27999918 0.28000016 0.28000077 0.28000216 0.28000737 0.28003116 0.28015935 0.28096789 0.28683461 0.33204452 0.56503445 0.83597944 0.89325246 0.89865888 0.89725053 0.88622418
0.63476619 0.6081498 0.57860535 0.54611927 0.51082865 0.47306546 0.43338974 0.39259828 0.35169505 0.31181627 0.2741149 0.2396248 0.20913552 0.18310905 0.16165673 0.14457614 0.13143012 0.12164309 0.11459191 0.10967663 0.10636628 0.10422149 0.10289941 0.10214754 0.10179215 0.10172607 0.10189924 0.10231546 0.10303903 0.10421758 0.10613214 0.10929294 0.11460326 0.12358233 0.13845853 0.16143933 0.19213872 0.22474052 0.25087195 0.26685072 0.27473955 0.2780835 0.27935361 0.27979631 0.27993975 0.27998333 0.2799959 0.27999952 0.28000094 0.28000265 0.28000747 0.28002509 0.28010009 0.28046711 0.28251291 0.29517076 0.37188797 0.63431085 0.84830019 0.89294206 0.89733087 0.89275893 0.86513638
0.58802309 0.5587469 0.52690618 0.49268881 0.45645088 0.41873579 0.38027198 0.341941 0.30471258 0.2695527 0.23731978 0.20867112 0.1840005 0.16341955 0.14678297 0.13374612 0.12383799 0.11653308 0.11131065 0.10769624 0.10528534 0.1037525 0.10285043 0.10240336 0.10229896 0.10248166 0.10295087 0.10376733 0.105073 0.10713253 0.11040861 0.11568233 0.12420239 0.13772703 0.15802675 0.18521283 0.21555672 0.24236123 0.26095062 0.27143167 0.27648693 0.27866357 0.27952327 0.27983961 0.27994908 0.27998504 0.27999652 0.28000055 0.28000323 0.28000822 0.28002297 0.28007451 0.2802789 0.28119002 0.28570437 0.30959743 0.42258111 0.68843025 0.85608943 0.89196964 0.89442134 0.88273313 0.82402485
0.54043465 0.50939956 0.4763615 0.44168158 0.40587325 0.36959407 0.33361466 0.29876396 0.2658562 0.23561112 0.20858299 0.18511293 0.16531322 0.14908418 0.13615612 0.12614474 0.11860798 0.11309546 0.10918536 0.10650795 0.10475733 0.10369423 0.10314357 0.10298966 0.10317219 0.10368571 0.1045857 0.10600567 0.10819098 0.1115574 0.1167787 0.12488552 0.13727763 0.15537573 0.17951709 0.20736153 0.23384303 0.25422614 0.26714314 0.27414624 0.27752394 0.27901554 0.27962955 0.27986773 0.27995553 0.27998672 0.27999798 0.28000337 0.28000937 0.28002302 0.28006301 0.28019593 0.28068696 0.28268807 0.29153895 0.33158418 0.47867931 0.72859271 0.86081138 0.88984972 0.88844375 0.86306001 0.75686229
0.49350118 0.4616987 0.42856819 0.39458624 0.36034159 0.32650665 0.293792 0.26288838 0.23440492 0.20881453 0.18641674 0.16732423 0.15147368 0.13865627 0.12855978 0.12081359 0.11502959 0.11083471 0.10789336 0.10592049 0.10468728 0.10402163 0.10380632 0.10397714 0.10452356 0.10549454 0.107013 0.10930319 0.11273548 0.11788965 0.12561935 0.13704777 0.15331819 0.17485114 0.20020556 0.22568314 0.24702358 0.26198491 0.27099579 0.27581472 0.27816862 0.27923968 0.27969936 0.27988705 0.27996069 0.27998922 0.28000153 0.28001036 0.2800244 0.28005857 0.28015591 0.2804627 0.2815203 0.285473 0.30111517 0.36142637 0.53411396 0.75764524 0.86307323 0.88572643 0.87717734 0.82916173 0.66458354
0.44855061 0.41693285 0.38468213 0.35232292 0.32044189 0.28965036 0.26053819 0.23362541 0.20931983 0.18788747 0.16944086 0.15394556 0.1412423 0.13107887 0.12314581 0.1171101 0.11264347 0.10944329 0.10724622 0.10583562 0.10504438 0.10475541 0.10490154 0.1054672 0.10649397 0.10809277 0.11046568 0.11394002 0.11901333 0.12639469 0.13699158 0.15172771 0.17103431 0.19404334 0.21811511 0.23968308 0.25615819 0.26705277 0.27345262 0.27687974 0.27858681 0.27938876 0.27974746 0.27990151 0.27996606 0.27999404 0.28000966 0.28002627 0.28005814 0.28013643 0.2803515 0.28099409 0.28306496 0.29017982 0.31538011 0.39790111 0.58439463 0.7782367 0.86288425 0.87831275 0.85786118 0.77779195 0.55661847
0.40661251 0.37599114 0.34537411 0.31527385 0.28621847 0.2587149 0.23321083 0.21006123 0.18950464 0.17165275 0.15649401 0.14390948 0.13369706 0.12559959 0.11933267 0.11460895 0.11115731 0.10873636 0.1071429 0.10621649 0.10584162 0.10594914 0.10651868 0.10758399 0.10924318 0.11167595 0.11516922 0.12014881 0.12720491 0.13707507 0.15050886 0.16791348 0.18878222 0.21125735 0.23248821 0.24990987 0.26241351 0.27040893 0.27506572 0.27758472 0.27886885 0.27949217 0.27978265 0.27991407 0.27997361 0.28000385 0.28002699 0.28005985 0.28012806 0.28029324 0.28072928 0.28196503 0.28569421 0.29748822 0.33483504 0.43854369 0.62725541 0.79225092 0.85978262 0.86594228 0.82779743 0.70905142 0.44649405
0.3683649 0.33935527 0.31087971 0.28339644 0.25734386 0.23311032 0.21100744 0.19125076 0.17395053 0.15911322 0.14665273 0.13640877 0.12816897 0.1216917 0.11672683 0.11303297 0.1103905 0.10861051 0.1075405 0.10706785 0.10712236 0.10767929 0.10876448 0.11046293 0.11293237 0.1164223 0.12129598 0.12804536 0.13727283 0.14958925 0.16536301 0.18431328 0.20514404 0.22564466 0.24348815 0.2572331 0.26671557 0.2726784 0.27615709 0.27806764 0.27906633 0.2795674 0.27981091 0.27992769 0.27998635 0.28002327 0.28006159 0.28012598 0.28026282 0.28058606 0.28140512 0.28360865 0.28984339 0.30800064 0.35931524 0.48038438 0.66212912 0.80078138 0.85293641 0.8467948 0.78527816 0.62716227 0.34546468
0.33414704 0.30715617 0.28110106 0.25636312 0.23328162 0.21213214 0.19311073 0.17632562 0.16179735 0.14946658 0.13920789 0.13084724 0.12418053 0.11899129 0.11506596 0.11220614 0.11023767 0.10901695 0.1084353 0.10842236 0.10894962 0.11003521 0.11175119 0.11423417 0.11769936 0.12245557 0.12891307 0.13756584 0.1489136 0.16328153 0.18052855 0.1997555 0.21928138 0.23711002 0.25169651 0.26245875 0.26971359 0.27424986 0.27691755 0.27840959 0.27921022 0.2796258 0.27983716 0.27994608 0.28000906 0.28005996 0.2801266 0.28024817 0.28050588 0.28109696 0.28253428 0.28620804 0.29596093 0.32210309 0.38794762 0.52070388 0.68932551 0.80427135 0.84128501 0.81929844 0.73045571 0.53915748 0.25937628
0.30401605 0.27926262 0.25572092 0.23368925 0.21341296 0.1950713 0.17877003 0.16454055 0.15234526 0.14208786 0.13362704 0.12679157 0.12139526 0.11725038 0.11417896 0.11202168 0.11064448 0.1099435 0.10984908 0.11032956 0.11139581 0.11310748 0.1155813 0.11900134 0.12362901 0.12980646 0.13793989 0.1484395 0.16158794 0.17732927 0.19504208 0.21346384 0.23094466 0.2459906 0.25776336 0.26621167 0.27184013 0.27536509 0.27746303 0.27866021 0.27932042 0.27967576 0.27986638 0.2799744 0.28004918 0.28012583 0.28024204 0.2804611 0.28091866 0.28193553 0.2843088 0.29007527 0.30444081 0.33984877 0.41930913 0.55746548 0.70940945 0.80269445 0.82374949 0.78261335 0.66564123 0.45233323 0.18933404
