Interpolating SPI Data/spi_stations/interpolated_spi/9-23_2.tif
NCOLS 257
NROWS 141
XLLCORNER -178.27925
YLLCORNER 5.3153543
DX 0.49934803
DY 0.49997533
NODATA_VALUE -9999
[rows 56 to 83 of 141, columns 0 to 63 of 257]
0.21886593 0.22085335 0.22279024 0.22467567 0.22650884 0.22828898 0.23001544 0.23168765 0.23330513 0.2348675 0.23637448 0.23782587 0.23922161 0.24056172 0.24184632 0.24307566 0.24425007 0.24537001 0.24643604 0.24744883 0.24840914 0.24931784 0.25017592 0.25098443 0.25174455 0.25245753 0.25312472 0.25374755 0.25432752 0.25486621 0.25536528 0.25582645 0.25625154 0.25664242 0.25700105 0.25732951 0.25763003 0.25790501 0.25815718 0.25838968 0.25860636 0.25881215 0.25901375 0.25922074 0.25944751 0.25971664 0.26006489 0.26055401 0.2612907 0.26246357 0.26441179 0.26774959 0.27357577 0.28376213 0.30112671 0.32882588 0.36806736 0.41531977 0.46354177 0.50764793 0.54715239 0.58414405 0.62083275 0.65862716
0.21892738 0.22090014 0.22282256 0.22469377 0.22651301 0.22827956 0.22999281 0.23165225 0.23325744 0.23480803 0.23630378 0.23774455 0.2391303 0.24046107 0.24173704 0.24295847 0.24412573 0.24523929 0.24629974 0.24730776 0.24826415 0.24916978 0.25002567 0.25083289 0.25159263 0.25230619 0.25297494 0.25360037 0.25418406 0.25472767 0.25523301 0.255702 0.25613669 0.25653935 0.25691247 0.25725888 0.25758186 0.2578854 0.25817446 0.25845553 0.25873745 0.25903273 0.25935974 0.25974637 0.26023619 0.26089908 0.26184963 0.26327933 0.26551238 0.26910004 0.27496852 0.28461151 0.30021506 0.32435667 0.35871253 0.40195291 0.449128 0.49459519 0.5356166 0.57271985 0.60781292 0.64265779 0.67836194 0.7154197
0.21894566 0.22090447 0.2228132 0.22467103 0.22647722 0.22823114 0.2299322 0.23157994 0.23317395 0.23471394 0.2361997 0.23763114 0.23900824 0.2403311 0.24159991 0.24281498 0.24397671 0.2450856 0.24614229 0.24714748 0.24810201 0.24900681 0.24986293 0.25067152 0.25143386 0.25215132 0.25282542 0.2534578 0.25405028 0.25460482 0.25512363 0.25560916 0.25606423 0.25649213 0.25689677 0.25728301 0.25765697 0.25802673 0.25840322 0.25880167 0.25924399 0.25976249 0.2604059 0.26124935 0.26241079 0.26407813 0.26655384 0.27032557 0.2761705 0.28528431 0.299368 0.32047578 0.35029037 0.38873491 0.43290258 0.47802857 0.52024296 0.55832777 0.59319011 0.62645041 0.65950403 0.69322868 0.72802402 0.76393599
0.21892352 0.2208692 0.22276513 0.22461053 0.22640471 0.22814708 0.22983711 0.23147437 0.23305851 0.23458928 0.23606651 0.23749015 0.23886025 0.24017692 0.24144043 0.24265112 0.24380945 0.24491597 0.24597139 0.24697647 0.24793215 0.24883946 0.24969957 0.25051378 0.25128356 0.25201054 0.25269656 0.25334367 0.25395422 0.25453092 0.25507693 0.25559602 0.25609277 0.2565729 0.25704372 0.25751479 0.25799898 0.25851396 0.25908461 0.25974664 0.26055235 0.26157963 0.26294625 0.26483232 0.26751535 0.27142289 0.2772062 0.28582708 0.29861717 0.31719864 0.34307392 0.3767605 0.41683581 0.45991806 0.50217261 0.54119548 0.57662649 0.60944077 0.64097169 0.67232634 0.70420778 0.73694537 0.77058331 0.8049613
0.21886436 0.22079791 0.22268209 0.22451619 0.22629958 0.22803171 0.2297121 0.23134037 0.23291623 0.23443948 0.23591002 0.23732783 0.23869303 0.24000582 0.2412665 0.24247552 0.24363341 0.24474086 0.24579864 0.24680771 0.24776914 0.2486842 0.2495543 0.2503811 0.25116646 0.25191255 0.2526219 0.25329748 0.25394279 0.25456211 0.25516068 0.25574508 0.25632369 0.25690748 0.25751099 0.25815395 0.25886355 0.25967794 0.26065151 0.26186285 0.26342688 0.26551326 0.26837362 0.27238069 0.27808042 0.28625083 0.29794205 0.31443354 0.33699721 0.36636877 0.40204212 0.4419076 0.4828393 0.52204993 0.55815451 0.59122967 0.62218444 0.65210185 0.68186545 0.71204485 0.74291612 0.77452446 0.80674474 0.83932669
0.21877244 0.22069504 0.22256878 0.22439299 0.2261671 0.22789062 0.22956313 0.23118431 0.23275394 0.23427189 0.23573813 0.23715275 0.23851593 0.23982798 0.24108934 0.24230055 0.24346234 0.24457555 0.24564121 0.24666053 0.24763491 0.24856603 0.24945584 0.25030661 0.25112106 0.25190241 0.25265456 0.25338225 0.25409135 0.25478923 0.25548526 0.25619161 0.25692423 0.25770446 0.25856115 0.25953398 0.26067811 0.26207115 0.26382334 0.26609236 0.26910442 0.2731833 0.2787873 0.28654936 0.29730408 0.31206363 0.33187763 0.35751055 0.38896011 0.42505839 0.46356579 0.50192396 0.53822796 0.57173861 0.60272933 0.63199643 0.66041626 0.68869935 0.71731229 0.74648988 0.77627913 0.8065845 0.83720396 0.86785503
0.21865303 0.22056621 0.22243115 0.22424726 0.22601403 0.22773104 0.22939796 0.23101455 0.23258068 0.23409633 0.23556157 0.23697661 0.23834179 0.23965759 0.24092463 0.24214369 0.24331577 0.24444204 0.24552392 0.24656312 0.24756166 0.24852197 0.24944692 0.25034003 0.25120552 0.25204861 0.25287571 0.25369492 0.25451645 0.25535343 0.25622296 0.2571475 0.25815698 0.25929171 0.26060657 0.26217691 0.26410701 0.26654192 0.26968373 0.27381305 0.27931533 0.28670843 0.29666076 0.30997711 0.32751373 0.34997952 0.37761859 0.40987919 0.44530494 0.48185808 0.51758812 0.55124276 0.5824692 0.61160994 0.63934159 0.66637392 0.69328293 0.72045469 0.74809134 0.77624154 0.80483419 0.83370689 0.86262765 0.89131159
0.21851272 0.22041844 0.22227672 0.22408706 0.22584904 0.22756233 0.22922671 0.23084207 0.23240841 0.23392584 0.23539463 0.23681518 0.23818806 0.23951402 0.24079399 0.24202917 0.24322098 0.24437118 0.24548188 0.24655563 0.24759552 0.24860528 0.24958948 0.25055373 0.25150494 0.2524518 0.25340521 0.25437907 0.25539123 0.25646491 0.25763051 0.25892826 0.26041187 0.26215349 0.26425069 0.26683583 0.27008857 0.27425179 0.27965043 0.28671047 0.29597122 0.30807652 0.32372198 0.34353072 0.36784666 0.39648827 0.42858746 0.46267238 0.49704324 0.53027411 0.56156302 0.59077831 0.61826769 0.64459725 0.67034375 0.69597782 0.72182181 0.74805138 0.77471628 0.80176528 0.8290685 0.85643525 0.88362817 0.91037528
0.21835971 0.22026052 0.22211494 0.22392258 0.22568314 0.22739644 0.2290624 0.23068108 0.23225269 0.23377757 0.23525624 0.23668944 0.23807807 0.23942334 0.2407267 0.24198996 0.24321532 0.24440546 0.24556363 0.24669381 0.24780085 0.24889067 0.24997064 0.25104989 0.25213983 0.25325489 0.25441343 0.25563895 0.25696184 0.25842167 0.26007027 0.26197598 0.26422924 0.26695007 0.27029761 0.27448197 0.27977773 0.28653714 0.29519838 0.30627994 0.32034691 0.33793215 0.35940164 0.38478043 0.41360156 0.44487906 0.47727961 0.50945688 0.54039326 0.56958533 0.59702231 0.62302773 0.64807167 0.67262487 0.69707472 0.72169245 0.74663184 0.771943 0.79759068 0.82347157 0.84942893 0.87526439 0.90074805 0.92562797
0.21820408 0.22010334 0.2219576 0.22376661 0.22553025 0.22724854 0.22892162 0.23054981 0.23213361 0.23367372 0.23517106 0.23662683 0.23804253 0.23942002 0.24076159 0.24207004 0.24334878 0.24460196 0.24583468 0.24705314 0.24826502 0.24947978 0.25070919 0.25196799 0.2532747 0.25465281 0.25613227 0.25775147 0.25955989 0.26162164 0.26401995 0.26686308 0.27029162 0.27448733 0.27968282 0.28617078 0.29430961 0.30451957 0.3172609 0.33298272 0.352035 0.37454817 0.40031129 0.42870701 0.45876579 0.48935524 0.51944119 0.54830649 0.57564095 0.60149564 0.62615847 0.65001861 0.67346209 0.6968099 0.7202918 0.74404312 0.76811363 0.79248071 0.81706277 0.84173102 0.86631931 0.89063257 0.91445459 0.93755589
0.21805824 0.21996034 0.22181928 0.22363504 0.22540773 0.22713766 0.2288253 0.23047135 0.23207673 0.23364266 0.23517067 0.23666269 0.23812109 0.23954875 0.24094922 0.24232681 0.24368679 0.24503558 0.24638106 0.24773292 0.24910309 0.25050641 0.25196136 0.25349108 0.25512471 0.25689911 0.25886109 0.26107028 0.26360284 0.26655601 0.27005377 0.27425338 0.27935239 0.28559518 0.29327667 0.30273974 0.31436059 0.32851517 0.34552091 0.36555439 0.38855933 0.41417747 0.44174494 0.47038251 0.49916554 0.52731308 0.55432217 0.58000567 0.60444267 0.62788299 0.65064862 0.67305761 0.69537753 0.71780405 0.74045674 0.76338435 0.78657416 0.80996224 0.83344285 0.8568766 0.88009747 0.90291924 0.92514175 0.94655749
0.21793722 0.21984787 0.22171784 0.22354739 0.22533701 0.22708738 0.22879945 0.23047446 0.23211398 0.23371997 0.23529486 0.23684164 0.23836395 0.2398662 0.2413538 0.2428333 0.24431269 0.24580175 0.24731246 0.24885955 0.25046121 0.25214001 0.25392402 0.25584828 0.25795672 0.26030446 0.26296081 0.26601285 0.26956976 0.27376766 0.2787748 0.28479607 0.2920756 0.30089486 0.31156273 0.32439304 0.33966561 0.35756992 0.378138 0.40118416 0.42627815 0.45277705 0.479922 0.50697562 0.53335283 0.55870072 0.58290954 0.60606744 0.628388 0.65013778 0.67158 0.6929388 0.71438162 0.73601436 0.75788415 0.77998593 0.80227008 0.82464989 0.84700825 0.86920351 0.89107476 0.91244695 0.93313601 0.95295426
0.21785911 0.21978568 0.22167487 0.22352737 0.22534414 0.22712644 0.22887588 0.23059446 0.23228466 0.23394951 0.23559274 0.23721883 0.23883324 0.24044259 0.24205491 0.24367994 0.24532956 0.24701824 0.24876374 0.2505878 0.25251723 0.25458511 0.25683234 0.25930961 0.26207973 0.26522048 0.26882791 0.27301998 0.27794029 0.28376137 0.29068639 0.29894778 0.30880037 0.32050611 0.33430768 0.35038984 0.36883129 0.38955646 0.41230297 0.43662333 0.46193235 0.48759503 0.51303103 0.53780271 0.56166135 0.58454525 0.60654145 0.62783086 0.64863445 0.6691709 0.68962883 0.710152 0.73083433 0.75172093 0.77281247 0.7940709 0.81542522 0.83677693 0.8580049 0.8789697 0.89951783 0.91948572 0.93870402 0.95700179
0.21784536 0.21979724 0.22171612 0.22360328 0.22546035 0.22728937 0.22909284 0.23087384 0.23263611 0.23438419 0.23612354 0.23786077 0.23960385 0.24136241 0.24314809 0.244975 0.24686027 0.2488247 0.25089369 0.25309823 0.25547621 0.258074 0.26094835 0.26416859 0.26781916 0.27200236 0.27684111 0.28248123 0.28909267 0.29686844 0.30601979 0.31676569 0.32931471 0.34383834 0.36043667 0.37910149 0.39968586 0.42189245 0.44529139 0.46937045 0.49360824 0.51755081 0.54086985 0.56338873 0.5850751 0.60600978 0.62634509 0.64626449 0.66595031 0.6855618 0.70522277 0.72501654 0.74498585 0.7651356 0.78543698 0.80583196 0.82623762 0.84655014 0.86664843 0.88639751 0.90565179 0.92425836 0.94206026 0.95889965
0.21792108 0.21991006 0.22187183 0.22380842 0.22572238 0.22761678 0.22949538 0.23136268 0.23322412 0.23508624 0.23695688 0.23884547 0.24076331 0.24272404 0.24474403 0.24684308 0.24904504 0.2513788 0.25387927 0.25658873 0.25955827 0.2628496 0.26653694 0.27070913 0.27547161 0.2809481 0.28728143 0.29463273 0.30317796 0.31310061 0.32457909 0.33776812 0.35277437 0.36962881 0.38826112 0.40848369 0.42999363 0.45239776 0.47525878 0.49815326 0.52072647 0.54273061 0.56403889 0.58463654 0.60459587 0.62404462 0.64313534 0.66202048 0.68083491 0.69968544 0.71864598 0.73775663 0.75702529 0.77643053 0.79592497 0.81543871 0.83488261 0.85415122 0.87312559 0.89167585 0.90966384 0.92694557 0.94337362 0.95879918
0.21811517 0.22015586 0.22217684 0.22418117 0.22617258 0.22815552 0.23013536 0.2321185 0.23411261 0.2361268 0.23817202 0.24026129 0.2424102 0.24463741 0.24696525 0.24942046 0.25203509 0.25484754 0.25790373 0.26125851 0.26497712 0.26913678 0.27382816 0.27915662 0.28524272 0.29222162 0.30024061 0.30945389 0.32001374 0.33205743 0.34568986 0.36096313 0.37785607 0.39625835 0.41596505 0.4366863 0.45807369 0.47975974 0.50140237 0.5227237 0.54353509 0.5637443 0.58334666 0.60240536 0.62102721 0.6393392 0.65746912 0.67553141 0.69361834 0.7117954 0.73009992 0.74854179 0.76710537 0.78575203 0.80442278 0.82304089 0.84151431 0.85973793 0.87759571 0.89496262 0.9117066 0.92769026 0.94277235 0.95680855
0.21846031 0.22057046 0.2226705 0.2247648 0.22685861 0.22895816 0.23107085 0.2332055 0.23537255 0.23758441 0.23985581 0.24220423 0.24465046 0.24721917 0.24993965 0.25284669 0.25598148 0.25939272 0.26313778 0.26728386 0.27190912 0.27710356 0.28296936 0.28962045 0.29718067 0.30578003 0.31554846 0.3266065 0.33905289 0.35294955 0.36830567 0.38506377 0.40309143 0.42218254 0.44207053 0.46245302 0.4830241 0.50350772 0.52368516 0.54341127 0.56261787 0.58130572 0.5995291 0.61737711 0.63495557 0.65237175 0.66972294 0.68708886 0.70452745 0.72207318 0.73973714 0.7575082 0.77535486 0.79322723 0.81105911 0.82876994 0.8462666 0.86344513 0.88019221 0.89638667 0.9119006 0.92660037 0.94034687 0.95299498
0.21899264 0.22119342 0.22339615 0.22560685 0.22783265 0.23008196 0.23236473 0.23469269 0.23707968 0.23954202 0.24209893 0.2447731 0.24759123 0.25058475 0.25379054 0.25725184 0.26101909 0.26515086 0.26971466 0.27478763 0.28045671 0.28681833 0.29397708 0.30204294 0.31112685 0.32133403 0.332755 0.34545462 0.35945992 0.3747485 0.39123996 0.40879303 0.42721068 0.44625414 0.46566448 0.48518826 0.50460241 0.52373353 0.54246863 0.56075632 0.57859998 0.59604557 0.61316726 0.63005326 0.64679372 0.66347139 0.68015517 0.69689621 0.71372608 0.73065641 0.74767956 0.76476978 0.78188479 0.79896729 0.81594655 0.83273986 0.84925381 0.86538553 0.88102365 0.89604914 0.91033578 0.92375008 0.93615027 0.94738385
0.21975114 0.22206724 0.22440014 0.22675786 0.2291498 0.23158698 0.23408234 0.23665104 0.23931082 0.24208244 0.24499018 0.24806237 0.25133201 0.25483746 0.25862309 0.26274002 0.2672467 0.27220939 0.27770238 0.28380762 0.29061377 0.29821422 0.30670383 0.31617409 0.32670668 0.33836533 0.35118667 0.36517093 0.38027409 0.39640334 0.41341767 0.43113488 0.44934486 0.46782771 0.4863738 0.5048022 0.52297435 0.54080112 0.55824292 0.57530398 0.59202281 0.60846098 0.62469201 0.64079169 0.65683043 0.67286771 0.68894855 0.70510164 0.7213387 0.73765464 0.75402839 0.77042395 0.78679155 0.80306891 0.81918228 0.83504753 0.85057098 0.86565015 0.88017416 0.89402389 0.90707153 0.91917926 0.93019651 0.93995496
0.22077656 0.22323607 0.22573028 0.22826953 0.23086584 0.23353324 0.23628804 0.23914919 0.2421387 0.24528208 0.24860883 0.25215296 0.25595352 0.26005519 0.26450867 0.26937107 0.27470603 0.28058349 0.28707892 0.29427185 0.30224356 0.31107347 0.32083448 0.33158699 0.34337193 0.35620356 0.37006265 0.3848917 0.40059316 0.41703215 0.43404389 0.45144565 0.46905155 0.48668805 0.50420766 0.52149863 0.53848969 0.55514959 0.5714824 0.58752003 0.60331344 0.61892385 0.63441498 0.64984668 0.66527022 0.6807251 0.6962372 0.71181788 0.72746395 0.74315806 0.75886938 0.77455452 0.79015837 0.80561498 0.82084829 0.83577278 0.8502939 0.86430822 0.87770331 0.89035694 0.90213553 0.91289115 0.92245642 0.93063582
0.22210991 0.22474391 0.22743365 0.23019206 0.23303408 0.23597698 0.23904067 0.24224809 0.24562556 0.24920326 0.2530156 0.25710162 0.26150543 0.26627637 0.27146914 0.27714361 0.28336427 0.2901991 0.29771785 0.30598945 0.31507852 0.32504097 0.33591878 0.34773435 0.36048496 0.3741382 0.3886293 0.40386132 0.41970882 0.43602506 0.4526523 0.46943371 0.48622529 0.50290606 0.51938502 0.53560436 0.55153874 0.56719153 0.58258889 0.59777281 0.61279421 0.62770658 0.64256074 0.65740077 0.67226119 0.68716512 0.70212334 0.71713393 0.73218245 0.74724237 0.7622756 0.77723318 0.79205588 0.80667469 0.82101128 0.83497817 0.84847871 0.86140665 0.87364515 0.88506497 0.89552126 0.90484837 0.91285125 0.91929155
0.22379045 0.22663222 0.2295538 0.23257086 0.2357014 0.23896601 0.24238819 0.24599468 0.24981582 0.25388583 0.25824308 0.26293034 0.26799475 0.27348775 0.27946462 0.28598365 0.29310484 0.30088801 0.30939021 0.31866243 0.32874567 0.3396666 0.35143309 0.36403022 0.37741735 0.39152706 0.40626641 0.42152098 0.43716148 0.45305234 0.46906121 0.48506816 0.50097329 0.51670174 0.53220592 0.54746474 0.56248058 0.5772746 0.59188127 0.60634282 0.62070405 0.63500801 0.6492925 0.66358752 0.67791356 0.69228054 0.7066874 0.72112195 0.73556113 0.74997131 0.76430877 0.77852002 0.79254223 0.80630338 0.8197223 0.83270844 0.84516126 0.85696902 0.86800677 0.87813302 0.88718441 0.89496721 0.90124369 0.90571019
0.22585325 0.22893711 0.23212744 0.23544271 0.23890388 0.24253468 0.24636184 0.25041538 0.2547288 0.25933919 0.26428733 0.26961754 0.27537735 0.28161689 0.28838791 0.29574236 0.30373045 0.31239822 0.32178455 0.33191785 0.34281248 0.35446537 0.36685333 0.3799313 0.39363235 0.40786957 0.42254002 0.43753054 0.45272486 0.46801115 0.48328905 0.49847544 0.51350813 0.52834735 0.54297509 0.55739264 0.57161685 0.58567585 0.59960451 0.61344026 0.62721944 0.64097433 0.65473085 0.66850695 0.68231159 0.69614412 0.7099941 0.72384126 0.7376557 0.7513981 0.76501996 0.77846377 0.79166308 0.80454231 0.81701644 0.82899013 0.84035645 0.85099466 0.8607668 0.86951224 0.87703932 0.88311206 0.8874291 0.88959038
0.2283264 0.2316861 0.23518085 0.23883169 0.24266222 0.24669879 0.25097067 0.25551015 0.26035255 0.26553617 0.27110202 0.27709333 0.28355483 0.29053167 0.29806799 0.30620508 0.3149791 0.32441856 0.33454147 0.34535264 0.35684115 0.36897861 0.38171834 0.39499599 0.40873167 0.42283362 0.43720325 0.45174087 0.46635171 0.4809514 0.49547023 0.509856 0.52407501 0.53811149 0.55196562 0.56565058 0.57918913 0.59260992 0.60594408 0.61922216 0.63247156 0.64571452 0.6589666 0.67223565 0.68552119 0.69881403 0.71209615 0.72534071 0.73851214 0.7515662 0.76445002 0.77710202 0.78945163 0.80141877 0.81291293 0.82383171 0.83405853 0.84345916 0.85187629 0.85912141 0.86496214 0.86910295 0.8711564 0.87060512
0.23122814 0.23489498 0.23872633 0.24274533 0.2469776 0.2514513 0.25619712 0.26124823 0.2666401 0.27241011 0.27859702 0.28524013 0.2923782 0.30004808 0.30828298 0.31711049 0.32655039 0.33661245 0.34729428 0.35857962 0.37043724 0.38282078 0.39566972 0.40891151 0.4224649 0.43624417 0.45016377 0.46414316 0.47811094 0.49200825 0.5057908 0.51942963 0.53291064 0.54623296 0.55940664 0.57244988 0.58538606 0.59824093 0.61104001 0.6238064 0.63655902 0.64931115 0.6620695 0.6748335 0.68759485 0.70033731 0.71303658 0.72566023 0.73816767 0.75051009 0.76263019 0.77446188 0.7859296 0.79694733 0.80741708 0.81722653 0.82624565 0.83432153 0.84127081 0.84686861 0.85083288 0.85280521 0.85233838 0.8489378
0.23456415 0.23856488 0.24275913 0.24717147 0.25182863 0.25675942 0.2619946 0.26756657 0.27350898 0.27985609 0.28664193 0.2938993 0.30165838 0.30994529 0.31878031 0.32817617 0.33813619 0.34865281 0.35970635 0.37126451 0.38328254 0.39570439 0.40846477 0.42149202 0.43471165 0.44805016 0.46143876 0.47481675 0.48813397 0.50135251 0.51444715 0.52740501 0.5402243 0.55291239 0.56548361 0.57795688 0.5903533 0.60269406 0.61499846 0.62728238 0.63955702 0.65182789 0.66409415 0.67634812 0.68857493 0.70075236 0.71285064 0.72483236 0.7366522 0.74825674 0.75958392 0.77056242 0.78111057 0.79113485 0.8005277 0.80916432 0.81689826 0.8235552 0.82892508 0.83275374 0.83474089 0.83456868 0.83203447 0.82746083
0.23832532 0.24268006 0.2472554 0.25207643 0.25716988 0.2625639 0.26828777 0.27437139 0.28084466 0.28773667 0.29507472 0.30288312 0.31118186 0.31998518 0.32930015 0.33912528 0.3494494 0.36025096 0.37149778 0.38314753 0.3951489 0.40744346 0.41996816 0.43265827 0.44545045 0.45828574 0.47111215 0.48388668 0.49657649 0.5091594 0.52162347 0.53396604 0.54619221 0.55831307 0.5703437 0.58230124 0.59420308 0.60606518 0.61790071 0.62971888 0.64152403 0.65331492 0.66508425 0.67681824 0.68849636 0.70009113 0.71156787 0.72288442 0.73399086 0.74482895 0.75533148 0.76542125 0.77500971 0.78399508 0.79225986 0.7996677 0.80606007 0.81125407 0.8150464 0.81723755 0.81771312 0.8166619 0.81501717 0.81486473
0.24248638 0.24720677 0.25217143 0.25740488 0.26293262 0.2687808 0.27497569 0.28154309 0.28850755 0.29589144 0.30371394 0.3119899 0.32072866 0.32993286 0.33959751 0.34970913 0.36024536 0.371175 0.38245859 0.39404952 0.4058957 0.41794175 0.43013132 0.44240968 0.45472603 0.4670356 0.47930121 0.49149421 0.50359481 0.51559181 0.52748182 0.539268 0.55095868 0.56256569 0.57410275 0.58558395 0.5970223 0.60842854 0.61981004 0.63116998 0.64250667 0.65381301 0.66507607 0.67627675 0.68738955 0.69838222 0.70921555 0.7198429 0.73020984 0.74025343 0.74990144 0.75907136 0.76766914 0.77558796 0.78270762 0.78889572 0.79401474 0.79794368 0.80063485 0.8022451 0.80338369 0.8053842 0.81003101 0.81801035
